0 0
0 1
1 1
2 1
3 1
2 1
2 0
3 0
3 1
3 0
3 1
2 1
3 1
3 0
2 0
2 1
2 0
2 1
2 2
2 3
1 3
1 2
0 2
0 1
1 1
0 1
1 1
2 1
2 0
2 1
1 1
1 0
1 1
1 0
1 1
0 1
0 2
1 2
1 1
1 0
0 0
0 1
1 1
1 0
1 1
2 1
1 1
1 2
1 1
2 1
3 1
3 0
2 0
2 1
3 1
3 0
4 0
3 0
2 0
1 0
1 1
2 1
2 0
2 1
2 2
3 2
3 3
3 4
3 5
3 6
3 7
2 7
1 7
2 7
2 6
2 7
2 6
1 6
1 7
2 7
3 7
3 8
3 9
4 9
5 9
5 10
5 11
5 12
6 12
6 11
5 11
5 10
5 11
5 10
4 10
5 10
4 10
4 9
5 9
5 8
5 7
5 8
6 8
6 7
7 7
7 6
8 6
8 5
8 6
8 7
8 8
7 8
8 8
7 8
8 8
8 9
8 8
8 7
7 7
7 6
6 6
7 6
7 5
7 4
6 4
5 4
5 5
4 5
5 5
5 4
5 3
6 3
7 3
7 2
6 2
5 2
6 2
6 1
5 1
4 1
5 1
6 1
6 0
5 0
5 1
5 0
4 0
4 1
4 0
4 1
5 1
6 1
6 0
6 1
5 1
5 2
4 2
5 2
5 3
5 4
4 4
4 3
4 2
4 1
4 2
3 2
2 2
2 3
2 4
2 3
1 3
1 4
2 4
3 4
3 5
3 4
3 5
3 4
3 5
3 6
3 7
2 7
1 7
1 6
0 6
1 6
1 5
0 5
1 5
0 5
1 5
2 5
2 4
1 4
1 3
1 2
1 1
0 1
1 1
2 1
1 1
1 2
0 2
0 1
0 0
1 0
2 0
2 1
1 1
1 2
1 1
0 1
1 1
2 1
1 1
0 1
0 2
1 2
1 3
1 2
1 3
1 4
2 4
2 3
3 3
4 3
4 4
5 4
4 4
3 4
3 5
3 6
3 7
3 8
3 7
3 8
3 7
4 7
5 7
5 6
5 7
5 8
5 7
4 7
5 7
4 7
5 7
4 7
5 7
4 7
5 7
5 8
5 9
5 10
6 10
5 10
6 10
7 10
7 9
7 10
7 9
7 10
7 9
7 10
6 10
5 10
6 10
6 9
6 8
6 9
7 9
8 9
7 9
7 8
7 9
7 10
7 9
8 9
8 10
9 10
9 9
8 9
9 9
9 10
10 10
10 9
9 9
9 10
9 9
10 9
9 9
8 9
8 10
8 9
7 9
7 10
7 9
8 9
7 9
8 9
8 8
8 7
7 7
8 7
9 7
9 8
9 9
9 10
10 10
9 10
10 10
10 9
9 9
10 9
11 9
10 9
9 9
8 9
8 8
8 7
8 8
9 8
9 9
9 10
8 10
8 9
8 10
8 9
9 9
8 9
7 9
8 9
9 9
9 8
9 7
8 7
9 7
8 7
7 7
7 6
6 6
5 6
6 6
7 6
6 6
6 5
6 4
6 5
6 4
6 3
6 2
7 2
7 3
7 2
7 1
8 1
9 1
8 1
9 1
10 1
10 0
11 0
11 1
11 2
11 1
11 2
11 1
11 2
11 3
11 4
12 4
12 3
12 4
12 3
12 2
11 2
10 2
11 2
12 2
12 3
13 3
13 2
13 3
14 3
14 2
14 1
13 1
13 0
13 1
12 1
12 2
13 2
13 1
14 1
13 1
13 2
12 2
13 2
13 1
13 2
12 2
12 1
11 1
11 2
11 3
11 4
11 5
10 5
11 5
11 6
11 5
11 6
12 6
12 7
13 7
13 8
13 9
13 8
12 8
13 8
13 7
13 8
13 9
12 9
12 8
11 8
11 9
10 9
9 9
10 9
10 10
10 11
10 10
10 9
11 9
10 9
10 10
10 9
9 9
9 8
9 9
10 9
9 9
9 10
9 9
10 9
10 10
11 10
11 11
10 11
10 10
10 11
9 11
10 11
10 10
10 11
10 10
9 10
10 10
9 10
10 10
10 9
10 8
9 8
9 7
9 6
9 7
9 6
8 6
8 7
8 6
8 5
9 5
10 5
10 6
11 6
10 6
11 6
11 7
11 8
12 8
11 8
10 8
10 7
9 7
9 8
8 8
7 8
6 8
6 7
7 7
7 6
8 6
7 6
7 5
6 5
5 5
6 5
6 6
6 7
6 6
5 6
4 6
3 6
4 6
4 7
3 7
4 7
4 8
4 9
5 9
6 9
5 9
6 9
6 8
6 9
7 9
6 9
6 10
6 9
5 9
5 10
5 11
6 11
6 10
6 9
7 9
7 10
7 11
7 12
7 13
6 13
6 12
6 13
5 13
5 12
5 13
5 12
6 12
5 12
5 11
4 11
5 11
5 10
6 10
7 10
7 11
7 10
6 10
6 11
7 11
8 11
8 10
9 10
9 9
10 9
10 10
10 11
11 11
12 11
12 12
12 13
13 13
13 12
14 12
15 12
14 12
14 11
13 11
13 12
13 11
12 11
12 12
13 12
13 11
13 10
14 10
14 11
14 12
14 11
14 12
14 11
15 11
15 12
15 13
16 13
15 13
16 13
16 12
15 12
15 13
16 13
16 14
17 14
18 14
18 15
18 14
17 14
17 15
17 14
18 14
17 14
17 15
17 14
18 14
18 15
18 14
17 14
17 15
18 15
18 16
18 17
18 18
18 17
18 18
19 18
19 19
19 18
18 18
19 18
18 18
17 18
18 18
18 17
18 18
18 17
19 17
19 16
20 16
20 17
20 16
20 17
19 17
19 16
18 16
18 15
18 16
18 15
17 15
17 14
17 15
16 15
17 15
16 15
17 15
16 15
16 14
16 15
17 15
18 15
18 14
18 13
18 14
18 15
19 15
20 15
19 15
18 15
19 15
18 15
19 15
19 16
19 15
19 14
20 14
19 14
20 14
20 13
21 13
20 13
20 12
20 11
20 12
20 13
19 13
19 14
20 14
19 14
20 14
19 14
20 14
20 15
20 16
21 16
20 16
19 16
18 16
18 15
18 16
17 16
17 15
17 14
17 15
17 14
17 13
18 13
19 13
20 13
20 12
21 12
22 12
23 12
22 12
23 12
24 12
23 12
24 12
25 12
26 12
27 12
26 12
26 11
27 11
27 12
28 12
29 12
29 13
30 13
31 13
31 14
30 14
30 15
29 15
29 14
29 13
29 14
28 14
28 13
28 14
27 14
28 14
28 13
28 14
29 14
28 14
28 13
29 13
29 12
28 12
29 12
30 12
30 13
29 13
30 13
30 14
30 15
29 15
30 15
30 16
29 16
29 17
30 17
29 17
28 17
28 18
28 19
27 19
26 19
25 19
25 20
25 19
25 18
24 18
24 19
24 18
23 18
23 17
23 16
23 15
23 16
22 16
21 16
20 16
19 16
19 15
19 16
19 15
19 14
19 15
20 15
19 15
19 16
19 17
18 17
17 17
16 17
15 17
15 16
16 16
17 16
17 15
17 14
17 13
18 13
17 13
17 12
16 12
16 13
17 13
17 12
16 12
15 12
14 12
15 12
16 12
16 13
16 12
16 11
17 11
17 10
16 10
16 9
15 9
15 10
15 11
16 11
15 11
15 12
16 12
15 12
15 11
16 11
16 10
16 11
16 10
17 10
16 10
15 10
16 10
15 10
16 10
16 9
17 9
17 10
18 10
17 10
17 9
18 9
18 8
18 7
19 7
18 7
18 8
18 9
19 9
19 10
18 10
18 11
18 10
18 11
19 11
19 12
19 11
19 12
18 12
17 12
17 11
16 11
17 11
17 12
17 11
16 11
16 10
16 11
16 10
15 10
15 11
15 12
15 13
16 13
15 13
15 14
14 14
14 15
15 15
15 16
15 15
15 14
14 14
14 13
15 13
16 13
17 13
17 12
18 12
19 12
19 13
19 12
19 13
19 12
19 11
19 12
19 13
20 13
21 13
21 14
21 15
21 14
22 14
21 14
20 14
20 13
20 12
20 13
20 12
20 13
20 12
21 12
20 12
20 11
20 10
21 10
22 10
22 9
22 10
22 9
21 9
21 8
22 8
22 7
22 6
23 6
23 7
23 8
23 9
23 8
22 8
22 9
21 9
20 9
21 9
22 9
21 9
21 8
22 8
22 9
22 8
22 9
23 9
22 9
23 9
22 9
22 10
21 10
21 9
22 9
22 10
22 9
21 9
21 8
22 8
22 7
22 6
23 6
24 6
23 6
22 6
21 6
22 6
23 6
23 5
22 5
22 4
21 4
22 4
22 3
22 4
21 4
21 5
20 5
20 4
20 3
19 3
18 3
18 2
17 2
17 3
17 2
16 2
15 2
15 3
14 3
14 4
14 5
14 6
14 5
13 5
12 5
12 6
11 6
11 5
10 5
9 5
9 6
9 7
8 7
8 6
8 7
7 7
8 7
