0 0
0 1
0 2
0 1
1 1
1 2
1 3
1 2
0 2
1 2
2 2
3 2
4 2
4 1
4 2
3 2
2 2
2 1
2 2
2 1
2 2
2 1
2 2
1 2
0 2
1 2
1 1
0 1
1 1
2 1
1 1
1 0
1 1
1 2
0 2
0 1
0 0
1 0
0 0
0 1
0 0
1 0
2 0
2 1
3 1
2 1
3 1
4 1
3 1
3 2
3 3
2 3
3 3
3 2
2 2
2 1
3 1
3 0
4 0
3 0
2 0
3 0
3 1
2 1
3 1
2 1
1 1
2 1
3 1
2 1
3 1
3 0
2 0
2 1
1 1
1 0
0 0
1 0
2 0
1 0
1 1
1 2
0 2
1 2
2 2
2 1
2 0
2 1
3 1
3 2
2 2
2 1
1 1
1 0
2 0
2 1
2 2
2 3
2 2
2 1
2 2
2 3
3 3
3 2
4 2
3 2
2 2
2 3
3 3
3 2
4 2
4 1
5 1
5 0
5 1
6 1
6 2
5 2
5 3
5 2
6 2
7 2
7 3
6 3
7 3
7 2
6 2
6 1
5 1
4 1
3 1
3 2
3 1
4 1
4 2
3 2
3 3
3 4
2 4
2 5
3 5
3 4
4 4
4 5
5 5
5 6
5 5
5 4
6 4
6 5
5 5
6 5
6 6
6 7
6 6
5 6
4 6
4 7
4 6
3 6
4 6
3 6
2 6
2 7
2 6
3 6
4 6
4 5
4 6
3 6
4 6
3 6
3 7
4 7
3 7
2 7
2 8
2 9
1 9
1 10
1 9
2 9
3 9
3 10
2 10
1 10
2 10
1 10
1 9
1 8
1 9
0 9
0 10
1 10
1 11
2 11
3 11
2 11
2 12
2 13
2 14
2 15
1 15
0 15
0 16
1 16
1 17
1 18
1 17
2 17
2 16
2 17
2 18
2 19
2 18
2 19
2 20
2 21
1 21
0 21
1 21
0 21
0 22
1 22
1 23
1 24
1 23
0 23
1 23
2 23
3 23
4 23
3 23
4 23
5 23
5 24
6 24
7 24
8 24
8 25
8 26
8 27
8 28
9 28
8 28
9 28
10 28
10 29
9 29
8 29
9 29
10 29
10 30
10 31
11 31
12 31
12 32
13 32
12 32
12 33
12 32
12 31
13 31
14 31
13 31
13 30
13 29
13 30
12 30
11 30
11 31
10 31
11 31
11 32
11 31
12 31
11 31
12 31
12 32
13 32
12 32
12 33
11 33
11 34
11 33
12 33
11 33
10 33
9 33
10 33
11 33
12 33
13 33
12 33
11 33
11 34
11 35
10 35
10 36
10 35
9 35
9 34
10 34
10 33
10 34
10 33
11 33
10 33
11 33
11 34
10 34
9 34
9 35
8 35
9 35
9 34
10 34
9 34
10 34
10 33
10 32
9 32
9 33
9 34
9 33
8 33
8 34
8 35
8 36
8 37
8 38
9 38
8 38
7 38
7 39
8 39
7 39
7 40
8 40
7 40
8 40
8 39
7 39
7 40
7 41
6 41
6 40
5 40
5 41
4 41
5 41
5 42
6 42
6 43
6 44
6 43
5 43
6 43
5 43
4 43
5 43
6 43
7 43
7 42
6 42
6 41
6 40
7 40
7 41
7 40
6 40
6 41
6 40
5 40
5 41
4 41
4 40
4 39
5 39
5 38
5 39
6 39
5 39
5 38
6 38
5 38
5 39
5 40
5 41
6 41
6 42
6 43
7 43
8 43
8 42
8 41
7 41
7 42
7 43
7 44
6 44
5 44
4 44
5 44
5 45
6 45
5 45
6 45
5 45
5 44
6 44
6 43
6 42
6 43
5 43
6 43
6 42
6 41
6 42
5 42
4 42
5 42
4 42
5 42
5 41
5 42
5 41
6 41
6 42
6 43
7 43
7 42
7 41
7 40
7 39
7 38
6 38
6 39
6 38
6 37
6 38
6 39
6 38
5 38
4 38
3 38
3 37
3 38
3 39
3 38
2 38
2 37
2 36
2 37
2 38
1 38
1 39
1 38
2 38
2 39
3 39
2 39
3 39
3 40
3 39
2 39
3 39
2 39
1 39
1 40
2 40
2 39
3 39
3 38
3 39
2 39
2 40
2 39
2 38
3 38
3 37
2 37
1 37
2 37
1 37
0 37
0 38
0 37
0 38
0 39
1 39
1 40
1 41
1 42
0 42
1 42
0 42
1 42
2 42
1 42
0 42
0 41
1 41
0 41
1 41
2 41
2 40
2 41
1 41
0 41
0 40
0 39
0 38
0 37
0 36
0 37
1 37
1 38
2 38
3 38
3 39
2 39
2 38
1 38
2 38
1 38
1 37
1 38
2 38
2 39
1 39
1 40
2 40
2 39
1 39
1 40
0 40
1 40
1 39
1 40
0 40
0 39
1 39
1 38
1 37
0 37
0 38
0 39
0 38
1 38
2 38
2 37
1 37
1 36
0 36
0 35
1 35
2 35
2 36
3 36
3 37
2 37
2 36
2 35
2 34
2 35
1 35
0 35
1 35
0 35
0 34
0 33
1 33
2 33
2 32
2 33
3 33
3 34
2 34
1 34
1 33
1 32
0 32
0 33
1 33
0 33
1 33
2 33
3 33
4 33
5 33
5 32
4 32
4 33
4 34
4 35
4 36
3 36
3 37
2 37
2 36
2 35
3 35
3 36
4 36
4 37
5 37
5 38
6 38
6 39
7 39
7 38
8 38
8 39
9 39
8 39
9 39
10 39
9 39
8 39
7 39
7 40
7 41
7 40
6 40
5 40
4 40
5 40
4 40
5 40
4 40
4 39
3 39
3 38
4 38
4 39
5 39
5 40
4 40
5 40
5 39
4 39
4 38
4 37
4 36
3 36
3 37
2 37
3 37
3 38
3 39
3 40
2 40
2 39
3 39
3 40
4 40
4 41
3 41
4 41
4 42
4 43
4 44
4 45
4 46
3 46
3 47
2 47
2 48
1 48
1 47
1 48
2 48
3 48
2 48
2 49
3 49
3 48
3 47
3 48
2 48
3 48
4 48
5 48
5 49
5 50
5 49
6 49
6 48
6 47
5 47
5 46
6 46
6 45
7 45
7 46
6 46
6 45
5 45
5 44
5 43
4 43
4 44
4 43
4 44
5 44
6 44
6 43
5 43
5 44
5 45
4 45
4 44
4 45
5 45
6 45
6 44
6 43
5 43
4 43
5 43
5 42
4 42
5 42
4 42
4 41
4 40
4 41
5 41
5 42
4 42
5 42
6 42
7 42
7 41
7 40
7 39
7 40
7 41
7 42
7 43
8 43
9 43
9 44
8 44
8 45
8 44
8 45
8 44
8 43
9 43
9 44
9 43
8 43
7 43
7 44
7 45
7 44
7 43
6 43
5 43
4 43
3 43
4 43
3 43
4 43
4 44
4 43
4 42
4 43
3 43
3 44
4 44
4 43
3 43
3 44
2 44
1 44
2 44
1 44
1 43
1 44
1 45
1 46
2 46
2 45
1 45
1 46
1 45
0 45
1 45
1 44
2 44
1 44
1 45
0 45
1 45
2 45
2 46
3 46
3 45
3 44
3 43
4 43
5 43
5 42
5 41
5 40
5 41
4 41
5 41
6 41
6 40
6 41
6 42
6 43
5 43
5 42
5 41
4 41
5 41
5 40
6 40
6 39
7 39
7 38
8 38
9 38
9 39
9 38
9 37
8 37
8 36
8 37
8 38
8 37
8 38
7 38
7 37
7 36
8 36
8 35
7 35
7 34
8 34
7 34
6 34
7 34
6 34
7 34
7 35
7 36
7 37
7 38
8 38
9 38
9 37
9 38
9 39
10 39
10 38
10 39
9 39
9 40
10 40
10 41
11 41
11 42
10 42
10 43
11 43
11 42
11 41
11 42
12 42
12 41
12 42
11 42
10 42
9 42
10 42
11 42
11 43
10 43
11 43
11 44
11 45
12 45
13 45
12 45
13 45
13 46
14 46
13 46
14 46
14 47
13 47
12 47
12 48
11 48
10 48
9 48
9 47
9 48
9 49
9 48
10 48
11 48
10 48
11 48
11 49
12 49
12 50
12 51
12 52
12 51
11 51
11 52
12 52
12 51
13 51
14 51
14 52
15 52
15 53
14 53
14 54
15 54
15 55
15 54
16 54
16 55
16 56
16 55
16 56
16 55
15 55
14 55
14 54
15 54
15 55
15 54
16 54
16 55
17 55
16 55
15 55
15 56
16 56
16 57
15 57
16 57
16 58
16 59
16 60
16 59
16 58
16 57
15 57
15 58
15 57
15 58
15 57
14 57
14 56
15 56
15 57
15 58
15 59
14 59
15 59
14 59
13 59
14 59
13 59
13 58
12 58
11 58
10 58
10 59
10 58
9 58
8 58
9 58
9 57
9 56
9 57
9 56
9 57
8 57
8 58
9 58
9 57
9 56
8 56
9 56
10 56
11 56
11 55
10 55
