0 0
1 0
1 1
2 1
3 1
4 1
3 1
3 2
3 3
3 4
3 3
4 3
4 4
4 5
4 4
5 4
5 3
4 3
4 2
3 2
3 3
3 4
3 5
3 6
3 5
4 5
5 5
4 5
4 6
5 6
5 5
5 6
6 6
7 6
6 6
5 6
5 7
4 7
3 7
4 7
4 6
4 5
4 6
4 7
5 7
5 6
4 6
3 6
3 7
3 8
4 8
3 8
4 8
3 8
3 7
3 6
4 6
3 6
2 6
2 7
1 7
1 8
1 9
2 9
1 9
0 9
0 8
0 7
0 6
0 7
1 7
2 7
1 7
1 8
1 7
0 7
1 7
1 8
1 9
2 9
2 8
2 7
3 7
3 8
3 9
2 9
1 9
0 9
0 8
1 8
2 8
2 7
1 7
1 8
0 8
0 7
0 8
1 8
1 9
1 8
1 7
0 7
0 8
0 7
1 7
0 7
0 6
1 6
1 7
0 7
0 6
0 5
1 5
1 4
2 4
2 5
2 4
3 4
3 3
3 4
3 3
4 3
4 4
4 5
5 5
4 5
4 4
4 3
4 2
5 2
5 1
5 0
6 0
7 0
6 0
5 0
6 0
6 1
6 2
6 3
5 3
6 3
7 3
6 3
6 4
5 4
6 4
6 5
6 4
7 4
8 4
8 3
9 3
9 2
9 1
10 1
10 2
11 2
11 3
12 3
13 3
14 3
13 3
13 2
14 2
14 1
15 1
14 1
14 2
15 2
15 1
14 1
14 0
14 1
14 2
15 2
14 2
13 2
14 2
15 2
15 1
14 1
14 0
14 1
13 1
13 0
13 1
13 2
14 2
14 3
15 3
16 3
16 2
16 1
17 1
17 0
17 1
18 1
18 0
17 0
17 1
17 2
17 1
17 0
18 0
18 1
19 1
19 2
18 2
18 3
19 3
19 2
19 1
18 1
17 1
17 2
17 3
17 2
16 2
16 1
16 2
16 3
15 3
15 4
14 4
14 5
14 6
13 6
12 6
11 6
10 6
10 7
11 7
11 8
11 7
12 7
11 7
10 7
10 8
10 9
10 10
11 10
11 11
11 10
12 10
12 11
12 12
12 13
11 13
10 13
10 12
10 13
11 13
11 14
11 15
11 16
12 16
11 16
10 16
9 16
8 16
8 17
8 16
7 16
6 16
5 16
6 16
5 16
5 17
5 16
5 15
4 15
3 15
3 16
4 16
4 15
4 14
4 13
4 12
5 12
6 12
6 11
6 10
6 9
6 10
5 10
6 10
7 10
7 9
8 9
7 9
7 8
7 9
7 10
6 10
6 11
6 10
7 10
6 10
6 11
7 11
7 10
8 10
9 10
9 9
9 8
9 9
8 9
9 9
8 9
8 10
8 11
8 12
8 13
8 12
8 13
8 12
9 12
10 12
11 12
11 11
12 11
11 11
10 11
10 10
10 11
9 11
9 10
8 10
8 9
8 8
8 9
8 10
8 11
9 11
9 12
9 13
9 12
9 11
9 10
10 10
10 11
11 11
11 12
11 13
11 14
11 13
12 13
11 13
11 12
12 12
12 11
11 11
10 11
10 10
10 11
10 10
10 9
10 10
10 9
11 9
11 8
12 8
11 8
10 8
10 7
9 7
8 7
8 8
9 8
8 8
8 7
7 7
8 7
7 7
6 7
6 8
7 8
7 9
8 9
8 8
9 8
10 8
10 9
9 9
10 9
11 9
11 8
11 7
12 7
12 6
11 6
11 5
12 5
12 6
12 7
11 7
12 7
12 6
12 7
13 7
14 7
13 7
14 7
14 8
13 8
13 9
13 10
13 11
13 10
13 11
13 12
13 11
14 11
14 10
13 10
13 11
13 10
13 11
13 10
12 10
12 11
12 10
12 9
11 9
12 9
12 10
13 10
13 9
14 9
14 8
15 8
14 8
13 8
13 7
13 6
12 6
12 7
13 7
12 7
11 7
11 8
11 9
10 9
10 10
11 10
12 10
12 11
13 11
13 12
14 12
14 13
13 13
13 12
14 12
14 11
14 12
13 12
13 11
12 11
11 11
11 12
11 11
12 11
11 11
10 11
9 11
10 11
11 11
11 10
11 11
11 10
10 10
10 11
10 12
11 12
11 11
11 10
11 11
10 11
10 10
11 10
10 10
11 10
10 10
10 9
10 8
11 8
11 9
11 8
11 7
10 7
10 6
11 6
12 6
12 7
11 7
11 8
11 9
10 9
10 10
11 10
12 10
12 9
13 9
13 10
13 11
14 11
15 11
15 12
14 12
14 13
15 13
16 13
15 13
14 13
14 12
15 12
15 13
16 13
16 12
16 13
17 13
18 13
18 12
19 12
20 12
21 12
21 11
22 11
22 12
23 12
22 12
22 13
21 13
20 13
20 14
20 13
20 12
20 11
21 11
20 11
21 11
21 12
21 13
21 14
21 13
21 14
22 14
21 14
20 14
20 15
21 15
22 15
21 15
21 14
21 13
20 13
20 14
19 14
20 14
20 15
21 15
21 16
21 15
22 15
22 16
21 16
20 16
20 17
20 18
20 17
20 16
20 15
19 15
19 16
18 16
17 16
17 17
16 17
16 18
16 17
15 17
14 17
15 17
16 17
17 17
18 17
17 17
16 17
16 18
15 18
14 18
15 18
15 17
16 17
15 17
15 18
15 19
15 18
14 18
14 19
15 19
15 18
16 18
16 17
16 18
17 18
18 18
18 19
18 20
19 20
19 21
20 21
20 20
20 19
20 20
21 20
22 20
22 19
21 19
22 19
21 19
20 19
21 19
22 19
22 18
21 18
22 18
23 18
22 18
21 18
20 18
20 17
20 18
19 18
19 19
19 18
19 17
19 16
19 17
20 17
20 18
21 18
21 19
21 18
22 18
21 18
22 18
23 18
23 19
24 19
24 20
23 20
23 19
23 20
23 21
22 21
21 21
22 21
23 21
23 22
23 23
24 23
24 24
23 24
22 24
23 24
23 23
23 24
23 23
23 22
24 22
24 21
23 21
24 21
24 22
25 22
25 21
25 22
25 23
25 22
25 21
26 21
26 20
26 19
26 18
26 19
25 19
25 20
26 20
27 20
26 20
27 20
27 19
28 19
29 19
30 19
29 19
29 20
29 19
29 20
28 20
27 20
27 19
26 19
26 20
25 20
26 20
27 20
27 19
28 19
29 19
29 18
29 19
29 18
30 18
30 17
30 18
29 18
28 18
28 19
28 18
28 19
27 19
27 20
26 20
26 21
26 20
25 20
24 20
24 21
24 20
24 21
23 21
24 21
24 22
24 23
25 23
26 23
25 23
25 22
24 22
23 22
23 23
23 24
23 23
24 23
23 23
23 22
22 22
22 21
23 21
24 21
25 21
26 21
26 20
27 20
27 21
27 20
26 20
27 20
26 20
26 21
26 20
26 19
26 20
26 19
26 20
25 20
25 21
24 21
25 21
24 21
23 21
23 22
23 23
24 23
24 22
25 22
25 23
25 22
24 22
24 23
24 24
23 24
24 24
24 25
23 25
23 26
22 26
22 25
21 25
21 24
21 25
21 24
20 24
19 24
19 25
20 25
19 25
20 25
20 26
21 26
20 26
21 26
22 26
22 27
22 28
22 27
22 28
23 28
23 27
23 26
22 26
21 26
22 26
23 26
23 27
23 26
23 25
24 25
23 25
24 25
24 26
24 27
23 27
23 28
22 28
22 27
23 27
23 26
22 26
22 25
21 25
21 26
21 25
22 25
21 25
22 25
21 25
21 26
21 25
20 25
20 26
20 27
19 27
19 26
19 25
19 26
20 26
20 27
19 27
18 27
18 28
17 28
17 29
17 30
17 29
17 28
17 29
17 28
17 29
17 28
16 28
16 27
16 26
17 26
17 27
18 27
19 27
19 26
20 26
21 26
21 27
21 26
21 27
21 28
20 28
20 29
20 30
20 31
21 31
22 31
23 31
22 31
21 31
22 31
23 31
22 31
21 31
21 30
20 30
19 30
19 29
20 29
20 30
19 30
20 30
21 30
21 29
20 29
19 29
19 28
19 29
19 28
19 27
19 28
20 28
21 28
20 28
20 27
19 27
19 28
19 27
20 27
20 28
20 27
19 27
18 27
19 27
19 28
18 28
18 29
18 30
18 31
17 31
17 32
18 32
17 32
16 32
16 31
16 32
15 32
15 33
15 32
15 33
15 32
15 33
14 33
13 33
12 33
13 33
12 33
12 32
12 33
13 33
14 33
13 33
14 33
13 33
13 32
13 33
13 32
14 32
14 31
15 31
15 30
15 31
16 31
17 31
18 31
18 32
18 33
17 33
17 32
17 33
17 32
17 33
18 33
19 33
20 33
19 33
20 33
20 34
19 34
19 33
19 32
20 32
21 32
22 32
21 32
21 31
20 31
19 31
20 31
21 31
22 31
21 31
21 30
20 30
21 30
21 31
21 32
20 32
20 31
19 31
19 30
19 29
19 30
