0 0
1 0
1 1
0 1
0 0
0 1
1 1
1 0
1 1
2 1
2 0
2 1
1 1
1 2
2 2
1 2
1 3
1 4
2 4
3 4
2 4
2 3
1 3
0 3
1 3
2 3
1 3
1 4
1 3
1 2
0 2
0 3
0 2
0 3
1 3
1 4
0 4
0 3
0 2
1 2
0 2
1 2
2 2
3 2
3 3
3 2
4 2
3 2
2 2
1 2
1 3
1 4
2 4
3 4
3 3
3 4
2 4
2 3
1 3
1 2
2 2
2 3
3 3
3 2
3 3
2 3
3 3
3 2
3 1
3 0
3 1
3 2
3 3
3 4
2 4
3 4
2 4
1 4
1 3
1 2
1 3
0 3
0 2
0 1
0 0
0 1
0 2
1 2
2 2
2 1
1 1
2 1
3 1
2 1
2 2
3 2
4 2
4 3
5 3
5 4
6 4
6 3
5 3
6 3
6 4
6 3
6 4
6 3
6 4
5 4
5 3
6 3
6 2
5 2
5 1
5 0
6 0
6 1
7 1
7 2
6 2
5 2
4 2
3 2
3 3
4 3
3 3
3 4
2 4
2 5
3 5
2 5
3 5
3 4
3 3
3 2
3 1
3 0
2 0
3 0
3 1
2 1
2 0
1 0
0 0
0 1
0 0
1 0
1 1
1 0
1 1
1 0
0 0
1 0
1 1
2 1
2 0
1 0
2 0
1 0
1 1
0 1
1 1
1 2
1 3
0 3
1 3
1 4
2 4
2 5
3 5
3 6
3 5
2 5
2 6
1 6
2 6
3 6
2 6
3 6
3 7
4 7
4 8
4 7
5 7
5 8
4 8
3 8
3 9
4 9
3 9
2 9
1 9
0 9
1 9
1 10
2 10
2 9
2 10
2 9
3 9
2 9
3 9
3 10
3 9
4 9
4 8
4 7
3 7
4 7
3 7
3 8
3 7
3 6
3 7
4 7
5 7
4 7
4 8
4 9
4 10
5 10
6 10
5 10
5 11
5 10
6 10
6 11
6 10
6 9
5 9
4 9
4 8
4 7
3 7
4 7
5 7
4 7
5 7
6 7
7 7
6 7
5 7
6 7
5 7
4 7
5 7
5 6
5 5
6 5
7 5
8 5
9 5
9 4
9 3
8 3
7 3
7 4
8 4
7 4
8 4
9 4
8 4
7 4
6 4
5 4
4 4
4 3
3 3
4 3
4 4
4 3
4 2
4 3
5 3
5 2
4 2
4 3
3 3
4 3
5 3
4 3
4 4
3 4
3 3
2 3
3 3
3 4
3 5
4 5
5 5
4 5
4 4
5 4
4 4
5 4
5 5
6 5
6 6
7 6
8 6
8 7
9 7
10 7
10 6
11 6
10 6
10 7
9 7
9 8
10 8
10 7
11 7
12 7
12 6
12 5
12 6
11 6
11 5
12 5
12 6
13 6
13 5
13 6
12 6
11 6
11 5
12 5
11 5
11 4
11 3
12 3
12 2
12 3
12 4
12 3
11 3
12 3
13 3
13 4
12 4
12 5
11 5
10 5
9 5
9 6
8 6
9 6
9 7
9 8
9 9
9 10
9 9
8 9
8 8
9 8
10 8
9 8
10 8
10 7
11 7
10 7
10 8
10 9
10 8
10 7
11 7
11 6
11 7
11 6
11 7
12 7
13 7
13 6
12 6
13 6
13 7
13 6
13 5
12 5
11 5
10 5
10 6
10 7
10 6
9 6
9 7
9 6
10 6
9 6
8 6
7 6
6 6
5 6
6 6
6 7
5 7
5 6
5 5
5 6
4 6
4 5
5 5
4 5
4 4
5 4
6 4
6 3
7 3
8 3
8 4
9 4
8 4
8 5
8 6
9 6
9 5
9 4
8 4
9 4
9 5
9 6
10 6
10 7
10 8
9 8
9 7
10 7
10 8
9 8
8 8
9 8
9 7
9 8
10 8
11 8
12 8
12 9
12 10
12 11
11 11
11 12
12 12
12 13
12 12
12 13
11 13
11 14
11 13
10 13
10 14
9 14
9 15
9 14
10 14
11 14
12 14
13 14
14 14
14 15
14 16
14 17
15 17
16 17
16 18
17 18
16 18
16 19
17 19
18 19
19 19
19 20
19 19
19 18
19 17
19 16
20 16
21 16
22 16
22 17
22 18
23 18
23 19
24 19
24 20
24 19
24 20
23 20
23 21
23 22
23 23
24 23
25 23
25 24
25 23
24 23
25 23
25 24
24 24
25 24
26 24
27 24
27 25
28 25
27 25
27 24
27 25
26 25
25 25
24 25
24 26
24 27
25 27
26 27
26 26
26 25
26 26
26 27
27 27
26 27
25 27
25 26
25 25
25 26
25 25
24 25
25 25
26 25
25 25
25 24
26 24
26 25
26 24
26 25
26 24
26 25
25 25
26 25
26 26
26 27
25 27
26 27
25 27
25 26
26 26
25 26
24 26
24 27
23 27
23 26
23 27
23 26
22 26
21 26
21 27
21 26
21 25
22 25
22 24
22 23
22 24
22 23
23 23
22 23
22 22
22 21
21 21
21 20
21 21
21 20
21 21
21 20
21 19
21 18
21 19
21 20
22 20
21 20
20 20
19 20
20 20
19 20
20 20
20 21
21 21
21 20
22 20
21 20
21 19
21 20
21 19
22 19
22 18
22 17
23 17
23 18
22 18
21 18
21 17
21 18
20 18
20 19
20 18
19 18
19 19
20 19
20 20
21 20
22 20
21 20
21 21
22 21
22 22
21 22
20 22
21 22
22 22
21 22
22 22
22 21
21 21
21 20
21 19
21 18
21 17
20 17
21 17
21 18
22 18
23 18
23 19
23 18
23 17
23 18
22 18
22 19
22 18
23 18
23 19
23 18
24 18
24 19
23 19
23 20
23 19
23 20
23 21
23 20
22 20
21 20
21 21
22 21
21 21
21 22
21 23
20 23
20 24
20 25
20 26
20 27
19 27
20 27
20 26
21 26
22 26
23 26
23 27
22 27
21 27
21 28
21 29
21 28
21 27
21 28
21 27
22 27
23 27
23 28
22 28
22 27
22 26
22 25
22 24
23 24
23 23
23 24
23 23
23 24
23 25
22 25
23 25
24 25
23 25
23 26
23 27
22 27
23 27
24 27
24 26
25 26
24 26
25 26
24 26
25 26
25 27
26 27
27 27
27 28
26 28
26 27
26 28
26 29
26 30
25 30
24 30
24 31
23 31
22 31
22 30
21 30
22 30
23 30
23 31
23 32
24 32
24 31
23 31
22 31
23 31
22 31
21 31
20 31
21 31
22 31
23 31
23 30
23 31
23 32
23 33
23 34
23 33
24 33
23 33
23 34
22 34
22 35
21 35
22 35
21 35
21 34
21 35
21 34
20 34
20 33
21 33
22 33
22 34
22 33
21 33
21 32
20 32
19 32
18 32
19 32
18 32
18 31
18 30
18 31
18 32
18 31
19 31
19 30
19 29
19 30
20 30
20 29
19 29
19 30
18 30
19 30
19 31
20 31
20 32
20 31
20 32
20 33
21 33
22 33
21 33
22 33
23 33
22 33
22 32
22 31
22 32
21 32
21 33
21 34
21 33
20 33
19 33
19 34
20 34
19 34
18 34
17 34
16 34
15 34
14 34
14 33
14 32
14 33
15 33
14 33
13 33
12 33
12 32
11 32
10 32
10 31
11 31
11 30
10 30
10 31
11 31
12 31
12 30
13 30
13 29
12 29
12 30
12 29
13 29
14 29
15 29
15 28
16 28
16 27
16 26
16 25
17 25
18 25
18 24
18 23
17 23
17 22
16 22
16 23
15 23
14 23
13 23
12 23
12 22
11 22
10 22
11 22
11 21
10 21
10 20
11 20
11 21
11 22
10 22
10 23
10 22
10 23
10 24
11 24
12 24
13 24
12 24
11 24
12 24
11 24
11 25
11 26
11 27
11 28
10 28
11 28
11 27
10 27
9 27
9 28
8 28
8 29
9 29
10 29
11 29
11 30
11 31
11 30
10 30
9 30
8 30
7 30
6 30
6 31
6 30
6 31
6 32
6 31
7 31
7 30
6 30
6 29
6 30
7 30
7 31
8 31
8 32
8 33
8 32
8 33
8 34
9 34
9 35
10 35
11 35
12 35
13 35
13 34
13 33
13 32
13 31
14 31
14 32
14 31
13 31
12 31
12 30
11 30
12 30
13 30
13 29
14 29
13 29
14 29
13 29
12 29
11 29
12 29
12 28
11 28
10 28
9 28
9 27
9 28
9 27
9 28
9 29
9 28
9 27
8 27
9 27
9 28
10 28
11 28
12 28
13 28
13 27
13 28
13 27
13 26
12 26
11 26
11 27
11 26
11 25
12 25
12 24
13 24
13 23
13 24
12 24
12 23
12 24
12 23
12 22
11 22
11 23
11 22
11 23
12 23
12 24
11 24
12 24
13 24
12 24
11 24
11 25
10 25
9 25
10 25
9 25
10 25
9 25
9 26
10 26
11 26
