0 0
1 0
0 0
0 1
0 0
0 1
0 0
0 1
0 2
1 2
0 2
1 2
1 3
1 2
1 3
1 4
1 5
0 5
0 4
0 3
0 4
1 4
2 4
1 4
1 5
1 6
1 7
0 7
1 7
1 8
2 8
1 8
1 9
1 8
1 7
1 8
1 7
0 7
0 6
0 7
0 8
1 8
2 8
2 9
1 9
1 8
1 7
2 7
2 8
2 7
3 7
4 7
5 7
4 7
5 7
5 8
5 9
5 8
5 7
6 7
5 7
5 6
5 5
5 6
5 5
6 5
5 5
6 5
7 5
7 6
7 5
6 5
7 5
7 4
8 4
7 4
7 5
7 4
8 4
8 3
8 2
8 3
9 3
9 2
10 2
11 2
11 3
11 4
12 4
11 4
12 4
12 5
12 6
11 6
11 5
11 6
10 6
11 6
11 7
11 8
11 7
11 6
10 6
11 6
11 5
12 5
12 4
12 3
13 3
13 2
14 2
14 3
13 3
14 3
14 4
13 4
12 4
12 3
12 4
13 4
13 5
12 5
12 4
13 4
13 3
13 4
13 5
14 5
15 5
15 6
14 6
13 6
13 5
13 4
13 3
13 4
12 4
13 4
13 5
13 4
13 3
14 3
14 2
14 1
13 1
13 2
14 2
13 2
13 1
13 0
14 0
14 1
15 1
14 1
15 1
14 1
14 2
14 3
14 4
14 5
14 4
13 4
12 4
13 4
13 3
13 4
12 4
13 4
14 4
13 4
13 3
14 3
15 3
15 2
14 2
15 2
16 2
16 3
15 3
15 2
16 2
16 1
16 0
16 1
17 1
16 1
17 1
18 1
17 1
18 1
17 1
18 1
17 1
18 1
18 0
19 0
18 0
18 1
18 2
18 1
18 0
18 1
17 1
18 1
19 1
19 2
18 2
17 2
18 2
17 2
18 2
18 1
18 0
19 0
19 1
19 0
18 0
17 0
17 1
16 1
16 2
16 3
16 4
16 5
16 6
17 6
17 5
17 6
16 6
16 5
16 6
17 6
17 7
18 7
18 8
17 8
17 9
17 8
16 8
16 7
17 7
16 7
16 8
15 8
16 8
17 8
16 8
16 9
17 9
16 9
17 9
17 8
16 8
16 7
17 7
17 6
17 7
17 8
18 8
17 8
18 8
18 9
18 8
17 8
18 8
18 7
19 7
19 6
20 6
20 7
21 7
22 7
22 8
23 8
23 7
24 7
24 6
24 5
23 5
23 4
23 5
23 4
24 4
23 4
24 4
24 3
25 3
24 3
25 3
25 2
26 2
26 1
25 1
26 1
25 1
24 1
24 2
25 2
24 2
24 1
24 0
23 0
24 0
24 1
24 2
24 1
24 2
23 2
23 3
23 2
23 1
23 2
23 3
24 3
24 2
24 1
25 1
25 0
25 1
25 0
26 0
25 0
25 1
25 0
24 0
23 0
24 0
23 0
24 0
24 1
23 1
24 1
24 2
24 3
25 3
24 3
24 4
24 5
24 6
23 6
23 7
23 6
22 6
23 6
22 6
22 5
21 5
21 6
22 6
22 7
22 6
23 6
24 6
25 6
24 6
24 5
24 6
25 6
25 5
25 4
26 4
25 4
25 5
24 5
24 4
24 3
24 4
23 4
22 4
21 4
22 4
22 3
22 4
23 4
23 5
22 5
23 5
24 5
24 6
23 6
23 7
24 7
24 6
23 6
23 5
24 5
25 5
24 5
24 6
25 6
25 7
24 7
24 6
23 6
23 7
24 7
25 7
25 8
24 8
24 7
24 6
23 6
23 5
22 5
21 5
20 5
20 6
20 7
20 6
20 5
19 5
18 5
18 4
19 4
18 4
18 3
17 3
17 4
18 4
18 3
18 4
19 4
19 5
20 5
20 6
19 6
19 5
19 4
20 4
20 3
21 3
20 3
21 3
20 3
20 4
20 3
21 3
21 2
22 2
22 1
22 2
23 2
23 3
23 2
24 2
25 2
25 1
24 1
23 1
24 1
24 2
25 2
24 2
23 2
23 3
24 3
23 3
22 3
22 4
22 5
21 5
21 6
22 6
22 7
22 6
22 5
22 6
22 7
21 7
21 6
21 7
21 6
21 5
21 6
20 6
19 6
18 6
18 5
19 5
18 5
17 5
18 5
17 5
16 5
16 4
16 3
16 4
16 3
15 3
15 4
15 3
15 2
15 3
15 4
14 4
15 4
15 5
15 6
15 5
16 5
16 4
15 4
16 4
16 5
16 4
15 4
15 5
15 4
14 4
15 4
15 3
15 2
15 3
15 4
14 4
14 5
14 4
14 5
14 4
15 4
15 3
16 3
15 3
15 2
16 2
15 2
15 1
15 0
16 0
16 1
17 1
18 1
18 2
19 2
18 2
18 1
19 1
19 0
20 0
19 0
20 0
19 0
19 1
19 0
18 0
18 1
18 0
19 0
18 0
18 1
18 0
19 0
18 0
18 1
18 2
18 3
18 4
17 4
16 4
16 3
15 3
16 3
17 3
18 3
19 3
20 3
20 4
20 5
19 5
20 5
19 5
19 6
19 5
19 4
20 4
20 5
21 5
21 4
21 5
22 5
22 6
22 5
23 5
24 5
24 4
24 5
25 5
24 5
24 4
24 5
25 5
25 6
25 7
26 7
26 6
26 5
27 5
27 6
27 7
26 7
25 7
26 7
26 8
26 7
26 8
26 9
25 9
26 9
27 9
27 10
26 10
26 11
25 11
24 11
25 11
26 11
26 12
26 11
27 11
27 10
28 10
27 10
27 9
27 10
27 9
28 9
29 9
28 9
27 9
27 10
28 10
28 11
28 10
28 9
28 10
29 10
29 9
29 10
30 10
30 11
30 12
30 13
30 14
29 14
28 14
28 15
27 15
27 16
26 16
27 16
27 15
27 16
26 16
26 17
25 17
26 17
26 18
26 19
26 18
26 17
27 17
27 16
27 17
27 16
28 16
29 16
29 17
29 16
28 16
28 15
28 16
28 17
28 16
29 16
30 16
30 17
30 16
29 16
28 16
28 17
27 17
27 18
26 18
27 18
27 17
26 17
26 16
26 15
26 16
26 17
27 17
27 16
26 16
26 15
25 15
26 15
26 16
27 16
27 17
27 16
27 15
26 15
27 15
27 16
26 16
26 15
25 15
24 15
25 15
25 16
24 16
24 17
23 17
24 17
24 16
25 16
26 16
26 17
26 18
26 19
27 19
26 19
26 20
27 20
27 19
26 19
26 18
25 18
25 19
25 18
25 19
25 18
26 18
25 18
26 18
26 19
26 18
26 17
26 18
26 19
26 18
26 19
26 20
25 20
25 19
25 20
26 20
27 20
28 20
28 21
29 21
30 21
31 21
31 20
31 21
31 20
31 19
32 19
33 19
32 19
32 20
31 20
31 21
32 21
32 20
32 21
31 21
31 22
31 23
32 23
31 23
32 23
31 23
30 23
30 24
30 23
29 23
29 22
29 21
29 20
30 20
30 21
30 20
29 20
29 21
30 21
30 20
30 21
31 21
31 20
30 20
29 20
28 20
27 20
27 21
28 21
28 20
28 21
28 22
29 22
28 22
28 23
28 22
28 23
28 22
29 22
29 23
29 24
29 25
30 25
29 25
30 25
31 25
30 25
30 26
30 25
29 25
28 25
28 26
28 27
28 28
29 28
30 28
30 29
29 29
28 29
28 30
27 30
27 29
26 29
25 29
26 29
26 30
26 31
25 31
26 31
25 31
24 31
24 32
24 33
23 33
23 34
22 34
22 35
22 36
22 37
21 37
21 38
20 38
21 38
21 37
20 37
21 37
21 36
22 36
23 36
23 37
24 37
25 37
24 37
23 37
23 36
23 35
23 34
22 34
21 34
21 35
20 35
20 36
20 37
19 37
19 38
19 39
19 38
19 37
18 37
18 36
18 37
18 38
17 38
17 37
16 37
17 37
17 36
17 37
17 38
17 39
16 39
15 39
14 39
14 40
15 40
15 39
15 38
16 38
15 38
14 38
14 37
14 36
15 36
14 36
15 36
14 36
13 36
14 36
15 36
16 36
16 37
16 38
17 38
17 37
17 36
17 35
16 35
16 34
15 34
16 34
16 35
17 35
17 36
17 37
17 38
17 37
17 38
18 38
17 38
16 38
16 37
16 38
16 39
17 39
18 39
18 38
17 38
16 38
16 37
15 37
14 37
13 37
13 38
14 38
13 38
12 38
12 39
13 39
13 40
12 40
12 41
12 42
13 42
13 41
12 41
12 40
12 41
13 41
13 40
12 40
12 39
13 39
13 40
12 40
11 40
10 40
10 41
11 41
11 40
11 41
11 42
12 42
12 41
13 41
13 40
13 39
13 40
12 40
12 41
12 40
13 40
13 39
14 39
14 40
14 41
14 40
13 40
14 40
14 39
13 39
12 39
12 40
12 41
11 41
10 41
10 40
9 40
8 40
8 41
8 42
9 42
9 41
8 41
