0 0
1 0
1 1
2 1
1 1
1 0
1 1
1 0
2 0
1 0
1 1
2 1
3 1
4 1
4 0
4 1
4 0
5 0
5 1
5 0
5 1
5 2
5 3
4 3
4 4
4 5
4 4
4 3
3 3
3 4
2 4
1 4
1 5
1 4
1 5
1 6
2 6
2 5
2 6
2 7
3 7
4 7
4 6
5 6
5 7
6 7
6 8
6 9
6 8
6 9
6 8
6 9
7 9
8 9
9 9
9 10
8 10
7 10
7 9
6 9
6 10
5 10
6 10
6 11
5 11
4 11
5 11
4 11
3 11
2 11
1 11
1 10
2 10
2 9
2 8
2 7
2 8
3 8
2 8
2 9
2 10
1 10
0 10
1 10
1 9
0 9
1 9
1 10
1 11
1 10
0 10
1 10
2 10
2 9
1 9
1 10
1 11
2 11
2 10
2 11
3 11
3 12
4 12
5 12
5 11
6 11
6 12
6 13
5 13
5 14
5 15
6 15
7 15
7 14
8 14
8 15
9 15
10 15
11 15
12 15
12 16
12 15
12 16
11 16
10 16
10 17
10 18
11 18
12 18
12 17
12 16
12 17
13 17
12 17
12 18
13 18
13 17
12 17
13 17
12 17
11 17
10 17
10 16
10 17
9 17
8 17
7 17
6 17
6 18
5 18
5 19
5 20
5 19
5 20
4 20
5 20
4 20
4 21
4 20
3 20
2 20
2 21
3 21
3 22
4 22
4 23
4 24
3 24
2 24
1 24
1 23
1 22
1 21
0 21
1 21
0 21
1 21
2 21
3 21
4 21
5 21
5 20
6 20
5 20
4 20
4 21
3 21
4 21
4 22
4 23
5 23
5 24
4 24
4 23
4 22
5 22
5 21
5 20
5 21
4 21
5 21
5 22
6 22
5 22
4 22
3 22
3 21
4 21
4 22
4 23
5 23
5 24
4 24
5 24
4 24
4 25
4 24
3 24
4 24
4 23
3 23
3 24
4 24
5 24
5 25
5 24
4 24
4 23
4 24
5 24
5 25
6 25
5 25
5 24
5 25
5 24
6 24
5 24
5 25
5 26
5 25
5 24
6 24
6 25
6 26
6 27
6 28
6 27
7 27
7 28
8 28
8 29
8 28
8 29
8 30
7 30
6 30
7 30
7 29
8 29
9 29
10 29
9 29
10 29
10 30
11 30
10 30
11 30
11 29
12 29
13 29
13 30
12 30
13 30
13 31
14 31
14 30
14 29
14 28
13 28
13 29
14 29
14 28
14 29
15 29
15 30
15 29
16 29
15 29
15 28
15 29
15 30
15 29
15 28
15 27
15 26
16 26
16 25
17 25
17 24
16 24
16 25
17 25
17 26
17 25
18 25
17 25
18 25
18 26
17 26
17 25
17 26
17 27
17 28
17 29
16 29
16 28
16 29
17 29
17 30
17 31
17 32
18 32
18 31
18 32
19 32
20 32
21 32
20 32
21 32
22 32
21 32
21 31
22 31
22 32
21 32
21 31
21 30
22 30
22 31
22 32
22 31
22 30
22 29
22 30
21 30
22 30
22 29
23 29
23 28
24 28
23 28
23 27
23 26
23 25
23 24
23 23
23 24
22 24
22 25
21 25
22 25
23 25
24 25
23 25
24 25
23 25
24 25
24 24
24 25
24 26
25 26
26 26
27 26
27 27
27 26
27 25
27 26
27 27
26 27
26 26
27 26
27 27
27 28
27 29
26 29
26 30
27 30
28 30
28 29
27 29
27 30
28 30
29 30
29 29
29 30
30 30
30 29
30 28
29 28
29 29
29 28
29 29
29 28
29 27
29 28
28 28
29 28
30 28
29 28
29 27
29 26
29 27
29 28
28 28
28 29
29 29
30 29
29 29
30 29
30 28
29 28
28 28
28 27
29 27
29 26
30 26
30 25
31 25
31 24
30 24
30 25
30 24
30 23
30 24
29 24
29 23
29 24
28 24
27 24
27 23
28 23
28 24
27 24
28 24
29 24
28 24
27 24
26 24
25 24
26 24
27 24
27 25
26 25
26 24
27 24
27 25
27 26
26 26
27 26
26 26
27 26
27 27
26 27
27 27
26 27
27 27
27 26
26 26
26 25
26 24
27 24
27 25
28 25
27 25
27 24
28 24
28 23
27 23
28 23
28 24
27 24
27 23
28 23
28 22
28 21
29 21
29 22
28 22
29 22
30 22
29 22
29 21
28 21
29 21
29 22
30 22
29 22
28 22
28 23
28 22
28 21
28 20
29 20
30 20
29 20
28 20
28 21
27 21
27 22
26 22
25 22
25 23
26 23
27 23
26 23
26 22
25 22
25 23
25 24
26 24
26 25
27 25
26 25
26 24
25 24
24 24
24 25
25 25
24 25
24 26
23 26
23 27
23 26
22 26
22 27
22 28
22 29
22 28
22 27
21 27
22 27
22 26
22 27
22 26
23 26
23 27
23 28
23 29
22 29
22 28
21 28
22 28
23 28
23 29
24 29
24 28
23 28
22 28
22 29
21 29
21 28
20 28
20 27
20 28
20 29
19 29
19 30
18 30
18 31
17 31
16 31
17 31
17 32
17 33
17 34
18 34
18 35
18 36
18 37
18 36
18 35
18 34
19 34
18 34
18 33
18 34
18 33
18 32
18 31
19 31
20 31
21 31
20 31
21 31
22 31
21 31
21 30
22 30
21 30
21 31
21 30
20 30
20 31
20 32
20 31
20 30
20 31
20 30
21 30
22 30
21 30
21 29
22 29
22 30
21 30
20 30
21 30
22 30
22 31
22 32
22 31
22 32
22 31
22 32
22 31
22 30
22 31
22 30
23 30
22 30
22 31
22 32
22 31
22 32
23 32
24 32
24 31
24 30
24 31
24 32
24 33
23 33
23 32
23 33
23 32
23 31
23 30
24 30
24 29
24 28
24 29
23 29
23 30
23 31
23 32
22 32
22 33
22 34
22 33
21 33
21 32
20 32
19 32
19 31
20 31
20 32
20 33
19 33
19 34
19 35
20 35
20 36
20 37
21 37
21 36
20 36
19 36
19 37
19 38
19 39
18 39
19 39
19 38
18 38
17 38
17 37
16 37
17 37
17 36
17 35
16 35
16 36
16 35
16 36
15 36
15 35
14 35
15 35
15 36
15 35
15 36
15 37
16 37
17 37
18 37
18 38
18 39
19 39
19 38
20 38
20 39
19 39
19 40
19 41
19 40
19 41
20 41
19 41
18 41
19 41
18 41
18 40
17 40
18 40
18 39
19 39
19 40
18 40
18 39
18 38
19 38
19 39
19 38
19 39
18 39
18 40
19 40
20 40
21 40
22 40
21 40
21 39
21 38
20 38
19 38
20 38
21 38
21 39
21 38
21 37
22 37
22 36
21 36
21 35
22 35
23 35
22 35
23 35
22 35
22 34
23 34
22 34
22 33
22 34
21 34
21 35
21 36
20 36
21 36
22 36
22 35
21 35
22 35
22 34
22 33
22 34
23 34
23 35
22 35
23 35
22 35
21 35
21 36
21 35
20 35
20 34
20 33
20 32
20 33
20 34
20 33
21 33
22 33
22 34
22 35
22 34
22 35
22 36
21 36
22 36
23 36
23 35
23 36
23 37
23 38
22 38
23 38
22 38
23 38
23 39
22 39
22 40
23 40
24 40
24 41
23 41
23 42
22 42
21 42
20 42
20 43
19 43
19 42
19 43
19 44
18 44
18 43
17 43
17 42
17 41
18 41
18 42
18 43
18 44
19 44
20 44
20 43
21 43
20 43
19 43
18 43
18 42
18 43
17 43
16 43
17 43
16 43
16 44
17 44
16 44
16 45
17 45
18 45
18 44
18 45
19 45
19 44
20 44
19 44
18 44
19 44
19 45
18 45
18 44
18 45
17 45
18 45
18 46
18 45
18 46
18 47
18 48
18 49
18 50
18 49
18 48
18 47
19 47
19 48
19 47
18 47
17 47
18 47
18 46
19 46
19 47
19 48
19 47
19 46
19 45
19 44
19 43
20 43
19 43
20 43
20 44
20 43
21 43
21 44
21 43
21 44
21 45
21 44
20 44
19 44
18 44
18 45
19 45
18 45
18 46
18 45
17 45
18 45
19 45
19 44
18 44
18 45
17 45
18 45
18 46
17 46
17 47
17 46
17 45
17 44
18 44
18 43
18 44
19 44
18 44
19 44
19 45
20 45
19 45
20 45
21 45
22 45
21 45
22 45
23 45
23 46
24 46
24 45
24 44
24 43
24 42
24 41
23 41
24 41
25 41
26 41
27 41
27 40
27 39
28 39
28 38
29 38
29 37
30 37
31 37
31 36
31 35
30 35
30 34
31 34
32 34
32 35
32 34
32 33
33 33
33 34
33 35
32 35
32 36
33 36
34 36
33 36
34 36
34 35
34 36
34 35
34 36
33 36
32 36
33 36
34 36
34 37
34 36
34 37
34 36
33 36
33 37
32 37
32 38
31 38
31 39
31 40
30 40
30 39
