0 0
1 0
1 1
1 0
1 1
1 0
2 0
2 1
2 2
2 1
3 1
4 1
4 0
3 0
3 1
3 0
3 1
4 1
4 2
4 1
5 1
5 0
4 0
4 1
3 1
3 0
4 0
5 0
6 0
6 1
5 1
4 1
5 1
4 1
4 0
4 1
5 1
6 1
6 0
6 1
7 1
6 1
6 2
5 2
5 3
5 4
5 3
5 4
6 4
7 4
7 5
7 6
7 7
6 7
6 8
6 9
6 8
5 8
4 8
3 8
3 7
2 7
2 6
3 6
3 7
2 7
2 8
2 7
3 7
4 7
3 7
4 7
4 6
4 7
5 7
6 7
6 8
6 7
5 7
5 6
4 6
4 5
4 6
5 6
5 7
6 7
6 8
6 9
6 10
5 10
6 10
6 11
5 11
5 12
5 13
6 13
7 13
7 12
7 13
7 12
7 11
8 11
8 10
9 10
9 9
8 9
9 9
10 9
10 10
9 10
9 11
9 10
9 11
9 10
8 10
7 10
6 10
7 10
6 10
5 10
5 9
5 10
6 10
6 11
6 12
6 11
6 10
7 10
7 11
8 11
9 11
9 10
8 10
9 10
10 10
9 10
10 10
10 9
10 10
10 9
10 10
11 10
11 9
12 9
11 9
11 8
11 9
12 9
11 9
10 9
10 10
10 11
11 11
12 11
11 11
11 12
11 11
11 12
12 12
12 13
11 13
10 13
11 13
12 13
12 14
12 15
13 15
12 15
12 14
11 14
12 14
12 13
12 12
13 12
14 12
14 13
15 13
15 12
15 13
14 13
13 13
13 12
14 12
13 12
14 12
14 13
14 14
13 14
14 14
13 14
13 15
12 15
12 16
12 17
12 16
13 16
14 16
14 17
14 16
14 17
13 17
13 18
12 18
12 19
13 19
13 20
14 20
14 21
15 21
15 22
15 21
15 22
15 23
16 23
16 22
16 23
15 23
14 23
14 22
14 21
15 21
16 21
16 22
16 23
17 23
17 22
17 23
17 24
17 23
17 24
18 24
19 24
18 24
17 24
16 24
17 24
16 24
15 24
14 24
14 25
13 25
14 25
14 24
13 24
12 24
13 24
12 24
13 24
13 25
12 25
11 25
11 26
12 26
11 26
11 25
11 26
11 27
12 27
12 28
12 29
12 28
12 27
11 27
11 28
12 28
12 27
13 27
13 26
14 26
13 26
12 26
13 26
13 27
12 27
13 27
13 26
12 26
12 27
11 27
11 28
10 28
10 29
10 30
11 30
10 30
11 30
10 30
9 30
8 30
7 30
7 29
6 29
6 28
6 29
5 29
6 29
7 29
8 29
7 29
7 30
7 29
8 29
8 30
8 29
7 29
6 29
7 29
7 30
6 30
5 30
6 30
5 30
5 29
5 28
5 27
5 26
5 27
6 27
6 26
6 27
5 27
5 28
4 28
4 29
3 29
3 30
3 31
2 31
2 30
2 29
2 30
2 29
1 29
1 28
1 27
0 27
1 27
1 26
2 26
3 26
4 26
4 27
3 27
4 27
3 27
3 26
4 26
5 26
6 26
6 27
5 27
5 28
5 29
5 28
5 27
6 27
6 28
7 28
6 28
7 28
6 28
6 27
6 28
6 29
5 29
6 29
6 30
7 30
6 30
5 30
5 31
5 30
4 30
3 30
4 30
4 31
5 31
4 31
3 31
4 31
5 31
5 30
5 29
5 30
4 30
5 30
6 30
6 31
5 31
5 32
5 31
4 31
4 32
5 32
6 32
6 31
5 31
4 31
5 31
6 31
6 32
6 31
6 30
7 30
7 29
6 29
7 29
7 30
6 30
6 29
6 30
6 29
7 29
7 30
7 29
7 28
7 27
6 27
7 27
7 28
8 28
9 28
9 29
9 28
9 29
9 30
8 30
9 30
8 30
9 30
10 30
10 29
10 28
10 29
10 28
11 28
10 28
11 28
11 29
11 28
10 28
11 28
10 28
10 27
10 26
9 26
9 27
9 28
9 27
9 26
10 26
9 26
9 27
8 27
7 27
6 27
5 27
5 26
4 26
5 26
5 25
5 24
6 24
5 24
5 23
4 23
3 23
2 23
2 24
1 24
0 24
0 25
0 26
1 26
2 26
2 25
1 25
1 26
1 27
1 28
1 27
1 26
2 26
2 27
3 27
2 27
2 26
2 25
2 24
2 23
3 23
3 22
4 22
3 22
2 22
2 23
2 22
2 21
2 22
2 23
2 22
2 23
1 23
1 24
2 24
1 24
2 24
2 25
2 26
2 27
3 27
4 27
3 27
2 27
3 27
3 28
3 27
3 28
3 29
3 30
4 30
4 29
5 29
6 29
7 29
8 29
7 29
8 29
7 29
6 29
6 30
7 30
6 30
6 29
6 30
6 29
5 29
5 30
4 30
4 29
4 30
4 29
4 30
5 30
4 30
5 30
5 31
5 30
6 30
6 31
6 32
6 31
7 31
7 30
6 30
5 30
4 30
4 29
3 29
3 30
3 29
4 29
3 29
4 29
4 30
3 30
4 30
5 30
5 29
5 30
5 29
5 30
5 29
4 29
4 30
4 31
3 31
3 32
2 32
2 31
2 32
2 33
2 32
3 32
3 33
2 33
3 33
3 34
4 34
3 34
3 33
3 32
3 31
4 31
5 31
6 31
6 32
6 33
6 32
6 31
5 31
4 31
4 32
4 31
3 31
3 32
3 31
3 32
3 33
3 32
4 32
4 33
3 33
2 33
3 33
2 33
2 32
3 32
3 33
3 32
3 33
2 33
2 34
3 34
4 34
5 34
6 34
5 34
5 35
6 35
7 35
8 35
8 34
8 35
7 35
6 35
6 34
5 34
6 34
6 33
5 33
5 32
5 33
5 32
5 31
4 31
5 31
5 32
5 31
6 31
7 31
7 32
7 31
8 31
9 31
8 31
7 31
6 31
7 31
6 31
6 30
5 30
6 30
6 31
5 31
6 31
6 30
6 31
7 31
7 32
7 33
7 34
8 34
8 35
9 35
10 35
9 35
10 35
10 34
11 34
10 34
9 34
10 34
10 35
9 35
9 34
10 34
11 34
12 34
13 34
13 33
13 32
13 31
12 31
11 31
11 30
10 30
11 30
10 30
11 30
10 30
11 30
12 30
13 30
13 31
14 31
14 32
15 32
14 32
14 31
13 31
14 31
15 31
15 32
14 32
15 32
14 32
14 31
15 31
14 31
14 32
14 31
14 32
15 32
16 32
17 32
16 32
15 32
15 31
15 32
14 32
15 32
15 33
14 33
14 32
15 32
15 33
16 33
15 33
14 33
15 33
16 33
17 33
18 33
19 33
18 33
17 33
17 32
17 33
17 32
18 32
19 32
19 31
19 30
19 31
18 31
18 30
17 30
18 30
18 29
17 29
16 29
16 28
16 27
16 28
17 28
17 27
17 28
17 27
17 28
17 29
17 28
17 29
17 28
17 29
18 29
18 28
17 28
17 27
18 27
17 27
17 28
17 27
16 27
15 27
14 27
15 27
15 28
14 28
13 28
13 29
14 29
14 28
13 28
14 28
14 29
13 29
12 29
12 30
12 31
13 31
13 30
13 31
12 31
12 32
13 32
13 33
12 33
11 33
11 34
11 33
12 33
11 33
10 33
9 33
8 33
9 33
8 33
7 33
7 32
7 33
6 33
6 34
6 33
6 34
6 35
6 36
6 35
6 36
5 36
4 36
5 36
4 36
4 37
4 38
4 37
4 36
4 37
4 38
4 37
3 37
4 37
3 37
2 37
2 36
3 36
4 36
5 36
5 35
5 36
5 37
5 38
5 39
5 38
5 37
5 38
5 39
5 38
5 39
5 38
4 38
5 38
5 37
5 38
4 38
4 39
3 39
3 40
2 40
2 41
2 42
2 41
2 42
2 43
2 44
3 44
4 44
3 44
4 44
5 44
4 44
5 44
4 44
4 43
4 42
4 41
5 41
5 42
6 42
7 42
7 43
6 43
6 42
6 41
5 41
5 42
5 43
6 43
7 43
7 42
7 43
7 44
7 43
8 43
7 43
8 43
9 43
9 44
9 45
8 45
8 44
8 43
8 42
8 41
7 41
8 41
8 40
7 40
7 41
7 40
6 40
5 40
6 40
5 40
4 40
5 40
5 39
6 39
6 40
6 41
7 41
6 41
5 41
5 42
4 42
4 43
4 42
4 41
4 42
4 41
4 42
3 42
2 42
2 41
1 41
0 41
1 41
2 41
2 42
3 42
3 41
2 41
3 41
2 41
2 42
2 41
3 41
2 41
2 42
2 41
3 41
3 42
3 41
3 42
3 43
3 42
2 42
2 41
2 42
1 42
1 41
1 40
1 39
1 40
1 41
1 42
1 43
2 43
1 43
1 42
0 42
0 43
1 43
1 42
0 42
0 41
0 42
1 42
1 41
1 40
0 40
1 40
1 39
1 40
1 41
2 41
2 42
2 43
3 43
3 44
