0 0
1 0
0 0
0 1
0 0
0 1
0 0
1 0
0 0
0 1
0 0
1 0
0 0
0 1
1 1
0 1
1 1
2 1
2 0
2 1
2 2
1 2
1 3
2 3
3 3
3 4
3 5
3 4
2 4
2 5
2 6
2 5
2 4
3 4
2 4
2 5
1 5
0 5
1 5
0 5
0 4
1 4
1 3
2 3
2 2
1 2
2 2
2 3
2 4
2 3
2 2
1 2
2 2
1 2
2 2
1 2
0 2
0 3
1 3
2 3
1 3
0 3
1 3
1 2
1 1
1 2
0 2
1 2
1 1
2 1
3 1
3 2
4 2
4 3
3 3
2 3
2 2
1 2
0 2
0 3
0 4
1 4
1 3
0 3
0 4
1 4
1 5
1 6
1 7
1 6
2 6
2 7
1 7
1 8
1 7
1 6
1 7
1 8
0 8
0 7
0 6
0 7
1 7
1 8
0 8
1 8
1 9
1 10
1 9
2 9
2 10
3 10
3 11
2 11
1 11
2 11
3 11
3 10
3 11
3 10
3 9
3 8
3 7
3 8
3 9
2 9
3 9
4 9
5 9
5 10
5 9
4 9
5 9
5 10
6 10
6 9
6 8
7 8
6 8
5 8
5 7
5 6
5 5
6 5
6 6
6 7
6 6
6 5
7 5
6 5
6 6
7 6
8 6
9 6
8 6
8 7
8 6
9 6
9 7
9 8
9 7
9 8
9 7
10 7
11 7
11 6
10 6
10 7
10 8
9 8
10 8
9 8
9 7
9 8
10 8
10 9
10 8
10 9
10 10
11 10
11 11
12 11
12 10
13 10
14 10
13 10
13 11
13 10
13 9
12 9
13 9
13 10
13 11
12 11
11 11
11 12
11 13
12 13
12 12
13 12
14 12
14 11
15 11
14 11
14 12
14 11
14 10
13 10
13 9
13 10
13 11
14 11
13 11
14 11
15 11
16 11
17 11
16 11
16 12
17 12
17 11
16 11
17 11
17 12
17 13
17 12
17 13
17 14
16 14
16 15
17 15
17 16
18 16
17 16
17 17
18 17
17 17
17 18
18 18
19 18
18 18
17 18
17 19
17 18
16 18
16 17
16 16
17 16
17 15
18 15
17 15
17 16
16 16
16 15
16 16
15 16
14 16
15 16
15 15
15 16
14 16
14 15
14 16
13 16
12 16
13 16
12 16
12 15
13 15
13 14
12 14
12 13
12 12
12 11
12 12
12 13
12 12
12 11
12 10
12 11
12 10
12 9
12 8
12 9
12 8
12 9
12 8
12 9
13 9
12 9
12 8
13 8
13 7
14 7
13 7
12 7
12 8
12 9
12 8
12 7
13 7
13 8
12 8
12 9
12 10
11 10
11 9
12 9
11 9
11 8
11 9
10 9
10 8
9 8
9 7
9 6
9 7
9 6
9 5
8 5
8 4
8 5
8 4
8 5
7 5
8 5
8 6
8 7
7 7
7 6
8 6
9 6
9 7
8 7
8 6
8 7
7 7
8 7
9 7
9 8
9 7
9 6
9 7
9 6
9 7
10 7
10 8
9 8
8 8
8 7
7 7
6 7
6 8
7 8
6 8
7 8
6 8
5 8
4 8
4 9
5 9
5 8
5 9
4 9
4 8
5 8
6 8
7 8
7 9
7 8
8 8
7 8
8 8
8 9
8 8
7 8
8 8
9 8
9 9
9 10
9 9
8 9
8 10
7 10
7 9
7 10
7 11
6 11
6 12
6 11
7 11
8 11
8 12
8 13
8 12
8 13
9 13
9 14
9 15
9 16
9 17
10 17
11 17
12 17
12 18
11 18
10 18
11 18
11 17
12 17
12 16
13 16
14 16
14 15
14 16
13 16
13 17
13 18
13 19
13 20
12 20
12 19
11 19
11 18
11 19
11 20
11 19
10 19
11 19
11 20
12 20
12 19
13 19
13 18
13 19
13 20
13 19
14 19
14 20
13 20
13 19
14 19
15 19
16 19
16 18
17 18
18 18
18 17
18 18
18 17
17 17
17 16
17 15
16 15
17 15
17 14
18 14
18 15
18 14
17 14
16 14
16 15
16 16
17 16
18 16
19 16
19 15
20 15
21 15
21 16
22 16
22 17
23 17
22 17
22 18
22 19
22 20
23 20
23 21
24 21
25 21
26 21
27 21
26 21
26 20
27 20
26 20
26 21
27 21
26 21
26 20
25 20
25 21
25 20
25 19
25 20
26 20
25 20
25 19
26 19
27 19
27 20
28 20
28 19
28 18
28 19
29 19
29 18
28 18
29 18
30 18
30 19
30 18
29 18
28 18
29 18
28 18
28 17
28 18
27 18
28 18
27 18
27 17
26 17
25 17
25 16
25 15
24 15
25 15
24 15
24 14
24 15
23 15
23 14
24 14
23 14
23 15
23 14
23 15
23 14
23 15
24 15
25 15
25 14
25 15
24 15
24 16
23 16
24 16
25 16
26 16
26 17
26 18
26 17
25 17
25 16
25 17
26 17
26 18
27 18
26 18
26 17
25 17
25 18
26 18
25 18
24 18
24 19
25 19
24 19
24 18
23 18
23 17
24 17
24 16
24 15
25 15
26 15
27 15
28 15
29 15
29 16
29 17
30 17
30 16
29 16
28 16
28 17
28 18
28 19
29 19
29 18
28 18
28 19
28 18
28 19
28 18
29 18
29 19
29 18
28 18
28 17
27 17
27 16
27 17
27 16
26 16
27 16
28 16
27 16
28 16
28 15
27 15
27 14
27 13
26 13
26 14
26 13
26 14
25 14
25 15
25 14
26 14
25 14
25 15
24 15
24 14
24 15
24 16
23 16
23 17
23 18
23 19
23 20
23 21
23 22
22 22
22 23
22 24
22 23
23 23
23 24
22 24
21 24
21 25
21 26
20 26
20 27
20 28
20 27
20 28
21 28
21 27
21 28
22 28
21 28
22 28
21 28
20 28
19 28
19 29
18 29
19 29
19 30
19 31
19 30
19 31
19 32
20 32
20 33
21 33
21 32
20 32
21 32
21 31
21 32
22 32
22 33
23 33
24 33
25 33
25 32
26 32
27 32
27 33
26 33
26 34
25 34
26 34
26 35
25 35
25 34
26 34
27 34
27 35
26 35
26 34
25 34
26 34
26 35
27 35
27 34
26 34
26 33
26 32
26 31
26 30
27 30
27 31
27 30
26 30
26 29
26 28
25 28
25 29
25 28
25 29
26 29
27 29
27 30
27 31
28 31
29 31
30 31
30 32
31 32
31 31
30 31
30 30
30 29
30 30
31 30
32 30
32 29
32 30
31 30
30 30
29 30
29 29
29 28
29 29
28 29
27 29
26 29
26 30
25 30
25 29
25 28
25 27
25 26
24 26
24 25
25 25
25 26
26 26
27 26
27 27
27 26
28 26
28 27
29 27
28 27
29 27
29 26
28 26
28 25
29 25
29 24
29 25
30 25
30 26
29 26
29 27
28 27
29 27
28 27
28 28
27 28
27 29
26 29
25 29
25 30
24 30
24 31
23 31
22 31
22 30
22 31
23 31
23 32
24 32
24 33
24 34
24 35
24 36
24 35
23 35
22 35
22 34
23 34
24 34
24 35
24 34
24 35
25 35
25 36
24 36
24 37
25 37
26 37
26 38
26 39
26 40
26 41
26 40
27 40
26 40
25 40
26 40
26 39
26 40
25 40
25 41
26 41
27 41
27 42
28 42
29 42
29 41
28 41
28 40
28 39
27 39
28 39
28 40
29 40
28 40
28 41
27 41
27 40
27 41
26 41
25 41
24 41
25 41
25 42
24 42
23 42
22 42
22 43
21 43
21 42
20 42
19 42
20 42
19 42
18 42
19 42
20 42
19 42
19 41
18 41
19 41
19 42
18 42
18 41
19 41
18 41
18 40
18 41
18 40
18 39
19 39
19 40
19 41
18 41
18 42
18 41
17 41
17 42
17 43
18 43
18 44
18 43
19 43
19 44
20 44
20 45
20 46
20 45
20 46
20 45
19 45
20 45
20 44
21 44
20 44
20 43
20 42
20 43
20 44
20 43
21 43
22 43
22 42
22 43
23 43
22 43
22 42
22 41
23 41
23 40
24 40
23 40
23 41
23 42
22 42
21 42
21 43
22 43
22 42
22 43
22 44
21 44
20 44
20 43
20 42
20 43
20 44
20 43
21 43
20 43
21 43
21 42
21 41
21 40
20 40
20 39
21 39
21 40
20 40
21 40
21 39
21 40
21 41
21 42
21 41
21 40
22 40
23 40
24 40
24 39
23 39
24 39
24 38
23 38
24 38
24 37
23 37
24 37
23 37
24 37
25 37
25 36
25 37
24 37
24 38
25 38
25 39
25 38
26 38
26 39
25 39
25 40
25 41
25 40
25 41
26 41
26 42
26 43
26 42
26 43
26 42
26 43
26 44
27 44
27 43
27 44
28 44
29 44
30 44
30 45
30 44
30 45
29 45
30 45
29 45
28 45
27 45
27 44
