0 0
0 1
0 2
1 2
0 2
0 3
1 3
0 3
0 4
0 5
0 4
0 3
1 3
1 2
0 2
1 2
1 1
1 2
2 2
1 2
1 3
0 3
0 2
1 2
1 3
2 3
1 3
2 3
2 2
1 2
0 2
0 1
1 1
0 1
0 2
1 2
2 2
2 3
3 3
2 3
1 3
1 2
2 2
1 2
0 2
0 3
0 2
1 2
1 1
1 2
0 2
1 2
0 2
1 2
2 2
1 2
1 1
1 2
0 2
0 3
1 3
1 2
0 2
0 3
1 3
1 4
0 4
1 4
2 4
3 4
3 3
3 2
3 3
2 3
2 2
2 3
2 2
1 2
1 3
1 4
0 4
1 4
1 3
0 3
0 4
1 4
1 3
2 3
3 3
4 3
4 4
4 5
4 4
4 3
5 3
5 4
4 4
4 3
4 4
4 3
5 3
6 3
6 4
5 4
5 3
6 3
6 2
5 2
6 2
6 3
5 3
6 3
6 4
6 3
6 4
5 4
6 4
6 5
6 6
7 6
6 6
6 5
7 5
8 5
9 5
9 4
9 3
8 3
9 3
9 4
9 3
9 4
9 5
9 4
8 4
8 3
8 2
8 1
8 0
8 1
7 1
7 2
7 3
7 2
6 2
7 2
7 1
7 0
7 1
8 1
9 1
9 0
9 1
10 1
10 2
10 1
10 2
11 2
11 1
12 1
12 0
12 1
12 2
12 3
12 2
11 2
11 3
11 2
11 3
10 3
11 3
12 3
12 2
12 1
12 2
11 2
11 3
10 3
9 3
10 3
10 4
10 5
10 6
11 6
11 7
10 7
10 6
11 6
12 6
13 6
14 6
15 6
15 5
15 6
16 6
17 6
18 6
18 7
17 7
16 7
16 8
15 8
16 8
15 8
16 8
16 7
16 8
16 9
16 8
17 8
17 7
18 7
18 6
17 6
17 5
16 5
15 5
15 6
16 6
17 6
16 6
15 6
15 7
15 8
16 8
15 8
15 7
15 8
14 8
14 7
15 7
14 7
15 7
15 8
14 8
13 8
14 8
14 7
15 7
16 7
15 7
14 7
14 8
15 8
14 8
13 8
12 8
12 7
11 7
12 7
12 6
13 6
13 5
13 6
14 6
13 6
13 5
13 4
13 5
12 5
11 5
11 4
11 5
10 5
9 5
10 5
11 5
11 4
11 5
10 5
9 5
10 5
10 6
11 6
11 5
11 6
10 6
9 6
9 7
8 7
9 7
9 8
9 9
10 9
10 10
10 11
10 12
10 11
9 11
9 12
8 12
9 12
9 13
8 13
7 13
7 14
7 15
8 15
7 15
6 15
6 16
6 17
7 17
8 17
7 17
7 16
8 16
8 15
8 14
8 13
8 12
7 12
8 12
7 12
7 13
6 13
5 13
4 13
4 12
5 12
5 11
5 12
6 12
7 12
7 11
8 11
9 11
10 11
10 12
11 12
10 12
11 12
10 12
10 13
9 13
9 14
10 14
10 15
9 15
9 16
9 17
9 16
8 16
9 16
9 17
9 16
8 16
7 16
7 17
8 17
8 16
9 16
9 17
8 17
8 16
9 16
8 16
8 17
8 16
8 17
9 17
9 18
10 18
10 19
11 19
10 19
9 19
8 19
9 19
8 19
8 18
8 17
7 17
8 17
8 18
9 18
10 18
9 18
8 18
8 19
8 18
8 19
8 20
8 21
7 21
8 21
7 21
7 22
6 22
5 22
5 23
5 24
6 24
5 24
4 24
3 24
2 24
2 23
2 22
2 21
2 22
2 23
3 23
3 22
3 23
3 24
2 24
2 23
3 23
4 23
4 24
4 25
5 25
5 24
5 23
6 23
6 22
7 22
6 22
6 21
7 21
7 22
7 23
7 24
7 25
7 24
7 25
6 25
7 25
7 24
8 24
7 24
7 25
7 24
7 23
7 24
6 24
5 24
5 23
5 22
5 21
4 21
5 21
4 21
4 22
4 23
4 24
3 24
3 23
2 23
2 22
2 21
2 20
1 20
0 20
1 20
1 19
0 19
1 19
1 18
2 18
3 18
2 18
1 18
1 19
0 19
1 19
2 19
3 19
3 20
2 20
2 19
3 19
2 19
3 19
4 19
4 18
4 19
5 19
5 20
5 21
6 21
7 21
7 22
7 21
7 22
7 21
7 22
7 21
7 22
8 22
8 21
8 22
9 22
9 21
9 22
9 21
9 22
9 21
9 22
9 23
8 23
8 24
9 24
9 25
10 25
10 26
10 25
10 26
10 27
9 27
8 27
7 27
6 27
5 27
5 28
4 28
4 29
4 30
5 30
5 31
5 30
6 30
7 30
8 30
9 30
8 30
9 30
9 31
8 31
9 31
9 32
9 33
10 33
11 33
12 33
13 33
13 32
12 32
13 32
14 32
14 31
15 31
14 31
14 30
13 30
12 30
13 30
12 30
13 30
13 29
13 28
14 28
14 29
15 29
14 29
15 29
14 29
15 29
15 30
14 30
14 31
15 31
14 31
14 30
13 30
14 30
13 30
13 29
13 30
14 30
14 31
13 31
13 32
14 32
14 31
13 31
13 30
14 30
14 31
15 31
16 31
15 31
15 30
16 30
15 30
15 31
16 31
17 31
18 31
17 31
18 31
19 31
20 31
19 31
20 31
20 30
20 29
19 29
19 30
19 29
18 29
18 30
17 30
18 30
18 31
18 32
17 32
18 32
17 32
17 31
17 32
16 32
15 32
14 32
13 32
13 33
12 33
13 33
13 32
12 32
11 32
11 33
10 33
9 33
8 33
8 34
8 35
9 35
9 36
9 35
10 35
9 35
9 34
10 34
11 34
11 33
12 33
11 33
11 34
11 35
10 35
9 35
9 36
9 35
9 36
8 36
7 36
7 37
6 37
6 36
5 36
5 37
4 37
4 38
3 38
3 39
3 38
2 38
3 38
3 39
2 39
3 39
3 38
4 38
4 37
3 37
4 37
4 38
4 39
5 39
6 39
5 39
5 40
4 40
5 40
6 40
6 41
5 41
4 41
4 42
4 43
3 43
2 43
2 42
3 42
3 43
3 42
2 42
2 43
2 44
1 44
1 45
1 44
2 44
3 44
2 44
3 44
2 44
2 43
1 43
2 43
1 43
1 42
2 42
2 43
1 43
0 43
1 43
2 43
2 42
2 41
2 40
3 40
3 39
2 39
3 39
2 39
2 38
3 38
3 39
4 39
3 39
4 39
5 39
5 40
6 40
5 40
5 39
6 39
5 39
5 38
6 38
7 38
7 39
7 40
7 39
7 38
7 37
7 38
7 39
7 38
8 38
9 38
9 37
10 37
11 37
12 37
12 36
12 37
13 37
12 37
12 36
12 35
13 35
13 34
12 34
11 34
12 34
12 35
12 34
13 34
13 33
14 33
14 34
13 34
13 33
12 33
12 34
11 34
11 35
10 35
11 35
10 35
10 34
9 34
9 33
10 33
10 34
11 34
10 34
10 35
10 34
9 34
9 35
9 36
8 36
7 36
7 35
7 36
8 36
8 35
9 35
8 35
8 34
7 34
6 34
7 34
7 35
6 35
6 36
5 36
5 35
4 35
5 35
5 34
4 34
4 35
4 34
4 33
4 34
4 33
3 33
4 33
3 33
4 33
5 33
4 33
3 33
2 33
3 33
2 33
2 32
3 32
4 32
4 31
4 32
4 31
5 31
5 30
5 31
5 32
4 32
5 32
5 33
4 33
4 34
4 33
3 33
2 33
2 34
3 34
3 33
2 33
2 34
1 34
1 35
1 34
1 35
2 35
3 35
3 36
2 36
2 35
3 35
2 35
1 35
1 34
2 34
2 35
3 35
3 36
3 37
4 37
4 36
5 36
5 37
6 37
5 37
4 37
3 37
2 37
2 38
2 39
2 38
2 37
2 38
1 38
0 38
1 38
1 37
0 37
0 38
1 38
1 39
1 40
0 40
0 41
1 41
2 41
3 41
2 41
2 42
2 41
1 41
1 42
2 42
2 43
1 43
0 43
0 44
0 45
0 46
1 46
1 47
1 48
1 47
0 47
1 47
1 48
0 48
1 48
1 47
2 47
1 47
1 46
1 45
2 45
2 46
2 45
1 45
2 45
2 46
2 47
2 48
3 48
3 49
3 50
3 51
3 50
3 51
3 50
2 50
2 51
2 50
2 49
3 49
3 48
4 48
3 48
4 48
4 49
4 50
4 51
4 50
4 51
4 50
4 49
4 50
5 50
5 49
5 48
6 48
7 48
7 47
6 47
6 46
6 47
7 47
7 48
7 49
8 49
9 49
9 50
9 49
9 50
9 49
10 49
11 49
11 50
11 49
12 49
11 49
11 50
12 50
12 51
12 52
12 53
12 52
11 52
12 52
13 52
14 52
15 52
15 51
14 51
14 52
14 53
14 52
14 51
13 51
13 52
14 52
13 52
14 52
15 52
15 53
14 53
14 52
14 51
