0 0
1 0
0 0
1 0
1 1
1 0
2 0
2 1
3 1
2 1
2 0
2 1
1 1
1 0
1 1
2 1
3 1
2 1
3 1
3 0
3 1
3 2
4 2
3 2
2 2
1 2
0 2
0 1
0 0
0 1
1 1
1 0
2 0
3 0
2 0
3 0
3 1
2 1
2 2
1 2
0 2
0 1
0 2
0 3
0 4
0 5
0 4
1 4
1 5
1 6
1 7
0 7
1 7
0 7
0 8
0 7
0 6
0 5
0 4
1 4
0 4
0 3
0 2
1 2
2 2
2 3
2 2
2 3
3 3
3 4
3 5
4 5
4 6
5 6
5 5
6 5
6 6
7 6
7 7
7 6
8 6
8 7
8 8
8 9
7 9
7 10
6 10
5 10
4 10
5 10
5 9
5 8
4 8
4 7
5 7
4 7
5 7
4 7
4 8
4 9
3 9
2 9
3 9
4 9
4 8
4 7
4 6
3 6
2 6
2 5
1 5
1 6
2 6
2 5
3 5
4 5
5 5
5 6
6 6
6 5
5 5
6 5
6 4
6 5
7 5
7 4
7 5
8 5
8 4
9 4
9 5
9 4
9 5
9 6
10 6
11 6
10 6
10 7
10 8
11 8
10 8
9 8
9 9
9 10
9 9
9 10
8 10
8 11
9 11
9 12
8 12
7 12
8 12
9 12
9 13
9 14
10 14
10 15
9 15
8 15
7 15
6 15
7 15
6 15
5 15
4 15
4 14
4 13
4 14
4 13
3 13
4 13
4 14
5 14
4 14
4 15
4 16
3 16
4 16
4 15
4 16
3 16
3 17
3 16
4 16
4 15
4 16
4 17
4 18
5 18
4 18
4 19
3 19
3 18
3 19
2 19
3 19
3 20
4 20
4 19
4 18
5 18
6 18
6 19
5 19
5 20
4 20
5 20
5 21
5 22
4 22
4 23
4 24
5 24
5 25
6 25
6 26
7 26
6 26
6 25
6 24
6 25
5 25
4 25
4 24
4 25
5 25
5 26
5 25
6 25
6 24
5 24
5 25
5 24
5 23
5 24
5 23
5 22
5 23
5 22
5 21
5 22
4 22
5 22
5 23
5 22
5 21
4 21
4 20
3 20
3 21
3 22
3 21
3 20
4 20
3 20
3 21
3 22
4 22
4 21
3 21
2 21
3 21
3 20
2 20
2 19
3 19
3 20
3 21
2 21
3 21
2 21
2 20
2 19
2 20
1 20
0 20
1 20
2 20
2 19
3 19
2 19
2 18
2 19
2 18
3 18
3 19
3 18
3 19
3 20
4 20
4 19
4 18
4 17
3 17
3 16
2 16
1 16
0 16
0 17
0 16
0 15
1 15
0 15
1 15
1 14
1 13
2 13
3 13
3 12
3 13
3 12
4 12
3 12
3 11
3 10
3 9
2 9
3 9
3 8
3 9
3 10
2 10
3 10
2 10
2 11
3 11
3 12
3 13
2 13
1 13
1 14
0 14
1 14
2 14
2 13
3 13
3 12
4 12
4 11
4 10
4 11
4 10
4 11
3 11
2 11
2 12
2 11
1 11
0 11
0 12
0 11
0 10
0 11
0 12
0 11
1 11
0 11
0 12
0 11
1 11
1 12
1 13
0 13
1 13
0 13
0 12
0 13
1 13
1 12
1 11
0 11
1 11
2 11
3 11
4 11
5 11
5 12
4 12
4 13
3 13
4 13
4 14
3 14
3 13
2 13
1 13
1 14
1 15
1 14
1 13
1 12
0 12
0 11
1 11
2 11
1 11
1 10
1 11
2 11
2 10
3 10
2 10
3 10
2 10
2 11
2 12
3 12
3 13
3 12
3 13
4 13
4 14
5 14
4 14
3 14
2 14
2 13
3 13
2 13
2 12
2 13
1 13
1 12
1 13
2 13
2 14
3 14
4 14
4 13
5 13
5 14
5 13
5 14
5 15
6 15
7 15
8 15
9 15
10 15
10 14
10 13
11 13
11 14
11 15
11 14
10 14
11 14
10 14
11 14
12 14
12 13
12 12
11 12
11 13
10 13
10 14
10 13
10 14
10 13
10 14
9 14
9 15
10 15
10 14
10 13
10 14
9 14
10 14
11 14
12 14
12 15
13 15
14 15
13 15
12 15
12 16
12 17
11 17
11 18
11 19
11 18
12 18
13 18
13 19
14 19
15 19
14 19
14 18
15 18
15 17
16 17
15 17
15 18
15 19
16 19
17 19
16 19
16 18
16 19
17 19
18 19
19 19
19 20
19 19
20 19
19 19
18 19
18 18
18 17
19 17
19 18
19 17
20 17
19 17
19 18
18 18
18 17
19 17
18 17
19 17
19 16
20 16
20 17
21 17
21 18
22 18
23 18
22 18
21 18
21 17
20 17
20 16
20 17
21 17
20 17
19 17
19 16
18 16
18 15
17 15
18 15
17 15
17 16
17 15
17 16
16 16
15 16
16 16
17 16
16 16
17 16
17 17
17 16
17 17
16 17
16 18
17 18
17 17
17 18
17 19
17 20
16 20
17 20
18 20
18 21
18 20
19 20
20 20
20 19
20 20
20 21
20 20
20 21
19 21
19 20
20 20
19 20
20 20
21 20
21 21
20 21
19 21
19 20
19 19
19 20
18 20
18 21
17 21
17 20
16 20
16 21
17 21
17 22
17 21
17 20
17 21
18 21
18 20
19 20
19 19
20 19
19 19
18 19
17 19
17 20
16 20
17 20
17 21
17 20
18 20
18 21
18 22
17 22
17 21
17 22
16 22
17 22
17 21
18 21
18 20
18 19
17 19
16 19
16 18
17 18
17 19
17 18
17 19
17 18
16 18
16 17
15 17
14 17
15 17
16 17
16 16
17 16
17 15
18 15
18 16
19 16
20 16
20 17
21 17
20 17
19 17
20 17
20 18
20 17
19 17
19 16
19 17
20 17
21 17
22 17
23 17
24 17
23 17
23 18
23 19
23 18
24 18
24 19
23 19
23 18
23 17
22 17
23 17
22 17
22 18
22 17
21 17
20 17
20 16
19 16
19 17
18 17
19 17
19 16
19 17
19 16
19 15
19 16
19 17
18 17
19 17
20 17
21 17
21 16
21 17
22 17
22 18
22 19
23 19
24 19
24 18
24 17
24 18
24 19
25 19
25 20
26 20
26 19
27 19
26 19
25 19
24 19
24 20
24 21
23 21
22 21
22 20
23 20
24 20
25 20
24 20
23 20
23 21
23 20
24 20
23 20
23 19
23 18
22 18
22 19
21 19
22 19
23 19
23 20
22 20
22 19
21 19
20 19
21 19
21 20
22 20
22 21
23 21
22 21
22 22
22 23
21 23
22 23
22 22
22 23
23 23
23 24
22 24
23 24
24 24
24 25
24 26
24 25
25 25
24 25
24 26
25 26
25 27
24 27
24 26
25 26
26 26
27 26
28 26
28 25
27 25
27 24
26 24
26 25
26 24
26 25
26 24
26 23
26 24
25 24
26 24
26 23
26 24
26 23
25 23
25 22
24 22
24 21
24 22
23 22
23 21
23 20
23 21
23 22
24 22
24 23
24 24
25 24
25 25
26 25
27 25
27 26
26 26
26 27
27 27
28 27
29 27
29 26
29 27
30 27
29 27
29 28
28 28
28 29
29 29
28 29
29 29
30 29
31 29
31 28
31 27
32 27
32 26
33 26
33 27
34 27
35 27
35 26
35 27
36 27
36 28
37 28
37 29
37 30
37 31
37 30
37 29
38 29
39 29
40 29
40 28
40 27
41 27
41 26
40 26
40 25
39 25
38 25
37 25
36 25
35 25
36 25
36 24
35 24
36 24
36 23
35 23
35 22
36 22
37 22
37 23
36 23
37 23
36 23
35 23
35 22
35 21
36 21
36 22
36 21
36 22
35 22
35 23
35 24
34 24
34 25
34 26
34 25
35 25
35 26
34 26
33 26
33 25
32 25
32 26
31 26
31 27
31 26
31 25
32 25
32 26
31 26
31 25
31 24
31 25
32 25
32 26
32 25
33 25
32 25
32 24
32 23
32 22
33 22
34 22
34 21
34 20
34 21
35 21
34 21
34 22
34 23
34 24
33 24
34 24
34 23
35 23
34 23
34 22
34 21
34 22
34 21
33 21
32 21
31 21
31 20
31 21
31 22
30 22
29 22
30 22
30 21
30 22
30 21
30 22
30 21
30 20
29 20
29 21
29 20
28 20
28 19
27 19
27 20
28 20
29 20
29 19
29 18
28 18
28 19
28 18
29 18
30 18
30 17
30 16
31 16
31 17
31 16
31 15
30 15
30 14
31 14
32 14
31 14
31 13
30 13
30 12
29 12
29 13
28 13
29 13
30 13
29 13
29 14
30 14
31 14
32 14
31 14
31 15
31 16
32 16
32 15
32 16
33 16
33 17
33 18
33 19
33 20
33 21
33 22
33 21
33 20
32 20
32 19
33 19
33 20
32 20
31 20
31 19
31 18
31 17
30 17
30 16
30 15
