0 0
0 1
1 1
1 0
2 0
3 0
3 1
2 1
2 2
3 2
3 3
3 4
3 5
4 5
3 5
3 6
2 6
2 5
3 5
4 5
3 5
3 6
4 6
4 7
5 7
5 8
5 9
4 9
3 9
2 9
2 10
2 11
2 10
3 10
3 9
4 9
5 9
4 9
4 8
3 8
4 8
5 8
5 7
6 7
5 7
4 7
4 8
3 8
4 8
3 8
3 9
3 8
3 9
3 8
3 9
3 8
4 8
3 8
3 7
3 6
4 6
4 7
4 8
3 8
3 9
4 9
4 8
4 7
4 8
4 9
5 9
6 9
5 9
5 8
6 8
6 9
5 9
5 8
6 8
6 7
6 8
5 8
5 9
6 9
7 9
7 10
6 10
7 10
6 10
7 10
6 10
6 9
6 10
7 10
8 10
8 9
9 9
10 9
11 9
11 8
10 8
10 7
9 7
10 7
10 8
10 9
10 8
10 7
9 7
9 8
9 9
8 9
7 9
7 8
7 7
7 8
8 8
8 7
9 7
9 8
8 8
8 9
8 8
9 8
8 8
7 8
7 9
8 9
9 9
9 8
10 8
10 9
10 8
11 8
12 8
13 8
12 8
12 7
13 7
12 7
12 8
11 8
11 7
12 7
13 7
13 6
13 5
13 6
13 7
14 7
14 6
13 6
14 6
14 7
14 8
13 8
13 9
14 9
13 9
12 9
12 10
12 11
13 11
12 11
13 11
13 12
13 13
13 12
12 12
13 12
14 12
14 13
14 14
14 13
15 13
15 12
14 12
15 12
16 12
16 13
15 13
14 13
13 13
13 14
14 14
14 13
14 14
13 14
13 15
14 15
14 16
14 15
15 15
15 16
15 15
14 15
15 15
14 15
15 15
15 16
16 16
16 17
17 17
17 16
16 16
17 16
17 15
18 15
18 14
18 15
18 16
19 16
19 17
19 18
18 18
17 18
16 18
15 18
16 18
16 19
17 19
18 19
17 19
17 20
17 21
18 21
18 22
18 23
17 23
17 22
18 22
18 23
18 22
19 22
20 22
20 21
21 21
21 22
21 21
21 20
21 21
20 21
21 21
22 21
23 21
24 21
24 22
24 21
24 22
25 22
25 21
25 20
25 21
26 21
26 22
27 22
28 22
28 23
27 23
28 23
29 23
28 23
27 23
26 23
26 22
27 22
28 22
27 22
26 22
27 22
26 22
26 21
26 22
26 23
26 22
26 21
26 20
27 20
27 19
28 19
27 19
27 20
27 19
26 19
26 20
26 21
27 21
26 21
25 21
25 22
25 21
26 21
25 21
25 22
26 22
26 23
26 24
25 24
25 23
26 23
26 22
26 23
26 22
27 22
27 23
28 23
27 23
26 23
25 23
26 23
26 24
26 23
27 23
28 23
28 22
27 22
28 22
28 21
28 20
27 20
27 21
28 21
27 21
27 22
27 23
27 24
27 25
27 24
27 25
27 24
27 25
27 24
28 24
29 24
29 23
28 23
28 24
28 25
28 24
29 24
28 24
27 24
27 23
28 23
29 23
29 24
28 24
29 24
28 24
28 23
27 23
26 23
26 24
26 25
27 25
28 25
27 25
27 26
26 26
27 26
27 25
27 26
28 26
27 26
27 25
27 26
26 26
25 26
24 26
23 26
22 26
23 26
22 26
23 26
22 26
22 27
22 26
22 27
22 26
22 27
23 27
24 27
23 27
24 27
24 26
24 27
24 26
24 25
25 25
25 26
25 25
26 25
26 24
26 25
27 25
27 26
27 25
27 24
27 23
27 24
28 24
29 24
28 24
28 23
29 23
29 22
29 23
28 23
28 24
28 23
28 24
27 24
26 24
26 25
27 25
27 24
27 23
26 23
25 23
25 22
24 22
24 21
24 22
25 22
25 23
24 23
25 23
26 23
27 23
26 23
27 23
28 23
29 23
30 23
30 22
31 22
31 21
32 21
31 21
31 22
31 21
30 21
29 21
28 21
28 22
28 21
29 21
30 21
30 20
31 20
30 20
31 20
31 19
30 19
30 20
29 20
29 21
30 21
30 20
31 20
31 21
30 21
29 21
29 20
28 20
29 20
28 20
28 19
29 19
29 20
28 20
28 21
28 20
29 20
29 21
28 21
29 21
29 22
28 22
29 22
28 22
28 21
29 21
30 21
31 21
31 20
32 20
31 20
30 20
30 21
30 20
30 21
30 22
31 22
31 21
32 21
32 22
33 22
32 22
32 23
33 23
34 23
35 23
34 23
34 22
34 21
33 21
33 22
34 22
35 22
34 22
34 23
33 23
34 23
34 24
35 24
34 24
35 24
36 24
36 25
36 26
36 25
37 25
37 26
38 26
38 27
37 27
37 26
38 26
37 26
37 25
38 25
39 25
40 25
41 25
41 26
42 26
42 25
43 25
42 25
43 25
43 26
43 27
42 27
42 26
42 27
42 26
42 25
42 26
43 26
44 26
44 25
43 25
42 25
42 26
41 26
41 25
41 24
42 24
42 23
43 23
42 23
41 23
41 22
41 21
41 20
41 21
42 21
42 22
42 21
43 21
42 21
41 21
40 21
40 20
39 20
39 21
38 21
38 22
39 22
40 22
41 22
41 21
40 21
41 21
40 21
39 21
38 21
39 21
38 21
39 21
39 20
38 20
39 20
40 20
41 20
41 21
41 22
40 22
41 22
40 22
40 23
39 23
38 23
38 24
38 25
38 24
38 25
37 25
36 25
36 24
35 24
35 25
35 24
35 25
34 25
34 24
34 25
33 25
32 25
32 24
32 23
31 23
32 23
32 22
32 21
32 20
31 20
30 20
29 20
29 21
29 20
29 19
30 19
31 19
31 20
31 21
31 20
31 19
30 19
29 19
29 18
29 19
29 20
29 21
28 21
29 21
30 21
29 21
29 20
28 20
28 19
28 20
28 21
28 22
27 22
26 22
27 22
28 22
29 22
29 23
28 23
28 24
27 24
26 24
26 23
25 23
25 24
24 24
23 24
23 25
23 24
23 25
23 26
23 25
24 25
25 25
25 24
26 24
27 24
27 25
28 25
28 26
27 26
27 27
27 26
27 25
28 25
28 24
29 24
29 23
29 24
28 24
29 24
28 24
27 24
26 24
26 23
26 22
25 22
26 22
26 21
26 22
25 22
26 22
25 22
25 23
24 23
23 23
23 24
22 24
23 24
24 24
24 23
23 23
23 22
23 21
23 22
23 21
22 21
22 22
21 22
21 21
20 21
21 21
21 22
22 22
22 21
22 20
23 20
24 20
24 21
25 21
26 21
26 20
27 20
28 20
29 20
29 21
29 20
28 20
28 21
27 21
27 22
27 23
27 22
27 21
27 20
27 19
27 18
26 18
27 18
26 18
25 18
25 19
25 18
24 18
23 18
23 17
22 17
23 17
23 18
22 18
22 19
21 19
20 19
21 19
21 18
20 18
20 19
21 19
20 19
21 19
20 19
19 19
20 19
19 19
20 19
20 18
20 17
19 17
20 17
20 18
21 18
22 18
23 18
24 18
24 19
24 18
24 19
25 19
24 19
25 19
25 20
26 20
26 21
26 20
25 20
24 20
24 21
23 21
23 22
24 22
24 21
23 21
24 21
24 22
23 22
23 21
22 21
23 21
22 21
22 22
21 22
20 22
21 22
22 22
21 22
21 21
21 22
21 23
20 23
21 23
21 22
21 23
21 22
21 21
22 21
22 22
22 21
21 21
20 21
21 21
20 21
20 20
20 21
20 22
19 22
20 22
19 22
20 22
20 21
20 22
21 22
20 22
21 22
21 23
22 23
23 23
24 23
24 24
24 25
25 25
26 25
26 26
25 26
26 26
26 27
25 27
25 28
24 28
24 29
23 29
23 30
23 31
23 32
24 32
24 31
24 30
25 30
24 30
23 30
22 30
22 29
21 29
22 29
22 30
22 29
23 29
24 29
24 28
24 29
25 29
25 30
24 30
23 30
23 31
23 30
24 30
23 30
24 30
25 30
25 31
24 31
23 31
22 31
22 32
22 31
22 32
21 32
22 32
21 32
20 32
20 33
19 33
19 32
20 32
19 32
19 33
19 34
18 34
17 34
18 34
18 33
18 32
19 32
20 32
20 33
20 32
20 33
19 33
19 32
19 31
18 31
18 32
18 31
18 30
17 30
18 30
19 30
20 30
21 30
20 30
20 31
20 32
19 32
20 32
20 31
20 30
20 31
21 31
22 31
22 32
22 33
21 33
21 34
20 34
20 33
19 33
18 33
18 34
18 35
19 35
19 34
18 34
18 35
18 34
18 35
18 36
18 35
18 34
19 34
19 35
19 34
20 34
20 35
20 34
21 34
21 35
20 35
19 35
20 35
21 35
21 36
21 35
21 36
21 37
21 36
21 35
21 36
21 35
20 35
19 35
20 35
21 35
21 34
21 33
20 33
20 32
20 33
21 33
21 32
22 32
22 33
22 32
22 33
22 32
23 32
24 32
25 32
