0 0
0 1
1 1
0 1
0 2
0 1
0 2
0 3
0 2
1 2
1 3
0 3
1 3
1 4
1 3
2 3
2 4
2 5
3 5
4 5
5 5
4 5
4 6
3 6
2 6
2 7
2 6
1 6
1 5
0 5
1 5
2 5
2 4
2 5
1 5
1 6
0 6
1 6
1 5
0 5
1 5
1 4
1 5
1 6
2 6
1 6
1 5
1 4
2 4
1 4
1 5
1 6
2 6
3 6
2 6
2 7
2 8
1 8
2 8
1 8
1 9
1 8
1 9
1 8
0 8
1 8
1 9
1 10
1 9
1 10
1 9
0 9
1 9
1 10
1 9
2 9
3 9
3 8
4 8
4 7
4 8
4 9
4 8
4 9
5 9
4 9
4 8
4 9
5 9
4 9
5 9
5 8
4 8
4 9
4 10
5 10
5 9
6 9
7 9
8 9
7 9
6 9
5 9
4 9
4 10
3 10
3 9
2 9
2 8
2 9
2 10
3 10
3 9
3 8
4 8
4 7
4 8
4 9
4 10
4 11
4 12
4 11
4 12
4 13
3 13
4 13
5 13
4 13
4 12
4 11
5 11
5 12
5 11
6 11
6 10
6 9
5 9
5 10
4 10
4 11
4 10
3 10
3 11
3 12
4 12
4 11
5 11
5 12
5 13
4 13
4 12
3 12
3 11
2 11
2 12
3 12
4 12
4 13
3 13
2 13
2 12
3 12
2 12
2 13
3 13
4 13
4 14
4 15
4 14
3 14
3 13
3 12
4 12
4 11
4 12
5 12
5 13
5 14
6 14
7 14
8 14
8 13
9 13
8 13
9 13
9 12
9 13
8 13
8 12
8 13
8 12
7 12
7 13
7 14
7 13
7 12
8 12
7 12
8 12
7 12
8 12
7 12
7 13
7 12
7 13
8 13
7 13
8 13
8 12
7 12
7 11
7 10
8 10
8 11
8 12
7 12
6 12
6 13
5 13
4 13
4 14
4 13
5 13
6 13
6 12
6 11
6 10
7 10
7 9
7 8
8 8
9 8
8 8
8 9
7 9
6 9
7 9
8 9
8 10
7 10
6 10
6 11
6 10
6 11
6 10
7 10
7 11
6 11
6 10
5 10
4 10
5 10
5 11
6 11
5 11
5 10
5 11
5 10
6 10
6 11
5 11
4 11
4 10
5 10
6 10
7 10
7 9
6 9
7 9
8 9
9 9
10 9
11 9
12 9
12 10
13 10
12 10
12 9
12 10
13 10
13 9
13 10
13 9
14 9
15 9
16 9
17 9
17 8
16 8
15 8
15 9
15 8
15 9
15 10
15 9
15 8
16 8
15 8
14 8
14 7
14 8
14 7
15 7
16 7
15 7
16 7
15 7
15 8
15 9
15 8
15 7
16 7
15 7
15 6
16 6
17 6
17 7
17 8
18 8
18 9
19 9
19 8
19 7
19 8
18 8
18 7
19 7
19 6
20 6
21 6
21 7
22 7
21 7
21 8
20 8
20 7
19 7
18 7
17 7
17 6
18 6
18 7
18 6
17 6
18 6
17 6
16 6
15 6
16 6
16 7
17 7
18 7
18 6
18 5
17 5
16 5
15 5
14 5
14 6
13 6
12 6
13 6
12 6
12 5
12 4
13 4
13 3
14 3
13 3
14 3
14 4
14 3
15 3
14 3
13 3
13 4
13 3
13 2
13 1
14 1
15 1
14 1
14 2
14 3
14 4
13 4
14 4
13 4
14 4
14 5
15 5
15 4
15 5
15 4
15 3
15 2
15 3
14 3
14 4
14 3
15 3
15 4
16 4
16 3
15 3
15 2
15 3
14 3
14 2
15 2
16 2
16 1
17 1
17 2
18 2
19 2
19 1
19 2
19 1
20 1
19 1
19 0
19 1
20 1
21 1
20 1
20 2
20 3
19 3
19 2
19 1
20 1
20 2
19 2
20 2
19 2
19 3
18 3
18 2
19 2
19 3
19 4
18 4
19 4
19 3
18 3
17 3
16 3
16 2
16 3
15 3
15 2
15 3
15 4
15 3
14 3
14 2
14 1
15 1
16 1
16 0
16 1
16 2
15 2
14 2
14 3
15 3
16 3
15 3
15 4
15 5
15 6
15 7
16 7
17 7
18 7
17 7
18 7
18 8
18 9
17 9
17 8
17 7
17 8
17 9
16 9
17 9
17 10
17 11
18 11
18 12
19 12
18 12
18 13
18 14
19 14
19 15
18 15
19 15
20 15
21 15
21 14
21 13
21 12
22 12
22 13
23 13
24 13
24 14
24 13
25 13
25 12
25 11
24 11
25 11
25 10
26 10
25 10
25 9
25 10
26 10
26 11
27 11
26 11
26 10
26 9
27 9
27 8
27 7
26 7
26 8
25 8
26 8
26 9
27 9
28 9
27 9
28 9
28 10
27 10
27 9
26 9
25 9
25 8
25 9
25 10
25 9
25 8
26 8
27 8
26 8
27 8
27 7
28 7
28 6
27 6
27 5
26 5
26 6
26 5
26 6
25 6
25 5
26 5
26 4
26 3
26 4
25 4
26 4
27 4
28 4
29 4
29 3
28 3
28 2
29 2
30 2
30 1
31 1
32 1
33 1
32 1
32 0
32 1
31 1
32 1
32 2
32 3
32 4
31 4
30 4
29 4
29 5
30 5
29 5
28 5
27 5
28 5
27 5
27 4
27 5
27 6
27 5
27 6
26 6
26 7
25 7
25 6
25 5
25 6
24 6
24 5
25 5
24 5
25 5
25 6
25 5
24 5
24 6
23 6
22 6
21 6
22 6
21 6
22 6
22 7
22 6
21 6
22 6
22 5
23 5
23 6
23 5
24 5
25 5
25 6
25 5
26 5
25 5
25 6
25 5
26 5
27 5
27 6
27 7
26 7
26 6
25 6
24 6
25 6
25 5
25 4
24 4
25 4
24 4
24 3
24 4
24 5
24 6
24 5
24 4
24 5
24 6
25 6
25 7
26 7
26 8
27 8
28 8
28 9
27 9
27 10
28 10
29 10
28 10
29 10
29 9
29 8
28 8
28 7
28 8
28 9
28 10
28 11
28 10
29 10
30 10
29 10
29 9
28 9
27 9
27 8
27 7
27 8
27 9
28 9
28 10
28 9
27 9
26 9
26 10
27 10
26 10
26 11
25 11
24 11
24 10
24 11
23 11
23 12
22 12
21 12
21 11
21 12
21 13
22 13
23 13
22 13
23 13
23 12
24 12
23 12
22 12
22 11
23 11
24 11
23 11
24 11
23 11
24 11
24 12
24 11
23 11
24 11
23 11
24 11
23 11
23 12
23 13
24 13
23 13
22 13
23 13
22 13
22 14
22 15
22 14
22 15
23 15
23 14
24 14
23 14
24 14
23 14
23 15
23 16
24 16
25 16
25 15
24 15
24 16
24 17
24 18
23 18
24 18
24 19
24 20
24 21
23 21
23 20
22 20
22 21
22 22
23 22
22 22
22 21
23 21
22 21
22 22
21 22
21 21
22 21
22 20
22 19
22 18
23 18
23 17
23 16
23 17
22 17
21 17
20 17
19 17
19 16
19 15
19 14
18 14
18 15
18 14
18 13
18 14
19 14
18 14
17 14
17 13
18 13
17 13
17 14
18 14
18 13
18 12
18 11
19 11
19 12
20 12
20 13
20 12
19 12
20 12
19 12
19 11
18 11
19 11
18 11
17 11
18 11
17 11
17 12
17 11
17 12
16 12
16 13
16 14
17 14
18 14
18 13
18 12
18 13
18 14
18 13
18 14
18 15
19 15
20 15
20 16
20 17
20 18
20 19
20 20
19 20
18 20
19 20
19 21
19 22
20 22
21 22
21 21
21 20
20 20
20 21
19 21
18 21
17 21
16 21
17 21
17 22
17 21
18 21
18 20
17 20
18 20
19 20
20 20
19 20
19 19
19 18
19 17
19 16
19 17
19 18
19 19
19 20
19 21
20 21
21 21
22 21
22 22
22 21
21 21
22 21
23 21
22 21
22 22
22 23
23 23
22 23
21 23
22 23
21 23
21 22
21 21
21 22
22 22
22 23
21 23
21 24
21 25
21 26
21 27
21 26
22 26
22 27
21 27
21 28
20 28
20 27
21 27
21 26
20 26
21 26
20 26
20 25
21 25
20 25
21 25
22 25
22 26
21 26
21 27
22 27
23 27
24 27
24 26
25 26
25 27
25 26
25 25
26 25
26 26
27 26
27 25
28 25
28 26
27 26
27 27
27 28
27 27
27 28
27 27
27 26
27 27
27 28
27 29
26 29
26 28
26 29
25 29
26 29
27 29
28 29
28 28
27 28
28 28
28 29
28 30
27 30
27 31
27 32
27 31
28 31
27 31
28 31
27 31
28 31
28 30
28 31
28 32
27 32
27 33
27 34
28 34
28 35
28 36
29 36
30 36
31 36
32 36
32 37
32 36
31 36
31 37
32 37
31 37
31 38
31 37
30 37
30 38
29 38
28 38
27 38
