0 0
1 0
1 1
1 0
2 0
2 1
1 1
0 1
1 1
1 0
0 0
1 0
0 0
1 0
1 1
1 2
1 3
1 4
1 5
1 6
1 7
0 7
1 7
1 8
1 9
1 8
1 7
1 6
0 6
1 6
0 6
0 5
1 5
1 6
2 6
1 6
1 5
1 6
1 7
0 7
1 7
1 6
2 6
1 6
0 6
1 6
2 6
2 5
2 4
2 3
2 4
3 4
3 3
3 2
3 3
4 3
4 2
3 2
2 2
2 3
3 3
3 4
3 5
3 4
3 5
3 6
2 6
2 5
3 5
2 5
2 6
2 7
3 7
2 7
2 6
2 7
1 7
2 7
2 6
2 5
2 6
3 6
3 7
2 7
2 6
1 6
1 5
0 5
0 6
1 6
0 6
1 6
2 6
2 7
1 7
0 7
0 6
0 7
1 7
1 8
1 9
2 9
3 9
3 10
3 11
4 11
4 10
3 10
2 10
2 11
2 12
3 12
3 13
3 14
3 15
4 15
5 15
4 15
3 15
4 15
5 15
6 15
6 16
5 16
5 17
4 17
5 17
5 18
6 18
6 17
7 17
7 18
7 17
7 16
7 15
6 15
6 16
7 16
7 17
6 17
6 16
6 17
6 18
5 18
5 19
4 19
4 20
5 20
5 19
5 18
5 17
6 17
6 18
6 19
6 20
6 21
6 22
6 23
7 23
8 23
8 22
9 22
9 23
10 23
10 22
9 22
10 22
11 22
10 22
11 22
11 23
11 24
11 23
11 24
11 25
12 25
12 24
13 24
14 24
15 24
15 25
16 25
15 25
15 24
14 24
14 23
13 23
13 24
13 25
14 25
13 25
12 25
13 25
14 25
15 25
14 25
13 25
13 26
14 26
14 25
14 26
15 26
16 26
17 26
17 27
17 26
17 27
17 26
18 26
18 27
18 28
18 27
19 27
19 26
19 27
20 27
21 27
20 27
21 27
21 26
20 26
20 27
21 27
21 28
22 28
22 29
23 29
24 29
24 30
24 31
25 31
25 30
24 30
24 29
23 29
23 28
23 29
23 30
23 31
23 32
23 33
23 32
22 32
22 31
23 31
22 31
21 31
21 32
22 32
21 32
22 32
22 33
21 33
22 33
23 33
22 33
22 34
22 33
22 32
23 32
24 32
24 33
23 33
24 33
24 32
23 32
22 32
21 32
22 32
23 32
24 32
24 31
24 30
24 31
25 31
25 32
26 32
26 33
26 32
27 32
28 32
28 31
29 31
30 31
30 30
29 30
30 30
30 31
30 32
30 33
29 33
30 33
30 32
31 32
30 32
30 31
30 32
30 31
29 31
30 31
30 32
30 31
30 32
30 33
31 33
31 34
30 34
30 33
31 33
31 34
32 34
32 33
33 33
33 32
34 32
35 32
36 32
36 33
36 34
36 33
36 34
36 33
35 33
35 34
36 34
35 34
35 33
35 34
34 34
34 35
33 35
34 35
34 34
33 34
34 34
34 33
33 33
33 34
33 35
34 35
33 35
32 35
33 35
33 34
33 33
33 32
32 32
31 32
32 32
33 32
33 31
34 31
34 32
34 33
34 32
34 33
34 32
34 31
35 31
35 30
35 31
35 30
35 29
35 30
36 30
36 31
36 32
36 31
37 31
38 31
39 31
40 31
40 32
39 32
38 32
38 31
37 31
37 32
36 32
36 31
36 32
36 33
35 33
35 32
36 32
36 33
36 32
36 31
36 30
35 30
35 29
34 29
35 29
34 29
34 30
35 30
36 30
36 29
36 30
36 31
35 31
35 32
35 31
35 32
36 32
37 32
36 32
35 32
36 32
35 32
35 33
35 34
36 34
36 35
36 34
35 34
35 35
34 35
34 34
34 33
34 34
33 34
32 34
31 34
32 34
32 33
33 33
32 33
32 32
32 33
32 34
31 34
31 35
30 35
29 35
28 35
29 35
28 35
29 35
29 36
29 37
30 37
31 37
32 37
32 38
32 39
32 38
31 38
31 39
32 39
33 39
33 38
33 39
32 39
31 39
31 40
30 40
31 40
32 40
32 41
31 41
31 42
32 42
32 43
31 43
30 43
30 44
29 44
29 45
29 46
29 47
28 47
28 46
28 45
29 45
28 45
27 45
27 46
27 47
28 47
28 46
28 45
28 46
27 46
26 46
27 46
28 46
28 45
27 45
27 44
26 44
27 44
27 45
28 45
27 45
26 45
25 45
25 46
25 45
24 45
24 44
23 44
23 43
24 43
24 42
23 42
22 42
22 41
21 41
21 42
21 41
21 40
21 41
20 41
19 41
20 41
21 41
21 42
21 43
21 44
22 44
22 45
21 45
22 45
21 45
21 46
21 47
22 47
22 46
22 47
23 47
23 46
22 46
21 46
20 46
20 47
21 47
21 46
21 45
20 45
19 45
19 46
20 46
20 47
21 47
20 47
20 48
19 48
19 47
19 48
20 48
20 47
20 48
19 48
20 48
21 48
22 48
23 48
23 47
23 48
23 47
23 48
22 48
22 49
23 49
23 50
23 51
24 51
23 51
23 50
24 50
24 51
23 51
23 50
23 51
24 51
25 51
24 51
24 52
23 52
23 53
24 53
23 53
23 54
23 53
23 52
23 53
24 53
25 53
25 52
25 53
25 54
25 55
24 55
25 55
24 55
23 55
23 56
22 56
22 55
21 55
22 55
21 55
21 54
22 54
22 53
23 53
22 53
22 54
21 54
21 53
21 52
22 52
23 52
22 52
22 53
23 53
23 52
23 51
23 50
22 50
22 51
23 51
24 51
24 52
23 52
23 51
23 52
23 53
24 53
25 53
26 53
26 52
26 53
26 52
27 52
26 52
27 52
27 53
27 52
27 51
28 51
29 51
29 50
30 50
31 50
31 49
32 49
33 49
32 49
32 50
31 50
30 50
29 50
30 50
30 49
31 49
31 48
32 48
31 48
30 48
30 49
31 49
30 49
31 49
30 49
30 48
30 47
30 46
30 47
31 47
31 46
31 45
32 45
31 45
31 46
30 46
31 46
31 47
32 47
32 48
33 48
32 48
32 47
32 46
32 47
32 48
31 48
30 48
30 49
30 50
30 49
30 48
29 48
28 48
28 49
27 49
27 48
28 48
27 48
26 48
27 48
27 49
26 49
26 50
25 50
24 50
24 51
24 50
25 50
25 49
25 50
25 51
24 51
24 50
23 50
23 49
23 48
24 48
24 49
23 49
22 49
22 50
22 51
21 51
21 52
21 53
21 54
22 54
21 54
21 55
21 54
22 54
21 54
22 54
22 53
22 52
23 52
23 51
23 52
23 51
22 51
21 51
21 52
20 52
21 52
22 52
22 53
22 54
22 55
22 54
22 55
23 55
24 55
24 56
24 55
24 56
24 55
23 55
23 56
23 55
24 55
24 56
25 56
26 56
25 56
25 55
25 54
25 53
24 53
24 54
25 54
25 53
25 52
25 53
26 53
26 54
27 54
26 54
27 54
28 54
29 54
29 55
28 55
28 54
28 55
28 56
28 57
28 56
28 57
28 56
29 56
28 56
28 57
28 58
28 57
28 56
28 57
27 57
27 56
27 57
26 57
26 58
26 57
26 58
26 57
26 56
26 57
25 57
25 56
25 55
25 54
26 54
27 54
27 53
27 54
28 54
28 55
29 55
30 55
31 55
32 55
32 54
32 55
33 55
32 55
32 56
33 56
34 56
34 57
34 56
33 56
32 56
32 57
33 57
33 56
33 55
33 56
33 55
34 55
35 55
34 55
34 54
33 54
33 55
33 54
33 55
34 55
33 55
34 55
34 56
34 55
34 56
33 56
33 57
32 57
32 56
31 56
31 55
31 56
31 55
31 54
30 54
30 53
30 54
31 54
31 55
30 55
29 55
30 55
30 56
29 56
28 56
27 56
27 55
28 55
28 54
29 54
29 55
28 55
29 55
29 56
30 56
30 57
30 56
30 55
29 55
28 55
27 55
28 55
29 55
29 56
29 55
28 55
28 54
28 53
28 54
28 55
29 55
29 54
29 53
30 53
30 54
30 55
30 54
30 53
30 54
30 53
30 54
30 53
31 53
31 52
31 53
32 53
32 54
32 55
32 54
33 54
32 54
33 54
33 53
32 53
33 53
33 54
32 54
33 54
33 53
32 53
32 54
31 54
31 55
31 56
30 56
29 56
29 55
29 56
29 55
29 54
30 54
31 54
31 53
30 53
30 52
30 53
29 53
29 52
28 52
28 51
27 51
27 50
27 49
27 48
27 47
27 46
26 46
26 45
27 45
27 44
26 44
25 44
25 45
25 46
24 46
24 47
24 46
24 45
24 44
24 43
25 43
26 43
26 44
25 44
25 43
25 44
25 45
25 46
24 46
25 46
26 46
26 45
25 45
24 45
25 45
24 45
24 44
23 44
24 44
23 44
22 44
23 44
23 43
23 42
23 43
23 42
24 42
23 42
23 41
23 42
24 42
24 43
