0 0
0 1
1 1
1 0
1 1
1 0
2 0
2 1
3 1
3 2
4 2
4 3
3 3
3 2
3 3
3 2
3 1
3 2
2 2
3 2
2 2
2 1
3 1
3 0
2 0
2 1
2 2
2 1
2 0
1 0
1 1
1 2
1 1
2 1
2 2
2 3
3 3
3 4
3 5
3 4
3 3
2 3
1 3
1 2
2 2
2 3
2 2
1 2
0 2
1 2
1 3
1 2
1 1
0 1
1 1
0 1
0 0
1 0
0 0
1 0
1 1
0 1
0 2
1 2
2 2
3 2
2 2
2 3
3 3
3 2
3 1
2 1
2 2
2 3
1 3
2 3
2 2
1 2
2 2
2 1
2 2
3 2
2 2
3 2
3 3
4 3
5 3
6 3
6 4
5 4
6 4
7 4
8 4
7 4
8 4
8 5
9 5
10 5
9 5
9 4
9 5
10 5
9 5
8 5
8 4
8 5
8 6
7 6
8 6
8 7
7 7
7 6
8 6
8 5
8 4
9 4
10 4
11 4
11 5
12 5
13 5
12 5
12 6
12 5
12 6
12 5
12 6
12 5
12 4
11 4
11 3
11 2
10 2
10 3
10 4
10 5
10 6
10 5
10 4
11 4
12 4
11 4
11 3
11 2
11 1
10 1
9 1
9 2
10 2
10 1
9 1
8 1
8 0
7 0
7 1
6 1
5 1
5 0
6 0
7 0
8 0
8 1
7 1
7 2
6 2
5 2
5 1
5 0
5 1
4 1
3 1
2 1
2 0
2 1
2 0
1 0
0 0
0 1
1 1
1 2
2 2
2 3
2 2
2 3
1 3
1 4
0 4
1 4
0 4
0 3
1 3
0 3
0 4
0 5
0 4
0 5
0 4
0 5
1 5
1 6
2 6
2 5
2 6
3 6
4 6
3 6
4 6
4 5
4 4
4 5
4 6
4 5
4 6
4 5
5 5
6 5
6 4
7 4
6 4
6 5
5 5
6 5
7 5
8 5
9 5
10 5
11 5
12 5
13 5
13 4
13 3
13 4
13 3
13 2
14 2
15 2
15 1
16 1
16 2
16 3
16 2
17 2
16 2
15 2
16 2
15 2
14 2
14 3
15 3
14 3
13 3
13 4
13 5
13 4
14 4
14 3
14 4
14 5
14 6
14 5
13 5
14 5
14 4
14 5
14 6
14 5
14 6
13 6
13 5
13 4
13 3
14 3
14 2
14 3
14 2
14 1
15 1
14 1
15 1
15 2
15 1
14 1
13 1
12 1
12 2
12 1
13 1
14 1
14 2
14 1
14 2
15 2
15 1
15 0
16 0
16 1
16 0
16 1
16 0
15 0
15 1
16 1
16 2
16 3
15 3
15 4
15 3
15 2
16 2
16 3
16 2
17 2
17 3
18 3
17 3
17 2
17 1
17 2
17 3
16 3
16 2
16 3
16 4
16 3
17 3
16 3
16 4
15 4
15 3
15 4
15 3
16 3
16 2
16 1
17 1
16 1
17 1
16 1
16 0
16 1
16 0
16 1
17 1
17 0
18 0
17 0
18 0
18 1
18 2
17 2
16 2
16 1
16 2
16 3
16 2
15 2
15 3
15 4
14 4
14 3
14 4
13 4
12 4
12 5
12 4
12 3
13 3
13 4
13 3
13 4
12 4
13 4
13 3
14 3
14 2
15 2
14 2
14 1
15 1
16 1
15 1
15 2
15 1
15 2
16 2
16 3
17 3
16 3
17 3
17 4
17 3
16 3
15 3
15 2
15 1
16 1
17 1
16 1
16 2
16 1
17 1
17 0
17 1
17 2
17 1
17 2
16 2
16 3
17 3
17 2
16 2
16 1
15 1
15 0
15 1
15 2
16 2
16 3
16 4
17 4
17 3
17 2
16 2
16 1
15 1
15 2
16 2
15 2
15 3
16 3
16 4
17 4
17 3
17 2
17 1
17 0
17 1
17 2
16 2
16 1
16 0
16 1
17 1
17 2
16 2
17 2
17 3
17 4
17 5
17 4
18 4
19 4
20 4
21 4
21 3
22 3
21 3
22 3
22 4
21 4
21 5
20 5
20 4
19 4
18 4
18 5
17 5
16 5
16 6
16 7
15 7
16 7
17 7
17 6
17 5
17 4
17 5
17 6
17 5
16 5
15 5
16 5
16 6
17 6
17 7
18 7
17 7
17 8
17 9
17 8
17 7
18 7
18 8
17 8
17 9
17 10
17 9
18 9
19 9
20 9
21 9
21 8
20 8
21 8
22 8
21 8
22 8
21 8
21 9
21 8
21 9
21 10
20 10
21 10
21 11
21 12
20 12
20 11
21 11
21 10
20 10
20 11
21 11
20 11
20 10
19 10
20 10
20 9
20 10
21 10
21 9
22 9
22 8
22 7
22 8
21 8
21 9
20 9
20 8
21 8
21 9
21 10
22 10
22 9
23 9
22 9
23 9
23 8
23 9
24 9
24 8
24 9
23 9
22 9
22 10
23 10
23 11
22 11
21 11
21 12
21 13
22 13
23 13
24 13
24 14
24 15
24 14
25 14
26 14
27 14
27 13
28 13
27 13
27 14
28 14
28 15
29 15
29 16
28 16
28 15
28 14
28 15
27 15
26 15
26 16
25 16
26 16
27 16
27 15
26 15
25 15
25 16
24 16
25 16
26 16
27 16
26 16
25 16
26 16
26 15
26 14
25 14
25 15
25 14
26 14
25 14
25 15
25 14
25 13
24 13
24 14
25 14
26 14
27 14
28 14
28 15
29 15
29 14
28 14
28 15
27 15
28 15
28 14
29 14
30 14
30 15
30 16
31 16
31 17
31 18
31 19
31 18
31 17
30 17
31 17
30 17
31 17
31 18
31 19
31 18
31 19
31 18
31 17
30 17
30 16
31 16
31 17
31 16
30 16
29 16
29 17
29 16
28 16
29 16
30 16
29 16
29 17
29 18
30 18
30 19
29 19
30 19
31 19
32 19
31 19
30 19
30 18
29 18
30 18
29 18
29 17
29 16
29 15
28 15
28 14
27 14
27 15
26 15
25 15
25 16
26 16
25 16
25 15
25 16
24 16
24 15
24 16
24 15
24 14
24 13
24 12
24 13
24 14
24 15
23 15
23 16
22 16
22 15
22 16
23 16
23 15
23 14
23 13
24 13
23 13
24 13
24 14
23 14
23 13
23 12
23 13
22 13
22 12
22 11
21 11
21 10
22 10
21 10
21 11
20 11
19 11
20 11
21 11
22 11
22 12
22 13
22 12
22 11
23 11
23 10
24 10
24 9
24 8
24 7
24 6
24 5
23 5
22 5
21 5
21 4
21 5
22 5
22 6
23 6
23 5
23 6
23 7
24 7
23 7
24 7
24 8
25 8
25 9
24 9
24 8
24 9
24 10
25 10
26 10
25 10
25 9
25 8
24 8
24 7
25 7
26 7
25 7
25 8
25 9
24 9
24 8
24 9
24 10
24 9
24 8
25 8
26 8
26 7
26 6
26 5
26 6
27 6
26 6
26 5
26 4
27 4
27 3
27 4
28 4
27 4
28 4
28 5
27 5
27 6
26 6
27 6
28 6
28 5
27 5
27 4
28 4
28 3
28 4
29 4
29 3
29 4
29 3
29 2
29 1
30 1
30 0
29 0
29 1
30 1
30 2
30 1
30 2
30 1
29 1
28 1
28 2
29 2
28 2
27 2
27 3
26 3
26 4
25 4
25 3
24 3
24 2
24 3
23 3
23 4
22 4
21 4
21 5
21 6
20 6
20 5
21 5
21 4
20 4
19 4
20 4
21 4
20 4
20 3
19 3
19 4
19 5
20 5
19 5
20 5
21 5
20 5
20 4
19 4
19 5
18 5
19 5
20 5
20 4
20 3
20 4
20 5
21 5
22 5
22 6
22 7
23 7
22 7
22 6
21 6
21 5
22 5
22 4
23 4
24 4
24 5
23 5
23 6
23 5
23 6
24 6
24 5
23 5
22 5
22 6
23 6
23 7
23 8
24 8
23 8
22 8
22 9
21 9
22 9
22 10
22 11
21 11
22 11
22 10
21 10
20 10
20 9
19 9
18 9
18 8
18 9
19 9
19 10
20 10
20 11
19 11
19 12
19 11
19 12
19 13
19 14
18 14
18 13
19 13
18 13
17 13
18 13
18 14
19 14
20 14
20 15
21 15
21 14
21 13
21 12
22 12
22 11
22 12
22 13
22 14
22 13
22 14
23 14
23 13
23 12
23 11
22 11
22 12
23 12
24 12
24 13
23 13
23 12
23 11
23 12
23 13
23 12
23 11
23 12
23 13
23 12
22 12
23 12
23 11
24 11
23 11
23 10
22 10
21 10
21 9
22 9
21 9
22 9
21 9
22 9
22 10
22 9
22 8
23 8
24 8
24 7
24 6
23 6
23 7
24 7
24 8
24 7
24 8
24 7
25 7
25 6
25 7
26 7
26 6
27 6
26 6
26 5
25 5
25 6
25 7
25 6
