0 0
1 0
1 1
0 1
1 1
0 1
0 2
1 2
1 1
0 1
1 1
2 1
2 2
1 2
1 1
0 1
0 0
0 1
0 2
0 3
0 4
1 4
2 4
2 5
2 6
2 5
1 5
1 4
1 3
1 4
2 4
1 4
2 4
3 4
3 5
3 4
2 4
3 4
3 5
3 6
3 7
2 7
2 8
1 8
0 8
1 8
1 9
0 9
1 9
0 9
1 9
0 9
0 8
0 7
1 7
2 7
2 8
3 8
4 8
4 7
3 7
2 7
1 7
1 6
2 6
2 7
2 8
2 9
1 9
2 9
3 9
4 9
4 10
4 9
5 9
5 10
6 10
6 11
5 11
4 11
4 10
4 11
4 12
4 13
3 13
2 13
2 12
2 11
1 11
0 11
1 11
0 11
0 10
1 10
1 9
0 9
1 9
0 9
1 9
2 9
3 9
2 9
2 8
1 8
1 7
1 8
2 8
3 8
4 8
3 8
4 8
4 9
4 10
4 11
3 11
4 11
5 11
5 10
4 10
4 9
4 8
3 8
4 8
4 7
4 8
5 8
5 9
6 9
6 8
6 9
7 9
7 10
8 10
7 10
8 10
7 10
7 11
7 10
8 10
9 10
10 10
10 9
10 10
10 9
10 10
11 10
12 10
12 11
12 12
13 12
12 12
12 13
12 14
12 13
11 13
12 13
12 14
13 14
12 14
12 13
12 14
11 14
11 15
11 16
11 15
11 16
10 16
10 15
11 15
11 16
12 16
13 16
13 15
13 16
13 17
12 17
13 17
12 17
12 16
11 16
10 16
11 16
12 16
12 17
12 16
12 15
12 14
12 13
12 14
12 13
13 13
13 12
12 12
12 11
13 11
14 11
13 11
14 11
13 11
12 11
13 11
13 12
14 12
15 12
15 11
14 11
14 12
14 13
15 13
15 14
14 14
13 14
14 14
15 14
14 14
15 14
15 13
15 14
15 13
14 13
15 13
16 13
16 14
15 14
16 14
16 13
16 12
16 11
16 10
17 10
16 10
16 11
16 10
16 11
17 11
18 11
18 10
18 11
18 12
18 11
17 11
16 11
16 10
16 11
17 11
17 12
16 12
17 12
17 13
17 14
17 15
18 15
19 15
19 14
19 15
18 15
18 16
18 15
19 15
20 15
21 15
22 15
23 15
24 15
25 15
26 15
26 14
25 14
25 15
25 16
25 17
24 17
24 16
23 16
24 16
23 16
24 16
23 16
24 16
23 16
23 15
22 15
21 15
22 15
21 15
20 15
19 15
19 16
19 17
19 18
19 19
19 18
19 19
20 19
20 20
20 21
19 21
20 21
21 21
22 21
21 21
20 21
20 22
21 22
21 21
21 22
21 21
21 22
20 22
20 23
20 22
20 23
21 23
21 24
22 24
23 24
23 23
23 22
23 21
23 22
24 22
24 23
23 23
22 23
23 23
24 23
24 24
25 24
25 25
26 25
25 25
25 26
25 27
24 27
24 28
24 29
23 29
23 28
22 28
21 28
20 28
19 28
19 27
20 27
21 27
22 27
23 27
23 28
23 27
23 26
24 26
24 27
23 27
23 28
23 27
24 27
23 27
24 27
24 28
24 27
25 27
25 28
26 28
26 27
27 27
27 26
27 27
26 27
26 26
25 26
26 26
26 27
26 26
25 26
24 26
24 25
24 24
23 24
22 24
21 24
22 24
21 24
21 25
22 25
23 25
24 25
24 26
23 26
24 26
25 26
25 25
24 25
25 25
26 25
25 25
24 25
24 26
24 25
23 25
24 25
23 25
24 25
23 25
23 24
24 24
23 24
23 23
23 22
23 21
23 22
22 22
22 21
23 21
23 22
24 22
23 22
22 22
23 22
22 22
22 23
23 23
22 23
22 22
23 22
22 22
22 21
22 20
22 21
22 20
21 20
22 20
22 19
22 20
22 21
22 20
22 21
21 21
21 22
21 23
21 24
20 24
19 24
18 24
18 23
17 23
18 23
18 24
18 23
19 23
18 23
17 23
17 22
18 22
19 22
18 22
19 22
18 22
18 23
17 23
18 23
19 23
18 23
17 23
18 23
18 22
18 21
17 21
16 21
15 21
15 22
15 21
14 21
15 21
15 20
15 19
16 19
17 19
18 19
18 20
19 20
19 19
20 19
20 20
19 20
18 20
17 20
17 21
18 21
19 21
19 20
20 20
21 20
21 19
22 19
22 20
21 20
21 19
22 19
22 18
22 17
22 18
23 18
24 18
24 19
23 19
24 19
23 19
23 20
23 19
23 18
22 18
21 18
20 18
21 18
22 18
22 17
21 17
20 17
20 16
21 16
22 16
21 16
20 16
21 16
20 16
19 16
18 16
18 15
19 15
19 16
20 16
20 15
20 14
19 14
18 14
19 14
19 15
19 16
19 15
20 15
20 16
19 16
18 16
17 16
16 16
15 16
15 15
14 15
13 15
13 14
12 14
11 14
12 14
12 13
13 13
12 13
13 13
12 13
12 12
12 13
11 13
12 13
12 14
12 15
12 16
11 16
10 16
10 17
9 17
10 17
11 17
12 17
12 16
12 17
12 16
12 17
12 18
12 17
11 17
12 17
12 16
12 15
12 14
12 15
12 14
12 13
11 13
11 14
12 14
12 13
12 12
13 12
14 12
14 13
13 13
14 13
15 13
15 12
15 13
15 14
15 13
16 13
17 13
17 12
17 13
16 13
16 12
15 12
15 13
15 12
16 12
16 13
16 12
15 12
15 11
16 11
15 11
15 10
16 10
17 10
17 11
18 11
19 11
18 11
19 11
19 10
19 11
20 11
20 12
19 12
18 12
19 12
19 11
18 11
19 11
19 12
19 11
20 11
20 10
20 9
21 9
22 9
22 8
22 7
22 6
23 6
23 7
24 7
23 7
23 6
22 6
22 5
22 4
21 4
21 3
22 3
21 3
21 4
21 3
21 2
21 3
21 2
20 2
19 2
20 2
19 2
20 2
20 3
19 3
20 3
20 2
20 1
20 0
20 1
20 0
19 0
19 1
19 0
19 1
19 2
20 2
20 1
21 1
22 1
22 2
22 1
21 1
21 2
22 2
22 1
22 2
23 2
23 1
22 1
22 0
22 1
23 1
22 1
21 1
21 0
20 0
20 1
21 1
22 1
22 2
22 1
21 1
21 0
22 0
22 1
21 1
21 0
20 0
20 1
20 0
21 0
22 0
23 0
23 1
23 2
24 2
24 3
25 3
26 3
25 3
25 4
26 4
26 3
26 2
26 1
26 0
26 1
26 0
27 0
26 0
26 1
26 2
26 1
26 0
27 0
28 0
28 1
28 0
27 0
27 1
27 2
26 2
26 1
26 0
25 0
24 0
24 1
24 2
24 1
24 0
24 1
25 1
26 1
26 2
25 2
25 1
25 0
24 0
24 1
24 0
24 1
25 1
26 1
26 0
27 0
27 1
26 1
26 0
26 1
27 1
28 1
28 2
29 2
30 2
29 2
28 2
27 2
27 3
27 4
27 5
28 5
28 6
28 5
28 4
27 4
26 4
27 4
28 4
27 4
27 3
27 4
28 4
28 3
29 3
29 4
30 4
31 4
30 4
30 3
30 4
30 3
31 3
31 2
32 2
31 2
31 1
31 0
30 0
30 1
29 1
28 1
28 2
27 2
26 2
26 3
27 3
28 3
27 3
27 4
27 3
26 3
26 4
27 4
26 4
26 3
27 3
27 2
27 1
26 1
27 1
28 1
28 2
28 1
29 1
29 0
29 1
29 2
28 2
28 3
29 3
30 3
30 4
31 4
31 3
30 3
30 4
30 3
29 3
30 3
30 4
30 3
30 2
30 3
30 2
30 3
30 2
29 2
29 1
29 0
30 0
30 1
30 2
31 2
30 2
30 3
30 2
30 1
30 0
31 0
30 0
31 0
31 1
30 1
29 1
29 0
29 1
29 2
28 2
27 2
26 2
26 3
27 3
27 2
26 2
25 2
26 2
26 1
26 0
26 1
26 2
26 1
26 0
25 0
25 1
25 0
24 0
24 1
23 1
24 1
24 2
24 1
23 1
22 1
21 1
22 1
22 0
23 0
23 1
22 1
23 1
24 1
23 1
23 2
22 2
21 2
21 3
22 3
22 4
22 3
23 3
22 3
23 3
22 3
22 4
23 4
23 5
24 5
24 4
24 3
25 3
25 2
26 2
25 2
25 3
25 2
25 3
24 3
24 4
23 4
22 4
23 4
23 3
24 3
23 3
23 2
24 2
24 3
24 2
24 3
25 3
24 3
24 4
24 5
25 5
24 5
24 6
25 6
26 6
26 5
26 4
27 4
28 4
27 4
27 3
27 2
27 1
26 1
25 1
25 0
25 1
25 0
24 0
24 1
24 0
24 1
23 1
24 1
25 1
25 2
25 1
25 0
26 0
27 0
26 0
26 1
27 1
26 1
25 1
25 2
25 3
25 4
25 3
25 2
24 2
23 2
