0 0
1 0
1 1
1 2
1 3
1 4
1 5
2 5
2 6
1 6
0 6
0 7
1 7
1 8
1 7
2 7
1 7
1 8
2 8
2 7
3 7
2 7
1 7
0 7
0 6
1 6
2 6
2 7
3 7
3 8
3 7
2 7
2 8
2 9
1 9
0 9
1 9
1 8
0 8
1 8
1 7
1 6
0 6
0 5
1 5
1 6
2 6
2 7
2 8
1 8
1 9
0 9
1 9
1 8
1 9
0 9
1 9
1 8
1 7
1 8
1 7
2 7
1 7
1 8
0 8
1 8
1 9
1 10
0 10
0 9
0 8
0 9
1 9
0 9
1 9
1 10
2 10
3 10
3 11
3 12
4 12
4 11
4 10
3 10
3 11
4 11
5 11
5 12
4 12
5 12
4 12
3 12
2 12
1 12
0 12
1 12
1 13
0 13
1 13
0 13
0 14
1 14
1 13
1 12
0 12
0 13
1 13
0 13
0 12
1 12
1 11
0 11
1 11
1 12
1 13
2 13
3 13
3 12
4 12
3 12
3 13
3 12
3 11
3 12
3 11
4 11
4 10
4 9
4 10
5 10
4 10
5 10
5 11
4 11
5 11
5 10
4 10
3 10
3 9
3 10
3 9
4 9
4 8
4 9
5 9
5 8
6 8
7 8
6 8
5 8
5 9
5 10
5 9
6 9
5 9
6 9
5 9
5 10
5 9
4 9
4 8
4 7
5 7
6 7
6 8
5 8
6 8
5 8
6 8
7 8
6 8
7 8
8 8
8 9
8 10
9 10
8 10
9 10
10 10
10 9
10 10
10 9
10 10
11 10
11 9
12 9
11 9
11 8
10 8
10 7
11 7
12 7
11 7
10 7
9 7
8 7
8 6
9 6
10 6
11 6
11 7
12 7
12 8
11 8
10 8
11 8
10 8
10 9
11 9
11 10
10 10
10 11
11 11
11 12
11 13
12 13
13 13
13 12
14 12
13 12
13 13
13 14
14 14
15 14
15 13
16 13
16 12
17 12
17 11
16 11
16 12
16 11
17 11
17 10
17 9
17 8
18 8
19 8
20 8
20 9
21 9
22 9
22 10
22 9
23 9
23 8
24 8
25 8
24 8
24 9
25 9
25 10
26 10
26 11
26 10
26 11
26 12
25 12
25 11
25 12
25 13
25 12
25 13
25 14
26 14
26 13
26 14
26 13
27 13
27 14
27 13
28 13
29 13
29 12
28 12
28 11
28 12
27 12
27 13
27 14
26 14
25 14
25 13
24 13
24 12
25 12
24 12
23 12
24 12
24 11
25 11
24 11
25 11
26 11
26 10
26 11
26 10
27 10
28 10
27 10
28 10
28 11
27 11
27 12
28 12
28 11
28 12
28 13
27 13
27 14
28 14
28 15
28 16
27 16
27 17
27 16
26 16
26 15
27 15
26 15
26 16
25 16
25 17
25 16
24 16
23 16
23 15
23 14
23 15
23 14
24 14
24 13
24 14
24 15
24 14
23 14
24 14
23 14
24 14
25 14
26 14
26 13
25 13
26 13
26 14
26 15
26 14
26 15
27 15
26 15
26 16
27 16
28 16
27 16
26 16
27 16
28 16
28 15
28 14
28 15
27 15
27 16
28 16
27 16
28 16
27 16
26 16
27 16
27 15
27 14
28 14
28 13
29 13
28 13
28 14
28 15
27 15
27 14
27 13
27 14
27 15
27 14
27 15
28 15
29 15
29 14
30 14
30 15
30 16
30 15
30 14
31 14
32 14
31 14
32 14
31 14
31 15
31 14
30 14
29 14
30 14
30 13
31 13
31 12
31 11
31 10
31 9
30 9
30 8
31 8
32 8
32 9
31 9
32 9
31 9
31 10
32 10
32 9
33 9
32 9
32 10
31 10
31 11
32 11
32 10
31 10
32 10
31 10
31 9
30 9
29 9
30 9
31 9
30 9
29 9
29 8
30 8
31 8
30 8
30 9
30 10
31 10
32 10
31 10
31 9
31 10
32 10
31 10
32 10
31 10
30 10
30 11
31 11
32 11
32 12
32 13
32 12
32 13
31 13
30 13
30 12
29 12
28 12
28 13
29 13
28 13
29 13
29 12
30 12
30 13
31 13
32 13
32 12
33 12
33 11
33 10
33 11
33 12
33 11
32 11
31 11
31 10
31 11
30 11
29 11
29 10
28 10
29 10
29 9
28 9
28 8
29 8
30 8
31 8
31 7
30 7
29 7
28 7
29 7
29 8
30 8
31 8
32 8
32 9
33 9
33 8
33 7
33 6
32 6
33 6
33 7
34 7
34 8
33 8
34 8
33 8
33 7
32 7
32 6
33 6
33 7
33 6
34 6
33 6
33 5
33 6
33 7
32 7
33 7
33 8
32 8
33 8
33 9
34 9
34 10
35 10
36 10
35 10
35 9
36 9
36 10
36 9
36 10
35 10
36 10
36 9
36 10
36 9
36 10
35 10
36 10
36 9
36 8
36 9
37 9
36 9
36 8
35 8
36 8
36 9
37 9
38 9
38 10
39 10
39 11
40 11
40 12
41 12
41 13
41 14
41 15
41 14
40 14
41 14
40 14
40 15
40 14
40 15
41 15
41 14
42 14
42 13
42 14
42 15
42 14
42 15
42 14
42 15
43 15
42 15
42 14
43 14
43 13
43 12
44 12
44 11
43 11
43 10
44 10
43 10
43 11
43 12
42 12
43 12
42 12
43 12
43 11
43 12
42 12
41 12
40 12
40 13
41 13
41 14
40 14
41 14
42 14
43 14
44 14
44 13
45 13
46 13
46 12
45 12
44 12
45 12
45 13
46 13
46 12
47 12
48 12
47 12
48 12
48 13
48 12
48 13
48 14
49 14
49 13
50 13
50 14
50 13
49 13
49 12
48 12
49 12
48 12
47 12
47 11
46 11
46 12
45 12
45 11
45 12
45 11
45 12
46 12
46 13
45 13
45 14
45 15
46 15
46 16
47 16
48 16
48 17
47 17
47 16
48 16
48 15
47 15
46 15
47 15
47 16
47 17
47 16
47 17
46 17
45 17
44 17
44 18
45 18
44 18
45 18
46 18
46 17
46 16
46 17
46 18
46 19
46 20
46 21
46 20
46 19
46 18
45 18
45 17
45 18
44 18
44 17
43 17
42 17
41 17
41 16
40 16
41 16
42 16
41 16
40 16
40 15
40 16
40 17
39 17
40 17
41 17
41 18
41 19
41 20
40 20
40 19
41 19
41 20
41 21
40 21
39 21
39 20
40 20
39 20
38 20
38 19
39 19
39 18
39 17
38 17
37 17
37 18
36 18
37 18
36 18
35 18
36 18
36 19
35 19
34 19
34 20
33 20
33 21
32 21
32 22
33 22
32 22
32 23
32 24
32 23
32 24
32 25
33 25
33 26
33 27
33 26
33 25
33 26
33 27
33 28
34 28
34 29
34 30
34 29
34 30
33 30
33 31
34 31
34 32
33 32
33 33
33 34
33 35
34 35
35 35
34 35
35 35
35 34
36 34
36 35
36 36
37 36
38 36
38 35
37 35
37 36
36 36
37 36
37 37
37 36
37 37
36 37
36 38
36 39
37 39
38 39
38 40
37 40
37 39
36 39
37 39
37 40
38 40
38 39
38 40
37 40
37 41
36 41
37 41
38 41
37 41
37 42
37 43
37 42
37 41
36 41
36 40
37 40
38 40
39 40
38 40
39 40
39 41
39 42
39 41
39 40
39 41
39 42
40 42
39 42
39 41
39 40
40 40
40 41
41 41
40 41
39 41
38 41
38 40
37 40
36 40
36 39
37 39
37 40
38 40
39 40
38 40
38 41
38 42
39 42
39 43
39 42
38 42
38 43
38 44
39 44
39 45
39 44
39 45
39 44
39 43
40 43
40 44
40 45
41 45
41 46
41 45
41 46
41 45
41 44
40 44
41 44
42 44
42 43
43 43
44 43
44 42
45 42
45 41
45 42
45 43
45 42
45 43
45 44
45 43
45 44
46 44
47 44
47 43
48 43
48 44
47 44
47 43
46 43
47 43
47 44
46 44
46 45
45 45
45 46
44 46
44 47
43 47
43 46
43 45
42 45
41 45
42 45
41 45
40 45
40 46
39 46
40 46
41 46
40 46
39 46
39 47
39 48
39 49
39 48
39 47
39 48
38 48
38 49
38 48
38 47
38 46
37 46
36 46
36 45
35 45
34 45
35 45
35 44
35 45
35 44
34 44
34 45
35 45
35 44
35 43
34 43
33 43
33 42
33 41
32 41
33 41
33 42
34 42
33 42
34 42
34 43
34 42
33 42
34 42
35 42
35 43
34 43
33 43
34 43
33 43
33 42
34 42
33 42
32 42
33 42
33 43
32 43
32 42
32 43
32 42
32 43
33 43
33 42
33 41
33 42
34 42
34 41
34 40
34 39
33 39
32 39
32 38
31 38
30 38
29 38
29 39
28 39
28 38
29 38
29 39
30 39
30 40
31 40
31 39
30 39
