0 0
0 1
0 0
1 0
1 1
0 1
0 0
0 1
0 0
1 0
2 0
3 0
3 1
4 1
4 0
3 0
3 1
3 2
3 3
3 2
2 2
1 2
0 2
1 2
2 2
1 2
1 3
0 3
0 4
1 4
1 5
2 5
2 6
2 5
3 5
3 6
3 7
2 7
2 6
2 5
2 6
2 5
2 6
3 6
3 5
3 4
4 4
5 4
4 4
3 4
2 4
2 3
1 3
1 4
2 4
3 4
3 3
2 3
1 3
0 3
0 2
1 2
2 2
3 2
3 3
3 4
3 5
3 6
4 6
5 6
4 6
4 7
5 7
5 8
4 8
4 7
4 6
4 5
4 4
3 4
3 5
4 5
4 4
4 5
5 5
5 6
5 5
4 5
3 5
4 5
4 6
5 6
5 5
4 5
4 4
4 5
4 6
4 5
4 6
4 5
3 5
3 6
2 6
2 7
2 6
1 6
1 7
1 8
2 8
2 7
2 6
1 6
2 6
2 5
1 5
1 6
1 7
1 8
1 7
2 7
1 7
1 8
0 8
0 7
0 8
0 7
0 8
0 7
0 6
0 5
1 5
2 5
3 5
3 4
2 4
3 4
3 3
3 2
3 3
3 4
4 4
4 5
4 6
5 6
4 6
3 6
2 6
3 6
3 7
3 8
4 8
3 8
2 8
1 8
1 9
1 8
1 9
1 10
0 10
1 10
1 11
2 11
3 11
4 11
4 10
4 9
5 9
6 9
5 9
5 8
4 8
3 8
3 9
4 9
4 8
4 7
4 6
3 6
3 7
3 6
2 6
1 6
2 6
3 6
3 5
3 4
3 5
4 5
4 6
4 7
3 7
3 6
2 6
1 6
1 5
1 6
2 6
1 6
1 7
0 7
0 6
1 6
1 7
1 8
0 8
1 8
1 7
1 8
1 9
2 9
2 8
3 8
2 8
3 8
2 8
2 9
1 9
1 8
1 7
0 7
1 7
2 7
3 7
4 7
4 6
5 6
4 6
4 5
4 6
5 6
6 6
7 6
6 6
6 5
7 5
6 5
7 5
7 6
7 7
8 7
7 7
6 7
6 8
7 8
7 9
7 8
7 7
7 6
8 6
7 6
7 7
8 7
9 7
10 7
11 7
11 6
10 6
9 6
10 6
10 7
10 6
10 7
11 7
11 6
11 5
11 4
12 4
13 4
13 5
13 4
14 4
14 5
14 6
13 6
12 6
13 6
13 5
13 4
12 4
12 3
12 4
12 5
12 4
11 4
12 4
11 4
11 5
12 5
13 5
14 5
14 4
13 4
13 3
12 3
12 4
12 3
12 4
12 5
12 6
12 7
13 7
12 7
12 6
11 6
11 5
11 6
12 6
12 7
12 8
12 7
13 7
12 7
12 8
11 8
11 9
11 10
11 9
11 10
11 11
10 11
10 12
10 13
9 13
10 13
10 12
10 13
10 12
11 12
10 12
10 13
9 13
10 13
10 12
11 12
10 12
10 13
10 12
9 12
10 12
11 12
11 13
11 14
12 14
12 13
11 13
12 13
13 13
13 12
14 12
14 13
13 13
12 13
13 13
14 13
14 12
14 13
14 14
15 14
14 14
15 14
16 14
16 15
16 14
15 14
15 15
15 16
16 16
16 17
17 17
17 16
16 16
15 16
16 16
16 17
16 16
16 15
16 14
16 13
16 12
15 12
16 12
17 12
17 11
17 10
18 10
18 9
18 8
17 8
17 9
17 10
17 11
16 11
15 11
15 10
16 10
15 10
16 10
17 10
18 10
18 11
19 11
19 12
19 13
18 13
17 13
17 14
18 14
18 15
19 15
19 16
18 16
18 15
18 14
18 15
18 16
17 16
17 17
18 17
17 17
18 17
17 17
16 17
16 18
17 18
16 18
17 18
17 17
17 18
17 17
18 17
19 17
20 17
20 16
20 17
19 17
20 17
20 16
20 15
20 14
20 13
20 12
21 12
22 12
22 11
23 11
22 11
22 10
22 9
23 9
24 9
23 9
23 8
24 8
24 9
24 8
24 7
24 8
23 8
22 8
21 8
21 7
22 7
21 7
21 6
21 7
20 7
19 7
20 7
19 7
19 8
19 9
18 9
17 9
17 10
16 10
16 11
15 11
14 11
14 12
14 13
14 12
14 13
15 13
15 14
16 14
16 15
15 15
16 15
15 15
15 14
16 14
16 15
17 15
16 15
16 16
16 17
16 18
15 18
14 18
15 18
16 18
17 18
17 17
18 17
17 17
17 18
17 19
16 19
17 19
17 18
18 18
17 18
16 18
16 19
16 20
16 21
15 21
16 21
17 21
17 22
17 21
17 20
18 20
18 19
17 19
17 18
17 19
17 18
16 18
17 18
18 18
17 18
17 19
18 19
17 19
17 18
16 18
16 19
17 19
17 20
18 20
17 20
17 21
17 22
16 22
17 22
16 22
15 22
14 22
15 22
14 22
13 22
13 21
12 21
13 21
14 21
15 21
16 21
16 20
16 19
17 19
17 18
17 19
16 19
15 19
15 18
15 19
14 19
14 20
13 20
14 20
13 20
13 21
12 21
13 21
13 22
13 21
14 21
14 20
15 20
16 20
15 20
16 20
17 20
18 20
18 21
18 20
19 20
19 21
20 21
20 22
19 22
19 23
18 23
17 23
17 22
17 21
17 22
18 22
19 22
18 22
18 23
18 22
19 22
18 22
19 22
19 21
19 20
20 20
20 19
20 20
20 19
19 19
19 20
18 20
18 19
19 19
19 18
20 18
19 18
18 18
19 18
19 19
19 18
19 19
20 19
20 20
19 20
18 20
18 21
17 21
16 21
17 21
17 20
16 20
16 19
16 20
16 21
17 21
18 21
17 21
17 20
17 21
17 20
17 19
17 18
17 19
18 19
18 20
17 20
17 21
17 22
16 22
16 23
15 23
16 23
15 23
16 23
16 22
15 22
16 22
16 21
16 20
17 20
17 19
17 18
17 19
16 19
16 20
15 20
16 20
17 20
18 20
19 20
20 20
20 21
20 20
20 21
19 21
19 22
20 22
20 21
19 21
19 20
19 21
19 22
19 21
18 21
18 22
19 22
19 21
19 22
19 23
18 23
18 22
18 23
19 23
19 22
20 22
21 22
21 23
22 23
21 23
22 23
23 23
23 22
23 21
23 22
22 22
23 22
23 23
22 23
21 23
22 23
23 23
23 24
24 24
24 25
24 24
25 24
24 24
23 24
22 24
22 25
21 25
22 25
22 26
21 26
21 27
20 27
20 26
20 27
20 26
19 26
19 27
19 28
20 28
20 29
21 29
21 30
22 30
22 31
22 32
23 32
23 31
23 30
23 29
24 29
24 30
25 30
25 31
25 30
25 29
24 29
23 29
23 30
23 29
23 28
23 27
23 26
24 26
25 26
25 27
25 26
26 26
26 27
27 27
26 27
26 28
25 28
25 29
25 30
25 29
25 28
25 29
24 29
24 30
23 30
23 29
23 30
24 30
25 30
26 30
27 30
26 30
25 30
26 30
26 31
26 32
25 32
25 33
25 32
25 31
26 31
27 31
26 31
26 30
26 29
26 28
27 28
27 27
27 28
26 28
27 28
27 29
27 30
27 31
26 31
27 31
28 31
27 31
27 30
26 30
26 31
26 32
26 33
26 34
27 34
27 35
28 35
28 36
29 36
28 36
28 37
27 37
28 37
28 38
27 38
26 38
25 38
26 38
26 37
27 37
27 36
26 36
26 35
26 34
26 33
27 33
26 33
26 34
26 35
27 35
27 34
27 35
28 35
27 35
26 35
26 34
25 34
25 35
25 36
25 37
26 37
26 38
26 39
27 39
28 39
29 39
29 40
29 39
29 40
28 40
28 39
28 40
28 39
28 38
28 37
28 36
28 37
28 38
28 37
28 36
28 37
27 37
28 37
27 37
27 38
26 38
26 39
25 39
26 39
26 38
26 37
27 37
26 37
26 38
26 39
25 39
24 39
24 40
23 40
23 41
24 41
25 41
25 40
25 41
26 41
26 40
26 41
26 40
26 41
25 41
24 41
23 41
23 40
23 41
24 41
23 41
24 41
23 41
23 42
23 41
22 41
23 41
22 41
22 40
22 39
22 40
22 39
22 38
22 37
21 37
21 36
21 37
21 36
21 37
20 37
21 37
21 38
20 38
19 38
19 37
19 36
18 36
18 35
19 35
19 34
19 33
19 34
19 33
19 32
19 31
19 30
19 29
19 28
19 29
20 29
19 29
20 29
19 29
20 29
19 29
20 29
21 29
22 29
21 29
22 29
22 28
22 29
21 29
20 29
20 30
20 31
20 32
20 31
20 32
21 32
20 32
20 33
20 34
21 34
20 34
20 33
19 33
18 33
18 34
18 33
19 33
18 33
18 32
18 31
18 30
18 29
18 28
17 28
17 29
16 29
17 29
16 29
16 28
16 27
17 27
17 26
16 26
16 25
16 24
15 24
14 24
14 25
