0 0
0 1
0 2
1 2
1 3
1 4
1 3
1 4
2 4
1 4
2 4
3 4
2 4
3 4
3 3
3 4
3 5
4 5
4 6
3 6
3 5
4 5
4 4
5 4
6 4
7 4
6 4
5 4
5 5
5 6
5 5
5 4
6 4
6 3
6 4
5 4
5 5
5 6
6 6
7 6
7 7
6 7
5 7
4 7
5 7
6 7
7 7
7 8
8 8
8 9
9 9
9 10
8 10
8 9
8 10
8 9
9 9
8 9
7 9
8 9
9 9
9 8
9 9
8 9
9 9
9 10
10 10
9 10
9 11
8 11
8 12
8 11
7 11
8 11
8 12
8 11
8 12
8 13
9 13
10 13
11 13
11 14
11 15
10 15
10 14
11 14
11 13
11 14
11 15
10 15
9 15
8 15
8 14
7 14
8 14
8 15
8 16
8 15
8 14
8 15
8 14
8 15
7 15
7 16
7 17
8 17
8 16
8 15
8 14
8 15
9 15
9 14
8 14
9 14
10 14
9 14
9 15
9 16
9 15
9 14
9 13
9 14
9 15
9 16
9 17
10 17
9 17
9 16
9 15
9 16
9 15
10 15
10 16
9 16
9 17
9 18
8 18
8 17
9 17
9 18
8 18
9 18
9 17
9 18
8 18
9 18
9 19
9 20
9 19
9 18
8 18
8 17
9 17
9 18
10 18
10 19
9 19
8 19
8 20
8 19
8 18
9 18
9 17
9 18
9 17
9 16
9 17
9 16
9 17
8 17
8 18
7 18
6 18
5 18
6 18
5 18
5 17
6 17
7 17
6 17
5 17
5 16
4 16
4 17
3 17
4 17
4 16
3 16
4 16
4 15
3 15
4 15
4 16
3 16
3 15
3 16
4 16
3 16
4 16
3 16
4 16
3 16
3 17
3 16
3 17
4 17
3 17
3 18
2 18
2 19
2 18
3 18
3 19
3 18
3 19
3 20
3 19
4 19
4 20
4 19
3 19
3 18
3 19
4 19
5 19
6 19
7 19
6 19
7 19
7 18
6 18
6 19
6 20
7 20
7 19
7 20
6 20
6 21
7 21
8 21
9 21
8 21
8 22
7 22
8 22
9 22
10 22
10 23
10 24
11 24
10 24
10 25
9 25
9 24
8 24
8 23
8 22
9 22
9 23
9 22
10 22
10 23
9 23
9 22
8 22
9 22
10 22
9 22
9 21
8 21
7 21
7 20
7 21
6 21
7 21
7 20
7 21
6 21
6 22
6 21
5 21
4 21
3 21
4 21
4 22
5 22
5 21
4 21
4 22
3 22
2 22
2 23
3 23
2 23
2 24
3 24
3 25
2 25
2 24
1 24
1 25
0 25
1 25
1 24
2 24
3 24
3 25
3 24
4 24
5 24
5 25
6 25
5 25
4 25
4 24
4 23
4 24
3 24
2 24
2 23
1 23
1 24
0 24
0 25
0 26
0 25
0 26
1 26
1 25
1 26
1 25
1 26
2 26
3 26
4 26
4 27
4 26
3 26
4 26
4 25
5 25
5 26
5 27
5 26
4 26
4 25
3 25
3 26
4 26
4 27
4 28
4 29
3 29
3 30
2 30
1 30
0 30
0 29
0 30
1 30
0 30
0 29
0 30
1 30
1 29
1 28
2 28
2 29
2 30
2 29
1 29
2 29
2 30
1 30
1 29
1 28
1 29
1 30
0 30
1 30
1 29
0 29
0 28
0 29
1 29
1 28
2 28
2 27
1 27
2 27
2 26
1 26
1 27
0 27
0 28
0 27
0 26
0 27
0 26
1 26
1 27
1 28
1 29
1 30
2 30
1 30
1 29
2 29
3 29
3 28
3 27
3 28
3 29
3 30
3 29
4 29
5 29
4 29
3 29
4 29
4 28
4 27
5 27
5 28
5 27
4 27
4 26
3 26
3 25
4 25
4 26
3 26
3 27
2 27
1 27
1 28
0 28
1 28
2 28
3 28
2 28
2 29
1 29
0 29
1 29
2 29
2 30
3 30
3 31
4 31
5 31
4 31
3 31
4 31
5 31
4 31
4 32
4 31
3 31
3 30
3 29
4 29
5 29
5 30
4 30
3 30
3 29
2 29
1 29
2 29
3 29
4 29
4 30
5 30
4 30
3 30
2 30
3 30
2 30
2 31
3 31
4 31
5 31
4 31
4 32
5 32
4 32
4 33
3 33
3 32
4 32
4 33
3 33
3 34
3 33
3 34
3 35
3 34
3 33
3 34
2 34
3 34
4 34
4 33
4 32
4 33
3 33
2 33
1 33
2 33
1 33
0 33
1 33
0 33
1 33
2 33
1 33
1 32
0 32
0 31
0 32
0 31
1 31
0 31
1 31
1 30
1 31
1 30
1 29
0 29
1 29
0 29
0 28
1 28
2 28
2 27
1 27
1 26
0 26
1 26
1 25
1 26
1 27
2 27
2 28
2 27
3 27
4 27
4 28
4 27
5 27
5 26
5 27
6 27
6 26
5 26
6 26
6 27
6 28
6 27
6 26
6 25
6 26
7 26
6 26
6 27
6 26
6 25
6 26
6 27
6 28
6 27
7 27
6 27
5 27
5 28
5 27
4 27
4 26
4 27
4 26
4 27
4 26
5 26
4 26
5 26
5 27
5 28
4 28
4 27
5 27
6 27
6 28
7 28
6 28
7 28
7 29
6 29
7 29
6 29
6 28
7 28
6 28
7 28
7 29
6 29
7 29
8 29
9 29
9 30
8 30
8 31
8 32
7 32
7 33
8 33
8 32
8 33
7 33
7 34
6 34
7 34
7 35
7 34
7 35
7 34
7 33
6 33
6 34
6 35
6 36
6 37
6 36
5 36
4 36
4 37
4 36
4 37
3 37
3 38
3 37
4 37
3 37
3 36
3 37
4 37
4 36
4 37
3 37
2 37
2 38
1 38
1 39
2 39
1 39
2 39
2 38
3 38
2 38
1 38
2 38
2 39
3 39
3 40
3 39
4 39
5 39
5 38
4 38
5 38
6 38
6 37
6 36
6 35
6 36
6 35
7 35
7 34
7 33
8 33
8 32
8 31
7 31
7 32
7 31
6 31
6 32
6 31
6 30
6 31
6 30
5 30
6 30
5 30
6 30
7 30
7 31
8 31
7 31
7 32
6 32
6 33
5 33
4 33
4 32
3 32
3 31
3 32
2 32
2 31
2 32
3 32
2 32
2 33
2 32
3 32
3 31
4 31
3 31
3 30
3 31
4 31
4 30
3 30
2 30
1 30
1 31
1 30
2 30
1 30
2 30
3 30
4 30
4 29
3 29
2 29
1 29
1 30
2 30
3 30
3 31
2 31
2 32
3 32
3 31
4 31
5 31
5 30
6 30
6 31
7 31
6 31
5 31
4 31
4 32
5 32
5 33
5 32
4 32
3 32
2 32
3 32
3 31
2 31
2 32
2 31
2 30
1 30
0 30
1 30
1 31
2 31
3 31
3 32
3 33
3 34
3 33
3 32
3 31
3 30
3 29
4 29
4 28
4 27
3 27
4 27
4 26
4 25
4 26
4 25
4 24
5 24
6 24
6 23
6 24
7 24
6 24
6 25
5 25
5 24
5 25
5 26
5 25
6 25
6 26
6 25
6 26
7 26
6 26
6 25
7 25
7 26
8 26
9 26
9 27
8 27
9 27
9 26
9 25
8 25
8 26
9 26
9 27
10 27
10 26
11 26
12 26
13 26
13 25
13 24
14 24
14 25
15 25
14 25
14 26
15 26
15 27
15 26
14 26
14 25
15 25
15 26
15 27
15 26
15 27
15 26
16 26
16 27
16 26
17 26
18 26
17 26
17 25
16 25
16 24
16 23
17 23
16 23
17 23
17 24
18 24
18 25
19 25
18 25
18 26
18 27
19 27
18 27
18 28
17 28
16 28
15 28
16 28
16 27
17 27
17 26
17 25
18 25
17 25
16 25
16 26
16 25
15 25
14 25
14 26
13 26
13 25
13 24
13 25
14 25
13 25
14 25
13 25
13 24
13 25
14 25
13 25
13 24
12 24
13 24
14 24
14 23
13 23
12 23
11 23
12 23
13 23
12 23
11 23
11 22
11 23
11 22
12 22
12 21
13 21
13 20
14 20
15 20
15 19
14 19
14 18
14 19
14 18
13 18
14 18
14 19
15 19
14 19
15 19
15 20
16 20
16 19
17 19
16 19
17 19
17 18
18 18
18 17
18 18
19 18
19 17
19 16
19 17
19 16
19 17
19 18
18 18
18 17
18 16
19 16
20 16
21 16
22 16
22 17
22 16
23 16
23 15
23 16
23 17
24 17
24 16
24 17
23 17
23 18
23 17
24 17
24 16
23 16
24 16
24 17
24 18
25 18
25 17
25 18
24 18
24 17
25 17
26 17
25 17
25 18
25 17
24 17
23 17
23 16
23 17
23 18
23 19
22 19
22 20
21 20
20 20
21 20
22 20
22 21
23 21
24 21
24 22
25 22
26 22
25 22
