0 0
0 1
0 0
0 1
1 1
1 0
1 1
1 0
0 0
1 0
2 0
1 0
0 0
1 0
0 0
1 0
1 1
2 1
3 1
3 2
4 2
4 1
4 2
3 2
2 2
3 2
3 3
4 3
4 2
4 3
4 4
4 5
5 5
5 4
5 3
5 2
5 3
6 3
5 3
4 3
5 3
6 3
6 2
6 3
6 4
5 4
6 4
7 4
6 4
6 5
7 5
6 5
6 4
6 3
5 3
4 3
5 3
5 2
4 2
4 3
5 3
5 2
5 1
6 1
7 1
7 0
8 0
8 1
8 0
7 0
7 1
7 0
8 0
7 0
8 0
9 0
10 0
10 1
10 2
10 1
11 1
11 2
11 1
10 1
10 2
11 2
11 1
10 1
9 1
9 2
8 2
9 2
10 2
10 1
9 1
9 2
9 3
9 4
8 4
8 5
9 5
8 5
7 5
8 5
8 6
9 6
8 6
7 6
8 6
9 6
9 5
9 6
10 6
10 5
11 5
11 4
11 3
11 4
11 5
10 5
10 4
10 5
10 6
11 6
11 5
11 6
11 5
10 5
10 4
11 4
12 4
12 3
12 2
12 1
11 1
10 1
11 1
12 1
13 1
14 1
15 1
15 2
15 1
14 1
15 1
15 0
15 1
15 0
15 1
15 0
14 0
13 0
13 1
13 2
13 1
13 0
12 0
12 1
12 2
12 3
11 3
10 3
11 3
12 3
11 3
11 4
12 4
12 5
12 4
11 4
10 4
9 4
10 4
11 4
11 5
11 6
11 5
11 4
11 5
11 6
11 7
10 7
11 7
10 7
10 6
10 5
10 4
9 4
10 4
9 4
10 4
9 4
8 4
8 3
8 4
8 3
9 3
8 3
7 3
7 2
7 3
7 2
7 1
7 2
6 2
5 2
5 3
6 3
7 3
7 4
6 4
7 4
8 4
7 4
8 4
8 3
7 3
6 3
6 4
6 5
5 5
5 6
6 6
5 6
4 6
5 6
4 6
4 5
3 5
2 5
3 5
4 5
4 4
3 4
4 4
3 4
3 5
3 4
3 5
3 6
3 7
4 7
3 7
3 6
2 6
3 6
3 5
2 5
3 5
3 4
4 4
5 4
4 4
4 5
4 6
3 6
2 6
2 7
2 8
2 7
2 6
3 6
4 6
4 7
4 6
3 6
3 7
2 7
1 7
0 7
0 8
0 9
1 9
2 9
2 10
1 10
1 9
1 8
1 9
0 9
0 8
0 9
0 10
0 11
0 12
1 12
1 13
1 14
1 13
0 13
1 13
2 13
2 14
2 15
1 15
0 15
1 15
2 15
1 15
1 14
1 15
0 15
0 16
1 16
1 17
0 17
0 16
1 16
2 16
2 17
3 17
3 16
4 16
5 16
6 16
6 17
6 18
6 19
6 18
6 17
6 18
7 18
8 18
9 18
10 18
9 18
9 19
10 19
10 20
11 20
12 20
13 20
12 20
13 20
13 19
13 20
12 20
12 21
12 20
11 20
11 19
10 19
11 19
11 20
11 19
12 19
11 19
10 19
11 19
11 20
12 20
11 20
12 20
11 20
11 21
11 22
10 22
9 22
9 21
10 21
11 21
12 21
12 20
12 21
13 21
13 22
13 23
12 23
12 22
11 22
12 22
11 22
11 23
10 23
9 23
9 22
8 22
7 22
7 23
6 23
7 23
7 22
6 22
5 22
4 22
4 23
5 23
5 24
5 25
4 25
3 25
3 24
4 24
4 25
4 26
3 26
3 25
3 26
3 25
3 26
2 26
3 26
3 25
3 24
4 24
3 24
3 25
2 25
2 26
1 26
1 25
1 24
0 24
1 24
2 24
2 25
3 25
3 26
3 27
4 27
4 28
3 28
3 29
4 29
3 29
3 28
3 29
3 28
2 28
2 29
2 30
1 30
1 31
1 30
2 30
3 30
4 30
3 30
2 30
3 30
2 30
3 30
3 31
2 31
2 32
1 32
2 32
2 31
2 30
1 30
0 30
1 30
1 31
2 31
2 32
2 31
2 30
2 29
1 29
1 30
0 30
1 30
2 30
2 31
3 31
4 31
3 31
4 31
4 30
4 29
5 29
6 29
7 29
6 29
6 28
6 29
5 29
5 30
5 31
4 31
5 31
5 32
4 32
4 33
5 33
4 33
4 32
5 32
5 33
5 32
4 32
4 33
3 33
4 33
3 33
4 33
4 34
3 34
4 34
4 35
4 36
4 37
4 36
4 35
4 34
4 35
4 34
3 34
2 34
1 34
1 33
2 33
3 33
4 33
4 32
4 33
4 34
5 34
4 34
5 34
5 35
6 35
7 35
6 35
6 36
6 35
5 35
5 34
5 35
5 34
5 33
6 33
6 34
5 34
5 35
5 34
4 34
4 35
4 34
5 34
6 34
7 34
8 34
7 34
6 34
6 33
7 33
6 33
5 33
5 34
6 34
7 34
7 33
7 34
6 34
6 35
6 34
6 35
5 35
4 35
3 35
3 34
2 34
2 33
1 33
2 33
2 34
3 34
2 34
2 35
2 34
2 33
1 33
1 34
0 34
0 35
1 35
1 34
2 34
2 33
2 32
2 31
3 31
3 30
2 30
1 30
2 30
1 30
2 30
2 31
2 32
2 31
2 30
1 30
0 30
1 30
0 30
0 31
0 30
1 30
0 30
1 30
1 31
0 31
1 31
1 30
0 30
0 31
1 31
2 31
3 31
2 31
2 32
3 32
3 33
4 33
4 32
4 31
5 31
5 30
6 30
6 29
6 28
6 27
7 27
8 27
7 27
7 28
6 28
6 29
6 28
5 28
5 27
5 28
5 29
5 28
5 29
6 29
5 29
6 29
7 29
7 28
7 29
7 28
6 28
7 28
7 27
7 28
8 28
8 27
8 28
9 28
9 29
9 30
9 31
10 31
10 32
11 32
11 33
11 32
10 32
10 31
10 32
10 33
9 33
9 32
10 32
11 32
11 31
11 30
10 30
11 30
12 30
12 31
12 30
12 29
13 29
12 29
13 29
12 29
12 30
12 31
12 30
12 31
13 31
13 30
14 30
13 30
14 30
14 31
14 30
14 29
15 29
15 30
16 30
17 30
17 29
17 28
18 28
18 29
17 29
17 30
17 29
17 28
17 27
18 27
19 27
18 27
17 27
17 26
16 26
15 26
16 26
16 25
16 24
15 24
15 25
15 24
15 25
15 24
16 24
17 24
17 25
17 24
18 24
19 24
20 24
20 25
19 25
19 26
19 27
20 27
20 26
21 26
22 26
22 27
23 27
23 28
23 27
24 27
24 26
24 25
24 26
24 25
24 24
25 24
24 24
25 24
24 24
25 24
24 24
23 24
24 24
25 24
25 25
24 25
23 25
23 24
24 24
23 24
22 24
22 23
22 22
22 23
22 24
21 24
21 25
20 25
21 25
21 26
21 27
22 27
23 27
23 28
24 28
23 28
23 27
23 28
24 28
25 28
25 29
24 29
24 30
24 31
24 32
24 33
24 32
24 31
25 31
25 30
25 29
24 29
25 29
26 29
27 29
27 30
27 31
28 31
27 31
26 31
25 31
26 31
26 30
25 30
25 29
26 29
26 28
27 28
28 28
29 28
28 28
28 29
28 28
27 28
26 28
27 28
28 28
28 29
29 29
28 29
28 28
29 28
29 29
29 30
29 29
28 29
27 29
26 29
26 28
27 28
26 28
26 29
27 29
26 29
25 29
24 29
25 29
26 29
27 29
28 29
29 29
30 29
31 29
32 29
31 29
31 30
30 30
30 31
30 32
30 31
30 30
31 30
30 30
29 30
29 29
28 29
28 28
28 29
28 30
29 30
29 31
30 31
30 32
29 32
30 32
30 33
30 34
29 34
28 34
27 34
27 33
27 34
27 33
26 33
26 32
26 33
26 32
25 32
25 31
25 30
25 31
25 30
24 30
24 31
23 31
23 30
22 30
22 31
21 31
21 32
20 32
21 32
22 32
21 32
22 32
23 32
24 32
24 31
24 30
24 31
23 31
24 31
25 31
26 31
26 30
26 31
26 32
26 31
25 31
24 31
24 30
23 30
22 30
21 30
21 31
21 32
22 32
22 33
21 33
21 32
20 32
20 31
19 31
20 31
20 30
21 30
20 30
20 29
19 29
18 29
17 29
16 29
16 28
17 28
17 27
17 28
17 29
17 28
17 29
16 29
17 29
16 29
16 30
16 31
17 31
17 30
16 30
15 30
16 30
16 29
17 29
17 30
17 29
16 29
16 30
16 31
16 32
15 32
15 31
16 31
15 31
16 31
15 31
15 30
14 30
13 30
12 30
11 30
11 31
11 30
10 30
11 30
12 30
12 31
11 31
11 32
10 32
11 32
12 32
11 32
10 32
11 32
11 31
10 31
9 31
9 30
8 30
8 31
8 30
7 30
7 31
8 31
8 32
9 32
8 32
7 32
7 33
7 32
7 33
6 33
