0 0
1 0
2 0
1 0
2 0
3 0
3 1
3 0
3 1
2 1
1 1
2 1
2 0
2 1
1 1
1 2
1 1
2 1
2 2
1 2
2 2
2 1
2 2
2 1
3 1
3 2
2 2
2 1
2 2
2 1
2 2
3 2
2 2
2 3
2 4
3 4
3 5
3 4
4 4
4 3
4 2
3 2
3 3
3 4
2 4
2 5
2 4
3 4
3 3
3 2
3 3
2 3
2 2
1 2
2 2
1 2
1 3
1 4
1 5
1 6
1 5
1 4
1 3
1 2
0 2
0 3
1 3
1 4
0 4
1 4
0 4
0 3
0 2
1 2
1 3
0 3
1 3
2 3
3 3
4 3
4 2
3 2
3 1
4 1
5 1
6 1
6 0
6 1
6 0
6 1
7 1
6 1
6 2
5 2
4 2
5 2
4 2
3 2
3 3
4 3
5 3
5 4
4 4
4 3
4 4
4 3
4 2
3 2
4 2
5 2
5 1
5 2
5 3
6 3
5 3
5 4
5 3
5 4
6 4
7 4
6 4
5 4
5 3
5 2
4 2
4 1
4 2
5 2
5 3
6 3
6 4
5 4
5 3
6 3
6 2
5 2
4 2
3 2
2 2
1 2
2 2
2 1
2 0
2 1
2 0
3 0
4 0
5 0
6 0
7 0
8 0
8 1
7 1
7 2
7 3
8 3
9 3
8 3
7 3
8 3
7 3
7 4
6 4
7 4
6 4
6 3
5 3
5 2
4 2
3 2
2 2
2 1
2 2
2 3
2 4
2 5
2 6
3 6
3 5
3 6
3 7
4 7
5 7
4 7
4 8
4 7
3 7
3 8
2 8
2 9
3 9
2 9
3 9
2 9
2 10
2 11
3 11
3 10
3 11
4 11
5 11
6 11
6 12
7 12
7 11
7 10
6 10
6 11
6 12
6 13
7 13
6 13
7 13
7 14
6 14
6 13
5 13
5 12
6 12
5 12
5 11
5 12
4 12
5 12
4 12
4 13
5 13
6 13
6 12
6 11
7 11
7 12
7 11
6 11
5 11
4 11
5 11
5 12
5 13
6 13
6 12
6 13
6 12
6 11
6 12
5 12
5 11
5 12
5 13
4 13
5 13
6 13
5 13
6 13
6 14
7 14
7 13
8 13
8 14
8 15
9 15
9 14
10 14
11 14
10 14
9 14
10 14
11 14
11 15
11 14
12 14
12 13
12 12
13 12
12 12
12 13
12 14
12 13
11 13
12 13
12 12
12 13
13 13
13 14
14 14
14 15
14 16
15 16
16 16
15 16
16 16
16 15
16 16
16 15
16 16
16 17
16 16
17 16
18 16
17 16
16 16
16 17
16 16
15 16
16 16
16 17
16 16
17 16
17 15
17 16
16 16
17 16
17 17
18 17
18 16
17 16
17 17
17 16
18 16
18 15
19 15
19 16
20 16
21 16
22 16
22 17
21 17
21 16
21 17
21 16
22 16
22 17
22 16
21 16
21 15
21 16
21 15
21 16
22 16
22 15
21 15
21 16
22 16
22 17
21 17
22 17
22 18
22 19
22 18
22 17
23 17
22 17
21 17
21 18
21 17
20 17
19 17
19 18
19 19
20 19
20 20
20 19
20 20
20 21
19 21
18 21
18 22
18 21
18 22
19 22
18 22
17 22
17 21
18 21
19 21
20 21
21 21
22 21
21 21
21 20
22 20
21 20
21 19
22 19
23 19
23 18
23 17
22 17
22 18
21 18
22 18
21 18
20 18
21 18
20 18
21 18
22 18
21 18
22 18
22 17
22 16
22 17
23 17
23 18
24 18
24 17
25 17
25 18
24 18
25 18
25 17
25 18
24 18
23 18
23 17
24 17
23 17
23 16
22 16
22 15
22 14
22 15
21 15
21 16
21 17
21 18
22 18
21 18
20 18
20 17
21 17
20 17
21 17
21 18
22 18
21 18
21 17
20 17
19 17
18 17
17 17
18 17
19 17
19 18
18 18
17 18
17 17
16 17
16 18
16 19
16 20
15 20
16 20
15 20
15 19
15 18
15 17
15 18
14 18
14 19
14 20
15 20
16 20
17 20
17 19
17 20
17 21
17 20
16 20
17 20
17 19
16 19
16 18
16 19
17 19
17 18
18 18
17 18
17 17
17 18
18 18
18 19
18 18
18 19
18 20
18 19
18 20
17 20
17 21
17 20
16 20
16 21
17 21
17 20
17 21
16 21
16 22
17 22
18 22
18 21
18 20
19 20
19 19
19 18
19 17
18 17
17 17
18 17
18 18
18 19
17 19
18 19
19 19
20 19
20 18
21 18
21 17
22 17
23 17
22 17
23 17
24 17
24 16
24 17
24 16
24 15
25 15
26 15
27 15
26 15
26 16
26 17
26 16
26 17
25 17
26 17
25 17
25 18
25 17
26 17
26 16
27 16
27 17
26 17
27 17
27 16
26 16
25 16
24 16
24 17
24 18
24 19
25 19
26 19
27 19
26 19
26 20
26 21
25 21
25 20
26 20
25 20
25 19
25 18
24 18
24 17
24 18
25 18
25 17
25 18
25 17
24 17
24 16
25 16
25 15
26 15
27 15
27 14
28 14
29 14
29 15
29 14
28 14
28 15
28 14
27 14
27 15
27 14
27 13
26 13
26 12
27 12
28 12
28 11
28 10
29 10
30 10
29 10
29 11
29 12
30 12
30 11
30 12
31 12
32 12
32 13
32 14
33 14
34 14
35 14
35 15
36 15
35 15
34 15
33 15
33 14
32 14
31 14
31 13
31 12
31 13
31 14
30 14
30 15
30 14
31 14
32 14
32 15
33 15
33 14
33 13
34 13
35 13
36 13
37 13
36 13
36 14
36 13
36 14
35 14
35 15
35 14
34 14
35 14
35 13
35 14
34 14
34 13
33 13
32 13
31 13
31 12
30 12
29 12
29 13
29 14
29 13
29 12
29 13
29 12
30 12
31 12
31 11
30 11
31 11
30 11
29 11
28 11
27 11
28 11
29 11
29 10
29 11
29 10
30 10
31 10
32 10
33 10
33 11
33 12
33 13
32 13
33 13
33 12
33 11
34 11
35 11
35 12
34 12
34 13
34 12
33 12
34 12
35 12
34 12
33 12
33 13
34 13
35 13
36 13
37 13
38 13
38 14
39 14
39 15
40 15
40 16
39 16
39 15
39 16
39 17
38 17
38 16
37 16
36 16
37 16
37 17
36 17
36 18
37 18
37 19
38 19
38 20
39 20
39 21
40 21
41 21
40 21
41 21
42 21
43 21
42 21
43 21
44 21
45 21
45 20
45 21
45 20
45 19
45 20
44 20
45 20
46 20
47 20
48 20
48 21
48 20
48 19
48 20
49 20
48 20
48 21
48 22
47 22
47 21
46 21
47 21
47 20
48 20
48 19
49 19
49 18
49 19
48 19
48 18
49 18
50 18
49 18
48 18
48 19
47 19
48 19
49 19
50 19
50 18
50 17
50 16
50 17
50 16
51 16
51 17
52 17
53 17
53 16
52 16
51 16
51 15
51 16
52 16
51 16
51 17
51 16
51 15
51 14
52 14
52 13
52 14
52 15
52 14
52 13
52 14
51 14
51 13
52 13
53 13
52 13
52 14
52 13
52 12
53 12
54 12
53 12
54 12
54 11
53 11
54 11
54 12
54 11
54 10
53 10
53 9
53 8
52 8
52 7
53 7
53 8
52 8
53 8
52 8
52 7
51 7
52 7
52 6
51 6
51 5
52 5
52 6
51 6
51 7
52 7
52 6
52 5
52 6
51 6
51 7
51 6
51 5
51 4
52 4
52 3
52 4
53 4
54 4
55 4
54 4
54 5
54 4
55 4
54 4
55 4
54 4
55 4
54 4
54 3
53 3
53 4
54 4
55 4
54 4
54 3
53 3
52 3
52 2
51 2
52 2
53 2
53 1
53 2
53 1
52 1
52 2
53 2
53 1
53 0
52 0
53 0
52 0
52 1
53 1
54 1
54 2
53 2
54 2
54 3
54 2
54 1
54 0
53 0
54 0
54 1
53 1
52 1
52 0
52 1
51 1
52 1
53 1
53 0
53 1
53 0
53 1
53 0
52 0
53 0
53 1
53 0
53 1
54 1
53 1
52 1
51 1
51 2
51 1
52 1
52 2
52 1
51 1
50 1
50 0
51 0
52 0
53 0
53 1
53 0
54 0
55 0
55 1
54 1
54 2
55 2
56 2
56 1
55 1
55 0
55 1
55 2
56 2
57 2
57 1
56 1
55 1
55 2
56 2
55 2
55 1
55 0
54 0
54 1
55 1
56 1
56 2
56 1
56 0
55 0
55 1
54 1
54 2
55 2
54 2
54 3
53 3
53 4
54 4
54 5
55 5
55 4
55 3
55 2
54 2
55 2
54 2
55 2
55 1
55 2
55 3
55 2
54 2
55 2
56 2
55 2
56 2
57 2
56 2
55 2
55 1
54 1
54 0
55 0
54 0
53 0
