0 0
0 1
1 1
1 2
0 2
0 1
1 1
0 1
1 1
0 1
0 0
1 0
1 1
2 1
2 0
2 1
1 1
0 1
0 2
1 2
1 1
2 1
2 0
2 1
2 0
3 0
4 0
4 1
4 2
3 2
4 2
4 3
4 2
4 1
4 0
3 0
3 1
4 1
4 2
5 2
6 2
6 3
7 3
7 4
7 3
7 2
8 2
8 3
8 2
8 1
8 0
7 0
6 0
6 1
7 1
7 0
8 0
9 0
8 0
9 0
9 1
8 1
8 0
7 0
6 0
6 1
6 2
7 2
8 2
8 1
8 2
7 2
7 3
7 2
8 2
8 3
8 2
8 3
8 4
7 4
7 3
6 3
6 2
6 3
7 3
8 3
7 3
8 3
8 4
7 4
6 4
7 4
8 4
7 4
8 4
8 3
8 4
8 5
8 4
8 5
9 5
9 6
9 7
10 7
11 7
12 7
11 7
10 7
9 7
9 6
10 6
11 6
12 6
11 6
11 7
10 7
10 8
10 7
10 6
10 7
11 7
12 7
12 8
13 8
14 8
14 7
15 7
15 6
14 6
15 6
14 6
15 6
15 5
15 4
16 4
17 4
18 4
17 4
18 4
19 4
18 4
19 4
18 4
19 4
19 3
18 3
19 3
19 2
19 1
19 2
19 1
19 2
20 2
20 1
21 1
22 1
22 0
21 0
20 0
21 0
22 0
22 1
23 1
23 2
24 2
24 3
24 2
24 1
25 1
26 1
26 2
26 1
26 2
27 2
27 3
28 3
27 3
26 3
26 2
27 2
28 2
28 1
27 1
26 1
27 1
26 1
26 2
26 3
26 4
26 3
26 2
27 2
27 1
28 1
28 2
29 2
29 3
28 3
28 2
27 2
27 3
27 2
26 2
27 2
28 2
28 3
29 3
29 2
30 2
30 3
29 3
29 2
29 3
29 2
30 2
29 2
29 1
28 1
28 2
29 2
29 3
29 4
30 4
30 3
29 3
29 4
29 3
28 3
29 3
28 3
29 3
29 4
29 5
30 5
31 5
30 5
30 6
30 7
31 7
31 8
32 8
33 8
33 9
32 9
31 9
32 9
32 10
33 10
33 9
34 9
34 10
34 11
34 12
34 13
35 13
35 12
34 12
34 11
34 12
33 12
34 12
34 11
35 11
35 12
34 12
33 12
34 12
35 12
35 13
35 12
35 13
35 14
36 14
35 14
35 15
35 16
35 15
36 15
35 15
36 15
37 15
37 16
36 16
35 16
35 17
35 16
35 17
35 18
36 18
37 18
36 18
36 19
35 19
34 19
33 19
32 19
32 20
32 21
33 21
33 20
32 20
31 20
31 21
31 20
31 21
30 21
30 20
31 20
31 19
32 19
33 19
33 18
33 19
34 19
34 18
34 17
33 17
32 17
32 16
33 16
33 15
32 15
32 14
32 13
33 13
32 13
33 13
33 12
33 11
33 12
32 12
33 12
33 11
33 10
33 11
33 12
33 13
34 13
34 12
35 12
34 12
33 12
33 11
33 12
33 13
32 13
33 13
33 14
34 14
34 15
34 16
34 17
34 16
35 16
34 16
33 16
33 17
33 16
34 16
35 16
35 15
34 15
34 14
33 14
33 13
33 12
33 13
33 12
32 12
33 12
32 12
33 12
34 12
34 13
34 12
33 12
34 12
35 12
35 11
36 11
35 11
34 11
33 11
33 12
33 13
33 12
33 11
33 10
32 10
33 10
33 9
34 9
34 8
34 9
35 9
35 8
36 8
37 8
37 9
37 10
36 10
35 10
35 11
35 10
35 11
36 11
35 11
35 12
36 12
37 12
37 11
37 10
36 10
36 11
36 10
36 11
36 10
37 10
37 9
37 10
38 10
37 10
37 11
37 12
36 12
36 13
36 12
36 13
35 13
34 13
33 13
32 13
33 13
33 12
32 12
32 11
31 11
31 10
31 9
32 9
32 8
31 8
32 8
32 7
32 6
31 6
31 7
32 7
32 8
31 8
30 8
30 7
29 7
29 6
28 6
27 6
27 7
26 7
27 7
27 6
28 6
28 5
28 4
27 4
26 4
26 3
26 4
26 3
25 3
24 3
24 4
24 5
23 5
23 4
23 5
22 5
22 6
22 7
23 7
24 7
25 7
24 7
23 7
23 8
24 8
25 8
26 8
26 9
25 9
25 8
25 9
25 10
25 9
26 9
26 10
27 10
26 10
26 11
27 11
26 11
27 11
28 11
29 11
29 10
28 10
27 10
27 9
27 8
26 8
26 7
26 6
25 6
25 7
24 7
25 7
25 6
25 5
24 5
24 4
23 4
22 4
22 3
21 3
21 2
21 3
21 4
20 4
20 5
19 5
20 5
20 6
20 7
20 8
19 8
20 8
20 7
19 7
20 7
19 7
19 8
19 9
20 9
20 8
19 8
18 8
18 9
18 10
18 11
19 11
20 11
20 10
21 10
21 11
21 10
21 11
21 10
20 10
20 11
20 10
19 10
18 10
19 10
19 9
18 9
18 10
18 11
19 11
20 11
21 11
21 12
21 11
22 11
22 12
21 12
22 12
21 12
21 13
21 14
21 15
20 15
19 15
18 15
18 14
19 14
20 14
19 14
18 14
18 13
19 13
20 13
20 14
19 14
19 13
19 12
19 11
19 12
19 11
18 11
17 11
17 12
16 12
16 11
17 11
18 11
18 12
18 13
19 13
19 12
19 11
19 12
19 13
18 13
18 14
18 15
17 15
17 14
18 14
19 14
18 14
17 14
16 14
17 14
17 15
18 15
18 14
19 14
20 14
21 14
20 14
21 14
21 13
21 14
21 15
21 14
22 14
22 15
22 16
23 16
24 16
23 16
23 15
24 15
24 16
24 17
23 17
23 16
23 15
23 16
23 17
23 18
24 18
25 18
26 18
26 19
27 19
27 20
27 19
27 20
26 20
27 20
27 21
27 20
27 19
27 18
28 18
28 17
28 16
28 15
28 14
27 14
27 15
26 15
27 15
28 15
28 16
29 16
30 16
30 17
30 18
29 18
29 17
29 18
29 17
29 18
29 17
30 17
31 17
32 17
31 17
31 18
30 18
29 18
30 18
30 19
29 19
29 18
28 18
28 17
28 18
28 17
29 17
30 17
30 16
30 17
31 17
30 17
29 17
30 17
31 17
32 17
32 16
31 16
31 15
30 15
29 15
29 16
29 15
29 14
29 13
29 14
30 14
30 15
29 15
30 15
30 14
30 13
30 12
31 12
32 12
33 12
33 11
33 10
34 10
35 10
36 10
35 10
35 11
34 11
34 10
35 10
36 10
36 11
36 12
36 11
36 10
37 10
36 10
35 10
35 11
35 10
36 10
36 9
35 9
35 8
34 8
35 8
34 8
35 8
35 9
35 8
34 8
34 9
34 10
34 11
35 11
35 10
35 11
35 12
36 12
37 12
37 13
36 13
36 14
35 14
35 13
35 14
34 14
33 14
33 13
34 13
35 13
36 13
37 13
36 13
37 13
38 13
38 14
37 14
37 13
37 12
37 11
37 12
37 11
36 11
35 11
35 10
35 11
34 11
34 10
33 10
33 9
34 9
34 10
34 11
34 12
34 13
35 13
35 12
36 12
37 12
37 13
37 14
38 14
39 14
39 13
38 13
38 14
39 14
39 13
39 14
39 13
39 12
39 13
38 13
38 12
39 12
40 12
39 12
39 13
39 14
39 13
40 13
41 13
41 12
41 13
40 13
41 13
40 13
40 12
40 11
41 11
41 12
41 13
41 12
41 13
41 12
41 11
41 10
42 10
43 10
42 10
41 10
41 9
41 10
41 11
41 12
42 12
43 12
44 12
43 12
42 12
42 13
42 12
43 12
43 11
43 10
42 10
42 9
42 10
42 11
42 10
42 11
43 11
44 11
45 11
45 12
45 11
44 11
43 11
43 12
43 13
43 12
42 12
43 12
44 12
44 11
44 12
44 11
44 12
45 12
45 11
45 10
44 10
44 11
44 12
45 12
46 12
46 13
46 12
46 11
46 12
46 11
46 12
46 11
46 10
45 10
45 9
45 8
45 7
45 6
45 7
44 7
44 8
43 8
42 8
42 9
42 10
43 10
42 10
42 11
43 11
43 10
44 10
45 10
44 10
44 11
44 12
44 11
43 11
43 10
43 11
44 11
45 11
45 12
44 12
44 13
44 14
44 15
44 14
44 13
43 13
43 14
43 13
44 13
45 13
46 13
46 12
47 12
48 12
48 13
47 13
47 14
46 14
46 15
46 16
46 17
45 17
45 16
45 17
44 17
44 18
45 18
44 18
44 19
45 19
45 20
44 20
43 20
43 19
44 19
44 18
45 18
46 18
46 19
46 20
46 19
46 20
45 20
44 20
43 20
42 20
41 20
41 21
41 20
41 19
40 19
41 19
42 19
42 20
43 20
44 20
44 19
45 19
46 19
47 19
47 20
48 20
47 20
47 19
47 18
