0 0
0 1
0 0
1 0
2 0
2 1
2 2
2 3
1 3
0 3
0 2
0 3
1 3
2 3
3 3
3 2
2 2
3 2
4 2
4 1
4 0
4 1
3 1
2 1
1 1
0 1
1 1
2 1
3 1
3 2
4 2
5 2
4 2
3 2
2 2
3 2
3 3
3 2
3 1
2 1
2 2
2 1
2 2
1 2
1 1
1 2
0 2
1 2
1 3
0 3
1 3
0 3
1 3
1 2
1 3
1 4
2 4
1 4
1 3
2 3
2 4
2 3
2 2
3 2
3 3
3 4
4 4
5 4
5 5
5 6
6 6
7 6
7 5
8 5
7 5
8 5
9 5
8 5
9 5
9 4
9 3
8 3
9 3
10 3
11 3
10 3
10 4
11 4
12 4
11 4
11 5
12 5
12 6
13 6
13 7
13 6
12 6
12 5
11 5
11 6
11 5
12 5
12 4
12 3
12 4
12 3
12 2
13 2
14 2
14 3
15 3
15 4
14 4
14 3
15 3
16 3
16 2
16 3
16 2
16 3
16 4
17 4
17 3
16 3
17 3
16 3
16 4
16 3
16 4
16 3
17 3
17 2
16 2
17 2
17 3
17 4
16 4
16 3
16 2
17 2
17 3
16 3
17 3
17 2
17 1
16 1
16 0
17 0
16 0
17 0
16 0
16 1
17 1
17 0
16 0
15 0
16 0
17 0
17 1
17 2
16 2
16 3
16 2
16 1
15 1
14 1
14 0
14 1
15 1
16 1
16 0
17 0
18 0
19 0
20 0
19 0
20 0
20 1
21 1
20 1
21 1
22 1
22 0
22 1
22 0
23 0
23 1
24 1
23 1
22 1
21 1
21 0
21 1
20 1
20 2
20 1
20 2
20 1
19 1
18 1
19 1
18 1
17 1
18 1
18 0
19 0
19 1
19 2
18 2
17 2
17 3
18 3
18 4
18 5
19 5
20 5
19 5
18 5
17 5
18 5
19 5
19 4
20 4
20 5
19 5
18 5
17 5
17 6
18 6
19 6
20 6
21 6
21 5
21 6
20 6
20 7
20 8
19 8
18 8
19 8
18 8
19 8
18 8
19 8
19 7
18 7
18 8
19 8
18 8
19 8
18 8
18 7
18 8
17 8
17 9
17 8
18 8
17 8
17 9
18 9
18 10
18 11
19 11
20 11
21 11
21 12
22 12
23 12
23 11
22 11
22 12
22 11
22 12
22 13
23 13
24 13
25 13
25 14
26 14
25 14
25 15
25 16
26 16
26 15
26 14
26 15
26 16
27 16
27 15
28 15
29 15
29 14
29 13
28 13
28 14
29 14
28 14
28 15
28 14
28 13
28 14
28 15
29 15
30 15
29 15
28 15
28 14
29 14
29 13
29 12
29 13
30 13
30 14
30 13
30 14
31 14
31 13
32 13
33 13
32 13
32 14
31 14
32 14
33 14
33 15
33 14
32 14
32 13
32 14
32 15
31 15
32 15
32 14
32 15
33 15
33 14
33 15
32 15
31 15
32 15
32 16
32 17
32 16
31 16
31 15
30 15
29 15
29 14
29 13
30 13
29 13
28 13
28 14
27 14
26 14
27 14
28 14
28 13
28 14
28 15
28 14
29 14
30 14
30 13
30 12
31 12
31 11
31 10
32 10
33 10
33 9
32 9
32 8
32 7
31 7
31 6
31 5
30 5
29 5
28 5
28 4
28 5
29 5
29 6
28 6
27 6
26 6
25 6
25 7
25 8
25 7
26 7
26 6
26 7
26 8
26 9
27 9
28 9
28 8
28 7
29 7
29 8
28 8
28 9
27 9
27 8
26 8
25 8
26 8
25 8
26 8
27 8
27 7
26 7
25 7
24 7
25 7
26 7
26 8
26 7
26 6
26 7
26 8
26 7
26 6
27 6
27 7
27 8
28 8
27 8
26 8
26 7
27 7
27 6
27 5
28 5
28 6
28 7
29 7
28 7
28 8
28 9
28 8
27 8
27 7
27 6
26 6
26 7
26 8
26 9
26 10
26 11
25 11
24 11
25 11
25 12
26 12
25 12
25 11
25 12
26 12
25 12
25 11
24 11
24 10
23 10
23 9
24 9
24 8
25 8
25 9
24 9
23 9
23 10
23 9
22 9
21 9
21 8
20 8
21 8
20 8
20 9
20 10
19 10
19 11
19 12
19 11
19 10
18 10
19 10
19 9
20 9
21 9
22 9
22 8
22 7
23 7
24 7
24 6
23 6
23 7
23 6
23 5
22 5
22 4
22 5
22 4
23 4
22 4
22 3
22 2
22 3
22 2
23 2
22 2
22 3
22 2
23 2
23 1
23 2
24 2
24 1
24 2
23 2
23 3
23 2
23 3
23 2
24 2
24 3
25 3
25 2
24 2
25 2
25 1
25 2
25 3
25 4
24 4
23 4
23 5
23 6
24 6
24 5
23 5
23 4
23 5
22 5
22 4
22 5
23 5
23 4
24 4
24 5
24 4
25 4
26 4
27 4
27 3
27 2
28 2
28 1
29 1
29 2
29 1
29 0
29 1
29 2
30 2
30 3
31 3
31 2
31 1
30 1
30 2
30 3
31 3
31 4
31 5
31 4
31 5
30 5
30 6
29 6
29 7
29 6
28 6
27 6
27 7
26 7
26 6
27 6
26 6
26 5
26 4
26 5
27 5
26 5
27 5
27 6
27 7
28 7
28 8
28 9
27 9
27 8
28 8
29 8
29 7
29 6
28 6
28 7
27 7
28 7
28 8
29 8
29 7
29 6
28 6
28 5
27 5
27 6
26 6
26 7
26 8
26 7
27 7
27 6
27 5
27 4
26 4
27 4
27 5
28 5
29 5
29 4
29 5
28 5
28 4
29 4
29 3
28 3
28 4
27 4
26 4
26 3
25 3
26 3
26 4
25 4
25 3
25 4
24 4
24 3
23 3
23 4
23 5
22 5
23 5
23 6
22 6
21 6
21 5
21 4
21 5
22 5
23 5
24 5
24 4
24 3
24 4
24 5
25 5
26 5
26 4
25 4
25 3
26 3
26 2
26 1
27 1
26 1
27 1
27 2
27 3
27 2
28 2
28 1
28 2
28 1
29 1
28 1
29 1
29 2
29 3
28 3
28 2
28 3
27 3
27 4
26 4
26 5
25 5
26 5
26 6
26 5
25 5
24 5
24 4
24 5
24 4
24 5
24 4
25 4
26 4
26 3
25 3
26 3
26 2
25 2
24 2
24 3
23 3
23 4
22 4
21 4
21 5
21 4
20 4
21 4
21 3
21 2
20 2
19 2
20 2
20 3
21 3
21 2
22 2
21 2
22 2
21 2
22 2
21 2
21 1
21 2
22 2
21 2
22 2
23 2
24 2
23 2
24 2
24 1
23 1
24 1
25 1
25 2
26 2
26 1
26 0
26 1
26 2
25 2
25 3
24 3
24 2
25 2
26 2
25 2
24 2
25 2
26 2
27 2
27 3
27 4
27 3
27 4
27 3
28 3
28 2
29 2
29 1
29 0
29 1
30 1
30 2
30 1
30 2
30 3
31 3
31 4
31 3
31 4
31 5
32 5
32 4
32 5
31 5
31 4
32 4
31 4
31 3
32 3
33 3
34 3
34 2
34 3
34 2
34 1
33 1
32 1
31 1
31 2
30 2
30 1
31 1
30 1
29 1
29 2
30 2
30 1
31 1
31 2
30 2
29 2
30 2
29 2
30 2
30 3
29 3
30 3
31 3
30 3
30 4
30 3
29 3
30 3
30 2
30 1
30 0
29 0
28 0
28 1
28 2
27 2
27 3
26 3
27 3
28 3
27 3
28 3
29 3
30 3
30 4
30 5
29 5
29 6
29 5
28 5
27 5
27 6
28 6
28 5
28 6
28 5
29 5
29 4
30 4
30 3
30 2
29 2
29 1
28 1
28 2
28 3
29 3
30 3
31 3
30 3
30 2
30 1
31 1
31 2
30 2
30 1
31 1
31 2
30 2
30 1
30 2
30 3
30 2
31 2
31 1
31 2
32 2
32 3
33 3
33 2
34 2
35 2
35 3
35 4
35 5
35 4
36 4
37 4
38 4
38 5
38 4
39 4
38 4
37 4
36 4
35 4
35 3
35 2
35 1
36 1
35 1
35 2
35 3
36 3
35 3
35 2
34 2
35 2
36 2
36 3
35 3
34 3
35 3
35 4
36 4
35 4
34 4
34 5
34 4
34 3
34 2
35 2
35 3
35 2
36 2
36 3
35 3
34 3
35 3
36 3
35 3
34 3
35 3
36 3
37 3
38 3
39 3
39 2
40 2
40 3
41 3
40 3
40 4
40 3
41 3
42 3
41 3
41 4
41 5
42 5
42 4
42 3
42 4
43 4
43 5
44 5
43 5
42 5
42 4
42 3
41 3
40 3
41 3
41 2
41 3
41 2
42 2
43 2
43 1
42 1
41 1
41 0
40 0
41 0
41 1
40 1
40 2
41 2
41 1
40 1
