0 0
0 1
1 1
2 1
2 0
3 0
4 0
3 0
2 0
2 1
2 0
1 0
1 1
1 2
0 2
1 2
1 1
0 1
0 2
1 2
2 2
2 1
1 1
1 2
1 1
1 0
0 0
1 0
1 1
0 1
0 2
1 2
1 3
0 3
1 3
1 2
1 1
1 2
1 3
0 3
1 3
1 4
1 3
1 4
1 5
0 5
0 4
0 5
1 5
2 5
3 5
3 6
2 6
2 7
1 7
1 8
0 8
0 9
0 8
1 8
2 8
2 7
1 7
2 7
3 7
3 6
2 6
1 6
2 6
3 6
2 6
1 6
2 6
3 6
2 6
2 7
3 7
2 7
2 8
3 8
2 8
3 8
3 9
4 9
5 9
4 9
4 8
4 7
5 7
4 7
4 6
5 6
5 7
5 6
5 7
6 7
5 7
5 6
5 5
4 5
4 6
4 5
4 6
4 7
4 6
5 6
6 6
7 6
8 6
7 6
7 7
6 7
5 7
5 6
5 7
5 8
5 9
5 10
4 10
4 11
4 12
4 11
5 11
6 11
6 12
6 11
6 12
6 11
6 10
7 10
6 10
6 11
7 11
7 12
8 12
9 12
8 12
8 11
9 11
9 10
8 10
7 10
7 11
8 11
9 11
9 10
9 9
10 9
9 9
9 8
8 8
8 7
8 6
9 6
9 7
8 7
8 6
7 6
8 6
7 6
8 6
7 6
8 6
7 6
6 6
7 6
6 6
6 7
5 7
4 7
5 7
4 7
4 6
3 6
3 5
4 5
5 5
6 5
7 5
7 4
7 3
6 3
6 2
6 1
5 1
5 2
5 3
4 3
4 4
4 5
4 4
4 3
4 2
3 2
2 2
3 2
4 2
4 1
4 2
5 2
5 1
5 2
6 2
5 2
5 1
5 0
6 0
6 1
5 1
5 0
5 1
6 1
6 2
7 2
7 3
8 3
7 3
8 3
7 3
7 2
7 3
8 3
7 3
7 2
7 1
7 2
7 3
8 3
8 4
8 5
8 4
8 5
8 6
7 6
7 5
6 5
6 4
6 5
5 5
5 6
5 7
5 8
4 8
3 8
4 8
5 8
6 8
6 7
7 7
6 7
7 7
7 8
7 9
8 9
8 10
8 9
7 9
7 10
7 11
7 12
6 12
6 11
6 10
5 10
5 9
5 10
6 10
6 11
7 11
6 11
5 11
4 11
3 11
4 11
4 12
4 13
3 13
3 14
3 15
3 16
4 16
5 16
5 17
5 16
4 16
3 16
4 16
4 15
4 16
3 16
3 17
2 17
1 17
0 17
0 16
0 17
0 18
0 17
1 17
1 18
1 17
1 18
1 17
0 17
0 18
1 18
1 17
1 16
1 15
0 15
1 15
1 16
1 17
1 18
1 19
1 20
2 20
2 19
1 19
2 19
3 19
4 19
4 20
4 19
5 19
6 19
6 18
6 17
6 18
6 17
7 17
6 17
6 16
7 16
7 15
6 15
5 15
5 14
5 13
5 14
5 15
6 15
6 16
6 17
6 16
6 15
5 15
5 14
5 15
5 14
4 14
4 13
3 13
4 13
5 13
6 13
5 13
4 13
5 13
5 14
5 13
6 13
6 14
7 14
7 13
6 13
6 14
7 14
7 15
6 15
7 15
6 15
6 16
5 16
5 17
5 16
4 16
4 17
4 16
3 16
2 16
2 15
2 14
3 14
3 15
2 15
3 15
4 15
4 16
4 17
4 16
4 15
5 15
4 15
3 15
2 15
2 16
2 15
2 14
2 13
3 13
2 13
2 14
3 14
4 14
4 15
5 15
5 16
6 16
5 16
4 16
4 17
4 18
5 18
5 19
5 18
6 18
6 17
6 18
6 19
6 18
6 19
6 20
6 21
5 21
5 22
5 23
4 23
4 24
4 25
3 25
3 26
2 26
2 27
2 28
3 28
2 28
2 29
2 30
3 30
3 29
4 29
4 28
4 29
4 28
4 29
4 30
4 31
4 32
3 32
4 32
3 32
4 32
3 32
3 31
3 32
2 32
2 33
1 33
0 33
0 32
0 31
1 31
2 31
2 32
2 33
1 33
1 34
1 33
1 32
0 32
0 33
1 33
1 32
1 31
1 32
1 31
0 31
0 30
1 30
1 29
1 30
0 30
0 29
1 29
2 29
2 30
2 31
2 30
2 31
1 31
2 31
2 32
2 33
2 34
1 34
1 33
1 34
0 34
1 34
1 33
2 33
2 32
1 32
1 33
2 33
2 34
2 35
1 35
2 35
3 35
3 34
3 35
4 35
3 35
4 35
4 36
3 36
4 36
5 36
5 35
4 35
4 34
4 35
3 35
3 36
4 36
3 36
3 35
2 35
1 35
0 35
0 34
0 35
0 34
0 33
0 32
1 32
1 33
1 34
2 34
2 33
2 32
3 32
3 31
4 31
3 31
3 30
4 30
3 30
3 31
3 32
3 33
2 33
2 34
1 34
1 33
2 33
2 34
2 33
2 34
2 33
1 33
1 34
0 34
0 33
1 33
0 33
0 34
0 33
0 32
0 33
0 34
1 34
1 33
1 32
0 32
0 31
0 30
1 30
0 30
1 30
2 30
1 30
0 30
1 30
1 31
1 30
2 30
3 30
4 30
5 30
4 30
4 29
5 29
5 28
5 27
6 27
6 26
7 26
6 26
6 27
6 28
6 29
6 30
6 29
5 29
5 30
5 29
6 29
6 28
7 28
7 27
7 28
7 27
8 27
8 28
8 29
8 30
8 31
8 32
8 31
9 31
10 31
10 32
10 31
10 32
10 31
9 31
10 31
10 30
10 29
9 29
8 29
8 30
7 30
8 30
9 30
8 30
8 29
9 29
8 29
8 30
8 31
8 30
8 31
9 31
10 31
11 31
10 31
10 32
9 32
9 33
10 33
9 33
10 33
10 32
10 31
10 32
9 32
8 32
9 32
9 31
9 30
9 29
8 29
7 29
7 30
7 29
7 28
7 29
7 30
8 30
7 30
8 30
8 29
7 29
7 28
7 29
7 30
6 30
7 30
6 30
6 31
6 32
7 32
8 32
9 32
8 32
8 31
7 31
7 32
7 33
6 33
6 32
6 33
6 32
6 33
6 32
5 32
5 33
6 33
6 32
6 33
7 33
7 32
6 32
7 32
7 31
7 32
6 32
6 33
5 33
4 33
4 34
3 34
2 34
1 34
1 33
1 32
2 32
1 32
0 32
1 32
2 32
2 31
1 31
2 31
2 30
2 29
3 29
3 30
3 31
3 30
4 30
5 30
5 31
5 30
4 30
4 29
4 28
4 29
3 29
4 29
4 28
5 28
6 28
6 27
5 27
4 27
5 27
5 28
4 28
4 29
3 29
3 28
2 28
1 28
1 29
1 28
0 28
1 28
1 29
0 29
1 29
0 29
0 30
0 29
0 30
1 30
2 30
1 30
2 30
3 30
3 29
3 28
3 27
3 28
2 28
2 27
2 28
3 28
3 29
3 28
2 28
2 27
2 28
2 29
1 29
1 30
1 31
2 31
2 30
3 30
3 31
3 32
3 33
3 34
4 34
3 34
2 34
2 35
1 35
0 35
0 34
1 34
1 33
2 33
2 34
1 34
0 34
1 34
2 34
1 34
1 33
1 32
1 33
0 33
1 33
2 33
3 33
3 32
3 31
4 31
5 31
5 32
5 31
6 31
7 31
7 32
6 32
6 31
6 32
6 33
5 33
6 33
6 32
5 32
4 32
5 32
4 32
5 32
6 32
6 33
7 33
8 33
8 32
7 32
8 32
8 33
8 32
9 32
8 32
8 33
9 33
10 33
9 33
9 34
9 33
10 33
10 34
10 33
10 34
9 34
9 33
8 33
8 32
8 33
9 33
9 34
10 34
11 34
11 35
10 35
10 34
10 33
11 33
10 33
9 33
10 33
9 33
10 33
11 33
11 32
12 32
12 33
12 34
11 34
10 34
9 34
9 35
9 36
10 36
9 36
10 36
11 36
10 36
9 36
9 37
10 37
11 37
11 38
10 38
10 37
11 37
11 38
11 39
11 40
11 39
11 38
12 38
12 39
12 38
13 38
14 38
13 38
13 37
12 37
11 37
12 37
12 36
13 36
12 36
12 37
13 37
13 38
13 39
13 40
13 41
12 41
13 41
14 41
14 42
13 42
12 42
13 42
13 43
13 42
13 41
13 40
14 40
14 41
13 41
14 41
14 40
14 41
13 41
13 42
12 42
11 42
11 41
10 41
9 41
8 41
9 41
8 41
9 41
10 41
10 42
11 42
12 42
12 41
12 40
12 41
12 40
12 39
13 39
13 40
14 40
15 40
16 40
16 39
16 40
16 39
15 39
15 40
16 40
16 39
17 39
18 39
19 39
19 40
18 40
19 40
19 39
19 40
18 40
17 40
16 40
17 40
17 41
17 42
16 42
17 42
18 42
19 42
18 42
17 42
17 41
17 40
