0 0
0 1
1 1
0 1
0 0
1 0
1 1
0 1
0 2
0 1
0 0
1 0
1 1
1 0
1 1
0 1
0 0
1 0
1 1
0 1
1 1
1 2
1 1
1 0
1 1
2 1
1 1
1 0
1 1
2 1
2 0
3 0
2 0
1 0
1 1
2 1
2 2
2 3
2 4
1 4
1 5
1 6
1 5
2 5
3 5
3 6
3 5
2 5
2 4
1 4
2 4
2 5
1 5
1 6
1 7
2 7
1 7
1 6
2 6
2 7
3 7
3 6
3 7
3 6
2 6
2 7
2 6
2 7
2 6
1 6
2 6
2 5
3 5
4 5
3 5
3 6
2 6
1 6
1 7
2 7
2 8
2 9
3 9
2 9
3 9
4 9
4 8
3 8
3 7
3 8
3 7
2 7
3 7
3 8
2 8
3 8
3 9
4 9
4 10
5 10
6 10
7 10
8 10
9 10
8 10
8 11
8 12
8 11
9 11
9 12
9 11
8 11
9 11
8 11
8 10
9 10
9 9
10 9
10 10
10 9
10 10
10 11
11 11
11 12
11 13
10 13
9 13
9 12
10 12
9 12
9 13
9 12
8 12
9 12
8 12
9 12
9 11
9 12
9 13
8 13
8 14
7 14
6 14
6 15
6 14
6 13
5 13
5 12
4 12
4 11
3 11
2 11
2 12
2 13
3 13
2 13
2 14
2 13
2 14
2 15
2 14
1 14
2 14
1 14
0 14
1 14
0 14
0 15
1 15
1 16
1 15
2 15
3 15
2 15
2 16
2 17
3 17
3 18
4 18
3 18
4 18
4 17
4 18
3 18
2 18
2 19
1 19
1 18
2 18
2 17
2 16
1 16
1 15
2 15
3 15
3 16
4 16
4 15
3 15
2 15
3 15
4 15
5 15
4 15
5 15
5 16
6 16
6 15
7 15
7 16
7 17
7 16
7 17
7 18
7 17
8 17
7 17
8 17
8 16
9 16
9 17
10 17
10 16
9 16
8 16
8 15
7 15
7 16
7 15
8 15
7 15
7 16
7 15
7 16
6 16
6 17
6 16
6 15
6 16
6 17
6 18
5 18
4 18
4 19
4 20
5 20
5 19
5 20
6 20
6 21
6 22
7 22
8 22
8 23
8 22
9 22
8 22
8 21
8 20
8 21
7 21
7 20
7 21
6 21
7 21
7 20
6 20
5 20
5 21
5 22
6 22
5 22
5 21
6 21
6 22
6 23
6 24
7 24
6 24
7 24
8 24
9 24
9 25
9 24
9 23
10 23
10 22
10 21
10 22
9 22
9 23
9 24
8 24
7 24
7 23
7 24
6 24
7 24
8 24
7 24
8 24
9 24
9 25
10 25
10 26
10 25
10 24
9 24
8 24
8 25
9 25
9 24
9 25
9 26
9 27
8 27
8 28
7 28
8 28
8 29
9 29
9 28
9 27
9 26
9 25
9 26
8 26
8 25
7 25
7 26
6 26
7 26
6 26
6 25
6 24
7 24
7 23
8 23
8 22
9 22
8 22
8 23
8 22
7 22
7 21
7 20
7 19
7 18
7 19
7 18
7 19
6 19
6 18
7 18
8 18
8 17
9 17
8 17
9 17
8 17
7 17
7 18
8 18
9 18
10 18
9 18
9 19
9 20
8 20
8 19
8 18
9 18
9 19
8 19
8 18
9 18
9 19
10 19
10 20
10 21
10 22
11 22
11 21
10 21
10 22
10 21
10 20
11 20
12 20
11 20
12 20
11 20
11 19
10 19
11 19
10 19
11 19
10 19
11 19
11 20
11 19
12 19
11 19
10 19
11 19
11 20
10 20
10 21
11 21
10 21
11 21
12 21
12 22
12 23
12 24
12 23
12 24
12 25
12 26
13 26
14 26
14 27
14 28
13 28
12 28
11 28
11 29
12 29
12 30
12 29
13 29
12 29
12 30
12 31
13 31
13 32
13 33
13 34
12 34
11 34
10 34
9 34
8 34
8 35
8 36
7 36
8 36
8 35
9 35
9 34
10 34
10 35
9 35
9 34
9 35
10 35
11 35
11 34
10 34
11 34
11 35
12 35
13 35
12 35
11 35
11 34
11 35
11 36
10 36
9 36
9 35
10 35
10 36
10 35
9 35
8 35
7 35
6 35
6 36
5 36
5 35
5 36
4 36
5 36
5 35
5 36
5 35
5 34
5 35
5 36
4 36
4 37
5 37
6 37
5 37
5 38
5 37
5 38
4 38
4 39
5 39
6 39
7 39
8 39
7 39
7 38
7 37
8 37
8 36
9 36
8 36
9 36
9 37
9 38
8 38
7 38
7 37
8 37
8 38
9 38
9 37
9 38
10 38
10 39
10 40
10 39
11 39
12 39
11 39
12 39
12 40
12 41
13 41
12 41
12 40
12 41
13 41
12 41
13 41
14 41
14 42
14 43
15 43
15 44
14 44
14 45
15 45
16 45
16 46
17 46
17 45
17 46
17 45
17 44
18 44
19 44
18 44
19 44
20 44
20 45
19 45
19 44
19 45
20 45
20 46
20 45
20 44
21 44
20 44
20 43
20 42
20 43
20 42
19 42
18 42
19 42
19 43
18 43
18 42
17 42
17 43
17 44
17 45
17 44
18 44
18 43
17 43
16 43
17 43
17 44
17 45
16 45
16 44
17 44
17 45
18 45
19 45
19 46
20 46
20 45
19 45
19 46
20 46
21 46
20 46
19 46
19 45
19 46
19 45
20 45
20 46
20 45
20 44
20 45
20 44
19 44
18 44
18 43
18 42
18 43
18 44
19 44
19 43
20 43
21 43
22 43
21 43
20 43
20 44
19 44
19 45
18 45
18 44
18 45
19 45
19 46
18 46
18 47
19 47
19 46
19 47
19 46
18 46
17 46
16 46
17 46
17 45
17 46
18 46
17 46
17 47
18 47
18 48
17 48
17 49
17 48
18 48
18 49
17 49
17 50
16 50
16 51
16 50
17 50
17 51
17 52
17 51
17 50
18 50
18 49
17 49
16 49
16 48
15 48
15 49
15 48
16 48
15 48
16 48
16 47
15 47
15 46
15 47
16 47
17 47
17 48
17 49
18 49
19 49
19 50
20 50
19 50
20 50
20 49
19 49
18 49
18 48
18 49
17 49
18 49
18 48
18 49
19 49
18 49
19 49
18 49
19 49
20 49
20 50
21 50
20 50
19 50
19 49
20 49
19 49
19 50
18 50
17 50
17 51
17 50
18 50
19 50
19 51
20 51
21 51
21 52
21 51
21 50
21 51
20 51
20 52
19 52
20 52
21 52
20 52
21 52
20 52
19 52
18 52
19 52
18 52
18 53
18 54
19 54
20 54
20 55
21 55
21 54
22 54
22 53
21 53
21 52
21 51
20 51
19 51
20 51
21 51
20 51
19 51
18 51
19 51
19 50
19 49
19 48
19 49
20 49
21 49
21 50
21 49
21 48
20 48
21 48
22 48
22 49
22 48
21 48
21 47
21 48
21 47
21 48
21 47
22 47
22 48
23 48
22 48
22 47
21 47
20 47
20 48
20 47
21 47
21 46
22 46
22 45
22 46
23 46
24 46
24 47
25 47
25 48
26 48
27 48
27 47
28 47
29 47
30 47
30 48
31 48
31 47
30 47
30 48
31 48
30 48
30 49
31 49
30 49
30 50
29 50
29 49
28 49
29 49
29 50
30 50
31 50
32 50
31 50
30 50
30 51
31 51
31 52
31 53
32 53
31 53
31 54
31 53
30 53
30 54
30 53
30 52
30 53
30 52
31 52
30 52
31 52
32 52
32 51
31 51
32 51
33 51
33 52
32 52
32 51
32 50
33 50
34 50
33 50
33 51
34 51
35 51
35 52
35 51
35 50
36 50
37 50
38 50
39 50
38 50
38 51
39 51
38 51
37 51
36 51
36 52
37 52
36 52
37 52
37 51
37 52
37 53
37 52
37 51
36 51
35 51
34 51
34 52
33 52
34 52
34 53
35 53
35 52
35 51
36 51
36 52
35 52
35 51
35 52
36 52
35 52
34 52
33 52
34 52
35 52
36 52
36 53
37 53
36 53
36 52
36 53
36 52
37 52
37 51
36 51
36 50
36 49
37 49
37 50
37 51
37 50
37 51
37 50
36 50
37 50
36 50
35 50
35 51
36 51
36 52
36 51
36 52
37 52
37 53
37 52
37 53
36 53
35 53
35 52
35 53
35 52
35 53
35 52
35 53
34 53
35 53
34 53
33 53
33 54
33 55
32 55
32 54
31 54
31 55
30 55
30 56
31 56
31 55
32 55
33 55
32 55
32 56
31 56
31 57
32 57
32 56
32 55
32 54
32 55
31 55
31 56
31 55
30 55
29 55
29 56
29 57
30 57
30 56
29 56
30 56
29 56
30 56
31 56
32 56
33 56
33 57
34 57
34 56
35 56
35 57
34 57
33 57
34 57
35 57
35 56
35 57
35 56
35 57
35 58
35 59
35 58
35 57
35 56
