0 0
1 0
1 1
2 1
2 0
3 0
4 0
5 0
5 1
4 1
4 0
5 0
6 0
7 0
8 0
8 1
8 0
8 1
8 0
8 1
8 0
8 1
8 0
9 0
9 1
9 0
10 0
9 0
8 0
7 0
8 0
7 0
6 0
6 1
6 0
6 1
6 2
6 3
5 3
4 3
5 3
6 3
5 3
4 3
4 4
4 3
4 4
4 5
5 5
4 5
3 5
3 4
2 4
1 4
2 4
3 4
4 4
5 4
6 4
7 4
7 3
6 3
6 4
5 4
6 4
6 5
6 4
7 4
8 4
7 4
7 3
7 2
8 2
7 2
6 2
7 2
7 3
8 3
9 3
10 3
10 4
10 3
10 2
9 2
8 2
8 1
9 1
9 2
9 3
9 4
8 4
8 3
8 2
8 1
8 2
7 2
6 2
6 3
6 4
6 3
7 3
7 4
7 5
8 5
7 5
7 4
8 4
7 4
8 4
8 3
9 3
9 2
8 2
8 1
8 0
8 1
9 1
10 1
11 1
11 2
11 1
11 2
12 2
13 2
14 2
14 3
13 3
12 3
11 3
11 4
11 5
11 4
11 3
11 4
12 4
12 5
12 6
11 6
11 7
10 7
11 7
11 8
10 8
10 9
10 8
10 9
10 8
10 7
11 7
11 8
12 8
12 9
13 9
14 9
14 8
15 8
15 7
14 7
14 6
15 6
16 6
16 5
15 5
15 4
14 4
15 4
16 4
15 4
14 4
13 4
12 4
11 4
11 3
12 3
11 3
10 3
11 3
12 3
13 3
13 2
12 2
11 2
10 2
10 3
11 3
10 3
10 4
10 3
10 4
10 3
9 3
9 4
8 4
7 4
7 5
6 5
6 4
5 4
5 3
5 4
6 4
5 4
5 5
6 5
5 5
6 5
6 4
5 4
5 3
4 3
4 2
3 2
4 2
4 3
5 3
4 3
3 3
3 2
3 3
2 3
3 3
3 4
2 4
2 5
1 5
1 4
1 3
1 2
1 1
1 2
0 2
0 1
1 1
2 1
1 1
0 1
0 2
1 2
1 3
0 3
0 4
0 5
0 6
0 7
1 7
1 6
1 7
2 7
2 6
2 5
2 4
2 5
3 5
3 4
3 3
3 4
3 5
4 5
5 5
6 5
6 4
6 3
6 2
7 2
7 3
7 2
6 2
6 1
5 1
5 2
5 1
5 0
6 0
5 0
5 1
4 1
4 2
4 3
3 3
2 3
2 4
3 4
3 5
2 5
2 6
2 5
1 5
0 5
1 5
0 5
1 5
0 5
0 6
1 6
0 6
0 5
0 6
0 5
1 5
1 6
0 6
0 5
0 6
0 5
0 6
0 7
0 8
0 7
0 8
0 7
0 8
0 9
1 9
1 10
1 11
0 11
1 11
1 10
1 9
2 9
1 9
2 9
3 9
3 10
4 10
4 11
4 12
5 12
5 11
6 11
6 10
6 9
5 9
5 10
6 10
6 11
5 11
5 12
6 12
5 12
5 13
6 13
6 14
6 13
5 13
5 12
4 12
4 13
3 13
3 12
4 12
3 12
3 13
3 14
3 13
4 13
5 13
5 12
4 12
4 13
4 14
5 14
6 14
6 13
7 13
6 13
5 13
6 13
7 13
8 13
8 12
8 11
9 11
9 10
8 10
9 10
8 10
8 11
9 11
9 12
9 11
10 11
10 12
9 12
10 12
11 12
10 12
11 12
12 12
12 11
12 10
13 10
14 10
14 11
15 11
14 11
14 12
14 11
15 11
15 12
16 12
16 11
17 11
17 10
17 9
16 9
16 10
17 10
16 10
16 11
16 12
16 13
17 13
16 13
16 14
15 14
14 14
15 14
16 14
16 13
15 13
15 12
16 12
16 11
16 10
16 11
16 10
16 11
16 10
15 10
15 9
15 10
15 9
15 10
15 9
15 10
14 10
14 11
14 10
14 11
13 11
13 10
13 11
12 11
11 11
11 12
11 11
12 11
13 11
14 11
13 11
13 12
13 11
13 10
13 11
14 11
15 11
16 11
16 12
16 13
17 13
17 12
17 11
16 11
16 12
16 13
16 14
16 15
17 15
17 14
18 14
18 13
18 12
18 13
18 14
18 13
17 13
16 13
16 14
17 14
17 15
17 16
17 15
18 15
18 14
18 15
18 16
18 17
17 17
18 17
18 18
17 18
17 19
16 19
16 20
15 20
15 19
15 20
15 19
15 18
14 18
15 18
15 19
15 18
14 18
13 18
13 17
13 16
14 16
13 16
12 16
13 16
13 15
12 15
11 15
11 14
11 13
10 13
10 12
10 11
9 11
9 12
10 12
10 13
10 12
10 13
10 12
9 12
8 12
7 12
7 11
7 10
7 11
8 11
9 11
9 12
9 13
10 13
10 12
11 12
10 12
10 11
10 12
11 12
12 12
13 12
13 13
13 12
12 12
12 13
13 13
14 13
13 13
12 13
13 13
14 13
14 12
15 12
15 13
15 12
15 11
15 10
15 11
14 11
14 10
13 10
13 11
13 12
14 12
14 13
13 13
13 14
13 15
14 15
14 16
14 15
14 16
13 16
12 16
11 16
12 16
12 17
12 18
12 19
12 20
13 20
12 20
11 20
10 20
10 19
10 18
10 19
10 20
9 20
8 20
8 19
7 19
8 19
8 20
7 20
7 21
6 21
6 20
5 20
5 21
5 20
5 21
5 20
5 21
6 21
7 21
8 21
8 22
8 21
8 20
9 20
8 20
8 21
7 21
6 21
6 22
7 22
7 23
7 24
7 25
7 24
7 25
8 25
8 26
8 27
8 28
8 29
8 30
8 31
7 31
8 31
9 31
10 31
11 31
11 30
11 31
11 32
11 33
10 33
10 34
10 33
11 33
11 32
10 32
10 33
10 32
10 31
9 31
10 31
11 31
11 32
12 32
12 33
12 32
12 33
11 33
11 32
12 32
12 33
11 33
10 33
10 34
10 35
11 35
10 35
9 35
9 36
8 36
8 35
8 36
8 35
7 35
8 35
7 35
7 34
7 35
7 36
6 36
5 36
6 36
5 36
5 35
5 36
6 36
5 36
4 36
5 36
5 35
5 34
5 35
6 35
5 35
5 36
4 36
5 36
5 37
5 36
6 36
6 35
6 34
6 35
7 35
8 35
8 34
8 33
8 32
8 33
8 32
9 32
10 32
10 33
10 32
10 31
9 31
9 32
10 32
9 32
9 31
8 31
8 32
8 33
8 32
7 32
7 31
6 31
7 31
7 32
7 33
7 34
7 33
8 33
8 32
8 31
8 32
8 31
7 31
7 32
8 32
9 32
9 33
8 33
8 34
9 34
8 34
9 34
9 35
10 35
9 35
9 34
10 34
10 35
10 36
10 35
10 36
10 35
9 35
10 35
9 35
8 35
8 36
8 35
8 36
7 36
7 35
6 35
6 34
5 34
5 33
5 32
5 31
4 31
4 32
3 32
4 32
4 33
3 33
3 32
3 31
3 32
3 31
3 32
3 31
4 31
3 31
3 32
2 32
1 32
1 33
1 32
1 33
1 32
1 31
0 31
1 31
2 31
2 30
1 30
0 30
0 29
1 29
1 30
1 29
2 29
2 28
3 28
3 27
4 27
4 28
3 28
3 29
3 30
4 30
4 29
4 28
4 27
4 28
4 29
4 30
4 29
5 29
4 29
4 30
5 30
5 29
5 28
5 27
4 27
3 27
3 28
3 29
3 28
3 29
3 30
2 30
2 31
1 31
1 30
1 31
2 31
3 31
4 31
5 31
4 31
5 31
5 32
5 31
6 31
6 32
5 32
5 31
4 31
3 31
3 30
2 30
2 29
2 30
1 30
1 31
2 31
2 30
2 29
3 29
3 28
3 29
3 30
4 30
4 29
4 28
3 28
2 28
1 28
0 28
0 29
0 28
1 28
0 28
1 28
0 28
1 28
1 29
1 28
1 27
1 26
1 27
1 26
0 26
0 27
0 28
1 28
1 27
1 26
0 26
1 26
0 26
1 26
1 27
2 27
1 27
1 28
0 28
0 27
0 26
1 26
2 26
2 27
2 26
2 27
2 26
3 26
2 26
3 26
3 25
3 26
4 26
3 26
3 27
3 28
4 28
4 27
3 27
4 27
4 26
4 27
4 28
4 27
4 28
4 29
3 29
3 28
3 29
3 30
3 29
3 28
3 27
2 27
2 28
1 28
2 28
1 28
1 27
0 27
1 27
0 27
1 27
0 27
0 26
0 27
1 27
2 27
3 27
2 27
1 27
2 27
3 27
4 27
4 26
3 26
2 26
1 26
0 26
0 25
0 26
0 25
1 25
1 24
2 24
1 24
0 24
0 25
0 24
1 24
2 24
1 24
1 25
1 26
2 26
2 27
2 26
1 26
1 25
1 26
1 25
1 24
1 25
2 25
3 25
3 26
2 26
2 27
3 27
3 28
4 28
3 28
3 29
2 29
