0 0
1 0
2 0
3 0
3 1
3 2
3 3
2 3
1 3
2 3
2 4
2 3
2 2
1 2
1 3
1 4
0 4
0 3
0 2
0 1
1 1
1 0
0 0
1 0
1 1
1 0
1 1
2 1
2 2
1 2
2 2
1 2
1 1
2 1
2 0
1 0
0 0
1 0
1 1
1 2
1 3
1 2
0 2
0 3
0 4
1 4
1 5
1 6
2 6
2 7
2 8
1 8
1 7
1 6
0 6
1 6
0 6
0 5
1 5
1 6
1 5
2 5
2 4
3 4
4 4
4 5
4 6
4 7
5 7
6 7
6 6
5 6
5 5
4 5
5 5
6 5
7 5
6 5
6 4
7 4
6 4
7 4
7 3
8 3
9 3
8 3
8 4
8 3
9 3
8 3
8 4
7 4
7 3
7 2
6 2
6 3
7 3
7 2
7 1
8 1
9 1
10 1
10 2
10 1
10 0
11 0
11 1
12 1
11 1
11 2
11 1
12 1
12 2
11 2
11 3
11 2
12 2
11 2
12 2
12 1
11 1
11 2
10 2
9 2
9 1
9 2
9 1
8 1
7 1
7 0
7 1
7 0
7 1
8 1
9 1
10 1
10 0
10 1
9 1
9 2
9 3
9 4
9 5
9 6
9 5
9 6
8 6
8 7
8 6
9 6
10 6
10 5
10 6
9 6
10 6
10 7
11 7
11 8
11 7
10 7
9 7
8 7
7 7
7 6
8 6
8 7
8 6
8 7
8 6
9 6
9 5
9 6
9 7
9 6
9 5
8 5
8 6
9 6
10 6
10 5
11 5
10 5
10 4
10 3
9 3
8 3
8 4
7 4
7 3
7 4
7 5
7 4
6 4
5 4
5 5
6 5
5 5
5 4
5 3
5 4
4 4
4 5
4 4
3 4
3 5
4 5
4 4
4 5
5 5
6 5
6 4
7 4
6 4
6 5
6 6
7 6
6 6
5 6
6 6
7 6
8 6
8 7
7 7
8 7
8 6
8 5
8 4
9 4
8 4
9 4
9 3
8 3
9 3
8 3
8 4
7 4
7 3
8 3
7 3
7 2
7 3
8 3
8 2
8 1
7 1
7 0
8 0
8 1
8 0
7 0
7 1
7 0
7 1
6 1
5 1
5 2
5 3
5 2
5 3
6 3
5 3
5 2
6 2
6 1
7 1
8 1
8 0
8 1
8 0
8 1
8 2
8 1
7 1
8 1
8 0
8 1
7 1
8 1
8 0
9 0
9 1
9 2
9 3
9 4
8 4
8 5
8 4
8 5
9 5
9 6
9 7
8 7
8 6
7 6
6 6
7 6
6 6
5 6
6 6
6 7
6 8
5 8
6 8
7 8
8 8
8 7
7 7
8 7
8 6
9 6
9 5
10 5
10 4
10 3
10 4
10 3
10 2
10 1
11 1
12 1
12 0
13 0
12 0
11 0
11 1
12 1
11 1
11 0
10 0
10 1
11 1
12 1
12 0
11 0
11 1
11 2
10 2
9 2
9 1
9 2
9 1
8 1
8 2
7 2
8 2
7 2
8 2
7 2
7 1
7 0
6 0
6 1
7 1
7 0
6 0
5 0
5 1
4 1
4 2
4 1
5 1
5 2
5 1
5 2
5 3
4 3
4 4
4 3
4 2
4 1
5 1
6 1
5 1
6 1
6 2
5 2
6 2
5 2
6 2
7 2
8 2
8 3
9 3
9 2
10 2
9 2
8 2
8 1
7 1
7 0
7 1
7 2
7 3
7 4
7 5
7 4
7 3
8 3
7 3
7 2
7 1
7 2
7 1
6 1
6 2
6 1
5 1
5 2
4 2
3 2
3 1
3 0
4 0
3 0
2 0
2 1
3 1
3 0
3 1
3 2
3 1
3 2
4 2
3 2
4 2
3 2
3 3
3 2
3 1
3 0
4 0
4 1
3 1
3 2
2 2
2 3
1 3
1 4
0 4
1 4
2 4
1 4
1 3
1 2
0 2
0 3
0 2
1 2
1 3
1 4
1 3
1 2
1 3
0 3
0 2
0 3
0 2
1 2
1 3
1 2
0 2
0 1
0 2
1 2
0 2
0 3
1 3
0 3
1 3
0 3
0 2
0 3
1 3
2 3
1 3
1 4
0 4
0 3
0 4
0 5
1 5
2 5
1 5
1 4
1 5
0 5
0 4
0 3
1 3
2 3
1 3
1 4
2 4
2 3
2 4
1 4
0 4
1 4
1 3
1 2
1 1
1 0
1 1
1 0
2 0
1 0
2 0
1 0
1 1
1 0
0 0
1 0
1 1
0 1
0 0
0 1
1 1
1 0
1 1
0 1
1 1
0 1
0 0
0 1
0 0
1 0
1 1
1 0
1 1
0 1
1 1
1 2
2 2
2 1
1 1
1 2
1 3
1 4
0 4
1 4
1 5
2 5
2 6
2 5
2 4
2 3
2 4
1 4
1 3
1 4
1 3
1 2
1 1
2 1
3 1
4 1
4 0
4 1
5 1
6 1
6 2
7 2
7 3
7 4
7 3
8 3
9 3
9 4
8 4
9 4
9 3
9 2
10 2
10 3
10 2
10 3
11 3
10 3
10 2
11 2
10 2
11 2
10 2
10 3
9 3
9 2
10 2
10 1
9 1
10 1
11 1
10 1
10 2
10 1
10 2
9 2
9 3
9 2
9 3
9 2
9 1
9 2
9 3
8 3
9 3
8 3
8 2
8 1
8 0
7 0
7 1
8 1
9 1
9 0
10 0
10 1
10 0
11 0
11 1
12 1
12 0
11 0
11 1
10 1
11 1
11 2
11 3
12 3
12 4
13 4
13 5
12 5
11 5
11 4
10 4
9 4
8 4
8 3
8 2
9 2
8 2
8 3
8 2
7 2
7 3
6 3
6 4
7 4
7 5
6 5
6 4
6 5
6 4
6 5
6 4
6 3
7 3
7 2
6 2
6 1
6 0
5 0
5 1
5 0
6 0
6 1
6 2
7 2
7 3
8 3
9 3
10 3
9 3
8 3
9 3
10 3
9 3
10 3
10 4
9 4
9 5
8 5
8 6
8 7
9 7
10 7
10 8
9 8
10 8
10 9
10 8
10 7
10 6
10 7
11 7
11 8
12 8
11 8
11 9
12 9
11 9
11 10
11 11
10 11
11 11
11 12
11 13
10 13
9 13
9 14
8 14
8 13
7 13
6 13
6 12
6 13
6 14
6 15
7 15
6 15
5 15
5 16
6 16
6 17
5 17
6 17
6 16
5 16
5 15
5 14
4 14
5 14
4 14
4 13
4 14
4 15
4 14
4 15
4 16
5 16
5 17
4 17
4 18
5 18
5 19
5 18
4 18
3 18
3 17
3 18
2 18
3 18
3 17
4 17
3 17
4 17
4 18
5 18
6 18
6 19
5 19
6 19
6 18
6 19
6 20
7 20
8 20
7 20
8 20
8 21
7 21
8 21
7 21
8 21
9 21
9 22
9 23
10 23
11 23
11 24
11 23
12 23
13 23
13 24
13 25
13 24
13 25
13 26
12 26
13 26
13 25
14 25
14 24
14 23
14 24
15 24
15 23
16 23
16 22
16 23
16 24
17 24
16 24
16 25
15 25
14 25
14 24
15 24
14 24
13 24
13 25
13 26
13 27
13 28
13 27
13 28
13 27
12 27
13 27
12 27
12 26
13 26
13 25
14 25
14 26
14 27
13 27
12 27
13 27
14 27
14 28
15 28
15 27
15 26
15 25
16 25
17 25
17 26
16 26
17 26
17 27
18 27
18 26
19 26
19 27
19 28
19 29
19 30
18 30
18 29
18 28
19 28
18 28
18 27
18 28
17 28
18 28
18 29
18 30
18 29
17 29
17 30
18 30
18 31
18 30
18 31
18 32
17 32
18 32
18 31
18 30
18 31
18 32
18 31
18 32
18 31
18 32
17 32
16 32
17 32
17 31
17 32
18 32
17 32
17 33
17 34
18 34
19 34
19 35
20 35
20 34
20 35
20 36
19 36
20 36
19 36
19 37
20 37
20 36
20 37
20 38
20 39
19 39
19 38
18 38
18 37
18 36
19 36
19 37
19 36
18 36
18 35
17 35
17 36
18 36
18 35
18 34
17 34
17 33
16 33
16 32
16 31
15 31
14 31
13 31
14 31
13 31
13 30
14 30
14 31
15 31
15 32
16 32
16 33
15 33
15 34
14 34
14 35
15 35
16 35
15 35
15 36
15 37
15 38
15 37
16 37
16 38
16 39
17 39
18 39
18 40
17 40
17 41
17 42
17 41
18 41
19 41
18 41
17 41
16 41
17 41
17 40
17 41
18 41
18 42
17 42
16 42
15 42
16 42
17 42
18 42
19 42
18 42
18 43
18 44
18 45
17 45
18 45
18 44
17 44
17 45
18 45
18 46
18 47
18 46
18 47
18 48
18 49
17 49
16 49
16 48
15 48
15 49
15 50
14 50
15 50
16 50
15 50
14 50
15 50
