0 0
1 0
0 0
1 0
1 1
1 2
0 2
0 3
1 3
1 4
1 5
1 6
1 5
1 4
1 5
2 5
2 4
2 5
3 5
3 6
3 7
2 7
2 8
2 7
1 7
2 7
2 6
2 5
2 4
3 4
4 4
5 4
4 4
4 3
4 2
5 2
6 2
6 1
7 1
6 1
6 2
6 1
5 1
4 1
4 0
4 1
5 1
5 0
5 1
4 1
5 1
4 1
4 0
4 1
5 1
5 0
5 1
5 2
5 1
5 2
5 3
5 4
5 3
5 4
5 5
4 5
3 5
3 4
3 5
3 6
4 6
5 6
5 5
5 6
6 6
6 7
7 7
7 6
7 5
7 4
7 3
7 4
7 3
8 3
8 4
8 5
7 5
6 5
6 4
5 4
5 3
4 3
4 2
3 2
2 2
2 3
2 4
1 4
2 4
3 4
2 4
3 4
3 3
4 3
4 2
4 3
5 3
5 4
4 4
4 5
5 5
5 6
6 6
5 6
4 6
4 7
3 7
4 7
4 6
4 5
3 5
3 6
4 6
3 6
3 7
4 7
4 8
4 7
4 6
4 5
4 6
3 6
3 7
3 8
4 8
5 8
6 8
6 7
5 7
6 7
6 6
6 7
5 7
5 8
5 7
5 8
5 9
4 9
4 8
5 8
5 7
6 7
5 7
5 8
5 7
5 6
4 6
4 7
5 7
6 7
7 7
7 8
6 8
7 8
6 8
6 7
7 7
6 7
7 7
7 6
8 6
7 6
7 5
7 4
6 4
6 5
5 5
6 5
7 5
7 6
7 5
7 4
7 5
7 6
6 6
6 5
6 4
6 3
7 3
7 4
6 4
6 3
6 4
5 4
6 4
6 3
7 3
8 3
7 3
8 3
8 4
8 5
7 5
7 4
7 5
7 6
7 7
7 6
8 6
8 7
8 8
9 8
8 8
7 8
7 7
6 7
6 8
6 9
6 8
6 9
6 10
7 10
6 10
6 9
6 10
6 9
6 8
5 8
6 8
6 9
6 10
7 10
7 9
7 8
7 9
6 9
5 9
6 9
7 9
7 10
7 11
7 10
6 10
6 9
6 10
6 11
5 11
5 10
5 9
5 10
5 9
5 8
4 8
4 9
4 10
4 11
5 11
5 12
5 11
5 10
4 10
5 10
4 10
4 9
5 9
4 9
5 9
4 9
4 8
5 8
5 7
5 6
6 6
7 6
8 6
9 6
9 5
10 5
11 5
11 4
12 4
13 4
12 4
13 4
14 4
14 3
14 4
13 4
13 5
13 6
13 5
13 6
13 5
13 6
13 5
12 5
12 4
13 4
14 4
14 3
14 4
14 3
15 3
15 4
15 3
15 2
14 2
15 2
16 2
16 1
16 2
15 2
15 3
15 4
15 5
14 5
14 4
15 4
15 5
16 5
16 4
16 3
16 4
17 4
17 5
17 6
17 5
17 4
18 4
17 4
17 5
18 5
18 6
19 6
19 5
18 5
17 5
18 5
19 5
20 5
19 5
19 4
20 4
21 4
21 3
20 3
20 2
21 2
21 3
21 4
20 4
19 4
20 4
21 4
21 5
21 6
21 7
21 6
22 6
21 6
21 5
20 5
20 4
20 3
20 4
21 4
21 5
20 5
19 5
19 6
20 6
21 6
22 6
22 7
22 8
22 7
21 7
21 6
22 6
23 6
23 5
23 4
24 4
25 4
25 3
25 2
25 3
25 4
26 4
26 5
27 5
27 4
28 4
29 4
29 3
29 2
29 3
29 2
29 3
30 3
30 4
31 4
31 3
31 4
31 5
30 5
30 4
30 3
30 2
30 1
31 1
31 2
30 2
30 1
31 1
32 1
33 1
33 2
34 2
35 2
36 2
37 2
37 1
37 2
37 1
37 0
37 1
36 1
35 1
36 1
35 1
34 1
35 1
36 1
36 2
35 2
35 3
35 4
34 4
34 5
34 4
34 3
35 3
35 4
36 4
35 4
35 5
36 5
36 4
37 4
36 4
36 3
36 4
36 3
35 3
35 4
35 3
36 3
37 3
36 3
36 2
36 1
36 0
35 0
35 1
34 1
34 0
33 0
32 0
32 1
32 2
33 2
33 3
34 3
34 2
34 1
35 1
35 0
35 1
35 0
34 0
33 0
33 1
34 1
35 1
34 1
35 1
36 1
37 1
36 1
35 1
34 1
33 1
33 0
33 1
33 0
33 1
34 1
33 1
33 2
33 3
33 2
32 2
32 3
33 3
34 3
34 4
33 4
34 4
34 5
35 5
36 5
37 5
36 5
36 6
36 7
36 6
35 6
34 6
34 7
35 7
35 8
35 9
35 8
35 9
36 9
37 9
37 8
37 7
38 7
37 7
38 7
39 7
39 6
39 5
39 6
38 6
37 6
37 7
36 7
36 6
37 6
37 5
36 5
35 5
35 4
35 3
36 3
36 2
36 1
37 1
37 2
36 2
36 3
36 2
35 2
35 1
35 2
35 3
35 4
36 4
36 3
35 3
35 2
34 2
35 2
34 2
34 3
33 3
32 3
33 3
34 3
35 3
36 3
37 3
37 2
36 2
37 2
37 1
37 0
37 1
38 1
38 0
38 1
39 1
39 0
38 0
38 1
39 1
38 1
38 0
39 0
39 1
40 1
41 1
40 1
39 1
39 0
38 0
39 0
39 1
40 1
40 0
40 1
40 2
40 3
40 4
39 4
40 4
41 4
41 5
41 6
40 6
41 6
40 6
40 5
40 6
40 5
39 5
38 5
39 5
38 5
37 5
36 5
36 4
36 3
36 2
36 1
36 2
37 2
37 1
37 0
38 0
38 1
39 1
38 1
38 2
38 3
38 4
39 4
38 4
37 4
37 5
37 6
37 5
37 4
37 5
38 5
37 5
37 6
37 5
36 5
36 6
37 6
37 5
38 5
39 5
39 6
39 7
40 7
40 6
40 7
40 8
40 7
40 6
40 7
40 8
40 9
40 10
40 11
40 10
39 10
38 10
38 11
38 12
38 13
38 14
37 14
36 14
37 14
36 14
35 14
35 15
36 15
36 16
36 17
36 16
36 15
37 15
36 15
35 15
35 14
36 14
36 13
36 14
37 14
37 13
36 13
36 12
36 11
37 11
38 11
37 11
36 11
36 10
36 9
36 8
36 9
36 10
35 10
36 10
37 10
38 10
39 10
39 9
39 8
40 8
40 7
39 7
40 7
40 8
40 9
39 9
39 8
38 8
38 9
37 9
37 8
37 9
36 9
36 10
36 9
36 10
36 11
36 10
36 9
36 10
36 9
37 9
37 10
36 10
36 9
35 9
35 8
35 9
35 8
35 7
35 6
35 5
34 5
33 5
33 6
33 5
33 6
33 5
34 5
35 5
36 5
36 4
37 4
37 3
36 3
35 3
35 4
35 5
35 4
36 4
35 4
36 4
35 4
36 4
35 4
34 4
34 3
34 4
35 4
35 3
35 4
35 3
34 3
33 3
33 4
34 4
34 3
34 2
35 2
35 1
35 2
35 1
34 1
34 0
34 1
35 1
35 0
34 0
34 1
35 1
34 1
34 2
34 3
33 3
33 2
33 1
33 2
32 2
32 1
32 0
31 0
30 0
31 0
30 0
30 1
30 0
31 0
30 0
30 1
31 1
31 2
31 3
31 4
31 3
30 3
30 2
31 2
31 3
31 2
30 2
30 1
30 0
30 1
30 2
30 1
30 2
30 1
31 1
32 1
32 0
32 1
33 1
33 2
34 2
33 2
34 2
34 1
33 1
34 1
35 1
35 0
36 0
36 1
36 2
36 3
37 3
36 3
36 4
36 3
35 3
35 4
35 5
35 4
35 5
34 5
34 6
33 6
34 6
35 6
35 7
35 8
34 8
34 9
34 8
34 7
35 7
36 7
35 7
34 7
35 7
35 8
35 7
36 7
36 6
36 5
35 5
34 5
34 4
34 3
35 3
36 3
35 3
35 4
35 3
34 3
34 2
34 1
33 1
34 1
35 1
36 1
36 0
35 0
35 1
35 2
34 2
34 1
33 1
32 1
32 0
32 1
33 1
33 2
32 2
31 2
31 1
30 1
29 1
30 1
30 2
30 1
31 1
30 1
31 1
32 1
32 2
33 2
32 2
33 2
32 2
33 2
33 1
33 2
33 1
34 1
35 1
35 0
35 1
35 2
35 1
36 1
36 2
36 3
37 3
37 2
37 1
37 0
37 1
37 0
38 0
37 0
38 0
38 1
38 0
38 1
39 1
39 0
39 1
40 1
41 1
41 0
40 0
40 1
40 2
39 2
40 2
40 1
40 0
40 1
39 1
40 1
40 0
39 0
39 1
39 2
39 3
39 2
39 3
40 3
41 3
42 3
42 2
41 2
40 2
40 1
40 2
40 1
40 0
41 0
41 1
41 0
41 1
41 2
42 2
42 3
42 2
43 2
43 1
43 2
44 2
43 2
43 3
42 3
