0 0
1 0
0 0
0 1
1 1
1 2
2 2
1 2
1 1
2 1
3 1
3 2
3 3
3 2
3 1
2 1
2 0
3 0
2 0
1 0
1 1
2 1
2 2
2 3
3 3
4 3
4 4
4 3
4 4
4 3
5 3
6 3
6 4
6 5
7 5
8 5
8 4
8 3
8 2
8 3
9 3
10 3
10 4
10 3
9 3
10 3
11 3
12 3
12 4
13 4
13 3
12 3
12 4
12 5
12 6
11 6
11 5
11 4
10 4
10 5
9 5
8 5
8 4
8 5
8 4
8 5
8 4
9 4
9 3
8 3
9 3
10 3
10 4
9 4
10 4
10 3
9 3
8 3
8 2
8 1
8 2
8 3
8 4
8 3
8 2
9 2
8 2
8 1
9 1
9 2
9 3
9 2
9 3
8 3
8 4
8 5
9 5
9 4
9 3
10 3
9 3
9 4
10 4
10 5
10 6
10 7
11 7
11 8
11 9
11 8
10 8
10 7
9 7
9 6
10 6
10 5
11 5
11 4
10 4
11 4
11 5
11 6
11 5
11 6
11 5
12 5
13 5
13 4
13 5
13 6
13 5
14 5
14 6
14 7
14 8
13 8
13 7
14 7
14 8
14 7
14 8
13 8
14 8
15 8
16 8
16 9
15 9
16 9
15 9
14 9
15 9
16 9
16 10
16 9
15 9
14 9
14 8
15 8
16 8
16 9
15 9
16 9
16 10
17 10
16 10
16 11
15 11
14 11
14 12
14 11
15 11
15 12
14 12
14 13
15 13
15 14
15 15
16 15
17 15
17 14
17 15
18 15
18 16
19 16
20 16
20 17
20 16
20 17
21 17
21 16
20 16
20 17
20 16
19 16
18 16
18 17
18 16
17 16
18 16
18 17
17 17
17 18
17 17
16 17
16 18
16 17
16 16
15 16
15 17
16 17
16 18
15 18
15 17
15 18
16 18
15 18
15 17
16 17
17 17
18 17
18 16
18 17
17 17
16 17
17 17
17 18
17 17
17 16
16 16
16 17
16 16
15 16
15 15
14 15
14 14
13 14
12 14
11 14
10 14
10 13
11 13
10 13
9 13
8 13
8 14
9 14
9 15
9 16
10 16
9 16
8 16
8 17
8 16
7 16
8 16
9 16
9 15
8 15
7 15
7 16
8 16
8 17
8 18
9 18
9 19
9 18
9 17
9 16
9 15
9 14
9 13
9 12
10 12
11 12
12 12
12 11
11 11
12 11
12 10
12 11
13 11
13 10
13 11
13 12
14 12
14 13
14 12
15 12
15 13
14 13
14 12
14 13
14 14
13 14
12 14
12 13
12 14
12 15
13 15
12 15
12 14
11 14
11 13
11 14
12 14
13 14
12 14
13 14
13 15
13 16
13 17
14 17
14 16
14 15
14 14
14 13
14 14
14 15
15 15
16 15
17 15
17 14
17 13
16 13
17 13
18 13
18 14
18 13
19 13
20 13
21 13
21 14
22 14
22 13
22 12
22 11
22 10
22 9
22 10
22 9
23 9
23 8
23 7
22 7
21 7
21 6
21 7
21 8
22 8
21 8
20 8
19 8
18 8
18 7
19 7
20 7
20 6
20 7
21 7
20 7
21 7
21 8
21 9
20 9
21 9
20 9
19 9
19 8
20 8
20 7
20 8
20 9
21 9
21 10
21 11
20 11
19 11
18 11
19 11
19 12
19 13
18 13
17 13
17 14
16 14
16 15
16 14
16 13
17 13
17 12
17 13
17 14
17 13
17 14
18 14
18 15
17 15
17 14
16 14
16 15
16 14
16 15
15 15
16 15
16 14
16 13
16 14
16 13
16 12
16 13
16 14
15 14
14 14
15 14
15 13
15 12
15 11
16 11
17 11
16 11
15 11
16 11
15 11
15 10
14 10
14 9
14 8
14 7
13 7
13 6
14 6
14 5
14 4
13 4
13 3
13 2
13 3
12 3
13 3
12 3
11 3
10 3
9 3
9 2
9 3
10 3
10 2
9 2
10 2
11 2
11 1
12 1
11 1
11 0
11 1
12 1
13 1
13 0
12 0
12 1
12 0
12 1
11 1
12 1
12 0
11 0
12 0
13 0
13 1
12 1
12 0
13 0
14 0
14 1
14 2
14 1
15 1
16 1
17 1
17 0
18 0
19 0
18 0
19 0
20 0
21 0
20 0
20 1
21 1
21 0
22 0
22 1
21 1
21 2
22 2
22 3
21 3
20 3
19 3
20 3
20 4
20 3
21 3
21 4
21 3
22 3
23 3
23 2
23 1
24 1
23 1
23 0
23 1
24 1
24 0
23 0
24 0
23 0
23 1
23 0
24 0
25 0
26 0
26 1
26 2
25 2
25 1
25 2
25 1
24 1
24 2
25 2
26 2
27 2
26 2
27 2
28 2
27 2
27 1
28 1
28 2
29 2
30 2
30 1
30 0
30 1
31 1
30 1
29 1
29 0
28 0
28 1
29 1
29 2
29 1
29 2
28 2
28 1
28 0
27 0
26 0
25 0
26 0
26 1
25 1
26 1
25 1
25 2
24 2
25 2
24 2
24 1
24 2
24 1
23 1
23 0
22 0
23 0
23 1
24 1
24 2
24 1
24 0
24 1
24 2
24 1
25 1
25 2
24 2
24 3
24 2
24 1
24 0
24 1
24 0
24 1
23 1
22 1
21 1
22 1
22 2
21 2
22 2
21 2
21 1
20 1
21 1
22 1
23 1
23 0
24 0
23 0
22 0
21 0
21 1
21 2
22 2
22 1
22 0
22 1
22 0
22 1
23 1
23 0
23 1
23 0
24 0
24 1
25 1
25 0
25 1
25 0
25 1
26 1
26 2
27 2
27 1
27 0
27 1
26 1
27 1
27 0
27 1
28 1
28 2
28 3
28 2
27 2
27 3
28 3
29 3
28 3
27 3
28 3
27 3
27 2
27 1
26 1
25 1
26 1
25 1
25 0
25 1
26 1
25 1
25 2
26 2
25 2
25 1
25 2
26 2
26 1
26 2
27 2
27 3
27 4
27 5
28 5
27 5
28 5
29 5
28 5
28 6
29 6
29 5
30 5
30 4
31 4
31 5
32 5
32 4
32 3
31 3
31 2
32 2
32 3
33 3
33 2
33 3
33 2
34 2
33 2
34 2
34 3
34 2
34 3
34 4
34 3
35 3
36 3
35 3
35 2
35 3
36 3
36 2
35 2
36 2
35 2
35 3
35 4
34 4
35 4
36 4
37 4
37 3
37 2
37 1
38 1
37 1
36 1
36 2
37 2
37 3
36 3
35 3
34 3
33 3
34 3
34 2
34 3
34 2
34 3
33 3
34 3
35 3
36 3
37 3
36 3
36 2
37 2
37 1
37 0
36 0
35 0
34 0
35 0
36 0
37 0
38 0
38 1
38 2
38 1
39 1
38 1
39 1
40 1
40 0
41 0
40 0
40 1
41 1
42 1
42 2
41 2
42 2
41 2
42 2
41 2
42 2
42 3
42 4
42 3
43 3
43 4
42 4
41 4
41 5
41 4
42 4
42 3
43 3
42 3
41 3
40 3
41 3
41 2
41 1
40 1
39 1
39 2
38 2
39 2
40 2
39 2
39 1
40 1
41 1
41 0
41 1
41 2
40 2
40 1
39 1
39 2
39 1
39 2
40 2
41 2
41 1
41 0
41 1
42 1
43 1
44 1
44 2
43 2
43 1
43 2
44 2
45 2
45 3
46 3
47 3
48 3
47 3
47 4
48 4
48 3
48 4
48 3
48 2
47 2
47 1
46 1
46 2
46 1
46 2
46 3
45 3
45 2
46 2
47 2
48 2
48 1
48 2
49 2
50 2
49 2
49 1
49 2
48 2
48 3
48 2
48 3
48 4
47 4
46 4
45 4
45 3
45 4
44 4
43 4
43 5
43 6
44 6
44 5
45 5
45 6
45 5
45 4
46 4
46 5
46 4
47 4
47 5
47 4
47 3
47 4
47 3
48 3
48 2
49 2
50 2
50 1
50 0
50 1
51 1
51 2
51 1
52 1
52 0
52 1
52 0
53 0
53 1
53 0
52 0
51 0
51 1
51 2
51 3
52 3
52 2
51 2
51 1
50 1
50 0
51 0
50 0
51 0
51 1
52 1
51 1
51 2
52 2
52 3
53 3
53 2
53 1
52 1
52 2
51 2
52 2
52 1
52 2
52 1
52 2
52 1
52 0
52 1
52 0
52 1
53 1
53 2
52 2
53 2
53 1
54 1
54 2
53 2
54 2
53 2
52 2
52 1
52 2
52 3
52 4
53 4
52 4
52 5
53 5
52 5
52 4
52 3
51 3
52 3
52 2
51 2
52 2
52 1
53 1
53 2
54 2
53 2
53 1
52 1
52 0
52 1
52 2
52 1
51 1
50 1
50 0
49 0
49 1
48 1
48 0
48 1
47 1
47 2
47 1
46 1
46 0
47 0
48 0
48 1
48 2
49 2
50 2
49 2
