0 0
0 1
0 0
0 1
1 1
0 1
0 0
1 0
0 0
1 0
1 1
0 1
0 2
1 2
2 2
2 1
2 2
2 1
3 1
3 2
4 2
4 1
3 1
3 0
3 1
4 1
3 1
2 1
1 1
1 0
1 1
0 1
0 0
0 1
0 2
0 3
0 2
1 2
2 2
2 1
1 1
2 1
1 1
0 1
1 1
1 2
1 1
1 0
0 0
1 0
1 1
1 2
1 3
0 3
1 3
1 2
0 2
1 2
1 1
1 0
1 1
2 1
1 1
0 1
0 2
1 2
2 2
2 3
2 4
1 4
1 5
1 4
2 4
2 3
2 4
3 4
3 3
2 3
2 2
3 2
4 2
4 1
4 2
5 2
6 2
6 1
6 2
7 2
8 2
8 3
7 3
6 3
6 2
6 1
7 1
6 1
6 2
7 2
7 1
8 1
8 0
8 1
7 1
8 1
7 1
6 1
7 1
7 0
7 1
7 2
6 2
5 2
6 2
6 3
6 4
6 3
5 3
6 3
5 3
6 3
5 3
6 3
6 4
5 4
4 4
3 4
3 3
3 4
3 5
3 4
3 5
3 6
3 5
4 5
5 5
6 5
7 5
7 6
6 6
7 6
7 5
6 5
7 5
7 6
8 6
9 6
9 7
10 7
10 6
10 7
10 6
10 5
11 5
10 5
10 4
9 4
9 3
10 3
9 3
10 3
9 3
9 2
9 1
9 0
9 1
8 1
8 2
8 3
9 3
10 3
9 3
9 4
9 3
9 4
9 5
8 5
7 5
6 5
6 4
7 4
7 3
6 3
7 3
7 2
6 2
6 1
7 1
7 2
7 3
8 3
9 3
8 3
8 2
9 2
9 3
10 3
10 2
10 3
10 4
10 5
10 6
11 6
12 6
13 6
14 6
13 6
13 7
13 8
14 8
13 8
14 8
15 8
15 9
16 9
16 10
16 11
17 11
17 12
16 12
16 13
16 14
17 14
18 14
17 14
17 15
16 15
17 15
17 16
18 16
17 16
17 17
17 16
18 16
18 17
18 18
18 17
19 17
19 18
18 18
18 19
17 19
16 19
15 19
15 20
14 20
13 20
13 21
13 22
13 23
14 23
13 23
14 23
13 23
13 24
14 24
13 24
14 24
14 25
13 25
14 25
14 26
13 26
14 26
14 27
14 28
13 28
12 28
12 29
12 28
13 28
13 27
13 26
14 26
13 26
14 26
15 26
15 27
15 28
16 28
16 29
17 29
17 30
17 29
17 30
17 31
17 30
18 30
17 30
16 30
16 29
15 29
15 30
14 30
14 31
15 31
14 31
14 32
15 32
16 32
16 33
16 32
15 32
15 31
15 32
15 31
15 30
15 31
14 31
14 32
13 32
13 31
13 32
14 32
14 31
13 31
13 32
12 32
12 33
13 33
13 32
13 33
12 33
11 33
11 32
11 33
12 33
12 34
11 34
12 34
12 33
12 34
13 34
13 33
13 32
14 32
14 31
14 30
15 30
15 31
14 31
14 30
13 30
13 29
14 29
15 29
15 30
16 30
17 30
17 29
18 29
19 29
20 29
20 28
21 28
20 28
19 28
19 27
18 27
18 26
18 25
19 25
19 26
20 26
20 25
20 24
19 24
20 24
19 24
20 24
20 25
19 25
19 26
20 26
21 26
21 27
21 28
20 28
20 27
21 27
21 26
22 26
21 26
20 26
20 27
20 26
20 25
21 25
21 24
20 24
20 25
20 26
19 26
18 26
18 27
19 27
19 28
18 28
19 28
20 28
20 29
21 29
21 28
21 29
22 29
23 29
23 30
23 31
22 31
22 32
21 32
20 32
21 32
22 32
21 32
21 33
21 32
22 32
22 31
22 30
23 30
23 29
22 29
21 29
22 29
23 29
24 29
23 29
24 29
25 29
24 29
25 29
26 29
26 30
25 30
24 30
23 30
23 29
23 28
24 28
24 27
23 27
24 27
24 28
24 27
25 27
25 28
25 29
26 29
27 29
27 28
28 28
27 28
27 29
28 29
27 29
28 29
27 29
27 28
28 28
28 27
27 27
27 28
27 29
27 30
26 30
26 31
26 32
25 32
24 32
24 33
23 33
23 32
22 32
22 33
21 33
20 33
20 32
21 32
20 32
21 32
20 32
19 32
18 32
18 31
18 30
17 30
17 29
16 29
15 29
16 29
16 30
17 30
17 31
18 31
18 30
18 31
18 32
18 31
18 30
18 31
18 32
17 32
16 32
15 32
15 33
15 34
15 33
14 33
15 33
14 33
15 33
16 33
16 34
15 34
14 34
14 33
13 33
13 34
12 34
12 33
11 33
11 32
11 31
10 31
10 30
10 31
9 31
10 31
9 31
8 31
8 30
7 30
7 31
7 32
7 33
7 34
6 34
6 33
7 33
7 32
7 33
7 34
7 33
6 33
6 34
6 33
6 34
6 35
6 34
6 33
6 34
6 35
5 35
5 36
5 35
6 35
5 35
5 36
5 35
6 35
5 35
5 36
5 37
6 37
5 37
6 37
7 37
7 38
8 38
7 38
6 38
6 37
7 37
7 38
6 38
6 39
6 40
6 39
5 39
5 40
4 40
4 39
4 38
3 38
3 39
2 39
2 40
1 40
1 39
1 38
1 37
2 37
1 37
1 38
1 37
2 37
1 37
1 38
1 39
1 40
1 39
1 40
0 40
0 41
0 40
1 40
1 39
1 40
1 39
0 39
1 39
0 39
0 40
1 40
1 41
0 41
0 42
1 42
0 42
1 42
0 42
1 42
2 42
2 41
3 41
3 40
3 41
2 41
2 40
2 41
3 41
2 41
2 42
1 42
1 43
2 43
2 44
2 45
1 45
2 45
2 44
2 43
2 44
2 45
2 44
3 44
3 45
4 45
3 45
3 44
3 45
3 46
4 46
4 45
4 46
5 46
5 47
4 47
3 47
2 47
2 46
2 47
2 48
1 48
0 48
0 49
0 48
1 48
2 48
2 49
3 49
4 49
5 49
4 49
4 48
5 48
5 47
6 47
7 47
7 46
7 45
7 46
8 46
7 46
7 47
8 47
8 48
9 48
10 48
10 47
9 47
9 46
9 47
9 48
9 49
9 48
9 47
10 47
10 46
10 45
9 45
8 45
9 45
10 45
10 44
10 45
9 45
8 45
8 44
9 44
8 44
8 45
7 45
7 46
8 46
7 46
7 45
7 44
7 45
8 45
7 45
7 46
7 47
8 47
8 48
7 48
7 47
8 47
8 48
8 49
9 49
10 49
10 50
10 49
11 49
12 49
13 49
14 49
14 48
15 48
15 49
16 49
16 48
16 49
15 49
15 48
15 47
15 46
16 46
16 45
17 45
17 46
16 46
17 46
16 46
16 45
17 45
17 46
17 47
17 48
17 47
16 47
16 46
15 46
15 47
14 47
15 47
14 47
15 47
16 47
16 46
15 46
14 46
15 46
15 47
15 46
15 45
15 46
14 46
14 47
15 47
15 46
16 46
16 45
17 45
17 46
17 45
16 45
16 44
15 44
14 44
14 43
14 42
14 43
14 44
14 45
14 44
14 43
15 43
14 43
15 43
15 44
16 44
16 43
15 43
15 42
16 42
16 41
17 41
18 41
18 42
18 41
19 41
19 40
19 41
19 40
18 40
18 39
18 40
18 41
18 40
18 41
18 42
18 41
18 40
19 40
18 40
18 39
18 38
18 39
19 39
18 39
18 40
18 41
18 40
18 41
18 40
17 40
16 40
16 39
15 39
15 38
16 38
16 39
16 38
16 37
17 37
16 37
17 37
17 36
17 35
17 34
17 35
17 36
18 36
17 36
17 35
17 36
17 37
17 36
16 36
15 36
16 36
15 36
14 36
15 36
15 37
14 37
13 37
13 38
12 38
12 37
12 36
12 37
12 38
12 37
12 36
11 36
10 36
10 35
10 34
10 35
10 36
11 36
11 37
12 37
11 37
11 38
11 39
10 39
11 39
12 39
12 38
11 38
11 39
12 39
12 38
13 38
13 39
13 38
14 38
15 38
15 39
15 38
15 39
15 40
14 40
13 40
12 40
12 39
12 40
12 39
12 38
12 39
11 39
10 39
10 40
10 39
10 40
10 39
11 39
11 38
11 37
10 37
10 38
10 37
10 38
11 38
12 38
12 39
11 39
11 40
11 39
11 40
10 40
10 39
9 39
9 40
10 40
10 41
9 41
9 40
8 40
8 39
8 40
8 39
7 39
7 38
6 38
5 38
5 37
5 36
5 37
5 36
5 35
5 36
6 36
5 36
4 36
4 35
4 34
4 35
3 35
4 35
5 35
6 35
5 35
5 34
5 33
6 33
6 32
5 32
4 32
4 31
5 31
4 31
4 30
4 31
3 31
3 32
3 31
4 31
4 30
4 29
5 29
6 29
7 29
7 30
7 29
7 28
8 28
8 27
9 27
8 27
7 27
7 26
6 26
6 25
5 25
4 25
