0 0
0 1
0 2
0 1
1 1
2 1
2 0
1 0
2 0
2 1
2 0
2 1
3 1
3 0
3 1
3 2
4 2
4 3
3 3
3 4
3 3
3 4
3 3
3 2
3 1
3 2
3 1
3 2
3 1
4 1
5 1
5 2
5 1
6 1
6 2
6 3
6 2
6 3
7 3
7 2
6 2
6 1
7 1
8 1
9 1
9 0
8 0
8 1
8 2
8 3
7 3
8 3
8 2
9 2
9 1
10 1
9 1
10 1
10 0
9 0
9 1
9 2
9 3
9 2
9 1
9 0
10 0
10 1
11 1
10 1
11 1
10 1
11 1
10 1
9 1
9 0
9 1
8 1
7 1
6 1
7 1
7 0
7 1
8 1
9 1
9 0
8 0
9 0
9 1
9 0
9 1
9 2
9 3
8 3
7 3
7 2
8 2
7 2
7 1
7 0
7 1
6 1
6 0
7 0
7 1
6 1
6 2
6 1
6 0
7 0
8 0
8 1
9 1
9 2
9 3
8 3
7 3
7 2
6 2
7 2
6 2
6 1
7 1
8 1
9 1
10 1
10 2
10 1
11 1
11 0
10 0
10 1
10 0
11 0
11 1
11 2
11 1
12 1
11 1
11 0
10 0
11 0
10 0
9 0
10 0
9 0
9 1
9 2
9 1
10 1
10 2
10 3
9 3
10 3
11 3
11 4
11 5
11 4
12 4
12 5
13 5
14 5
13 5
13 4
13 3
13 2
14 2
14 1
13 1
12 1
13 1
12 1
13 1
13 2
13 3
13 4
13 5
13 4
13 5
12 5
12 4
13 4
14 4
14 5
14 4
14 5
14 4
14 5
14 6
14 5
13 5
14 5
13 5
13 4
14 4
14 3
15 3
15 4
15 5
15 4
15 5
16 5
16 6
15 6
15 5
15 4
15 3
14 3
15 3
15 2
16 2
16 3
17 3
16 3
16 2
16 3
16 4
16 3
16 4
15 4
16 4
15 4
15 3
16 3
15 3
14 3
14 4
13 4
13 5
13 6
13 5
13 6
14 6
15 6
16 6
15 6
16 6
16 7
17 7
16 7
16 8
17 8
18 8
17 8
16 8
15 8
15 7
14 7
14 8
14 9
13 9
13 8
12 8
13 8
14 8
14 7
14 6
15 6
15 7
15 6
14 6
14 5
14 6
14 5
14 4
13 4
14 4
15 4
14 4
15 4
14 4
15 4
14 4
14 5
13 5
14 5
14 4
14 3
13 3
12 3
12 2
12 3
12 2
13 2
13 3
12 3
12 4
13 4
13 3
13 2
13 1
13 2
14 2
13 2
13 1
14 1
13 1
14 1
14 2
14 3
13 3
14 3
13 3
14 3
13 3
12 3
13 3
13 2
13 3
13 2
13 3
13 2
13 1
12 1
12 2
12 1
11 1
12 1
12 2
12 1
13 1
13 2
12 2
12 1
13 1
12 1
13 1
13 2
13 1
12 1
13 1
13 0
13 1
13 0
13 1
13 2
12 2
13 2
13 3
12 3
13 3
13 4
13 5
14 5
15 5
15 6
14 6
13 6
13 5
14 5
14 6
14 5
14 6
14 7
15 7
16 7
16 6
16 7
16 8
16 9
16 8
17 8
18 8
19 8
20 8
19 8
20 8
20 9
20 8
21 8
22 8
22 9
23 9
24 9
23 9
24 9
24 10
25 10
26 10
27 10
28 10
28 9
29 9
30 9
29 9
30 9
30 8
29 8
29 7
29 6
29 5
28 5
29 5
28 5
28 6
29 6
29 5
29 6
30 6
29 6
29 7
29 6
28 6
28 5
27 5
26 5
26 6
25 6
25 5
25 4
26 4
27 4
28 4
29 4
30 4
31 4
31 5
30 5
29 5
30 5
29 5
29 6
28 6
27 6
28 6
29 6
29 5
29 4
29 5
28 5
27 5
26 5
26 6
26 5
26 4
26 3
27 3
28 3
29 3
29 2
29 1
29 0
28 0
28 1
29 1
28 1
28 0
27 0
27 1
27 0
26 0
26 1
26 0
25 0
25 1
26 1
26 2
25 2
25 1
24 1
24 0
24 1
24 2
25 2
26 2
27 2
27 1
27 0
26 0
27 0
28 0
28 1
29 1
30 1
30 0
29 0
28 0
28 1
27 1
27 0
26 0
26 1
27 1
27 0
27 1
26 1
27 1
27 2
27 3
26 3
25 3
26 3
27 3
27 2
28 2
29 2
29 1
29 0
28 0
28 1
27 1
26 1
26 2
26 1
26 2
26 3
26 4
26 3
27 3
27 2
27 1
28 1
27 1
28 1
29 1
30 1
29 1
28 1
27 1
27 0
28 0
27 0
27 1
26 1
26 0
27 0
27 1
27 2
27 3
26 3
26 4
27 4
27 5
27 4
26 4
25 4
26 4
26 5
26 6
26 5
27 5
28 5
28 6
28 7
27 7
27 6
27 7
27 8
28 8
27 8
28 8
28 9
29 9
29 8
29 7
29 6
29 5
29 4
28 4
29 4
29 3
28 3
28 4
28 5
28 4
28 3
27 3
28 3
27 3
27 4
27 5
28 5
28 6
29 6
30 6
29 6
30 6
29 6
29 7
29 8
29 9
29 8
28 8
28 9
28 10
28 9
28 8
27 8
28 8
29 8
28 8
28 7
29 7
30 7
31 7
30 7
31 7
32 7
32 8
33 8
32 8
32 9
33 9
33 8
34 8
33 8
33 7
32 7
32 8
32 7
33 7
33 6
33 7
33 6
33 5
32 5
32 6
32 7
32 6
32 7
32 8
32 9
33 9
33 10
32 10
33 10
34 10
34 11
34 12
35 12
36 12
36 13
36 14
37 14
38 14
38 15
38 14
37 14
37 13
37 14
37 15
37 16
37 15
37 16
38 16
38 15
37 15
37 14
37 13
37 12
36 12
36 11
37 11
36 11
35 11
35 10
35 9
34 9
33 9
33 8
32 8
32 9
32 10
32 11
32 10
32 9
33 9
34 9
34 8
34 7
34 6
34 5
34 6
34 5
34 6
34 5
35 5
34 5
33 5
33 4
33 5
32 5
33 5
33 4
33 3
34 3
34 4
34 5
34 4
33 4
34 4
35 4
36 4
37 4
38 4
38 3
37 3
37 4
36 4
35 4
34 4
33 4
33 3
34 3
35 3
35 2
36 2
36 1
36 0
36 1
35 1
34 1
33 1
33 0
34 0
33 0
33 1
33 2
34 2
34 3
34 2
34 3
33 3
33 4
34 4
34 3
34 4
35 4
35 5
35 6
36 6
35 6
34 6
33 6
33 7
32 7
32 6
33 6
33 7
34 7
34 6
34 7
34 8
34 9
33 9
33 8
32 8
32 7
32 8
31 8
31 9
31 10
30 10
31 10
30 10
29 10
30 10
31 10
31 11
32 11
33 11
34 11
34 10
34 11
34 10
34 9
35 9
35 10
35 11
34 11
34 10
33 10
33 11
34 11
34 12
33 12
34 12
33 12
33 11
33 12
32 12
33 12
32 12
31 12
32 12
32 13
31 13
31 12
30 12
31 12
31 13
32 13
33 13
34 13
33 13
33 14
34 14
35 14
36 14
37 14
37 13
36 13
35 13
36 13
37 13
37 12
37 11
36 11
35 11
35 10
35 11
34 11
33 11
33 10
33 9
32 9
33 9
34 9
35 9
35 10
35 11
35 10
35 11
35 12
36 12
35 12
36 12
36 13
36 14
36 13
36 12
37 12
36 12
36 11
36 12
36 11
36 10
36 9
36 10
37 10
36 10
36 9
35 9
35 10
34 10
34 9
34 10
34 11
35 11
35 10
34 10
34 11
35 11
36 11
36 12
37 12
36 12
35 12
35 13
34 13
34 14
33 14
34 14
35 14
36 14
36 15
36 16
36 17
36 18
36 17
37 17
36 17
36 18
36 17
37 17
36 17
36 18
36 19
36 18
37 18
38 18
39 18
40 18
40 17
39 17
38 17
38 18
38 19
38 18
39 18
39 19
40 19
41 19
41 20
42 20
43 20
44 20
44 19
44 20
43 20
44 20
44 19
45 19
45 18
45 19
46 19
45 19
46 19
45 19
46 19
45 19
45 20
45 21
46 21
46 22
46 21
47 21
47 20
46 20
46 19
45 19
46 19
46 20
46 21
47 21
47 20
48 20
48 21
47 21
46 21
46 22
45 22
44 22
43 22
42 22
42 21
43 21
43 22
44 22
44 23
45 23
44 23
45 23
44 23
45 23
45 22
45 21
45 22
45 21
44 21
45 21
46 21
45 21
46 21
46 22
46 21
46 20
46 19
47 19
46 19
47 19
47 20
48 20
48 19
48 18
47 18
48 18
47 18
48 18
49 18
49 17
49 16
49 15
49 16
48 16
48 15
48 16
48 17
48 18
47 18
47 19
47 20
46 20
46 21
46 20
46 19
45 19
46 19
45 19
46 19
46 20
47 20
46 20
45 20
46 20
46 21
46 22
46 23
46 24
46 23
