0 0
1 0
1 1
1 2
1 1
2 1
2 0
2 1
3 1
2 1
2 0
2 1
2 2
2 3
3 3
3 4
3 3
4 3
5 3
5 4
4 4
4 5
4 6
5 6
4 6
3 6
4 6
4 5
4 4
4 3
4 4
4 3
3 3
3 2
3 3
3 2
3 1
4 1
3 1
3 0
3 1
2 1
1 1
0 1
1 1
2 1
2 0
3 0
2 0
1 0
2 0
2 1
1 1
2 1
2 2
1 2
1 1
2 1
3 1
2 1
2 0
2 1
1 1
0 1
1 1
1 2
1 3
1 4
0 4
0 3
0 2
0 1
0 0
1 0
0 0
1 0
2 0
3 0
3 1
4 1
4 0
3 0
4 0
4 1
5 1
6 1
6 2
6 3
6 2
7 2
7 3
6 3
6 4
5 4
6 4
6 3
5 3
5 2
5 3
5 2
4 2
4 1
3 1
4 1
5 1
6 1
5 1
4 1
4 0
3 0
2 0
3 0
2 0
3 0
2 0
2 1
2 2
2 3
2 2
3 2
3 3
3 2
3 1
3 2
3 3
3 2
2 2
2 3
2 2
2 1
1 1
1 2
1 1
0 1
0 0
1 0
1 1
2 1
2 0
2 1
3 1
3 0
2 0
2 1
1 1
2 1
2 2
3 2
3 3
3 4
3 5
3 6
2 6
3 6
4 6
4 5
3 5
4 5
5 5
5 6
6 6
6 5
5 5
5 6
4 6
5 6
6 6
6 5
7 5
7 6
8 6
8 5
7 5
7 4
6 4
6 5
6 4
5 4
5 3
5 4
5 5
6 5
6 6
6 5
5 5
4 5
3 5
3 4
2 4
3 4
4 4
4 5
3 5
4 5
4 6
4 5
3 5
2 5
3 5
4 5
4 4
4 3
3 3
3 4
3 3
3 2
3 1
4 1
3 1
2 1
2 0
3 0
3 1
3 2
2 2
2 1
2 2
2 1
2 0
2 1
2 2
3 2
3 1
3 2
4 2
4 3
4 4
3 4
3 5
3 6
3 5
2 5
1 5
1 6
2 6
1 6
1 5
1 6
1 7
2 7
2 8
2 9
1 9
1 8
1 9
2 9
1 9
1 10
2 10
2 11
2 12
2 13
3 13
2 13
2 14
2 13
2 14
3 14
2 14
2 13
2 14
2 15
2 14
1 14
1 13
0 13
1 13
0 13
1 13
0 13
0 12
0 11
0 10
1 10
2 10
3 10
3 11
2 11
2 12
3 12
4 12
4 11
4 12
3 12
3 13
3 12
3 13
3 14
3 13
4 13
4 14
5 14
5 13
4 13
4 12
4 11
3 11
4 11
4 10
3 10
3 9
3 10
3 9
2 9
3 9
3 8
3 9
2 9
1 9
2 9
2 10
3 10
3 9
4 9
4 10
5 10
6 10
5 10
5 11
5 12
5 11
5 12
5 13
5 12
5 11
4 11
5 11
4 11
4 10
3 10
2 10
1 10
1 11
1 12
2 12
2 11
3 11
3 12
3 11
3 12
3 11
4 11
5 11
6 11
6 10
7 10
7 11
6 11
5 11
5 10
4 10
3 10
2 10
1 10
1 11
1 12
1 11
2 11
3 11
4 11
3 11
4 11
3 11
4 11
3 11
3 12
2 12
1 12
0 12
0 13
0 12
1 12
0 12
1 12
1 11
1 12
0 12
0 13
0 14
1 14
0 14
1 14
2 14
3 14
3 15
3 16
4 16
3 16
3 17
2 17
3 17
2 17
3 17
4 17
4 18
5 18
6 18
6 19
7 19
7 20
7 21
7 20
6 20
6 21
6 20
6 21
6 20
7 20
8 20
8 19
8 20
8 19
9 19
9 18
9 17
8 17
9 17
10 17
11 17
11 18
10 18
10 19
9 19
9 18
8 18
9 18
9 19
9 18
8 18
9 18
8 18
8 19
8 18
7 18
6 18
7 18
6 18
5 18
5 17
6 17
6 16
7 16
8 16
8 17
8 16
8 15
7 15
7 16
7 17
7 18
8 18
8 17
7 17
7 18
7 19
8 19
8 20
7 20
7 19
8 19
8 20
9 20
8 20
8 19
7 19
7 20
8 20
9 20
9 19
10 19
9 19
9 20
9 21
10 21
9 21
10 21
9 21
9 22
9 23
9 24
9 25
9 24
9 23
9 22
10 22
10 21
9 21
10 21
9 21
9 20
9 21
8 21
8 20
8 21
8 20
7 20
8 20
7 20
7 19
7 18
8 18
7 18
8 18
7 18
7 17
7 18
6 18
6 17
5 17
5 18
5 19
5 20
5 19
4 19
4 20
4 19
4 18
4 17
5 17
6 17
7 17
6 17
6 18
7 18
6 18
6 17
7 17
7 18
8 18
7 18
7 19
6 19
5 19
5 20
6 20
6 21
5 21
5 20
5 21
4 21
3 21
4 21
5 21
4 21
3 21
4 21
4 22
4 21
4 20
4 21
4 22
3 22
3 21
3 20
3 19
4 19
5 19
5 20
4 20
5 20
5 21
5 20
6 20
5 20
5 19
5 20
6 20
6 21
6 20
7 20
8 20
8 21
7 21
7 20
7 21
6 21
6 22
6 23
6 22
7 22
7 23
7 24
7 25
6 25
6 24
6 25
6 24
5 24
5 25
4 25
4 26
4 25
4 26
4 25
5 25
5 26
5 25
5 26
5 25
5 26
5 25
5 24
5 23
4 23
5 23
5 24
6 24
6 25
5 25
5 24
6 24
6 23
5 23
6 23
6 24
6 25
5 25
5 26
5 25
5 26
5 27
4 27
4 28
5 28
4 28
4 27
3 27
2 27
2 28
2 29
1 29
1 28
0 28
1 28
1 27
1 28
1 27
2 27
2 28
2 29
2 30
2 29
3 29
2 29
3 29
4 29
4 28
3 28
3 29
3 30
3 29
3 28
2 28
2 27
3 27
4 27
4 26
5 26
5 25
5 26
6 26
6 27
7 27
8 27
7 27
8 27
8 28
7 28
8 28
8 29
9 29
8 29
7 29
6 29
7 29
6 29
6 28
6 27
6 28
5 28
6 28
6 29
5 29
5 30
6 30
5 30
5 31
4 31
4 30
4 29
5 29
6 29
7 29
8 29
8 28
8 27
9 27
8 27
7 27
7 26
8 26
8 27
8 26
8 25
9 25
10 25
10 24
10 25
10 26
11 26
10 26
10 27
9 27
10 27
10 28
11 28
12 28
12 29
12 28
12 29
12 30
12 31
13 31
14 31
14 30
13 30
13 31
13 32
12 32
13 32
12 32
13 32
13 33
14 33
13 33
13 32
13 31
13 30
13 31
12 31
11 31
11 32
11 33
11 34
11 35
10 35
10 36
11 36
12 36
12 37
12 36
12 37
12 38
12 37
12 38
11 38
12 38
12 37
11 37
10 37
10 38
10 37
11 37
10 37
10 36
10 37
10 36
10 37
10 38
11 38
11 39
11 38
11 37
11 36
10 36
11 36
11 37
12 37
12 36
12 37
12 38
13 38
12 38
11 38
12 38
12 39
12 38
12 37
12 38
11 38
12 38
12 37
11 37
11 36
11 35
11 36
12 36
13 36
13 37
12 37
12 36
12 35
13 35
13 36
13 37
14 37
14 36
13 36
12 36
12 37
12 36
11 36
11 35
11 34
11 35
12 35
12 34
11 34
10 34
11 34
11 35
10 35
11 35
11 36
11 35
12 35
13 35
13 36
13 37
14 37
13 37
14 37
13 37
12 37
12 38
13 38
13 39
14 39
15 39
15 40
16 40
16 39
16 40
16 41
17 41
17 42
18 42
19 42
18 42
19 42
20 42
21 42
21 43
20 43
20 44
20 45
21 45
21 44
21 43
20 43
19 43
20 43
19 43
20 43
19 43
18 43
19 43
19 44
19 43
19 44
18 44
19 44
20 44
21 44
21 45
20 45
20 44
21 44
20 44
19 44
18 44
18 43
17 43
18 43
17 43
17 44
18 44
18 43
18 42
17 42
17 43
18 43
18 44
17 44
17 45
17 46
17 47
18 47
17 47
17 46
18 46
19 46
19 45
19 44
19 45
18 45
18 44
18 45
18 46
17 46
18 46
19 46
18 46
18 47
19 47
20 47
20 46
21 46
21 45
20 45
19 45
19 44
18 44
18 43
19 43
20 43
20 44
20 43
19 43
19 44
19 43
19 44
18 44
18 45
18 46
17 46
17 47
17 48
17 49
17 50
17 51
18 51
19 51
19 50
18 50
18 51
18 50
18 51
18 52
18 53
18 54
18 55
19 55
18 55
19 55
18 55
19 55
19 56
19 55
19 56
19 57
20 57
20 56
20 55
20 56
19 56
19 57
19 58
19 59
18 59
18 58
18 59
18 60
19 60
18 60
18 59
18 58
18 59
18 58
19 58
18 58
19 58
19 59
19 58
20 58
21 58
20 58
20 59
21 59
21 58
22 58
21 58
20 58
20 59
20 60
21 60
21 59
21 58
21 57
21 56
