0 0
1 0
1 1
1 0
2 0
1 0
1 1
0 1
1 1
1 0
0 0
1 0
2 0
2 1
1 1
1 2
0 2
0 1
1 1
0 1
1 1
1 2
2 2
3 2
2 2
2 1
1 1
0 1
0 0
0 1
0 0
0 1
1 1
2 1
2 2
2 3
2 2
2 1
1 1
1 0
1 1
1 2
0 2
1 2
1 1
2 1
3 1
2 1
1 1
2 1
2 2
3 2
4 2
4 3
4 4
4 5
4 6
5 6
5 7
4 7
4 8
3 8
3 9
2 9
1 9
1 10
2 10
3 10
4 10
5 10
5 11
5 10
5 9
5 8
4 8
4 7
3 7
3 8
3 9
3 10
3 9
3 10
2 10
1 10
1 11
1 10
0 10
0 9
0 10
0 9
0 10
0 11
0 10
1 10
1 9
1 8
2 8
1 8
0 8
0 9
0 8
0 7
0 8
0 9
0 8
1 8
1 7
1 6
1 7
2 7
2 8
3 8
3 7
3 6
4 6
4 7
4 6
5 6
5 7
6 7
6 6
6 7
6 6
6 5
7 5
7 4
7 5
8 5
8 4
9 4
9 3
10 3
10 4
10 3
9 3
8 3
7 3
7 2
8 2
8 3
7 3
8 3
8 4
9 4
8 4
7 4
8 4
7 4
6 4
5 4
4 4
4 5
3 5
4 5
4 4
3 4
3 3
3 2
3 3
2 3
1 3
1 2
1 1
1 0
1 1
0 1
1 1
1 0
1 1
2 1
2 2
2 1
3 1
4 1
4 2
4 3
4 4
4 5
4 6
5 6
5 7
5 8
6 8
6 7
5 7
5 6
4 6
3 6
4 6
4 5
5 5
5 6
4 6
4 5
4 4
4 5
4 4
4 5
4 4
5 4
4 4
4 3
3 3
2 3
2 2
3 2
3 1
3 0
3 1
3 0
3 1
3 2
3 1
3 2
4 2
4 1
4 2
5 2
4 2
5 2
5 1
5 0
5 1
6 1
7 1
7 0
8 0
7 0
8 0
8 1
9 1
8 1
7 1
7 0
6 0
6 1
6 2
7 2
7 3
7 2
6 2
6 1
6 0
6 1
7 1
7 0
7 1
8 1
8 2
8 1
8 2
7 2
6 2
7 2
7 3
8 3
8 4
7 4
6 4
6 3
6 4
6 5
6 4
6 5
7 5
7 4
7 3
8 3
8 4
8 5
9 5
9 6
9 5
10 5
10 6
9 6
8 6
8 5
9 5
8 5
9 5
10 5
11 5
10 5
9 5
10 5
9 5
10 5
11 5
12 5
12 4
11 4
11 3
10 3
10 2
10 3
10 2
10 1
11 1
11 0
10 0
11 0
12 0
11 0
11 1
11 0
10 0
9 0
10 0
11 0
11 1
11 2
10 2
9 2
10 2
9 2
8 2
8 3
9 3
10 3
10 2
9 2
9 3
9 4
9 5
9 6
8 6
9 6
9 7
8 7
8 6
8 5
7 5
8 5
7 5
8 5
7 5
6 5
5 5
6 5
5 5
4 5
4 4
3 4
3 5
2 5
2 6
3 6
4 6
4 7
4 8
4 9
5 9
6 9
6 10
6 9
5 9
5 8
5 9
6 9
5 9
4 9
5 9
6 9
5 9
5 10
6 10
6 9
5 9
4 9
3 9
3 10
4 10
5 10
4 10
3 10
3 11
3 10
3 11
3 10
4 10
4 9
4 8
4 9
5 9
4 9
4 10
5 10
5 11
4 11
4 12
4 11
4 12
4 13
3 13
3 12
3 11
2 11
3 11
3 12
2 12
1 12
1 13
1 14
0 14
1 14
1 15
1 16
1 17
2 17
2 16
2 15
3 15
3 14
3 13
3 14
3 13
3 12
4 12
5 12
5 11
4 11
4 12
5 12
5 13
6 13
7 13
7 12
7 13
8 13
7 13
8 13
8 14
8 13
9 13
10 13
10 12
11 12
12 12
12 11
13 11
14 11
15 11
15 12
14 12
15 12
14 12
14 13
14 12
14 13
15 13
14 13
14 14
15 14
14 14
13 14
13 13
12 13
12 14
12 15
12 16
12 15
11 15
10 15
9 15
9 16
10 16
9 16
10 16
10 17
10 18
11 18
11 19
11 20
11 19
12 19
12 20
12 21
13 21
13 22
14 22
14 21
13 21
13 20
13 21
14 21
14 22
13 22
14 22
13 22
13 21
12 21
12 20
13 20
13 21
13 22
13 23
13 22
14 22
13 22
14 22
15 22
16 22
17 22
16 22
16 23
16 24
16 23
17 23
18 23
17 23
17 24
18 24
18 25
19 25
19 24
19 25
20 25
20 24
20 23
21 23
22 23
21 23
21 22
22 22
22 21
21 21
21 22
22 22
23 22
23 23
23 22
24 22
23 22
23 21
24 21
25 21
26 21
26 20
26 19
26 18
26 19
27 19
26 19
26 18
25 18
25 17
26 17
27 17
28 17
29 17
29 16
29 17
30 17
29 17
29 18
29 17
30 17
31 17
30 17
30 16
30 15
30 14
29 14
29 15
29 14
28 14
27 14
26 14
26 13
25 13
25 12
26 12
26 11
27 11
26 11
25 11
25 12
24 12
23 12
23 11
23 12
22 12
22 13
22 14
21 14
20 14
20 13
20 12
20 13
21 13
22 13
21 13
21 14
20 14
20 15
21 15
22 15
22 16
23 16
24 16
24 17
24 18
23 18
23 19
24 19
24 20
24 19
24 20
23 20
24 20
24 21
24 20
24 21
24 20
25 20
24 20
25 20
25 19
24 19
25 19
26 19
26 20
25 20
25 21
25 22
26 22
27 22
26 22
26 21
27 21
28 21
28 22
27 22
26 22
26 23
26 22
26 21
25 21
25 20
25 21
26 21
26 20
25 20
25 21
25 20
25 21
24 21
24 20
23 20
24 20
24 21
23 21
22 21
21 21
21 20
22 20
22 19
23 19
24 19
25 19
26 19
25 19
25 18
24 18
24 19
24 18
24 19
24 18
24 17
23 17
22 17
23 17
23 18
23 17
24 17
24 16
24 15
24 14
24 13
23 13
24 13
25 13
25 14
25 13
25 14
25 15
26 15
26 14
25 14
25 15
25 16
25 17
24 17
25 17
25 18
24 18
24 19
23 19
23 18
23 17
23 18
22 18
23 18
23 17
23 16
23 15
24 15
23 15
23 14
24 14
24 15
24 14
24 13
24 14
23 14
23 15
24 15
25 15
25 16
25 17
25 16
26 16
25 16
25 15
26 15
25 15
25 16
26 16
26 15
26 14
26 15
27 15
27 14
26 14
26 15
27 15
28 15
29 15
30 15
30 14
30 15
31 15
31 16
32 16
32 17
32 16
32 15
32 16
31 16
31 15
31 14
30 14
29 14
29 13
30 13
31 13
30 13
31 13
31 14
32 14
33 14
33 13
33 12
34 12
33 12
34 12
33 12
34 12
33 12
33 13
33 12
33 11
33 12
33 11
33 12
34 12
34 13
35 13
34 13
35 13
35 12
35 13
34 13
34 12
35 12
35 13
35 14
34 14
34 15
34 16
34 15
34 14
34 13
35 13
35 12
35 11
35 12
35 11
35 10
36 10
37 10
37 9
36 9
36 8
36 9
36 8
37 8
38 8
38 9
38 10
38 9
39 9
40 9
41 9
40 9
40 10
41 10
41 11
42 11
41 11
41 10
40 10
40 11
39 11
40 11
39 11
40 11
41 11
42 11
41 11
42 11
43 11
43 10
43 9
43 10
42 10
42 9
41 9
41 8
42 8
42 9
41 9
41 10
41 9
42 9
43 9
44 9
45 9
46 9
47 9
47 8
48 8
48 9
48 10
48 9
48 8
48 9
48 10
49 10
50 10
50 11
49 11
49 10
49 11
48 11
48 12
48 11
48 10
49 10
49 9
48 9
47 9
47 8
47 9
47 8
48 8
48 7
47 7
47 8
46 8
45 8
44 8
45 8
44 8
44 9
43 9
42 9
42 10
43 10
42 10
43 10
43 9
43 8
43 9
43 10
43 9
44 9
45 9
45 10
45 9
44 9
43 9
44 9
44 8
44 7
45 7
44 7
44 8
44 7
43 7
42 7
42 8
41 8
41 7
40 7
39 7
39 6
39 5
39 6
39 7
38 7
38 6
38 5
38 6
38 5
38 6
37 6
37 5
37 4
37 3
37 4
38 4
37 4
36 4
35 4
35 3
34 3
33 3
33 4
33 3
33 2
34 2
33 2
34 2
34 3
34 4
34 3
35 3
35 4
35 3
35 4
36 4
35 4
35 5
36 5
35 5
35 6
34 6
33 6
33 5
34 5
34 4
34 5
35 5
35 6
35 7
36 7
36 6
36 5
37 5
37 4
37 5
38 5
38 4
38 3
37 3
38 3
38 4
37 4
38 4
38 3
38 4
38 5
38 6
39 6
39 5
40 5
40 4
41 4
41 5
42 5
42 6
42 5
42 6
41 6
41 7
41 6
42 6
42 7
