0 0
1 0
1 1
2 1
2 0
1 0
2 0
3 0
2 0
2 1
1 1
0 1
1 1
1 0
1 1
0 1
0 2
0 1
0 0
1 0
1 1
0 1
0 2
0 3
0 4
0 5
1 5
1 6
2 6
3 6
4 6
5 6
4 6
4 5
3 5
2 5
3 5
2 5
2 6
2 7
1 7
1 6
1 7
0 7
1 7
0 7
0 8
0 9
0 10
1 10
1 9
1 8
1 9
1 8
1 7
2 7
2 8
2 9
2 8
3 8
3 7
2 7
1 7
2 7
1 7
1 6
1 7
1 8
1 7
1 8
1 7
1 6
1 5
2 5
1 5
0 5
1 5
0 5
1 5
2 5
3 5
4 5
5 5
4 5
4 6
3 6
3 7
3 6
3 5
3 6
2 6
3 6
4 6
4 5
5 5
6 5
7 5
6 5
6 4
7 4
7 3
7 4
8 4
7 4
7 3
7 2
6 2
5 2
5 3
5 2
4 2
4 3
3 3
3 2
4 2
5 2
6 2
5 2
4 2
5 2
5 1
5 0
4 0
4 1
4 2
5 2
5 3
5 2
5 3
5 2
6 2
5 2
5 3
6 3
7 3
8 3
9 3
10 3
11 3
10 3
11 3
10 3
10 2
9 2
10 2
10 3
10 4
9 4
9 3
10 3
9 3
9 2
9 1
8 1
8 2
7 2
8 2
8 3
8 2
8 3
8 4
8 5
8 6
9 6
9 7
9 8
8 8
8 9
8 8
9 8
9 9
10 9
10 8
11 8
10 8
10 9
10 8
10 9
11 9
11 10
11 11
10 11
10 10
10 11
10 12
10 13
10 12
10 13
11 13
10 13
11 13
10 13
11 13
10 13
11 13
11 12
10 12
11 12
11 13
11 12
10 12
10 13
10 14
9 14
8 14
8 13
7 13
8 13
9 13
10 13
10 14
10 15
9 15
9 16
9 17
8 17
9 17
10 17
10 16
10 17
10 16
11 16
12 16
13 16
13 17
13 18
14 18
14 17
14 18
15 18
14 18
14 19
14 18
15 18
16 18
17 18
17 17
16 17
16 18
15 18
16 18
15 18
15 19
16 19
16 18
15 18
16 18
16 19
16 18
17 18
18 18
18 17
17 17
17 18
16 18
17 18
17 19
16 19
15 19
15 18
14 18
13 18
12 18
12 19
11 19
11 18
11 19
11 18
11 19
11 20
12 20
13 20
14 20
14 21
15 21
15 20
15 19
16 19
15 19
14 19
14 18
13 18
13 19
13 20
13 19
13 18
13 19
13 18
13 19
13 18
14 18
14 17
13 17
12 17
13 17
12 17
12 16
12 17
12 16
13 16
12 16
13 16
13 15
13 14
13 13
13 12
14 12
13 12
12 12
13 12
13 11
14 11
15 11
15 12
15 13
15 14
15 13
16 13
16 12
16 13
16 12
15 12
15 13
16 13
16 12
17 12
17 13
17 14
18 14
18 13
17 13
16 13
16 12
16 13
16 14
16 13
16 14
15 14
16 14
16 13
16 14
17 14
16 14
17 14
17 13
17 14
17 15
18 15
18 14
18 15
18 16
18 15
18 16
19 16
20 16
19 16
19 15
19 16
19 15
18 15
18 16
19 16
19 17
18 17
18 16
18 17
18 18
18 19
19 19
19 20
20 20
21 20
21 19
21 18
21 19
21 18
21 19
21 20
22 20
21 20
21 19
21 20
22 20
22 21
22 20
22 19
23 19
23 18
23 17
23 16
22 16
23 16
23 15
24 15
24 14
24 13
24 12
24 13
24 14
24 15
23 15
23 16
23 17
23 16
23 15
22 15
22 14
22 13
23 13
22 13
21 13
21 12
21 13
21 14
21 15
21 14
22 14
22 15
22 16
21 16
21 17
20 17
19 17
20 17
21 17
20 17
20 18
20 17
20 16
20 17
21 17
22 17
22 18
22 17
22 16
22 15
21 15
20 15
20 16
21 16
20 16
20 17
21 17
20 17
20 18
20 19
20 18
19 18
18 18
18 19
19 19
20 19
21 19
21 20
21 19
21 18
21 19
21 20
21 19
22 19
22 18
21 18
21 19
21 18
20 18
21 18
21 19
20 19
19 19
18 19
19 19
19 20
18 20
19 20
19 19
19 20
19 19
20 19
19 19
20 19
21 19
21 20
21 21
21 20
20 20
20 21
20 20
19 20
20 20
20 19
20 18
20 19
21 19
21 18
22 18
21 18
20 18
20 17
19 17
19 18
18 18
18 17
18 18
18 19
18 18
19 18
18 18
17 18
16 18
17 18
16 18
16 19
16 20
16 19
16 20
16 21
16 20
17 20
17 21
16 21
16 22
16 23
16 24
16 23
16 24
16 23
16 22
15 22
16 22
16 23
17 23
16 23
17 23
17 24
17 25
17 26
18 26
18 25
18 26
19 26
18 26
18 27
18 26
19 26
18 26
19 26
20 26
20 27
20 28
20 27
21 27
21 28
21 29
22 29
22 30
23 30
23 31
24 31
24 32
24 31
24 30
24 31
24 32
25 32
24 32
24 33
24 32
25 32
25 31
24 31
23 31
23 32
24 32
24 31
24 32
25 32
26 32
26 31
26 32
27 32
26 32
26 31
26 32
25 32
25 33
25 32
25 31
26 31
27 31
27 30
27 31
27 32
28 32
28 31
29 31
28 31
28 30
27 30
28 30
28 31
27 31
26 31
26 30
25 30
25 29
26 29
25 29
25 30
25 31
26 31
26 32
25 32
25 33
26 33
26 34
26 33
26 34
26 35
25 35
26 35
26 34
27 34
27 35
27 34
28 34
28 33
27 33
26 33
26 32
26 33
25 33
25 34
25 33
25 32
25 33
25 34
25 33
25 34
26 34
25 34
26 34
26 35
25 35
25 34
26 34
26 35
25 35
25 36
25 35
25 36
24 36
24 37
24 36
25 36
25 37
25 36
25 35
24 35
24 36
25 36
26 36
25 36
25 35
25 36
24 36
25 36
25 35
25 34
26 34
26 35
25 35
25 34
24 34
25 34
26 34
26 35
26 34
26 35
26 36
26 37
27 37
26 37
26 36
26 37
26 38
27 38
28 38
28 39
27 39
27 38
28 38
29 38
30 38
29 38
29 39
29 40
30 40
29 40
30 40
30 41
30 42
31 42
31 41
32 41
32 40
32 41
33 41
34 41
35 41
36 41
36 42
36 41
35 41
34 41
35 41
35 40
35 41
35 42
35 43
35 42
35 43
35 42
34 42
34 43
34 44
33 44
33 45
34 45
34 44
34 45
33 45
33 46
33 47
34 47
35 47
35 48
34 48
34 47
33 47
33 46
32 46
32 45
32 46
32 47
32 48
31 48
31 49
31 48
30 48
30 49
30 50
31 50
31 49
32 49
31 49
32 49
32 50
31 50
31 49
32 49
32 48
32 47
32 46
31 46
31 47
32 47
31 47
30 47
29 47
30 47
29 47
29 48
29 47
29 48
30 48
31 48
31 49
31 50
32 50
32 49
31 49
30 49
29 49
29 50
28 50
28 51
28 52
28 53
28 52
28 51
29 51
28 51
28 50
28 49
27 49
26 49
26 48
26 49
27 49
27 50
27 51
27 50
26 50
26 49
26 48
26 47
25 47
25 46
26 46
26 45
26 46
26 45
25 45
25 44
25 43
25 44
26 44
27 44
28 44
28 45
28 46
27 46
27 47
27 48
27 49
26 49
25 49
24 49
25 49
26 49
26 50
27 50
26 50
26 49
26 48
26 47
26 48
26 47
26 46
26 47
26 48
26 49
25 49
26 49
27 49
27 48
26 48
25 48
25 47
25 48
24 48
25 48
26 48
26 47
27 47
27 48
26 48
25 48
25 49
25 48
24 48
25 48
26 48
27 48
27 47
28 47
27 47
27 48
27 49
27 48
28 48
28 49
27 49
27 50
26 50
25 50
25 49
25 48
25 49
26 49
25 49
24 49
23 49
23 48
23 49
23 48
23 47
23 48
23 49
22 49
22 50
21 50
22 50
22 49
23 49
23 48
23 49
24 49
24 50
24 51
23 51
23 50
22 50
22 49
21 49
21 50
21 51
20 51
21 51
21 50
20 50
21 50
21 51
21 50
22 50
23 50
23 51
23 50
24 50
23 50
23 51
23 52
23 51
23 52
23 51
23 50
24 50
25 50
24 50
24 49
24 48
24 47
23 47
23 46
22 46
22 47
22 46
22 45
23 45
24 45
23 45
23 44
23 43
23 44
24 44
25 44
24 44
23 44
24 44
24 43
24 44
24 45
23 45
24 45
24 46
24 45
25 45
25 46
24 46
24 45
24 44
24 43
25 43
25 42
24 42
24 43
23 43
24 43
24 42
24 43
24 42
24 43
24 44
23 44
22 44
23 44
23 43
22 43
22 44
23 44
23 43
23 42
24 42
24 43
24 42
24 41
24 40
25 40
25 41
26 41
26 40
26 41
25 41
25 40
25 39
24 39
23 39
24 39
23 39
23 40
