0 0
0 1
1 1
1 2
0 2
0 3
0 2
1 2
2 2
1 2
1 3
1 4
1 5
2 5
2 6
2 7
2 6
1 6
1 7
2 7
1 7
1 6
1 7
2 7
2 6
2 5
2 4
2 5
3 5
3 4
2 4
1 4
0 4
1 4
2 4
2 5
1 5
0 5
1 5
1 6
1 7
1 6
1 7
0 7
0 8
1 8
2 8
2 7
1 7
1 6
2 6
2 5
1 5
1 4
0 4
1 4
1 5
1 4
0 4
1 4
0 4
1 4
1 5
1 6
2 6
1 6
0 6
0 7
1 7
1 6
1 7
1 8
1 7
2 7
3 7
2 7
2 6
1 6
2 6
2 7
2 6
3 6
2 6
2 7
3 7
3 6
3 7
3 6
3 7
3 8
4 8
4 7
3 7
3 6
4 6
3 6
4 6
4 7
3 7
2 7
1 7
1 8
1 7
1 6
1 7
1 6
1 5
1 6
0 6
1 6
1 5
2 5
2 6
2 7
2 8
3 8
4 8
4 7
5 7
4 7
5 7
5 6
4 6
5 6
5 7
4 7
3 7
3 8
4 8
3 8
3 7
3 8
4 8
4 7
3 7
4 7
3 7
4 7
3 7
3 6
4 6
4 7
4 6
5 6
5 7
5 8
5 9
4 9
5 9
5 10
6 10
6 11
6 12
6 13
6 14
7 14
8 14
7 14
8 14
8 13
9 13
9 12
8 12
9 12
9 11
10 11
9 11
9 12
9 13
9 14
9 15
10 15
9 15
10 15
10 16
10 17
9 17
9 18
9 19
10 19
11 19
11 20
11 21
11 22
11 21
11 20
11 19
10 19
10 18
10 17
10 18
9 18
9 17
9 18
9 19
8 19
8 18
9 18
9 19
10 19
9 19
8 19
8 20
9 20
10 20
11 20
10 20
10 19
11 19
11 18
12 18
12 19
12 20
12 19
13 19
13 18
13 17
12 17
12 16
11 16
12 16
13 16
13 17
14 17
14 18
14 19
15 19
15 20
16 20
15 20
15 19
16 19
16 20
16 21
17 21
17 20
16 20
16 19
16 20
16 21
16 22
17 22
17 23
16 23
16 24
16 25
15 25
15 26
16 26
16 25
17 25
16 25
16 26
17 26
17 27
16 27
16 26
16 25
15 25
15 26
14 26
15 26
14 26
14 25
13 25
13 26
12 26
13 26
14 26
14 27
15 27
15 28
14 28
14 27
15 27
15 26
14 26
14 25
14 24
15 24
15 25
14 25
13 25
12 25
11 25
10 25
11 25
10 25
10 26
10 27
9 27
10 27
10 26
10 25
9 25
8 25
8 24
8 23
8 22
8 23
9 23
10 23
10 22
11 22
10 22
11 22
12 22
11 22
11 23
11 22
11 23
12 23
11 23
12 23
12 22
12 21
12 20
11 20
10 20
11 20
11 19
12 19
12 20
12 19
12 18
12 19
11 19
10 19
11 19
10 19
11 19
11 20
11 19
10 19
9 19
9 20
10 20
10 21
11 21
12 21
12 22
12 21
11 21
10 21
10 20
10 21
10 20
10 19
10 18
9 18
9 19
8 19
7 19
7 18
7 17
6 17
6 18
6 19
7 19
7 20
7 21
7 22
7 23
6 23
6 24
5 24
4 24
4 23
5 23
6 23
6 22
7 22
6 22
7 22
6 22
7 22
7 21
7 22
6 22
6 21
6 20
5 20
5 21
6 21
7 21
8 21
8 20
9 20
10 20
10 21
10 22
10 23
10 22
10 21
9 21
10 21
11 21
11 20
12 20
12 19
12 18
13 18
12 18
12 19
12 20
12 21
12 22
13 22
12 22
12 21
12 22
13 22
12 22
12 21
12 22
12 21
13 21
13 22
12 22
12 21
11 21
11 22
12 22
12 23
12 24
12 23
11 23
11 24
10 24
10 23
9 23
8 23
8 24
8 25
9 25
9 24
9 25
8 25
8 26
8 25
8 26
9 26
10 26
10 27
10 26
11 26
10 26
9 26
8 26
8 25
8 26
8 27
8 28
7 28
7 27
6 27
6 26
6 27
7 27
6 27
7 27
7 28
6 28
5 28
5 29
5 28
5 27
4 27
5 27
6 27
7 27
7 26
8 26
8 27
8 26
7 26
6 26
6 27
5 27
5 26
4 26
4 25
3 25
4 25
5 25
5 26
4 26
4 27
4 28
3 28
3 27
4 27
4 28
4 27
4 28
4 27
4 26
3 26
2 26
1 26
1 25
1 26
1 27
0 27
0 26
1 26
1 27
0 27
0 26
0 25
1 25
1 24
0 24
1 24
1 25
1 24
2 24
1 24
1 25
0 25
1 25
1 24
1 25
1 24
0 24
1 24
2 24
2 23
2 24
3 24
3 25
3 24
3 25
4 25
3 25
2 25
3 25
2 25
3 25
4 25
5 25
5 26
5 25
6 25
6 26
6 27
7 27
6 27
6 26
5 26
5 25
5 26
4 26
4 27
4 28
5 28
5 29
6 29
6 30
5 30
6 30
6 31
6 30
6 31
7 31
7 32
8 32
7 32
6 32
7 32
8 32
9 32
8 32
8 33
7 33
7 34
8 34
8 35
8 34
8 33
8 32
9 32
9 33
10 33
11 33
10 33
10 32
10 33
10 34
11 34
11 35
11 36
11 37
11 36
10 36
10 37
10 38
11 38
10 38
10 37
10 36
11 36
12 36
11 36
11 35
12 35
12 36
12 35
11 35
12 35
12 36
13 36
14 36
14 35
13 35
13 34
14 34
13 34
12 34
11 34
12 34
11 34
11 33
11 34
11 35
11 36
11 35
11 34
11 35
11 36
10 36
11 36
11 37
10 37
11 37
10 37
10 36
9 36
8 36
7 36
8 36
8 35
9 35
8 35
8 36
8 37
7 37
7 36
6 36
7 36
6 36
6 35
6 36
7 36
7 35
7 36
7 35
8 35
9 35
9 36
10 36
10 37
10 38
10 37
11 37
11 38
11 39
11 40
10 40
11 40
11 41
11 40
12 40
13 40
13 41
12 41
11 41
11 40
10 40
10 39
10 38
9 38
9 39
8 39
9 39
8 39
9 39
9 38
10 38
10 37
9 37
9 38
8 38
9 38
10 38
10 39
10 38
9 38
10 38
10 39
10 38
10 37
9 37
9 36
9 35
10 35
10 36
10 35
9 35
9 34
9 33
9 34
8 34
7 34
8 34
8 35
9 35
9 34
10 34
10 33
9 33
9 34
9 33
9 32
9 33
10 33
10 32
9 32
9 31
8 31
8 32
8 33
8 34
8 35
8 34
8 35
8 36
8 35
8 34
7 34
6 34
5 34
5 33
5 34
6 34
7 34
7 33
8 33
7 33
7 32
7 33
7 34
7 35
7 36
7 35
7 36
6 36
6 35
6 36
5 36
5 37
6 37
7 37
8 37
9 37
8 37
7 37
7 38
7 37
8 37
9 37
8 37
9 37
9 36
8 36
7 36
6 36
7 36
7 35
6 35
6 36
6 35
7 35
6 35
6 36
6 37
6 38
6 37
7 37
7 36
7 37
7 36
6 36
6 37
6 36
6 37
5 37
5 38
4 38
5 38
5 39
4 39
4 38
5 38
4 38
4 39
3 39
3 38
2 38
2 37
2 38
3 38
2 38
2 39
2 38
2 39
2 38
1 38
1 39
2 39
1 39
0 39
1 39
1 40
1 41
1 40
1 41
2 41
1 41
2 41
3 41
3 40
2 40
1 40
0 40
0 39
0 40
0 41
0 42
1 42
1 43
1 44
0 44
1 44
1 43
1 44
1 43
2 43
2 44
3 44
2 44
1 44
1 45
0 45
0 46
1 46
1 45
2 45
2 46
3 46
4 46
3 46
3 47
4 47
4 46
5 46
6 46
7 46
7 47
8 47
9 47
8 47
9 47
9 46
10 46
10 45
10 44
10 43
10 44
9 44
9 45
8 45
9 45
10 45
10 46
9 46
9 47
10 47
9 47
8 47
7 47
8 47
8 48
8 47
7 47
8 47
9 47
10 47
11 47
11 46
11 47
12 47
11 47
10 47
10 46
11 46
11 47
10 47
9 47
9 48
9 49
9 48
9 49
9 48
9 47
10 47
10 48
10 49
10 50
9 50
9 51
9 52
10 52
11 52
11 51
10 51
10 52
10 53
11 53
11 54
11 53
12 53
12 54
11 54
12 54
13 54
13 55
13 56
12 56
13 56
13 57
13 58
13 57
13 56
13 55
13 54
13 53
13 54
12 54
12 53
12 54
11 54
11 53
11 52
12 52
12 51
13 51
13 50
12 50
13 50
12 50
12 49
13 49
13 50
13 49
13 50
13 49
14 49
15 49
15 50
14 50
15 50
15 51
15 52
14 52
14 51
13 51
14 51
13 51
12 51
12 52
13 52
13 53
14 53
15 53
15 54
14 54
15 54
15 55
16 55
16 54
16 53
17 53
16 53
16 54
16 55
16 56
17 56
17 55
17 56
