0 0
1 0
1 1
1 2
1 3
2 3
3 3
3 2
4 2
5 2
5 1
5 2
4 2
4 1
3 1
3 2
3 3
4 3
5 3
4 3
4 4
3 4
2 4
2 3
1 3
1 2
1 3
0 3
0 2
0 1
0 0
0 1
1 1
1 0
0 0
0 1
1 1
0 1
1 1
1 2
1 1
1 2
1 1
1 2
1 3
1 4
2 4
2 3
2 4
1 4
2 4
2 5
1 5
2 5
2 6
3 6
3 7
2 7
2 6
2 7
1 7
0 7
0 6
1 6
2 6
3 6
3 7
3 8
4 8
4 9
4 10
4 11
3 11
2 11
3 11
4 11
4 10
4 11
4 10
4 11
4 12
4 13
3 13
3 12
3 13
4 13
3 13
3 12
4 12
3 12
3 13
3 12
3 13
3 12
2 12
2 11
3 11
4 11
5 11
5 10
5 9
6 9
5 9
5 10
5 11
5 12
5 11
5 12
5 11
6 11
6 12
7 12
7 13
6 13
6 12
6 13
6 12
6 11
6 12
6 13
7 13
7 14
7 13
7 14
7 15
7 14
6 14
6 15
7 15
7 14
7 15
8 15
9 15
9 16
9 17
9 18
10 18
10 17
11 17
12 17
12 16
12 15
12 16
13 16
14 16
14 15
14 16
14 17
13 17
14 17
14 18
13 18
13 19
12 19
12 18
12 19
12 18
13 18
13 17
13 16
13 15
14 15
15 15
14 15
13 15
14 15
15 15
15 16
16 16
16 15
17 15
18 15
18 14
18 13
17 13
18 13
18 14
17 14
16 14
17 14
18 14
18 13
18 12
17 12
16 12
16 13
15 13
14 13
13 13
14 13
14 14
13 14
12 14
12 15
13 15
13 14
13 15
12 15
13 15
13 16
12 16
12 17
13 17
13 16
12 16
12 17
12 18
12 19
13 19
13 18
13 17
14 17
14 18
13 18
13 17
14 17
14 16
14 17
13 17
12 17
12 18
12 19
13 19
13 18
13 17
13 18
12 18
11 18
10 18
9 18
10 18
10 17
11 17
12 17
12 18
12 17
12 18
12 17
11 17
11 18
12 18
13 18
14 18
15 18
15 17
15 18
15 19
14 19
15 19
14 19
14 18
14 19
14 20
15 20
15 19
16 19
16 18
15 18
16 18
16 19
15 19
15 20
16 20
16 21
16 20
16 19
16 20
17 20
16 20
16 21
16 20
16 19
16 20
15 20
16 20
17 20
18 20
18 19
18 18
17 18
17 17
17 16
16 16
17 16
16 16
15 16
15 17
15 18
15 19
16 19
15 19
16 19
16 20
15 20
15 21
14 21
14 22
15 22
16 22
16 23
15 23
15 24
15 23
14 23
13 23
14 23
14 24
13 24
13 23
13 22
14 22
14 21
14 22
13 22
13 23
12 23
12 24
12 25
11 25
11 24
11 23
12 23
11 23
10 23
9 23
10 23
10 22
9 22
9 23
9 24
9 23
10 23
9 23
9 22
8 22
7 22
6 22
6 23
7 23
8 23
8 22
8 23
8 22
9 22
8 22
7 22
7 21
6 21
6 20
7 20
6 20
6 19
7 19
6 19
6 20
6 21
6 22
7 22
6 22
5 22
5 23
5 24
6 24
5 24
6 24
5 24
6 24
5 24
6 24
6 23
5 23
5 24
6 24
6 23
6 24
7 24
8 24
7 24
7 23
6 23
6 22
7 22
8 22
9 22
9 21
9 22
9 23
9 22
10 22
10 23
10 24
10 23
9 23
10 23
10 22
11 22
10 22
11 22
10 22
10 21
10 20
9 20
8 20
7 20
8 20
9 20
10 20
9 20
9 21
9 22
9 21
9 20
9 21
8 21
8 22
8 21
8 22
7 22
6 22
6 23
5 23
5 24
4 24
4 23
5 23
6 23
5 23
5 22
5 23
4 23
4 22
5 22
5 23
5 24
5 25
5 26
5 27
5 28
5 29
4 29
4 30
4 31
5 31
5 30
5 31
5 30
6 30
5 30
6 30
6 31
6 32
6 31
6 30
7 30
6 30
5 30
4 30
3 30
2 30
1 30
1 29
1 28
2 28
1 28
1 29
1 28
0 28
1 28
2 28
2 27
2 26
3 26
3 25
3 24
3 25
3 26
4 26
4 25
4 24
4 23
5 23
5 24
4 24
3 24
2 24
2 23
1 23
0 23
0 22
1 22
1 23
0 23
0 24
0 25
1 25
1 24
1 23
2 23
3 23
2 23
1 23
2 23
2 24
3 24
3 25
3 24
3 23
2 23
1 23
1 22
1 23
0 23
1 23
2 23
2 24
1 24
1 25
2 25
2 24
1 24
1 23
1 24
1 23
0 23
1 23
2 23
2 22
1 22
0 22
1 22
1 23
0 23
0 22
0 21
0 22
0 23
0 24
1 24
0 24
0 25
0 24
0 23
1 23
2 23
3 23
4 23
4 24
4 23
5 23
6 23
6 22
6 23
6 24
5 24
6 24
6 25
6 24
6 25
5 25
4 25
5 25
5 26
4 26
4 27
5 27
6 27
5 27
5 26
6 26
6 27
6 26
5 26
5 27
4 27
5 27
4 27
3 27
4 27
3 27
3 26
3 25
3 24
4 24
4 25
4 24
4 25
5 25
4 25
5 25
6 25
6 26
6 25
6 26
7 26
6 26
7 26
7 25
8 25
8 26
7 26
8 26
9 26
9 25
9 26
10 26
11 26
10 26
10 25
11 25
10 25
10 24
9 24
9 25
8 25
8 26
7 26
6 26
6 25
5 25
5 26
4 26
4 27
5 27
6 27
7 27
6 27
6 26
6 27
5 27
4 27
3 27
4 27
3 27
4 27
4 28
5 28
5 29
6 29
6 30
5 30
4 30
3 30
4 30
4 29
4 28
5 28
4 28
4 29
4 30
3 30
2 30
2 29
2 28
3 28
4 28
4 27
4 28
4 29
4 30
3 30
3 29
3 28
4 28
5 28
4 28
4 29
3 29
3 28
2 28
3 28
4 28
5 28
6 28
7 28
8 28
8 29
8 28
7 28
6 28
6 29
7 29
7 28
7 27
7 26
7 27
7 26
8 26
7 26
7 25
7 26
7 25
7 24
6 24
5 24
5 25
4 25
4 24
4 23
4 22
4 21
3 21
3 22
3 23
2 23
1 23
1 22
1 21
1 20
0 20
0 19
0 18
1 18
0 18
1 18
1 19
0 19
1 19
1 20
0 20
0 19
0 20
0 19
1 19
1 20
1 21
1 20
0 20
1 20
1 21
2 21
2 22
3 22
3 23
4 23
4 22
4 23
4 22
3 22
3 21
3 20
4 20
4 19
4 18
4 17
4 16
3 16
3 15
3 14
3 13
2 13
3 13
3 12
3 11
4 11
4 12
3 12
4 12
3 12
4 12
4 13
4 14
5 14
5 13
5 14
5 13
4 13
4 14
5 14
5 13
6 13
5 13
6 13
6 14
6 15
5 15
5 14
6 14
5 14
6 14
6 15
5 15
4 15
3 15
4 15
5 15
4 15
3 15
4 15
3 15
4 15
3 15
3 14
3 13
3 12
3 13
3 12
3 11
3 10
3 11
3 10
2 10
1 10
0 10
0 11
0 10
1 10
1 9
1 8
1 7
2 7
2 8
2 9
2 8
3 8
4 8
5 8
5 9
4 9
3 9
3 8
3 9
2 9
3 9
2 9
3 9
4 9
3 9
2 9
3 9
2 9
2 10
2 11
1 11
1 12
1 13
0 13
1 13
2 13
1 13
2 13
2 14
2 13
3 13
3 12
4 12
5 12
4 12
3 12
2 12
2 13
1 13
1 14
1 15
1 16
1 15
1 14
1 13
0 13
1 13
1 14
2 14
1 14
1 15
2 15
3 15
2 15
2 16
3 16
2 16
3 16
3 17
2 17
2 18
3 18
4 18
4 19
4 20
4 19
5 19
4 19
4 18
4 17
4 18
3 18
3 17
3 16
4 16
4 17
5 17
6 17
5 17
6 17
6 18
5 18
6 18
5 18
5 19
4 19
5 19
5 20
4 20
4 21
4 22
4 23
5 23
5 24
4 24
3 24
2 24
1 24
1 23
2 23
2 24
1 24
2 24
1 24
2 24
3 24
3 25
4 25
4 24
4 25
5 25
6 25
6 26
7 26
8 26
9 26
10 26
11 26
12 26
12 25
12 26
13 26
12 26
12 27
12 28
12 27
12 26
12 27
12 26
12 27
13 27
13 26
13 27
13 28
13 27
14 27
14 28
14 29
13 29
12 29
13 29
13 28
14 28
14 29
14 28
13 28
14 28
13 28
13 29
14 29
15 29
15 28
15 27
14 27
15 27
16 27
16 26
16 25
17 25
17 26
17 25
17 24
16 24
15 24
15 23
16 23
17 23
18 23
17 23
16 23
16 22
16 23
17 23
16 23
15 23
16 23
16 24
16 23
15 23
16 23
15 23
15 22
14 22
14 23
15 23
15 22
16 22
16 21
