0 0
0 1
0 0
1 0
2 0
2 1
1 1
1 0
1 1
1 0
1 1
0 1
1 1
2 1
1 1
1 2
2 2
2 3
3 3
2 3
2 4
1 4
2 4
1 4
1 5
2 5
2 4
1 4
2 4
3 4
2 4
1 4
1 5
2 5
1 5
1 6
1 7
0 7
1 7
1 6
0 6
1 6
2 6
2 5
2 4
2 5
3 5
3 4
2 4
1 4
0 4
0 3
1 3
0 3
1 3
1 4
0 4
1 4
0 4
1 4
0 4
0 3
1 3
1 2
2 2
2 3
1 3
1 4
1 5
0 5
1 5
2 5
2 6
1 6
2 6
1 6
1 7
1 8
2 8
3 8
3 9
3 10
2 10
3 10
2 10
1 10
1 9
1 10
0 10
0 11
1 11
1 10
0 10
0 11
0 10
1 10
2 10
2 11
2 10
2 9
3 9
2 9
3 9
4 9
4 10
5 10
6 10
7 10
7 11
8 11
9 11
9 12
10 12
10 11
11 11
11 12
10 12
9 12
9 11
10 11
10 12
10 11
11 11
11 12
10 12
11 12
11 13
11 12
12 12
11 12
10 12
10 13
11 13
11 14
11 13
11 12
10 12
11 12
11 11
11 12
11 11
11 10
11 11
11 10
12 10
11 10
12 10
13 10
13 9
13 8
12 8
11 8
11 7
11 8
12 8
12 7
11 7
12 7
12 8
13 8
12 8
12 9
13 9
12 9
12 8
12 9
12 10
13 10
14 10
14 11
14 12
14 11
15 11
14 11
14 12
14 13
14 14
15 14
14 14
14 15
13 15
14 15
15 15
15 14
15 15
15 16
15 15
15 14
15 15
15 16
16 16
17 16
17 17
18 17
19 17
18 17
19 17
20 17
19 17
20 17
19 17
19 18
19 17
19 16
19 17
18 17
18 18
18 17
19 17
20 17
19 17
19 18
20 18
21 18
20 18
20 19
19 19
19 18
20 18
20 19
20 18
19 18
19 17
20 17
19 17
19 16
20 16
20 17
19 17
18 17
18 18
17 18
18 18
18 19
18 20
18 21
18 20
18 19
18 18
18 19
18 18
19 18
19 19
19 20
20 20
19 20
19 21
19 22
20 22
20 23
20 22
20 21
21 21
21 22
20 22
19 22
20 22
19 22
20 22
20 23
20 24
21 24
21 25
21 24
20 24
19 24
19 23
19 22
19 21
18 21
18 20
18 19
17 19
18 19
17 19
18 19
18 18
18 17
18 18
19 18
19 19
19 18
18 18
18 17
17 17
16 17
16 16
15 16
16 16
16 17
17 17
17 16
16 16
15 16
15 17
14 17
14 16
14 15
13 15
13 16
12 16
13 16
12 16
11 16
11 17
11 18
10 18
11 18
12 18
12 19
13 19
12 19
11 19
11 20
11 21
12 21
12 22
13 22
13 23
13 24
13 23
12 23
11 23
11 22
12 22
13 22
13 21
12 21
12 22
12 21
13 21
13 20
14 20
14 19
15 19
16 19
15 19
14 19
14 20
13 20
12 20
13 20
13 21
14 21
14 20
15 20
14 20
15 20
15 21
15 20
16 20
17 20
16 20
16 21
15 21
16 21
16 20
15 20
16 20
16 19
15 19
16 19
15 19
14 19
15 19
15 20
15 19
14 19
14 20
15 20
14 20
13 20
14 20
14 21
14 20
13 20
13 19
13 18
13 19
13 20
12 20
13 20
12 20
12 21
13 21
12 21
13 21
13 20
12 20
13 20
12 20
12 21
12 20
11 20
10 20
11 20
11 21
11 22
11 21
11 20
12 20
11 20
11 19
12 19
13 19
14 19
14 20
14 21
15 21
16 21
16 20
15 20
14 20
14 21
15 21
15 22
16 22
16 21
16 22
17 22
17 23
18 23
18 24
18 23
18 22
19 22
20 22
21 22
20 22
19 22
19 23
19 24
20 24
20 25
19 25
20 25
20 26
21 26
21 27
20 27
19 27
18 27
19 27
19 26
19 25
20 25
19 25
20 25
19 25
19 24
20 24
20 25
19 25
19 26
19 25
19 26
18 26
17 26
17 27
18 27
19 27
19 26
19 27
20 27
20 26
20 25
20 24
21 24
21 23
22 23
22 24
21 24
21 25
21 26
20 26
20 25
19 25
19 26
20 26
21 26
20 26
20 27
21 27
22 27
23 27
24 27
25 27
26 27
26 28
26 27
26 28
26 27
26 26
27 26
27 25
27 26
28 26
29 26
29 25
29 26
28 26
28 25
28 24
28 25
28 26
29 26
29 25
28 25
28 24
29 24
29 23
29 24
29 23
29 24
29 23
29 24
28 24
29 24
29 23
29 24
29 23
29 24
29 25
30 25
30 24
30 25
31 25
30 25
30 26
29 26
30 26
29 26
28 26
29 26
29 27
29 26
28 26
28 25
28 24
29 24
28 24
29 24
30 24
30 23
30 24
30 23
29 23
29 24
29 23
29 24
30 24
30 23
29 23
29 24
30 24
31 24
31 25
31 24
31 23
31 22
32 22
33 22
34 22
33 22
33 21
33 22
32 22
33 22
33 21
34 21
35 21
35 20
36 20
35 20
35 19
34 19
33 19
33 20
34 20
35 20
36 20
36 19
35 19
36 19
36 20
37 20
36 20
37 20
37 19
36 19
36 20
35 20
35 21
36 21
37 21
37 20
38 20
39 20
40 20
40 19
40 20
41 20
41 21
41 22
42 22
42 21
42 22
41 22
41 21
41 20
42 20
43 20
43 21
43 22
43 23
44 23
44 24
44 25
45 25
45 26
45 27
45 28
45 29
44 29
45 29
44 29
44 30
45 30
46 30
47 30
48 30
47 30
46 30
45 30
45 31
44 31
44 30
45 30
45 31
46 31
45 31
45 32
45 33
44 33
45 33
46 33
45 33
45 34
45 35
45 34
45 33
45 32
44 32
44 33
43 33
43 32
42 32
43 32
43 33
44 33
45 33
45 34
45 33
44 33
45 33
45 34
45 35
46 35
46 34
47 34
48 34
47 34
47 33
46 33
45 33
44 33
44 34
43 34
43 35
43 34
43 33
44 33
43 33
44 33
43 33
42 33
43 33
43 32
43 31
43 32
42 32
42 31
42 32
42 31
41 31
41 30
41 31
41 30
40 30
40 31
40 30
41 30
41 31
42 31
42 30
41 30
41 31
41 32
40 32
40 31
40 30
39 30
39 31
39 32
38 32
38 31
39 31
39 32
39 33
39 32
39 31
40 31
41 31
42 31
42 30
42 31
42 30
42 29
41 29
41 28
41 27
41 28
41 29
41 30
41 29
41 28
41 29
42 29
42 28
41 28
41 27
41 26
41 25
41 26
41 27
42 27
43 27
42 27
41 27
41 26
42 26
42 27
42 26
42 25
42 26
41 26
41 25
42 25
42 24
42 25
43 25
43 26
43 27
43 26
43 27
43 26
42 26
41 26
41 25
41 24
42 24
41 24
41 23
41 24
41 25
42 25
42 24
41 24
41 23
41 22
42 22
43 22
42 22
42 21
43 21
43 20
43 21
42 21
41 21
41 22
41 21
42 21
41 21
41 20
41 21
41 20
40 20
40 21
40 22
39 22
40 22
39 22
40 22
40 23
40 22
41 22
40 22
39 22
40 22
40 23
41 23
40 23
39 23
39 22
39 23
39 22
39 21
39 20
38 20
38 19
38 20
38 21
38 22
38 23
38 24
37 24
37 25
37 26
38 26
37 26
38 26
37 26
37 27
37 28
37 29
38 29
37 29
38 29
38 30
38 29
38 30
38 29
37 29
37 30
37 31
37 32
36 32
36 33
37 33
37 32
37 31
37 32
37 31
38 31
39 31
40 31
39 31
40 31
41 31
41 32
42 32
42 31
42 30
42 29
42 30
42 29
42 30
42 31
43 31
42 31
43 31
43 30
42 30
43 30
43 29
44 29
45 29
45 30
45 31
46 31
46 32
47 32
47 33
47 32
47 33
48 33
47 33
47 32
46 32
45 32
45 33
44 33
44 32
44 33
43 33
43 34
42 34
43 34
44 34
44 33
44 32
45 32
45 33
45 32
45 31
45 30
45 31
45 32
45 31
44 31
43 31
44 31
44 30
45 30
46 30
46 29
47 29
46 29
45 29
44 29
44 28
43 28
42 28
41 28
42 28
41 28
42 28
43 28
42 28
43 28
44 28
43 28
43 29
44 29
44 30
43 30
44 30
43 30
43 31
42 31
42 32
42 33
42 32
41 32
41 33
41 34
41 33
41 34
41 35
41 36
41 35
41 36
42 36
42 37
42 38
42 37
42 36
43 36
43 37
44 37
43 37
43 38
42 38
42 37
42 36
43 36
43 35
43 34
44 34
44 35
44 36
44 37
44 36
43 36
43 35
43 34
43 33
43 34
44 34
44 33
44 34
43 34
44 34
45 34
46 34
47 34
47 35
48 35
49 35
48 35
48 34
48 33
47 33
46 33
47 33
47 34
47 35
46 35
46 34
46 35
