0 0
0 1
0 0
1 0
0 0
1 0
0 0
0 1
0 2
0 1
0 2
0 3
0 4
1 4
2 4
1 4
0 4
0 3
1 3
0 3
1 3
2 3
1 3
1 4
2 4
1 4
0 4
0 3
0 2
1 2
1 3
2 3
2 4
1 4
0 4
0 5
1 5
0 5
1 5
1 4
0 4
0 5
1 5
0 5
1 5
2 5
2 6
2 5
3 5
2 5
3 5
3 4
4 4
5 4
5 3
5 2
5 1
6 1
5 1
5 0
5 1
4 1
5 1
5 2
6 2
5 2
4 2
4 1
4 2
3 2
3 3
4 3
4 2
5 2
4 2
4 3
4 2
4 3
5 3
4 3
3 3
2 3
1 3
1 2
0 2
0 3
0 4
0 3
0 4
1 4
0 4
1 4
1 5
2 5
2 4
3 4
4 4
5 4
6 4
5 4
5 5
5 4
4 4
4 5
4 6
4 7
5 7
5 6
4 6
3 6
3 7
2 7
3 7
3 8
3 9
4 9
5 9
6 9
7 9
8 9
7 9
6 9
6 10
6 11
6 10
6 11
6 12
5 12
5 11
6 11
7 11
7 10
8 10
8 9
9 9
10 9
11 9
12 9
12 8
13 8
12 8
12 9
12 10
11 10
10 10
11 10
11 11
10 11
10 12
10 11
10 10
10 9
10 8
11 8
11 9
10 9
10 8
11 8
10 8
9 8
10 8
10 9
9 9
10 9
10 10
11 10
11 11
10 11
10 10
11 10
10 10
9 10
9 11
9 12
8 12
9 12
9 11
9 10
8 10
7 10
7 11
8 11
8 10
8 11
9 11
8 11
8 12
8 13
7 13
7 12
7 13
8 13
8 14
8 15
8 16
7 16
6 16
7 16
8 16
9 16
9 17
9 18
9 19
9 18
10 18
11 18
12 18
11 18
10 18
11 18
11 17
12 17
12 16
12 17
11 17
11 18
10 18
11 18
10 18
10 19
10 18
11 18
12 18
11 18
11 17
11 16
11 17
10 17
11 17
11 16
12 16
12 17
12 16
12 15
12 14
12 13
13 13
14 13
15 13
15 12
14 12
14 11
14 10
15 10
15 9
16 9
16 10
17 10
17 9
18 9
17 9
17 8
18 8
18 9
18 8
17 8
17 9
17 8
16 8
15 8
16 8
15 8
15 7
14 7
14 8
14 9
15 9
14 9
14 8
14 7
14 6
15 6
15 7
16 7
17 7
17 6
16 6
17 6
17 7
17 8
17 7
17 6
18 6
17 6
17 5
17 6
17 5
17 4
17 3
18 3
18 2
18 1
18 2
19 2
20 2
21 2
21 1
21 2
22 2
22 1
22 2
23 2
23 3
23 2
23 1
23 2
22 2
23 2
23 3
22 3
23 3
24 3
24 4
24 5
23 5
23 6
23 5
23 6
22 6
22 7
23 7
23 6
23 7
22 7
23 7
23 8
22 8
21 8
21 9
20 9
21 9
21 10
21 9
21 10
20 10
21 10
21 9
20 9
20 10
20 9
19 9
18 9
18 10
19 10
19 11
20 11
19 11
20 11
21 11
22 11
21 11
21 10
22 10
22 11
22 10
22 9
22 8
22 7
22 6
23 6
24 6
24 7
25 7
24 7
24 6
24 7
23 7
24 7
25 7
25 8
25 7
26 7
26 8
27 8
28 8
28 9
29 9
29 8
29 7
28 7
28 8
27 8
27 7
27 6
26 6
26 5
26 6
26 5
25 5
24 5
25 5
24 5
25 5
25 6
25 7
25 8
26 8
26 9
26 8
25 8
25 9
24 9
25 9
26 9
25 9
26 9
25 9
25 8
25 9
24 9
23 9
22 9
22 10
22 11
22 10
22 9
22 8
21 8
22 8
23 8
23 7
24 7
23 7
23 8
23 9
23 8
23 7
24 7
24 8
24 7
25 7
25 6
25 5
26 5
27 5
26 5
27 5
26 5
25 5
25 6
24 6
24 5
24 6
24 7
25 7
26 7
26 8
27 8
26 8
26 9
26 8
25 8
25 7
24 7
23 7
22 7
23 7
24 7
24 6
24 7
25 7
25 6
26 6
26 7
25 7
26 7
25 7
24 7
24 8
23 8
23 7
22 7
21 7
20 7
19 7
20 7
20 8
20 9
20 10
19 10
19 9
19 8
19 9
19 8
19 7
19 6
20 6
21 6
21 7
21 8
22 8
21 8
22 8
21 8
20 8
20 7
19 7
19 6
18 6
19 6
20 6
20 7
20 8
20 7
19 7
20 7
20 6
20 5
19 5
19 4
20 4
19 4
18 4
19 4
18 4
17 4
16 4
16 5
16 6
17 6
17 5
17 6
17 7
17 8
17 7
17 6
17 7
17 8
16 8
15 8
15 9
15 8
15 7
15 6
14 6
14 5
13 5
13 6
12 6
12 7
12 8
11 8
11 9
11 8
10 8
10 9
9 9
9 10
9 9
9 8
9 7
8 7
9 7
9 6
9 5
9 6
9 7
10 7
10 6
10 7
11 7
11 8
10 8
10 7
10 6
9 6
9 7
10 7
10 6
10 7
11 7
11 6
12 6
13 6
13 7
13 8
13 9
12 9
11 9
11 8
10 8
11 8
10 8
11 8
11 9
11 8
12 8
13 8
13 9
14 9
14 8
13 8
12 8
11 8
11 9
11 10
11 11
11 12
10 12
11 12
10 12
10 13
11 13
11 14
11 15
12 15
11 15
12 15
12 14
12 13
12 14
12 15
12 16
12 15
11 15
10 15
10 16
9 16
9 15
9 16
9 17
8 17
7 17
6 17
6 16
6 15
5 15
5 16
5 17
6 17
6 18
5 18
5 17
5 18
5 17
6 17
7 17
6 17
6 16
6 15
7 15
8 15
7 15
7 16
7 17
8 17
8 16
9 16
9 17
9 16
10 16
10 17
9 17
9 16
9 17
8 17
8 16
8 17
8 18
8 19
9 19
9 20
8 20
9 20
10 20
9 20
9 21
10 21
11 21
11 20
11 21
11 22
11 21
11 22
10 22
9 22
10 22
10 23
10 24
9 24
9 25
10 25
11 25
11 26
11 27
12 27
12 28
12 27
12 28
12 27
11 27
10 27
11 27
12 27
12 26
12 27
11 27
10 27
9 27
10 27
11 27
11 26
10 26
9 26
9 27
8 27
7 27
7 26
7 27
8 27
7 27
6 27
6 28
6 27
5 27
6 27
6 26
6 25
6 26
7 26
7 27
8 27
7 27
7 28
7 27
7 26
7 25
7 26
8 26
7 26
7 25
7 24
7 25
7 24
8 24
9 24
8 24
7 24
8 24
7 24
6 24
6 25
7 25
8 25
7 25
8 25
8 24
9 24
9 25
8 25
8 26
8 25
9 25
9 26
9 25
8 25
8 24
8 23
8 24
8 25
9 25
10 25
10 26
10 25
10 24
9 24
10 24
10 23
11 23
11 22
12 22
12 21
12 20
12 19
13 19
13 20
13 19
13 18
14 18
14 17
14 18
13 18
12 18
13 18
13 19
13 18
12 18
13 18
12 18
12 17
12 16
12 15
13 15
13 16
13 17
12 17
13 17
12 17
12 18
12 19
13 19
13 20
12 20
11 20
10 20
9 20
8 20
8 21
8 20
8 19
8 20
8 21
9 21
10 21
10 20
10 21
10 20
9 20
9 21
9 22
10 22
10 21
10 22
10 23
10 22
11 22
10 22
11 22
10 22
10 23
11 23
12 23
11 23
12 23
13 23
13 24
13 23
13 22
14 22
15 22
16 22
15 22
15 23
14 23
14 22
14 21
14 22
14 21
15 21
15 20
14 20
15 20
15 21
15 20
15 19
14 19
14 18
14 19
14 20
15 20
16 20
17 20
17 19
17 20
18 20
18 19
18 18
17 18
18 18
19 18
19 19
19 18
18 18
17 18
18 18
18 19
18 20
18 19
18 20
18 19
18 20
17 20
17 21
18 21
19 21
20 21
20 20
20 21
20 20
20 21
21 21
21 20
21 19
20 19
19 19
19 18
18 18
17 18
16 18
15 18
15 17
16 17
16 16
17 16
16 16
16 17
15 17
14 17
14 16
15 16
15 15
16 15
17 15
17 16
18 16
17 16
18 16
17 16
17 17
16 17
16 16
15 16
15 17
16 17
15 17
15 18
15 19
15 18
15 19
14 19
15 19
15 20
15 21
16 21
16 22
16 21
16 22
17 22
17 21
17 20
18 20
18 21
18 20
17 20
17 21
18 21
18 22
19 22
19 21
19 22
19 21
18 21
18 20
19 20
20 20
21 20
20 20
20 21
19 21
20 21
19 21
18 21
18 22
19 22
19 23
19 22
19 21
20 21
21 21
22 21
22 20
22 19
22 18
21 18
21 17
21 18
20 18
20 19
20 20
20 21
21 21
21 22
21 23
21 24
21 25
22 25
22 26
23 26
22 26
22 27
22 28
22 27
21 27
21 26
20 26
20 27
19 27
18 27
18 28
17 28
