0 0
1 0
1 1
0 1
1 1
0 1
0 0
1 0
2 0
1 0
2 0
2 1
3 1
2 1
2 0
2 1
3 1
3 2
3 1
2 1
1 1
1 2
0 2
1 2
1 1
0 1
0 0
1 0
2 0
2 1
1 1
1 0
1 1
2 1
3 1
3 0
2 0
2 1
3 1
3 2
4 2
4 1
5 1
5 2
4 2
4 1
5 1
5 2
4 2
5 2
6 2
6 3
6 4
6 3
7 3
7 2
6 2
5 2
6 2
6 3
7 3
7 2
7 3
7 2
6 2
7 2
7 1
7 2
6 2
5 2
5 1
5 2
4 2
3 2
2 2
2 1
3 1
4 1
4 2
4 3
4 2
4 1
4 2
3 2
3 1
2 1
2 0
3 0
4 0
3 0
3 1
3 0
4 0
4 1
5 1
5 0
4 0
4 1
4 0
5 0
6 0
6 1
6 0
6 1
5 1
4 1
4 0
5 0
5 1
5 2
4 2
4 3
3 3
3 4
3 3
4 3
5 3
5 4
5 5
5 6
5 5
5 4
5 5
5 6
6 6
6 5
6 6
6 5
6 6
6 5
6 6
7 6
8 6
9 6
9 7
9 6
9 5
10 5
10 6
10 7
11 7
12 7
13 7
13 6
13 5
13 4
14 4
15 4
15 5
15 6
15 5
15 4
15 3
14 3
14 2
14 3
14 4
13 4
14 4
15 4
15 5
15 4
16 4
16 5
16 6
17 6
16 6
16 7
17 7
16 7
15 7
15 6
15 7
16 7
16 8
17 8
18 8
19 8
19 9
19 10
19 9
19 10
19 11
19 12
20 12
19 12
20 12
20 13
19 13
19 12
18 12
18 11
18 10
18 11
17 11
16 11
15 11
15 10
15 11
16 11
16 10
15 10
14 10
14 11
14 12
14 11
15 11
15 10
16 10
16 11
16 12
16 11
17 11
17 12
16 12
16 11
17 11
16 11
17 11
16 11
16 12
15 12
15 13
14 13
13 13
14 13
13 13
13 14
13 15
13 14
14 14
15 14
15 13
15 14
15 15
14 15
15 15
15 16
16 16
16 17
16 16
16 15
17 15
17 16
16 16
16 17
15 17
16 17
16 18
17 18
18 18
18 19
18 20
19 20
18 20
18 21
19 21
19 20
18 20
17 20
16 20
16 21
16 20
17 20
18 20
19 20
19 19
18 19
19 19
20 19
19 19
20 19
21 19
21 20
21 19
22 19
22 18
21 18
21 19
22 19
22 20
21 20
21 19
21 18
21 19
20 19
20 20
19 20
19 21
18 21
17 21
16 21
17 21
18 21
17 21
18 21
18 22
18 23
18 24
17 24
17 25
18 25
17 25
18 25
18 26
18 27
18 28
19 28
19 29
20 29
21 29
22 29
22 28
22 29
22 28
22 29
22 30
22 29
22 30
21 30
20 30
20 29
19 29
19 28
19 29
19 28
20 28
19 28
19 27
18 27
17 27
18 27
18 26
18 25
17 25
16 25
16 26
17 26
17 27
17 28
18 28
18 29
17 29
16 29
17 29
18 29
18 28
18 29
18 28
18 29
19 29
20 29
20 28
21 28
22 28
22 29
22 30
22 29
22 28
22 27
22 26
22 27
21 27
21 28
21 27
20 27
20 26
20 27
21 27
20 27
19 27
19 28
19 29
20 29
20 28
19 28
19 27
19 26
18 26
18 27
17 27
16 27
17 27
18 27
18 26
18 27
19 27
19 26
19 25
18 25
18 26
18 25
17 25
18 25
19 25
19 26
20 26
19 26
19 27
18 27
18 28
19 28
19 27
19 26
19 25
18 25
18 26
18 27
19 27
19 28
19 27
18 27
17 27
17 26
16 26
17 26
17 27
17 26
18 26
17 26
17 25
17 24
17 25
17 24
18 24
18 23
18 22
17 22
17 21
16 21
15 21
16 21
15 21
14 21
14 22
14 21
14 20
14 19
14 20
15 20
14 20
14 19
15 19
14 19
14 20
13 20
12 20
11 20
11 19
10 19
11 19
11 20
11 21
11 22
12 22
12 23
13 23
12 23
13 23
12 23
11 23
11 22
11 23
10 23
10 24
11 24
10 24
9 24
8 24
8 25
9 25
10 25
10 24
11 24
10 24
10 23
11 23
11 22
11 23
11 22
11 21
10 21
10 22
10 21
10 22
9 22
9 21
8 21
9 21
8 21
7 21
6 21
6 22
6 21
6 22
6 21
7 21
7 22
7 23
7 22
6 22
7 22
6 22
7 22
7 21
8 21
9 21
8 21
8 20
8 21
7 21
7 20
8 20
8 19
9 19
9 18
9 19
9 20
8 20
9 20
10 20
9 20
8 20
8 21
8 22
8 23
9 23
9 24
10 24
9 24
10 24
10 25
11 25
11 24
11 23
11 22
11 21
10 21
9 21
10 21
10 22
11 22
10 22
10 21
10 22
11 22
12 22
11 22
11 21
11 20
10 20
10 19
10 18
11 18
11 17
12 17
12 16
13 16
14 16
13 16
14 16
15 16
16 16
15 16
15 17
15 16
14 16
14 15
13 15
14 15
15 15
15 16
14 16
14 17
15 17
14 17
15 17
14 17
14 16
14 17
15 17
14 17
14 16
15 16
14 16
13 16
13 15
13 14
13 13
12 13
11 13
11 14
11 15
10 15
11 15
12 15
12 14
12 15
11 15
10 15
10 14
9 14
9 13
10 13
10 12
10 11
10 10
10 11
11 11
11 12
11 11
12 11
13 11
13 12
12 12
12 11
11 11
11 12
11 11
12 11
11 11
10 11
11 11
11 12
11 13
11 12
12 12
12 11
12 12
13 12
14 12
13 12
13 13
14 13
15 13
15 12
15 13
16 13
17 13
18 13
19 13
19 14
19 13
18 13
18 14
18 13
18 12
18 13
17 13
17 12
18 12
18 11
17 11
17 12
17 11
16 11
17 11
17 10
17 9
18 9
18 8
18 9
19 9
19 8
18 8
18 9
17 9
17 10
17 11
17 10
17 9
17 10
18 10
17 10
16 10
17 10
17 9
17 8
16 8
17 8
16 8
15 8
15 9
14 9
13 9
14 9
14 8
14 7
13 7
12 7
12 8
12 9
12 10
12 9
11 9
12 9
12 10
13 10
13 11
13 10
13 11
13 12
13 11
12 11
12 10
13 10
14 10
15 10
15 9
15 10
15 9
16 9
16 10
15 10
16 10
17 10
18 10
19 10
19 11
18 11
19 11
18 11
19 11
20 11
19 11
20 11
20 12
20 11
21 11
21 10
22 10
23 10
24 10
24 11
25 11
26 11
26 12
26 13
26 12
26 11
27 11
28 11
27 11
27 12
27 13
26 13
25 13
25 12
25 11
25 10
25 11
26 11
27 11
26 11
27 11
26 11
26 12
27 12
28 12
28 13
29 13
29 12
29 13
29 14
30 14
31 14
30 14
29 14
28 14
28 15
28 16
28 17
29 17
28 17
28 16
29 16
29 15
29 16
29 15
29 14
30 14
30 13
30 14
29 14
28 14
29 14
28 14
29 14
29 15
30 15
29 15
30 15
29 15
29 16
29 17
29 18
28 18
28 17
28 18
28 17
29 17
29 16
29 17
28 17
27 17
26 17
25 17
25 16
25 15
25 16
25 17
24 17
24 16
25 16
26 16
26 17
26 18
27 18
26 18
26 19
25 19
26 19
26 18
26 17
27 17
27 16
26 16
26 15
25 15
26 15
26 14
26 13
26 14
25 14
26 14
26 13
25 13
24 13
24 14
25 14
24 14
24 13
24 14
25 14
25 13
24 13
24 14
25 14
24 14
24 13
23 13
24 13
23 13
24 13
25 13
26 13
25 13
25 12
24 12
23 12
23 11
22 11
22 12
21 12
20 12
19 12
20 12
20 13
20 14
19 14
19 13
19 12
19 11
19 10
19 9
19 10
19 9
19 8
19 9
19 10
18 10
19 10
20 10
19 10
19 9
20 9
19 9
19 8
18 8
18 7
17 7
16 7
16 6
17 6
18 6
17 6
17 5
18 5
18 6
17 6
17 5
17 6
18 6
18 7
17 7
18 7
18 6
18 7
17 7
16 7
16 8
16 9
16 8
15 8
14 8
14 7
15 7
15 8
14 8
13 8
13 9
12 9
13 9
13 10
13 11
13 10
13 11
12 11
12 10
12 9
11 9
12 9
12 10
13 10
13 11
12 11
11 11
11 12
10 12
10 13
11 13
11 12
10 12
9 12
8 12
9 12
8 12
8 11
7 11
7 12
7 13
6 13
6 12
6 13
6 14
5 14
5 15
5 16
5 15
5 16
6 16
6 15
6 14
6 13
5 13
5 12
5 11
5 12
5 13
5 12
6 12
5 12
6 12
6 11
6 12
6 11
6 12
6 11
7 11
7 12
6 12
6 13
6 12
7 12
6 12
6 11
6 12
7 12
7 13
6 13
7 13
8 13
7 13
6 13
5 13
5 14
5 15
6 15
6 14
5 14
