0 0
0 1
1 1
1 2
1 3
1 4
2 4
3 4
2 4
1 4
2 4
3 4
3 3
2 3
2 2
1 2
2 2
2 3
2 2
2 3
2 2
1 2
0 2
1 2
1 1
0 1
1 1
2 1
2 0
2 1
1 1
2 1
2 2
2 1
1 1
2 1
2 2
3 2
2 2
1 2
1 3
2 3
1 3
1 2
1 3
2 3
1 3
1 4
1 3
1 2
1 1
1 0
2 0
2 1
3 1
4 1
3 1
2 1
2 2
1 2
2 2
3 2
3 3
2 3
2 2
2 1
2 2
2 3
1 3
0 3
1 3
1 2
0 2
1 2
1 3
2 3
1 3
1 4
1 5
0 5
0 6
0 5
0 4
0 3
1 3
0 3
1 3
1 2
0 2
1 2
2 2
2 3
3 3
3 2
3 1
4 1
4 0
4 1
5 1
4 1
4 0
4 1
4 2
5 2
5 1
6 1
5 1
5 0
4 0
3 0
2 0
2 1
2 2
1 2
1 1
1 2
0 2
1 2
2 2
2 3
2 4
2 3
1 3
1 4
1 3
2 3
2 4
1 4
0 4
1 4
2 4
2 3
2 2
2 1
3 1
4 1
4 2
4 1
4 2
3 2
4 2
5 2
4 2
4 3
5 3
6 3
5 3
6 3
5 3
5 4
6 4
5 4
5 5
5 4
4 4
4 5
4 6
3 6
3 5
3 6
4 6
5 6
6 6
5 6
5 7
5 8
6 8
7 8
8 8
8 7
9 7
9 6
9 7
10 7
9 7
10 7
10 6
11 6
10 6
10 5
11 5
11 4
12 4
13 4
13 5
13 4
14 4
15 4
16 4
17 4
17 3
18 3
17 3
17 2
17 1
16 1
16 0
16 1
17 1
17 0
18 0
19 0
19 1
19 2
19 3
18 3
17 3
17 4
17 5
18 5
18 4
17 4
17 5
18 5
18 4
18 3
17 3
17 2
17 3
16 3
15 3
14 3
14 4
14 3
14 2
13 2
14 2
15 2
16 2
15 2
14 2
13 2
13 1
13 2
14 2
14 3
13 3
14 3
13 3
12 3
11 3
12 3
11 3
10 3
10 4
11 4
11 5
10 5
9 5
10 5
11 5
11 6
10 6
11 6
10 6
9 6
9 5
9 4
10 4
10 3
10 2
10 1
11 1
12 1
12 0
12 1
12 0
12 1
12 2
11 2
11 1
12 1
12 2
12 1
12 2
13 2
13 3
12 3
12 4
11 4
10 4
9 4
8 4
8 5
8 4
8 3
8 2
8 1
8 2
8 3
7 3
6 3
6 4
5 4
5 3
4 3
3 3
2 3
3 3
3 2
4 2
5 2
5 3
5 2
6 2
6 1
6 2
6 3
6 4
6 3
6 4
7 4
8 4
7 4
7 5
6 5
6 6
6 5
6 4
6 5
6 6
6 7
6 6
6 5
6 6
7 6
6 6
5 6
5 5
5 6
5 5
5 6
6 6
7 6
7 5
8 5
7 5
7 4
7 3
6 3
7 3
8 3
8 4
9 4
8 4
8 5
7 5
6 5
7 5
6 5
6 4
6 3
6 4
7 4
7 5
6 5
5 5
4 5
4 4
4 5
4 6
5 6
6 6
7 6
7 7
7 6
7 7
7 8
8 8
9 8
10 8
10 9
9 9
10 9
10 8
9 8
8 8
7 8
8 8
9 8
8 8
7 8
8 8
8 7
8 8
8 7
8 6
8 5
9 5
8 5
9 5
9 4
9 5
10 5
10 4
9 4
10 4
10 5
10 4
10 3
11 3
10 3
9 3
9 2
8 2
8 3
8 4
8 5
9 5
10 5
10 4
10 5
9 5
10 5
10 6
11 6
10 6
10 7
10 8
11 8
11 9
11 10
10 10
10 11
9 11
8 11
9 11
8 11
8 10
8 11
8 12
8 13
8 14
9 14
9 13
10 13
10 12
10 11
10 12
10 11
9 11
9 10
9 9
9 8
8 8
7 8
7 7
7 8
7 9
6 9
6 10
7 10
6 10
7 10
7 11
7 10
7 11
7 12
7 13
6 13
5 13
5 14
4 14
3 14
2 14
1 14
2 14
3 14
3 15
2 15
3 15
2 15
3 15
4 15
5 15
5 16
6 16
7 16
6 16
6 17
7 17
6 17
6 16
7 16
6 16
6 17
6 18
5 18
5 17
6 17
7 17
6 17
6 16
5 16
5 17
6 17
5 17
6 17
6 18
6 19
5 19
6 19
6 20
6 19
6 20
6 19
6 18
5 18
4 18
5 18
6 18
6 19
6 18
6 19
7 19
7 18
7 19
7 18
7 19
8 19
7 19
7 18
7 19
6 19
6 20
6 19
6 20
6 19
7 19
7 18
7 17
8 17
8 18
7 18
6 18
7 18
8 18
7 18
7 19
7 18
7 17
6 17
6 16
7 16
7 17
8 17
9 17
9 18
10 18
10 19
9 19
10 19
11 19
11 20
10 20
11 20
11 21
11 22
10 22
9 22
9 21
8 21
8 20
8 21
9 21
9 22
8 22
9 22
10 22
10 21
11 21
12 21
12 22
12 23
13 23
13 22
13 23
14 23
14 24
14 23
14 24
13 24
12 24
13 24
13 25
13 26
12 26
12 27
12 26
13 26
14 26
14 25
13 25
12 25
12 26
13 26
13 27
12 27
12 28
12 27
12 28
11 28
11 27
11 28
11 27
12 27
13 27
13 26
12 26
13 26
12 26
13 26
13 27
13 28
14 28
14 27
15 27
14 27
14 26
15 26
15 27
15 28
14 28
14 27
14 26
15 26
15 27
16 27
15 27
15 26
14 26
14 25
14 24
13 24
14 24
13 24
13 25
12 25
12 26
12 25
12 24
12 23
11 23
11 24
11 25
11 26
11 27
11 28
11 27
10 27
11 27
12 27
12 28
13 28
12 28
12 29
11 29
10 29
9 29
9 30
9 31
9 32
8 32
7 32
8 32
8 31
8 30
7 30
7 29
7 28
7 29
7 30
8 30
7 30
8 30
9 30
9 29
10 29
11 29
10 29
10 30
10 29
11 29
11 28
10 28
11 28
12 28
11 28
10 28
9 28
10 28
11 28
11 27
11 28
11 27
12 27
12 26
12 27
12 26
12 25
11 25
12 25
13 25
13 24
13 25
14 25
13 25
13 26
13 27
13 28
12 28
11 28
12 28
12 29
11 29
10 29
10 30
11 30
10 30
10 29
10 28
10 29
11 29
12 29
12 30
11 30
11 31
11 30
11 31
11 32
10 32
10 31
9 31
8 31
7 31
7 30
8 30
7 30
7 31
6 31
6 30
6 31
7 31
8 31
8 30
8 29
8 30
9 30
9 29
9 30
9 29
8 29
9 29
9 28
8 28
7 28
7 27
7 28
8 28
7 28
7 29
7 28
7 27
8 27
7 27
7 28
7 27
7 26
7 25
7 24
7 23
6 23
6 24
6 25
5 25
5 26
5 27
4 27
5 27
6 27
6 26
5 26
6 26
6 27
6 28
5 28
5 27
6 27
5 27
5 26
6 26
6 25
6 26
5 26
5 25
5 26
5 25
5 26
4 26
4 25
4 24
5 24
5 25
4 25
3 25
4 25
4 26
5 26
4 26
3 26
3 27
2 27
1 27
0 27
1 27
2 27
2 26
2 25
2 26
3 26
3 27
2 27
1 27
1 26
1 25
1 26
2 26
2 25
2 26
3 26
3 25
2 25
1 25
0 25
1 25
2 25
2 26
3 26
3 27
3 26
3 25
3 26
4 26
5 26
4 26
5 26
6 26
6 27
6 28
6 29
6 28
6 29
6 30
6 31
6 30
5 30
5 29
5 30
4 30
5 30
6 30
6 31
7 31
7 32
8 32
8 33
9 33
10 33
10 34
10 35
10 34
9 34
8 34
7 34
7 35
6 35
5 35
5 36
5 35
4 35
5 35
5 34
6 34
6 35
5 35
6 35
7 35
7 34
8 34
9 34
8 34
7 34
7 35
6 35
7 35
7 34
8 34
8 35
9 35
10 35
10 34
10 35
10 34
9 34
9 33
9 32
10 32
10 31
10 32
10 33
10 34
11 34
11 35
10 35
10 34
10 35
11 35
10 35
10 36
10 35
11 35
12 35
11 35
11 34
10 34
10 33
11 33
11 34
11 35
11 36
10 36
10 35
9 35
9 34
10 34
11 34
12 34
12 35
11 35
11 34
11 33
11 32
11 33
11 34
11 33
12 33
12 32
13 32
13 31
13 30
13 31
14 31
14 30
14 31
14 32
14 31
15 31
15 30
14 30
14 31
14 30
14 29
14 28
13 28
14 28
14 29
13 29
13 28
13 29
13 28
12 28
12 29
12 30
13 30
14 30
13 30
14 30
15 30
16 30
16 29
15 29
16 29
17 29
17 28
17 29
17 28
18 28
17 28
17 27
17 26
16 26
15 26
15 27
14 27
15 27
14 27
13 27
13 28
14 28
14 29
