0 0
0 1
0 2
0 3
1 3
1 4
0 4
1 4
2 4
3 4
3 3
3 4
3 5
2 5
2 4
2 5
2 4
2 5
2 4
2 3
3 3
3 2
4 2
4 1
3 1
3 2
4 2
3 2
2 2
2 1
3 1
2 1
2 0
2 1
3 1
4 1
4 2
3 2
3 3
3 2
3 3
4 3
5 3
4 3
3 3
2 3
2 4
2 5
3 5
3 4
3 3
3 4
4 4
5 4
4 4
4 3
4 4
4 5
5 5
4 5
5 5
5 4
5 5
5 6
5 5
5 4
5 5
6 5
5 5
6 5
5 5
6 5
5 5
5 6
5 5
6 5
6 6
7 6
7 7
7 6
6 6
6 7
5 7
5 6
5 5
5 6
4 6
5 6
5 7
4 7
5 7
6 7
6 8
5 8
4 8
5 8
6 8
6 7
7 7
8 7
8 8
9 8
9 9
8 9
8 10
7 10
6 10
5 10
5 9
5 10
5 9
4 9
5 9
4 9
3 9
2 9
2 10
2 11
1 11
2 11
2 12
2 13
3 13
3 12
3 11
2 11
2 10
2 9
3 9
4 9
5 9
5 10
6 10
6 11
7 11
6 11
6 10
7 10
7 11
6 11
5 11
5 10
4 10
3 10
2 10
2 9
3 9
3 10
3 11
3 12
4 12
5 12
5 11
5 10
5 9
4 9
5 9
5 10
5 11
6 11
6 10
7 10
6 10
5 10
4 10
5 10
6 10
6 11
5 11
6 11
6 12
5 12
5 13
5 14
4 14
3 14
2 14
2 13
2 12
2 11
1 11
1 12
1 11
1 12
0 12
1 12
1 11
2 11
2 12
3 12
4 12
4 11
4 10
4 9
5 9
4 9
3 9
3 8
3 7
3 6
4 6
4 7
3 7
3 8
4 8
4 7
4 8
5 8
5 9
5 8
4 8
4 7
4 8
5 8
4 8
5 8
5 7
6 7
6 8
5 8
6 8
5 8
4 8
3 8
4 8
5 8
6 8
7 8
7 7
6 7
6 6
6 7
5 7
5 6
5 7
4 7
3 7
3 6
2 6
3 6
2 6
2 5
2 4
2 3
3 3
3 4
4 4
5 4
5 3
4 3
4 2
4 1
4 2
4 1
5 1
5 0
4 0
4 1
3 1
2 1
2 0
3 0
3 1
3 0
3 1
3 2
3 3
4 3
4 2
4 1
5 1
5 0
5 1
5 0
6 0
6 1
7 1
7 2
6 2
6 1
5 1
6 1
6 2
6 1
7 1
7 0
7 1
7 0
8 0
8 1
7 1
7 2
8 2
8 3
8 2
7 2
7 1
6 1
6 0
6 1
7 1
7 2
7 3
7 2
8 2
8 1
7 1
7 0
8 0
8 1
8 2
8 1
9 1
10 1
11 1
11 0
11 1
12 1
11 1
11 2
11 3
10 3
10 2
10 3
9 3
9 4
8 4
8 5
8 6
7 6
6 6
7 6
8 6
7 6
7 5
8 5
7 5
7 4
8 4
7 4
7 5
7 4
7 5
8 5
8 6
9 6
9 5
10 5
9 5
9 6
10 6
9 6
9 7
9 8
10 8
10 7
10 6
9 6
9 5
9 4
9 3
9 2
9 1
9 0
10 0
10 1
10 2
9 2
9 3
9 2
8 2
8 3
8 4
8 3
7 3
6 3
6 2
7 2
7 1
7 0
8 0
7 0
7 1
7 0
7 1
7 2
6 2
5 2
5 3
4 3
4 4
4 5
5 5
5 4
5 3
5 4
6 4
7 4
8 4
8 3
7 3
7 2
7 3
6 3
6 4
7 4
7 5
8 5
8 6
7 6
8 6
8 5
9 5
9 4
10 4
11 4
10 4
9 4
9 3
9 2
10 2
10 3
10 2
10 3
10 4
10 3
11 3
11 4
12 4
11 4
11 3
11 2
11 1
10 1
10 2
11 2
11 1
11 0
11 1
11 2
12 2
13 2
13 1
13 0
12 0
12 1
11 1
10 1
10 0
11 0
11 1
11 0
12 0
12 1
12 2
11 2
11 3
11 2
10 2
11 2
10 2
9 2
9 1
8 1
7 1
8 1
7 1
6 1
6 2
7 2
7 3
6 3
5 3
4 3
3 3
2 3
1 3
1 4
1 3
2 3
2 4
1 4
1 3
1 4
1 5
1 4
1 3
1 4
0 4
1 4
2 4
2 3
3 3
3 2
3 1
3 2
4 2
5 2
6 2
6 1
5 1
6 1
6 0
6 1
6 0
6 1
6 2
6 3
5 3
4 3
4 4
5 4
5 5
5 4
5 3
6 3
7 3
6 3
6 4
6 3
5 3
4 3
5 3
5 4
6 4
6 3
5 3
6 3
5 3
6 3
6 2
5 2
5 3
5 4
5 5
6 5
6 4
6 5
7 5
6 5
7 5
6 5
5 5
6 5
7 5
7 4
6 4
5 4
6 4
6 3
5 3
4 3
3 3
3 2
2 2
2 3
3 3
4 3
5 3
5 4
5 3
6 3
7 3
6 3
6 2
5 2
6 2
5 2
5 1
5 2
5 3
4 3
3 3
3 4
4 4
3 4
3 3
3 4
3 5
3 4
3 5
3 4
2 4
3 4
2 4
3 4
2 4
2 3
2 2
1 2
1 1
0 1
1 1
2 1
3 1
3 0
4 0
3 0
3 1
2 1
2 0
3 0
3 1
4 1
3 1
2 1
3 1
3 0
3 1
2 1
2 0
1 0
2 0
1 0
2 0
1 0
1 1
2 1
1 1
0 1
0 2
0 3
1 3
1 2
1 3
0 3
0 4
1 4
1 3
0 3
0 4
0 3
0 4
1 4
1 5
1 6
1 5
1 4
1 5
1 6
1 5
1 4
1 5
1 4
2 4
2 3
2 2
2 3
1 3
1 4
1 3
2 3
1 3
1 4
1 5
1 4
1 3
0 3
0 2
1 2
1 3
2 3
1 3
0 3
0 4
0 3
0 4
1 4
1 5
0 5
1 5
2 5
2 6
1 6
1 7
1 8
1 9
0 9
0 10
1 10
0 10
0 11
0 10
0 11
0 10
1 10
1 11
1 12
1 11
2 11
2 12
1 12
0 12
0 11
1 11
1 12
1 11
2 11
2 12
2 11
1 11
1 10
2 10
2 11
1 11
1 12
2 12
1 12
1 11
1 10
0 10
1 10
2 10
3 10
2 10
1 10
1 11
2 11
2 10
3 10
2 10
2 11
2 12
2 11
2 10
3 10
4 10
4 9
5 9
6 9
6 10
6 9
5 9
4 9
5 9
4 9
4 8
4 9
4 10
3 10
4 10
5 10
4 10
5 10
5 9
5 10
6 10
5 10
5 9
5 10
6 10
5 10
4 10
5 10
5 9
5 10
5 11
4 11
4 10
3 10
3 11
2 11
2 10
2 11
3 11
4 11
4 12
4 11
3 11
3 12
2 12
3 12
3 11
3 12
2 12
2 13
1 13
1 12
0 12
0 13
1 13
0 13
1 13
1 12
2 12
1 12
1 13
1 14
1 15
1 16
2 16
1 16
2 16
1 16
1 17
0 17
0 16
0 17
0 18
1 18
1 19
1 18
1 19
0 19
1 19
1 18
1 17
1 18
1 19
1 20
0 20
0 21
1 21
1 20
0 20
0 21
1 21
2 21
2 22
3 22
2 22
1 22
0 22
0 23
0 24
0 23
1 23
1 22
1 23
2 23
1 23
1 22
1 23
0 23
0 24
0 23
1 23
1 24
2 24
3 24
3 25
3 26
4 26
4 25
4 24
4 25
5 25
5 26
5 25
5 24
4 24
3 24
4 24
4 25
4 26
5 26
4 26
4 27
5 27
5 28
6 28
7 28
6 28
6 29
5 29
5 30
5 31
4 31
4 32
4 31
3 31
3 30
3 31
2 31
3 31
3 30
2 30
3 30
3 29
4 29
4 28
4 29
3 29
2 29
3 29
3 30
3 31
4 31
3 31
2 31
2 32
2 31
1 31
0 31
1 31
2 31
3 31
4 31
4 30
4 31
4 30
4 29
3 29
4 29
5 29
4 29
3 29
3 28
2 28
2 29
2 28
2 29
2 30
2 31
2 30
2 31
2 30
3 30
3 31
4 31
3 31
3 32
4 32
4 33
5 33
4 33
4 32
4 31
4 30
4 31
3 31
3 32
4 32
3 32
3 31
2 31
1 31
1 30
2 30
1 30
2 30
2 31
2 32
1 32
1 33
1 34
1 35
1 34
0 34
1 34
1 33
1 34
1 33
1 34
2 34
3 34
4 34
4 35
4 36
4 35
4 34
5 34
5 35
6 35
6 34
7 34
7 33
6 33
7 33
6 33
7 33
7 34
7 35
8 35
9 35
9 34
9 33
9 34
10 34
10 35
11 35
12 35
13 35
13 34
13 33
13 34
14 34
14 33
15 33
15 32
15 33
15 34
15 33
15 32
16 32
16 33
16 34
16 35
16 36
15 36
