0 0
0 1
0 2
1 2
1 3
1 2
1 3
2 3
2 2
2 3
1 3
1 2
0 2
1 2
1 3
1 2
2 2
2 3
1 3
1 2
1 1
2 1
2 0
2 1
2 2
1 2
1 1
0 1
0 0
1 0
1 1
1 2
1 3
0 3
0 2
0 1
1 1
2 1
1 1
1 0
1 1
1 2
1 1
2 1
2 2
1 2
1 3
1 2
0 2
1 2
0 2
0 3
1 3
0 3
1 3
1 4
1 5
1 4
2 4
3 4
3 5
4 5
3 5
4 5
5 5
5 6
6 6
6 7
6 8
7 8
6 8
7 8
7 7
8 7
8 6
7 6
7 5
6 5
6 4
5 4
6 4
5 4
5 5
6 5
6 6
6 7
7 7
7 8
8 8
8 9
9 9
9 8
9 9
10 9
10 8
10 9
11 9
11 10
10 10
11 10
11 11
11 12
11 13
11 14
11 15
12 15
12 16
13 16
13 17
13 18
14 18
15 18
15 17
15 16
15 17
14 17
14 18
15 18
15 19
15 20
15 21
15 20
16 20
16 21
16 22
15 22
15 23
14 23
14 24
15 24
16 24
15 24
16 24
16 25
16 26
16 25
17 25
17 26
16 26
16 27
15 27
14 27
15 27
15 28
16 28
17 28
18 28
17 28
16 28
16 29
16 28
15 28
16 28
15 28
15 29
15 28
14 28
15 28
15 29
15 28
14 28
14 27
14 26
14 27
14 28
14 27
14 26
14 25
13 25
13 26
13 27
12 27
11 27
11 28
12 28
12 27
13 27
13 26
13 27
12 27
12 26
12 27
13 27
14 27
14 26
15 26
16 26
17 26
17 27
17 28
16 28
15 28
14 28
14 27
14 28
14 29
14 28
14 27
15 27
16 27
16 28
16 27
17 27
17 28
18 28
19 28
19 27
19 26
19 27
18 27
18 28
17 28
17 27
16 27
15 27
15 28
15 29
15 30
16 30
16 31
15 31
15 30
14 30
14 29
14 28
13 28
13 29
13 30
12 30
13 30
13 29
13 28
13 27
13 26
13 25
13 26
12 26
12 27
13 27
14 27
15 27
14 27
13 27
13 28
12 28
13 28
13 29
14 29
14 28
15 28
15 29
15 30
15 29
14 29
15 29
14 29
14 30
14 31
14 32
14 31
14 30
15 30
15 29
15 30
15 31
15 30
14 30
13 30
14 30
14 31
15 31
14 31
13 31
13 30
13 29
13 28
13 29
12 29
13 29
12 29
12 28
12 29
13 29
12 29
12 28
12 29
13 29
13 30
14 30
13 30
14 30
14 31
14 30
14 29
15 29
14 29
15 29
15 28
14 28
14 29
14 30
14 29
14 28
15 28
15 29
15 30
15 31
15 30
14 30
14 29
14 30
14 29
14 30
14 31
15 31
14 31
13 31
13 30
13 29
14 29
13 29
13 28
13 29
13 28
13 29
13 30
12 30
13 30
12 30
11 30
11 31
11 32
10 32
9 32
8 32
9 32
10 32
9 32
9 31
10 31
10 32
9 32
9 33
9 34
9 33
10 33
10 32
10 31
10 30
10 29
10 28
11 28
11 29
12 29
13 29
12 29
13 29
13 30
14 30
14 29
13 29
12 29
12 28
11 28
11 29
10 29
10 30
10 31
9 31
8 31
8 32
9 32
9 33
8 33
9 33
9 32
9 31
10 31
10 32
11 32
11 33
11 34
12 34
13 34
13 33
13 34
13 33
13 32
13 33
12 33
13 33
12 33
12 32
12 33
12 34
13 34
13 33
13 34
12 34
12 33
12 32
11 32
10 32
10 33
10 32
9 32
8 32
9 32
10 32
10 31
9 31
9 30
9 29
9 28
9 29
8 29
8 28
7 28
7 27
7 26
7 27
8 27
7 27
8 27
8 26
8 27
9 27
10 27
10 28
11 28
11 29
12 29
11 29
11 28
10 28
10 27
9 27
8 27
7 27
7 26
6 26
7 26
7 27
7 26
7 27
7 26
7 27
6 27
7 27
8 27
8 26
8 25
7 25
7 26
8 26
7 26
6 26
7 26
7 25
6 25
7 25
6 25
6 26
5 26
4 26
4 27
3 27
3 28
2 28
3 28
4 28
4 29
4 28
3 28
3 27
2 27
1 27
0 27
1 27
2 27
1 27
1 28
1 29
0 29
0 28
0 27
0 26
0 25
1 25
2 25
2 24
1 24
2 24
3 24
2 24
2 25
2 26
3 26
2 26
2 27
2 26
3 26
3 25
4 25
3 25
4 25
3 25
3 26
3 27
4 27
5 27
4 27
5 27
5 28
5 29
5 30
4 30
4 31
4 30
5 30
5 31
4 31
3 31
2 31
1 31
2 31
1 31
1 30
1 31
2 31
3 31
4 31
5 31
6 31
6 30
6 31
6 30
5 30
4 30
4 31
4 32
4 31
5 31
4 31
4 30
4 29
5 29
4 29
4 30
3 30
3 31
4 31
4 30
3 30
2 30
1 30
0 30
1 30
1 29
0 29
1 29
0 29
0 30
0 29
0 30
0 31
1 31
1 30
2 30
2 29
2 30
3 30
4 30
3 30
2 30
3 30
4 30
5 30
6 30
6 29
6 28
5 28
5 29
4 29
5 29
5 30
5 31
5 30
5 29
4 29
5 29
4 29
3 29
4 29
4 30
3 30
4 30
3 30
3 31
2 31
1 31
2 31
2 30
2 29
2 28
2 29
3 29
2 29
2 30
2 31
3 31
2 31
2 30
1 30
1 31
0 31
1 31
0 31
0 30
0 29
0 28
1 28
0 28
1 28
1 27
1 26
0 26
1 26
1 27
2 27
1 27
1 26
2 26
1 26
1 27
1 28
1 27
2 27
1 27
2 27
2 26
3 26
4 26
3 26
3 25
3 26
3 27
4 27
4 28
4 27
5 27
4 27
4 28
4 27
5 27
6 27
6 28
6 27
6 26
6 25
7 25
7 24
8 24
9 24
9 25
10 25
10 24
10 23
10 22
10 21
10 22
10 23
11 23
11 22
11 23
11 22
10 22
10 21
10 20
10 21
11 21
11 20
11 21
12 21
12 22
12 21
12 22
13 22
12 22
12 23
11 23
11 22
12 22
12 23
13 23
14 23
14 24
14 23
13 23
13 22
12 22
13 22
12 22
13 22
14 22
13 22
13 23
13 22
13 21
12 21
11 21
11 20
10 20
10 19
11 19
11 18
10 18
10 19
10 20
9 20
10 20
11 20
11 19
11 18
11 19
11 20
11 19
11 20
10 20
11 20
11 19
11 20
11 21
11 20
11 21
11 20
11 21
11 20
11 21
11 20
11 19
12 19
12 20
11 20
11 19
11 20
11 19
11 20
12 20
11 20
11 19
11 20
12 20
12 21
11 21
10 21
10 22
10 21
11 21
12 21
13 21
12 21
13 21
14 21
14 22
14 21
14 22
13 22
12 22
12 21
12 22
11 22
10 22
10 21
9 21
10 21
10 20
11 20
11 21
12 21
13 21
14 21
15 21
14 21
14 20
13 20
14 20
15 20
16 20
16 19
17 19
16 19
17 19
17 18
17 19
17 18
17 19
17 20
17 19
18 19
18 18
18 17
18 18
17 18
17 17
17 18
18 18
19 18
18 18
18 19
19 19
20 19
20 18
21 18
20 18
20 19
20 20
19 20
19 21
19 20
19 19
19 18
19 17
19 18
19 19
18 19
19 19
18 19
19 19
20 19
20 20
20 21
19 21
19 20
20 20
19 20
19 21
20 21
20 22
20 21
19 21
20 21
20 20
21 20
20 20
19 20
18 20
18 21
17 21
17 22
16 22
16 21
15 21
15 20
15 21
15 20
14 20
14 19
14 20
14 19
15 19
15 18
15 17
15 16
15 17
15 18
15 19
15 20
14 20
14 19
13 19
12 19
12 18
13 18
13 19
13 20
13 19
13 20
14 20
13 20
14 20
14 19
15 19
16 19
16 20
15 20
14 20
13 20
13 19
13 20
12 20
13 20
13 19
13 20
13 19
13 18
12 18
12 17
13 17
14 17
14 18
14 17
14 18
14 17
15 17
15 18
16 18
15 18
14 18
14 17
13 17
12 17
12 16
12 15
13 15
13 16
12 16
12 15
13 15
12 15
12 14
11 14
10 14
10 15
9 15
8 15
8 16
8 17
9 17
10 17
9 17
8 17
7 17
7 18
7 19
7 20
7 21
7 22
7 21
6 21
6 22
5 22
6 22
5 22
4 22
4 23
4 24
4 23
4 22
4 23
5 23
5 22
6 22
6 23
6 24
5 24
4 24
5 24
6 24
6 23
6 22
5 22
6 22
5 22
4 22
4 23
4 24
4 23
4 22
4 23
5 23
6 23
6 22
6 21
6 22
6 23
5 23
4 23
4 24
5 24
6 24
6 23
6 22
6 21
5 21
5 20
4 20
4 21
4 20
4 21
3 21
2 21
3 21
3 20
3 19
3 20
2 20
1 20
2 20
2 21
