0 0
1 0
0 0
0 1
1 1
1 2
1 1
2 1
2 2
3 2
3 1
3 2
4 2
5 2
5 3
6 3
6 4
5 4
5 5
6 5
5 5
6 5
5 5
5 4
5 3
6 3
7 3
6 3
5 3
5 2
4 2
5 2
6 2
6 1
7 1
8 1
8 0
9 0
9 1
9 2
9 1
9 2
8 2
9 2
9 3
8 3
8 2
9 2
10 2
9 2
10 2
9 2
9 1
9 2
8 2
9 2
9 3
9 2
8 2
8 1
9 1
8 1
9 1
10 1
11 1
11 0
10 0
9 0
8 0
9 0
9 1
9 0
9 1
9 0
9 1
9 2
10 2
10 1
10 2
11 2
12 2
12 3
13 3
14 3
15 3
15 4
16 4
16 3
16 4
16 5
16 6
17 6
17 7
16 7
17 7
18 7
18 6
17 6
16 6
16 5
16 4
17 4
16 4
15 4
14 4
13 4
12 4
12 5
11 5
10 5
10 4
10 5
10 4
10 5
11 5
11 4
11 3
11 4
11 5
10 5
10 6
11 6
10 6
9 6
9 7
10 7
9 7
9 8
8 8
8 9
8 10
7 10
7 9
6 9
6 8
5 8
5 7
5 6
6 6
7 6
8 6
9 6
10 6
11 6
11 7
11 6
11 5
12 5
12 4
11 4
10 4
9 4
10 4
11 4
11 5
12 5
12 6
13 6
12 6
12 5
13 5
13 6
13 7
14 7
15 7
15 8
15 7
15 8
15 7
16 7
16 6
15 6
15 7
15 6
15 7
16 7
15 7
16 7
16 8
17 8
17 9
17 8
17 7
17 8
17 9
18 9
18 10
18 11
18 10
18 9
18 10
17 10
17 11
17 10
17 11
17 10
18 10
17 10
18 10
19 10
19 9
19 8
19 9
19 10
19 9
19 8
19 9
19 8
18 8
17 8
17 7
16 7
17 7
17 6
16 6
16 7
16 6
16 5
15 5
14 5
14 4
15 4
16 4
15 4
15 5
14 5
13 5
13 4
14 4
14 3
14 4
14 3
13 3
13 2
14 2
15 2
14 2
14 3
14 2
14 3
14 2
14 1
13 1
12 1
12 0
12 1
12 2
12 1
12 0
12 1
12 0
12 1
12 2
12 1
13 1
13 0
14 0
15 0
15 1
14 1
14 2
13 2
13 3
13 4
14 4
13 4
12 4
11 4
11 5
11 6
11 5
12 5
11 5
10 5
9 5
9 6
10 6
11 6
10 6
10 7
9 7
9 8
10 8
10 9
11 9
10 9
10 8
10 9
10 10
10 11
11 11
10 11
9 11
10 11
11 11
11 10
12 10
11 10
12 10
11 10
10 10
10 11
9 11
9 12
8 12
8 11
7 11
6 11
6 12
5 12
5 13
5 14
5 15
5 16
6 16
5 16
6 16
7 16
7 17
7 18
7 17
8 17
9 17
9 18
8 18
8 19
9 19
10 19
9 19
10 19
10 18
11 18
11 17
12 17
13 17
13 16
13 15
13 14
13 13
13 14
13 13
14 13
14 14
14 13
13 13
12 13
12 12
12 13
11 13
11 12
12 12
12 13
11 13
11 14
10 14
11 14
11 13
11 12
11 11
11 10
11 9
10 9
9 9
9 10
9 11
9 12
10 12
10 13
10 14
10 13
11 13
11 14
10 14
10 15
10 16
11 16
11 15
11 16
12 16
11 16
10 16
11 16
11 17
11 16
10 16
10 15
10 14
10 13
10 14
11 14
11 15
12 15
13 15
12 15
12 14
13 14
14 14
13 14
13 13
13 12
13 11
13 12
13 11
14 11
14 12
15 12
14 12
13 12
14 12
14 13
15 13
15 12
14 12
14 11
14 12
13 12
12 12
11 12
11 13
11 12
10 12
9 12
8 12
7 12
6 12
5 12
5 13
6 13
6 14
6 13
6 12
5 12
5 11
5 10
5 9
5 8
6 8
6 9
7 9
8 9
8 10
8 11
8 12
8 13
9 13
8 13
8 12
7 12
7 11
8 11
9 11
9 10
8 10
9 10
8 10
9 10
10 10
10 9
10 10
10 9
10 8
11 8
11 7
11 8
11 9
11 8
11 9
11 10
11 9
10 9
11 9
11 10
12 10
12 11
12 10
12 11
13 11
13 10
12 10
12 9
13 9
13 10
14 10
15 10
15 11
16 11
17 11
17 12
17 13
18 13
18 12
19 12
20 12
19 12
19 13
18 13
18 12
19 12
19 11
19 10
18 10
18 11
18 12
17 12
18 12
19 12
18 12
18 11
17 11
17 12
17 13
16 13
17 13
17 12
16 12
16 11
15 11
16 11
15 11
16 11
17 11
17 10
18 10
18 9
17 9
16 9
16 10
16 9
17 9
16 9
16 10
17 10
16 10
16 11
17 11
18 11
18 12
18 13
18 14
19 14
19 15
18 15
19 15
18 15
18 14
18 13
17 13
17 12
18 12
19 12
19 13
20 13
20 14
21 14
21 15
21 16
20 16
20 15
19 15
20 15
20 14
20 13
20 14
19 14
19 15
20 15
20 14
20 15
19 15
20 15
20 16
19 16
19 15
20 15
19 15
19 14
18 14
18 15
17 15
17 14
17 13
18 13
18 12
17 12
17 11
17 10
18 10
18 9
18 10
18 9
18 10
19 10
18 10
19 10
20 10
20 9
20 10
20 11
19 11
20 11
19 11
19 12
19 11
20 11
20 12
19 12
19 11
19 10
19 9
19 10
18 10
19 10
19 9
20 9
20 8
20 7
21 7
20 7
21 7
21 6
20 6
19 6
19 7
18 7
17 7
17 8
17 7
17 6
16 6
15 6
15 7
15 6
16 6
16 7
16 6
15 6
15 7
16 7
16 6
16 5
16 4
17 4
17 5
17 4
16 4
15 4
15 3
16 3
16 4
16 3
15 3
14 3
14 2
15 2
14 2
15 2
15 3
15 4
16 4
16 5
16 6
15 6
14 6
15 6
16 6
17 6
18 6
19 6
19 7
20 7
19 7
19 8
20 8
19 8
20 8
19 8
20 8
21 8
21 7
22 7
23 7
23 8
22 8
22 7
22 6
22 5
22 6
22 7
22 6
21 6
20 6
21 6
21 5
22 5
22 6
22 5
21 5
21 4
21 5
20 5
21 5
22 5
22 4
22 5
23 5
22 5
23 5
23 6
22 6
23 6
23 7
23 8
22 8
23 8
22 8
22 9
22 8
23 8
22 8
22 7
23 7
24 7
25 7
25 6
24 6
23 6
23 5
23 4
24 4
25 4
24 4
24 3
24 4
24 5
25 5
26 5
26 4
27 4
28 4
27 4
26 4
27 4
26 4
26 3
25 3
26 3
26 4
26 5
27 5
28 5
29 5
29 4
29 5
29 4
29 5
30 5
29 5
28 5
28 4
29 4
30 4
30 5
29 5
30 5
29 5
29 4
29 5
29 4
29 3
29 2
29 3
29 2
28 2
28 1
27 1
26 1
25 1
25 2
24 2
24 1
24 0
23 0
24 0
24 1
25 1
25 0
25 1
25 2
25 3
26 3
26 2
27 2
28 2
28 3
28 2
28 1
29 1
30 1
29 1
28 1
28 0
27 0
26 0
25 0
26 0
26 1
26 0
27 0
28 0
27 0
27 1
27 0
28 0
29 0
29 1
28 1
28 0
29 0
29 1
29 0
28 0
28 1
28 0
28 1
28 0
28 1
28 0
28 1
29 1
30 1
31 1
32 1
33 1
33 0
33 1
34 1
34 0
33 0
34 0
34 1
33 1
32 1
31 1
32 1
32 2
31 2
30 2
30 3
31 3
31 4
30 4
31 4
31 3
30 3
30 4
31 4
32 4
31 4
32 4
33 4
34 4
35 4
35 5
36 5
36 4
36 5
37 5
37 6
37 5
37 4
37 5
37 4
37 3
36 3
36 4
36 5
35 5
35 4
36 4
36 3
36 2
36 3
35 3
35 2
35 3
36 3
36 2
37 2
36 2
36 1
37 1
37 2
37 1
38 1
39 1
39 0
39 1
39 2
39 3
40 3
40 2
40 1
39 1
39 0
39 1
38 1
38 0
38 1
37 1
36 1
37 1
37 0
36 0
36 1
36 0
36 1
37 1
37 2
37 3
37 2
37 1
37 0
37 1
36 1
35 1
36 1
37 1
36 1
36 0
35 0
35 1
36 1
36 0
36 1
36 2
36 1
35 1
36 1
36 0
36 1
37 1
37 0
37 1
37 2
37 1
37 0
36 0
37 0
36 0
36 1
36 2
35 2
35 3
36 3
37 3
37 2
38 2
37 2
36 2
37 2
38 2
38 1
38 0
39 0
39 1
39 0
39 1
40 1
40 2
39 2
39 3
40 3
39 3
38 3
38 4
39 4
39 5
38 5
39 5
39 6
38 6
39 6
39 5
40 5
40 6
40 5
40 4
39 4
40 4
40 5
41 5
42 5
43 5
44 5
43 5
43 6
43 5
42 5
42 6
43 6
