0 0
0 1
0 2
0 3
0 2
0 3
0 4
0 5
0 4
1 4
0 4
1 4
1 3
2 3
1 3
1 2
2 2
2 1
2 2
1 2
1 1
1 2
1 1
2 1
1 1
0 1
0 0
1 0
1 1
2 1
2 0
1 0
1 1
0 1
1 1
0 1
0 0
0 1
1 1
1 0
1 1
0 1
0 2
0 3
1 3
2 3
2 4
2 3
2 4
3 4
2 4
1 4
1 5
1 4
0 4
1 4
2 4
1 4
2 4
1 4
1 3
0 3
1 3
2 3
2 4
1 4
2 4
1 4
0 4
1 4
1 5
1 6
1 5
1 6
0 6
0 7
1 7
1 8
0 8
0 7
1 7
1 6
2 6
2 7
2 6
2 7
3 7
3 8
3 7
4 7
3 7
2 7
3 7
4 7
4 6
5 6
5 5
5 6
6 6
6 5
6 4
6 5
5 5
4 5
4 6
4 7
4 6
5 6
5 7
5 6
4 6
4 7
3 7
4 7
4 8
5 8
5 7
4 7
4 8
5 8
5 9
5 8
5 7
5 8
5 9
6 9
6 8
7 8
8 8
8 9
8 10
7 10
7 11
6 11
7 11
8 11
7 11
7 12
6 12
6 13
7 13
8 13
8 14
8 13
9 13
10 13
10 12
9 12
8 12
7 12
7 11
6 11
6 10
7 10
6 10
5 10
4 10
4 9
3 9
3 8
2 8
2 7
2 8
1 8
1 7
2 7
3 7
4 7
3 7
3 8
2 8
1 8
1 9
0 9
1 9
0 9
1 9
1 10
1 11
2 11
2 12
2 13
1 13
2 13
1 13
2 13
2 12
3 12
3 13
3 12
4 12
4 13
3 13
2 13
2 14
2 13
1 13
0 13
0 14
0 15
0 16
0 15
1 15
1 14
0 14
1 14
1 15
0 15
1 15
1 14
1 15
2 15
1 15
0 15
0 16
1 16
1 15
1 16
1 17
0 17
0 18
0 17
1 17
1 16
2 16
2 15
2 14
3 14
2 14
2 15
2 16
1 16
1 17
0 17
1 17
1 16
2 16
3 16
4 16
5 16
4 16
4 17
5 17
5 18
4 18
4 17
5 17
6 17
7 17
7 16
6 16
7 16
7 15
7 14
7 13
7 14
7 13
7 12
8 12
8 13
9 13
10 13
10 12
11 12
11 13
12 13
12 14
11 14
12 14
13 14
14 14
14 13
14 12
13 12
14 12
15 12
15 13
15 12
15 13
14 13
13 13
13 14
13 15
13 16
12 16
12 17
12 18
12 17
12 18
12 19
13 19
12 19
12 20
12 19
11 19
11 20
12 20
11 20
12 20
12 21
12 22
12 21
13 21
13 20
14 20
13 20
14 20
14 21
15 21
15 22
14 22
14 23
14 24
14 23
13 23
14 23
13 23
12 23
13 23
12 23
11 23
12 23
12 22
12 21
13 21
12 21
13 21
13 22
13 23
13 24
13 23
13 22
14 22
15 22
14 22
13 22
13 21
12 21
12 22
13 22
13 21
14 21
13 21
12 21
12 22
13 22
13 23
14 23
15 23
16 23
15 23
15 22
16 22
15 22
14 22
15 22
15 21
15 20
15 21
16 21
15 21
15 22
14 22
14 21
14 20
15 20
14 20
15 20
15 19
16 19
15 19
15 20
14 20
13 20
12 20
12 21
12 20
11 20
11 19
12 19
13 19
13 18
13 17
12 17
12 16
11 16
12 16
11 16
12 16
12 17
12 18
12 19
12 20
12 21
12 22
13 22
14 22
14 21
14 22
15 22
15 21
15 22
15 21
15 22
15 23
15 22
15 23
16 23
16 22
16 21
16 20
17 20
17 21
17 22
17 23
16 23
16 24
16 23
15 23
15 22
15 23
14 23
14 22
13 22
12 22
12 21
12 22
13 22
14 22
13 22
12 22
11 22
11 21
11 22
12 22
11 22
11 21
10 21
9 21
8 21
8 22
8 21
8 22
8 21
8 22
8 21
8 22
8 21
9 21
9 22
9 21
9 22
10 22
9 22
9 23
9 22
10 22
9 22
9 23
9 24
10 24
10 25
9 25
10 25
10 24
9 24
10 24
11 24
12 24
12 23
11 23
12 23
12 22
12 21
11 21
10 21
10 20
11 20
12 20
13 20
12 20
13 20
13 19
12 19
12 20
13 20
14 20
14 21
14 22
13 22
13 23
14 23
13 23
13 22
14 22
14 21
14 20
15 20
16 20
15 20
15 21
16 21
16 20
17 20
16 20
16 19
17 19
18 19
19 19
18 19
18 18
18 19
17 19
18 19
18 18
19 18
19 17
18 17
17 17
17 16
17 15
17 14
17 13
16 13
15 13
14 13
15 13
15 14
15 15
15 16
16 16
17 16
16 16
16 17
17 17
18 17
18 18
19 18
19 17
19 16
19 15
20 15
19 15
19 16
18 16
17 16
16 16
17 16
17 17
17 18
16 18
15 18
16 18
17 18
17 17
17 18
17 17
16 17
16 18
17 18
18 18
18 19
19 19
18 19
18 18
18 17
18 18
18 17
17 17
16 17
16 16
15 16
15 15
15 16
14 16
14 15
13 15
13 14
13 13
13 14
14 14
14 15
15 15
15 16
15 15
15 16
15 17
16 17
16 16
16 15
16 14
15 14
15 15
15 16
14 16
13 16
12 16
11 16
11 15
11 14
10 14
10 13
11 13
10 13
10 14
10 13
11 13
10 13
10 14
9 14
9 15
9 14
8 14
8 15
8 16
7 16
6 16
6 17
5 17
5 16
4 16
4 17
4 18
4 17
4 18
4 19
4 18
5 18
4 18
5 18
6 18
5 18
5 17
5 16
4 16
5 16
6 16
7 16
6 16
7 16
7 15
7 14
7 15
6 15
6 14
7 14
7 15
6 15
5 15
5 14
6 14
6 15
5 15
5 16
5 17
5 18
5 19
5 18
5 19
4 19
3 19
3 18
4 18
3 18
3 19
3 20
3 21
3 22
2 22
1 22
1 21
1 20
0 20
1 20
2 20
2 19
1 19
2 19
2 18
1 18
2 18
3 18
2 18
2 19
2 18
2 19
1 19
1 18
1 19
2 19
3 19
3 18
3 17
4 17
5 17
4 17
4 18
4 17
3 17
3 16
3 15
2 15
2 16
1 16
2 16
1 16
2 16
2 15
3 15
2 15
2 16
1 16
0 16
0 17
1 17
0 17
1 17
1 16
0 16
0 17
1 17
1 18
1 19
1 20
0 20
1 20
1 19
1 20
1 21
2 21
2 20
2 21
2 20
2 19
2 20
3 20
4 20
4 19
4 18
4 19
4 20
4 21
5 21
5 22
4 22
4 21
3 21
3 22
3 23
3 24
4 24
4 25
3 25
2 25
3 25
3 24
2 24
2 25
3 25
4 25
3 25
2 25
3 25
2 25
3 25
3 26
2 26
2 27
2 28
2 29
3 29
2 29
2 28
3 28
3 29
4 29
4 30
5 30
5 31
6 31
6 32
5 32
6 32
7 32
8 32
8 31
7 31
8 31
8 30
7 30
7 31
7 32
7 31
8 31
9 31
10 31
11 31
10 31
11 31
11 30
12 30
13 30
13 31
14 31
14 30
15 30
15 31
15 30
16 30
17 30
17 31
17 32
18 32
17 32
18 32
17 32
18 32
19 32
18 32
18 33
18 32
19 32
19 31
19 32
18 32
19 32
20 32
21 32
20 32
21 32
21 33
21 34
22 34
21 34
21 33
21 32
22 32
21 32
20 32
19 32
20 32
20 31
20 32
20 33
19 33
20 33
20 32
19 32
19 33
19 32
19 31
19 32
18 32
19 32
18 32
17 32
17 31
16 31
16 32
17 32
16 32
17 32
17 33
16 33
17 33
17 34
17 35
17 34
17 35
17 34
18 34
19 34
20 34
21 34
20 34
19 34
19 33
19 32
18 32
18 33
18 34
18 33
18 32
17 32
16 32
17 32
17 31
17 32
16 32
15 32
14 32
14 31
14 32
13 32
12 32
12 33
12 32
12 33
12 32
11 32
11 33
12 33
11 33
12 33
13 33
12 33
12 34
12 33
13 33
12 33
13 33
13 32
13 33
12 33
11 33
12 33
11 33
11 32
12 32
13 32
14 32
14 33
13 33
12 33
12 34
13 34
13 35
13 34
12 34
12 35
12 36
11 36
10 36
10 35
10 36
10 35
10 34
10 35
10 34
9 34
9 33
8 33
7 33
7 32
8 32
8 33
8 34
8 35
7 35
7 36
6 36
7 36
8 36
8 35
7 35
7 36
6 36
5 36
4 36
4 37
4 38
4 39
5 39
4 39
5 39
4 39
4 40
4 41
5 41
4 41
4 40
3 40
2 40
2 39
1 39
1 38
1 37
0 37
0 38
1 38
0 38
1 38
1 39
1 40
1 41
1 42
1 41
1 42
0 42
1 42
0 42
0 41
1 41
2 41
3 41
3 40
2 40
2 41
1 41
1 40
