0 0
0 1
0 2
1 2
1 1
1 2
1 1
0 1
1 1
2 1
2 0
2 1
1 1
2 1
2 0
3 0
4 0
4 1
4 2
4 3
3 3
3 4
4 4
5 4
5 3
6 3
5 3
5 2
5 3
5 4
4 4
4 3
3 3
2 3
2 2
1 2
2 2
2 3
2 2
2 1
3 1
3 2
3 3
3 2
4 2
4 3
5 3
5 4
5 3
5 4
5 3
5 4
5 5
6 5
6 6
6 5
6 6
6 7
7 7
7 8
8 8
8 9
8 10
8 11
8 10
8 9
7 9
7 8
7 7
7 6
6 6
6 7
6 6
6 5
5 5
5 6
6 6
5 6
6 6
6 7
5 7
5 6
5 7
6 7
7 7
8 7
8 8
9 8
9 9
8 9
9 9
9 10
10 10
9 10
10 10
9 10
9 9
8 9
9 9
10 9
11 9
10 9
10 8
10 9
10 10
9 10
8 10
8 9
8 10
8 9
7 9
7 10
7 9
7 8
6 8
5 8
5 7
6 7
6 8
6 7
6 6
5 6
5 7
5 8
5 9
5 10
5 9
5 8
5 7
6 7
5 7
6 7
7 7
7 8
7 9
8 9
8 8
8 7
8 8
8 7
7 7
8 7
8 8
8 7
8 6
9 6
8 6
9 6
9 5
8 5
7 5
7 4
8 4
8 5
8 6
9 6
8 6
7 6
8 6
8 7
7 7
7 8
8 8
8 7
9 7
9 6
8 6
7 6
6 6
6 5
5 5
6 5
7 5
6 5
6 6
6 7
5 7
5 8
4 8
3 8
3 9
3 10
4 10
5 10
5 9
5 8
6 8
6 9
6 8
5 8
6 8
5 8
5 7
5 6
6 6
6 5
6 6
6 5
6 4
6 3
6 2
6 1
6 0
7 0
6 0
6 1
7 1
7 0
6 0
5 0
6 0
7 0
7 1
7 0
6 0
5 0
5 1
6 1
6 0
7 0
6 0
6 1
5 1
6 1
6 2
5 2
4 2
4 1
4 2
5 2
6 2
5 2
4 2
3 2
3 3
3 2
2 2
2 3
1 3
0 3
0 4
1 4
2 4
2 5
1 5
0 5
0 6
1 6
1 5
0 5
0 4
0 5
0 4
0 3
1 3
0 3
1 3
1 4
0 4
0 5
0 6
0 5
1 5
1 4
1 5
1 4
0 4
1 4
1 5
1 4
0 4
1 4
1 5
1 4
1 3
0 3
1 3
0 3
0 4
1 4
1 3
0 3
1 3
1 2
2 2
2 3
1 3
0 3
0 4
0 5
1 5
1 4
0 4
0 5
1 5
1 4
0 4
1 4
0 4
0 5
0 4
0 5
0 6
0 5
0 4
0 5
0 6
0 7
1 7
0 7
0 8
1 8
1 7
0 7
1 7
2 7
2 8
1 8
1 9
2 9
2 10
2 9
2 8
3 8
4 8
4 7
3 7
4 7
5 7
5 6
5 5
6 5
6 4
6 3
6 4
6 3
6 4
6 5
7 5
6 5
5 5
6 5
7 5
8 5
8 4
7 4
8 4
7 4
7 3
7 2
6 2
6 3
6 2
6 1
6 2
6 1
6 0
5 0
6 0
7 0
6 0
6 1
6 2
7 2
6 2
6 3
5 3
5 2
4 2
5 2
6 2
6 1
7 1
6 1
6 2
6 1
5 1
4 1
4 0
4 1
4 0
3 0
3 1
2 1
3 1
4 1
3 1
3 0
2 0
2 1
3 1
3 0
3 1
4 1
4 2
4 3
3 3
3 2
4 2
4 1
4 0
4 1
4 0
4 1
4 0
4 1
4 2
3 2
3 1
3 2
2 2
1 2
2 2
2 1
2 2
3 2
2 2
1 2
1 1
2 1
2 2
1 2
1 3
1 4
1 3
1 2
1 3
1 2
1 1
1 0
2 0
3 0
3 1
3 0
3 1
3 0
3 1
3 2
3 1
3 2
3 3
3 2
3 1
3 2
3 3
3 2
3 3
4 3
5 3
6 3
7 3
7 4
8 4
8 5
9 5
10 5
10 6
11 6
11 5
11 4
12 4
12 3
12 2
12 1
13 1
14 1
14 2
15 2
15 3
15 4
15 5
15 6
15 5
15 6
14 6
13 6
13 5
14 5
15 5
15 6
14 6
15 6
15 5
15 6
14 6
14 7
14 8
14 9
14 10
13 10
14 10
13 10
13 11
13 10
14 10
14 11
13 11
14 11
13 11
13 10
12 10
12 9
12 8
11 8
11 9
10 9
9 9
9 8
9 7
8 7
8 8
7 8
7 7
8 7
8 6
8 5
8 4
7 4
8 4
7 4
7 3
6 3
6 4
6 5
6 6
5 6
4 6
5 6
5 5
6 5
6 4
6 5
6 4
5 4
4 4
5 4
6 4
5 4
5 3
5 4
6 4
6 5
5 5
4 5
3 5
3 6
4 6
4 7
3 7
3 6
4 6
5 6
6 6
7 6
6 6
7 6
6 6
6 7
6 6
6 5
6 6
5 6
4 6
3 6
2 6
2 5
2 6
1 6
0 6
1 6
0 6
0 5
0 4
1 4
1 5
0 5
1 5
0 5
0 4
1 4
1 3
1 4
1 5
2 5
1 5
0 5
1 5
1 6
2 6
2 5
2 4
1 4
0 4
0 5
1 5
2 5
1 5
0 5
1 5
1 6
0 6
0 5
0 6
1 6
2 6
1 6
1 5
1 6
1 5
0 5
1 5
2 5
3 5
3 4
4 4
4 3
3 3
3 4
3 3
2 3
1 3
2 3
1 3
0 3
0 2
1 2
1 3
0 3
1 3
0 3
1 3
1 2
0 2
1 2
2 2
2 1
2 0
1 0
1 1
1 2
1 1
0 1
0 2
0 3
1 3
0 3
1 3
1 4
1 3
2 3
3 3
3 4
4 4
4 3
4 4
4 5
5 5
5 4
4 4
4 3
4 2
3 2
3 1
3 0
3 1
4 1
3 1
3 2
2 2
3 2
3 1
3 2
2 2
2 3
3 3
3 2
3 3
4 3
4 4
5 4
5 3
4 3
4 4
3 4
2 4
2 3
2 4
1 4
1 3
1 4
0 4
1 4
0 4
1 4
2 4
1 4
1 5
1 4
1 3
0 3
0 4
0 5
1 5
1 6
1 7
1 6
1 5
2 5
1 5
0 5
1 5
1 6
1 5
2 5
2 4
3 4
3 3
4 3
3 3
4 3
4 4
4 3
3 3
3 2
3 3
4 3
4 4
4 5
3 5
3 6
3 7
2 7
3 7
3 8
3 7
3 8
4 8
3 8
3 7
2 7
2 8
2 7
2 8
2 7
1 7
1 8
1 7
1 6
0 6
1 6
2 6
2 5
3 5
3 6
2 6
2 7
2 6
3 6
3 7
3 8
4 8
5 8
5 9
5 10
4 10
4 11
5 11
5 10
5 11
6 11
7 11
7 12
8 12
8 13
9 13
10 13
10 12
10 11
10 10
10 9
10 8
11 8
11 9
10 9
11 9
12 9
12 10
12 11
11 11
11 12
10 12
10 11
10 12
10 13
11 13
10 13
9 13
9 12
10 12
9 12
9 13
8 13
9 13
8 13
9 13
9 12
10 12
10 13
11 13
11 14
11 15
11 16
12 16
12 17
13 17
14 17
14 16
14 15
14 16
13 16
14 16
14 15
14 16
13 16
12 16
11 16
12 16
12 15
11 15
12 15
12 14
11 14
11 13
11 14
12 14
12 15
12 14
12 13
12 14
11 14
11 15
11 16
11 17
11 16
12 16
12 17
12 16
12 15
13 15
13 16
13 17
14 17
15 17
16 17
16 16
16 17
15 17
16 17
16 18
16 19
16 20
17 20
17 19
16 19
17 19
16 19
16 20
17 20
17 21
17 20
18 20
18 21
17 21
17 22
18 22
19 22
20 22
20 21
20 22
21 22
21 23
20 23
20 24
19 24
19 23
19 22
20 22
21 22
21 23
21 24
22 24
22 25
21 25
21 26
21 25
22 25
22 26
23 26
23 27
23 28
24 28
25 28
24 28
25 28
24 28
24 27
23 27
22 27
22 28
22 27
22 26
21 26
22 26
23 26
23 25
23 26
24 26
24 25
24 24
23 24
23 25
22 25
22 26
22 27
22 28
21 28
21 29
21 28
20 28
20 29
21 29
20 29
21 29
22 29
23 29
23 28
22 28
23 28
23 29
23 30
24 30
23 30
24 30
25 30
26 30
26 31
26 32
27 32
26 32
26 33
27 33
28 33
28 32
29 32
29 31
29 30
29 31
28 31
27 31
26 31
26 30
26 31
26 32
26 31
26 32
26 33
26 32
26 31
25 31
26 31
26 32
27 32
27 31
28 31
28 32
28 33
27 33
27 32
26 32
26 31
26 32
26 31
26 32
25 32
24 32
24 31
24 32
25 32
25 31
24 31
24 30
23 30
23 31
22 31
21 31
21 30
22 30
22 31
21 31
22 31
