0 0
1 0
0 0
1 0
2 0
3 0
3 1
3 2
4 2
3 2
2 2
1 2
0 2
1 2
2 2
2 3
2 2
1 2
1 1
1 2
0 2
0 3
1 3
0 3
1 3
1 4
1 3
0 3
1 3
1 2
2 2
3 2
3 3
4 3
4 2
4 1
4 0
4 1
3 1
4 1
4 2
3 2
3 3
2 3
3 3
3 4
4 4
4 5
3 5
4 5
4 4
4 3
3 3
3 2
4 2
5 2
6 2
6 3
6 2
6 1
6 0
7 0
8 0
9 0
10 0
10 1
10 2
11 2
11 1
11 0
12 0
12 1
11 1
12 1
11 1
11 0
11 1
11 2
11 3
10 3
10 2
10 3
10 2
10 1
10 0
10 1
10 2
11 2
12 2
11 2
12 2
12 3
12 2
11 2
11 1
11 0
10 0
10 1
11 1
10 1
10 0
10 1
11 1
11 0
11 1
11 2
10 2
10 3
10 4
9 4
9 3
10 3
9 3
10 3
11 3
10 3
11 3
10 3
11 3
11 2
12 2
12 1
12 0
13 0
13 1
13 0
13 1
13 0
13 1
13 0
12 0
12 1
12 2
12 3
12 4
13 4
13 3
13 2
12 2
12 1
12 2
13 2
13 3
12 3
11 3
10 3
10 2
11 2
10 2
11 2
12 2
12 3
12 4
12 3
13 3
14 3
15 3
15 4
15 5
14 5
14 6
15 6
15 7
14 7
15 7
16 7
16 6
15 6
14 6
15 6
15 5
14 5
15 5
15 4
16 4
16 3
16 4
16 5
17 5
16 5
16 4
17 4
18 4
18 5
17 5
17 4
18 4
19 4
18 4
17 4
17 3
17 4
16 4
17 4
17 3
18 3
18 4
18 5
17 5
16 5
16 4
16 5
15 5
14 5
14 6
15 6
16 6
15 6
15 7
15 8
16 8
16 9
17 9
17 10
18 10
17 10
17 11
17 10
17 11
17 12
18 12
17 12
17 13
18 13
19 13
20 13
20 14
21 14
20 14
20 15
19 15
19 14
19 13
19 12
20 12
21 12
21 11
21 12
22 12
23 12
22 12
21 12
20 12
20 11
19 11
20 11
19 11
19 10
20 10
19 10
20 10
20 11
20 12
20 11
21 11
21 12
20 12
19 12
18 12
17 12
17 11
16 11
16 10
16 11
16 10
15 10
15 9
15 10
15 9
14 9
15 9
14 9
13 9
14 9
14 8
14 9
14 10
15 10
14 10
13 10
13 9
12 9
12 8
12 7
11 7
12 7
12 8
13 8
13 9
13 10
14 10
15 10
15 11
15 10
16 10
15 10
15 11
14 11
13 11
13 12
13 11
14 11
15 11
15 10
16 10
16 11
16 12
17 12
17 13
17 12
17 13
17 12
17 11
18 11
18 12
19 12
18 12
18 11
18 10
18 9
17 9
17 10
17 9
17 10
17 11
16 11
17 11
17 12
16 12
15 12
15 13
14 13
15 13
15 14
14 14
13 14
14 14
15 14
14 14
15 14
15 15
15 16
15 17
16 17
15 17
14 17
14 18
15 18
15 19
14 19
14 18
15 18
14 18
14 17
14 18
14 19
15 19
15 20
15 19
14 19
14 20
15 20
15 21
14 21
13 21
12 21
12 20
13 20
13 19
13 20
13 21
12 21
12 22
12 23
11 23
11 24
12 24
13 24
13 23
13 22
14 22
13 22
14 22
14 21
15 21
16 21
16 22
16 23
17 23
16 23
16 22
17 22
16 22
16 23
16 24
16 23
15 23
16 23
15 23
16 23
17 23
16 23
16 24
16 25
16 24
17 24
17 25
17 26
17 25
18 25
17 25
17 26
18 26
17 26
17 25
18 25
18 24
18 25
17 25
16 25
15 25
14 25
15 25
15 26
15 25
15 26
15 27
16 27
16 28
16 29
16 28
15 28
14 28
15 28
16 28
16 27
16 28
17 28
17 27
17 28
17 27
17 28
17 27
17 26
18 26
18 25
18 26
19 26
19 25
20 25
19 25
18 25
18 24
18 23
18 22
18 23
17 23
17 24
18 24
18 23
18 22
17 22
16 22
16 21
16 22
16 23
16 22
17 22
17 21
18 21
17 21
17 20
17 21
16 21
16 20
17 20
18 20
19 20
20 20
20 19
20 20
20 21
19 21
19 22
19 23
19 24
19 25
19 26
19 27
20 27
20 28
20 29
20 30
19 30
20 30
21 30
20 30
20 31
20 32
21 32
21 33
21 32
22 32
23 32
24 32
23 32
23 33
23 32
22 32
22 31
21 31
21 30
21 31
20 31
20 32
21 32
21 33
21 32
20 32
21 32
21 31
21 32
22 32
21 32
20 32
20 33
20 32
19 32
20 32
21 32
20 32
19 32
18 32
18 31
18 32
19 32
19 31
20 31
19 31
20 31
20 30
20 31
21 31
21 30
21 31
20 31
19 31
19 32
20 32
19 32
19 33
19 32
19 31
19 32
18 32
18 31
19 31
19 32
20 32
19 32
19 31
19 32
19 33
19 34
19 33
19 32
19 33
19 34
19 35
19 34
20 34
19 34
19 35
18 35
18 34
17 34
17 35
18 35
18 34
17 34
16 34
17 34
17 33
17 34
17 33
18 33
18 32
18 33
19 33
18 33
19 33
19 34
18 34
18 35
18 36
18 37
17 37
16 37
17 37
17 36
16 36
17 36
16 36
17 36
17 37
17 38
17 37
17 36
17 35
17 36
17 35
16 35
15 35
16 35
15 35
16 35
16 34
17 34
17 35
17 36
17 37
16 37
17 37
17 38
17 37
17 38
17 39
17 38
16 38
16 37
16 38
17 38
17 39
16 39
17 39
16 39
15 39
15 38
15 39
15 38
15 37
15 36
14 36
13 36
12 36
13 36
12 36
11 36
11 35
11 34
10 34
9 34
8 34
8 33
8 32
9 32
10 32
9 32
8 32
8 31
8 32
8 33
8 32
8 31
8 30
8 29
7 29
6 29
6 30
7 30
7 29
7 30
7 31
7 30
8 30
9 30
9 31
8 31
7 31
7 32
6 32
6 31
6 30
7 30
8 30
8 31
8 32
7 32
8 32
9 32
9 31
9 30
9 29
10 29
9 29
9 30
9 29
9 30
9 29
8 29
8 28
8 29
9 29
8 29
8 28
9 28
9 29
9 28
9 29
10 29
11 29
10 29
11 29
11 28
11 27
10 27
10 28
10 27
10 26
9 26
9 27
10 27
9 27
8 27
8 26
7 26
6 26
6 27
7 27
6 27
7 27
6 27
6 26
6 27
6 26
6 27
6 26
5 26
4 26
3 26
3 25
3 24
3 25
2 25
2 26
2 27
1 27
0 27
1 27
1 28
2 28
2 27
2 26
3 26
4 26
4 27
5 27
4 27
4 26
3 26
4 26
3 26
2 26
2 27
3 27
3 28
3 27
3 28
3 27
3 26
4 26
4 27
4 28
3 28
3 29
3 30
3 29
3 30
3 29
4 29
5 29
6 29
5 29
6 29
5 29
4 29
4 30
3 30
4 30
4 31
4 30
4 31
4 32
4 33
4 34
4 33
4 32
4 33
4 32
5 32
5 31
5 32
5 31
6 31
7 31
7 30
7 31
8 31
8 30
8 31
9 31
10 31
10 30
10 29
10 30
10 31
10 30
10 31
10 30
9 30
10 30
11 30
12 30
11 30
11 31
11 32
11 33
12 33
12 34
13 34
14 34
15 34
14 34
14 35
14 36
13 36
12 36
12 35
12 34
12 33
12 34
13 34
12 34
11 34
11 33
11 34
10 34
10 35
10 34
9 34
8 34
8 33
8 34
7 34
8 34
7 34
6 34
6 33
6 34
7 34
7 33
7 32
6 32
5 32
6 32
6 31
7 31
8 31
8 32
8 33
9 33
9 34
10 34
10 33
10 32
10 31
10 30
9 30
10 30
9 30
9 29
9 30
10 30
10 31
10 30
11 30
10 30
9 30
9 31
9 30
10 30
10 29
11 29
12 29
12 28
12 29
11 29
11 28
10 28
11 28
11 29
10 29
11 29
11 30
11 31
11 32
12 32
13 32
12 32
11 32
12 32
12 33
11 33
11 34
11 33
10 33
10 34
11 34
11 35
12 35
13 35
13 36
14 36
14 35
14 34
14 33
14 34
14 33
15 33
15 34
15 35
16 35
16 36
16 35
17 35
18 35
18 34
19 34
18 34
18 33
18 32
17 32
16 32
16 31
16 30
17 30
17 29
16 29
15 29
15 28
15 29
16 29
17 29
18 29
19 29
18 29
18 30
17 30
16 30
16 29
15 29
14 29
13 29
13 28
12 28
11 28
12 28
13 28
14 28
15 28
15 29
16 29
16 28
15 28
14 28
15 28
15 27
15 28
15 29
15 30
15 29
15 30
16 30
17 30
17 29
17 28
17 29
17 30
18 30
17 30
17 31
17 32
16 32
16 33
17 33
17 34
17 35
17 34
17 33
17 34
