0 0
0 1
1 1
1 2
1 3
0 3
1 3
1 2
0 2
0 3
0 2
1 2
2 2
2 1
2 0
3 0
4 0
3 0
3 1
2 1
1 1
0 1
1 1
1 0
2 0
3 0
2 0
2 1
3 1
2 1
2 0
3 0
3 1
2 1
2 2
1 2
1 3
1 4
2 4
2 3
2 4
1 4
1 3
1 4
1 5
1 6
0 6
0 7
0 8
0 9
0 10
0 9
1 9
0 9
1 9
2 9
2 10
1 10
1 9
1 8
1 9
0 9
0 10
1 10
1 11
0 11
0 12
1 12
0 12
0 13
0 12
1 12
2 12
1 12
1 13
2 13
3 13
2 13
2 14
1 14
1 13
1 12
0 12
0 11
0 10
0 9
0 10
1 10
1 11
1 12
2 12
3 12
3 11
2 11
2 12
2 11
3 11
3 10
3 9
3 8
3 7
3 6
2 6
2 5
2 6
3 6
3 7
3 8
3 7
4 7
3 7
4 7
4 8
3 8
4 8
5 8
6 8
6 9
6 8
6 9
6 10
6 11
6 10
5 10
6 10
5 10
5 9
4 9
4 10
4 11
5 11
4 11
5 11
5 10
4 10
5 10
5 11
4 11
4 12
5 12
5 13
6 13
6 14
7 14
8 14
9 14
9 15
10 15
10 16
11 16
12 16
11 16
11 17
12 17
12 16
12 17
11 17
12 17
11 17
11 16
11 15
11 16
11 17
11 18
11 19
11 20
12 20
11 20
12 20
12 21
12 20
13 20
13 19
13 20
14 20
13 20
14 20
13 20
14 20
14 21
13 21
12 21
12 20
12 19
11 19
11 18
11 17
10 17
11 17
11 16
12 16
12 15
12 16
13 16
12 16
13 16
14 16
13 16
13 15
14 15
15 15
14 15
14 16
14 17
14 16
14 17
15 17
14 17
13 17
12 17
12 18
11 18
12 18
12 19
12 18
12 19
12 18
12 19
12 20
12 19
12 18
12 17
11 17
11 16
12 16
12 15
12 16
12 17
13 17
12 17
12 18
13 18
14 18
14 19
14 18
14 19
13 19
13 20
13 21
13 22
13 21
12 21
12 20
11 20
10 20
11 20
11 19
12 19
12 20
11 20
10 20
10 21
10 22
10 21
10 20
10 21
11 21
11 20
11 21
11 20
11 19
11 18
12 18
13 18
14 18
14 19
15 19
15 20
16 20
17 20
18 20
17 20
17 19
18 19
19 19
19 18
18 18
17 18
17 17
18 17
17 17
17 18
16 18
17 18
16 18
16 19
17 19
18 19
18 20
18 21
19 21
18 21
19 21
18 21
18 22
18 23
19 23
18 23
19 23
20 23
20 22
20 23
21 23
22 23
22 22
21 22
22 22
23 22
23 21
23 20
24 20
25 20
25 19
26 19
25 19
24 19
24 18
23 18
24 18
23 18
23 19
24 19
23 19
22 19
21 19
22 19
22 18
22 19
21 19
22 19
22 18
22 19
22 20
22 21
21 21
21 22
21 23
22 23
22 22
21 22
20 22
20 23
21 23
22 23
23 23
23 24
23 23
23 22
23 21
24 21
23 21
24 21
23 21
23 22
23 21
23 20
23 19
22 19
22 20
22 19
23 19
23 18
24 18
25 18
25 17
25 16
26 16
26 15
27 15
27 14
26 14
26 13
27 13
27 12
28 12
28 11
27 11
27 10
27 11
27 10
27 9
27 8
27 7
27 6
27 5
26 5
26 6
26 7
26 8
27 8
27 7
27 8
26 8
27 8
26 8
25 8
25 7
25 8
24 8
24 9
25 9
24 9
23 9
22 9
22 10
21 10
21 11
21 12
22 12
21 12
22 12
23 12
22 12
23 12
24 12
23 12
23 13
23 14
23 13
23 14
22 14
23 14
22 14
23 14
23 15
22 15
21 15
21 16
20 16
21 16
20 16
21 16
21 17
21 18
21 17
20 17
20 16
20 15
21 15
22 15
21 15
20 15
20 14
20 15
19 15
18 15
18 16
18 15
18 14
18 13
18 14
19 14
20 14
20 13
21 13
20 13
19 13
19 12
19 11
19 10
19 9
20 9
21 9
21 10
21 9
21 8
21 7
21 8
22 8
22 9
23 9
23 10
24 10
25 10
24 10
25 10
25 9
25 8
25 9
24 9
24 10
25 10
24 10
24 11
24 12
24 13
24 12
25 12
24 12
24 13
24 14
25 14
25 13
24 13
24 14
25 14
26 14
26 13
26 14
26 13
27 13
28 13
29 13
28 13
28 14
28 15
28 14
29 14
30 14
30 15
31 15
32 15
33 15
33 16
34 16
35 16
35 17
35 16
35 15
34 15
33 15
34 15
33 15
33 14
34 14
35 14
35 15
36 15
36 16
35 16
35 17
35 18
34 18
34 19
35 19
35 20
35 21
36 21
36 20
36 19
36 20
35 20
34 20
34 19
33 19
33 18
34 18
34 19
34 20
34 21
34 20
33 20
32 20
33 20
34 20
33 20
32 20
32 21
32 20
32 21
32 22
33 22
33 21
32 21
33 21
33 22
32 22
32 23
33 23
33 24
33 23
33 22
33 21
33 20
32 20
31 20
31 19
30 19
29 19
30 19
31 19
31 18
31 19
30 19
29 19
29 18
30 18
30 19
31 19
30 19
29 19
29 20
29 19
29 20
29 19
29 20
29 21
29 22
29 23
30 23
31 23
30 23
29 23
28 23
29 23
29 24
28 24
28 25
28 26
27 26
27 27
27 26
26 26
26 27
27 27
27 28
28 28
28 27
28 28
28 27
28 26
29 26
30 26
31 26
31 27
31 26
31 25
30 25
30 24
30 25
30 24
30 23
31 23
30 23
29 23
29 24
29 23
30 23
29 23
30 23
29 23
30 23
30 24
30 25
29 25
29 24
29 23
29 22
29 23
30 23
30 24
31 24
31 25
32 25
33 25
34 25
34 26
34 25
33 25
32 25
31 25
31 26
30 26
31 26
31 27
32 27
33 27
33 26
33 25
34 25
34 24
34 25
34 24
35 24
36 24
35 24
35 25
35 26
35 27
36 27
35 27
36 27
36 28
37 28
36 28
36 29
36 28
37 28
36 28
36 29
37 29
36 29
36 28
37 28
37 27
36 27
37 27
37 28
37 29
36 29
37 29
37 30
37 29
38 29
37 29
37 28
37 29
37 28
36 28
36 29
35 29
35 30
34 30
35 30
35 31
35 30
35 29
35 30
34 30
34 29
33 29
33 30
32 30
33 30
33 31
33 32
34 32
35 32
34 32
34 33
34 32
35 32
34 32
35 32
36 32
35 32
36 32
35 32
35 33
35 32
35 33
36 33
37 33
36 33
36 34
36 33
36 32
36 33
36 32
35 32
36 32
36 31
36 30
37 30
38 30
39 30
39 31
39 30
38 30
38 31
38 30
39 30
38 30
38 29
39 29
38 29
38 30
39 30
39 31
39 32
38 32
38 31
38 30
38 29
37 29
37 28
38 28
39 28
39 27
40 27
40 28
41 28
41 29
40 29
40 28
41 28
41 29
41 28
41 29
42 29
42 28
43 28
43 29
44 29
45 29
45 28
45 29
44 29
45 29
45 30
46 30
46 31
47 31
46 31
46 30
46 29
46 30
47 30
46 30
47 30
47 31
48 31
49 31
49 30
50 30
49 30
49 31
49 32
48 32
48 33
48 32
47 32
47 33
47 34
48 34
48 33
48 32
47 32
46 32
46 31
47 31
48 31
49 31
50 31
50 30
51 30
52 30
53 30
52 30
51 30
52 30
52 31
52 32
53 32
53 33
54 33
54 32
55 32
55 31
55 32
56 32
57 32
56 32
57 32
57 31
58 31
57 31
56 31
55 31
54 31
53 31
53 30
53 31
53 32
53 31
53 32
54 32
54 31
53 31
54 31
54 32
55 32
55 31
55 30
55 29
56 29
56 30
56 31
57 31
57 32
58 32
58 33
58 34
58 35
58 34
57 34
58 34
59 34
60 34
60 33
61 33
61 34
60 34
60 35
60 36
60 37
60 38
60 37
61 37
61 38
60 38
60 39
59 39
58 39
58 38
57 38
57 39
58 39
58 38
58 37
58 36
58 37
58 36
57 36
57 35
57 34
56 34
55 34
55 35
55 36
54 36
55 36
54 36
55 36
55 35
55 36
54 36
53 36
52 36
52 37
51 37
51 38
51 39
50 39
49 39
50 39
50 40
49 40
49 39
50 39
50 40
50 41
49 41
48 41
48 40
49 40
48 40
47 40
46 40
47 40
48 40
47 40
47 39
46 39
46 38
46 39
46 38
45 38
46 38
46 37
46 38
46 39
45 39
46 39
45 39
46 39
47 39
46 39
46 38
46 37
45 37
46 37
45 37
45 36
45 35
44 35
45 35
46 35
46 36
46 37
46 36
47 36
46 36
47 36
47 37
47 38
47 39
46 39
47 39
46 39
47 39
47 40
47 39
48 39
48 40
48 39
48 40
49 40
50 40
50 41
