0 0
0 1
1 1
1 0
0 0
0 1
0 0
0 1
0 2
1 2
1 1
2 1
3 1
2 1
3 1
3 2
2 2
2 1
3 1
3 2
3 1
2 1
3 1
3 2
3 1
3 2
3 3
2 3
3 3
2 3
2 2
2 3
2 2
2 3
2 4
2 5
3 5
4 5
4 4
5 4
5 3
5 2
5 1
5 2
4 2
5 2
6 2
5 2
5 1
5 2
4 2
4 3
3 3
2 3
2 4
2 3
1 3
1 2
1 1
2 1
2 2
3 2
3 3
4 3
5 3
4 3
3 3
4 3
5 3
5 2
5 3
5 4
5 5
5 6
4 6
4 7
3 7
4 7
4 6
3 6
2 6
1 6
1 5
0 5
0 6
1 6
2 6
2 7
2 6
3 6
4 6
3 6
2 6
2 5
3 5
3 6
4 6
3 6
3 5
4 5
4 4
5 4
5 5
5 4
6 4
5 4
4 4
3 4
3 3
3 2
3 1
3 2
2 2
3 2
2 2
2 1
2 0
3 0
2 0
1 0
0 0
1 0
1 1
2 1
1 1
2 1
1 1
1 2
1 1
2 1
3 1
3 0
2 0
1 0
1 1
1 2
1 3
1 4
2 4
2 5
3 5
4 5
3 5
4 5
4 4
4 5
3 5
4 5
4 4
5 4
4 4
4 3
5 3
5 2
5 3
5 2
6 2
7 2
7 1
7 0
7 1
8 1
8 2
7 2
7 1
7 0
8 0
8 1
8 0
8 1
7 1
7 0
7 1
8 1
8 0
7 0
7 1
6 1
6 0
6 1
5 1
5 2
5 1
6 1
7 1
8 1
7 1
7 2
8 2
8 1
7 1
7 0
8 0
9 0
9 1
9 0
8 0
9 0
9 1
8 1
8 2
8 1
7 1
6 1
7 1
7 0
7 1
7 0
7 1
8 1
9 1
8 1
9 1
10 1
9 1
9 0
10 0
10 1
11 1
11 2
11 1
11 2
10 2
10 1
9 1
8 1
7 1
8 1
8 2
8 3
8 4
8 5
8 6
8 5
7 5
8 5
8 6
7 6
6 6
6 5
6 6
7 6
7 5
6 5
6 6
6 5
7 5
8 5
7 5
8 5
9 5
10 5
10 4
9 4
8 4
8 3
7 3
8 3
8 2
7 2
6 2
6 1
7 1
8 1
9 1
10 1
10 0
11 0
11 1
12 1
13 1
12 1
13 1
13 0
13 1
12 1
12 0
12 1
12 2
12 3
13 3
13 2
12 2
12 3
11 3
10 3
9 3
9 2
8 2
8 3
9 3
9 2
10 2
11 2
12 2
11 2
12 2
12 3
12 2
13 2
12 2
13 2
14 2
15 2
15 3
15 4
15 5
15 6
15 5
16 5
16 4
16 5
16 4
16 3
17 3
16 3
16 4
16 3
16 4
16 5
16 4
16 5
17 5
18 5
19 5
20 5
20 6
19 6
20 6
19 6
19 7
18 7
19 7
18 7
18 8
18 9
18 8
17 8
17 9
17 8
17 7
16 7
16 6
16 7
15 7
15 8
15 7
15 6
14 6
13 6
13 5
13 4
13 5
13 4
14 4
13 4
13 5
13 6
13 7
13 8
14 8
14 9
14 8
13 8
13 9
14 9
13 9
13 8
12 8
12 9
11 9
11 10
11 11
11 12
11 11
10 11
9 11
9 10
8 10
8 11
7 11
7 12
7 11
7 12
7 11
8 11
8 10
8 9
8 8
9 8
9 9
10 9
11 9
11 8
12 8
12 7
11 7
12 7
11 7
10 7
10 8
10 7
10 8
11 8
11 9
10 9
9 9
10 9
11 9
12 9
11 9
11 8
11 7
12 7
12 8
12 7
11 7
11 8
12 8
13 8
13 7
12 7
12 8
12 9
12 8
12 9
11 9
11 10
10 10
10 11
9 11
9 12
10 12
10 11
10 12
11 12
11 13
10 13
11 13
12 13
12 12
12 11
13 11
13 12
14 12
15 12
15 13
16 13
15 13
15 12
15 13
15 12
15 13
15 12
16 12
17 12
18 12
18 13
18 12
18 13
18 12
18 13
18 14
18 15
17 15
18 15
19 15
18 15
17 15
18 15
19 15
20 15
21 15
20 15
20 14
19 14
19 13
19 12
18 12
18 11
18 12
18 11
18 12
19 12
19 11
18 11
18 12
19 12
19 13
19 12
19 13
19 12
18 12
19 12
18 12
17 12
17 11
17 12
17 11
18 11
17 11
18 11
18 10
19 10
19 11
18 11
17 11
17 10
18 10
18 9
18 10
18 11
17 11
17 12
18 12
18 13
19 13
19 12
19 13
18 13
17 13
18 13
19 13
18 13
18 14
18 15
18 14
18 13
19 13
20 13
19 13
19 14
19 13
20 13
20 12
20 11
20 10
20 9
20 10
20 9
20 8
21 8
21 7
21 8
22 8
22 7
22 6
23 6
22 6
22 7
23 7
23 6
23 7
24 7
24 8
25 8
25 7
26 7
25 7
26 7
25 7
25 6
26 6
25 6
25 5
26 5
27 5
28 5
29 5
30 5
30 4
31 4
31 3
31 4
31 3
31 4
31 3
31 2
31 3
32 3
33 3
34 3
34 2
35 2
35 3
35 4
35 5
35 4
36 4
35 4
35 3
35 4
35 3
35 4
34 4
34 3
34 2
34 1
33 1
32 1
33 1
33 2
33 1
32 1
33 1
32 1
32 2
31 2
31 1
30 1
29 1
28 1
27 1
27 0
28 0
28 1
27 1
26 1
26 0
25 0
25 1
25 2
26 2
25 2
25 1
25 0
25 1
25 2
25 3
26 3
27 3
27 2
26 2
27 2
27 3
28 3
28 4
27 4
28 4
27 4
27 5
28 5
28 6
27 6
27 7
26 7
27 7
28 7
28 8
28 7
28 6
29 6
30 6
29 6
29 5
28 5
29 5
30 5
30 6
30 5
30 4
31 4
32 4
32 5
31 5
32 5
33 5
32 5
33 5
34 5
34 4
34 3
33 3
32 3
32 2
31 2
30 2
30 3
30 2
30 1
29 1
29 0
29 1
29 0
29 1
30 1
29 1
30 1
30 0
31 0
31 1
32 1
31 1
31 0
31 1
30 1
29 1
29 0
29 1
29 0
29 1
30 1
30 2
31 2
31 1
31 0
31 1
31 0
32 0
31 0
31 1
32 1
31 1
31 2
31 3
30 3
30 2
30 1
29 1
30 1
30 2
31 2
31 1
31 0
31 1
32 1
32 2
33 2
33 3
33 2
34 2
34 1
34 2
34 1
34 2
33 2
32 2
32 1
31 1
31 2
31 3
30 3
30 2
30 1
30 2
29 2
29 1
29 0
29 1
29 0
28 0
28 1
27 1
26 1
27 1
28 1
28 0
29 0
30 0
30 1
30 0
30 1
30 2
30 3
29 3
29 2
29 3
29 4
29 5
29 4
30 4
29 4
30 4
31 4
32 4
32 5
31 5
30 5
29 5
29 4
29 3
29 2
29 1
30 1
31 1
31 0
31 1
32 1
32 2
32 1
33 1
34 1
33 1
33 0
32 0
32 1
31 1
31 2
32 2
31 2
32 2
31 2
31 3
31 2
32 2
32 3
31 3
32 3
32 4
31 4
30 4
31 4
30 4
29 4
29 3
30 3
30 4
31 4
32 4
32 5
32 6
32 7
33 7
34 7
34 8
35 8
35 9
35 8
36 8
36 7
37 7
37 6
37 5
36 5
36 4
35 4
35 3
34 3
34 4
34 3
34 4
33 4
33 5
32 5
33 5
33 6
33 7
34 7
33 7
34 7
34 8
35 8
36 8
37 8
38 8
37 8
38 8
37 8
36 8
36 7
36 6
36 5
36 4
37 4
37 5
37 4
37 5
37 6
36 6
36 7
36 6
35 6
36 6
37 6
38 6
38 5
37 5
37 4
36 4
37 4
37 5
37 4
37 5
36 5
36 6
36 7
36 6
37 6
37 7
37 6
37 5
38 5
38 6
38 7
38 6
38 7
39 7
38 7
38 6
38 5
38 4
37 4
37 5
37 4
37 3
36 3
37 3
36 3
36 4
35 4
36 4
35 4
35 3
35 2
35 1
34 1
33 1
34 1
35 1
35 0
36 0
37 0
37 1
38 1
39 1
38 1
39 1
39 0
40 0
40 1
41 1
41 0
40 0
39 0
39 1
38 1
38 2
39 2
38 2
38 3
38 2
38 1
38 2
38 1
38 2
39 2
40 2
41 2
40 2
39 2
39 3
39 4
39 3
38 3
38 2
38 3
38 4
38 3
37 3
36 3
36 4
35 4
35 3
35 4
35 5
36 5
36 6
35 6
36 6
37 6
37 5
38 5
37 5
36 5
37 5
38 5
39 5
39 6
40 6
40 5
40 6
40 7
40 6
41 6
42 6
42 5
42 4
42 3
43 3
42 3
42 2
42 1
43 1
43 2
44 2
45 2
46 2
46 3
46 2
45 2
