0 0
0 1
1 1
0 1
1 1
1 0
1 1
0 1
0 0
0 1
1 1
0 1
0 0
1 0
2 0
2 1
2 2
3 2
3 1
4 1
4 2
4 1
4 2
4 1
3 1
4 1
4 2
4 1
3 1
3 0
3 1
3 2
3 1
2 1
2 0
1 0
0 0
0 1
1 1
1 2
1 3
1 4
2 4
3 4
3 3
3 4
3 3
3 2
2 2
3 2
4 2
5 2
6 2
6 1
7 1
6 1
5 1
5 0
5 1
4 1
5 1
5 2
6 2
6 3
6 2
5 2
6 2
5 2
5 3
4 3
4 2
3 2
3 3
3 2
3 3
2 3
2 2
1 2
2 2
2 1
2 0
3 0
3 1
3 2
4 2
3 2
2 2
2 3
3 3
3 2
3 3
3 2
3 1
3 2
3 3
3 4
3 3
3 4
3 3
3 4
2 4
3 4
2 4
2 3
3 3
2 3
2 4
2 5
2 4
3 4
4 4
3 4
2 4
1 4
1 3
2 3
1 3
0 3
0 4
0 3
1 3
2 3
2 4
3 4
2 4
2 3
1 3
2 3
2 4
2 5
2 6
3 6
3 5
4 5
3 5
3 4
4 4
3 4
2 4
1 4
0 4
0 3
1 3
1 2
1 3
1 2
2 2
2 1
2 2
2 3
1 3
0 3
0 4
1 4
2 4
3 4
3 5
3 4
3 3
3 2
4 2
4 3
4 4
3 4
3 3
4 3
4 2
5 2
5 3
6 3
6 4
6 5
7 5
8 5
9 5
9 6
10 6
10 7
10 6
11 6
11 7
11 6
10 6
10 7
10 6
11 6
11 7
11 6
11 5
10 5
10 6
11 6
12 6
11 6
12 6
12 5
12 6
13 6
14 6
14 7
13 7
13 6
13 7
12 7
12 6
12 5
11 5
12 5
13 5
14 5
14 4
14 3
13 3
14 3
14 2
13 2
13 3
13 4
14 4
14 5
15 5
15 6
15 7
15 8
16 8
15 8
16 8
16 7
15 7
16 7
15 7
16 7
16 6
17 6
16 6
16 5
16 6
17 6
18 6
18 5
18 6
18 5
17 5
17 4
18 4
18 3
18 2
17 2
16 2
16 3
16 2
16 3
16 2
16 3
16 4
15 4
14 4
13 4
13 5
14 5
13 5
13 4
13 5
13 6
13 5
13 4
13 5
13 4
12 4
12 3
11 3
11 4
11 3
11 4
10 4
10 5
11 5
11 6
10 6
11 6
10 6
9 6
9 7
9 8
9 7
9 8
8 8
8 9
8 8
7 8
8 8
8 9
8 8
8 9
8 10
8 9
8 8
8 7
8 6
8 7
7 7
7 8
7 7
7 6
8 6
9 6
9 7
8 7
7 7
6 7
6 8
6 9
7 9
6 9
6 8
7 8
8 8
7 8
6 8
6 9
6 8
7 8
7 9
8 9
7 9
7 10
6 10
7 10
7 11
6 11
6 12
7 12
7 11
6 11
5 11
5 10
6 10
6 11
6 12
5 12
5 13
4 13
5 13
5 12
5 13
5 14
6 14
7 14
7 15
7 16
7 15
8 15
7 15
7 14
7 15
8 15
7 15
7 14
8 14
7 14
7 13
7 14
6 14
7 14
8 14
8 15
8 16
8 17
7 17
7 16
7 15
8 15
9 15
8 15
8 16
8 17
7 17
7 16
7 15
7 16
7 15
7 14
6 14
7 14
8 14
8 15
7 15
7 16
6 16
5 16
6 16
6 15
7 15
7 16
7 17
8 17
8 16
8 15
8 14
7 14
7 13
7 12
7 11
7 12
7 11
8 11
8 10
7 10
7 11
8 11
8 12
7 12
6 12
6 13
6 14
7 14
7 15
7 14
7 15
8 15
8 16
8 17
7 17
7 18
6 18
7 18
6 18
7 18
7 19
7 20
7 21
8 21
8 22
9 22
8 22
8 21
9 21
9 22
9 23
9 24
10 24
10 25
11 25
10 25
11 25
11 26
11 27
10 27
11 27
10 27
11 27
12 27
12 26
13 26
13 25
13 26
14 26
14 25
14 26
13 26
14 26
15 26
16 26
15 26
16 26
16 27
16 28
15 28
16 28
17 28
18 28
19 28
20 28
21 28
21 29
20 29
21 29
21 28
22 28
21 28
21 29
20 29
19 29
19 28
19 27
19 28
19 29
20 29
20 28
20 29
19 29
20 29
20 30
20 31
20 30
19 30
19 31
19 32
19 31
18 31
18 32
17 32
17 33
18 33
18 34
19 34
18 34
17 34
18 34
18 33
19 33
19 34
18 34
18 35
18 36
18 37
19 37
19 38
18 38
18 37
19 37
20 37
20 36
21 36
21 37
20 37
21 37
21 36
21 37
21 36
20 36
21 36
21 37
22 37
22 36
23 36
22 36
21 36
20 36
21 36
20 36
21 36
22 36
22 37
22 36
21 36
22 36
21 36
21 37
20 37
19 37
20 37
19 37
19 36
18 36
18 35
18 36
18 37
18 38
18 37
19 37
19 36
20 36
20 35
20 34
19 34
18 34
18 35
18 34
19 34
19 33
18 33
18 34
19 34
18 34
19 34
20 34
20 35
19 35
18 35
18 36
18 35
18 34
18 35
18 36
19 36
19 37
19 36
18 36
18 35
18 36
17 36
16 36
16 37
16 36
17 36
16 36
16 35
15 35
14 35
15 35
15 36
16 36
16 35
16 36
15 36
15 37
15 36
15 37
15 38
15 39
15 40
16 40
16 39
16 38
16 39
15 39
16 39
17 39
17 40
17 39
17 40
17 41
18 41
18 40
18 39
18 40
18 41
19 41
19 40
19 41
18 41
17 41
17 40
17 39
17 38
18 38
18 39
18 38
19 38
18 38
19 38
19 39
20 39
20 40
19 40
19 41
19 40
18 40
17 40
18 40
17 40
17 41
16 41
15 41
14 41
14 42
14 43
14 42
13 42
12 42
13 42
12 42
11 42
11 41
10 41
11 41
11 42
10 42
11 42
12 42
13 42
12 42
11 42
11 41
11 42
10 42
11 42
11 43
11 44
12 44
13 44
12 44
12 43
12 42
12 41
13 41
12 41
11 41
10 41
11 41
12 41
12 42
11 42
10 42
10 41
11 41
12 41
12 40
11 40
11 39
11 40
11 39
11 40
11 39
11 40
11 41
11 42
10 42
10 41
10 42
9 42
9 43
8 43
8 42
8 41
9 41
10 41
10 40
10 41
10 42
10 41
9 41
9 42
8 42
9 42
9 43
10 43
9 43
9 42
8 42
8 43
9 43
8 43
8 44
8 43
7 43
7 42
8 42
7 42
7 43
6 43
5 43
6 43
6 44
6 43
6 44
5 44
4 44
5 44
5 45
5 44
4 44
4 43
3 43
3 44
3 45
3 44
3 45
4 45
3 45
3 44
4 44
4 45
4 44
4 43
4 42
4 43
4 42
4 41
5 41
4 41
3 41
2 41
2 42
1 42
1 43
2 43
1 43
2 43
3 43
3 44
2 44
1 44
1 45
0 45
1 45
1 46
1 47
1 46
2 46
2 45
3 45
4 45
4 44
4 45
4 46
4 47
3 47
3 48
3 49
2 49
2 50
3 50
3 49
2 49
1 49
1 50
1 51
1 52
1 53
0 53
1 53
0 53
0 54
0 53
0 54
1 54
0 54
0 55
0 54
0 55
0 56
1 56
1 55
0 55
0 56
1 56
1 55
1 54
1 53
1 52
2 52
2 53
3 53
4 53
3 53
4 53
4 52
3 52
2 52
2 53
2 54
2 53
2 52
2 51
2 52
2 51
1 51
0 51
0 50
1 50
2 50
2 49
2 48
1 48
2 48
2 47
2 46
2 45
1 45
1 44
0 44
0 43
0 44
0 45
1 45
1 44
1 43
1 42
1 41
0 41
1 41
1 42
0 42
1 42
1 43
1 42
2 42
2 41
1 41
0 41
0 40
0 41
0 42
0 41
1 41
2 41
2 40
1 40
1 41
1 40
0 40
1 40
1 39
2 39
2 38
2 37
2 36
1 36
2 36
3 36
3 37
2 37
2 36
2 35
2 36
2 35
3 35
3 34
3 35
3 36
3 35
3 36
4 36
4 37
5 37
5 38
6 38
5 38
6 38
7 38
8 38
9 38
10 38
10 39
9 39
8 39
8 38
7 38
7 39
8 39
7 39
7 40
7 41
7 40
8 40
9 40
9 39
9 38
9 37
8 37
9 37
9 36
10 36
10 37
10 38
11 38
11 37
10 37
10 38
10 39
11 39
12 39
12 38
11 38
11 39
11 38
10 38
10 39
9 39
9 40
10 40
11 40
10 40
10 39
10 38
10 37
10 36
10 37
10 36
11 36
11 37
12 37
12 38
12 37
12 38
11 38
11 37
11 38
11 37
10 37
10 36
9 36
9 35
9 34
8 34
7 34
7 33
7 34
7 33
8 33
8 34
8 33
8 34
8 35
7 35
7 36
6 36
6 37
