0 0
0 1
0 0
1 0
1 1
0 1
1 1
2 1
2 2
2 1
1 1
1 2
0 2
0 3
0 2
1 2
1 1
0 1
0 2
0 3
1 3
1 4
1 3
0 3
0 4
1 4
1 3
1 2
1 3
1 2
1 3
2 3
3 3
3 2
3 3
2 3
2 4
2 3
2 4
1 4
1 3
0 3
0 4
1 4
1 3
0 3
0 4
1 4
2 4
2 3
3 3
3 4
3 3
3 2
3 1
4 1
3 1
2 1
2 2
1 2
1 1
2 1
3 1
3 2
3 3
4 3
4 4
4 3
4 4
5 4
4 4
4 5
4 4
4 3
4 2
5 2
4 2
3 2
4 2
5 2
6 2
6 1
7 1
8 1
9 1
10 1
11 1
11 0
10 0
10 1
9 1
10 1
11 1
12 1
13 1
13 0
14 0
13 0
14 0
13 0
13 1
13 2
13 3
13 4
13 3
12 3
13 3
14 3
13 3
13 2
12 2
13 2
13 1
13 2
13 1
12 1
11 1
11 2
12 2
11 2
11 3
11 2
11 3
10 3
11 3
11 2
11 3
11 2
11 1
11 2
11 1
10 1
10 2
10 3
10 2
10 3
10 4
11 4
12 4
12 5
11 5
12 5
12 6
11 6
12 6
12 5
12 4
13 4
12 4
13 4
12 4
12 3
12 2
11 2
10 2
9 2
10 2
10 1
10 0
11 0
10 0
9 0
10 0
10 1
11 1
11 2
11 3
10 3
10 4
9 4
9 3
9 4
8 4
8 5
7 5
7 6
7 7
6 7
6 6
5 6
4 6
5 6
5 5
6 5
7 5
8 5
9 5
9 4
10 4
10 5
11 5
11 4
11 5
11 6
11 5
12 5
12 6
13 6
13 5
13 4
13 5
13 6
12 6
13 6
13 7
14 7
13 7
13 6
12 6
13 6
12 6
12 7
12 8
12 9
12 10
12 9
12 10
13 10
13 9
13 10
14 10
15 10
16 10
16 11
16 12
16 13
16 14
15 14
15 15
15 16
15 15
14 15
14 16
15 16
16 16
15 16
15 17
15 18
16 18
17 18
16 18
17 18
17 17
17 18
16 18
17 18
17 19
17 20
17 19
16 19
17 19
18 19
18 20
19 20
18 20
18 19
19 19
20 19
19 19
18 19
18 20
18 21
18 20
19 20
19 19
20 19
21 19
21 20
21 21
22 21
22 22
21 22
21 23
21 22
20 22
21 22
21 21
20 21
21 21
21 22
20 22
20 21
21 21
21 22
21 23
21 24
21 23
21 24
21 23
20 23
20 24
20 25
20 26
20 25
20 26
21 26
21 27
22 27
23 27
23 28
24 28
24 29
25 29
26 29
26 28
26 29
26 30
26 29
27 29
27 30
27 31
26 31
27 31
27 30
28 30
28 31
28 32
29 32
29 33
29 32
29 31
30 31
30 32
31 32
31 33
30 33
30 32
31 32
31 33
31 34
31 33
30 33
30 34
30 35
31 35
30 35
30 34
29 34
29 33
30 33
30 34
29 34
29 35
29 36
29 37
29 38
29 39
28 39
28 40
28 39
29 39
28 39
29 39
30 39
29 39
29 38
30 38
29 38
29 39
30 39
30 38
30 39
30 40
30 41
30 40
31 40
30 40
30 39
31 39
31 38
31 39
32 39
33 39
34 39
35 39
35 40
35 39
35 38
34 38
34 39
34 40
34 41
34 42
33 42
33 41
32 41
32 42
31 42
30 42
30 41
30 42
29 42
29 43
29 42
29 41
29 42
28 42
28 41
27 41
27 40
27 41
27 40
27 41
28 41
28 40
27 40
27 39
27 38
27 37
27 36
26 36
26 35
27 35
27 34
27 33
28 33
28 32
28 33
28 34
28 33
27 33
26 33
26 34
25 34
24 34
24 33
25 33
26 33
26 32
26 31
25 31
25 30
25 31
26 31
26 30
26 29
26 30
27 30
27 31
26 31
26 32
27 32
28 32
28 33
29 33
30 33
30 34
30 35
30 36
30 37
30 38
31 38
31 39
30 39
31 39
30 39
30 38
31 38
31 39
31 40
31 41
31 42
30 42
30 41
30 40
30 41
30 40
31 40
32 40
32 41
33 41
33 42
32 42
31 42
31 41
30 41
30 42
30 43
30 42
29 42
30 42
29 42
29 43
28 43
28 44
29 44
28 44
28 43
27 43
28 43
28 44
28 43
27 43
26 43
26 42
26 43
27 43
27 44
27 45
27 46
27 45
27 46
26 46
26 47
27 47
27 48
27 49
26 49
26 50
27 50
28 50
28 49
28 48
28 49
28 50
29 50
28 50
27 50
28 50
29 50
30 50
29 50
29 49
28 49
29 49
29 50
28 50
27 50
27 51
28 51
29 51
28 51
28 52
28 51
28 50
28 49
29 49
30 49
29 49
29 48
29 47
29 48
28 48
27 48
26 48
25 48
26 48
25 48
26 48
26 47
26 48
26 47
26 48
25 48
25 49
25 50
25 49
25 48
25 49
24 49
24 50
24 51
25 51
25 50
25 49
25 48
25 47
25 46
25 47
25 48
24 48
23 48
23 47
23 48
24 48
24 47
24 48
23 48
23 47
24 47
24 48
25 48
26 48
27 48
28 48
29 48
29 47
29 46
29 47
28 47
28 48
29 48
30 48
30 49
30 50
30 49
31 49
31 48
31 49
30 49
30 50
30 51
31 51
30 51
30 52
30 53
31 53
32 53
32 54
32 55
32 54
32 55
32 56
32 57
32 56
32 55
32 56
32 55
33 55
33 56
33 55
33 56
32 56
33 56
33 57
33 56
33 55
32 55
32 54
32 53
31 53
30 53
29 53
29 52
30 52
29 52
28 52
28 53
28 54
28 55
28 56
27 56
28 56
27 56
27 55
27 54
27 55
26 55
25 55
25 54
24 54
25 54
25 53
25 52
25 53
25 54
24 54
24 55
24 54
23 54
23 55
23 54
23 55
24 55
23 55
23 54
23 53
23 54
22 54
21 54
20 54
19 54
19 53
18 53
19 53
20 53
20 52
19 52
19 53
20 53
21 53
22 53
22 52
22 53
23 53
22 53
22 52
21 52
21 53
20 53
19 53
18 53
18 52
18 53
18 54
17 54
16 54
15 54
14 54
14 55
13 55
14 55
14 56
13 56
12 56
12 57
12 56
12 57
12 58
11 58
10 58
9 58
10 58
10 59
10 60
10 61
10 60
11 60
11 61
10 61
11 61
11 62
12 62
12 61
13 61
13 60
13 59
13 60
14 60
13 60
13 59
12 59
13 59
12 59
11 59
11 58
10 58
10 59
10 58
10 57
10 56
9 56
9 57
10 57
10 56
11 56
12 56
13 56
12 56
13 56
12 56
13 56
12 56
12 57
12 58
12 57
11 57
11 58
10 58
11 58
11 59
11 58
11 57
12 57
11 57
12 57
13 57
14 57
15 57
14 57
13 57
12 57
13 57
12 57
12 56
13 56
13 55
12 55
12 56
12 57
12 56
12 57
12 56
13 56
13 55
12 55
12 54
12 55
11 55
12 55
12 54
13 54
13 53
14 53
15 53
16 53
16 54
17 54
17 55
17 54
16 54
15 54
15 53
16 53
17 53
16 53
15 53
15 54
14 54
15 54
14 54
13 54
14 54
15 54
14 54
14 53
13 53
12 53
13 53
13 54
14 54
14 53
15 53
15 52
16 52
17 52
18 52
17 52
16 52
16 51
17 51
16 51
15 51
15 50
16 50
16 51
17 51
18 51
18 50
18 49
19 49
19 50
20 50
21 50
21 51
20 51
20 52
19 52
18 52
17 52
18 52
19 52
19 51
19 50
18 50
18 51
18 50
18 49
18 48
18 49
18 48
18 47
19 47
19 46
19 45
19 46
20 46
20 45
21 45
21 46
21 47
20 47
21 47
21 48
21 47
21 46
20 46
19 46
20 46
21 46
22 46
22 47
21 47
22 47
22 48
22 47
22 48
22 49
22 50
22 51
22 50
22 51
22 50
23 50
24 50
24 51
25 51
25 52
25 53
24 53
24 52
24 51
24 50
24 49
23 49
23 50
22 50
22 49
23 49
24 49
25 49
26 49
25 49
25 50
25 49
26 49
27 49
28 49
27 49
28 49
29 49
30 49
31 49
32 49
33 49
34 49
34 50
33 50
33 51
34 51
33 51
32 51
32 50
31 50
32 50
33 50
32 50
32 49
31 49
30 49
30 48
29 48
30 48
30 49
31 49
32 49
32 48
33 48
32 48
33 48
33 47
33 48
33 49
33 50
33 51
33 50
33 51
32 51
31 51
31 50
32 50
32 51
32 50
32 51
32 52
32 53
32 54
31 54
32 54
32 55
31 55
31 54
32 54
33 54
33 53
33 52
32 52
31 52
32 52
31 52
31 53
30 53
31 53
31 54
31 53
30 53
29 53
29 54
29 55
28 55
28 56
28 55
28 56
28 57
29 57
29 56
30 56
30 57
31 57
32 57
