0 0
1 0
0 0
1 0
1 1
1 2
0 2
1 2
0 2
0 3
1 3
1 4
1 5
1 4
2 4
1 4
1 5
1 6
2 6
1 6
0 6
1 6
2 6
2 7
3 7
2 7
2 8
1 8
1 9
0 9
1 9
0 9
0 8
1 8
1 9
1 8
1 9
2 9
2 10
2 9
1 9
1 8
1 9
0 9
0 10
0 11
0 12
1 12
2 12
2 13
1 13
2 13
3 13
3 14
2 14
2 15
3 15
4 15
3 15
4 15
4 14
4 13
4 12
5 12
6 12
6 11
6 12
6 13
6 12
6 13
5 13
5 14
5 15
4 15
4 14
4 13
3 13
2 13
2 14
2 13
1 13
1 14
0 14
1 14
1 15
0 15
0 16
0 15
0 16
0 15
0 16
0 15
0 16
1 16
1 17
1 16
0 16
0 15
0 14
1 14
1 13
0 13
0 14
1 14
0 14
1 14
0 14
0 13
1 13
1 14
0 14
0 15
0 16
1 16
2 16
3 16
2 16
1 16
1 15
2 15
2 14
3 14
4 14
4 15
3 15
4 15
4 16
4 15
5 15
4 15
4 14
5 14
5 15
5 16
6 16
6 17
6 18
5 18
5 17
4 17
4 16
5 16
6 16
7 16
7 17
6 17
7 17
7 18
7 19
8 19
9 19
8 19
8 18
8 17
8 16
8 17
8 18
8 19
8 20
8 21
9 21
9 20
8 20
8 19
8 20
7 20
7 21
8 21
8 20
7 20
6 20
6 21
5 21
5 20
5 19
5 18
5 17
4 17
4 18
4 19
3 19
3 20
4 20
3 20
3 21
4 21
4 22
4 23
3 23
3 22
4 22
5 22
5 21
5 22
5 23
5 22
5 23
6 23
6 24
5 24
6 24
5 24
4 24
4 23
4 24
4 25
4 26
3 26
2 26
2 27
1 27
0 27
1 27
1 28
2 28
2 29
2 28
3 28
3 29
4 29
4 30
3 30
2 30
2 29
2 30
3 30
3 29
2 29
2 30
2 31
3 31
4 31
3 31
4 31
4 30
4 31
5 31
6 31
6 30
7 30
8 30
7 30
7 31
7 32
6 32
5 32
4 32
5 32
5 31
5 32
5 33
5 34
5 35
5 34
4 34
5 34
6 34
6 35
5 35
4 35
5 35
4 35
3 35
4 35
5 35
4 35
3 35
3 34
3 35
3 34
4 34
5 34
6 34
7 34
7 33
6 33
6 32
6 33
6 32
6 33
6 34
6 33
5 33
4 33
5 33
5 32
5 31
5 30
5 29
5 30
5 31
6 31
6 32
5 32
5 31
5 30
5 31
5 32
6 32
7 32
6 32
6 31
6 30
6 31
6 30
6 29
6 28
7 28
7 27
7 28
6 28
7 28
7 29
6 29
6 28
6 29
5 29
5 30
5 31
5 30
5 31
4 31
3 31
3 32
2 32
2 33
1 33
1 32
0 32
1 32
1 33
0 33
0 34
1 34
1 35
0 35
1 35
0 35
1 35
1 36
1 37
2 37
1 37
0 37
1 37
1 36
1 35
1 34
1 33
0 33
0 32
1 32
2 32
3 32
3 33
4 33
4 34
4 35
4 36
3 36
2 36
2 35
3 35
2 35
1 35
1 36
1 37
1 38
1 39
2 39
1 39
1 40
0 40
1 40
1 39
2 39
3 39
3 40
3 39
2 39
3 39
2 39
2 38
3 38
2 38
2 39
2 40
1 40
0 40
1 40
1 41
2 41
3 41
3 42
3 43
3 42
4 42
4 43
4 42
5 42
5 43
5 42
5 43
5 44
6 44
6 45
5 45
5 46
4 46
4 45
4 44
5 44
6 44
7 44
7 45
7 46
8 46
9 46
8 46
8 47
9 47
10 47
10 48
10 47
10 46
11 46
11 45
12 45
13 45
14 45
14 46
14 45
14 46
15 46
15 45
15 46
16 46
17 46
16 46
16 45
16 44
17 44
17 45
17 46
16 46
16 47
15 47
14 47
14 48
13 48
13 47
12 47
12 48
11 48
11 47
11 46
12 46
13 46
13 47
13 46
14 46
14 47
13 47
14 47
13 47
12 47
12 46
12 47
12 48
12 47
13 47
14 47
15 47
16 47
17 47
17 48
16 48
16 49
16 50
16 51
15 51
15 50
15 51
16 51
16 50
17 50
17 49
17 48
16 48
16 47
15 47
15 48
15 49
14 49
13 49
12 49
12 48
12 47
12 48
12 47
13 47
12 47
11 47
11 48
12 48
12 49
13 49
12 49
11 49
10 49
11 49
10 49
10 50
10 49
10 48
10 49
11 49
11 50
12 50
12 51
11 51
10 51
10 50
11 50
11 49
10 49
10 50
10 51
9 51
8 51
9 51
9 50
9 51
10 51
10 50
11 50
11 51
11 50
10 50
10 51
10 50
10 49
9 49
9 48
9 47
9 46
9 47
10 47
11 47
11 48
11 49
11 50
12 50
11 50
11 49
10 49
9 49
9 48
8 48
9 48
10 48
9 48
10 48
10 47
10 46
11 46
11 45
10 45
11 45
12 45
11 45
10 45
11 45
11 46
11 47
10 47
10 46
11 46
11 47
12 47
12 48
12 49
13 49
14 49
15 49
15 50
16 50
16 49
16 50
16 51
16 52
15 52
15 53
16 53
17 53
17 54
17 55
16 55
16 54
16 53
17 53
17 52
17 53
17 54
17 55
16 55
15 55
16 55
17 55
18 55
17 55
17 56
16 56
16 57
17 57
17 56
17 57
17 58
17 59
18 59
17 59
18 59
18 58
18 59
18 60
19 60
18 60
18 59
18 60
19 60
19 61
19 60
19 59
20 59
20 60
20 59
19 59
19 60
19 59
19 58
19 59
19 58
19 57
19 58
19 59
19 60
20 60
20 61
20 60
21 60
21 59
21 58
21 57
20 57
19 57
19 56
18 56
17 56
18 56
17 56
16 56
17 56
18 56
18 55
18 56
18 57
17 57
17 56
17 57
17 56
18 56
19 56
19 55
19 54
20 54
20 55
20 54
19 54
19 53
20 53
19 53
18 53
17 53
16 53
15 53
15 52
16 52
15 52
15 51
15 50
15 49
14 49
14 48
15 48
15 49
15 48
15 47
16 47
17 47
18 47
19 47
20 47
20 48
20 47
20 46
21 46
20 46
21 46
22 46
21 46
21 47
22 47
22 48
22 47
22 48
22 49
22 48
23 48
23 47
23 48
24 48
23 48
24 48
24 49
23 49
23 50
23 49
24 49
25 49
24 49
24 48
24 49
24 50
24 51
24 50
23 50
23 49
24 49
25 49
24 49
23 49
22 49
22 48
22 49
22 50
22 51
22 52
23 52
23 53
23 54
23 53
22 53
22 52
22 53
21 53
20 53
20 52
21 52
21 51
22 51
21 51
22 51
21 51
21 52
20 52
20 51
19 51
18 51
17 51
17 52
18 52
17 52
18 52
19 52
18 52
17 52
17 51
18 51
19 51
20 51
20 52
21 52
21 53
20 53
21 53
20 53
19 53
19 52
19 53
18 53
18 54
18 55
19 55
20 55
20 54
19 54
20 54
20 53
19 53
18 53
18 52
18 53
19 53
19 54
20 54
20 55
20 56
21 56
21 55
22 55
22 56
23 56
23 55
24 55
23 55
23 56
22 56
23 56
23 57
23 58
23 59
24 59
24 60
24 59
25 59
24 59
25 59
25 60
24 60
25 60
25 59
25 58
24 58
25 58
25 59
25 58
24 58
23 58
23 59
24 59
24 58
24 57
25 57
26 57
27 57
26 57
26 58
25 58
26 58
25 58
24 58
24 59
24 58
25 58
26 58
25 58
25 59
25 60
25 61
25 60
25 61
26 61
26 62
25 62
25 63
26 63
27 63
27 62
27 63
26 63
26 62
26 63
26 62
27 62
27 61
28 61
27 61
27 60
26 60
26 59
25 59
25 58
24 58
24 57
24 58
24 59
24 60
24 59
23 59
23 58
23 57
23 56
23 55
22 55
23 55
24 55
24 56
23 56
22 56
22 57
23 57
24 57
24 56
24 57
24 58
24 57
23 57
23 56
23 57
23 58
23 59
22 59
21 59
21 58
21 57
21 58
22 58
22 57
22 56
21 56
21 55
20 55
19 55
19 56
18 56
17 56
17 55
17 54
17 55
17 54
18 54
19 54
19 53
19 54
19 55
18 55
17 55
17 56
18 56
19 56
19 57
18 57
19 57
19 58
19 59
18 59
17 59
17 58
16 58
15 58
16 58
17 58
16 58
16 59
15 59
14 59
14 60
14 59
15 59
15 58
15 59
14 59
15 59
16 59
17 59
16 59
16 58
16 59
17 59
16 59
16 58
16 59
16 60
16 61
16 62
16 61
16 62
16 63
15 63
14 63
14 64
13 64
12 64
12 63
13 63
14 63
14 64
15 64
15 65
14 65
14 66
15 66
16 66
15 66
14 66
14 67
15 67
16 67
17 67
16 67
