0 0
0 1
1 1
1 0
1 1
1 2
1 1
0 1
0 0
0 1
0 2
0 1
1 1
1 0
1 1
2 1
3 1
3 2
3 1
4 1
5 1
6 1
7 1
7 2
7 3
7 2
7 3
8 3
7 3
7 4
7 3
7 2
8 2
7 2
7 1
6 1
6 2
7 2
8 2
8 1
7 1
7 2
8 2
8 3
8 4
8 5
7 5
7 6
6 6
6 5
7 5
8 5
9 5
9 6
9 5
9 4
9 3
10 3
9 3
10 3
11 3
11 4
11 5
10 5
11 5
11 4
12 4
12 5
12 4
12 5
12 4
12 5
12 4
12 5
11 5
10 5
9 5
10 5
11 5
11 6
10 6
10 7
10 6
11 6
12 6
13 6
12 6
11 6
10 6
10 7
10 6
11 6
11 5
10 5
9 5
10 5
9 5
10 5
10 6
11 6
12 6
13 6
13 7
13 8
13 9
14 9
15 9
14 9
14 8
14 7
14 8
14 9
14 10
14 11
13 11
14 11
15 11
15 12
15 13
15 12
15 13
14 13
14 12
14 11
14 12
15 12
15 13
16 13
15 13
15 14
15 13
15 14
15 13
15 14
15 13
16 13
16 12
16 11
16 10
15 10
16 10
17 10
17 9
18 9
18 10
19 10
19 9
18 9
18 8
18 7
18 6
17 6
18 6
19 6
19 7
19 8
18 8
18 7
19 7
19 8
19 7
19 6
20 6
21 6
21 7
22 7
23 7
22 7
23 7
23 8
23 9
24 9
24 8
24 7
24 6
24 5
23 5
23 4
23 3
24 3
24 4
24 5
25 5
26 5
26 4
26 5
27 5
26 5
25 5
24 5
24 6
24 5
24 6
23 6
22 6
22 5
21 5
21 6
21 7
21 6
21 5
20 5
19 5
19 4
20 4
19 4
19 5
20 5
19 5
19 4
19 3
18 3
17 3
17 4
16 4
17 4
16 4
16 3
15 3
15 4
15 3
15 4
14 4
14 5
14 6
15 6
15 7
15 6
15 5
14 5
14 6
13 6
13 5
13 6
13 7
12 7
11 7
11 6
11 5
12 5
12 4
13 4
13 5
13 4
13 3
14 3
13 3
14 3
14 2
13 2
14 2
13 2
13 3
14 3
15 3
15 2
15 1
16 1
16 2
16 1
15 1
14 1
14 0
13 0
13 1
13 2
12 2
12 1
11 1
11 0
10 0
9 0
10 0
11 0
11 1
10 1
10 0
10 1
10 0
10 1
10 2
11 2
11 3
12 3
12 2
12 3
11 3
11 2
11 3
11 4
10 4
9 4
9 3
8 3
8 2
7 2
8 2
9 2
9 1
10 1
10 2
10 3
10 4
9 4
10 4
11 4
12 4
12 3
11 3
11 2
11 1
11 2
12 2
12 3
13 3
12 3
12 2
12 3
12 2
12 1
12 2
13 2
13 1
14 1
14 2
14 1
15 1
16 1
16 2
17 2
17 1
18 1
18 0
19 0
20 0
20 1
21 1
21 0
21 1
21 0
21 1
22 1
22 0
21 0
21 1
22 1
22 2
23 2
24 2
24 1
24 2
23 2
23 1
23 2
23 1
23 0
23 1
22 1
22 0
21 0
22 0
21 0
21 1
22 1
23 1
22 1
22 2
22 1
23 1
23 0
23 1
24 1
24 0
25 0
26 0
26 1
26 2
26 3
26 4
27 4
27 5
27 4
28 4
29 4
29 3
28 3
28 2
29 2
28 2
28 3
29 3
28 3
28 2
28 1
29 1
29 0
29 1
29 0
28 0
28 1
28 0
28 1
28 0
28 1
27 1
26 1
25 1
26 1
25 1
25 2
25 3
24 3
23 3
23 2
23 3
24 3
24 4
23 4
23 5
23 6
24 6
25 6
25 7
26 7
26 8
26 9
26 10
26 11
25 11
25 10
26 10
26 11
26 10
26 9
25 9
25 10
25 9
25 10
26 10
26 9
26 10
26 11
26 12
27 12
27 13
27 14
27 15
28 15
27 15
27 16
26 16
26 15
27 15
28 15
29 15
30 15
31 15
30 15
31 15
31 14
31 13
31 12
32 12
32 13
32 14
31 14
30 14
29 14
30 14
30 15
29 15
30 15
30 14
30 15
30 16
30 15
30 14
30 13
30 14
29 14
29 15
29 14
29 13
28 13
27 13
26 13
27 13
28 13
29 13
29 14
28 14
28 15
28 16
27 16
28 16
28 15
29 15
29 16
29 17
29 16
30 16
31 16
32 16
32 15
31 15
32 15
31 15
31 14
31 13
31 12
32 12
33 12
32 12
33 12
33 11
33 10
33 11
33 12
34 12
34 11
33 11
33 12
33 13
32 13
32 14
32 13
33 13
32 13
32 12
33 12
33 13
33 14
33 15
34 15
33 15
33 14
33 13
33 12
34 12
34 13
33 13
33 12
33 11
33 12
33 13
33 12
34 12
34 11
35 11
35 10
36 10
36 11
36 10
36 9
37 9
36 9
35 9
34 9
33 9
34 9
34 8
34 7
34 8
33 8
33 9
32 9
33 9
33 8
32 8
32 9
31 9
32 9
32 10
32 11
31 11
31 10
31 11
31 10
31 11
30 11
29 11
29 12
29 11
28 11
28 12
28 13
28 14
28 15
28 16
28 17
28 16
28 15
28 16
28 15
28 14
27 14
27 15
26 15
26 14
26 13
26 14
26 15
25 15
24 15
24 14
23 14
22 14
22 15
22 16
21 16
21 17
22 17
22 18
22 17
21 17
22 17
22 16
21 16
22 16
22 17
22 16
21 16
21 15
21 14
22 14
22 13
22 12
23 12
24 12
24 13
25 13
25 12
26 12
27 12
28 12
27 12
28 12
27 12
28 12
28 13
29 13
28 13
27 13
27 12
28 12
28 13
29 13
29 12
29 11
29 10
29 11
28 11
28 10
29 10
29 9
29 8
29 7
30 7
30 6
30 5
30 6
29 6
30 6
30 7
29 7
29 8
29 7
28 7
28 8
29 8
28 8
28 9
27 9
28 9
28 10
29 10
28 10
29 10
29 9
30 9
31 9
30 9
29 9
29 8
29 7
30 7
31 7
32 7
32 6
33 6
33 5
34 5
34 4
35 4
36 4
35 4
35 5
35 4
34 4
33 4
33 5
33 4
34 4
35 4
36 4
36 3
36 2
36 1
36 0
36 1
36 0
37 0
38 0
39 0
38 0
38 1
38 0
38 1
38 2
38 1
39 1
38 1
38 2
37 2
36 2
37 2
36 2
36 3
35 3
35 2
35 3
35 2
34 2
34 3
35 3
36 3
35 3
34 3
33 3
32 3
32 4
33 4
33 5
33 6
33 5
34 5
35 5
35 4
35 3
34 3
34 2
33 2
34 2
35 2
34 2
34 1
34 0
34 1
34 0
34 1
34 2
34 3
34 2
34 3
34 4
34 3
33 3
33 4
32 4
33 4
32 4
32 3
32 2
32 3
32 2
33 2
34 2
35 2
36 2
37 2
37 3
36 3
35 3
35 2
35 3
35 4
35 5
34 5
34 6
33 6
33 5
32 5
33 5
34 5
34 6
33 6
33 7
33 6
33 7
33 6
33 7
33 6
33 5
32 5
31 5
31 6
32 6
33 6
33 7
33 6
33 5
32 5
32 4
31 4
32 4
33 4
33 5
34 5
35 5
35 6
35 7
36 7
37 7
36 7
35 7
35 8
35 7
35 8
34 8
34 9
34 8
34 9
35 9
35 8
34 8
33 8
34 8
35 8
35 7
34 7
34 8
33 8
33 7
32 7
32 8
31 8
32 8
33 8
33 9
33 10
34 10
34 11
34 12
34 13
33 13
34 13
33 13
32 13
32 12
33 12
33 13
33 12
34 12
34 13
35 13
35 14
35 13
35 14
35 13
35 14
34 14
35 14
35 15
36 15
37 15
37 14
36 14
35 14
35 15
36 15
36 14
36 13
36 12
36 13
37 13
38 13
37 13
37 14
38 14
39 14
40 14
41 14
42 14
43 14
43 13
43 12
44 12
44 11
43 11
43 10
44 10
45 10
45 9
46 9
46 8
45 8
44 8
45 8
45 7
46 7
47 7
48 7
48 8
47 8
46 8
46 7
47 7
46 7
46 6
46 7
45 7
45 8
45 9
44 9
44 8
44 7
43 7
42 7
43 7
43 8
42 8
42 7
41 7
42 7
43 7
42 7
41 7
41 8
42 8
42 9
42 8
41 8
41 9
41 10
40 10
39 10
40 10
41 10
40 10
40 9
39 9
40 9
41 9
41 10
41 11
41 10
41 11
41 10
42 10
42 11
42 10
41 10
40 10
41 10
41 9
42 9
43 9
42 9
42 8
43 8
44 8
44 9
44 10
45 10
46 10
46 9
46 10
46 11
47 11
47 12
47 13
47 12
47 11
47 12
47 11
48 11
47 11
46 11
46 10
47 10
48 10
47 10
47 9
47 10
47 11
48 11
49 11
49 10
49 9
49 10
