0 0
1 0
0 0
1 0
2 0
1 0
2 0
1 0
2 0
2 1
2 2
2 1
3 1
4 1
4 2
4 3
4 4
3 4
4 4
5 4
5 3
5 4
4 4
4 5
4 6
5 6
4 6
4 5
4 6
3 6
3 5
4 5
3 5
4 5
4 6
4 5
3 5
4 5
5 5
5 4
5 5
4 5
5 5
6 5
6 4
6 3
6 2
6 3
6 4
6 5
7 5
7 6
7 7
7 6
7 5
7 4
8 4
9 4
10 4
11 4
11 3
11 2
11 3
11 4
12 4
12 3
11 3
11 4
12 4
12 3
12 4
13 4
13 5
12 5
12 4
13 4
12 4
12 5
12 6
13 6
13 7
14 7
14 6
14 5
15 5
14 5
14 6
14 5
14 6
15 6
14 6
14 7
14 8
15 8
15 9
15 8
16 8
15 8
16 8
16 9
15 9
16 9
16 8
17 8
17 7
17 8
17 7
16 7
17 7
16 7
15 7
15 8
14 8
14 9
15 9
15 10
15 9
14 9
14 10
13 10
14 10
15 10
14 10
14 9
15 9
14 9
13 9
14 9
13 9
14 9
14 8
15 8
14 8
13 8
12 8
13 8
12 8
11 8
11 9
10 9
11 9
11 8
11 9
10 9
10 10
10 11
11 11
11 12
10 12
10 11
10 10
9 10
10 10
9 10
9 9
8 9
8 8
8 7
8 8
8 7
8 6
9 6
10 6
9 6
10 6
9 6
8 6
8 7
7 7
8 7
8 8
8 9
8 10
8 9
8 10
7 10
8 10
8 9
7 9
6 9
5 9
6 9
7 9
7 10
7 11
8 11
7 11
7 10
6 10
6 9
6 8
6 7
7 7
7 8
7 9
8 9
8 8
8 9
7 9
6 9
7 9
7 10
8 10
7 10
6 10
6 9
7 9
7 8
6 8
6 9
5 9
4 9
5 9
6 9
6 8
6 9
6 8
7 8
8 8
8 9
7 9
8 9
8 8
8 7
8 6
9 6
10 6
11 6
11 7
10 7
9 7
8 7
7 7
7 8
7 9
7 10
7 9
7 10
6 10
6 9
5 9
4 9
4 10
3 10
3 9
3 8
2 8
2 9
1 9
1 8
0 8
0 7
0 6
1 6
1 5
1 4
1 5
0 5
0 6
0 5
1 5
2 5
2 6
2 5
2 6
1 6
2 6
1 6
2 6
1 6
2 6
2 5
2 6
2 7
2 6
2 7
1 7
2 7
2 8
2 7
1 7
2 7
2 6
1 6
1 7
1 8
1 9
2 9
3 9
2 9
3 9
2 9
1 9
1 10
2 10
2 11
3 11
3 10
3 9
3 10
2 10
2 9
3 9
3 10
3 11
3 12
2 12
1 12
1 13
1 14
0 14
0 13
1 13
2 13
3 13
3 12
4 12
3 12
3 11
3 12
3 11
3 10
3 11
3 12
3 11
3 12
4 12
4 11
4 12
4 13
4 14
4 15
5 15
6 15
6 14
6 13
7 13
7 12
7 11
7 10
6 10
6 9
6 8
7 8
8 8
7 8
7 7
7 6
7 5
7 6
7 5
7 6
7 5
7 4
7 5
7 4
6 4
7 4
7 5
7 6
6 6
6 7
7 7
6 7
6 8
6 7
7 7
7 8
6 8
5 8
5 9
5 8
5 9
6 9
6 10
6 9
7 9
7 10
7 9
6 9
7 9
8 9
9 9
9 8
9 9
10 9
11 9
11 10
11 11
11 10
12 10
13 10
12 10
13 10
13 9
12 9
13 9
14 9
14 10
14 11
15 11
15 10
15 11
16 11
17 11
18 11
18 12
19 12
19 13
20 13
19 13
18 13
18 14
17 14
17 15
17 16
17 15
17 16
17 17
18 17
19 17
20 17
19 17
19 18
19 19
18 19
18 18
18 17
18 18
18 19
18 20
18 19
18 20
19 20
18 20
18 21
17 21
17 22
18 22
17 22
18 22
18 23
19 23
19 22
19 23
18 23
18 24
17 24
17 25
18 25
18 26
19 26
18 26
19 26
20 26
19 26
19 27
18 27
18 28
19 28
19 27
19 28
19 27
19 28
20 28
21 28
20 28
20 27
21 27
20 27
20 26
20 25
20 24
19 24
19 23
20 23
20 24
21 24
21 23
20 23
20 24
20 23
20 22
20 23
21 23
21 22
21 23
21 24
22 24
23 24
22 24
23 24
23 23
22 23
23 23
24 23
24 24
24 23
25 23
26 23
26 22
26 23
25 23
25 24
26 24
25 24
24 24
25 24
24 24
25 24
25 23
26 23
26 24
27 24
27 23
27 24
28 24
29 24
28 24
28 25
28 26
29 26
28 26
28 27
28 26
27 26
27 27
28 27
29 27
29 26
29 27
30 27
31 27
31 26
31 25
31 24
31 25
31 24
31 23
30 23
31 23
30 23
31 23
31 24
30 24
31 24
30 24
31 24
30 24
30 23
30 22
31 22
31 21
30 21
30 22
29 22
29 23
29 24
29 23
29 22
28 22
29 22
30 22
30 21
30 20
30 21
30 22
29 22
28 22
29 22
29 23
29 22
29 23
29 24
29 23
29 24
30 24
30 25
31 25
30 25
31 25
30 25
30 24
29 24
29 23
30 23
31 23
30 23
29 23
28 23
27 23
27 22
28 22
27 22
27 21
28 21
29 21
30 21
29 21
29 22
29 23
30 23
30 22
30 23
30 24
31 24
32 24
32 23
32 24
32 25
33 25
34 25
35 25
34 25
34 24
35 24
36 24
36 23
37 23
36 23
36 24
37 24
36 24
36 23
37 23
38 23
39 23
38 23
38 24
38 23
37 23
36 23
35 23
34 23
33 23
32 23
33 23
33 24
34 24
35 24
34 24
34 23
33 23
33 24
34 24
33 24
33 23
32 23
33 23
34 23
34 22
34 23
34 24
35 24
35 23
36 23
35 23
34 23
34 22
34 23
33 23
32 23
32 24
33 24
34 24
34 25
34 24
33 24
33 23
33 22
34 22
35 22
35 23
35 22
36 22
36 23
36 24
36 25
37 25
36 25
36 24
36 23
36 22
37 22
37 21
36 21
36 20
37 20
36 20
35 20
36 20
35 20
35 19
35 20
36 20
37 20
38 20
38 19
39 19
40 19
40 20
39 20
39 21
40 21
41 21
42 21
42 22
43 22
43 23
42 23
42 24
43 24
44 24
43 24
42 24
42 25
43 25
44 25
44 24
45 24
45 23
45 24
46 24
46 25
46 24
46 23
46 24
45 24
46 24
45 24
44 24
43 24
42 24
41 24
41 25
41 26
41 25
41 24
42 24
42 23
42 22
43 22
44 22
44 21
43 21
42 21
41 21
42 21
41 21
40 21
40 20
40 21
40 22
40 23
40 22
41 22
40 22
41 22
41 21
41 20
41 19
40 19
40 18
39 18
40 18
40 19
40 20
40 21
41 21
41 20
41 21
40 21
40 22
40 21
39 21
40 21
41 21
41 22
41 21
41 20
41 19
41 20
40 20
40 19
40 18
41 18
40 18
40 17
41 17
41 18
41 17
41 16
41 17
42 17
41 17
41 18
41 17
42 17
42 16
42 17
41 17
41 16
42 16
41 16
42 16
43 16
43 15
43 16
43 15
43 16
44 16
43 16
44 16
44 15
44 14
43 14
44 14
44 15
45 15
46 15
46 14
46 13
47 13
46 13
46 14
45 14
45 13
45 12
44 12
44 13
44 14
44 15
44 16
43 16
43 17
43 18
43 17
42 17
42 18
42 17
42 18
42 17
42 16
42 15
42 16
43 16
44 16
43 16
43 17
42 17
41 17
42 17
43 17
43 16
43 17
43 16
43 17
43 16
42 16
43 16
43 15
44 15
44 16
44 15
45 15
44 15
44 14
45 14
45 13
46 13
45 13
44 13
44 12
45 12
45 11
46 11
45 11
45 10
45 9
46 9
46 10
45 10
46 10
45 10
45 9
45 8
45 9
45 8
45 7
45 6
45 5
45 6
45 7
44 7
43 7
43 8
43 7
43 8
44 8
43 8
42 8
43 8
44 8
44 9
45 9
45 8
45 9
45 8
45 7
45 8
46 8
46 7
46 6
47 6
46 6
46 5
47 5
47 6
46 6
45 6
46 6
45 6
45 5
44 5
44 4
44 5
43 5
42 5
42 4
42 3
42 2
41 2
41 3
41 4
41 5
41 6
41 5
42 5
42 4
42 5
43 5
43 4
43 3
44 3
44 4
44 3
43 3
44 3
43 3
43 4
42 4
43 4
43 3
44 3
44 4
44 3
44 4
45 4
45 3
46 3
46 4
46 5
45 5
44 5
43 5
43 6
42 6
41 6
40 6
41 6
42 6
42 7
42 8
43 8
43 9
44 9
45 9
45 10
45 11
46 11
45 11
45 10
46 10
46 9
47 9
48 9
48 8
48 9
47 9
47 10
46 10
46 11
45 11
45 12
44 12
44 11
45 11
46 11
47 11
48 11
