0 0
1 0
1 1
0 1
1 1
2 1
1 1
1 2
2 2
1 2
1 1
1 0
1 1
1 2
2 2
2 3
2 2
2 3
1 3
0 3
0 4
1 4
0 4
0 3
1 3
2 3
3 3
3 2
3 3
2 3
3 3
2 3
3 3
3 4
4 4
4 5
3 5
4 5
3 5
3 4
4 4
3 4
2 4
2 3
1 3
2 3
2 4
1 4
1 5
0 5
1 5
0 5
1 5
2 5
3 5
3 4
3 5
3 4
3 5
2 5
2 6
2 7
3 7
2 7
1 7
1 6
0 6
1 6
1 5
1 6
2 6
2 5
1 5
0 5
0 6
0 5
1 5
1 6
1 7
2 7
3 7
4 7
4 6
5 6
5 5
5 6
5 7
5 8
6 8
7 8
7 9
6 9
6 10
7 10
8 10
8 9
8 8
7 8
7 7
7 8
7 9
7 8
7 9
8 9
9 9
9 10
9 9
10 9
9 9
10 9
10 8
10 7
9 7
9 8
10 8
9 8
9 9
8 9
9 9
9 10
9 11
10 11
10 10
10 9
9 9
10 9
10 10
11 10
10 10
9 10
8 10
8 9
7 9
8 9
7 9
7 10
7 9
8 9
8 8
7 8
7 9
8 9
8 8
7 8
7 9
7 8
8 8
8 7
9 7
9 6
10 6
9 6
9 7
10 7
10 6
9 6
8 6
8 7
7 7
6 7
6 8
5 8
6 8
6 9
5 9
6 9
5 9
5 10
5 9
6 9
6 8
5 8
5 9
5 10
4 10
4 9
5 9
6 9
6 8
7 8
8 8
8 7
9 7
8 7
7 7
7 8
7 7
6 7
6 8
6 7
5 7
5 6
4 6
3 6
3 5
4 5
5 5
4 5
3 5
4 5
4 4
4 5
3 5
4 5
3 5
3 6
3 7
3 8
2 8
2 7
1 7
1 8
2 8
2 7
1 7
1 8
1 9
2 9
2 8
2 9
2 10
3 10
3 9
3 10
3 9
4 9
4 10
5 10
4 10
4 11
4 10
5 10
5 11
6 11
7 11
8 11
9 11
9 12
9 13
9 12
9 13
8 13
8 12
7 12
7 11
8 11
9 11
8 11
7 11
7 12
7 11
8 11
8 12
8 11
8 12
8 13
9 13
8 13
8 12
8 13
8 12
8 13
7 13
7 12
8 12
7 12
7 13
7 14
6 14
5 14
6 14
7 14
8 14
7 14
7 15
7 16
6 16
5 16
6 16
7 16
8 16
9 16
8 16
7 16
7 17
6 17
5 17
5 18
4 18
5 18
4 18
3 18
2 18
2 19
2 18
2 19
3 19
4 19
4 20
3 20
3 21
3 20
3 21
3 20
3 21
4 21
4 20
5 20
5 19
6 19
6 18
7 18
7 19
6 19
6 20
6 21
6 20
6 19
5 19
6 19
6 18
6 19
6 18
5 18
4 18
5 18
5 19
6 19
5 19
4 19
3 19
3 18
3 19
4 19
5 19
6 19
7 19
7 20
7 19
8 19
9 19
9 20
10 20
10 19
10 18
10 19
10 20
11 20
12 20
11 20
11 21
12 21
12 22
11 22
11 23
11 24
11 23
10 23
9 23
9 24
9 25
10 25
10 24
11 24
12 24
12 25
13 25
13 24
14 24
14 23
13 23
14 23
13 23
13 22
12 22
12 23
11 23
10 23
9 23
8 23
7 23
7 24
6 24
5 24
5 23
4 23
5 23
6 23
7 23
7 22
6 22
6 23
6 22
6 23
5 23
5 22
4 22
3 22
3 23
3 24
3 25
3 26
2 26
2 27
1 27
1 26
1 25
0 25
1 25
1 26
1 25
2 25
3 25
4 25
5 25
5 24
6 24
7 24
7 23
7 22
7 21
7 20
6 20
6 21
6 22
5 22
6 22
7 22
6 22
5 22
6 22
6 23
6 22
6 21
6 20
5 20
6 20
6 21
7 21
8 21
7 21
7 22
7 23
6 23
6 24
6 25
7 25
6 25
5 25
4 25
3 25
2 25
2 24
3 24
3 25
2 25
1 25
0 25
0 24
1 24
1 25
1 24
1 25
1 26
1 25
0 25
1 25
1 26
0 26
1 26
1 27
1 26
0 26
0 27
1 27
1 26
2 26
3 26
4 26
5 26
5 25
6 25
5 25
5 26
6 26
6 25
6 24
7 24
7 23
7 24
7 25
7 26
7 27
7 26
8 26
8 27
7 27
7 28
6 28
5 28
5 29
5 30
5 31
4 31
4 32
4 31
4 30
4 29
4 28
3 28
3 27
4 27
3 27
3 28
3 29
3 28
4 28
4 27
4 28
5 28
4 28
4 27
4 28
5 28
6 28
6 29
7 29
8 29
7 29
7 30
8 30
7 30
6 30
6 29
6 30
7 30
7 29
8 29
8 28
8 27
7 27
6 27
6 28
6 27
6 26
5 26
6 26
5 26
5 25
6 25
5 25
6 25
7 25
6 25
6 24
6 23
7 23
7 24
7 25
7 24
6 24
5 24
4 24
5 24
5 23
4 23
4 22
4 23
3 23
3 22
4 22
5 22
5 21
5 20
4 20
4 21
4 22
4 21
4 22
4 23
4 24
3 24
2 24
1 24
1 25
0 25
1 25
1 24
0 24
1 24
0 24
0 23
0 22
0 21
1 21
1 22
2 22
2 23
2 24
2 25
3 25
2 25
1 25
2 25
2 26
2 27
1 27
0 27
0 26
1 26
1 27
1 26
1 27
1 28
0 28
0 27
1 27
2 27
2 28
3 28
3 29
2 29
2 30
2 31
1 31
1 30
2 30
2 29
1 29
1 30
1 29
1 30
0 30
1 30
1 29
2 29
2 30
2 29
3 29
4 29
5 29
5 30
5 31
5 32
5 33
5 32
4 32
4 33
3 33
2 33
2 34
2 35
2 34
2 33
2 34
1 34
0 34
1 34
0 34
0 35
0 34
0 35
0 34
1 34
1 35
2 35
2 36
3 36
4 36
4 35
5 35
5 36
4 36
5 36
5 37
5 38
5 39
5 38
6 38
5 38
6 38
6 37
6 38
6 37
6 36
6 37
5 37
6 37
6 38
5 38
5 37
6 37
5 37
5 36
6 36
5 36
5 35
5 34
4 34
3 34
2 34
1 34
1 33
2 33
2 34
2 35
2 36
2 37
2 36
3 36
3 35
2 35
2 36
3 36
3 37
3 38
3 39
3 38
4 38
4 37
3 37
2 37
1 37
0 37
1 37
1 36
0 36
0 37
1 37
1 38
0 38
1 38
0 38
1 38
2 38
2 39
3 39
4 39
4 38
4 37
4 36
4 35
3 35
2 35
2 36
2 37
3 37
2 37
2 38
2 37
3 37
3 36
3 35
3 36
3 37
3 36
3 35
3 34
3 35
3 36
4 36
3 36
2 36
1 36
2 36
1 36
0 36
1 36
1 37
0 37
1 37
2 37
1 37
0 37
1 37
1 38
0 38
1 38
0 38
1 38
1 37
1 38
1 39
2 39
2 38
1 38
1 39
0 39
0 38
0 39
1 39
2 39
1 39
0 39
0 38
1 38
2 38
2 39
2 40
1 40
0 40
0 39
0 38
0 37
1 37
0 37
1 37
1 36
1 37
1 38
2 38
3 38
2 38
3 38
3 39
2 39
1 39
2 39
2 40
1 40
2 40
3 40
2 40
2 39
2 38
2 39
2 40
1 40
2 40
2 41
2 40
1 40
0 40
1 40
1 41
0 41
1 41
1 40
2 40
2 41
3 41
2 41
1 41
1 40
1 41
2 41
2 40
2 41
3 41
3 40
3 39
4 39
4 38
5 38
6 38
7 38
7 37
7 38
7 39
7 40
7 41
7 40
7 39
6 39
5 39
5 40
5 41
4 41
3 41
3 40
2 40
1 40
1 41
1 40
2 40
2 39
1 39
1 40
0 40
1 40
1 41
1 42
1 43
2 43
2 42
2 41
2 42
2 43
1 43
2 43
1 43
1 44
0 44
1 44
0 44
0 45
0 46
1 46
1 47
1 46
1 47
0 47
1 47
0 47
1 47
1 46
2 46
1 46
1 45
1 46
0 46
0 45
1 45
1 44
0 44
1 44
1 43
1 44
0 44
1 44
0 44
0 43
0 42
1 42
1 43
0 43
1 43
1 44
1 45
0 45
0 46
0 45
1 45
2 45
1 45
1 44
2 44
1 44
0 44
1 44
0 44
0 45
1 45
1 44
2 44
2 45
2 46
3 46
2 46
2 47
2 48
1 48
2 48
2 49
1 49
1 50
2 50
3 50
2 50
3 50
4 50
5 50
4 50
3 50
4 50
5 50
5 49
5 50
4 50
3 50
3 49
3 48
4 48
4 49
5 49
4 49
4 50
4 51
3 51
4 51
5 51
5 50
6 50
6 51
6 52
6 51
6 50
5 50
5 49
5 50
4 50
4 49
4 50
4 49
4 48
4 47
4 46
4 45
4 46
4 47
