0 0
1 0
2 0
3 0
3 1
3 2
4 2
4 1
4 2
3 2
3 1
2 1
2 0
2 1
2 2
1 2
0 2
1 2
1 1
0 1
1 1
1 0
1 1
2 1
1 1
1 0
0 0
0 1
0 2
1 2
0 2
1 2
1 1
0 1
1 1
1 0
1 1
2 1
2 2
1 2
1 1
2 1
2 2
2 3
1 3
2 3
2 4
1 4
2 4
1 4
0 4
1 4
1 3
1 2
0 2
0 3
1 3
2 3
2 2
1 2
1 3
0 3
1 3
0 3
1 3
1 4
1 5
1 6
2 6
1 6
0 6
0 7
0 6
1 6
0 6
1 6
2 6
3 6
4 6
5 6
6 6
7 6
8 6
9 6
9 7
9 6
10 6
10 7
11 7
10 7
10 8
11 8
11 9
11 10
12 10
13 10
14 10
15 10
14 10
15 10
14 10
13 10
12 10
11 10
12 10
11 10
12 10
11 10
11 11
12 11
11 11
10 11
11 11
11 10
11 9
10 9
9 9
8 9
9 9
9 10
9 11
9 10
8 10
7 10
6 10
5 10
4 10
4 11
4 10
5 10
6 10
5 10
6 10
6 11
6 10
5 10
5 9
5 10
5 11
6 11
7 11
7 10
6 10
7 10
8 10
7 10
7 9
7 8
7 9
8 9
9 9
8 9
8 10
7 10
6 10
5 10
4 10
3 10
2 10
3 10
2 10
3 10
4 10
3 10
3 11
4 11
3 11
3 10
3 9
3 10
4 10
5 10
5 9
5 10
4 10
5 10
4 10
3 10
4 10
4 11
3 11
3 12
3 11
3 10
2 10
2 9
3 9
3 8
4 8
3 8
4 8
5 8
4 8
4 7
3 7
2 7
2 8
1 8
1 7
1 8
1 9
1 8
1 9
1 8
0 8
1 8
2 8
3 8
3 9
4 9
5 9
5 8
6 8
5 8
5 7
6 7
6 6
7 6
6 6
6 7
5 7
5 6
5 5
6 5
6 4
6 5
5 5
4 5
4 6
4 7
4 8
3 8
2 8
2 9
2 10
2 9
2 10
2 11
3 11
3 12
2 12
2 11
1 11
0 11
1 11
0 11
1 11
1 10
1 9
1 8
2 8
2 7
3 7
2 7
1 7
0 7
1 7
2 7
2 8
3 8
3 9
3 10
2 10
1 10
2 10
2 11
2 12
2 13
2 14
3 14
2 14
2 15
2 14
2 15
2 14
3 14
3 13
3 12
3 13
2 13
1 13
1 14
2 14
3 14
2 14
2 15
1 15
2 15
2 14
2 15
1 15
1 16
1 17
2 17
2 18
2 17
2 18
1 18
0 18
1 18
1 19
0 19
0 20
1 20
1 19
1 18
2 18
1 18
1 19
2 19
2 18
2 17
1 17
2 17
2 16
2 15
2 16
1 16
0 16
1 16
0 16
0 17
1 17
1 18
1 19
2 19
2 18
2 17
1 17
0 17
1 17
0 17
1 17
0 17
1 17
1 16
1 15
1 16
2 16
2 17
3 17
3 16
4 16
4 15
3 15
2 15
3 15
3 16
4 16
4 15
4 16
4 17
4 16
4 15
4 16
4 17
4 16
5 16
6 16
7 16
7 17
8 17
8 16
8 17
7 17
6 17
6 16
6 17
6 18
5 18
6 18
7 18
7 19
7 20
7 21
8 21
8 20
8 21
8 22
8 21
8 22
8 23
8 24
8 23
7 23
8 23
7 23
8 23
9 23
8 23
7 23
8 23
7 23
7 24
8 24
8 25
9 25
8 25
7 25
8 25
8 24
8 25
8 26
7 26
7 27
8 27
9 27
9 26
10 26
9 26
8 26
8 25
8 24
8 25
8 26
9 26
10 26
10 27
10 26
9 26
8 26
7 26
7 27
7 28
7 27
7 28
7 27
8 27
9 27
9 26
9 27
9 28
9 27
9 28
10 28
11 28
11 27
10 27
11 27
12 27
12 26
12 25
12 24
11 24
10 24
9 24
9 25
9 24
9 25
9 24
8 24
9 24
10 24
10 25
10 26
9 26
9 25
10 25
11 25
12 25
12 26
12 27
11 27
12 27
12 26
11 26
10 26
10 27
10 28
9 28
9 29
10 29
10 30
10 31
11 31
11 30
11 29
10 29
11 29
11 28
11 29
11 28
11 29
11 28
11 29
11 28
10 28
10 27
10 28
10 29
9 29
10 29
10 30
10 29
10 30
10 31
11 31
12 31
12 30
13 30
14 30
14 29
15 29
16 29
16 28
15 28
14 28
14 27
15 27
15 28
14 28
14 27
14 28
15 28
14 28
14 27
14 26
15 26
15 27
16 27
16 28
17 28
18 28
18 27
17 27
17 28
18 28
18 27
18 26
19 26
18 26
19 26
20 26
20 25
20 24
21 24
21 23
22 23
21 23
21 24
21 23
21 24
21 25
22 25
23 25
22 25
21 25
22 25
21 25
20 25
20 24
20 25
20 24
21 24
20 24
19 24
19 23
19 24
19 25
19 26
19 25
19 26
19 25
20 25
19 25
19 24
20 24
19 24
19 23
19 24
19 25
19 26
19 25
20 25
20 24
20 25
21 25
22 25
21 25
21 24
22 24
21 24
21 23
21 22
22 22
22 21
21 21
20 21
21 21
21 22
22 22
22 21
21 21
21 22
22 22
23 22
23 23
22 23
21 23
22 23
22 24
23 24
23 25
23 24
23 23
24 23
25 23
24 23
24 24
25 24
26 24
26 23
26 24
26 25
25 25
25 24
25 23
25 24
25 23
26 23
25 23
25 22
25 21
25 22
25 21
25 22
25 21
24 21
24 22
24 23
23 23
22 23
22 22
22 23
21 23
22 23
23 23
23 22
23 23
23 24
23 25
24 25
24 24
23 24
24 24
24 25
24 26
24 27
24 26
24 27
23 27
24 27
23 27
23 28
23 27
22 27
22 26
23 26
22 26
22 25
22 24
21 24
21 25
22 25
22 26
22 27
23 27
23 26
23 27
24 27
24 26
24 27
24 26
23 26
23 27
22 27
21 27
20 27
21 27
22 27
21 27
22 27
22 28
22 27
22 28
22 27
21 27
22 27
21 27
22 27
23 27
23 26
23 27
23 26
23 27
23 26
24 26
24 25
23 25
24 25
24 24
24 25
24 24
25 24
24 24
24 23
25 23
24 23
23 23
24 23
24 24
23 24
22 24
23 24
22 24
21 24
21 23
22 23
22 22
22 23
21 23
22 23
22 24
23 24
24 24
25 24
24 24
24 23
23 23
24 23
24 22
25 22
25 21
26 21
25 21
25 22
25 23
25 24
25 25
25 26
26 26
27 26
27 27
28 27
29 27
29 26
28 26
28 25
28 26
28 25
29 25
29 24
29 25
29 24
29 25
29 26
28 26
27 26
28 26
27 26
28 26
28 25
28 24
28 23
28 24
27 24
26 24
26 25
26 26
27 26
27 27
28 27
28 26
28 25
28 24
27 24
27 23
27 22
26 22
25 22
24 22
24 23
25 23
24 23
24 22
24 23
24 22
24 21
25 21
26 21
26 22
26 21
26 22
25 22
24 22
24 23
24 24
24 23
24 22
25 22
24 22
23 22
23 21
24 21
23 21
23 22
24 22
25 22
24 22
23 22
22 22
21 22
22 22
23 22
22 22
21 22
21 23
20 23
20 24
21 24
21 25
21 26
20 26
21 26
20 26
20 25
19 25
19 26
19 25
19 26
20 26
19 26
18 26
18 27
17 27
16 27
16 26
15 26
14 26
14 25
14 26
13 26
12 26
12 27
12 26
12 25
12 26
12 25
11 25
10 25
11 25
12 25
12 24
12 23
12 24
11 24
11 25
12 25
12 26
12 25
11 25
11 26
10 26
9 26
8 26
7 26
7 27
6 27
5 27
4 27
3 27
4 27
5 27
4 27
4 26
3 26
2 26
2 25
3 25
3 24
3 25
4 25
4 26
4 27
4 26
4 27
4 28
4 27
3 27
4 27
4 26
4 25
3 25
3 24
4 24
5 24
5 25
4 25
3 25
3 24
3 23
3 24
2 24
2 23
1 23
1 22
2 22
3 22
3 23
4 23
5 23
4 23
3 23
2 23
3 23
3 24
2 24
1 24
1 25
2 25
1 25
1 24
2 24
1 24
2 24
2 23
3 23
2 23
2 24
1 24
1 23
1 24
2 24
1 24
1 25
1 26
2 26
3 26
3 27
2 27
3 27
3 28
2 28
1 28
1 27
1 28
1 27
0 27
1 27
2 27
3 27
3 28
3 29
3 28
3 29
2 29
3 29
4 29
4 28
3 28
2 28
2 29
2 28
3 28
3 29
4 29
3 29
4 29
4 30
4 29
4 30
3 30
2 30
2 31
2 32
3 32
4 32
5 32
5 33
5 34
5 35
4 35
4 34
5 34
4 34
4 35
5 35
5 36
5 35
4 35
5 35
5 36
6 36
6 37
5 37
4 37
3 37
3 36
3 35
3 36
