0 0
1 0
1 1
1 2
1 1
2 1
2 0
2 1
1 1
2 1
2 2
2 1
3 1
3 2
4 2
3 2
3 3
3 4
3 5
4 5
4 4
5 4
5 5
5 4
4 4
3 4
3 5
3 4
3 3
4 3
5 3
5 4
4 4
4 3
3 3
4 3
4 4
5 4
5 5
5 4
5 3
4 3
3 3
3 4
3 5
4 5
5 5
4 5
4 6
4 5
3 5
3 6
2 6
2 5
2 6
1 6
1 5
2 5
2 4
2 5
1 5
0 5
0 6
0 7
0 8
1 8
0 8
1 8
2 8
1 8
1 9
0 9
0 8
0 9
1 9
0 9
1 9
1 8
2 8
1 8
2 8
3 8
2 8
1 8
1 9
2 9
2 10
1 10
0 10
1 10
2 10
1 10
2 10
3 10
2 10
1 10
1 9
1 10
1 9
1 10
0 10
1 10
1 11
2 11
3 11
3 12
3 11
3 10
3 9
4 9
5 9
6 9
7 9
8 9
9 9
8 9
8 8
8 9
7 9
6 9
7 9
6 9
7 9
7 10
6 10
5 10
4 10
5 10
5 11
5 12
5 11
4 11
4 12
3 12
2 12
2 11
2 10
3 10
3 9
2 9
1 9
2 9
2 8
3 8
2 8
2 9
3 9
3 8
3 9
2 9
3 9
4 9
4 8
3 8
3 7
2 7
2 8
3 8
2 8
3 8
2 8
2 9
3 9
3 10
3 11
2 11
1 11
2 11
3 11
4 11
3 11
2 11
2 12
1 12
0 12
1 12
2 12
2 11
3 11
3 10
2 10
3 10
3 9
2 9
2 10
2 11
3 11
3 10
4 10
5 10
4 10
4 9
4 8
3 8
3 9
4 9
4 10
4 9
4 8
4 7
4 8
3 8
4 8
3 8
4 8
5 8
5 7
5 8
5 9
4 9
4 10
5 10
5 9
5 8
5 7
6 7
5 7
6 7
5 7
5 8
4 8
4 7
4 8
3 8
4 8
4 7
4 6
3 6
4 6
4 5
4 6
4 7
5 7
5 6
5 5
6 5
6 6
7 6
7 7
8 7
7 7
8 7
9 7
10 7
9 7
10 7
9 7
9 6
9 5
9 4
9 3
9 2
9 1
9 0
9 1
9 2
9 1
9 0
9 1
9 2
10 2
10 1
10 0
10 1
10 2
11 2
10 2
10 1
11 1
12 1
11 1
11 0
11 1
12 1
12 2
12 1
11 1
12 1
12 0
13 0
13 1
13 2
13 1
14 1
13 1
14 1
14 0
13 0
13 1
12 1
11 1
11 0
10 0
11 0
12 0
13 0
12 0
12 1
11 1
11 2
11 3
11 4
10 4
9 4
8 4
9 4
10 4
9 4
9 5
9 6
9 5
9 4
8 4
7 4
6 4
5 4
6 4
6 3
7 3
7 4
7 5
7 6
7 7
7 6
7 5
7 6
8 6
8 5
8 4
9 4
9 5
9 4
10 4
10 3
9 3
9 4
8 4
7 4
7 3
6 3
6 4
6 5
7 5
6 5
6 6
6 5
7 5
8 5
8 6
8 5
7 5
6 5
5 5
5 4
5 3
4 3
3 3
3 4
4 4
5 4
6 4
7 4
6 4
6 3
5 3
6 3
5 3
6 3
5 3
5 2
5 1
6 1
6 0
7 0
6 0
6 1
5 1
6 1
6 2
6 1
7 1
8 1
7 1
6 1
6 0
7 0
8 0
9 0
9 1
9 2
9 3
9 4
8 4
8 3
8 4
8 5
9 5
9 6
9 7
9 6
9 5
9 6
10 6
9 6
8 6
9 6
8 6
8 5
8 4
8 5
8 6
8 7
9 7
10 7
10 8
9 8
9 9
10 9
10 10
11 10
10 10
9 10
9 9
9 10
9 9
9 10
9 11
9 12
10 12
9 12
8 12
8 13
8 14
7 14
8 14
8 13
9 13
10 13
10 14
10 15
9 15
9 16
9 17
10 17
10 16
9 16
9 15
10 15
10 16
10 15
11 15
11 14
11 13
12 13
13 13
14 13
15 13
14 13
15 13
15 14
15 13
15 12
16 12
16 13
16 12
16 13
17 13
16 13
17 13
17 14
16 14
16 13
17 13
17 14
18 14
18 15
18 16
17 16
17 17
18 17
17 17
17 16
16 16
16 15
16 16
16 15
17 15
18 15
19 15
19 14
18 14
18 15
17 15
17 16
16 16
16 15
16 16
15 16
15 17
14 17
14 16
14 15
13 15
12 15
12 14
11 14
10 14
10 15
11 15
10 15
9 15
10 15
10 16
10 17
10 16
9 16
10 16
11 16
10 16
9 16
9 15
8 15
8 16
7 16
8 16
8 17
7 17
6 17
5 17
6 17
6 16
6 15
7 15
7 16
8 16
8 17
8 16
9 16
10 16
9 16
10 16
10 15
11 15
11 16
11 15
10 15
10 16
10 15
10 16
11 16
10 16
11 16
10 16
11 16
10 16
10 15
10 16
11 16
12 16
12 15
12 16
12 17
12 16
12 17
12 16
13 16
14 16
13 16
12 16
13 16
13 15
14 15
14 16
13 16
12 16
12 15
12 16
11 16
10 16
11 16
12 16
11 16
11 15
10 15
10 14
10 13
11 13
11 14
11 15
11 16
11 15
12 15
13 15
12 15
11 15
12 15
11 15
10 15
11 15
12 15
11 15
11 16
10 16
11 16
10 16
10 17
11 17
10 17
10 16
9 16
9 17
10 17
10 16
10 17
10 18
9 18
9 17
8 17
8 18
7 18
7 17
7 16
7 15
7 16
8 16
7 16
7 15
8 15
9 15
9 16
8 16
9 16
9 15
10 15
10 16
11 16
11 17
12 17
13 17
14 17
15 17
14 17
14 18
13 18
13 19
14 19
15 19
15 20
15 19
15 20
15 21
16 21
16 22
17 22
16 22
15 22
16 22
16 23
16 22
17 22
16 22
16 21
15 21
14 21
13 21
13 20
14 20
14 19
14 18
13 18
13 19
14 19
15 19
15 18
14 18
13 18
14 18
13 18
14 18
15 18
16 18
15 18
14 18
13 18
13 19
12 19
12 20
12 21
11 21
12 21
11 21
11 22
11 23
11 24
12 24
12 23
13 23
13 22
13 23
12 23
13 23
14 23
14 22
15 22
15 23
16 23
16 22
15 22
15 21
15 22
15 23
15 22
15 23
15 24
15 23
15 22
14 22
15 22
15 21
15 20
15 21
16 21
16 22
16 23
16 22
16 23
15 23
15 24
14 24
14 25
14 26
13 26
12 26
12 27
12 26
12 25
12 24
13 24
12 24
11 24
11 25
11 26
11 27
12 27
12 26
12 27
12 28
12 27
11 27
11 28
11 29
11 28
11 27
10 27
9 27
10 27
10 26
10 27
9 27
9 28
9 29
8 29
8 30
9 30
10 30
10 29
10 28
10 29
11 29
11 28
12 28
13 28
12 28
13 28
13 27
12 27
11 27
11 28
11 27
12 27
13 27
13 28
14 28
14 27
14 28
13 28
13 27
12 27
13 27
13 26
12 26
13 26
13 25
12 25
11 25
12 25
13 25
12 25
13 25
13 24
12 24
13 24
13 25
12 25
11 25
11 24
12 24
12 23
13 23
14 23
13 23
14 23
14 22
15 22
15 21
15 20
15 19
16 19
17 19
18 19
18 18
18 19
19 19
19 20
18 20
18 19
19 19
18 19
19 19
18 19
19 19
19 20
19 21
19 22
19 23
19 22
20 22
21 22
20 22
20 21
20 20
19 20
20 20
19 20
19 21
18 21
18 22
17 22
16 22
17 22
17 21
16 21
17 21
17 22
17 21
17 22
18 22
18 23
18 22
18 23
18 22
19 22
18 22
17 22
17 21
17 22
17 23
18 23
18 24
18 25
18 24
17 24
16 24
17 24
18 24
18 25
18 26
18 25
17 25
17 26
16 26
17 26
17 27
17 28
17 29
18 29
18 28
18 29
17 29
16 29
15 29
15 28
14 28
13 28
12 28
13 28
14 28
13 28
13 29
12 29
12 30
13 30
13 31
12 31
13 31
13 30
13 29
14 29
13 29
14 29
15 29
16 29
17 29
18 29
19 29
19 30
18 30
18 31
18 30
19 30
18 30
18 31
17 31
17 30
16 30
17 30
18 30
17 30
16 30
16 31
17 31
16 31
16 30
16 31
16 30
16 31
16 30
15 30
16 30
16 31
17 31
18 31
18 30
18 31
18 32
17 32
16 32
15 32
15 33
14 33
14 34
15 34
15 35
15 36
15 37
15 38
14 38
15 38
15 37
15 38
14 38
14 39
13 39
13 38
13 37
13 38
13 39
13 38
13 37
12 37
11 37
11 38
10 38
9 38
9 37
9 38
8 38
8 37
7 37
7 36
7 37
7 38
8 38
9 38
9 37
10 37
9 37
9 36
9 37
9 38
9 37
9 38
9 37
8 37
8 38
8 37
7 37
8 37
8 38
7 38
