0 0
0 1
1 1
1 0
1 1
1 0
2 0
2 1
3 1
2 1
1 1
0 1
1 1
0 1
1 1
0 1
0 2
1 2
1 1
1 2
1 1
0 1
1 1
0 1
1 1
1 2
0 2
1 2
0 2
1 2
2 2
1 2
1 1
2 1
3 1
3 2
2 2
3 2
4 2
4 1
5 1
5 0
5 1
5 0
6 0
5 0
5 1
5 2
4 2
5 2
5 1
6 1
6 2
5 2
6 2
6 1
5 1
6 1
5 1
5 0
5 1
6 1
7 1
7 2
6 2
6 3
5 3
5 2
5 1
5 0
5 1
4 1
4 2
4 1
5 1
4 1
4 2
5 2
5 3
4 3
4 2
4 1
5 1
5 0
4 0
5 0
6 0
5 0
5 1
5 0
5 1
5 2
6 2
6 3
5 3
5 2
5 3
5 4
5 3
4 3
5 3
5 2
5 3
5 2
5 1
4 1
5 1
6 1
6 2
6 3
6 4
5 4
5 5
5 4
5 5
6 5
6 6
7 6
6 6
6 5
6 6
7 6
6 6
6 5
6 4
5 4
4 4
4 5
4 4
5 4
4 4
3 4
3 3
4 3
5 3
6 3
7 3
6 3
6 4
6 3
5 3
5 2
5 1
6 1
5 1
4 1
4 2
5 2
5 3
6 3
5 3
5 4
5 5
5 6
4 6
5 6
4 6
4 5
4 4
5 4
5 5
5 4
4 4
4 5
4 6
3 6
3 7
2 7
2 6
2 5
2 6
2 7
1 7
0 7
0 6
1 6
2 6
1 6
1 7
0 7
1 7
1 6
0 6
0 7
0 8
0 7
0 6
1 6
1 5
0 5
1 5
1 6
1 7
0 7
1 7
2 7
3 7
3 8
4 8
5 8
5 7
5 6
5 5
4 5
4 6
4 7
4 6
3 6
4 6
5 6
5 5
4 5
5 5
5 6
6 6
5 6
6 6
5 6
5 5
5 4
5 5
4 5
3 5
3 6
4 6
4 5
3 5
4 5
4 4
3 4
4 4
4 5
4 4
5 4
5 3
4 3
5 3
6 3
5 3
6 3
6 4
5 4
5 5
5 4
6 4
6 3
7 3
7 4
8 4
8 5
8 4
7 4
7 3
8 3
8 2
8 1
9 1
9 2
9 1
9 2
9 1
8 1
9 1
9 0
8 0
8 1
7 1
7 0
7 1
7 0
8 0
7 0
7 1
7 2
8 2
7 2
8 2
9 2
10 2
11 2
12 2
12 1
12 2
12 3
12 4
13 4
12 4
12 3
11 3
11 2
11 1
11 2
12 2
13 2
12 2
11 2
12 2
11 2
11 3
10 3
10 4
11 4
12 4
13 4
14 4
15 4
16 4
16 3
16 2
16 1
15 1
14 1
13 1
14 1
14 2
14 3
13 3
14 3
15 3
15 2
15 1
14 1
14 0
14 1
14 0
15 0
15 1
16 1
17 1
16 1
16 2
17 2
17 3
16 3
16 2
17 2
18 2
18 1
19 1
18 1
18 0
17 0
17 1
17 2
18 2
18 3
19 3
20 3
19 3
19 2
19 3
18 3
18 2
19 2
19 1
20 1
21 1
20 1
20 2
21 2
21 3
21 4
20 4
20 5
21 5
22 5
22 4
22 3
21 3
20 3
19 3
18 3
18 2
18 1
19 1
19 0
19 1
18 1
19 1
20 1
21 1
20 1
20 0
21 0
20 0
21 0
21 1
22 1
23 1
22 1
23 1
23 2
24 2
24 3
25 3
26 3
26 4
27 4
27 3
28 3
28 2
27 2
27 1
27 0
28 0
28 1
28 0
27 0
27 1
27 2
26 2
26 3
26 4
25 4
25 5
26 5
26 6
27 6
27 7
27 6
26 6
26 5
26 6
27 6
28 6
29 6
30 6
31 6
30 6
30 7
29 7
29 6
30 6
30 7
29 7
29 8
28 8
28 9
27 9
27 10
27 9
27 10
26 10
26 11
27 11
27 10
27 9
28 9
28 10
27 10
28 10
28 11
28 12
28 11
28 10
29 10
28 10
27 10
28 10
28 11
27 11
28 11
27 11
26 11
27 11
27 12
26 12
26 13
25 13
25 14
26 14
27 14
28 14
27 14
28 14
29 14
30 14
30 15
30 14
31 14
31 13
31 14
32 14
33 14
33 13
32 13
32 12
32 11
33 11
33 10
33 11
34 11
33 11
32 11
31 11
31 12
31 11
31 10
32 10
33 10
34 10
34 9
34 8
35 8
35 9
34 9
34 8
33 8
34 8
34 9
35 9
35 10
35 11
36 11
36 12
35 12
35 11
36 11
36 12
37 12
38 12
38 11
38 10
38 9
37 9
38 9
38 8
38 7
37 7
37 6
37 7
36 7
36 6
35 6
34 6
35 6
35 7
35 6
34 6
34 7
34 8
34 7
35 7
36 7
37 7
37 6
37 5
37 4
37 3
37 2
37 3
38 3
38 2
37 2
37 3
37 2
37 3
36 3
37 3
37 2
37 1
37 2
37 3
38 3
38 4
39 4
38 4
38 5
37 5
36 5
35 5
36 5
36 4
36 3
36 4
36 3
36 2
36 3
37 3
37 2
38 2
38 1
37 1
37 2
37 3
37 4
36 4
36 3
36 4
35 4
35 3
36 3
37 3
38 3
39 3
39 2
38 2
37 2
37 1
38 1
37 1
38 1
38 2
38 3
38 4
38 3
37 3
37 2
38 2
37 2
36 2
37 2
37 3
37 4
37 5
37 4
37 5
37 6
38 6
37 6
36 6
36 7
37 7
36 7
36 6
36 7
35 7
34 7
34 8
33 8
33 9
33 8
34 8
34 9
35 9
34 9
34 10
33 10
34 10
34 11
34 12
35 12
35 11
36 11
36 12
36 11
36 12
35 12
35 11
35 12
34 12
34 11
33 11
33 10
32 10
31 10
31 11
31 12
31 11
32 11
31 11
30 11
29 11
29 12
29 11
29 10
29 11
30 11
29 11
29 10
29 11
29 12
29 11
30 11
30 12
29 12
28 12
28 11
27 11
28 11
29 11
29 12
29 13
28 13
28 12
28 13
29 13
29 12
28 12
28 11
28 12
27 12
26 12
25 12
24 12
24 13
25 13
26 13
25 13
25 12
26 12
26 13
26 12
26 13
25 13
25 12
25 13
25 12
24 12
24 13
25 13
25 14
26 14
27 14
27 15
26 15
26 16
25 16
25 15
25 16
25 15
25 14
24 14
24 13
24 14
24 13
24 14
24 13
24 14
25 14
26 14
26 13
26 12
27 12
28 12
27 12
27 11
27 12
26 12
26 11
25 11
26 11
27 11
27 12
27 11
27 12
27 11
27 12
28 12
27 12
26 12
26 11
26 12
26 11
27 11
28 11
29 11
30 11
29 11
30 11
30 10
29 10
30 10
29 10
29 9
28 9
27 9
28 9
29 9
30 9
30 10
30 9
29 9
30 9
29 9
29 8
28 8
28 9
28 8
28 7
27 7
28 7
27 7
26 7
26 6
26 7
26 6
26 7
27 7
27 8
27 9
28 9
27 9
27 10
27 9
26 9
25 9
24 9
25 9
25 10
25 9
25 10
25 11
26 11
26 12
26 13
27 13
27 14
28 14
28 15
28 16
28 17
29 17
29 18
29 19
30 19
29 19
30 19
30 20
30 19
31 19
30 19
31 19
32 19
32 18
33 18
33 19
33 18
34 18
34 17
33 17
33 16
32 16
32 17
32 18
33 18
32 18
31 18
31 17
31 18
32 18
32 19
32 18
33 18
34 18
33 18
33 19
33 20
32 20
33 20
33 19
32 19
33 19
34 19
34 18
34 17
35 17
35 16
35 17
36 17
36 16
37 16
37 17
36 17
36 16
37 16
37 17
37 16
37 15
37 16
37 17
37 16
36 16
36 15
36 16
35 16
35 15
34 15
34 16
33 16
33 17
33 16
32 16
31 16
31 17
31 18
30 18
29 18
29 19
30 19
31 19
32 19
32 18
33 18
33 19
32 19
32 20
33 20
34 20
34 19
34 20
33 20
33 19
33 18
33 19
33 18
32 18
32 17
31 17
32 17
32 16
32 17
33 17
34 17
34 18
34 19
34 20
35 20
35 21
35 22
34 22
34 21
34 20
33 20
32 20
32 21
32 22
33 22
32 22
33 22
34 22
34 21
34 20
34 21
35 21
34 21
35 21
35 20
35 19
35 18
34 18
34 19
34 18
34 17
35 17
34 17
33 17
34 17
33 17
33 16
33 17
33 16
33 17
34 17
35 17
34 17
33 17
32 17
32 18
33 18
33 19
34 19
33 19
33 18
33 17
33 18
33 19
32 19
32 20
32 21
32 22
31 22
31 23
32 23
33 23
33 24
33 25
33 26
32 26
31 26
31 27
30 27
30 26
30 27
29 27
30 27
30 28
31 28
32 28
32 27
31 27
30 27
31 27
30 27
31 27
31 26
30 26
29 26
30 26
29 26
