0 0
1 0
2 0
2 1
1 1
1 0
2 0
3 0
3 1
2 1
3 1
3 0
2 0
2 1
3 1
3 2
3 1
2 1
2 0
1 0
0 0
1 0
1 1
0 1
0 0
1 0
1 1
1 2
1 1
1 2
2 2
3 2
2 2
3 2
4 2
5 2
5 3
5 2
6 2
5 2
4 2
4 1
5 1
6 1
5 1
6 1
5 1
4 1
3 1
3 0
3 1
2 1
2 0
1 0
1 1
2 1
2 2
2 3
2 2
2 1
2 0
2 1
3 1
2 1
2 0
2 1
3 1
4 1
4 2
5 2
5 1
4 1
4 0
3 0
3 1
2 1
3 1
2 1
3 1
3 2
4 2
4 1
4 0
4 1
4 2
4 3
3 3
3 4
2 4
3 4
2 4
1 4
0 4
0 3
1 3
2 3
2 4
2 3
2 2
2 3
1 3
1 2
1 1
2 1
2 2
2 1
3 1
2 1
2 2
1 2
2 2
3 2
2 2
2 1
3 1
2 1
3 1
2 1
2 0
2 1
3 1
2 1
3 1
3 0
3 1
3 2
3 3
3 4
3 5
3 4
2 4
2 5
3 5
2 5
3 5
4 5
5 5
4 5
4 4
4 3
3 3
3 4
3 5
2 5
3 5
3 6
4 6
4 5
4 6
4 5
5 5
4 5
4 6
3 6
2 6
3 6
3 7
3 6
3 5
3 6
3 5
3 6
2 6
1 6
1 5
2 5
1 5
2 5
2 6
2 7
2 6
1 6
1 5
0 5
0 6
0 5
0 6
1 6
1 5
1 4
0 4
1 4
2 4
2 3
2 4
1 4
1 3
0 3
0 4
0 3
1 3
2 3
2 2
2 1
3 1
3 2
3 1
3 0
3 1
2 1
2 2
2 1
3 1
4 1
4 2
5 2
5 3
4 3
5 3
5 4
5 3
4 3
5 3
4 3
3 3
3 4
3 5
4 5
4 4
5 4
5 5
6 5
5 5
6 5
6 6
6 7
5 7
6 7
6 8
7 8
8 8
9 8
9 7
9 6
10 6
11 6
12 6
12 7
12 6
12 7
11 7
12 7
12 8
11 8
12 8
13 8
13 7
12 7
11 7
11 6
11 5
10 5
9 5
9 4
10 4
11 4
10 4
10 3
11 3
11 2
11 3
10 3
10 2
10 3
9 3
9 2
9 3
8 3
7 3
7 4
8 4
8 5
9 5
9 6
10 6
10 5
9 5
10 5
9 5
9 6
9 7
9 6
9 5
9 4
8 4
7 4
7 5
8 5
7 5
7 6
8 6
9 6
9 7
10 7
10 8
10 7
10 6
10 7
11 7
11 8
12 8
13 8
13 9
13 8
12 8
13 8
14 8
15 8
15 9
15 8
16 8
15 8
14 8
15 8
15 7
14 7
14 8
15 8
15 9
14 9
14 10
14 11
13 11
14 11
15 11
15 12
15 13
16 13
15 13
15 14
16 14
16 13
15 13
15 12
16 12
17 12
18 12
18 11
17 11
17 12
18 12
19 12
20 12
20 13
20 14
20 13
20 14
20 13
20 14
20 15
19 15
19 14
19 13
19 14
20 14
20 13
21 13
21 12
22 12
22 11
22 12
21 12
20 12
21 12
21 13
22 13
23 13
22 13
23 13
23 12
24 12
23 12
23 13
22 13
22 14
22 15
23 15
23 16
22 16
21 16
21 15
20 15
20 16
20 17
20 16
19 16
19 17
18 17
18 18
19 18
18 18
18 17
18 16
18 17
19 17
19 18
18 18
18 17
17 17
17 18
17 17
17 16
16 16
16 17
16 18
17 18
17 19
18 19
18 20
19 20
19 21
20 21
20 22
19 22
20 22
19 22
18 22
19 22
20 22
19 22
19 23
20 23
19 23
19 22
18 22
19 22
19 21
18 21
17 21
16 21
16 20
16 19
17 19
17 20
18 20
19 20
19 21
19 20
20 20
21 20
20 20
19 20
19 19
19 18
20 18
20 17
20 16
19 16
19 17
19 18
19 17
19 18
19 17
20 17
20 18
20 19
21 19
20 19
20 20
20 19
19 19
19 20
19 21
19 22
20 22
19 22
19 23
18 23
18 24
18 25
19 25
20 25
19 25
20 25
19 25
20 25
20 26
21 26
22 26
23 26
22 26
21 26
20 26
20 25
19 25
19 24
19 23
19 22
19 23
20 23
21 23
21 24
20 24
21 24
21 23
21 24
21 23
21 22
21 21
21 22
20 22
19 22
20 22
20 21
20 20
20 21
21 21
20 21
19 21
19 22
19 23
19 24
19 25
20 25
20 24
21 24
21 25
22 25
22 26
23 26
24 26
24 25
25 25
25 26
24 26
25 26
25 25
24 25
25 25
26 25
26 24
25 24
25 25
24 25
24 26
25 26
25 25
25 26
24 26
24 27
23 27
23 26
23 27
23 26
24 26
23 26
22 26
22 27
22 28
23 28
23 29
22 29
21 29
21 30
21 29
20 29
20 30
21 30
20 30
21 30
22 30
22 31
21 31
21 30
21 31
21 30
20 30
19 30
19 29
18 29
19 29
19 30
19 29
19 30
20 30
20 29
20 30
19 30
19 31
18 31
17 31
18 31
18 32
19 32
19 33
19 32
19 33
18 33
19 33
19 34
19 33
18 33
18 34
17 34
17 33
18 33
19 33
19 34
20 34
20 35
20 34
20 33
19 33
19 34
18 34
17 34
18 34
17 34
16 34
15 34
16 34
16 35
17 35
16 35
15 35
16 35
15 35
15 34
15 33
14 33
14 34
14 35
14 36
15 36
14 36
14 35
14 36
13 36
13 35
13 36
14 36
14 35
13 35
14 35
13 35
13 36
13 37
12 37
11 37
12 37
13 37
13 36
13 35
13 36
12 36
11 36
11 35
12 35
13 35
13 36
13 37
14 37
14 36
15 36
14 36
13 36
13 37
14 37
13 37
12 37
12 36
13 36
13 35
13 34
14 34
15 34
16 34
17 34
18 34
17 34
16 34
16 35
15 35
16 35
17 35
17 36
18 36
18 37
17 37
17 38
17 39
16 39
16 40
17 40
17 41
17 40
16 40
15 40
16 40
16 41
16 40
15 40
16 40
15 40
15 41
15 40
14 40
15 40
15 39
16 39
15 39
15 40
15 39
15 40
15 41
15 40
15 39
14 39
14 40
15 40
15 41
14 41
15 41
15 40
16 40
16 39
16 40
17 40
17 39
17 40
16 40
17 40
16 40
15 40
15 39
16 39
16 38
15 38
16 38
16 37
17 37
17 38
18 38
17 38
17 37
16 37
16 36
16 35
16 34
16 35
16 36
16 37
16 38
16 39
16 38
16 37
16 36
15 36
14 36
14 35
13 35
13 36
13 37
14 37
13 37
12 37
12 36
12 35
13 35
13 36
13 37
13 38
13 39
13 38
14 38
15 38
14 38
13 38
13 37
13 36
13 37
12 37
12 36
11 36
11 37
12 37
12 36
12 37
12 36
11 36
11 35
11 36
10 36
11 36
11 35
10 35
11 35
12 35
12 34
12 35
12 34
12 35
12 36
11 36
12 36
11 36
10 36
11 36
11 37
12 37
12 38
11 38
10 38
10 37
10 36
10 35
9 35
9 34
10 34
10 35
9 35
10 35
11 35
12 35
13 35
12 35
12 36
12 37
12 36
11 36
10 36
11 36
11 35
11 34
10 34
11 34
10 34
10 33
10 34
10 35
10 34
11 34
11 33
11 32
11 31
12 31
12 32
11 32
11 31
12 31
13 31
14 31
14 32
15 32
16 32
16 31
17 31
17 32
18 32
17 32
16 32
17 32
16 32
15 32
15 33
15 32
15 33
14 33
14 34
15 34
14 34
13 34
14 34
13 34
13 35
13 36
12 36
12 35
12 36
12 35
11 35
11 34
12 34
11 34
10 34
9 34
8 34
8 35
7 35
7 34
8 34
9 34
9 33
9 34
8 34
7 34
7 33
8 33
8 32
9 32
8 32
9 32
9 33
8 33
9 33
8 33
8 34
8 33
8 34
8 33
7 33
7 32
6 32
6 33
7 33
7 32
6 32
6 31
6 30
6 31
6 30
6 29
6 30
6 29
6 28
6 29
6 30
6 29
6 28
5 28
6 28
6 29
6 28
6 27
7 27
8 27
7 27
7 26
8 26
8 25
7 25
7 26
6 26
6 25
5 25
6 25
7 25
7 24
7 23
8 23
8 24
8 23
7 23
6 23
6 22
5 22
5 21
5 20
6 20
7 20
8 20
7 20
7 19
8 19
9 19
9 18
9 19
9 20
9 21
10 21
10 22
9 22
8 22
7 22
8 22
8 23
8 24
9 24
9 23
9 24
10 24
10 23
9 23
8 23
8 22
9 22
8 22
8 23
8 24
8 23
7 23
7 22
7 23
7 22
8 22
7 22
8 22
9 22
9 23
8 23
8 22
9 22
9 21
10 21
11 21
12 21
12 20
13 20
13 19
14 19
