0 0
1 0
2 0
3 0
3 1
3 2
3 3
3 4
3 3
3 4
3 5
3 6
4 6
5 6
5 7
5 6
6 6
7 6
6 6
7 6
7 7
6 7
5 7
6 7
5 7
5 8
4 8
5 8
6 8
6 9
7 9
7 10
8 10
8 11
9 11
9 12
9 11
8 11
8 12
7 12
7 13
8 13
7 13
6 13
7 13
7 12
8 12
7 12
8 12
7 12
7 11
7 10
6 10
7 10
7 11
7 12
7 13
7 14
7 13
7 14
7 13
7 14
7 13
7 12
7 13
7 14
7 15
7 16
6 16
7 16
7 15
7 16
7 15
8 15
8 16
9 16
8 16
8 15
9 15
10 15
10 16
10 15
11 15
10 15
10 16
10 15
9 15
8 15
8 14
9 14
9 13
9 14
9 13
9 14
9 15
9 16
10 16
9 16
9 15
8 15
8 16
7 16
6 16
6 15
6 16
7 16
8 16
9 16
10 16
11 16
12 16
11 16
11 15
12 15
12 14
12 15
12 16
13 16
14 16
13 16
13 15
13 16
13 15
13 14
12 14
12 15
12 16
11 16
11 17
11 18
12 18
11 18
11 17
12 17
11 17
10 17
9 17
8 17
8 16
9 16
9 17
9 16
9 17
9 16
10 16
9 16
8 16
7 16
7 17
8 17
7 17
7 18
7 17
7 16
7 17
6 17
6 16
5 16
5 17
4 17
4 16
4 17
4 16
4 15
4 14
4 13
4 14
5 14
6 14
6 13
6 14
7 14
7 15
7 16
7 15
7 16
8 16
8 17
8 16
8 17
8 16
7 16
7 17
8 17
9 17
9 16
8 16
8 15
8 14
8 13
9 13
8 13
8 14
9 14
9 15
9 16
8 16
9 16
9 17
9 18
10 18
11 18
11 19
12 19
13 19
14 19
13 19
14 19
15 19
15 20
15 19
15 20
15 19
14 19
14 20
14 19
14 18
15 18
15 17
15 16
15 15
14 15
13 15
13 14
13 13
13 12
13 13
13 14
14 14
14 13
14 12
14 13
14 14
13 14
13 13
12 13
13 13
12 13
12 12
12 11
12 12
11 12
10 12
10 13
9 13
8 13
7 13
8 13
7 13
8 13
8 12
9 12
8 12
8 13
7 13
7 14
7 15
8 15
8 14
7 14
7 13
7 14
8 14
8 13
8 12
8 11
8 10
8 9
7 9
7 8
7 9
8 9
8 10
9 10
9 9
10 9
11 9
12 9
12 10
11 10
12 10
12 9
12 8
11 8
12 8
12 9
13 9
14 9
14 8
14 9
14 8
13 8
13 9
13 8
12 8
12 9
11 9
12 9
13 9
13 8
12 8
12 9
12 8
13 8
12 8
12 9
13 9
13 10
13 11
14 11
14 10
13 10
14 10
15 10
15 11
16 11
16 12
16 11
17 11
17 12
16 12
16 13
17 13
16 13
16 14
15 14
16 14
16 13
17 13
16 13
16 14
16 13
17 13
18 13
18 12
18 11
18 12
17 12
17 13
17 14
16 14
16 13
16 12
16 11
16 12
16 13
16 14
17 14
18 14
19 14
19 15
19 14
19 15
19 14
19 13
19 14
19 13
20 13
21 13
21 14
21 13
21 12
21 13
20 13
20 14
21 14
20 14
21 14
21 15
21 16
21 15
21 14
21 13
22 13
22 14
22 13
22 14
23 14
24 14
23 14
23 13
22 13
22 14
23 14
22 14
21 14
21 13
21 14
22 14
22 15
22 14
22 13
23 13
24 13
23 13
23 14
22 14
23 14
22 14
22 13
21 13
21 14
22 14
23 14
23 13
23 12
23 11
22 11
22 12
21 12
22 12
23 12
24 12
25 12
25 13
26 13
25 13
24 13
24 14
24 15
25 15
25 14
25 13
26 13
26 12
27 12
27 11
27 10
26 10
25 10
24 10
24 11
25 11
25 10
26 10
25 10
25 11
25 10
26 10
26 9
27 9
28 9
28 10
28 11
27 11
27 12
27 13
26 13
26 14
25 14
26 14
27 14
28 14
27 14
27 13
26 13
26 14
26 13
26 14
25 14
25 13
26 13
26 12
26 13
26 12
26 11
26 12
27 12
27 11
27 12
28 12
29 12
29 13
29 14
30 14
30 15
31 15
32 15
32 16
32 17
32 16
32 15
33 15
34 15
34 14
33 14
32 14
33 14
32 14
31 14
31 15
32 15
33 15
34 15
34 14
35 14
36 14
36 15
36 14
37 14
37 15
37 14
36 14
36 13
37 13
37 14
38 14
38 15
38 16
39 16
38 16
38 17
39 17
38 17
39 17
38 17
37 17
37 16
36 16
36 15
36 14
36 15
35 15
35 14
35 13
35 14
35 15
35 14
35 13
34 13
34 12
35 12
35 13
35 14
34 14
34 15
34 14
34 13
33 13
33 14
32 14
33 14
34 14
35 14
35 15
34 15
34 16
34 15
34 16
34 15
34 16
34 15
34 16
34 15
33 15
33 14
33 13
34 13
34 12
35 12
35 11
35 10
35 9
35 8
35 9
35 10
36 10
35 10
35 11
35 10
36 10
37 10
38 10
39 10
39 11
39 10
39 9
38 9
37 9
38 9
38 8
39 8
40 8
40 7
39 7
40 7
41 7
41 6
40 6
40 5
39 5
39 6
38 6
38 5
38 4
39 4
39 3
39 2
39 1
40 1
40 2
41 2
42 2
41 2
41 1
41 2
41 3
41 2
41 1
40 1
39 1
39 0
39 1
38 1
38 0
37 0
36 0
36 1
35 1
35 2
36 2
35 2
34 2
34 1
35 1
35 0
35 1
35 0
35 1
35 2
35 3
35 4
35 5
36 5
36 4
35 4
34 4
34 3
33 3
34 3
34 2
33 2
33 3
34 3
33 3
34 3
34 2
33 2
32 2
33 2
33 3
33 4
33 3
32 3
32 4
32 3
31 3
31 2
31 3
31 4
30 4
30 5
30 6
29 6
30 6
29 6
28 6
27 6
28 6
28 7
27 7
27 6
28 6
28 7
29 7
30 7
29 7
30 7
30 8
31 8
31 9
31 8
31 9
31 8
30 8
30 9
31 9
32 9
33 9
32 9
32 10
32 11
31 11
31 12
30 12
31 12
32 12
31 12
30 12
30 13
30 12
31 12
31 11
31 10
31 9
32 9
32 8
31 8
31 9
32 9
31 9
31 8
31 7
32 7
32 8
32 9
32 8
31 8
32 8
32 9
32 10
31 10
32 10
32 11
32 10
31 10
31 11
31 10
30 10
30 9
30 8
30 9
31 9
31 8
30 8
30 7
31 7
31 6
31 7
31 8
32 8
32 9
31 9
30 9
30 8
31 8
32 8
32 7
32 6
31 6
32 6
32 5
33 5
33 4
33 5
32 5
32 6
32 7
33 7
33 8
34 8
33 8
33 7
33 8
33 9
33 8
33 7
33 6
33 7
32 7
31 7
31 8
32 8
32 9
33 9
33 8
32 8
33 8
32 8
31 8
31 7
32 7
32 6
32 7
32 6
32 5
31 5
30 5
30 6
31 6
31 7
32 7
31 7
31 8
31 7
32 7
32 8
32 7
32 6
33 6
33 7
34 7
34 8
35 8
35 7
36 7
37 7
37 8
36 8
36 7
37 7
36 7
36 6
35 6
35 5
36 5
37 5
37 4
37 3
36 3
35 3
34 3
34 2
34 3
35 3
35 4
34 4
34 5
34 6
33 6
34 6
35 6
35 5
35 4
35 5
36 5
36 4
37 4
37 5
38 5
39 5
39 4
38 4
38 3
38 2
38 3
38 4
38 3
39 3
39 4
39 3
39 4
40 4
40 3
41 3
40 3
40 4
41 4
42 4
41 4
40 4
39 4
38 4
37 4
37 5
38 5
38 6
38 5
38 6
38 7
38 6
38 7
37 7
36 7
35 7
35 6
35 5
35 6
35 5
35 6
35 5
36 5
37 5
37 4
37 5
37 6
37 7
37 8
38 8
37 8
36 8
37 8
37 9
38 9
37 9
37 8
38 8
37 8
37 7
37 8
37 7
37 6
37 7
36 7
35 7
35 8
34 8
34 7
34 8
35 8
35 9
34 9
34 8
34 7
33 7
34 7
33 7
33 6
33 5
32 5
31 5
30 5
30 4
30 5
29 5
29 4
28 4
29 4
29 5
29 6
29 7
29 6
28 6
29 6
28 6
27 6
26 6
27 6
26 6
26 5
26 6
26 7
26 6
26 7
26 8
27 8
26 8
26 9
26 10
26 9
27 9
27 8
27 7
28 7
28 6
27 6
27 5
28 5
28 4
28 3
28 2
29 2
30 2
29 2
29 3
28 3
29 3
30 3
30 4
29 4
28 4
28 5
29 5
29 4
28 4
28 3
29 3
29 2
29 1
29 0
28 0
29 0
28 0
28 1
28 2
28 1
27 1
28 1
28 0
28 1
29 1
30 1
30 2
31 2
32 2
31 2
31 3
31 4
31 5
31 4
