0 0
1 0
0 0
1 0
1 1
1 2
2 2
2 3
1 3
0 3
0 4
1 4
2 4
1 4
2 4
2 5
3 5
3 4
4 4
5 4
4 4
3 4
3 3
4 3
4 4
4 5
4 4
3 4
3 5
3 4
2 4
3 4
4 4
4 3
4 2
4 3
4 4
4 3
3 3
4 3
3 3
3 4
3 3
2 3
2 4
1 4
2 4
2 3
3 3
3 2
3 1
4 1
4 2
4 3
4 4
4 5
4 4
3 4
2 4
2 3
2 2
3 2
4 2
5 2
5 1
4 1
5 1
6 1
6 2
6 3
5 3
5 2
5 1
5 0
5 1
4 1
4 2
4 3
5 3
5 4
6 4
7 4
6 4
5 4
5 5
6 5
6 6
6 5
5 5
6 5
6 4
6 5
6 4
7 4
6 4
6 3
7 3
8 3
8 4
8 3
8 2
8 3
9 3
10 3
9 3
8 3
8 2
8 3
7 3
7 2
6 2
5 2
6 2
7 2
7 3
7 2
8 2
8 3
7 3
7 2
7 3
7 4
7 5
8 5
9 5
10 5
10 4
10 5
9 5
9 4
9 3
10 3
10 2
9 2
9 1
9 0
10 0
9 0
8 0
8 1
8 0
8 1
8 0
8 1
9 1
10 1
9 1
10 1
11 1
10 1
10 2
10 1
11 1
12 1
11 1
12 1
12 0
11 0
10 0
10 1
11 1
11 2
11 3
11 4
10 4
9 4
9 5
10 5
10 6
10 7
9 7
10 7
11 7
11 8
11 9
12 9
12 10
11 10
12 10
13 10
13 11
14 11
13 11
12 11
11 11
11 12
10 12
9 12
8 12
9 12
8 12
9 12
10 12
9 12
8 12
8 11
8 12
7 12
7 11
7 12
8 12
8 13
9 13
9 12
8 12
8 13
7 13
7 12
6 12
7 12
7 11
8 11
8 10
8 11
8 10
8 11
9 11
9 12
9 13
9 14
8 14
9 14
8 14
7 14
8 14
9 14
8 14
8 13
9 13
9 12
9 11
9 10
9 11
9 10
10 10
11 10
12 10
12 9
12 10
11 10
12 10
12 9
12 8
12 7
13 7
12 7
13 7
14 7
13 7
12 7
12 8
12 7
12 8
11 8
11 7
11 8
12 8
13 8
12 8
12 9
12 10
13 10
12 10
12 9
13 9
12 9
11 9
11 10
10 10
10 9
10 10
11 10
11 9
12 9
12 10
12 9
12 8
13 8
13 7
13 6
12 6
12 5
12 6
12 7
12 8
11 8
12 8
12 9
12 8
13 8
12 8
11 8
12 8
11 8
11 7
11 6
11 7
11 6
12 6
11 6
11 7
12 7
13 7
12 7
13 7
13 6
13 5
13 4
13 3
13 2
13 3
12 3
13 3
13 4
14 4
14 5
13 5
13 6
14 6
14 7
14 8
14 9
14 10
15 10
14 10
13 10
14 10
14 11
15 11
14 11
15 11
16 11
16 12
16 11
17 11
16 11
16 12
17 12
18 12
18 11
19 11
19 12
20 12
20 13
20 12
21 12
21 13
21 12
22 12
22 13
23 13
23 12
23 11
24 11
24 10
24 11
24 12
24 13
24 12
23 12
23 11
23 12
24 12
25 12
26 12
25 12
26 12
26 13
27 13
26 13
26 14
26 15
26 16
26 15
26 16
26 15
26 16
25 16
26 16
27 16
27 15
27 16
28 16
29 16
29 17
30 17
31 17
32 17
32 16
32 17
33 17
33 18
34 18
35 18
35 19
35 18
34 18
35 18
35 19
36 19
35 19
35 18
36 18
36 17
35 17
35 18
34 18
35 18
35 17
34 17
34 18
33 18
32 18
31 18
30 18
31 18
31 17
31 16
31 15
31 16
31 15
31 16
30 16
31 16
31 15
31 16
31 17
31 16
32 16
31 16
31 15
31 14
32 14
31 14
32 14
31 14
31 15
30 15
31 15
31 14
30 14
29 14
28 14
27 14
27 13
27 14
27 15
26 15
26 16
25 16
25 17
25 16
25 17
25 16
25 15
24 15
23 15
22 15
22 14
22 15
22 14
22 13
22 14
22 15
22 16
22 15
21 15
21 14
21 13
21 12
21 13
20 13
21 13
20 13
20 12
20 11
20 12
20 13
19 13
19 14
20 14
20 13
21 13
21 12
22 12
22 11
22 12
23 12
23 11
23 12
22 12
23 12
24 12
24 13
23 13
23 12
23 13
23 14
23 15
23 14
23 15
24 15
24 14
24 13
24 14
24 15
24 16
24 15
24 14
23 14
24 14
24 13
25 13
25 12
26 12
25 12
25 11
24 11
24 10
23 10
22 10
23 10
24 10
24 11
25 11
26 11
26 12
27 12
28 12
28 13
28 12
28 13
27 13
26 13
27 13
26 13
27 13
27 12
27 13
27 12
26 12
25 12
24 12
24 11
24 12
24 11
24 12
24 11
24 12
24 13
23 13
23 14
23 13
23 14
22 14
22 15
21 15
22 15
23 15
22 15
22 16
22 17
22 16
21 16
21 17
21 16
22 16
22 15
22 14
21 14
22 14
22 13
22 14
22 15
23 15
24 15
24 14
24 15
23 15
23 16
23 15
23 16
23 17
22 17
23 17
22 17
22 18
22 17
21 17
21 18
22 18
23 18
22 18
21 18
21 17
22 17
22 18
23 18
23 19
23 18
22 18
21 18
21 19
20 19
19 19
19 18
19 19
19 20
19 21
19 22
19 23
20 23
21 23
20 23
21 23
20 23
20 24
21 24
20 24
20 25
20 26
20 27
19 27
18 27
18 28
18 29
18 30
18 31
19 31
19 30
18 30
19 30
18 30
18 29
19 29
19 30
19 29
20 29
21 29
21 28
22 28
23 28
23 29
23 30
24 30
25 30
24 30
24 31
24 32
23 32
24 32
24 33
25 33
25 34
25 33
25 32
25 33
25 32
24 32
24 33
23 33
23 34
24 34
23 34
22 34
23 34
23 35
23 34
22 34
22 35
23 35
24 35
24 36
25 36
25 35
25 34
25 35
24 35
25 35
26 35
27 35
26 35
25 35
26 35
26 34
26 35
27 35
26 35
25 35
25 36
25 35
25 36
25 37
26 37
26 36
26 37
26 36
25 36
25 37
24 37
25 37
25 38
25 39
26 39
25 39
24 39
25 39
26 39
26 38
27 38
28 38
29 38
29 37
28 37
28 38
28 37
28 36
27 36
27 35
26 35
25 35
25 34
24 34
24 35
24 36
24 37
24 36
24 37
25 37
26 37
26 36
26 35
27 35
28 35
29 35
30 35
30 36
30 35
30 34
31 34
31 33
30 33
31 33
30 33
29 33
30 33
29 33
29 32
30 32
31 32
31 33
32 33
31 33
32 33
33 33
33 34
34 34
33 34
34 34
34 35
35 35
34 35
34 36
34 35
33 35
34 35
34 36
34 37
35 37
35 38
35 39
36 39
37 39
37 38
37 37
37 38
37 37
37 36
37 35
38 35
38 36
38 35
38 34
38 33
37 33
36 33
36 34
36 33
37 33
37 32
38 32
38 33
39 33
38 33
37 33
38 33
38 32
39 32
40 32
40 33
40 32
40 31
40 30
41 30
41 29
41 28
42 28
42 29
41 29
40 29
40 30
41 30
42 30
42 31
41 31
41 30
40 30
41 30
41 29
41 30
40 30
40 29
41 29
41 30
42 30
42 29
42 30
43 30
42 30
42 29
42 28
42 29
41 29
42 29
41 29
41 30
42 30
42 31
42 30
42 29
43 29
43 28
43 29
43 28
42 28
42 29
41 29
41 30
42 30
42 29
42 30
42 29
42 30
43 30
44 30
44 31
44 32
44 31
44 30
43 30
44 30
44 31
44 30
43 30
43 29
43 30
43 29
44 29
44 30
44 29
44 28
43 28
44 28
45 28
44 28
45 28
46 28
46 27
47 27
48 27
48 28
48 27
47 27
46 27
46 26
45 26
45 25
46 25
46 24
46 23
47 23
48 23
48 22
47 22
48 22
49 22
49 23
48 23
47 23
47 22
47 23
47 22
47 23
48 23
49 23
48 23
47 23
47 22
47 21
47 20
47 21
48 21
49 21
48 21
48 22
47 22
48 22
49 22
49 21
48 21
49 21
48 21
48 20
47 20
48 20
47 20
47 19
47 18
47 19
46 19
46 18
45 18
45 19
46 19
47 19
46 19
45 19
46 19
47 19
46 19
45 19
46 19
47 19
46 19
47 19
47 18
48 18
48 19
49 19
50 19
50 18
49 18
49 19
49 20
49 21
49 22
49 23
50 23
51 23
52 23
52 22
53 22
53 23
53 24
53 23
54 23
55 23
54 23
54 24
54 23
53 23
53 24
53 25
53 24
52 24
52 23
52 22
52 21
52 20
53 20
54 20
55 20
55 19
54 19
53 19
54 19
53 19
54 19
54 20
54 19
54 18
54 17
53 17
53 18
52 18
53 18
52 18
52 19
51 19
51 18
