0 0
0 1
1 1
1 2
1 3
1 4
1 3
2 3
2 4
3 4
4 4
3 4
2 4
2 3
1 3
1 2
2 2
2 1
2 0
2 1
2 0
2 1
3 1
3 2
3 3
2 3
1 3
2 3
3 3
2 3
1 3
1 4
1 5
1 6
1 5
1 4
0 4
1 4
0 4
1 4
2 4
3 4
3 5
3 4
3 5
3 6
4 6
3 6
3 7
3 6
4 6
4 7
4 6
4 7
4 8
4 7
4 6
4 7
5 7
4 7
4 6
3 6
3 5
2 5
3 5
3 6
3 5
3 6
3 5
3 4
3 5
2 5
2 4
1 4
0 4
1 4
2 4
2 5
1 5
0 5
0 6
0 5
0 6
1 6
1 7
2 7
1 7
0 7
0 8
1 8
1 9
1 8
1 7
2 7
2 6
2 7
2 8
2 7
2 8
3 8
2 8
3 8
3 7
2 7
2 8
3 8
2 8
3 8
4 8
3 8
2 8
2 9
3 9
3 8
4 8
4 7
3 7
2 7
2 8
2 7
3 7
4 7
4 8
3 8
3 9
3 8
3 9
3 10
4 10
4 9
4 10
4 9
3 9
3 10
4 10
3 10
3 11
3 10
3 9
2 9
2 8
3 8
4 8
4 9
4 10
4 9
4 10
5 10
4 10
4 9
3 9
3 10
2 10
1 10
1 11
2 11
3 11
4 11
4 12
4 13
3 13
4 13
5 13
6 13
7 13
8 13
7 13
7 14
6 14
5 14
6 14
6 13
6 14
7 14
7 15
8 15
9 15
10 15
10 16
9 16
8 16
8 17
8 16
7 16
7 15
7 14
7 13
8 13
9 13
9 12
8 12
9 12
10 12
10 13
10 14
10 13
10 12
11 12
11 11
10 11
10 10
10 9
11 9
11 8
11 7
11 8
12 8
13 8
13 7
14 7
14 8
13 8
13 7
13 6
13 5
13 4
12 4
13 4
14 4
14 3
14 2
15 2
14 2
15 2
14 2
14 1
15 1
16 1
16 0
16 1
16 0
16 1
16 0
16 1
15 1
16 1
15 1
15 2
15 3
15 2
15 1
15 2
16 2
16 1
16 0
17 0
18 0
18 1
19 1
18 1
19 1
19 0
19 1
18 1
18 2
18 1
18 0
19 0
20 0
20 1
21 1
21 0
22 0
22 1
23 1
22 1
23 1
24 1
23 1
23 0
23 1
23 2
22 2
23 2
23 1
22 1
21 1
21 0
21 1
21 2
22 2
22 1
22 2
22 1
22 0
23 0
23 1
22 1
21 1
21 0
20 0
21 0
22 0
21 0
20 0
20 1
21 1
22 1
21 1
21 0
21 1
22 1
21 1
20 1
20 0
19 0
19 1
18 1
18 2
18 1
18 2
17 2
18 2
18 3
18 4
18 3
19 3
19 2
19 3
19 2
18 2
18 1
19 1
19 0
20 0
20 1
19 1
19 2
18 2
17 2
17 3
17 4
16 4
16 5
16 6
17 6
18 6
18 5
18 4
18 5
18 6
18 5
18 4
19 4
19 3
19 4
19 5
20 5
21 5
21 6
21 5
21 6
21 5
21 6
21 7
21 8
21 9
21 10
22 10
22 11
23 11
23 12
23 13
23 12
22 12
21 12
20 12
19 12
20 12
19 12
18 12
19 12
19 11
18 11
17 11
17 12
16 12
17 12
17 11
18 11
17 11
17 10
17 11
17 12
16 12
17 12
17 11
17 10
18 10
18 9
17 9
17 10
17 11
17 12
17 11
17 12
17 13
17 14
17 13
16 13
16 12
16 13
16 12
16 11
16 10
16 11
17 11
17 10
17 11
17 10
17 9
17 10
17 11
16 11
16 10
16 11
16 12
17 12
17 13
17 14
17 13
18 13
18 12
17 12
17 13
16 13
17 13
18 13
19 13
19 14
18 14
17 14
17 15
17 14
17 15
16 15
15 15
15 14
15 13
15 12
15 11
15 10
15 11
15 10
16 10
17 10
18 10
19 10
19 11
19 10
19 9
19 8
18 8
17 8
16 8
16 7
16 6
16 7
17 7
17 6
18 6
17 6
18 6
18 7
17 7
18 7
19 7
19 6
19 7
20 7
19 7
20 7
19 7
19 8
19 7
19 8
19 7
19 6
19 5
20 5
20 4
19 4
19 3
19 4
19 3
18 3
18 2
19 2
18 2
18 3
18 4
18 3
19 3
19 4
19 5
19 6
19 7
19 8
20 8
20 7
19 7
19 6
19 5
18 5
17 5
18 5
18 4
17 4
17 3
16 3
16 4
16 3
17 3
18 3
17 3
17 2
17 1
18 1
18 2
17 2
17 3
18 3
18 2
18 1
18 0
19 0
19 1
19 2
19 3
18 3
18 4
18 3
17 3
18 3
19 3
19 4
19 5
19 4
20 4
20 5
20 6
19 6
19 5
18 5
17 5
17 6
17 7
16 7
16 8
16 9
16 10
15 10
16 10
16 11
15 11
15 12
15 13
15 14
16 14
15 14
15 13
16 13
17 13
17 14
18 14
17 14
17 15
17 16
16 16
15 16
15 17
15 16
15 15
16 15
16 14
17 14
18 14
18 15
17 15
18 15
18 14
18 15
18 16
19 16
18 16
18 15
17 15
17 14
17 13
17 12
18 12
18 13
17 13
16 13
16 14
15 14
14 14
14 15
14 16
14 17
13 17
13 16
14 16
14 17
13 17
13 18
13 19
14 19
14 18
13 18
13 17
12 17
12 18
12 17
12 18
12 19
11 19
11 20
11 19
10 19
11 19
10 19
11 19
11 20
10 20
10 19
9 19
9 20
8 20
8 19
8 20
8 21
8 22
9 22
10 22
10 23
10 22
10 21
10 22
11 22
12 22
13 22
13 21
13 22
14 22
13 22
13 23
13 24
14 24
14 25
14 26
14 27
14 28
13 28
13 29
14 29
14 30
15 30
15 29
15 30
15 29
15 30
15 29
15 28
16 28
16 27
17 27
16 27
16 26
15 26
14 26
15 26
14 26
14 25
13 25
12 25
11 25
10 25
10 26
10 27
11 27
10 27
10 28
10 27
11 27
11 26
11 27
12 27
12 28
12 29
11 29
11 30
10 30
9 30
8 30
8 29
7 29
6 29
6 30
5 30
5 31
4 31
3 31
4 31
4 32
3 32
3 33
3 32
4 32
4 33
3 33
4 33
4 32
3 32
2 32
2 31
2 32
1 32
1 33
0 33
0 34
0 35
1 35
1 36
1 37
2 37
2 36
1 36
2 36
3 36
4 36
5 36
5 37
4 37
3 37
3 38
4 38
4 39
5 39
6 39
5 39
4 39
3 39
4 39
4 38
4 39
4 38
4 39
5 39
6 39
6 40
7 40
7 41
7 42
7 43
7 42
7 43
6 43
6 44
6 43
7 43
7 42
6 42
6 41
7 41
8 41
8 40
7 40
7 39
7 40
7 41
8 41
8 40
8 41
8 40
8 41
9 41
9 42
10 42
10 41
9 41
9 42
10 42
10 43
10 42
10 43
11 43
11 42
12 42
13 42
14 42
14 43
14 44
13 44
13 45
14 45
13 45
13 44
13 45
14 45
14 44
15 44
16 44
16 43
17 43
17 42
17 41
16 41
15 41
14 41
14 42
14 41
14 40
14 41
14 42
14 43
13 43
13 44
13 43
13 42
12 42
11 42
12 42
11 42
11 41
11 42
11 41
10 41
10 42
10 41
10 42
10 43
11 43
11 44
11 43
12 43
12 42
12 41
12 42
13 42
13 43
13 44
14 44
14 43
14 44
15 44
14 44
14 43
14 42
13 42
12 42
12 43
13 43
13 42
13 41
14 41
14 42
14 41
14 40
15 40
14 40
14 41
15 41
14 41
15 41
15 40
14 40
14 41
13 41
13 40
13 41
12 41
12 40
13 40
12 40
12 39
13 39
14 39
14 38
14 39
13 39
13 38
14 38
13 38
12 38
12 37
11 37
12 37
12 38
11 38
11 37
11 36
10 36
10 35
10 34
10 35
9 35
9 34
9 33
9 32
9 31
10 31
10 32
10 31
9 31
9 32
9 33
9 32
10 32
10 33
10 32
9 32
10 32
11 32
11 31
10 31
10 30
11 30
10 30
9 30
9 31
10 31
9 31
9 32
8 32
8 33
9 33
9 32
9 33
10 33
11 33
11 32
10 32
11 32
11 31
11 30
10 30
10 31
10 30
9 30
9 29
10 29
10 28
10 29
10 28
10 29
9 29
10 29
10 28
10 29
11 29
10 29
11 29
12 29
13 29
13 28
13 29
14 29
14 28
13 28
13 29
13 28
12 28
11 28
10 28
9 28
8 28
8 27
8 28
9 28
8 28
7 28
7 29
7 30
8 30
9 30
8 30
9 30
9 31
9 30
10 30
10 31
11 31
11 30
12 30
11 30
11 31
12 31
13 31
13 32
14 32
14 33
14 34
14 35
14 34
13 34
14 34
14 35
15 35
15 34
