0 0
1 0
2 0
2 1
3 1
2 1
2 0
2 1
2 0
2 1
3 1
3 2
4 2
4 3
5 3
5 4
5 3
5 4
5 3
6 3
6 4
6 3
6 2
7 2
8 2
8 3
8 4
9 4
10 4
10 3
11 3
11 2
11 1
11 0
11 1
11 2
11 1
12 1
12 2
12 3
12 4
13 4
14 4
15 4
14 4
14 3
13 3
13 4
14 4
14 5
15 5
16 5
16 6
16 5
15 5
15 4
15 3
15 4
16 4
17 4
16 4
17 4
16 4
16 3
16 2
17 2
18 2
19 2
18 2
19 2
18 2
19 2
19 3
19 2
20 2
20 3
20 4
21 4
22 4
22 3
21 3
22 3
21 3
20 3
21 3
22 3
23 3
23 2
24 2
24 1
23 1
23 2
23 3
23 2
23 1
22 1
21 1
20 1
19 1
18 1
19 1
20 1
20 0
20 1
21 1
22 1
23 1
23 2
23 1
23 2
23 1
22 1
22 0
22 1
22 2
22 1
22 2
22 1
22 2
22 1
22 2
22 3
23 3
23 4
22 4
22 5
22 6
23 6
23 5
23 6
22 6
23 6
23 5
23 4
23 5
23 4
24 4
23 4
23 5
23 4
22 4
23 4
23 3
23 2
22 2
22 1
22 0
22 1
23 1
23 2
22 2
21 2
21 1
20 1
20 2
21 2
22 2
21 2
22 2
23 2
22 2
22 1
21 1
20 1
20 2
19 2
18 2
18 3
18 4
17 4
16 4
16 3
17 3
17 2
17 1
18 1
18 2
17 2
17 1
18 1
18 2
18 3
18 4
17 4
16 4
15 4
16 4
16 5
16 4
16 5
15 5
14 5
14 6
13 6
13 7
14 7
13 7
12 7
13 7
12 7
11 7
11 6
12 6
11 6
12 6
12 5
12 6
11 6
12 6
13 6
13 7
14 7
14 6
14 7
15 7
16 7
16 6
15 6
14 6
14 5
13 5
13 6
12 6
12 7
13 7
13 8
12 8
11 8
10 8
11 8
12 8
13 8
13 9
14 9
13 9
14 9
14 10
14 11
14 12
14 11
13 11
14 11
14 10
15 10
14 10
13 10
13 11
13 12
13 11
12 11
12 10
12 9
12 8
13 8
12 8
12 9
11 9
11 8
11 7
11 6
11 7
10 7
10 8
10 9
9 9
9 8
9 7
10 7
11 7
12 7
11 7
11 8
11 7
11 6
12 6
11 6
12 6
12 5
12 6
12 5
12 6
11 6
11 5
11 6
12 6
12 5
13 5
12 5
11 5
11 6
10 6
9 6
8 6
8 5
8 6
7 6
7 7
6 7
6 6
7 6
7 7
7 6
8 6
8 5
9 5
10 5
11 5
12 5
12 4
12 5
12 4
13 4
14 4
13 4
14 4
14 5
14 6
13 6
13 5
13 4
13 5
13 6
13 7
13 8
12 8
11 8
12 8
13 8
12 8
13 8
13 9
13 8
13 9
13 10
13 11
14 11
15 11
15 12
15 13
15 12
15 13
14 13
14 14
14 15
14 14
15 14
16 14
15 14
14 14
14 15
14 16
13 16
12 16
12 17
12 16
12 17
11 17
11 18
11 19
12 19
13 19
14 19
14 18
15 18
15 17
14 17
13 17
12 17
12 18
13 18
14 18
15 18
14 18
14 19
15 19
15 18
15 17
15 18
16 18
16 17
17 17
17 18
17 19
16 19
16 20
15 20
15 21
16 21
17 21
17 20
16 20
16 19
15 19
15 18
15 17
16 17
16 16
17 16
18 16
19 16
18 16
19 16
18 16
17 16
17 15
17 14
17 15
17 14
17 13
17 12
17 11
16 11
17 11
17 12
17 13
17 14
18 14
19 14
19 15
18 15
19 15
19 16
19 15
19 14
19 15
19 14
20 14
19 14
20 14
20 15
20 14
20 13
20 14
21 14
20 14
19 14
19 13
20 13
21 13
21 14
21 13
21 14
20 14
20 15
20 14
19 14
20 14
20 15
21 15
21 14
21 15
20 15
20 14
20 13
21 13
22 13
22 12
23 12
23 11
23 12
24 12
25 12
25 13
25 12
24 12
24 13
25 13
25 12
26 12
27 12
27 13
26 13
25 13
26 13
27 13
28 13
28 12
28 13
27 13
27 14
28 14
28 15
28 16
29 16
29 15
29 16
28 16
27 16
28 16
29 16
30 16
30 15
31 15
30 15
29 15
29 14
29 13
30 13
29 13
29 12
30 12
30 13
31 13
31 12
31 13
32 13
32 12
32 13
32 12
33 12
32 12
32 11
31 11
30 11
31 11
31 12
30 12
30 11
31 11
32 11
33 11
32 11
33 11
34 11
33 11
33 12
33 11
32 11
31 11
32 11
33 11
32 11
32 10
31 10
31 9
32 9
31 9
30 9
30 8
30 7
29 7
30 7
31 7
31 6
31 7
31 8
30 8
29 8
28 8
29 8
28 8
27 8
28 8
28 9
29 9
28 9
29 9
29 8
29 7
30 7
29 7
30 7
31 7
30 7
30 8
31 8
30 8
29 8
29 9
28 9
29 9
29 8
29 9
28 9
28 10
28 11
28 10
28 11
28 12
28 13
28 14
28 15
29 15
29 14
29 13
29 12
28 12
28 11
27 11
28 11
28 10
29 10
28 10
27 10
27 11
26 11
27 11
27 12
27 13
28 13
28 12
29 12
28 12
28 13
27 13
28 13
29 13
29 14
28 14
28 15
28 14
29 14
29 13
29 12
28 12
28 13
29 13
30 13
29 13
29 12
29 11
30 11
29 11
28 11
28 10
29 10
29 9
29 10
30 10
30 11
29 11
29 12
29 13
29 14
30 14
30 15
29 15
30 15
30 16
30 15
31 15
30 15
30 14
30 13
31 13
32 13
32 14
33 14
33 15
34 15
35 15
35 16
35 17
35 16
35 15
35 16
36 16
35 16
36 16
37 16
37 17
37 18
37 19
36 19
36 20
36 21
37 21
37 22
36 22
36 21
36 22
36 23
36 24
36 23
37 23
36 23
37 23
37 24
37 23
38 23
38 24
38 25
38 26
38 27
38 28
38 29
38 30
38 29
38 28
38 29
38 30
38 29
39 29
39 28
38 28
38 29
38 30
39 30
39 31
40 31
41 31
41 30
42 30
42 29
41 29
42 29
42 28
41 28
42 28
41 28
41 27
41 28
41 27
40 27
41 27
42 27
41 27
41 28
41 27
41 28
42 28
41 28
40 28
39 28
39 29
39 28
39 29
40 29
40 28
40 27
41 27
42 27
42 26
42 27
43 27
44 27
45 27
45 28
46 28
47 28
47 29
47 30
48 30
49 30
49 29
50 29
50 28
50 29
51 29
51 30
50 30
50 29
50 28
51 28
50 28
50 29
50 28
50 27
51 27
52 27
52 28
51 28
52 28
52 27
52 28
51 28
51 27
51 26
51 25
50 25
51 25
50 25
51 25
51 26
50 26
49 26
49 27
49 28
48 28
48 29
49 29
50 29
50 30
49 30
49 29
48 29
48 28
48 29
48 30
48 29
48 28
48 29
47 29
47 30
46 30
46 31
46 30
47 30
46 30
45 30
46 30
46 31
46 30
45 30
45 29
45 28
46 28
46 27
47 27
47 26
47 27
47 28
48 28
49 28
49 27
49 26
49 25
49 24
50 24
49 24
48 24
49 24
48 24
48 25
49 25
50 25
50 26
50 25
50 24
50 23
51 23
51 24
50 24
51 24
52 24
51 24
52 24
52 23
51 23
50 23
50 24
50 25
49 25
50 25
50 24
50 25
50 26
50 27
51 27
51 28
51 29
52 29
52 30
53 30
53 29
52 29
52 28
52 29
52 28
52 27
52 26
52 27
51 27
51 28
51 29
52 29
51 29
52 29
52 30
51 30
51 31
52 31
53 31
54 31
55 31
56 31
56 32
55 32
55 33
55 34
54 34
55 34
55 35
54 35
53 35
54 35
54 34
53 34
52 34
51 34
51 33
51 34
52 34
51 34
52 34
51 34
51 35
51 36
51 35
52 35
51 35
50 35
50 34
50 35
50 34
50 33
50 34
51 34
50 34
49 34
49 35
49 34
50 34
49 34
49 35
49 34
49 35
49 34
50 34
50 33
49 33
49 32
49 31
49 32
48 32
49 32
49 33
48 33
49 33
48 33
48 34
49 34
48 34
47 34
46 34
46 33
45 33
46 33
46 32
47 32
48 32
47 32
47 31
48 31
48 30
49 30
50 30
51 30
51 29
50 29
50 30
51 30
51 31
51 32
51 31
50 31
50 32
51 32
50 32
50 31
50 30
50 29
49 29
49 30
48 30
49 30
49 29
49 30
48 30
49 30
48 30
47 30
47 31
47 30
46 30
47 30
48 30
48 29
48 28
48 29
48 28
48 27
47 27
47 26
46 26
46 25
46 24
45 24
45 25
46 25
47 25
46 25
46 24
46 23
47 23
47 22
47 23
46 23
47 23
46 23
