0 0
1 0
1 1
2 1
2 2
1 2
1 3
0 3
0 2
1 2
1 1
1 2
1 3
0 3
1 3
2 3
2 4
1 4
2 4
2 5
2 6
2 5
3 5
3 6
2 6
2 7
1 7
1 8
2 8
1 8
2 8
2 7
2 8
2 9
2 10
2 11
1 11
1 12
0 12
1 12
1 11
1 10
0 10
0 9
0 10
0 11
0 10
1 10
1 9
0 9
0 8
1 8
1 9
0 9
1 9
0 9
1 9
1 8
1 9
1 10
0 10
1 10
1 11
1 10
0 10
0 9
1 9
0 9
1 9
0 9
1 9
0 9
1 9
2 9
2 8
3 8
3 9
3 10
3 11
4 11
5 11
4 11
4 12
3 12
2 12
3 12
3 11
4 11
4 12
5 12
6 12
6 13
5 13
6 13
5 13
5 12
4 12
4 11
4 10
5 10
5 11
6 11
6 12
7 12
7 13
7 12
7 13
6 13
7 13
7 12
6 12
7 12
7 11
7 10
8 10
8 9
9 9
9 10
9 11
9 10
9 9
10 9
9 9
8 9
8 10
9 10
10 10
10 11
11 11
12 11
12 10
11 10
11 9
11 8
12 8
12 9
11 9
11 8
12 8
12 9
12 10
11 10
12 10
13 10
14 10
15 10
15 11
14 11
14 10
15 10
15 11
15 12
16 12
16 13
17 13
18 13
19 13
20 13
20 14
19 14
19 15
18 15
17 15
17 14
17 13
16 13
17 13
17 12
18 12
17 12
18 12
19 12
18 12
18 13
17 13
16 13
15 13
15 14
15 13
16 13
16 12
17 12
18 12
18 11
17 11
18 11
18 10
19 10
20 10
21 10
22 10
23 10
22 10
22 9
21 9
20 9
19 9
20 9
19 9
19 8
20 8
20 7
20 8
20 7
20 8
20 9
21 9
21 10
20 10
21 10
20 10
20 9
20 10
20 9
21 9
20 9
20 10
19 10
18 10
17 10
17 11
17 10
16 10
16 11
17 11
17 10
17 11
17 12
17 11
18 11
19 11
19 10
20 10
20 11
20 10
20 9
20 8
19 8
19 9
19 10
20 10
21 10
21 9
21 10
22 10
22 9
22 8
21 8
20 8
21 8
21 9
20 9
21 9
20 9
20 8
20 9
19 9
19 10
20 10
21 10
20 10
21 10
20 10
19 10
19 9
19 8
19 9
19 10
18 10
19 10
20 10
21 10
21 11
22 11
23 11
23 10
22 10
22 11
23 11
22 11
22 12
22 13
21 13
21 14
20 14
20 13
21 13
21 12
21 11
22 11
22 10
23 10
23 11
23 12
23 13
23 12
23 11
23 10
23 9
22 9
22 8
21 8
21 7
21 8
20 8
21 8
21 9
20 9
20 10
19 10
20 10
20 9
20 10
20 9
20 10
21 10
21 9
22 9
22 10
23 10
23 9
23 8
22 8
22 7
23 7
22 7
22 6
22 7
22 8
22 9
22 8
22 9
22 8
22 7
22 6
21 6
20 6
20 5
21 5
21 6
22 6
21 6
21 5
21 6
20 6
21 6
22 6
23 6
23 7
23 6
23 7
24 7
24 6
25 6
26 6
26 7
25 7
25 6
24 6
24 7
24 8
24 7
25 7
25 6
24 6
25 6
25 5
25 4
24 4
25 4
25 5
24 5
25 5
24 5
24 4
25 4
25 5
25 4
25 3
26 3
26 2
27 2
26 2
25 2
26 2
27 2
27 3
28 3
29 3
29 2
29 1
29 0
30 0
30 1
30 2
30 3
30 2
29 2
30 2
29 2
29 3
29 2
30 2
29 2
30 2
30 1
30 0
29 0
29 1
28 1
28 0
28 1
29 1
29 2
29 3
29 4
28 4
28 3
27 3
28 3
28 2
28 1
28 2
29 2
29 1
29 2
30 2
29 2
28 2
28 3
27 3
28 3
28 2
27 2
28 2
28 3
28 4
27 4
27 5
28 5
28 6
29 6
29 7
29 6
29 5
29 6
30 6
30 7
29 7
29 6
30 6
30 7
31 7
31 8
31 9
30 9
30 10
30 9
30 10
31 10
31 11
32 11
33 11
32 11
32 10
32 9
31 9
31 10
31 11
31 12
30 12
30 11
30 12
31 12
32 12
33 12
32 12
31 12
30 12
30 11
30 10
31 10
31 11
32 11
32 10
31 10
30 10
30 9
29 9
28 9
27 9
26 9
25 9
26 9
26 8
27 8
26 8
25 8
25 7
24 7
24 6
23 6
22 6
23 6
24 6
23 6
23 7
24 7
25 7
26 7
26 6
26 7
26 6
26 7
25 7
24 7
23 7
24 7
25 7
26 7
26 6
26 5
26 4
27 4
26 4
27 4
27 3
26 3
27 3
27 2
27 1
26 1
27 1
27 0
28 0
29 0
29 1
30 1
31 1
30 1
31 1
31 0
32 0
33 0
34 0
34 1
35 1
35 2
35 1
35 0
34 0
33 0
34 0
34 1
33 1
33 2
33 3
34 3
35 3
35 2
36 2
37 2
38 2
38 1
38 2
38 3
38 2
38 3
38 2
38 3
37 3
38 3
39 3
38 3
38 4
39 4
40 4
41 4
41 5
41 4
40 4
39 4
40 4
40 3
40 4
39 4
40 4
40 3
40 2
40 1
40 2
41 2
41 1
41 0
41 1
40 1
39 1
40 1
41 1
40 1
40 2
41 2
42 2
41 2
41 3
41 4
40 4
41 4
40 4
40 5
39 5
40 5
40 4
41 4
41 3
41 2
40 2
40 1
41 1
40 1
40 2
40 1
41 1
40 1
40 0
40 1
41 1
41 0
41 1
42 1
41 1
41 2
42 2
42 3
41 3
41 2
40 2
40 1
40 0
40 1
40 2
40 1
39 1
38 1
37 1
38 1
38 0
38 1
38 0
39 0
39 1
40 1
40 2
40 3
39 3
40 3
40 2
41 2
41 3
40 3
41 3
40 3
40 2
39 2
38 2
39 2
40 2
40 3
41 3
41 4
41 5
41 6
41 5
41 6
41 7
41 8
41 7
40 7
40 8
40 7
41 7
42 7
43 7
44 7
45 7
45 8
44 8
45 8
44 8
44 9
44 8
44 9
44 8
43 8
42 8
43 8
43 7
43 8
43 9
43 8
44 8
44 7
44 8
45 8
46 8
47 8
46 8
45 8
45 9
45 10
45 11
45 12
44 12
45 12
44 12
44 11
44 12
45 12
46 12
46 11
45 11
46 11
45 11
44 11
45 11
45 10
45 9
45 8
45 7
45 6
44 6
43 6
43 5
43 4
42 4
42 5
42 6
41 6
42 6
41 6
41 5
41 6
40 6
41 6
41 5
41 6
40 6
40 5
41 5
42 5
41 5
41 4
40 4
41 4
41 3
41 4
41 5
40 5
39 5
39 4
38 4
39 4
39 3
39 2
38 2
37 2
37 3
37 4
37 3
37 4
38 4
37 4
37 5
36 5
37 5
36 5
36 4
37 4
36 4
37 4
37 5
36 5
36 4
37 4
36 4
36 3
37 3
37 4
36 4
36 5
35 5
36 5
36 4
37 4
37 5
37 6
37 5
38 5
38 4
38 5
39 5
40 5
40 6
40 5
40 6
40 5
41 5
41 6
41 7
40 7
39 7
40 7
40 6
40 5
41 5
42 5
41 5
42 5
41 5
42 5
42 6
41 6
40 6
40 5
40 4
40 5
41 5
41 6
42 6
41 6
42 6
42 7
41 7
41 6
40 6
39 6
40 6
39 6
39 5
40 5
40 4
40 3
39 3
38 3
39 3
40 3
40 2
40 1
40 2
41 2
42 2
42 1
42 2
43 2
44 2
44 1
44 0
44 1
45 1
46 1
46 0
47 0
48 0
47 0
48 0
49 0
48 0
48 1
47 1
46 1
47 1
48 1
49 1
49 2
49 3
49 2
50 2
49 2
49 1
49 0
49 1
49 0
48 0
47 0
46 0
46 1
45 1
44 1
44 2
43 2
43 3
43 2
44 2
43 2
43 1
44 1
43 1
43 2
43 3
43 2
44 2
44 3
44 4
44 5
45 5
46 5
46 6
46 5
45 5
45 4
45 5
46 5
45 5
46 5
46 4
47 4
47 3
47 2
47 1
47 2
47 1
47 0
47 1
47 2
47 3
46 3
47 3
47 2
48 2
48 1
48 2
49 2
49 1
50 1
50 0
50 1
50 0
51 0
50 0
50 1
51 1
51 2
51 3
52 3
52 4
51 4
51 5
51 6
51 7
51 8
50 8
51 8
51 9
52 9
52 8
51 8
52 8
51 8
50 8
51 8
51 9
51 8
50 8
49 8
49 7
50 7
51 7
51 8
50 8
51 8
52 8
51 8
50 8
50 9
51 9
51 8
50 8
51 8
52 8
52 7
52 8
51 8
50 8
51 8
52 8
52 7
52 6
53 6
53 5
52 5
51 5
50 5
49 5
49 4
49 5
50 5
51 5
50 5
51 5
50 5
