0 0
1 0
2 0
2 1
2 0
2 1
1 1
1 2
0 2
0 1
0 0
0 1
0 2
1 2
0 2
1 2
1 1
1 0
0 0
1 0
1 1
1 2
2 2
1 2
0 2
0 3
0 4
0 3
1 3
1 4
0 4
1 4
1 3
0 3
1 3
1 4
2 4
2 5
3 5
3 6
2 6
1 6
1 5
0 5
1 5
0 5
1 5
2 5
2 6
2 7
3 7
3 6
3 7
4 7
3 7
3 8
3 7
3 6
3 7
4 7
3 7
3 6
3 7
3 6
3 7
3 8
3 9
4 9
5 9
6 9
7 9
8 9
7 9
8 9
8 8
9 8
8 8
9 8
9 9
10 9
11 9
11 8
10 8
11 8
11 9
10 9
9 9
10 9
10 10
10 11
11 11
11 12
10 12
10 13
11 13
12 13
12 14
13 14
13 15
12 15
12 16
13 16
13 15
14 15
14 16
15 16
15 15
15 16
15 15
14 15
13 15
12 15
13 15
13 16
13 17
13 18
13 17
14 17
14 16
14 17
14 18
14 19
15 19
15 18
15 17
14 17
14 18
15 18
16 18
16 17
17 17
18 17
19 17
19 18
19 17
19 16
20 16
20 17
21 17
21 18
22 18
21 18
22 18
22 19
22 18
22 19
22 20
23 20
23 19
24 19
25 19
24 19
23 19
22 19
22 20
21 20
21 21
22 21
23 21
23 20
24 20
23 20
23 21
24 21
25 21
25 22
25 21
24 21
23 21
23 22
24 22
24 23
24 22
24 21
24 22
23 22
23 21
22 21
23 21
24 21
24 22
23 22
24 22
24 23
25 23
25 22
25 21
26 21
26 20
27 20
27 21
27 20
27 21
27 22
27 23
28 23
28 22
28 23
27 23
27 24
26 24
26 25
26 26
27 26
27 25
28 25
28 26
28 25
28 26
27 26
27 25
27 24
27 25
27 24
26 24
25 24
25 23
26 23
25 23
25 24
24 24
24 25
25 25
25 24
25 23
25 22
25 23
25 22
25 23
26 23
25 23
26 23
26 24
26 25
26 26
27 26
27 25
28 25
29 25
29 24
28 24
29 24
29 25
30 25
30 24
30 23
30 22
30 23
29 23
29 24
30 24
29 24
30 24
30 23
29 23
29 22
30 22
31 22
30 22
29 22
30 22
30 23
30 22
30 21
29 21
29 22
29 21
29 20
29 19
29 18
30 18
31 18
31 17
31 16
31 15
30 15
30 14
30 15
30 14
31 14
31 13
30 13
31 13
31 14
31 13
30 13
31 13
31 14
30 14
29 14
29 15
29 16
30 16
30 15
29 15
30 15
30 14
29 14
28 14
28 13
28 14
27 14
27 13
27 14
26 14
25 14
24 14
24 15
23 15
23 16
23 15
23 14
23 13
22 13
23 13
22 13
21 13
21 14
21 13
22 13
23 13
22 13
22 14
21 14
22 14
22 13
23 13
23 14
23 15
22 15
23 15
23 16
23 15
23 16
22 16
23 16
23 17
23 16
24 16
25 16
26 16
26 15
27 15
28 15
27 15
26 15
26 14
26 13
25 13
26 13
26 12
27 12
27 11
28 11
28 10
28 9
27 9
28 9
28 10
27 10
27 11
26 11
26 12
25 12
24 12
24 13
25 13
25 12
26 12
26 13
26 12
27 12
26 12
26 11
25 11
25 10
25 9
24 9
24 10
24 9
23 9
24 9
24 8
23 8
22 8
23 8
23 9
23 10
22 10
23 10
23 9
23 8
24 8
24 9
24 10
24 9
25 9
24 9
24 8
24 7
24 8
23 8
24 8
24 7
25 7
24 7
24 8
23 8
23 7
23 6
24 6
25 6
26 6
26 7
27 7
26 7
25 7
26 7
26 6
25 6
24 6
24 7
25 7
26 7
25 7
25 6
26 6
26 7
26 6
27 6
27 7
28 7
27 7
27 8
27 9
27 10
27 11
28 11
29 11
29 12
29 13
30 13
30 12
29 12
29 13
30 13
30 12
31 12
31 11
30 11
30 10
29 10
29 9
30 9
30 10
29 10
30 10
30 9
30 8
30 9
31 9
32 9
32 10
32 11
33 11
33 12
32 12
32 11
33 11
33 12
32 12
33 12
33 11
34 11
34 12
33 12
34 12
35 12
35 13
35 14
34 14
34 13
35 13
36 13
37 13
37 12
37 13
38 13
37 13
38 13
38 12
38 13
37 13
36 13
36 12
37 12
37 11
37 12
36 12
37 12
37 13
38 13
39 13
40 13
40 14
40 13
41 13
41 14
41 13
41 14
42 14
42 13
43 13
43 12
43 11
43 12
44 12
43 12
42 12
42 13
42 14
42 15
43 15
42 15
42 16
42 17
41 17
41 16
40 16
41 16
40 16
40 17
41 17
40 17
39 17
40 17
40 18
41 18
41 19
41 20
41 19
41 18
42 18
42 19
41 19
41 20
40 20
41 20
42 20
42 21
42 22
42 23
42 24
43 24
44 24
43 24
43 23
42 23
42 22
43 22
43 21
43 22
43 23
42 23
41 23
42 23
42 24
43 24
43 25
44 25
45 25
45 26
46 26
46 27
45 27
44 27
43 27
43 28
42 28
42 27
41 27
41 26
42 26
41 26
40 26
39 26
39 27
39 28
38 28
37 28
37 27
38 27
37 27
38 27
39 27
39 28
39 29
39 30
39 29
40 29
40 28
39 28
39 27
40 27
40 26
40 27
40 28
40 27
41 27
41 28
42 28
43 28
44 28
45 28
44 28
44 27
43 27
42 27
41 27
41 28
42 28
42 29
41 29
40 29
39 29
40 29
40 30
40 31
40 30
41 30
41 29
41 30
42 30
42 29
42 28
42 27
43 27
42 27
43 27
43 26
42 26
41 26
41 27
40 27
40 26
40 27
40 26
39 26
39 27
39 28
40 28
39 28
39 29
39 30
40 30
39 30
39 29
40 29
40 30
40 31
39 31
38 31
38 32
38 31
38 32
37 32
38 32
38 33
39 33
40 33
40 32
40 33
40 32
40 31
40 32
40 31
41 31
40 31
39 31
39 32
40 32
40 33
40 32
40 33
39 33
39 32
39 33
39 34
39 33
39 34
40 34
41 34
42 34
42 35
43 35
43 34
43 35
43 36
43 35
42 35
42 36
41 36
40 36
40 35
40 36
40 35
39 35
39 36
38 36
38 37
38 36
38 37
38 36
38 35
38 36
38 35
38 34
38 33
38 34
37 34
37 33
37 34
37 33
37 34
37 33
38 33
38 34
38 35
39 35
40 35
40 34
40 33
39 33
39 32
39 31
38 31
37 31
36 31
35 31
35 30
35 29
36 29
36 28
37 28
37 27
38 27
39 27
39 26
39 27
39 26
40 26
39 26
39 25
39 26
40 26
39 26
39 25
38 25
37 25
38 25
39 25
39 26
39 27
39 28
40 28
40 29
40 28
40 27
39 27
38 27
38 28
39 28
40 28
41 28
41 29
40 29
40 30
40 29
40 28
40 27
39 27
39 26
39 27
39 26
40 26
40 27
40 26
39 26
39 25
39 24
40 24
41 24
42 24
41 24
41 23
41 24
41 25
41 26
40 26
39 26
39 27
38 27
37 27
37 26
38 26
39 26
40 26
40 25
39 25
39 26
39 27
38 27
38 26
38 27
38 28
39 28
40 28
41 28
41 27
42 27
41 27
41 26
42 26
41 26
42 26
41 26
42 26
41 26
41 27
41 26
41 27
40 27
41 27
40 27
41 27
41 26
42 26
41 26
41 25
42 25
42 26
42 25
43 25
42 25
42 24
43 24
44 24
43 24
44 24
44 23
44 24
43 24
43 25
44 25
43 25
43 26
42 26
41 26
41 25
41 24
41 25
41 24
41 23
40 23
40 24
40 23
39 23
40 23
39 23
38 23
38 22
38 23
38 24
38 23
38 24
38 23
39 23
38 23
38 22
37 22
37 23
37 24
37 23
38 23
38 24
38 23
38 22
38 21
37 21
36 21
37 21
38 21
38 22
38 23
39 23
39 22
38 22
39 22
38 22
38 21
38 20
37 20
37 19
36 19
37 19
37 20
37 21
37 22
37 23
37 22
38 22
38 21
38 20
38 19
39 19
38 19
38 20
38 21
37 21
37 22
36 22
37 22
38 22
37 22
38 22
38 23
38 24
37 24
38 24
37 24
38 24
38 25
37 25
38 25
39 25
39 26
39 27
38 27
39 27
40 27
40 26
40 27
40 28
40 27
39 27
40 27
39 27
39 26
40 26
40 25
39 25
40 25
40 26
40 27
40 26
40 25
39 25
38 25
38 24
37 24
37 25
38 25
38 24
39 24
39 25
38 25
38 26
37 26
36 26
35 26
35 27
35 26
35 27
35 26
36 26
37 26
37 25
37 26
38 26
37 26
37 25
36 25
36 24
37 24
37 23
37 24
37 25
37 24
38 24
38 23
38 22
38 21
37 21
37 22
38 22
38 23
37 23
37 22
37 23
36 23
