0 0
1 0
0 0
1 0
1 1
0 1
1 1
0 1
1 1
1 0
0 0
0 1
0 0
1 0
1 1
2 1
3 1
3 2
3 3
3 2
4 2
5 2
4 2
3 2
4 2
4 1
3 1
4 1
4 0
4 1
3 1
4 1
4 0
4 1
3 1
3 2
4 2
4 1
5 1
4 1
5 1
6 1
5 1
5 0
4 0
3 0
4 0
4 1
4 2
5 2
6 2
6 1
7 1
7 0
7 1
6 1
5 1
4 1
4 0
4 1
5 1
5 2
5 3
6 3
6 2
5 2
5 3
5 4
5 3
4 3
3 3
4 3
5 3
5 2
5 1
4 1
3 1
3 2
2 2
1 2
1 3
0 3
1 3
2 3
3 3
3 4
2 4
2 5
2 4
2 5
1 5
2 5
2 4
1 4
1 5
1 4
2 4
3 4
3 5
4 5
3 5
2 5
2 4
2 3
2 4
2 3
3 3
3 2
3 1
4 1
5 1
5 0
6 0
6 1
5 1
6 1
6 2
7 2
8 2
7 2
7 3
8 3
7 3
7 4
6 4
6 5
7 5
7 4
7 3
6 3
6 4
6 3
7 3
7 2
6 2
6 3
5 3
6 3
7 3
7 4
8 4
8 5
9 5
9 4
9 5
10 5
11 5
11 6
11 5
12 5
12 4
11 4
12 4
12 5
13 5
12 5
11 5
12 5
11 5
11 4
10 4
9 4
9 3
10 3
11 3
12 3
13 3
13 2
13 3
12 3
13 3
12 3
12 4
13 4
13 5
14 5
14 6
15 6
16 6
16 7
16 8
17 8
17 9
17 8
17 9
17 10
17 9
16 9
16 8
17 8
17 9
17 10
17 11
18 11
19 11
20 11
21 11
21 10
20 10
20 9
20 8
20 9
19 9
19 8
20 8
19 8
20 8
21 8
20 8
20 7
19 7
19 6
20 6
20 5
20 4
20 3
20 2
20 1
21 1
21 2
21 3
21 4
21 5
21 4
21 5
21 6
20 6
19 6
20 6
20 5
20 4
20 3
21 3
21 2
20 2
20 1
20 0
20 1
20 0
21 0
21 1
22 1
21 1
20 1
20 0
20 1
21 1
21 0
21 1
20 1
20 0
19 0
19 1
18 1
18 0
18 1
18 2
19 2
18 2
18 3
17 3
17 4
17 5
16 5
16 4
17 4
18 4
18 5
17 5
16 5
16 6
16 5
16 4
17 4
16 4
16 3
17 3
16 3
16 4
17 4
16 4
17 4
16 4
16 5
15 5
15 4
16 4
17 4
17 3
17 2
17 1
16 1
15 1
15 2
15 3
15 2
15 1
16 1
16 2
16 1
17 1
17 0
16 0
16 1
16 2
15 2
15 1
15 0
16 0
15 0
15 1
14 1
13 1
13 2
14 2
13 2
13 3
14 3
14 2
14 3
13 3
12 3
11 3
10 3
11 3
11 2
10 2
11 2
12 2
11 2
10 2
9 2
8 2
8 1
9 1
8 1
8 0
9 0
9 1
9 2
8 2
8 3
9 3
8 3
8 4
8 5
8 6
8 5
8 4
7 4
7 5
8 5
7 5
6 5
7 5
7 4
8 4
8 5
8 4
9 4
9 3
8 3
8 2
9 2
9 3
9 4
9 5
10 5
11 5
11 4
12 4
12 3
12 2
12 1
13 1
13 0
13 1
13 0
13 1
12 1
13 1
13 2
12 2
13 2
13 1
13 0
14 0
13 0
13 1
14 1
14 0
13 0
12 0
11 0
11 1
12 1
12 2
12 3
12 2
13 2
12 2
12 1
12 0
12 1
12 2
12 3
12 2
13 2
13 1
12 1
11 1
11 2
11 3
11 2
12 2
13 2
13 1
13 2
13 1
12 1
11 1
11 2
11 3
10 3
10 2
10 3
9 3
10 3
11 3
10 3
11 3
10 3
10 4
11 4
11 3
11 2
10 2
10 3
10 2
10 1
11 1
11 2
11 3
11 4
11 3
11 4
10 4
9 4
9 3
10 3
9 3
9 2
10 2
10 3
9 3
9 4
9 5
8 5
7 5
7 4
6 4
5 4
4 4
4 3
3 3
4 3
5 3
5 4
5 5
4 5
3 5
2 5
3 5
3 6
3 7
3 8
4 8
3 8
4 8
3 8
3 7
3 6
2 6
1 6
0 6
0 7
0 6
0 5
1 5
2 5
3 5
3 6
2 6
2 5
2 6
3 6
2 6
1 6
2 6
3 6
3 7
4 7
5 7
5 8
5 7
6 7
5 7
5 8
4 8
4 9
4 10
4 9
4 10
5 10
5 9
5 10
4 10
5 10
4 10
4 9
5 9
6 9
7 9
7 10
8 10
8 11
8 10
7 10
7 9
7 10
6 10
6 11
6 12
6 11
6 12
5 12
6 12
6 13
6 12
6 13
7 13
8 13
9 13
10 13
10 12
11 12
10 12
10 11
9 11
10 11
10 10
11 10
11 9
12 9
12 10
13 10
14 10
15 10
15 9
16 9
15 9
15 10
16 10
15 10
15 11
15 10
15 11
15 12
16 12
17 12
16 12
17 12
17 13
17 12
18 12
18 11
18 12
17 12
16 12
16 13
17 13
18 13
18 12
18 13
17 13
18 13
18 14
17 14
17 13
17 14
17 15
17 16
16 16
16 15
17 15
16 15
17 15
17 16
18 16
18 15
18 14
17 14
17 13
18 13
18 12
18 13
18 12
17 12
18 12
19 12
19 13
18 13
18 12
18 11
17 11
17 10
17 9
16 9
16 10
15 10
16 10
17 10
18 10
19 10
19 9
18 9
17 9
17 8
17 9
17 10
18 10
17 10
17 11
17 10
16 10
17 10
16 10
16 11
15 11
16 11
16 12
17 12
18 12
18 13
19 13
19 12
20 12
20 11
21 11
20 11
20 12
21 12
20 12
21 12
21 11
21 12
21 13
20 13
20 14
21 14
21 15
21 16
22 16
21 16
21 15
20 15
21 15
20 15
20 16
20 17
20 16
20 17
21 17
21 16
21 15
21 16
21 17
21 16
21 17
21 18
21 19
20 19
20 20
20 19
20 18
20 19
20 18
20 19
20 18
21 18
22 18
21 18
21 19
22 19
22 18
22 19
23 19
23 20
23 19
24 19
24 20
25 20
26 20
26 19
25 19
24 19
25 19
26 19
27 19
28 19
29 19
29 20
30 20
30 19
30 18
30 19
30 18
31 18
31 17
30 17
30 18
29 18
29 19
29 20
30 20
30 21
29 21
29 20
29 19
29 18
30 18
31 18
32 18
32 19
32 20
33 20
34 20
33 20
34 20
35 20
34 20
35 20
35 21
35 20
36 20
37 20
38 20
37 20
37 21
37 20
38 20
37 20
37 19
38 19
37 19
37 20
37 21
38 21
38 20
37 20
37 19
37 18
38 18
38 19
37 19
37 18
36 18
36 19
36 20
36 21
37 21
36 21
37 21
36 21
37 21
37 22
36 22
36 21
36 22
37 22
37 21
38 21
37 21
38 21
38 22
37 22
36 22
36 21
36 22
37 22
38 22
38 23
37 23
37 22
36 22
36 21
36 22
36 23
36 24
37 24
37 23
37 22
38 22
37 22
36 22
35 22
34 22
34 21
35 21
36 21
36 20
36 19
37 19
38 19
39 19
38 19
38 20
38 21
39 21
38 21
39 21
39 20
40 20
40 19
39 19
39 20
40 20
40 19
40 18
41 18
41 19
41 18
42 18
43 18
43 17
43 18
43 17
42 17
42 18
42 19
43 19
42 19
41 19
41 20
40 20
39 20
40 20
40 21
40 22
41 22
41 23
42 23
42 22
42 23
41 23
41 22
41 23
41 24
41 25
41 26
41 25
42 25
42 24
42 23
41 23
41 22
41 23
41 24
41 23
40 23
39 23
38 23
39 23
39 24
39 23
39 22
38 22
38 21
38 20
38 21
38 20
38 21
38 22
38 23
39 23
38 23
38 22
38 23
38 22
37 22
37 21
37 22
38 22
38 21
38 20
38 21
38 20
39 20
40 20
40 21
40 22
39 22
39 23
40 23
39 23
38 23
38 22
38 21
37 21
36 21
35 21
34 21
33 21
32 21
31 21
30 21
31 21
31 20
32 20
31 20
31 21
31 20
31 21
31 20
31 21
32 21
32 22
32 23
33 23
33 22
34 22
34 23
33 23
33 22
34 22
34 23
34 22
35 22
34 22
34 23
35 23
36 23
36 22
36 21
35 21
35 20
35 19
35 18
35 17
35 16
35 17
35 16
36 16
36 15
35 15
36 15
37 15
36 15
36 16
36 15
37 15
36 15
36 14
35 14
36 14
36 15
37 15
36 15
37 15
38 15
38 16
39 16
38 16
37 16
36 16
36 17
36 16
37 16
37 17
36 17
36 18
37 18
37 19
37 18
37 17
37 18
36 18
35 18
35 17
34 17
35 17
35 18
36 18
36 17
36 16
37 16
37 15
38 15
38 16
37 16
