0 0
0 1
1 1
0 1
0 2
1 2
0 2
0 3
0 4
0 5
0 6
1 6
2 6
2 5
2 6
2 5
2 4
1 4
1 3
0 3
1 3
2 3
3 3
2 3
2 2
2 1
2 2
2 3
3 3
3 2
4 2
4 1
3 1
3 0
3 1
3 0
3 1
2 1
2 0
3 0
3 1
4 1
4 0
4 1
4 2
3 2
4 2
4 1
3 1
3 2
2 2
2 1
2 2
2 3
3 3
3 4
3 5
3 4
3 5
3 4
2 4
3 4
3 3
4 3
4 4
3 4
4 4
4 3
4 4
4 5
5 5
4 5
5 5
4 5
3 5
3 6
3 7
2 7
1 7
2 7
2 8
2 9
1 9
0 9
1 9
1 8
1 7
0 7
1 7
1 8
2 8
3 8
2 8
3 8
2 8
3 8
2 8
2 9
3 9
2 9
2 8
2 7
1 7
1 8
2 8
2 9
2 8
2 9
3 9
3 10
4 10
5 10
5 9
5 10
5 11
5 10
5 11
4 11
4 10
5 10
5 11
4 11
5 11
6 11
5 11
6 11
7 11
7 12
6 12
6 11
5 11
6 11
7 11
6 11
7 11
6 11
5 11
6 11
5 11
4 11
4 10
4 9
3 9
4 9
5 9
6 9
6 10
7 10
8 10
8 11
9 11
8 11
8 12
8 13
7 13
8 13
8 12
9 12
9 13
8 13
7 13
7 12
7 11
7 10
6 10
6 11
6 12
7 12
7 11
7 12
8 12
9 12
9 11
9 10
8 10
9 10
9 11
8 11
8 10
9 10
8 10
8 11
8 12
8 13
8 14
9 14
8 14
7 14
6 14
6 13
6 12
7 12
7 13
8 13
8 14
8 13
8 12
7 12
8 12
8 11
7 11
7 12
6 12
6 11
6 12
6 13
5 13
5 12
5 11
5 12
4 12
3 12
3 11
3 12
3 13
4 13
3 13
3 14
4 14
4 15
4 14
4 15
4 16
3 16
3 17
3 16
2 16
3 16
3 17
3 18
2 18
3 18
2 18
1 18
0 18
1 18
1 17
0 17
1 17
1 18
0 18
0 17
1 17
1 18
2 18
1 18
1 19
2 19
1 19
1 20
2 20
2 21
1 21
1 22
2 22
3 22
2 22
2 21
2 20
1 20
1 21
1 20
1 19
0 19
0 20
1 20
1 19
0 19
0 20
0 19
1 19
2 19
1 19
1 18
1 19
1 18
1 17
2 17
1 17
1 18
2 18
2 19
2 20
2 19
2 20
1 20
0 20
1 20
2 20
2 19
2 18
2 19
2 18
3 18
4 18
3 18
3 19
2 19
3 19
3 20
3 21
3 20
3 21
3 20
4 20
5 20
5 21
5 20
6 20
6 19
6 18
5 18
4 18
4 19
5 19
4 19
4 18
4 19
5 19
5 20
5 19
5 20
6 20
5 20
6 20
6 21
6 22
5 22
5 21
5 22
5 23
4 23
4 24
4 25
4 24
4 25
3 25
3 26
3 25
3 26
4 26
3 26
4 26
5 26
5 25
5 26
5 25
4 25
5 25
4 25
5 25
5 26
5 25
5 26
5 25
5 26
5 25
6 25
7 25
8 25
9 25
8 25
9 25
10 25
11 25
11 24
11 23
10 23
10 22
11 22
12 22
12 23
13 23
13 22
12 22
12 23
11 23
11 24
11 25
11 26
10 26
9 26
10 26
9 26
8 26
7 26
7 25
7 24
7 25
7 26
6 26
5 26
5 25
5 26
4 26
4 27
4 26
4 27
4 26
4 25
3 25
3 26
3 25
4 25
5 25
6 25
6 24
7 24
7 25
8 25
7 25
8 25
8 26
7 26
7 27
8 27
7 27
7 28
8 28
8 29
9 29
9 28
8 28
8 27
8 28
7 28
7 29
6 29
6 30
7 30
7 31
6 31
7 31
7 32
8 32
7 32
7 33
7 34
7 35
8 35
9 35
8 35
8 34
9 34
10 34
9 34
10 34
11 34
12 34
11 34
12 34
12 33
13 33
14 33
14 32
14 31
14 30
15 30
14 30
15 30
14 30
14 31
15 31
14 31
14 32
15 32
15 31
15 30
14 30
15 30
15 29
16 29
15 29
14 29
14 30
13 30
14 30
14 29
15 29
15 30
15 29
14 29
14 30
15 30
15 29
15 28
15 29
16 29
16 28
17 28
18 28
18 27
17 27
17 26
18 26
17 26
18 26
19 26
19 25
18 25
17 25
17 24
17 25
16 25
15 25
15 24
14 24
14 25
13 25
14 25
14 24
14 23
14 24
14 23
14 22
14 21
13 21
13 22
13 23
12 23
11 23
10 23
11 23
10 23
9 23
9 24
9 25
8 25
9 25
8 25
9 25
9 24
8 24
8 23
7 23
6 23
6 24
7 24
8 24
9 24
9 25
9 26
8 26
9 26
10 26
10 25
9 25
8 25
9 25
8 25
8 24
9 24
10 24
9 24
9 25
9 26
9 27
9 28
8 28
7 28
8 28
7 28
7 27
6 27
6 28
6 27
7 27
7 26
8 26
8 27
8 26
9 26
9 25
9 24
9 25
9 24
10 24
10 23
10 22
10 21
11 21
11 20
12 20
12 21
12 22
12 23
13 23
14 23
15 23
15 24
14 24
14 25
15 25
15 24
15 25
16 25
16 26
17 26
16 26
15 26
15 27
14 27
14 26
13 26
12 26
13 26
13 25
12 25
13 25
13 24
12 24
11 24
10 24
10 25
11 25
12 25
12 24
11 24
11 25
12 25
12 24
13 24
12 24
12 25
11 25
11 24
12 24
11 24
12 24
11 24
12 24
11 24
11 23
10 23
10 22
10 23
11 23
11 24
10 24
9 24
9 23
10 23
10 22
10 23
9 23
10 23
10 22
10 21
9 21
10 21
10 20
10 21
9 21
9 22
8 22
8 23
8 22
9 22
8 22
7 22
8 22
8 23
8 22
8 21
9 21
9 20
9 21
9 22
9 21
9 22
9 23
10 23
11 23
11 24
11 23
10 23
11 23
12 23
12 24
13 24
12 24
13 24
13 23
12 23
12 24
13 24
13 25
14 25
14 24
15 24
15 23
16 23
16 24
15 24
15 25
15 26
15 25
16 25
15 25
16 25
16 24
16 25
16 24
17 24
16 24
17 24
17 25
17 24
17 25
17 24
17 23
17 24
17 23
16 23
16 24
15 24
15 25
15 26
15 27
16 27
16 26
16 25
17 25
17 26
18 26
18 27
18 26
18 27
17 27
16 27
16 28
17 28
18 28
18 29
17 29
16 29
16 28
16 27
17 27
17 28
16 28
16 29
15 29
16 29
16 28
16 27
17 27
17 26
16 26
16 27
16 28
17 28
16 28
15 28
15 27
14 27
13 27
12 27
13 27
13 28
12 28
12 29
12 28
13 28
12 28
12 27
12 26
12 27
12 26
11 26
11 27
11 28
10 28
9 28
10 28
10 27
9 27
10 27
9 27
10 27
10 28
10 29
10 30
9 30
10 30
10 31
9 31
9 30
9 31
9 30
9 29
10 29
9 29
9 30
8 30
9 30
10 30
11 30
10 30
9 30
9 31
10 31
9 31
9 30
10 30
10 31
11 31
11 32
11 33
10 33
9 33
10 33
10 34
10 33
10 34
11 34
11 33
11 34
10 34
10 35
9 35
10 35
11 35
10 35
11 35
10 35
10 36
10 37
11 37
12 37
12 38
12 39
13 39
13 38
13 37
14 37
14 38
14 37
13 37
12 37
11 37
11 38
12 38
12 37
11 37
11 38
11 37
10 37
10 38
9 38
10 38
9 38
10 38
10 39
11 39
11 38
10 38
11 38
11 39
11 38
10 38
10 39
10 38
10 39
11 39
11 40
12 40
12 39
12 38
12 39
12 40
11 40
11 41
11 40
10 40
9 40
9 41
9 40
9 41
9 42
9 41
9 40
9 41
9 42
8 42
9 42
9 41
9 42
9 41
9 42
9 41
9 42
9 43
10 43
9 43
9 42
9 43
9 44
10 44
11 44
12 44
11 44
11 45
11 44
11 43
10 43
9 43
8 43
7 43
8 43
8 44
9 44
9 45
8 45
8 46
8 47
9 47
8 47
8 46
8 45
9 45
8 45
8 44
9 44
9 45
8 45
7 45
6 45
5 45
5 46
5 45
5 46
4 46
5 46
6 46
6 45
7 45
8 45
7 45
7 46
7 47
6 47
5 47
5 46
5 45
4 45
4 46
4 45
4 44
4 45
5 45
4 45
3 45
3 46
3 45
3 44
4 44
5 44
4 44
5 44
5 45
6 45
6 46
7 46
7 45
7 44
7 45
8 45
8 44
8 43
8 44
7 44
6 44
5 44
5 43
5 42
4 42
5 42
5 41
6 41
6 40
7 40
7 41
6 41
6 42
6 43
5 43
5 42
5 41
4 41
5 41
5 42
5 41
5 42
5 41
4 41
3 41
4 41
5 41
4 41
