0 0
1 0
1 1
2 1
3 1
4 1
5 1
6 1
5 1
4 1
3 1
3 0
4 0
4 1
4 2
3 2
3 1
3 2
3 3
3 4
4 4
4 3
5 3
6 3
6 2
6 1
6 2
7 2
7 1
6 1
6 2
6 3
5 3
5 2
5 1
6 1
5 1
5 2
5 1
5 0
4 0
4 1
4 2
5 2
5 3
6 3
6 4
7 4
6 4
5 4
6 4
6 5
7 5
7 6
6 6
5 6
5 7
4 7
4 6
3 6
3 7
3 8
3 7
4 7
4 6
3 6
4 6
4 5
4 6
5 6
4 6
4 7
4 8
4 9
4 10
4 11
4 12
3 12
2 12
2 13
3 13
3 12
4 12
5 12
4 12
4 11
4 12
5 12
4 12
4 13
5 13
5 12
5 11
4 11
4 12
4 11
4 12
4 13
4 14
3 14
2 14
2 13
3 13
2 13
1 13
0 13
0 14
0 15
1 15
0 15
0 16
0 17
1 17
0 17
0 16
0 17
0 16
0 15
1 15
0 15
0 14
0 13
0 12
0 13
0 14
1 14
1 13
0 13
1 13
2 13
2 12
2 13
3 13
3 14
4 14
5 14
4 14
4 15
5 15
5 16
5 17
6 17
6 16
6 17
6 18
6 19
6 18
6 17
7 17
8 17
8 16
7 16
7 15
8 15
7 15
6 15
6 14
6 15
7 15
6 15
5 15
5 16
5 17
5 18
5 19
4 19
4 20
4 19
4 20
4 19
5 19
5 18
6 18
6 17
6 18
6 19
6 18
6 17
5 17
6 17
5 17
6 17
7 17
7 16
6 16
7 16
6 16
7 16
7 17
7 18
8 18
9 18
9 17
9 16
8 16
7 16
6 16
7 16
7 15
8 15
9 15
10 15
11 15
10 15
10 16
11 16
10 16
10 15
9 15
9 14
9 15
9 14
9 13
9 14
10 14
11 14
11 13
11 12
10 12
9 12
10 12
10 13
10 12
10 11
11 11
11 10
11 9
11 10
11 9
11 10
12 10
11 10
10 10
10 11
9 11
9 10
9 9
8 9
7 9
7 8
6 8
7 8
7 7
7 6
8 6
8 7
8 8
7 8
8 8
8 7
9 7
9 6
9 5
9 6
8 6
8 7
8 8
8 9
9 9
9 10
10 10
11 10
10 10
10 11
10 10
9 10
9 11
10 11
11 11
11 12
11 11
10 11
10 12
10 11
10 10
10 9
10 8
10 9
10 10
11 10
12 10
12 11
13 11
13 12
14 12
14 11
14 12
15 12
15 13
16 13
16 12
16 11
17 11
17 12
18 12
18 11
18 12
18 11
17 11
17 10
18 10
17 10
16 10
17 10
17 11
17 10
16 10
16 11
17 11
18 11
19 11
18 11
18 12
17 12
17 11
17 10
17 9
16 9
15 9
15 8
14 8
13 8
13 9
13 8
13 9
13 8
12 8
13 8
13 7
14 7
14 8
13 8
12 8
12 7
12 6
12 5
12 4
13 4
12 4
12 5
11 5
12 5
13 5
14 5
15 5
15 6
16 6
15 6
15 7
15 6
16 6
15 6
14 6
13 6
13 5
14 5
15 5
16 5
16 6
16 5
16 6
17 6
16 6
16 7
17 7
17 8
17 7
17 8
18 8
18 7
18 8
17 8
17 9
16 9
17 9
16 9
16 10
17 10
17 11
18 11
17 11
18 11
17 11
17 12
16 12
16 11
17 11
17 12
18 12
19 12
19 11
19 10
19 9
20 9
21 9
22 9
22 8
21 8
22 8
22 7
21 7
21 6
20 6
19 6
19 7
20 7
20 8
21 8
21 7
21 6
20 6
21 6
21 5
22 5
21 5
21 4
22 4
22 3
23 3
23 2
23 3
23 2
23 3
23 4
24 4
24 3
25 3
25 4
26 4
27 4
26 4
26 5
27 5
26 5
27 5
27 4
27 3
27 2
27 1
28 1
28 0
28 1
28 2
28 1
27 1
28 1
28 0
27 0
27 1
28 1
28 2
27 2
27 1
27 0
28 0
28 1
28 2
29 2
30 2
30 1
29 1
28 1
29 1
28 1
28 2
29 2
29 3
29 2
29 3
30 3
30 4
31 4
32 4
33 4
33 5
34 5
35 5
35 4
35 3
35 2
35 3
34 3
34 4
34 3
33 3
33 4
33 3
32 3
32 2
32 3
32 2
32 3
31 3
31 4
32 4
33 4
33 5
33 6
33 5
33 4
33 3
32 3
33 3
32 3
32 2
32 1
32 0
31 0
31 1
32 1
32 0
32 1
33 1
34 1
35 1
36 1
36 2
35 2
35 3
35 4
36 4
36 3
36 2
36 3
36 4
37 4
37 3
37 2
38 2
39 2
39 1
40 1
40 2
39 2
39 1
39 2
40 2
40 3
41 3
40 3
40 2
41 2
41 3
40 3
41 3
42 3
42 2
43 2
44 2
44 3
45 3
45 4
45 3
45 2
45 1
44 1
43 1
44 1
44 2
44 1
45 1
45 0
44 0
44 1
44 2
43 2
43 3
42 3
42 4
42 3
42 4
43 4
42 4
43 4
43 3
42 3
41 3
41 2
42 2
42 1
43 1
42 1
42 0
43 0
43 1
43 0
43 1
42 1
42 0
42 1
43 1
44 1
43 1
43 0
44 0
45 0
46 0
46 1
46 2
45 2
45 1
44 1
44 2
44 3
43 3
43 4
43 3
43 2
43 1
43 2
43 1
42 1
43 1
42 1
43 1
43 2
43 3
44 3
44 4
43 4
43 5
44 5
43 5
42 5
41 5
40 5
39 5
40 5
40 6
40 5
40 4
40 5
40 6
40 7
39 7
39 8
39 9
39 10
38 10
37 10
37 9
37 8
37 7
36 7
36 6
37 6
37 7
37 6
38 6
37 6
37 7
37 6
37 7
37 8
37 7
36 7
36 6
35 6
34 6
33 6
32 6
32 7
33 7
34 7
34 8
35 8
34 8
35 8
35 9
35 8
35 7
34 7
35 7
36 7
36 8
37 8
38 8
37 8
36 8
36 7
35 7
35 6
35 7
35 6
35 5
35 4
34 4
33 4
33 3
32 3
31 3
31 4
30 4
30 5
31 5
30 5
31 5
30 5
30 6
31 6
31 7
31 8
31 9
30 9
29 9
29 10
30 10
30 9
30 10
31 10
31 11
31 10
32 10
32 9
31 9
31 10
30 10
29 10
29 9
28 9
28 8
27 8
27 9
27 10
28 10
29 10
28 10
28 11
27 11
27 12
27 13
26 13
27 13
28 13
29 13
29 12
29 13
29 12
29 13
28 13
27 13
26 13
25 13
26 13
27 13
27 12
27 11
27 12
27 13
27 14
28 14
29 14
29 15
30 15
31 15
31 14
32 14
32 13
31 13
32 13
32 14
31 14
32 14
32 15
33 15
33 16
32 16
32 15
31 15
30 15
30 16
31 16
31 17
32 17
32 16
32 15
32 16
32 17
33 17
33 16
34 16
33 16
33 15
34 15
35 15
35 14
36 14
36 13
37 13
37 12
38 12
39 12
38 12
38 11
38 10
38 9
38 8
38 9
39 9
38 9
39 9
39 10
38 10
38 11
38 12
39 12
39 11
40 11
40 10
39 10
40 10
40 11
41 11
42 11
42 10
41 10
40 10
41 10
40 10
41 10
41 11
41 10
40 10
39 10
39 11
39 12
38 12
38 11
39 11
40 11
41 11
41 10
41 9
42 9
43 9
43 10
43 9
43 8
43 7
44 7
44 8
45 8
44 8
44 7
44 6
45 6
44 6
44 5
44 4
45 4
45 5
44 5
44 6
44 7
44 8
44 7
44 6
45 6
45 5
46 5
46 4
46 5
46 6
46 7
47 7
48 7
47 7
46 7
47 7
47 8
46 8
46 7
46 8
45 8
44 8
45 8
44 8
44 7
44 6
43 6
43 5
43 6
42 6
42 7
42 8
42 7
42 8
41 8
41 7
41 8
42 8
41 8
41 9
42 9
42 10
43 10
42 10
43 10
44 10
43 10
42 10
43 10
43 11
43 10
44 10
43 10
44 10
44 9
44 8
44 9
45 9
45 8
45 9
45 10
45 11
46 11
46 10
45 10
44 10
45 10
45 11
45 10
44 10
44 9
43 9
44 9
43 9
42 9
42 8
42 9
42 8
42 7
42 8
41 8
41 9
41 10
41 11
41 12
41 11
42 11
42 10
42 11
43 11
43 10
44 10
44 9
43 9
43 8
43 7
43 8
43 7
44 7
44 8
43 8
43 9
44 9
43 9
42 9
43 9
44 9
44 8
44 9
44 10
44 11
43 11
42 11
42 10
42 9
43 9
44 9
45 9
46 9
46 10
46 11
46 12
47 12
46 12
45 12
44 12
45 12
45 13
45 12
45 13
44 13
43 13
42 13
43 13
42 13
42 14
43 14
44 14
44 15
44 16
44 15
43 15
42 15
43 15
43 16
44 16
44 17
