0 0
0 1
1 1
1 0
2 0
3 0
3 1
3 2
2 2
1 2
1 1
1 0
1 1
0 1
0 0
0 1
1 1
0 1
1 1
2 1
3 1
3 2
3 1
3 0
3 1
2 1
2 0
2 1
2 0
3 0
3 1
3 2
2 2
1 2
1 1
1 2
0 2
0 3
1 3
2 3
2 4
2 3
2 2
2 1
1 1
0 1
0 0
0 1
1 1
1 2
1 3
1 2
0 2
0 3
1 3
0 3
1 3
1 4
1 5
0 5
0 6
1 6
1 5
2 5
3 5
4 5
4 4
5 4
5 5
4 5
3 5
2 5
2 4
3 4
2 4
1 4
1 5
1 4
0 4
0 5
1 5
0 5
1 5
2 5
1 5
2 5
3 5
2 5
1 5
1 4
1 5
1 6
2 6
2 5
1 5
1 6
0 6
1 6
2 6
1 6
1 7
1 6
2 6
3 6
3 5
4 5
4 4
4 3
5 3
6 3
5 3
6 3
6 2
6 1
6 2
5 2
4 2
3 2
3 1
3 2
3 3
2 3
1 3
1 4
1 3
1 4
1 5
1 4
0 4
0 3
0 4
0 5
0 4
0 5
1 5
1 4
1 5
1 4
1 3
0 3
0 4
1 4
2 4
1 4
1 3
1 2
0 2
0 1
1 1
1 2
0 2
0 1
1 1
2 1
3 1
4 1
5 1
6 1
6 0
6 1
6 2
7 2
6 2
6 1
6 0
6 1
5 1
4 1
3 1
3 2
3 1
2 1
2 2
3 2
2 2
2 3
3 3
3 4
4 4
5 4
5 3
4 3
4 4
5 4
5 5
6 5
6 6
6 5
5 5
5 4
6 4
6 5
6 4
6 3
6 4
5 4
4 4
4 3
4 4
4 3
5 3
5 2
5 1
5 2
6 2
6 1
6 0
7 0
6 0
6 1
6 0
7 0
7 1
8 1
7 1
7 2
7 3
8 3
8 4
8 3
8 4
8 5
8 4
8 3
8 4
8 5
8 6
8 5
8 4
9 4
9 5
9 6
8 6
7 6
7 5
7 6
6 6
7 6
8 6
7 6
6 6
6 5
6 4
7 4
8 4
8 5
7 5
7 4
8 4
8 5
9 5
9 6
8 6
8 7
8 6
8 5
9 5
9 6
8 6
9 6
10 6
10 7
10 8
9 8
8 8
9 8
10 8
11 8
11 9
10 9
10 10
10 11
9 11
9 12
10 12
10 13
10 14
11 14
12 14
12 13
12 12
13 12
14 12
15 12
16 12
17 12
18 12
18 13
18 12
19 12
19 11
19 10
18 10
18 11
18 10
17 10
18 10
17 10
17 9
18 9
18 8
18 7
18 6
18 7
18 6
19 6
20 6
20 7
21 7
22 7
23 7
23 8
24 8
25 8
25 9
25 10
26 10
27 10
28 10
29 10
29 9
29 8
30 8
31 8
30 8
29 8
30 8
30 9
29 9
29 10
29 11
28 11
27 11
28 11
28 12
27 12
27 13
28 13
28 14
28 13
29 13
28 13
28 14
27 14
27 13
27 14
26 14
26 15
26 14
26 15
26 16
27 16
27 15
27 14
26 14
26 13
26 12
25 12
25 11
25 12
25 13
25 12
26 12
26 13
25 13
26 13
26 12
27 12
27 13
27 12
26 12
25 12
26 12
26 13
26 14
26 13
26 14
26 15
27 15
26 15
25 15
25 14
25 15
25 14
25 15
25 14
25 13
25 14
25 15
26 15
25 15
25 14
25 15
24 15
23 15
23 14
23 15
22 15
23 15
23 14
24 14
23 14
24 14
23 14
23 15
23 16
24 16
24 17
23 17
23 18
22 18
23 18
23 19
23 18
24 18
23 18
23 17
22 17
22 16
23 16
22 16
22 17
22 18
22 19
22 18
23 18
23 17
22 17
22 16
22 17
22 16
22 17
22 18
22 19
23 19
22 19
22 18
22 17
22 16
22 17
22 16
22 15
22 14
21 14
21 15
20 15
19 15
20 15
19 15
19 14
18 14
17 14
16 14
17 14
16 14
17 14
17 15
17 16
18 16
17 16
16 16
16 15
16 14
16 15
17 15
18 15
18 16
19 16
19 15
19 14
19 15
18 15
17 15
18 15
19 15
20 15
19 15
19 14
18 14
17 14
18 14
17 14
18 14
19 14
19 13
20 13
19 13
19 12
18 12
18 13
18 12
18 11
17 11
16 11
15 11
14 11
14 10
15 10
15 11
16 11
16 12
16 11
15 11
15 10
14 10
14 11
15 11
15 10
16 10
16 11
17 11
18 11
17 11
18 11
18 10
18 11
19 11
19 12
19 13
18 13
17 13
17 14
17 15
18 15
18 14
18 15
17 15
17 14
17 13
16 13
17 13
16 13
15 13
14 13
14 14
13 14
14 14
14 13
15 13
16 13
15 13
15 12
15 11
16 11
16 12
16 11
15 11
15 10
15 9
14 9
15 9
15 10
15 11
14 11
15 11
14 11
14 12
13 12
12 12
13 12
13 11
14 11
15 11
15 12
14 12
13 12
13 11
12 11
13 11
13 12
13 13
12 13
13 13
13 14
13 13
12 13
12 14
11 14
12 14
12 13
12 14
11 14
12 14
12 13
11 13
11 14
12 14
12 13
12 12
12 11
12 12
11 12
12 12
12 11
11 11
12 11
13 11
13 10
12 10
12 11
12 10
13 10
12 10
11 10
11 11
12 11
12 12
13 12
14 12
15 12
14 12
13 12
13 13
13 14
13 15
13 16
12 16
11 16
11 17
12 17
12 18
11 18
11 19
11 18
12 18
12 19
12 18
12 19
12 20
12 21
12 22
12 21
13 21
13 22
13 23
14 23
15 23
16 23
17 23
17 22
17 23
16 23
17 23
18 23
17 23
17 22
17 23
18 23
17 23
17 22
17 23
16 23
15 23
16 23
16 22
16 23
15 23
16 23
16 24
16 23
15 23
15 22
14 22
15 22
16 22
16 21
16 22
16 21
17 21
17 20
18 20
17 20
16 20
15 20
15 21
15 22
15 23
15 24
15 25
15 26
16 26
16 27
17 27
16 27
17 27
17 28
16 28
16 27
17 27
17 28
17 27
18 27
17 27
18 27
19 27
19 28
19 27
19 28
19 29
19 28
20 28
21 28
21 29
20 29
19 29
19 30
20 30
20 29
19 29
19 28
18 28
19 28
19 27
20 27
19 27
18 27
19 27
19 28
18 28
19 28
20 28
20 29
20 30
20 31
20 32
20 33
19 33
20 33
21 33
21 32
21 33
20 33
19 33
20 33
19 33
19 34
20 34
20 35
20 34
21 34
21 35
20 35
20 34
20 33
21 33
20 33
21 33
21 32
21 33
20 33
21 33
21 32
21 33
21 34
22 34
23 34
22 34
21 34
22 34
22 33
22 34
21 34
21 33
21 32
21 33
21 34
21 33
21 32
21 31
21 30
21 31
20 31
20 30
20 29
20 28
19 28
19 27
20 27
20 28
19 28
18 28
18 27
19 27
19 28
19 27
18 27
18 26
18 25
17 25
16 25
16 24
17 24
17 25
17 26
16 26
16 25
17 25
17 26
17 25
16 25
16 26
15 26
15 27
15 26
15 25
15 26
15 27
16 27
15 27
14 27
15 27
15 26
14 26
13 26
12 26
12 27
12 28
11 28
10 28
11 28
12 28
11 28
12 28
12 29
12 28
11 28
10 28
11 28
10 28
10 29
11 29
11 28
10 28
10 29
9 29
10 29
11 29
12 29
13 29
14 29
14 30
14 29
14 28
15 28
14 28
14 29
14 28
15 28
15 27
15 28
15 27
16 27
16 28
17 28
18 28
17 28
17 27
17 26
17 27
18 27
19 27
20 27
20 26
19 26
18 26
18 27
18 28
18 29
18 30
19 30
18 30
18 29
17 29
18 29
18 30
18 31
19 31
20 31
20 32
19 32
20 32
19 32
18 32
19 32
20 32
19 32
19 31
19 30
20 30
20 31
20 30
20 31
20 30
21 30
21 29
21 30
22 30
22 31
21 31
20 31
20 30
20 29
20 28
19 28
20 28
21 28
21 27
22 27
21 27
21 26
20 26
21 26
21 25
21 26
20 26
21 26
22 26
22 25
21 25
20 25
19 25
18 25
18 26
17 26
17 27
17 28
17 29
17 28
18 28
19 28
19 27
18 27
18 28
19 28
19 27
18 27
18 26
18 25
18 26
18 25
19 25
20 25
21 25
21 26
20 26
20 27
21 27
22 27
22 26
21 26
21 27
21 26
21 25
22 25
23 25
23 26
23 27
22 27
23 27
24 27
24 26
23 26
23 27
23 26
23 27
24 27
23 27
23 28
22 28
22 29
22 30
22 31
22 30
23 30
24 30
23 30
23 31
24 31
24 32
24 31
23 31
23 32
24 32
23 32
24 32
25 32
24 32
23 32
23 33
24 33
24 34
24 33
25 33
25 32
24 32
24 31
23 31
23 32
23 33
24 33
