0 0
1 0
2 0
3 0
3 1
3 0
2 0
2 1
3 1
4 1
3 1
3 0
3 1
3 2
2 2
1 2
2 2
2 3
2 4
2 5
1 5
2 5
2 4
1 4
0 4
0 5
0 6
1 6
1 5
1 6
1 5
1 4
1 3
1 4
1 5
1 6
1 7
1 8
1 7
0 7
1 7
2 7
1 7
1 8
1 7
1 6
2 6
2 5
2 6
2 5
2 6
2 7
3 7
3 8
4 8
3 8
3 7
3 6
3 5
3 4
2 4
3 4
2 4
3 4
3 3
4 3
5 3
6 3
5 3
5 4
4 4
3 4
4 4
3 4
3 3
2 3
1 3
1 4
0 4
1 4
1 5
2 5
2 6
1 6
1 5
2 5
2 6
2 5
1 5
1 6
2 6
3 6
2 6
2 5
2 6
2 7
3 7
4 7
4 6
4 7
3 7
3 8
3 9
2 9
1 9
1 8
1 9
2 9
2 10
1 10
1 9
0 9
0 10
1 10
1 11
2 11
2 10
3 10
2 10
1 10
0 10
0 11
1 11
1 10
2 10
1 10
2 10
2 9
2 8
3 8
3 7
3 6
2 6
1 6
0 6
0 5
1 5
1 4
1 5
1 4
1 3
1 4
2 4
3 4
3 3
4 3
5 3
5 4
5 5
5 6
6 6
6 5
6 4
6 5
6 4
7 4
7 3
7 2
6 2
6 3
6 2
7 2
6 2
6 3
5 3
6 3
6 2
7 2
7 3
6 3
7 3
7 4
7 5
7 4
7 5
6 5
6 6
5 6
6 6
7 6
6 6
5 6
5 5
4 5
4 6
3 6
3 5
3 4
3 3
4 3
4 4
5 4
6 4
6 5
5 5
5 6
6 6
5 6
6 6
6 5
6 6
6 7
6 6
6 7
5 7
6 7
6 8
6 9
6 10
7 10
8 10
8 9
8 8
9 8
8 8
8 9
9 9
10 9
10 10
10 9
10 8
10 7
11 7
11 6
11 7
12 7
11 7
12 7
12 6
12 5
11 5
10 5
11 5
11 6
11 7
11 6
12 6
12 5
12 6
11 6
12 6
12 7
13 7
14 7
15 7
15 8
15 7
15 8
15 9
15 8
14 8
14 7
14 6
13 6
13 7
12 7
12 6
12 7
12 6
13 6
12 6
11 6
12 6
11 6
11 7
11 6
12 6
11 6
11 7
10 7
10 8
10 9
10 8
10 9
9 9
10 9
10 10
10 9
11 9
12 9
11 9
11 8
12 8
12 9
11 9
11 8
12 8
12 7
12 6
12 7
13 7
13 8
13 7
14 7
15 7
15 6
14 6
13 6
13 5
13 4
13 5
13 6
13 7
12 7
12 8
12 9
12 8
11 8
12 8
12 9
11 9
10 9
11 9
11 8
11 9
10 9
9 9
9 8
9 7
8 7
9 7
8 7
8 8
8 9
7 9
6 9
6 10
6 9
6 10
6 11
6 10
6 11
7 11
8 11
8 10
8 11
7 11
8 11
8 10
7 10
7 9
6 9
7 9
7 10
8 10
8 9
7 9
7 10
7 11
7 12
8 12
8 11
9 11
10 11
9 11
8 11
7 11
6 11
6 10
6 11
6 10
5 10
5 9
5 10
5 11
5 10
5 9
5 8
5 9
4 9
5 9
5 8
4 8
4 9
4 10
5 10
5 9
6 9
5 9
6 9
6 10
6 11
6 12
5 12
5 11
5 10
6 10
6 11
6 10
6 9
5 9
6 9
7 9
6 9
7 9
8 9
9 9
9 10
8 10
7 10
6 10
6 9
5 9
4 9
4 8
3 8
3 9
2 9
2 10
3 10
4 10
3 10
4 10
3 10
3 11
2 11
2 10
1 10
0 10
0 9
0 8
0 9
0 8
0 7
1 7
1 6
0 6
0 7
0 6
0 5
0 6
0 5
1 5
1 6
2 6
2 7
2 6
2 5
1 5
0 5
1 5
1 6
0 6
1 6
0 6
0 7
0 8
0 9
1 9
2 9
2 8
2 9
2 8
2 9
2 10
1 10
0 10
0 11
0 12
1 12
2 12
3 12
3 13
4 13
4 12
3 12
3 13
3 14
4 14
5 14
6 14
5 14
5 15
5 16
4 16
3 16
3 15
3 14
2 14
1 14
1 15
0 15
1 15
2 15
2 16
2 17
2 16
3 16
4 16
4 15
3 15
2 15
3 15
3 14
2 14
2 15
2 16
3 16
4 16
3 16
2 16
1 16
2 16
2 15
2 14
1 14
2 14
2 15
2 14
2 15
2 16
2 17
2 16
2 15
2 16
2 17
2 16
2 17
2 18
1 18
1 17
2 17
2 18
3 18
3 19
4 19
4 20
4 21
4 20
4 21
3 21
2 21
3 21
2 21
1 21
2 21
1 21
1 22
1 21
1 20
2 20
2 19
2 20
3 20
3 21
3 22
2 22
3 22
2 22
3 22
2 22
3 22
3 23
3 24
2 24
3 24
3 23
3 22
3 21
4 21
3 21
4 21
4 20
5 20
4 20
4 21
4 22
4 23
3 23
4 23
4 22
3 22
3 23
3 22
2 22
2 21
1 21
1 22
2 22
2 23
2 22
3 22
4 22
3 22
3 21
3 20
4 20
5 20
6 20
6 19
6 18
6 17
7 17
7 16
8 16
8 15
8 14
7 14
6 14
7 14
7 13
7 12
6 12
6 11
5 11
6 11
6 10
7 10
7 11
7 10
7 11
6 11
7 11
6 11
6 12
6 13
5 13
5 14
4 14
5 14
5 15
5 14
5 13
4 13
5 13
4 13
3 13
3 14
4 14
4 13
4 12
4 11
4 10
4 11
4 12
4 13
3 13
2 13
2 14
2 13
2 14
1 14
2 14
2 13
2 12
2 13
3 13
3 12
4 12
5 12
6 12
7 12
7 11
7 12
8 12
8 13
8 14
9 14
10 14
9 14
8 14
7 14
7 15
7 16
6 16
6 15
5 15
5 16
5 17
5 16
4 16
4 17
5 17
5 18
5 19
5 18
5 19
4 19
4 18
4 19
5 19
4 19
5 19
4 19
5 19
5 20
4 20
4 21
4 22
3 22
3 21
3 22
4 22
5 22
5 23
5 24
5 23
6 23
7 23
6 23
5 23
6 23
6 24
6 25
5 25
6 25
6 26
7 26
7 27
7 26
7 25
6 25
7 25
7 24
6 24
5 24
4 24
3 24
4 24
5 24
5 25
5 26
6 26
6 27
6 26
7 26
7 27
7 26
8 26
9 26
8 26
8 27
8 28
7 28
7 27
7 28
7 29
7 28
7 29
7 30
7 31
7 32
8 32
8 33
8 34
8 35
7 35
6 35
6 36
5 36
4 36
4 37
4 36
4 35
3 35
3 34
4 34
4 35
3 35
3 36
3 37
2 37
2 36
1 36
2 36
2 37
3 37
3 36
3 37
4 37
4 38
5 38
6 38
6 37
5 37
4 37
5 37
6 37
6 36
6 35
7 35
6 35
6 36
7 36
7 35
8 35
8 36
8 35
8 34
7 34
6 34
6 33
6 34
5 34
5 35
4 35
4 34
4 35
3 35
2 35
1 35
1 34
1 35
1 36
2 36
2 35
3 35
4 35
4 34
4 33
5 33
5 32
5 31
4 31
4 30
4 31
5 31
6 31
5 31
5 32
5 31
4 31
4 30
3 30
3 29
4 29
4 30
5 30
5 31
4 31
4 32
5 32
5 33
6 33
5 33
5 32
4 32
3 32
2 32
3 32
3 31
4 31
4 32
4 31
4 32
4 31
5 31
5 30
5 29
4 29
4 30
4 29
5 29
6 29
6 28
6 27
7 27
7 26
7 27
6 27
7 27
8 27
8 28
8 29
7 29
8 29
8 30
9 30
9 31
8 31
8 32
8 33
8 34
8 33
7 33
7 32
7 31
6 31
6 32
7 32
6 32
7 32
7 33
6 33
5 33
5 32
6 32
5 32
5 31
5 32
6 32
6 33
5 33
4 33
4 34
5 34
6 34
6 35
6 36
6 35
7 35
7 36
8 36
9 36
10 36
10 35
9 35
8 35
8 36
8 37
7 37
7 36
8 36
9 36
10 36
11 36
11 35
10 35
10 36
10 35
9 35
8 35
7 35
7 34
8 34
7 34
7 33
7 34
7 33
8 33
9 33
9 34
8 34
9 34
10 34
11 34
11 33
12 33
13 33
13 32
14 32
14 33
14 32
15 32
15 33
14 33
13 33
12 33
13 33
14 33
14 34
13 34
14 34
15 34
16 34
16 33
17 33
17 34
16 34
17 34
18 34
19 34
19 35
19 36
20 36
20 37
20 38
19 38
19 39
18 39
18 40
19 40
18 40
18 39
17 39
16 39
15 39
15 38
15 39
15 38
16 38
17 38
17 37
17 38
17 37
18 37
18 36
19 36
19 35
20 35
21 35
21 34
22 34
22 35
22 36
22 35
21 35
22 35
23 35
24 35
