0 0
1 0
1 1
1 2
1 3
0 3
0 2
0 1
1 1
2 1
1 1
1 2
0 2
0 3
1 3
1 2
2 2
3 2
2 2
3 2
3 3
4 3
5 3
4 3
4 2
4 3
5 3
6 3
6 2
6 3
5 3
5 4
5 3
6 3
6 2
5 2
4 2
4 1
4 2
5 2
5 3
6 3
7 3
6 3
6 4
5 4
4 4
4 3
4 4
3 4
3 5
3 6
3 5
2 5
3 5
2 5
1 5
2 5
2 6
1 6
0 6
0 5
0 4
1 4
1 5
1 6
0 6
0 5
1 5
0 5
1 5
2 5
2 6
3 6
3 7
3 8
3 9
3 8
3 7
3 6
3 5
2 5
2 4
3 4
3 3
4 3
3 3
3 4
3 3
2 3
3 3
3 4
2 4
3 4
3 3
4 3
4 4
3 4
3 5
4 5
5 5
5 6
5 7
4 7
4 8
4 9
4 10
4 9
5 9
5 8
4 8
4 9
3 9
2 9
3 9
4 9
4 8
4 9
4 8
3 8
2 8
2 7
1 7
0 7
1 7
0 7
1 7
2 7
2 6
2 7
2 6
3 6
3 5
4 5
5 5
5 4
6 4
6 5
5 5
5 4
6 4
6 5
6 6
7 6
6 6
6 7
6 8
7 8
7 9
6 9
6 8
6 9
6 10
6 9
6 10
7 10
6 10
6 9
7 9
7 10
7 9
6 9
6 10
6 11
6 10
7 10
8 10
9 10
8 10
8 9
9 9
9 10
9 11
9 10
9 9
9 8
9 9
10 9
9 9
9 10
10 10
10 9
9 9
9 8
9 9
9 10
10 10
9 10
9 11
8 11
7 11
7 10
7 11
6 11
6 10
6 9
7 9
8 9
8 8
8 9
8 10
7 10
6 10
5 10
5 9
5 10
5 9
4 9
3 9
3 10
4 10
4 11
5 11
5 12
6 12
5 12
6 12
7 12
6 12
7 12
7 13
6 13
6 14
7 14
6 14
6 13
6 12
6 11
7 11
8 11
9 11
9 10
10 10
10 11
10 10
10 9
11 9
11 8
11 9
12 9
12 10
13 10
12 10
13 10
14 10
14 9
14 8
13 8
13 7
12 7
12 8
11 8
12 8
12 7
12 6
13 6
12 6
13 6
13 7
13 6
12 6
11 6
12 6
13 6
12 6
12 5
12 4
11 4
12 4
13 4
12 4
11 4
11 3
11 2
12 2
12 1
13 1
13 0
14 0
14 1
14 0
14 1
15 1
16 1
16 0
15 0
15 1
15 0
15 1
15 0
15 1
15 2
15 1
15 0
15 1
15 2
15 3
14 3
14 4
14 3
13 3
13 2
14 2
14 1
14 2
14 1
15 1
14 1
15 1
15 2
15 3
15 4
16 4
16 5
16 6
17 6
16 6
16 7
17 7
16 7
16 8
17 8
16 8
16 7
15 7
14 7
15 7
16 7
16 6
15 6
15 5
16 5
15 5
14 5
14 4
14 3
13 3
13 2
14 2
14 3
13 3
13 4
13 5
12 5
12 6
11 6
12 6
12 5
12 6
12 5
12 6
13 6
14 6
13 6
14 6
14 7
14 6
15 6
15 7
15 8
14 8
14 7
14 6
13 6
13 5
14 5
15 5
14 5
13 5
12 5
13 5
13 4
14 4
14 3
15 3
16 3
15 3
16 3
17 3
18 3
18 4
19 4
18 4
19 4
20 4
19 4
18 4
17 4
17 5
18 5
19 5
20 5
19 5
18 5
19 5
18 5
19 5
19 6
18 6
17 6
17 5
17 6
18 6
18 5
19 5
19 4
18 4
18 5
19 5
20 5
21 5
21 4
21 5
21 6
21 5
21 6
21 7
20 7
21 7
21 8
21 7
21 6
21 5
21 6
21 7
21 8
20 8
19 8
20 8
20 9
20 10
21 10
21 9
20 9
20 8
20 7
19 7
19 8
19 9
19 10
19 11
19 12
20 12
19 12
20 12
20 13
21 13
20 13
21 13
20 13
20 12
20 11
21 11
21 12
20 12
21 12
22 12
23 12
22 12
21 12
21 11
22 11
22 12
22 11
22 10
22 9
22 10
23 10
23 11
22 11
23 11
23 10
23 11
23 10
23 11
23 10
22 10
21 10
22 10
22 11
22 10
22 9
22 8
21 8
21 9
20 9
21 9
20 9
20 10
20 9
20 10
20 11
20 10
20 9
20 8
20 7
20 8
20 7
20 6
21 6
22 6
22 5
21 5
20 5
19 5
19 6
18 6
18 5
19 5
19 4
19 3
20 3
21 3
22 3
21 3
20 3
21 3
21 2
22 2
23 2
23 3
22 3
22 2
22 3
22 2
21 2
20 2
20 3
21 3
21 2
21 3
21 2
21 1
20 1
21 1
21 0
21 1
20 1
20 2
20 1
20 2
20 1
19 1
18 1
19 1
18 1
18 0
18 1
18 2
18 1
18 0
18 1
18 0
18 1
17 1
18 1
19 1
20 1
21 1
21 0
21 1
21 0
22 0
21 0
20 0
20 1
20 2
20 1
20 2
20 1
20 0
19 0
18 0
18 1
19 1
19 0
19 1
18 1
19 1
18 1
17 1
17 2
17 3
18 3
18 2
18 3
19 3
19 2
20 2
20 1
19 1
19 2
19 3
20 3
20 2
20 1
20 0
21 0
20 0
20 1
21 1
21 0
21 1
22 1
22 0
23 0
23 1
22 1
23 1
23 2
22 2
21 2
20 2
21 2
22 2
22 3
23 3
22 3
23 3
24 3
23 3
24 3
25 3
24 3
25 3
24 3
24 4
24 5
24 6
23 6
23 7
24 7
24 8
24 9
23 9
23 8
23 7
23 8
23 9
24 9
24 10
23 10
23 9
23 8
22 8
22 9
22 10
23 10
24 10
25 10
26 10
27 10
28 10
29 10
29 9
28 9
29 9
29 10
28 10
28 9
28 8
27 8
26 8
26 7
27 7
27 8
28 8
28 7
28 6
28 7
27 7
27 8
28 8
28 7
28 8
28 7
27 7
26 7
26 6
26 7
27 7
28 7
27 7
28 7
29 7
28 7
27 7
27 8
27 7
26 7
26 6
25 6
25 7
24 7
24 8
24 7
24 8
24 9
24 10
24 11
23 11
22 11
22 12
21 12
21 13
22 13
23 13
23 12
23 13
23 14
23 15
24 15
24 16
24 17
23 17
23 18
23 17
23 18
24 18
25 18
26 18
27 18
28 18
28 19
27 19
28 19
29 19
30 19
30 18
31 18
30 18
30 17
30 18
30 17
30 16
29 16
30 16
31 16
31 15
30 15
31 15
30 15
30 14
29 14
29 13
28 13
27 13
28 13
29 13
28 13
29 13
29 12
29 11
28 11
28 12
29 12
28 12
28 11
28 10
28 11
28 10
28 9
28 10
29 10
29 11
29 10
28 10
28 9
29 9
28 9
28 8
29 8
28 8
28 7
28 8
29 8
29 7
29 8
29 7
29 8
29 9
29 8
29 9
30 9
30 10
30 11
29 11
28 11
28 12
28 13
29 13
30 13
31 13
32 13
32 12
31 12
31 11
31 10
31 9
31 8
32 8
32 9
32 10
31 10
31 9
31 8
31 9
31 8
31 9
31 10
31 9
31 8
32 8
31 8
31 7
31 6
31 5
31 6
32 6
33 6
33 5
34 5
34 6
34 7
34 6
34 7
35 7
34 7
34 6
34 7
35 7
34 7
33 7
33 8
34 8
34 9
35 9
34 9
34 10
34 9
35 9
35 10
34 10
34 9
34 8
35 8
34 8
35 8
36 8
36 9
37 9
38 9
38 8
37 8
37 7
37 8
36 8
37 8
36 8
35 8
35 9
35 10
35 11
35 12
36 12
37 12
36 12
36 13
37 13
37 12
37 13
37 14
37 13
36 13
35 13
36 13
36 12
35 12
35 13
36 13
37 13
36 13
35 13
35 12
34 12
33 12
33 11
34 11
34 12
34 13
33 13
33 12
33 13
33 14
33 15
34 15
34 16
33 16
33 15
34 15
34 14
35 14
36 14
35 14
36 14
37 14
37 13
37 12
37 11
37 12
36 12
37 12
37 11
37 10
37 9
37 8
37 7
37 6
37 5
36 5
37 5
36 5
37 5
38 5
37 5
37 4
37 3
36 3
36 2
36 1
37 1
36 1
37 1
36 1
36 2
37 2
37 1
38 1
38 0
38 1
38 0
38 1
38 0
38 1
38 0
38 1
38 2
38 1
37 1
37 2
37 1
38 1
39 1
40 1
40 0
40 1
39 1
38 1
38 0
37 0
37 1
36 1
35 1
35 2
35 3
35 2
35 3
35 4
36 4
36 3
37 3
37 2
37 3
36 3
36 2
36 1
35 1
35 2
35 3
35 4
35 5
36 5
37 5
36 5
37 5
38 5
38 6
38 5
39 5
40 5
40 4
40 3
39 3
39 4
40 4
40 3
39 3
39 4
39 3
38 3
