0 0
1 0
1 1
1 0
0 0
1 0
1 1
1 2
1 1
1 0
1 1
1 0
2 0
2 1
1 1
2 1
2 0
3 0
2 0
2 1
1 1
2 1
1 1
0 1
0 0
1 0
0 0
1 0
1 1
1 0
1 1
2 1
3 1
2 1
2 2
2 3
2 2
2 3
3 3
4 3
3 3
3 4
3 3
4 3
3 3
4 3
3 3
2 3
3 3
2 3
1 3
2 3
1 3
2 3
2 4
1 4
2 4
1 4
1 5
2 5
2 6
2 5
2 4
2 3
2 4
2 5
2 6
2 5
3 5
4 5
3 5
3 6
3 5
4 5
4 4
3 4
3 5
4 5
4 6
5 6
4 6
4 7
4 8
3 8
2 8
3 8
3 7
2 7
3 7
3 6
4 6
3 6
3 7
4 7
4 6
5 6
4 6
4 7
4 8
4 7
4 8
5 8
6 8
5 8
5 9
5 10
6 10
6 11
6 12
7 12
7 11
7 12
7 11
6 11
6 10
7 10
7 11
7 10
6 10
6 9
6 8
7 8
6 8
6 9
7 9
7 10
7 9
6 9
5 9
5 10
5 9
6 9
6 10
6 11
6 10
5 10
6 10
7 10
8 10
8 11
9 11
10 11
9 11
9 12
9 11
8 11
8 10
9 10
8 10
8 9
8 10
9 10
10 10
11 10
10 10
10 9
10 8
11 8
11 9
11 8
11 7
11 8
12 8
13 8
14 8
13 8
13 9
13 8
14 8
13 8
12 8
12 7
12 6
12 7
13 7
12 7
11 7
10 7
11 7
11 6
11 5
11 6
10 6
11 6
10 6
10 5
10 6
9 6
9 7
9 8
9 9
8 9
7 9
7 8
8 8
9 8
8 8
9 8
10 8
10 9
10 8
10 7
11 7
10 7
10 6
10 5
9 5
8 5
9 5
9 6
9 7
8 7
8 6
8 7
8 6
8 5
7 5
7 4
7 3
6 3
7 3
7 2
8 2
8 3
9 3
9 2
10 2
11 2
11 1
10 1
9 1
10 1
10 0
10 1
11 1
12 1
12 0
13 0
14 0
13 0
13 1
12 1
13 1
14 1
15 1
15 2
16 2
17 2
17 3
16 3
15 3
15 2
15 1
15 2
15 1
14 1
15 1
16 1
16 0
17 0
17 1
17 2
16 2
16 1
16 0
15 0
16 0
17 0
16 0
16 1
16 0
15 0
15 1
16 1
15 1
14 1
14 2
15 2
16 2
15 2
14 2
14 1
15 1
14 1
15 1
14 1
15 1
16 1
17 1
18 1
19 1
20 1
19 1
19 0
18 0
17 0
17 1
17 0
17 1
17 2
16 2
15 2
15 1
15 0
14 0
13 0
13 1
13 0
14 0
15 0
15 1
15 0
14 0
14 1
14 0
14 1
14 2
14 1
15 1
15 0
16 0
16 1
15 1
15 2
16 2
16 3
16 2
15 2
15 1
15 2
15 3
14 3
13 3
13 4
13 3
12 3
12 2
13 2
12 2
11 2
10 2
10 3
10 2
11 2
10 2
10 3
10 2
10 1
9 1
9 2
9 3
9 4
9 3
8 3
8 4
8 3
8 4
7 4
7 5
8 5
7 5
7 4
6 4
6 5
7 5
6 5
6 6
6 5
6 4
6 3
5 3
5 4
5 5
6 5
6 6
7 6
7 5
7 6
7 7
7 6
8 6
8 7
8 8
8 9
8 8
8 9
8 8
9 8
9 7
8 7
9 7
9 8
8 8
8 9
8 8
9 8
8 8
8 7
8 6
9 6
9 7
8 7
9 7
8 7
8 6
8 7
8 6
8 7
9 7
8 7
7 7
8 7
8 8
8 7
8 8
9 8
9 9
9 10
10 10
9 10
9 9
9 10
10 10
9 10
8 10
9 10
10 10
10 9
11 9
11 10
12 10
13 10
13 9
12 9
12 10
11 10
11 9
11 10
12 10
11 10
10 10
10 11
10 12
11 12
10 12
10 13
10 14
10 15
11 15
10 15
9 15
10 15
10 16
10 17
10 18
9 18
8 18
7 18
6 18
5 18
5 17
6 17
7 17
7 18
6 18
6 19
6 20
5 20
5 21
6 21
5 21
5 22
5 23
5 24
5 25
5 26
5 27
4 27
5 27
5 26
5 27
6 27
6 28
6 29
6 30
5 30
6 30
5 30
4 30
3 30
4 30
3 30
3 29
2 29
1 29
1 28
0 28
0 27
1 27
2 27
1 27
2 27
3 27
3 26
4 26
3 26
3 25
3 24
4 24
5 24
4 24
3 24
4 24
5 24
6 24
6 23
5 23
5 22
5 21
6 21
6 20
7 20
6 20
5 20
6 20
7 20
8 20
8 21
9 21
9 22
8 22
7 22
7 23
7 24
6 24
5 24
5 23
4 23
3 23
3 24
2 24
2 25
1 25
0 25
0 24
0 25
1 25
1 24
2 24
2 25
3 25
3 26
3 25
3 24
3 25
2 25
2 24
3 24
3 25
3 24
3 25
4 25
3 25
3 26
3 25
4 25
4 24
3 24
3 23
4 23
4 24
4 23
3 23
3 22
4 22
3 22
4 22
3 22
3 23
3 22
4 22
4 23
5 23
5 24
5 23
5 24
4 24
4 23
4 22
4 21
4 20
4 19
3 19
4 19
4 18
4 19
4 18
5 18
5 17
4 17
4 18
4 17
5 17
5 16
5 17
5 18
6 18
7 18
7 19
7 20
6 20
7 20
6 20
7 20
8 20
8 21
7 21
7 22
8 22
8 23
7 23
6 23
5 23
4 23
3 23
2 23
2 22
2 21
2 20
2 19
3 19
3 20
3 21
3 22
4 22
3 22
4 22
4 23
3 23
3 22
4 22
5 22
6 22
6 21
7 21
6 21
6 22
5 22
5 23
5 22
4 22
5 22
6 22
5 22
5 21
6 21
6 22
6 21
6 22
5 22
4 22
5 22
6 22
6 23
7 23
6 23
7 23
8 23
9 23
9 24
9 23
9 22
9 23
9 22
10 22
11 22
11 23
10 23
10 24
10 25
11 25
12 25
11 25
12 25
13 25
14 25
15 25
15 24
16 24
16 25
16 26
15 26
15 27
15 28
15 29
15 28
16 28
16 29
15 29
15 28
14 28
14 27
14 28
14 29
13 29
13 28
13 27
13 28
13 29
12 29
12 30
11 30
10 30
10 29
10 30
10 31
10 30
10 29
11 29
11 28
12 28
12 29
11 29
10 29
9 29
8 29
8 28
8 29
7 29
6 29
6 28
6 29
6 30
6 29
5 29
4 29
4 30
5 30
6 30
5 30
5 31
4 31
4 32
4 31
5 31
4 31
3 31
3 32
4 32
4 33
4 32
4 31
5 31
6 31
7 31
7 32
7 33
7 34
7 33
6 33
5 33
4 33
5 33
5 32
5 31
5 30
5 31
4 31
4 32
4 31
3 31
2 31
2 30
3 30
2 30
2 29
1 29
1 30
2 30
2 31
3 31
3 30
3 31
3 30
3 31
3 30
2 30
1 30
1 31
1 30
1 29
1 28
1 29
2 29
2 28
3 28
2 28
1 28
0 28
1 28
1 29
1 30
1 31
0 31
1 31
2 31
3 31
4 31
5 31
5 30
4 30
3 30
3 31
4 31
3 31
4 31
5 31
5 32
4 32
5 32
5 33
4 33
3 33
2 33
2 32
1 32
1 31
0 31
0 32
0 33
0 34
1 34
0 34
1 34
1 33
1 34
0 34
0 33
1 33
1 32
0 32
1 32
0 32
1 32
2 32
2 31
1 31
2 31
2 32
2 31
3 31
3 30
4 30
4 31
4 32
4 33
3 33
4 33
4 34
4 33
5 33
5 34
6 34
6 35
6 36
7 36
8 36
9 36
10 36
9 36
9 35
10 35
9 35
9 36
8 36
8 35
9 35
10 35
9 35
9 34
8 34
9 34
9 35
9 36
9 35
9 34
9 33
9 34
9 33
8 33
8 34
7 34
6 34
6 35
6 34
5 34
4 34
4 33
4 34
4 35
3 35
3 36
4 36
5 36
5 37
6 37
7 37
8 37
8 38
9 38
9 39
8 39
9 39
9 38
8 38
8 39
8 40
7 40
6 40
5 40
5 41
5 40
6 40
5 40
5 39
6 39
6 40
6 41
6 40
7 40
6 40
6 39
7 39
7 40
6 40
5 40
6 40
5 40
6 40
6 39
6 38
5 38
4 38
4 37
4 36
5 36
4 36
3 36
4 36
5 36
5 37
5 36
4 36
5 36
4 36
3 36
3 35
3 36
3 35
3 34
2 34
3 34
3 33
3 32
3 31
4 31
3 31
2 31
2 30
1 30
0 30
0 31
0 30
0 29
1 29
0 29
0 28
0 27
0 26
0 27
1 27
2 27
3 27
3 26
3 25
2 25
2 24
2 25
2 26
2 27
1 27
1 28
1 27
1 28
2 28
1 28
0 28
0 27
0 26
0 25
