0 0
1 0
1 1
2 1
2 2
1 2
0 2
0 1
1 1
1 0
1 1
2 1
2 0
3 0
3 1
3 0
3 1
3 2
4 2
3 2
2 2
3 2
4 2
5 2
5 1
5 0
4 0
4 1
4 2
5 2
5 1
5 2
5 1
6 1
6 2
6 3
7 3
8 3
8 2
8 1
9 1
9 0
9 1
8 1
8 0
9 0
10 0
11 0
11 1
10 1
9 1
9 2
9 3
9 4
9 5
9 6
9 7
10 7
10 6
9 6
9 7
8 7
8 6
8 5
8 6
7 6
8 6
7 6
7 7
8 7
9 7
9 8
9 9
10 9
10 8
9 8
9 9
9 10
10 10
9 10
10 10
10 11
9 11
9 12
9 11
9 12
8 12
9 12
10 12
9 12
10 12
10 13
11 13
12 13
12 12
13 12
13 13
13 12
12 12
13 12
13 11
14 11
13 11
13 12
13 13
12 13
11 13
12 13
12 12
13 12
13 13
14 13
14 12
14 11
13 11
13 10
13 9
13 8
13 7
14 7
15 7
15 6
14 6
14 7
13 7
13 6
13 7
14 7
14 6
15 6
14 6
15 6
15 7
16 7
16 6
15 6
15 5
16 5
15 5
16 5
15 5
16 5
16 4
15 4
16 4
16 5
15 5
15 4
15 3
15 4
16 4
16 3
16 4
16 5
17 5
18 5
19 5
19 4
19 3
18 3
18 4
17 4
18 4
19 4
20 4
21 4
21 5
20 5
21 5
21 6
20 6
20 5
21 5
22 5
21 5
21 6
21 7
20 7
20 8
19 8
20 8
20 9
20 8
19 8
20 8
20 9
20 8
20 7
21 7
21 8
21 9
21 10
21 11
20 11
21 11
22 11
21 11
21 12
21 13
21 14
20 14
20 15
20 16
19 16
18 16
17 16
18 16
19 16
19 15
19 16
20 16
21 16
20 16
19 16
18 16
19 16
19 15
18 15
18 14
17 14
17 13
17 12
16 12
16 13
16 12
15 12
14 12
14 13
14 14
14 15
15 15
16 15
16 14
16 15
15 15
16 15
16 16
16 17
16 18
17 18
17 17
17 18
17 19
17 18
18 18
17 18
17 19
16 19
16 18
16 19
16 18
15 18
15 17
15 16
15 17
15 18
14 18
14 19
15 19
15 20
14 20
14 21
14 22
15 22
14 22
15 22
16 22
17 22
17 23
18 23
18 22
18 23
19 23
18 23
17 23
18 23
18 22
17 22
18 22
18 23
18 24
18 25
18 24
18 23
19 23
20 23
20 24
21 24
21 25
22 25
23 25
23 26
23 25
23 26
23 25
23 26
23 25
23 26
22 26
22 25
22 26
22 25
23 25
23 26
23 27
22 27
22 26
22 25
22 24
21 24
22 24
23 24
23 23
24 23
25 23
25 24
25 23
25 24
24 24
24 25
23 25
23 24
24 24
24 25
25 25
25 26
25 27
24 27
25 27
25 26
24 26
24 27
24 26
23 26
24 26
24 25
23 25
24 25
25 25
24 25
24 26
24 27
24 28
23 28
22 28
21 28
22 28
21 28
21 29
21 30
22 30
22 29
22 30
21 30
22 30
22 29
22 30
23 30
23 31
24 31
24 32
23 32
23 31
23 32
24 32
24 31
23 31
23 32
24 32
25 32
26 32
27 32
27 33
27 32
27 33
27 32
27 33
28 33
27 33
26 33
25 33
25 32
25 33
25 32
24 32
25 32
26 32
26 33
26 34
26 35
27 35
27 36
28 36
29 36
29 35
30 35
29 35
29 36
28 36
28 35
28 36
28 35
28 34
27 34
27 35
27 36
28 36
28 35
29 35
29 36
29 37
28 37
27 37
28 37
28 38
28 39
28 38
27 38
27 39
26 39
26 38
25 38
25 37
25 38
25 37
24 37
24 38
23 38
23 37
23 38
23 37
23 36
23 35
22 35
22 34
23 34
22 34
22 35
22 36
22 35
22 36
23 36
24 36
24 35
24 34
24 33
24 34
24 33
24 32
25 32
25 31
25 32
26 32
26 33
26 32
26 31
27 31
28 31
28 32
27 32
28 32
28 31
28 30
28 31
27 31
28 31
28 30
28 29
29 29
29 28
30 28
30 27
30 26
29 26
28 26
29 26
30 26
29 26
29 25
28 25
28 26
28 27
29 27
29 28
29 29
29 28
29 27
29 26
29 27
29 28
29 29
29 30
30 30
29 30
28 30
29 30
30 30
31 30
31 29
31 30
31 29
31 28
32 28
32 29
33 29
34 29
33 29
34 29
33 29
32 29
32 28
32 29
33 29
33 28
34 28
34 29
34 28
33 28
33 27
33 28
32 28
32 29
33 29
33 30
33 31
34 31
34 30
34 31
35 31
34 31
34 32
33 32
32 32
31 32
32 32
31 32
31 31
30 31
31 31
32 31
32 30
32 31
32 30
32 31
31 31
32 31
33 31
32 31
33 31
33 30
32 30
33 30
33 29
34 29
34 28
33 28
34 28
34 29
33 29
33 28
34 28
33 28
33 27
33 28
33 27
33 26
34 26
33 26
33 25
34 25
33 25
32 25
32 26
31 26
31 25
31 24
31 25
31 26
31 27
31 28
30 28
29 28
29 27
28 27
29 27
29 28
28 28
27 28
27 29
27 28
27 29
27 30
26 30
26 29
27 29
28 29
28 30
28 29
28 28
28 27
28 26
28 27
29 27
30 27
31 27
31 28
31 29
31 28
31 29
30 29
29 29
29 28
29 29
30 29
29 29
28 29
28 30
27 30
28 30
28 31
28 32
27 32
26 32
27 32
26 32
26 31
25 31
25 30
25 29
25 28
25 29
26 29
26 30
25 30
26 30
25 30
25 31
26 31
26 32
26 31
26 32
25 32
26 32
26 33
25 33
26 33
27 33
28 33
28 34
28 33
28 32
27 32
26 32
25 32
24 32
25 32
25 31
25 32
25 33
25 34
25 33
25 34
24 34
24 33
23 33
22 33
23 33
23 32
23 33
23 34
23 33
23 32
23 33
22 33
22 34
22 35
23 35
23 36
23 37
23 38
23 39
22 39
22 40
23 40
24 40
23 40
22 40
23 40
24 40
25 40
26 40
25 40
25 39
25 38
25 37
25 36
25 37
24 37
24 36
25 36
25 37
24 37
25 37
25 36
26 36
25 36
25 35
24 35
23 35
22 35
23 35
23 36
22 36
22 35
21 35
22 35
22 36
23 36
22 36
21 36
21 37
22 37
23 37
24 37
24 38
24 39
24 40
23 40
24 40
24 41
25 41
25 42
24 42
23 42
23 41
24 41
23 41
24 41
23 41
24 41
24 40
25 40
25 41
25 42
25 43
24 43
24 44
25 44
25 43
25 42
26 42
26 41
26 42
27 42
26 42
26 43
26 42
26 41
26 40
27 40
27 41
27 42
28 42
29 42
29 43
28 43
28 42
27 42
26 42
26 41
27 41
26 41
26 42
26 41
27 41
27 40
27 41
27 40
26 40
26 41
26 42
26 43
25 43
25 42
25 43
24 43
25 43
25 42
25 41
25 42
26 42
27 42
27 43
28 43
28 42
28 43
28 42
28 41
29 41
29 42
29 41
29 40
29 41
30 41
30 42
29 42
29 43
28 43
29 43
29 44
28 44
29 44
29 45
29 44
29 45
30 45
30 46
31 46
32 46
33 46
34 46
33 46
32 46
33 46
34 46
33 46
34 46
35 46
36 46
36 47
36 46
35 46
35 45
36 45
37 45
37 44
37 45
37 44
37 43
38 43
38 42
38 41
38 40
38 39
37 39
37 38
37 39
37 40
38 40
39 40
38 40
38 41
38 42
38 41
38 42
38 43
39 43
38 43
38 44
38 43
38 44
39 44
40 44
40 45
40 44
41 44
40 44
40 45
40 44
39 44
39 43
38 43
37 43
37 44
38 44
39 44
39 43
40 43
40 42
39 42
39 41
38 41
38 40
38 41
38 42
39 42
39 41
40 41
40 42
40 43
39 43
40 43
40 42
39 42
39 41
38 41
39 41
38 41
37 41
36 41
37 41
38 41
39 41
40 41
40 40
39 40
38 40
37 40
38 40
37 40
37 39
37 38
37 39
37 40
36 40
36 39
35 39
35 38
35 37
36 37
36 38
36 39
35 39
34 39
34 38
34 39
33 39
33 38
33 37
33 38
33 37
33 36
33 35
32 35
32 34
32 35
32 36
31 36
31 37
30 37
29 37
29 36
28 36
27 36
28 36
27 36
27 37
27 36
28 36
27 36
28 36
29 36
30 36
30 35
31 35
30 35
30 34
30 35
30 34
29 34
29 33
29 34
29 35
29 34
30 34
29 34
28 34
28 33
27 33
28 33
29 33
30 33
31 33
31 32
31 33
30 33
30 34
31 34
32 34
32 33
32 34
32 33
31 33
31 34
30 34
29 34
29 35
29 34
29 35
29 36
29 35
29 36
29 35
28 35
29 35
29 34
30 34
30 35
30 36
30 37
