0 0
0 1
0 0
1 0
0 0
0 1
0 2
0 3
1 3
2 3
2 2
2 1
2 2
1 2
1 3
1 2
1 1
0 1
1 1
1 2
1 3
1 2
1 1
1 0
1 1
2 1
3 1
3 0
3 1
3 0
3 1
3 0
3 1
4 1
4 0
4 1
4 2
4 1
3 1
4 1
4 0
4 1
3 1
3 2
2 2
1 2
0 2
0 1
1 1
0 1
1 1
0 1
1 1
1 0
1 1
1 2
1 1
1 0
1 1
2 1
1 1
2 1
1 1
1 0
1 1
1 0
0 0
1 0
1 1
2 1
2 0
1 0
0 0
1 0
2 0
2 1
1 1
1 2
2 2
3 2
4 2
3 2
3 1
3 2
3 3
4 3
4 4
5 4
5 5
4 5
4 6
4 5
5 5
6 5
7 5
8 5
8 6
8 7
8 6
8 5
9 5
10 5
10 4
9 4
9 3
10 3
11 3
11 2
12 2
11 2
12 2
13 2
12 2
13 2
13 3
14 3
14 2
14 3
14 2
14 3
14 2
14 1
15 1
15 2
14 2
14 1
15 1
15 0
15 1
15 2
16 2
16 1
16 0
15 0
16 0
17 0
16 0
15 0
15 1
14 1
14 0
14 1
14 2
14 1
14 0
15 0
14 0
14 1
13 1
14 1
13 1
13 0
13 1
13 0
13 1
12 1
12 2
13 2
12 2
13 2
13 3
13 4
14 4
15 4
14 4
14 3
14 2
14 3
15 3
15 4
15 5
15 6
14 6
15 6
16 6
15 6
14 6
13 6
13 5
12 5
12 4
11 4
11 3
11 4
11 5
12 5
13 5
14 5
15 5
15 4
15 3
15 4
15 3
15 2
16 2
16 1
16 2
16 1
17 1
16 1
16 2
17 2
17 1
17 2
17 1
16 1
15 1
15 0
16 0
17 0
17 1
17 2
17 3
17 2
17 3
17 4
17 3
17 4
18 4
19 4
20 4
20 3
20 2
21 2
20 2
20 3
19 3
18 3
18 4
18 3
18 2
17 2
17 1
17 2
16 2
15 2
16 2
15 2
16 2
17 2
17 1
16 1
16 2
17 2
17 3
16 3
17 3
18 3
17 3
17 4
17 3
18 3
17 3
18 3
18 2
18 1
18 0
17 0
17 1
17 2
17 3
16 3
16 4
15 4
15 5
15 6
14 6
13 6
12 6
11 6
10 6
10 7
9 7
9 6
9 7
9 8
9 7
10 7
10 8
10 9
10 8
11 8
11 9
11 10
10 10
10 9
10 8
10 7
10 8
9 8
8 8
8 7
8 6
8 5
8 6
8 7
7 7
7 6
7 7
7 6
6 6
6 5
7 5
7 6
7 7
7 6
6 6
6 5
5 5
5 4
4 4
4 3
5 3
6 3
6 4
7 4
7 5
8 5
8 6
9 6
10 6
10 5
9 5
8 5
9 5
9 6
10 6
9 6
10 6
11 6
11 7
11 8
10 8
11 8
11 7
10 7
9 7
9 6
9 7
10 7
9 7
9 8
8 8
8 7
8 8
7 8
7 9
6 9
6 8
7 8
7 7
6 7
5 7
6 7
6 6
6 7
6 6
5 6
6 6
5 6
5 7
4 7
5 7
6 7
5 7
5 6
6 6
5 6
5 5
5 6
4 6
4 7
4 6
4 7
4 6
5 6
6 6
6 7
6 6
6 7
6 6
6 7
7 7
7 8
7 9
7 10
8 10
8 11
8 10
7 10
6 10
6 9
6 10
6 9
5 9
5 8
4 8
4 7
4 8
3 8
3 9
3 8
3 9
3 8
3 7
3 8
3 9
2 9
2 8
1 8
2 8
2 9
2 10
2 9
1 9
1 8
2 8
2 7
3 7
4 7
5 7
5 8
5 9
6 9
5 9
5 10
5 11
6 11
6 10
6 9
6 8
5 8
4 8
3 8
3 9
4 9
5 9
5 10
6 10
7 10
7 9
8 9
7 9
8 9
8 10
8 11
7 11
8 11
9 11
10 11
10 12
11 12
10 12
10 13
10 14
10 15
10 14
10 13
11 13
10 13
10 12
9 12
9 13
9 14
9 13
10 13
11 13
12 13
11 13
12 13
11 13
11 12
10 12
10 13
11 13
12 13
13 13
14 13
13 13
13 14
13 15
12 15
11 15
10 15
10 16
9 16
9 15
9 16
9 17
9 18
8 18
8 19
8 18
7 18
6 18
6 19
5 19
5 20
5 21
4 21
4 20
4 21
4 22
5 22
5 21
5 22
5 21
6 21
5 21
6 21
6 20
5 20
5 19
6 19
6 20
6 21
7 21
8 21
7 21
6 21
7 21
6 21
6 20
7 20
6 20
5 20
5 19
5 20
5 21
5 22
6 22
6 23
6 24
5 24
6 24
7 24
7 25
7 24
6 24
6 25
6 24
5 24
4 24
4 25
4 26
3 26
4 26
4 25
5 25
5 26
4 26
4 27
4 26
4 25
5 25
6 25
7 25
7 24
8 24
7 24
7 23
7 24
8 24
7 24
7 23
7 24
6 24
5 24
4 24
4 25
5 25
6 25
6 24
6 23
6 24
6 25
7 25
7 24
8 24
8 23
7 23
8 23
7 23
7 22
7 21
7 22
6 22
6 21
7 21
8 21
9 21
9 22
8 22
8 21
8 22
7 22
6 22
6 21
5 21
4 21
4 20
4 21
5 21
6 21
6 20
7 20
7 19
7 18
7 19
7 20
8 20
9 20
9 19
9 18
8 18
8 19
8 18
8 19
7 19
7 18
7 19
6 19
6 18
7 18
6 18
7 18
7 17
6 17
7 17
6 17
7 17
6 17
6 18
7 18
7 19
7 18
7 19
7 18
8 18
8 19
9 19
10 19
10 20
10 19
10 18
11 18
11 17
11 18
12 18
12 17
13 17
12 17
13 17
14 17
15 17
14 17
14 18
15 18
16 18
17 18
17 19
16 19
16 18
15 18
15 19
15 20
15 21
14 21
14 20
13 20
14 20
13 20
14 20
14 21
14 22
14 23
14 22
13 22
13 23
12 23
12 24
12 25
11 25
10 25
11 25
10 25
10 26
10 25
9 25
9 24
9 23
8 23
8 24
9 24
9 25
10 25
10 26
9 26
8 26
8 27
7 27
8 27
7 27
7 26
6 26
6 25
6 24
6 23
5 23
5 24
5 23
5 22
5 23
6 23
5 23
5 22
6 22
7 22
6 22
6 21
7 21
6 21
7 21
8 21
9 21
9 22
9 23
9 24
9 23
9 22
9 21
8 21
8 20
9 20
8 20
7 20
7 19
7 20
7 19
6 19
7 19
7 18
7 17
7 18
6 18
7 18
6 18
6 17
6 18
6 17
6 16
6 17
7 17
8 17
8 18
8 19
8 20
8 21
8 22
9 22
9 23
8 23
8 24
7 24
8 24
7 24
7 25
8 25
8 24
8 23
9 23
8 23
8 22
8 21
7 21
7 22
8 22
7 22
7 23
8 23
8 24
7 24
8 24
8 25
8 24
7 24
8 24
9 24
10 24
10 23
10 24
9 24
10 24
9 24
9 25
8 25
7 25
6 25
7 25
7 26
7 25
6 25
6 24
6 25
5 25
4 25
4 24
4 25
4 26
3 26
2 26
2 27
3 27
4 27
3 27
3 26
4 26
4 27
3 27
4 27
4 28
4 29
4 30
4 29
4 30
5 30
4 30
5 30
5 29
4 29
4 30
5 30
6 30
7 30
6 30
5 30
5 31
5 30
6 30
6 31
6 32
5 32
5 33
5 34
6 34
6 33
5 33
6 33
6 34
7 34
8 34
7 34
7 33
6 33
6 34
7 34
7 35
7 34
6 34
7 34
7 33
8 33
9 33
8 33
8 34
8 35
9 35
9 34
9 35
9 34
9 33
10 33
10 32
11 32
11 31
12 31
11 31
12 31
13 31
12 31
12 32
12 33
12 34
12 33
12 34
13 34
12 34
13 34
14 34
13 34
13 35
13 34
13 35
12 35
12 36
11 36
12 36
13 36
13 35
13 36
12 36
12 37
12 36
12 37
13 37
12 37
12 38
11 38
10 38
10 37
10 36
11 36
11 37
10 37
11 37
12 37
12 38
13 38
14 38
15 38
15 37
16 37
15 37
15 38
15 39
15 40
16 40
16 41
16 42
16 41
16 40
16 41
16 40
17 40
17 39
17 38
18 38
18 39
18 38
19 38
20 38
20 39
21 39
21 38
20 38
21 38
21 37
22 37
23 37
24 37
24 38
24 39
24 40
23 40
24 40
25 40
24 40
24 41
24 42
24 43
24 44
24 43
24 42
25 42
24 42
25 42
25 41
26 41
26 42
25 42
25 41
25 40
24 40
24 41
24 42
24 41
25 41
26 41
27 41
26 41
26 42
26 41
26 42
26 41
25 41
26 41
26 42
26 43
26 44
25 44
25 43
24 43
23 43
23 44
23 45
22 45
21 45
20 45
20 44
20 43
