0 0
0 1
0 2
0 3
0 2
0 3
1 3
1 2
2 2
2 3
2 2
2 3
2 2
2 3
1 3
2 3
3 3
3 4
4 4
4 3
5 3
5 4
4 4
4 3
4 4
5 4
5 5
5 4
4 4
4 3
5 3
6 3
7 3
8 3
9 3
10 3
10 4
10 5
9 5
10 5
10 4
9 4
9 5
8 5
8 4
8 3
8 4
7 4
8 4
9 4
10 4
11 4
11 3
11 4
12 4
13 4
14 4
15 4
14 4
13 4
12 4
13 4
13 3
12 3
12 2
11 2
10 2
11 2
12 2
13 2
12 2
12 3
13 3
12 3
12 2
13 2
14 2
13 2
12 2
11 2
12 2
11 2
11 3
10 3
10 2
10 3
11 3
11 2
11 1
12 1
12 0
12 1
12 2
11 2
11 3
11 4
10 4
10 3
10 2
10 3
10 4
11 4
10 4
10 5
10 6
10 7
10 8
11 8
11 9
11 8
11 9
11 8
11 9
11 10
10 10
10 11
10 12
10 11
11 11
12 11
12 10
12 9
11 9
12 9
11 9
10 9
10 8
11 8
12 8
12 9
13 9
14 9
15 9
15 10
16 10
15 10
15 11
14 11
14 10
14 9
13 9
13 10
14 10
14 11
14 10
15 10
16 10
15 10
14 10
15 10
15 11
14 11
15 11
15 12
16 12
17 12
18 12
19 12
19 11
19 12
18 12
18 11
19 11
20 11
20 12
20 13
20 12
21 12
21 13
20 13
21 13
20 13
19 13
19 14
19 13
19 12
20 12
20 13
20 12
19 12
19 13
18 13
18 12
18 13
18 14
18 13
19 13
19 12
19 13
19 12
18 12
17 12
17 13
17 14
18 14
17 14
16 14
16 13
16 12
15 12
16 12
16 13
15 13
14 13
13 13
14 13
13 13
12 13
11 13
11 12
11 13
10 13
11 13
11 12
12 12
12 13
11 13
12 13
12 12
12 13
12 12
12 13
12 12
12 11
12 10
12 9
11 9
12 9
11 9
12 9
12 10
12 9
12 8
12 9
13 9
12 9
12 8
11 8
11 9
10 9
10 10
10 9
10 10
10 11
9 11
9 12
8 12
7 12
7 13
7 14
7 13
8 13
8 14
8 15
9 15
9 16
9 17
8 17
8 16
7 16
7 15
7 16
7 15
7 16
6 16
6 17
6 18
6 19
6 20
5 20
6 20
6 21
6 22
7 22
7 23
7 24
8 24
8 25
9 25
9 26
8 26
9 26
8 26
8 27
7 27
8 27
9 27
9 28
9 27
9 28
8 28
8 29
8 30
8 31
8 30
7 30
6 30
7 30
8 30
8 29
8 30
8 31
7 31
6 31
7 31
7 30
7 31
6 31
7 31
8 31
8 32
9 32
10 32
10 33
10 34
11 34
12 34
12 35
12 34
12 33
11 33
12 33
12 34
11 34
10 34
11 34
10 34
10 33
10 34
10 35
11 35
11 36
10 36
11 36
11 35
10 35
10 36
11 36
12 36
12 37
12 38
12 39
13 39
13 40
13 39
13 40
12 40
12 41
12 40
13 40
13 39
12 39
12 38
12 39
12 40
12 41
12 42
13 42
13 43
12 43
12 42
12 43
12 44
13 44
13 45
13 44
12 44
13 44
14 44
13 44
12 44
12 43
12 42
12 43
13 43
14 43
15 43
14 43
13 43
12 43
11 43
12 43
11 43
11 44
10 44
10 45
10 46
10 47
10 46
9 46
9 45
8 45
8 44
7 44
7 45
7 46
8 46
8 47
7 47
8 47
9 47
10 47
10 46
11 46
12 46
13 46
13 45
14 45
13 45
14 45
14 46
14 47
14 48
15 48
15 49
14 49
14 50
14 49
13 49
13 50
12 50
12 49
11 49
11 48
12 48
12 47
11 47
10 47
11 47
11 48
10 48
10 49
9 49
9 50
8 50
8 49
7 49
8 49
8 50
8 51
8 50
8 49
8 50
8 51
8 52
7 52
7 53
7 54
6 54
6 55
6 54
5 54
5 55
4 55
4 56
3 56
2 56
2 57
2 56
2 55
1 55
0 55
0 56
0 55
0 54
0 55
1 55
1 54
0 54
1 54
2 54
2 55
1 55
1 54
2 54
2 53
3 53
3 52
2 52
1 52
2 52
2 51
3 51
3 50
3 51
4 51
4 52
5 52
5 51
6 51
6 52
6 53
6 54
5 54
5 55
4 55
3 55
4 55
3 55
2 55
1 55
0 55
1 55
1 56
1 57
0 57
0 58
1 58
1 57
2 57
2 58
2 57
1 57
1 56
1 57
1 56
1 55
1 54
2 54
3 54
3 53
2 53
3 53
2 53
1 53
0 53
0 52
0 51
0 50
0 51
1 51
1 50
1 49
2 49
1 49
1 48
1 49
2 49
2 48
1 48
1 47
2 47
2 46
2 45
3 45
2 45
1 45
1 46
0 46
0 47
0 46
0 45
0 44
0 45
1 45
2 45
3 45
4 45
4 44
5 44
5 43
6 43
5 43
6 43
7 43
7 44
8 44
7 44
7 43
7 44
8 44
9 44
9 45
10 45
10 46
10 47
11 47
11 48
11 47
10 47
10 46
10 45
9 45
10 45
9 45
9 46
9 47
9 46
9 47
8 47
8 46
9 46
9 47
8 47
8 48
7 48
6 48
6 49
6 50
7 50
6 50
6 51
7 51
6 51
7 51
7 50
6 50
6 49
6 48
5 48
6 48
5 48
6 48
7 48
6 48
5 48
4 48
5 48
4 48
4 49
5 49
6 49
6 50
6 51
7 51
7 52
7 53
7 52
7 51
7 50
8 50
8 49
9 49
8 49
8 50
9 50
9 51
10 51
10 50
9 50
9 51
8 51
8 50
9 50
8 50
7 50
6 50
6 51
6 52
6 53
6 54
6 53
5 53
4 53
4 54
4 53
4 54
4 55
5 55
6 55
6 54
5 54
6 54
5 54
4 54
3 54
2 54
2 55
2 54
3 54
3 53
4 53
4 54
4 55
4 56
4 57
5 57
6 57
6 56
7 56
6 56
5 56
6 56
5 56
5 57
4 57
4 56
3 56
3 55
4 55
5 55
4 55
5 55
6 55
7 55
7 54
7 55
6 55
5 55
5 56
6 56
5 56
5 55
5 56
4 56
3 56
4 56
5 56
4 56
5 56
4 56
4 55
4 54
4 53
5 53
6 53
7 53
7 52
6 52
6 53
7 53
7 54
7 53
7 54
8 54
9 54
10 54
11 54
10 54
10 55
10 54
11 54
12 54
11 54
10 54
10 55
10 54
11 54
11 53
10 53
9 53
9 52
9 53
10 53
9 53
9 52
9 53
9 52
9 51
8 51
8 52
8 53
8 52
8 51
8 50
9 50
8 50
7 50
8 50
7 50
8 50
8 49
8 50
9 50
10 50
10 49
10 50
9 50
9 51
9 52
10 52
10 53
10 52
10 53
10 54
10 53
10 52
11 52
10 52
11 52
12 52
12 51
12 50
13 50
14 50
13 50
13 49
14 49
15 49
15 48
15 47
14 47
14 46
14 47
15 47
15 46
15 47
15 48
15 47
15 46
15 47
14 47
14 48
15 48
16 48
16 47
17 47
16 47
15 47
14 47
15 47
15 46
16 46
15 46
16 46
17 46
17 45
17 44
17 45
17 46
17 45
17 46
18 46
17 46
17 45
16 45
16 46
15 46
16 46
16 47
17 47
16 47
16 46
15 46
14 46
15 46
15 47
15 48
14 48
15 48
15 47
14 47
14 48
14 47
14 48
14 47
14 48
13 48
14 48
14 47
15 47
14 47
13 47
13 46
13 45
13 44
13 43
13 42
12 42
12 41
13 41
14 41
13 41
13 42
14 42
14 41
14 40
14 39
13 39
12 39
12 40
12 39
12 40
13 40
13 39
13 38
12 38
11 38
11 37
11 38
11 37
12 37
11 37
11 36
11 35
12 35
13 35
13 34
14 34
13 34
12 34
13 34
13 35
14 35
14 36
14 35
14 36
14 37
14 36
14 35
14 36
14 35
14 34
15 34
15 35
15 36
14 36
14 35
14 36
14 37
14 36
15 36
16 36
16 37
17 37
16 37
16 36
16 35
15 35
16 35
15 35
14 35
14 34
13 34
14 34
14 35
14 36
13 36
13 35
13 36
13 35
13 36
14 36
15 36
16 36
17 36
17 35
17 34
17 35
16 35
15 35
14 35
15 35
15 34
15 35
15 34
14 34
15 34
15 33
15 34
15 35
14 35
14 34
13 34
13 35
14 35
14 36
13 36
13 37
13 38
13 39
14 39
15 39
15 40
15 39
15 38
16 38
17 38
18 38
18 39
19 39
20 39
19 39
19 38
18 38
18 37
19 37
20 37
21 37
21 38
21 39
21 40
21 41
21 42
22 42
22 41
22 42
22 41
21 41
21 40
20 40
20 41
20 42
20 41
20 42
21 42
22 42
23 42
22 42
22 41
