0 0
0 1
0 2
1 2
1 3
0 3
1 3
1 2
1 1
2 1
1 1
0 1
0 0
0 1
0 2
0 3
0 2
1 2
1 3
0 3
1 3
1 4
1 5
0 5
0 6
1 6
0 6
0 5
1 5
0 5
0 6
1 6
2 6
1 6
1 5
1 4
1 5
2 5
1 5
1 4
2 4
3 4
3 3
2 3
2 4
1 4
1 3
0 3
0 2
1 2
0 2
1 2
1 1
1 2
1 1
0 1
1 1
1 0
0 0
1 0
0 0
0 1
0 2
0 1
1 1
1 2
1 1
1 0
2 0
2 1
1 1
0 1
1 1
0 1
0 2
1 2
1 1
0 1
0 2
1 2
1 1
0 1
1 1
1 0
1 1
1 0
0 0
1 0
1 1
0 1
0 0
1 0
2 0
2 1
3 1
3 0
2 0
3 0
3 1
2 1
2 2
2 3
2 4
3 4
4 4
4 3
4 4
3 4
4 4
5 4
5 5
5 4
5 3
5 2
5 3
4 3
3 3
3 4
2 4
2 3
2 4
2 5
2 4
1 4
0 4
0 5
0 6
0 5
0 4
1 4
1 5
1 4
0 4
1 4
1 5
0 5
0 6
0 5
0 6
0 7
0 8
1 8
1 7
2 7
3 7
3 6
4 6
5 6
4 6
4 7
5 7
5 6
5 7
5 8
4 8
4 9
5 9
6 9
5 9
5 10
5 11
5 10
5 9
6 9
6 10
7 10
7 11
7 10
8 10
7 10
7 11
8 11
8 12
8 13
8 12
9 12
9 11
9 12
9 11
8 11
7 11
8 11
7 11
7 10
7 11
6 11
6 12
5 12
4 12
4 13
3 13
3 14
4 14
5 14
4 14
5 14
5 13
4 13
5 13
4 13
5 13
5 12
4 12
5 12
5 13
4 13
3 13
4 13
3 13
4 13
4 14
5 14
5 15
6 15
6 16
7 16
7 15
7 14
8 14
9 14
9 13
10 13
10 14
11 14
11 15
12 15
11 15
11 14
11 15
12 15
11 15
11 16
11 17
10 17
10 18
10 19
10 20
10 19
11 19
11 18
11 19
10 19
11 19
12 19
12 20
12 21
13 21
13 20
13 21
14 21
14 22
13 22
13 23
13 24
13 23
13 22
14 22
14 23
14 24
13 24
12 24
13 24
13 23
14 23
14 22
15 22
16 22
15 22
14 22
14 21
13 21
12 21
12 22
11 22
10 22
10 23
10 22
11 22
11 21
12 21
11 21
10 21
9 21
10 21
11 21
11 22
11 21
12 21
13 21
14 21
13 21
12 21
12 20
13 20
13 19
12 19
12 18
12 17
13 17
14 17
14 16
15 16
15 17
15 16
15 17
15 18
14 18
14 19
13 19
13 20
12 20
12 19
13 19
13 20
14 20
13 20
13 19
13 18
13 19
12 19
13 19
14 19
14 20
13 20
13 21
12 21
12 20
12 19
11 19
10 19
10 20
10 19
11 19
11 20
11 21
12 21
13 21
12 21
12 22
12 23
12 24
12 25
12 26
12 27
13 27
13 28
13 27
14 27
13 27
13 28
12 28
11 28
10 28
10 29
11 29
11 28
11 29
11 28
12 28
12 27
12 26
13 26
14 26
15 26
15 27
16 27
15 27
16 27
15 27
15 28
15 27
14 27
15 27
15 28
14 28
15 28
16 28
16 27
15 27
16 27
15 27
15 28
16 28
17 28
18 28
18 29
18 28
19 28
18 28
19 28
19 29
19 30
18 30
18 29
19 29
19 30
19 29
18 29
18 28
19 28
19 29
20 29
21 29
21 30
21 31
21 32
21 33
21 32
22 32
22 33
22 34
22 35
21 35
21 36
22 36
21 36
20 36
21 36
21 37
21 36
21 37
22 37
22 36
23 36
23 37
24 37
25 37
25 36
26 36
26 35
27 35
28 35
29 35
29 34
30 34
31 34
31 33
30 33
30 32
30 33
30 32
31 32
30 32
29 32
30 32
30 31
29 31
30 31
30 32
30 31
30 30
29 30
30 30
30 31
31 31
31 32
31 33
32 33
31 33
31 32
32 32
31 32
32 32
32 33
31 33
31 32
31 31
32 31
32 30
33 30
32 30
32 31
32 30
32 31
32 32
32 31
32 30
32 31
33 31
34 31
33 31
32 31
32 32
32 31
31 31
30 31
29 31
29 30
29 31
30 31
30 32
31 32
30 32
30 31
31 31
31 30
31 31
31 32
31 33
32 33
32 32
32 33
32 32
31 32
32 32
33 32
32 32
31 32
31 33
31 34
32 34
31 34
31 35
30 35
30 36
30 37
30 38
31 38
31 37
31 36
30 36
30 37
29 37
28 37
28 38
28 39
28 38
27 38
28 38
29 38
29 39
28 39
29 39
30 39
31 39
31 40
31 39
30 39
30 38
30 39
31 39
32 39
33 39
32 39
32 40
33 40
32 40
32 39
32 40
32 39
32 40
33 40
32 40
32 39
32 40
33 40
34 40
33 40
32 40
32 41
31 41
31 40
32 40
32 39
32 40
31 40
31 39
32 39
32 40
32 41
31 41
31 42
31 43
31 42
32 42
32 43
32 44
32 45
33 45
34 45
34 44
34 45
33 45
33 44
33 45
34 45
35 45
35 44
34 44
33 44
33 45
33 46
34 46
33 46
33 47
32 47
33 47
33 46
34 46
35 46
35 47
34 47
34 46
34 47
34 46
34 45
34 44
33 44
33 43
33 42
33 43
33 42
33 41
33 42
32 42
32 41
32 40
32 41
32 42
31 42
31 43
31 42
30 42
30 43
31 43
31 44
30 44
31 44
32 44
33 44
32 44
33 44
33 45
33 44
33 43
34 43
34 44
35 44
35 45
36 45
36 46
36 45
36 44
36 45
36 44
37 44
36 44
36 43
35 43
35 44
36 44
35 44
35 45
36 45
36 44
37 44
37 45
36 45
37 45
36 45
36 46
36 47
35 47
35 48
34 48
34 47
35 47
35 46
35 45
36 45
37 45
36 45
36 44
36 43
36 42
37 42
36 42
35 42
35 43
35 44
36 44
36 43
36 44
37 44
37 43
38 43
38 42
39 42
39 43
39 42
39 41
39 42
39 41
40 41
40 40
40 39
40 40
40 39
40 40
40 41
40 42
40 41
40 40
39 40
40 40
40 41
39 41
39 40
39 41
39 40
40 40
39 40
40 40
41 40
41 41
42 41
41 41
41 40
42 40
43 40
42 40
42 39
43 39
43 40
43 41
43 42
43 41
44 41
44 40
45 40
46 40
46 39
47 39
47 40
46 40
45 40
46 40
46 41
45 41
45 40
46 40
46 41
46 40
47 40
48 40
47 40
46 40
46 41
46 42
46 43
46 42
46 41
45 41
45 42
45 41
45 40
45 39
44 39
44 38
43 38
42 38
43 38
44 38
45 38
44 38
44 37
44 38
43 38
43 37
43 38
43 37
42 37
41 37
40 37
40 38
39 38
39 37
40 37
40 38
41 38
42 38
43 38
43 39
43 38
43 37
44 37
43 37
44 37
45 37
45 36
45 35
45 34
45 35
45 36
45 35
44 35
45 35
45 36
44 36
43 36
44 36
43 36
43 35
44 35
44 34
43 34
43 35
43 36
43 35
42 35
43 35
44 35
45 35
45 36
45 37
44 37
43 37
42 37
42 36
43 36
43 35
42 35
42 34
41 34
40 34
40 35
41 35
40 35
39 35
39 36
40 36
39 36
39 35
38 35
39 35
39 36
39 37
39 36
39 37
40 37
40 36
39 36
40 36
39 36
40 36
41 36
42 36
42 37
42 38
42 39
42 38
42 39
41 39
42 39
43 39
42 39
43 39
43 40
42 40
43 40
44 40
44 41
44 40
44 41
43 41
44 41
44 40
45 40
45 41
45 40
45 41
46 41
47 41
47 42
47 43
47 44
47 45
47 46
47 47
47 46
48 46
47 46
46 46
46 45
47 45
46 45
46 46
46 45
46 46
45 46
45 45
45 44
46 44
46 43
47 43
46 43
47 43
47 42
47 43
47 42
47 43
47 44
47 43
47 42
48 42
48 43
49 43
48 43
48 42
49 42
49 41
48 41
48 40
48 39
48 38
47 38
46 38
47 38
47 37
47 36
47 35
48 35
47 35
47 34
46 34
47 34
48 34
48 33
48 34
47 34
47 35
47 34
47 33
48 33
48 32
49 32
48 32
49 32
49 33
50 33
51 33
51 34
52 34
53 34
53 35
53 34
53 33
52 33
52 34
52 33
52 32
53 32
54 32
53 32
54 32
53 32
53 31
53 32
54 32
55 32
55 33
54 33
53 33
52 33
51 33
51 32
51 31
52 31
52 30
52 29
51 29
52 29
52 30
53 30
52 30
52 29
52 28
53 28
52 28
52 29
51 29
52 29
52 28
52 27
51 27
52 27
52 26
52 25
52 26
51 26
51 27
51 28
51 27
50 27
49 27
49 26
49 27
49 26
48 26
48 25
