0 0
0 1
1 1
2 1
2 0
2 1
3 1
2 1
3 1
3 2
3 3
3 4
4 4
3 4
2 4
2 3
3 3
4 3
4 2
4 1
4 2
4 3
5 3
6 3
5 3
5 4
5 5
4 5
4 6
4 5
4 4
4 5
5 5
6 5
6 4
6 3
7 3
7 4
8 4
9 4
9 5
9 6
10 6
10 7
10 6
11 6
10 6
9 6
9 7
9 8
9 7
10 7
10 8
10 9
9 9
9 8
9 7
9 6
9 7
8 7
8 8
8 7
8 8
9 8
9 7
9 8
9 7
8 7
8 6
9 6
10 6
9 6
9 5
10 5
9 5
9 4
10 4
10 5
10 4
11 4
12 4
13 4
14 4
14 3
14 2
13 2
13 3
12 3
11 3
12 3
11 3
12 3
13 3
12 3
13 3
13 4
13 5
12 5
11 5
11 4
11 3
10 3
10 4
11 4
10 4
10 3
10 2
11 2
11 3
10 3
10 2
10 1
9 1
9 2
10 2
11 2
12 2
12 1
13 1
13 2
14 2
15 2
14 2
14 1
13 1
12 1
11 1
12 1
12 2
13 2
13 3
14 3
14 4
14 5
13 5
13 4
13 5
14 5
13 5
13 4
14 4
15 4
14 4
14 5
14 6
15 6
15 5
16 5
16 6
17 6
16 6
17 6
18 6
18 7
18 6
18 5
17 5
17 4
17 5
18 5
18 4
17 4
16 4
15 4
16 4
16 5
15 5
16 5
17 5
17 4
18 4
17 4
16 4
16 3
16 4
15 4
15 3
16 3
16 4
17 4
16 4
17 4
17 5
16 5
16 6
17 6
17 7
17 6
17 5
16 5
15 5
15 4
16 4
16 3
16 2
17 2
17 1
17 0
16 0
17 0
16 0
17 0
17 1
17 2
17 3
17 4
18 4
18 3
18 2
18 3
17 3
17 4
18 4
17 4
18 4
17 4
17 3
16 3
17 3
17 2
17 1
17 0
18 0
17 0
18 0
17 0
18 0
18 1
19 1
18 1
17 1
18 1
17 1
18 1
19 1
19 0
18 0
18 1
18 0
18 1
19 1
19 2
18 2
17 2
17 3
17 2
17 3
17 2
17 3
18 3
19 3
19 2
19 3
19 2
20 2
20 3
21 3
21 2
21 1
21 2
20 2
20 3
20 2
20 3
19 3
19 2
19 1
19 2
20 2
20 1
21 1
20 1
20 2
20 1
21 1
20 1
19 1
19 2
20 2
20 1
21 1
22 1
21 1
21 2
21 1
21 0
21 1
20 1
19 1
19 0
19 1
20 1
21 1
20 1
19 1
18 1
18 2
18 1
17 1
17 2
17 1
18 1
17 1
18 1
18 0
19 0
18 0
18 1
18 2
18 3
18 2
17 2
16 2
17 2
18 2
17 2
17 1
17 2
17 3
17 2
17 3
16 3
17 3
16 3
17 3
17 2
17 1
18 1
17 1
17 2
18 2
17 2
17 3
16 3
15 3
14 3
15 3
16 3
16 4
16 3
17 3
17 4
17 3
17 2
17 1
17 0
18 0
18 1
17 1
17 0
17 1
18 1
19 1
18 1
17 1
18 1
19 1
19 0
19 1
20 1
19 1
19 2
19 3
20 3
21 3
22 3
21 3
20 3
19 3
20 3
21 3
20 3
20 4
20 5
19 5
19 6
18 6
18 5
18 4
19 4
19 3
19 4
19 5
19 6
19 7
20 7
21 7
21 8
20 8
20 7
20 6
20 7
19 7
19 8
18 8
17 8
18 8
19 8
19 9
20 9
21 9
20 9
21 9
21 10
22 10
22 9
22 10
21 10
22 10
22 9
22 8
23 8
24 8
24 9
24 10
23 10
24 10
25 10
26 10
27 10
27 11
27 10
27 11
28 11
28 12
29 12
29 13
29 12
29 11
29 12
29 13
30 13
30 12
30 13
31 13
31 14
31 15
31 14
30 14
30 13
29 13
29 14
28 14
27 14
28 14
28 15
28 14
29 14
29 13
28 13
28 14
29 14
30 14
31 14
31 13
30 13
30 12
30 13
31 13
32 13
32 12
31 12
31 13
31 14
31 15
31 16
32 16
32 15
33 15
33 16
33 17
33 18
33 19
33 18
34 18
35 18
34 18
34 17
34 18
33 18
34 18
35 18
35 17
35 18
35 17
35 16
34 16
34 15
34 14
34 13
34 14
33 14
32 14
32 15
32 16
33 16
33 15
33 16
33 17
34 17
34 16
34 17
34 18
34 17
34 18
34 17
34 18
35 18
36 18
35 18
36 18
37 18
37 17
37 18
38 18
38 19
38 18
39 18
38 18
37 18
37 17
36 17
37 17
37 16
38 16
38 17
37 17
37 18
38 18
38 19
39 19
39 18
40 18
39 18
39 19
38 19
39 19
39 20
39 21
40 21
40 22
40 21
39 21
40 21
40 20
39 20
39 21
40 21
40 22
41 22
42 22
42 21
42 20
42 19
42 20
42 19
41 19
42 19
43 19
44 19
44 18
44 19
43 19
43 20
42 20
43 20
42 20
42 19
43 19
43 18
43 19
43 20
43 19
42 19
43 19
42 19
41 19
41 18
41 19
41 20
41 19
40 19
39 19
39 20
39 21
38 21
38 22
38 23
39 23
38 23
39 23
39 24
39 25
39 24
40 24
40 23
40 24
40 23
41 23
40 23
40 22
41 22
41 23
41 24
42 24
42 23
42 24
42 23
42 22
42 23
41 23
41 24
41 25
41 24
40 24
40 23
40 22
39 22
39 21
40 21
41 21
42 21
41 21
41 22
42 22
42 21
42 22
42 23
41 23
40 23
40 24
40 23
41 23
40 23
41 23
41 24
41 25
40 25
40 24
39 24
39 25
38 25
38 26
37 26
38 26
38 25
38 26
38 27
37 27
37 28
38 28
38 27
38 26
39 26
39 25
38 25
39 25
39 24
39 23
38 23
37 23
37 22
37 21
37 20
36 20
37 20
38 20
37 20
37 19
37 20
37 21
37 20
37 21
36 21
36 22
37 22
37 21
37 20
37 21
36 21
36 22
36 21
35 21
34 21
34 20
34 19
34 18
34 19
33 19
33 18
33 19
32 19
31 19
31 18
31 19
32 19
31 19
31 18
31 17
32 17
32 16
31 16
32 16
31 16
30 16
30 17
30 16
30 15
31 15
31 16
30 16
30 17
30 18
30 17
30 18
30 19
30 18
31 18
31 19
30 19
30 18
30 17
29 17
29 16
29 17
29 18
29 17
28 17
27 17
27 16
27 15
27 16
26 16
26 15
25 15
24 15
24 14
24 13
24 12
25 12
25 11
24 11
23 11
22 11
22 12
21 12
21 13
20 13
20 14
20 13
19 13
18 13
18 12
19 12
19 11
19 12
19 13
18 13
18 14
17 14
18 14
17 14
18 14
18 13
18 14
18 13
18 14
18 15
19 15
19 14
19 15
19 14
19 15
19 16
18 16
19 16
19 17
20 17
20 16
21 16
21 15
20 15
20 16
19 16
18 16
18 15
18 14
19 14
19 15
19 16
20 16
20 15
20 14
19 14
18 14
18 13
18 12
19 12
19 11
18 11
19 11
19 10
19 9
18 9
18 10
18 11
19 11
18 11
17 11
18 11
19 11
18 11
18 12
18 11
18 12
17 12
17 11
17 12
18 12
18 13
17 13
18 13
17 13
18 13
18 14
19 14
18 14
18 13
18 14
18 15
18 16
18 17
17 17
17 16
16 16
16 17
15 17
14 17
14 18
14 17
13 17
12 17
12 16
13 16
13 15
13 14
13 15
13 16
14 16
13 16
14 16
14 15
14 14
14 13
15 13
15 12
16 12
15 12
15 11
16 11
16 12
16 11
16 12
16 11
15 11
14 11
14 10
14 11
15 11
14 11
14 12
15 12
14 12
13 12
14 12
14 11
14 10
14 9
15 9
15 10
16 10
17 10
17 9
17 8
16 8
16 7
16 8
16 9
16 10
16 9
15 9
16 9
17 9
16 9
17 9
17 10
16 10
16 9
15 9
15 8
15 7
16 7
16 8
15 8
15 9
14 9
15 9
16 9
17 9
17 8
17 7
17 8
18 8
17 8
17 9
17 10
16 10
16 9
17 9
17 8
17 9
17 8
16 8
16 9
15 9
16 9
16 8
16 9
15 9
15 10
15 9
15 8
15 9
14 9
13 9
13 10
14 10
14 11
13 11
12 11
12 12
12 13
12 12
12 11
11 11
11 10
11 9
11 8
10 8
10 7
10 6
10 7
9 7
9 8
8 8
8 9
8 10
8 11
8 12
7 12
7 13
6 13
6 12
7 12
8 12
8 11
7 11
7 12
6 12
6 11
6 12
5 12
6 12
6 13
6 14
7 14
7 15
7 16
7 17
7 18
7 17
8 17
8 16
8 17
9 17
10 17
11 17
10 17
10 18
10 19
11 19
11 18
11 19
11 18
10 18
9 18
9 19
8 19
8 20
7 20
