0 0
0 1
0 0
1 0
0 0
1 0
2 0
2 1
2 0
1 0
2 0
2 1
2 0
2 1
3 1
3 2
2 2
2 1
2 0
1 0
1 1
1 0
0 0
0 1
1 1
0 1
0 0
0 1
1 1
2 1
2 0
2 1
2 2
2 1
1 1
2 1
2 0
2 1
2 0
1 0
0 0
1 0
1 1
1 0
2 0
3 0
3 1
3 0
3 1
4 1
5 1
6 1
7 1
7 2
7 1
7 2
6 2
7 2
7 1
8 1
8 0
8 1
8 2
8 3
8 2
8 3
9 3
9 4
9 3
9 4
10 4
10 5
10 6
10 5
11 5
12 5
12 6
12 5
12 4
11 4
12 4
12 3
13 3
13 4
13 3
13 2
12 2
13 2
13 1
14 1
14 2
15 2
15 1
16 1
17 1
17 0
17 1
17 0
17 1
17 0
18 0
18 1
17 1
16 1
16 0
17 0
18 0
18 1
17 1
17 0
17 1
17 2
18 2
17 2
17 3
17 2
17 3
17 4
17 3
17 4
17 5
18 5
18 4
18 3
17 3
18 3
17 3
18 3
18 2
18 3
18 4
18 3
19 3
20 3
21 3
20 3
19 3
20 3
19 3
18 3
18 2
18 3
18 4
19 4
19 5
20 5
20 6
20 5
21 5
22 5
22 4
21 4
20 4
21 4
20 4
20 3
21 3
21 2
21 3
21 2
21 3
21 4
21 3
21 2
21 1
20 1
21 1
20 1
20 2
19 2
19 3
20 3
19 3
20 3
19 3
20 3
19 3
18 3
18 4
19 4
19 3
18 3
18 4
19 4
19 3
20 3
20 2
20 1
19 1
19 2
19 1
19 0
20 0
20 1
21 1
21 2
20 2
20 1
20 2
20 1
20 0
21 0
21 1
21 0
20 0
21 0
21 1
22 1
23 1
24 1
24 2
24 3
25 3
24 3
24 4
24 3
24 4
23 4
22 4
22 5
21 5
22 5
22 4
22 3
21 3
22 3
22 2
22 3
22 4
22 3
21 3
20 3
19 3
18 3
17 3
17 2
16 2
15 2
15 1
16 1
16 0
16 1
17 1
17 0
17 1
17 0
17 1
16 1
16 0
15 0
15 1
15 0
15 1
15 2
15 1
15 2
16 2
15 2
15 1
15 2
16 2
16 1
16 0
16 1
17 1
17 0
17 1
17 2
17 1
17 2
17 3
17 2
18 2
18 1
19 1
18 1
17 1
17 0
17 1
17 2
18 2
18 3
17 3
18 3
18 4
18 5
18 6
18 7
18 6
18 7
18 6
18 7
17 7
18 7
19 7
20 7
19 7
19 6
18 6
17 6
17 5
17 6
17 7
17 8
16 8
16 7
16 6
16 7
15 7
15 8
15 7
16 7
16 6
15 6
14 6
14 7
14 8
14 7
14 8
14 7
14 6
14 5
14 4
13 4
14 4
14 3
15 3
15 4
15 3
15 2
15 1
15 2
14 2
15 2
16 2
17 2
17 1
17 2
17 1
18 1
18 2
18 3
18 4
18 5
18 6
17 6
16 6
17 6
18 6
19 6
20 6
20 7
21 7
22 7
21 7
22 7
22 6
23 6
22 6
21 6
21 5
21 4
20 4
20 5
20 4
20 5
21 5
21 6
22 6
23 6
23 7
24 7
24 6
25 6
25 5
24 5
24 4
23 4
23 5
23 6
23 7
24 7
25 7
25 6
25 5
25 4
25 3
26 3
27 3
28 3
28 4
28 5
28 4
28 5
28 6
29 6
30 6
30 7
30 6
30 7
30 6
31 6
31 7
31 8
32 8
32 9
33 9
32 9
33 9
34 9
34 10
34 11
34 10
33 10
32 10
32 9
32 10
32 11
31 11
32 11
32 10
31 10
30 10
30 9
30 10
30 11
29 11
29 12
28 12
27 12
27 11
27 12
26 12
26 13
26 14
26 13
26 14
27 14
28 14
27 14
28 14
28 15
28 14
29 14
28 14
28 15
28 14
28 15
28 16
27 16
27 15
27 16
28 16
28 15
27 15
26 15
25 15
26 15
26 14
25 14
26 14
27 14
28 14
29 14
30 14
30 13
30 12
30 11
31 11
31 12
31 11
32 11
32 12
32 13
33 13
32 13
33 13
34 13
33 13
32 13
33 13
33 14
32 14
32 13
32 14
31 14
31 15
31 16
31 15
30 15
29 15
28 15
28 14
28 13
28 12
28 11
29 11
29 10
28 10
28 9
28 10
27 10
27 9
27 10
27 9
28 9
28 10
28 9
28 10
28 11
28 10
28 11
29 11
29 12
30 12
29 12
29 13
28 13
29 13
29 12
29 11
30 11
30 12
30 11
30 12
30 13
29 13
30 13
30 12
30 11
29 11
29 10
29 11
28 11
28 10
29 10
28 10
28 11
28 10
28 11
28 12
28 13
28 14
28 13
28 14
27 14
28 14
28 15
28 16
28 17
27 17
28 17
27 17
26 17
27 17
26 17
25 17
24 17
23 17
24 17
25 17
25 18
25 17
26 17
27 17
28 17
27 17
28 17
28 16
29 16
29 15
28 15
28 14
27 14
26 14
26 15
27 15
27 16
27 17
28 17
28 18
28 19
28 18
28 19
29 19
29 20
30 20
29 20
28 20
28 19
27 19
27 20
26 20
26 21
26 20
25 20
25 19
25 20
24 20
24 19
23 19
23 20
23 21
24 21
23 21
23 22
24 22
24 23
24 22
25 22
25 21
26 21
26 22
26 23
25 23
24 23
24 22
24 23
24 22
24 23
25 23
24 23
24 24
25 24
24 24
24 23
24 24
23 24
23 25
22 25
23 25
22 25
22 24
21 24
20 24
20 25
19 25
18 25
18 24
18 23
17 23
17 24
17 25
18 25
19 25
18 25
17 25
17 24
17 23
17 24
17 25
18 25
17 25
17 26
17 25
18 25
18 26
18 25
17 25
17 24
17 23
18 23
19 23
19 22
19 21
18 21
19 21
19 20
19 21
19 22
19 21
18 21
19 21
19 22
20 22
21 22
20 22
19 22
19 21
20 21
20 22
20 23
21 23
22 23
22 24
21 24
21 25
21 24
22 24
22 23
22 24
23 24
22 24
23 24
22 24
21 24
21 23
22 23
23 23
23 24
22 24
23 24
24 24
23 24
22 24
21 24
20 24
20 23
20 22
20 21
19 21
19 22
19 21
19 20
19 21
19 22
19 21
20 21
19 21
19 22
18 22
18 23
19 23
20 23
20 24
20 25
20 26
19 26
20 26
20 27
21 27
21 28
21 27
20 27
21 27
22 27
21 27
21 28
20 28
21 28
22 28
22 27
22 26
22 25
23 25
23 26
24 26
23 26
22 26
23 26
23 25
23 24
24 24
24 25
25 25
25 26
25 27
24 27
24 28
24 27
24 28
25 28
25 27
25 28
26 28
26 29
25 29
25 28
24 28
24 29
24 30
24 29
24 30
25 30
24 30
24 29
25 29
25 30
26 30
27 30
28 30
28 29
28 28
28 29
28 28
28 29
27 29
27 28
26 28
26 29
26 30
27 30
28 30
28 29
29 29
28 29
28 28
28 29
27 29
27 28
27 27
26 27
26 28
25 28
25 27
26 27
27 27
27 28
26 28
25 28
26 28
26 29
27 29
28 29
29 29
28 29
27 29
28 29
28 28
28 27
29 27
28 27
29 27
28 27
29 27
30 27
30 28
30 27
29 27
30 27
30 26
30 25
31 25
31 24
31 23
32 23
33 23
33 24
34 24
35 24
36 24
37 24
37 23
36 23
36 22
35 22
34 22
34 23
33 23
33 24
33 25
33 26
34 26
34 25
35 25
34 25
34 26
35 26
35 25
35 24
34 24
35 24
35 23
36 23
35 23
35 24
35 23
35 22
36 22
37 22
37 23
36 23
36 22
35 22
34 22
33 22
33 21
33 22
32 22
31 22
32 22
31 22
32 22
33 22
33 23
32 23
32 22
32 23
33 23
33 22
34 22
34 21
34 20
34 19
33 19
33 20
34 20
35 20
34 20
35 20
34 20
34 19
35 19
35 20
36 20
36 21
37 21
38 21
38 20
39 20
39 19
40 19
40 18
40 17
41 17
41 18
41 19
41 20
40 20
39 20
40 20
41 20
42 20
43 20
43 21
42 21
42 20
42 19
43 19
42 19
42 20
43 20
43 21
43 20
44 20
44 19
43 19
43 20
43 19
42 19
43 19
43 20
44 20
45 20
45 21
46 21
46 20
45 20
46 20
47 20
46 20
47 20
48 20
48 21
48 20
48 21
48 20
48 21
47 21
46 21
45 21
44 21
45 21
45 20
45 19
45 18
46 18
46 17
47 17
47 16
47 17
47 16
47 17
46 17
46 16
46 17
46 18
45 18
45 17
45 16
45 15
46 15
47 15
48 15
48 14
48 15
48 16
48 17
49 17
50 17
50 18
51 18
52 18
51 18
50 18
49 18
49 19
49 20
48 20
49 20
