0 0
0 1
1 1
1 0
2 0
1 0
0 0
1 0
0 0
0 1
1 1
1 0
2 0
3 0
3 1
3 2
4 2
4 1
4 0
3 0
4 0
5 0
5 1
5 2
5 1
6 1
5 1
5 2
6 2
7 2
8 2
7 2
6 2
6 3
6 4
6 3
6 4
6 5
7 5
6 5
5 5
6 5
5 5
5 6
5 5
5 4
5 3
4 3
5 3
4 3
4 2
5 2
6 2
6 3
5 3
4 3
4 4
4 3
3 3
3 4
3 5
3 6
4 6
5 6
6 6
6 5
6 6
6 5
6 4
6 3
5 3
4 3
4 4
4 5
5 5
5 4
5 5
4 5
5 5
4 5
4 6
3 6
2 6
3 6
3 7
3 6
4 6
4 5
5 5
5 4
4 4
3 4
4 4
3 4
4 4
4 5
3 5
2 5
2 6
3 6
3 5
3 4
4 4
3 4
3 3
4 3
5 3
4 3
3 3
3 4
4 4
4 3
4 4
5 4
4 4
4 3
4 2
4 1
3 1
3 2
2 2
1 2
2 2
2 1
3 1
3 2
2 2
2 1
1 1
2 1
2 2
2 3
1 3
0 3
0 2
0 1
0 0
0 1
0 0
0 1
0 0
1 0
1 1
1 0
1 1
1 2
1 3
2 3
2 4
3 4
4 4
4 5
4 4
5 4
5 5
4 5
3 5
2 5
2 6
1 6
0 6
1 6
1 7
1 6
1 7
2 7
2 8
2 9
3 9
3 8
3 7
3 6
4 6
4 5
4 4
5 4
6 4
7 4
8 4
9 4
8 4
8 3
9 3
9 2
8 2
9 2
8 2
7 2
7 3
7 4
7 3
7 4
7 5
8 5
8 6
8 7
8 8
8 9
8 10
8 9
8 8
7 8
7 7
7 8
6 8
6 9
5 9
5 10
6 10
5 10
4 10
4 9
3 9
2 9
2 8
2 7
2 6
1 6
0 6
0 7
0 8
0 7
1 7
2 7
3 7
3 8
3 7
3 8
4 8
3 8
3 9
2 9
2 10
2 11
1 11
2 11
3 11
3 10
3 9
4 9
5 9
4 9
3 9
3 8
2 8
2 7
2 6
1 6
2 6
3 6
4 6
4 7
5 7
5 6
4 6
3 6
3 7
2 7
2 8
2 9
1 9
1 8
0 8
1 8
2 8
3 8
2 8
1 8
1 9
1 8
1 7
0 7
1 7
1 8
1 7
2 7
2 6
1 6
1 7
0 7
0 6
0 7
0 8
0 9
1 9
1 8
2 8
1 8
1 7
2 7
2 6
2 7
3 7
2 7
3 7
3 6
3 7
3 6
4 6
5 6
5 5
4 5
4 4
3 4
3 3
3 2
2 2
1 2
1 3
1 4
0 4
1 4
1 5
2 5
2 4
2 3
3 3
2 3
3 3
3 4
4 4
4 3
3 3
4 3
4 2
3 2
3 3
3 4
2 4
1 4
2 4
2 5
2 4
2 5
2 4
3 4
4 4
4 5
3 5
3 6
3 7
2 7
2 8
1 8
0 8
0 9
1 9
0 9
0 10
0 11
1 11
1 12
0 12
0 13
0 14
1 14
1 15
1 14
2 14
3 14
3 15
4 15
4 16
3 16
3 15
3 16
3 17
2 17
2 16
2 17
3 17
3 16
2 16
3 16
3 17
4 17
4 18
4 19
4 18
5 18
5 19
6 19
5 19
6 19
7 19
7 20
8 20
8 21
9 21
10 21
10 20
10 21
11 21
11 22
11 23
10 23
11 23
11 22
11 23
12 23
11 23
11 24
11 23
11 24
10 24
10 25
10 24
10 23
9 23
9 24
8 24
7 24
7 23
7 22
6 22
7 22
8 22
9 22
9 21
10 21
9 21
9 20
10 20
10 21
10 20
9 20
9 19
10 19
11 19
11 20
10 20
10 19
10 18
11 18
10 18
9 18
10 18
11 18
11 17
11 18
10 18
10 17
10 18
9 18
10 18
9 18
9 19
9 20
8 20
8 21
8 22
9 22
9 21
8 21
7 21
7 22
7 23
7 24
7 23
7 22
7 23
6 23
7 23
8 23
8 24
8 23
8 22
8 21
7 21
7 22
7 21
7 20
7 21
6 21
7 21
8 21
8 20
7 20
7 19
8 19
7 19
8 19
9 19
10 19
10 18
9 18
9 19
8 19
8 20
8 19
8 18
7 18
7 17
6 17
6 16
7 16
6 16
5 16
5 15
5 14
5 15
5 14
4 14
4 13
4 14
3 14
3 15
4 15
5 15
4 15
4 16
3 16
2 16
2 17
3 17
2 17
1 17
0 17
1 17
0 17
0 18
0 19
0 20
1 20
2 20
3 20
2 20
2 21
1 21
1 20
1 19
1 18
1 17
2 17
1 17
0 17
1 17
1 16
0 16
1 16
0 16
1 16
2 16
1 16
1 15
0 15
1 15
1 16
0 16
1 16
2 16
2 15
1 15
1 16
1 15
1 16
0 16
1 16
1 17
2 17
2 18
1 18
2 18
2 19
2 18
3 18
3 17
3 18
4 18
4 19
3 19
3 20
3 21
4 21
4 20
3 20
2 20
2 21
2 22
1 22
0 22
1 22
1 23
0 23
0 22
0 21
1 21
0 21
1 21
1 22
0 22
0 21
0 20
1 20
1 19
0 19
1 19
0 19
1 19
1 20
1 21
1 22
2 22
3 22
3 23
2 23
3 23
2 23
1 23
1 22
0 22
1 22
1 21
0 21
0 22
0 23
0 24
1 24
1 23
0 23
1 23
1 24
1 23
1 22
0 22
0 23
1 23
1 24
0 24
1 24
1 23
1 24
0 24
1 24
2 24
3 24
2 24
1 24
1 23
1 24
0 24
1 24
1 25
0 25
1 25
1 26
1 27
2 27
2 26
1 26
2 26
3 26
3 27
2 27
3 27
3 26
3 25
3 24
2 24
2 25
1 25
1 26
0 26
0 27
0 28
0 27
0 28
0 27
0 28
1 28
1 29
2 29
2 30
2 29
2 30
1 30
1 31
1 30
0 30
1 30
0 30
0 29
1 29
1 30
1 31
2 31
2 32
2 33
3 33
2 33
1 33
1 34
1 35
1 34
1 33
1 32
0 32
0 31
1 31
0 31
0 32
1 32
1 33
1 34
1 35
2 35
2 36
3 36
4 36
4 37
4 36
4 35
4 36
4 37
4 36
5 36
6 36
6 35
6 36
5 36
5 35
5 36
4 36
4 37
3 37
3 36
3 37
3 38
2 38
2 39
2 40
2 41
1 41
2 41
3 41
2 41
2 42
2 41
1 41
0 41
1 41
0 41
1 41
1 42
2 42
3 42
3 41
3 42
3 43
3 42
2 42
1 42
0 42
1 42
0 42
1 42
2 42
1 42
0 42
1 42
0 42
0 41
0 40
0 41
0 40
0 41
0 42
1 42
1 41
1 42
0 42
1 42
2 42
1 42
1 43
0 43
0 42
0 43
0 44
1 44
2 44
2 43
2 42
2 41
2 40
3 40
2 40
1 40
1 39
0 39
0 40
0 39
1 39
1 38
0 38
0 39
0 38
0 37
0 36
0 35
0 34
1 34
1 35
1 34
1 35
1 36
1 37
0 37
0 36
0 37
1 37
1 36
1 37
1 36
1 37
2 37
3 37
2 37
1 37
1 38
1 37
1 36
0 36
0 35
0 34
1 34
2 34
2 33
2 32
2 31
3 31
2 31
1 31
2 31
2 30
3 30
2 30
1 30
0 30
0 31
0 30
0 31
1 31
2 31
1 31
2 31
3 31
3 30
4 30
4 31
4 32
5 32
6 32
5 32
6 32
7 32
7 31
8 31
9 31
9 30
9 31
10 31
11 31
12 31
12 30
11 30
12 30
12 29
11 29
11 30
12 30
12 31
12 30
12 31
11 31
11 30
12 30
13 30
14 30
14 31
14 32
15 32
15 33
14 33
14 34
14 35
14 34
14 33
14 34
14 35
14 34
15 34
15 35
15 34
14 34
13 34
12 34
13 34
13 35
12 35
12 36
11 36
12 36
12 35
11 35
10 35
10 36
10 37
9 37
9 38
8 38
8 37
7 37
7 36
7 35
6 35
5 35
4 35
3 35
2 35
1 35
1 36
1 35
0 35
1 35
2 35
2 36
1 36
0 36
1 36
0 36
1 36
2 36
2 35
2 36
3 36
4 36
3 36
2 36
2 37
2 36
3 36
3 35
3 36
4 36
4 37
4 36
5 36
5 37
5 38
5 37
6 37
6 36
6 35
6 34
7 34
7 33
7 34
6 34
6 35
7 35
7 36
6 36
6 35
6 34
7 34
6 34
7 34
6 34
6 35
6 34
5 34
4 34
3 34
3 35
3 34
2 34
3 34
2 34
2 35
3 35
4 35
3 35
3 36
2 36
1 36
1 35
2 35
2 36
2 37
3 37
3 38
2 38
2 39
1 39
2 39
2 40
1 40
1 41
0 41
