0 0
0 1
0 2
1 2
1 1
1 0
1 1
1 2
1 3
0 3
0 2
0 3
0 2
1 2
2 2
3 2
2 2
2 3
1 3
1 4
1 3
1 4
2 4
2 3
2 4
2 5
2 6
3 6
3 5
2 5
2 6
1 6
2 6
1 6
2 6
3 6
3 7
3 8
3 7
3 6
4 6
3 6
3 7
3 8
3 7
4 7
3 7
3 8
3 7
4 7
4 8
3 8
3 9
4 9
3 9
4 9
4 8
5 8
4 8
5 8
5 9
4 9
3 9
4 9
4 10
4 11
4 10
3 10
3 9
4 9
3 9
3 8
3 7
3 8
4 8
4 9
4 10
4 9
4 10
4 11
4 10
5 10
5 11
4 11
4 12
4 11
4 12
4 13
3 13
3 14
2 14
1 14
2 14
2 13
3 13
4 13
3 13
2 13
2 12
1 12
1 11
1 10
2 10
2 11
1 11
1 12
2 12
3 12
3 11
3 10
2 10
3 10
2 10
1 10
2 10
3 10
2 10
1 10
1 9
0 9
1 9
0 9
1 9
2 9
2 8
1 8
1 7
1 8
0 8
0 9
1 9
2 9
2 8
2 7
2 6
3 6
4 6
4 5
3 5
3 6
2 6
1 6
2 6
1 6
1 5
2 5
3 5
4 5
4 6
4 7
5 7
6 7
5 7
4 7
4 6
4 5
4 6
4 5
4 4
4 3
4 4
4 5
4 4
3 4
2 4
2 5
3 5
4 5
4 6
4 7
4 6
4 7
5 7
5 8
5 9
4 9
5 9
5 8
5 9
5 10
4 10
3 10
2 10
1 10
2 10
2 11
3 11
2 11
2 12
1 12
1 11
1 12
2 12
2 11
1 11
0 11
0 12
1 12
0 12
0 11
0 12
1 12
1 11
2 11
1 11
0 11
0 10
0 11
1 11
2 11
1 11
0 11
0 10
1 10
1 11
1 12
0 12
0 13
1 13
1 14
1 13
1 14
1 15
1 14
2 14
3 14
3 13
3 14
3 13
2 13
3 13
2 13
2 12
2 11
2 12
2 11
1 11
2 11
3 11
3 12
2 12
2 11
2 10
1 10
1 9
2 9
3 9
2 9
3 9
3 10
3 11
4 11
5 11
4 11
4 12
5 12
5 13
5 14
5 15
5 14
6 14
5 14
6 14
5 14
5 13
4 13
5 13
5 14
5 13
5 12
5 11
6 11
5 11
5 10
6 10
6 11
6 12
5 12
5 11
5 12
5 13
5 12
4 12
4 11
4 10
4 9
4 10
3 10
3 9
3 8
2 8
2 9
2 10
3 10
2 10
2 11
2 12
1 12
2 12
2 11
3 11
2 11
3 11
4 11
4 10
4 11
4 12
3 12
4 12
5 12
6 12
6 13
5 13
5 14
5 13
5 14
6 14
6 13
6 14
6 15
7 15
6 15
5 15
5 16
6 16
5 16
5 15
6 15
5 15
5 16
5 15
4 15
4 14
4 13
4 14
4 13
4 14
4 13
3 13
3 12
2 12
1 12
2 12
2 13
2 14
1 14
0 14
1 14
1 15
2 15
2 16
1 16
1 17
2 17
3 17
3 18
4 18
3 18
3 19
4 19
5 19
6 19
6 20
7 20
7 21
7 22
7 21
7 22
7 23
8 23
8 22
8 21
8 22
8 21
9 21
9 22
10 22
10 23
9 23
10 23
10 24
11 24
10 24
10 23
9 23
9 22
9 21
8 21
8 22
8 21
7 21
8 21
7 21
7 22
7 21
6 21
7 21
7 22
6 22
6 21
6 20
6 21
7 21
6 21
6 22
6 21
6 20
5 20
4 20
3 20
3 21
3 22
3 23
3 22
3 23
4 23
3 23
3 22
3 23
4 23
4 24
4 23
5 23
4 23
3 23
2 23
2 22
2 23
2 22
2 23
1 23
0 23
1 23
1 22
0 22
0 23
1 23
0 23
0 24
1 24
2 24
2 23
2 22
2 21
2 22
2 21
1 21
1 22
1 23
0 23
0 24
1 24
2 24
2 25
3 25
3 26
3 25
4 25
4 26
4 25
3 25
2 25
2 24
3 24
2 24
2 23
3 23
3 22
3 21
3 20
4 20
5 20
5 19
5 20
5 19
5 18
5 19
5 20
4 20
4 19
3 19
4 19
4 18
4 17
4 16
4 15
4 14
3 14
3 13
4 13
4 14
4 15
4 16
5 16
6 16
6 17
6 18
5 18
4 18
4 19
5 19
4 19
5 19
5 20
4 20
5 20
5 19
6 19
7 19
6 19
7 19
8 19
7 19
7 20
8 20
9 20
8 20
9 20
10 20
9 20
9 19
9 20
9 19
8 19
8 20
8 21
8 22
9 22
9 23
9 24
9 23
8 23
9 23
9 24
9 25
9 26
9 27
9 28
8 28
8 27
8 28
8 27
7 27
8 27
8 28
8 27
7 27
7 26
7 27
7 26
7 27
6 27
6 28
7 28
6 28
6 27
6 28
6 27
6 28
7 28
8 28
8 27
9 27
8 27
9 27
9 26
9 25
8 25
9 25
8 25
9 25
8 25
8 26
8 25
9 25
9 24
10 24
10 25
11 25
11 24
11 25
11 24
11 25
11 26
11 27
12 27
12 28
12 29
13 29
14 29
15 29
15 30
14 30
14 29
14 30
14 29
13 29
13 30
12 30
11 30
10 30
9 30
9 31
9 30
8 30
8 29
9 29
9 30
8 30
8 31
7 31
7 32
7 31
7 30
6 30
5 30
5 31
4 31
3 31
2 31
3 31
2 31
2 32
2 31
1 31
1 32
1 31
2 31
1 31
1 32
1 31
0 31
0 32
1 32
0 32
1 32
1 31
1 32
2 32
1 32
2 32
1 32
0 32
1 32
1 33
1 34
1 33
0 33
1 33
1 32
2 32
1 32
1 31
2 31
1 31
1 30
1 29
1 28
2 28
2 29
2 28
2 29
2 28
3 28
4 28
4 29
4 28
5 28
4 28
3 28
2 28
2 29
1 29
1 30
2 30
2 31
2 30
1 30
0 30
0 29
0 28
0 29
1 29
2 29
3 29
4 29
5 29
6 29
5 29
6 29
7 29
8 29
7 29
7 28
7 27
8 27
9 27
8 27
9 27
10 27
10 26
9 26
10 26
10 27
10 28
11 28
12 28
13 28
12 28
12 27
13 27
12 27
13 27
12 27
11 27
12 27
11 27
12 27
13 27
13 26
13 25
14 25
15 25
15 24
15 23
14 23
13 23
13 22
13 21
13 20
14 20
13 20
13 21
14 21
14 22
15 22
16 22
17 22
17 21
16 21
15 21
14 21
14 20
14 21
13 21
13 20
14 20
14 19
13 19
14 19
14 18
15 18
16 18
17 18
17 17
17 18
16 18
16 17
16 16
16 17
17 17
17 16
17 17
18 17
18 16
19 16
18 16
18 15
18 14
18 13
19 13
18 13
19 13
19 12
20 12
21 12
22 12
22 11
23 11
23 12
23 11
22 11
22 12
23 12
22 12
23 12
23 11
23 12
23 11
23 10
23 11
23 12
24 12
24 13
23 13
24 13
25 13
25 14
25 15
25 16
26 16
26 17
26 18
26 17
27 17
26 17
27 17
27 18
28 18
28 19
29 19
30 19
30 18
30 19
29 19
28 19
28 18
27 18
27 17
28 17
29 17
30 17
29 17
29 18
29 17
30 17
30 16
30 17
31 17
30 17
31 17
32 17
31 17
30 17
29 17
29 18
29 17
30 17
31 17
30 17
30 18
30 19
31 19
32 19
32 18
32 19
33 19
32 19
32 18
33 18
33 17
33 18
33 19
34 19
34 20
34 21
35 21
36 21
35 21
35 20
35 21
35 20
34 20
34 21
35 21
35 20
34 20
35 20
34 20
34 21
35 21
34 21
34 20
34 21
34 20
34 21
33 21
34 21
33 21
33 20
34 20
34 19
35 19
35 18
35 17
34 17
33 17
33 18
32 18
33 18
33 17
32 17
32 18
31 18
30 18
30 19
31 19
30 19
31 19
31 20
31 21
31 22
31 21
31 20
31 19
31 18
31 19
31 20
31 19
32 19
33 19
33 20
32 20
32 21
31 21
30 21
29 21
28 21
28 22
29 22
28 22
28 21
28 20
28 21
28 20
29 20
30 20
31 20
31 19
30 19
31 19
31 20
31 19
32 19
32 18
32 19
33 19
33 18
33 17
33 16
33 17
33 16
33 17
34 17
34 16
34 17
33 17
33 16
32 16
33 16
33 17
33 16
32 16
32 17
33 17
34 17
33 17
33 16
34 16
34 15
33 15
34 15
35 15
35 14
34 14
34 13
35 13
36 13
36 12
35 12
34 12
34 13
34 12
35 12
35 11
35 10
34 10
33 10
32 10
32 9
32 10
33 10
33 11
33 10
33 11
32 11
31 11
31 10
30 10
30 9
31 9
30 9
29 9
29 10
29 11
28 11
29 11
29 10
29 11
30 11
