0 0
0 1
0 2
0 1
1 1
0 1
1 1
1 0
1 1
1 2
2 2
3 2
3 3
3 4
3 5
4 5
4 6
3 6
4 6
5 6
4 6
3 6
3 5
3 6
4 6
4 7
5 7
6 7
6 6
6 7
5 7
5 6
5 7
6 7
7 7
6 7
6 8
6 7
6 8
6 7
7 7
6 7
6 8
6 7
6 6
7 6
8 6
8 7
7 7
6 7
7 7
8 7
9 7
9 6
10 6
9 6
10 6
10 7
10 6
10 5
9 5
10 5
10 4
10 5
10 4
9 4
10 4
10 5
9 5
10 5
11 5
10 5
10 4
10 3
10 2
11 2
11 3
12 3
13 3
13 2
13 3
13 4
13 3
13 2
13 1
12 1
11 1
11 2
12 2
11 2
10 2
10 1
10 0
11 0
12 0
12 1
13 1
13 2
12 2
12 3
11 3
11 2
12 2
12 3
12 4
12 3
12 2
13 2
14 2
14 3
14 2
13 2
14 2
14 1
15 1
15 0
14 0
13 0
12 0
11 0
11 1
11 0
12 0
11 0
12 0
12 1
12 2
13 2
13 1
14 1
14 0
14 1
15 1
15 2
16 2
17 2
17 3
17 2
16 2
16 3
17 3
18 3
17 3
17 2
17 3
16 3
16 2
15 2
14 2
14 3
14 2
14 3
15 3
16 3
15 3
15 2
16 2
16 3
16 2
17 2
17 1
17 0
17 1
17 2
17 3
18 3
18 2
18 3
17 3
16 3
15 3
15 2
15 1
16 1
16 0
16 1
17 1
18 1
18 2
18 1
19 1
20 1
21 1
22 1
21 1
21 2
22 2
23 2
22 2
22 3
22 4
22 5
23 5
23 4
23 5
23 4
23 3
24 3
24 2
25 2
25 1
25 0
25 1
26 1
26 0
26 1
27 1
26 1
26 0
25 0
25 1
26 1
26 0
27 0
27 1
28 1
28 2
28 3
29 3
29 2
30 2
31 2
31 1
32 1
32 2
32 1
32 2
33 2
33 1
33 2
34 2
35 2
35 1
36 1
35 1
35 2
36 2
36 3
36 2
36 3
36 4
36 3
35 3
34 3
33 3
33 4
34 4
34 3
35 3
35 2
35 1
35 2
35 3
35 4
36 4
37 4
38 4
38 3
39 3
38 3
39 3
39 2
39 1
39 2
39 1
40 1
41 1
41 0
40 0
40 1
40 2
41 2
42 2
41 2
41 3
40 3
40 4
39 4
39 5
39 4
39 3
40 3
41 3
41 4
41 3
40 3
41 3
40 3
40 2
40 3
40 4
41 4
42 4
41 4
41 5
41 6
41 7
41 6
41 5
41 4
41 5
40 5
41 5
41 4
41 5
40 5
41 5
42 5
43 5
43 4
44 4
45 4
44 4
44 5
44 4
44 3
43 3
43 2
44 2
45 2
46 2
45 2
46 2
46 3
47 3
46 3
46 2
46 3
47 3
47 2
46 2
47 2
48 2
48 3
47 3
47 4
47 5
47 6
47 7
46 7
47 7
47 8
46 8
46 9
46 8
47 8
47 7
46 7
46 8
47 8
47 7
47 6
48 6
47 6
48 6
47 6
47 7
46 7
47 7
47 8
46 8
47 8
48 8
48 7
49 7
50 7
50 6
50 7
51 7
50 7
49 7
48 7
49 7
48 7
47 7
47 6
48 6
47 6
48 6
48 7
48 8
49 8
49 7
49 6
49 5
49 6
50 6
50 7
50 6
50 5
50 4
49 4
49 3
48 3
48 4
48 5
47 5
46 5
45 5
46 5
45 5
46 5
45 5
45 4
45 5
44 5
45 5
46 5
47 5
47 4
48 4
48 5
49 5
50 5
51 5
52 5
52 6
51 6
51 7
51 8
51 9
50 9
50 10
49 10
49 9
48 9
49 9
50 9
50 8
51 8
51 9
51 8
51 7
52 7
52 6
53 6
52 6
52 7
53 7
54 7
54 8
54 7
54 6
55 6
55 5
56 5
56 4
56 5
55 5
55 4
56 4
56 5
55 5
56 5
56 4
56 5
55 5
54 5
54 6
54 5
55 5
55 6
54 6
55 6
55 5
56 5
55 5
54 5
54 6
54 5
53 5
53 4
53 5
53 6
53 7
53 6
53 7
54 7
54 8
54 9
54 10
55 10
54 10
54 9
54 8
53 8
52 8
52 7
52 6
53 6
54 6
54 7
54 8
54 9
54 10
53 10
52 10
51 10
52 10
53 10
52 10
52 11
51 11
52 11
52 10
53 10
53 9
54 9
54 10
54 11
53 11
53 10
53 9
53 8
52 8
52 9
51 9
52 9
53 9
52 9
53 9
53 8
54 8
55 8
55 9
55 8
55 7
55 8
56 8
57 8
57 7
56 7
56 8
55 8
56 8
57 8
58 8
57 8
56 8
55 8
54 8
53 8
53 9
53 8
53 9
53 8
52 8
52 7
51 7
52 7
53 7
53 8
53 9
53 8
52 8
51 8
51 7
52 7
51 7
52 7
52 8
52 9
52 10
52 11
51 11
51 10
51 11
51 12
51 11
51 10
52 10
52 11
53 11
52 11
53 11
53 10
53 9
53 8
54 8
54 7
54 8
53 8
53 7
54 7
54 8
53 8
52 8
52 9
53 9
53 10
53 9
53 10
53 11
53 10
52 10
51 10
50 10
50 9
51 9
51 10
52 10
52 11
51 11
50 11
50 10
51 10
50 10
50 11
49 11
50 11
51 11
50 11
51 11
52 11
52 10
53 10
54 10
53 10
52 10
53 10
53 9
52 9
53 9
52 9
53 9
52 9
52 10
53 10
53 9
53 8
52 8
53 8
53 7
52 7
51 7
51 6
52 6
53 6
52 6
51 6
52 6
53 6
53 7
53 6
54 6
55 6
54 6
53 6
53 5
53 6
54 6
55 6
56 6
56 5
57 5
58 5
59 5
59 6
60 6
61 6
62 6
63 6
62 6
61 6
60 6
61 6
62 6
62 7
61 7
61 6
60 6
60 5
61 5
61 6
61 5
61 6
62 6
62 7
61 7
62 7
62 8
62 7
62 6
63 6
62 6
63 6
63 7
62 7
62 8
62 7
62 8
63 8
64 8
65 8
66 8
67 8
66 8
65 8
65 7
65 6
65 5
65 6
66 6
66 7
66 8
66 7
67 7
67 8
68 8
68 9
67 9
67 8
67 7
67 8
66 8
66 7
66 8
66 9
66 10
65 10
65 11
64 11
65 11
65 10
66 10
67 10
67 11
66 11
66 12
67 12
66 12
66 11
66 12
65 12
65 13
65 12
65 13
65 14
65 15
66 15
66 16
66 15
66 16
67 16
66 16
66 15
66 14
66 15
67 15
67 16
67 15
67 14
66 14
65 14
65 15
64 15
64 14
65 14
66 14
66 13
67 13
66 13
65 13
64 13
64 12
65 12
65 11
64 11
63 11
62 11
62 12
61 12
60 12
60 13
61 13
61 14
61 15
62 15
62 14
61 14
61 13
61 14
62 14
63 14
63 15
64 15
65 15
66 15
66 14
66 13
65 13
66 13
66 12
67 12
68 12
67 12
66 12
66 13
65 13
65 12
65 13
65 14
65 13
66 13
66 14
65 14
64 14
64 13
64 14
64 13
64 12
64 11
63 11
62 11
61 11
60 11
59 11
59 12
58 12
59 12
59 11
60 11
59 11
60 11
60 10
59 10
59 11
59 10
59 11
59 10
59 11
59 10
59 11
58 11
57 11
56 11
56 12
56 13
57 13
57 12
57 13
57 12
56 12
56 11
56 10
55 10
55 9
54 9
55 9
54 9
55 9
56 9
56 8
56 7
56 6
56 7
56 6
56 7
56 6
57 6
57 7
56 7
56 8
56 7
56 8
56 7
56 8
57 8
57 9
57 10
58 10
59 10
59 11
59 10
59 11
59 12
60 12
60 11
60 12
60 13
60 12
60 13
59 13
58 13
58 12
58 13
58 14
57 14
56 14
57 14
56 14
57 14
56 14
55 14
56 14
55 14
54 14
55 14
55 15
55 16
55 15
55 14
55 15
56 15
57 15
57 16
56 16
55 16
55 17
54 17
53 17
53 16
53 17
52 17
52 18
51 18
51 19
50 19
51 19
51 18
52 18
51 18
52 18
52 19
52 20
51 20
51 19
51 18
50 18
49 18
49 19
49 18
49 19
48 19
47 19
47 20
48 20
48 21
48 20
48 21
48 22
47 22
48 22
49 22
49 21
50 21
51 21
51 22
51 23
52 23
51 23
51 24
52 24
51 24
52 24
52 25
53 25
53 24
52 24
52 25
52 26
52 25
52 24
52 25
51 25
51 24
51 25
50 25
49 25
50 25
49 25
50 25
50 24
51 24
51 23
51 22
51 23
51 22
51 21
52 21
52 22
52 23
53 23
53 22
52 22
53 22
52 22
53 22
52 22
51 22
51 23
51 24
52 24
52 23
53 23
54 23
54 24
54 23
53 23
53 24
