0 0
1 0
2 0
3 0
3 1
3 2
3 1
2 1
3 1
3 0
3 1
4 1
5 1
4 1
4 0
4 1
5 1
6 1
6 2
6 1
7 1
7 0
6 0
5 0
5 1
4 1
3 1
2 1
1 1
0 1
0 2
0 3
0 4
0 3
1 3
1 2
0 2
0 1
1 1
1 2
1 1
0 1
0 0
0 1
0 0
0 1
0 0
1 0
1 1
0 1
0 2
1 2
2 2
1 2
1 1
1 2
0 2
0 3
0 4
1 4
1 5
1 4
1 3
1 4
1 5
1 6
1 5
1 4
2 4
1 4
1 3
0 3
0 4
1 4
1 5
2 5
2 4
2 3
2 2
1 2
1 1
1 0
2 0
1 0
1 1
0 1
1 1
1 2
2 2
3 2
2 2
1 2
0 2
0 3
1 3
2 3
1 3
1 4
1 5
1 6
1 7
1 6
1 5
1 6
1 5
1 6
1 7
2 7
3 7
4 7
4 8
4 7
4 8
4 7
3 7
2 7
2 6
2 5
2 4
2 3
2 2
1 2
0 2
1 2
0 2
0 1
0 2
0 1
1 1
1 2
2 2
2 3
2 4
3 4
4 4
5 4
5 3
5 2
4 2
4 1
3 1
3 2
4 2
4 3
5 3
6 3
6 4
6 5
6 4
5 4
4 4
4 3
4 2
4 1
4 2
3 2
4 2
3 2
2 2
2 3
2 4
2 5
1 5
1 6
1 5
1 6
0 6
1 6
1 7
2 7
2 6
2 5
1 5
2 5
2 4
2 5
2 4
1 4
0 4
0 3
0 4
1 4
1 5
1 4
0 4
0 5
0 6
0 5
0 4
0 3
0 2
1 2
1 3
1 2
1 3
2 3
2 2
3 2
4 2
4 3
5 3
5 4
5 5
6 5
6 4
6 3
6 4
5 4
5 5
5 4
5 3
4 3
5 3
4 3
4 2
5 2
4 2
4 3
3 3
3 2
2 2
2 3
2 2
1 2
0 2
0 1
0 0
1 0
2 0
2 1
1 1
2 1
2 2
2 1
3 1
3 0
4 0
3 0
3 1
4 1
4 2
3 2
3 1
3 0
4 0
4 1
3 1
3 2
4 2
5 2
4 2
5 2
5 3
5 4
6 4
6 3
7 3
7 2
8 2
8 1
7 1
7 0
7 1
8 1
8 2
8 1
7 1
7 0
8 0
9 0
10 0
10 1
10 0
9 0
9 1
8 1
8 0
9 0
8 0
7 0
7 1
7 0
6 0
5 0
4 0
4 1
3 1
3 0
4 0
5 0
6 0
6 1
6 0
7 0
7 1
7 0
7 1
7 0
7 1
8 1
8 2
8 1
9 1
8 1
7 1
7 0
6 0
5 0
5 1
4 1
3 1
3 0
2 0
2 1
2 0
2 1
2 0
3 0
2 0
2 1
2 0
2 1
2 0
2 1
2 2
3 2
3 3
3 4
3 3
3 4
3 3
4 3
4 4
3 4
2 4
3 4
4 4
4 3
3 3
3 4
2 4
2 5
1 5
2 5
1 5
0 5
0 6
0 7
0 8
0 9
0 8
1 8
2 8
3 8
4 8
3 8
2 8
2 9
2 10
1 10
1 11
2 11
1 11
2 11
1 11
2 11
2 10
1 10
0 10
0 11
1 11
2 11
2 12
2 13
1 13
1 14
0 14
0 15
1 15
1 16
0 16
0 17
0 16
1 16
1 15
1 14
0 14
0 15
1 15
0 15
1 15
2 15
1 15
1 14
0 14
1 14
1 13
0 13
0 12
0 13
1 13
1 14
2 14
2 15
2 16
1 16
1 17
1 16
1 15
0 15
0 16
0 15
0 16
1 16
0 16
0 17
1 17
1 18
2 18
2 17
3 17
3 18
4 18
3 18
4 18
4 17
4 18
4 19
3 19
3 20
4 20
3 20
2 20
2 19
1 19
1 18
1 17
2 17
2 18
2 19
2 18
3 18
3 19
2 19
3 19
2 19
3 19
3 20
3 21
3 22
3 21
3 20
2 20
2 19
3 19
2 19
2 20
2 19
3 19
2 19
1 19
1 20
1 19
0 19
0 20
0 21
0 20
0 21
1 21
2 21
2 20
3 20
3 19
4 19
4 20
3 20
2 20
1 20
2 20
3 20
2 20
2 19
2 18
2 17
1 17
1 16
1 17
0 17
0 16
0 17
0 18
0 17
0 18
0 19
1 19
2 19
2 20
2 21
1 21
1 22
0 22
0 21
1 21
0 21
0 20
0 19
0 20
1 20
2 20
2 21
2 20
2 19
1 19
2 19
3 19
2 19
2 20
2 21
3 21
4 21
3 21
4 21
5 21
4 21
4 22
4 23
4 22
4 23
4 24
3 24
3 23
4 23
4 24
5 24
4 24
5 24
5 25
6 25
5 25
6 25
5 25
4 25
4 26
3 26
4 26
5 26
5 25
4 25
5 25
6 25
6 26
6 27
6 28
5 28
5 29
4 29
5 29
4 29
3 29
3 30
4 30
3 30
4 30
4 31
5 31
5 30
5 29
5 28
4 28
4 27
4 28
5 28
5 27
5 26
6 26
5 26
5 25
5 26
5 27
5 26
5 27
4 27
3 27
4 27
4 26
4 27
4 28
3 28
2 28
2 27
3 27
2 27
3 27
2 27
2 28
1 28
1 27
0 27
1 27
1 28
0 28
0 27
1 27
1 28
1 27
2 27
3 27
2 27
2 28
2 27
2 28
3 28
3 29
3 30
3 31
3 32
4 32
3 32
2 32
3 32
3 31
3 32
3 33
3 32
3 33
3 32
2 32
2 31
2 30
3 30
2 30
2 31
2 30
2 29
1 29
1 30
1 31
0 31
0 32
0 33
0 34
1 34
1 35
2 35
3 35
3 36
4 36
5 36
5 35
6 35
6 36
6 35
5 35
5 34
6 34
5 34
4 34
4 35
3 35
4 35
5 35
4 35
4 36
4 37
5 37
4 37
5 37
5 36
5 37
5 38
6 38
7 38
8 38
8 37
8 36
9 36
8 36
8 35
9 35
9 34
8 34
9 34
9 35
8 35
8 36
9 36
10 36
9 36
10 36
9 36
9 37
10 37
11 37
11 36
12 36
12 37
11 37
11 38
10 38
10 39
10 40
10 39
10 40
10 41
10 40
11 40
11 39
11 40
11 39
12 39
12 40
12 39
12 38
12 37
12 36
12 35
12 36
12 37
13 37
13 36
14 36
15 36
16 36
15 36
16 36
17 36
17 35
17 34
17 35
17 34
16 34
16 35
15 35
15 34
15 35
14 35
13 35
12 35
13 35
12 35
12 36
13 36
12 36
12 35
11 35
10 35
10 36
11 36
10 36
9 36
8 36
9 36
10 36
11 36
10 36
10 35
11 35
11 36
10 36
11 36
11 35
11 36
10 36
10 37
11 37
10 37
9 37
8 37
7 37
7 38
7 39
6 39
5 39
4 39
4 38
3 38
3 37
2 37
2 36
2 37
1 37
1 38
2 38
1 38
0 38
1 38
0 38
1 38
2 38
3 38
3 37
4 37
4 36
4 35
3 35
4 35
3 35
4 35
5 35
6 35
7 35
6 35
7 35
7 34
7 33
6 33
6 34
5 34
5 33
5 34
5 33
5 32
6 32
7 32
7 31
7 32
8 32
8 31
7 31
8 31
8 30
8 29
9 29
9 30
9 29
9 28
8 28
9 28
8 28
7 28
7 27
7 28
6 28
6 27
6 26
6 27
7 27
6 27
6 28
6 27
6 28
6 27
6 26
7 26
7 27
6 27
7 27
8 27
8 26
8 27
8 28
9 28
8 28
7 28
7 29
7 30
7 31
6 31
6 30
6 29
7 29
7 28
8 28
7 28
8 28
8 29
9 29
8 29
8 30
8 29
9 29
9 28
10 28
10 29
9 29
8 29
8 28
9 28
8 28
9 28
10 28
9 28
8 28
8 29
8 30
8 31
9 31
8 31
9 31
9 32
9 31
10 31
10 32
11 32
11 31
11 32
10 32
10 31
9 31
9 30
8 30
8 29
8 28
8 27
9 27
8 27
8 28
7 28
7 29
6 29
6 28
6 29
5 29
6 29
6 28
7 28
6 28
5 28
5 27
5 26
5 25
5 26
6 26
6 27
6 26
5 26
5 25
5 26
6 26
5 26
4 26
3 26
4 26
3 26
2 26
3 26
3 27
3 28
4 28
3 28
3 29
2 29
2 30
1 30
2 30
3 30
2 30
2 29
2 30
3 30
4 30
3 30
4 30
4 31
4 30
4 31
4 32
5 32
5 31
4 31
5 31
6 31
6 30
5 30
5 29
5 28
6 28
6 29
6 30
6 29
6 30
6 31
6 30
7 30
7 31
8 31
7 31
7 30
7 31
7 30
8 30
8 31
8 32
8 31
8 32
7 32
7 31
7 30
6 30
5 30
6 30
7 30
7 29
8 29
7 29
7 30
8 30
9 30
8 30
8 31
