0 0
0 1
1 1
0 1
1 1
1 2
0 2
0 1
1 1
0 1
1 1
0 1
1 1
2 1
3 1
2 1
2 2
1 2
1 1
0 1
0 2
1 2
1 1
0 1
0 2
1 2
1 3
2 3
3 3
2 3
2 4
3 4
3 3
3 4
3 5
3 4
3 3
4 3
4 2
4 1
3 1
4 1
4 2
5 2
5 1
6 1
5 1
5 0
4 0
4 1
4 2
3 2
3 3
4 3
3 3
3 2
4 2
5 2
6 2
7 2
8 2
7 2
7 3
7 4
7 3
7 4
8 4
7 4
7 3
7 2
6 2
7 2
7 3
6 3
5 3
5 4
6 4
7 4
7 5
7 4
8 4
7 4
7 3
8 3
8 2
9 2
10 2
11 2
10 2
10 1
11 1
11 2
11 3
11 4
10 4
9 4
9 5
8 5
7 5
6 5
6 4
6 5
6 4
6 3
6 4
6 5
6 6
7 6
6 6
6 7
5 7
5 6
6 6
6 5
6 4
7 4
6 4
5 4
5 5
4 5
3 5
2 5
1 5
2 5
2 6
3 6
3 5
3 6
3 7
3 6
3 7
4 7
4 6
5 6
5 7
5 6
6 6
6 5
6 6
6 7
7 7
7 8
6 8
5 8
5 9
6 9
6 8
5 8
5 9
5 8
5 9
5 8
6 8
7 8
6 8
6 7
7 7
7 8
7 9
6 9
6 8
6 9
7 9
7 10
8 10
9 10
10 10
10 9
10 8
10 7
9 7
8 7
9 7
8 7
9 7
9 8
9 9
9 8
10 8
10 9
9 9
9 10
10 10
11 10
10 10
10 9
9 9
10 9
9 9
9 10
10 10
9 10
9 11
10 11
10 10
10 9
9 9
8 9
7 9
6 9
6 10
7 10
6 10
6 9
5 9
4 9
4 8
4 7
5 7
5 8
5 9
4 9
3 9
4 9
4 8
5 8
5 9
5 8
6 8
6 9
6 10
6 9
6 10
6 9
7 9
8 9
8 10
9 10
9 11
8 11
7 11
8 11
7 11
7 10
8 10
8 11
7 11
6 11
6 10
7 10
7 11
8 11
9 11
9 10
10 10
10 11
9 11
8 11
9 11
10 11
9 11
9 12
9 11
8 11
8 10
7 10
8 10
8 11
8 10
8 9
8 10
8 11
8 10
8 11
8 12
9 12
10 12
9 12
9 11
8 11
8 10
7 10
8 10
8 11
9 11
9 12
8 12
8 13
8 14
8 13
9 13
9 14
9 13
8 13
8 12
8 13
9 13
8 13
7 13
7 14
6 14
6 13
5 13
6 13
6 12
6 13
5 13
5 14
5 13
5 12
5 13
5 14
5 15
4 15
3 15
3 16
2 16
2 17
2 18
3 18
4 18
4 19
5 19
6 19
6 20
5 20
5 21
5 22
5 21
4 21
5 21
4 21
4 22
3 22
2 22
2 23
1 23
0 23
1 23
2 23
2 22
2 23
1 23
0 23
0 22
0 21
0 22
0 23
1 23
2 23
2 22
3 22
3 23
2 23
2 24
3 24
3 25
3 26
3 25
2 25
1 25
0 25
1 25
1 24
2 24
1 24
2 24
1 24
1 25
2 25
2 26
1 26
1 25
1 24
1 25
2 25
1 25
1 24
0 24
0 25
0 24
1 24
0 24
1 24
1 25
1 24
0 24
1 24
1 25
1 24
1 25
1 26
1 25
0 25
1 25
1 24
1 23
1 24
1 23
1 24
0 24
1 24
1 25
0 25
0 26
1 26
2 26
3 26
3 25
3 24
3 23
3 22
4 22
4 21
4 20
4 19
4 20
4 19
4 20
4 21
4 20
3 20
3 21
4 21
5 21
6 21
5 21
4 21
3 21
3 20
3 21
3 22
3 23
4 23
4 22
5 22
5 23
5 24
6 24
6 23
6 22
7 22
7 21
7 20
7 21
6 21
5 21
5 22
6 22
7 22
8 22
9 22
8 22
8 21
8 20
8 19
8 18
8 19
7 19
7 20
7 19
7 20
7 19
6 19
7 19
8 19
9 19
9 20
8 20
8 21
7 21
7 22
7 21
8 21
7 21
7 22
8 22
8 21
9 21
9 20
9 21
9 20
9 19
8 19
9 19
10 19
10 20
10 21
10 20
10 21
10 22
9 22
9 23
8 23
7 23
6 23
7 23
7 24
8 24
8 23
8 22
7 22
6 22
5 22
4 22
3 22
3 21
3 22
2 22
2 21
1 21
0 21
1 21
2 21
3 21
3 22
3 23
2 23
2 24
2 23
1 23
1 24
1 23
1 22
2 22
3 22
4 22
4 23
5 23
6 23
7 23
7 22
7 23
8 23
8 22
7 22
7 23
7 22
7 23
8 23
8 22
9 22
9 23
10 23
11 23
12 23
12 22
12 21
13 21
13 22
14 22
14 23
14 24
13 24
14 24
14 23
13 23
13 22
14 22
15 22
15 23
15 24
15 25
15 24
14 24
14 25
14 24
13 24
13 25
13 26
13 25
13 26
13 25
13 24
13 23
13 22
13 23
14 23
13 23
13 22
12 22
12 21
12 20
12 19
12 18
11 18
11 19
10 19
9 19
9 18
9 19
10 19
11 19
11 20
10 20
10 19
10 20
11 20
12 20
12 19
11 19
11 18
11 19
12 19
11 19
11 20
11 21
11 20
11 19
11 18
12 18
12 19
12 18
13 18
13 19
13 20
13 21
12 21
12 20
11 20
11 21
11 22
11 21
11 20
11 19
11 18
11 17
10 17
11 17
11 16
10 16
11 16
11 15
11 16
11 17
11 16
11 17
12 17
12 18
12 17
12 16
12 17
11 17
12 17
12 18
13 18
12 18
11 18
10 18
10 19
10 20
10 19
9 19
9 18
10 18
10 19
9 19
8 19
8 18
7 18
7 17
7 18
7 17
6 17
6 18
7 18
7 17
8 17
8 18
8 19
8 18
8 19
9 19
9 20
9 19
8 19
8 20
8 19
9 19
9 18
9 19
8 19
8 20
8 19
8 20
7 20
7 19
8 19
9 19
10 19
10 18
10 19
10 20
10 21
10 22
9 22
8 22
8 23
7 23
7 22
7 23
7 24
7 23
7 24
6 24
5 24
5 23
5 22
5 21
6 21
6 22
5 22
5 21
6 21
7 21
7 22
6 22
6 23
6 24
6 23
6 24
5 24
6 24
6 23
6 22
6 21
6 22
5 22
5 21
5 22
5 23
4 23
4 24
3 24
4 24
5 24
6 24
5 24
5 23
5 22
4 22
5 22
5 21
4 21
4 20
3 20
3 19
2 19
2 18
1 18
1 17
0 17
1 17
1 16
1 17
1 18
0 18
0 19
0 18
0 19
0 20
1 20
1 21
0 21
0 20
0 21
1 21
0 21
1 21
0 21
0 22
1 22
0 22
1 22
1 23
1 24
0 24
0 25
1 25
2 25
2 24
2 23
2 24
1 24
1 23
1 24
2 24
2 23
1 23
1 22
0 22
0 23
1 23
1 24
1 25
1 26
0 26
0 25
1 25
0 25
1 25
1 26
0 26
0 25
0 24
0 23
0 22
1 22
1 23
0 23
0 22
1 22
1 23
1 22
2 22
3 22
3 21
3 22
3 23
2 23
2 24
2 25
3 25
4 25
4 24
4 25
4 24
4 23
3 23
2 23
3 23
4 23
4 22
4 21
4 20
4 21
3 21
3 20
2 20
2 21
2 22
2 21
3 21
2 21
2 22
3 22
3 23
3 24
3 23
3 22
3 23
3 24
3 25
3 26
2 26
3 26
4 26
5 26
4 26
4 27
3 27
3 28
2 28
2 27
2 26
1 26
1 27
0 27
1 27
1 26
0 26
1 26
2 26
1 26
0 26
1 26
1 25
0 25
1 25
1 24
2 24
1 24
1 25
1 24
1 23
2 23
1 23
1 24
0 24
0 23
0 24
1 24
1 23
1 24
0 24
0 23
1 23
1 22
2 22
2 21
2 22
2 23
2 24
2 23
2 22
1 22
2 22
3 22
2 22
1 22
2 22
2 23
3 23
3 24
4 24
4 23
4 22
3 22
2 22
3 22
3 21
2 21
2 22
1 22
1 21
0 21
1 21
1 20
0 20
0 21
1 21
1 22
0 22
0 23
1 23
2 23
1 23
1 22
2 22
2 23
2 24
2 25
3 25
3 26
2 26
3 26
2 26
3 26
4 26
3 26
2 26
2 27
2 28
2 27
2 26
1 26
2 26
2 27
1 27
1 26
1 25
0 25
0 26
0 25
1 25
0 25
1 25
1 24
1 23
2 23
2 24
2 25
3 25
3 24
3 23
2 23
3 23
2 23
2 24
1 24
1 25
0 25
0 24
1 24
1 23
2 23
1 23
2 23
3 23
4 23
5 23
6 23
6 24
6 25
7 25
6 25
7 25
7 26
8 26
7 26
7 25
6 25
6 24
7 24
6 24
6 23
6 22
6 21
6 22
6 23
