0 0
0 1
0 2
0 1
0 0
1 0
1 1
1 2
0 2
1 2
1 3
1 2
1 1
2 1
2 2
2 1
3 1
3 0
3 1
3 2
4 2
4 3
5 3
5 4
5 3
6 3
5 3
4 3
3 3
3 4
3 5
3 6
3 5
3 4
3 3
4 3
4 4
4 5
4 4
5 4
6 4
6 3
5 3
4 3
4 4
4 5
3 5
3 6
2 6
3 6
3 7
4 7
5 7
5 6
5 7
4 7
4 6
4 7
3 7
4 7
4 6
5 6
6 6
6 7
6 6
6 7
7 7
7 8
8 8
8 7
8 8
9 8
10 8
9 8
9 9
9 10
8 10
8 11
8 10
9 10
9 11
10 11
9 11
9 12
9 13
9 12
9 13
8 13
9 13
10 13
10 12
10 13
11 13
11 14
11 13
10 13
11 13
10 13
11 13
12 13
12 14
11 14
12 14
12 15
11 15
11 14
11 13
11 12
12 12
11 12
11 13
10 13
11 13
10 13
11 13
11 12
10 12
10 13
10 14
11 14
11 13
11 14
11 13
11 12
11 11
11 12
11 13
11 12
12 12
12 13
11 13
12 13
11 13
12 13
11 13
10 13
9 13
10 13
11 13
11 12
12 12
12 13
12 14
12 15
12 16
12 15
11 15
11 16
12 16
12 15
11 15
11 16
12 16
13 16
12 16
11 16
11 17
10 17
11 17
12 17
12 18
11 18
10 18
11 18
11 19
10 19
10 20
11 20
12 20
13 20
14 20
13 20
14 20
15 20
15 19
14 19
15 19
14 19
14 20
14 21
13 21
14 21
15 21
15 22
16 22
16 23
16 24
17 24
17 23
17 24
17 25
17 24
18 24
17 24
18 24
18 23
19 23
19 22
19 21
18 21
17 21
18 21
18 20
17 20
17 21
16 21
15 21
16 21
15 21
15 20
14 20
14 19
13 19
13 18
14 18
14 19
14 18
13 18
13 19
13 20
12 20
12 19
11 19
11 20
12 20
13 20
14 20
14 21
15 21
15 20
14 20
13 20
13 19
12 19
13 19
12 19
12 20
11 20
12 20
12 19
12 18
12 19
11 19
12 19
13 19
14 19
15 19
15 20
16 20
16 19
17 19
17 18
16 18
17 18
18 18
18 17
18 18
19 18
19 19
19 18
19 19
19 18
19 19
18 19
18 18
19 18
20 18
20 19
20 18
21 18
20 18
20 17
21 17
22 17
22 16
22 17
22 16
23 16
22 16
21 16
22 16
23 16
24 16
24 15
24 16
23 16
23 17
23 16
22 16
21 16
21 15
22 15
23 15
24 15
24 14
25 14
25 13
25 14
26 14
26 15
26 14
25 14
25 13
24 13
23 13
24 13
23 13
23 14
23 15
24 15
25 15
25 16
25 15
25 16
26 16
26 15
26 14
27 14
26 14
26 15
26 16
26 17
26 16
26 17
25 17
25 18
26 18
26 17
25 17
24 17
23 17
23 18
22 18
21 18
21 17
21 16
21 15
21 14
22 14
23 14
23 13
24 13
25 13
25 12
24 12
24 13
24 12
23 12
23 13
24 13
25 13
26 13
27 13
28 13
28 14
27 14
26 14
27 14
28 14
28 15
29 15
30 15
31 15
30 15
29 15
29 16
30 16
31 16
32 16
33 16
33 17
34 17
33 17
32 17
31 17
31 16
30 16
30 17
31 17
31 16
32 16
31 16
31 17
31 18
32 18
32 17
31 17
31 16
31 17
30 17
30 18
30 19
30 18
30 17
29 17
29 18
28 18
29 18
30 18
30 17
29 17
29 16
29 15
30 15
30 14
31 14
31 13
30 13
30 12
30 11
29 11
28 11
29 11
30 11
31 11
31 10
30 10
30 11
30 10
30 9
30 10
29 10
29 11
30 11
31 11
30 11
30 10
30 11
30 10
29 10
29 11
30 11
31 11
31 12
32 12
31 12
31 13
31 12
32 12
32 11
32 12
31 12
30 12
29 12
29 11
28 11
28 12
28 11
29 11
30 11
29 11
30 11
30 12
30 11
30 12
31 12
30 12
31 12
30 12
29 12
29 13
29 12
30 12
31 12
32 12
31 12
31 11
30 11
29 11
29 12
28 12
29 12
29 13
29 14
28 14
28 13
29 13
29 14
29 15
29 16
30 16
30 17
29 17
29 16
28 16
29 16
30 16
29 16
28 16
28 15
27 15
26 15
26 14
26 15
27 15
27 16
26 16
26 17
26 18
26 17
25 17
24 17
24 16
25 16
26 16
27 16
27 15
27 14
28 14
27 14
26 14
26 13
27 13
28 13
27 13
28 13
28 14
27 14
28 14
27 14
28 14
29 14
29 15
28 15
27 15
28 15
29 15
28 15
28 16
28 17
28 16
28 15
29 15
30 15
30 14
30 15
31 15
31 14
30 14
30 15
31 15
30 15
29 15
28 15
27 15
28 15
28 16
29 16
28 16
28 17
29 17
29 18
30 18
29 18
30 18
30 19
29 19
28 19
27 19
26 19
26 20
26 19
27 19
27 18
28 18
28 19
28 18
27 18
28 18
29 18
30 18
31 18
32 18
33 18
34 18
35 18
36 18
36 17
36 18
36 17
36 18
36 19
36 20
36 19
37 19
37 18
37 19
37 18
38 18
38 19
39 19
39 18
38 18
39 18
39 17
39 16
39 17
38 17
39 17
39 16
39 15
39 16
39 17
38 17
38 16
38 15
37 15
36 15
36 14
36 13
35 13
36 13
36 14
35 14
35 13
36 13
36 14
37 14
36 14
37 14
38 14
39 14
40 14
40 13
40 12
40 11
39 11
39 12
38 12
38 13
39 13
39 14
39 13
39 14
38 14
38 15
38 14
38 15
37 15
38 15
37 15
37 14
37 13
37 14
37 15
38 15
39 15
39 16
38 16
39 16
38 16
39 16
39 15
39 16
38 16
39 16
39 15
39 14
39 15
40 15
40 16
41 16
41 17
40 17
40 18
40 17
39 17
39 16
38 16
39 16
38 16
38 17
39 17
38 17
38 18
38 19
38 18
38 17
38 18
37 18
38 18
37 18
37 17
37 18
36 18
35 18
35 19
34 19
34 18
34 17
34 16
34 17
33 17
34 17
33 17
33 16
32 16
31 16
32 16
32 17
33 17
33 18
33 17
33 18
33 19
33 20
32 20
31 20
31 21
32 21
31 21
31 20
30 20
30 19
30 20
30 21
30 20
31 20
30 20
30 19
31 19
32 19
31 19
31 18
30 18
30 17
30 18
31 18
31 19
30 19
29 19
29 18
28 18
29 18
29 19
29 18
29 19
29 20
28 20
28 21
29 21
30 21
31 21
32 21
32 22
31 22
32 22
33 22
33 21
34 21
35 21
34 21
35 21
35 22
35 23
35 22
35 23
34 23
35 23
34 23
34 24
33 24
34 24
33 24
33 25
34 25
34 26
34 25
34 26
33 26
33 25
33 26
33 25
33 26
33 27
32 27
32 28
32 27
32 28
32 29
33 29
34 29
35 29
34 29
35 29
36 29
36 30
35 30
35 29
35 28
35 27
36 27
37 27
37 26
37 25
37 24
37 25
38 25
37 25
38 25
39 25
40 25
40 26
40 25
39 25
39 24
39 23
39 24
39 23
39 22
40 22
41 22
41 23
42 23
42 22
42 23
42 22
42 23
43 23
43 22
43 23
44 23
44 24
43 24
43 25
43 24
43 23
43 22
42 22
41 22
40 22
40 23
39 23
39 24
38 24
39 24
39 23
39 24
40 24
41 24
42 24
42 23
42 22
43 22
44 22
45 22
44 22
45 22
46 22
46 23
47 23
46 23
47 23
46 23
47 23
48 23
47 23
47 22
48 22
48 23
48 22
49 22
49 21
49 20
49 19
50 19
51 19
51 20
51 19
51 20
51 21
51 22
51 21
51 20
50 20
50 21
50 22
49 22
50 22
51 22
51 23
51 22
52 22
51 22
51 21
50 21
51 21
51 20
51 21
50 21
50 22
51 22
50 22
49 22
49 23
48 23
48 24
48 25
49 25
50 25
51 25
50 25
51 25
51 24
51 23
51 24
51 23
52 23
51 23
51 24
51 23
52 23
53 23
54 23
55 23
55 22
54 22
54 23
53 23
53 22
53 23
53 22
54 22
54 21
55 21
54 21
53 21
54 21
54 22
54 23
53 23
53 22
53 21
53 20
54 20
54 21
55 21
55 20
55 21
54 21
55 21
55 20
56 20
55 20
55 21
55 20
55 21
56 21
56 20
55 20
55 19
54 19
54 18
54 19
55 19
55 20
55 19
55 18
55 19
56 19
56 18
56 17
56 16
56 17
55 17
56 17
55 17
56 17
57 17
56 17
55 17
56 17
55 17
54 17
55 17
55 18
55 19
55 20
55 19
54 19
54 18
55 18
55 19
55 18
56 18
57 18
58 18
59 18
60 18
60 19
61 19
62 19
62 18
62 17
61 17
61 16
61 15
61 14
60 14
60 15
