0 0
1 0
1 1
0 1
1 1
0 1
0 2
0 3
1 3
1 2
1 1
0 1
1 1
0 1
1 1
1 2
0 2
1 2
0 2
0 1
1 1
1 2
1 1
1 0
1 1
2 1
2 0
2 1
2 2
1 2
2 2
1 2
1 1
1 2
0 2
1 2
1 1
1 2
1 3
1 4
1 5
2 5
2 6
1 6
0 6
1 6
1 7
0 7
1 7
1 6
1 5
2 5
2 6
2 7
1 7
1 8
1 7
0 7
1 7
1 8
1 7
2 7
2 8
3 8
2 8
2 7
3 7
2 7
2 6
1 6
2 6
1 6
1 5
1 6
0 6
1 6
2 6
3 6
2 6
2 7
1 7
2 7
2 8
3 8
3 9
4 9
4 8
3 8
3 7
3 6
3 7
3 8
3 9
3 10
2 10
2 9
2 10
2 9
2 10
2 9
1 9
2 9
3 9
2 9
2 10
2 11
1 11
1 12
1 11
0 11
0 12
0 13
0 12
0 11
1 11
1 10
2 10
3 10
2 10
3 10
3 9
4 9
4 8
5 8
4 8
5 8
4 8
3 8
3 9
4 9
4 8
5 8
6 8
5 8
5 7
5 8
5 9
4 9
5 9
5 8
4 8
4 7
4 8
5 8
4 8
3 8
3 9
4 9
4 10
4 11
3 11
2 11
2 12
3 12
3 13
3 12
2 12
2 11
3 11
3 12
2 12
1 12
2 12
3 12
3 11
3 12
3 13
2 13
2 12
2 11
1 11
1 12
1 11
0 11
0 12
1 12
1 13
1 12
1 13
0 13
1 13
2 13
2 14
3 14
3 13
3 12
3 13
3 14
4 14
5 14
4 14
4 13
5 13
4 13
3 13
4 13
5 13
5 14
6 14
7 14
7 15
8 15
9 15
9 14
9 15
8 15
8 16
8 15
9 15
9 16
9 15
9 16
9 17
9 16
9 17
9 18
9 17
8 17
9 17
10 17
10 18
10 17
11 17
11 18
11 17
11 18
11 19
12 19
12 20
12 19
12 20
12 21
13 21
13 20
13 21
14 21
14 22
13 22
12 22
12 21
11 21
12 21
13 21
13 20
14 20
14 21
15 21
15 22
16 22
17 22
18 22
18 23
19 23
18 23
18 22
18 23
19 23
19 22
20 22
20 23
20 24
21 24
22 24
21 24
20 24
21 24
22 24
22 25
22 26
22 27
22 26
21 26
20 26
20 25
21 25
22 25
23 25
23 24
22 24
21 24
22 24
23 24
23 25
22 25
23 25
24 25
23 25
23 24
22 24
21 24
21 25
22 25
21 25
21 24
21 23
21 24
21 25
21 24
22 24
22 23
23 23
23 24
22 24
23 24
24 24
24 25
24 24
23 24
22 24
22 23
22 22
21 22
20 22
20 21
21 21
20 21
21 21
22 21
22 20
21 20
21 19
22 19
21 19
21 20
21 19
20 19
19 19
19 18
18 18
19 18
19 17
19 18
19 17
19 16
19 15
20 15
20 16
19 16
19 15
19 16
19 15
19 16
18 16
18 15
18 14
19 14
19 15
18 15
17 15
16 15
17 15
18 15
18 16
18 17
17 17
16 17
16 16
16 15
16 16
16 15
17 15
17 14
16 14
15 14
15 13
14 13
13 13
12 13
13 13
13 14
13 15
13 16
14 16
15 16
15 15
14 15
13 15
12 15
12 14
11 14
11 15
11 16
11 15
11 16
12 16
12 15
13 15
13 16
13 17
14 17
14 18
14 19
13 19
14 19
13 19
14 19
14 18
13 18
14 18
14 17
14 16
15 16
16 16
17 16
17 15
16 15
15 15
15 16
14 16
14 15
14 16
13 16
13 17
13 16
14 16
15 16
14 16
14 15
15 15
14 15
14 14
14 13
15 13
16 13
15 13
16 13
16 14
16 13
16 14
17 14
18 14
19 14
20 14
20 15
20 16
19 16
19 15
20 15
20 14
19 14
19 15
19 16
18 16
18 15
18 16
17 16
16 16
17 16
18 16
18 17
19 17
19 16
19 15
19 14
19 13
20 13
21 13
21 12
20 12
20 11
21 11
21 12
20 12
19 12
19 13
19 12
20 12
21 12
20 12
20 13
21 13
20 13
20 12
21 12
22 12
23 12
22 12
22 13
21 13
22 13
23 13
24 13
24 14
25 14
25 15
25 14
26 14
26 13
26 12
27 12
27 13
26 13
27 13
27 12
27 13
27 12
27 13
28 13
29 13
29 12
30 12
31 12
30 12
31 12
32 12
32 11
32 10
33 10
34 10
34 9
33 9
32 9
32 10
32 9
32 10
32 9
32 10
32 9
33 9
33 8
34 8
35 8
34 8
34 9
33 9
33 8
32 8
32 7
33 7
34 7
33 7
32 7
31 7
31 8
32 8
32 9
31 9
31 10
30 10
30 11
30 10
30 11
30 12
30 11
29 11
28 11
29 11
28 11
29 11
29 12
29 13
30 13
30 14
31 14
32 14
32 15
31 15
31 16
30 16
30 17
30 18
30 17
30 18
29 18
29 17
29 16
30 16
30 15
31 15
31 14
31 15
31 16
31 17
32 17
31 17
32 17
32 18
31 18
32 18
31 18
31 17
31 16
32 16
31 16
31 17
32 17
32 16
32 17
31 17
32 17
32 18
33 18
32 18
33 18
33 17
32 17
32 18
32 19
33 19
33 18
32 18
31 18
30 18
29 18
28 18
27 18
26 18
25 18
24 18
25 18
25 19
24 19
25 19
24 19
23 19
22 19
23 19
24 19
24 18
25 18
25 19
26 19
26 20
26 19
26 20
26 21
26 20
25 20
26 20
25 20
25 19
25 18
26 18
25 18
25 19
24 19
25 19
25 20
25 19
26 19
27 19
27 20
28 20
28 19
28 18
28 17
28 18
28 17
29 17
29 16
30 16
30 17
30 18
31 18
30 18
30 17
29 17
29 16
29 17
29 18
29 19
29 18
29 17
28 17
27 17
28 17
27 17
28 17
29 17
29 18
28 18
27 18
27 19
28 19
28 20
28 19
29 19
29 18
28 18
29 18
29 19
29 18
29 19
30 19
30 20
30 21
29 21
29 22
30 22
30 23
30 22
29 22
28 22
28 21
28 22
29 22
28 22
28 21
29 21
28 21
28 20
28 19
28 20
27 20
27 21
26 21
25 21
25 22
24 22
24 23
25 23
24 23
23 23
22 23
21 23
22 23
23 23
24 23
24 22
25 22
24 22
24 21
24 22
24 21
24 20
24 21
25 21
24 21
23 21
22 21
22 20
23 20
22 20
23 20
24 20
24 19
24 18
25 18
26 18
26 17
27 17
26 17
26 18
26 19
27 19
27 20
27 19
27 20
26 20
27 20
27 19
27 20
27 19
27 20
27 21
26 21
26 20
27 20
27 21
27 22
27 23
28 23
27 23
28 23
29 23
30 23
31 23
31 22
30 22
31 22
31 23
32 23
32 22
33 22
33 21
33 22
34 22
34 23
34 24
33 24
33 23
32 23
32 22
32 23
31 23
30 23
30 22
31 22
30 22
30 21
30 20
31 20
31 21
31 20
32 20
32 21
32 20
33 20
33 19
32 19
32 18
32 17
32 16
33 16
32 16
32 15
32 14
32 13
32 14
33 14
32 14
33 14
33 13
34 13
35 13
35 12
36 12
36 13
36 12
36 11
37 11
38 11
39 11
38 11
37 11
37 12
36 12
36 13
36 12
35 12
35 13
34 13
35 13
36 13
36 12
36 13
35 13
35 14
36 14
36 15
35 15
36 15
36 16
36 17
36 18
35 18
36 18
36 17
36 16
36 17
35 17
35 16
35 15
35 14
35 13
35 14
36 14
37 14
36 14
35 14
36 14
35 14
35 13
36 13
35 13
34 13
35 13
35 14
35 13
36 13
36 14
36 13
36 12
36 11
36 12
37 12
38 12
38 11
37 11
37 10
37 9
38 9
37 9
37 8
37 9
38 9
39 9
39 10
40 10
41 10
41 11
41 12
42 12
42 11
42 10
42 9
43 9
42 9
43 9
42 9
43 9
43 8
44 8
44 7
44 8
44 9
44 8
44 7
44 6
45 6
44 6
44 5
44 6
44 7
43 7
43 6
43 5
42 5
42 6
41 6
42 6
43 6
43 7
42 7
43 7
44 7
44 8
43 8
42 8
41 8
40 8
40 7
40 8
39 8
40 8
41 8
41 7
42 7
41 7
40 7
40 6
40 7
40 6
40 5
40 6
40 5
41 5
42 5
42 4
42 3
41 3
41 2
40 2
40 3
39 3
39 4
39 5
39 4
40 4
39 4
38 4
38 3
38 4
38 3
39 3
38 3
39 3
39 4
39 5
39 4
39 5
38 5
37 5
37 4
37 5
37 4
37 5
38 5
38 4
37 4
36 4
35 4
35 5
36 5
36 4
37 4
38 4
38 3
37 3
37 4
37 5
37 6
38 6
38 7
38 6
39 6
39 7
39 6
40 6
41 6
