0 0
1 0
1 1
1 0
0 0
1 0
0 0
0 1
0 2
0 3
1 3
1 4
0 4
0 5
1 5
0 5
1 5
1 4
2 4
2 5
2 4
3 4
3 5
3 6
4 6
3 6
2 6
2 7
1 7
1 8
0 8
0 9
0 10
1 10
1 9
1 8
1 9
1 8
2 8
2 7
1 7
0 7
0 6
1 6
1 7
1 8
1 7
0 7
0 8
0 9
0 8
1 8
0 8
0 9
1 9
1 8
2 8
2 7
2 6
3 6
4 6
3 6
3 7
2 7
1 7
2 7
3 7
3 8
3 7
2 7
1 7
1 8
2 8
2 7
3 7
3 6
3 5
3 6
3 5
3 6
3 5
3 4
4 4
3 4
4 4
4 5
5 5
4 5
5 5
5 6
5 7
4 7
3 7
3 6
2 6
3 6
2 6
3 6
3 5
3 6
2 6
3 6
3 7
3 6
3 5
3 4
3 3
3 2
3 1
3 0
2 0
2 1
1 1
1 2
1 1
2 1
1 1
1 0
1 1
1 0
1 1
2 1
3 1
4 1
3 1
3 0
3 1
4 1
4 0
4 1
5 1
5 2
4 2
4 3
4 2
3 2
4 2
3 2
3 3
3 2
3 1
3 2
3 3
3 2
3 3
3 2
3 3
3 2
2 2
2 1
1 1
0 1
0 0
1 0
0 0
1 0
2 0
1 0
2 0
2 1
2 2
2 3
2 2
2 1
1 1
0 1
1 1
0 1
0 2
0 3
0 4
0 5
0 6
1 6
1 7
1 8
1 7
1 6
1 7
1 6
0 6
0 7
1 7
2 7
2 8
2 7
1 7
1 6
2 6
3 6
2 6
1 6
2 6
1 6
0 6
0 5
0 6
0 7
1 7
1 8
0 8
1 8
2 8
2 7
2 8
1 8
1 9
2 9
2 10
3 10
4 10
4 9
4 10
3 10
3 9
3 10
2 10
1 10
1 9
2 9
2 10
2 11
1 11
1 10
2 10
2 9
3 9
2 9
1 9
1 8
1 7
2 7
2 8
1 8
2 8
2 9
3 9
3 8
3 9
3 10
3 9
2 9
1 9
1 8
1 7
2 7
1 7
1 6
1 5
1 4
2 4
2 5
3 5
3 6
3 5
2 5
2 4
2 5
2 6
1 6
1 5
2 5
1 5
0 5
1 5
1 4
1 5
1 4
0 4
0 3
0 2
0 1
0 0
1 0
1 1
1 2
0 2
1 2
1 3
1 4
1 5
1 4
1 3
1 2
2 2
2 3
2 4
3 4
3 5
2 5
2 4
3 4
2 4
1 4
1 3
2 3
1 3
2 3
2 2
2 3
2 2
3 2
4 2
4 1
4 0
4 1
4 2
4 1
4 0
4 1
3 1
4 1
5 1
6 1
5 1
4 1
5 1
5 2
5 3
5 4
6 4
6 3
6 2
5 2
5 1
6 1
7 1
7 2
6 2
6 1
7 1
6 1
7 1
7 2
6 2
7 2
7 3
7 2
8 2
7 2
7 3
7 4
8 4
7 4
8 4
7 4
7 5
6 5
5 5
6 5
7 5
7 4
8 4
9 4
9 5
8 5
7 5
7 4
8 4
7 4
8 4
9 4
8 4
9 4
9 3
9 2
9 1
8 1
9 1
10 1
11 1
10 1
10 2
10 1
10 2
11 2
11 3
11 4
10 4
11 4
11 5
11 4
11 3
12 3
12 2
12 3
12 2
12 3
11 3
11 4
11 5
11 4
12 4
11 4
11 3
10 3
10 4
10 3
9 3
9 4
9 5
10 5
11 5
10 5
9 5
9 6
10 6
10 5
10 6
10 7
10 8
10 9
10 8
9 8
9 9
10 9
9 9
9 8
8 8
8 9
8 10
8 9
9 9
10 9
10 8
10 9
10 10
9 10
10 10
9 10
9 11
9 12
9 13
10 13
10 14
9 14
9 13
10 13
10 12
10 11
9 11
9 12
9 11
9 12
9 13
8 13
7 13
8 13
7 13
6 13
5 13
6 13
6 12
7 12
7 11
6 11
6 12
7 12
7 13
7 12
8 12
8 13
7 13
7 14
7 15
6 15
7 15
8 15
9 15
8 15
8 16
9 16
9 15
9 16
8 16
8 17
7 17
6 17
7 17
7 18
8 18
9 18
8 18
7 18
8 18
7 18
6 18
5 18
4 18
3 18
3 17
2 17
1 17
1 18
1 19
2 19
1 19
1 18
1 19
2 19
2 18
2 19
2 18
2 17
1 17
1 16
2 16
1 16
0 16
0 17
0 18
0 19
1 19
0 19
1 19
1 18
2 18
2 19
2 20
1 20
0 20
0 21
1 21
0 21
1 21
1 22
1 21
0 21
1 21
1 20
1 21
1 20
0 20
1 20
2 20
2 21
1 21
2 21
1 21
1 22
1 23
2 23
2 24
1 24
1 25
1 26
1 27
1 28
2 28
3 28
3 29
3 30
2 30
2 29
1 29
0 29
0 28
1 28
1 27
1 28
1 27
0 27
0 28
0 27
1 27
1 28
2 28
2 27
2 28
3 28
2 28
2 27
2 26
1 26
2 26
2 25
1 25
0 25
1 25
1 26
0 26
0 25
0 26
0 27
1 27
2 27
1 27
1 28
1 27
1 26
1 25
0 25
0 24
0 25
1 25
0 25
0 24
1 24
1 23
1 24
1 23
1 24
2 24
2 23
3 23
2 23
1 23
2 23
2 22
3 22
3 21
3 22
3 23
3 22
3 23
3 22
3 23
3 22
4 22
4 23
3 23
3 24
3 23
4 23
5 23
5 22
4 22
4 23
3 23
2 23
1 23
0 23
0 24
1 24
1 23
1 22
1 23
1 24
1 23
1 24
0 24
1 24
0 24
0 25
1 25
2 25
3 25
3 24
4 24
5 24
6 24
5 24
6 24
6 23
7 23
6 23
6 24
6 23
7 23
8 23
9 23
9 24
9 25
8 25
8 24
7 24
7 25
7 26
8 26
8 27
9 27
10 27
9 27
9 26
9 25
8 25
7 25
8 25
8 26
8 27
7 27
6 27
6 28
6 27
5 27
5 28
6 28
6 29
6 30
6 29
6 28
6 27
6 26
6 27
7 27
7 26
8 26
9 26
8 26
8 27
7 27
7 26
6 26
5 26
6 26
7 26
7 25
8 25
8 26
8 25
7 25
7 24
8 24
8 23
7 23
6 23
6 24
6 25
5 25
6 25
7 25
8 25
9 25
8 25
7 25
7 26
6 26
6 25
7 25
7 26
7 25
6 25
6 26
5 26
5 27
5 28
4 28
4 27
4 28
3 28
3 27
4 27
4 26
4 27
3 27
4 27
3 27
3 26
3 25
3 26
3 25
4 25
5 25
5 24
5 25
5 24
6 24
5 24
5 23
6 23
6 24
6 25
7 25
6 25
6 26
6 25
6 24
6 23
7 23
7 22
8 22
9 22
8 22
9 22
9 23
9 22
9 23
8 23
9 23
9 22
9 21
9 22
8 22
9 22
9 21
10 21
9 21
9 20
9 21
10 21
10 20
10 19
11 19
11 18
11 17
11 16
11 17
11 18
11 17
10 17
9 17
8 17
9 17
9 18
10 18
9 18
9 19
8 19
8 20
8 19
8 20
8 21
8 20
7 20
8 20
9 20
10 20
11 20
11 21
11 22
10 22
10 23
11 23
10 23
11 23
12 23
12 22
13 22
14 22
15 22
15 21
15 20
16 20
15 20
15 21
16 21
16 20
15 20
16 20
17 20
16 20
16 19
16 18
16 19
16 20
16 19
16 18
16 19
15 19
14 19
14 20
14 19
14 20
14 21
14 22
13 22
14 22
15 22
16 22
16 21
15 21
15 20
16 20
16 19
17 19
17 18
16 18
16 17
15 17
14 17
14 16
13 16
13 17
12 17
12 16
12 15
12 16
13 16
13 15
13 16
12 16
12 15
11 15
11 14
11 15
10 15
10 16
10 15
9 15
8 15
8 16
7 16
7 15
7 16
7 15
6 15
6 14
7 14
7 15
7 16
6 16
6 17
6 18
6 19
6 20
6 21
5 21
5 22
6 22
5 22
5 23
4 23
4 24
5 24
6 24
5 24
6 24
6 25
6 24
6 25
5 25
4 25
3 25
2 25
2 26
3 26
3 27
3 28
2 28
2 29
3 29
4 29
4 30
3 30
3 29
3 28
3 29
3 30
3 31
2 31
1 31
2 31
3 31
3 32
2 32
3 32
4 32
3 32
3 33
3 34
3 35
4 35
5 35
6 35
5 35
6 35
6 36
6 35
7 35
8 35
8 36
8 35
7 35
7 36
7 37
7 36
6 36
7 36
8 36
8 37
9 37
8 37
9 37
9 38
9 37
9 36
9 37
8 37
9 37
8 37
8 38
9 38
9 39
8 39
8 40
8 39
8 40
8 41
7 41
7 40
7 41
8 41
9 41
9 40
10 40
10 41
10 42
10 43
9 43
8 43
