0 0
0 1
0 2
0 1
0 0
1 0
2 0
1 0
1 1
0 1
0 2
0 3
1 3
0 3
1 3
1 4
0 4
0 5
0 4
1 4
0 4
1 4
1 3
1 4
1 5
2 5
3 5
3 4
2 4
2 3
3 3
2 3
2 2
1 2
2 2
3 2
3 1
2 1
1 1
1 2
1 3
1 4
0 4
0 5
0 6
1 6
2 6
2 5
2 4
2 3
2 4
2 5
1 5
1 4
0 4
0 3
0 4
1 4
0 4
1 4
1 5
2 5
3 5
3 6
4 6
3 6
4 6
4 7
3 7
3 6
3 5
3 6
2 6
1 6
1 5
2 5
2 6
2 7
1 7
0 7
1 7
1 8
1 9
1 8
0 8
0 9
1 9
2 9
1 9
1 8
1 7
1 8
2 8
2 7
2 8
2 9
2 8
3 8
3 7
3 8
3 7
2 7
2 8
2 7
2 8
2 9
2 10
1 10
2 10
2 9
2 10
1 10
2 10
2 9
2 10
2 9
1 9
1 8
1 7
2 7
3 7
3 8
2 8
2 9
2 10
2 9
2 10
2 9
3 9
3 8
3 7
4 7
4 8
3 8
3 9
2 9
1 9
0 9
1 9
1 10
1 9
1 10
0 10
0 9
0 8
0 9
1 9
1 10
1 9
1 8
0 8
1 8
1 7
1 8
2 8
3 8
4 8
4 9
3 9
3 10
3 11
3 10
2 10
2 9
2 10
1 10
1 11
2 11
2 12
2 13
3 13
4 13
5 13
6 13
7 13
7 12
8 12
8 13
9 13
8 13
7 13
6 13
7 13
8 13
7 13
8 13
8 14
8 13
8 12
8 13
7 13
8 13
7 13
6 13
5 13
6 13
7 13
6 13
6 14
7 14
7 13
7 14
6 14
6 15
5 15
4 15
5 15
6 15
6 14
6 15
7 15
7 16
7 15
7 16
7 15
7 16
7 17
6 17
6 18
5 18
4 18
4 17
4 16
4 15
4 14
3 14
3 13
4 13
4 14
4 13
4 12
5 12
5 13
4 13
4 14
4 15
3 15
3 16
3 15
2 15
2 14
1 14
2 14
1 14
2 14
2 15
3 15
2 15
2 16
1 16
1 17
1 18
0 18
0 19
1 19
2 19
2 20
2 21
2 22
2 21
3 21
3 22
3 23
3 22
3 21
2 21
1 21
1 22
1 21
0 21
0 22
1 22
1 21
1 22
1 23
0 23
1 23
2 23
3 23
3 24
3 23
2 23
2 22
2 23
3 23
3 22
3 23
2 23
2 22
1 22
1 23
1 22
0 22
0 23
0 22
1 22
0 22
0 21
0 22
1 22
2 22
2 21
2 20
2 21
2 22
2 23
3 23
3 24
3 25
3 26
2 26
3 26
3 27
4 27
4 28
4 29
4 30
5 30
4 30
4 31
3 31
3 32
3 33
3 34
3 33
2 33
1 33
2 33
1 33
1 34
1 35
1 36
0 36
0 35
1 35
1 34
1 33
1 34
0 34
1 34
1 35
1 36
1 35
2 35
1 35
2 35
2 34
2 33
2 32
2 31
1 31
2 31
2 32
1 32
0 32
0 33
0 34
1 34
1 33
0 33
0 32
0 31
1 31
1 30
1 29
0 29
0 30
0 29
1 29
1 28
1 27
2 27
2 28
2 29
3 29
4 29
3 29
3 30
3 31
2 31
2 30
2 31
1 31
1 32
2 32
3 32
2 32
2 33
1 33
0 33
0 34
0 35
1 35
2 35
2 36
3 36
2 36
3 36
4 36
4 37
4 38
5 38
5 39
6 39
5 39
5 40
5 41
4 41
3 41
2 41
2 40
1 40
1 41
1 40
0 40
0 41
0 42
0 41
1 41
1 42
1 41
0 41
0 40
1 40
1 39
2 39
1 39
1 38
1 37
2 37
3 37
2 37
3 37
4 37
3 37
2 37
1 37
1 38
1 39
0 39
1 39
0 39
0 38
1 38
1 39
1 40
0 40
0 39
0 38
1 38
1 37
1 38
1 37
1 36
1 35
1 34
1 33
1 34
0 34
1 34
1 33
2 33
1 33
1 32
2 32
2 33
2 32
3 32
2 32
3 32
4 32
5 32
5 31
4 31
5 31
6 31
5 31
4 31
4 32
5 32
5 31
6 31
5 31
4 31
4 32
5 32
6 32
7 32
7 33
8 33
8 34
9 34
9 33
10 33
10 32
10 33
10 32
10 31
11 31
11 32
11 33
12 33
11 33
11 34
11 35
11 36
10 36
11 36
12 36
12 35
12 36
11 36
12 36
13 36
12 36
13 36
13 35
13 36
12 36
12 35
11 35
11 36
12 36
11 36
11 37
11 36
12 36
11 36
10 36
10 35
10 36
11 36
12 36
13 36
14 36
14 37
14 36
13 36
12 36
11 36
11 35
11 34
10 34
10 33
10 34
9 34
9 33
8 33
8 34
9 34
8 34
8 33
9 33
8 33
8 32
9 32
9 33
9 34
8 34
8 35
8 34
9 34
9 35
9 36
9 37
10 37
10 38
10 37
9 37
10 37
11 37
10 37
10 38
10 37
10 36
10 37
9 37
9 38
10 38
10 39
10 40
9 40
9 41
9 40
9 41
8 41
9 41
8 41
8 40
8 41
7 41
7 42
7 41
6 41
6 42
6 41
6 40
7 40
8 40
9 40
9 39
8 39
7 39
7 38
7 37
8 37
8 36
9 36
10 36
10 37
9 37
10 37
10 38
11 38
11 37
12 37
12 38
13 38
13 39
13 38
13 37
12 37
12 36
13 36
13 37
12 37
11 37
11 38
10 38
11 38
11 37
11 38
11 37
12 37
11 37
12 37
11 37
11 36
11 35
10 35
9 35
10 35
10 36
10 37
11 37
11 38
10 38
10 39
10 38
10 39
11 39
10 39
10 38
9 38
9 39
10 39
10 38
9 38
9 39
9 38
9 37
9 38
9 39
8 39
9 39
9 38
8 38
7 38
8 38
8 39
9 39
8 39
9 39
10 39
9 39
10 39
9 39
9 38
10 38
10 39
10 38
9 38
10 38
9 38
10 38
10 39
9 39
10 39
9 39
8 39
8 38
8 37
8 36
7 36
7 35
8 35
9 35
8 35
8 36
8 35
8 36
7 36
7 37
7 38
8 38
8 37
9 37
10 37
10 38
9 38
8 38
8 39
8 40
8 39
8 38
7 38
8 38
8 39
8 38
7 38
6 38
6 39
5 39
5 40
5 41
5 42
6 42
6 43
6 42
7 42
7 41
7 40
6 40
6 39
7 39
8 39
8 40
7 40
8 40
8 39
9 39
8 39
9 39
8 39
9 39
9 38
9 39
8 39
8 40
9 40
8 40
7 40
7 41
7 40
7 41
7 42
6 42
6 43
6 42
6 43
6 44
6 43
5 43
6 43
5 43
5 42
5 41
4 41
4 42
5 42
5 41
6 41
7 41
7 42
6 42
6 43
6 44
6 43
6 44
5 44
4 44
3 44
3 43
3 42
2 42
2 41
2 42
2 41
1 41
1 42
1 43
2 43
2 44
1 44
1 45
0 45
1 45
0 45
0 44
0 43
1 43
1 44
0 44
0 45
1 45
1 46
0 46
1 46
1 47
2 47
3 47
3 46
3 45
3 46
4 46
4 45
5 45
5 44
5 43
5 44
5 45
5 46
6 46
6 47
6 46
6 47
7 47
7 48
6 48
6 49
5 49
5 48
5 49
4 49
5 49
5 50
4 50
4 49
5 49
5 48
4 48
3 48
2 48
2 49
2 48
3 48
3 47
4 47
4 46
5 46
4 46
3 46
2 46
3 46
3 47
4 47
4 48
4 47
4 48
5 48
5 47
5 46
5 47
5 46
4 46
5 46
5 47
4 47
4 48
5 48
4 48
4 49
3 49
4 49
4 50
4 49
5 49
4 49
4 48
5 48
4 48
5 48
5 49
6 49
7 49
7 50
7 51
7 52
8 52
7 52
7 51
6 51
6 52
5 52
6 52
5 52
6 52
7 52
8 52
9 52
9 53
9 54
8 54
7 54
6 54
5 54
5 53
4 53
4 54
5 54
5 53
5 52
5 51
5 50
6 50
6 49
6 48
5 48
4 48
4 49
4 48
3 48
3 49
4 49
5 49
6 49
6 50
6 51
6 52
6 51
5 51
5 50
5 49
5 50
5 49
5 50
6 50
7 50
7 51
6 51
6 52
7 52
7 51
7 52
6 52
6 53
5 53
5 52
6 52
7 52
6 52
6 51
6 52
6 51
6 52
5 52
4 52
4 53
5 53
6 53
7 53
7 54
6 54
6 55
5 55
6 55
6 56
6 57
6 56
5 56
4 56
4 57
5 57
5 58
4 58
4 59
5 59
5 60
4 60
5 60
5 59
5 60
4 60
4 59
4 60
5 60
5 59
5 60
6 60
6 59
5 59
5 60
5 61
5 62
4 62
4 63
4 62
4 61
3 61
2 61
