0 0
0 1
0 0
0 1
1 1
1 0
2 0
2 1
2 2
2 1
2 0
3 0
3 1
4 1
4 0
3 0
3 1
4 1
4 0
4 1
4 0
4 1
4 2
5 2
4 2
4 1
5 1
6 1
6 2
6 1
5 1
4 1
4 2
3 2
3 1
4 1
5 1
5 0
5 1
5 2
4 2
4 3
3 3
4 3
4 4
5 4
4 4
4 5
3 5
2 5
1 5
1 6
0 6
0 5
1 5
1 6
1 7
2 7
1 7
1 6
1 7
1 6
1 5
1 6
1 5
2 5
2 4
1 4
1 3
1 4
1 5
2 5
1 5
2 5
2 6
2 7
3 7
3 8
2 8
2 7
1 7
2 7
1 7
1 6
1 7
2 7
3 7
3 6
3 5
4 5
4 6
3 6
2 6
2 5
1 5
1 4
1 3
1 2
2 2
2 3
1 3
2 3
3 3
3 4
4 4
3 4
3 3
3 4
3 5
4 5
3 5
4 5
4 4
3 4
2 4
2 5
3 5
3 4
3 3
3 4
3 3
3 4
3 5
3 4
3 3
2 3
1 3
2 3
1 3
2 3
3 3
4 3
4 2
5 2
5 3
6 3
6 2
5 2
5 1
6 1
7 1
7 2
8 2
7 2
8 2
9 2
8 2
8 1
8 0
8 1
9 1
8 1
8 2
9 2
9 1
9 0
8 0
8 1
7 1
6 1
6 2
5 2
5 3
5 2
5 3
5 2
5 1
5 0
5 1
6 1
5 1
5 2
4 2
4 1
3 1
3 2
3 1
4 1
4 0
3 0
3 1
3 2
4 2
5 2
6 2
6 1
7 1
7 2
7 1
7 2
7 3
8 3
9 3
9 4
9 5
10 5
10 6
10 5
11 5
12 5
12 6
12 5
13 5
13 4
13 3
12 3
13 3
13 2
13 3
14 3
13 3
13 2
13 1
14 1
15 1
16 1
17 1
17 2
16 2
16 3
16 4
16 3
15 3
15 4
15 3
15 4
15 3
16 3
17 3
18 3
18 4
18 5
17 5
16 5
17 5
17 6
18 6
19 6
20 6
19 6
19 5
19 6
19 5
19 4
19 5
20 5
20 4
20 5
20 6
19 6
19 7
20 7
19 7
18 7
17 7
18 7
18 8
18 7
17 7
16 7
16 8
17 8
17 9
16 9
16 10
16 11
16 12
16 11
16 12
16 13
15 13
15 14
14 14
14 13
14 14
14 15
14 14
14 13
14 12
14 13
14 14
13 14
12 14
11 14
11 13
11 14
10 14
10 15
10 16
11 16
10 16
10 17
10 16
10 17
10 16
10 15
10 14
10 15
11 15
11 14
11 13
11 14
11 15
10 15
9 15
10 15
9 15
9 14
8 14
7 14
7 15
8 15
8 16
8 15
8 16
9 16
8 16
7 16
6 16
6 17
6 18
7 18
6 18
5 18
4 18
4 17
5 17
5 16
5 15
5 14
5 15
4 15
4 14
3 14
3 15
2 15
2 16
2 17
3 17
2 17
2 18
1 18
2 18
1 18
1 19
1 20
0 20
1 20
1 21
0 21
1 21
1 22
1 21
1 22
1 21
2 21
1 21
2 21
2 22
2 23
1 23
1 24
1 25
1 24
1 23
2 23
1 23
2 23
2 22
2 21
2 22
1 22
0 22
0 23
0 24
0 25
0 26
0 27
1 27
0 27
1 27
0 27
1 27
1 28
2 28
1 28
1 29
0 29
1 29
2 29
2 30
1 30
1 29
1 30
1 29
1 30
1 29
2 29
1 29
1 30
1 31
2 31
2 30
1 30
1 31
2 31
3 31
3 32
2 32
2 33
2 32
1 32
0 32
0 33
0 34
0 35
1 35
0 35
1 35
2 35
2 34
2 33
2 32
2 31
2 32
3 32
2 32
2 31
2 32
1 32
1 33
1 34
1 35
1 34
2 34
1 34
2 34
3 34
2 34
3 34
3 33
3 32
2 32
3 32
3 31
3 32
2 32
2 31
3 31
2 31
1 31
1 32
2 32
2 31
2 30
3 30
4 30
5 30
6 30
7 30
7 31
7 30
7 31
8 31
9 31
9 32
10 32
11 32
11 31
11 30
10 30
11 30
11 31
12 31
12 32
12 31
12 30
13 30
13 31
13 32
14 32
15 32
16 32
15 32
15 31
15 30
15 29
16 29
17 29
18 29
18 30
17 30
17 31
17 30
16 30
17 30
17 29
16 29
16 28
16 27
17 27
17 26
17 27
18 27
18 28
19 28
19 29
20 29
20 28
21 28
20 28
21 28
21 27
21 26
22 26
22 27
23 27
24 27
23 27
23 26
23 27
23 28
23 29
23 28
24 28
23 28
23 27
23 26
23 27
23 28
24 28
24 27
23 27
22 27
22 28
21 28
21 29
21 30
21 31
20 31
20 30
20 29
21 29
21 30
21 31
22 31
22 30
23 30
22 30
23 30
23 31
24 31
23 31
23 32
22 32
22 33
23 33
22 33
23 33
23 34
24 34
25 34
24 34
24 35
24 34
23 34
23 35
22 35
22 34
22 35
23 35
23 36
22 36
21 36
22 36
21 36
21 37
22 37
22 38
22 37
22 36
22 37
22 38
23 38
23 37
23 36
23 37
22 37
22 36
23 36
23 35
24 35
24 34
25 34
25 35
26 35
27 35
28 35
28 34
28 33
28 32
28 31
29 31
30 31
29 31
29 30
28 30
29 30
28 30
28 31
28 30
29 30
28 30
28 31
28 32
28 31
29 31
29 30
29 29
30 29
30 30
29 30
29 31
29 30
30 30
29 30
28 30
29 30
29 29
29 30
29 29
29 30
29 31
29 30
30 30
30 29
30 30
30 31
30 30
30 29
30 28
29 28
29 27
28 27
27 27
27 28
26 28
27 28
28 28
29 28
29 29
30 29
31 29
30 29
29 29
28 29
27 29
27 30
27 29
27 30
28 30
28 31
29 31
29 32
29 33
29 34
29 33
29 32
28 32
28 31
28 30
29 30
29 29
28 29
28 28
29 28
29 29
29 28
28 28
27 28
27 27
27 26
26 26
26 27
26 28
27 28
28 28
29 28
29 29
30 29
30 30
30 29
31 29
30 29
29 29
29 30
30 30
29 30
30 30
30 31
31 31
31 30
31 31
32 31
32 32
32 33
33 33
33 32
34 32
34 31
34 30
33 30
32 30
32 31
32 30
32 31
32 30
31 30
32 30
31 30
31 31
31 30
31 29
30 29
31 29
31 30
31 31
30 31
31 31
30 31
30 32
30 31
29 31
29 30
29 29
29 30
30 30
30 31
31 31
30 31
31 31
31 32
31 33
31 32
31 31
31 32
30 32
29 32
29 33
28 33
28 32
27 32
28 32
28 33
28 32
29 32
28 32
27 32
28 32
29 32
29 33
30 33
29 33
29 32
30 32
29 32
28 32
28 33
28 32
28 31
27 31
27 30
27 31
27 32
27 31
27 32
28 32
27 32
26 32
26 31
27 31
26 31
27 31
27 30
28 30
28 29
27 29
27 28
27 27
26 27
25 27
24 27
24 26
24 25
25 25
24 25
23 25
24 25
24 26
24 25
25 25
25 24
26 24
26 23
26 24
27 24
28 24
28 25
28 24
27 24
26 24
25 24
26 24
27 24
27 23
28 23
28 22
28 23
29 23
28 23
28 24
29 24
30 24
31 24
30 24
31 24
31 23
31 24
31 23
31 24
32 24
32 23
33 23
33 24
32 24
32 25
32 24
32 25
32 26
33 26
34 26
33 26
32 26
32 27
31 27
30 27
30 28
29 28
30 28
31 28
31 27
31 26
31 27
30 27
30 28
31 28
32 28
31 28
30 28
30 27
29 27
29 28
28 28
27 28
28 28
29 28
29 27
29 28
30 28
30 27
29 27
29 28
29 27
28 27
27 27
28 27
27 27
27 28
28 28
29 28
28 28
28 27
27 27
28 27
29 27
30 27
29 27
30 27
29 27
29 28
29 29
30 29
29 29
30 29
30 28
30 27
30 26
29 26
29 25
29 26
29 25
28 25
28 24
29 24
29 25
30 25
30 24
30 25
29 25
30 25
29 25
30 25
30 26
30 25
29 25
29 26
29 27
29 28
28 28
29 28
28 28
28 27
28 28
29 28
29 29
28 29
28 28
28 27
27 27
26 27
25 27
26 27
27 27
28 27
27 27
27 26
28 26
29 26
29 25
28 25
27 25
26 25
26 24
25 24
26 24
27 24
28 24
28 25
28 24
27 24
28 24
27 24
27 25
27 26
27 25
27 26
27 27
28 27
29 27
29 28
28 28
28 27
29 27
29 28
29 29
30 29
30 30
31 30
30 30
29 30
29 29
29 28
28 28
28 27
29 27
29 26
29 25
30 25
29 25
29 24
29 25
30 25
30 26
30 27
30 26
29 26
30 26
31 26
31 25
31 26
31 27
31 28
32 28
32 27
32 28
32 29
32 30
31 30
31 31
30 31
