0 0
0 1
0 0
0 1
0 2
1 2
2 2
1 2
0 2
0 3
1 3
0 3
0 2
1 2
2 2
3 2
3 3
3 4
3 5
2 5
2 6
1 6
0 6
0 7
0 8
0 9
1 9
1 10
1 11
1 12
1 11
0 11
0 10
0 9
1 9
1 10
1 11
1 10
1 11
1 10
2 10
2 11
1 11
0 11
1 11
1 12
2 12
3 12
3 11
2 11
2 10
2 11
1 11
2 11
2 12
2 11
2 10
3 10
4 10
5 10
4 10
5 10
6 10
6 9
6 8
6 7
5 7
5 8
4 8
3 8
3 7
3 8
3 9
2 9
2 10
2 9
2 10
2 11
1 11
1 10
1 9
0 9
1 9
2 9
3 9
3 10
2 10
3 10
3 11
2 11
2 12
3 12
3 11
2 11
1 11
1 12
1 13
1 12
0 12
1 12
1 11
0 11
1 11
0 11
1 11
2 11
1 11
2 11
2 10
2 11
3 11
2 11
2 10
2 9
2 8
3 8
2 8
2 7
2 8
1 8
2 8
3 8
3 9
4 9
4 10
4 9
3 9
3 10
4 10
4 9
4 10
5 10
6 10
6 11
5 11
5 10
5 11
5 12
5 13
6 13
6 14
5 14
5 13
5 14
5 13
5 14
5 15
4 15
4 16
3 16
4 16
3 16
3 17
3 18
3 19
3 18
3 19
2 19
2 20
2 19
1 19
2 19
2 20
1 20
1 21
1 20
0 20
0 21
0 20
1 20
0 20
1 20
1 19
1 20
1 21
2 21
2 22
1 22
0 22
0 21
0 20
0 21
1 21
1 22
1 21
2 21
1 21
0 21
1 21
0 21
1 21
1 22
1 23
0 23
0 24
1 24
1 23
1 24
2 24
3 24
4 24
4 25
4 26
3 26
4 26
4 25
3 25
3 26
3 27
3 28
3 29
3 28
2 28
2 29
1 29
0 29
0 30
1 30
1 29
1 30
1 29
0 29
1 29
1 30
1 31
1 32
1 33
0 33
1 33
2 33
2 32
1 32
1 33
2 33
3 33
2 33
1 33
1 32
1 31
0 31
0 30
0 31
0 32
1 32
0 32
1 32
1 33
2 33
2 32
1 32
1 33
0 33
0 32
0 31
0 30
0 31
0 30
0 31
0 30
0 31
1 31
1 30
2 30
2 31
3 31
4 31
4 32
5 32
5 33
5 34
4 34
5 34
6 34
5 34
6 34
6 33
6 32
7 32
7 33
8 33
8 32
8 31
8 30
7 30
6 30
6 31
5 31
6 31
6 30
6 29
6 28
5 28
4 28
5 28
6 28
6 29
5 29
5 28
5 27
5 28
6 28
7 28
6 28
7 28
7 27
7 28
6 28
7 28
6 28
6 29
5 29
5 30
5 29
5 30
4 30
4 31
3 31
3 30
3 31
2 31
2 30
2 29
2 30
2 29
2 28
3 28
2 28
1 28
1 27
2 27
3 27
2 27
2 26
1 26
2 26
1 26
0 26
0 27
0 28
0 29
0 28
0 27
1 27
1 28
1 27
1 26
1 27
1 26
1 25
2 25
1 25
0 25
0 26
0 27
0 26
1 26
2 26
2 27
1 27
0 27
1 27
1 26
1 25
1 26
0 26
1 26
1 25
1 26
1 25
2 25
1 25
1 24
1 23
2 23
2 22
2 23
2 22
2 23
2 22
1 22
2 22
2 23
1 23
1 24
0 24
0 23
1 23
1 24
1 25
1 24
0 24
1 24
0 24
1 24
2 24
2 23
1 23
1 24
2 24
2 23
2 22
3 22
4 22
5 22
5 21
5 22
5 21
4 21
4 22
4 21
4 22
4 23
4 24
4 23
4 24
3 24
3 25
4 25
5 25
5 24
4 24
3 24
3 23
3 22
2 22
2 21
3 21
4 21
4 22
5 22
4 22
4 23
4 22
5 22
4 22
5 22
6 22
6 21
7 21
7 22
6 22
7 22
7 21
6 21
6 22
6 21
6 20
5 20
5 19
5 20
5 19
5 18
6 18
5 18
4 18
3 18
3 19
2 19
1 19
1 18
1 17
1 18
1 17
0 17
1 17
1 18
1 19
1 18
1 19
0 19
1 19
2 19
2 18
1 18
1 19
2 19
2 18
2 19
2 20
3 20
4 20
3 20
4 20
4 19
4 20
4 21
4 22
3 22
3 23
3 24
3 25
2 25
1 25
1 26
1 25
2 25
2 26
2 25
2 26
1 26
1 25
1 26
1 25
2 25
3 25
3 26
3 25
2 25
3 25
2 25
1 25
1 24
2 24
2 25
1 25
1 26
1 25
2 25
1 25
1 26
1 25
1 26
2 26
2 25
2 24
2 23
2 24
3 24
4 24
4 25
5 25
5 26
6 26
5 26
5 27
5 26
4 26
3 26
3 25
2 25
1 25
1 24
2 24
1 24
1 25
1 24
0 24
0 25
0 26
1 26
1 27
1 28
1 29
1 30
1 29
2 29
2 28
1 28
1 29
1 28
0 28
0 29
1 29
2 29
3 29
3 28
2 28
3 28
4 28
3 28
4 28
5 28
5 27
6 27
6 28
5 28
5 27
5 26
5 25
5 26
5 27
6 27
7 27
6 27
7 27
7 28
8 28
8 27
8 28
8 29
9 29
10 29
11 29
12 29
12 28
12 27
11 27
11 28
11 27
10 27
10 28
11 28
11 29
11 28
11 29
12 29
12 30
12 31
12 32
13 32
14 32
14 31
14 32
13 32
13 33
14 33
13 33
14 33
14 34
14 33
14 32
14 33
13 33
12 33
13 33
13 34
14 34
13 34
14 34
14 33
14 34
14 33
14 34
15 34
16 34
16 33
16 32
17 32
18 32
18 33
18 32
18 33
17 33
18 33
19 33
18 33
19 33
18 33
19 33
18 33
18 34
17 34
18 34
18 33
18 34
18 33
19 33
18 33
18 34
17 34
16 34
16 33
17 33
16 33
16 34
17 34
17 35
18 35
19 35
20 35
19 35
18 35
18 34
19 34
19 35
19 34
19 33
19 34
20 34
20 33
20 34
21 34
21 35
21 36
20 36
19 36
19 37
20 37
21 37
21 38
21 37
22 37
22 38
23 38
23 39
24 39
24 40
25 40
25 41
25 40
26 40
27 40
27 39
27 38
27 39
26 39
27 39
27 38
27 39
27 38
26 38
26 39
26 40
26 41
26 42
26 41
27 41
28 41
27 41
28 41
29 41
29 42
28 42
27 42
28 42
29 42
30 42
30 41
30 40
30 41
29 41
29 40
29 39
29 38
28 38
27 38
28 38
28 39
28 40
27 40
27 41
26 41
26 42
26 43
27 43
27 44
26 44
26 43
26 44
25 44
25 43
25 42
26 42
26 43
26 44
27 44
26 44
25 44
24 44
24 43
23 43
24 43
25 43
25 42
25 43
24 43
25 43
26 43
26 42
26 43
25 43
25 44
25 43
25 42
25 41
26 41
25 41
26 41
26 42
26 41
25 41
26 41
26 42
27 42
26 42
27 42
27 41
26 41
26 42
26 41
26 40
26 39
26 40
25 40
25 41
25 42
26 42
26 43
27 43
28 43
28 42
29 42
29 41
28 41
28 40
27 40
28 40
27 40
27 41
26 41
26 40
26 41
27 41
26 41
27 41
27 42
28 42
28 41
28 40
27 40
27 39
28 39
28 38
29 38
28 38
27 38
28 38
28 37
28 36
28 35
28 36
29 36
29 37
29 38
29 39
29 40
28 40
28 41
28 40
28 41
28 40
28 41
28 40
29 40
29 39
30 39
29 39
29 40
29 39
28 39
28 40
28 39
29 39
30 39
30 38
31 38
30 38
30 39
31 39
32 39
33 39
33 38
33 39
33 40
32 40
33 40
33 41
32 41
33 41
33 42
33 43
32 43
32 44
33 44
33 43
32 43
32 44
33 44
32 44
33 44
32 44
33 44
34 44
35 44
36 44
36 45
37 45
36 45
35 45
36 45
36 46
36 47
36 48
37 48
36 48
36 47
36 46
36 47
36 48
36 47
36 46
37 46
38 46
37 46
37 47
38 47
38 48
38 49
38 48
38 47
37 47
37 46
38 46
37 46
37 45
38 45
37 45
37 44
38 44
38 43
38 42
38 43
38 44
38 43
39 43
39 44
39 45
39 46
39 45
40 45
40 44
39 44
39 43
40 43
40 44
40 43
40 44
40 45
40 46
41 46
40 46
39 46
39 45
40 45
39 45
38 45
37 45
37 44
36 44
35 44
34 44
33 44
33 45
32 45
33 45
34 45
34 44
33 44
33 43
32 43
31 43
31 42
30 42
30 43
30 44
31 44
32 44
33 44
32 44
31 44
31 45
32 45
32 46
32 47
32 46
33 46
32 46
32 45
33 45
32 45
32 44
32 45
33 45
33 44
32 44
32 45
31 45
30 45
30 44
31 44
32 44
32 43
31 43
32 43
33 43
33 42
32 42
32 43
31 43
32 43
