0 0
1 0
1 1
1 2
0 2
0 1
1 1
2 1
3 1
3 2
3 3
4 3
4 2
4 1
5 1
6 1
7 1
7 0
7 1
7 0
8 0
7 0
7 1
8 1
7 1
7 0
7 1
7 2
7 1
7 2
6 2
6 1
5 1
5 0
4 0
4 1
4 0
3 0
4 0
4 1
4 0
5 0
5 1
5 0
5 1
4 1
3 1
4 1
4 2
5 2
5 3
4 3
4 2
3 2
3 3
3 2
2 2
1 2
2 2
2 1
2 0
2 1
2 2
2 3
1 3
2 3
1 3
1 2
2 2
1 2
0 2
0 1
0 0
1 0
1 1
0 1
0 2
1 2
1 1
1 2
1 1
2 1
1 1
1 0
1 1
2 1
2 0
2 1
3 1
3 2
4 2
4 3
4 2
4 1
3 1
3 0
3 1
3 2
3 1
2 1
3 1
2 1
2 2
2 3
2 4
2 5
2 6
2 5
2 6
3 6
3 7
3 8
2 8
2 9
2 10
2 9
3 9
2 9
2 8
1 8
0 8
0 7
1 7
1 8
0 8
0 7
0 6
0 5
1 5
1 6
1 7
0 7
1 7
1 6
1 7
1 6
2 6
2 7
2 6
2 5
3 5
3 4
4 4
3 4
4 4
4 5
5 5
5 6
6 6
6 7
7 7
7 8
7 9
8 9
9 9
9 10
9 11
9 10
8 10
8 9
8 8
7 8
7 7
6 7
5 7
5 8
4 8
3 8
3 9
3 10
4 10
5 10
5 11
5 10
5 9
5 8
5 7
4 7
4 6
5 6
4 6
4 7
4 6
4 7
5 7
5 8
5 9
5 10
6 10
6 9
7 9
6 9
6 10
7 10
7 11
8 11
7 11
7 12
7 13
7 12
7 13
6 13
7 13
7 12
7 11
7 12
6 12
6 11
6 12
6 11
5 11
5 10
5 9
5 8
6 8
5 8
5 9
5 10
5 11
4 11
4 10
4 11
4 12
4 13
3 13
3 14
3 13
4 13
4 14
3 14
2 14
1 14
2 14
1 14
0 14
0 15
0 14
1 14
0 14
1 14
0 14
1 14
1 15
0 15
1 15
1 16
2 16
2 17
3 17
3 18
4 18
4 19
4 18
4 19
5 19
4 19
3 19
4 19
5 19
5 20
5 19
5 20
6 20
6 19
5 19
4 19
4 20
5 20
5 21
5 22
4 22
4 21
5 21
5 22
5 23
4 23
4 22
4 21
4 22
4 21
5 21
4 21
4 20
5 20
6 20
6 19
5 19
6 19
5 19
5 18
5 19
4 19
4 20
4 19
3 19
3 20
2 20
3 20
3 19
3 20
4 20
5 20
4 20
4 19
4 20
5 20
6 20
7 20
7 19
6 19
7 19
8 19
9 19
10 19
10 18
11 18
12 18
13 18
13 19
12 19
11 19
10 19
10 18
10 17
11 17
12 17
12 18
12 19
11 19
10 19
10 20
10 19
10 20
10 19
11 19
12 19
12 20
11 20
10 20
11 20
12 20
12 19
12 20
11 20
11 21
12 21
12 20
12 19
12 18
12 17
11 17
10 17
10 18
9 18
8 18
8 19
8 20
7 20
7 19
7 20
6 20
5 20
4 20
4 21
5 21
5 20
5 21
5 20
5 21
5 20
5 21
4 21
5 21
5 20
5 21
5 20
5 21
5 20
6 20
7 20
7 21
7 22
6 22
7 22
7 23
7 22
7 21
7 22
6 22
6 21
7 21
7 22
8 22
7 22
8 22
9 22
8 22
7 22
6 22
6 23
5 23
6 23
6 22
6 21
7 21
7 20
8 20
8 21
8 20
9 20
10 20
11 20
10 20
9 20
9 19
10 19
11 19
12 19
11 19
12 19
12 20
13 20
12 20
13 20
13 21
14 21
13 21
14 21
14 22
14 21
14 22
13 22
12 22
13 22
14 22
15 22
14 22
14 21
14 22
15 22
15 23
15 24
15 25
15 26
16 26
15 26
15 27
15 28
16 28
16 29
16 30
16 31
17 31
18 31
18 32
17 32
17 33
18 33
18 32
19 32
20 32
20 33
19 33
19 32
20 32
21 32
22 32
21 32
21 31
22 31
22 32
21 32
20 32
19 32
19 33
18 33
19 33
20 33
20 32
20 31
21 31
22 31
22 30
22 31
23 31
22 31
23 31
23 30
23 31
23 30
24 30
24 29
25 29
25 30
25 31
25 32
25 33
24 33
25 33
26 33
26 32
25 32
25 33
26 33
26 32
26 31
27 31
26 31
26 32
27 32
27 33
27 32
27 31
28 31
28 30
28 31
28 30
29 30
29 31
29 32
30 32
30 33
30 32
30 33
29 33
29 34
29 33
29 32
28 32
27 32
28 32
28 31
29 31
28 31
28 32
28 33
27 33
27 34
26 34
26 35
27 35
27 34
27 35
27 34
28 34
28 33
29 33
30 33
29 33
29 32
29 33
29 34
28 34
27 34
28 34
27 34
27 33
27 34
28 34
27 34
28 34
28 35
29 35
30 35
30 36
29 36
29 35
29 34
28 34
27 34
27 35
26 35
26 34
26 35
27 35
27 34
27 33
27 32
27 33
27 34
26 34
27 34
27 33
26 33
26 34
26 35
25 35
24 35
24 34
25 34
24 34
23 34
24 34
24 33
25 33
25 32
25 33
24 33
25 33
24 33
23 33
23 32
24 32
25 32
24 32
24 33
25 33
25 34
25 35
24 35
23 35
23 34
23 33
22 33
21 33
21 34
21 35
22 35
21 35
21 34
21 33
20 33
20 34
20 33
20 32
20 33
21 33
21 34
21 33
20 33
20 32
19 32
20 32
21 32
21 33
21 32
21 31
22 31
22 32
22 31
22 30
22 29
22 30
22 29
21 29
21 30
21 31
21 32
22 32
22 31
23 31
24 31
25 31
25 30
26 30
25 30
26 30
27 30
28 30
27 30
26 30
25 30
25 31
24 31
24 30
24 31
24 30
23 30
23 29
23 30
23 29
23 28
23 27
23 26
24 26
24 27
24 28
24 27
25 27
24 27
23 27
22 27
21 27
21 28
21 27
21 26
21 27
21 28
21 29
21 28
22 28
21 28
21 29
21 28
21 29
22 29
23 29
23 30
23 31
23 32
22 32
23 32
24 32
24 33
25 33
26 33
27 33
26 33
26 34
26 35
26 34
26 33
25 33
24 33
25 33
26 33
26 32
27 32
28 32
28 31
28 32
29 32
29 31
30 31
31 31
32 31
32 30
31 30
32 30
32 29
32 28
33 28
32 28
32 29
32 28
33 28
32 28
33 28
33 27
33 26
34 26
34 25
33 25
32 25
31 25
30 25
30 26
29 26
29 27
30 27
30 26
29 26
28 26
28 27
28 28
27 28
27 29
28 29
29 29
30 29
30 28
31 28
32 28
31 28
30 28
30 27
29 27
29 26
29 27
28 27
28 28
28 27
28 26
28 27
28 26
27 26
27 27
27 28
26 28
26 29
26 28
27 28
28 28
29 28
29 27
29 26
28 26
27 26
27 27
26 27
25 27
25 26
25 27
25 26
25 27
25 28
24 28
24 29
24 28
23 28
23 29
23 28
22 28
23 28
24 28
24 27
25 27
25 28
25 29
25 28
26 28
27 28
27 27
27 26
28 26
27 26
27 25
28 25
27 25
27 24
27 25
27 26
27 27
27 26
27 27
27 28
28 28
28 27
27 27
26 27
26 26
27 26
27 27
27 28
27 27
27 26
28 26
27 26
27 25
26 25
26 26
27 26
26 26
27 26
26 26
25 26
25 25
24 25
24 26
24 27
24 28
24 27
25 27
25 28
26 28
26 27
26 26
26 27
27 27
27 26
28 26
28 25
27 25
27 24
27 25
27 24
28 24
29 24
28 24
29 24
28 24
28 23
28 24
28 25
29 25
29 26
30 26
31 26
32 26
31 26
31 25
31 24
30 24
29 24
30 24
31 24
31 23
30 23
29 23
29 24
30 24
30 25
30 24
30 25
30 26
30 27
31 27
30 27
30 26
31 26
31 25
30 25
29 25
29 26
29 25
28 25
27 25
26 25
27 25
27 24
28 24
28 23
29 23
29 22
30 22
30 21
29 21
29 20
28 20
28 21
28 22
28 23
27 23
28 23
29 23
29 22
30 22
29 22
29 21
29 22
30 22
29 22
29 21
29 20
29 21
28 21
27 21
26 21
27 21
27 20
28 20
29 20
29 21
30 21
30 20
29 20
29 19
30 19
29 19
30 19
29 19
29 18
28 18
28 19
29 19
29 18
29 17
29 18
29 17
29 16
28 16
27 16
27 17
26 17
26 18
25 18
26 18
26 17
26 16
25 16
26 16
26 15
25 15
25 16
26 16
26 15
25 15
25 14
24 14
23 14
23 13
23 12
23 13
23 12
24 12
23 12
24 12
24 11
23 11
24 11
23 11
24 11
24 10
24 9
24 8
23 8
22 8
22 9
22 8
21 8
