0 0
1 0
1 1
2 1
1 1
0 1
1 1
1 2
2 2
2 3
3 3
4 3
4 4
3 4
2 4
2 5
2 4
3 4
4 4
4 3
4 4
3 4
2 4
1 4
0 4
1 4
2 4
3 4
2 4
2 3
3 3
3 2
2 2
1 2
2 2
3 2
4 2
3 2
3 1
4 1
5 1
5 2
6 2
5 2
6 2
7 2
7 3
8 3
7 3
7 2
7 1
6 1
5 1
4 1
4 0
4 1
4 2
3 2
3 1
3 2
3 3
3 4
2 4
1 4
1 5
0 5
1 5
0 5
0 4
0 3
0 2
1 2
1 1
0 1
0 2
0 3
1 3
1 2
1 3
1 2
0 2
0 3
0 2
1 2
1 3
1 4
2 4
1 4
1 3
2 3
2 4
3 4
3 3
4 3
3 3
3 2
3 1
4 1
4 0
4 1
4 2
3 2
2 2
1 2
0 2
1 2
2 2
2 3
3 3
3 2
4 2
4 3
4 2
3 2
2 2
3 2
3 3
4 3
3 3
2 3
2 4
2 5
2 6
3 6
3 7
3 6
3 7
3 6
3 5
2 5
2 6
1 6
1 7
2 7
3 7
4 7
5 7
5 6
6 6
6 5
6 4
7 4
8 4
8 3
9 3
10 3
10 4
11 4
11 5
11 6
11 7
10 7
11 7
10 7
9 7
8 7
9 7
10 7
10 6
9 6
10 6
9 6
8 6
8 7
9 7
8 7
9 7
9 8
9 9
9 10
10 10
11 10
10 10
9 10
9 9
8 9
7 9
6 9
7 9
7 8
7 7
8 7
7 7
7 8
6 8
5 8
5 7
5 6
6 6
5 6
5 5
4 5
5 5
5 4
4 4
3 4
4 4
4 5
4 4
4 3
5 3
5 2
4 2
3 2
3 3
2 3
2 4
3 4
4 4
4 5
5 5
4 5
4 4
4 5
5 5
5 6
5 5
4 5
3 5
3 6
4 6
4 7
4 8
4 9
3 9
3 8
3 9
4 9
3 9
2 9
3 9
2 9
3 9
3 10
2 10
3 10
2 10
1 10
0 10
0 11
1 11
2 11
2 10
2 11
2 12
2 11
2 10
2 11
1 11
2 11
1 11
1 10
0 10
1 10
0 10
1 10
0 10
0 11
1 11
1 12
2 12
2 11
3 11
4 11
4 10
4 11
5 11
5 12
6 12
6 11
6 12
5 12
4 12
3 12
3 13
4 13
4 14
4 15
3 15
4 15
5 15
5 16
6 16
6 15
6 16
6 17
7 17
7 18
7 17
7 16
8 16
8 17
9 17
8 17
8 18
8 17
8 18
8 19
8 20
8 21
9 21
8 21
9 21
9 20
10 20
10 21
10 20
11 20
10 20
9 20
8 20
7 20
8 20
7 20
7 19
7 18
6 18
7 18
8 18
9 18
10 18
9 18
8 18
8 19
8 18
8 19
8 18
9 18
8 18
8 17
8 18
8 17
8 16
7 16
7 15
7 14
7 15
8 15
8 14
8 13
8 12
9 12
9 13
8 13
8 14
8 15
7 15
7 14
8 14
7 14
8 14
7 14
7 15
6 15
6 16
7 16
7 17
8 17
9 17
9 16
9 15
9 14
9 15
9 14
8 14
9 14
8 14
8 15
7 15
6 15
6 16
5 16
6 16
7 16
7 17
8 17
8 16
7 16
7 15
8 15
7 15
6 15
6 16
5 16
5 15
4 15
5 15
5 16
5 15
5 14
6 14
6 15
6 16
6 17
5 17
5 16
5 15
5 16
6 16
5 16
5 17
5 16
5 17
5 18
5 19
4 19
3 19
4 19
4 18
4 19
4 18
4 19
4 18
5 18
5 17
6 17
7 17
6 17
6 18
6 17
6 18
7 18
7 19
7 18
7 19
8 19
8 20
8 21
8 20
9 20
9 19
10 19
10 18
11 18
12 18
11 18
11 17
11 18
12 18
12 17
13 17
14 17
14 18
14 19
14 18
14 19
15 19
15 20
15 21
14 21
14 22
13 22
13 23
14 23
13 23
13 24
14 24
14 23
14 22
14 23
15 23
15 22
16 22
15 22
15 21
15 20
16 20
16 19
16 20
15 20
15 19
15 20
14 20
15 20
15 19
16 19
17 19
17 20
16 20
16 19
16 18
16 19
15 19
15 20
15 21
15 20
14 20
14 21
13 21
14 21
14 20
13 20
13 19
13 18
14 18
14 17
15 17
15 16
15 17
14 17
14 18
15 18
15 19
14 19
15 19
15 20
16 20
15 20
16 20
16 21
16 20
16 21
17 21
16 21
16 20
16 19
16 18
17 18
17 17
17 18
16 18
16 17
16 18
15 18
15 17
16 17
17 17
17 16
16 16
16 17
16 18
16 17
16 16
15 16
15 17
16 17
17 17
17 16
17 15
17 16
18 16
17 16
17 17
16 17
16 16
17 16
16 16
16 15
17 15
17 16
17 17
17 18
17 19
17 20
16 20
16 19
17 19
18 19
19 19
19 20
20 20
19 20
18 20
18 21
18 20
17 20
16 20
16 21
16 22
17 22
17 23
18 23
18 24
19 24
18 24
18 23
19 23
18 23
18 24
19 24
18 24
18 23
18 22
18 21
18 22
17 22
16 22
16 21
15 21
16 21
15 21
14 21
13 21
14 21
14 22
14 21
13 21
13 20
14 20
14 19
13 19
12 19
13 19
14 19
14 18
14 17
14 18
15 18
15 19
16 19
16 20
17 20
18 20
18 19
19 19
19 20
20 20
21 20
22 20
22 19
22 18
22 17
22 16
21 16
21 17
22 17
23 17
23 16
24 16
23 16
23 15
24 15
24 14
25 14
25 15
25 14
26 14
27 14
28 14
28 15
28 16
27 16
27 17
28 17
27 17
28 17
28 18
29 18
30 18
30 19
29 19
30 19
29 19
30 19
29 19
30 19
31 19
31 20
31 19
32 19
33 19
32 19
33 19
34 19
35 19
34 19
33 19
32 19
32 20
31 20
31 19
31 20
31 19
31 18
31 17
31 16
30 16
30 15
31 15
31 16
30 16
29 16
28 16
28 15
28 14
28 15
28 16
28 17
27 17
27 18
28 18
28 17
29 17
28 17
29 17
29 18
28 18
29 18
28 18
28 19
27 19
28 19
28 20
28 19
28 20
27 20
27 19
27 20
27 19
26 19
26 20
26 21
26 22
26 21
26 22
26 23
27 23
27 22
27 21
26 21
26 22
26 21
26 20
26 19
27 19
26 19
26 18
25 18
25 19
24 19
24 20
24 21
25 21
26 21
27 21
28 21
28 22
29 22
28 22
29 22
30 22
31 22
31 23
32 23
32 24
32 25
32 24
31 24
31 25
30 25
29 25
29 26
29 27
28 27
29 27
28 27
28 28
28 27
29 27
30 27
31 27
30 27
31 27
30 27
31 27
31 28
30 28
31 28
31 29
30 29
30 28
30 27
30 28
30 29
30 30
30 29
30 30
30 29
30 30
30 31
30 30
30 31
31 31
30 31
30 30
30 29
30 28
31 28
31 29
30 29
31 29
30 29
29 29
30 29
29 29
30 29
30 30
30 31
30 32
30 31
31 31
31 30
32 30
32 31
32 32
33 32
32 32
33 32
33 31
32 31
33 31
34 31
34 30
33 30
33 29
34 29
33 29
32 29
32 30
32 31
33 31
34 31
34 32
34 31
33 31
34 31
34 30
34 29
35 29
35 30
34 30
33 30
32 30
32 31
31 31
31 32
30 32
31 32
30 32
31 32
31 31
31 32
32 32
32 33
33 33
33 34
33 33
32 33
32 34
32 33
32 34
33 34
32 34
32 35
31 35
31 34
32 34
31 34
31 33
32 33
33 33
33 32
32 32
32 31
31 31
31 30
30 30
30 31
30 32
29 32
29 31
30 31
30 30
30 31
30 32
30 31
29 31
29 30
30 30
30 29
30 28
30 29
29 29
29 30
29 29
29 28
29 27
30 27
30 26
31 26
31 27
31 26
30 26
30 25
30 24
30 25
31 25
31 26
30 26
30 27
30 28
31 28
31 29
31 30
31 29
31 30
31 31
32 31
32 30
31 30
31 29
31 30
30 30
31 30
30 30
30 29
30 30
30 31
30 32
30 33
30 34
30 35
30 36
31 36
32 36
33 36
33 37
34 37
34 36
34 35
35 35
35 36
35 35
35 34
34 34
34 33
34 34
35 34
36 34
35 34
34 34
35 34
36 34
36 35
36 36
36 35
36 34
37 34
38 34
37 34
36 34
36 35
36 36
37 36
36 36
36 37
36 36
35 36
36 36
36 35
36 34
36 35
35 35
36 35
36 36
36 35
37 35
36 35
36 34
37 34
37 33
38 33
37 33
37 32
36 32
35 32
35 31
35 30
35 29
34 29
34 30
34 31
33 31
33 32
33 33
33 32
33 33
32 33
32 34
33 34
33 33
32 33
33 33
32 33
33 33
33 34
33 35
32 35
31 35
31 36
