0 0
1 0
0 0
0 1
1 1
1 0
2 0
1 0
0 0
0 1
1 1
2 1
1 1
1 2
1 3
1 4
1 5
1 4
0 4
1 4
1 3
0 3
0 2
1 2
1 1
0 1
0 0
0 1
1 1
0 1
1 1
1 0
0 0
1 0
1 1
1 2
0 2
0 3
1 3
1 4
2 4
1 4
1 3
0 3
1 3
1 2
0 2
0 1
1 1
1 0
2 0
2 1
1 1
1 0
1 1
1 2
2 2
1 2
0 2
0 3
0 4
1 4
1 5
0 5
1 5
0 5
0 4
1 4
1 5
1 4
0 4
0 3
0 2
1 2
1 3
1 2
1 1
1 0
1 1
0 1
1 1
2 1
3 1
3 0
3 1
3 2
2 2
1 2
1 3
0 3
1 3
0 3
1 3
2 3
1 3
1 4
1 5
1 4
1 5
0 5
0 6
1 6
1 7
1 8
2 8
1 8
0 8
0 7
0 6
1 6
1 5
0 5
0 4
1 4
0 4
1 4
0 4
0 5
1 5
0 5
0 4
0 3
1 3
2 3
2 4
2 5
2 4
2 5
2 6
3 6
2 6
1 6
1 7
1 6
1 7
2 7
3 7
3 6
4 6
4 5
4 6
5 6
5 5
6 5
6 6
6 5
5 5
6 5
6 6
6 7
7 7
6 7
6 6
7 6
7 7
6 7
6 8
6 7
7 7
6 7
6 6
7 6
7 7
7 8
6 8
7 8
6 8
7 8
8 8
8 9
8 10
8 9
7 9
7 8
7 9
7 10
7 9
8 9
9 9
8 9
8 8
7 8
7 9
7 10
8 10
7 10
7 9
6 9
5 9
5 10
6 10
6 9
7 9
6 9
6 10
7 10
7 11
7 12
7 13
7 12
7 13
8 13
8 12
9 12
8 12
8 11
8 10
8 9
8 8
7 8
7 7
7 8
8 8
7 8
8 8
9 8
10 8
10 9
10 10
10 9
11 9
11 10
11 9
12 9
13 9
13 10
13 11
13 12
12 12
11 12
10 12
10 11
9 11
9 10
10 10
11 10
11 9
11 10
11 11
11 10
10 10
10 9
10 8
11 8
11 7
11 8
11 7
10 7
10 8
10 7
10 8
11 8
10 8
10 7
10 8
11 8
12 8
13 8
12 8
13 8
13 7
13 8
13 9
13 8
14 8
13 8
13 9
13 8
13 9
12 9
13 9
14 9
14 8
14 9
14 8
14 9
14 8
15 8
15 9
15 10
16 10
16 9
17 9
16 9
16 8
16 9
16 10
15 10
15 9
14 9
15 9
15 10
14 10
13 10
13 9
13 10
13 11
12 11
11 11
10 11
9 11
9 10
9 9
10 9
11 9
11 8
11 9
11 10
11 11
10 11
11 11
11 10
11 11
11 12
12 12
12 13
12 12
12 13
12 14
13 14
13 13
14 13
14 14
13 14
12 14
11 14
11 15
11 16
11 17
11 18
12 18
12 19
12 18
12 19
12 18
13 18
12 18
11 18
10 18
10 19
10 18
11 18
11 19
11 18
12 18
13 18
12 18
12 19
13 19
13 18
13 17
13 16
14 16
15 16
15 17
14 17
13 17
12 17
11 17
10 17
9 17
9 16
9 17
9 16
9 17
10 17
10 16
9 16
10 16
10 15
10 16
11 16
12 16
11 16
11 17
11 18
12 18
12 19
11 19
11 18
11 17
10 17
10 18
10 17
9 17
8 17
7 17
7 16
7 17
8 17
8 16
8 17
8 16
9 16
9 15
10 15
9 15
9 16
10 16
11 16
10 16
9 16
8 16
9 16
8 16
8 15
9 15
9 14
8 14
9 14
8 14
9 14
8 14
8 15
9 15
10 15
11 15
12 15
13 15
13 16
12 16
12 17
12 18
13 18
14 18
14 17
14 16
14 15
15 15
14 15
15 15
16 15
15 15
15 16
14 16
13 16
13 15
13 14
13 13
13 14
14 14
15 14
16 14
16 15
16 16
17 16
17 17
16 17
16 18
15 18
15 19
15 20
16 20
15 20
16 20
16 19
17 19
16 19
16 20
17 20
16 20
16 19
16 20
15 20
15 21
14 21
13 21
14 21
15 21
15 20
16 20
16 19
17 19
16 19
15 19
14 19
14 18
13 18
13 19
13 18
12 18
11 18
10 18
11 18
11 17
10 17
11 17
10 17
10 18
11 18
10 18
10 17
11 17
10 17
10 18
11 18
11 17
11 16
10 16
11 16
11 15
11 16
12 16
11 16
10 16
10 15
11 15
11 14
11 15
11 16
10 16
11 16
10 16
9 16
9 17
9 18
8 18
8 17
7 17
8 17
7 17
8 17
7 17
8 17
8 18
8 17
8 16
9 16
9 17
10 17
11 17
11 16
10 16
10 15
10 16
10 17
9 17
9 18
9 19
9 18
10 18
11 18
12 18
12 19
12 18
13 18
13 17
14 17
14 16
14 17
13 17
14 17
14 18
14 19
14 20
13 20
12 20
12 19
11 19
10 19
9 19
9 20
9 21
8 21
8 22
9 22
9 21
9 22
8 22
7 22
8 22
9 22
9 23
10 23
9 23
9 24
9 25
8 25
9 25
10 25
10 26
10 27
10 26
9 26
9 25
9 26
8 26
8 27
8 28
7 28
7 27
7 28
7 27
8 27
8 28
9 28
10 28
10 29
9 29
10 29
9 29
9 30
9 31
10 31
11 31
11 32
12 32
13 32
14 32
13 32
12 32
11 32
12 32
11 32
12 32
12 33
12 34
12 33
12 34
12 33
11 33
12 33
12 32
12 31
11 31
10 31
10 32
11 32
10 32
10 31
11 31
11 30
10 30
10 31
10 32
10 31
11 31
11 32
11 31
11 32
11 31
12 31
11 31
10 31
10 32
10 33
10 32
10 31
10 30
10 31
10 30
9 30
9 31
10 31
9 31
10 31
9 31
9 30
10 30
10 29
9 29
9 28
10 28
9 28
8 28
8 29
7 29
7 30
7 31
7 30
7 29
7 28
7 29
7 28
7 29
8 29
8 30
7 30
7 31
8 31
7 31
6 31
6 30
5 30
5 29
6 29
5 29
6 29
7 29
6 29
5 29
6 29
7 29
8 29
9 29
8 29
8 28
9 28
8 28
9 28
10 28
11 28
12 28
11 28
12 28
12 27
11 27
11 28
11 29
10 29
10 28
10 27
11 27
11 28
11 29
11 30
11 31
10 31
11 31
11 30
12 30
12 31
11 31
11 30
12 30
12 29
11 29
12 29
13 29
13 30
13 31
14 31
14 30
14 31
13 31
13 30
13 31
13 32
13 33
12 33
12 34
12 35
11 35
12 35
13 35
14 35
14 34
14 35
14 36
15 36
15 37
15 36
16 36
16 35
15 35
15 36
16 36
16 37
17 37
17 36
18 36
19 36
19 35
18 35
17 35
16 35
17 35
17 34
18 34
18 35
17 35
16 35
15 35
15 34
14 34
14 33
13 33
13 34
13 35
12 35
13 35
12 35
12 34
11 34
12 34
12 35
12 36
11 36
11 37
11 36
11 37
12 37
12 36
13 36
14 36
14 37
14 38
13 38
13 37
12 37
13 37
13 38
12 38
11 38
10 38
11 38
11 39
12 39
13 39
13 40
12 40
12 41
13 41
13 42
13 41
13 40
13 41
13 40
14 40
14 41
14 42
15 42
15 41
16 41
17 41
17 42
18 42
18 43
17 43
18 43
19 43
18 43
17 43
18 43
17 43
17 42
16 42
15 42
15 41
15 42
16 42
17 42
17 41
18 41
18 42
18 41
18 40
18 41
18 40
17 40
17 39
17 40
16 40
16 39
15 39
14 39
14 38
15 38
16 38
16 37
16 36
17 36
17 37
18 37
17 37
16 37
17 37
17 36
17 37
18 37
18 36
19 36
20 36
19 36
19 37
20 37
19 37
19 36
18 36
18 35
19 35
19 36
19 37
20 37
20 36
19 36
20 36
19 36
19 37
19 38
20 38
21 38
22 38
22 37
21 37
20 37
20 36
20 37
20 36
21 36
20 36
19 36
19 37
20 37
19 37
19 38
18 38
18 39
17 39
17 40
17 41
18 41
19 41
20 41
20 42
21 42
22 42
23 42
22 42
22 41
23 41
23 40
24 40
24 41
25 41
26 41
26 42
25 42
26 42
27 42
27 41
26 41
27 41
28 41
28 40
28 39
27 39
26 39
27 39
26 39
25 39
25 38
25 39
24 39
23 39
22 39
22 38
21 38
21 39
21 38
20 38
19 38
19 39
20 39
19 39
20 39
20 38
20 37
20 38
20 39
20 38
20 39
20 40
20 39
20 38
19 38
19 37
20 37
19 37
19 36
18 36
18 37
18 36
19 36
19 37
20 37
21 37
20 37
20 36
20 37
19 37
19 36
18 36
19 36
20 36
21 36
21 37
20 37
21 37
21 36
21 35
20 35
20 36
20 35
21 35
21 34
20 34
20 35
19 35
19 34
