0 0
0 1
0 0
1 0
2 0
2 1
2 0
1 0
1 1
2 1
2 2
2 1
3 1
3 2
2 2
1 2
0 2
0 1
0 0
0 1
0 0
1 0
2 0
3 0
2 0
2 1
2 0
1 0
0 0
0 1
1 1
0 1
0 0
0 1
0 0
0 1
1 1
1 2
2 2
2 1
2 0
2 1
2 2
2 1
1 1
0 1
0 0
0 1
0 0
0 1
1 1
0 1
1 1
1 0
1 1
1 0
1 1
0 1
1 1
1 0
2 0
2 1
1 1
1 0
1 1
1 2
0 2
1 2
1 3
2 3
1 3
1 2
0 2
0 3
1 3
0 3
0 4
0 3
0 4
1 4
0 4
0 5
1 5
1 6
1 7
1 8
0 8
1 8
1 9
0 9
1 9
1 10
1 11
0 11
1 11
1 12
1 13
1 14
1 15
1 16
1 15
1 16
0 16
1 16
2 16
2 15
2 14
1 14
1 13
1 12
1 11
2 11
2 12
2 13
2 14
2 13
2 14
2 15
2 16
3 16
3 17
2 17
2 16
2 17
2 16
2 15
3 15
2 15
3 15
4 15
5 15
6 15
5 15
6 15
6 14
6 15
7 15
8 15
8 16
8 17
8 18
8 19
8 18
9 18
9 17
10 17
10 16
10 17
11 17
11 18
10 18
10 19
11 19
10 19
9 19
9 20
8 20
8 19
8 18
8 19
9 19
9 20
9 19
8 19
8 20
8 19
9 19
9 18
9 19
9 20
8 20
7 20
8 20
8 19
8 20
9 20
8 20
7 20
7 19
8 19
7 19
7 18
6 18
6 17
7 17
6 17
6 16
6 17
5 17
6 17
6 18
6 19
6 20
6 21
6 22
6 23
6 24
6 25
5 25
6 25
6 24
5 24
4 24
4 25
3 25
3 26
3 27
3 26
4 26
4 27
4 26
4 27
4 26
5 26
5 27
5 28
5 27
4 27
3 27
3 26
3 27
3 28
2 28
1 28
1 29
0 29
1 29
0 29
1 29
1 30
1 31
1 32
0 32
1 32
1 31
0 31
1 31
0 31
1 31
0 31
1 31
2 31
3 31
2 31
2 32
3 32
3 33
3 34
3 33
3 34
4 34
3 34
3 33
3 34
3 33
4 33
3 33
2 33
2 32
1 32
2 32
1 32
1 33
2 33
3 33
3 32
2 32
1 32
0 32
0 33
0 34
1 34
2 34
3 34
2 34
1 34
2 34
3 34
2 34
2 35
1 35
1 34
1 35
1 36
1 35
1 34
1 33
2 33
2 34
1 34
0 34
0 35
1 35
0 35
1 35
1 34
1 35
0 35
0 34
1 34
1 33
1 32
1 33
1 32
2 32
3 32
3 33
2 33
1 33
1 32
0 32
1 32
1 31
2 31
2 30
2 29
1 29
2 29
2 30
3 30
3 29
2 29
2 28
2 27
2 26
1 26
1 25
1 26
1 27
1 26
1 25
2 25
2 24
2 23
2 22
2 21
3 21
3 22
2 22
2 21
2 22
2 23
2 24
2 23
3 23
4 23
5 23
5 24
4 24
4 25
5 25
6 25
5 25
4 25
5 25
5 26
5 27
4 27
3 27
3 26
2 26
2 27
1 27
1 28
1 29
1 30
0 30
1 30
2 30
1 30
1 31
0 31
1 31
2 31
2 32
2 31
2 32
2 31
1 31
1 30
1 31
1 30
1 31
2 31
3 31
4 31
5 31
5 30
5 29
5 30
5 31
5 30
5 31
4 31
4 32
4 31
3 31
2 31
2 30
2 31
3 31
3 32
2 32
3 32
4 32
4 33
5 33
6 33
7 33
8 33
8 34
9 34
9 33
9 34
9 33
8 33
8 32
8 33
8 32
8 33
8 32
8 33
9 33
9 32
9 33
8 33
9 33
9 32
8 32
8 31
7 31
8 31
8 30
8 29
7 29
7 28
7 29
7 28
6 28
7 28
6 28
7 28
8 28
8 29
8 28
8 27
8 28
9 28
9 27
10 27
10 26
11 26
12 26
13 26
12 26
12 25
12 24
13 24
13 25
13 24
13 25
13 26
12 26
12 25
12 24
12 25
11 25
11 26
10 26
10 27
9 27
9 28
8 28
7 28
7 27
7 28
8 28
7 28
6 28
7 28
7 27
7 26
7 27
8 27
9 27
9 26
8 26
7 26
6 26
6 27
6 26
6 27
6 28
6 29
5 29
5 30
5 31
6 31
6 30
5 30
4 30
5 30
6 30
5 30
5 31
5 30
6 30
6 29
7 29
6 29
6 28
6 29
5 29
5 30
4 30
4 31
5 31
4 31
5 31
6 31
7 31
8 31
9 31
8 31
7 31
6 31
6 30
7 30
8 30
7 30
8 30
7 30
7 29
6 29
5 29
6 29
7 29
8 29
8 30
8 31
7 31
7 30
7 29
7 28
7 27
7 28
8 28
8 27
9 27
9 28
8 28
7 28
7 27
7 28
6 28
7 28
7 29
7 30
7 29
6 29
5 29
5 28
5 27
4 27
4 28
3 28
3 29
3 30
3 31
4 31
5 31
4 31
5 31
6 31
6 32
7 32
6 32
6 33
6 34
7 34
7 33
7 34
7 33
7 32
7 31
7 30
7 31
7 32
7 31
7 30
7 29
8 29
9 29
9 30
9 31
8 31
9 31
9 32
9 31
10 31
11 31
11 30
10 30
11 30
11 31
10 31
9 31
8 31
8 30
8 29
7 29
7 30
8 30
8 31
7 31
7 32
7 31
8 31
8 32
8 31
8 30
9 30
9 31
9 32
9 33
8 33
8 32
8 33
9 33
8 33
9 33
9 34
10 34
10 33
11 33
11 34
11 35
11 36
12 36
12 37
13 37
12 37
13 37
13 38
14 38
14 39
15 39
15 40
14 40
15 40
14 40
14 41
14 42
14 41
15 41
16 41
17 41
17 42
17 41
17 42
16 42
16 43
16 42
16 43
16 42
16 43
15 43
16 43
16 44
16 45
16 44
17 44
16 44
15 44
15 43
15 44
14 44
15 44
16 44
15 44
15 43
15 42
15 41
14 41
15 41
14 41
13 41
13 42
14 42
15 42
16 42
17 42
17 41
18 41
18 42
17 42
16 42
16 41
15 41
16 41
16 42
16 41
16 40
16 39
16 38
16 39
15 39
16 39
16 40
15 40
16 40
16 39
17 39
18 39
18 40
18 39
18 40
18 39
17 39
18 39
19 39
20 39
20 38
21 38
21 39
22 39
22 40
22 41
22 42
22 43
21 43
22 43
22 44
22 43
21 43
20 43
19 43
20 43
19 43
19 44
20 44
19 44
19 45
19 44
20 44
19 44
18 44
18 43
17 43
17 42
16 42
16 43
16 42
16 43
15 43
15 42
15 43
14 43
14 44
13 44
13 45
13 46
12 46
13 46
14 46
15 46
15 47
16 47
16 46
16 47
16 46
16 45
17 45
17 46
16 46
16 45
17 45
16 45
16 44
15 44
14 44
15 44
15 43
16 43
15 43
15 42
15 43
14 43
14 44
14 43
14 42
15 42
14 42
13 42
13 41
13 42
13 43
13 42
13 41
13 42
13 41
12 41
13 41
12 41
13 41
14 41
13 41
12 41
12 42
12 41
11 41
10 41
10 42
10 41
10 40
9 40
8 40
7 40
8 40
8 41
8 42
7 42
7 41
6 41
6 40
5 40
5 41
4 41
4 40
5 40
4 40
5 40
5 39
6 39
7 39
7 40
7 39
6 39
7 39
6 39
6 40
7 40
7 41
7 42
7 43
7 44
6 44
7 44
6 44
7 44
6 44
6 45
6 44
6 45
6 44
5 44
5 45
5 44
4 44
3 44
2 44
3 44
3 43
3 44
3 43
3 44
2 44
1 44
2 44
3 44
4 44
4 43
4 42
5 42
6 42
7 42
6 42
6 43
5 43
5 44
5 45
5 46
4 46
3 46
2 46
2 45
2 44
2 45
3 45
3 44
3 43
3 42
2 42
2 43
2 42
3 42
3 43
3 42
2 42
3 42
4 42
4 43
5 43
5 42
4 42
4 43
5 43
5 42
5 43
4 43
4 42
3 42
3 41
2 41
2 42
1 42
2 42
2 41
2 42
2 43
3 43
3 44
3 43
4 43
4 44
5 44
5 43
4 43
5 43
4 43
4 44
4 45
4 44
4 43
4 42
4 43
4 44
3 44
3 45
2 45
1 45
0 45
1 45
0 45
1 45
1 44
0 44
1 44
0 44
0 45
0 46
1 46
1 45
0 45
0 44
1 44
1 43
1 42
0 42
1 42
2 42
1 42
0 42
0 43
1 43
1 42
2 42
1 42
0 42
0 43
0 44
1 44
0 44
1 44
1 45
1 46
2 46
3 46
3 45
4 45
3 45
2 45
1 45
1 46
0 46
1 46
2 46
2 45
2 44
2 43
2 44
3 44
4 44
4 43
3 43
3 42
2 42
2 43
2 42
1 42
