0 0
0 1
0 2
1 2
1 1
2 1
3 1
2 1
2 2
2 3
2 2
1 2
2 2
2 1
1 1
2 1
1 1
1 2
1 1
2 1
1 1
0 1
1 1
0 1
1 1
0 1
0 0
1 0
2 0
3 0
2 0
2 1
2 0
2 1
1 1
0 1
0 0
0 1
1 1
0 1
1 1
0 1
0 2
0 3
0 4
1 4
1 5
1 4
2 4
2 3
2 2
2 3
1 3
2 3
3 3
3 2
3 3
2 3
1 3
1 4
1 3
0 3
0 2
1 2
1 1
1 2
2 2
3 2
2 2
2 3
1 3
1 2
1 1
2 1
3 1
2 1
1 1
2 1
3 1
2 1
2 0
2 1
3 1
2 1
1 1
1 2
1 3
2 3
2 4
2 5
3 5
4 5
4 4
4 5
4 4
4 5
4 4
4 5
4 4
4 3
4 2
4 1
5 1
6 1
6 0
7 0
6 0
7 0
8 0
9 0
9 1
9 2
9 1
9 2
9 3
10 3
9 3
9 4
8 4
7 4
7 5
6 5
7 5
7 4
7 5
7 4
7 3
6 3
5 3
6 3
5 3
5 4
5 5
4 5
5 5
5 6
5 7
5 6
4 6
5 6
5 5
4 5
4 6
5 6
5 7
5 8
4 8
3 8
3 9
3 8
2 8
1 8
2 8
3 8
4 8
4 9
4 8
5 8
5 9
4 9
4 8
4 9
5 9
6 9
6 10
7 10
6 10
6 9
7 9
8 9
8 10
9 10
9 11
9 12
9 11
9 12
9 13
10 13
10 12
9 12
9 11
10 11
10 10
11 10
10 10
10 9
9 9
9 8
10 8
10 7
9 7
9 8
9 7
8 7
8 6
8 7
8 8
9 8
10 8
10 7
11 7
10 7
10 6
9 6
9 5
10 5
10 6
9 6
10 6
10 5
11 5
11 6
11 5
12 5
12 4
13 4
14 4
14 5
15 5
15 6
14 6
15 6
15 5
15 4
14 4
13 4
12 4
13 4
13 3
13 4
14 4
13 4
13 5
14 5
14 6
14 7
14 8
15 8
16 8
16 7
17 7
17 6
18 6
18 7
19 7
19 8
19 7
20 7
21 7
22 7
23 7
23 8
23 9
23 8
23 7
23 8
23 9
22 9
22 8
22 9
22 10
22 11
21 11
20 11
20 10
20 11
20 10
21 10
20 10
20 11
21 11
21 12
21 11
21 12
20 12
20 13
20 14
21 14
21 13
21 12
20 12
20 13
19 13
19 14
19 15
19 16
19 15
19 14
18 14
18 15
18 14
19 14
19 15
19 16
18 16
18 15
17 15
17 16
16 16
17 16
17 15
17 16
17 15
17 16
17 15
16 15
16 14
16 15
17 15
16 15
17 15
16 15
15 15
16 15
15 15
14 15
14 14
13 14
13 15
13 14
14 14
15 14
16 14
17 14
17 13
17 14
17 13
18 13
17 13
16 13
15 13
16 13
17 13
17 12
17 11
17 10
17 9
18 9
18 10
18 9
18 8
18 9
17 9
16 9
15 9
15 10
15 11
14 11
13 11
14 11
14 10
13 10
14 10
15 10
14 10
14 9
15 9
15 8
16 8
16 9
16 8
17 8
17 9
17 10
16 10
17 10
17 11
18 11
18 10
19 10
18 10
19 10
20 10
20 11
21 11
21 10
21 9
22 9
22 10
22 9
23 9
24 9
24 8
25 8
25 9
26 9
27 9
27 8
27 7
27 6
27 7
26 7
26 6
26 7
26 6
27 6
26 6
27 6
26 6
26 5
27 5
28 5
28 6
29 6
29 5
30 5
31 5
31 4
31 3
31 4
32 4
33 4
34 4
33 4
33 5
32 5
32 6
31 6
31 5
31 4
30 4
31 4
32 4
32 5
32 6
31 6
31 7
31 8
32 8
31 8
32 8
32 7
32 6
31 6
32 6
32 5
32 6
32 5
32 6
32 5
33 5
33 6
34 6
34 5
33 5
33 6
33 7
32 7
32 8
32 9
32 10
31 10
31 11
32 11
31 11
31 12
31 11
31 12
32 12
33 12
34 12
34 13
33 13
32 13
31 13
30 13
30 12
30 13
30 14
30 13
30 14
30 13
30 14
29 14
28 14
29 14
28 14
28 13
28 12
28 13
29 13
30 13
29 13
29 14
30 14
30 13
30 12
30 11
31 11
30 11
30 12
30 13
29 13
29 14
29 15
29 14
29 13
29 12
30 12
30 13
29 13
28 13
28 14
29 14
28 14
27 14
27 15
27 14
27 13
27 14
27 13
27 14
27 13
27 12
27 13
27 12
26 12
27 12
26 12
26 13
25 13
25 12
26 12
25 12
24 12
24 13
25 13
25 12
24 12
24 11
24 12
25 12
25 13
26 13
27 13
28 13
29 13
29 12
28 12
28 13
27 13
26 13
26 14
26 15
26 14
26 15
26 16
26 17
26 16
25 16
24 16
23 16
24 16
24 17
23 17
23 18
23 17
23 18
22 18
22 19
22 20
23 20
23 19
24 19
24 18
23 18
23 17
23 16
23 15
22 15
21 15
21 14
22 14
23 14
23 15
22 15
23 15
22 15
22 16
22 15
23 15
23 16
23 17
23 18
22 18
22 19
22 18
23 18
22 18
23 18
24 18
23 18
23 19
23 18
24 18
23 18
23 17
23 16
24 16
24 15
25 15
25 14
25 13
25 14
25 15
25 14
26 14
27 14
28 14
27 14
26 14
27 14
28 14
29 14
29 13
30 13
29 13
29 14
29 15
28 15
28 16
27 16
26 16
26 17
27 17
27 18
27 17
27 16
27 15
28 15
28 14
27 14
27 15
26 15
26 14
26 15
26 14
27 14
27 13
28 13
29 13
28 13
28 14
27 14
28 14
29 14
28 14
27 14
27 13
27 12
26 12
25 12
25 13
26 13
26 14
27 14
27 15
26 15
26 14
26 15
27 15
27 14
26 14
26 13
27 13
26 13
25 13
25 12
24 12
25 12
25 13
24 13
24 14
24 15
25 15
26 15
25 15
25 14
24 14
23 14
23 13
23 12
22 12
23 12
23 13
23 12
23 13
23 14
23 13
22 13
22 14
23 14
23 15
24 15
24 14
23 14
23 15
22 15
22 14
22 15
22 16
21 16
21 17
21 18
21 19
21 18
20 18
21 18
21 17
21 18
22 18
23 18
23 17
24 17
24 18
25 18
25 19
24 19
24 20
23 20
22 20
22 21
23 21
23 20
24 20
24 19
25 19
26 19
27 19
26 19
27 19
27 20
28 20
27 20
26 20
25 20
26 20
26 19
25 19
25 20
25 21
25 22
25 21
25 22
24 22
23 22
22 22
23 22
23 21
24 21
23 21
24 21
23 21
24 21
24 20
24 19
24 18
24 17
24 16
23 16
23 15
23 14
23 13
24 13
24 14
24 13
25 13
25 12
25 13
24 13
23 13
23 14
23 15
24 15
24 16
24 15
24 14
25 14
25 15
26 15
26 14
25 14
25 15
24 15
23 15
23 14
23 15
23 16
22 16
23 16
23 17
23 18
24 18
24 19
23 19
22 19
23 19
24 19
25 19
24 19
23 19
24 19
24 18
24 19
25 19
26 19
26 20
26 21
27 21
28 21
27 21
27 22
26 22
25 22
25 23
25 24
25 25
24 25
23 25
23 26
24 26
23 26
24 26
24 25
23 25
23 24
23 23
24 23
25 23
25 24
24 24
24 25
24 26
24 25
25 25
25 24
26 24
25 24
25 25
26 25
26 24
26 23
25 23
25 24
25 23
25 24
24 24
24 23
24 24
25 24
25 23
25 24
26 24
27 24
28 24
28 23
28 22
29 22
28 22
28 23
27 23
27 22
27 23
27 22
28 22
28 21
28 22
28 23
29 23
29 22
28 22
29 22
30 22
30 23
30 24
31 24
32 24
31 24
32 24
33 24
34 24
33 24
32 24
32 25
32 26
32 25
32 26
32 25
32 24
33 24
33 23
33 24
33 23
33 22
32 22
33 22
34 22
35 22
34 22
34 21
33 21
34 21
35 21
35 22
35 23
34 23
35 23
34 23
34 24
34 25
34 26
35 26
35 27
35 26
36 26
36 27
35 27
34 27
34 26
34 25
35 25
35 24
35 23
35 24
34 24
33 24
34 24
35 24
36 24
35 24
34 24
33 24
33 25
32 25
32 24
32 23
32 24
32 25
32 26
32 27
33 27
34 27
34 28
34 27
34 26
34 25
35 25
35 26
35 27
35 28
34 28
34 29
35 29
34 29
35 29
35 28
35 27
35 26
35 25
36 25
36 24
37 24
37 23
37 22
37 23
37 24
36 24
36 23
35 23
34 23
34 24
34 23
33 23
33 24
33 25
32 25
32 26
32 27
31 27
30 27
29 27
29 26
29 27
29 28
28 28
28 27
28 26
28 27
29 27
29 26
29 25
28 25
28 26
29 26
29 25
30 25
30 24
30 23
31 23
31 22
