0 0
0 1
0 0
0 1
0 2
1 2
1 3
0 3
0 2
1 2
2 2
3 2
3 3
3 4
2 4
2 5
3 5
2 5
2 6
1 6
1 7
1 8
2 8
1 8
1 9
1 8
0 8
0 7
1 7
0 7
0 8
0 9
0 10
0 9
1 9
1 10
1 9
0 9
1 9
1 10
1 11
1 10
2 10
2 11
2 10
1 10
2 10
3 10
3 9
3 8
3 7
4 7
4 8
5 8
5 7
5 8
4 8
4 9
3 9
4 9
4 8
5 8
6 8
6 9
5 9
5 10
6 10
6 11
7 11
6 11
6 10
6 11
5 11
6 11
6 10
7 10
6 10
5 10
6 10
6 11
5 11
4 11
4 12
4 13
4 12
4 13
5 13
6 13
6 14
6 15
6 14
7 14
6 14
6 13
7 13
7 12
6 12
7 12
7 13
8 13
8 12
9 12
9 11
9 10
9 11
9 12
8 12
8 13
8 14
8 15
8 16
8 15
9 15
10 15
10 16
11 16
10 16
11 16
11 15
12 15
13 15
12 15
13 15
13 16
12 16
12 15
12 14
13 14
13 15
13 14
12 14
13 14
12 14
13 14
13 13
13 12
13 13
13 12
14 12
15 12
15 11
15 10
15 11
15 12
15 13
14 13
14 12
14 13
15 13
14 13
14 12
14 11
14 12
13 12
14 12
14 13
14 14
15 14
15 15
16 15
17 15
16 15
15 15
14 15
14 16
14 15
15 15
16 15
15 15
15 16
14 16
13 16
13 15
14 15
14 14
15 14
15 15
16 15
15 15
14 15
15 15
15 16
14 16
14 17
13 17
12 17
11 17
11 18
11 19
10 19
10 18
10 17
11 17
11 18
11 17
11 16
12 16
12 15
12 14
12 15
12 16
12 17
12 16
12 17
12 18
12 19
12 18
12 19
13 19
12 19
11 19
11 18
12 18
12 19
12 20
12 21
12 20
12 21
12 20
12 21
13 21
13 22
12 22
12 23
12 22
13 22
13 21
13 20
12 20
11 20
11 21
12 21
13 21
13 20
14 20
15 20
15 19
15 18
15 17
14 17
13 17
14 17
14 18
14 17
15 17
15 16
14 16
14 17
15 17
14 17
15 17
16 17
16 16
16 15
16 16
16 15
15 15
14 15
15 15
15 14
15 15
15 14
14 14
14 15
14 14
14 15
14 14
14 15
15 15
15 16
14 16
14 17
14 18
15 18
15 19
16 19
15 19
15 20
16 20
16 19
17 19
18 19
19 19
19 20
19 19
19 18
19 17
19 16
19 17
19 16
18 16
17 16
16 16
15 16
16 16
17 16
17 17
17 16
18 16
18 15
19 15
18 15
18 14
18 15
17 15
17 16
17 15
16 15
16 14
15 14
15 15
15 14
15 13
15 14
15 15
14 15
15 15
15 14
16 14
15 14
15 13
15 12
14 12
15 12
15 13
14 13
15 13
15 12
14 12
15 12
16 12
16 11
15 11
16 11
16 12
16 11
16 10
15 10
15 11
14 11
15 11
14 11
15 11
15 10
15 11
16 11
16 10
16 9
16 8
17 8
17 9
17 10
16 10
17 10
17 11
18 11
18 10
18 9
19 9
19 8
18 8
17 8
18 8
18 9
18 10
18 9
19 9
20 9
21 9
22 9
22 10
23 10
24 10
24 11
24 12
23 12
24 12
24 13
23 13
24 13
25 13
25 14
26 14
26 13
26 12
26 13
26 14
26 13
26 14
26 15
27 15
27 14
27 13
27 14
27 15
27 16
27 15
27 16
28 16
28 17
28 18
28 19
28 18
27 18
27 17
27 16
27 17
26 17
26 18
25 18
25 17
25 16
26 16
25 16
25 17
25 16
25 15
24 15
24 16
24 17
25 17
25 16
26 16
25 16
25 15
25 16
25 17
26 17
26 16
25 16
26 16
25 16
25 17
26 17
27 17
27 18
27 17
27 18
27 19
26 19
25 19
26 19
26 18
27 18
27 19
27 18
27 17
27 16
27 15
27 16
26 16
25 16
25 17
25 16
25 17
26 17
25 17
25 16
24 16
23 16
22 16
23 16
24 16
24 17
23 17
24 17
24 16
24 15
25 15
25 16
26 16
25 16
25 17
24 17
25 17
25 16
25 17
24 17
23 17
22 17
21 17
22 17
23 17
24 17
25 17
26 17
25 17
25 16
25 15
26 15
25 15
26 15
25 15
24 15
24 14
23 14
23 15
23 16
24 16
24 15
24 16
24 17
25 17
26 17
26 16
25 16
26 16
26 17
26 18
25 18
25 17
24 17
25 17
25 16
24 16
24 17
24 16
23 16
22 16
22 17
22 18
23 18
24 18
25 18
25 19
26 19
27 19
27 20
27 21
28 21
28 20
27 20
27 19
28 19
29 19
29 18
30 18
31 18
32 18
32 17
33 17
33 18
33 19
34 19
34 18
34 19
35 19
36 19
35 19
35 18
35 17
35 16
36 16
36 17
36 16
35 16
35 15
34 15
34 16
34 17
34 16
34 15
35 15
35 14
34 14
34 15
33 15
32 15
32 16
31 16
31 15
30 15
31 15
30 15
31 15
30 15
31 15
32 15
31 15
31 16
30 16
31 16
30 16
30 15
29 15
29 14
28 14
28 15
29 15
29 14
29 13
29 12
29 11
29 10
29 11
29 10
28 10
27 10
27 11
27 10
28 10
28 11
28 10
29 10
30 10
30 11
30 12
29 12
28 12
28 11
28 12
27 12
28 12
28 11
29 11
29 12
29 11
30 11
30 12
31 12
31 11
31 10
31 9
30 9
31 9
32 9
31 9
31 8
31 9
31 8
31 9
31 8
30 8
31 8
31 7
32 7
32 6
31 6
30 6
30 7
29 7
28 7
28 8
28 9
28 8
28 9
29 9
28 9
28 8
27 8
28 8
27 8
27 9
28 9
28 8
29 8
28 8
28 9
28 10
29 10
29 11
29 12
30 12
29 12
29 13
29 12
29 13
29 12
29 13
28 13
29 13
30 13
30 12
30 13
30 14
29 14
30 14
31 14
32 14
33 14
32 14
32 13
31 13
30 13
30 14
31 14
30 14
30 15
29 15
29 14
29 13
29 14
29 15
28 15
28 14
28 13
28 12
29 12
29 11
30 11
29 11
28 11
27 11
28 11
28 10
27 10
26 10
25 10
25 11
26 11
25 11
25 10
26 10
25 10
24 10
24 9
24 8
23 8
23 7
23 8
23 7
22 7
22 8
22 7
23 7
23 8
24 8
23 8
24 8
25 8
26 8
27 8
27 7
26 7
27 7
27 8
27 7
27 8
28 8
28 9
28 10
28 9
28 10
29 10
29 9
29 8
29 9
29 8
29 9
29 10
29 9
29 8
29 9
30 9
30 10
29 10
29 9
29 8
29 9
28 9
28 10
29 10
30 10
31 10
31 9
31 10
31 9
31 10
32 10
32 9
31 9
30 9
30 8
30 7
30 8
31 8
32 8
32 9
32 8
32 7
32 8
33 8
33 9
33 8
33 7
32 7
32 8
33 8
33 9
33 10
33 9
32 9
32 8
31 8
32 8
32 7
32 8
32 9
33 9
34 9
33 9
34 9
35 9
35 10
36 10
37 10
37 9
38 9
37 9
37 8
37 7
38 7
38 8
38 7
38 6
39 6
38 6
39 6
39 7
39 6
39 5
39 6
38 6
39 6
39 5
40 5
40 4
39 4
40 4
40 5
41 5
41 6
41 5
42 5
43 5
43 6
44 6
44 5
44 6
44 7
43 7
43 6
43 5
42 5
42 4
42 3
41 3
41 2
40 2
40 1
39 1
40 1
41 1
41 0
41 1
42 1
42 0
41 0
42 0
42 1
42 2
42 3
42 4
42 5
43 5
44 5
45 5
44 5
44 6
44 7
44 8
44 7
45 7
45 6
45 5
45 6
46 6
46 7
47 7
47 6
46 6
47 6
47 7
46 7
46 6
47 6
47 7
46 7
47 7
47 8
46 8
46 7
46 8
46 7
47 7
47 6
46 6
47 6
46 6
46 5
46 6
46 5
46 4
46 5
45 5
45 4
46 4
47 4
47 3
48 3
48 2
48 1
48 2
49 2
49 3
49 2
49 3
50 3
49 3
50 3
51 3
50 3
51 3
52 3
51 3
50 3
50 4
49 4
49 3
49 2
48 2
49 2
50 2
51 2
51 1
52 1
51 1
50 1
51 1
51 0
51 1
51 0
51 1
52 1
51 1
51 0
50 0
50 1
51 1
51 2
51 3
51 4
51 3
52 3
53 3
53 2
52 2
53 2
53 3
52 3
51 3
51 4
51 5
51 4
52 4
53 4
53 3
52 3
53 3
52 3
52 2
52 3
52 2
51 2
52 2
52 1
52 2
51 2
52 2
52 1
52 2
53 2
53 3
54 3
54 4
54 5
54 6
53 6
54 6
54 5
54 6
53 6
53 5
53 4
53 3
54 3
53 3
54 3
53 3
53 4
