0 0
1 0
0 0
0 1
0 2
1 2
1 3
1 4
2 4
3 4
3 5
3 6
3 7
2 7
2 6
3 6
3 7
3 8
2 8
3 8
2 8
1 8
0 8
0 9
1 9
1 10
0 10
1 10
0 10
0 11
0 10
0 9
0 8
0 7
0 6
0 5
0 6
0 5
0 4
0 5
1 5
2 5
3 5
2 5
3 5
3 4
3 3
2 3
3 3
3 2
3 3
4 3
4 4
4 3
5 3
5 4
4 4
4 3
3 3
4 3
3 3
2 3
3 3
2 3
2 2
1 2
0 2
0 1
1 1
2 1
1 1
0 1
1 1
1 2
1 1
2 1
1 1
0 1
1 1
2 1
2 2
3 2
4 2
3 2
3 3
4 3
4 4
4 3
4 4
4 3
3 3
3 4
3 5
3 6
3 7
2 7
2 6
2 7
2 6
2 5
2 4
2 3
1 3
1 2
2 2
1 2
1 1
0 1
1 1
1 0
0 0
0 1
1 1
2 1
3 1
3 0
4 0
3 0
4 0
4 1
4 0
5 0
5 1
4 1
4 2
4 3
3 3
2 3
3 3
3 2
3 3
3 2
2 2
2 1
2 2
3 2
2 2
2 3
1 3
0 3
1 3
1 2
2 2
2 1
2 0
3 0
3 1
2 1
3 1
2 1
1 1
0 1
1 1
0 1
0 0
1 0
1 1
1 2
1 1
1 2
2 2
2 3
1 3
2 3
2 2
3 2
3 3
4 3
4 4
4 5
4 4
4 5
4 6
4 5
3 5
2 5
2 6
1 6
2 6
3 6
3 5
3 4
3 3
3 2
3 1
3 0
3 1
3 0
4 0
3 0
4 0
5 0
5 1
5 0
5 1
5 2
4 2
4 1
5 1
5 2
5 3
6 3
5 3
5 2
6 2
6 3
7 3
6 3
6 2
5 2
5 1
5 2
6 2
5 2
5 1
6 1
7 1
6 1
6 0
6 1
7 1
7 2
6 2
6 1
5 1
5 0
4 0
5 0
5 1
5 2
6 2
7 2
8 2
7 2
7 3
7 4
7 5
8 5
7 5
6 5
5 5
4 5
4 4
4 3
3 3
3 4
3 3
3 4
3 5
3 6
3 7
4 7
4 6
4 5
4 6
3 6
3 7
3 8
3 7
2 7
2 8
3 8
4 8
4 7
4 8
3 8
2 8
3 8
2 8
1 8
2 8
2 9
2 8
3 8
3 9
3 8
3 9
3 10
3 11
4 11
4 10
5 10
6 10
6 11
5 11
5 10
4 10
5 10
5 11
5 10
5 9
4 9
3 9
4 9
3 9
3 8
4 8
3 8
3 9
3 8
3 7
3 6
3 5
3 6
4 6
5 6
5 5
5 4
5 5
5 4
5 3
4 3
4 4
4 3
4 2
5 2
5 1
4 1
4 0
3 0
3 1
4 1
5 1
5 0
6 0
7 0
7 1
8 1
8 0
7 0
7 1
7 2
7 3
8 3
7 3
8 3
8 2
9 2
10 2
10 1
10 2
10 3
10 4
11 4
11 3
11 2
10 2
10 3
11 3
11 2
11 3
10 3
10 2
11 2
12 2
12 3
12 2
13 2
14 2
13 2
13 1
12 1
12 2
12 1
12 0
13 0
12 0
13 0
14 0
14 1
14 0
13 0
13 1
14 1
14 2
13 2
13 3
12 3
12 2
12 3
13 3
14 3
15 3
15 2
15 1
14 1
14 0
15 0
15 1
15 0
15 1
14 1
15 1
16 1
15 1
15 0
16 0
16 1
16 2
17 2
18 2
18 1
19 1
18 1
17 1
17 0
16 0
16 1
16 2
16 3
16 4
17 4
17 5
18 5
18 4
18 3
18 4
18 3
17 3
16 3
16 4
17 4
16 4
16 3
16 2
15 2
16 2
16 1
16 0
15 0
15 1
16 1
16 0
17 0
18 0
17 0
17 1
18 1
17 1
17 0
18 0
19 0
19 1
19 0
19 1
19 0
18 0
17 0
18 0
18 1
19 1
18 1
19 1
19 2
20 2
21 2
21 3
21 4
22 4
22 3
22 4
21 4
22 4
21 4
21 3
21 2
22 2
22 3
23 3
23 2
24 2
23 2
24 2
24 1
24 0
25 0
24 0
25 0
25 1
26 1
26 2
27 2
27 1
27 2
26 2
25 2
25 3
25 2
26 2
26 1
25 1
25 2
24 2
25 2
25 3
25 2
25 1
25 0
25 1
26 1
26 2
26 3
27 3
27 2
28 2
28 1
28 2
28 3
27 3
27 4
26 4
26 3
25 3
25 2
25 3
26 3
27 3
28 3
28 4
29 4
29 3
28 3
28 4
28 5
28 6
28 7
28 6
29 6
29 7
29 8
30 8
29 8
29 9
28 9
28 8
28 7
28 6
29 6
29 7
28 7
28 8
28 9
28 10
28 9
28 10
29 10
30 10
29 10
29 9
29 8
29 9
30 9
29 9
30 9
31 9
31 8
31 7
30 7
31 7
31 8
32 8
32 7
33 7
33 6
34 6
35 6
35 7
36 7
35 7
36 7
37 7
37 6
36 6
36 5
36 4
37 4
37 5
37 4
37 3
37 4
37 3
37 4
37 5
36 5
37 5
36 5
37 5
37 6
36 6
36 7
36 6
35 6
35 7
35 8
35 7
35 6
35 7
34 7
34 8
34 9
33 9
32 9
32 10
32 11
32 10
31 10
31 9
31 8
30 8
29 8
29 7
30 7
31 7
32 7
32 8
33 8
32 8
32 7
32 6
32 5
32 4
33 4
32 4
31 4
30 4
30 3
29 3
28 3
28 2
27 2
27 1
26 1
26 0
26 1
26 0
25 0
25 1
25 2
24 2
24 1
23 1
24 1
25 1
26 1
27 1
27 2
27 1
26 1
27 1
27 0
27 1
27 0
27 1
27 0
27 1
27 2
26 2
26 3
26 2
26 3
27 3
26 3
26 2
26 1
25 1
26 1
26 0
26 1
26 0
26 1
27 1
27 2
27 3
27 4
28 4
28 5
29 5
29 4
30 4
30 5
30 4
30 5
31 5
31 6
31 7
31 8
31 9
31 10
31 9
31 8
32 8
32 9
32 10
32 9
32 10
32 9
32 8
33 8
33 7
32 7
31 7
30 7
30 8
31 8
30 8
30 9
30 8
31 8
31 7
31 6
31 5
31 6
31 5
30 5
30 4
30 5
30 6
30 7
31 7
32 7
31 7
30 7
30 6
30 5
30 4
31 4
32 4
32 3
33 3
32 3
32 2
33 2
33 3
34 3
35 3
35 2
35 3
35 4
36 4
36 5
36 4
37 4
36 4
36 3
37 3
36 3
36 4
35 4
35 5
35 6
36 6
36 5
36 6
35 6
36 6
35 6
34 6
35 6
34 6
35 6
35 5
34 5
35 5
35 4
35 3
35 2
35 1
35 2
34 2
33 2
33 3
32 3
31 3
31 4
30 4
30 5
30 4
30 5
31 5
31 4
31 5
30 5
30 4
31 4
32 4
32 3
32 4
32 5
33 5
33 4
32 4
32 3
32 4
32 3
32 2
32 3
32 4
32 3
32 2
33 2
34 2
35 2
34 2
35 2
35 1
34 1
34 0
34 1
33 1
33 2
34 2
34 3
35 3
35 4
35 5
34 5
35 5
36 5
36 6
36 7
35 7
34 7
33 7
32 7
33 7
33 8
32 8
33 8
33 9
32 9
33 9
32 9
32 10
33 10
33 11
32 11
33 11
33 12
33 13
33 14
34 14
34 15
33 15
34 15
34 16
34 15
33 15
33 14
33 13
32 13
32 14
31 14
30 14
30 15
30 16
30 15
29 15
29 16
29 15
30 15
29 15
28 15
28 16
28 17
29 17
29 16
30 16
31 16
32 16
32 17
32 16
32 17
32 18
33 18
32 18
31 18
32 18
31 18
31 17
30 17
30 16
30 17
29 17
28 17
29 17
28 17
28 18
27 18
28 18
28 17
28 16
28 15
28 14
28 13
28 14
29 14
28 14
27 14
27 13
26 13
25 13
24 13
25 13
25 14
25 15
24 15
23 15
23 16
24 16
25 16
25 17
24 17
24 18
25 18
24 18
25 18
26 18
26 19
26 18
25 18
26 18
25 18
24 18
25 18
24 18
24 19
25 19
25 18
24 18
24 19
24 18
25 18
26 18
27 18
27 17
26 17
25 17
25 18
26 18
27 18
27 19
27 18
28 18
27 18
27 17
27 16
26 16
26 15
25 15
26 15
25 15
24 15
24 16
25 16
25 17
26 17
26 16
27 16
27 15
26 15
27 15
28 15
27 15
26 15
25 15
26 15
27 15
27 14
28 14
28 15
29 15
29 16
30 16
30 17
29 17
28 17
27 17
27 16
27 15
26 15
25 15
26 15
27 15
26 15
26 14
26 13
26 12
25 12
26 12
27 12
26 12
26 11
27 11
27 12
26 12
25 12
25 13
25 12
24 12
24 11
