0 0
0 1
1 1
0 1
1 1
1 0
2 0
1 0
0 0
1 0
2 0
3 0
4 0
3 0
4 0
5 0
5 1
5 0
5 1
5 2
6 2
5 2
6 2
6 3
6 2
7 2
7 3
6 3
6 2
6 1
7 1
6 1
6 0
6 1
6 0
6 1
6 0
6 1
5 1
4 1
5 1
6 1
6 0
7 0
8 0
9 0
9 1
8 1
8 0
9 0
8 0
8 1
9 1
9 0
9 1
10 1
11 1
11 2
10 2
10 3
10 4
11 4
11 5
11 4
10 4
10 5
10 6
11 6
12 6
13 6
12 6
12 7
12 6
13 6
12 6
11 6
10 6
10 5
11 5
10 5
11 5
12 5
12 4
11 4
12 4
11 4
11 3
11 2
12 2
13 2
13 1
13 0
14 0
14 1
15 1
16 1
16 2
15 2
15 1
15 0
15 1
15 2
15 3
15 4
15 5
15 6
15 5
15 6
14 6
13 6
13 7
14 7
15 7
14 7
14 6
14 5
13 5
12 5
13 5
14 5
13 5
14 5
13 5
12 5
11 5
11 4
10 4
11 4
11 3
12 3
11 3
10 3
11 3
11 4
12 4
12 3
11 3
10 3
10 2
11 2
11 3
11 2
10 2
11 2
11 3
10 3
10 4
11 4
10 4
11 4
11 5
10 5
11 5
11 4
11 3
11 4
11 3
12 3
12 2
13 2
12 2
12 3
13 3
13 2
13 1
14 1
15 1
15 2
16 2
15 2
15 3
15 2
16 2
16 1
16 2
17 2
17 3
17 4
17 3
17 2
16 2
16 1
15 1
15 0
14 0
14 1
14 0
13 0
13 1
14 1
13 1
13 0
14 0
15 0
16 0
15 0
15 1
16 1
16 2
15 2
15 1
15 0
15 1
16 1
16 0
16 1
17 1
18 1
18 2
17 2
18 2
18 1
19 1
18 1
17 1
16 1
16 2
17 2
17 3
17 4
16 4
17 4
17 5
16 5
16 4
16 5
15 5
15 6
16 6
17 6
16 6
16 5
15 5
15 6
14 6
13 6
13 7
13 8
13 7
14 7
13 7
14 7
14 6
13 6
14 6
14 5
14 4
14 5
14 4
15 4
16 4
16 3
15 3
15 2
15 3
14 3
14 4
15 4
15 3
15 2
15 3
16 3
16 2
15 2
15 1
15 2
16 2
16 1
16 2
16 3
16 4
16 3
16 4
16 3
17 3
17 4
18 4
18 3
17 3
17 4
18 4
18 5
18 4
18 3
17 3
18 3
18 2
18 1
19 1
20 1
20 0
21 0
22 0
21 0
22 0
21 0
20 0
20 1
20 0
20 1
20 2
20 1
21 1
20 1
20 2
19 2
19 1
20 1
20 2
19 2
20 2
19 2
19 1
20 1
19 1
18 1
19 1
19 2
18 2
19 2
19 3
19 4
20 4
20 3
21 3
21 2
22 2
23 2
24 2
23 2
22 2
22 1
22 2
22 1
22 2
22 1
22 2
23 2
23 3
23 2
22 2
23 2
23 3
23 4
23 5
24 5
24 6
24 5
24 6
23 6
23 5
22 5
23 5
24 5
25 5
25 6
24 6
23 6
24 6
23 6
22 6
22 5
22 4
21 4
21 5
22 5
21 5
21 6
21 7
21 8
22 8
22 9
23 9
23 8
23 7
23 8
23 7
22 7
22 8
21 8
20 8
20 9
19 9
19 10
19 11
18 11
18 10
18 11
18 10
18 9
18 8
18 9
18 10
18 11
18 12
17 12
16 12
16 13
16 14
15 14
15 13
15 12
15 13
15 12
15 13
16 13
16 12
16 13
15 13
15 12
16 12
16 13
17 13
16 13
17 13
16 13
15 13
15 14
14 14
14 13
13 13
14 13
14 14
13 14
13 13
13 14
12 14
13 14
13 13
12 13
12 12
13 12
13 11
12 11
13 11
13 12
13 11
13 10
13 11
13 12
13 11
13 12
14 12
15 12
15 11
16 11
15 11
16 11
16 12
17 12
17 13
17 12
16 12
16 13
17 13
18 13
19 13
19 14
18 14
19 14
19 15
19 16
20 16
20 17
21 17
21 18
20 18
19 18
20 18
19 18
19 17
20 17
20 16
20 15
20 16
21 16
21 15
20 15
20 16
20 17
20 18
20 17
20 16
20 15
19 15
20 15
21 15
20 15
19 15
18 15
18 14
18 15
18 14
18 15
19 15
19 14
18 14
17 14
16 14
15 14
14 14
14 13
14 14
14 15
13 15
13 16
13 15
14 15
14 16
14 17
14 18
14 19
14 18
14 19
14 20
15 20
14 20
14 19
15 19
15 20
15 21
14 21
14 20
14 21
15 21
14 21
14 20
14 21
13 21
14 21
14 20
13 20
14 20
15 20
15 19
14 19
14 18
14 19
14 20
14 21
13 21
14 21
14 20
13 20
12 20
12 21
13 21
14 21
13 21
12 21
13 21
13 22
12 22
12 21
13 21
12 21
11 21
11 20
12 20
12 21
11 21
11 20
11 21
11 20
11 19
11 20
11 19
11 20
11 21
12 21
12 22
13 22
13 21
13 20
12 20
11 20
10 20
11 20
12 20
12 21
11 21
11 20
11 19
11 20
11 21
10 21
11 21
11 22
12 22
11 22
11 23
10 23
9 23
9 24
8 24
7 24
7 25
7 24
7 25
8 25
9 25
10 25
9 25
9 24
9 23
9 24
8 24
9 24
9 25
8 25
8 24
8 25
8 24
8 25
7 25
6 25
5 25
6 25
6 26
5 26
5 27
6 27
6 26
6 27
5 27
5 28
6 28
7 28
7 29
7 28
7 27
7 28
8 28
8 27
8 28
7 28
7 29
7 30
8 30
8 31
8 30
9 30
8 30
7 30
7 31
7 32
6 32
6 31
6 30
6 31
5 31
5 30
5 31
5 30
4 30
3 30
3 31
4 31
5 31
5 30
6 30
6 29
6 30
6 29
6 30
7 30
7 31
6 31
6 30
6 29
6 28
5 28
6 28
6 29
7 29
8 29
9 29
10 29
10 28
10 27
10 26
10 27
9 27
8 27
8 26
8 27
9 27
9 28
9 27
9 28
10 28
10 27
10 28
9 28
8 28
7 28
8 28
9 28
9 29
8 29
7 29
7 30
7 31
6 31
7 31
6 31
5 31
4 31
3 31
2 31
2 32
2 33
3 33
3 34
2 34
3 34
3 35
4 35
4 36
5 36
5 35
6 35
6 36
6 35
5 35
4 35
4 36
3 36
4 36
4 35
5 35
5 34
5 33
5 34
4 34
4 33
4 34
5 34
5 35
4 35
4 36
4 35
5 35
5 36
5 35
4 35
4 36
4 37
3 37
4 37
4 36
3 36
3 37
4 37
4 38
4 39
5 39
5 38
5 39
5 40
5 41
5 40
5 41
5 42
4 42
4 43
4 44
4 45
3 45
3 46
3 47
2 47
1 47
1 48
1 49
1 50
2 50
3 50
2 50
1 50
0 50
1 50
1 49
1 48
2 48
1 48
1 47
1 46
1 47
1 46
1 47
1 48
1 47
0 47
0 46
0 45
1 45
0 45
1 45
1 44
0 44
0 43
1 43
1 44
1 45
1 46
0 46
0 45
0 44
1 44
1 45
1 46
1 47
2 47
2 46
2 45
2 46
2 47
3 47
3 46
3 45
3 46
2 46
2 47
2 48
2 47
3 47
2 47
2 46
3 46
3 45
2 45
2 44
1 44
2 44
2 43
2 44
3 44
4 44
3 44
4 44
5 44
6 44
5 44
5 45
5 46
4 46
4 45
5 45
6 45
6 44
7 44
7 45
7 46
6 46
7 46
7 45
7 46
7 47
8 47
8 46
9 46
8 46
7 46
6 46
6 45
6 44
6 45
6 46
6 45
5 45
4 45
4 46
4 47
3 47
4 47
4 48
4 47
5 47
4 47
5 47
6 47
5 47
6 47
7 47
8 47
8 46
7 46
7 47
6 47
6 48
6 49
7 49
7 50
6 50
6 51
6 50
5 50
4 50
4 49
3 49
3 48
4 48
4 47
3 47
2 47
2 48
2 47
3 47
2 47
2 46
2 47
3 47
3 46
3 47
3 48
2 48
2 49
2 50
2 49
1 49
0 49
0 50
1 50
0 50
0 51
1 51
1 52
1 51
1 52
0 52
1 52
1 53
1 52
2 52
2 53
2 52
1 52
1 53
2 53
2 54
1 54
0 54
1 54
1 55
2 55
1 55
2 55
2 56
2 57
2 56
2 57
2 56
3 56
4 56
5 56
6 56
6 57
6 58
7 58
6 58
5 58
5 59
5 60
5 61
6 61
6 62
7 62
7 61
8 61
8 62
8 61
8 60
8 61
8 60
8 61
8 62
8 61
8 62
8 63
9 63
9 64
9 63
8 63
8 64
7 64
8 64
8 65
7 65
8 65
8 66
8 67
7 67
6 67
7 67
6 67
5 67
5 66
5 67
6 67
