0 0
0 1
1 1
1 0
1 1
2 1
2 2
3 2
3 1
4 1
4 0
5 0
6 0
7 0
8 0
8 1
7 1
7 2
7 1
7 0
7 1
7 2
7 3
7 2
7 3
7 2
7 1
6 1
5 1
5 2
6 2
7 2
7 1
8 1
8 2
9 2
8 2
7 2
7 3
6 3
6 4
6 3
6 2
6 3
6 4
7 4
7 5
7 4
6 4
7 4
7 5
7 6
7 5
7 4
8 4
8 5
7 5
6 5
6 4
7 4
6 4
6 3
5 3
5 4
6 4
5 4
5 5
5 4
6 4
6 3
6 4
6 3
6 2
7 2
7 1
7 2
7 3
8 3
7 3
7 4
6 4
6 5
5 5
6 5
6 6
6 5
6 4
5 4
5 5
4 5
3 5
2 5
3 5
2 5
1 5
0 5
1 5
1 4
1 5
2 5
2 4
2 5
2 6
3 6
3 5
2 5
2 4
2 5
1 5
2 5
1 5
1 6
0 6
0 7
0 6
1 6
1 5
1 4
1 3
2 3
2 4
1 4
0 4
1 4
1 3
1 4
1 5
2 5
2 4
3 4
3 3
3 4
3 5
4 5
4 6
4 7
5 7
5 6
5 7
5 8
6 8
6 9
6 8
7 8
8 8
8 9
9 9
8 9
8 8
8 9
9 9
9 8
10 8
10 7
10 8
10 9
10 8
11 8
10 8
9 8
9 9
8 9
8 10
8 11
9 11
9 10
9 9
9 10
9 9
9 8
8 8
7 8
7 7
6 7
5 7
5 8
6 8
5 8
4 8
5 8
6 8
6 7
7 7
6 7
6 8
5 8
5 7
5 6
4 6
4 5
4 6
4 5
4 4
3 4
3 5
4 5
4 4
5 4
6 4
7 4
7 5
7 4
7 5
7 4
7 3
8 3
8 4
8 5
7 5
7 6
8 6
9 6
10 6
10 7
10 8
9 8
9 9
9 10
9 9
8 9
7 9
6 9
6 8
5 8
6 8
5 8
5 9
4 9
4 10
4 11
4 10
4 11
5 11
5 12
5 11
4 11
3 11
3 12
3 13
4 13
4 12
4 11
4 10
4 9
5 9
5 10
5 9
5 10
6 10
5 10
5 11
4 11
3 11
3 10
2 10
2 11
1 11
1 12
1 13
2 13
1 13
0 13
1 13
2 13
1 13
0 13
0 12
0 13
1 13
0 13
1 13
2 13
3 13
4 13
4 12
4 11
4 10
4 11
5 11
5 10
4 10
3 10
3 9
4 9
4 10
4 11
4 10
4 11
4 10
4 9
4 10
4 11
4 10
3 10
2 10
1 10
1 9
1 8
1 9
1 8
1 7
1 6
2 6
2 7
1 7
1 8
0 8
0 9
0 10
1 10
2 10
2 9
2 10
2 11
2 10
1 10
1 9
0 9
1 9
2 9
1 9
1 10
1 9
1 8
2 8
1 8
2 8
2 7
2 8
2 7
3 7
3 6
3 7
4 7
3 7
4 7
5 7
4 7
4 6
4 7
4 6
3 6
2 6
2 5
3 5
2 5
1 5
2 5
1 5
1 4
1 5
1 6
0 6
0 5
0 4
0 5
0 4
0 3
0 2
0 3
1 3
1 4
2 4
3 4
3 5
2 5
2 6
3 6
2 6
1 6
1 7
0 7
1 7
2 7
2 8
2 7
1 7
0 7
1 7
2 7
3 7
3 8
2 8
1 8
2 8
2 7
3 7
3 6
4 6
4 7
5 7
6 7
5 7
6 7
6 6
7 6
7 7
6 7
6 8
6 7
7 7
7 6
8 6
8 5
8 4
8 5
9 5
9 6
10 6
9 6
10 6
10 5
11 5
11 6
11 5
10 5
11 5
11 4
12 4
13 4
14 4
15 4
16 4
17 4
16 4
16 5
17 5
18 5
17 5
17 6
16 6
15 6
15 7
14 7
15 7
15 8
14 8
13 8
13 7
14 7
14 6
15 6
14 6
13 6
13 5
14 5
14 4
14 5
14 4
13 4
13 5
13 6
14 6
14 5
14 6
13 6
13 7
13 8
13 7
13 8
14 8
14 9
15 9
16 9
16 8
17 8
18 8
18 9
18 8
19 8
18 8
17 8
17 7
17 8
17 9
18 9
18 10
18 11
18 12
18 11
18 12
18 11
18 10
18 11
18 10
18 9
19 9
20 9
20 8
19 8
20 8
21 8
22 8
21 8
21 7
22 7
22 6
22 7
23 7
22 7
22 6
23 6
23 7
23 6
23 5
23 6
22 6
22 5
22 6
23 6
23 5
22 5
22 6
23 6
23 5
22 5
23 5
23 6
24 6
24 7
23 7
22 7
23 7
23 8
22 8
21 8
21 7
21 6
21 5
22 5
22 4
22 5
21 5
22 5
22 4
22 5
21 5
21 4
21 3
22 3
21 3
21 2
20 2
19 2
20 2
20 3
20 4
20 3
19 3
20 3
20 4
20 3
20 4
21 4
22 4
22 5
21 5
22 5
22 4
21 4
22 4
21 4
21 5
22 5
22 6
23 6
22 6
23 6
23 5
22 5
23 5
24 5
24 6
24 5
23 5
23 6
24 6
25 6
26 6
26 7
26 8
26 7
26 6
26 7
25 7
26 7
26 8
27 8
28 8
28 9
28 10
28 11
29 11
29 10
30 10
31 10
30 10
30 9
30 8
30 7
30 8
30 9
31 9
32 9
33 9
33 10
34 10
34 9
33 9
32 9
32 10
32 9
32 10
32 11
33 11
33 12
34 12
34 13
34 14
35 14
35 13
35 14
35 13
36 13
37 13
37 12
37 11
37 12
36 12
37 12
36 12
35 12
35 13
34 13
33 13
34 13
35 13
36 13
35 13
34 13
33 13
32 13
32 14
32 13
33 13
33 12
32 12
31 12
31 11
31 10
31 11
32 11
32 10
32 9
32 8
33 8
33 7
33 6
32 6
32 5
32 6
32 5
31 5
31 4
31 5
31 4
31 3
31 2
31 3
30 3
31 3
32 3
32 2
31 2
31 3
30 3
29 3
28 3
28 4
29 4
28 4
29 4
28 4
28 3
27 3
26 3
27 3
28 3
28 2
27 2
27 1
27 2
27 3
26 3
26 4
26 5
27 5
27 4
28 4
28 3
29 3
30 3
31 3
32 3
33 3
33 4
33 3
33 2
32 2
33 2
33 3
32 3
32 2
33 2
34 2
34 1
34 0
34 1
34 2
35 2
34 2
33 2
32 2
33 2
33 1
34 1
33 1
34 1
34 0
34 1
33 1
33 2
34 2
34 3
34 4
34 5
33 5
33 6
32 6
31 6
30 6
30 5
29 5
28 5
28 4
27 4
27 5
28 5
28 6
27 6
28 6
28 5
27 5
26 5
27 5
26 5
26 6
26 5
25 5
26 5
26 6
25 6
25 7
26 7
27 7
27 6
28 6
28 5
29 5
29 4
30 4
29 4
29 5
29 4
28 4
28 5
28 6
29 6
30 6
29 6
28 6
28 5
29 5
28 5
28 6
28 5
29 5
28 5
28 4
27 4
27 5
28 5
29 5
29 6
28 6
29 6
30 6
30 7
29 7
29 6
30 6
31 6
31 5
31 6
31 7
32 7
32 8
31 8
30 8
30 7
29 7
29 6
29 5
29 6
28 6
28 7
29 7
29 6
29 7
28 7
29 7
28 7
29 7
29 8
29 9
28 9
29 9
29 10
29 11
30 11
29 11
29 12
29 13
30 13
30 12
30 13
29 13
29 12
28 12
28 11
29 11
28 11
28 10
28 11
28 12
28 11
27 11
27 10
27 11
27 12
28 12
27 12
27 13
28 13
27 13
28 13
27 13
27 14
27 15
27 14
27 15
28 15
28 16
27 16
28 16
27 16
26 16
26 17
27 17
26 17
27 17
27 18
26 18
26 17
25 17
26 17
25 17
26 17
26 16
26 15
26 16
26 15
27 15
27 16
28 16
29 16
28 16
27 16
28 16
28 17
29 17
29 16
29 15
29 16
29 17
29 18
29 17
29 16
30 16
30 15
30 16
30 15
29 15
29 14
29 13
29 14
29 13
29 14
29 15
29 16
30 16
31 16
32 16
32 17
31 17
32 17
33 17
33 16
33 15
34 15
34 16
35 16
35 15
34 15
34 14
34 13
35 13
35 14
35 15
36 15
35 15
35 14
35 15
35 14
35 13
35 12
34 12
33 12
33 11
33 12
34 12
34 13
35 13
35 14
36 14
36 13
36 14
36 15
36 16
36 15
36 16
36 17
37 17
36 17
37 17
36 17
35 17
35 18
36 18
36 17
35 17
36 17
36 16
35 16
36 16
37 16
36 16
37 16
37 17
36 17
35 17
36 17
35 17
35 16
35 15
35 16
34 16
35 16
35 17
36 17
36 18
37 18
38 18
38 19
37 19
37 20
38 20
38 21
38 20
37 20
37 21
38 21
38 20
37 20
38 20
38 21
39 21
39 22
40 22
39 22
