0 0
0 1
0 2
0 1
1 1
1 2
1 1
1 0
0 0
0 1
0 0
0 1
0 2
0 1
0 0
0 1
0 2
0 3
1 3
2 3
1 3
0 3
0 4
1 4
0 4
0 3
0 2
1 2
0 2
1 2
2 2
2 3
2 4
1 4
2 4
2 5
3 5
4 5
3 5
2 5
3 5
4 5
4 6
5 6
5 7
5 6
5 7
5 8
6 8
5 8
5 7
4 7
3 7
4 7
4 8
4 7
4 8
3 8
2 8
3 8
3 9
3 10
3 11
3 10
4 10
4 11
3 11
4 11
4 10
4 9
4 10
3 10
3 11
4 11
5 11
4 11
4 10
4 9
3 9
3 8
3 7
2 7
1 7
2 7
3 7
4 7
3 7
3 6
2 6
2 7
3 7
4 7
5 7
6 7
5 7
6 7
5 7
4 7
5 7
5 8
5 9
6 9
7 9
7 10
7 11
7 12
8 12
9 12
9 13
8 13
8 14
8 15
8 16
8 15
8 14
7 14
7 13
8 13
8 12
7 12
7 13
7 12
6 12
6 13
6 14
7 14
8 14
8 15
8 14
7 14
7 13
7 12
7 13
7 12
8 12
9 12
8 12
8 13
9 13
9 12
9 11
9 12
9 11
9 12
8 12
9 12
9 13
9 14
10 14
10 13
9 13
10 13
9 13
9 14
9 13
8 13
9 13
9 12
8 12
8 11
8 12
7 12
8 12
9 12
10 12
11 12
12 12
12 11
13 11
14 11
14 10
15 10
15 9
15 8
15 9
15 10
14 10
13 10
12 10
12 9
13 9
14 9
13 9
13 8
12 8
11 8
12 8
13 8
13 7
12 7
11 7
11 6
11 5
12 5
12 4
11 4
12 4
11 4
12 4
12 3
12 4
13 4
12 4
12 3
12 2
12 1
11 1
12 1
12 2
12 1
12 0
11 0
10 0
9 0
9 1
9 2
8 2
9 2
9 1
8 1
8 2
8 1
9 1
9 2
10 2
9 2
8 2
8 1
9 1
10 1
10 2
10 1
10 2
10 1
11 1
11 0
12 0
12 1
12 2
13 2
13 3
12 3
13 3
13 4
13 5
14 5
14 4
14 3
14 2
14 1
14 2
13 2
14 2
13 2
14 2
14 3
15 3
15 2
14 2
13 2
14 2
15 2
14 2
13 2
12 2
12 1
13 1
14 1
14 0
14 1
15 1
15 2
15 1
15 0
15 1
15 0
15 1
16 1
16 0
15 0
15 1
16 1
16 0
17 0
17 1
18 1
19 1
20 1
20 2
20 3
19 3
20 3
21 3
21 2
21 3
21 4
20 4
19 4
20 4
20 5
21 5
21 6
21 5
21 4
21 3
20 3
20 2
20 3
19 3
19 2
20 2
19 2
19 3
20 3
21 3
21 2
21 1
21 0
21 1
20 1
21 1
20 1
20 0
20 1
19 1
20 1
19 1
19 2
20 2
19 2
18 2
17 2
17 3
16 3
17 3
17 4
16 4
16 5
17 5
17 4
16 4
16 5
15 5
14 5
14 6
14 5
14 6
14 5
15 5
15 4
15 5
15 6
16 6
15 6
15 5
14 5
13 5
13 6
12 6
13 6
12 6
11 6
11 7
10 7
10 6
10 5
10 6
10 5
9 5
9 4
9 3
10 3
10 4
9 4
8 4
8 5
9 5
9 4
10 4
10 3
10 4
10 3
11 3
11 4
11 5
11 6
11 7
11 6
11 5
11 6
10 6
10 7
11 7
11 6
11 5
12 5
12 4
13 4
13 5
13 4
13 3
12 3
12 2
12 1
12 2
11 2
10 2
10 3
11 3
11 4
11 5
12 5
12 4
12 3
12 4
12 5
12 6
12 5
13 5
13 4
14 4
15 4
15 3
15 2
15 1
15 0
14 0
14 1
14 2
15 2
15 1
14 1
14 0
15 0
15 1
14 1
14 0
14 1
15 1
16 1
16 2
16 3
16 4
17 4
18 4
18 5
18 6
17 6
17 5
16 5
17 5
18 5
17 5
18 5
19 5
19 4
19 3
19 2
18 2
17 2
17 3
16 3
17 3
17 2
17 1
18 1
19 1
18 1
18 2
18 1
18 0
18 1
19 1
19 0
20 0
20 1
19 1
19 2
19 3
19 2
20 2
20 1
20 2
20 3
21 3
22 3
22 2
22 1
21 1
22 1
22 2
23 2
23 1
23 0
23 1
22 1
21 1
21 0
21 1
20 1
20 2
20 3
21 3
21 4
21 5
21 4
21 5
21 6
21 7
21 6
21 5
22 5
22 4
22 5
22 4
22 3
21 3
21 2
21 1
22 1
23 1
23 0
23 1
22 1
21 1
20 1
21 1
20 1
19 1
19 2
18 2
19 2
18 2
18 3
17 3
17 2
16 2
17 2
17 1
18 1
19 1
18 1
18 0
18 1
19 1
19 0
20 0
19 0
19 1
20 1
21 1
20 1
21 1
21 2
20 2
20 3
20 4
19 4
19 5
18 5
17 5
16 5
16 4
15 4
16 4
16 3
15 3
15 2
16 2
16 3
15 3
14 3
13 3
13 4
13 3
13 4
13 5
13 6
13 5
13 4
14 4
14 5
15 5
16 5
16 6
17 6
18 6
18 5
19 5
18 5
18 6
17 6
17 7
18 7
18 8
17 8
16 8
17 8
17 7
16 7
15 7
15 8
15 7
16 7
17 7
16 7
16 8
16 7
15 7
14 7
15 7
14 7
13 7
14 7
14 6
15 6
16 6
16 7
16 6
16 5
16 6
16 7
17 7
18 7
18 8
19 8
19 9
18 9
18 10
19 10
20 10
19 10
19 9
19 8
19 7
19 6
19 7
19 6
20 6
21 6
20 6
19 6
20 6
20 5
20 6
19 6
20 6
20 5
20 4
21 4
21 3
20 3
21 3
21 4
21 5
22 5
22 4
22 3
22 4
21 4
20 4
21 4
22 4
22 5
23 5
24 5
23 5
22 5
22 6
23 6
23 7
23 6
22 6
22 7
23 7
23 6
24 6
24 5
25 5
25 6
25 5
25 4
24 4
24 3
23 3
24 3
24 4
23 4
23 3
23 4
23 3
24 3
25 3
26 3
26 4
27 4
28 4
28 5
28 6
27 6
27 5
28 5
29 5
29 6
30 6
31 6
31 5
32 5
33 5
34 5
35 5
36 5
37 5
36 5
37 5
38 5
37 5
37 6
37 5
37 6
36 6
36 5
35 5
34 5
34 4
34 5
34 6
33 6
32 6
32 5
33 5
34 5
34 6
34 7
35 7
36 7
37 7
37 8
37 7
36 7
36 6
37 6
37 7
36 7
35 7
35 6
34 6
34 5
34 6
33 6
33 7
33 6
34 6
33 6
33 7
34 7
33 7
33 6
32 6
32 5
31 5
30 5
31 5
32 5
32 6
33 6
34 6
34 5
34 4
35 4
35 5
36 5
36 6
36 5
35 5
35 6
36 6
36 7
37 7
38 7
39 7
39 8
38 8
37 8
38 8
38 9
37 9
37 10
36 10
36 11
37 11
37 12
38 12
38 11
37 11
38 11
37 11
37 10
37 11
37 12
37 13
37 12
38 12
38 11
37 11
37 12
36 12
36 13
36 12
35 12
36 12
36 11
36 10
35 10
34 10
34 9
34 10
35 10
35 9
36 9
37 9
38 9
37 9
37 8
36 8
36 9
35 9
36 9
37 9
37 10
36 10
36 9
35 9
36 9
36 10
37 10
37 9
37 8
36 8
36 7
36 8
35 8
35 7
34 7
34 8
34 7
34 6
33 6
33 5
32 5
33 5
32 5
33 5
34 5
34 4
35 4
36 4
35 4
36 4
37 4
36 4
35 4
35 3
36 3
36 4
36 3
37 3
36 3
35 3
34 3
35 3
36 3
37 3
37 4
38 4
38 3
37 3
37 2
38 2
39 2
39 1
38 1
38 2
38 1
39 1
38 1
39 1
40 1
40 0
40 1
40 2
40 1
40 2
40 1
40 2
40 3
40 2
41 2
41 3
41 4
41 5
40 5
41 5
41 6
42 6
41 6
41 7
40 7
40 6
39 6
40 6
40 5
41 5
40 5
39 5
40 5
41 5
40 5
39 5
40 5
40 6
39 6
38 6
39 6
39 5
39 6
39 7
40 7
41 7
41 6
42 6
41 6
42 6
43 6
44 6
45 6
45 5
45 4
45 5
44 5
45 5
45 6
46 6
45 6
44 6
45 6
45 7
45 8
46 8
47 8
47 7
47 8
47 9
46 9
47 9
48 9
48 8
49 8
50 8
49 8
49 7
50 7
50 6
50 7
50 6
49 6
50 6
50 7
50 8
49 8
48 8
47 8
48 8
48 7
48 6
48 5
49 5
49 6
49 5
48 5
47 5
48 5
49 5
50 5
51 5
50 5
50 6
50 5
49 5
49 6
49 7
48 7
49 7
49 8
49 7
49 6
50 6
49 6
50 6
50 7
