0 0
0 1
0 2
1 2
1 3
1 4
0 4
1 4
1 5
1 6
2 6
3 6
2 6
2 7
2 6
3 6
3 5
3 4
3 3
3 4
3 3
4 3
5 3
6 3
7 3
6 3
5 3
5 2
4 2
4 1
4 0
3 0
3 1
4 1
4 0
5 0
5 1
5 0
5 1
5 0
4 0
5 0
5 1
5 2
4 2
4 3
4 2
4 1
4 2
4 1
3 1
2 1
1 1
1 2
1 3
1 2
2 2
1 2
2 2
2 1
2 2
3 2
3 3
3 4
3 5
4 5
4 4
4 3
3 3
4 3
3 3
4 3
5 3
5 4
5 3
4 3
4 2
3 2
3 3
2 3
1 3
1 4
2 4
2 5
2 6
3 6
2 6
1 6
0 6
1 6
0 6
1 6
2 6
2 7
2 6
3 6
3 7
3 8
2 8
2 7
2 8
2 7
2 8
2 7
3 7
3 6
3 5
3 4
4 4
4 5
4 6
3 6
4 6
3 6
4 6
4 7
4 6
5 6
4 6
5 6
5 7
6 7
6 6
6 7
6 8
6 9
6 10
5 10
5 9
5 10
4 10
4 9
4 8
5 8
6 8
7 8
6 8
6 9
6 8
6 9
7 9
7 8
8 8
9 8
9 7
9 8
8 8
9 8
9 9
9 10
8 10
8 11
8 10
9 10
8 10
9 10
8 10
8 9
7 9
6 9
7 9
7 8
8 8
7 8
7 9
8 9
7 9
8 9
7 9
8 9
8 8
8 7
9 7
9 8
10 8
11 8
11 9
11 8
11 7
12 7
12 6
12 5
12 4
11 4
11 3
11 4
11 3
11 2
10 2
10 1
10 2
11 2
11 3
11 4
11 3
12 3
12 2
11 2
11 3
12 3
12 4
11 4
12 4
13 4
12 4
13 4
14 4
14 3
15 3
15 2
15 3
16 3
17 3
17 2
17 1
16 1
17 1
17 2
16 2
17 2
17 1
18 1
18 0
18 1
19 1
20 1
21 1
20 1
21 1
21 0
21 1
20 1
19 1
18 1
18 0
18 1
18 0
17 0
17 1
16 1
17 1
16 1
16 2
16 1
15 1
15 2
15 3
15 2
16 2
17 2
16 2
16 1
16 2
17 2
16 2
15 2
15 1
16 1
16 2
16 3
17 3
17 2
17 1
16 1
16 2
16 3
15 3
14 3
15 3
15 4
14 4
13 4
12 4
12 5
12 6
13 6
13 5
12 5
12 6
12 7
12 6
12 5
13 5
12 5
12 4
12 3
13 3
14 3
14 2
15 2
15 1
15 2
16 2
16 3
17 3
17 4
17 5
17 6
18 6
17 6
18 6
18 5
18 4
18 5
17 5
17 4
16 4
16 3
16 2
17 2
17 3
18 3
18 2
18 3
19 3
20 3
21 3
21 4
21 3
22 3
22 4
21 4
20 4
20 5
21 5
21 4
22 4
23 4
23 3
23 2
23 3
23 4
22 4
22 3
22 2
22 3
23 3
24 3
24 2
25 2
25 3
26 3
27 3
27 4
28 4
29 4
30 4
29 4
29 3
29 2
30 2
30 3
31 3
30 3
29 3
28 3
27 3
27 4
28 4
28 5
29 5
30 5
29 5
28 5
28 6
29 6
30 6
30 7
29 7
29 8
30 8
29 8
30 8
29 8
29 7
29 6
29 7
29 8
29 7
29 6
29 7
30 7
30 6
30 7
31 7
31 6
31 5
31 4
31 3
31 4
30 4
30 5
31 5
30 5
30 6
30 5
30 4
30 3
30 2
31 2
31 1
31 2
30 2
30 3
30 4
29 4
30 4
29 4
29 5
29 6
29 7
29 8
29 7
30 7
31 7
31 8
31 7
32 7
32 6
32 5
33 5
33 4
34 4
34 3
34 2
35 2
36 2
36 3
35 3
36 3
36 2
36 1
35 1
34 1
34 0
33 0
33 1
33 2
34 2
33 2
32 2
32 3
33 3
34 3
35 3
36 3
36 2
36 1
37 1
38 1
37 1
38 1
38 0
39 0
38 0
38 1
38 2
38 1
37 1
37 2
37 1
38 1
37 1
37 2
36 2
35 2
35 3
34 3
34 4
34 3
33 3
33 2
34 2
35 2
35 1
35 0
35 1
34 1
34 0
35 0
35 1
36 1
36 0
36 1
36 2
36 1
35 1
36 1
37 1
37 0
37 1
37 2
37 3
37 2
37 3
38 3
38 4
38 3
39 3
39 4
39 5
38 5
37 5
37 4
36 4
37 4
38 4
39 4
39 5
38 5
37 5
36 5
35 5
35 6
36 6
36 7
36 8
36 7
36 8
36 7
36 8
36 9
35 9
34 9
33 9
34 9
34 10
33 10
32 10
32 9
31 9
31 8
31 7
31 8
32 8
33 8
34 8
34 7
34 8
35 8
36 8
36 7
36 8
36 9
36 8
36 9
36 8
35 8
34 8
34 9
34 8
35 8
35 7
36 7
35 7
35 6
36 6
36 5
36 4
36 5
36 4
36 3
37 3
37 4
36 4
36 5
36 6
35 6
35 7
34 7
34 6
34 5
33 5
34 5
33 5
33 4
33 3
34 3
34 4
35 4
34 4
33 4
34 4
34 3
34 4
34 5
35 5
35 6
35 7
34 7
34 6
33 6
34 6
33 6
34 6
34 7
35 7
35 8
35 7
34 7
33 7
34 7
35 7
35 6
36 6
37 6
37 7
37 6
37 5
38 5
37 5
36 5
36 4
35 4
34 4
34 3
35 3
36 3
35 3
36 3
37 3
36 3
35 3
35 2
36 2
35 2
34 2
34 1
35 1
34 1
34 0
34 1
35 1
34 1
33 1
32 1
32 2
32 1
32 0
32 1
32 0
31 0
32 0
33 0
34 0
33 0
34 0
33 0
33 1
32 1
32 0
32 1
32 0
33 0
34 0
35 0
34 0
34 1
34 0
35 0
34 0
34 1
35 1
36 1
36 2
36 3
37 3
37 2
37 3
36 3
35 3
34 3
33 3
34 3
34 4
34 5
34 6
35 6
35 7
35 6
34 6
34 7
34 8
35 8
36 8
37 8
37 7
37 6
36 6
36 5
37 5
37 4
38 4
38 3
38 2
38 1
39 1
40 1
40 0
40 1
41 1
41 0
41 1
41 0
40 0
41 0
41 1
40 1
41 1
41 0
41 1
42 1
41 1
41 2
41 1
41 0
41 1
42 1
43 1
42 1
43 1
44 1
43 1
42 1
43 1
44 1
43 1
43 2
42 2
41 2
40 2
40 3
40 2
40 1
41 1
42 1
41 1
42 1
42 0
42 1
42 2
42 1
41 1
40 1
41 1
41 2
42 2
43 2
43 3
43 2
44 2
43 2
44 2
44 1
44 2
44 3
43 3
42 3
43 3
42 3
43 3
43 2
42 2
42 1
42 0
42 1
42 2
42 3
42 4
42 5
42 4
41 4
42 4
42 3
43 3
42 3
43 3
42 3
42 4
42 3
42 4
42 5
42 4
42 5
42 4
42 3
43 3
43 4
43 5
43 6
43 5
42 5
41 5
40 5
40 6
40 5
40 6
40 7
40 6
41 6
40 6
39 6
40 6
41 6
40 6
40 5
39 5
39 4
40 4
40 3
41 3
40 3
39 3
38 3
38 2
38 3
39 3
40 3
40 4
39 4
39 3
39 2
39 3
39 4
38 4
37 4
36 4
35 4
36 4
35 4
34 4
33 4
34 4
34 5
34 6
34 5
34 6
35 6
34 6
34 5
34 4
33 4
32 4
33 4
34 4
34 3
34 2
34 3
35 3
36 3
35 3
36 3
36 4
35 4
35 5
35 6
34 6
35 6
35 7
35 8
35 9
34 9
35 9
35 10
34 10
33 10
34 10
33 10
32 10
31 10
31 11
32 11
32 12
32 11
32 12
32 11
33 11
34 11
33 11
33 12
34 12
35 12
36 12
36 11
36 10
37 10
36 10
36 11
35 11
35 12
34 12
34 11
34 12
35 12
35 13
35 12
36 12
35 12
35 13
34 13
35 13
35 14
34 14
34 15
35 15
36 15
36 14
36 15
36 14
37 14
37 13
37 14
36 14
36 13
36 14
35 14
35 13
35 12
36 12
37 12
37 13
37 12
37 13
37 12
37 13
38 13
37 13
38 13
38 14
39 14
40 14
39 14
38 14
38 13
39 13
39 14
40 14
41 14
40 14
40 15
40 16
40 17
39 17
39 16
40 16
40 15
40 14
39 14
40 14
40 15
40 16
39 16
39 17
39 18
39 17
39 18
38 18
37 18
36 18
37 18
36 18
36 17
37 17
37 16
37 17
38 17
38 18
39 18
38 18
38 17
38 16
37 16
37 17
36 17
35 17
34 17
33 17
33 16
33 15
34 15
34 14
34 15
34 14
35 14
35 15
36 15
36 16
36 15
36 14
37 14
37 15
36 15
36 14
36 15
35 15
35 14
35 15
34 15
34 16
33 16
