0 0
0 1
1 1
1 2
1 3
2 3
3 3
4 3
5 3
4 3
4 4
4 5
5 5
5 6
5 7
6 7
6 6
7 6
8 6
9 6
9 5
8 5
8 6
7 6
7 7
7 6
7 7
8 7
9 7
9 8
10 8
9 8
8 8
8 9
8 10
8 11
8 12
9 12
9 13
10 13
11 13
11 14
11 15
11 14
11 13
11 12
11 11
10 11
10 12
10 11
10 10
11 10
12 10
13 10
14 10
14 11
14 12
13 12
13 11
13 12
12 12
11 12
11 13
10 13
10 14
10 15
10 14
10 15
9 15
10 15
11 15
11 14
11 15
12 15
12 16
13 16
12 16
12 17
13 17
13 16
13 17
13 16
13 15
12 15
12 14
11 14
10 14
9 14
8 14
7 14
7 15
6 15
6 14
7 14
6 14
6 15
7 15
7 16
7 17
8 17
9 17
9 16
8 16
9 16
9 15
9 16
9 15
9 16
9 15
9 16
9 15
9 16
10 16
10 17
10 18
10 17
11 17
11 18
11 17
11 16
10 16
10 15
10 14
9 14
10 14
11 14
11 15
11 16
11 17
12 17
11 17
11 16
12 16
11 16
11 15
12 15
13 15
14 15
14 16
13 16
13 15
14 15
15 15
15 14
15 15
15 14
15 15
15 14
15 13
15 14
15 15
14 15
14 16
13 16
13 17
12 17
11 17
11 18
12 18
11 18
10 18
9 18
9 17
8 17
8 16
8 15
8 14
9 14
10 14
10 15
10 16
11 16
10 16
10 15
10 16
9 16
10 16
10 15
9 15
10 15
9 15
9 14
9 15
9 16
10 16
10 15
11 15
11 16
11 15
11 16
10 16
10 15
10 14
11 14
11 15
11 14
12 14
12 15
12 16
13 16
13 15
12 15
13 15
14 15
13 15
12 15
12 14
12 15
12 14
13 14
12 14
12 13
13 13
12 13
12 12
12 11
12 10
11 10
12 10
11 10
11 11
10 11
10 12
10 13
9 13
8 13
7 13
6 13
7 13
6 13
6 12
5 12
5 11
5 10
5 11
4 11
3 11
3 12
4 12
4 13
4 14
3 14
3 13
2 13
2 14
2 13
2 12
2 13
1 13
1 12
1 13
1 12
1 11
1 10
0 10
1 10
2 10
3 10
3 9
3 10
4 10
4 9
5 9
5 8
5 7
4 7
5 7
5 8
5 9
5 8
6 8
7 8
7 7
8 7
9 7
10 7
9 7
9 6
9 7
9 8
10 8
9 8
8 8
9 8
10 8
10 7
10 8
10 9
9 9
8 9
8 10
8 9
8 8
8 7
9 7
9 6
8 6
7 6
6 6
6 5
5 5
6 5
5 5
5 6
5 5
6 5
7 5
6 5
5 5
5 4
5 5
6 5
5 5
6 5
7 5
7 6
8 6
7 6
7 5
7 6
6 6
7 6
7 5
8 5
7 5
8 5
8 6
8 7
9 7
10 7
11 7
11 8
11 9
12 9
12 8
13 8
13 9
13 8
13 9
13 8
14 8
13 8
14 8
15 8
15 9
16 9
17 9
16 9
16 8
16 7
16 8
16 7
16 6
16 5
16 6
15 6
15 7
16 7
16 8
17 8
17 7
17 6
17 5
17 6
17 5
17 4
17 3
17 2
16 2
16 3
17 3
16 3
17 3
17 2
18 2
18 1
19 1
20 1
19 1
19 2
18 2
19 2
19 3
20 3
20 4
19 4
19 3
19 2
19 1
20 1
20 2
19 2
19 3
19 4
19 3
18 3
18 4
19 4
19 5
19 4
20 4
20 5
19 5
18 5
18 4
18 3
18 2
19 2
19 3
19 4
19 5
20 5
20 4
21 4
22 4
21 4
21 5
20 5
20 6
20 7
19 7
18 7
18 6
18 7
18 6
18 7
19 7
19 8
19 9
20 9
19 9
18 9
19 9
18 9
18 8
19 8
19 9
19 10
19 9
20 9
20 10
20 9
20 10
21 10
21 11
22 11
23 11
22 11
23 11
23 12
23 11
24 11
23 11
22 11
22 10
21 10
21 9
21 10
22 10
23 10
22 10
22 11
22 10
23 10
24 10
25 10
26 10
27 10
28 10
29 10
29 9
29 8
28 8
28 9
28 8
27 8
27 7
28 7
28 8
28 7
27 7
28 7
28 8
27 8
26 8
26 9
26 10
26 9
26 10
26 9
26 10
25 10
24 10
24 9
24 10
25 10
24 10
24 9
24 10
24 9
24 10
24 9
23 9
23 10
23 11
23 10
24 10
24 11
25 11
25 12
25 13
24 13
25 13
25 14
25 15
24 15
25 15
26 15
26 16
26 15
25 15
25 16
25 17
26 17
25 17
25 18
25 17
26 17
26 16
27 16
28 16
28 17
28 16
27 16
27 15
26 15
25 15
24 15
24 16
25 16
25 17
25 16
25 15
26 15
26 14
25 14
24 14
23 14
23 13
23 12
24 12
25 12
24 12
24 11
23 11
23 10
24 10
24 11
23 11
22 11
22 12
21 12
20 12
20 11
20 12
21 12
21 11
21 12
20 12
19 12
18 12
19 12
18 12
18 13
19 13
19 12
20 12
21 12
22 12
22 13
22 14
21 14
22 14
21 14
21 15
20 15
19 15
20 15
19 15
19 16
20 16
19 16
19 17
18 17
19 17
18 17
18 16
19 16
20 16
20 17
21 17
22 17
23 17
23 16
24 16
23 16
23 17
23 16
22 16
23 16
23 15
23 14
23 15
23 14
22 14
23 14
22 14
23 14
22 14
22 15
23 15
22 15
21 15
20 15
19 15
18 15
18 14
18 13
18 14
19 14
20 14
19 14
20 14
20 13
21 13
21 12
20 12
21 12
21 13
21 12
21 13
22 13
23 13
23 12
22 12
21 12
21 11
21 12
22 12
23 12
22 12
21 12
21 11
21 10
21 11
22 11
23 11
23 12
22 12
22 11
22 12
21 12
22 12
22 11
23 11
23 12
22 12
22 13
21 13
21 14
20 14
21 14
21 15
21 16
21 15
21 16
22 16
22 15
22 16
22 17
22 18
23 18
23 19
23 18
22 18
23 18
23 19
24 19
24 20
25 20
25 19
25 18
25 19
26 19
25 19
25 20
24 20
24 21
24 20
24 21
25 21
24 21
25 21
26 21
27 21
27 22
27 23
27 24
27 25
27 26
28 26
28 27
29 27
30 27
31 27
31 28
31 27
30 27
30 26
30 27
30 28
31 28
31 29
32 29
33 29
34 29
34 28
34 29
34 30
34 29
34 28
35 28
35 27
34 27
33 27
34 27
35 27
36 27
36 28
37 28
37 27
36 27
36 26
37 26
37 25
37 24
37 25
37 26
38 26
37 26
36 26
36 25
36 26
37 26
37 25
38 25
38 26
38 27
37 27
38 27
37 27
37 28
37 27
38 27
39 27
38 27
37 27
37 28
37 27
36 27
35 27
34 27
34 26
33 26
33 27
33 26
32 26
33 26
33 27
34 27
35 27
34 27
34 26
34 25
33 25
32 25
32 24
32 23
32 22
31 22
31 21
32 21
32 20
31 20
30 20
29 20
29 21
29 20
29 21
29 20
28 20
28 19
27 19
27 18
27 17
26 17
27 17
28 17
28 18
28 17
27 17
27 18
28 18
28 19
27 19
28 19
29 19
28 19
28 20
29 20
29 19
30 19
30 20
29 20
30 20
30 19
29 19
28 19
28 20
29 20
28 20
28 19
28 20
28 19
28 18
28 17
28 16
27 16
27 17
26 17
27 17
26 17
27 17
28 17
28 18
28 19
28 20
27 20
27 21
28 21
27 21
28 21
29 21
28 21
27 21
26 21
26 22
26 23
25 23
24 23
24 24
25 24
25 25
26 25
27 25
27 26
26 26
26 25
27 25
27 24
26 24
27 24
27 25
27 24
27 23
27 22
27 23
28 23
28 22
28 23
28 24
28 23
28 22
27 22
26 22
26 23
26 24
26 25
26 26
27 26
27 27
28 27
29 27
28 27
28 26
29 26
28 26
28 25
28 26
28 25
28 24
27 24
26 24
27 24
27 23
27 22
26 22
26 21
25 21
24 21
25 21
25 22
25 23
26 23
27 23
27 24
27 23
26 23
25 23
24 23
23 23
23 22
23 21
23 22
23 21
23 20
24 20
24 21
24 22
24 23
24 24
24 23
25 23
25 24
25 23
26 23
26 22
26 23
27 23
27 24
28 24
28 25
28 26
28 25
28 26
28 27
28 28
28 29
27 29
27 28
27 29
28 29
27 29
28 29
28 30
28 29
27 29
27 30
28 30
28 31
28 32
27 32
27 33
28 33
29 33
29 32
29 31
28 31
28 30
28 29
27 29
27 30
27 31
28 31
28 32
29 32
29 31
30 31
31 31
31 30
30 30
30 31
31 31
30 31
30 30
31 30
31 31
32 31
33 31
33 32
33 31
33 32
32 32
31 32
32 32
33 32
32 32
31 32
31 33
30 33
