0 0
0 1
1 1
0 1
0 2
0 1
1 1
1 2
1 1
1 0
1 1
1 2
0 2
1 2
2 2
1 2
0 2
0 3
1 3
0 3
1 3
1 2
1 1
1 2
1 1
0 1
0 2
0 3
0 2
1 2
1 1
2 1
3 1
3 0
3 1
2 1
1 1
2 1
2 0
2 1
2 2
2 3
1 3
2 3
2 4
1 4
1 3
2 3
3 3
3 4
3 5
3 4
3 5
3 4
4 4
5 4
5 5
5 6
5 7
4 7
3 7
4 7
3 7
2 7
3 7
2 7
1 7
1 8
2 8
3 8
2 8
2 9
2 8
2 9
1 9
1 10
1 9
2 9
2 8
3 8
3 7
3 6
3 7
3 8
3 9
2 9
1 9
1 10
1 9
1 8
2 8
1 8
0 8
1 8
1 7
1 8
1 7
0 7
0 8
1 8
1 9
0 9
0 8
1 8
1 9
0 9
1 9
0 9
0 10
0 9
0 10
0 11
0 12
1 12
2 12
1 12
1 13
2 13
1 13
0 13
0 12
0 11
0 12
1 12
1 11
2 11
2 10
2 9
2 8
1 8
0 8
1 8
1 7
1 6
1 7
2 7
1 7
2 7
3 7
2 7
1 7
0 7
0 8
1 8
1 7
1 6
2 6
1 6
1 7
0 7
0 6
0 7
0 8
1 8
0 8
1 8
0 8
0 7
0 8
0 7
1 7
1 6
0 6
1 6
0 6
0 5
0 4
1 4
2 4
2 5
2 4
2 5
2 6
1 6
2 6
2 5
2 4
2 5
1 5
2 5
2 6
2 5
2 4
3 4
3 3
2 3
2 4
3 4
2 4
3 4
3 5
3 6
4 6
5 6
6 6
5 6
6 6
6 7
7 7
8 7
8 8
8 7
8 6
9 6
9 5
8 5
8 6
9 6
10 6
11 6
12 6
12 5
11 5
11 4
12 4
11 4
10 4
9 4
10 4
11 4
11 5
12 5
13 5
14 5
13 5
12 5
12 4
12 3
11 3
11 4
11 3
10 3
10 2
10 1
11 1
12 1
13 1
13 0
13 1
13 0
13 1
13 0
14 0
14 1
14 2
13 2
13 1
13 0
13 1
13 2
13 1
13 2
12 2
11 2
10 2
10 1
11 1
12 1
12 2
12 1
12 2
12 1
11 1
10 1
9 1
10 1
10 0
11 0
11 1
11 2
11 1
11 2
12 2
12 3
12 2
12 1
12 2
12 1
11 1
11 0
11 1
10 1
9 1
8 1
8 0
8 1
9 1
9 2
8 2
8 3
8 2
9 2
10 2
10 3
11 3
11 2
11 3
11 2
11 1
11 0
11 1
12 1
12 2
12 3
13 3
12 3
13 3
13 2
13 3
14 3
14 2
14 1
14 0
14 1
14 2
13 2
14 2
13 2
14 2
14 1
13 1
13 2
13 1
13 0
13 1
13 2
13 1
13 2
13 1
14 1
14 2
15 2
15 1
14 1
14 0
15 0
15 1
15 2
15 3
14 3
13 3
13 4
12 4
12 3
13 3
13 2
13 1
12 1
12 0
11 0
12 0
12 1
13 1
13 0
14 0
14 1
15 1
15 2
15 1
15 0
14 0
13 0
13 1
13 2
13 3
13 4
13 3
13 2
14 2
15 2
16 2
17 2
17 1
17 2
17 1
16 1
16 0
17 0
16 0
16 1
16 2
17 2
17 3
17 2
17 3
16 3
15 3
14 3
14 4
14 5
13 5
13 4
13 5
13 6
13 5
13 4
13 3
13 4
13 5
12 5
12 4
11 4
10 4
11 4
11 3
12 3
12 4
12 3
13 3
13 2
12 2
11 2
12 2
12 1
12 0
11 0
11 1
11 2
11 1
12 1
12 0
11 0
12 0
12 1
12 0
12 1
12 2
11 2
11 1
11 0
10 0
10 1
10 0
9 0
8 0
8 1
8 0
8 1
9 1
9 2
9 3
9 2
8 2
7 2
7 3
7 2
7 3
6 3
7 3
8 3
8 4
8 5
8 6
8 5
7 5
8 5
9 5
8 5
8 6
9 6
9 5
9 6
9 7
8 7
7 7
6 7
7 7
7 8
8 8
8 9
8 8
8 7
7 7
7 8
8 8
8 9
8 10
7 10
7 11
7 10
6 10
6 11
6 12
6 11
6 12
6 11
5 11
6 11
7 11
7 12
7 11
7 12
8 12
9 12
9 13
10 13
9 13
9 12
9 11
9 12
9 13
9 14
9 15
10 15
10 16
11 16
11 17
12 17
11 17
11 16
11 17
11 18
10 18
11 18
10 18
9 18
9 19
10 19
9 19
8 19
8 18
8 19
9 19
9 20
9 21
10 21
10 20
11 20
12 20
13 20
14 20
15 20
15 19
14 19
14 20
14 21
15 21
15 22
16 22
17 22
16 22
17 22
17 23
17 24
16 24
15 24
14 24
13 24
14 24
15 24
14 24
13 24
13 25
13 24
14 24
14 23
14 22
14 21
15 21
15 22
15 23
15 24
14 24
14 23
13 23
12 23
12 24
11 24
10 24
10 23
11 23
11 24
11 23
10 23
11 23
12 23
11 23
10 23
11 23
10 23
10 24
10 25
10 24
10 25
10 26
11 26
11 27
11 26
10 26
10 25
10 26
11 26
12 26
11 26
12 26
12 27
13 27
13 28
12 28
12 29
11 29
10 29
11 29
12 29
13 29
13 30
13 31
13 30
12 30
13 30
12 30
13 30
13 31
12 31
12 30
12 31
12 32
13 32
13 33
13 32
14 32
14 31
13 31
13 30
13 31
12 31
12 32
11 32
10 32
10 31
10 32
10 33
10 34
10 35
11 35
10 35
10 34
11 34
11 35
11 34
12 34
12 35
13 35
14 35
13 35
12 35
13 35
13 36
12 36
12 35
11 35
10 35
9 35
8 35
7 35
7 36
7 35
7 36
6 36
6 37
5 37
5 36
6 36
5 36
5 35
6 35
5 35
5 34
5 35
6 35
5 35
5 36
5 37
5 36
5 37
6 37
6 38
7 38
6 38
5 38
4 38
4 37
5 37
4 37
5 37
6 37
6 36
7 36
8 36
8 37
7 37
8 37
8 38
9 38
9 37
8 37
8 36
9 36
10 36
10 37
10 36
9 36
9 35
8 35
8 36
9 36
10 36
10 37
10 36
11 36
10 36
10 37
10 38
9 38
10 38
10 37
10 36
11 36
10 36
9 36
8 36
9 36
8 36
7 36
7 37
7 38
7 37
7 38
6 38
6 39
7 39
7 40
6 40
6 41
7 41
8 41
8 40
8 39
8 38
7 38
7 37
7 36
7 35
6 35
7 35
7 34
7 35
6 35
6 34
6 35
6 36
6 35
7 35
7 34
8 34
8 35
7 35
8 35
8 36
8 37
9 37
8 37
9 37
9 38
8 38
7 38
6 38
5 38
4 38
5 38
6 38
6 37
6 36
6 35
5 35
6 35
6 36
5 36
4 36
4 35
3 35
3 36
2 36
1 36
1 37
2 37
2 36
3 36
2 36
1 36
1 37
0 37
0 38
0 39
0 40
1 40
2 40
3 40
3 41
4 41
4 42
4 43
4 42
3 42
2 42
2 43
2 42
2 41
3 41
3 40
2 40
3 40
3 39
4 39
3 39
3 38
3 39
3 40
2 40
2 39
2 40
1 40
0 40
1 40
0 40
1 40
2 40
2 41
3 41
3 40
4 40
5 40
4 40
4 39
5 39
4 39
5 39
5 40
5 39
5 38
5 39
5 38
5 39
4 39
4 40
5 40
6 40
5 40
6 40
5 40
5 39
5 40
5 41
6 41
6 42
7 42
8 42
8 43
8 44
8 45
9 45
9 44
8 44
8 43
9 43
10 43
10 42
9 42
10 42
9 42
10 42
11 42
11 41
12 41
13 41
12 41
13 41
13 40
13 41
13 42
13 41
12 41
11 41
11 40
10 40
10 39
9 39
8 39
9 39
10 39
10 40
9 40
10 40
10 41
10 40
10 41
11 41
12 41
12 40
13 40
13 41
13 42
13 41
13 42
14 42
15 42
15 41
15 42
16 42
17 42
17 41
16 41
16 42
16 43
16 42
17 42
17 41
17 40
17 39
18 39
18 40
17 40
17 39
17 40
18 40
18 41
18 40
18 39
19 39
18 39
18 38
18 39
18 38
18 39
18 38
18 37
18 36
17 36
17 35
17 36
17 37
17 36
16 36
16 37
16 36
17 36
17 37
17 38
17 37
17 38
17 37
18 37
19 37
18 37
17 37
16 37
16 38
15 38
14 38
14 37
13 37
13 38
13 37
13 36
13 35
13 36
12 36
13 36
13 35
12 35
11 35
11 34
11 33
12 33
12 32
13 32
13 31
13 30
13 31
14 31
15 31
15 32
15 31
14 31
15 31
15 32
14 32
14 31
15 31
16 31
16 32
16 31
17 31
17 30
16 30
15 30
16 30
15 30
15 31
16 31
