0 0
1 0
1 1
2 1
3 1
2 1
3 1
3 0
3 1
2 1
2 0
2 1
2 2
3 2
4 2
4 1
4 2
4 3
3 3
3 4
2 4
3 4
2 4
3 4
3 5
3 4
4 4
3 4
3 3
3 4
4 4
4 5
4 6
5 6
4 6
5 6
5 5
5 6
5 5
5 6
5 5
4 5
4 6
3 6
2 6
3 6
3 5
2 5
3 5
4 5
4 4
4 5
4 4
4 3
5 3
5 4
4 4
4 5
3 5
3 6
3 5
4 5
5 5
6 5
5 5
6 5
6 4
7 4
7 3
7 4
6 4
6 5
5 5
5 4
5 3
4 3
4 2
3 2
3 1
4 1
5 1
5 0
4 0
5 0
5 1
5 0
5 1
4 1
4 0
4 1
4 2
4 1
4 0
5 0
5 1
5 2
6 2
7 2
7 1
8 1
8 0
7 0
7 1
8 1
7 1
6 1
6 2
6 1
6 0
6 1
7 1
6 1
6 2
6 1
6 2
5 2
6 2
7 2
8 2
8 3
7 3
6 3
6 2
6 1
7 1
8 1
9 1
9 2
9 1
9 2
10 2
9 2
8 2
8 3
8 2
8 3
7 3
8 3
8 4
9 4
10 4
9 4
8 4
8 3
8 2
8 3
9 3
9 2
9 3
9 4
8 4
7 4
6 4
6 5
6 6
6 5
7 5
7 4
7 3
7 4
7 3
6 3
6 2
5 2
4 2
5 2
4 2
5 2
5 3
5 4
5 5
5 4
6 4
5 4
5 3
5 4
4 4
4 5
3 5
4 5
4 6
5 6
6 6
5 6
4 6
4 5
4 4
4 5
4 6
5 6
4 6
5 6
6 6
7 6
6 6
6 7
5 7
5 8
4 8
3 8
4 8
3 8
2 8
2 7
2 8
2 7
3 7
4 7
3 7
4 7
5 7
6 7
7 7
7 8
6 8
6 7
5 7
4 7
4 6
5 6
4 6
3 6
3 5
4 5
3 5
4 5
4 4
4 3
3 3
2 3
3 3
3 2
3 1
3 2
3 1
2 1
2 0
2 1
2 2
3 2
3 3
3 4
3 5
4 5
4 4
5 4
5 5
4 5
3 5
2 5
2 4
1 4
1 3
1 4
1 5
1 6
1 5
0 5
0 6
0 7
1 7
2 7
2 8
3 8
3 9
3 10
3 9
4 9
5 9
5 8
6 8
5 8
4 8
4 7
5 7
4 7
5 7
5 8
5 9
4 9
5 9
5 10
4 10
4 9
4 8
3 8
3 7
2 7
3 7
3 8
2 8
1 8
1 7
1 6
1 5
0 5
0 4
0 5
0 4
0 3
1 3
1 4
1 3
1 2
1 1
0 1
0 0
0 1
1 1
0 1
1 1
2 1
3 1
4 1
4 2
4 1
4 2
4 3
3 3
3 4
3 5
3 4
3 3
2 3
1 3
1 2
2 2
2 1
2 2
3 2
3 3
4 3
4 4
5 4
4 4
5 4
6 4
6 5
6 6
7 6
7 7
7 6
7 7
8 7
9 7
9 8
8 8
9 8
10 8
10 9
10 10
9 10
10 10
10 9
10 10
10 9
9 9
10 9
10 10
10 11
11 11
11 10
12 10
12 11
12 10
13 10
13 9
12 9
11 9
11 10
12 10
13 10
12 10
13 10
14 10
14 11
14 12
14 13
14 12
13 12
14 12
14 13
14 14
14 13
14 14
14 13
14 14
15 14
15 15
16 15
17 15
16 15
17 15
17 14
17 15
17 16
16 16
16 17
16 16
16 15
16 14
17 14
17 15
16 15
17 15
17 14
16 14
17 14
16 14
17 14
17 13
17 14
17 13
17 14
17 13
18 13
18 14
19 14
19 15
19 16
19 17
20 17
20 16
20 17
19 17
19 16
20 16
19 16
19 17
19 18
19 17
19 18
18 18
18 17
18 16
18 17
18 16
17 16
16 16
17 16
17 17
17 16
18 16
18 15
18 14
17 14
16 14
16 15
17 15
18 15
19 15
18 15
18 14
18 15
18 14
19 14
18 14
19 14
19 13
19 12
18 12
18 13
18 12
17 12
17 11
16 11
15 11
15 10
14 10
15 10
14 10
15 10
15 9
15 10
14 10
14 9
15 9
14 9
15 9
15 10
16 10
16 11
17 11
16 11
17 11
17 12
16 12
16 13
15 13
16 13
16 14
16 15
15 15
15 16
15 17
14 17
13 17
12 17
11 17
11 18
11 17
11 18
12 18
13 18
13 19
14 19
13 19
14 19
14 20
15 20
15 19
16 19
16 20
17 20
17 19
17 20
16 20
17 20
18 20
17 20
17 21
17 20
17 21
16 21
16 22
17 22
18 22
19 22
18 22
18 23
18 24
18 25
19 25
20 25
20 24
19 24
19 23
18 23
17 23
16 23
16 22
15 22
14 22
14 21
14 20
14 21
14 20
13 20
13 19
13 18
14 18
14 19
14 18
13 18
14 18
13 18
13 19
12 19
12 18
11 18
10 18
11 18
11 19
11 20
10 20
11 20
11 21
10 21
9 21
8 21
7 21
7 20
7 19
7 20
7 21
6 21
6 22
7 22
6 22
6 23
7 23
7 22
8 22
8 21
8 22
9 22
8 22
7 22
7 23
7 24
8 24
8 23
8 22
7 22
7 21
7 20
7 19
7 18
6 18
6 19
6 20
7 20
8 20
8 19
8 20
9 20
10 20
11 20
10 20
10 21
10 22
11 22
11 23
10 23
10 22
11 22
12 22
12 21
11 21
11 20
11 19
12 19
11 19
11 20
10 20
9 20
9 21
10 21
9 21
10 21
10 22
10 23
10 22
11 22
10 22
11 22
10 22
9 22
10 22
10 21
10 20
11 20
10 20
9 20
9 21
9 20
8 20
7 20
7 21
6 21
7 21
6 21
5 21
5 22
5 23
5 24
6 24
5 24
4 24
4 25
3 25
2 25
2 26
3 26
3 25
3 26
3 25
2 25
3 25
3 24
3 23
3 22
3 21
4 21
4 22
5 22
4 22
4 23
5 23
6 23
5 23
5 24
4 24
4 23
3 23
2 23
2 24
3 24
4 24
4 25
3 25
3 26
2 26
3 26
3 27
3 28
2 28
3 28
2 28
3 28
2 28
2 29
2 30
1 30
1 29
1 30
0 30
1 30
2 30
1 30
0 30
0 29
1 29
0 29
1 29
1 30
1 29
1 30
1 31
1 32
1 33
0 33
1 33
1 32
1 33
1 32
1 33
0 33
0 34
1 34
1 33
1 34
1 33
2 33
1 33
1 34
0 34
0 33
0 34
0 33
1 33
0 33
1 33
1 32
1 31
1 30
0 30
0 31
0 32
0 33
0 34
1 34
1 33
0 33
1 33
0 33
0 32
0 33
0 32
1 32
2 32
1 32
0 32
1 32
1 31
0 31
1 31
1 32
1 33
1 34
0 34
0 33
1 33
1 32
2 32
1 32
0 32
0 31
0 30
1 30
1 31
1 30
2 30
1 30
1 31
2 31
2 32
2 33
2 32
2 31
2 32
1 32
1 33
0 33
0 32
1 32
1 31
2 31
2 30
2 29
3 29
3 28
3 27
2 27
2 28
3 28
3 27
4 27
4 28
3 28
2 28
2 27
2 28
1 28
2 28
1 28
0 28
1 28
0 28
0 29
1 29
2 29
2 28
3 28
3 29
2 29
1 29
2 29
2 28
2 27
2 28
2 29
2 28
2 27
2 26
1 26
1 25
2 25
2 24
2 25
2 26
3 26
3 27
2 27
2 26
1 26
2 26
2 25
1 25
2 25
2 26
2 25
3 25
3 24
3 25
3 26
2 26
1 26
2 26
1 26
1 27
1 26
1 25
2 25
1 25
0 25
1 25
2 25
3 25
3 26
4 26
3 26
3 27
2 27
2 26
3 26
4 26
4 27
4 28
4 27
5 27
5 26
5 25
6 25
5 25
6 25
7 25
6 25
7 25
6 25
6 26
6 25
6 26
5 26
4 26
5 26
5 27
4 27
4 26
4 25
4 24
4 23
4 24
5 24
5 23
5 24
4 24
3 24
3 23
3 22
3 23
3 24
3 23
3 24
4 24
4 25
4 24
4 23
5 23
5 24
4 24
4 23
4 24
3 24
2 24
1 24
0 24
0 23
1 23
1 24
1 23
2 23
2 22
2 21
2 20
3 20
4 20
5 20
5 21
6 21
7 21
8 21
8 22
9 22
9 23
9 24
10 24
9 24
9 23
9 24
9 23
9 22
10 22
11 22
10 22
10 23
11 23
12 23
13 23
12 23
11 23
11 24
10 24
9 24
9 23
8 23
9 23
8 23
8 24
9 24
8 24
8 23
8 22
7 22
7 21
7 20
8 20
8 21
8 20
9 20
9 21
9 20
8 20
7 20
6 20
6 19
6 18
6 19
6 18
5 18
6 18
6 19
5 19
4 19
5 19
5 18
6 18
6 17
7 17
7 16
