0 0
0 1
0 0
0 1
1 1
2 1
2 0
2 1
1 1
1 2
2 2
3 2
2 2
2 1
2 0
3 0
3 1
4 1
5 1
5 0
5 1
5 0
5 1
6 1
7 1
8 1
7 1
7 0
7 1
8 1
9 1
9 2
8 2
8 3
8 4
8 5
8 4
7 4
7 3
6 3
5 3
6 3
6 2
5 2
5 3
6 3
5 3
5 2
5 3
5 2
5 1
6 1
6 0
7 0
6 0
6 1
5 1
5 2
5 3
5 4
4 4
5 4
4 4
4 3
4 2
3 2
4 2
3 2
3 1
3 2
4 2
4 3
4 2
4 3
5 3
5 2
4 2
5 2
6 2
5 2
5 1
5 2
5 3
5 2
4 2
4 1
4 2
4 1
3 1
3 2
3 1
2 1
2 2
2 3
1 3
1 4
1 3
2 3
3 3
4 3
4 2
4 1
3 1
2 1
1 1
0 1
0 0
0 1
1 1
1 0
2 0
2 1
1 1
1 0
1 1
1 2
1 1
2 1
2 0
2 1
3 1
3 0
2 0
1 0
1 1
1 0
0 0
0 1
1 1
1 2
1 1
0 1
0 2
1 2
1 1
2 1
3 1
2 1
3 1
3 2
2 2
3 2
3 1
2 1
2 2
1 2
2 2
1 2
2 2
1 2
0 2
0 3
1 3
1 2
1 1
2 1
2 0
1 0
2 0
3 0
4 0
4 1
5 1
6 1
7 1
6 1
6 0
7 0
8 0
8 1
9 1
10 1
10 2
11 2
12 2
13 2
13 3
13 4
14 4
13 4
14 4
14 3
14 2
15 2
15 3
15 4
14 4
13 4
14 4
13 4
13 3
12 3
12 4
12 3
12 2
12 3
13 3
13 2
13 1
13 0
14 0
13 0
14 0
13 0
12 0
12 1
11 1
12 1
11 1
11 2
10 2
10 1
11 1
11 2
12 2
12 1
13 1
14 1
14 0
15 0
15 1
15 0
15 1
15 2
15 1
15 0
16 0
16 1
16 2
17 2
17 1
18 1
18 2
18 3
19 3
19 2
19 1
19 0
19 1
18 1
18 0
17 0
18 0
17 0
18 0
19 0
18 0
18 1
18 2
17 2
16 2
17 2
17 3
18 3
18 4
19 4
19 5
19 6
19 7
19 6
20 6
20 5
19 5
20 5
20 6
21 6
20 6
19 6
20 6
20 7
20 6
20 5
20 4
21 4
21 3
22 3
21 3
21 4
22 4
23 4
22 4
22 5
21 5
21 6
21 7
22 7
23 7
22 7
22 8
22 7
23 7
24 7
24 8
24 9
24 8
24 7
24 6
25 6
25 5
26 5
26 6
27 6
27 7
27 8
27 9
27 10
26 10
26 9
27 9
26 9
26 10
26 9
26 10
26 9
25 9
25 10
25 9
25 8
25 9
26 9
26 10
26 9
25 9
26 9
25 9
25 8
25 7
24 7
23 7
24 7
24 8
23 8
23 7
24 7
25 7
26 7
26 8
26 9
26 8
25 8
25 7
25 8
26 8
27 8
28 8
28 9
29 9
28 9
29 9
28 9
28 10
29 10
30 10
29 10
29 9
30 9
29 9
30 9
31 9
32 9
31 9
30 9
29 9
30 9
30 8
31 8
31 7
30 7
30 8
31 8
31 9
30 9
31 9
31 8
31 7
31 8
31 7
31 8
31 7
31 8
31 9
30 9
30 10
30 11
30 10
31 10
32 10
32 11
32 12
31 12
31 13
31 12
30 12
30 13
31 13
32 13
31 13
31 12
30 12
30 11
29 11
29 12
28 12
29 12
30 12
29 12
29 11
30 11
30 10
29 10
29 11
30 11
30 10
30 11
30 10
31 10
31 9
31 10
32 10
33 10
32 10
31 10
30 10
30 9
31 9
30 9
30 10
29 10
29 9
29 10
29 9
30 9
31 9
30 9
31 9
30 9
29 9
29 10
29 11
30 11
29 11
28 11
27 11
27 10
28 10
28 9
28 10
28 11
29 11
29 12
29 13
28 13
28 14
28 15
28 14
28 15
28 14
29 14
29 13
29 14
30 14
30 15
30 16
31 16
31 17
31 18
30 18
30 19
30 20
31 20
32 20
32 19
32 18
31 18
30 18
29 18
29 19
30 19
30 18
29 18
29 19
30 19
29 19
29 20
29 19
29 18
30 18
31 18
31 17
32 17
32 18
32 19
31 19
32 19
31 19
31 18
31 17
31 18
30 18
29 18
28 18
29 18
28 18
28 17
27 17
26 17
25 17
25 18
25 19
24 19
25 19
25 20
25 21
25 20
25 21
26 21
26 22
26 21
27 21
28 21
29 21
29 20
29 19
29 20
30 20
30 19
30 20
30 21
31 21
31 20
32 20
32 19
31 19
32 19
33 19
32 19
32 18
31 18
31 17
31 18
32 18
32 19
31 19
32 19
33 19
33 20
32 20
32 21
33 21
33 20
34 20
34 21
34 22
35 22
35 23
35 24
36 24
35 24
36 24
35 24
35 25
34 25
35 25
34 25
34 24
34 23
34 24
34 23
34 24
35 24
35 25
36 25
36 26
35 26
34 26
33 26
33 25
32 25
33 25
32 25
32 26
32 27
33 27
34 27
35 27
36 27
36 26
35 26
35 25
35 24
35 25
35 24
35 25
35 24
35 25
36 25
35 25
34 25
34 26
34 27
34 26
33 26
32 26
32 25
33 25
32 25
33 25
33 24
33 25
33 24
34 24
35 24
35 25
35 26
34 26
34 25
34 24
33 24
32 24
31 24
30 24
31 24
30 24
29 24
30 24
29 24
29 23
28 23
28 22
27 22
27 21
27 22
26 22
27 22
27 21
27 20
27 21
27 20
27 21
27 22
26 22
25 22
25 21
25 22
26 22
25 22
24 22
24 21
23 21
24 21
24 20
24 21
24 22
24 23
24 24
23 24
22 24
22 25
23 25
23 24
22 24
22 23
22 22
21 22
22 22
21 22
20 22
21 22
20 22
20 23
20 22
19 22
19 23
18 23
18 22
18 21
17 21
17 22
17 21
17 20
18 20
18 21
19 21
20 21
20 22
20 23
19 23
18 23
18 22
17 22
18 22
18 23
18 22
18 21
17 21
18 21
18 20
17 20
18 20
18 19
19 19
18 19
19 19
18 19
18 18
18 17
19 17
20 17
19 17
18 17
17 17
18 17
19 17
19 16
20 16
20 17
20 18
21 18
22 18
21 18
22 18
23 18
23 19
23 18
24 18
24 19
23 19
23 20
23 21
24 21
25 21
24 21
23 21
24 21
24 22
23 22
23 21
23 20
23 19
24 19
24 18
24 19
24 20
24 21
24 22
24 21
25 21
25 20
25 19
25 20
26 20
26 21
26 22
27 22
26 22
26 21
27 21
28 21
28 20
28 21
27 21
27 22
27 23
28 23
28 22
28 21
29 21
29 20
28 20
27 20
27 19
28 19
28 20
29 20
30 20
30 21
29 21
30 21
30 20
30 19
29 19
28 19
27 19
26 19
26 18
25 18
25 19
25 20
25 19
25 20
24 20
24 21
24 20
23 20
24 20
24 21
24 20
25 20
26 20
26 21
25 21
24 21
24 22
23 22
24 22
24 23
24 22
23 22
23 21
22 21
22 20
22 21
21 21
22 21
21 21
20 21
20 20
19 20
18 20
19 20
19 21
20 21
20 20
19 20
19 19
18 19
19 19
19 20
18 20
19 20
19 21
18 21
18 22
17 22
17 21
18 21
18 20
18 19
17 19
17 20
17 21
16 21
16 20
16 19
16 20
16 19
16 20
15 20
15 19
16 19
15 19
16 19
16 18
16 19
17 19
17 20
17 21
17 22
17 21
16 21
16 22
17 22
18 22
18 21
18 20
19 20
19 21
19 20
19 21
19 22
19 23
19 24
19 25
19 24
19 23
20 23
21 23
22 23
23 23
24 23
24 22
25 22
25 21
25 20
24 20
25 20
25 21
25 22
24 22
24 23
24 22
23 22
23 21
23 20
23 21
24 21
24 22
25 22
24 22
24 21
24 20
25 20
24 20
24 19
25 19
26 19
26 18
27 18
27 17
27 18
28 18
29 18
29 19
29 20
29 19
29 20
29 19
30 19
31 19
30 19
30 20
30 19
29 19
29 20
29 19
29 18
29 19
29 18
30 18
30 17
29 17
29 16
28 16
28 15
29 15
28 15
29 15
30 15
29 15
30 15
30 14
31 14
31 15
32 15
32 16
31 16
31 17
31 18
31 19
32 19
31 19
32 19
32 20
31 20
30 20
29 20
30 20
30 21
30 20
30 19
31 19
32 19
32 20
32 19
33 19
32 19
32 20
32 19
32 20
32 19
33 19
34 19
34 20
34 21
35 21
34 21
35 21
35 20
35 21
35 22
36 22
37 22
37 23
37 22
38 22
39 22
38 22
39 22
38 22
38 23
38 22
38 23
39 23
38 23
38 22
38 23
38 22
37 22
37 23
38 23
