0 0
1 0
0 0
1 0
0 0
0 1
0 2
0 3
0 2
0 3
0 4
1 4
1 5
0 5
1 5
1 6
1 7
1 8
1 7
1 6
2 6
1 6
1 5
1 6
1 5
2 5
1 5
1 6
0 6
0 5
1 5
2 5
1 5
1 4
1 3
1 4
2 4
1 4
1 3
1 2
1 1
1 2
2 2
2 3
2 4
2 3
3 3
3 4
3 3
3 2
3 1
3 2
3 1
3 0
4 0
5 0
6 0
7 0
6 0
5 0
6 0
6 1
6 0
7 0
6 0
6 1
6 2
7 2
6 2
7 2
6 2
5 2
5 3
5 2
6 2
6 1
6 0
5 0
6 0
5 0
4 0
5 0
6 0
6 1
6 2
5 2
6 2
6 1
6 2
6 1
5 1
5 2
6 2
5 2
5 1
4 1
3 1
4 1
4 0
5 0
6 0
5 0
5 1
5 2
5 3
4 3
4 4
5 4
5 3
5 2
5 1
5 0
6 0
6 1
6 2
7 2
8 2
7 2
7 1
8 1
8 0
9 0
9 1
9 2
10 2
10 1
11 1
11 0
10 0
11 0
10 0
11 0
11 1
10 1
11 1
10 1
10 2
11 2
12 2
12 3
13 3
14 3
14 4
14 5
14 4
13 4
13 3
12 3
13 3
13 4
12 4
13 4
13 5
14 5
13 5
13 4
13 5
13 6
13 7
13 8
13 9
13 8
14 8
14 7
13 7
13 6
13 5
14 5
15 5
15 4
14 4
14 3
15 3
16 3
15 3
15 4
16 4
17 4
18 4
17 4
18 4
19 4
18 4
19 4
18 4
17 4
18 4
18 3
18 4
17 4
17 3
17 2
17 1
17 0
16 0
15 0
14 0
14 1
14 2
14 1
13 1
13 0
14 0
15 0
15 1
15 0
16 0
15 0
15 1
15 2
15 3
14 3
15 3
15 2
14 2
14 3
14 4
14 3
15 3
14 3
15 3
15 4
14 4
14 5
13 5
14 5
13 5
14 5
14 4
15 4
15 3
16 3
15 3
14 3
13 3
13 2
13 3
13 4
12 4
11 4
11 5
11 6
11 5
12 5
13 5
13 4
13 5
13 4
14 4
15 4
15 3
16 3
16 2
16 3
16 2
17 2
16 2
16 3
17 3
17 4
16 4
17 4
17 3
17 4
18 4
18 3
18 2
19 2
19 1
18 1
17 1
17 0
17 1
18 1
19 1
19 0
20 0
20 1
20 0
19 0
18 0
18 1
18 2
18 3
18 4
18 3
18 4
18 5
18 4
19 4
18 4
18 3
18 2
17 2
17 3
16 3
16 4
16 5
16 6
15 6
15 7
16 7
15 7
15 6
15 7
15 8
16 8
17 8
17 9
18 9
19 9
19 10
19 9
19 8
20 8
19 8
20 8
21 8
20 8
20 7
20 8
19 8
19 9
20 9
20 8
20 7
19 7
19 6
18 6
17 6
17 7
17 8
18 8
19 8
19 9
20 9
20 10
21 10
22 10
22 9
23 9
23 8
22 8
22 7
21 7
21 8
20 8
21 8
21 9
22 9
21 9
20 9
19 9
18 9
17 9
16 9
17 9
17 10
17 9
18 9
18 8
19 8
19 7
19 6
19 5
20 5
21 5
22 5
22 4
22 3
21 3
22 3
21 3
22 3
22 2
22 1
22 0
22 1
22 0
23 0
23 1
23 2
24 2
24 3
25 3
26 3
26 4
25 4
25 5
26 5
26 6
27 6
28 6
29 6
28 6
28 5
28 6
28 5
28 4
28 5
29 5
28 5
27 5
27 6
27 5
26 5
25 5
25 4
25 5
25 6
25 7
25 8
26 8
26 9
25 9
26 9
27 9
27 10
27 9
27 10
28 10
28 11
28 12
27 12
28 12
28 11
29 11
29 10
30 10
30 11
30 12
30 11
30 10
30 11
30 10
30 11
31 11
31 12
31 11
30 11
31 11
32 11
33 11
34 11
34 10
34 11
35 11
35 12
35 11
36 11
36 12
36 11
35 11
34 11
34 10
34 11
34 12
34 13
35 13
36 13
36 12
36 13
36 14
36 15
37 15
38 15
39 15
39 16
40 16
39 16
39 15
39 16
39 15
39 16
40 16
40 15
40 14
41 14
40 14
39 14
40 14
39 14
38 14
37 14
38 14
39 14
38 14
38 15
38 16
38 17
39 17
39 18
39 17
38 17
37 17
37 18
37 19
38 19
39 19
38 19
38 18
38 17
38 18
38 19
39 19
39 18
38 18
37 18
37 17
37 16
38 16
38 17
39 17
38 17
38 16
37 16
38 16
37 16
38 16
39 16
39 15
39 14
38 14
38 15
38 14
37 14
38 14
39 14
40 14
40 15
40 14
40 13
41 13
42 13
42 14
42 13
42 14
42 15
42 14
43 14
43 13
43 14
43 13
44 13
45 13
45 14
45 13
46 13
47 13
47 14
46 14
45 14
46 14
46 13
45 13
44 13
44 12
44 11
45 11
45 10
45 9
44 9
43 9
43 10
43 11
43 10
43 9
43 10
43 9
43 8
42 8
42 7
41 7
40 7
40 6
39 6
38 6
39 6
40 6
40 5
40 4
41 4
41 5
41 4
41 5
41 6
42 6
42 5
42 6
43 6
44 6
44 5
45 5
46 5
45 5
45 4
46 4
45 4
45 5
44 5
43 5
43 6
43 7
42 7
43 7
44 7
44 8
45 8
45 7
45 8
45 9
44 9
43 9
43 8
43 7
43 8
43 7
43 6
44 6
44 7
45 7
45 8
46 8
46 7
47 7
46 7
46 6
45 6
45 5
45 4
44 4
45 4
45 5
45 4
45 5
46 5
46 4
46 3
47 3
47 4
48 4
48 3
49 3
49 4
48 4
48 5
47 5
46 5
45 5
44 5
45 5
44 5
44 4
43 4
43 3
43 2
42 2
42 3
41 3
41 4
41 3
41 2
40 2
39 2
39 3
39 4
38 4
39 4
40 4
40 3
40 4
40 5
40 4
41 4
40 4
40 3
40 2
40 3
40 4
39 4
40 4
40 3
40 4
41 4
41 3
41 2
41 1
40 1
40 0
41 0
40 0
40 1
40 0
40 1
39 1
39 0
39 1
39 0
40 0
40 1
40 0
40 1
41 1
40 1
40 0
41 0
40 0
40 1
40 2
40 1
39 1
40 1
40 0
41 0
42 0
43 0
44 0
44 1
43 1
42 1
41 1
42 1
41 1
41 2
40 2
39 2
39 1
39 2
39 1
38 1
38 2
39 2
39 3
40 3
39 3
38 3
38 4
38 5
38 6
38 5
38 4
37 4
36 4
35 4
35 5
35 6
36 6
35 6
35 5
35 6
34 6
35 6
34 6
35 6
35 7
35 8
35 7
34 7
34 8
35 8
35 7
34 7
34 8
34 7
34 8
35 8
35 7
34 7
34 8
35 8
35 7
36 7
37 7
38 7
39 7
40 7
40 6
40 5
40 4
40 3
39 3
40 3
40 2
41 2
41 1
40 1
39 1
39 0
40 0
41 0
41 1
42 1
42 0
42 1
41 1
41 2
40 2
40 1
39 1
39 2
39 3
39 2
40 2
40 3
39 3
39 4
38 4
39 4
39 3
40 3
40 4
41 4
41 5
41 4
41 5
41 6
40 6
40 5
39 5
38 5
37 5
37 4
37 3
36 3
36 2
36 3
36 2
37 2
36 2
35 2
35 1
34 1
34 2
33 2
33 1
32 1
32 0
32 1
32 0
32 1
31 1
32 1
31 1
31 0
32 0
32 1
33 1
32 1
33 1
33 2
33 1
33 2
33 3
33 4
33 3
33 4
33 5
32 5
33 5
32 5
32 6
33 6
33 5
33 6
33 7
33 6
34 6
34 5
33 5
32 5
32 4
33 4
33 5
33 6
33 7
33 8
33 7
33 6
34 6
34 5
35 5
35 4
35 5
36 5
37 5
36 5
36 6
36 5
36 6
35 6
36 6
37 6
36 6
36 5
35 5
34 5
34 4
33 4
33 3
34 3
33 3
34 3
35 3
35 2
35 1
35 2
36 2
36 1
37 1
38 1
38 2
38 1
38 2
39 2
39 3
38 3
39 3
39 2
39 1
38 1
37 1
36 1
35 1
34 1
34 0
33 0
33 1
32 1
32 2
33 2
32 2
32 3
32 4
32 5
33 5
34 5
35 5
34 5
35 5
35 4
35 3
36 3
36 4
36 5
35 5
34 5
33 5
32 5
32 6
33 6
33 7
33 6
33 7
32 7
31 7
31 8
32 8
32 9
32 10
33 10
33 11
33 12
32 12
33 12
34 12
34 11
34 12
34 13
34 12
33 12
33 13
33 12
32 12
32 11
31 11
32 11
31 11
30 11
30 12
31 12
31 11
32 11
32 12
32 13
31 13
31 14
31 15
30 15
30 14
30 13
31 13
31 12
32 12
31 12
31 11
30 11
29 11
29 10
28 10
29 10
