0 0
1 0
2 0
2 1
2 0
2 1
2 2
1 2
0 2
0 1
1 1
0 1
1 1
1 2
2 2
1 2
0 2
1 2
2 2
2 1
1 1
0 1
1 1
2 1
1 1
1 2
0 2
0 1
1 1
2 1
2 2
1 2
2 2
1 2
1 1
0 1
0 0
1 0
1 1
1 0
1 1
1 2
1 1
1 0
2 0
2 1
1 1
0 1
0 2
0 1
1 1
0 1
0 0
1 0
2 0
2 1
2 2
2 1
3 1
2 1
3 1
4 1
4 2
3 2
3 3
2 3
2 2
1 2
1 3
1 2
2 2
2 3
2 4
1 4
0 4
0 3
1 3
1 2
1 3
0 3
0 4
1 4
0 4
1 4
1 5
1 6
1 5
2 5
2 6
2 7
3 7
3 8
3 9
3 8
4 8
3 8
2 8
3 8
3 7
3 8
2 8
2 9
2 10
1 10
1 9
2 9
3 9
2 9
1 9
0 9
0 10
1 10
1 11
2 11
2 10
2 9
2 8
3 8
3 9
3 10
2 10
2 11
2 10
2 11
3 11
4 11
3 11
4 11
4 12
4 11
4 12
4 11
3 11
2 11
2 12
2 13
3 13
3 12
3 11
4 11
4 12
3 12
3 11
4 11
4 12
3 12
2 12
3 12
3 13
2 13
2 14
2 13
3 13
3 12
2 12
1 12
1 13
1 14
1 15
1 14
0 14
1 14
1 15
2 15
1 15
0 15
1 15
2 15
3 15
2 15
1 15
0 15
1 15
2 15
1 15
1 14
0 14
1 14
2 14
1 14
1 13
1 14
2 14
1 14
0 14
1 14
2 14
2 13
2 12
3 12
4 12
4 13
5 13
4 13
3 13
3 14
3 15
2 15
2 14
1 14
0 14
0 13
0 14
1 14
0 14
1 14
1 15
1 16
1 15
1 14
0 14
0 13
1 13
1 14
1 13
1 12
2 12
1 12
1 13
0 13
1 13
2 13
1 13
2 13
1 13
1 12
1 13
1 12
1 11
1 10
2 10
1 10
1 11
0 11
1 11
0 11
1 11
2 11
2 12
1 12
0 12
0 13
0 12
1 12
0 12
1 12
0 12
1 12
2 12
2 11
3 11
2 11
3 11
3 10
3 9
3 8
2 8
2 9
1 9
2 9
2 10
2 11
1 11
1 12
0 12
0 11
0 10
1 10
2 10
2 11
2 12
1 12
2 12
1 12
0 12
0 13
0 14
0 13
1 13
1 12
2 12
1 12
1 13
1 12
1 13
0 13
1 13
0 13
0 14
1 14
1 15
1 16
1 17
0 17
0 16
0 17
1 17
1 18
1 19
1 18
1 17
0 17
0 16
0 15
0 16
0 15
1 15
1 14
2 14
2 15
1 15
2 15
2 16
1 16
1 17
2 17
2 16
3 16
3 17
3 16
4 16
5 16
6 16
6 17
5 17
4 17
5 17
5 18
5 17
6 17
6 18
6 19
6 18
7 18
7 19
6 19
6 20
5 20
6 20
6 19
5 19
6 19
7 19
6 19
6 18
6 19
5 19
5 20
5 19
6 19
7 19
6 19
6 18
5 18
5 19
4 19
5 19
4 19
5 19
5 20
6 20
7 20
7 19
7 18
7 19
8 19
8 18
8 19
7 19
7 20
7 21
8 21
8 22
9 22
9 21
10 21
10 22
10 21
11 21
11 20
12 20
13 20
14 20
15 20
15 21
16 21
15 21
14 21
15 21
14 21
14 20
14 21
14 20
14 19
15 19
15 20
15 19
15 20
15 21
15 22
16 22
16 23
16 22
17 22
17 21
18 21
17 21
17 20
17 19
17 18
17 19
17 18
16 18
16 17
16 18
15 18
16 18
16 19
16 18
17 18
16 18
16 19
15 19
14 19
13 19
13 18
13 17
14 17
15 17
15 18
15 17
15 16
14 16
14 17
15 17
15 18
15 19
14 19
13 19
13 18
13 19
14 19
13 19
14 19
14 18
15 18
16 18
15 18
15 19
14 19
14 18
13 18
13 17
12 17
12 16
12 15
13 15
12 15
13 15
14 15
13 15
13 16
12 16
11 16
11 17
11 18
11 17
11 16
12 16
11 16
10 16
10 17
9 17
9 16
9 15
9 14
9 13
8 13
7 13
8 13
8 12
8 11
8 12
8 13
8 14
8 15
8 14
9 14
8 14
9 14
9 15
9 14
10 14
10 13
9 13
8 13
8 12
9 12
8 12
9 12
9 13
10 13
10 12
10 13
11 13
12 13
13 13
14 13
14 14
14 13
15 13
15 12
15 13
14 13
13 13
14 13
15 13
15 14
15 15
16 15
16 14
16 15
16 14
16 15
17 15
17 16
17 15
16 15
15 15
16 15
16 14
16 13
16 14
16 15
17 15
18 15
18 14
17 14
18 14
18 13
19 13
19 12
19 13
18 13
18 14
18 13
19 13
19 12
19 13
20 13
20 12
20 11
20 12
19 12
19 13
18 13
18 14
18 15
18 16
18 15
19 15
20 15
20 14
20 15
21 15
21 16
22 16
21 16
21 15
22 15
22 16
21 16
21 15
21 16
22 16
22 17
22 18
22 19
22 18
22 19
21 19
21 20
20 20
21 20
20 20
20 19
21 19
21 20
21 19
20 19
20 18
20 17
19 17
18 17
18 16
17 16
17 17
18 17
17 17
18 17
19 17
19 18
19 17
18 17
17 17
17 18
18 18
18 19
19 19
19 18
19 17
20 17
20 18
21 18
21 17
20 17
20 16
19 16
19 17
20 17
19 17
19 16
18 16
18 15
18 14
18 13
18 14
18 15
19 15
20 15
20 16
20 15
20 16
21 16
21 17
21 18
21 19
20 19
20 20
19 20
19 19
19 20
18 20
18 21
18 22
18 21
17 21
18 21
17 21
17 20
18 20
18 21
18 22
18 23
18 22
18 23
19 23
20 23
19 23
19 22
19 23
19 24
18 24
17 24
18 24
19 24
18 24
18 23
18 22
19 22
18 22
18 21
17 21
18 21
17 21
18 21
18 22
17 22
18 22
18 23
19 23
20 23
21 23
21 22
22 22
23 22
23 23
22 23
22 22
22 21
22 22
21 22
22 22
23 22
24 22
24 21
24 20
23 20
22 20
22 21
21 21
21 20
20 20
20 19
19 19
19 20
19 19
19 18
18 18
18 19
19 19
19 18
19 19
19 20
19 19
19 20
20 20
19 20
20 20
21 20
21 21
21 22
21 21
21 22
21 23
21 22
21 23
20 23
19 23
20 23
21 23
21 24
21 23
20 23
20 24
20 23
21 23
20 23
20 24
19 24
19 23
18 23
18 24
19 24
19 23
20 23
20 22
20 23
20 22
20 21
21 21
22 21
21 21
21 22
21 21
20 21
20 22
20 21
20 20
20 21
21 21
22 21
23 21
24 21
25 21
25 22
26 22
26 21
26 22
25 22
25 21
24 21
24 20
23 20
22 20
22 19
22 18
22 17
22 18
22 17
22 16
23 16
23 15
23 16
23 17
22 17
23 17
24 17
23 17
23 18
23 17
24 17
23 17
23 18
23 19
23 20
24 20
23 20
23 19
23 18
23 17
23 16
24 16
24 17
24 16
25 16
26 16
27 16
26 16
26 15
25 15
25 16
26 16
27 16
27 17
27 16
27 15
27 14
26 14
27 14
27 13
27 12
27 11
27 10
27 9
26 9
26 8
26 9
27 9
26 9
26 10
26 11
25 11
26 11
27 11
26 11
26 10
27 10
27 11
27 12
27 13
27 14
27 15
26 15
26 14
27 14
26 14
26 15
27 15
27 16
28 16
29 16
29 17
28 17
28 16
27 16
27 17
28 17
28 16
28 15
28 16
28 15
28 14
29 14
28 14
28 13
28 12
28 13
28 12
29 12
28 12
27 12
26 12
25 12
26 12
26 11
25 11
25 10
26 10
25 10
26 10
27 10
27 11
28 11
28 12
29 12
28 12
28 11
28 10
28 11
29 11
29 12
29 13
28 13
29 13
30 13
29 13
29 12
29 13
29 12
28 12
28 11
28 10
28 11
27 11
26 11
26 12
26 11
26 10
25 10
26 10
27 10
27 11
27 12
27 13
27 12
26 12
26 11
27 11
27 10
26 10
26 9
26 8
25 8
24 8
23 8
23 7
23 6
24 6
25 6
24 6
25 6
25 5
26 5
27 5
27 6
28 6
29 6
30 6
31 6
32 6
33 6
33 5
33 6
33 5
33 4
33 5
32 5
32 4
31 4
31 3
31 4
31 5
31 4
32 4
32 3
31 3
31 2
31 3
31 4
31 3
31 4
31 5
31 6
30 6
30 7
30 6
31 6
31 5
31 6
31 5
31 4
31 5
31 4
31 5
30 5
30 4
31 4
32 4
32 3
31 3
31 4
30 4
29 4
30 4
31 4
32 4
33 4
34 4
34 5
35 5
34 5
33 5
32 5
32 6
32 5
32 4
33 4
34 4
33 4
