0 0
1 0
0 0
1 0
0 0
1 0
2 0
2 1
2 2
3 2
3 3
3 4
3 3
4 3
3 3
3 2
3 3
3 4
3 5
3 6
3 5
3 4
2 4
1 4
2 4
3 4
2 4
1 4
2 4
2 5
1 5
2 5
2 6
2 5
3 5
3 6
3 7
3 8
3 7
2 7
1 7
1 8
1 9
1 8
2 8
1 8
1 7
1 6
0 6
0 7
1 7
2 7
2 8
1 8
1 9
0 9
1 9
0 9
1 9
0 9
1 9
1 10
2 10
2 11
2 12
2 11
2 12
1 12
2 12
1 12
0 12
1 12
1 13
1 14
0 14
0 15
1 15
0 15
1 15
0 15
1 15
0 15
1 15
0 15
1 15
1 14
1 15
1 16
0 16
1 16
1 17
2 17
2 18
2 17
3 17
3 16
4 16
4 17
3 17
2 17
2 16
2 15
2 16
2 15
3 15
4 15
4 14
3 14
3 15
3 14
2 14
2 15
2 16
2 15
2 16
3 16
4 16
5 16
6 16
5 16
5 15
6 15
6 16
6 17
6 18
6 19
7 19
6 19
5 19
5 20
6 20
6 21
7 21
7 22
7 21
7 20
6 20
6 21
7 21
8 21
7 21
6 21
6 20
5 20
4 20
4 21
4 20
3 20
4 20
4 21
4 20
4 19
5 19
6 19
6 20
6 19
5 19
4 19
4 18
4 19
3 19
2 19
3 19
4 19
4 20
4 21
5 21
5 22
5 21
5 20
5 19
6 19
7 19
8 19
8 18
9 18
8 18
8 19
9 19
10 19
9 19
9 18
8 18
8 19
8 20
8 21
8 22
8 21
8 20
8 21
7 21
8 21
8 20
8 19
9 19
9 18
10 18
10 19
9 19
8 19
8 20
8 19
7 19
7 20
7 21
7 22
7 21
7 22
7 21
7 22
8 22
9 22
8 22
7 22
7 23
6 23
5 23
5 24
5 23
6 23
5 23
4 23
4 24
4 23
4 24
4 25
5 25
4 25
3 25
4 25
4 26
5 26
4 26
3 26
3 25
2 25
1 25
2 25
2 26
1 26
1 27
1 28
0 28
0 29
1 29
0 29
1 29
2 29
2 28
2 29
2 28
2 27
1 27
0 27
1 27
1 26
1 27
1 28
1 27
0 27
0 26
1 26
1 27
1 28
1 29
1 28
0 28
1 28
1 29
1 30
0 30
1 30
1 29
2 29
2 28
1 28
2 28
2 27
1 27
1 26
1 27
2 27
3 27
4 27
3 27
4 27
4 28
5 28
5 29
5 30
4 30
5 30
5 29
4 29
5 29
6 29
5 29
6 29
5 29
4 29
3 29
3 30
4 30
4 29
5 29
4 29
4 30
4 31
4 30
3 30
2 30
2 29
2 28
2 27
3 27
2 27
3 27
4 27
3 27
3 28
3 27
2 27
3 27
3 28
3 29
4 29
4 28
5 28
5 29
5 30
6 30
6 29
6 28
7 28
6 28
6 29
5 29
5 30
6 30
5 30
5 31
5 32
6 32
7 32
8 32
7 32
7 33
7 34
6 34
7 34
6 34
7 34
6 34
5 34
5 35
4 35
5 35
4 35
4 36
4 37
4 36
4 37
5 37
4 37
4 36
4 35
3 35
4 35
3 35
4 35
4 36
4 37
4 38
4 37
5 37
5 38
5 37
4 37
4 36
4 37
3 37
2 37
2 38
3 38
2 38
3 38
2 38
2 39
1 39
0 39
1 39
1 40
0 40
1 40
2 40
2 41
3 41
2 41
1 41
0 41
0 42
1 42
1 41
1 42
2 42
3 42
3 41
2 41
2 40
1 40
2 40
2 41
2 40
2 41
2 40
3 40
2 40
1 40
0 40
0 41
1 41
0 41
1 41
1 40
1 41
0 41
0 42
1 42
0 42
0 43
1 43
2 43
2 44
2 43
3 43
4 43
5 43
5 42
5 43
6 43
6 44
7 44
6 44
5 44
5 45
6 45
7 45
8 45
8 44
8 43
8 42
8 41
8 40
9 40
8 40
7 40
8 40
8 41
8 40
8 39
8 38
9 38
9 39
9 40
10 40
9 40
9 41
10 41
10 42
9 42
8 42
7 42
7 43
7 42
6 42
6 41
5 41
6 41
6 42
7 42
7 41
6 41
7 41
6 41
7 41
8 41
7 41
7 40
8 40
8 41
7 41
8 41
8 40
8 39
8 40
8 39
8 38
7 38
6 38
5 38
6 38
6 39
5 39
6 39
7 39
7 38
8 38
8 37
7 37
8 37
8 36
8 37
8 36
8 35
7 35
7 36
7 37
7 38
6 38
7 38
8 38
8 39
9 39
9 40
9 41
8 41
9 41
9 42
8 42
8 43
8 42
7 42
7 43
7 44
6 44
5 44
4 44
3 44
4 44
4 43
4 42
3 42
3 43
4 43
5 43
5 44
6 44
7 44
8 44
9 44
9 45
8 45
8 44
9 44
9 43
8 43
8 42
8 41
7 41
7 40
6 40
7 40
8 40
7 40
7 39
6 39
6 38
6 37
6 36
7 36
7 37
6 37
7 37
6 37
6 36
6 35
6 36
7 36
7 35
6 35
6 36
5 36
5 37
6 37
7 37
6 37
7 37
8 37
9 37
9 38
9 37
10 37
9 37
10 37
9 37
10 37
9 37
9 36
8 36
7 36
7 37
8 37
8 36
8 35
8 36
9 36
9 37
10 37
10 36
10 35
11 35
10 35
10 36
10 35
10 36
10 35
11 35
12 35
13 35
13 34
14 34
13 34
13 35
14 35
13 35
12 35
12 36
12 35
12 34
13 34
12 34
13 34
13 35
12 35
12 36
11 36
11 37
11 36
12 36
12 37
13 37
12 37
12 36
12 37
13 37
14 37
14 36
13 36
14 36
15 36
15 37
15 36
14 36
14 35
14 36
14 37
15 37
16 37
16 36
15 36
16 36
16 35
17 35
18 35
19 35
19 36
18 36
17 36
17 35
17 36
17 37
17 36
16 36
16 35
15 35
15 36
16 36
16 37
16 38
16 39
15 39
15 38
16 38
15 38
15 39
15 40
16 40
17 40
18 40
17 40
16 40
17 40
17 41
16 41
16 40
16 39
15 39
15 38
15 37
14 37
14 36
14 37
13 37
14 37
14 36
15 36
16 36
17 36
18 36
19 36
20 36
20 37
20 38
19 38
19 37
18 37
18 38
17 38
17 37
16 37
15 37
16 37
16 38
16 39
16 38
17 38
17 39
17 38
18 38
17 38
17 37
16 37
16 38
17 38
18 38
18 37
18 36
19 36
19 37
20 37
21 37
22 37
22 36
21 36
21 35
22 35
21 35
21 36
22 36
21 36
21 37
21 38
20 38
21 38
20 38
20 39
21 39
22 39
23 39
23 38
24 38
24 39
24 38
24 39
23 39
23 38
24 38
23 38
24 38
23 38
23 39
24 39
23 39
23 38
22 38
22 39
21 39
21 38
21 37
22 37
22 38
21 38
21 37
21 38
20 38
19 38
19 37
19 38
20 38
20 37
20 36
20 37
20 38
20 39
20 40
19 40
20 40
21 40
21 41
20 41
20 42
20 43
20 44
20 43
21 43
20 43
20 44
20 45
21 45
21 44
20 44
21 44
21 43
22 43
22 44
21 44
21 43
20 43
19 43
18 43
18 42
19 42
18 42
17 42
16 42
16 43
16 42
15 42
16 42
17 42
16 42
15 42
15 41
16 41
17 41
16 41
15 41
15 40
15 39
16 39
16 40
16 41
16 42
16 43
15 43
16 43
16 44
15 44
16 44
15 44
16 44
15 44
15 45
15 44
14 44
15 44
16 44
17 44
17 45
16 45
16 46
16 47
16 48
17 48
17 47
16 47
16 48
16 49
15 49
15 50
14 50
13 50
13 49
13 48
13 49
12 49
12 50
12 51
11 51
11 50
11 49
12 49
11 49
11 48
11 47
11 48
11 47
10 47
10 46
11 46
10 46
10 47
9 47
10 47
10 48
9 48
9 49
9 48
8 48
8 47
8 48
8 49
9 49
8 49
8 50
8 51
8 50
7 50
7 51
8 51
9 51
8 51
8 52
8 53
9 53
9 52
9 53
9 52
9 53
10 53
10 54
11 54
10 54
11 54
10 54
11 54
11 53
10 53
10 54
10 53
10 54
10 55
10 54
9 54
9 53
8 53
8 54
8 53
7 53
6 53
6 54
7 54
8 54
7 54
7 53
6 53
5 53
5 52
4 52
5 52
5 53
5 54
6 54
6 53
7 53
7 54
8 54
7 54
6 54
7 54
6 54
6 55
6 54
6 53
5 53
4 53
3 53
3 54
2 54
3 54
3 53
3 52
2 52
3 52
3 51
2 51
2 50
3 50
3 49
4 49
4 48
4 49
4 50
3 50
2 50
3 50
3 51
2 51
1 51
1 50
1 51
1 50
0 50
0 49
1 49
0 49
0 50
1 50
1 51
0 51
