0 0
1 0
1 1
0 1
0 0
0 1
0 2
0 1
1 1
2 1
2 2
3 2
4 2
4 1
3 1
4 1
4 0
4 1
4 2
4 1
3 1
2 1
2 0
1 0
2 0
1 0
0 0
1 0
0 0
0 1
1 1
0 1
1 1
1 0
1 1
1 0
2 0
3 0
3 1
3 2
3 3
3 4
3 3
2 3
2 2
1 2
1 3
0 3
1 3
1 2
1 1
0 1
1 1
0 1
0 0
0 1
0 2
0 1
1 1
1 2
2 2
1 2
0 2
1 2
0 2
1 2
2 2
2 1
3 1
2 1
2 2
1 2
1 1
1 2
1 1
2 1
3 1
3 2
2 2
3 2
4 2
3 2
4 2
3 2
3 1
3 0
3 1
4 1
5 1
5 2
5 1
4 1
4 0
4 1
4 0
5 0
6 0
6 1
6 2
6 1
7 1
8 1
9 1
9 2
9 3
9 4
9 3
9 4
9 5
9 6
8 6
7 6
8 6
8 5
8 6
8 7
9 7
10 7
11 7
11 6
11 7
11 6
11 5
11 6
11 7
11 6
12 6
12 5
12 4
11 4
11 5
11 6
11 7
11 6
11 7
11 8
11 7
10 7
10 6
9 6
8 6
8 5
8 6
7 6
8 6
8 7
8 8
8 7
7 7
8 7
7 7
7 6
8 6
8 5
8 4
7 4
7 3
7 4
7 5
6 5
6 6
5 6
5 5
4 5
4 4
4 3
4 4
4 3
5 3
5 4
5 5
4 5
4 4
4 3
4 4
4 3
4 4
4 5
5 5
6 5
7 5
7 6
6 6
5 6
4 6
4 7
5 7
6 7
6 8
7 8
7 9
7 10
7 11
7 12
8 12
9 12
10 12
10 13
10 14
10 15
10 14
9 14
9 13
9 14
10 14
10 15
11 15
10 15
10 14
9 14
10 14
9 14
10 14
11 14
12 14
12 13
13 13
13 14
13 15
13 14
13 15
12 15
12 14
13 14
13 15
13 14
13 13
13 12
13 11
13 12
12 12
13 12
13 13
14 13
14 12
14 13
14 12
14 13
15 13
16 13
15 13
16 13
16 14
16 15
16 16
17 16
18 16
19 16
19 17
19 16
18 16
17 16
18 16
19 16
20 16
21 16
20 16
20 17
20 16
20 17
19 17
19 18
19 19
19 18
20 18
20 17
20 18
20 19
20 20
20 19
21 19
21 20
21 19
20 19
19 19
18 19
17 19
18 19
19 19
20 19
20 20
20 19
21 19
21 18
22 18
22 19
23 19
24 19
23 19
24 19
24 20
24 21
24 22
24 21
23 21
24 21
25 21
25 22
25 23
26 23
27 23
26 23
25 23
25 24
26 24
25 24
25 25
26 25
26 24
25 24
25 23
24 23
25 23
26 23
26 22
27 22
26 22
26 23
26 22
26 23
26 22
27 22
26 22
26 23
26 24
27 24
28 24
28 25
29 25
29 26
29 27
29 26
29 25
30 25
30 24
29 24
28 24
28 25
27 25
27 24
27 25
28 25
28 24
29 24
30 24
29 24
29 25
30 25
31 25
30 25
30 24
29 24
29 25
29 24
29 25
30 25
30 26
29 26
29 27
30 27
30 26
31 26
31 25
32 25
31 25
31 24
31 23
31 22
31 21
32 21
31 21
31 22
31 23
30 23
29 23
29 24
28 24
27 24
27 23
28 23
29 23
29 24
29 23
28 23
28 22
28 23
29 23
29 22
28 22
28 21
27 21
28 21
28 20
29 20
28 20
29 20
29 19
29 18
28 18
27 18
27 17
27 18
26 18
27 18
27 19
27 20
27 21
27 20
26 20
26 21
26 22
25 22
25 21
24 21
23 21
23 22
22 22
22 23
22 24
23 24
24 24
23 24
23 25
24 25
24 26
24 27
23 27
22 27
22 26
22 27
21 27
20 27
20 26
20 25
20 26
21 26
21 25
22 25
21 25
21 26
22 26
23 26
22 26
22 27
21 27
21 26
21 27
20 27
20 26
21 26
22 26
21 26
21 27
22 27
22 26
23 26
22 26
22 25
23 25
24 25
24 26
25 26
25 25
25 26
26 26
27 26
27 27
26 27
26 26
26 25
26 24
26 25
26 26
27 26
27 27
27 26
27 27
27 26
26 26
27 26
27 27
28 27
29 27
28 27
28 28
28 29
28 30
27 30
27 29
27 30
28 30
28 29
28 30
29 30
28 30
27 30
28 30
28 29
28 30
28 29
27 29
26 29
26 28
26 27
27 27
26 27
26 26
26 25
27 25
28 25
27 25
26 25
26 24
25 24
24 24
23 24
24 24
23 24
23 25
24 25
24 24
24 23
24 24
25 24
24 24
24 25
24 24
24 23
25 23
24 23
25 23
25 22
25 21
26 21
26 20
27 20
27 19
28 19
28 18
28 17
29 17
29 18
28 18
29 18
28 18
29 18
30 18
29 18
30 18
29 18
28 18
28 17
28 18
27 18
28 18
28 17
28 16
28 17
29 17
30 17
29 17
30 17
29 17
30 17
29 17
29 16
30 16
30 15
30 16
29 16
29 17
29 16
30 16
29 16
29 15
29 16
30 16
29 16
30 16
29 16
30 16
29 16
28 16
29 16
29 15
29 16
29 17
29 18
30 18
30 19
31 19
31 20
31 21
32 21
32 22
32 23
33 23
32 23
32 24
32 23
32 22
31 22
32 22
32 21
32 22
32 23
31 23
30 23
30 22
31 22
30 22
30 23
30 22
30 23
30 22
30 23
29 23
29 22
29 23
28 23
29 23
28 23
29 23
29 22
29 23
30 23
30 22
30 21
30 22
31 22
32 22
32 23
32 22
32 23
31 23
31 24
31 25
32 25
32 24
32 25
33 25
32 25
32 24
32 23
32 22
32 21
33 21
33 20
32 20
32 19
32 20
33 20
33 21
33 22
33 21
33 20
34 20
34 21
34 20
33 20
32 20
31 20
32 20
33 20
33 19
34 19
35 19
34 19
35 19
34 19
35 19
34 19
35 19
36 19
35 19
36 19
35 19
35 20
35 21
35 22
35 23
34 23
34 22
34 23
33 23
33 22
33 23
34 23
34 22
34 23
35 23
36 23
36 24
35 24
36 24
35 24
36 24
37 24
36 24
35 24
36 24
36 25
37 25
38 25
39 25
39 24
39 25
38 25
38 26
38 27
38 26
38 25
37 25
37 24
37 25
37 24
38 24
38 23
38 22
37 22
36 22
36 23
36 22
36 21
37 21
37 22
36 22
37 22
37 21
38 21
38 20
39 20
39 21
40 21
39 21
40 21
39 21
40 21
40 22
40 23
40 24
41 24
40 24
39 24
38 24
39 24
40 24
40 23
40 24
41 24
40 24
40 25
40 24
40 25
41 25
41 24
41 23
40 23
41 23
41 24
42 24
41 24
42 24
41 24
41 23
40 23
39 23
38 23
38 22
38 21
37 21
37 20
37 21
37 22
36 22
36 21
36 20
36 21
36 22
37 22
37 21
37 20
36 20
36 19
36 18
36 19
36 18
35 18
34 18
35 18
35 17
34 17
33 17
34 17
34 16
34 15
35 15
35 14
36 14
35 14
36 14
37 14
37 13
38 13
39 13
38 13
38 14
39 14
40 14
41 14
40 14
40 15
40 16
39 16
38 16
38 15
38 14
39 14
39 13
38 13
39 13
39 14
40 14
41 14
40 14
41 14
40 14
41 14
40 14
39 14
39 13
39 12
40 12
39 12
38 12
37 12
37 13
38 13
38 14
37 14
36 14
36 13
36 14
35 14
34 14
33 14
33 13
32 13
32 14
31 14
31 13
32 13
31 13
31 12
30 12
30 13
30 12
30 11
29 11
30 11
31 11
31 12
30 12
30 13
30 12
29 12
29 13
29 14
30 14
30 13
29 13
29 12
29 13
30 13
29 13
28 13
28 14
29 14
30 14
30 15
30 16
29 16
29 15
28 15
27 15
27 16
27 17
26 17
25 17
25 18
25 17
25 16
24 16
24 15
23 15
23 14
22 14
21 14
22 14
22 13
23 13
23 14
23 15
23 14
22 14
22 15
21 15
20 15
20 14
21 14
21 13
22 13
22 12
21 12
20 12
20 11
19 11
19 10
20 10
20 9
19 9
19 10
19 11
20 11
19 11
19 12
19 11
19 10
20 10
20 11
20 12
21 12
21 11
21 12
20 12
19 12
19 11
18 11
19 11
20 11
20 12
20 11
21 11
21 10
21 11
21 10
22 10
21 10
22 10
22 11
21 11
22 11
21 11
21 10
22 10
22 11
22 10
21 10
22 10
21 10
21 9
21 10
21 9
22 9
22 8
21 8
20 8
20 9
19 9
20 9
20 10
19 10
19 11
19 12
18 12
19 12
20 12
20 11
20 10
19 10
18 10
18 9
19 9
18 9
17 9
18 9
19 9
19 10
19 9
20 9
19 9
20 9
21 9
21 8
20 8
20 9
21 9
21 10
21 9
21 8
