0 0
0 1
0 0
0 1
1 1
2 1
1 1
2 1
1 1
1 0
0 0
1 0
1 1
2 1
3 1
4 1
5 1
6 1
7 1
7 0
6 0
6 1
6 2
7 2
6 2
7 2
7 1
8 1
8 0
8 1
9 1
10 1
9 1
8 1
9 1
9 0
9 1
10 1
10 0
10 1
10 2
10 1
9 1
10 1
9 1
9 2
10 2
9 2
9 3
10 3
10 4
10 3
10 2
10 3
9 3
10 3
9 3
9 2
9 3
10 3
9 3
9 2
9 3
10 3
10 4
10 3
10 2
10 3
9 3
8 3
8 4
9 4
9 5
9 4
8 4
7 4
6 4
6 3
5 3
4 3
3 3
3 2
2 2
2 3
3 3
4 3
4 2
4 1
4 2
4 3
4 2
4 3
4 4
4 5
4 4
5 4
4 4
5 4
5 5
4 5
4 4
3 4
3 5
2 5
1 5
1 4
2 4
3 4
2 4
3 4
4 4
4 5
4 4
4 5
4 6
3 6
2 6
2 5
2 6
3 6
3 7
2 7
3 7
3 8
3 7
4 7
4 6
4 5
3 5
4 5
5 5
6 5
5 5
4 5
4 4
3 4
4 4
3 4
3 3
3 4
3 3
2 3
2 4
3 4
4 4
4 5
4 4
4 5
3 5
4 5
4 4
4 3
3 3
3 2
3 3
2 3
2 4
2 3
3 3
2 3
2 4
1 4
0 4
0 3
0 2
0 3
0 4
0 3
0 4
0 5
0 4
0 5
0 6
1 6
1 5
0 5
1 5
0 5
0 4
1 4
1 3
1 2
2 2
2 3
1 3
1 2
0 2
1 2
1 1
1 2
0 2
1 2
1 3
0 3
0 2
0 3
0 4
1 4
1 3
1 2
0 2
1 2
0 2
0 1
0 2
1 2
1 3
1 2
1 1
0 1
1 1
2 1
2 0
2 1
3 1
4 1
3 1
3 2
3 1
3 0
2 0
1 0
1 1
1 2
0 2
1 2
2 2
2 1
2 0
3 0
3 1
2 1
2 0
3 0
4 0
5 0
6 0
6 1
7 1
7 2
7 1
6 1
5 1
5 0
5 1
6 1
6 2
7 2
6 2
7 2
6 2
6 3
5 3
5 2
4 2
4 3
4 4
5 4
6 4
6 5
6 6
5 6
5 7
6 7
5 7
5 8
5 9
5 10
4 10
3 10
3 11
4 11
4 12
5 12
5 13
5 12
5 13
5 12
4 12
4 11
5 11
4 11
3 11
4 11
4 12
4 13
4 12
3 12
4 12
4 13
5 13
5 14
4 14
5 14
5 13
6 13
5 13
5 14
5 15
5 16
5 15
5 16
4 16
3 16
2 16
1 16
1 15
0 15
0 16
1 16
2 16
2 15
1 15
1 16
1 17
0 17
0 16
1 16
2 16
1 16
2 16
3 16
3 17
3 18
3 19
4 19
3 19
3 20
4 20
5 20
5 19
6 19
7 19
6 19
7 19
7 20
7 19
8 19
8 20
9 20
10 20
9 20
9 19
10 19
10 20
9 20
10 20
10 19
11 19
12 19
11 19
10 19
11 19
12 19
12 20
11 20
11 19
12 19
13 19
12 19
12 20
12 21
12 22
12 21
11 21
10 21
11 21
11 22
11 23
11 22
10 22
10 23
10 22
10 23
10 22
11 22
11 23
10 23
11 23
10 23
9 23
10 23
11 23
10 23
9 23
10 23
10 24
10 23
10 24
9 24
10 24
11 24
11 23
12 23
11 23
10 23
10 24
9 24
10 24
9 24
8 24
7 24
7 25
8 25
7 25
7 26
8 26
7 26
7 27
7 28
7 29
7 28
7 27
6 27
6 26
6 25
7 25
6 25
6 26
6 27
7 27
6 27
7 27
6 27
5 27
5 28
4 28
3 28
3 27
2 27
2 28
1 28
1 29
1 28
1 27
1 26
0 26
0 25
0 26
0 25
1 25
1 24
1 23
1 24
1 25
1 24
0 24
0 25
1 25
0 25
0 26
0 25
0 26
1 26
1 27
1 26
1 27
0 27
0 28
0 27
0 28
0 29
1 29
1 28
1 27
0 27
0 26
1 26
2 26
1 26
0 26
1 26
2 26
1 26
0 26
1 26
0 26
1 26
1 27
1 26
0 26
0 27
1 27
0 27
1 27
1 26
0 26
0 25
0 24
0 25
0 24
1 24
2 24
3 24
3 23
3 22
2 22
2 23
2 24
2 23
2 24
2 25
2 26
1 26
1 27
2 27
3 27
4 27
4 28
4 29
4 28
4 27
4 28
4 29
4 30
4 29
4 28
4 29
5 29
5 28
5 27
5 26
5 27
5 28
4 28
3 28
2 28
1 28
2 28
2 29
2 28
2 29
2 30
2 31
2 32
1 32
1 33
1 34
0 34
0 33
1 33
0 33
0 32
0 31
1 31
2 31
2 30
1 30
1 31
1 32
2 32
3 32
2 32
1 32
2 32
1 32
2 32
1 32
0 32
0 33
1 33
1 32
1 31
0 31
0 30
0 31
0 32
1 32
2 32
1 32
1 33
1 32
2 32
3 32
3 31
3 30
4 30
3 30
4 30
4 31
4 32
3 32
2 32
3 32
3 33
4 33
4 32
5 32
5 33
4 33
3 33
2 33
2 34
2 35
2 34
1 34
1 33
2 33
2 32
2 31
1 31
0 31
0 30
0 29
0 30
1 30
1 31
0 31
1 31
2 31
2 30
2 31
2 30
1 30
1 31
0 31
1 31
1 30
0 30
1 30
0 30
1 30
2 30
1 30
0 30
1 30
1 29
1 28
1 29
1 30
1 31
1 32
1 33
1 34
1 35
1 34
0 34
1 34
1 35
1 34
2 34
2 33
1 33
2 33
2 34
2 35
3 35
2 35
2 34
2 33
2 32
2 33
2 34
1 34
0 34
0 33
0 34
0 33
1 33
1 32
1 31
1 32
1 31
1 30
1 31
0 31
1 31
0 31
1 31
1 32
0 32
0 31
1 31
2 31
3 31
3 32
2 32
2 31
3 31
4 31
3 31
3 30
3 29
2 29
2 30
3 30
3 31
3 32
3 33
2 33
2 32
2 31
2 32
2 31
3 31
4 31
3 31
4 31
4 30
5 30
4 30
4 29
4 28
5 28
5 29
6 29
6 28
5 28
5 27
5 26
5 25
6 25
5 25
6 25
6 24
5 24
5 23
4 23
5 23
4 23
5 23
4 23
3 23
2 23
3 23
2 23
2 22
2 23
3 23
4 23
3 23
3 22
4 22
5 22
6 22
6 21
6 20
6 19
6 18
6 19
7 19
7 18
7 17
7 18
7 19
6 19
6 18
6 17
7 17
7 18
7 17
8 17
8 18
8 19
7 19
6 19
6 18
6 19
6 20
5 20
5 21
5 20
6 20
6 19
6 18
7 18
6 18
6 19
7 19
8 19
7 19
8 19
8 20
8 19
9 19
8 19
7 19
7 20
6 20
5 20
5 19
5 20
5 21
5 22
5 23
6 23
5 23
4 23
4 24
4 25
4 26
3 26
4 26
3 26
2 26
3 26
3 25
3 26
4 26
4 27
4 28
4 27
5 27
6 27
6 26
6 27
7 27
7 26
6 26
7 26
8 26
9 26
9 27
9 26
10 26
9 26
10 26
10 27
10 28
9 28
9 29
9 28
9 27
9 26
8 26
8 27
9 27
10 27
10 26
10 25
11 25
12 25
12 26
12 27
13 27
13 26
13 25
13 26
13 27
12 27
11 27
10 27
9 27
8 27
7 27
8 27
8 26
9 26
9 25
9 26
9 27
9 26
8 26
9 26
9 25
8 25
7 25
7 26
8 26
7 26
8 26
8 27
8 26
9 26
8 26
7 26
6 26
7 26
8 26
7 26
8 26
9 26
9 27
9 28
10 28
9 28
8 28
9 28
9 29
8 29
8 28
8 27
9 27
10 27
10 28
10 29
10 30
10 29
9 29
9 28
10 28
11 28
11 29
11 28
12 28
11 28
11 27
11 28
11 27
11 28
12 28
11 28
10 28
9 28
10 28
10 29
10 28
11 28
11 27
10 27
10 26
11 26
11 25
10 25
9 25
9 24
9 25
8 25
7 25
8 25
9 25
9 24
9 25
9 24
9 23
9 22
10 22
10 23
10 24
11 24
11 23
11 24
11 23
11 24
11 25
10 25
10 24
10 23
11 23
12 23
12 24
13 24
14 24
14 25
15 25
16 25
15 25
14 25
14 24
14 23
14 22
14 23
14 24
14 25
15 25
14 25
15 25
15 26
15 27
16 27
16 28
16 27
16 26
17 26
18 26
17 26
16 26
17 26
17 27
16 27
16 26
17 26
16 26
15 26
15 25
16 25
17 25
17 26
16 26
15 26
14 26
14 27
14 28
14 27
15 27
15 28
15 29
15 28
16 28
17 28
17 29
16 29
16 28
15 28
16 28
15 28
15 29
16 29
17 29
17 30
