0 0
1 0
1 1
0 1
0 2
1 2
0 2
0 3
0 4
0 3
1 3
1 2
0 2
1 2
1 3
1 4
0 4
0 5
0 4
0 5
1 5
1 4
0 4
1 4
1 5
1 4
1 5
1 4
2 4
2 3
3 3
4 3
4 4
3 4
3 3
2 3
3 3
2 3
3 3
2 3
3 3
3 4
3 5
2 5
2 4
1 4
2 4
2 3
2 2
2 3
3 3
4 3
3 3
3 2
2 2
2 3
1 3
0 3
1 3
1 4
0 4
1 4
1 5
2 5
3 5
2 5
2 6
2 5
1 5
2 5
1 5
1 4
2 4
2 3
1 3
2 3
1 3
2 3
2 2
2 1
3 1
3 2
2 2
3 2
4 2
4 3
3 3
4 3
5 3
5 2
4 2
4 1
4 2
3 2
3 3
2 3
2 2
3 2
4 2
4 1
5 1
6 1
7 1
6 1
5 1
5 2
6 2
5 2
5 1
5 0
5 1
5 2
5 3
4 3
4 2
4 1
4 2
3 2
4 2
5 2
4 2
3 2
4 2
5 2
5 3
4 3
5 3
5 2
5 3
4 3
4 2
3 2
3 1
4 1
4 0
4 1
3 1
3 2
2 2
2 1
3 1
4 1
4 0
5 0
6 0
7 0
8 0
8 1
8 0
9 0
8 0
8 1
9 1
10 1
9 1
10 1
9 1
10 1
11 1
11 2
10 2
10 1
11 1
11 2
11 3
10 3
10 4
11 4
12 4
11 4
12 4
12 3
11 3
10 3
9 3
9 2
8 2
7 2
6 2
6 1
6 0
6 1
6 0
5 0
6 0
6 1
6 2
6 1
7 1
7 2
7 3
8 3
9 3
9 2
9 3
8 3
8 4
8 5
8 4
9 4
9 5
9 4
8 4
9 4
10 4
9 4
10 4
9 4
9 3
10 3
10 4
9 4
10 4
10 5
9 5
8 5
8 6
7 6
8 6
9 6
9 7
9 6
9 5
9 4
10 4
9 4
9 5
10 5
10 6
10 7
9 7
9 6
10 6
11 6
10 6
9 6
8 6
9 6
10 6
10 7
11 7
11 8
12 8
12 9
12 10
12 9
13 9
13 8
12 8
11 8
10 8
11 8
12 8
12 7
12 6
12 5
12 6
13 6
12 6
11 6
11 5
12 5
11 5
11 6
12 6
12 7
12 6
13 6
14 6
15 6
16 6
16 5
15 5
14 5
14 6
14 5
15 5
16 5
16 6
17 6
18 6
17 6
17 5
17 4
17 3
16 3
15 3
14 3
15 3
15 4
15 3
15 2
14 2
14 3
15 3
16 3
17 3
17 2
17 3
18 3
18 2
17 2
17 3
16 3
17 3
17 2
16 2
16 3
16 2
17 2
17 3
16 3
16 2
15 2
15 3
15 4
16 4
16 5
16 6
17 6
17 5
17 4
16 4
17 4
17 3
17 4
18 4
18 5
17 5
16 5
17 5
16 5
16 6
16 7
16 8
15 8
16 8
15 8
14 8
15 8
14 8
14 7
14 8
15 8
16 8
15 8
15 7
15 6
15 7
16 7
17 7
17 6
17 7
16 7
16 8
16 7
15 7
16 7
16 8
15 8
16 8
15 8
15 9
16 9
16 8
16 7
15 7
16 7
17 7
17 8
17 9
17 10
17 11
16 11
15 11
16 11
17 11
18 11
18 12
18 11
19 11
19 12
19 11
18 11
19 11
20 11
20 10
20 11
20 10
21 10
21 9
22 9
22 10
22 11
22 10
21 10
21 9
20 9
20 8
20 9
20 8
20 9
19 9
20 9
20 10
20 11
19 11
20 11
19 11
18 11
18 10
18 11
18 12
19 12
19 11
20 11
21 11
21 10
20 10
20 9
20 8
20 9
20 10
20 9
20 8
20 9
20 8
20 9
19 9
18 9
19 9
18 9
18 10
18 9
18 8
18 9
17 9
17 10
17 9
16 9
16 8
16 7
17 7
17 6
16 6
16 7
15 7
15 6
15 5
14 5
14 4
14 3
14 4
13 4
13 5
12 5
12 4
12 5
12 4
12 3
11 3
11 2
11 1
12 1
12 0
13 0
13 1
14 1
14 2
15 2
14 2
14 1
13 1
13 2
14 2
14 1
14 0
14 1
13 1
14 1
14 0
13 0
13 1
13 2
13 3
13 2
13 3
13 2
14 2
14 3
14 4
14 5
13 5
13 6
13 5
14 5
14 4
14 3
15 3
14 3
13 3
13 4
13 5
13 4
13 3
13 4
13 5
13 4
12 4
12 5
12 6
11 6
11 7
12 7
12 6
12 7
13 7
13 6
13 5
14 5
14 6
15 6
16 6
16 5
16 4
16 3
15 3
16 3
16 4
15 4
16 4
17 4
16 4
16 5
16 4
15 4
16 4
16 5
16 6
16 7
15 7
15 6
15 5
15 6
15 5
16 5
16 6
15 6
15 7
14 7
13 7
13 8
12 8
13 8
14 8
13 8
12 8
12 7
12 8
12 9
13 9
14 9
14 10
14 11
13 11
13 10
13 9
13 10
14 10
14 11
13 11
14 11
15 11
16 11
17 11
17 12
18 12
18 11
17 11
17 10
18 10
19 10
20 10
21 10
21 9
20 9
19 9
20 9
21 9
21 8
21 7
22 7
22 8
21 8
21 7
21 8
20 8
20 7
20 6
19 6
20 6
20 5
20 4
20 5
20 6
19 6
19 7
20 7
21 7
20 7
21 7
21 6
22 6
21 6
20 6
20 7
19 7
20 7
19 7
20 7
20 6
21 6
20 6
20 7
21 7
20 7
19 7
19 8
19 9
18 9
19 9
20 9
20 8
19 8
19 7
18 7
18 8
18 9
17 9
17 10
16 10
17 10
17 9
17 8
17 9
17 8
17 7
17 8
17 9
17 10
16 10
17 10
17 9
16 9
15 9
14 9
14 10
14 9
13 9
13 8
12 8
12 9
13 9
12 9
12 8
13 8
13 7
13 8
13 7
13 6
14 6
15 6
16 6
17 6
17 5
17 4
18 4
18 5
19 5
19 4
19 3
20 3
20 4
20 3
20 2
20 3
20 4
20 3
20 2
21 2
20 2
20 1
21 1
21 2
21 3
20 3
19 3
20 3
20 4
21 4
20 4
20 5
20 6
19 6
18 6
19 6
19 5
19 6
18 6
19 6
19 7
19 8
19 9
20 9
20 8
20 9
19 9
19 10
20 10
21 10
21 9
22 9
22 10
22 9
23 9
23 10
22 10
21 10
22 10
23 10
24 10
24 11
23 11
23 10
24 10
24 9
24 10
23 10
24 10
24 9
24 10
24 9
23 9
24 9
25 9
25 10
24 10
24 11
23 11
24 11
25 11
25 10
25 11
26 11
25 11
25 12
25 13
26 13
26 12
26 11
27 11
27 10
27 9
26 9
26 8
25 8
24 8
23 8
22 8
22 7
23 7
24 7
25 7
26 7
25 7
26 7
26 6
26 5
25 5
25 4
25 5
26 5
27 5
28 5
28 4
29 4
28 4
28 5
29 5
29 6
29 5
29 4
30 4
29 4
30 4
30 5
31 5
31 6
31 7
31 6
30 6
29 6
28 6
28 5
28 6
28 7
29 7
29 8
30 8
30 9
30 10
30 9
30 8
30 7
30 6
31 6
32 6
33 6
33 7
33 6
33 7
34 7
33 7
33 6
32 6
32 7
32 6
31 6
31 7
30 7
29 7
28 7
28 8
29 8
30 8
31 8
30 8
29 8
28 8
29 8
29 7
30 7
30 8
30 7
31 7
30 7
30 8
30 9
30 8
30 7
30 6
30 5
29 5
29 6
30 6
31 6
31 5
32 5
32 6
32 7
33 7
34 7
34 8
35 8
36 8
35 8
34 8
33 8
34 8
34 9
34 10
33 10
32 10
32 11
33 11
32 11
32 10
32 9
32 8
32 9
32 8
32 7
31 7
31 6
32 6
32 5
31 5
30 5
30 4
30 5
30 6
29 6
29 7
29 6
28 6
29 6
29 7
29 6
29 5
28 5
27 5
27 4
27 3
28 3
28 4
29 4
28 4
28 3
28 4
28 3
28 2
28 1
29 1
30 1
30 2
31 2
31 1
31 0
31 1
30 1
30 0
31 0
31 1
30 1
31 1
32 1
32 0
31 0
31 1
31 2
30 2
30 3
29 3
29 2
29 1
28 1
27 1
28 1
28 2
28 3
28 4
28 5
28 6
29 6
28 6
27 6
28 6
29 6
29 7
29 8
30 8
31 8
32 8
31 8
30 8
31 8
30 8
30 7
29 7
30 7
31 7
32 7
33 7
33 6
34 6
34 7
34 8
34 7
34 8
35 8
35 7
36 7
36 8
36 9
37 9
38 9
37 9
37 8
37 7
37 8
38 8
38 7
38 6
37 6
38 6
39 6
39 5
40 5
40 4
40 5
40 4
40 5
39 5
38 5
38 6
37 6
36 6
36 7
36 8
35 8
