0 0
0 1
0 2
1 2
2 2
3 2
2 2
2 3
1 3
1 2
1 1
2 1
3 1
3 2
3 1
3 0
3 1
3 0
4 0
5 0
6 0
6 1
5 1
5 0
5 1
6 1
6 2
5 2
6 2
6 1
5 1
4 1
4 0
5 0
5 1
5 2
5 3
6 3
6 2
6 1
7 1
8 1
9 1
9 0
9 1
8 1
9 1
9 0
9 1
9 2
9 3
9 4
9 5
8 5
8 4
7 4
7 3
6 3
7 3
8 3
8 2
8 3
7 3
6 3
5 3
4 3
5 3
5 2
5 3
5 4
6 4
5 4
5 3
6 3
6 2
6 1
7 1
8 1
9 1
9 2
9 1
10 1
11 1
12 1
12 2
13 2
12 2
12 3
11 3
11 4
11 3
12 3
11 3
11 2
12 2
13 2
13 1
14 1
15 1
15 2
16 2
16 3
15 3
16 3
17 3
17 2
17 3
17 2
16 2
16 1
16 0
15 0
16 0
16 1
17 1
17 2
18 2
18 3
18 4
19 4
19 3
20 3
21 3
21 4
21 3
21 4
21 5
21 6
21 5
22 5
23 5
23 6
23 5
23 4
23 3
23 2
23 3
23 2
23 1
22 1
22 0
22 1
23 1
23 0
22 0
21 0
22 0
23 0
23 1
23 2
24 2
24 1
24 0
24 1
23 1
22 1
22 2
21 2
20 2
20 3
21 3
20 3
20 4
20 3
20 2
19 2
20 2
21 2
20 2
19 2
19 1
20 1
20 2
21 2
21 1
21 0
21 1
20 1
19 1
19 0
19 1
19 2
19 3
20 3
20 4
20 3
19 3
18 3
19 3
19 2
19 3
18 3
19 3
19 2
18 2
18 3
18 2
17 2
16 2
15 2
15 1
15 0
14 0
14 1
13 1
13 0
12 0
12 1
13 1
13 0
12 0
11 0
11 1
11 2
11 3
12 3
12 4
12 3
13 3
13 4
12 4
12 5
13 5
13 6
13 7
14 7
14 6
15 6
15 7
15 8
14 8
14 7
13 7
13 6
14 6
14 7
15 7
16 7
16 8
16 9
16 8
16 7
16 6
16 5
16 4
16 3
16 4
16 3
15 3
15 4
16 4
15 4
14 4
13 4
13 3
13 2
13 3
13 4
14 4
14 5
14 6
14 7
15 7
15 6
16 6
16 7
16 6
16 7
16 8
16 9
16 10
17 10
16 10
16 9
17 9
18 9
18 10
17 10
18 10
17 10
18 10
17 10
16 10
16 9
16 10
16 9
16 10
16 9
15 9
14 9
14 8
15 8
16 8
16 7
16 6
16 7
16 6
16 7
17 7
16 7
16 8
15 8
15 7
16 7
15 7
15 6
15 7
14 7
15 7
14 7
14 6
14 5
14 4
14 5
14 6
14 5
15 5
16 5
15 5
15 6
14 6
14 5
14 6
14 5
14 6
13 6
13 5
14 5
14 6
14 5
14 6
13 6
14 6
13 6
13 7
14 7
14 8
13 8
13 9
14 9
14 10
13 10
13 11
13 10
13 11
13 12
14 12
15 12
15 11
15 10
15 11
14 11
15 11
16 11
15 11
15 10
14 10
14 11
14 10
14 11
14 12
13 12
13 11
13 12
12 12
12 11
13 11
13 12
12 12
13 12
12 12
13 12
13 13
13 12
14 12
15 12
15 11
15 12
15 11
16 11
16 10
16 9
17 9
16 9
17 9
18 9
17 9
17 8
16 8
16 7
16 8
16 7
17 7
16 7
16 8
16 9
17 9
18 9
17 9
17 8
18 8
18 7
18 6
19 6
18 6
18 5
19 5
19 4
19 5
18 5
18 4
18 3
19 3
18 3
17 3
17 2
17 3
18 3
17 3
17 4
18 4
17 4
17 3
18 3
18 4
19 4
19 3
19 4
20 4
20 3
19 3
19 2
19 3
20 3
20 4
21 4
22 4
22 3
22 4
23 4
24 4
24 5
25 5
24 5
24 6
24 5
25 5
25 4
25 3
24 3
23 3
24 3
23 3
23 2
22 2
22 1
22 0
23 0
24 0
25 0
24 0
24 1
24 0
23 0
23 1
23 0
22 0
21 0
22 0
23 0
24 0
24 1
24 2
24 1
23 1
23 2
22 2
22 3
22 4
21 4
21 5
20 5
20 4
20 5
20 6
20 7
20 6
19 6
19 7
19 6
19 7
18 7
19 7
19 8
19 7
20 7
20 6
21 6
21 7
21 8
20 8
20 7
19 7
20 7
20 6
20 5
19 5
19 6
20 6
19 6
19 7
20 7
20 8
20 7
20 6
20 5
20 4
20 3
19 3
18 3
17 3
16 3
15 3
15 2
14 2
15 2
15 3
15 4
15 5
16 5
16 6
15 6
15 5
15 6
16 6
16 5
15 5
15 6
15 7
16 7
16 8
16 9
16 8
16 9
16 10
15 10
15 9
15 10
14 10
14 9
14 8
13 8
12 8
13 8
12 8
12 7
13 7
14 7
15 7
15 6
16 6
15 6
14 6
14 5
14 4
14 5
14 6
15 6
15 7
14 7
14 8
15 8
16 8
16 9
15 9
16 9
17 9
18 9
18 10
18 9
18 8
18 7
19 7
18 7
18 6
18 5
18 6
18 7
18 6
17 6
17 7
18 7
18 6
18 5
18 4
17 4
17 3
17 2
17 3
18 3
17 3
17 2
17 3
18 3
18 2
18 3
18 4
19 4
19 5
19 4
19 5
19 6
19 5
20 5
20 4
20 3
19 3
19 2
18 2
18 3
19 3
18 3
17 3
16 3
16 2
16 3
16 4
16 5
17 5
17 6
17 7
17 8
17 9
17 8
16 8
16 9
16 10
15 10
14 10
14 11
15 11
15 10
14 10
13 10
12 10
12 11
13 11
13 12
13 13
12 13
12 14
13 14
13 15
13 14
14 14
14 13
14 12
13 12
13 13
13 12
13 13
13 12
14 12
15 12
15 13
15 14
14 14
14 13
14 14
14 13
13 13
12 13
11 13
10 13
10 12
10 11
9 11
9 12
10 12
10 11
10 10
10 11
10 12
11 12
11 11
11 12
11 11
10 11
11 11
10 11
11 11
11 12
11 11
11 10
11 11
10 11
9 11
10 11
10 10
11 10
12 10
13 10
14 10
14 11
14 10
15 10
14 10
15 10
15 11
16 11
17 11
16 11
16 10
17 10
18 10
18 11
18 10
18 9
18 10
17 10
18 10
17 10
17 11
17 10
18 10
19 10
20 10
19 10
18 10
18 11
19 11
20 11
20 12
20 13
20 14
19 14
19 13
19 12
18 12
18 13
18 14
18 13
18 12
17 12
17 11
17 10
17 9
17 8
16 8
17 8
17 9
17 8
17 9
18 9
18 10
19 10
20 10
21 10
22 10
22 9
21 9
21 10
21 9
21 8
20 8
19 8
20 8
21 8
21 7
20 7
19 7
19 8
19 9
20 9
21 9
22 9
22 10
23 10
22 10
23 10
22 10
22 9
21 9
20 9
21 9
22 9
22 10
23 10
24 10
23 10
22 10
23 10
24 10
25 10
26 10
25 10
25 11
26 11
26 12
27 12
26 12
26 13
27 13
28 13
27 13
26 13
26 12
27 12
27 13
27 12
27 11
27 10
26 10
27 10
28 10
27 10
27 9
27 8
26 8
26 7
26 8
27 8
27 7
26 7
26 8
25 8
24 8
24 7
24 8
25 8
26 8
27 8
27 7
27 8
27 7
27 8
28 8
29 8
29 7
28 7
29 7
30 7
31 7
31 8
31 9
30 9
30 8
31 8
31 7
32 7
32 6
33 6
33 7
33 8
32 8
32 9
32 10
32 11
32 12
32 11
31 11
30 11
30 12
29 12
28 12
29 12
29 13
29 12
29 11
29 10
28 10
27 10
26 10
26 11
26 10
27 10
27 9
27 10
27 9
27 8
26 8
27 8
26 8
25 8
25 7
24 7
23 7
23 6
24 6
23 6
23 5
22 5
22 4
22 5
22 4
21 4
21 3
21 4
22 4
22 5
21 5
21 4
20 4
19 4
19 5
18 5
17 5
17 6
16 6
16 5
17 5
17 4
16 4
16 3
17 3
17 2
16 2
16 1
16 2
15 2
15 1
14 1
14 2
14 3
14 4
15 4
14 4
14 5
15 5
14 5
15 5
15 4
15 3
15 2
14 2
13 2
13 1
14 1
15 1
15 0
14 0
14 1
15 1
14 1
13 1
12 1
12 2
13 2
14 2
14 1
14 2
14 3
13 3
13 2
12 2
12 1
13 1
12 1
12 2
13 2
14 2
14 3
13 3
13 4
13 3
13 2
13 1
13 2
13 1
13 2
13 1
13 2
13 3
13 2
12 2
12 1
11 1
10 1
9 1
9 0
9 1
9 0
9 1
9 2
8 2
7 2
8 2
9 2
9 1
8 1
9 1
10 1
10 0
10 1
9 1
9 0
9 1
8 1
8 2
7 2
