0 0
1 0
1 1
0 1
1 1
0 1
1 1
0 1
0 0
0 1
1 1
1 0
0 0
1 0
1 1
1 0
1 1
1 2
1 1
1 2
1 3
1 4
1 3
1 2
2 2
1 2
0 2
1 2
2 2
2 1
3 1
2 1
1 1
1 2
0 2
1 2
1 1
2 1
2 2
1 2
2 2
2 1
1 1
0 1
0 2
1 2
1 1
1 2
2 2
3 2
3 1
2 1
3 1
4 1
3 1
3 0
3 1
3 2
3 1
3 0
4 0
3 0
3 1
2 1
2 2
3 2
3 3
4 3
4 4
4 3
4 4
4 3
5 3
5 2
5 1
5 2
5 1
6 1
6 0
6 1
5 1
6 1
6 2
7 2
8 2
7 2
6 2
7 2
7 3
8 3
8 4
7 4
8 4
8 3
8 2
8 3
8 4
9 4
9 5
10 5
10 4
9 4
9 5
10 5
9 5
10 5
11 5
12 5
13 5
13 4
12 4
13 4
13 3
12 3
13 3
14 3
15 3
15 4
16 4
17 4
16 4
16 3
17 3
17 4
18 4
19 4
19 5
19 4
20 4
20 3
20 4
20 5
19 5
18 5
19 5
19 4
19 5
19 6
20 6
21 6
21 7
22 7
22 8
23 8
23 9
24 9
24 10
23 10
22 10
23 10
24 10
25 10
25 11
25 12
24 12
25 12
25 11
25 12
26 12
26 13
25 13
24 13
23 13
23 12
22 12
22 13
23 13
24 13
25 13
24 13
24 12
23 12
24 12
25 12
26 12
26 13
26 14
26 13
27 13
27 12
27 13
27 14
27 15
28 15
28 16
27 16
28 16
28 17
27 17
27 16
26 16
25 16
25 17
25 16
24 16
23 16
23 15
23 14
23 13
23 14
23 15
24 15
24 16
24 17
25 17
25 18
25 19
24 19
25 19
25 20
25 19
25 20
25 19
26 19
26 20
27 20
28 20
29 20
29 19
29 18
29 17
29 18
29 19
28 19
28 20
27 20
27 19
27 18
28 18
27 18
26 18
26 17
25 17
25 16
24 16
24 15
24 14
24 15
24 14
25 14
24 14
23 14
23 13
23 14
23 13
23 14
23 13
24 13
25 13
24 13
24 14
24 13
24 12
23 12
23 11
23 12
23 13
22 13
23 13
23 12
22 12
23 12
24 12
25 12
25 11
25 12
24 12
24 11
24 12
23 12
23 11
23 10
24 10
24 9
23 9
23 10
22 10
21 10
20 10
21 10
20 10
20 11
19 11
18 11
17 11
17 12
17 13
17 14
17 13
17 12
17 11
17 10
17 9
17 10
17 11
18 11
18 10
18 9
17 9
17 8
17 7
18 7
17 7
17 8
18 8
17 8
18 8
19 8
19 9
20 9
20 10
21 10
21 9
21 10
22 10
21 10
21 11
22 11
21 11
21 12
22 12
23 12
23 13
24 13
24 14
24 13
23 13
24 13
24 14
23 14
23 13
22 13
22 14
22 15
21 15
21 16
22 16
22 15
21 15
21 16
22 16
22 17
23 17
23 18
22 18
22 17
22 18
21 18
20 18
21 18
22 18
23 18
22 18
23 18
22 18
23 18
23 17
24 17
25 17
25 16
25 15
24 15
25 15
24 15
24 14
24 15
24 14
25 14
25 15
24 15
24 16
25 16
25 15
24 15
25 15
26 15
27 15
28 15
27 15
28 15
28 14
28 15
28 16
27 16
28 16
29 16
28 16
28 17
29 17
28 17
27 17
26 17
26 18
25 18
25 19
25 20
25 21
24 21
24 20
25 20
25 21
25 22
24 22
24 23
25 23
25 24
24 24
23 24
23 23
22 23
23 23
22 23
22 22
21 22
21 21
21 20
22 20
22 21
23 21
23 22
23 21
24 21
25 21
25 20
25 19
26 19
27 19
27 20
28 20
28 21
27 21
26 21
26 22
26 23
25 23
25 24
25 25
25 24
26 24
27 24
26 24
26 23
27 23
26 23
27 23
27 24
27 23
28 23
28 24
28 23
28 24
28 25
27 25
26 25
26 26
26 27
27 27
28 27
27 27
27 28
28 28
29 28
29 29
28 29
27 29
28 29
27 29
27 30
28 30
28 29
27 29
27 30
27 31
26 31
26 32
25 32
26 32
26 31
26 30
26 29
25 29
25 30
25 31
25 30
24 30
25 30
25 29
25 30
26 30
25 30
26 30
27 30
27 29
26 29
27 29
27 28
27 29
26 29
26 28
27 28
28 28
28 29
29 29
29 30
30 30
30 31
31 31
32 31
31 31
32 31
33 31
32 31
31 31
32 31
31 31
31 32
31 33
31 34
31 33
31 34
30 34
30 35
29 35
28 35
28 34
28 33
27 33
26 33
26 32
25 32
25 33
25 32
25 31
26 31
25 31
25 32
25 31
25 30
25 29
26 29
26 30
25 30
25 29
25 28
24 28
23 28
23 29
24 29
25 29
24 29
24 28
25 28
25 27
26 27
26 28
26 29
25 29
26 29
27 29
26 29
26 28
26 27
27 27
26 27
26 28
26 27
26 28
26 29
25 29
25 30
25 29
24 29
24 30
24 31
23 31
23 32
23 33
24 33
24 34
25 34
26 34
27 34
27 33
26 33
25 33
24 33
23 33
22 33
22 32
21 32
22 32
22 31
22 30
22 29
22 28
22 27
21 27
21 28
21 29
21 30
21 29
21 28
20 28
20 27
21 27
22 27
22 28
23 28
23 27
23 28
23 29
23 28
22 28
22 27
22 26
21 26
21 27
22 27
21 27
22 27
21 27
20 27
19 27
18 27
18 26
19 26
19 25
19 26
19 27
20 27
21 27
22 27
21 27
22 27
22 26
22 25
21 25
21 24
21 25
21 26
22 26
21 26
22 26
22 25
21 25
21 24
20 24
20 25
21 25
21 26
22 26
22 25
22 26
22 27
22 26
22 27
22 26
22 25
23 25
24 25
23 25
24 25
24 24
25 24
26 24
25 24
25 25
25 26
26 26
27 26
28 26
29 26
30 26
30 25
30 24
29 24
29 23
29 24
28 24
28 23
28 22
27 22
26 22
26 21
26 22
25 22
25 21
24 21
24 22
23 22
24 22
24 21
23 21
24 21
23 21
23 20
23 21
23 22
22 22
21 22
22 22
22 23
23 23
24 23
24 22
23 22
22 22
22 21
22 22
23 22
24 22
24 21
24 22
24 21
24 22
25 22
24 22
24 23
24 24
24 23
24 22
25 22
25 23
24 23
23 23
23 22
23 21
23 22
23 21
23 20
22 20
21 20
20 20
21 20
21 19
21 18
22 18
22 17
21 17
21 16
20 16
21 16
20 16
20 15
21 15
20 15
19 15
18 15
18 14
17 14
18 14
17 14
17 15
17 16
18 16
18 15
17 15
17 14
16 14
16 15
15 15
15 16
15 17
14 17
13 17
13 16
14 16
15 16
16 16
15 16
14 16
13 16
14 16
14 17
14 16
15 16
15 17
15 16
15 15
16 15
15 15
14 15
15 15
14 15
15 15
15 14
15 13
14 13
15 13
16 13
17 13
18 13
17 13
18 13
18 14
17 14
17 15
17 16
17 15
16 15
15 15
14 15
14 14
13 14
13 13
13 14
12 14
11 14
12 14
12 13
12 12
11 12
11 13
11 12
12 12
11 12
11 11
12 11
12 12
12 11
12 12
13 12
13 13
14 13
14 12
15 12
15 11
16 11
16 10
15 10
14 10
14 11
13 11
12 11
12 10
12 11
13 11
13 10
13 9
13 10
13 9
13 10
14 10
14 9
14 10
14 9
13 9
13 8
14 8
14 7
13 7
13 6
13 5
12 5
13 5
13 6
13 5
13 4
13 3
13 4
12 4
13 4
13 5
12 5
13 5
13 6
13 7
13 8
12 8
13 8
13 9
13 10
14 10
13 10
14 10
13 10
13 9
14 9
15 9
16 9
16 10
15 10
15 11
16 11
17 11
17 12
17 13
17 14
16 14
17 14
17 13
17 12
17 11
17 12
16 12
16 13
16 14
16 15
15 15
15 16
15 17
16 17
16 16
16 15
16 16
17 16
18 16
19 16
18 16
18 15
19 15
19 14
18 14
17 14
18 14
19 14
20 14
20 15
19 15
20 15
20 14
20 13
20 12
20 11
20 10
21 10
21 11
22 11
22 10
23 10
22 10
22 11
23 11
23 10
23 9
23 10
23 11
23 12
24 12
24 13
24 14
24 13
24 12
25 12
26 12
25 12
25 11
25 12
24 12
23 12
23 13
24 13
23 13
24 13
25 13
26 13
25 13
25 14
24 14
23 14
22 14
23 14
24 14
25 14
24 14
25 14
24 14
25 14
26 14
26 13
26 12
27 12
27 11
26 11
27 11
27 10
27 9
27 8
26 8
26 9
26 8
27 8
27 9
27 8
28 8
29 8
29 7
30 7
31 7
32 7
33 7
34 7
33 7
34 7
33 7
34 7
33 7
34 7
34 8
33 8
