0 0
1 0
0 0
0 1
0 0
0 1
1 1
2 1
2 2
2 3
2 4
1 4
0 4
0 3
0 2
1 2
1 3
1 2
0 2
1 2
1 1
1 0
2 0
3 0
2 0
2 1
2 2
2 1
3 1
2 1
2 2
2 1
2 2
1 2
1 3
1 4
2 4
3 4
3 3
3 4
3 5
4 5
4 4
5 4
4 4
4 5
5 5
6 5
5 5
5 6
5 5
5 4
6 4
6 5
7 5
7 6
6 6
6 5
6 4
6 3
5 3
5 4
6 4
7 4
6 4
6 3
6 4
6 3
6 4
7 4
6 4
6 3
7 3
8 3
8 4
8 3
7 3
8 3
8 4
9 4
8 4
8 3
7 3
7 2
7 3
6 3
6 2
6 3
7 3
7 2
7 3
8 3
7 3
7 4
7 3
7 4
7 3
7 4
7 3
7 2
7 3
7 4
8 4
7 4
6 4
6 3
6 2
7 2
8 2
8 1
7 1
7 0
8 0
7 0
7 1
6 1
6 0
6 1
6 2
6 1
6 2
6 3
6 2
6 3
6 2
6 1
6 0
5 0
4 0
5 0
5 1
6 1
5 1
5 0
5 1
6 1
5 1
5 2
6 2
5 2
5 3
4 3
4 4
3 4
4 4
4 5
4 4
5 4
4 4
3 4
3 5
3 6
2 6
2 7
2 6
2 5
3 5
3 6
4 6
4 7
4 8
4 9
4 10
4 9
3 9
2 9
3 9
3 8
4 8
4 7
4 8
3 8
3 9
4 9
5 9
6 9
6 10
6 9
5 9
6 9
6 10
6 9
7 9
6 9
6 8
6 9
6 10
6 11
5 11
6 11
6 10
6 9
7 9
7 10
8 10
8 9
8 10
9 10
9 9
9 10
10 10
11 10
11 9
11 10
11 11
11 10
12 10
12 11
13 11
13 10
12 10
12 11
11 11
10 11
11 11
11 10
11 11
11 12
12 12
13 12
14 12
15 12
15 13
16 13
16 12
15 12
15 11
16 11
16 10
17 10
18 10
18 11
18 12
19 12
19 13
19 14
20 14
20 15
19 15
19 14
19 15
19 14
18 14
18 15
18 14
17 14
16 14
16 15
16 16
16 15
16 16
16 17
16 16
16 15
17 15
18 15
19 15
19 16
19 17
20 17
20 18
20 19
19 19
20 19
21 19
21 18
22 18
21 18
21 19
22 19
22 20
22 19
21 19
22 19
22 20
21 20
21 21
21 20
21 19
22 19
23 19
22 19
22 18
23 18
22 18
21 18
21 17
22 17
23 17
23 16
23 17
23 16
23 15
23 14
23 13
23 14
24 14
25 14
25 13
24 13
25 13
25 14
26 14
26 15
26 14
26 15
25 15
24 15
24 14
24 13
24 14
24 15
24 14
25 14
25 13
26 13
26 12
25 12
24 12
23 12
24 12
24 11
23 11
22 11
22 10
22 9
23 9
24 9
25 9
25 10
24 10
24 9
24 10
25 10
24 10
24 9
23 9
23 8
23 9
23 10
24 10
24 9
24 8
24 9
25 9
24 9
23 9
24 9
25 9
25 8
26 8
25 8
26 8
25 8
25 7
26 7
27 7
27 6
26 6
26 5
25 5
24 5
24 6
25 6
25 7
26 7
25 7
26 7
25 7
26 7
25 7
26 7
25 7
25 8
24 8
24 9
25 9
26 9
25 9
26 9
27 9
27 8
26 8
26 7
25 7
25 8
26 8
27 8
28 8
28 7
28 6
28 5
27 5
27 6
27 7
26 7
26 8
27 8
27 7
27 6
26 6
25 6
25 7
26 7
27 7
27 6
26 6
27 6
27 7
26 7
26 8
26 9
26 8
26 7
25 7
25 6
24 6
25 6
25 7
25 6
25 7
25 6
25 5
25 6
25 7
25 6
25 5
25 6
26 6
26 7
25 7
24 7
24 6
24 5
23 5
24 5
24 4
23 4
23 3
23 2
24 2
23 2
23 1
23 0
23 1
24 1
23 1
22 1
21 1
22 1
22 0
21 0
21 1
20 1
20 2
20 1
20 0
19 0
19 1
18 1
17 1
16 1
17 1
18 1
17 1
16 1
15 1
15 0
15 1
15 0
14 0
14 1
14 0
15 0
15 1
15 2
14 2
13 2
12 2
13 2
13 1
14 1
13 1
14 1
13 1
13 0
12 0
13 0
13 1
13 2
14 2
15 2
15 1
16 1
16 0
17 0
16 0
17 0
17 1
17 2
18 2
18 3
17 3
16 3
15 3
15 2
16 2
16 1
17 1
17 0
16 0
16 1
16 2
15 2
15 1
14 1
15 1
14 1
15 1
15 2
15 1
16 1
16 2
16 3
17 3
18 3
17 3
17 4
18 4
18 3
18 4
19 4
19 3
20 3
20 4
21 4
22 4
22 5
22 4
22 5
21 5
21 4
22 4
22 3
22 4
22 3
22 2
21 2
21 3
21 4
21 3
21 2
21 1
22 1
23 1
22 1
23 1
23 2
23 3
24 3
23 3
23 2
24 2
25 2
25 1
26 1
26 2
26 1
27 1
28 1
29 1
29 2
28 2
28 1
28 0
27 0
26 0
25 0
25 1
25 0
25 1
25 2
25 3
26 3
26 4
26 5
27 5
26 5
26 6
26 5
27 5
27 4
26 4
26 3
27 3
26 3
25 3
25 4
25 5
26 5
26 4
25 4
25 5
25 4
25 3
25 4
24 4
25 4
26 4
27 4
26 4
27 4
28 4
28 3
28 4
29 4
29 3
29 4
29 3
29 2
28 2
28 1
28 2
28 3
29 3
28 3
27 3
26 3
26 2
26 1
27 1
27 0
27 1
28 1
28 2
29 2
28 2
27 2
27 3
26 3
26 4
27 4
27 5
26 5
25 5
25 4
26 4
27 4
28 4
29 4
29 5
30 5
30 4
30 3
31 3
31 2
32 2
33 2
33 3
32 3
32 2
31 2
30 2
30 1
31 1
31 0
30 0
29 0
29 1
29 0
29 1
29 0
29 1
29 0
29 1
29 0
30 0
31 0
31 1
32 1
33 1
33 2
34 2
35 2
35 3
34 3
34 2
35 2
36 2
36 3
36 4
36 3
36 4
36 5
35 5
35 4
35 3
35 2
34 2
34 3
34 4
33 4
34 4
35 4
35 3
35 4
35 5
34 5
35 5
34 5
33 5
33 6
33 5
33 6
34 6
34 7
34 8
34 9
34 8
35 8
35 7
36 7
36 8
35 8
36 8
37 8
38 8
38 9
38 8
37 8
37 7
36 7
36 6
36 5
37 5
37 4
38 4
38 3
37 3
37 2
38 2
38 1
39 1
39 2
39 3
39 2
38 2
39 2
39 3
38 3
38 2
39 2
39 1
39 0
39 1
39 2
39 3
39 4
39 5
39 4
39 3
39 4
39 5
38 5
39 5
38 5
38 6
39 6
39 5
40 5
39 5
39 4
39 5
39 6
39 5
38 5
39 5
40 5
40 4
41 4
42 4
43 4
43 5
42 5
42 6
41 6
41 7
41 6
42 6
41 6
40 6
40 5
40 6
40 7
39 7
40 7
40 8
39 8
38 8
37 8
37 7
38 7
38 6
37 6
36 6
36 7
37 7
37 8
36 8
37 8
37 9
36 9
36 10
36 9
37 9
38 9
39 9
39 8
39 9
38 9
38 10
38 11
37 11
37 10
36 10
37 10
37 11
37 12
37 11
36 11
37 11
37 12
37 11
38 11
38 10
37 10
37 9
36 9
37 9
37 8
37 7
37 8
38 8
38 7
38 6
39 6
38 6
39 6
39 7
39 8
39 7
38 7
38 8
39 8
40 8
40 9
39 9
40 9
40 10
40 9
40 8
39 8
39 9
38 9
37 9
37 10
36 10
35 10
35 9
35 8
36 8
36 7
36 8
36 7
36 8
35 8
35 9
35 10
35 11
36 11
36 12
36 11
36 10
36 9
37 9
36 9
37 9
38 9
37 9
38 9
38 10
38 11
39 11
39 12
39 13
38 13
39 13
39 12
40 12
39 12
39 11
39 10
38 10
38 11
38 10
38 11
39 11
40 11
41 11
40 11
39 11
38 11
38 10
39 10
38 10
38 11
38 12
38 11
38 10
39 10
39 9
39 10
38 10
39 10
38 10
38 11
38 10
39 10
39 9
38 9
38 8
38 7
37 7
37 6
37 5
36 5
36 6
36 7
37 7
38 7
37 7
38 7
38 6
39 6
38 6
39 6
39 5
39 4
39 3
39 2
39 3
39 2
39 3
39 4
39 5
39 6
39 5
38 5
37 5
37 6
37 7
36 7
36 8
35 8
35 7
35 6
34 6
35 6
35 7
36 7
37 7
38 7
38 8
37 8
37 9
36 9
36 8
36 7
37 7
37 6
38 6
38 7
37 7
37 6
37 5
37 4
38 4
39 4
39 5
39 4
38 4
38 3
39 3
39 2
40 2
40 1
40 2
40 1
41 1
41 0
