0 0
0 1
1 1
0 1
1 1
1 0
1 1
0 1
0 2
1 2
0 2
1 2
1 1
1 0
0 0
0 1
0 2
1 2
1 1
0 1
1 1
0 1
1 1
1 0
1 1
1 2
1 1
0 1
1 1
1 2
0 2
1 2
1 1
2 1
2 2
2 1
3 1
3 0
4 0
5 0
4 0
4 1
4 2
3 2
2 2
3 2
3 3
3 4
4 4
5 4
6 4
5 4
5 3
5 2
6 2
6 3
5 3
4 3
4 4
3 4
4 4
4 5
3 5
3 6
4 6
4 5
3 5
4 5
4 4
3 4
2 4
2 3
2 2
3 2
3 3
3 4
3 5
3 6
4 6
5 6
5 7
5 6
4 6
4 7
4 6
4 5
4 6
4 5
4 4
4 3
5 3
4 3
5 3
6 3
6 4
7 4
6 4
7 4
7 5
7 6
7 5
6 5
6 6
6 5
7 5
7 4
7 5
7 4
7 3
7 2
7 1
8 1
9 1
9 0
8 0
8 1
8 0
7 0
6 0
7 0
7 1
6 1
6 0
6 1
6 0
6 1
6 2
7 2
8 2
7 2
7 1
7 2
6 2
5 2
5 3
5 2
6 2
7 2
7 3
6 3
7 3
8 3
7 3
8 3
9 3
10 3
10 4
10 5
11 5
11 6
11 7
11 6
10 6
9 6
8 6
9 6
9 7
8 7
8 8
8 9
7 9
7 8
6 8
5 8
4 8
4 7
4 6
3 6
3 5
3 6
3 5
3 6
3 7
2 7
2 8
2 7
3 7
2 7
2 6
2 5
2 4
2 3
3 3
2 3
2 4
1 4
0 4
1 4
1 3
2 3
1 3
0 3
0 4
1 4
1 3
1 4
2 4
2 3
1 3
0 3
1 3
0 3
0 4
1 4
0 4
1 4
1 3
2 3
1 3
1 2
1 1
2 1
1 1
0 1
1 1
0 1
0 2
1 2
1 1
0 1
1 1
1 2
1 1
2 1
1 1
2 1
1 1
0 1
1 1
2 1
3 1
3 2
3 1
3 0
3 1
3 2
3 1
2 1
1 1
0 1
1 1
1 0
2 0
2 1
1 1
2 1
3 1
4 1
3 1
3 0
2 0
2 1
2 0
3 0
3 1
3 2
3 1
2 1
1 1
1 0
0 0
0 1
1 1
1 0
2 0
3 0
4 0
5 0
4 0
4 1
3 1
4 1
5 1
5 0
6 0
5 0
5 1
4 1
5 1
5 2
5 3
5 2
4 2
4 1
4 0
3 0
4 0
5 0
6 0
6 1
7 1
7 2
8 2
7 2
8 2
9 2
9 3
9 2
9 1
9 0
9 1
8 1
8 0
8 1
8 2
9 2
9 1
8 1
8 2
8 3
8 4
7 4
8 4
7 4
8 4
7 4
7 3
8 3
9 3
8 3
9 3
9 4
8 4
8 5
9 5
8 5
7 5
6 5
7 5
6 5
7 5
6 5
6 4
6 5
5 5
5 6
6 6
6 5
5 5
4 5
4 4
5 4
5 3
6 3
6 4
6 5
6 4
6 3
6 4
6 3
7 3
6 3
6 4
6 5
7 5
7 6
7 5
6 5
6 6
6 5
6 6
6 5
6 4
6 3
6 4
6 5
7 5
7 6
8 6
7 6
7 5
6 5
6 6
7 6
8 6
8 7
8 8
9 8
9 7
10 7
10 8
11 8
11 9
11 10
11 9
10 9
10 10
9 10
10 10
9 10
10 10
11 10
12 10
13 10
12 10
13 10
12 10
11 10
12 10
12 9
13 9
13 10
13 9
13 10
13 9
12 9
11 9
11 10
10 10
9 10
9 9
8 9
7 9
6 9
6 10
6 9
6 10
6 11
6 10
6 11
7 11
6 11
7 11
6 11
5 11
4 11
3 11
2 11
1 11
1 12
0 12
1 12
2 12
2 13
2 12
2 13
2 14
2 13
2 12
1 12
1 13
1 12
1 11
0 11
1 11
2 11
1 11
1 12
2 12
3 12
2 12
1 12
1 13
2 13
2 14
3 14
4 14
5 14
6 14
6 13
5 13
6 13
5 13
4 13
4 12
5 12
5 11
4 11
3 11
4 11
3 11
2 11
2 12
1 12
2 12
1 12
1 11
0 11
1 11
1 12
0 12
1 12
2 12
3 12
3 11
2 11
3 11
4 11
4 12
3 12
2 12
2 13
1 13
2 13
2 12
3 12
3 11
3 10
2 10
3 10
4 10
5 10
5 11
6 11
5 11
5 12
6 12
6 13
5 13
5 12
6 12
5 12
6 12
7 12
8 12
9 12
9 11
9 12
9 13
10 13
10 14
11 14
11 13
11 12
11 11
11 12
10 12
9 12
10 12
10 13
11 13
11 14
12 14
12 13
12 12
13 12
12 12
12 13
12 14
12 15
13 15
12 15
13 15
13 14
13 15
14 15
13 15
13 14
13 13
12 13
12 12
12 11
11 11
11 12
12 12
12 13
12 14
12 15
11 15
11 16
12 16
13 16
13 15
12 15
12 14
12 15
12 16
11 16
10 16
10 15
10 14
9 14
9 15
9 14
8 14
9 14
9 15
9 14
10 14
11 14
12 14
13 14
12 14
13 14
13 15
13 14
12 14
12 13
11 13
11 12
11 11
11 10
11 11
11 12
11 11
10 11
9 11
9 12
9 11
8 11
8 12
8 11
8 10
8 9
8 10
8 9
8 10
8 11
8 10
8 9
8 10
7 10
7 9
8 9
7 9
7 10
7 9
7 10
7 9
6 9
6 10
6 11
7 11
6 11
7 11
8 11
8 10
8 11
8 12
9 12
10 12
10 11
11 11
11 10
11 11
12 11
12 12
13 12
14 12
14 13
14 14
13 14
14 14
15 14
15 15
16 15
16 16
16 15
15 15
16 15
16 16
16 15
17 15
17 16
16 16
16 15
16 16
16 17
16 16
15 16
14 16
13 16
13 15
13 16
14 16
14 15
14 14
14 13
15 13
16 13
16 12
15 12
14 12
15 12
15 13
16 13
16 12
16 11
15 11
15 10
15 9
15 10
15 11
14 11
15 11
15 12
16 12
15 12
15 13
15 14
15 15
16 15
16 14
15 14
15 13
15 12
16 12
15 12
15 11
14 11
14 12
13 12
14 12
15 12
16 12
16 13
16 14
17 14
17 13
18 13
18 12
18 11
18 12
18 13
19 13
19 12
19 11
19 10
19 9
19 10
19 9
20 9
20 10
20 11
20 10
20 9
20 10
20 11
20 12
20 11
20 10
20 9
21 9
22 9
23 9
22 9
21 9
22 9
23 9
24 9
24 8
24 9
24 10
24 11
25 11
24 11
23 11
22 11
22 10
22 11
22 10
23 10
24 10
25 10
25 11
25 10
25 11
25 10
24 10
24 9
25 9
26 9
26 10
25 10
25 9
25 8
25 7
26 7
27 7
27 8
28 8
29 8
29 7
29 8
30 8
29 8
30 8
30 9
30 10
30 9
30 8
31 8
30 8
29 8
28 8
29 8
29 9
29 10
30 10
30 11
30 12
29 12
30 12
31 12
31 13
31 14
32 14
32 15
31 15
31 16
31 15
32 15
33 15
32 15
33 15
34 15
35 15
34 15
33 15
33 14
34 14
35 14
36 14
37 14
37 13
38 13
39 13
38 13
37 13
37 14
36 14
36 13
36 14
36 15
36 14
36 13
36 12
37 12
38 12
38 11
38 10
38 9
39 9
38 9
38 8
39 8
39 7
39 6
40 6
39 6
40 6
41 6
42 6
42 5
42 4
43 4
44 4
44 5
44 6
43 6
42 6
42 7
42 8
42 9
42 8
43 8
43 7
42 7
43 7
44 7
44 8
43 8
42 8
42 7
43 7
44 7
44 6
44 5
44 6
43 6
43 7
44 7
43 7
43 8
43 7
43 6
42 6
43 6
42 6
42 7
42 6
41 6
40 6
41 6
41 5
40 5
40 4
39 4
39 3
39 2
38 2
37 2
38 2
39 2
40 2
39 2
39 1
39 0
39 1
39 2
40 2
41 2
42 2
42 1
41 1
41 2
40 2
40 1
40 0
40 1
39 1
40 1
41 1
41 0
40 0
39 0
38 0
38 1
37 1
38 1
38 0
38 1
38 2
37 2
36 2
37 2
36 2
36 1
35 1
36 1
36 0
36 1
37 1
37 0
37 1
36 1
37 1
37 2
37 1
36 1
36 0
36 1
37 1
37 2
37 1
37 0
37 1
37 0
37 1
36 1
36 2
37 2
36 2
37 2
36 2
35 2
35 3
35 4
36 4
36 3
36 4
37 4
37 3
38 3
37 3
37 2
37 3
36 3
36 4
36 3
37 3
37 4
38 4
37 4
38 4
38 3
38 4
37 4
38 4
38 3
37 3
37 2
36 2
35 2
35 3
35 4
35 3
35 4
34 4
34 5
33 5
34 5
35 5
35 6
36 6
37 6
37 7
38 7
39 7
38 7
