0 0
0 1
1 1
2 1
1 1
1 0
2 0
3 0
2 0
3 0
4 0
4 1
3 1
3 0
3 1
4 1
4 0
4 1
5 1
5 0
6 0
6 1
7 1
6 1
6 0
6 1
6 2
6 3
5 3
4 3
5 3
6 3
7 3
6 3
7 3
7 4
7 3
8 3
8 4
7 4
6 4
5 4
4 4
4 3
3 3
4 3
3 3
3 4
4 4
4 3
4 4
3 4
3 5
2 5
2 6
1 6
1 7
2 7
1 7
2 7
2 6
1 6
1 5
0 5
1 5
1 6
1 5
0 5
1 5
1 6
0 6
0 5
0 4
1 4
2 4
1 4
1 5
0 5
0 6
0 5
0 4
1 4
0 4
0 3
0 2
0 3
0 2
1 2
1 3
1 2
1 1
2 1
2 2
3 2
3 3
2 3
3 3
4 3
4 4
4 3
4 2
3 2
3 1
4 1
5 1
6 1
6 2
6 3
6 4
6 5
6 6
7 6
8 6
9 6
9 5
9 4
8 4
8 5
9 5
9 6
9 5
9 4
9 3
9 4
10 4
9 4
9 3
8 3
8 4
8 3
7 3
7 4
8 4
8 3
9 3
10 3
11 3
11 4
10 4
9 4
8 4
7 4
7 3
7 2
7 1
7 2
6 2
7 2
7 1
7 2
7 3
6 3
7 3
8 3
9 3
10 3
10 4
11 4
11 5
10 5
9 5
10 5
10 4
10 3
10 4
10 5
9 5
9 4
9 5
8 5
7 5
7 4
6 4
6 5
6 4
7 4
6 4
6 5
5 5
5 6
4 6
4 7
5 7
4 7
4 8
5 8
6 8
6 7
7 7
7 8
7 9
8 9
7 9
7 10
6 10
6 9
6 8
7 8
6 8
7 8
8 8
8 9
9 9
8 9
7 9
6 9
6 10
7 10
7 9
6 9
6 8
7 8
8 8
7 8
7 9
6 9
5 9
5 8
4 8
5 8
5 9
4 9
3 9
2 9
3 9
3 10
3 11
3 10
3 11
4 11
4 10
4 11
4 12
5 12
5 13
4 13
5 13
4 13
4 12
3 12
3 11
3 10
3 11
3 10
4 10
5 10
5 11
5 10
5 9
4 9
3 9
3 8
4 8
4 7
4 6
4 7
4 8
4 7
4 8
5 8
6 8
6 7
6 6
6 5
6 6
5 6
5 7
5 8
6 8
5 8
6 8
5 8
5 9
6 9
6 8
6 9
7 9
7 10
8 10
8 11
8 10
8 11
8 12
9 12
9 11
10 11
11 11
10 11
10 12
10 11
10 12
10 13
11 13
11 14
11 15
11 16
12 16
11 16
10 16
9 16
10 16
10 15
10 16
10 15
9 15
8 15
8 16
9 16
9 15
8 15
8 14
8 13
7 13
6 13
5 13
6 13
5 13
5 14
5 13
5 12
5 11
5 10
5 11
5 10
6 10
5 10
4 10
4 11
4 12
4 11
4 12
4 11
4 10
4 11
3 11
3 12
3 13
2 13
3 13
3 12
2 12
1 12
2 12
2 11
2 12
2 13
2 14
3 14
3 15
3 16
4 16
4 15
3 15
4 15
5 15
5 16
5 17
4 17
3 17
4 17
4 16
4 17
3 17
3 16
3 15
3 16
2 16
1 16
2 16
2 17
2 16
2 15
1 15
1 14
2 14
2 13
1 13
0 13
0 14
1 14
1 13
2 13
2 12
2 13
1 13
1 14
1 15
1 14
1 15
2 15
1 15
1 16
1 15
1 14
2 14
3 14
3 15
2 15
2 16
1 16
2 16
2 15
3 15
3 14
3 15
3 14
4 14
4 15
4 14
3 14
3 13
4 13
5 13
6 13
6 12
7 12
7 13
7 14
6 14
7 14
7 15
7 14
6 14
6 13
5 13
6 13
5 13
4 13
4 14
5 14
6 14
6 13
6 12
6 11
6 12
6 11
6 10
7 10
7 9
7 10
7 9
7 10
7 11
7 10
7 9
7 8
7 7
6 7
7 7
8 7
9 7
9 8
9 9
9 10
8 10
8 9
7 9
8 9
8 8
7 8
6 8
6 7
6 8
7 8
6 8
5 8
4 8
3 8
2 8
2 9
1 9
0 9
0 10
0 9
0 8
0 9
0 10
1 10
1 11
2 11
3 11
2 11
1 11
2 11
2 12
2 11
3 11
4 11
3 11
2 11
1 11
0 11
0 12
1 12
1 13
0 13
1 13
2 13
1 13
0 13
0 12
1 12
2 12
1 12
0 12
0 11
0 12
1 12
1 13
1 12
1 11
2 11
3 11
3 12
3 11
4 11
5 11
6 11
6 12
5 12
4 12
3 12
2 12
2 11
3 11
2 11
3 11
4 11
4 12
4 13
4 14
4 13
4 12
5 12
5 11
4 11
5 11
5 12
5 11
5 12
5 11
5 12
4 12
4 11
5 11
5 10
6 10
7 10
8 10
7 10
8 10
7 10
7 11
6 11
6 12
7 12
7 13
6 13
6 12
6 11
5 11
5 12
6 12
6 13
7 13
7 14
7 15
6 15
6 16
7 16
6 16
6 17
6 18
5 18
6 18
7 18
6 18
6 17
7 17
7 16
7 17
8 17
9 17
8 17
7 17
7 16
6 16
6 17
6 18
6 17
5 17
4 17
3 17
4 17
4 18
4 19
4 18
4 17
3 17
2 17
2 16
3 16
2 16
1 16
1 15
2 15
1 15
1 16
2 16
3 16
4 16
4 15
3 15
3 16
2 16
2 15
2 16
2 17
3 17
3 18
4 18
4 17
4 16
3 16
3 17
3 16
2 16
3 16
3 17
4 17
5 17
4 17
5 17
6 17
6 18
7 18
6 18
7 18
6 18
6 19
7 19
7 20
7 21
8 21
7 21
7 20
7 19
6 19
5 19
6 19
6 20
7 20
8 20
9 20
9 21
10 21
10 22
10 21
9 21
8 21
8 20
7 20
8 20
8 21
8 22
8 23
9 23
8 23
7 23
6 23
5 23
5 22
5 21
5 22
4 22
3 22
3 23
3 24
2 24
2 25
1 25
1 26
2 26
1 26
2 26
1 26
1 27
1 28
2 28
1 28
0 28
0 27
1 27
1 26
1 25
1 26
1 27
0 27
0 28
1 28
1 27
0 27
0 26
1 26
0 26
0 25
0 26
1 26
1 27
0 27
1 27
2 27
2 28
2 27
2 28
3 28
2 28
2 29
2 30
2 31
1 31
1 32
0 32
1 32
1 33
1 34
1 35
1 36
2 36
1 36
2 36
1 36
1 35
2 35
1 35
1 36
2 36
3 36
3 35
2 35
2 36
3 36
2 36
3 36
3 35
3 34
3 35
2 35
2 36
2 35
1 35
2 35
1 35
1 34
2 34
1 34
2 34
1 34
1 33
1 34
2 34
2 33
2 34
2 33
2 32
3 32
3 33
2 33
1 33
0 33
1 33
1 34
1 33
2 33
2 32
1 32
1 31
2 31
2 32
2 31
2 32
1 32
1 31
0 31
0 32
0 31
0 32
0 31
1 31
2 31
3 31
4 31
3 31
3 30
4 30
5 30
5 29
4 29
3 29
4 29
5 29
6 29
5 29
5 28
5 29
6 29
6 30
6 29
6 30
6 31
7 31
7 32
7 33
6 33
6 32
6 33
6 34
5 34
6 34
6 33
6 32
7 32
7 31
7 32
7 31
6 31
5 31
6 31
5 31
5 30
5 29
4 29
4 30
3 30
3 29
3 30
3 31
3 30
4 30
4 29
4 28
5 28
5 29
4 29
3 29
3 30
3 31
4 31
5 31
6 31
6 30
6 29
5 29
5 30
6 30
6 29
7 29
7 28
7 29
6 29
5 29
6 29
7 29
7 28
7 27
7 28
7 29
7 30
6 30
6 29
6 28
5 28
6 28
7 28
7 29
8 29
8 30
8 31
7 31
7 30
6 30
6 29
7 29
7 28
7 29
8 29
7 29
7 28
8 28
7 28
7 27
7 28
8 28
8 27
9 27
9 28
10 28
10 27
11 27
11 28
11 29
11 30
12 30
12 31
12 32
11 32
10 32
9 32
9 31
9 30
10 30
10 31
10 30
9 30
8 30
8 29
7 29
7 28
6 28
6 29
5 29
6 29
6 30
7 30
7 31
8 31
8 32
8 33
8 34
9 34
8 34
9 34
9 33
10 33
10 34
10 33
10 32
10 31
11 31
11 30
12 30
11 30
12 30
11 30
11 31
10 31
11 31
11 30
11 31
12 31
13 31
14 31
14 32
14 31
14 32
15 32
14 32
15 32
16 32
17 32
17 31
18 31
17 31
17 32
17 33
17 34
16 34
16 33
17 33
16 33
15 33
15 34
15 33
15 32
15 33
15 32
15 31
16 31
17 31
18 31
18 30
17 30
17 31
17 30
17 29
17 28
17 29
17 28
16 28
15 28
14 28
14 29
14 30
15 30
15 29
15 28
14 28
15 28
15 27
14 27
