0 0
0 1
0 2
1 2
2 2
1 2
2 2
2 1
3 1
2 1
2 2
1 2
0 2
1 2
0 2
1 2
1 3
2 3
2 4
3 4
3 5
2 5
1 5
1 6
0 6
1 6
1 7
2 7
2 6
2 7
1 7
1 6
0 6
1 6
0 6
0 5
1 5
1 6
0 6
0 7
0 8
0 9
0 10
0 9
1 9
2 9
2 8
3 8
3 7
4 7
4 6
4 5
3 5
2 5
2 6
1 6
1 5
0 5
1 5
0 5
0 6
0 7
1 7
1 6
1 7
0 7
1 7
2 7
3 7
3 8
3 7
2 7
3 7
4 7
4 6
3 6
2 6
3 6
2 6
3 6
2 6
2 7
2 8
2 7
1 7
2 7
2 6
3 6
4 6
3 6
3 5
3 6
4 6
4 7
4 6
3 6
4 6
4 7
4 8
4 9
5 9
5 10
5 11
4 11
3 11
3 10
3 11
4 11
4 10
5 10
5 9
5 10
5 9
5 8
5 7
4 7
4 6
3 6
3 5
2 5
1 5
0 5
0 6
0 7
1 7
1 8
1 7
1 6
0 6
0 5
1 5
1 6
1 7
1 8
0 8
0 9
0 10
0 9
0 10
1 10
1 9
2 9
3 9
4 9
5 9
6 9
7 9
6 9
7 9
6 9
6 8
6 9
5 9
5 8
6 8
6 9
6 8
6 7
6 8
5 8
4 8
3 8
3 7
4 7
4 6
4 5
5 5
5 4
5 3
5 2
6 2
6 1
6 0
7 0
7 1
7 0
6 0
6 1
6 0
6 1
5 1
5 2
5 3
5 4
5 3
5 2
6 2
6 1
6 0
5 0
5 1
5 2
5 3
6 3
5 3
4 3
4 2
5 2
4 2
4 3
5 3
6 3
7 3
7 2
6 2
7 2
6 2
7 2
7 3
7 4
7 5
6 5
5 5
6 5
6 4
6 3
6 2
6 3
5 3
5 4
5 5
4 5
4 4
4 3
5 3
6 3
6 2
5 2
5 3
5 2
5 1
6 1
6 2
7 2
7 1
6 1
6 2
7 2
8 2
8 1
8 0
9 0
9 1
10 1
10 0
10 1
9 1
10 1
10 0
11 0
10 0
9 0
8 0
7 0
7 1
7 0
7 1
8 1
8 2
8 3
8 4
8 5
7 5
7 6
8 6
8 5
8 6
8 7
9 7
10 7
10 8
11 8
12 8
11 8
12 8
13 8
12 8
12 9
13 9
13 8
13 7
13 8
12 8
11 8
11 9
11 10
12 10
12 11
11 11
12 11
13 11
14 11
14 12
14 13
15 13
15 14
15 15
14 15
15 15
16 15
16 14
16 15
16 16
16 17
16 18
17 18
18 18
17 18
16 18
16 17
17 17
17 18
18 18
18 17
19 17
20 17
20 16
20 15
20 16
19 16
18 16
18 15
18 16
18 15
18 16
19 16
20 16
21 16
21 15
21 16
20 16
21 16
21 15
22 15
22 16
22 17
21 17
22 17
22 18
21 18
21 19
21 20
22 20
23 20
22 20
22 19
23 19
22 19
21 19
21 18
21 17
21 18
20 18
20 19
19 19
19 20
19 21
19 20
18 20
18 21
18 20
18 21
17 21
18 21
18 22
17 22
18 22
17 22
18 22
19 22
19 23
19 24
18 24
18 23
17 23
17 24
18 24
18 23
18 24
18 23
18 24
18 23
17 23
17 22
16 22
16 21
16 20
16 19
17 19
16 19
16 18
16 19
17 19
18 19
17 19
17 20
18 20
19 20
18 20
18 21
18 20
18 21
18 22
17 22
18 22
19 22
20 22
20 21
21 21
22 21
21 21
22 21
21 21
20 21
19 21
18 21
19 21
20 21
20 22
20 23
21 23
20 23
21 23
21 24
21 23
20 23
20 24
21 24
21 25
21 24
21 25
20 25
20 26
21 26
21 27
21 26
21 27
21 28
21 29
20 29
20 28
20 27
19 27
20 27
21 27
21 26
21 27
21 28
21 29
20 29
21 29
22 29
23 29
24 29
23 29
23 28
23 29
22 29
22 28
21 28
21 29
21 30
20 30
19 30
19 31
18 31
19 31
19 30
20 30
20 29
20 30
21 30
20 30
20 29
19 29
20 29
19 29
18 29
18 30
17 30
17 31
16 31
15 31
15 30
14 30
14 31
14 32
14 31
14 30
13 30
13 31
13 32
12 32
13 32
13 31
13 30
13 29
14 29
14 28
15 28
16 28
15 28
16 28
17 28
16 28
15 28
14 28
15 28
15 29
14 29
13 29
14 29
15 29
14 29
14 28
14 29
14 28
14 29
15 29
15 30
15 29
16 29
16 28
16 29
16 30
17 30
16 30
15 30
16 30
16 31
17 31
17 32
18 32
19 32
18 32
18 31
18 32
18 33
17 33
17 32
17 33
17 32
17 31
16 31
15 31
16 31
16 32
16 33
17 33
17 34
16 34
17 34
17 35
18 35
19 35
18 35
19 35
19 36
18 36
18 35
18 34
18 33
18 34
18 35
19 35
20 35
20 34
20 33
21 33
21 32
20 32
20 33
20 34
20 35
20 34
20 33
19 33
20 33
20 32
20 33
20 34
20 33
20 34
20 35
20 34
20 35
20 34
19 34
20 34
21 34
22 34
22 35
22 36
22 35
23 35
23 34
23 35
22 35
22 34
23 34
23 35
24 35
23 35
22 35
22 34
23 34
23 33
24 33
24 32
24 31
24 30
25 30
25 31
25 30
25 29
24 29
24 30
24 31
24 30
24 29
23 29
22 29
21 29
20 29
19 29
19 30
20 30
19 30
20 30
21 30
21 31
21 32
21 33
22 33
21 33
22 33
21 33
20 33
21 33
21 32
22 32
23 32
23 31
24 31
23 31
24 31
24 30
24 31
25 31
25 30
26 30
26 29
27 29
27 30
27 29
27 28
27 27
26 27
26 26
25 26
25 27
25 26
26 26
27 26
27 25
27 24
28 24
28 23
29 23
29 24
28 24
28 23
29 23
28 23
27 23
28 23
28 24
29 24
30 24
30 23
30 24
31 24
31 25
30 25
30 24
30 25
30 24
29 24
29 23
28 23
27 23
27 22
27 21
26 21
26 22
26 23
27 23
27 24
26 24
27 24
27 23
28 23
29 23
30 23
29 23
28 23
27 23
26 23
26 22
26 23
27 23
27 24
26 24
27 24
27 23
28 23
28 22
28 23
28 24
27 24
27 23
28 23
29 23
29 24
29 23
29 22
30 22
30 21
30 22
30 23
31 23
31 22
31 23
30 23
30 22
29 22
29 21
30 21
29 21
28 21
29 21
30 21
29 21
28 21
28 20
28 19
27 19
27 20
27 19
26 19
26 18
25 18
25 17
24 17
24 18
24 17
24 16
23 16
22 16
23 16
23 17
23 16
22 16
22 15
21 15
21 14
21 15
21 16
22 16
22 17
21 17
20 17
19 17
18 17
18 18
18 19
18 20
18 21
17 21
18 21
17 21
16 21
16 20
17 20
17 21
18 21
17 21
17 22
17 23
18 23
19 23
19 22
19 21
19 20
18 20
18 19
17 19
18 19
18 20
19 20
18 20
17 20
16 20
17 20
17 19
17 20
16 20
17 20
16 20
15 20
15 19
16 19
15 19
15 18
15 19
14 19
13 19
12 19
12 20
12 19
12 20
13 20
12 20
12 21
12 20
12 21
12 22
12 23
12 24
12 25
13 25
13 24
13 23
13 24
13 25
13 24
13 23
14 23
14 22
13 22
13 21
13 22
12 22
13 22
13 23
14 23
14 22
15 22
14 22
14 23
13 23
13 22
14 22
14 23
14 22
15 22
16 22
16 23
17 23
17 24
17 25
17 24
18 24
18 23
17 23
16 23
15 23
16 23
16 24
17 24
16 24
16 25
17 25
18 25
18 26
17 26
17 27
16 27
16 28
16 29
16 30
16 31
15 31
16 31
16 30
16 31
16 30
16 31
15 31
14 31
14 30
14 29
14 28
13 28
13 27
14 27
13 27
12 27
11 27
12 27
12 26
13 26
13 27
13 26
12 26
12 27
12 26
11 26
11 25
10 25
10 26
9 26
9 27
9 28
10 28
10 27
10 28
10 27
9 27
10 27
10 28
10 29
9 29
9 30
9 29
10 29
10 28
11 28
11 29
12 29
13 29
13 28
12 28
11 28
12 28
11 28
11 29
12 29
11 29
10 29
10 28
10 29
11 29
11 30
11 31
11 32
11 33
11 34
12 34
13 34
13 35
13 36
12 36
12 37
12 38
12 37
13 37
13 36
13 37
14 37
14 38
14 37
14 36
13 36
12 36
12 37
12 36
12 35
12 36
13 36
13 37
14 37
14 36
14 35
14 34
13 34
13 33
12 33
11 33
11 34
12 34
11 34
12 34
12 33
11 33
11 34
11 33
11 32
11 33
12 33
11 33
10 33
10 32
10 33
11 33
10 33
10 34
10 35
11 35
11 34
