0 0
0 1
1 1
0 1
1 1
2 1
2 0
3 0
3 1
4 1
4 2
4 3
4 2
5 2
6 2
7 2
6 2
6 3
7 3
7 4
7 5
7 6
7 5
8 5
8 6
8 7
7 7
8 7
9 7
9 6
9 5
8 5
8 4
7 4
6 4
6 3
5 3
5 2
4 2
4 3
3 3
3 2
3 3
3 2
3 1
2 1
3 1
4 1
4 0
4 1
5 1
6 1
5 1
5 0
5 1
5 2
5 1
6 1
6 2
6 1
5 1
4 1
5 1
5 0
5 1
5 0
4 0
5 0
4 0
4 1
4 2
5 2
6 2
6 1
6 2
6 3
6 2
7 2
7 1
6 1
6 0
7 0
7 1
7 0
7 1
8 1
8 0
9 0
9 1
8 1
7 1
6 1
7 1
8 1
8 0
8 1
8 0
9 0
8 0
9 0
9 1
10 1
10 0
10 1
9 1
8 1
7 1
6 1
6 2
6 3
7 3
6 3
5 3
5 2
4 2
4 3
5 3
5 4
4 4
4 3
4 2
5 2
5 1
5 2
5 1
5 0
6 0
5 0
5 1
4 1
4 2
5 2
5 3
6 3
6 4
7 4
7 5
7 4
6 4
5 4
4 4
3 4
4 4
4 3
5 3
4 3
4 2
4 3
5 3
6 3
5 3
5 2
5 3
5 4
4 4
4 3
3 3
4 3
4 4
4 5
4 4
5 4
5 5
5 4
6 4
7 4
7 3
6 3
6 2
6 3
6 4
5 4
5 5
5 4
5 3
5 4
4 4
5 4
5 3
4 3
4 2
3 2
4 2
5 2
5 1
6 1
7 1
7 0
7 1
7 0
7 1
6 1
6 0
7 0
7 1
7 2
7 1
7 0
7 1
7 2
7 1
7 2
7 1
8 1
8 0
9 0
8 0
7 0
8 0
9 0
9 1
9 2
9 3
10 3
10 2
9 2
9 1
9 2
10 2
9 2
9 3
9 4
10 4
11 4
11 3
10 3
10 2
10 3
9 3
9 4
10 4
10 5
11 5
12 5
12 6
12 7
13 7
14 7
13 7
13 8
13 9
14 9
13 9
13 10
13 11
12 11
13 11
13 10
14 10
14 9
14 10
15 10
15 9
14 9
14 8
15 8
15 7
15 8
14 8
14 9
14 10
14 9
15 9
16 9
15 9
15 10
15 9
15 8
16 8
17 8
18 8
18 9
19 9
20 9
20 8
20 9
19 9
18 9
18 10
17 10
16 10
16 11
16 12
15 12
16 12
15 12
16 12
16 11
17 11
17 12
16 12
16 11
17 11
17 12
18 12
17 12
16 12
16 11
17 11
16 11
17 11
18 11
18 12
18 11
19 11
18 11
19 11
19 10
19 11
18 11
17 11
17 12
16 12
17 12
18 12
19 12
20 12
19 12
20 12
21 12
21 11
20 11
20 10
21 10
22 10
22 9
21 9
22 9
22 10
22 9
21 9
21 10
21 9
21 10
20 10
20 11
21 11
21 10
20 10
21 10
21 11
20 11
21 11
22 11
22 10
23 10
23 11
24 11
24 10
24 11
23 11
24 11
25 11
24 11
25 11
25 10
24 10
25 10
25 11
26 11
25 11
26 11
27 11
28 11
28 10
27 10
27 11
27 12
27 13
28 13
28 14
29 14
29 15
30 15
30 14
29 14
28 14
29 14
30 14
30 15
29 15
29 16
29 17
29 16
29 17
29 16
29 17
29 18
29 19
30 19
31 19
32 19
33 19
34 19
33 19
33 18
34 18
34 19
33 19
32 19
31 19
31 20
32 20
32 21
32 20
31 20
30 20
31 20
32 20
31 20
32 20
32 21
33 21
34 21
34 20
34 19
34 20
34 19
35 19
36 19
36 18
36 19
36 18
36 17
36 16
37 16
37 17
37 16
37 15
36 15
37 15
37 16
37 17
37 16
38 16
39 16
38 16
38 17
39 17
39 18
40 18
40 19
39 19
38 19
38 18
39 18
39 17
40 17
41 17
42 17
42 16
41 16
40 16
40 17
41 17
41 16
41 15
41 14
41 13
40 13
40 12
40 11
39 11
39 10
39 11
39 12
38 12
38 13
38 12
38 11
37 11
38 11
39 11
38 11
38 12
37 12
37 13
37 12
36 12
36 11
37 11
38 11
37 11
37 10
37 9
38 9
39 9
39 8
40 8
40 7
40 6
39 6
39 7
39 8
40 8
40 7
40 8
39 8
40 8
40 7
39 7
39 8
38 8
37 8
38 8
38 9
37 9
37 10
37 11
36 11
36 10
37 10
38 10
38 11
38 10
38 11
37 11
38 11
39 11
39 12
39 11
38 11
38 12
38 13
38 14
38 13
38 12
38 11
39 11
39 12
40 12
41 12
41 11
42 11
42 10
41 10
41 11
41 12
41 13
41 14
41 13
41 14
41 13
42 13
41 13
42 13
41 13
41 12
41 11
41 10
41 9
41 8
41 7
41 6
40 6
40 7
39 7
38 7
38 6
39 6
39 5
40 5
40 4
39 4
39 5
38 5
37 5
37 6
37 5
36 5
35 5
34 5
35 5
35 4
35 5
35 6
35 5
34 5
34 4
33 4
32 4
32 3
33 3
33 2
34 2
34 3
33 3
33 4
33 3
33 4
34 4
35 4
35 5
36 5
35 5
34 5
34 6
35 6
36 6
36 5
37 5
37 6
38 6
37 6
36 6
35 6
35 5
35 4
34 4
33 4
33 5
33 6
34 6
35 6
34 6
34 5
33 5
32 5
32 6
32 5
31 5
32 5
31 5
31 4
31 5
30 5
30 4
29 4
29 5
29 6
28 6
28 7
28 8
29 8
29 7
29 8
29 7
29 8
30 8
31 8
31 9
31 10
31 11
31 10
30 10
29 10
29 11
28 11
27 11
26 11
27 11
28 11
28 12
27 12
27 11
28 11
28 12
28 11
29 11
29 12
28 12
29 12
29 11
28 11
28 10
28 9
27 9
27 8
26 8
26 7
25 7
24 7
24 8
23 8
24 8
24 7
24 8
23 8
24 8
24 7
24 6
24 7
24 8
23 8
23 7
22 7
22 8
22 7
22 6
23 6
22 6
22 7
22 6
22 5
22 4
22 5
23 5
23 6
24 6
24 5
24 4
25 4
26 4
25 4
25 5
25 4
25 3
25 4
25 5
25 6
26 6
27 6
27 5
27 4
26 4
27 4
27 5
27 4
27 3
27 2
27 3
26 3
25 3
26 3
25 3
24 3
23 3
23 2
22 2
23 2
22 2
23 2
22 2
21 2
21 1
20 1
20 0
19 0
18 0
18 1
19 1
20 1
19 1
19 2
20 2
20 3
20 2
20 3
21 3
21 2
20 2
20 3
20 4
19 4
18 4
18 5
18 4
17 4
17 3
16 3
16 4
17 4
16 4
16 3
15 3
15 2
15 3
15 2
16 2
16 3
17 3
17 4
17 3
16 3
16 4
15 4
16 4
17 4
17 3
17 2
18 2
17 2
16 2
15 2
15 1
15 2
16 2
15 2
15 3
15 4
14 4
14 3
14 2
14 1
14 0
14 1
14 2
14 1
13 1
13 0
13 1
14 1
14 2
14 3
14 4
14 5
14 4
13 4
12 4
13 4
13 3
12 3
12 2
13 2
12 2
12 3
11 3
12 3
12 4
13 4
13 5
14 5
13 5
13 4
13 5
12 5
11 5
11 6
10 6
10 5
10 6
10 7
11 7
10 7
11 7
11 6
11 5
11 6
11 5
10 5
10 4
9 4
10 4
11 4
10 4
10 5
10 6
10 5
11 5
10 5
10 4
10 3
10 2
10 3
9 3
8 3
9 3
10 3
9 3
8 3
9 3
10 3
10 4
9 4
8 4
7 4
7 5
7 6
7 7
6 7
6 6
7 6
7 5
7 6
6 6
6 5
6 4
7 4
7 3
8 3
8 2
7 2
6 2
7 2
6 2
7 2
6 2
6 1
6 0
6 1
5 1
4 1
3 1
3 2
4 2
4 3
4 2
5 2
5 1
5 0
4 0
4 1
4 2
4 1
4 0
4 1
5 1
4 1
4 0
4 1
5 1
4 1
4 0
3 0
3 1
4 1
3 1
4 1
5 1
5 0
6 0
6 1
6 0
6 1
6 0
5 0
5 1
5 2
6 2
6 1
6 2
5 2
5 3
6 3
5 3
5 2
4 2
4 1
5 1
4 1
4 2
4 1
3 1
2 1
2 2
2 3
3 3
3 4
2 4
2 5
2 6
3 6
4 6
3 6
4 6
5 6
5 5
4 5
5 5
6 5
5 5
5 6
4 6
4 7
4 8
3 8
3 7
4 7
4 8
3 8
2 8
2 9
3 9
3 10
3 9
3 10
4 10
3 10
3 11
3 10
3 11
3 10
3 11
3 10
3 11
3 10
4 10
4 11
5 11
5 12
4 12
5 12
4 12
3 12
4 12
4 13
5 13
6 13
7 13
8 13
