0 0
0 1
1 1
0 1
0 2
0 3
0 2
0 3
0 2
1 2
2 2
2 3
2 2
2 1
3 1
4 1
3 1
3 2
3 1
4 1
3 1
3 0
4 0
5 0
4 0
4 1
4 0
3 0
4 0
4 1
3 1
3 2
2 2
2 1
2 0
3 0
2 0
2 1
2 2
2 1
2 0
2 1
1 1
2 1
2 0
3 0
3 1
2 1
2 0
2 1
1 1
1 2
1 3
0 3
1 3
2 3
1 3
1 4
1 3
0 3
1 3
1 4
1 5
0 5
0 4
0 5
1 5
1 4
0 4
0 5
1 5
1 4
1 3
2 3
3 3
3 4
2 4
1 4
2 4
2 5
2 6
2 5
2 6
1 6
1 7
0 7
0 8
1 8
1 7
0 7
0 6
0 5
1 5
2 5
3 5
3 4
4 4
4 5
3 5
3 6
3 7
2 7
1 7
0 7
1 7
1 6
1 7
1 8
0 8
1 8
0 8
0 7
1 7
1 6
1 7
1 8
0 8
0 7
0 6
1 6
1 5
0 5
0 6
0 7
1 7
1 8
0 8
1 8
1 7
1 8
1 7
1 8
1 9
2 9
1 9
2 9
2 8
2 7
2 6
1 6
2 6
3 6
2 6
2 5
3 5
3 4
3 3
3 4
3 3
3 4
3 5
2 5
1 5
1 4
0 4
1 4
2 4
2 3
1 3
1 4
1 3
2 3
2 4
2 5
2 6
3 6
3 5
4 5
5 5
5 6
5 7
5 6
5 5
6 5
6 6
7 6
7 5
7 4
7 5
6 5
6 4
6 5
6 4
6 3
7 3
6 3
5 3
5 2
6 2
6 3
6 4
6 3
6 2
7 2
7 3
7 4
7 5
6 5
7 5
7 4
6 4
6 5
5 5
6 5
6 4
6 5
5 5
5 6
4 6
4 5
5 5
6 5
6 6
6 5
7 5
8 5
8 4
9 4
8 4
9 4
9 5
9 6
9 7
9 8
9 9
9 10
9 11
9 12
8 12
8 13
7 13
7 12
7 13
7 14
7 13
7 14
8 14
9 14
10 14
10 13
11 13
10 13
10 12
10 11
10 10
9 10
10 10
9 10
8 10
7 10
6 10
7 10
6 10
7 10
7 11
6 11
6 10
7 10
6 10
5 10
6 10
5 10
4 10
3 10
4 10
4 11
3 11
2 11
2 10
2 9
2 8
3 8
3 7
3 8
3 9
2 9
2 8
3 8
4 8
5 8
4 8
5 8
5 7
4 7
3 7
3 6
3 7
3 6
4 6
5 6
6 6
6 7
6 6
7 6
7 5
7 6
7 5
8 5
8 6
8 5
8 4
7 4
7 3
7 2
8 2
8 1
9 1
9 0
9 1
9 2
10 2
10 3
9 3
8 3
7 3
8 3
8 4
9 4
9 5
10 5
11 5
10 5
11 5
12 5
12 6
12 7
12 6
13 6
13 5
12 5
12 6
13 6
12 6
11 6
10 6
11 6
10 6
10 7
10 6
11 6
11 5
11 4
12 4
11 4
11 5
11 4
11 5
11 6
11 7
12 7
13 7
12 7
12 8
12 7
12 8
12 9
11 9
11 8
10 8
11 8
10 8
11 8
11 9
10 9
11 9
11 10
11 11
12 11
12 10
11 10
11 11
10 11
10 10
11 10
10 10
10 11
9 11
8 11
9 11
9 12
8 12
8 11
9 11
8 11
8 12
9 12
9 13
8 13
7 13
6 13
7 13
7 14
7 15
8 15
8 16
7 16
7 15
6 15
7 15
6 15
6 14
6 15
6 16
5 16
6 16
7 16
8 16
7 16
6 16
7 16
7 17
6 17
6 18
6 19
7 19
6 19
7 19
7 18
7 19
8 19
7 19
8 19
7 19
6 19
5 19
5 18
4 18
4 19
4 20
4 19
4 18
5 18
5 19
6 19
6 20
5 20
4 20
4 21
3 21
3 20
3 21
4 21
3 21
3 20
2 20
1 20
2 20
3 20
3 21
3 20
3 19
3 18
3 19
3 20
4 20
5 20
5 21
4 21
3 21
3 22
3 21
4 21
5 21
6 21
6 20
6 21
6 20
6 19
6 20
5 20
5 19
4 19
4 18
3 18
3 19
3 18
4 18
3 18
2 18
2 19
2 18
2 19
2 20
3 20
3 21
3 20
3 21
4 21
4 20
5 20
5 19
6 19
6 20
6 19
7 19
7 20
8 20
9 20
9 19
9 18
9 19
9 20
9 19
9 18
8 18
8 19
9 19
9 20
9 19
9 18
10 18
9 18
9 19
9 18
9 17
8 17
7 17
7 18
6 18
7 18
8 18
8 17
8 16
8 15
8 16
9 16
10 16
9 16
10 16
10 15
9 15
8 15
7 15
8 15
9 15
10 15
10 16
11 16
10 16
9 16
9 15
8 15
9 15
9 14
10 14
10 13
10 14
10 15
10 16
10 15
10 14
10 15
10 14
11 14
12 14
12 13
12 14
12 15
12 16
13 16
12 16
12 15
11 15
10 15
10 16
10 15
9 15
10 15
11 15
12 15
13 15
14 15
13 15
12 15
11 15
11 14
11 15
10 15
10 16
10 17
10 16
10 17
11 17
10 17
11 17
11 16
11 15
10 15
11 15
11 16
10 16
10 15
11 15
12 15
11 15
11 16
11 17
10 17
10 18
11 18
11 19
12 19
12 20
11 20
10 20
10 19
10 20
10 21
10 22
11 22
12 22
12 21
12 20
13 20
13 21
13 20
13 19
12 19
12 20
12 21
11 21
11 22
11 21
11 22
11 21
11 22
12 22
12 23
12 22
12 23
12 24
11 24
11 23
11 24
11 25
10 25
11 25
12 25
11 25
10 25
10 26
11 26
10 26
11 26
10 26
10 27
9 27
9 28
9 29
8 29
8 30
8 29
8 28
8 29
9 29
9 30
10 30
10 29
10 28
9 28
8 28
9 28
9 27
9 28
8 28
7 28
6 28
5 28
5 29
4 29
5 29
5 30
6 30
6 31
5 31
5 32
4 32
5 32
5 33
4 33
4 34
4 35
4 34
4 35
4 36
4 37
4 36
5 36
4 36
4 37
4 38
4 37
5 37
5 38
6 38
5 38
5 37
5 36
4 36
4 37
5 37
6 37
5 37
5 36
5 37
4 37
3 37
4 37
4 38
5 38
4 38
4 37
4 38
4 39
3 39
3 38
3 39
3 40
4 40
4 41
3 41
3 42
4 42
4 43
3 43
2 43
3 43
3 44
3 43
4 43
3 43
3 44
3 43
4 43
3 43
3 42
2 42
2 41
3 41
4 41
4 40
4 39
4 40
3 40
2 40
2 41
3 41
3 42
3 41
3 40
4 40
5 40
5 39
5 38
6 38
5 38
4 38
5 38
5 37
5 38
5 39
4 39
4 40
4 41
3 41
4 41
4 40
4 41
3 41
3 40
2 40
3 40
3 41
2 41
1 41
1 40
1 39
1 40
2 40
1 40
2 40
1 40
1 39
1 38
1 39
0 39
0 40
1 40
0 40
1 40
0 40
0 41
0 40
1 40
2 40
2 39
2 38
2 39
2 40
1 40
1 39
2 39
1 39
1 40
0 40
1 40
1 41
1 42
1 41
2 41
2 40
2 39
1 39
1 38
0 38
0 37
1 37
1 36
1 37
2 37
2 38
3 38
4 38
3 38
4 38
4 37
4 38
5 38
4 38
3 38
2 38
2 39
2 38
1 38
2 38
3 38
3 39
4 39
4 40
4 41
3 41
4 41
4 42
4 41
4 40
4 39
5 39
5 38
5 37
5 38
5 37
5 38
6 38
7 38
7 37
7 36
6 36
6 35
5 35
5 36
5 35
5 36
5 35
5 36
4 36
4 37
3 37
3 36
2 36
1 36
1 35
1 36
1 35
1 36
1 37
1 36
1 37
2 37
3 37
4 37
4 36
4 35
4 36
3 36
3 35
3 36
2 36
2 37
1 37
2 37
2 38
2 37
2 38
3 38
3 37
3 38
3 39
3 38
4 38
4 37
3 37
3 36
2 36
2 37
1 37
1 38
1 39
1 40
1 39
1 38
1 39
0 39
0 38
1 38
2 38
2 37
3 37
3 38
3 37
3 36
4 36
3 36
3 37
3 36
3 35
2 35
2 34
2 33
3 33
2 33
1 33
1 32
2 32
1 32
1 33
1 34
1 35
1 36
0 36
0 37
1 37
0 37
0 36
0 35
1 35
1 34
2 34
1 34
2 34
2 33
2 32
1 32
1 31
1 30
0 30
1 30
1 31
1 30
2 30
2 31
1 31
1 32
1 33
1 34
1 33
1 34
2 34
1 34
0 34
0 35
0 34
1 34
2 34
3 34
3 35
3 34
3 35
3 34
2 34
1 34
1 35
1 34
1 35
1 34
0 34
0 35
1 35
1 34
2 34
2 33
1 33
1 34
1 35
1 36
1 37
2 37
2 36
1 36
1 35
2 35
