0 0
0 1
1 1
2 1
3 1
3 2
3 3
3 4
3 5
3 4
2 4
1 4
0 4
1 4
2 4
3 4
3 5
3 4
2 4
1 4
1 5
2 5
2 4
1 4
1 5
1 4
1 3
1 4
1 3
1 2
0 2
0 3
0 2
0 1
0 0
1 0
2 0
2 1
3 1
3 2
2 2
1 2
2 2
3 2
2 2
2 1
2 0
3 0
3 1
4 1
3 1
4 1
5 1
4 1
5 1
5 0
6 0
6 1
7 1
6 1
6 0
5 0
6 0
6 1
6 0
5 0
5 1
4 1
4 2
3 2
3 1
4 1
4 2
3 2
3 1
3 0
3 1
3 2
4 2
5 2
4 2
4 1
3 1
4 1
5 1
5 0
5 1
5 2
6 2
7 2
8 2
7 2
7 1
8 1
8 2
7 2
7 3
7 2
7 1
6 1
5 1
5 0
4 0
4 1
5 1
5 2
5 3
5 2
6 2
7 2
7 1
6 1
6 0
5 0
6 0
6 1
6 2
6 3
6 4
6 5
6 4
6 3
7 3
7 2
7 3
6 3
6 4
6 5
6 6
7 6
6 6
6 5
5 5
5 6
4 6
5 6
5 7
5 8
6 8
6 9
6 8
7 8
7 7
7 6
7 5
8 5
8 4
7 4
7 3
8 3
9 3
10 3
10 2
11 2
11 3
11 4
11 3
10 3
10 4
10 5
11 5
11 6
12 6
12 7
12 8
11 8
11 9
12 9
11 9
11 8
12 8
12 9
13 9
13 8
14 8
14 9
15 9
15 10
15 11
15 10
15 9
15 8
15 7
16 7
16 6
17 6
17 5
17 6
18 6
18 7
19 7
18 7
18 6
17 6
16 6
15 6
15 5
16 5
15 5
16 5
17 5
17 4
16 4
17 4
18 4
17 4
17 5
17 6
16 6
16 5
17 5
18 5
18 4
18 5
17 5
16 5
15 5
16 5
16 4
15 4
15 5
15 6
14 6
15 6
15 7
16 7
17 7
16 7
16 6
16 7
17 7
17 6
16 6
16 5
16 6
15 6
14 6
13 6
13 7
14 7
13 7
13 6
13 5
14 5
15 5
16 5
15 5
14 5
14 4
14 5
13 5
13 6
12 6
12 7
12 6
13 6
13 5
14 5
14 6
14 7
14 6
14 7
14 6
15 6
15 5
15 6
14 6
13 6
13 5
12 5
11 5
11 4
12 4
13 4
13 3
14 3
15 3
14 3
14 2
14 1
15 1
15 0
14 0
13 0
14 0
14 1
13 1
14 1
15 1
15 0
15 1
15 0
16 0
17 0
17 1
17 2
16 2
16 3
17 3
18 3
18 4
18 3
18 4
19 4
19 3
19 4
19 5
19 6
19 7
19 6
20 6
19 6
19 7
19 6
19 5
20 5
19 5
19 6
19 7
19 8
19 7
19 8
19 7
19 8
19 9
18 9
17 9
17 8
17 7
17 6
16 6
15 6
15 5
15 4
14 4
14 5
14 6
14 7
14 6
14 7
15 7
15 6
14 6
13 6
13 5
12 5
12 6
12 7
12 6
12 7
11 7
12 7
13 7
13 8
13 9
13 10
13 11
13 12
13 13
14 13
14 14
14 15
14 14
14 15
14 14
13 14
12 14
13 14
13 13
13 12
12 12
13 12
14 12
13 12
14 12
14 11
13 11
13 10
14 10
13 10
13 9
14 9
15 9
14 9
15 9
15 8
15 7
16 7
16 8
16 9
15 9
16 9
15 9
15 10
15 11
16 11
16 12
16 11
17 11
16 11
15 11
14 11
15 11
15 10
15 9
14 9
15 9
15 10
14 10
15 10
15 9
15 8
15 7
15 6
16 6
17 6
18 6
18 7
19 7
19 8
19 7
18 7
19 7
19 6
19 7
19 6
19 7
19 6
20 6
20 5
19 5
19 4
20 4
20 5
19 5
18 5
18 6
18 7
18 6
18 7
18 8
19 8
18 8
18 7
19 7
20 7
19 7
19 8
20 8
19 8
19 9
20 9
20 8
20 7
20 8
21 8
20 8
19 8
19 7
20 7
20 8
20 9
19 9
19 10
19 9
19 8
19 9
19 10
19 11
20 11
20 12
21 12
20 12
20 13
21 13
22 13
22 12
21 12
21 13
22 13
23 13
23 14
24 14
24 15
24 14
23 14
22 14
22 15
22 16
23 16
24 16
23 16
23 15
22 15
21 15
21 14
21 15
21 14
21 15
21 14
21 15
21 16
22 16
22 17
23 17
24 17
23 17
22 17
22 16
23 16
24 16
24 15
25 15
25 16
24 16
25 16
25 15
26 15
25 15
26 15
26 16
26 17
26 18
26 17
27 17
28 17
28 16
28 15
29 15
29 14
30 14
30 15
31 15
30 15
30 16
29 16
29 15
30 15
29 15
29 16
28 16
28 17
29 17
28 17
28 18
29 18
30 18
30 17
30 18
30 19
29 19
29 18
29 17
29 18
29 19
29 18
28 18
29 18
30 18
29 18
30 18
29 18
29 19
28 19
28 20
28 21
27 21
27 22
28 22
29 22
30 22
29 22
29 23
29 22
29 23
28 23
28 24
28 23
28 22
29 22
28 22
28 21
29 21
29 20
29 19
29 20
29 21
29 20
29 19
30 19
30 18
29 18
29 17
29 18
29 19
29 18
30 18
29 18
29 17
29 18
29 19
29 20
28 20
28 19
27 19
26 19
26 18
26 17
26 18
27 18
28 18
27 18
27 19
26 19
26 20
26 21
26 22
26 23
25 23
26 23
26 24
26 23
26 22
25 22
24 22
25 22
25 23
24 23
25 23
24 23
25 23
24 23
23 23
24 23
25 23
25 22
25 23
24 23
25 23
25 22
25 23
25 24
26 24
26 25
26 26
25 26
24 26
25 26
25 27
26 27
25 27
25 26
26 26
25 26
24 26
23 26
22 26
22 27
23 27
22 27
21 27
20 27
19 27
18 27
18 28
17 28
18 28
18 27
19 27
20 27
20 26
20 25
20 26
21 26
21 25
21 26
20 26
19 26
18 26
19 26
18 26
18 27
19 27
20 27
19 27
19 28
19 27
18 27
17 27
18 27
18 28
19 28
19 29
20 29
20 30
20 29
21 29
21 28
21 29
21 28
22 28
22 29
21 29
21 28
21 27
21 26
20 26
19 26
20 26
21 26
21 27
21 28
22 28
21 28
22 28
22 27
21 27
21 26
20 26
20 25
19 25
19 26
18 26
19 26
18 26
17 26
17 25
17 26
17 25
17 26
17 27
17 26
17 27
18 27
18 28
19 28
19 29
20 29
19 29
19 30
18 30
18 31
18 30
18 29
17 29
17 28
17 29
18 29
18 28
17 28
17 27
17 28
16 28
16 29
16 28
16 27
16 28
16 29
15 29
15 28
15 29
14 29
14 30
14 29
13 29
13 28
13 27
13 28
13 27
12 27
12 28
11 28
11 27
11 28
11 27
12 27
12 26
11 26
11 27
10 27
10 26
9 26
9 27
9 28
10 28
11 28
12 28
12 29
12 28
13 28
12 28
12 29
12 30
12 31
13 31
13 32
13 33
13 32
13 33
13 32
13 31
14 31
14 30
14 31
14 32
14 31
14 30
14 29
14 28
14 29
14 30
15 30
15 29
15 30
15 29
14 29
14 30
15 30
16 30
17 30
18 30
19 30
19 29
20 29
19 29
19 30
19 31
18 31
17 31
16 31
16 30
15 30
15 29
15 30
15 31
16 31
16 30
16 29
15 29
15 28
15 27
15 28
14 28
14 27
14 26
13 26
13 27
13 26
14 26
13 26
12 26
12 25
11 25
11 24
12 24
12 23
11 23
11 24
12 24
13 24
13 25
13 26
13 27
13 26
13 27
13 28
14 28
13 28
12 28
11 28
11 27
12 27
12 26
12 25
12 24
13 24
13 25
14 25
14 24
13 24
13 23
12 23
11 23
12 23
11 23
12 23
12 24
12 23
13 23
12 23
12 22
12 21
12 22
13 22
13 21
13 20
13 19
13 20
13 19
14 19
14 18
15 18
15 19
14 19
14 20
15 20
15 19
15 20
16 20
15 20
15 21
16 21
16 20
16 21
15 21
15 20
14 20
15 20
15 19
15 18
16 18
17 18
18 18
17 18
17 17
16 17
17 17
17 18
18 18
17 18
17 17
17 16
17 17
17 18
18 18
18 19
17 19
16 19
15 19
15 20
14 20
13 20
13 21
12 21
12 22
12 23
12 22
12 23
13 23
14 23
15 23
15 24
15 25
15 24
14 24
13 24
12 24
12 23
12 24
11 24
11 25
10 25
10 24
9 24
9 25
8 25
9 25
9 24
10 24
10 25
9 25
8 25
9 25
9 26
8 26
9 26
9 27
8 27
8 28
8 27
8 26
7 26
6 26
5 26
5 25
5 24
5 25
4 25
3 25
3 26
2 26
1 26
1 27
1 26
1 27
2 27
1 27
1 26
0 26
0 27
