0 0
1 0
1 1
1 0
1 1
1 2
2 2
3 2
4 2
4 3
4 2
5 2
5 3
5 2
5 1
4 1
4 2
4 1
4 0
4 1
5 1
6 1
5 1
4 1
5 1
5 2
5 3
5 2
4 2
3 2
3 3
4 3
3 3
3 2
2 2
2 3
3 3
4 3
3 3
3 4
2 4
2 5
1 5
1 6
1 7
1 8
0 8
1 8
1 9
1 8
2 8
2 9
2 10
2 11
3 11
2 11
3 11
3 12
4 12
3 12
4 12
4 11
5 11
6 11
5 11
5 12
5 13
4 13
5 13
4 13
5 13
5 12
5 13
4 13
3 13
3 12
3 13
3 14
3 15
3 14
3 13
4 13
5 13
5 14
6 14
5 14
4 14
4 15
4 16
3 16
3 17
4 17
5 17
4 17
3 17
4 17
4 18
5 18
5 19
6 19
6 18
6 17
6 16
5 16
5 17
6 17
5 17
6 17
6 16
7 16
8 16
9 16
9 15
8 15
8 14
9 14
9 13
8 13
8 14
8 13
8 12
8 11
8 10
9 10
10 10
11 10
11 11
11 12
12 12
12 11
13 11
12 11
11 11
11 10
10 10
10 9
10 8
10 9
11 9
12 9
11 9
11 8
11 7
10 7
10 6
11 6
12 6
13 6
13 7
14 7
14 6
13 6
13 5
14 5
14 4
13 4
14 4
14 3
14 4
14 3
14 2
13 2
13 3
14 3
14 4
14 3
13 3
12 3
12 2
12 1
12 2
11 2
11 3
12 3
12 2
11 2
11 1
11 2
11 1
11 2
11 3
12 3
12 4
12 3
11 3
10 3
10 4
10 5
10 6
11 6
12 6
12 5
12 6
12 5
13 5
14 5
15 5
15 4
16 4
15 4
15 5
14 5
14 6
13 6
13 7
14 7
14 6
15 6
16 6
16 5
16 6
16 7
16 8
15 8
14 8
14 7
14 6
14 5
14 6
13 6
14 6
15 6
16 6
16 5
17 5
16 5
16 6
16 5
16 6
15 6
15 7
14 7
14 8
15 8
16 8
16 9
15 9
15 8
14 8
14 7
14 6
15 6
15 5
15 4
15 5
15 6
14 6
13 6
14 6
14 7
14 6
14 7
14 6
15 6
15 5
15 4
16 4
15 4
14 4
14 3
13 3
12 3
11 3
12 3
11 3
11 2
10 2
11 2
12 2
13 2
14 2
15 2
15 3
16 3
17 3
17 4
17 5
17 4
16 4
16 3
15 3
15 4
14 4
14 5
13 5
14 5
14 6
13 6
13 7
13 8
13 7
13 8
12 8
12 9
12 8
13 8
13 7
13 8
13 9
14 9
13 9
12 9
12 10
12 9
12 8
12 9
12 10
11 10
10 10
9 10
9 9
8 9
7 9
8 9
9 9
9 8
10 8
10 7
11 7
12 7
11 7
11 8
12 8
13 8
13 7
14 7
13 7
13 8
13 7
13 6
13 5
12 5
12 4
13 4
14 4
14 5
15 5
15 4
16 4
17 4
18 4
18 5
17 5
17 6
18 6
18 5
18 4
18 3
17 3
18 3
18 2
17 2
18 2
17 2
18 2
18 3
17 3
17 4
18 4
18 3
18 4
18 5
18 6
17 6
17 7
17 6
16 6
16 7
16 6
17 6
17 7
17 8
16 8
17 8
17 7
18 7
17 7
17 8
17 9
17 8
16 8
16 9
15 9
14 9
15 9
15 10
15 11
15 10
15 11
15 12
16 12
15 12
14 12
14 13
15 13
16 13
16 12
16 11
16 12
17 12
16 12
16 13
17 13
16 13
17 13
16 13
15 13
15 12
16 12
15 12
15 11
15 10
14 10
14 11
13 11
12 11
13 11
13 10
13 11
13 10
14 10
15 10
15 11
15 12
15 13
15 12
15 11
14 11
15 11
15 10
14 10
14 9
14 10
14 9
13 9
14 9
15 9
15 10
15 9
16 9
16 8
15 8
15 9
14 9
13 9
13 8
13 7
13 8
13 7
14 7
15 7
14 7
13 7
14 7
15 7
15 6
15 7
15 6
15 7
15 6
16 6
17 6
17 5
18 5
19 5
19 4
20 4
20 3
20 2
19 2
19 3
18 3
19 3
19 2
19 3
19 4
18 4
18 3
19 3
19 2
20 2
19 2
19 3
19 2
18 2
19 2
19 3
18 3
18 4
17 4
17 3
17 4
16 4
17 4
18 4
19 4
18 4
18 3
18 2
17 2
18 2
18 1
19 1
19 0
19 1
19 2
19 1
19 0
19 1
18 1
18 0
17 0
17 1
17 0
16 0
15 0
14 0
13 0
12 0
12 1
12 0
12 1
12 2
12 3
11 3
11 2
12 2
13 2
14 2
15 2
16 2
16 1
17 1
17 0
16 0
16 1
16 2
16 3
15 3
16 3
15 3
15 2
14 2
15 2
16 2
17 2
17 1
17 2
18 2
18 1
19 1
19 0
19 1
20 1
20 0
20 1
21 1
20 1
20 2
20 1
21 1
20 1
20 2
21 2
20 2
21 2
21 3
21 4
21 5
20 5
20 4
20 3
20 2
21 2
20 2
20 1
20 2
20 1
20 2
19 2
20 2
19 2
19 1
18 1
17 1
17 2
17 3
16 3
17 3
17 2
18 2
18 1
17 1
18 1
18 2
18 1
17 1
16 1
15 1
16 1
16 2
17 2
17 1
16 1
15 1
15 2
15 1
15 0
16 0
17 0
17 1
17 0
17 1
18 1
17 1
16 1
16 0
16 1
16 0
15 0
15 1
16 1
15 1
14 1
13 1
12 1
12 0
12 1
13 1
12 1
12 0
11 0
10 0
10 1
11 1
11 2
11 1
11 0
12 0
11 0
11 1
11 2
11 3
12 3
12 2
11 2
11 3
10 3
10 4
10 3
10 2
10 1
11 1
12 1
13 1
14 1
15 1
15 0
16 0
15 0
15 1
15 2
15 1
16 1
17 1
16 1
15 1
16 1
15 1
15 0
15 1
15 2
15 3
15 4
14 4
14 5
14 4
13 4
14 4
14 5
13 5
14 5
15 5
16 5
16 6
15 6
14 6
14 5
14 4
14 3
13 3
14 3
14 2
14 1
13 1
14 1
14 2
14 1
14 0
14 1
15 1
16 1
17 1
18 1
18 2
17 2
18 2
17 2
16 2
15 2
15 1
14 1
15 1
14 1
13 1
13 0
14 0
15 0
15 1
15 0
14 0
14 1
14 0
14 1
14 0
15 0
15 1
16 1
16 2
16 1
17 1
18 1
18 0
18 1
18 0
19 0
19 1
20 1
20 0
20 1
20 2
21 2
21 3
20 3
20 2
19 2
20 2
21 2
21 1
21 0
22 0
22 1
21 1
21 0
21 1
20 1
21 1
22 1
22 2
21 2
21 1
22 1
23 1
23 0
23 1
23 0
23 1
22 1
22 2
22 3
22 4
21 4
22 4
22 3
22 4
21 4
21 5
22 5
22 4
21 4
21 5
22 5
22 6
22 7
21 7
20 7
20 6
20 5
20 4
20 3
20 4
20 3
20 4
20 5
20 4
20 3
21 3
22 3
23 3
23 2
23 1
22 1
21 1
21 0
20 0
21 0
22 0
22 1
21 1
21 2
21 3
22 3
23 3
22 3
21 3
20 3
20 2
21 2
21 1
21 0
22 0
22 1
21 1
21 2
22 2
22 3
23 3
22 3
23 3
23 4
24 4
25 4
24 4
25 4
25 3
25 4
24 4
24 3
25 3
24 3
25 3
26 3
26 2
26 3
26 2
26 1
26 0
27 0
27 1
27 0
27 1
27 0
28 0
28 1
28 0
27 0
27 1
27 0
27 1
28 1
29 1
29 0
30 0
30 1
30 0
30 1
31 1
31 0
30 0
31 0
32 0
33 0
33 1
33 2
33 1
32 1
33 1
34 1
33 1
33 2
32 2
32 1
31 1
32 1
33 1
33 0
33 1
33 2
32 2
32 3
31 3
32 3
31 3
31 2
32 2
32 1
32 0
31 0
30 0
31 0
31 1
31 0
31 1
31 0
31 1
30 1
29 1
30 1
30 0
30 1
29 1
28 1
29 1
29 2
30 2
31 2
31 3
31 4
30 4
30 5
30 6
29 6
28 6
28 5
28 6
28 5
29 5
28 5
27 5
27 6
26 6
25 6
25 5
26 5
27 5
28 5
28 6
29 6
28 6
29 6
28 6
28 7
28 8
28 7
29 7
29 8
29 9
29 8
30 8
31 8
30 8
31 8
30 8
29 8
29 7
29 6
29 7
29 8
28 8
28 9
28 8
27 8
27 7
27 8
27 9
27 8
27 7
28 7
28 8
29 8
29 7
29 6
28 6
29 6
29 5
29 4
29 5
29 6
29 7
30 7
30 6
30 7
30 6
29 6
29 7
29 8
29 9
28 9
28 8
28 7
29 7
29 8
29 7
30 7
30 8
31 8
31 7
31 8
32 8
32 7
