0 0
1 0
1 1
1 2
2 2
1 2
1 3
2 3
2 4
2 3
2 2
2 3
1 3
1 4
1 3
2 3
3 3
2 3
2 4
2 5
2 6
2 7
2 6
1 6
2 6
3 6
4 6
4 7
4 8
4 7
4 8
4 9
3 9
3 8
2 8
3 8
3 9
3 10
2 10
2 9
1 9
1 8
2 8
1 8
1 7
0 7
1 7
0 7
1 7
1 6
0 6
1 6
0 6
1 6
2 6
3 6
2 6
3 6
4 6
4 7
4 6
4 7
4 6
4 5
5 5
5 4
4 4
4 5
3 5
2 5
1 5
0 5
1 5
1 6
0 6
0 7
1 7
0 7
1 7
1 6
1 5
2 5
1 5
1 6
1 7
0 7
0 8
1 8
1 7
0 7
0 6
0 7
0 6
1 6
2 6
2 7
2 6
2 5
3 5
3 4
3 3
2 3
2 4
3 4
3 5
2 5
3 5
3 4
3 3
3 2
2 2
1 2
2 2
2 3
1 3
1 4
0 4
1 4
2 4
2 5
2 6
2 5
2 4
2 5
1 5
1 4
1 3
2 3
2 4
1 4
1 3
1 2
0 2
1 2
1 1
2 1
1 1
1 0
2 0
3 0
3 1
4 1
4 0
4 1
5 1
5 0
6 0
6 1
6 0
6 1
5 1
6 1
7 1
7 0
8 0
8 1
8 0
9 0
8 0
8 1
9 1
8 1
8 0
9 0
10 0
10 1
10 0
10 1
10 0
10 1
9 1
9 2
10 2
9 2
10 2
10 1
10 2
9 2
9 3
9 2
9 3
8 3
8 4
9 4
9 5
8 5
7 5
6 5
6 6
7 6
8 6
8 5
8 6
7 6
7 5
7 4
7 3
7 2
7 1
7 2
6 2
7 2
7 1
7 2
7 3
6 3
6 4
7 4
7 3
6 3
5 3
6 3
6 2
6 3
6 4
6 3
6 4
7 4
7 5
7 6
6 6
6 7
6 8
5 8
4 8
4 7
4 6
5 6
5 7
5 8
5 9
5 10
5 9
6 9
7 9
7 10
8 10
8 9
9 9
9 8
9 9
10 9
10 10
11 10
12 10
13 10
14 10
14 11
14 12
14 11
15 11
15 12
15 11
15 10
16 10
16 9
16 10
15 10
15 9
14 9
15 9
15 10
15 11
14 11
14 12
15 12
15 11
16 11
16 12
17 12
17 13
18 13
18 12
17 12
18 12
19 12
19 13
18 13
19 13
20 13
20 12
21 12
21 11
21 12
21 13
21 12
20 12
20 13
21 13
21 12
21 13
22 13
23 13
23 12
24 12
25 12
25 11
25 12
24 12
24 11
25 11
26 11
26 10
25 10
25 11
25 10
24 10
24 9
23 9
23 8
22 8
23 8
23 7
22 7
21 7
22 7
22 6
23 6
23 7
23 6
23 5
22 5
23 5
23 6
24 6
23 6
22 6
22 5
22 4
21 4
21 5
20 5
20 6
21 6
21 5
20 5
19 5
19 6
19 5
19 4
20 4
20 5
20 6
19 6
19 5
20 5
20 6
20 7
21 7
21 6
21 7
21 6
21 5
21 4
21 3
21 4
20 4
19 4
20 4
20 5
20 4
21 4
20 4
20 3
20 4
21 4
20 4
21 4
22 4
22 5
21 5
22 5
21 5
22 5
22 6
22 7
22 6
22 7
22 8
23 8
23 9
23 10
22 10
22 9
22 10
21 10
20 10
20 11
21 11
21 12
21 13
21 14
20 14
19 14
20 14
21 14
21 15
21 14
21 13
21 14
22 14
23 14
23 13
22 13
23 13
22 13
23 13
23 14
23 13
24 13
23 13
24 13
25 13
25 12
24 12
25 12
24 12
25 12
26 12
26 11
25 11
25 10
25 11
25 10
25 9
25 8
24 8
25 8
25 7
26 7
26 6
27 6
28 6
27 6
27 5
27 4
27 5
27 4
26 4
26 3
27 3
27 2
26 2
26 3
26 2
25 2
24 2
24 3
24 2
24 3
25 3
26 3
27 3
26 3
27 3
27 2
26 2
26 1
26 2
25 2
25 1
26 1
25 1
24 1
23 1
22 1
22 2
22 1
22 0
22 1
23 1
23 0
22 0
22 1
22 0
22 1
22 0
23 0
23 1
23 2
23 3
23 4
22 4
21 4
21 5
22 5
22 6
22 7
23 7
23 6
23 5
23 6
24 6
23 6
23 7
23 8
24 8
24 9
24 10
24 9
24 10
25 10
26 10
27 10
26 10
26 11
26 12
26 11
27 11
28 11
29 11
28 11
27 11
28 11
28 10
28 9
29 9
30 9
30 8
30 9
29 9
29 10
28 10
27 10
27 9
27 8
27 7
28 7
28 8
29 8
29 7
30 7
29 7
29 6
30 6
30 5
29 5
30 5
29 5
29 6
28 6
29 6
29 5
29 4
29 3
30 3
29 3
29 4
29 5
29 6
29 5
28 5
29 5
29 6
30 6
30 5
30 4
31 4
32 4
32 5
31 5
30 5
30 6
30 7
29 7
30 7
30 6
30 5
31 5
30 5
30 6
29 6
28 6
29 6
29 7
28 7
27 7
27 8
26 8
26 9
27 9
28 9
27 9
26 9
27 9
28 9
28 10
29 10
30 10
31 10
31 9
31 8
30 8
30 9
30 8
30 7
30 6
29 6
30 6
30 5
30 6
30 5
30 6
29 6
28 6
27 6
28 6
28 7
28 8
29 8
29 7
28 7
27 7
28 7
28 8
29 8
29 7
29 8
29 9
28 9
29 9
29 8
29 7
29 6
29 7
28 7
28 6
28 5
28 4
27 4
27 5
26 5
25 5
24 5
23 5
22 5
21 5
20 5
21 5
20 5
19 5
19 6
19 5
19 6
20 6
21 6
21 5
21 4
22 4
22 5
21 5
21 4
22 4
21 4
20 4
21 4
21 5
22 5
21 5
21 4
22 4
23 4
24 4
23 4
24 4
24 5
25 5
25 6
25 5
25 4
24 4
24 5
24 6
25 6
25 7
26 7
27 7
27 8
27 7
27 8
27 9
26 9
26 10
27 10
28 10
28 9
29 9
29 10
28 10
29 10
29 9
30 9
29 9
30 9
30 10
31 10
31 9
31 8
31 9
32 9
32 10
32 11
32 10
32 9
31 9
30 9
31 9
30 9
29 9
28 9
28 8
28 7
28 6
29 6
30 6
29 6
30 6
31 6
30 6
30 5
29 5
29 6
29 5
29 6
29 5
28 5
29 5
30 5
30 6
29 6
30 6
30 5
30 4
31 4
31 3
32 3
31 3
31 4
32 4
32 3
33 3
34 3
34 2
35 2
36 2
36 3
37 3
37 4
37 5
38 5
37 5
38 5
37 5
37 6
37 7
37 6
37 7
36 7
36 6
35 6
35 7
34 7
34 8
34 9
34 8
33 8
34 8
34 9
34 10
33 10
34 10
35 10
36 10
37 10
37 11
38 11
37 11
37 10
38 10
39 10
39 11
40 11
40 12
40 11
40 10
41 10
41 9
41 8
41 9
40 9
40 10
40 11
40 10
40 11
40 12
39 12
38 12
38 13
38 12
38 13
37 13
36 13
36 12
37 12
36 12
36 13
36 12
36 13
37 13
38 13
38 14
38 13
39 13
40 13
40 14
40 13
40 12
40 11
40 10
40 9
40 8
41 8
42 8
43 8
42 8
42 9
42 8
42 9
42 8
41 8
41 7
41 8
42 8
43 8
44 8
45 8
44 8
44 9
43 9
43 10
43 11
43 10
43 11
43 10
43 11
42 11
42 12
43 12
43 11
43 12
43 13
43 12
43 13
43 12
42 12
43 12
44 12
43 12
44 12
44 11
44 12
43 12
44 12
44 11
45 11
44 11
44 12
43 12
42 12
42 13
42 14
43 14
43 13
43 14
43 15
43 16
44 16
44 15
44 16
43 16
42 16
42 15
43 15
43 14
42 14
43 14
44 14
44 15
44 16
44 17
43 17
42 17
42 18
42 17
41 17
40 17
40 16
40 15
41 15
40 15
41 15
41 16
42 16
43 16
43 17
43 18
42 18
42 19
42 20
43 20
43 21
44 21
44 20
45 20
45 19
46 19
46 18
46 19
46 18
45 18
45 17
45 16
45 17
44 17
44 18
45 18
46 18
45 18
45 19
46 19
46 20
47 20
47 21
46 21
45 21
45 22
45 23
45 22
46 22
46 23
46 24
46 23
45 23
45 24
46 24
46 23
46 24
46 23
46 24
47 24
47 23
47 22
48 22
48 23
49 23
50 23
49 23
48 23
49 23
50 23
50 22
50 23
51 23
50 23
50 24
50 25
50 24
49 24
48 24
47 24
47 23
47 22
48 22
49 22
49 23
48 23
47 23
47 22
47 21
48 21
49 21
50 21
51 21
52 21
51 21
50 21
50 22
50 23
50 22
51 22
50 22
50 21
51 21
51 22
51 21
51 20
50 20
51 20
51 19
51 18
