0 0
0 1
0 2
1 2
1 3
0 3
0 2
1 2
1 3
2 3
3 3
3 4
3 3
3 4
3 3
2 3
2 4
2 3
3 3
2 3
1 3
1 4
2 4
2 3
3 3
3 4
3 3
3 2
2 2
1 2
1 1
1 2
1 1
1 2
1 1
1 0
0 0
1 0
1 1
1 2
1 1
0 1
0 0
0 1
0 2
1 2
1 1
2 1
1 1
0 1
1 1
1 2
0 2
0 1
1 1
1 0
1 1
2 1
1 1
1 2
1 3
2 3
1 3
2 3
3 3
2 3
1 3
1 4
2 4
1 4
0 4
0 3
0 4
0 5
1 5
1 4
1 5
1 4
1 5
2 5
2 6
3 6
3 5
4 5
4 6
4 7
3 7
2 7
3 7
3 8
3 7
4 7
3 7
4 7
4 8
5 8
5 7
5 6
5 7
5 8
5 9
5 10
6 10
5 10
5 11
5 10
5 11
5 10
5 9
5 10
5 11
6 11
6 12
5 12
4 12
4 13
4 12
4 13
4 14
5 14
4 14
4 13
4 12
4 13
4 14
4 13
4 14
4 15
3 15
4 15
4 16
3 16
2 16
3 16
3 15
4 15
3 15
3 16
3 15
3 14
2 14
3 14
2 14
3 14
3 13
3 12
3 11
3 12
3 13
3 14
4 14
5 14
4 14
5 14
5 15
5 14
5 13
5 14
6 14
7 14
7 15
7 14
8 14
8 13
8 12
9 12
9 11
9 12
9 13
9 12
9 11
9 12
10 12
11 12
10 12
10 11
9 11
9 12
9 13
9 12
10 12
10 11
9 11
9 10
9 11
8 11
8 12
9 12
9 11
9 10
9 9
8 9
7 9
7 8
7 7
7 6
6 6
7 6
7 7
7 8
6 8
6 9
7 9
8 9
9 9
9 10
9 9
10 9
10 10
10 11
9 11
9 12
10 12
10 11
9 11
9 12
8 12
8 11
8 12
8 13
8 14
9 14
9 15
8 15
8 14
8 15
7 15
7 14
8 14
8 13
9 13
9 14
10 14
10 15
9 15
9 16
9 15
8 15
8 16
9 16
9 15
8 15
8 16
9 16
9 17
10 17
9 17
10 17
9 17
9 16
9 15
9 14
10 14
11 14
12 14
12 15
12 14
13 14
12 14
12 15
12 16
11 16
11 17
11 16
11 17
12 17
12 18
12 19
11 19
11 18
11 19
11 18
10 18
10 17
9 17
9 16
8 16
8 15
8 16
8 17
8 18
8 19
8 20
7 20
7 21
6 21
6 20
7 20
6 20
6 21
7 21
7 20
8 20
8 21
8 22
8 21
8 20
9 20
8 20
8 21
9 21
10 21
11 21
11 22
12 22
12 23
13 23
13 22
13 21
13 22
14 22
14 23
14 24
14 23
15 23
15 24
15 23
16 23
17 23
17 24
17 25
17 26
18 26
19 26
18 26
18 25
17 25
16 25
15 25
15 26
15 27
15 28
14 28
14 27
14 28
13 28
13 27
13 26
12 26
12 25
13 25
13 24
12 24
12 25
12 24
12 25
12 26
13 26
13 27
13 26
13 27
13 28
14 28
14 27
14 26
15 26
16 26
17 26
16 26
16 25
16 26
16 25
16 24
16 23
17 23
17 24
17 25
16 25
16 26
16 27
15 27
16 27
15 27
14 27
13 27
14 27
14 28
14 27
14 28
14 29
14 28
14 29
13 29
14 29
13 29
14 29
15 29
15 28
14 28
15 28
16 28
16 27
15 27
14 27
15 27
16 27
16 28
17 28
18 28
18 27
18 28
18 29
19 29
19 30
19 29
19 30
19 31
19 32
18 32
17 32
16 32
17 32
17 31
18 31
19 31
18 31
17 31
17 32
17 33
18 33
18 34
18 33
18 34
19 34
18 34
19 34
20 34
20 35
21 35
20 35
21 35
20 35
19 35
19 34
20 34
20 33
20 34
20 33
19 33
18 33
18 34
18 33
18 34
18 33
18 34
18 35
19 35
18 35
17 35
17 34
16 34
17 34
16 34
17 34
17 33
17 34
18 34
18 33
17 33
17 32
16 32
17 32
17 33
18 33
17 33
18 33
18 34
19 34
20 34
19 34
18 34
19 34
19 33
20 33
21 33
21 34
20 34
20 35
20 36
21 36
21 37
21 38
21 37
21 36
22 36
21 36
21 37
21 36
21 37
21 36
20 36
19 36
18 36
19 36
19 35
19 34
20 34
20 33
19 33
19 34
20 34
20 35
20 34
19 34
19 33
20 33
19 33
18 33
18 32
17 32
17 33
16 33
15 33
16 33
17 33
17 32
17 33
17 32
17 31
17 30
18 30
18 31
18 30
17 30
17 31
16 31
16 32
16 33
16 32
15 32
15 33
15 34
14 34
14 33
13 33
13 32
13 33
13 34
12 34
12 33
12 32
13 32
14 32
14 33
13 33
14 33
13 33
12 33
12 34
12 35
13 35
13 34
13 33
14 33
14 32
14 31
14 30
13 30
14 30
13 30
14 30
15 30
15 29
14 29
14 28
14 29
14 30
14 29
14 30
15 30
15 29
15 30
15 31
15 30
15 31
15 32
14 32
14 33
14 34
14 33
14 34
15 34
15 33
16 33
15 33
16 33
16 34
16 35
17 35
18 35
18 34
18 33
18 32
19 32
20 32
20 33
21 33
21 32
21 33
22 33
21 33
21 34
20 34
20 33
20 34
19 34
19 35
19 34
19 35
20 35
20 36
21 36
22 36
22 37
21 37
21 38
20 38
21 38
22 38
22 37
21 37
20 37
19 37
19 38
19 37
18 37
19 37
19 36
19 35
20 35
21 35
20 35
21 35
21 36
20 36
19 36
19 37
19 38
20 38
20 37
20 36
20 35
20 34
20 33
20 32
20 31
20 32
19 32
19 31
20 31
20 30
20 31
19 31
18 31
18 30
19 30
19 29
19 28
18 28
18 29
18 28
17 28
17 27
17 26
16 26
17 26
18 26
18 27
18 26
17 26
16 26
17 26
18 26
19 26
19 25
18 25
17 25
18 25
18 24
18 25
17 25
18 25
19 25
18 25
19 25
19 26
20 26
20 25
20 26
21 26
21 27
21 26
21 27
20 27
20 28
20 27
21 27
21 26
21 25
22 25
22 24
23 24
23 25
23 26
24 26
24 27
24 26
24 25
24 26
23 26
22 26
21 26
21 25
20 25
21 25
22 25
22 26
22 27
23 27
24 27
23 27
22 27
22 26
23 26
22 26
22 25
22 26
22 27
21 27
21 28
22 28
23 28
24 28
24 29
24 28
25 28
26 28
26 27
25 27
25 28
25 27
25 26
24 26
25 26
24 26
23 26
22 26
23 26
24 26
24 27
24 28
23 28
24 28
23 28
23 27
22 27
22 26
23 26
22 26
21 26
22 26
23 26
23 25
23 24
23 25
23 26
23 27
24 27
24 26
24 27
23 27
23 28
23 29
22 29
22 30
23 30
22 30
21 30
21 31
21 32
21 33
20 33
21 33
21 32
21 33
21 32
21 33
21 32
20 32
20 33
19 33
19 34
19 33
20 33
21 33
22 33
22 34
21 34
22 34
22 35
22 34
23 34
22 34
22 33
22 34
21 34
22 34
22 35
22 34
23 34
22 34
23 34
23 33
22 33
22 32
22 33
22 34
21 34
21 33
21 34
21 35
20 35
20 36
20 35
19 35
20 35
20 36
20 37
19 37
19 36
20 36
19 36
18 36
18 35
18 36
19 36
18 36
18 37
18 38
17 38
18 38
18 39
17 39
18 39
19 39
19 38
20 38
20 39
21 39
22 39
21 39
22 39
22 38
22 39
21 39
21 38
21 37
22 37
22 38
23 38
22 38
22 37
22 36
23 36
22 36
21 36
20 36
21 36
22 36
22 37
22 36
21 36
21 35
20 35
19 35
20 35
21 35
21 36
20 36
21 36
21 35
20 35
19 35
19 34
20 34
19 34
18 34
18 33
19 33
19 32
20 32
20 33
19 33
19 34
20 34
21 34
21 35
21 36
21 35
21 34
21 33
21 32
22 32
22 31
22 32
21 32
21 33
22 33
22 32
22 31
21 31
22 31
21 31
21 30
20 30
20 31
20 32
20 33
21 33
21 32
20 32
20 33
20 34
20 33
20 32
21 32
22 32
22 33
21 33
20 33
19 33
19 34
19 35
19 36
19 37
19 36
19 37
18 37
18 36
18 37
17 37
17 36
16 36
15 36
16 36
16 37
17 37
16 37
16 38
16 39
16 40
16 39
16 38
15 38
15 39
15 40
15 39
15 40
15 41
16 41
16 42
17 42
16 42
16 43
16 42
17 42
17 41
18 41
18 40
18 39
18 40
18 39
18 38
18 39
18 38
17 38
17 39
16 39
15 39
15 38
15 37
15 38
16 38
16 37
16 36
16 35
16 36
17 36
18 36
18 35
18 34
18 35
17 35
17 34
17 33
16 33
16 32
16 33
16 34
16 35
