0 0
0 1
1 1
1 2
1 1
2 1
1 1
0 1
0 0
0 1
0 0
1 0
0 0
0 1
0 2
0 3
0 2
1 2
1 1
1 2
2 2
2 3
1 3
1 4
1 5
1 6
2 6
2 5
3 5
3 4
3 3
3 2
3 3
3 4
2 4
2 5
2 6
2 5
2 6
1 6
0 6
0 5
0 6
0 7
1 7
2 7
2 6
1 6
0 6
0 5
1 5
0 5
1 5
1 4
1 5
1 6
0 6
0 5
1 5
2 5
2 4
2 5
1 5
0 5
1 5
0 5
1 5
1 4
1 5
2 5
2 6
2 7
2 6
2 5
2 6
2 7
3 7
3 8
2 8
1 8
2 8
2 9
2 8
3 8
2 8
2 7
3 7
2 7
1 7
2 7
3 7
3 8
4 8
5 8
6 8
6 9
7 9
6 9
5 9
5 8
5 9
5 8
6 8
6 9
6 10
5 10
6 10
6 9
5 9
6 9
7 9
7 10
7 9
7 8
7 9
8 9
9 9
9 10
9 9
10 9
10 10
10 11
11 11
11 12
10 12
10 13
9 13
9 12
8 12
9 12
9 13
9 12
10 12
9 12
8 12
8 13
8 14
7 14
6 14
6 15
6 14
6 13
7 13
6 13
6 14
6 15
6 16
6 17
5 17
6 17
6 18
6 17
6 16
7 16
7 15
7 14
7 15
6 15
5 15
5 16
6 16
7 16
7 17
7 18
8 18
9 18
8 18
9 18
9 19
9 20
9 21
9 22
8 22
9 22
8 22
7 22
8 22
8 23
9 23
10 23
9 23
9 24
9 25
8 25
9 25
8 25
9 25
9 24
8 24
8 25
7 25
6 25
6 24
6 25
6 24
6 25
5 25
4 25
5 25
4 25
4 26
4 27
5 27
4 27
5 27
5 28
4 28
3 28
3 27
4 27
5 27
6 27
7 27
6 27
7 27
6 27
6 28
5 28
5 29
6 29
6 30
6 29
7 29
6 29
5 29
5 30
5 29
6 29
7 29
7 28
7 29
7 28
8 28
8 29
8 28
8 27
9 27
8 27
8 28
7 28
6 28
5 28
5 27
5 26
4 26
4 27
4 28
3 28
3 29
3 28
3 29
3 30
3 31
4 31
3 31
3 30
4 30
4 31
4 32
3 32
2 32
2 33
2 32
2 33
2 34
2 35
1 35
0 35
1 35
1 36
1 37
1 36
0 36
0 37
0 38
1 38
0 38
1 38
2 38
3 38
4 38
4 37
4 36
3 36
4 36
3 36
4 36
5 36
4 36
3 36
4 36
5 36
4 36
3 36
3 35
2 35
3 35
3 36
2 36
2 35
2 34
2 33
1 33
1 34
1 33
0 33
0 34
0 35
1 35
1 34
2 34
2 33
1 33
1 32
0 32
0 31
0 30
1 30
0 30
1 30
0 30
1 30
1 31
0 31
1 31
0 31
0 30
1 30
1 29
2 29
3 29
4 29
4 28
4 27
4 26
4 25
4 24
4 23
4 22
5 22
4 22
3 22
2 22
3 22
2 22
2 23
3 23
3 22
4 22
3 22
3 21
3 20
3 21
3 22
3 21
3 20
2 20
3 20
4 20
4 19
4 18
4 17
3 17
3 16
4 16
5 16
6 16
7 16
8 16
9 16
9 17
9 18
9 19
9 18
8 18
8 17
8 18
8 19
7 19
6 19
5 19
6 19
5 19
5 18
5 17
6 17
7 17
7 16
7 15
8 15
9 15
10 15
10 16
9 16
8 16
8 17
9 17
10 17
11 17
11 18
11 17
11 18
10 18
10 19
10 18
11 18
11 19
11 20
11 19
12 19
12 18
11 18
11 17
11 18
11 17
12 17
12 16
12 17
12 18
12 19
12 20
12 21
12 22
12 21
11 21
11 22
11 21
11 20
11 21
10 21
11 21
10 21
10 22
11 22
10 22
10 21
10 20
11 20
10 20
10 21
11 21
10 21
10 22
9 22
10 22
11 22
11 21
12 21
12 20
13 20
14 20
15 20
15 19
16 19
15 19
16 19
17 19
18 19
18 20
18 21
18 22
18 23
18 24
19 24
20 24
19 24
19 23
20 23
21 23
22 23
21 23
21 22
21 23
22 23
22 22
22 23
21 23
21 24
22 24
22 23
21 23
21 24
22 24
22 25
23 25
24 25
23 25
23 26
24 26
25 26
25 27
25 28
24 28
23 28
23 29
23 30
23 29
24 29
23 29
24 29
25 29
25 30
25 31
24 31
23 31
23 32
23 31
22 31
22 32
22 31
21 31
20 31
21 31
22 31
23 31
23 32
24 32
25 32
24 32
24 33
24 34
24 33
24 32
25 32
25 33
25 32
26 32
27 32
27 31
26 31
27 31
27 32
26 32
25 32
25 33
25 34
25 35
25 36
25 35
25 34
25 33
25 32
25 33
25 34
25 35
26 35
26 36
26 37
26 38
26 37
26 38
26 37
26 36
26 35
27 35
27 36
27 35
26 35
26 34
25 34
26 34
25 34
25 35
26 35
26 36
25 36
25 35
24 35
24 34
24 33
25 33
25 34
25 33
25 34
24 34
24 33
23 33
23 32
23 33
24 33
24 32
25 32
25 33
25 32
24 32
25 32
26 32
26 31
27 31
26 31
26 30
25 30
24 30
24 31
23 31
24 31
24 32
24 31
24 32
24 33
25 33
24 33
24 32
24 31
25 31
26 31
26 32
25 32
24 32
23 32
22 32
21 32
21 33
21 32
20 32
19 32
20 32
20 31
21 31
20 31
20 30
20 31
20 30
21 30
21 31
22 31
22 32
22 31
21 31
21 32
22 32
22 31
23 31
23 30
23 31
22 31
22 32
23 32
23 33
23 32
22 32
22 31
22 32
22 31
22 32
22 31
22 30
22 29
21 29
22 29
22 28
21 28
20 28
20 27
20 26
20 27
21 27
20 27
20 26
19 26
20 26
20 25
20 26
21 26
20 26
21 26
22 26
23 26
22 26
21 26
21 25
21 26
21 25
22 25
21 25
21 24
22 24
22 25
23 25
22 25
21 25
21 26
22 26
21 26
20 26
19 26
19 25
20 25
20 26
19 26
18 26
18 27
19 27
19 28
20 28
20 27
21 27
22 27
21 27
21 28
21 27
22 27
21 27
22 27
22 26
22 25
22 26
22 25
22 24
22 23
22 24
23 24
24 24
25 24
24 24
24 25
24 24
25 24
25 23
24 23
24 22
24 21
25 21
26 21
26 20
26 19
25 19
25 20
25 19
24 19
25 19
24 19
23 19
23 20
24 20
25 20
24 20
24 21
24 20
23 20
23 19
22 19
22 20
22 21
22 22
23 22
22 22
23 22
24 22
25 22
26 22
27 22
28 22
28 23
28 22
28 23
29 23
30 23
30 24
30 25
31 25
31 26
30 26
30 27
29 27
29 26
30 26
30 27
30 26
29 26
29 25
29 24
29 23
29 24
29 23
29 24
29 25
28 25
27 25
27 24
27 25
28 25
28 26
28 25
28 26
27 26
27 27
28 27
29 27
28 27
28 28
28 29
28 28
27 28
27 27
26 27
25 27
25 26
25 27
25 28
25 29
24 29
25 29
24 29
25 29
25 28
25 27
26 27
26 26
26 25
26 26
25 26
26 26
26 25
26 24
25 24
26 24
26 25
27 25
27 26
27 25
27 24
27 25
27 26
27 27
27 28
26 28
26 29
25 29
25 30
25 31
26 31
27 31
27 30
27 31
28 31
27 31
27 32
28 32
27 32
28 32
27 32
26 32
26 31
26 32
26 31
27 31
27 30
28 30
28 29
28 30
27 30
28 30
27 30
27 29
27 30
26 30
27 30
26 30
27 30
26 30
25 30
24 30
24 31
24 32
24 33
23 33
22 33
23 33
22 33
21 33
21 32
20 32
20 31
21 31
21 32
22 32
21 32
21 33
21 32
21 31
21 30
21 29
21 30
21 29
22 29
23 29
22 29
22 28
23 28
23 27
22 27
21 27
20 27
20 28
19 28
19 27
18 27
18 26
18 27
17 27
17 26
17 25
17 26
16 26
17 26
18 26
17 26
16 26
17 26
18 26
19 26
18 26
18 25
17 25
17 26
17 25
18 25
18 24
19 24
19 25
19 24
20 24
21 24
21 23
22 23
22 24
22 23
22 22
22 23
23 23
23 24
23 23
23 22
23 21
23 22
23 23
24 23
25 23
25 24
26 24
26 23
26 24
25 24
25 23
24 23
25 23
26 23
26 24
26 23
26 22
25 22
25 23
25 22
24 22
23 22
23 21
22 21
23 21
24 21
24 20
23 20
24 20
25 20
25 19
24 19
24 18
25 18
25 19
25 20
25 19
25 18
25 19
25 20
26 20
25 20
25 21
26 21
26 20
26 21
26 20
25 20
26 20
27 20
26 20
26 21
26 22
25 22
25 21
24 21
25 21
24 21
23 21
24 21
24 20
24 19
25 19
24 19
24 18
24 17
