0 0
1 0
2 0
2 1
3 1
3 0
2 0
2 1
2 2
2 3
3 3
4 3
4 2
4 1
4 0
4 1
3 1
3 0
3 1
4 1
3 1
3 0
4 0
5 0
4 0
4 1
3 1
2 1
2 0
1 0
0 0
0 1
0 0
1 0
1 1
1 2
1 1
0 1
1 1
1 0
1 1
0 1
0 2
0 1
1 1
0 1
1 1
0 1
1 1
1 0
2 0
1 0
2 0
2 1
2 2
1 2
1 3
2 3
3 3
3 2
4 2
3 2
4 2
4 1
5 1
5 0
5 1
5 2
5 1
5 2
5 1
5 0
4 0
4 1
4 0
3 0
3 1
4 1
3 1
3 0
3 1
4 1
3 1
3 2
3 1
4 1
4 2
4 1
5 1
5 0
4 0
4 1
4 2
5 2
5 3
4 3
4 2
4 1
5 1
4 1
4 0
5 0
5 1
4 1
4 2
4 3
4 4
3 4
3 5
2 5
2 6
1 6
1 5
0 5
0 6
0 7
0 6
0 5
1 5
1 6
1 7
1 8
1 9
2 9
3 9
4 9
5 9
4 9
4 8
4 7
4 8
5 8
4 8
4 9
3 9
2 9
1 9
1 8
1 7
2 7
2 8
1 8
1 7
0 7
0 6
0 5
0 6
0 7
0 8
0 9
1 9
1 10
1 11
1 10
0 10
0 9
1 9
1 8
0 8
0 7
1 7
1 8
0 8
0 9
0 10
0 9
1 9
2 9
3 9
3 8
2 8
2 9
1 9
0 9
1 9
2 9
2 10
1 10
0 10
1 10
1 9
1 10
2 10
1 10
2 10
1 10
1 11
1 12
1 13
1 12
1 11
1 12
0 12
1 12
2 12
2 13
3 13
3 12
3 11
2 11
2 10
1 10
2 10
1 10
1 11
1 12
1 11
0 11
1 11
1 12
2 12
1 12
2 12
1 12
1 11
0 11
1 11
0 11
1 11
2 11
1 11
1 10
0 10
1 10
0 10
0 9
1 9
1 8
2 8
1 8
2 8
2 9
3 9
2 9
2 10
2 11
2 12
2 13
1 13
2 13
3 13
4 13
4 12
3 12
3 13
2 13
2 12
2 11
2 12
1 12
0 12
0 13
1 13
2 13
2 14
1 14
1 15
1 16
2 16
1 16
0 16
1 16
2 16
3 16
3 15
3 14
2 14
3 14
4 14
3 14
4 14
4 15
3 15
2 15
1 15
1 16
1 15
1 16
2 16
2 17
1 17
1 16
1 17
1 16
2 16
3 16
3 15
2 15
1 15
2 15
3 15
2 15
1 15
0 15
0 14
0 15
1 15
0 15
0 14
1 14
1 13
2 13
1 13
1 12
2 12
2 13
3 13
3 14
2 14
2 15
1 15
1 16
0 16
0 17
0 16
0 15
1 15
1 14
1 15
1 14
1 15
1 14
1 13
1 12
2 12
2 11
1 11
0 11
0 12
1 12
2 12
1 12
2 12
2 13
3 13
4 13
4 12
3 12
4 12
4 11
5 11
4 11
5 11
4 11
3 11
3 10
3 9
4 9
4 8
5 8
4 8
4 7
4 6
4 7
3 7
4 7
4 8
3 8
2 8
3 8
3 7
3 6
4 6
4 7
5 7
6 7
7 7
6 7
5 7
6 7
5 7
5 8
6 8
5 8
4 8
5 8
4 8
4 7
3 7
4 7
4 6
3 6
2 6
2 5
2 4
1 4
1 3
0 3
0 4
0 3
1 3
1 2
2 2
2 3
2 2
3 2
4 2
4 3
3 3
2 3
2 4
2 5
3 5
2 5
3 5
3 6
2 6
3 6
4 6
5 6
6 6
7 6
7 5
6 5
6 6
6 5
7 5
7 6
7 7
7 6
6 6
6 7
6 8
5 8
5 9
5 8
4 8
4 9
4 10
3 10
3 11
2 11
1 11
1 10
1 9
1 10
2 10
3 10
4 10
5 10
4 10
3 10
3 11
3 12
2 12
1 12
0 12
0 11
1 11
1 12
0 12
0 13
0 12
1 12
1 11
2 11
3 11
3 10
3 9
2 9
2 8
2 9
1 9
1 10
0 10
0 11
1 11
1 10
1 9
1 10
2 10
1 10
1 9
0 9
0 8
0 7
1 7
0 7
1 7
2 7
1 7
0 7
1 7
1 6
2 6
2 5
3 5
4 5
5 5
4 5
5 5
5 4
6 4
7 4
8 4
8 3
9 3
9 2
9 1
9 0
9 1
9 0
9 1
10 1
10 0
10 1
9 1
9 2
10 2
9 2
10 2
10 3
11 3
12 3
12 2
12 1
12 2
12 3
12 4
13 4
13 5
13 6
14 6
14 7
13 7
13 6
12 6
13 6
13 5
12 5
12 4
13 4
12 4
13 4
12 4
12 3
13 3
12 3
12 2
12 3
11 3
10 3
10 4
10 3
9 3
10 3
10 4
10 5
10 4
11 4
11 3
12 3
12 2
12 1
12 2
13 2
12 2
11 2
10 2
9 2
8 2
7 2
8 2
9 2
10 2
10 1
10 2
10 3
10 2
11 2
10 2
9 2
9 3
9 2
9 1
10 1
10 0
11 0
10 0
10 1
11 1
11 2
12 2
13 2
12 2
11 2
11 3
11 2
12 2
13 2
14 2
14 1
15 1
14 1
14 2
14 1
13 1
14 1
15 1
15 2
14 2
14 3
14 2
14 1
14 0
13 0
14 0
13 0
13 1
13 0
13 1
14 1
13 1
14 1
14 2
14 1
15 1
15 0
15 1
15 2
15 3
15 4
16 4
15 4
14 4
15 4
16 4
16 5
17 5
16 5
16 4
16 3
16 4
15 4
15 3
16 3
17 3
17 2
18 2
19 2
19 3
20 3
21 3
21 4
21 3
20 3
20 2
21 2
22 2
21 2
21 3
21 4
22 4
23 4
24 4
24 3
23 3
22 3
23 3
23 4
23 5
24 5
25 5
25 6
26 6
26 5
25 5
24 5
25 5
25 4
26 4
26 3
26 2
27 2
26 2
26 3
26 4
26 3
25 3
24 3
24 4
25 4
25 5
26 5
25 5
25 6
25 7
25 8
25 7
25 8
24 8
24 9
25 9
25 8
25 9
25 10
25 9
25 8
26 8
26 7
26 8
25 8
26 8
26 7
25 7
26 7
25 7
25 6
25 7
25 8
26 8
26 7
27 7
26 7
26 8
25 8
26 8
26 7
27 7
28 7
28 6
27 6
27 7
27 6
27 7
26 7
26 8
26 7
27 7
26 7
27 7
27 8
27 9
27 10
26 10
27 10
27 11
26 11
26 12
26 11
26 12
25 12
26 12
26 13
26 14
26 13
26 12
26 13
26 12
26 13
26 12
26 13
27 13
28 13
29 13
29 14
30 14
29 14
30 14
31 14
30 14
29 14
29 13
29 14
29 15
29 16
28 16
28 15
29 15
29 14
29 15
29 14
28 14
29 14
29 13
29 14
29 13
28 13
28 12
29 12
30 12
30 13
29 13
28 13
28 14
28 15
28 16
28 17
28 18
27 18
26 18
26 19
25 19
26 19
26 18
26 19
27 19
26 19
26 18
26 17
27 17
27 16
26 16
26 15
26 16
25 16
25 17
26 17
27 17
28 17
28 18
27 18
27 17
27 16
27 15
28 15
28 16
28 15
27 15
28 15
27 15
26 15
27 15
27 16
27 17
27 16
27 15
27 14
28 14
28 13
27 13
27 12
26 12
25 12
25 13
25 12
24 12
25 12
26 12
26 11
26 12
26 13
26 14
26 15
26 14
26 15
26 14
27 14
27 13
27 14
27 13
27 12
27 13
27 14
28 14
28 13
28 14
27 14
28 14
28 15
28 16
27 16
27 15
27 16
27 17
27 16
27 17
28 17
28 18
29 18
30 18
30 17
30 18
31 18
30 18
29 18
30 18
30 19
30 18
30 19
30 18
30 17
29 17
29 16
29 15
29 16
29 15
28 15
27 15
27 14
27 13
27 12
28 12
28 13
29 13
29 14
29 13
29 14
28 14
28 15
29 15
29 16
29 17
29 18
29 19
30 19
29 19
29 20
29 21
28 21
28 20
28 19
29 19
28 19
29 19
30 19
31 19
30 19
30 20
31 20
31 19
31 18
30 18
29 18
29 19
30 19
31 19
31 18
32 18
32 17
31 17
32 17
31 17
32 17
31 17
32 17
32 18
32 19
33 19
33 18
34 18
34 17
34 18
34 17
34 18
35 18
34 18
34 17
34 16
34 15
35 15
34 15
34 16
34 15
34 14
34 13
35 13
35 12
35 13
35 12
35 13
35 14
35 13
35 12
34 12
34 11
35 11
35 10
35 9
34 9
33 9
34 9
34 8
33 8
32 8
32 7
32 8
33 8
34 8
33 8
33 7
32 7
33 7
32 7
32 6
32 5
32 4
32 3
32 4
31 4
31 3
32 3
33 3
33 2
33 3
34 3
33 3
33 2
32 2
32 3
