0 0
0 1
1 1
1 0
1 1
2 1
2 2
1 2
2 2
2 1
2 2
2 3
3 3
3 2
4 2
4 3
5 3
6 3
7 3
6 3
6 2
5 2
5 3
5 2
5 1
6 1
6 2
5 2
5 3
5 2
5 1
6 1
6 0
6 1
6 0
7 0
7 1
6 1
6 2
6 1
6 0
6 1
6 2
5 2
5 1
5 0
6 0
6 1
6 0
5 0
6 0
6 1
5 1
5 0
5 1
5 2
5 1
5 2
6 2
6 1
7 1
6 1
7 1
8 1
8 2
7 2
7 1
8 1
8 0
9 0
9 1
9 2
9 3
9 2
9 3
10 3
10 2
9 2
9 1
8 1
8 2
8 1
7 1
6 1
6 2
7 2
8 2
7 2
6 2
6 1
7 1
6 1
5 1
6 1
6 0
5 0
4 0
5 0
5 1
5 0
6 0
6 1
7 1
7 2
7 3
8 3
7 3
7 2
6 2
5 2
6 2
7 2
6 2
5 2
4 2
4 3
4 4
4 5
4 4
5 4
5 3
5 4
5 5
5 4
5 5
5 6
4 6
5 6
4 6
4 7
4 8
4 7
4 6
3 6
3 7
3 6
2 6
1 6
0 6
1 6
0 6
0 5
1 5
1 6
1 5
1 6
2 6
2 5
2 4
1 4
2 4
1 4
1 5
1 4
1 5
1 4
0 4
1 4
1 3
2 3
2 4
2 3
1 3
1 2
1 1
1 0
1 1
1 0
2 0
2 1
2 0
2 1
2 2
1 2
2 2
3 2
3 3
2 3
2 4
2 3
2 4
2 3
2 2
3 2
2 2
2 3
3 3
2 3
3 3
2 3
1 3
1 2
1 1
0 1
0 2
0 3
1 3
2 3
2 4
2 3
1 3
2 3
2 4
1 4
0 4
1 4
2 4
3 4
2 4
3 4
4 4
4 5
3 5
3 4
4 4
3 4
4 4
4 5
3 5
2 5
2 4
2 3
3 3
3 2
2 2
3 2
4 2
3 2
3 1
4 1
5 1
6 1
6 0
5 0
4 0
5 0
5 1
5 0
4 0
4 1
3 1
2 1
3 1
4 1
5 1
5 0
5 1
6 1
5 1
4 1
5 1
6 1
7 1
7 0
8 0
8 1
8 2
8 1
9 1
8 1
9 1
9 2
10 2
11 2
12 2
12 3
12 4
12 5
12 4
12 5
12 6
12 5
13 5
12 5
12 6
12 7
13 7
13 6
13 7
13 6
13 5
14 5
14 4
14 3
14 2
14 3
13 3
13 2
14 2
15 2
15 1
16 1
17 1
17 2
16 2
17 2
18 2
18 1
18 2
17 2
16 2
17 2
17 1
18 1
18 0
17 0
17 1
17 2
17 3
16 3
15 3
14 3
14 2
14 1
14 0
13 0
14 0
15 0
15 1
15 0
15 1
15 0
15 1
14 1
15 1
16 1
15 1
15 0
15 1
15 2
15 1
14 1
14 0
13 0
12 0
12 1
13 1
13 0
14 0
14 1
14 0
14 1
14 2
13 2
13 1
13 0
14 0
14 1
13 1
12 1
12 0
12 1
11 1
10 1
10 0
11 0
11 1
11 2
10 2
11 2
10 2
10 3
11 3
11 4
10 4
9 4
9 3
9 2
8 2
7 2
8 2
9 2
8 2
8 1
7 1
7 0
7 1
7 0
8 0
9 0
9 1
9 2
9 3
8 3
8 2
9 2
8 2
8 1
8 0
8 1
8 0
9 0
8 0
8 1
8 0
9 0
9 1
9 2
9 3
8 3
8 4
9 4
9 3
9 4
8 4
8 5
7 5
6 5
6 4
6 3
7 3
6 3
6 4
5 4
4 4
4 5
4 6
4 5
5 5
5 4
6 4
5 4
5 3
4 3
5 3
6 3
7 3
6 3
6 2
6 1
6 2
5 2
5 1
6 1
7 1
8 1
8 2
7 2
8 2
8 3
8 4
8 3
8 2
7 2
7 1
7 0
6 0
6 1
6 0
6 1
7 1
7 2
7 3
6 3
7 3
7 4
6 4
6 3
6 4
5 4
5 3
5 4
5 3
4 3
5 3
6 3
6 4
7 4
7 3
7 2
6 2
6 1
7 1
7 2
6 2
6 3
5 3
5 2
6 2
7 2
7 3
7 2
6 2
6 1
6 0
5 0
5 1
4 1
5 1
5 0
5 1
6 1
6 2
6 3
7 3
7 2
8 2
7 2
8 2
8 3
7 3
6 3
6 2
5 2
5 3
6 3
6 2
6 3
7 3
7 2
7 3
7 4
7 5
7 6
8 6
9 6
9 5
8 5
7 5
7 4
7 5
6 5
5 5
5 4
4 4
4 3
4 4
3 4
3 5
2 5
3 5
4 5
4 4
4 5
3 5
4 5
4 6
4 5
4 6
3 6
4 6
3 6
3 5
3 6
2 6
3 6
3 7
3 8
2 8
2 9
2 8
2 7
1 7
0 7
0 6
0 7
0 6
1 6
0 6
1 6
1 7
1 6
2 6
3 6
2 6
3 6
3 7
2 7
1 7
1 6
2 6
1 6
1 7
0 7
0 6
1 6
1 7
2 7
2 8
2 9
2 8
1 8
2 8
2 9
1 9
0 9
0 10
1 10
1 11
0 11
0 12
0 11
0 12
1 12
1 11
1 10
0 10
0 11
0 12
0 13
1 13
2 13
3 13
2 13
2 14
1 14
1 13
0 13
0 14
0 15
0 16
0 15
1 15
2 15
1 15
0 15
0 16
0 17
1 17
2 17
3 17
4 17
4 16
4 17
4 16
5 16
4 16
5 16
4 16
5 16
5 15
5 16
5 17
6 17
6 18
6 17
6 18
7 18
6 18
5 18
6 18
7 18
6 18
6 17
7 17
7 16
7 17
8 17
9 17
10 17
10 16
11 16
10 16
10 17
10 18
9 18
8 18
8 17
8 16
8 17
8 16
8 15
8 14
9 14
9 15
10 15
10 16
10 15
9 15
10 15
9 15
8 15
8 14
8 15
8 16
9 16
10 16
9 16
10 16
9 16
9 15
10 15
10 16
10 17
9 17
9 16
10 16
10 15
10 16
10 17
11 17
11 16
12 16
11 16
11 15
11 14
11 15
10 15
11 15
11 16
12 16
11 16
10 16
11 16
12 16
11 16
11 15
11 16
11 15
12 15
12 16
11 16
12 16
13 16
14 16
14 17
15 17
15 16
16 16
16 15
17 15
17 14
18 14
17 14
17 13
17 14
18 14
18 13
18 14
17 14
16 14
16 15
16 14
16 13
16 14
15 14
15 15
14 15
14 14
14 13
15 13
14 13
14 12
14 13
15 13
16 13
17 13
16 13
16 14
16 13
17 13
18 13
17 13
17 14
16 14
17 14
17 13
17 14
16 14
15 14
16 14
16 13
16 14
16 13
16 14
16 15
17 15
17 14
18 14
19 14
19 15
20 15
20 14
19 14
18 14
17 14
16 14
15 14
15 13
16 13
16 12
16 11
16 12
16 13
16 14
16 13
17 13
17 12
17 13
17 14
17 15
18 15
19 15
20 15
21 15
20 15
19 15
19 14
20 14
20 15
19 15
18 15
18 14
18 13
19 13
19 12
20 12
20 11
20 12
20 11
21 11
21 12
22 12
23 12
22 12
21 12
21 13
22 13
23 13
24 13
23 13
24 13
24 14
23 14
23 13
24 13
25 13
25 14
26 14
27 14
26 14
26 15
25 15
26 15
27 15
26 15
26 16
25 16
25 17
24 17
25 17
26 17
27 17
27 16
27 17
27 18
28 18
28 17
28 16
29 16
30 16
30 17
31 17
32 17
33 17
33 18
34 18
35 18
35 19
34 19
35 19
35 18
36 18
36 17
37 17
36 17
37 17
38 17
38 18
37 18
36 18
36 19
36 20
35 20
36 20
35 20
35 21
35 20
34 20
35 20
34 20
33 20
34 20
34 21
34 22
35 22
35 23
35 24
35 23
35 22
35 23
34 23
35 23
36 23
36 24
37 24
37 23
37 24
38 24
39 24
39 25
38 25
37 25
38 25
37 25
37 26
36 26
36 27
36 26
36 25
36 26
37 26
38 26
39 26
38 26
38 27
38 26
37 26
38 26
37 26
37 25
36 25
36 26
37 26
37 27
37 26
37 27
37 26
38 26
38 27
38 26
38 25
38 24
38 23
38 22
37 22
38 22
38 23
38 22
39 22
38 22
37 22
37 21
38 21
39 21
38 21
39 21
39 22
39 21
40 21
39 21
40 21
39 21
40 21
40 22
40 21
41 21
42 21
42 20
41 20
42 20
42 21
43 21
42 21
43 21
42 21
42 22
43 22
42 22
42 23
42 24
42 23
42 24
43 24
44 24
44 23
44 22
44 21
45 21
46 21
46 22
47 22
47 23
46 23
46 24
45 24
45 23
46 23
46 24
47 24
48 24
49 24
49 23
50 23
49 23
50 23
50 22
49 22
50 22
50 23
