0 0
0 1
0 2
1 2
1 3
1 4
1 3
2 3
2 4
2 3
2 4
3 4
4 4
3 4
3 3
2 3
2 4
1 4
2 4
1 4
0 4
0 3
0 4
1 4
0 4
0 3
0 4
1 4
0 4
1 4
2 4
2 5
1 5
2 5
2 4
2 3
2 4
2 5
2 4
3 4
3 5
3 6
4 6
4 7
3 7
2 7
3 7
2 7
1 7
2 7
2 8
2 9
1 9
2 9
3 9
3 10
2 10
2 9
2 8
2 7
2 8
3 8
3 9
3 10
3 11
3 12
3 11
3 10
2 10
2 11
3 11
2 11
1 11
1 10
2 10
3 10
4 10
4 9
4 10
5 10
5 11
6 11
7 11
8 11
8 12
8 13
8 12
8 13
9 13
8 13
7 13
7 12
8 12
9 12
10 12
10 13
11 13
11 12
12 12
12 13
13 13
13 14
14 14
15 14
14 14
15 14
14 14
14 15
14 14
14 13
14 12
14 13
13 13
13 12
13 11
13 10
12 10
12 11
13 11
14 11
14 10
14 11
14 10
13 10
13 11
12 11
12 10
12 9
12 8
11 8
10 8
9 8
9 9
9 8
8 8
8 7
7 7
8 7
9 7
10 7
11 7
12 7
13 7
13 6
13 7
12 7
12 6
13 6
12 6
12 7
11 7
10 7
11 7
10 7
10 8
11 8
11 7
11 8
12 8
11 8
11 9
11 10
11 9
12 9
13 9
12 9
13 9
13 8
13 9
14 9
15 9
15 10
15 11
15 10
16 10
15 10
15 11
16 11
16 12
16 13
17 13
16 13
17 13
17 14
16 14
15 14
15 13
15 12
15 13
15 14
15 15
14 15
15 15
15 14
15 13
14 13
14 14
14 13
15 13
15 12
15 13
15 14
15 13
16 13
16 14
16 15
16 14
16 13
17 13
17 14
17 13
16 13
16 14
17 14
18 14
18 15
17 15
16 15
17 15
17 14
16 14
15 14
15 13
16 13
16 14
16 13
16 12
15 12
16 12
16 11
16 10
17 10
17 9
18 9
18 10
17 10
17 11
17 10
17 9
16 9
16 10
15 10
15 9
16 9
16 10
17 10
18 10
18 9
18 8
19 8
19 7
18 7
18 8
17 8
16 8
17 8
17 7
17 6
17 7
18 7
18 8
18 9
18 8
17 8
18 8
18 7
19 7
19 6
19 5
19 4
19 3
19 2
20 2
19 2
18 2
18 1
18 2
18 1
18 0
18 1
18 0
18 1
18 2
19 2
20 2
21 2
21 3
22 3
23 3
22 3
23 3
23 2
23 1
24 1
25 1
25 0
25 1
25 0
25 1
26 1
25 1
26 1
26 2
27 2
27 3
27 2
26 2
27 2
27 1
27 0
28 0
28 1
29 1
29 2
29 1
30 1
30 0
29 0
30 0
30 1
29 1
29 2
29 3
29 2
30 2
30 1
30 0
31 0
30 0
29 0
28 0
29 0
28 0
28 1
29 1
29 2
28 2
29 2
29 3
29 2
28 2
28 1
29 1
30 1
31 1
32 1
32 2
31 2
31 3
31 4
31 3
31 4
31 5
30 5
29 5
28 5
29 5
28 5
29 5
29 6
28 6
28 7
28 8
29 8
28 8
28 7
27 7
27 6
27 7
26 7
25 7
26 7
27 7
27 6
27 7
28 7
29 7
28 7
29 7
29 8
28 8
29 8
29 9
30 9
31 9
31 8
31 9
32 9
31 9
32 9
32 10
33 10
33 11
33 10
33 9
33 10
33 11
34 11
35 11
35 12
34 12
33 12
32 12
33 12
32 12
33 12
33 11
33 10
34 10
35 10
34 10
35 10
36 10
36 11
36 10
36 9
37 9
38 9
38 10
39 10
39 9
39 8
40 8
40 7
39 7
40 7
40 8
41 8
42 8
43 8
44 8
44 7
45 7
45 6
44 6
44 7
43 7
43 6
43 7
42 7
41 7
40 7
40 6
41 6
42 6
42 7
43 7
43 8
42 8
42 7
43 7
42 7
42 8
43 8
42 8
42 9
42 10
42 11
42 10
42 11
42 10
42 11
41 11
41 10
41 11
41 12
40 12
40 11
40 12
41 12
41 13
42 13
41 13
42 13
42 14
43 14
43 13
44 13
43 13
43 14
43 13
42 13
42 12
41 12
41 13
41 14
41 15
41 14
41 15
42 15
42 14
41 14
41 15
41 16
40 16
39 16
39 17
40 17
41 17
40 17
39 17
38 17
39 17
39 16
39 15
40 15
40 14
40 13
40 12
41 12
42 12
41 12
40 12
41 12
42 12
42 11
43 11
43 12
42 12
41 12
41 13
40 13
41 13
42 13
42 12
41 12
40 12
41 12
41 11
41 10
42 10
41 10
41 9
42 9
42 10
42 11
42 10
42 9
42 10
42 9
42 10
41 10
42 10
43 10
44 10
44 11
44 10
44 11
44 12
44 11
43 11
42 11
42 10
42 9
41 9
41 10
41 11
40 11
40 10
39 10
39 9
39 10
39 11
39 10
39 9
39 8
40 8
40 7
39 7
40 7
39 7
39 8
38 8
38 7
39 7
40 7
40 6
40 7
40 6
41 6
41 5
41 4
42 4
41 4
41 3
42 3
42 4
42 5
42 4
42 3
42 2
41 2
40 2
40 1
40 2
41 2
41 1
42 1
42 2
41 2
41 1
42 1
42 2
41 2
41 1
41 0
40 0
40 1
40 2
40 3
40 4
41 4
41 5
41 6
40 6
41 6
42 6
41 6
42 6
42 7
41 7
41 6
42 6
42 5
42 4
43 4
43 5
44 5
44 6
44 5
44 4
44 3
45 3
46 3
46 4
46 5
46 6
47 6
47 7
47 8
48 8
49 8
49 9
49 10
49 9
49 8
49 7
49 8
50 8
50 7
49 7
49 8
50 8
51 8
50 8
49 8
48 8
48 9
49 9
48 9
48 10
49 10
50 10
49 10
50 10
50 9
51 9
52 9
52 8
52 7
52 6
53 6
52 6
52 5
51 5
51 6
51 5
52 5
51 5
51 4
51 5
51 6
51 7
52 7
52 8
52 7
53 7
54 7
54 8
55 8
55 9
54 9
54 8
54 9
55 9
55 10
55 9
55 10
54 10
53 10
53 11
54 11
54 12
55 12
54 12
54 11
54 10
54 11
55 11
55 12
55 13
56 13
56 12
57 12
57 13
56 13
55 13
55 14
56 14
56 15
56 14
57 14
56 14
55 14
55 13
55 12
54 12
55 12
55 13
54 13
53 13
54 13
53 13
52 13
52 14
52 13
51 13
51 12
50 12
49 12
49 11
49 10
50 10
49 10
50 10
51 10
51 9
51 10
50 10
50 11
50 12
51 12
51 13
50 13
49 13
49 14
49 13
48 13
47 13
46 13
45 13
45 14
45 13
46 13
45 13
46 13
45 13
44 13
45 13
46 13
45 13
45 14
45 15
46 15
45 15
44 15
44 14
45 14
45 15
46 15
46 16
46 17
45 17
46 17
46 18
46 19
46 20
46 19
45 19
45 20
44 20
44 21
44 22
44 21
44 22
44 23
44 22
43 22
42 22
42 21
41 21
41 20
40 20
39 20
39 21
39 22
39 21
39 20
38 20
38 21
39 21
39 20
39 21
39 20
38 20
39 20
40 20
39 20
40 20
40 21
40 22
41 22
41 21
42 21
42 20
43 20
42 20
41 20
42 20
41 20
41 19
42 19
42 20
42 19
42 20
43 20
43 21
42 21
43 21
44 21
44 20
44 19
44 20
44 21
43 21
44 21
44 22
43 22
44 22
45 22
45 23
46 23
46 24
46 25
47 25
47 26
47 27
47 26
47 27
46 27
46 28
45 28
45 27
45 28
46 28
46 29
46 30
46 29
45 29
44 29
44 28
44 29
44 28
44 27
44 28
43 28
43 29
44 29
43 29
43 30
44 30
43 30
42 30
43 30
43 29
42 29
42 28
41 28
42 28
42 27
43 27
44 27
44 28
45 28
44 28
44 29
45 29
44 29
44 28
44 29
43 29
43 28
42 28
41 28
41 27
40 27
40 26
39 26
40 26
40 25
39 25
40 25
40 26
40 25
39 25
39 26
38 26
39 26
39 27
39 26
39 25
38 25
37 25
37 26
37 27
37 26
38 26
38 27
38 28
37 28
37 27
38 27
38 26
38 25
37 25
37 24
37 25
36 25
36 26
36 27
36 26
35 26
36 26
37 26
37 27
37 28
38 28
38 27
39 27
40 27
40 28
40 29
39 29
39 30
40 30
41 30
42 30
41 30
41 31
40 31
40 32
40 31
40 30
40 31
41 31
41 30
42 30
42 29
42 28
41 28
41 29
42 29
41 29
40 29
40 28
40 27
39 27
39 28
39 27
40 27
40 26
41 26
41 27
40 27
40 28
40 27
40 28
41 28
41 29
41 30
41 31
41 32
42 32
42 33
42 34
42 35
42 36
41 36
41 37
41 36
