0 0
1 0
2 0
2 1
3 1
2 1
3 1
4 1
3 1
3 0
3 1
2 1
1 1
1 0
0 0
1 0
1 1
1 2
2 2
2 3
2 2
3 2
4 2
4 3
5 3
6 3
7 3
7 4
7 5
6 5
6 4
5 4
5 3
4 3
5 3
4 3
4 2
5 2
4 2
4 3
3 3
4 3
4 2
5 2
4 2
3 2
4 2
3 2
3 1
2 1
2 0
2 1
2 2
3 2
4 2
3 2
3 3
4 3
4 4
4 3
4 2
4 1
3 1
4 1
5 1
4 1
5 1
5 0
6 0
7 0
7 1
8 1
9 1
9 2
8 2
8 3
8 2
7 2
8 2
7 2
7 1
6 1
5 1
4 1
5 1
5 2
5 3
6 3
7 3
7 4
7 3
7 2
6 2
6 3
7 3
7 2
8 2
8 1
7 1
8 1
9 1
9 0
9 1
9 2
9 1
9 0
9 1
9 0
8 0
9 0
9 1
9 0
8 0
8 1
7 1
7 2
6 2
6 1
5 1
5 0
5 1
5 0
5 1
5 2
5 1
5 0
5 1
6 1
5 1
5 2
5 1
4 1
3 1
3 0
3 1
2 1
1 1
0 1
0 2
0 1
0 0
1 0
1 1
0 1
1 1
2 1
2 2
2 1
2 2
3 2
2 2
3 2
3 3
3 4
3 5
4 5
4 6
3 6
4 6
4 5
4 6
4 7
4 6
4 5
5 5
5 6
5 5
4 5
3 5
4 5
3 5
3 4
3 5
2 5
2 6
2 5
2 6
1 6
0 6
1 6
1 7
2 7
3 7
3 8
3 9
3 10
2 10
1 10
1 11
1 10
2 10
3 10
4 10
5 10
5 11
5 12
4 12
4 13
4 12
5 12
6 12
5 12
6 12
6 11
5 11
4 11
4 12
5 12
4 12
4 13
4 14
5 14
6 14
7 14
8 14
9 14
10 14
10 15
10 16
11 16
10 16
9 16
8 16
9 16
9 17
10 17
11 17
11 18
11 17
10 17
10 16
10 15
10 14
11 14
11 13
11 14
10 14
10 15
10 16
10 17
11 17
10 17
10 18
10 19
9 19
9 18
10 18
10 17
11 17
12 17
11 17
11 16
11 15
12 15
13 15
12 15
12 16
12 17
13 17
13 18
12 18
12 19
12 18
11 18
11 19
11 18
12 18
12 17
13 17
14 17
13 17
14 17
14 18
14 19
14 18
13 18
13 17
13 18
12 18
11 18
11 19
10 19
10 20
10 21
11 21
11 22
11 23
11 22
11 23
11 24
10 24
10 25
10 26
9 26
8 26
8 25
8 26
9 26
9 25
9 24
9 23
8 23
8 22
8 21
8 20
9 20
9 19
9 18
9 19
10 19
11 19
10 19
11 19
12 19
13 19
13 18
12 18
12 19
13 19
13 20
13 19
13 18
13 17
13 18
12 18
11 18
12 18
12 17
11 17
12 17
12 16
12 15
13 15
13 14
13 15
14 15
14 14
14 13
14 14
13 14
13 15
13 16
13 17
12 17
11 17
10 17
10 18
9 18
9 17
10 17
10 16
11 16
11 17
12 17
12 16
12 17
12 18
13 18
12 18
12 19
13 19
12 19
13 19
13 18
14 18
14 17
14 16
13 16
12 16
12 17
12 18
12 17
12 18
13 18
14 18
13 18
13 19
13 20
13 21
13 22
13 23
14 23
14 24
14 25
15 25
15 26
16 26
15 26
15 27
16 27
17 27
16 27
17 27
16 27
16 28
16 27
16 28
16 27
16 28
16 29
16 28
17 28
16 28
15 28
15 29
16 29
16 28
15 28
15 29
15 30
15 31
16 31
16 32
16 31
17 31
16 31
16 30
15 30
16 30
15 30
15 31
16 31
16 30
15 30
15 29
14 29
14 28
14 27
13 27
13 28
13 27
12 27
12 28
12 27
11 27
10 27
9 27
10 27
10 28
10 27
9 27
10 27
10 28
10 29
10 30
10 29
11 29
11 30
11 31
12 31
12 32
12 33
11 33
11 34
11 35
10 35
10 34
9 34
9 35
8 35
7 35
7 34
7 35
8 35
7 35
6 35
5 35
4 35
4 36
5 36
5 37
6 37
6 36
5 36
4 36
5 36
4 36
4 35
4 34
4 33
5 33
5 32
4 32
4 31
3 31
3 30
3 31
2 31
2 30
2 31
2 30
2 31
2 32
2 33
2 32
2 31
2 30
3 30
2 30
2 29
2 28
2 29
1 29
1 30
2 30
2 29
2 30
1 30
2 30
2 29
2 30
2 31
1 31
1 30
1 29
1 28
0 28
0 27
0 26
0 27
0 26
1 26
0 26
1 26
1 27
2 27
2 28
3 28
4 28
4 29
5 29
5 30
5 31
5 32
4 32
3 32
3 33
2 33
1 33
1 34
1 33
1 34
1 33
1 34
0 34
1 34
2 34
2 33
2 32
2 33
2 34
3 34
2 34
2 33
3 33
3 32
3 31
4 31
5 31
5 32
5 33
4 33
4 32
4 31
5 31
5 32
5 33
5 34
5 35
5 34
6 34
5 34
4 34
5 34
4 34
3 34
3 33
3 32
2 32
1 32
1 31
0 31
0 32
1 32
1 31
1 32
1 31
1 30
2 30
2 29
2 28
1 28
1 29
1 30
2 30
2 29
2 28
3 28
2 28
1 28
1 29
1 28
1 27
0 27
0 26
0 27
1 27
1 28
0 28
1 28
1 29
1 30
0 30
1 30
1 29
0 29
1 29
2 29
2 28
3 28
3 27
3 28
3 29
3 28
2 28
2 29
2 28
1 28
1 29
1 28
1 29
0 29
1 29
1 30
1 31
0 31
0 32
0 33
1 33
1 34
1 33
1 34
2 34
1 34
2 34
3 34
3 33
4 33
4 34
3 34
4 34
3 34
4 34
3 34
2 34
2 35
2 34
2 35
1 35
1 34
2 34
2 35
1 35
1 36
0 36
0 37
0 36
1 36
2 36
2 37
2 38
3 38
3 37
2 37
1 37
0 37
0 38
1 38
1 39
0 39
0 40
1 40
1 41
0 41
1 41
1 42
0 42
0 43
0 42
0 41
1 41
0 41
1 41
1 42
2 42
1 42
1 43
1 42
2 42
1 42
0 42
1 42
2 42
3 42
4 42
5 42
6 42
6 43
5 43
5 44
5 45
6 45
6 44
6 45
6 44
7 44
8 44
8 45
8 46
8 45
8 44
9 44
9 45
9 46
9 45
10 45
10 44
11 44
10 44
10 43
9 43
9 44
9 43
10 43
11 43
11 44
11 45
11 46
12 46
11 46
10 46
9 46
9 45
9 44
10 44
10 45
10 44
10 43
10 44
10 43
10 42
11 42
11 41
12 41
13 41
12 41
12 42
11 42
11 43
11 42
12 42
11 42
10 42
10 43
11 43
11 44
12 44
12 43
13 43
14 43
13 43
13 44
12 44
13 44
12 44
11 44
10 44
10 45
9 45
8 45
8 44
8 43
8 42
9 42
9 41
10 41
9 41
9 40
9 41
9 40
10 40
9 40
10 40
10 41
10 40
9 40
8 40
8 41
9 41
8 41
8 42
8 41
8 42
8 43
8 44
9 44
9 43
10 43
10 42
10 43
10 42
9 42
8 42
8 43
7 43
7 42
7 43
7 44
7 43
7 42
8 42
9 42
8 42
8 43
7 43
7 42
8 42
9 42
8 42
9 42
10 42
10 41
9 41
10 41
10 42
10 43
9 43
8 43
8 44
8 45
8 46
8 45
8 46
8 47
8 48
8 49
7 49
7 50
7 49
7 48
8 48
8 49
8 50
9 50
10 50
10 49
11 49
11 50
12 50
12 51
11 51
12 51
11 51
11 50
11 49
11 48
10 48
10 49
10 48
9 48
9 47
9 48
9 47
9 46
9 45
9 44
8 44
8 43
8 42
9 42
10 42
11 42
11 41
10 41
11 41
11 42
12 42
11 42
12 42
13 42
14 42
14 43
13 43
13 44
13 43
13 44
13 45
12 45
11 45
10 45
11 45
11 46
12 46
13 46
12 46
11 46
10 46
11 46
11 45
11 46
11 47
11 48
12 48
12 49
13 49
13 50
14 50
14 51
14 52
15 52
15 53
15 52
14 52
14 53
13 53
12 53
12 52
12 51
13 51
14 51
14 50
13 50
14 50
14 49
14 50
15 50
16 50
16 49
15 49
14 49
14 48
15 48
16 48
17 48
16 48
16 47
17 47
17 46
17 47
17 46
17 47
17 46
17 45
16 45
16 46
16 45
17 45
17 44
18 44
17 44
17 43
16 43
16 44
16 45
15 45
16 45
16 44
16 45
17 45
17 46
17 47
16 47
17 47
17 48
17 47
17 48
16 48
16 49
17 49
18 49
19 49
18 49
18 48
18 49
17 49
17 48
17 47
18 47
18 46
18 47
18 46
17 46
17 45
16 45
17 45
17 46
16 46
15 46
14 46
13 46
