0 0
1 0
1 1
1 0
1 1
1 0
1 1
0 1
1 1
0 1
0 0
1 0
1 1
0 1
1 1
0 1
1 1
2 1
3 1
2 1
2 0
3 0
3 1
3 2
3 1
3 0
2 0
1 0
1 1
1 0
1 1
2 1
2 0
2 1
2 0
2 1
2 2
3 2
3 3
3 4
4 4
4 3
4 4
3 4
2 4
1 4
2 4
2 3
1 3
0 3
1 3
2 3
2 2
3 2
3 3
3 2
3 1
3 2
4 2
5 2
5 3
6 3
6 4
5 4
4 4
3 4
2 4
2 5
3 5
3 4
2 4
2 5
2 6
3 6
4 6
4 7
5 7
4 7
4 6
4 5
3 5
3 6
3 5
2 5
3 5
4 5
5 5
4 5
5 5
5 4
4 4
3 4
4 4
4 5
3 5
3 6
2 6
2 7
1 7
1 8
1 7
1 6
2 6
2 7
3 7
3 6
3 7
4 7
4 6
3 6
3 5
4 5
3 5
2 5
2 6
2 5
1 5
1 4
1 5
0 5
1 5
1 6
0 6
0 7
0 8
0 9
1 9
2 9
2 10
2 11
3 11
2 11
2 12
2 13
2 14
1 14
2 14
3 14
3 13
3 14
4 14
5 14
4 14
4 15
3 15
3 16
3 15
2 15
2 16
1 16
0 16
0 15
0 16
1 16
2 16
2 17
2 16
2 17
1 17
1 18
0 18
1 18
1 19
1 20
1 21
2 21
1 21
2 21
1 21
1 20
0 20
0 21
1 21
0 21
1 21
2 21
2 20
1 20
1 21
1 22
0 22
1 22
1 23
0 23
0 24
1 24
2 24
2 25
2 24
2 25
1 25
2 25
2 26
2 27
2 26
2 27
3 27
2 27
1 27
1 26
1 25
1 26
1 27
2 27
3 27
4 27
4 26
5 26
5 27
5 28
4 28
5 28
4 28
4 27
4 28
3 28
4 28
5 28
4 28
4 27
4 28
3 28
4 28
4 27
4 26
4 25
3 25
4 25
4 24
5 24
4 24
4 25
4 24
5 24
4 24
4 23
4 24
4 25
4 24
4 25
4 26
5 26
5 27
5 26
5 27
5 28
5 29
6 29
6 28
5 28
5 29
6 29
7 29
7 28
8 28
7 28
8 28
8 29
9 29
9 28
8 28
8 29
7 29
7 30
7 29
6 29
5 29
5 30
5 29
4 29
3 29
4 29
4 30
4 29
4 30
3 30
3 31
3 32
2 32
2 33
2 34
2 35
2 34
3 34
2 34
1 34
2 34
2 33
1 33
0 33
0 34
0 35
0 34
0 33
0 34
1 34
1 35
1 36
0 36
1 36
2 36
1 36
0 36
0 35
0 34
1 34
1 35
1 34
2 34
2 35
2 34
1 34
1 33
1 32
2 32
3 32
4 32
5 32
5 31
4 31
3 31
4 31
3 31
3 30
2 30
3 30
3 29
3 28
3 29
4 29
3 29
2 29
1 29
1 30
2 30
2 31
2 30
2 29
3 29
2 29
3 29
3 30
3 31
2 31
1 31
2 31
3 31
4 31
4 32
5 32
5 31
6 31
7 31
7 30
6 30
6 29
6 28
6 29
5 29
5 28
6 28
6 29
7 29
8 29
7 29
7 30
7 31
8 31
7 31
8 31
9 31
9 32
10 32
10 31
9 31
9 30
9 31
8 31
8 32
8 31
7 31
7 30
6 30
6 29
6 30
5 30
6 30
6 29
5 29
5 28
5 27
6 27
7 27
7 28
8 28
7 28
8 28
8 29
9 29
8 29
8 30
9 30
9 29
9 30
9 31
9 30
9 29
8 29
8 30
9 30
9 31
9 30
9 31
9 32
8 32
7 32
7 33
6 33
6 34
7 34
6 34
6 35
7 35
6 35
7 35
7 36
7 37
7 38
6 38
7 38
7 37
6 37
6 36
6 35
6 36
5 36
5 35
4 35
4 34
3 34
4 34
4 33
5 33
4 33
4 32
4 33
5 33
5 32
4 32
4 33
5 33
6 33
5 33
5 32
5 33
6 33
6 32
7 32
7 33
7 32
7 33
7 32
7 31
7 30
6 30
5 30
5 31
6 31
6 32
5 32
5 33
4 33
5 33
5 34
4 34
4 33
3 33
3 34
3 33
3 32
4 32
3 32
3 31
3 30
3 29
2 29
2 28
2 29
2 30
1 30
1 29
1 28
1 27
0 27
0 26
0 27
0 28
0 27
1 27
1 28
0 28
0 29
0 30
0 29
0 28
0 27
1 27
1 26
2 26
2 27
2 26
2 27
2 28
1 28
2 28
2 29
2 30
3 30
3 29
2 29
1 29
0 29
0 30
1 30
1 31
0 31
0 32
1 32
0 32
1 32
1 33
1 32
0 32
1 32
1 33
2 33
2 32
3 32
4 32
4 31
3 31
2 31
1 31
1 32
1 31
1 30
0 30
1 30
1 31
2 31
3 31
3 32
4 32
3 32
3 33
3 32
2 32
3 32
3 33
2 33
2 34
2 33
1 33
1 32
2 32
2 33
1 33
1 34
1 35
1 34
0 34
1 34
2 34
2 35
1 35
1 34
0 34
0 33
0 34
1 34
1 33
1 34
1 33
1 32
2 32
1 32
1 33
1 34
1 35
2 35
1 35
0 35
0 34
1 34
1 33
1 32
2 32
2 33
2 34
1 34
0 34
0 33
0 34
0 35
0 34
1 34
1 35
2 35
3 35
4 35
4 36
3 36
3 35
3 36
2 36
2 37
1 37
2 37
2 36
1 36
1 37
2 37
2 38
2 37
1 37
2 37
2 38
1 38
2 38
2 37
2 36
1 36
1 37
1 36
0 36
0 35
1 35
2 35
1 35
1 36
1 37
0 37
0 36
0 35
0 36
1 36
1 37
0 37
0 36
1 36
1 35
0 35
1 35
1 34
1 35
1 36
1 37
1 38
1 39
0 39
1 39
2 39
1 39
2 39
2 40
3 40
3 39
2 39
2 38
1 38
1 37
1 36
1 37
2 37
1 37
1 36
0 36
0 35
1 35
0 35
1 35
0 35
0 36
0 37
0 36
0 37
0 38
1 38
1 37
0 37
1 37
1 36
0 36
1 36
2 36
2 35
3 35
4 35
4 34
4 35
3 35
3 34
2 34
2 35
1 35
1 34
1 33
2 33
2 34
3 34
3 33
3 34
3 35
3 36
3 35
3 34
2 34
2 35
3 35
4 35
4 34
3 34
3 33
3 34
4 34
3 34
2 34
3 34
3 35
4 35
4 36
4 35
5 35
4 35
4 36
4 37
5 37
5 36
5 37
4 37
5 37
4 37
3 37
2 37
2 38
1 38
0 38
1 38
0 38
0 37
1 37
1 36
1 37
0 37
0 36
0 35
0 36
0 35
0 36
1 36
2 36
3 36
3 37
4 37
4 38
3 38
2 38
2 39
2 38
2 37
2 36
2 35
2 34
1 34
1 35
0 35
0 34
0 35
0 34
0 35
0 36
0 37
0 36
0 37
0 38
0 39
1 39
0 39
1 39
0 39
0 40
1 40
1 39
2 39
2 38
3 38
3 39
3 38
4 38
5 38
5 37
5 38
5 39
4 39
4 40
4 41
5 41
5 42
5 41
5 42
5 41
5 42
6 42
5 42
5 43
6 43
5 43
5 42
5 43
5 42
4 42
4 43
3 43
3 44
3 45
4 45
4 44
4 43
4 44
3 44
3 43
2 43
2 44
3 44
2 44
2 45
2 46
1 46
0 46
0 47
1 47
1 46
0 46
1 46
1 45
2 45
3 45
3 44
2 44
2 43
2 42
2 41
2 42
2 43
3 43
2 43
1 43
1 42
2 42
1 42
1 41
1 42
2 42
3 42
2 42
1 42
2 42
3 42
2 42
2 43
3 43
2 43
1 43
2 43
1 43
0 43
1 43
0 43
0 44
0 45
0 44
1 44
1 43
2 43
3 43
4 43
3 43
2 43
1 43
1 44
1 43
1 44
1 43
1 44
1 43
1 44
0 44
0 43
1 43
0 43
0 42
0 41
0 42
1 42
0 42
0 41
0 42
1 42
2 42
3 42
2 42
2 43
2 44
2 43
1 43
0 43
1 43
0 43
0 42
0 41
0 40
1 40
1 41
1 40
2 40
2 39
2 40
2 39
2 40
3 40
3 39
3 40
2 40
3 40
3 41
3 40
3 39
3 40
4 40
4 41
4 40
4 39
4 40
3 40
3 39
3 40
2 40
2 39
1 39
1 38
0 38
1 38
2 38
2 37
2 38
2 37
2 38
2 37
2 38
1 38
0 38
1 38
1 37
2 37
2 38
2 37
2 38
1 38
0 38
0 37
1 37
1 38
1 39
1 38
1 37
2 37
2 38
2 37
1 37
1 36
2 36
2 37
3 37
3 36
2 36
1 36
0 36
0 37
0 38
1 38
1 39
0 39
1 39
0 39
0 40
0 41
0 42
0 43
1 43
1 42
