0 0
0 1
0 2
0 1
0 2
1 2
1 1
1 0
0 0
0 1
0 2
0 1
0 0
1 0
1 1
1 0
1 1
2 1
3 1
3 0
2 0
2 1
3 1
3 0
3 1
3 0
3 1
3 0
3 1
4 1
4 0
4 1
5 1
4 1
5 1
4 1
3 1
3 2
3 3
2 3
2 4
2 5
2 6
2 7
3 7
2 7
2 6
3 6
4 6
4 7
4 6
5 6
5 5
5 4
5 3
5 2
5 1
5 0
5 1
5 2
5 1
4 1
4 0
3 0
3 1
3 0
4 0
4 1
4 2
4 3
3 3
3 4
3 3
3 4
3 3
3 2
3 1
4 1
4 0
4 1
3 1
3 0
2 0
1 0
0 0
0 1
1 1
0 1
0 0
0 1
0 2
0 1
1 1
1 0
1 1
0 1
1 1
0 1
0 0
1 0
1 1
2 1
2 0
2 1
2 2
3 2
2 2
2 3
1 3
1 2
1 1
1 2
2 2
2 1
3 1
3 0
3 1
3 2
3 3
3 4
2 4
3 4
2 4
2 3
1 3
2 3
2 4
2 3
3 3
4 3
4 2
3 2
2 2
1 2
1 1
2 1
3 1
3 0
3 1
4 1
3 1
3 0
4 0
4 1
4 2
5 2
5 1
5 2
5 1
4 1
5 1
4 1
5 1
6 1
6 2
6 3
7 3
7 2
7 1
7 0
6 0
7 0
8 0
7 0
7 1
7 0
7 1
7 0
6 0
5 0
5 1
5 2
4 2
5 2
5 3
5 4
5 5
6 5
5 5
6 5
6 4
6 3
6 2
5 2
5 3
5 2
4 2
4 3
4 4
3 4
3 5
2 5
2 4
2 3
1 3
1 2
0 2
0 1
1 1
0 1
1 1
2 1
3 1
4 1
4 2
3 2
4 2
4 1
4 0
4 1
4 0
3 0
4 0
4 1
4 2
3 2
4 2
4 1
3 1
4 1
4 2
5 2
4 2
4 3
4 2
5 2
5 3
5 2
6 2
7 2
6 2
5 2
5 3
5 4
6 4
7 4
6 4
6 3
7 3
8 3
9 3
9 2
10 2
10 1
9 1
9 2
9 1
8 1
9 1
9 2
8 2
8 3
9 3
9 2
9 3
9 4
9 3
10 3
10 4
11 4
11 5
12 5
12 6
12 5
13 5
14 5
14 4
15 4
14 4
15 4
15 5
15 4
15 3
15 4
15 3
16 3
16 2
16 3
17 3
17 2
17 1
16 1
15 1
16 1
15 1
14 1
13 1
13 0
12 0
12 1
11 1
11 0
11 1
11 2
11 3
10 3
10 4
11 4
12 4
12 3
12 2
11 2
11 3
12 3
12 2
13 2
12 2
12 1
12 0
12 1
13 1
14 1
15 1
15 2
15 3
15 4
15 3
16 3
17 3
18 3
18 2
19 2
19 3
19 4
19 5
20 5
20 4
20 5
21 5
22 5
22 4
23 4
23 5
22 5
21 5
21 4
21 3
22 3
23 3
23 4
23 5
22 5
23 5
22 5
22 4
22 5
21 5
21 4
20 4
20 5
21 5
22 5
23 5
24 5
24 4
25 4
25 3
24 3
23 3
23 2
23 3
24 3
24 4
24 3
24 4
23 4
22 4
23 4
24 4
25 4
25 5
24 5
24 6
24 7
24 6
24 5
25 5
25 4
25 3
25 4
25 3
26 3
27 3
27 2
26 2
26 3
26 4
27 4
26 4
26 3
26 2
27 2
28 2
28 1
28 0
28 1
29 1
29 0
29 1
30 1
30 0
31 0
31 1
31 0
31 1
30 1
31 1
31 2
32 2
32 3
33 3
33 2
33 3
33 2
32 2
31 2
30 2
30 3
30 2
29 2
29 3
30 3
30 2
30 1
30 0
30 1
31 1
31 0
31 1
31 0
31 1
31 2
30 2
30 1
29 1
28 1
29 1
29 0
28 0
28 1
27 1
27 2
27 1
26 1
25 1
25 2
25 1
25 2
26 2
27 2
26 2
26 1
26 2
26 1
26 2
27 2
27 1
28 1
28 2
28 3
28 2
28 3
29 3
28 3
27 3
26 3
26 4
25 4
26 4
25 4
25 3
25 2
25 1
26 1
26 0
27 0
27 1
27 0
26 0
26 1
25 1
26 1
26 2
26 1
26 0
25 0
25 1
25 0
24 0
24 1
24 0
23 0
24 0
23 0
24 0
25 0
25 1
25 2
24 2
23 2
24 2
24 1
24 2
25 2
25 3
25 2
25 1
25 2
24 2
24 1
24 0
24 1
24 2
23 2
22 2
22 1
21 1
22 1
22 0
22 1
22 0
22 1
22 2
23 2
23 1
22 1
22 0
21 0
20 0
21 0
21 1
21 0
22 0
22 1
23 1
23 2
23 1
23 0
24 0
23 0
22 0
23 0
24 0
25 0
24 0
25 0
26 0
27 0
27 1
28 1
27 1
28 1
28 0
29 0
29 1
28 1
27 1
27 0
26 0
26 1
26 2
25 2
26 2
27 2
28 2
28 3
29 3
29 2
28 2
28 3
29 3
28 3
28 2
27 2
26 2
26 1
26 2
26 3
27 3
26 3
27 3
27 2
27 1
27 0
27 1
27 2
26 2
27 2
28 2
29 2
29 1
30 1
30 0
30 1
30 0
30 1
30 0
30 1
30 0
29 0
30 0
30 1
31 1
32 1
32 0
31 0
30 0
30 1
29 1
29 0
29 1
28 1
28 0
28 1
28 0
29 0
29 1
29 0
29 1
28 1
28 2
29 2
30 2
30 3
31 3
32 3
32 2
32 3
31 3
30 3
30 2
30 1
30 0
29 0
29 1
30 1
31 1
30 1
31 1
30 1
31 1
31 0
31 1
32 1
32 0
31 0
31 1
30 1
31 1
32 1
32 0
32 1
32 2
32 1
32 2
32 3
32 4
32 3
31 3
32 3
33 3
33 2
34 2
34 1
34 0
34 1
34 2
34 3
33 3
33 2
34 2
34 3
34 4
34 3
34 2
34 3
34 2
34 1
33 1
32 1
31 1
32 1
33 1
33 2
33 1
33 0
33 1
34 1
34 2
35 2
35 1
36 1
37 1
36 1
36 2
35 2
36 2
35 2
35 3
34 3
34 2
34 3
33 3
33 4
33 3
34 3
35 3
34 3
33 3
33 2
33 1
34 1
33 1
33 2
33 3
34 3
34 4
34 5
34 4
35 4
35 5
36 5
35 5
35 6
35 5
34 5
35 5
35 4
36 4
37 4
38 4
39 4
39 5
39 4
39 3
38 3
37 3
37 4
37 3
37 4
38 4
39 4
39 5
40 5
40 4
40 3
39 3
39 2
40 2
40 3
41 3
41 4
42 4
42 5
41 5
41 4
41 5
41 6
42 6
42 7
42 6
42 7
42 6
42 7
42 6
42 7
43 7
42 7
42 8
43 8
43 7
44 7
45 7
44 7
44 6
44 5
44 4
45 4
45 3
45 2
45 1
44 1
45 1
44 1
44 0
44 1
44 2
44 1
45 1
44 1
43 1
43 0
43 1
44 1
43 1
42 1
42 2
43 2
44 2
43 2
43 3
43 2
43 1
44 1
44 2
44 1
44 2
44 1
44 2
43 2
43 1
42 1
43 1
42 1
41 1
42 1
43 1
43 2
43 3
42 3
43 3
43 4
43 3
43 2
43 1
43 2
43 3
44 3
43 3
42 3
42 4
42 5
41 5
42 5
43 5
44 5
44 6
44 7
44 6
44 5
43 5
43 4
43 3
42 3
41 3
42 3
43 3
43 2
43 1
44 1
44 0
45 0
44 0
45 0
45 1
44 1
43 1
42 1
43 1
42 1
42 0
43 0
43 1
43 0
43 1
43 0
44 0
44 1
43 1
44 1
44 0
44 1
43 1
44 1
44 0
45 0
45 1
45 0
46 0
45 0
45 1
44 1
44 0
45 0
46 0
46 1
46 0
46 1
46 0
46 1
46 2
45 2
46 2
47 2
48 2
49 2
50 2
50 1
50 2
51 2
52 2
52 3
52 2
51 2
51 1
52 1
52 2
51 2
51 3
50 3
50 2
50 3
51 3
51 2
51 3
52 3
52 2
52 3
52 4
52 3
52 2
52 3
52 4
53 4
54 4
54 5
54 4
55 4
55 5
55 6
55 5
55 6
55 7
55 6
54 6
54 5
55 5
54 5
53 5
54 5
55 5
55 6
55 7
54 7
53 7
54 7
54 8
54 9
55 9
54 9
53 9
52 9
51 9
50 9
50 8
51 8
52 8
52 9
51 9
51 10
50 10
51 10
52 10
52 11
52 12
53 12
54 12
54 13
55 13
54 13
53 13
53 12
52 12
52 13
53 13
54 13
54 14
54 13
54 12
54 13
53 13
53 14
53 15
52 15
51 15
50 15
51 15
50 15
49 15
49 14
48 14
48 13
47 13
47 14
48 14
48 13
48 12
48 13
49 13
49 12
