0 0
1 0
2 0
3 0
3 1
4 1
4 0
4 1
4 2
4 1
4 2
5 2
4 2
3 2
3 1
4 1
4 0
4 1
3 1
4 1
4 2
4 3
5 3
6 3
7 3
7 2
8 2
8 3
8 2
9 2
8 2
8 1
7 1
7 2
8 2
8 1
8 2
9 2
8 2
8 1
9 1
8 1
9 1
10 1
11 1
11 2
11 3
11 2
10 2
9 2
9 3
8 3
9 3
10 3
11 3
10 3
9 3
9 4
9 3
9 2
9 3
8 3
7 3
6 3
6 2
6 1
6 0
6 1
6 0
6 1
6 2
6 1
6 0
6 1
6 2
6 1
6 0
6 1
6 2
7 2
7 1
6 1
6 0
6 1
6 2
6 1
6 0
6 1
6 0
6 1
7 1
7 2
7 3
6 3
6 4
7 4
7 3
7 2
8 2
8 3
7 3
7 4
8 4
9 4
9 3
10 3
10 4
9 4
8 4
8 3
8 4
9 4
8 4
9 4
10 4
9 4
9 3
10 3
9 3
8 3
9 3
9 4
9 3
9 2
10 2
10 3
11 3
11 2
11 1
10 1
10 0
11 0
11 1
11 0
11 1
11 0
10 0
10 1
11 1
11 2
11 1
11 0
12 0
12 1
12 2
13 2
12 2
12 1
13 1
12 1
12 2
12 1
11 1
11 0
11 1
11 2
11 3
11 2
11 1
11 2
11 1
10 1
10 0
9 0
8 0
7 0
8 0
7 0
6 0
6 1
6 2
6 1
5 1
5 2
4 2
5 2
4 2
4 3
3 3
3 2
3 3
2 3
1 3
1 4
1 5
1 4
2 4
1 4
1 3
0 3
0 2
1 2
0 2
0 3
0 2
1 2
0 2
0 1
1 1
2 1
2 2
2 1
1 1
2 1
3 1
3 2
3 1
4 1
5 1
5 0
5 1
6 1
5 1
6 1
6 0
6 1
7 1
8 1
8 0
8 1
9 1
9 2
8 2
8 1
8 2
9 2
9 1
9 2
10 2
11 2
11 1
10 1
11 1
11 2
11 1
10 1
9 1
8 1
7 1
6 1
5 1
5 2
5 1
4 1
3 1
3 0
3 1
4 1
4 2
4 1
4 2
5 2
4 2
4 1
4 2
4 3
4 4
5 4
5 5
6 5
6 4
6 3
6 2
5 2
5 1
5 0
5 1
4 1
4 2
4 1
3 1
2 1
3 1
3 2
4 2
4 1
3 1
3 2
3 1
3 0
4 0
5 0
5 1
6 1
5 1
5 0
5 1
5 2
5 1
5 0
4 0
3 0
2 0
2 1
3 1
3 2
4 2
5 2
6 2
6 1
6 2
6 1
6 2
5 2
5 3
6 3
5 3
6 3
5 3
5 2
5 3
5 2
5 3
6 3
5 3
5 2
5 1
4 1
3 1
3 0
3 1
4 1
4 0
4 1
3 1
3 0
3 1
4 1
4 0
3 0
3 1
2 1
3 1
4 1
3 1
3 0
3 1
3 0
3 1
2 1
1 1
0 1
0 0
1 0
1 1
1 0
1 1
1 2
0 2
1 2
1 3
0 3
0 4
0 3
0 4
1 4
1 3
1 2
0 2
1 2
1 3
2 3
1 3
1 2
1 3
0 3
1 3
1 4
0 4
0 3
1 3
0 3
0 4
1 4
1 3
1 2
1 1
1 0
1 1
1 0
1 1
1 0
0 0
1 0
2 0
3 0
3 1
3 2
3 1
2 1
2 2
2 1
1 1
0 1
1 1
1 2
1 1
1 0
1 1
1 2
1 1
0 1
0 2
0 3
1 3
2 3
1 3
0 3
0 4
0 3
0 2
0 1
1 1
2 1
2 0
2 1
2 2
2 1
2 2
1 2
1 1
2 1
2 0
3 0
2 0
3 0
2 0
3 0
3 1
4 1
3 1
2 1
2 2
2 1
1 1
0 1
0 0
0 1
0 0
0 1
1 1
1 2
1 3
2 3
3 3
3 2
4 2
4 1
3 1
3 2
3 3
2 3
3 3
2 3
1 3
2 3
3 3
4 3
4 2
4 3
5 3
5 4
6 4
7 4
6 4
6 5
7 5
8 5
8 6
9 6
8 6
8 5
8 6
9 6
9 5
9 4
10 4
10 5
10 4
11 4
12 4
12 5
12 6
13 6
12 6
11 6
12 6
11 6
12 6
12 5
12 6
13 6
13 7
13 6
14 6
14 7
13 7
14 7
15 7
15 8
15 9
15 10
15 9
14 9
15 9
14 9
14 10
14 9
14 8
14 7
14 8
15 8
15 9
15 8
14 8
13 8
12 8
13 8
13 9
13 8
13 7
13 6
12 6
11 6
10 6
11 6
10 6
11 6
11 7
11 8
10 8
10 9
10 10
9 10
8 10
8 9
7 9
7 10
7 9
6 9
7 9
8 9
8 10
7 10
8 10
8 11
8 12
9 12
10 12
9 12
8 12
8 11
9 11
8 11
9 11
10 11
10 10
11 10
10 10
9 10
9 9
10 9
9 9
9 8
9 9
8 9
8 8
7 8
6 8
6 7
5 7
6 7
6 6
7 6
7 7
8 7
8 8
8 9
8 10
8 9
9 9
9 8
9 7
8 7
8 6
9 6
9 7
10 7
10 6
11 6
10 6
11 6
10 6
10 5
10 4
10 3
11 3
12 3
12 2
12 1
12 2
11 2
10 2
9 2
8 2
9 2
8 2
9 2
9 1
8 1
7 1
7 0
6 0
7 0
7 1
6 1
7 1
8 1
9 1
9 2
9 1
9 2
9 1
9 0
8 0
8 1
8 2
8 1
9 1
9 0
10 0
9 0
9 1
10 1
9 1
8 1
8 2
8 3
9 3
9 4
10 4
11 4
12 4
11 4
11 5
11 4
11 5
11 4
10 4
10 5
11 5
11 6
11 7
11 6
12 6
12 7
12 8
12 9
13 9
13 10
12 10
11 10
11 11
11 12
11 11
10 11
10 10
9 10
9 9
9 8
9 9
9 8
9 7
9 6
9 7
10 7
10 6
10 7
9 7
9 8
9 9
9 8
10 8
11 8
12 8
12 9
12 10
13 10
12 10
12 11
11 11
12 11
13 11
12 11
12 12
12 11
11 11
10 11
11 11
12 11
12 10
13 10
13 9
12 9
13 9
14 9
15 9
16 9
16 10
15 10
16 10
16 11
15 11
14 11
15 11
15 10
15 11
15 10
15 9
16 9
17 9
16 9
16 10
17 10
16 10
15 10
14 10
15 10
15 9
14 9
14 10
15 10
15 11
16 11
16 12
17 12
16 12
16 11
17 11
18 11
18 12
18 11
19 11
20 11
21 11
20 11
21 11
21 10
21 11
21 10
22 10
22 9
22 8
21 8
21 7
20 7
20 8
20 7
20 6
21 6
21 7
20 7
19 7
20 7
20 6
21 6
20 6
20 7
21 7
22 7
22 6
23 6
22 6
23 6
22 6
23 6
24 6
25 6
26 6
27 6
28 6
29 6
30 6
30 7
29 7
28 7
28 6
28 5
28 6
29 6
28 6
27 6
27 7
28 7
29 7
29 8
29 9
30 9
31 9
30 9
30 8
30 9
31 9
31 10
32 10
31 10
32 10
33 10
34 10
34 9
34 10
33 10
33 9
34 9
34 10
35 10
34 10
35 10
34 10
34 9
34 10
34 11
33 11
33 10
32 10
33 10
33 9
32 9
32 10
31 10
31 9
31 10
31 11
32 11
33 11
32 11
32 10
33 10
34 10
34 11
33 11
32 11
32 12
33 12
32 12
32 11
33 11
33 12
33 13
34 13
35 13
36 13
35 13
34 13
35 13
34 13
35 13
36 13
36 14
35 14
35 15
36 15
37 15
38 15
38 16
39 16
39 15
40 15
40 14
41 14
40 14
41 14
41 13
42 13
42 12
41 12
41 13
41 14
42 14
42 13
41 13
42 13
42 12
43 12
44 12
45 12
46 12
47 12
48 12
48 11
48 10
48 11
48 12
48 11
47 11
48 11
48 10
48 9
48 8
49 8
50 8
51 8
51 7
50 7
49 7
49 6
49 7
48 7
47 7
47 8
48 8
48 7
48 6
48 7
49 7
48 7
48 6
47 6
47 7
46 7
46 8
46 7
46 6
47 6
46 6
46 5
46 4
46 5
45 5
44 5
43 5
44 5
44 6
43 6
42 6
42 7
41 7
42 7
42 6
41 6
41 7
41 8
42 8
41 8
40 8
41 8
41 7
41 6
41 7
41 8
41 7
42 7
42 8
42 7
42 6
42 5
42 6
41 6
41 7
41 8
41 9
40 9
40 10
41 10
42 10
43 10
43 11
42 11
41 11
41 10
40 10
40 9
40 8
41 8
42 8
43 8
43 9
44 9
44 10
44 11
44 10
45 10
45 11
44 11
44 10
44 11
44 10
44 11
44 10
44 9
44 8
43 8
44 8
44 7
44 6
44 7
43 7
43 8
43 7
43 8
