0 0
1 0
1 1
1 2
1 3
0 3
1 3
1 4
1 3
0 3
0 4
0 5
0 6
0 7
0 6
1 6
0 6
1 6
1 7
0 7
0 6
0 5
1 5
2 5
2 4
2 3
3 3
3 4
3 3
2 3
2 2
2 1
3 1
3 0
4 0
3 0
3 1
3 2
4 2
4 1
4 0
4 1
4 0
4 1
3 1
3 0
4 0
4 1
5 1
5 0
5 1
6 1
6 2
7 2
7 1
8 1
9 1
9 2
9 1
8 1
8 0
9 0
9 1
10 1
11 1
12 1
11 1
11 0
11 1
11 2
12 2
12 1
13 1
13 2
14 2
14 1
15 1
14 1
14 0
13 0
14 0
13 0
14 0
14 1
14 2
15 2
16 2
16 1
17 1
17 2
17 1
17 2
16 2
15 2
16 2
16 1
17 1
17 0
17 1
17 2
18 2
19 2
20 2
21 2
21 1
21 2
21 3
21 2
20 2
20 3
20 4
21 4
20 4
19 4
19 3
18 3
18 4
19 4
19 3
20 3
20 4
19 4
18 4
18 3
18 4
18 3
18 2
18 3
19 3
19 2
18 2
18 1
17 1
17 2
18 2
17 2
16 2
17 2
16 2
16 3
15 3
15 4
16 4
15 4
14 4
13 4
14 4
14 5
13 5
14 5
15 5
15 6
14 6
15 6
14 6
14 5
13 5
13 4
13 3
13 4
13 3
14 3
15 3
16 3
16 2
16 3
17 3
17 2
18 2
18 3
18 4
17 4
17 3
17 2
16 2
15 2
14 2
15 2
15 3
14 3
14 4
14 5
13 5
14 5
14 4
15 4
16 4
15 4
14 4
15 4
15 5
15 4
14 4
13 4
13 5
13 6
13 5
13 4
14 4
13 4
13 3
13 2
13 1
14 1
14 2
14 1
13 1
13 0
13 1
12 1
12 2
12 1
11 1
10 1
9 1
8 1
8 2
7 2
7 3
6 3
7 3
7 4
8 4
9 4
10 4
11 4
10 4
10 5
10 6
10 7
11 7
12 7
12 6
13 6
12 6
11 6
10 6
10 7
10 6
10 5
9 5
9 6
9 7
10 7
10 8
10 9
9 9
10 9
11 9
12 9
12 10
13 10
13 11
13 10
13 9
14 9
13 9
13 10
12 10
13 10
12 10
12 11
13 11
12 11
12 12
13 12
13 13
14 13
15 13
16 13
17 13
16 13
17 13
16 13
16 14
15 14
16 14
15 14
15 15
16 15
16 14
17 14
16 14
16 15
16 16
16 15
16 14
15 14
15 13
15 14
14 14
15 14
14 14
15 14
15 13
14 13
15 13
14 13
14 12
14 13
14 12
13 12
13 13
12 13
12 12
13 12
12 12
13 12
13 11
14 11
15 11
15 10
15 9
15 10
15 9
16 9
17 9
17 8
16 8
16 7
16 8
16 9
16 10
15 10
14 10
14 9
13 9
14 9
14 10
15 10
15 9
15 10
15 11
16 11
16 10
16 11
16 10
16 11
15 11
15 12
15 11
16 11
17 11
17 10
17 11
17 12
18 12
18 11
18 10
19 10
18 10
17 10
16 10
17 10
16 10
17 10
16 10
16 9
17 9
17 10
16 10
15 10
15 9
16 9
15 9
16 9
16 8
16 9
16 10
16 11
17 11
16 11
16 12
16 11
15 11
15 12
16 12
15 12
16 12
17 12
17 11
17 12
17 13
18 13
17 13
17 12
16 12
15 12
15 11
15 10
15 9
15 10
16 10
16 11
17 11
16 11
16 10
17 10
16 10
15 10
15 11
16 11
17 11
17 10
18 10
19 10
18 10
19 10
19 9
18 9
19 9
19 8
18 8
18 9
18 8
18 9
18 8
17 8
16 8
16 9
16 10
16 9
16 10
16 9
17 9
16 9
17 9
16 9
15 9
15 10
15 9
15 10
15 9
16 9
15 9
14 9
14 10
14 9
14 8
14 9
15 9
16 9
17 9
18 9
19 9
18 9
18 8
19 8
20 8
20 7
20 8
20 9
20 8
21 8
20 8
20 9
21 9
21 8
21 7
21 8
21 9
22 9
22 8
22 9
23 9
23 8
23 7
24 7
23 7
22 7
22 6
22 5
23 5
24 5
25 5
25 6
25 7
25 6
24 6
25 6
25 7
24 7
23 7
24 7
24 8
24 7
24 6
24 7
24 8
25 8
24 8
24 7
25 7
25 6
25 5
26 5
26 6
27 6
28 6
27 6
27 5
27 4
28 4
28 5
29 5
30 5
30 4
31 4
30 4
30 3
31 3
30 3
29 3
29 4
29 3
29 4
29 3
28 3
29 3
29 2
29 3
28 3
29 3
29 2
29 1
30 1
30 2
31 2
30 2
29 2
29 1
30 1
31 1
32 1
32 0
32 1
33 1
33 0
34 0
33 0
33 1
34 1
34 0
34 1
34 0
34 1
34 0
34 1
34 2
35 2
35 3
35 2
35 3
34 3
35 3
36 3
36 2
36 1
37 1
37 0
36 0
36 1
35 1
35 0
35 1
35 0
34 0
33 0
34 0
34 1
34 0
33 0
33 1
34 1
33 1
32 1
33 1
32 1
33 1
33 2
33 1
32 1
32 2
33 2
34 2
35 2
35 3
36 3
36 4
37 4
36 4
36 3
37 3
36 3
37 3
37 2
38 2
38 3
38 2
38 1
38 0
38 1
39 1
38 1
37 1
37 2
36 2
35 2
35 1
35 0
36 0
36 1
35 1
36 1
37 1
38 1
38 2
37 2
36 2
36 1
37 1
36 1
36 2
36 1
36 0
36 1
36 2
36 1
36 2
35 2
34 2
33 2
33 1
34 1
34 0
34 1
33 1
34 1
34 0
34 1
35 1
35 0
35 1
36 1
36 0
37 0
37 1
38 1
39 1
39 0
39 1
39 2
39 1
38 1
39 1
38 1
38 2
38 3
38 4
38 3
38 4
38 5
37 5
36 5
35 5
35 6
34 6
34 7
34 6
33 6
33 7
32 7
33 7
33 8
33 7
32 7
32 8
32 7
33 7
32 7
33 7
34 7
34 6
34 5
35 5
35 6
35 5
34 5
34 6
34 7
34 6
34 7
34 6
34 5
34 4
34 5
34 6
35 6
35 7
36 7
36 6
35 6
36 6
36 5
37 5
37 4
37 5
37 4
36 4
35 4
35 5
35 4
34 4
35 4
36 4
37 4
38 4
38 3
37 3
37 2
37 3
37 4
36 4
37 4
37 5
38 5
38 6
37 6
37 7
37 6
38 6
39 6
38 6
37 6
38 6
39 6
39 7
39 6
40 6
41 6
40 6
39 6
39 7
39 8
39 9
39 8
39 7
38 7
38 6
37 6
37 7
38 7
39 7
40 7
39 7
39 8
39 7
39 6
40 6
41 6
41 7
42 7
42 8
43 8
43 7
43 8
44 8
44 9
45 9
45 10
46 10
45 10
44 10
43 10
42 10
42 11
42 12
41 12
41 11
42 11
41 11
41 10
40 10
40 9
39 9
38 9
38 8
38 9
38 8
39 8
39 7
39 6
40 6
39 6
39 7
40 7
40 6
40 7
40 6
40 7
39 7
39 8
40 8
40 9
39 9
40 9
40 8
40 7
40 6
41 6
41 7
41 6
41 5
40 5
39 5
38 5
38 4
37 4
38 4
37 4
38 4
38 3
38 4
39 4
40 4
41 4
40 4
40 3
39 3
39 4
38 4
37 4
37 5
37 4
36 4
37 4
37 5
38 5
37 5
37 6
37 5
36 5
36 6
35 6
34 6
34 5
35 5
36 5
36 4
36 3
36 2
36 3
35 3
34 3
34 4
34 5
33 5
32 5
31 5
31 6
31 5
31 4
30 4
29 4
28 4
28 5
29 5
28 5
28 6
28 5
28 4
27 4
27 5
27 6
27 7
27 8
28 8
27 8
27 9
28 9
29 9
28 9
28 10
27 10
27 11
27 10
28 10
27 10
27 9
27 10
27 11
28 11
29 11
29 10
29 9
30 9
29 9
29 8
29 7
29 8
29 7
29 6
29 5
28 5
27 5
27 6
28 6
28 5
28 4
28 5
28 4
29 4
29 3
29 2
28 2
28 1
29 1
29 2
29 1
30 1
31 1
31 2
32 2
32 1
32 2
31 2
31 3
30 3
29 3
30 3
31 3
30 3
31 3
30 3
30 4
30 3
30 2
30 3
29 3
28 3
27 3
27 4
27 3
27 4
28 4
27 4
26 4
25 4
25 5
26 5
26 4
27 4
27 5
28 5
29 5
28 5
29 5
28 5
28 4
27 4
27 5
28 5
28 6
28 7
29 7
28 7
29 7
29 6
30 6
30 5
30 4
29 4
29 3
29 2
28 2
29 2
29 3
30 3
30 2
29 2
29 1
30 1
31 1
32 1
32 0
32 1
31 1
32 1
32 0
33 0
32 0
32 1
32 0
33 0
32 0
33 0
33 1
32 1
32 0
32 1
