0 0
0 1
1 1
1 2
1 1
1 2
2 2
2 1
1 1
1 2
1 3
1 2
1 1
1 0
0 0
0 1
1 1
2 1
2 0
2 1
3 1
4 1
3 1
3 0
2 0
2 1
2 0
1 0
1 1
1 2
1 1
2 1
3 1
4 1
5 1
5 2
4 2
3 2
4 2
3 2
2 2
3 2
3 1
3 0
3 1
3 2
2 2
2 3
2 2
3 2
4 2
5 2
5 3
5 4
6 4
5 4
5 3
5 4
4 4
4 3
3 3
2 3
2 4
1 4
1 3
0 3
1 3
0 3
0 4
1 4
0 4
0 5
1 5
2 5
1 5
0 5
1 5
0 5
0 4
1 4
1 3
0 3
1 3
1 2
1 1
2 1
2 2
3 2
4 2
4 3
5 3
6 3
6 2
5 2
5 3
6 3
5 3
6 3
5 3
6 3
6 4
6 3
6 2
5 2
5 3
4 3
3 3
3 4
3 5
4 5
4 4
5 4
5 3
6 3
6 2
7 2
7 3
7 2
8 2
9 2
8 2
8 3
7 3
8 3
7 3
7 2
6 2
7 2
7 1
7 0
6 0
7 0
7 1
8 1
9 1
8 1
7 1
7 0
7 1
7 2
6 2
6 1
6 0
6 1
6 2
7 2
6 2
7 2
7 3
7 2
8 2
9 2
8 2
9 2
9 1
9 0
10 0
11 0
11 1
11 2
11 3
11 2
10 2
9 2
8 2
9 2
9 1
9 0
10 0
11 0
10 0
11 0
11 1
11 2
11 1
12 1
13 1
13 0
13 1
14 1
14 2
14 3
15 3
15 2
15 3
15 2
15 3
14 3
14 2
14 3
15 3
14 3
14 4
14 5
15 5
15 4
16 4
17 4
18 4
18 3
18 2
17 2
17 1
16 1
17 1
17 2
17 1
16 1
15 1
15 0
16 0
16 1
17 1
17 2
17 3
16 3
15 3
16 3
15 3
15 4
14 4
14 3
13 3
13 2
14 2
15 2
16 2
16 3
15 3
15 2
15 3
15 2
16 2
15 2
15 3
14 3
14 4
14 3
14 2
13 2
14 2
14 3
13 3
14 3
14 2
15 2
16 2
17 2
17 1
17 0
18 0
18 1
17 1
16 1
17 1
17 0
17 1
17 2
17 1
17 0
17 1
16 1
16 2
16 3
17 3
18 3
18 2
18 1
18 0
18 1
18 2
18 3
18 4
18 5
18 4
17 4
17 5
18 5
19 5
18 5
18 6
17 6
18 6
17 6
16 6
17 6
17 7
18 7
19 7
19 6
19 7
19 6
20 6
20 7
19 7
20 7
19 7
19 8
18 8
18 7
18 6
19 6
18 6
19 6
19 7
19 6
19 5
19 4
18 4
18 3
18 2
17 2
17 3
18 3
19 3
19 2
18 2
19 2
19 1
19 0
19 1
19 2
18 2
18 1
18 0
19 0
20 0
20 1
20 2
19 2
18 2
18 3
18 4
17 4
16 4
15 4
16 4
16 5
17 5
17 4
17 3
17 2
18 2
19 2
18 2
19 2
20 2
20 3
19 3
20 3
20 4
20 3
20 4
21 4
21 5
21 4
22 4
21 4
21 3
21 2
21 3
22 3
23 3
22 3
22 4
21 4
21 3
21 4
21 3
21 4
21 5
20 5
20 4
20 3
20 4
19 4
18 4
18 3
18 2
17 2
18 2
18 3
18 2
18 1
17 1
17 0
17 1
18 1
18 0
17 0
17 1
17 0
16 0
16 1
16 0
16 1
17 1
17 0
16 0
16 1
15 1
15 0
14 0
13 0
13 1
12 1
13 1
14 1
14 0
14 1
15 1
15 2
16 2
15 2
15 3
15 2
14 2
15 2
15 3
14 3
14 4
15 4
15 5
15 4
15 5
16 5
16 4
17 4
18 4
19 4
19 3
19 2
19 3
20 3
20 4
21 4
21 3
20 3
21 3
22 3
22 4
22 5
22 6
21 6
21 5
21 6
21 5
20 5
20 6
20 7
20 8
20 9
21 9
21 10
20 10
21 10
20 10
20 11
20 10
19 10
19 11
20 11
20 10
19 10
19 9
19 10
18 10
19 10
18 10
17 10
16 10
16 9
15 9
16 9
16 8
15 8
14 8
14 7
14 6
13 6
13 5
13 6
12 6
12 7
13 7
13 6
13 7
13 6
12 6
12 7
11 7
12 7
12 6
12 5
12 4
11 4
10 4
9 4
8 4
7 4
7 3
7 4
6 4
6 3
7 3
7 4
8 4
8 5
9 5
10 5
9 5
10 5
11 5
12 5
13 5
13 4
13 3
12 3
12 4
11 4
11 5
12 5
12 6
13 6
12 6
12 7
12 8
11 8
10 8
10 7
11 7
11 6
12 6
12 5
13 5
12 5
13 5
12 5
12 6
13 6
14 6
14 5
15 5
16 5
17 5
16 5
15 5
15 6
15 7
15 6
16 6
17 6
17 7
16 7
15 7
16 7
17 7
17 6
17 5
17 4
18 4
18 5
18 4
19 4
19 3
20 3
20 2
19 2
19 3
20 3
19 3
18 3
18 2
17 2
17 3
18 3
17 3
18 3
18 4
17 4
17 5
18 5
18 4
17 4
17 5
18 5
18 6
18 7
19 7
19 8
19 9
20 9
21 9
21 10
21 9
21 8
21 7
20 7
20 8
20 7
21 7
21 6
21 5
21 6
20 6
19 6
18 6
19 6
19 5
19 6
20 6
21 6
20 6
19 6
19 7
19 8
20 8
19 8
19 9
20 9
20 10
19 10
18 10
19 10
19 11
20 11
21 11
21 12
20 12
20 13
20 12
20 13
19 13
19 12
18 12
18 13
19 13
20 13
21 13
21 12
22 12
22 13
23 13
23 12
24 12
23 12
22 12
22 13
22 14
23 14
22 14
23 14
24 14
25 14
25 13
26 13
25 13
25 14
26 14
25 14
26 14
25 14
25 15
26 15
25 15
26 15
26 16
27 16
27 17
26 17
27 17
27 18
27 19
27 20
27 21
28 21
27 21
26 21
25 21
25 22
24 22
23 22
24 22
24 21
23 21
23 22
24 22
24 21
23 21
22 21
22 22
23 22
22 22
22 21
23 21
22 21
23 21
23 22
22 22
22 23
22 22
23 22
23 21
23 20
24 20
24 19
25 19
26 19
27 19
26 19
25 19
26 19
27 19
27 20
28 20
29 20
30 20
30 21
31 21
32 21
31 21
31 20
32 20
33 20
33 19
34 19
33 19
33 18
32 18
32 19
33 19
32 19
32 20
33 20
32 20
33 20
33 21
32 21
33 21
33 22
34 22
35 22
35 21
34 21
34 22
35 22
35 21
34 21
33 21
32 21
32 20
32 21
32 20
31 20
32 20
32 19
33 19
34 19
33 19
33 20
32 20
31 20
31 21
31 22
31 21
31 20
31 19
31 20
30 20
31 20
30 20
31 20
31 21
30 21
30 20
30 21
31 21
31 22
31 21
30 21
31 21
30 21
29 21
29 22
30 22
30 23
30 22
30 23
29 23
28 23
28 24
28 23
28 22
28 23
28 24
28 23
29 23
29 24
28 24
28 25
28 24
29 24
29 23
28 23
29 23
29 24
29 25
29 24
29 23
29 22
30 22
31 22
30 22
29 22
29 21
30 21
30 20
30 21
31 21
32 21
31 21
31 22
31 23
31 24
30 24
31 24
32 24
33 24
33 25
34 25
34 26
34 25
35 25
35 24
35 25
34 25
33 25
34 25
33 25
33 26
32 26
32 27
32 28
32 27
33 27
34 27
33 27
34 27
34 28
33 28
32 28
33 28
32 28
32 27
33 27
33 28
34 28
34 27
33 27
34 27
34 26
35 26
35 25
35 24
36 24
37 24
37 23
36 23
37 23
37 24
36 24
37 24
36 24
36 23
37 23
37 24
36 24
35 24
35 25
35 26
35 25
34 25
34 26
35 26
35 25
35 26
36 26
36 27
36 26
36 25
36 24
35 24
36 24
35 24
36 24
36 25
36 26
37 26
38 26
38 25
38 24
37 24
36 24
35 24
35 23
36 23
35 23
35 22
36 22
37 22
37 21
36 21
37 21
38 21
39 21
40 21
39 21
39 20
39 21
38 21
37 21
36 21
37 21
37 22
37 21
37 22
36 22
36 21
35 21
36 21
35 21
35 20
34 20
33 20
32 20
32 19
33 19
33 20
32 20
32 19
32 18
33 18
32 18
33 18
32 18
31 18
31 19
30 19
31 19
32 19
32 20
32 19
32 18
32 19
32 18
31 18
30 18
30 19
30 20
30 19
30 18
30 17
29 17
30 17
30 18
29 18
29 17
29 16
30 16
30 17
30 16
30 15
31 15
32 15
31 15
31 14
31 15
32 15
31 15
31 14
31 15
31 16
32 16
32 15
32 16
32 17
31 17
30 17
29 17
29 18
29 19
30 19
30 18
30 17
31 17
32 17
31 17
32 17
33 17
33 18
