0 0
0 1
1 1
2 1
2 2
2 3
3 3
3 4
4 4
3 4
3 5
3 6
3 5
3 4
4 4
4 5
4 6
4 7
3 7
2 7
1 7
1 6
0 6
1 6
0 6
0 5
1 5
1 4
1 3
1 4
1 5
1 6
2 6
1 6
1 7
0 7
1 7
1 6
0 6
0 5
0 4
1 4
1 3
1 2
1 1
0 1
0 0
1 0
1 1
1 2
1 3
0 3
1 3
2 3
3 3
3 2
3 1
3 2
3 3
4 3
3 3
3 2
4 2
4 3
5 3
5 2
5 1
5 2
5 3
5 2
5 3
6 3
7 3
6 3
5 3
5 2
4 2
3 2
4 2
4 3
4 4
4 5
4 4
5 4
5 3
5 2
5 3
5 4
5 5
6 5
5 5
4 5
4 4
4 3
5 3
5 2
5 1
4 1
4 2
3 2
3 3
3 4
3 3
2 3
3 3
4 3
3 3
2 3
3 3
3 2
3 3
3 4
4 4
4 3
4 4
5 4
5 5
4 5
3 5
3 4
2 4
2 3
1 3
0 3
1 3
2 3
3 3
3 2
3 3
4 3
4 4
4 5
4 4
4 5
3 5
4 5
5 5
6 5
7 5
6 5
7 5
8 5
9 5
9 6
10 6
9 6
9 7
9 6
8 6
8 7
7 7
6 7
7 7
8 7
7 7
7 8
8 8
7 8
8 8
8 9
9 9
9 10
8 10
9 10
9 9
10 9
9 9
9 8
9 7
8 7
7 7
8 7
8 6
8 7
7 7
8 7
8 8
8 7
9 7
9 8
10 8
10 9
9 9
8 9
7 9
8 9
7 9
7 8
6 8
7 8
7 7
6 7
7 7
8 7
9 7
10 7
11 7
11 8
12 8
13 8
14 8
14 7
14 6
14 5
14 6
14 7
15 7
16 7
16 8
16 9
15 9
16 9
16 10
17 10
18 10
19 10
20 10
20 9
20 8
20 7
20 8
20 9
20 10
21 10
22 10
21 10
20 10
20 11
20 12
20 13
20 14
20 15
21 15
21 16
21 17
21 16
20 16
21 16
22 16
22 17
22 16
22 15
22 14
23 14
22 14
22 13
22 14
21 14
21 15
20 15
20 16
19 16
20 16
21 16
21 17
20 17
20 18
20 19
20 18
20 19
21 19
20 19
20 20
20 21
19 21
19 20
18 20
18 19
19 19
18 19
17 19
16 19
17 19
17 18
17 17
17 16
17 17
16 17
16 18
16 17
17 17
16 17
16 18
15 18
15 17
15 16
15 17
14 17
13 17
12 17
13 17
12 17
13 17
14 17
15 17
15 16
15 15
15 14
16 14
15 14
15 15
16 15
16 16
16 15
15 15
16 15
17 15
17 14
16 14
15 14
15 15
15 16
15 17
15 18
14 18
13 18
12 18
11 18
10 18
11 18
10 18
9 18
9 19
9 18
10 18
11 18
11 19
10 19
9 19
9 20
9 19
9 20
8 20
8 21
7 21
7 20
6 20
6 21
5 21
6 21
6 22
5 22
5 23
6 23
7 23
7 24
8 24
8 25
9 25
9 24
8 24
8 25
8 26
9 26
8 26
8 25
8 26
8 27
8 26
8 27
8 28
8 29
8 28
7 28
7 27
6 27
6 28
5 28
5 29
5 30
5 31
4 31
3 31
2 31
1 31
1 32
1 33
2 33
3 33
3 34
4 34
4 35
4 34
5 34
5 35
5 36
6 36
6 35
6 36
5 36
5 37
5 36
4 36
5 36
5 35
6 35
5 35
5 34
4 34
4 35
4 36
5 36
5 37
6 37
6 36
7 36
6 36
6 35
7 35
7 34
7 35
6 35
5 35
6 35
6 34
6 33
6 34
5 34
4 34
5 34
6 34
7 34
7 35
8 35
8 36
8 35
8 36
9 36
9 35
10 35
11 35
10 35
10 36
9 36
8 36
7 36
8 36
7 36
7 37
6 37
5 37
4 37
4 36
4 35
4 34
4 33
5 33
5 34
5 35
6 35
6 36
5 36
5 35
6 35
6 36
5 36
6 36
7 36
6 36
6 35
5 35
5 34
5 33
6 33
6 32
6 33
6 32
6 31
7 31
6 31
6 32
7 32
8 32
8 31
8 32
8 31
7 31
7 30
7 29
7 28
7 27
8 27
7 27
6 27
5 27
6 27
6 26
5 26
5 27
4 27
4 26
4 27
3 27
3 28
3 29
4 29
4 28
4 29
5 29
5 30
5 29
5 28
5 29
6 29
6 28
6 29
7 29
6 29
6 30
6 29
6 28
6 27
6 26
6 25
6 24
6 23
5 23
4 23
5 23
4 23
5 23
4 23
3 23
3 24
4 24
4 23
4 24
3 24
4 24
3 24
2 24
1 24
1 23
2 23
2 24
2 23
2 24
2 25
2 26
2 25
3 25
3 26
3 25
2 25
2 26
3 26
2 26
3 26
2 26
3 26
4 26
4 25
4 24
5 24
5 23
6 23
6 24
6 25
7 25
8 25
8 26
8 27
8 28
8 29
9 29
9 30
9 29
9 28
10 28
10 27
9 27
8 27
8 28
8 29
8 30
9 30
8 30
8 31
8 30
9 30
9 31
9 30
8 30
8 29
8 30
8 29
7 29
6 29
6 30
5 30
4 30
4 29
4 30
4 31
5 31
5 32
5 33
5 34
5 35
5 36
4 36
4 37
5 37
5 38
4 38
5 38
4 38
5 38
5 39
6 39
6 40
5 40
5 41
5 40
5 41
5 40
6 40
6 41
6 42
6 43
6 42
7 42
7 43
7 44
7 45
7 46
7 45
6 45
6 46
6 47
6 46
7 46
8 46
8 45
7 45
7 44
7 45
8 45
9 45
10 45
9 45
8 45
8 46
9 46
9 45
8 45
8 46
8 45
9 45
9 44
9 43
8 43
7 43
6 43
6 44
6 43
6 44
6 45
5 45
5 44
6 44
5 44
5 43
6 43
5 43
5 42
5 41
4 41
4 40
3 40
3 39
4 39
4 38
4 37
5 37
5 38
5 39
4 39
3 39
3 40
3 41
4 41
4 42
4 43
3 43
3 42
3 41
2 41
2 42
2 41
1 41
0 41
0 40
1 40
2 40
2 41
3 41
4 41
4 42
4 41
4 42
4 41
4 42
5 42
4 42
3 42
3 43
4 43
3 43
3 44
4 44
3 44
4 44
5 44
6 44
5 44
4 44
5 44
4 44
4 45
4 46
4 47
4 46
4 47
4 48
4 47
5 47
5 48
4 48
3 48
3 49
3 50
3 51
2 51
3 51
2 51
2 52
1 52
2 52
1 52
2 52
2 53
1 53
2 53
2 54
1 54
1 55
1 54
1 55
1 54
0 54
0 53
0 54
1 54
2 54
1 54
1 53
1 52
2 52
1 52
1 51
0 51
1 51
1 52
2 52
3 52
2 52
2 53
2 54
3 54
2 54
1 54
1 55
1 54
1 55
2 55
3 55
4 55
3 55
2 55
2 54
2 53
1 53
0 53
1 53
0 53
0 52
1 52
1 51
1 50
1 51
1 50
1 51
1 52
2 52
3 52
4 52
4 53
4 54
4 53
5 53
4 53
3 53
2 53
2 52
2 53
1 53
1 52
1 51
2 51
2 52
2 51
1 51
1 52
2 52
1 52
1 51
1 52
2 52
2 53
3 53
3 54
4 54
3 54
3 53
4 53
4 54
4 55
3 55
4 55
4 56
3 56
4 56
3 56
4 56
4 57
3 57
2 57
2 58
2 59
2 58
3 58
4 58
4 57
5 57
5 56
5 55
4 55
5 55
5 56
6 56
7 56
7 55
7 56
8 56
9 56
10 56
10 57
10 56
10 55
10 56
10 55
10 56
9 56
8 56
8 55
8 54
9 54
9 53
9 52
10 52
10 53
9 53
8 53
8 54
8 53
8 52
8 51
7 51
6 51
7 51
8 51
8 50
8 51
7 51
7 50
7 51
8 51
9 51
9 52
9 53
9 52
9 51
9 50
9 51
9 50
9 51
10 51
10 50
10 49
9 49
9 48
9 47
8 47
8 48
8 47
7 47
7 48
7 49
7 50
7 51
6 51
7 51
6 51
5 51
6 51
6 50
6 49
6 48
5 48
4 48
3 48
3 49
2 49
2 50
2 51
3 51
2 51
2 52
1 52
1 51
0 51
0 50
1 50
1 51
2 51
3 51
2 51
2 50
3 50
2 50
2 51
1 51
1 50
1 51
2 51
2 50
3 50
3 51
4 51
5 51
6 51
7 51
7 52
7 53
7 54
7 53
7 52
8 52
9 52
10 52
10 53
9 53
8 53
8 52
8 53
7 53
7 54
6 54
7 54
7 53
8 53
7 53
7 52
6 52
5 52
5 51
5 52
5 53
6 53
5 53
5 54
6 54
7 54
6 54
7 54
7 55
8 55
9 55
9 56
9 57
9 58
9 59
9 58
9 59
8 59
8 60
7 60
6 60
7 60
