0 0
0 1
1 1
2 1
1 1
1 0
1 1
1 2
1 3
2 3
1 3
2 3
1 3
0 3
0 2
0 1
1 1
2 1
2 2
2 3
1 3
0 3
0 4
0 5
0 4
1 4
1 3
0 3
1 3
2 3
1 3
1 2
0 2
1 2
1 3
2 3
1 3
1 2
1 1
1 0
1 1
1 0
0 0
1 0
0 0
0 1
1 1
2 1
2 0
1 0
1 1
2 1
2 0
2 1
2 0
1 0
0 0
0 1
1 1
1 0
0 0
0 1
1 1
1 0
2 0
1 0
1 1
1 2
1 3
0 3
0 2
1 2
2 2
2 3
2 4
2 3
2 4
1 4
1 5
1 4
2 4
1 4
1 5
2 5
2 6
2 7
2 6
2 5
2 6
2 7
2 8
2 9
3 9
3 8
3 9
3 8
4 8
5 8
4 8
4 7
3 7
4 7
5 7
5 6
6 6
7 6
8 6
9 6
8 6
8 7
7 7
7 8
6 8
6 7
6 6
6 5
6 4
6 5
7 5
7 6
8 6
8 7
8 6
8 7
8 8
8 9
8 8
8 7
7 7
8 7
7 7
7 6
7 5
6 5
6 6
6 5
7 5
7 6
7 5
7 6
7 7
8 7
7 7
8 7
8 8
7 8
6 8
7 8
6 8
6 9
6 10
6 11
6 12
7 12
6 12
5 12
6 12
6 11
5 11
5 12
5 11
5 12
6 12
6 13
7 13
8 13
9 13
10 13
11 13
12 13
11 13
12 13
13 13
12 13
12 12
12 11
11 11
11 10
11 9
12 9
13 9
14 9
14 8
15 8
16 8
16 7
17 7
17 6
17 7
16 7
16 8
17 8
17 9
16 9
16 8
15 8
16 8
15 8
16 8
16 7
16 6
16 7
15 7
15 8
15 9
15 10
15 9
15 8
15 7
14 7
13 7
14 7
14 8
13 8
13 7
13 8
14 8
14 7
15 7
15 6
14 6
14 7
14 6
14 5
14 4
14 3
13 3
13 4
12 4
13 4
13 3
13 4
12 4
13 4
13 3
13 4
13 5
12 5
12 4
11 4
10 4
9 4
9 5
8 5
9 5
8 5
7 5
6 5
5 5
6 5
5 5
4 5
4 6
4 5
4 4
4 3
3 3
2 3
2 4
1 4
1 5
2 5
1 5
1 4
0 4
1 4
2 4
1 4
2 4
1 4
0 4
1 4
1 5
2 5
1 5
1 4
0 4
0 3
1 3
0 3
1 3
1 2
2 2
2 1
1 1
1 0
1 1
1 2
2 2
3 2
3 1
3 0
2 0
3 0
4 0
4 1
3 1
4 1
5 1
6 1
6 0
5 0
4 0
4 1
4 2
3 2
2 2
1 2
1 1
1 0
1 1
2 1
1 1
0 1
0 2
1 2
0 2
1 2
0 2
0 1
1 1
2 1
3 1
3 2
3 1
3 0
3 1
4 1
5 1
5 0
6 0
6 1
6 2
6 1
7 1
6 1
7 1
7 0
6 0
5 0
5 1
5 2
5 1
5 2
6 2
5 2
6 2
5 2
4 2
4 1
5 1
4 1
5 1
5 0
5 1
5 0
4 0
5 0
5 1
5 0
5 1
5 2
4 2
4 3
3 3
4 3
5 3
5 2
5 3
5 4
6 4
6 3
6 4
5 4
5 5
4 5
5 5
5 4
4 4
4 5
4 6
4 7
5 7
5 8
5 7
6 7
6 6
7 6
6 6
6 5
5 5
5 4
4 4
4 5
3 5
2 5
1 5
1 6
2 6
3 6
4 6
4 7
4 8
4 9
5 9
4 9
4 10
3 10
4 10
4 11
5 11
4 11
4 12
3 12
2 12
2 11
3 11
3 10
2 10
3 10
3 11
3 12
4 12
4 13
5 13
5 12
6 12
7 12
8 12
8 13
8 12
8 13
9 13
9 12
10 12
10 13
9 13
8 13
7 13
6 13
6 14
7 14
7 13
6 13
6 14
5 14
5 15
5 14
5 15
4 15
3 15
4 15
5 15
5 14
5 13
5 14
6 14
6 15
6 14
7 14
8 14
8 15
8 16
8 15
9 15
8 15
7 15
7 16
8 16
7 16
7 17
8 17
9 17
9 18
9 19
8 19
9 19
8 19
7 19
6 19
6 20
6 19
7 19
8 19
8 20
7 20
6 20
6 19
7 19
7 20
7 19
7 20
7 21
7 22
7 23
7 24
6 24
7 24
7 25
8 25
9 25
10 25
9 25
9 26
10 26
10 27
10 28
9 28
9 27
9 28
9 27
9 28
10 28
11 28
11 27
10 27
10 26
10 25
10 24
10 25
10 24
10 25
11 25
11 24
10 24
9 24
9 25
10 25
10 24
10 25
9 25
10 25
9 25
9 26
10 26
11 26
11 27
10 27
9 27
8 27
8 28
8 27
9 27
9 28
9 29
9 30
8 30
9 30
9 31
9 32
9 33
10 33
10 32
10 33
10 32
11 32
11 31
11 32
11 33
10 33
9 33
8 33
8 34
9 34
10 34
11 34
11 35
10 35
10 34
10 35
10 34
9 34
8 34
8 35
7 35
7 34
7 35
8 35
8 36
7 36
7 35
6 35
7 35
7 36
7 37
8 37
7 37
7 38
6 38
6 37
6 36
5 36
5 37
5 38
5 37
6 37
7 37
7 38
7 37
6 37
6 36
6 37
6 36
6 37
7 37
7 36
8 36
9 36
9 35
9 36
8 36
8 37
9 37
9 38
9 39
9 38
8 38
8 39
9 39
9 40
10 40
10 41
9 41
9 42
9 43
9 42
9 41
8 41
7 41
6 41
6 42
7 42
6 42
5 42
5 43
4 43
4 44
3 44
3 43
3 42
4 42
5 42
5 41
4 41
4 42
4 41
4 40
4 39
4 38
5 38
5 37
4 37
5 37
6 37
5 37
5 38
6 38
7 38
7 39
7 40
7 39
8 39
9 39
8 39
9 39
10 39
10 40
11 40
12 40
12 39
12 38
11 38
11 39
11 40
11 39
12 39
11 39
10 39
9 39
10 39
10 38
11 38
12 38
12 37
12 36
13 36
14 36
14 35
15 35
15 36
15 35
15 36
15 35
15 36
15 35
14 35
13 35
12 35
12 36
12 35
13 35
12 35
11 35
11 34
11 33
11 34
11 35
11 34
12 34
12 33
12 32
13 32
14 32
15 32
14 32
14 33
14 34
14 33
15 33
15 32
15 33
15 32
16 32
17 32
17 33
18 33
17 33
17 32
17 33
17 34
16 34
15 34
16 34
16 33
16 34
15 34
15 33
14 33
13 33
12 33
12 34
12 33
13 33
13 34
14 34
14 35
13 35
13 36
12 36
12 35
12 36
12 35
11 35
12 35
12 36
11 36
12 36
11 36
11 37
11 38
11 37
11 38
11 39
10 39
10 40
11 40
11 41
11 42
12 42
12 43
13 43
12 43
12 42
13 42
13 43
13 42
14 42
14 43
13 43
12 43
12 44
12 45
12 46
11 46
12 46
13 46
14 46
14 47
13 47
13 48
13 49
13 48
14 48
13 48
14 48
14 47
15 47
15 48
15 49
15 48
16 48
16 47
15 47
16 47
16 48
16 49
15 49
15 48
15 47
15 46
16 46
15 46
15 47
15 46
15 47
15 48
16 48
17 48
17 49
17 50
16 50
16 51
17 51
16 51
17 51
18 51
18 50
19 50
19 49
19 48
19 47
18 47
18 46
18 47
18 48
17 48
17 47
18 47
18 48
18 47
17 47
17 46
18 46
18 45
19 45
19 46
18 46
17 46
17 45
16 45
16 44
17 44
18 44
18 45
19 45
19 46
18 46
19 46
18 46
19 46
19 47
19 46
18 46
18 45
19 45
18 45
17 45
17 46
17 45
17 44
16 44
16 45
17 45
17 44
18 44
18 45
17 45
18 45
19 45
19 44
18 44
19 44
19 43
19 44
18 44
18 45
19 45
19 46
19 45
19 46
18 46
18 45
17 45
17 46
16 46
16 45
16 46
15 46
16 46
16 47
17 47
17 46
16 46
16 45
16 46
17 46
18 46
18 47
19 47
20 47
19 47
19 48
19 47
18 47
19 47
19 48
18 48
17 48
17 49
18 49
18 48
18 47
18 46
19 46
19 45
19 44
19 45
18 45
19 45
19 46
19 45
20 45
19 45
19 44
18 44
17 44
17 45
18 45
18 44
18 45
19 45
19 46
19 45
18 45
19 45
18 45
18 46
18 47
18 48
18 49
19 49
20 49
19 49
18 49
19 49
20 49
20 48
20 49
21 49
22 49
23 49
23 50
23 51
23 52
22 52
23 52
24 52
23 52
22 52
23 52
24 52
24 51
24 52
24 53
24 52
23 52
23 53
23 52
23 51
24 51
24 52
23 52
22 52
21 52
21 53
22 53
23 53
24 53
24 54
25 54
26 54
26 55
26 56
26 57
25 57
26 57
26 56
26 55
26 54
25 54
