0 0
1 0
0 0
0 1
0 2
0 1
1 1
2 1
3 1
2 1
2 2
2 3
2 2
2 1
2 2
2 3
3 3
2 3
2 4
1 4
2 4
2 5
2 4
2 3
2 4
3 4
2 4
2 5
3 5
3 6
3 5
3 4
4 4
3 4
3 5
3 6
3 7
4 7
4 6
4 5
4 4
3 4
4 4
3 4
2 4
1 4
0 4
0 5
0 4
1 4
1 5
1 6
0 6
0 5
1 5
2 5
3 5
3 6
2 6
2 5
2 6
2 7
1 7
1 8
0 8
0 9
0 8
0 9
0 10
0 11
0 12
1 12
0 12
1 12
1 11
1 12
2 12
3 12
3 13
4 13
4 14
4 13
3 13
3 12
4 12
3 12
2 12
2 11
2 12
3 12
4 12
4 13
4 12
5 12
6 12
7 12
6 12
6 11
7 11
8 11
7 11
7 10
6 10
6 9
7 9
8 9
8 10
7 10
6 10
7 10
7 11
7 10
8 10
8 9
8 10
9 10
10 10
11 10
10 10
9 10
10 10
10 11
10 10
9 10
10 10
10 9
10 10
10 11
10 10
10 11
9 11
8 11
8 12
9 12
8 12
9 12
10 12
10 11
9 11
9 12
9 13
9 14
9 15
9 14
9 13
10 13
9 13
9 14
10 14
9 14
8 14
8 13
8 12
8 11
7 11
7 12
8 12
8 11
8 12
7 12
7 13
7 12
8 12
8 13
9 13
9 14
10 14
10 13
10 14
11 14
10 14
9 14
9 13
9 14
8 14
7 14
6 14
6 13
6 12
7 12
7 11
6 11
6 12
6 11
7 11
8 11
9 11
9 12
8 12
9 12
9 13
9 14
9 15
10 15
10 14
10 13
9 13
8 13
7 13
6 13
6 12
6 11
7 11
7 10
6 10
6 11
5 11
4 11
5 11
5 12
5 13
4 13
3 13
3 12
3 11
4 11
5 11
4 11
5 11
4 11
4 12
4 11
5 11
5 10
5 11
4 11
4 12
5 12
6 12
5 12
5 13
5 12
5 13
4 13
3 13
2 13
1 13
1 14
1 13
1 12
1 11
2 11
2 12
3 12
4 12
4 13
5 13
5 12
5 13
4 13
3 13
3 12
2 12
2 13
2 14
3 14
2 14
3 14
4 14
4 13
3 13
4 13
4 12
4 11
5 11
4 11
3 11
3 10
3 9
3 10
3 11
4 11
4 12
4 11
5 11
6 11
5 11
4 11
3 11
3 12
2 12
2 13
2 14
2 13
2 14
2 15
2 16
1 16
1 17
1 18
1 17
0 17
0 18
0 19
1 19
0 19
0 18
0 17
0 18
1 18
1 19
1 20
2 20
3 20
3 19
3 18
4 18
3 18
2 18
2 17
1 17
2 17
2 16
1 16
0 16
1 16
1 17
2 17
3 17
3 18
3 19
3 18
3 19
3 20
2 20
1 20
1 19
1 20
1 21
2 21
2 22
2 21
1 21
1 20
0 20
0 21
1 21
1 20
0 20
1 20
1 19
0 19
1 19
2 19
3 19
3 20
2 20
2 19
1 19
2 19
3 19
4 19
4 18
3 18
2 18
2 19
2 18
2 19
2 20
2 19
2 20
2 21
2 22
2 21
2 20
1 20
1 21
1 20
0 20
0 19
1 19
1 18
2 18
1 18
1 17
1 16
1 17
1 18
1 17
2 17
2 18
2 19
1 19
0 19
0 20
0 19
1 19
1 20
1 21
1 22
1 21
1 22
2 22
3 22
3 23
3 24
2 24
2 25
2 24
2 25
2 24
2 25
1 25
0 25
1 25
1 26
1 25
2 25
1 25
1 24
1 25
0 25
1 25
0 25
1 25
1 24
0 24
0 23
1 23
1 22
0 22
0 23
1 23
0 23
1 23
1 24
2 24
1 24
0 24
0 25
0 24
1 24
1 23
2 23
3 23
3 22
2 22
3 22
4 22
4 23
3 23
2 23
3 23
4 23
5 23
6 23
5 23
6 23
5 23
6 23
6 22
6 21
5 21
5 22
4 22
4 21
4 22
5 22
6 22
6 23
6 22
7 22
7 23
6 23
6 24
6 23
5 23
5 22
5 21
4 21
5 21
4 21
4 22
4 21
5 21
6 21
5 21
5 20
5 19
5 18
4 18
4 19
4 18
4 17
3 17
2 17
2 16
2 17
1 17
1 16
1 17
2 17
2 16
2 17
2 16
3 16
4 16
4 15
4 14
5 14
5 13
5 12
5 13
6 13
5 13
6 13
6 14
5 14
5 13
5 14
5 13
5 14
5 13
6 13
5 13
5 12
5 13
5 12
4 12
3 12
4 12
3 12
4 12
4 13
4 14
5 14
5 15
5 14
5 13
5 14
6 14
7 14
6 14
6 13
6 12
6 13
7 13
6 13
6 14
6 15
7 15
7 16
6 16
6 15
6 14
6 13
6 14
6 13
6 14
7 14
6 14
7 14
7 15
8 15
9 15
8 15
7 15
8 15
8 14
9 14
10 14
11 14
11 13
10 13
9 13
9 14
9 13
9 12
8 12
7 12
8 12
7 12
8 12
9 12
9 13
10 13
9 13
9 12
8 12
7 12
7 11
7 10
8 10
8 11
7 11
7 12
8 12
9 12
9 13
9 14
9 15
9 16
9 17
8 17
9 17
8 17
8 16
7 16
8 16
9 16
9 15
10 15
11 15
11 16
10 16
11 16
11 15
12 15
12 16
12 17
12 16
13 16
13 15
13 16
14 16
14 17
14 18
14 19
14 18
14 19
13 19
13 20
12 20
12 19
13 19
13 20
12 20
11 20
11 21
12 21
12 22
13 22
13 23
13 24
13 25
13 26
12 26
12 27
11 27
11 28
11 29
10 29
9 29
9 28
9 29
8 29
8 28
7 28
6 28
7 28
7 29
6 29
5 29
5 30
6 30
6 31
7 31
7 30
7 31
7 30
6 30
7 30
7 31
7 30
8 30
7 30
7 31
8 31
8 30
7 30
7 31
7 30
8 30
8 31
9 31
9 30
9 31
10 31
9 31
9 30
8 30
8 31
8 30
9 30
10 30
11 30
10 30
9 30
9 31
9 30
9 31
10 31
9 31
9 30
9 29
10 29
10 30
10 29
11 29
11 30
12 30
13 30
12 30
12 31
12 32
12 33
12 32
12 33
12 32
12 33
12 32
12 33
13 33
12 33
12 32
11 32
11 33
11 34
11 35
12 35
11 35
12 35
11 35
10 35
9 35
10 35
11 35
12 35
12 34
13 34
14 34
14 35
14 36
15 36
16 36
17 36
16 36
17 36
18 36
19 36
19 37
19 36
19 35
20 35
20 34
21 34
20 34
21 34
21 33
21 34
20 34
20 33
20 34
21 34
21 35
20 35
20 36
20 35
20 34
20 35
20 34
20 35
20 36
19 36
18 36
17 36
18 36
18 37
17 37
16 37
16 36
16 37
16 36
16 37
15 37
16 37
17 37
16 37
16 38
15 38
16 38
16 37
16 38
16 37
16 38
16 37
15 37
16 37
17 37
18 37
18 36
18 37
18 36
18 35
18 34
17 34
16 34
16 35
16 36
16 35
15 35
15 34
15 33
14 33
13 33
13 34
13 33
13 34
13 35
12 35
13 35
14 35
15 35
15 34
15 33
15 34
15 33
15 32
16 32
16 31
16 32
15 32
15 31
14 31
14 32
13 32
12 32
12 33
11 33
10 33
10 34
10 33
10 34
11 34
11 33
11 32
10 32
11 32
12 32
13 32
13 31
14 31
15 31
14 31
15 31
15 30
15 31
14 31
14 30
14 31
15 31
15 30
14 30
14 31
14 32
14 33
14 34
14 35
15 35
16 35
15 35
16 35
15 35
14 35
14 34
14 33
14 34
14 35
15 35
16 35
16 34
15 34
15 33
15 32
14 32
14 31
14 30
14 29
14 28
14 29
14 30
14 31
14 30
13 30
12 30
11 30
11 31
11 32
10 32
9 32
8 32
9 32
9 33
9 32
8 32
7 32
7 33
7 34
7 33
7 32
7 31
6 31
5 31
4 31
4 30
4 29
5 29
5 30
6 30
6 29
6 28
6 27
6 28
6 27
7 27
7 28
8 28
7 28
6 28
5 28
4 28
4 29
5 29
5 28
4 28
4 27
4 26
4 27
5 27
6 27
6 26
7 26
6 26
7 26
7 27
6 27
6 26
5 26
4 26
5 26
5 25
4 25
4 24
4 23
5 23
5 22
4 22
4 23
4 22
4 21
3 21
2 21
3 21
3 20
4 20
4 21
5 21
4 21
3 21
3 20
3 21
2 21
2 22
2 23
2 24
1 24
1 23
0 23
1 23
1 22
0 22
0 21
0 20
1 20
0 20
0 21
0 22
1 22
2 22
2 23
2 22
2 21
1 21
2 21
2 20
2 19
3 19
4 19
3 19
4 19
3 19
3 18
4 18
4 17
5 17
6 17
5 17
6 17
6 18
6 17
