0 0
1 0
0 0
0 1
0 2
1 2
2 2
2 3
2 4
3 4
3 5
4 5
4 4
3 4
3 5
3 6
3 5
4 5
5 5
5 4
6 4
5 4
5 3
5 2
5 3
5 2
5 1
5 2
5 1
5 2
5 3
4 3
4 4
4 3
4 2
4 1
4 0
5 0
5 1
5 0
5 1
5 0
6 0
6 1
6 0
7 0
8 0
8 1
8 0
8 1
8 2
7 2
7 1
7 0
6 0
5 0
5 1
5 0
6 0
7 0
8 0
8 1
8 0
8 1
7 1
6 1
6 0
6 1
6 0
5 0
4 0
3 0
4 0
5 0
5 1
5 0
5 1
6 1
6 2
7 2
8 2
8 3
9 3
10 3
9 3
9 4
8 4
8 3
9 3
8 3
8 2
8 1
9 1
8 1
7 1
7 2
7 1
8 1
9 1
8 1
7 1
8 1
8 2
7 2
7 1
7 2
7 3
8 3
8 4
7 4
8 4
7 4
7 3
6 3
6 2
7 2
7 3
6 3
5 3
5 2
5 3
5 4
5 5
5 6
4 6
4 7
3 7
4 7
4 6
4 5
3 5
3 4
2 4
2 3
1 3
2 3
1 3
1 4
1 3
0 3
0 2
1 2
1 3
1 4
1 3
1 2
0 2
1 2
2 2
2 1
2 2
3 2
3 1
4 1
5 1
4 1
4 2
4 3
5 3
4 3
4 2
3 2
3 3
2 3
3 3
4 3
5 3
6 3
6 4
6 5
7 5
7 4
6 4
6 5
7 5
6 5
7 5
8 5
8 4
8 3
9 3
9 4
9 5
9 6
10 6
9 6
9 7
10 7
11 7
11 8
12 8
12 7
13 7
14 7
14 6
13 6
12 6
12 7
12 6
12 5
11 5
11 6
10 6
10 7
11 7
10 7
11 7
11 6
12 6
13 6
13 7
13 8
12 8
13 8
12 8
13 8
12 8
11 8
11 7
12 7
11 7
11 6
11 5
12 5
12 6
12 7
12 8
13 8
13 7
13 8
12 8
12 9
12 10
12 9
13 9
13 8
12 8
12 9
12 8
13 8
14 8
13 8
13 7
13 8
12 8
13 8
14 8
14 9
14 10
15 10
14 10
14 9
15 9
15 10
14 10
14 11
13 11
13 10
13 11
13 10
12 10
12 11
12 12
12 13
11 13
10 13
10 12
11 12
12 12
13 12
12 12
12 11
11 11
12 11
12 12
13 12
13 13
14 13
15 13
15 12
15 11
15 10
15 11
15 10
14 10
15 10
15 11
14 11
13 11
12 11
12 10
12 9
12 10
12 9
11 9
11 10
10 10
10 11
11 11
11 10
12 10
11 10
11 9
11 10
11 9
10 9
10 10
10 9
10 10
10 11
11 11
12 11
13 11
14 11
14 12
15 12
16 12
16 11
16 10
15 10
16 10
16 11
16 12
16 11
16 12
16 13
15 13
16 13
17 13
17 12
17 11
17 12
17 11
18 11
18 12
17 12
18 12
18 11
19 11
19 10
19 11
18 11
18 10
18 11
18 12
18 13
18 14
18 13
17 13
18 13
19 13
18 13
18 12
17 12
17 11
17 12
16 12
17 12
18 12
17 12
17 13
16 13
17 13
16 13
15 13
14 13
14 12
14 13
15 13
15 14
15 13
15 12
15 11
15 10
15 11
16 11
16 10
15 10
14 10
14 11
14 12
15 12
16 12
15 12
14 12
13 12
14 12
14 13
14 14
14 15
13 15
12 15
12 14
12 15
11 15
10 15
9 15
8 15
8 16
8 15
8 14
8 13
9 13
10 13
10 14
10 13
10 12
11 12
10 12
11 12
11 11
11 10
10 10
10 9
10 8
9 8
9 7
10 7
10 8
11 8
10 8
11 8
11 9
11 10
11 9
11 10
11 11
10 11
10 10
9 10
8 10
7 10
7 11
6 11
6 12
6 13
6 14
7 14
7 13
6 13
6 14
5 14
4 14
4 15
3 15
3 16
2 16
3 16
2 16
2 17
2 16
1 16
2 16
1 16
0 16
1 16
2 16
2 17
3 17
3 18
2 18
1 18
1 19
1 18
2 18
2 17
2 16
3 16
3 15
4 15
3 15
3 16
3 15
3 14
4 14
4 13
4 14
4 15
4 14
5 14
4 14
4 15
4 16
4 17
4 18
4 17
5 17
6 17
7 17
7 18
7 17
7 16
6 16
7 16
7 15
7 14
8 14
7 14
7 15
7 16
6 16
7 16
8 16
8 17
9 17
8 17
7 17
6 17
6 16
6 17
5 17
5 16
5 15
5 16
6 16
5 16
6 16
6 17
6 18
7 18
8 18
9 18
8 18
8 19
8 20
8 21
7 21
8 21
8 20
8 19
8 18
7 18
6 18
6 19
7 19
7 20
8 20
8 19
8 18
8 17
8 18
9 18
8 18
9 18
10 18
9 18
9 19
8 19
8 20
8 19
9 19
9 20
10 20
10 19
11 19
11 18
11 19
10 19
10 20
10 21
11 21
12 21
11 21
10 21
11 21
10 21
11 21
10 21
10 20
11 20
10 20
10 19
11 19
12 19
12 20
12 21
12 20
13 20
12 20
12 19
11 19
10 19
10 20
11 20
12 20
11 20
11 19
12 19
12 18
11 18
12 18
12 17
12 18
13 18
12 18
11 18
11 19
11 20
10 20
10 21
10 22
10 23
10 24
10 25
10 26
11 26
11 27
11 26
11 25
12 25
12 26
12 27
12 28
12 29
13 29
13 30
13 31
13 32
12 32
11 32
11 31
10 31
10 30
10 29
10 28
11 28
10 28
11 28
10 28
10 29
9 29
9 30
9 31
9 32
10 32
10 31
11 31
11 32
12 32
13 32
13 33
13 34
14 34
15 34
14 34
15 34
15 35
15 34
14 34
15 34
15 33
16 33
16 32
16 31
16 30
16 29
16 28
16 27
15 27
16 27
16 26
16 25
15 25
15 24
14 24
14 25
14 24
15 24
15 25
15 24
16 24
17 24
17 23
17 24
17 25
16 25
16 26
16 27
16 26
17 26
17 25
16 25
17 25
17 24
16 24
16 23
16 24
15 24
15 23
16 23
16 22
16 21
16 22
16 21
17 21
17 20
17 19
18 19
19 19
19 18
18 18
18 19
18 18
17 18
17 17
18 17
19 17
18 17
18 16
19 16
18 16
18 17
19 17
20 17
20 16
21 16
21 15
20 15
19 15
19 16
19 15
19 16
19 15
20 15
19 15
20 15
19 15
19 16
20 16
20 17
19 17
20 17
19 17
18 17
18 18
19 18
19 19
19 18
20 18
21 18
22 18
21 18
21 17
21 16
22 16
22 15
22 14
23 14
23 13
23 12
24 12
23 12
22 12
22 13
23 13
24 13
25 13
26 13
25 13
24 13
24 12
24 13
25 13
26 13
27 13
27 12
28 12
29 12
28 12
28 13
29 13
28 13
29 13
29 14
28 14
27 14
27 13
26 13
27 13
26 13
25 13
24 13
23 13
24 13
24 14
24 13
24 14
24 15
24 14
23 14
22 14
22 13
22 12
21 12
22 12
21 12
21 13
21 14
21 13
21 12
20 12
20 11
19 11
20 11
20 10
20 11
20 12
20 13
21 13
22 13
22 12
21 12
22 12
23 12
23 13
24 13
24 12
24 11
23 11
22 11
22 12
22 13
22 14
22 15
21 15
21 16
22 16
22 17
22 16
22 15
23 15
23 16
22 16
22 15
22 16
21 16
21 17
22 17
23 17
24 17
23 17
23 18
24 18
25 18
25 17
26 17
27 17
26 17
26 16
27 16
28 16
29 16
30 16
29 16
29 15
30 15
29 15
28 15
28 14
28 15
29 15
29 16
29 17
30 17
30 18
31 18
31 17
30 17
31 17
31 18
30 18
30 17
31 17
30 17
29 17
28 17
28 16
28 17
27 17
28 17
29 17
28 17
28 18
28 19
28 20
28 21
28 20
29 20
29 21
29 20
29 19
28 19
28 20
29 20
29 19
29 20
30 20
31 20
30 20
31 20
30 20
29 20
30 20
30 19
31 19
30 19
30 18
31 18
32 18
32 19
32 20
32 19
31 19
31 18
31 17
32 17
33 17
32 17
33 17
32 17
32 18
33 18
33 19
32 19
32 18
33 18
33 17
34 17
35 17
35 16
34 16
35 16
34 16
33 16
32 16
32 15
32 16
32 17
33 17
33 16
34 16
33 16
33 15
32 15
32 14
33 14
33 15
33 16
33 17
33 16
34 16
35 16
34 16
34 17
34 18
34 19
33 19
32 19
32 20
31 20
32 20
32 21
31 21
31 20
31 21
32 21
31 21
30 21
29 21
29 20
28 20
28 21
29 21
28 21
29 21
29 20
30 20
30 21
31 21
31 22
32 22
32 23
31 23
31 24
31 25
32 25
32 24
32 23
33 23
34 23
34 24
35 24
35 25
35 26
35 25
35 26
35 25
36 25
37 25
38 25
