0 0
1 0
1 1
0 1
1 1
2 1
2 0
1 0
1 1
1 0
0 0
1 0
1 1
0 1
1 1
2 1
2 2
1 2
2 2
2 1
1 1
0 1
1 1
2 1
3 1
2 1
3 1
3 2
3 1
2 1
3 1
3 0
3 1
3 0
3 1
3 0
4 0
3 0
4 0
4 1
4 2
4 3
4 4
4 5
3 5
3 6
3 5
3 4
2 4
2 5
1 5
2 5
1 5
1 4
1 3
1 2
0 2
0 1
0 2
0 1
1 1
2 1
3 1
3 2
3 1
2 1
2 2
3 2
3 3
3 2
2 2
2 3
2 2
3 2
4 2
3 2
3 3
2 3
1 3
0 3
1 3
1 2
0 2
0 1
0 0
1 0
1 1
1 2
1 3
1 2
0 2
1 2
1 3
1 2
2 2
2 1
1 1
2 1
3 1
3 0
4 0
5 0
5 1
4 1
4 0
4 1
5 1
4 1
4 0
3 0
2 0
1 0
0 0
0 1
1 1
0 1
0 0
0 1
1 1
1 0
0 0
0 1
1 1
1 0
1 1
0 1
0 2
1 2
1 1
2 1
2 2
3 2
2 2
1 2
0 2
0 1
1 1
2 1
1 1
1 2
0 2
0 1
0 0
0 1
1 1
0 1
0 0
0 1
0 0
1 0
0 0
1 0
2 0
1 0
0 0
0 1
1 1
2 1
2 0
2 1
2 2
2 3
3 3
3 2
3 3
2 3
3 3
2 3
1 3
0 3
0 2
1 2
1 1
0 1
0 0
0 1
1 1
2 1
1 1
1 2
1 1
1 0
2 0
2 1
2 0
2 1
3 1
3 2
3 1
3 0
3 1
3 0
3 1
3 0
2 0
2 1
2 2
3 2
3 1
3 0
4 0
4 1
5 1
5 2
5 3
5 2
5 1
6 1
6 0
7 0
6 0
7 0
7 1
8 1
9 1
9 0
8 0
7 0
8 0
7 0
7 1
6 1
7 1
8 1
8 0
9 0
10 0
10 1
9 1
9 2
9 1
8 1
8 0
9 0
10 0
10 1
11 1
10 1
10 2
9 2
10 2
10 3
10 4
9 4
9 5
10 5
10 6
10 5
9 5
8 5
8 6
9 6
9 5
9 4
8 4
9 4
10 4
11 4
11 5
10 5
10 6
10 7
10 8
11 8
12 8
12 7
11 7
11 6
10 6
10 5
9 5
9 4
8 4
9 4
8 4
8 3
8 4
8 5
9 5
9 4
9 5
10 5
11 5
10 5
9 5
8 5
8 4
9 4
9 3
9 2
8 2
8 1
7 1
7 0
6 0
6 1
6 0
7 0
8 0
8 1
8 2
7 2
7 1
6 1
7 1
7 2
7 1
7 0
7 1
8 1
8 2
7 2
8 2
8 1
7 1
8 1
9 1
9 0
8 0
9 0
9 1
8 1
9 1
9 0
10 0
10 1
10 2
10 3
11 3
10 3
9 3
8 3
8 4
8 5
9 5
10 5
11 5
11 4
11 5
11 6
11 5
11 6
10 6
10 7
10 8
11 8
12 8
12 9
12 10
12 9
12 8
11 8
12 8
12 9
12 10
12 9
11 9
12 9
13 9
12 9
12 10
12 9
12 10
12 9
12 10
13 10
14 10
15 10
15 9
16 9
17 9
17 10
17 11
17 12
18 12
19 12
19 13
19 14
19 15
19 16
19 17
20 17
20 16
19 16
19 17
19 18
18 18
17 18
18 18
18 17
17 17
17 18
17 19
16 19
15 19
16 19
17 19
16 19
15 19
14 19
15 19
16 19
16 20
16 21
16 22
15 22
16 22
15 22
15 21
14 21
13 21
13 22
13 21
13 22
13 23
13 24
14 24
13 24
12 24
13 24
12 24
13 24
13 23
12 23
13 23
12 23
11 23
12 23
11 23
11 24
11 23
10 23
10 22
10 21
10 20
9 20
10 20
10 21
9 21
8 21
8 20
7 20
8 20
8 21
7 21
6 21
7 21
6 21
6 22
6 21
6 22
5 22
6 22
6 23
6 24
5 24
5 23
4 23
3 23
2 23
2 24
2 25
3 25
4 25
5 25
4 25
4 26
4 25
5 25
6 25
7 25
7 24
7 23
7 22
6 22
5 22
5 21
4 21
4 22
5 22
6 22
6 23
7 23
6 23
7 23
7 24
7 23
8 23
8 24
7 24
8 24
8 25
8 26
7 26
8 26
8 27
8 26
8 25
7 25
6 25
5 25
6 25
6 24
7 24
7 23
7 24
7 25
8 25
8 26
8 25
9 25
10 25
10 26
11 26
12 26
13 26
13 27
14 27
14 28
14 27
14 26
13 26
13 25
13 24
12 24
11 24
12 24
12 25
12 24
11 24
12 24
12 23
12 24
11 24
12 24
12 23
12 22
12 23
11 23
12 23
11 23
12 23
13 23
13 24
13 23
13 24
13 23
12 23
12 24
12 23
12 22
11 22
10 22
10 23
10 22
10 21
10 22
10 23
10 24
10 25
9 25
9 26
9 25
9 24
9 25
9 24
9 25
10 25
10 24
11 24
10 24
10 23
9 23
9 22
9 23
9 24
9 25
9 26
9 27
8 27
8 26
8 27
9 27
9 28
9 27
9 28
9 29
10 29
10 30
9 30
9 29
8 29
7 29
7 28
8 28
8 27
7 27
6 27
6 26
6 27
5 27
5 28
4 28
4 29
4 30
4 31
4 32
4 33
5 33
5 34
6 34
7 34
7 35
7 34
8 34
8 33
9 33
8 33
8 34
7 34
7 35
6 35
6 36
6 37
6 36
6 37
6 36
7 36
7 37
7 38
6 38
6 37
6 36
6 35
6 34
7 34
7 35
7 34
7 33
7 32
8 32
8 33
8 34
8 33
9 33
10 33
10 34
9 34
9 35
9 34
9 35
9 34
9 35
10 35
10 34
11 34
11 35
12 35
12 36
12 37
12 36
12 37
11 37
11 36
11 35
11 36
10 36
11 36
12 36
12 37
13 37
14 37
15 37
16 37
15 37
15 36
16 36
15 36
14 36
14 37
15 37
16 37
16 36
15 36
15 37
14 37
13 37
12 37
12 38
12 37
13 37
13 38
13 37
13 36
13 37
13 36
14 36
13 36
13 37
13 38
13 37
14 37
13 37
14 37
14 36
14 37
13 37
12 37
12 36
11 36
10 36
11 36
11 37
11 38
11 37
12 37
12 38
12 39
12 40
11 40
11 39
10 39
10 40
11 40
11 41
10 41
9 41
9 42
9 41
8 41
8 42
7 42
6 42
6 43
5 43
6 43
5 43
6 43
6 42
6 41
5 41
4 41
4 40
3 40
4 40
4 41
5 41
5 42
4 42
5 42
5 41
4 41
3 41
3 42
2 42
1 42
2 42
1 42
2 42
2 41
2 42
3 42
2 42
2 43
2 44
2 45
2 44
2 43
1 43
1 44
0 44
0 43
1 43
1 44
1 43
1 42
1 41
1 42
2 42
3 42
3 43
4 43
3 43
3 42
2 42
1 42
1 43
0 43
0 42
1 42
2 42
2 43
2 42
2 41
3 41
3 42
2 42
2 41
2 40
2 41
2 40
1 40
1 41
0 41
1 41
1 42
1 43
2 43
3 43
4 43
5 43
4 43
4 42
4 43
3 43
3 42
3 43
4 43
5 43
4 43
5 43
4 43
5 43
6 43
6 42
6 41
6 42
6 41
7 41
7 42
6 42
6 41
7 41
8 41
8 42
8 43
9 43
10 43
9 43
8 43
7 43
8 43
7 43
7 44
7 43
6 43
5 43
5 44
5 43
5 42
6 42
6 43
7 43
6 43
5 43
6 43
6 44
7 44
7 43
7 42
6 42
7 42
6 42
6 41
6 42
7 42
7 41
7 42
6 42
6 41
5 41
4 41
4 40
4 41
5 41
5 40
6 40
6 41
7 41
8 41
7 41
7 42
7 43
7 42
6 42
5 42
6 42
7 42
8 42
8 43
7 43
6 43
5 43
4 43
3 43
4 43
4 44
5 44
4 44
4 43
4 42
4 43
4 42
4 41
5 41
6 41
6 42
7 42
7 41
7 40
6 40
7 40
7 39
7 40
6 40
7 40
7 39
6 39
5 39
5 38
5 39
5 40
6 40
6 41
5 41
6 41
6 40
7 40
8 40
8 41
8 40
8 41
8 40
8 41
7 41
8 41
7 41
8 41
8 40
7 40
8 40
8 39
9 39
8 39
8 38
7 38
6 38
5 38
6 38
7 38
6 38
5 38
5 39
5 40
5 39
6 39
5 39
4 39
4 38
5 38
5 39
4 39
4 38
4 39
4 38
4 37
4 38
4 37
4 38
4 37
4 36
4 35
5 35
5 34
6 34
6 33
7 33
7 34
8 34
7 34
8 34
9 34
9 35
9 34
9 33
9 34
9 35
9 34
9 33
8 33
9 33
8 33
8 34
7 34
6 34
7 34
7 35
7 36
6 36
5 36
