0 0
1 0
1 1
1 0
0 0
0 1
1 1
0 1
0 0
1 0
1 1
1 0
2 0
3 0
3 1
3 0
2 0
1 0
1 1
1 0
1 1
1 2
0 2
1 2
0 2
1 2
1 3
0 3
1 3
1 2
1 3
1 2
0 2
0 3
0 4
0 5
0 6
1 6
1 7
1 6
0 6
1 6
2 6
2 7
2 8
3 8
2 8
3 8
3 9
3 8
4 8
5 8
4 8
4 7
4 8
5 8
6 8
6 9
7 9
7 8
6 8
6 9
7 9
7 8
7 7
8 7
7 7
6 7
7 7
6 7
7 7
8 7
8 8
8 7
7 7
7 8
6 8
6 7
6 8
6 7
6 8
5 8
5 9
5 10
5 11
5 12
6 12
6 13
5 13
5 12
5 13
5 12
5 13
6 13
7 13
8 13
8 14
7 14
8 14
7 14
7 15
8 15
8 14
8 13
7 13
7 14
8 14
7 14
8 14
8 15
7 15
7 16
7 17
6 17
5 17
6 17
7 17
7 18
7 17
7 16
6 16
7 16
7 17
7 16
7 15
8 15
8 16
8 15
8 16
8 17
9 17
8 17
8 18
8 17
8 18
7 18
8 18
9 18
9 19
9 20
9 21
10 21
9 21
9 22
8 22
9 22
8 22
7 22
8 22
7 22
8 22
9 22
9 23
10 23
10 24
10 25
10 26
10 27
11 27
10 27
9 27
9 28
8 28
9 28
9 29
9 30
9 31
9 32
8 32
8 31
8 30
7 30
7 29
8 29
8 28
8 29
7 29
6 29
6 30
5 30
6 30
6 31
6 30
6 31
5 31
5 30
5 29
5 30
4 30
5 30
5 31
5 32
4 32
3 32
4 32
4 33
3 33
3 34
3 35
4 35
3 35
4 35
5 35
5 36
6 36
7 36
6 36
7 36
7 37
8 37
8 38
7 38
7 39
8 39
7 39
8 39
8 38
9 38
8 38
7 38
7 37
8 37
8 38
8 39
7 39
7 40
7 41
7 42
7 43
8 43
9 43
10 43
9 43
10 43
9 43
9 44
8 44
7 44
7 43
7 42
7 43
6 43
5 43
6 43
5 43
5 42
5 43
4 43
4 42
5 42
6 42
6 43
6 42
5 42
5 41
5 40
6 40
6 41
7 41
8 41
7 41
7 42
7 41
8 41
9 41
8 41
8 40
7 40
8 40
8 39
7 39
7 38
8 38
9 38
9 39
9 38
10 38
11 38
11 39
11 40
11 39
12 39
12 38
12 37
11 37
11 36
12 36
12 37
12 36
12 35
12 36
11 36
10 36
10 35
10 34
10 33
10 34
9 34
9 33
9 32
10 32
10 31
10 30
11 30
12 30
12 31
11 31
11 30
12 30
13 30
13 31
12 31
12 32
13 32
13 31
12 31
12 32
12 31
13 31
14 31
15 31
14 31
14 32
15 32
16 32
15 32
16 32
15 32
15 33
16 33
16 32
17 32
18 32
18 33
18 34
18 33
17 33
17 32
18 32
18 31
17 31
17 32
17 33
17 34
18 34
17 34
16 34
17 34
17 33
17 34
16 34
16 33
15 33
14 33
15 33
15 34
15 33
14 33
14 34
13 34
14 34
14 35
14 34
14 35
14 36
14 35
13 35
12 35
13 35
13 34
13 33
13 34
12 34
12 33
12 34
12 35
11 35
11 36
11 37
11 36
11 35
10 35
10 34
11 34
10 34
10 33
10 34
11 34
11 33
11 32
11 33
11 32
10 32
10 31
10 30
11 30
10 30
11 30
10 30
11 30
11 29
11 30
12 30
11 30
10 30
10 31
10 32
9 32
10 32
10 33
10 32
9 32
9 33
9 32
10 32
11 32
10 32
11 32
11 31
10 31
10 32
11 32
12 32
13 32
14 32
14 31
13 31
13 32
13 33
13 34
14 34
15 34
15 33
14 33
15 33
15 34
15 35
16 35
15 35
15 34
15 35
14 35
15 35
14 35
14 34
14 33
15 33
16 33
16 34
15 34
16 34
15 34
15 35
14 35
15 35
15 34
16 34
15 34
15 35
15 34
15 33
14 33
15 33
14 33
15 33
15 34
15 35
15 36
15 35
16 35
16 34
16 35
17 35
17 34
16 34
15 34
16 34
17 34
17 33
18 33
18 34
18 35
17 35
17 34
17 35
17 34
17 33
17 32
18 32
18 33
18 32
18 31
17 31
17 30
17 29
17 28
17 27
17 26
17 25
16 25
16 24
17 24
17 23
17 24
16 24
16 23
15 23
14 23
13 23
13 22
12 22
12 21
13 21
14 21
14 22
13 22
14 22
13 22
14 22
15 22
15 23
15 24
15 23
15 24
15 25
14 25
15 25
15 26
15 25
14 25
13 25
13 26
13 27
12 27
13 27
13 28
14 28
14 27
15 27
16 27
17 27
16 27
17 27
16 27
16 28
17 28
18 28
17 28
17 29
18 29
17 29
18 29
18 28
18 29
18 28
18 27
18 26
18 25
19 25
19 24
19 25
19 24
19 25
20 25
21 25
21 26
20 26
20 27
20 28
21 28
21 27
20 27
21 27
20 27
20 26
19 26
20 26
19 26
20 26
21 26
21 27
21 26
22 26
22 27
21 27
20 27
20 26
20 27
20 26
21 26
20 26
20 25
20 24
20 25
19 25
20 25
20 26
21 26
21 27
22 27
22 26
22 27
21 27
20 27
20 26
20 25
20 24
19 24
19 25
20 25
19 25
18 25
17 25
17 24
17 23
16 23
15 23
14 23
15 23
16 23
15 23
15 22
16 22
15 22
14 22
15 22
15 21
15 20
15 21
16 21
16 22
15 22
16 22
16 21
17 21
16 21
16 20
16 19
15 19
15 20
15 21
15 20
14 20
15 20
15 21
16 21
15 21
16 21
16 22
16 21
16 20
17 20
18 20
18 21
18 20
18 19
18 18
18 17
17 17
18 17
18 18
17 18
16 18
15 18
15 19
16 19
16 20
16 19
17 19
17 18
17 17
17 18
17 17
17 16
16 16
17 16
18 16
18 17
19 17
20 17
20 16
21 16
20 16
21 16
20 16
20 15
20 16
19 16
19 15
19 16
20 16
19 16
19 17
19 18
18 18
18 17
18 16
18 17
18 16
18 15
17 15
18 15
19 15
19 14
20 14
21 14
21 15
21 14
20 14
19 14
19 13
19 12
19 13
18 13
17 13
18 13
18 14
17 14
17 13
17 14
16 14
16 15
15 15
14 15
13 15
13 14
13 13
14 13
15 13
14 13
15 13
15 12
15 13
15 12
15 13
16 13
17 13
17 14
17 15
16 15
15 15
16 15
16 14
16 15
17 15
17 16
16 16
16 15
15 15
16 15
15 15
15 16
15 17
16 17
16 16
16 17
15 17
15 16
15 17
15 16
15 15
15 14
16 14
16 13
17 13
17 12
16 12
17 12
17 13
17 14
17 15
17 14
16 14
16 13
17 13
17 14
16 14
16 15
16 14
16 15
17 15
18 15
17 15
18 15
17 15
16 15
15 15
15 14
16 14
16 15
17 15
16 15
15 15
14 15
14 16
15 16
16 16
16 15
15 15
15 16
15 15
15 14
16 14
16 13
15 13
14 13
13 13
14 13
14 12
15 12
14 12
14 11
14 12
15 12
15 11
15 10
15 9
14 9
14 8
15 8
16 8
16 7
16 6
17 6
18 6
18 7
18 8
18 9
17 9
16 9
16 8
16 9
16 8
16 9
15 9
15 8
15 9
16 9
16 10
16 9
16 10
16 11
16 10
16 9
17 9
16 9
17 9
17 10
16 10
16 9
17 9
17 10
16 10
15 10
16 10
15 10
14 10
14 9
15 9
14 9
13 9
14 9
14 10
13 10
13 11
12 11
12 10
12 11
11 11
10 11
11 11
11 12
11 11
12 11
13 11
13 12
13 11
13 10
13 11
13 12
14 12
14 11
15 11
15 12
15 11
15 12
15 13
15 12
14 12
14 11
14 12
13 12
13 13
12 13
13 13
13 12
13 13
13 14
13 15
12 15
11 15
10 15
10 14
10 13
11 13
11 14
12 14
12 15
12 16
11 16
11 15
11 16
11 15
11 16
11 17
10 17
9 17
10 17
10 16
9 16
8 16
8 15
8 16
8 15
8 16
8 15
8 14
8 15
8 14
8 13
8 12
8 13
8 14
7 14
8 14
8 15
7 15
7 16
6 16
6 15
7 15
7 16
7 17
8 17
8 18
9 18
9 17
9 16
8 16
8 17
8 16
8 17
7 17
7 16
6 16
6 15
6 14
5 14
4 14
4 15
4 16
4 17
3 17
4 17
4 18
5 18
5 17
5 18
5 19
5 20
4 20
5 20
4 20
5 20
5 21
4 21
4 20
3 20
2 20
2 19
1 19
1 20
1 19
1 20
2 20
1 20
1 19
1 18
2 18
2 19
3 19
3 18
4 18
4 17
5 17
5 16
4 16
4 15
5 15
6 15
