0 0
0 1
0 2
1 2
1 1
1 0
0 0
0 1
1 1
0 1
0 2
0 1
1 1
1 2
1 3
1 4
1 3
0 3
1 3
0 3
1 3
0 3
1 3
2 3
3 3
3 2
3 1
4 1
3 1
3 2
4 2
5 2
5 3
5 4
6 4
7 4
7 5
8 5
8 6
9 6
10 6
10 5
10 6
9 6
8 6
8 5
8 6
7 6
7 7
6 7
6 6
6 5
7 5
6 5
7 5
7 4
6 4
6 3
5 3
5 2
4 2
4 3
3 3
3 2
3 1
3 2
3 1
4 1
3 1
3 2
3 1
3 2
2 2
2 3
3 3
3 4
4 4
3 4
3 3
4 3
4 2
4 1
4 2
4 3
5 3
5 4
4 4
3 4
4 4
4 3
4 2
3 2
4 2
3 2
2 2
3 2
2 2
3 2
4 2
4 3
4 2
3 2
2 2
2 1
2 2
2 1
1 1
1 2
2 2
2 3
3 3
4 3
4 2
3 2
2 2
2 3
1 3
1 2
2 2
3 2
3 1
3 2
3 3
3 2
3 1
2 1
3 1
3 0
4 0
5 0
5 1
6 1
7 1
6 1
7 1
8 1
7 1
8 1
9 1
9 0
10 0
11 0
10 0
9 0
9 1
8 1
7 1
6 1
7 1
7 2
8 2
8 1
8 2
9 2
9 1
9 2
9 3
9 4
9 3
9 2
10 2
10 3
10 2
9 2
8 2
8 3
9 3
9 2
10 2
10 1
11 1
11 2
11 1
11 0
11 1
12 1
11 1
12 1
11 1
11 0
11 1
11 2
12 2
12 1
12 0
12 1
13 1
14 1
14 0
14 1
14 2
15 2
15 1
14 1
15 1
15 0
16 0
16 1
17 1
17 2
17 3
18 3
18 2
19 2
19 3
19 4
18 4
17 4
18 4
19 4
20 4
21 4
22 4
22 5
22 4
21 4
21 5
22 5
23 5
22 5
23 5
23 4
22 4
22 3
22 2
21 2
22 2
21 2
20 2
20 3
20 2
20 3
20 4
19 4
20 4
19 4
19 5
18 5
19 5
19 6
20 6
19 6
19 7
18 7
19 7
19 8
20 8
21 8
22 8
22 9
22 10
21 10
22 10
21 10
21 11
20 11
21 11
20 11
20 12
20 11
21 11
21 12
20 12
20 13
21 13
20 13
19 13
19 14
18 14
19 14
20 14
19 14
20 14
20 13
20 14
20 13
20 14
20 13
20 14
19 14
20 14
20 13
20 14
20 13
21 13
21 14
20 14
19 14
19 13
19 12
19 11
20 11
19 11
19 12
18 12
18 13
18 14
17 14
16 14
15 14
16 14
15 14
15 15
15 14
14 14
14 13
13 13
13 12
13 13
12 13
12 14
13 14
14 14
13 14
13 15
13 14
13 15
12 15
13 15
13 16
12 16
13 16
13 15
12 15
11 15
12 15
12 14
11 14
11 15
11 16
11 17
10 17
10 18
11 18
11 19
11 20
12 20
11 20
11 19
11 20
11 21
10 21
9 21
9 20
8 20
7 20
6 20
6 21
6 20
6 19
5 19
5 20
5 21
6 21
7 21
8 21
8 20
7 20
8 20
9 20
9 19
8 19
9 19
9 20
9 21
9 22
8 22
8 21
7 21
6 21
5 21
6 21
7 21
6 21
5 21
4 21
5 21
6 21
5 21
6 21
6 22
6 21
6 22
6 23
6 22
7 22
8 22
9 22
8 22
7 22
8 22
8 21
9 21
10 21
11 21
11 22
10 22
11 22
11 23
10 23
11 23
10 23
11 23
10 23
10 22
9 22
8 22
8 21
9 21
8 21
9 21
9 20
9 21
9 22
9 23
10 23
11 23
11 22
11 21
12 21
12 22
11 22
10 22
9 22
10 22
10 23
11 23
10 23
10 24
9 24
8 24
8 25
7 25
7 24
8 24
9 24
10 24
10 23
11 23
10 23
10 22
10 23
9 23
9 24
9 25
9 24
8 24
8 25
8 26
7 26
8 26
8 25
8 26
7 26
7 25
7 24
7 25
7 26
6 26
6 27
5 27
5 28
4 28
5 28
6 28
7 28
7 27
7 28
8 28
8 29
7 29
7 30
7 31
8 31
8 32
8 33
7 33
8 33
8 34
8 33
7 33
6 33
5 33
5 32
6 32
5 32
5 33
4 33
4 32
4 33
4 32
5 32
5 33
6 33
7 33
6 33
6 32
6 33
7 33
7 34
7 33
8 33
9 33
9 32
9 33
10 33
11 33
12 33
12 32
11 32
12 32
13 32
14 32
13 32
13 33
13 34
12 34
13 34
12 34
12 35
12 34
12 35
12 36
13 36
12 36
12 37
12 38
12 37
12 38
11 38
11 37
11 36
10 36
11 36
12 36
12 37
12 36
12 35
13 35
12 35
12 34
13 34
12 34
13 34
13 33
13 32
14 32
14 31
14 30
13 30
13 29
12 29
13 29
13 30
13 31
14 31
14 32
15 32
14 32
13 32
14 32
14 33
14 32
15 32
14 32
14 31
14 30
14 31
14 30
13 30
14 30
14 29
15 29
14 29
13 29
14 29
14 30
13 30
13 29
13 30
13 31
13 32
13 31
13 30
13 29
13 28
14 28
14 27
14 28
13 28
14 28
14 29
14 28
14 27
14 26
14 27
14 28
14 27
14 28
14 29
13 29
12 29
12 30
11 30
11 31
10 31
10 32
9 32
9 33
10 33
11 33
11 34
11 35
11 34
10 34
10 35
10 34
11 34
10 34
9 34
9 33
10 33
9 33
9 32
10 32
10 33
9 33
9 32
9 33
8 33
8 32
8 33
7 33
7 34
7 35
6 35
5 35
6 35
7 35
7 36
7 35
7 36
6 36
5 36
5 37
4 37
3 37
3 36
4 36
3 36
3 37
3 38
2 38
1 38
1 37
1 38
1 37
2 37
2 38
1 38
0 38
0 39
0 40
0 39
1 39
1 38
1 39
1 40
2 40
2 39
2 38
3 38
3 39
3 40
3 39
2 39
1 39
1 40
1 39
1 38
2 38
3 38
2 38
2 37
2 38
1 38
1 39
2 39
1 39
1 40
1 41
1 40
1 39
1 38
1 37
1 36
1 37
1 38
1 37
1 36
2 36
2 35
3 35
2 35
2 36
2 35
1 35
0 35
1 35
1 36
0 36
0 37
1 37
1 36
0 36
1 36
0 36
1 36
1 35
0 35
0 34
1 34
2 34
2 33
2 32
2 33
2 34
3 34
3 33
3 32
3 33
3 32
4 32
4 33
3 33
3 32
3 31
4 31
4 32
3 32
4 32
4 33
5 33
4 33
5 33
5 34
5 33
5 32
6 32
7 32
7 33
7 32
7 31
6 31
6 30
7 30
6 30
6 29
7 29
7 30
8 30
7 30
7 29
8 29
8 30
7 30
7 29
6 29
7 29
6 29
6 28
6 27
6 28
6 29
7 29
8 29
9 29
9 28
9 27
10 27
10 26
10 27
9 27
9 28
9 29
9 28
10 28
10 27
9 27
9 28
9 29
9 28
10 28
10 27
10 26
10 25
10 26
10 27
9 27
10 27
10 28
10 29
10 30
11 30
10 30
9 30
8 30
7 30
8 30
7 30
7 29
8 29
7 29
6 29
6 28
5 28
5 29
5 30
6 30
6 29
6 28
5 28
5 29
4 29
4 28
4 29
5 29
5 28
4 28
3 28
3 29
2 29
2 28
2 29
2 30
3 30
2 30
3 30
3 29
3 30
2 30
2 31
1 31
0 31
1 31
1 32
0 32
0 33
0 32
1 32
1 31
2 31
2 30
1 30
0 30
0 31
1 31
1 32
1 31
2 31
2 32
2 31
2 30
1 30
2 30
1 30
1 29
2 29
2 30
2 31
2 32
1 32
1 33
1 32
0 32
1 32
1 31
1 30
1 29
1 28
1 27
2 27
2 26
2 25
2 26
1 26
1 27
1 28
1 27
1 28
1 27
1 26
2 26
1 26
1 27
1 28
1 27
1 26
2 26
3 26
3 25
3 26
2 26
1 26
2 26
3 26
2 26
3 26
2 26
3 26
3 25
3 24
2 24
2 25
2 24
3 24
2 24
1 24
0 24
0 25
1 25
2 25
1 25
1 24
1 23
1 22
1 23
2 23
3 23
3 22
2 22
1 22
0 22
0 21
1 21
2 21
1 21
1 22
0 22
1 22
2 22
2 21
2 20
3 20
4 20
5 20
5 21
5 20
5 19
5 18
5 19
4 19
3 19
2 19
3 19
2 19
2 18
3 18
2 18
3 18
3 17
3 16
2 16
1 16
1 15
1 16
1 17
0 17
0 18
1 18
2 18
2 17
3 17
3 18
2 18
1 18
2 18
3 18
2 18
2 19
2 20
3 20
4 20
3 20
4 20
4 19
5 19
5 20
5 21
5 22
5 21
5 22
5 21
4 21
4 20
5 20
5 19
4 19
4 20
4 19
