0 0
0 1
1 1
0 1
0 2
1 2
1 1
2 1
3 1
4 1
3 1
3 0
4 0
4 1
4 0
5 0
5 1
4 1
4 0
4 1
4 0
4 1
3 1
4 1
5 1
5 0
5 1
6 1
5 1
6 1
5 1
5 2
4 2
3 2
4 2
4 3
5 3
6 3
5 3
5 2
6 2
7 2
8 2
9 2
9 3
9 4
9 5
8 5
9 5
9 4
10 4
10 3
9 3
8 3
9 3
9 4
9 3
10 3
9 3
9 2
9 1
8 1
8 0
8 1
9 1
9 2
8 2
8 1
8 0
9 0
10 0
10 1
9 1
9 0
9 1
9 2
9 1
9 0
8 0
8 1
7 1
7 2
7 1
7 0
7 1
8 1
8 0
9 0
9 1
8 1
7 1
7 0
7 1
6 1
6 2
6 1
7 1
7 2
6 2
5 2
6 2
5 2
4 2
5 2
4 2
4 3
4 2
4 3
4 4
5 4
5 5
6 5
5 5
5 6
4 6
4 7
4 8
4 9
4 10
5 10
5 9
4 9
4 10
4 9
3 9
2 9
1 9
2 9
3 9
2 9
3 9
3 8
2 8
2 7
3 7
3 6
3 5
4 5
5 5
6 5
6 6
5 6
5 5
4 5
5 5
6 5
6 6
6 7
6 8
5 8
6 8
7 8
7 7
8 7
9 7
9 8
9 9
9 8
9 9
9 8
10 8
10 7
11 7
12 7
12 8
11 8
10 8
10 7
9 7
8 7
8 8
9 8
9 7
9 8
10 8
11 8
10 8
10 9
10 10
10 9
10 10
10 11
10 10
9 10
10 10
10 11
10 12
10 13
9 13
8 13
7 13
7 14
6 14
6 15
6 14
7 14
8 14
8 15
7 15
7 16
6 16
6 15
6 14
5 14
5 15
5 16
6 16
6 15
7 15
6 15
6 16
7 16
7 15
7 14
7 13
7 14
8 14
7 14
6 14
6 15
6 14
5 14
6 14
5 14
5 13
5 12
4 12
3 12
4 12
4 13
4 14
5 14
5 15
5 16
5 15
5 16
6 16
5 16
4 16
3 16
4 16
3 16
3 17
2 17
1 17
0 17
1 17
0 17
1 17
1 18
1 19
2 19
3 19
4 19
4 18
3 18
3 19
2 19
3 19
2 19
2 20
2 21
1 21
2 21
2 20
1 20
2 20
1 20
2 20
1 20
2 20
3 20
4 20
4 21
5 21
4 21
4 20
3 20
4 20
5 20
5 21
5 20
6 20
7 20
7 21
7 20
7 21
8 21
8 22
7 22
7 23
7 24
8 24
9 24
10 24
11 24
11 23
12 23
12 24
12 23
12 24
13 24
13 23
14 23
14 22
14 21
13 21
12 21
12 22
12 23
12 24
13 24
13 25
14 25
14 26
14 25
14 24
14 23
14 24
13 24
13 23
12 23
12 22
13 22
14 22
14 23
15 23
15 22
16 22
16 23
16 24
15 24
16 24
16 23
15 23
15 24
16 24
17 24
18 24
17 24
16 24
17 24
17 25
16 25
16 26
17 26
18 26
18 25
19 25
18 25
18 24
18 23
19 23
19 24
20 24
19 24
18 24
19 24
19 23
19 24
18 24
18 23
19 23
18 23
17 23
17 22
16 22
17 22
17 23
16 23
17 23
17 22
18 22
17 22
16 22
16 21
15 21
14 21
14 22
14 23
14 24
15 24
16 24
16 23
16 24
16 23
17 23
16 23
17 23
17 24
18 24
19 24
19 23
20 23
19 23
19 24
19 25
20 25
20 26
21 26
22 26
22 27
22 28
22 29
22 30
21 30
21 29
20 29
19 29
20 29
20 28
19 28
19 29
18 29
17 29
17 28
17 27
18 27
18 26
18 27
18 26
17 26
17 25
16 25
17 25
16 25
16 26
16 27
17 27
17 28
17 29
17 30
17 29
17 30
16 30
16 29
16 30
16 31
16 30
16 31
15 31
15 30
16 30
16 29
15 29
14 29
14 30
13 30
13 31
14 31
14 32
13 32
12 32
11 32
11 33
10 33
10 32
10 31
11 31
12 31
12 32
12 31
12 30
12 31
13 31
13 30
13 29
12 29
12 28
13 28
14 28
14 27
14 26
13 26
13 27
13 28
14 28
13 28
12 28
12 27
12 28
13 28
12 28
11 28
10 28
9 28
9 29
9 30
9 31
10 31
10 32
9 32
8 32
7 32
7 33
6 33
6 34
7 34
7 35
7 34
7 35
6 35
5 35
4 35
4 34
4 33
3 33
4 33
4 34
3 34
4 34
4 33
4 32
3 32
2 32
3 32
3 31
4 31
3 31
4 31
4 30
3 30
3 29
2 29
3 29
2 29
2 28
2 27
2 28
2 29
3 29
3 28
2 28
2 29
2 30
2 29
1 29
0 29
1 29
2 29
2 30
2 31
3 31
3 30
3 31
3 32
3 31
3 32
4 32
4 31
4 30
3 30
3 29
4 29
5 29
4 29
4 30
4 31
4 32
5 32
6 32
5 32
5 33
4 33
5 33
6 33
6 34
6 35
6 34
5 34
5 33
6 33
6 34
7 34
6 34
7 34
6 34
5 34
6 34
7 34
6 34
6 33
5 33
5 34
5 35
6 35
7 35
8 35
9 35
9 36
9 37
8 37
8 36
8 35
8 34
7 34
6 34
6 33
5 33
4 33
5 33
5 32
5 33
6 33
5 33
4 33
4 32
5 32
5 31
6 31
6 32
6 31
6 30
7 30
6 30
6 31
5 31
4 31
5 31
4 31
4 32
4 31
5 31
5 30
5 31
5 30
4 30
4 31
5 31
4 31
4 30
3 30
2 30
2 31
2 32
2 31
2 32
2 33
2 32
2 33
2 32
1 32
2 32
1 32
1 31
1 30
1 31
1 32
0 32
0 31
0 32
0 31
1 31
1 30
2 30
2 29
1 29
2 29
1 29
2 29
2 30
2 29
2 30
1 30
0 30
1 30
2 30
3 30
3 29
3 28
2 28
2 29
1 29
2 29
1 29
1 28
2 28
2 27
2 28
3 28
4 28
3 28
3 27
2 27
2 28
2 29
2 28
2 29
2 28
3 28
2 28
3 28
3 27
2 27
3 27
3 28
3 27
2 27
2 28
2 29
3 29
3 30
2 30
3 30
3 29
3 28
3 27
2 27
2 28
2 29
1 29
1 30
0 30
0 31
0 32
1 32
2 32
2 33
2 34
2 33
2 34
3 34
3 33
4 33
4 32
5 32
6 32
5 32
4 32
4 33
3 33
3 34
3 33
3 34
3 35
2 35
3 35
3 36
3 35
2 35
2 36
3 36
4 36
3 36
3 35
3 34
4 34
4 35
4 34
3 34
2 34
2 35
2 36
3 36
3 35
3 34
3 33
3 32
3 31
3 32
3 33
2 33
1 33
1 32
0 32
1 32
2 32
2 31
1 31
1 32
0 32
1 32
0 32
0 31
0 30
1 30
0 30
0 29
0 28
1 28
0 28
0 27
0 28
0 29
0 30
0 31
1 31
1 32
1 33
1 34
1 33
0 33
1 33
1 32
0 32
1 32
2 32
2 31
2 32
1 32
1 31
1 30
2 30
1 30
0 30
0 29
0 30
0 29
0 28
1 28
1 27
1 26
1 25
2 25
1 25
2 25
2 26
1 26
0 26
0 27
0 26
1 26
1 27
0 27
1 27
1 26
0 26
1 26
1 25
0 25
1 25
0 25
1 25
0 25
0 26
1 26
0 26
0 25
1 25
0 25
0 26
1 26
2 26
2 25
2 26
2 25
3 25
2 25
1 25
1 26
0 26
1 26
0 26
1 26
0 26
0 27
1 27
2 27
1 27
1 28
0 28
1 28
2 28
3 28
3 29
4 29
4 30
5 30
5 29
5 28
6 28
7 28
8 28
8 29
8 28
9 28
9 27
10 27
11 27
12 27
13 27
13 26
14 26
13 26
14 26
14 27
15 27
15 26
16 26
15 26
16 26
15 26
16 26
16 25
16 24
15 24
15 25
15 26
15 27
15 28
15 27
15 28
16 28
16 27
15 27
16 27
15 27
16 27
16 28
17 28
18 28
18 27
18 26
19 26
19 25
19 24
18 24
19 24
20 24
20 25
21 25
21 26
21 25
21 24
20 24
20 25
20 24
20 23
20 22
19 22
20 22
19 22
20 22
20 21
20 22
21 22
21 23
21 22
20 22
20 21
20 20
21 20
21 19
21 18
20 18
20 19
20 20
19 20
18 20
18 19
18 20
17 20
16 20
17 20
17 19
16 19
15 19
15 20
15 19
14 19
13 19
14 19
13 19
13 20
13 21
13 22
12 22
13 22
12 22
12 23
13 23
12 23
12 24
13 24
13 23
14 23
14 24
14 25
15 25
15 24
16 24
16 23
15 23
15 22
14 22
14 23
14 24
14 25
14 26
13 26
13 27
12 27
11 27
12 27
12 26
11 26
10 26
10 27
10 28
10 27
