0 0
0 1
0 0
1 0
1 1
2 1
1 1
0 1
0 2
0 3
1 3
1 2
2 2
2 1
1 1
1 0
2 0
2 1
1 1
0 1
1 1
0 1
0 0
0 1
0 0
1 0
1 1
0 1
0 0
1 0
2 0
2 1
3 1
2 1
2 0
3 0
2 0
1 0
0 0
0 1
1 1
0 1
1 1
2 1
1 1
0 1
0 2
0 3
1 3
1 4
0 4
0 5
0 4
0 5
1 5
1 4
1 5
1 6
2 6
3 6
3 7
3 6
2 6
2 5
1 5
0 5
0 6
0 5
0 4
0 3
1 3
0 3
1 3
0 3
1 3
1 2
2 2
3 2
4 2
4 3
5 3
6 3
5 3
5 2
5 3
5 4
6 4
6 3
7 3
8 3
8 2
9 2
8 2
8 1
9 1
9 0
9 1
9 2
9 1
9 0
9 1
9 2
9 1
8 1
7 1
8 1
8 0
9 0
8 0
8 1
9 1
8 1
8 0
9 0
9 1
10 1
10 0
10 1
11 1
11 0
11 1
12 1
12 2
11 2
10 2
9 2
8 2
8 1
8 2
8 1
7 1
7 2
7 3
6 3
6 2
5 2
4 2
4 1
5 1
5 2
5 1
5 0
6 0
5 0
5 1
5 0
6 0
5 0
5 1
4 1
5 1
6 1
6 0
6 1
6 2
7 2
7 1
8 1
8 2
9 2
8 2
7 2
6 2
6 1
6 0
6 1
6 0
5 0
5 1
6 1
6 0
6 1
7 1
7 0
7 1
7 0
7 1
6 1
7 1
7 0
7 1
8 1
8 2
9 2
9 1
9 0
8 0
8 1
7 1
7 2
7 3
7 4
7 3
8 3
7 3
7 4
7 3
7 4
6 4
5 4
4 4
4 5
3 5
2 5
1 5
2 5
2 6
1 6
2 6
2 5
3 5
4 5
5 5
6 5
6 4
5 4
4 4
5 4
4 4
5 4
6 4
7 4
6 4
6 5
7 5
6 5
6 6
7 6
7 5
7 6
7 7
8 7
8 6
8 5
8 6
9 6
9 7
9 8
9 9
9 10
9 11
8 11
9 11
10 11
10 10
11 10
11 11
11 10
12 10
11 10
11 11
11 10
10 10
11 10
12 10
12 11
11 11
12 11
12 12
13 12
13 13
13 14
13 15
13 14
13 15
13 14
12 14
12 13
12 14
11 14
10 14
10 13
10 14
11 14
12 14
11 14
10 14
10 15
10 16
9 16
9 17
9 16
8 16
8 17
8 18
8 19
7 19
7 20
8 20
8 19
8 20
8 21
7 21
8 21
8 22
7 22
6 22
6 21
7 21
7 22
7 23
7 22
6 22
6 23
6 24
5 24
4 24
4 25
4 24
5 24
5 25
4 25
3 25
4 25
3 25
3 26
2 26
2 25
3 25
2 25
3 25
4 25
4 26
4 27
4 28
4 29
5 29
5 28
5 29
6 29
5 29
6 29
6 28
6 27
7 27
7 28
8 28
8 27
8 26
8 27
9 27
10 27
9 27
9 26
10 26
11 26
11 27
11 28
11 29
10 29
10 30
11 30
10 30
10 29
10 30
10 31
10 32
10 31
11 31
10 31
11 31
11 32
12 32
12 33
11 33
10 33
11 33
12 33
13 33
12 33
11 33
10 33
11 33
10 33
10 32
9 32
8 32
7 32
8 32
7 32
6 32
7 32
7 31
8 31
7 31
8 31
8 30
8 31
7 31
7 32
8 32
8 33
9 33
8 33
7 33
7 34
7 33
7 32
8 32
7 32
6 32
6 33
6 32
5 32
5 33
6 33
6 32
5 32
4 32
5 32
4 32
5 32
5 31
5 32
5 31
5 32
5 33
5 34
5 35
5 36
4 36
4 35
4 36
4 35
4 36
3 36
3 35
3 36
3 35
2 35
1 35
0 35
1 35
2 35
1 35
0 35
1 35
2 35
2 34
2 35
2 36
1 36
1 35
1 36
1 35
0 35
1 35
1 36
1 35
2 35
1 35
1 36
1 37
0 37
0 38
1 38
1 39
1 38
1 39
1 40
2 40
3 40
3 41
4 41
4 42
4 41
3 41
2 41
3 41
4 41
4 40
4 41
4 40
4 41
3 41
3 42
3 43
2 43
3 43
3 42
3 43
4 43
5 43
6 43
6 42
6 41
6 42
6 43
6 42
5 42
6 42
7 42
7 43
7 44
7 43
7 44
7 45
8 45
8 44
7 44
7 45
7 44
8 44
8 45
7 45
7 46
7 47
8 47
7 47
8 47
8 48
8 47
9 47
8 47
7 47
7 48
8 48
9 48
8 48
8 47
7 47
7 48
7 49
7 48
7 47
7 48
7 47
6 47
7 47
7 46
7 47
6 47
7 47
7 46
8 46
8 45
8 44
8 45
7 45
7 44
8 44
7 44
7 43
7 44
6 44
7 44
7 43
8 43
7 43
7 44
8 44
7 44
6 44
6 45
6 44
5 44
6 44
6 45
5 45
5 46
5 47
4 47
5 47
5 48
6 48
7 48
7 47
6 47
6 48
7 48
8 48
8 49
8 48
9 48
9 47
9 48
8 48
8 47
9 47
8 47
9 47
9 46
9 47
9 48
10 48
9 48
9 49
8 49
9 49
8 49
7 49
7 50
7 49
8 49
8 48
9 48
8 48
9 48
10 48
9 48
8 48
7 48
7 47
6 47
6 48
6 49
7 49
6 49
7 49
8 49
8 50
9 50
9 49
8 49
7 49
7 48
7 47
7 48
6 48
5 48
6 48
5 48
5 47
6 47
6 48
7 48
7 49
7 50
6 50
6 49
7 49
8 49
7 49
8 49
7 49
6 49
5 49
6 49
6 50
7 50
7 51
7 50
8 50
7 50
7 49
6 49
6 48
6 47
7 47
6 47
7 47
7 46
7 47
8 47
9 47
9 48
9 47
10 47
9 47
8 47
8 46
9 46
9 45
8 45
7 45
7 46
7 47
6 47
6 46
5 46
4 46
3 46
3 45
4 45
4 44
3 44
4 44
4 43
5 43
4 43
5 43
4 43
4 44
3 44
4 44
4 43
5 43
5 44
5 45
6 45
5 45
6 45
7 45
6 45
7 45
7 46
7 47
7 46
6 46
5 46
5 45
4 45
3 45
4 45
5 45
5 46
5 47
5 48
6 48
5 48
5 47
6 47
6 48
6 47
6 46
6 45
6 44
7 44
7 45
7 44
6 44
6 45
6 44
5 44
4 44
4 43
4 44
3 44
2 44
1 44
1 43
1 42
1 41
0 41
0 40
1 40
0 40
1 40
2 40
2 39
2 40
2 41
1 41
0 41
0 42
0 43
1 43
0 43
1 43
2 43
1 43
1 44
0 44
0 45
0 46
0 47
1 47
2 47
2 48
3 48
3 49
3 50
4 50
4 49
4 48
4 47
3 47
3 48
3 49
3 50
4 50
3 50
2 50
2 51
1 51
1 52
0 52
0 53
1 53
1 54
1 53
0 53
1 53
1 52
0 52
1 52
0 52
0 53
1 53
1 54
0 54
1 54
2 54
2 53
1 53
1 52
2 52
3 52
2 52
2 51
1 51
1 52
1 53
1 54
0 54
0 53
1 53
2 53
2 52
2 51
3 51
4 51
4 50
4 49
5 49
5 50
5 49
5 50
5 49
5 50
6 50
7 50
7 51
7 50
8 50
7 50
7 51
7 50
7 51
8 51
9 51
9 50
10 50
10 51
11 51
11 50
11 49
10 49
11 49
12 49
11 49
10 49
10 48
9 48
8 48
8 49
8 48
9 48
8 48
9 48
9 49
9 50
9 49
9 50
8 50
7 50
6 50
6 49
7 49
6 49
7 49
7 48
6 48
7 48
7 49
7 48
8 48
7 48
8 48
8 49
7 49
7 50
8 50
9 50
8 50
8 51
7 51
7 52
7 51
8 51
8 52
9 52
9 51
8 51
8 50
7 50
8 50
7 50
7 51
8 51
7 51
6 51
6 52
6 51
6 50
6 49
5 49
6 49
5 49
6 49
7 49
7 50
7 49
7 50
7 51
7 50
7 51
6 51
7 51
7 50
6 50
5 50
5 49
6 49
6 48
6 49
5 49
5 48
4 48
4 47
5 47
5 48
6 48
6 49
6 50
5 50
6 50
5 50
6 50
7 50
7 49
8 49
8 48
9 48
8 48
8 47
7 47
6 47
7 47
7 46
8 46
8 45
7 45
7 44
7 43
7 44
6 44
7 44
6 44
5 44
6 44
6 43
5 43
4 43
3 43
3 44
4 44
3 44
3 45
3 44
2 44
3 44
4 44
5 44
4 44
4 45
5 45
6 45
5 45
5 44
5 43
5 44
4 44
5 44
4 44
3 44
3 43
2 43
2 44
3 44
2 44
1 44
0 44
0 45
1 45
1 44
0 44
1 44
0 44
1 44
1 43
1 44
1 43
1 42
1 43
1 42
0 42
0 41
0 42
0 41
