0 0
1 0
0 0
0 1
0 0
0 1
1 1
0 1
0 0
0 1
1 1
2 1
2 2
3 2
2 2
2 1
3 1
3 0
2 0
2 1
3 1
3 0
3 1
4 1
4 2
4 3
4 2
3 2
3 3
3 4
2 4
1 4
2 4
2 5
3 5
2 5
3 5
4 5
4 4
5 4
5 3
5 2
4 2
4 1
4 0
5 0
5 1
4 1
4 2
5 2
4 2
4 1
5 1
5 2
5 1
5 2
6 2
6 3
6 4
7 4
7 5
7 6
8 6
8 5
7 5
7 4
8 4
8 3
8 4
8 5
8 6
8 5
7 5
7 6
8 6
8 5
8 6
8 5
7 5
7 4
8 4
7 4
7 5
7 4
7 3
6 3
6 2
6 1
6 2
5 2
6 2
7 2
7 3
8 3
8 2
8 1
8 0
8 1
8 2
8 3
8 2
9 2
10 2
10 1
10 2
10 3
10 2
9 2
9 1
9 0
10 0
10 1
10 0
11 0
11 1
11 2
10 2
10 1
10 0
9 0
9 1
9 0
10 0
11 0
12 0
12 1
11 1
12 1
13 1
12 1
12 2
12 3
13 3
13 4
14 4
13 4
13 5
13 4
12 4
12 5
12 6
12 5
11 5
11 4
11 5
11 6
12 6
13 6
13 5
14 5
15 5
15 4
16 4
17 4
17 3
17 4
18 4
17 4
17 5
17 6
17 5
16 5
16 6
16 7
16 6
17 6
16 6
17 6
17 5
17 4
18 4
17 4
17 3
17 2
16 2
15 2
16 2
17 2
18 2
18 1
19 1
18 1
19 1
20 1
20 0
20 1
20 2
20 3
20 4
19 4
20 4
20 5
20 6
20 5
20 6
21 6
21 7
21 6
22 6
22 5
22 6
21 6
22 6
22 5
21 5
20 5
21 5
21 6
21 7
21 6
21 7
20 7
20 6
19 6
19 7
18 7
18 8
17 8
16 8
15 8
16 8
16 9
16 8
17 8
17 9
17 8
18 8
18 9
17 9
17 10
18 10
17 10
16 10
16 11
16 10
15 10
14 10
15 10
16 10
16 9
17 9
18 9
18 8
18 7
17 7
17 8
18 8
17 8
17 9
16 9
16 8
16 7
16 8
16 9
16 10
15 10
16 10
15 10
16 10
16 9
17 9
16 9
15 9
15 8
14 8
14 9
14 10
14 11
14 12
14 11
14 12
13 12
13 13
12 13
12 12
11 12
11 13
12 13
13 13
13 12
13 13
12 13
12 14
12 13
13 13
12 13
12 12
12 11
12 10
12 9
13 9
12 9
11 9
11 8
11 9
12 9
11 9
11 10
11 11
10 11
10 12
11 12
11 11
12 11
12 10
12 11
11 11
10 11
9 11
9 12
9 13
9 14
10 14
10 15
9 15
9 14
8 14
8 13
7 13
6 13
6 12
7 12
6 12
5 12
5 13
6 13
6 12
6 13
6 12
5 12
6 12
5 12
6 12
6 13
7 13
7 12
8 12
8 11
8 10
9 10
8 10
8 9
9 9
8 9
8 8
8 7
8 6
8 5
7 5
7 4
8 4
8 3
8 4
8 5
8 4
8 3
9 3
9 4
9 5
10 5
10 4
10 3
9 3
10 3
10 2
9 2
10 2
10 1
10 0
10 1
10 2
11 2
12 2
11 2
11 3
10 3
10 2
10 3
10 4
10 3
10 4
10 5
11 5
10 5
10 4
10 3
10 4
10 5
10 4
10 3
9 3
10 3
11 3
10 3
10 2
11 2
11 1
12 1
11 1
12 1
12 2
12 3
11 3
12 3
11 3
11 4
10 4
10 3
10 4
11 4
11 3
11 4
11 3
12 3
13 3
14 3
14 2
15 2
14 2
14 3
14 2
15 2
15 1
16 1
17 1
18 1
18 0
18 1
19 1
20 1
21 1
21 2
20 2
20 1
20 2
19 2
20 2
21 2
21 3
20 3
20 4
20 3
20 4
21 4
20 4
20 5
20 4
20 3
20 2
21 2
20 2
21 2
22 2
22 3
22 2
22 1
22 2
23 2
24 2
25 2
25 1
26 1
25 1
25 0
26 0
25 0
26 0
26 1
25 1
25 2
26 2
26 1
27 1
27 2
28 2
27 2
27 3
27 2
27 3
28 3
28 2
29 2
29 1
30 1
30 0
30 1
29 1
29 0
29 1
30 1
29 1
29 2
29 3
29 4
29 5
29 6
29 5
29 4
30 4
30 5
30 6
30 5
29 5
28 5
28 4
28 5
29 5
29 6
29 7
29 8
29 7
28 7
28 6
27 6
27 7
28 7
28 6
27 6
28 6
28 5
29 5
29 4
28 4
28 3
28 4
27 4
26 4
26 3
26 4
25 4
25 5
25 6
24 6
24 7
23 7
23 6
23 7
23 8
24 8
23 8
23 9
23 10
22 10
22 9
22 10
21 10
22 10
23 10
23 11
24 11
23 11
24 11
24 12
23 12
23 13
23 14
24 14
24 15
24 14
25 14
25 13
25 12
25 11
25 12
26 12
26 13
26 14
25 14
25 13
25 14
24 14
24 13
23 13
24 13
24 12
25 12
25 13
24 13
25 13
25 14
24 14
25 14
24 14
24 13
25 13
25 14
24 14
23 14
23 13
23 12
24 12
23 12
24 12
25 12
25 11
25 12
25 11
25 10
25 11
25 12
24 12
23 12
22 12
21 12
21 11
22 11
22 10
22 11
23 11
23 12
24 12
23 12
22 12
21 12
21 11
22 11
23 11
24 11
23 11
23 12
22 12
23 12
22 12
23 12
23 13
23 14
22 14
22 15
23 15
24 15
25 15
24 15
24 16
23 16
22 16
21 16
21 17
22 17
23 17
24 17
25 17
26 17
26 16
26 15
27 15
26 15
25 15
24 15
23 15
23 14
23 15
23 14
23 13
23 12
23 11
23 10
23 9
22 9
22 10
21 10
20 10
20 11
21 11
22 11
21 11
21 10
21 11
21 10
21 11
20 11
21 11
20 11
20 10
21 10
21 11
21 12
20 12
19 12
20 12
20 11
20 10
19 10
20 10
19 10
19 11
19 12
19 11
19 12
19 11
19 12
20 12
21 12
20 12
20 13
20 12
19 12
19 13
19 12
19 13
20 13
19 13
19 14
18 14
17 14
16 14
16 13
15 13
14 13
14 12
14 13
15 13
15 14
15 15
15 14
15 13
15 14
15 15
15 16
16 16
17 16
18 16
17 16
18 16
18 17
18 18
18 19
19 19
19 20
19 19
19 18
20 18
20 19
20 20
19 20
19 21
19 22
19 21
18 21
18 20
18 19
19 19
20 19
19 19
19 20
19 21
19 22
19 21
20 21
20 22
20 23
21 23
21 22
22 22
23 22
23 23
23 24
22 24
23 24
22 24
22 25
22 24
22 23
23 23
24 23
24 22
24 23
24 24
24 23
25 23
25 22
25 23
25 22
25 23
26 23
25 23
25 22
25 21
25 20
26 20
25 20
25 21
25 20
24 20
24 19
24 18
25 18
25 19
25 20
25 19
24 19
24 18
24 17
24 18
23 18
23 17
24 17
24 18
24 17
25 17
26 17
27 17
27 16
26 16
26 17
27 17
28 17
29 17
29 18
30 18
31 18
31 17
32 17
32 18
31 18
32 18
31 18
31 17
32 17
32 18
32 19
33 19
32 19
33 19
32 19
32 18
32 19
31 19
31 20
30 20
30 19
30 18
29 18
30 18
29 18
29 17
30 17
30 16
31 16
31 15
32 15
33 15
32 15
31 15
31 14
32 14
32 13
31 13
32 13
32 14
31 14
31 13
31 14
30 14
31 14
31 15
30 15
29 15
30 15
30 14
29 14
30 14
30 15
29 15
28 15
27 15
26 15
27 15
26 15
26 16
27 16
27 15
28 15
28 16
28 15
28 16
27 16
28 16
28 17
29 17
28 17
28 18
28 17
27 17
26 17
26 18
26 19
25 19
26 19
25 19
25 18
25 17
24 17
24 18
23 18
23 17
24 17
23 17
24 17
24 16
24 15
25 15
25 14
24 14
24 13
25 13
25 12
24 12
23 12
24 12
24 13
23 13
23 12
22 12
23 12
23 11
23 12
22 12
21 12
21 13
21 14
21 15
21 16
22 16
21 16
22 16
23 16
23 17
23 18
22 18
22 19
21 19
20 19
20 18
20 19
20 20
19 20
20 20
20 19
20 18
21 18
21 19
21 18
21 19
20 19
20 20
20 19
20 18
20 19
20 18
20 19
21 19
21 20
20 20
20 21
20 20
21 20
22 20
22 19
22 18
21 18
22 18
21 18
21 17
21 16
21 15
20 15
21 15
22 15
22 16
23 16
24 16
24 15
24 14
23 14
23 15
23 14
23 13
24 13
24 14
23 14
23 15
22 15
22 16
22 17
22 16
21 16
21 15
20 15
20 14
21 14
21 15
21 14
22 14
23 14
23 13
23 14
24 14
25 14
25 15
25 14
