0 0
0 1
1 1
0 1
1 1
1 2
1 3
0 3
0 4
1 4
1 5
0 5
0 6
0 5
1 5
1 6
0 6
1 6
2 6
2 7
3 7
4 7
4 6
4 5
5 5
5 4
6 4
6 3
5 3
4 3
4 2
3 2
2 2
1 2
1 3
0 3
1 3
0 3
1 3
1 2
2 2
2 1
3 1
2 1
2 2
2 3
2 2
2 3
1 3
2 3
3 3
4 3
5 3
5 4
5 5
5 4
6 4
7 4
8 4
9 4
9 3
9 2
8 2
8 3
7 3
7 4
6 4
5 4
4 4
4 3
4 4
4 5
5 5
4 5
3 5
2 5
3 5
2 5
2 6
2 5
1 5
2 5
2 6
3 6
4 6
5 6
6 6
5 6
6 6
7 6
7 7
6 7
7 7
6 7
6 6
6 5
5 5
5 4
6 4
7 4
6 4
6 3
5 3
5 2
5 3
5 4
4 4
3 4
3 5
4 5
4 6
4 5
5 5
6 5
6 6
5 6
5 5
5 6
5 5
6 5
6 4
6 3
6 4
6 3
7 3
6 3
6 4
6 3
6 2
6 3
7 3
6 3
5 3
5 4
4 4
3 4
4 4
5 4
6 4
7 4
8 4
8 3
9 3
9 2
10 2
11 2
11 1
11 0
11 1
11 2
11 3
12 3
12 2
12 1
13 1
12 1
13 1
13 2
13 1
13 0
14 0
14 1
14 0
13 0
12 0
12 1
12 0
12 1
11 1
12 1
12 2
12 3
12 4
12 3
13 3
12 3
11 3
12 3
13 3
14 3
13 3
13 4
13 3
13 4
12 4
12 5
12 4
12 3
11 3
12 3
13 3
14 3
14 4
13 4
13 3
13 4
14 4
15 4
14 4
14 3
13 3
12 3
13 3
14 3
14 4
14 3
13 3
13 4
13 3
13 4
14 4
14 3
13 3
12 3
12 2
11 2
11 1
11 2
11 3
10 3
11 3
11 4
10 4
10 5
10 6
10 7
10 8
9 8
8 8
8 7
8 6
9 6
9 7
8 7
9 7
8 7
8 8
8 9
8 8
8 9
8 8
8 9
7 9
7 10
6 10
6 9
6 8
6 9
6 10
5 10
5 9
5 8
5 9
6 9
6 10
6 9
5 9
6 9
6 8
6 7
6 6
6 7
7 7
7 6
7 7
7 6
7 7
7 6
7 7
6 7
6 6
6 5
7 5
7 6
7 7
8 7
7 7
7 8
7 9
8 9
8 8
7 8
7 7
7 8
7 9
7 8
7 7
7 6
7 5
6 5
6 4
6 5
6 4
7 4
8 4
8 5
7 5
7 6
6 6
7 6
7 5
6 5
6 6
5 6
4 6
5 6
4 6
4 5
3 5
3 6
3 5
3 6
3 7
3 6
4 6
4 5
5 5
6 5
6 6
7 6
8 6
8 5
7 5
8 5
7 5
7 4
7 3
7 4
6 4
5 4
6 4
5 4
4 4
4 3
4 4
4 5
4 6
5 6
5 7
5 6
6 6
7 6
7 5
7 6
6 6
6 5
5 5
6 5
7 5
8 5
9 5
8 5
9 5
10 5
10 4
9 4
10 4
10 5
10 4
11 4
11 3
10 3
11 3
12 3
13 3
13 4
13 3
14 3
14 4
13 4
13 5
12 5
12 4
13 4
14 4
15 4
15 3
14 3
14 4
13 4
13 5
14 5
14 4
13 4
14 4
15 4
16 4
15 4
15 3
14 3
13 3
13 4
13 3
13 2
12 2
11 2
11 3
11 4
11 5
12 5
12 6
11 6
12 6
12 7
11 7
11 6
10 6
9 6
9 5
10 5
11 5
10 5
11 5
11 6
11 5
11 6
12 6
11 6
11 7
11 6
12 6
11 6
12 6
12 7
11 7
11 8
11 9
12 9
13 9
12 9
12 8
12 9
13 9
13 8
13 9
14 9
13 9
13 8
13 7
13 6
13 7
13 6
13 5
13 6
14 6
15 6
15 7
16 7
17 7
18 7
18 8
18 9
19 9
19 10
20 10
20 11
20 12
19 12
19 13
19 12
19 13
20 13
21 13
21 12
21 11
21 10
22 10
23 10
22 10
22 9
21 9
21 10
21 11
21 10
21 11
21 12
21 13
22 13
21 13
22 13
22 14
22 13
21 13
21 14
21 15
21 16
21 17
22 17
22 18
21 18
21 19
22 19
22 18
23 18
23 17
24 17
23 17
24 17
24 16
23 16
23 17
23 16
22 16
22 17
23 17
23 18
22 18
21 18
20 18
21 18
20 18
19 18
19 17
18 17
19 17
19 18
19 17
19 18
19 19
20 19
21 19
20 19
19 19
19 20
20 20
20 21
19 21
18 21
17 21
17 20
17 21
16 21
16 22
16 21
16 22
17 22
18 22
17 22
18 22
17 22
18 22
19 22
19 23
19 24
19 23
19 22
19 21
19 20
19 19
19 20
18 20
18 19
19 19
20 19
20 18
20 17
20 18
19 18
20 18
20 17
20 16
19 16
19 17
19 16
18 16
19 16
18 16
18 15
19 15
19 16
19 15
19 16
19 15
19 16
20 16
20 17
20 16
20 15
20 14
20 13
20 12
21 12
21 11
22 11
21 11
21 12
21 13
21 14
22 14
23 14
22 14
23 14
23 15
23 16
22 16
22 17
22 16
21 16
20 16
21 16
22 16
22 17
21 17
20 17
19 17
19 18
20 18
20 17
19 17
18 17
18 16
17 16
16 16
17 16
17 17
18 17
17 17
17 16
17 15
18 15
17 15
17 16
17 15
17 16
16 16
16 17
16 18
16 17
17 17
18 17
19 17
19 16
18 16
18 15
18 16
19 16
19 15
19 14
19 15
20 15
20 16
19 16
20 16
20 17
21 17
21 16
22 16
22 15
22 14
22 13
22 14
23 14
24 14
24 13
25 13
25 12
25 13
25 12
25 11
26 11
25 11
26 11
27 11
26 11
27 11
27 12
26 12
25 12
26 12
27 12
26 12
27 12
27 11
26 11
26 10
25 10
25 9
25 8
25 9
26 9
27 9
28 9
27 9
27 10
26 10
26 9
26 10
26 11
25 11
24 11
24 10
23 10
24 10
24 9
24 10
23 10
24 10
23 10
22 10
22 9
21 9
20 9
20 10
19 10
18 10
19 10
19 11
18 11
17 11
16 11
17 11
17 10
18 10
18 9
18 8
18 7
17 7
18 7
18 6
19 6
20 6
21 6
21 7
21 6
21 7
21 8
22 8
22 9
23 9
23 10
24 10
24 11
23 11
23 10
22 10
23 10
22 10
22 9
22 10
21 10
22 10
23 10
22 10
22 9
21 9
20 9
20 10
21 10
20 10
19 10
19 11
19 12
18 12
18 13
17 13
17 12
18 12
18 13
18 14
19 14
20 14
19 14
20 14
19 14
18 14
18 15
18 14
18 13
18 12
17 12
18 12
19 12
19 13
20 13
19 13
18 13
17 13
16 13
15 13
15 14
15 13
16 13
17 13
16 13
15 13
15 14
14 14
14 15
15 15
15 16
14 16
15 16
15 17
15 18
15 17
15 16
14 16
15 16
15 15
15 16
15 15
15 14
15 15
15 16
15 17
16 17
17 17
17 16
16 16
16 15
16 14
15 14
16 14
16 13
16 12
16 13
16 14
16 13
17 13
17 12
18 12
17 12
18 12
17 12
16 12
16 13
17 13
17 14
17 15
17 16
18 16
19 16
19 15
18 15
19 15
20 15
20 16
20 17
20 16
19 16
19 17
18 17
19 17
19 18
18 18
18 19
18 18
17 18
17 19
16 19
17 19
17 20
17 21
18 21
18 20
18 19
17 19
17 20
18 20
18 19
19 19
18 19
17 19
17 20
18 20
18 19
17 19
17 18
18 18
18 17
18 18
19 18
18 18
19 18
19 19
18 19
18 18
19 18
19 17
19 16
19 15
18 15
17 15
18 15
18 14
18 13
17 13
18 13
18 14
19 14
19 15
20 15
21 15
20 15
20 16
19 16
19 15
19 14
20 14
20 15
20 14
21 14
20 14
20 15
19 15
20 15
20 16
20 17
20 16
20 17
20 18
20 19
19 19
19 18
19 19
18 19
18 18
19 18
19 19
19 18
18 18
18 17
17 17
16 17
17 17
17 16
17 17
17 18
18 18
17 18
17 17
18 17
18 16
19 16
18 16
17 16
18 16
18 17
18 18
18 17
19 17
20 17
21 17
21 16
21 15
22 15
21 15
21 14
21 13
21 12
21 13
20 13
20 14
21 14
20 14
20 13
21 13
21 14
21 15
20 15
19 15
19 16
19 15
19 16
19 17
18 17
17 17
17 16
16 16
16 15
16 14
15 14
16 14
16 15
15 15
15 14
14 14
15 14
15 15
15 16
14 16
14 17
13 17
13 16
12 16
12 15
11 15
11 14
11 15
10 15
10 16
9 16
8 16
7 16
7 15
8 15
8 14
7 14
7 13
7 14
