0 0
0 1
0 2
0 1
0 2
0 1
1 1
0 1
0 0
1 0
1 1
0 1
1 1
1 2
1 3
0 3
0 2
1 2
1 3
2 3
2 2
2 3
1 3
2 3
1 3
1 2
0 2
1 2
1 3
0 3
0 2
0 1
0 0
0 1
1 1
0 1
1 1
1 2
1 3
2 3
1 3
1 2
1 1
2 1
1 1
0 1
1 1
0 1
0 0
1 0
2 0
1 0
1 1
0 1
1 1
0 1
0 2
1 2
1 3
1 2
1 1
1 2
1 1
1 2
2 2
3 2
2 2
2 1
2 0
2 1
2 0
2 1
1 1
2 1
2 2
2 3
1 3
1 4
2 4
2 5
3 5
3 4
2 4
1 4
1 3
0 3
1 3
1 4
1 3
0 3
0 4
1 4
1 5
2 5
2 6
2 7
2 8
3 8
4 8
4 9
4 8
4 7
3 7
4 7
5 7
6 7
6 6
7 6
7 5
8 5
8 6
8 7
7 7
7 6
8 6
7 6
6 6
6 5
6 4
6 3
5 3
4 3
3 3
2 3
2 4
3 4
4 4
4 5
4 4
4 5
3 5
2 5
2 6
3 6
4 6
4 5
4 6
3 6
3 7
3 6
2 6
2 7
1 7
0 7
1 7
1 8
1 7
1 6
2 6
1 6
1 5
1 4
0 4
0 3
1 3
1 2
1 3
1 4
1 3
1 4
1 3
2 3
2 2
2 1
1 1
1 0
0 0
0 1
0 0
0 1
0 2
0 1
0 0
1 0
2 0
2 1
2 2
1 2
2 2
3 2
2 2
3 2
3 3
3 4
3 5
2 5
1 5
0 5
0 6
1 6
0 6
1 6
2 6
2 5
2 6
2 7
2 6
3 6
4 6
5 6
6 6
5 6
6 6
6 5
7 5
7 4
6 4
7 4
7 3
7 4
6 4
7 4
7 5
6 5
6 4
6 3
5 3
5 4
4 4
3 4
3 3
3 4
4 4
4 5
5 5
5 4
5 5
5 6
5 5
6 5
6 6
6 5
7 5
8 5
8 4
8 3
7 3
7 4
6 4
6 3
6 4
6 3
7 3
7 4
7 3
6 3
6 4
6 5
5 5
4 5
4 4
3 4
2 4
2 3
1 3
0 3
0 2
0 3
1 3
2 3
2 4
3 4
3 5
4 5
4 4
5 4
5 3
5 4
5 3
5 2
6 2
6 1
6 2
6 3
6 2
6 3
7 3
7 4
7 3
7 2
8 2
8 1
8 0
8 1
8 0
7 0
7 1
7 0
7 1
8 1
8 2
9 2
8 2
9 2
9 3
8 3
8 4
9 4
9 3
9 2
10 2
10 1
9 1
9 2
10 2
10 3
10 4
10 5
10 4
11 4
11 5
11 4
11 3
11 2
11 1
11 0
12 0
12 1
12 0
13 0
13 1
12 1
12 0
12 1
13 1
14 1
14 0
15 0
14 0
15 0
15 1
14 1
15 1
15 0
16 0
15 0
16 0
15 0
14 0
15 0
15 1
15 2
14 2
15 2
16 2
16 3
16 4
15 4
15 3
16 3
17 3
18 3
19 3
18 3
18 4
19 4
20 4
19 4
18 4
18 5
18 6
17 6
16 6
16 5
16 6
16 5
16 6
16 7
16 8
17 8
18 8
19 8
20 8
21 8
21 9
20 9
19 9
19 8
19 7
19 8
19 7
20 7
21 7
20 7
20 8
20 7
20 8
21 8
22 8
21 8
22 8
21 8
22 8
23 8
22 8
22 7
23 7
23 6
22 6
23 6
23 7
23 8
23 9
23 8
23 7
23 8
24 8
25 8
25 7
25 6
25 7
25 6
26 6
26 5
25 5
25 4
24 4
24 3
25 3
25 2
25 1
24 1
24 0
24 1
23 1
23 0
24 0
25 0
25 1
26 1
25 1
24 1
24 2
25 2
24 2
23 2
22 2
22 1
23 1
22 1
21 1
21 0
21 1
21 2
21 1
21 2
20 2
20 1
20 2
20 1
21 1
20 1
21 1
21 2
20 2
19 2
19 1
18 1
18 2
18 3
19 3
20 3
20 2
20 1
21 1
21 0
21 1
21 2
21 1
21 2
22 2
23 2
24 2
25 2
24 2
24 1
23 1
24 1
23 1
22 1
22 2
22 3
22 2
23 2
23 1
22 1
22 0
23 0
23 1
23 0
23 1
23 2
23 3
23 4
24 4
23 4
24 4
24 5
23 5
22 5
22 4
21 4
20 4
20 3
20 2
19 2
19 3
19 2
20 2
19 2
19 1
19 0
20 0
19 0
19 1
20 1
19 1
18 1
19 1
19 0
19 1
20 1
19 1
20 1
19 1
18 1
18 0
18 1
18 2
19 2
18 2
17 2
17 3
17 2
18 2
18 3
18 4
18 3
19 3
18 3
17 3
18 3
19 3
19 2
20 2
19 2
19 1
19 2
18 2
19 2
20 2
20 3
20 2
20 1
20 2
19 2
18 2
17 2
18 2
17 2
18 2
17 2
17 1
17 2
17 1
17 2
17 1
17 0
18 0
19 0
20 0
20 1
20 0
20 1
20 2
20 3
20 4
20 5
20 6
19 6
20 6
19 6
18 6
18 5
18 4
18 5
17 5
17 4
18 4
18 5
18 4
17 4
17 3
17 2
17 1
17 2
17 3
17 4
16 4
15 4
15 5
15 6
15 5
14 5
13 5
13 6
14 6
14 7
14 8
15 8
16 8
16 9
17 9
16 9
17 9
16 9
16 10
16 11
16 10
17 10
17 9
17 10
17 11
17 12
17 11
16 11
17 11
17 10
17 9
16 9
16 8
16 7
17 7
17 6
17 5
17 6
18 6
19 6
18 6
18 7
17 7
17 6
16 6
16 7
16 6
16 7
16 8
16 7
16 6
15 6
14 6
13 6
12 6
13 6
13 5
14 5
13 5
12 5
13 5
13 6
14 6
14 7
14 6
14 7
14 8
14 9
13 9
14 9
14 10
14 11
14 10
15 10
16 10
16 9
16 8
17 8
17 9
17 8
17 7
18 7
18 8
18 7
19 7
19 8
19 9
20 9
21 9
20 9
21 9
21 8
20 8
20 9
20 10
21 10
20 10
20 9
21 9
21 8
21 7
22 7
21 7
22 7
21 7
22 7
22 6
22 7
23 7
24 7
24 6
24 7
23 7
23 6
23 5
24 5
25 5
26 5
26 4
27 4
28 4
28 3
29 3
29 4
29 5
30 5
30 4
30 5
30 4
30 5
31 5
31 6
31 7
32 7
32 8
32 9
32 8
32 9
32 10
31 10
31 9
32 9
32 8
33 8
34 8
34 9
33 9
33 8
33 9
33 8
34 8
33 8
33 9
33 10
33 9
33 8
34 8
33 8
34 8
33 8
34 8
34 9
33 9
33 10
33 11
33 12
33 11
34 11
34 12
34 11
33 11
34 11
35 11
35 10
34 10
35 10
35 9
35 10
35 11
34 11
34 12
34 11
35 11
34 11
34 12
34 13
33 13
34 13
34 12
34 13
34 12
33 12
33 13
34 13
33 13
32 13
32 14
32 15
32 16
32 15
32 14
32 13
32 12
32 13
33 13
34 13
35 13
35 12
36 12
37 12
36 12
36 11
37 11
36 11
35 11
35 12
34 12
34 11
34 12
35 12
34 12
35 12
35 13
34 13
34 14
33 14
32 14
32 15
33 15
33 14
33 13
33 12
32 12
33 12
34 12
34 13
35 13
35 14
34 14
35 14
36 14
36 15
35 15
35 14
34 14
33 14
34 14
33 14
32 14
31 14
32 14
32 15
32 16
32 17
32 18
32 17
32 16
33 16
33 17
33 18
33 19
32 19
32 18
32 19
31 19
30 19
30 18
30 19
29 19
30 19
30 20
30 19
30 18
31 18
32 18
31 18
31 19
32 19
32 18
32 17
32 16
33 16
33 17
34 17
33 17
32 17
32 18
32 19
33 19
34 19
35 19
35 20
34 20
34 21
35 21
35 20
35 19
34 19
33 19
32 19
32 20
32 19
31 19
31 18
32 18
32 19
31 19
32 19
33 19
33 20
32 20
33 20
33 19
33 20
33 21
32 21
32 20
32 21
31 21
31 22
30 22
30 21
30 20
29 20
28 20
27 20
27 19
27 20
26 20
26 19
25 19
25 20
25 21
25 20
25 19
25 18
26 18
26 19
26 18
26 19
27 19
27 20
26 20
26 19
26 18
26 17
25 17
24 17
24 18
25 18
24 18
24 17
23 17
22 17
22 18
23 18
23 17
23 16
23 17
23 16
22 16
22 15
23 15
23 16
22 16
21 16
20 16
19 16
19 17
20 17
21 17
21 18
22 18
21 18
20 18
19 18
20 18
20 19
20 20
19 20
20 20
19 20
18 20
19 20
20 20
20 19
20 20
20 21
19 21
19 22
18 22
18 21
19 21
19 20
19 21
20 21
20 20
19 20
19 21
19 20
18 20
18 21
