0 0
1 0
0 0
0 1
0 0
1 0
1 1
1 0
0 0
1 0
1 1
2 1
1 1
0 1
1 1
2 1
2 2
2 1
2 0
2 1
1 1
1 2
1 3
2 3
3 3
3 4
4 4
4 5
4 6
4 7
5 7
5 8
5 9
5 10
5 11
5 12
5 11
6 11
5 11
4 11
4 12
3 12
3 11
2 11
3 11
3 12
4 12
3 12
2 12
2 11
2 12
3 12
3 13
3 12
3 13
2 13
1 13
1 14
0 14
0 15
1 15
1 14
1 15
2 15
2 14
2 15
1 15
1 14
1 13
2 13
2 14
3 14
3 13
4 13
3 13
2 13
2 12
3 12
3 11
2 11
2 10
2 11
2 10
2 9
2 8
2 9
2 10
3 10
3 11
3 10
2 10
3 10
3 11
2 11
3 11
2 11
2 10
1 10
1 9
0 9
1 9
1 10
2 10
2 9
1 9
1 10
1 11
0 11
0 12
1 12
1 13
2 13
2 14
1 14
0 14
1 14
1 15
2 15
3 15
2 15
2 16
3 16
3 17
4 17
4 16
4 17
4 18
4 19
5 19
5 20
6 20
6 21
7 21
6 21
6 22
6 21
6 20
6 21
6 20
6 19
5 19
5 18
6 18
5 18
6 18
7 18
6 18
6 17
7 17
8 17
8 16
8 17
8 16
9 16
9 15
10 15
11 15
11 14
12 14
11 14
10 14
10 13
10 12
10 13
10 14
10 13
9 13
9 14
9 15
10 15
9 15
10 15
11 15
11 14
11 15
12 15
11 15
11 16
12 16
11 16
12 16
12 15
13 15
13 16
13 17
13 18
13 19
13 20
13 21
14 21
14 20
13 20
13 19
14 19
14 20
14 21
14 20
15 20
15 19
15 18
16 18
16 17
15 17
16 17
16 18
16 19
15 19
15 18
14 18
14 19
14 20
13 20
14 20
13 20
13 19
13 20
12 20
13 20
13 19
13 18
12 18
13 18
12 18
13 18
13 19
13 18
14 18
15 18
15 19
15 18
15 19
14 19
14 20
13 20
14 20
13 20
13 21
13 20
12 20
13 20
13 21
13 22
12 22
13 22
14 22
14 23
15 23
14 23
13 23
14 23
14 22
14 23
15 23
15 24
15 25
15 24
15 23
16 23
17 23
17 24
18 24
18 23
19 23
19 22
20 22
20 21
21 21
22 21
22 22
21 22
22 22
21 22
21 21
22 21
22 22
22 23
22 22
21 22
20 22
20 21
21 21
22 21
22 22
23 22
22 22
22 21
22 22
23 22
23 21
22 21
23 21
24 21
24 20
25 20
24 20
24 19
25 19
25 18
26 18
26 19
27 19
28 19
29 19
29 20
29 21
30 21
30 20
30 19
30 20
30 19
30 18
30 19
30 20
31 20
30 20
29 20
28 20
27 20
27 19
26 19
25 19
26 19
27 19
26 19
26 18
26 17
26 16
26 17
26 16
25 16
24 16
24 15
25 15
26 15
26 14
27 14
26 14
27 14
27 15
27 14
27 13
26 13
27 13
28 13
29 13
30 13
29 13
28 13
27 13
27 14
27 13
28 13
28 12
29 12
29 11
29 10
29 11
29 12
29 13
28 13
27 13
28 13
28 12
27 12
27 13
28 13
27 13
28 13
28 14
28 13
28 14
27 14
28 14
29 14
29 15
29 14
28 14
28 15
28 16
28 17
28 18
27 18
26 18
27 18
27 17
28 17
29 17
28 17
29 17
30 17
29 17
28 17
28 16
28 15
28 16
28 15
29 15
29 16
29 17
28 17
29 17
29 16
30 16
31 16
32 16
32 17
33 17
33 16
32 16
32 17
32 18
33 18
33 19
34 19
33 19
33 20
32 20
32 19
33 19
32 19
33 19
32 19
31 19
32 19
32 20
33 20
33 21
32 21
31 21
32 21
33 21
33 20
34 20
34 19
33 19
34 19
35 19
35 20
35 19
35 20
36 20
36 19
36 18
36 19
35 19
35 20
36 20
37 20
37 19
38 19
37 19
38 19
38 18
39 18
40 18
41 18
41 19
42 19
43 19
43 18
42 18
43 18
43 17
44 17
44 18
44 19
44 18
45 18
45 19
45 20
45 21
44 21
43 21
43 22
44 22
45 22
45 23
44 23
43 23
42 23
43 23
42 23
42 22
43 22
42 22
41 22
40 22
39 22
40 22
40 23
39 23
39 24
38 24
38 23
38 24
38 25
38 26
37 26
37 25
36 25
36 24
35 24
35 25
35 24
36 24
36 25
37 25
38 25
37 25
36 25
35 25
35 26
35 25
34 25
33 25
33 26
33 27
33 28
34 28
33 28
33 27
33 26
33 25
33 24
33 25
32 25
33 25
32 25
31 25
31 26
31 25
32 25
33 25
34 25
35 25
34 25
34 26
35 26
35 25
34 25
34 24
35 24
35 23
36 23
36 24
37 24
36 24
35 24
34 24
33 24
33 23
33 24
33 23
32 23
33 23
33 24
33 23
32 23
32 24
31 24
32 24
31 24
30 24
31 24
31 23
30 23
31 23
32 23
32 22
31 22
32 22
32 23
32 22
32 21
31 21
30 21
30 22
29 22
28 22
28 21
27 21
26 21
27 21
27 22
27 23
27 22
26 22
26 23
27 23
26 23
26 24
26 23
27 23
27 24
28 24
28 25
29 25
30 25
30 26
30 25
29 25
28 25
29 25
29 24
30 24
30 25
29 25
30 25
30 26
29 26
28 26
29 26
29 25
29 24
29 23
29 24
29 25
30 25
31 25
30 25
31 25
31 24
31 23
30 23
30 22
29 22
30 22
30 21
31 21
31 20
31 19
32 19
31 19
32 19
32 20
32 19
33 19
33 20
33 19
33 18
33 17
34 17
35 17
34 17
34 18
34 17
34 16
34 17
34 18
33 18
32 18
31 18
32 18
32 19
31 19
31 20
31 21
31 20
31 21
31 20
30 20
30 19
29 19
30 19
29 19
29 20
30 20
30 21
31 21
30 21
30 22
31 22
31 23
32 23
33 23
32 23
32 24
32 23
33 23
33 24
32 24
33 24
34 24
33 24
33 23
33 22
34 22
34 23
35 23
36 23
36 22
37 22
38 22
39 22
39 23
39 22
39 23
39 24
40 24
41 24
42 24
42 25
42 26
42 27
42 28
42 27
42 28
41 28
40 28
40 27
39 27
40 27
41 27
41 26
40 26
39 26
39 25
38 25
38 26
39 26
38 26
39 26
39 27
40 27
40 26
40 27
39 27
39 26
39 27
40 27
40 26
39 26
38 26
38 25
37 25
36 25
36 26
36 27
35 27
35 28
34 28
35 28
35 29
36 29
36 28
37 28
37 29
38 29
38 28
39 28
38 28
37 28
38 28
38 29
38 30
37 30
37 29
36 29
37 29
37 30
38 30
39 30
39 29
39 30
40 30
39 30
40 30
40 31
40 30
40 31
39 31
39 32
40 32
40 31
41 31
41 32
40 32
39 32
40 32
39 32
38 32
38 31
39 31
40 31
39 31
40 31
39 31
38 31
38 32
37 32
36 32
36 31
35 31
34 31
34 30
35 30
34 30
33 30
32 30
32 29
32 28
32 29
33 29
33 28
32 28
33 28
34 28
33 28
33 29
34 29
35 29
36 29
36 30
36 31
36 32
37 32
36 32
36 33
35 33
35 32
35 31
35 32
35 33
35 32
35 33
36 33
37 33
37 34
37 35
37 34
36 34
35 34
34 34
33 34
32 34
33 34
34 34
34 35
33 35
32 35
32 34
33 34
33 33
33 34
33 35
32 35
32 34
31 34
31 33
31 32
31 33
32 33
31 33
31 34
32 34
33 34
34 34
34 33
33 33
34 33
33 33
32 33
33 33
33 32
33 31
32 31
32 30
31 30
31 31
32 31
32 30
32 29
31 29
31 28
30 28
31 28
30 28
30 29
31 29
32 29
32 28
31 28
32 28
33 28
33 29
33 28
34 28
33 28
33 27
34 27
34 28
35 28
36 28
36 27
35 27
35 26
35 25
36 25
36 24
36 23
36 24
36 25
37 25
38 25
38 26
39 26
38 26
38 25
39 25
39 26
39 25
39 26
38 26
38 25
38 26
37 26
37 25
38 25
38 26
39 26
40 26
40 25
41 25
42 25
41 25
42 25
43 25
43 26
43 25
42 25
42 26
43 26
42 26
41 26
40 26
39 26
39 25
39 26
39 27
40 27
40 26
40 25
40 26
41 26
41 25
42 25
42 24
42 23
41 23
42 23
43 23
43 24
42 24
43 24
44 24
44 23
44 22
43 22
43 21
43 22
43 23
44 23
43 23
43 22
42 22
41 22
40 22
40 21
41 21
40 21
40 22
40 21
40 20
39 20
38 20
37 20
38 20
38 21
38 20
39 20
39 21
38 21
38 20
37 20
38 20
37 20
38 20
38 19
39 19
39 20
39 19
38 19
37 19
36 19
35 19
34 19
34 18
33 18
33 19
32 19
