0 0
1 0
1 1
2 1
1 1
1 0
1 1
0 1
1 1
1 2
1 1
1 2
1 1
1 2
2 2
1 2
0 2
0 1
1 1
1 2
0 2
0 1
1 1
0 1
0 0
0 1
1 1
0 1
0 2
1 2
2 2
1 2
1 3
2 3
2 2
3 2
2 2
3 2
3 3
4 3
5 3
5 4
5 5
5 6
5 5
6 5
6 6
6 5
7 5
7 4
8 4
7 4
8 4
8 3
8 2
8 3
7 3
6 3
7 3
6 3
5 3
5 2
4 2
3 2
3 1
3 0
3 1
2 1
2 2
3 2
3 1
4 1
4 0
5 0
4 0
4 1
4 2
3 2
3 3
3 2
3 3
4 3
5 3
5 2
5 3
6 3
6 4
6 5
6 4
6 3
6 2
6 1
6 0
7 0
6 0
6 1
6 2
6 3
6 2
7 2
7 1
7 0
7 1
6 1
5 1
6 1
6 2
6 1
5 1
5 0
5 1
4 1
5 1
5 0
5 1
5 0
6 0
6 1
5 1
5 0
5 1
6 1
6 0
6 1
6 2
6 3
6 4
5 4
4 4
5 4
5 3
6 3
5 3
4 3
4 4
4 3
4 2
3 2
3 1
2 1
3 1
3 0
2 0
2 1
2 2
1 2
0 2
1 2
1 1
0 1
1 1
1 0
0 0
1 0
0 0
0 1
0 2
0 3
0 2
0 3
1 3
1 4
1 3
2 3
2 4
1 4
0 4
1 4
1 3
2 3
2 2
1 2
0 2
0 1
0 0
1 0
2 0
1 0
2 0
1 0
2 0
1 0
1 1
1 2
0 2
1 2
1 1
1 0
1 1
1 0
1 1
1 0
1 1
0 1
1 1
1 0
2 0
2 1
2 0
3 0
2 0
2 1
1 1
0 1
0 2
1 2
0 2
0 3
1 3
1 2
1 3
1 4
1 5
2 5
2 4
3 4
4 4
5 4
5 3
4 3
5 3
5 4
5 3
6 3
7 3
7 4
7 3
8 3
8 4
9 4
10 4
10 5
10 4
11 4
12 4
11 4
12 4
13 4
14 4
13 4
12 4
13 4
14 4
14 5
14 4
14 5
13 5
12 5
12 6
12 5
12 6
12 7
12 8
12 7
12 8
11 8
11 7
10 7
10 6
11 6
11 5
11 6
10 6
10 7
11 7
11 8
10 8
9 8
8 8
8 9
7 9
8 9
9 9
9 10
8 10
8 9
8 8
8 9
8 8
9 8
9 9
8 9
7 9
7 8
6 8
6 7
6 6
6 5
7 5
7 4
6 4
7 4
6 4
5 4
5 3
5 4
6 4
6 5
5 5
5 6
5 5
5 4
4 4
3 4
3 5
3 4
3 5
2 5
3 5
2 5
3 5
3 6
3 5
3 4
3 3
3 2
3 3
3 2
4 2
4 1
4 2
5 2
5 3
4 3
3 3
2 3
1 3
1 4
1 3
1 4
2 4
3 4
2 4
3 4
2 4
2 3
1 3
0 3
1 3
1 2
1 3
0 3
1 3
1 2
0 2
1 2
2 2
3 2
4 2
3 2
4 2
3 2
3 3
3 4
4 4
4 5
4 4
5 4
6 4
6 5
6 4
6 5
6 6
6 5
5 5
5 6
5 7
5 6
5 7
5 6
5 7
5 8
5 9
5 10
4 10
5 10
5 11
6 11
5 11
5 10
6 10
5 10
4 10
3 10
3 11
3 12
3 13
4 13
3 13
3 14
3 13
3 12
2 12
2 13
2 12
1 12
0 12
0 11
1 11
2 11
1 11
1 10
1 9
1 10
0 10
1 10
1 11
0 11
1 11
1 10
2 10
3 10
3 9
3 8
4 8
5 8
5 9
5 8
6 8
6 9
6 10
6 11
5 11
5 12
5 11
4 11
5 11
5 10
4 10
5 10
5 11
5 12
4 12
5 12
5 11
5 10
4 10
3 10
3 11
3 12
2 12
2 11
2 12
3 12
3 11
3 12
3 13
3 12
3 13
3 14
3 15
4 15
4 16
3 16
2 16
3 16
4 16
3 16
3 15
3 14
2 14
3 14
3 13
2 13
3 13
3 12
3 11
2 11
2 10
3 10
4 10
5 10
4 10
4 9
5 9
6 9
6 10
6 11
6 10
6 9
6 8
7 8
7 9
8 9
9 9
9 10
10 10
9 10
8 10
8 9
7 9
7 10
6 10
6 11
5 11
5 12
5 11
4 11
4 10
5 10
5 11
6 11
7 11
6 11
7 11
7 12
8 12
9 12
9 11
10 11
11 11
11 12
11 13
11 14
10 14
11 14
11 15
11 14
11 13
11 14
12 14
12 13
11 13
11 14
11 15
11 14
10 14
10 15
9 15
9 16
9 15
10 15
9 15
8 15
7 15
7 16
7 15
7 16
6 16
6 17
6 16
5 16
4 16
3 16
3 17
3 16
3 17
4 17
4 18
4 19
4 20
5 20
5 21
6 21
7 21
8 21
7 21
7 20
7 21
8 21
9 21
9 22
10 22
10 21
10 22
11 22
11 21
11 22
11 23
10 23
11 23
11 24
11 25
10 25
9 25
10 25
11 25
11 26
10 26
10 25
10 26
10 25
10 24
11 24
11 25
10 25
10 26
10 27
11 27
12 27
13 27
13 28
14 28
14 27
14 28
14 27
13 27
12 27
13 27
14 27
14 26
15 26
15 27
14 27
13 27
13 28
12 28
13 28
12 28
12 27
11 27
12 27
13 27
13 26
13 25
13 24
12 24
12 25
12 26
12 25
12 26
12 27
12 28
12 27
12 28
12 29
12 30
13 30
13 31
12 31
12 32
13 32
13 31
13 30
13 29
13 30
14 30
14 29
14 28
14 27
14 28
14 27
14 28
15 28
15 27
16 27
17 27
16 27
16 28
17 28
17 29
16 29
17 29
17 30
17 29
16 29
16 28
15 28
14 28
14 27
15 27
15 26
15 25
15 26
14 26
14 25
15 25
16 25
16 26
17 26
16 26
17 26
18 26
19 26
19 25
18 25
18 26
18 25
18 26
19 26
19 27
18 27
18 28
19 28
19 29
20 29
19 29
19 30
20 30
20 29
21 29
21 28
22 28
23 28
23 29
23 30
23 31
23 30
22 30
21 30
21 29
20 29
19 29
19 30
19 31
20 31
20 32
21 32
21 31
21 32
21 33
21 32
21 31
22 31
23 31
23 30
22 30
21 30
21 31
20 31
21 31
21 30
21 29
21 28
21 27
21 26
20 26
21 26
21 25
21 24
20 24
21 24
20 24
21 24
21 23
21 22
20 22
21 22
21 21
21 22
22 22
23 22
22 22
21 22
22 22
23 22
23 21
24 21
24 20
24 19
25 19
26 19
25 19
26 19
27 19
27 18
28 18
28 19
28 20
28 21
28 20
28 19
27 19
26 19
27 19
27 18
28 18
27 18
27 17
27 18
26 18
26 17
26 16
27 16
26 16
26 17
26 18
25 18
24 18
24 17
23 17
23 16
23 17
24 17
23 17
22 17
21 17
20 17
19 17
19 16
19 17
19 16
19 15
19 16
18 16
19 16
19 17
19 16
18 16
17 16
18 16
17 16
16 16
16 15
17 15
18 15
18 16
18 15
18 16
19 16
20 16
21 16
22 16
23 16
23 17
22 17
22 16
23 16
24 16
24 17
25 17
24 17
23 17
24 17
23 17
22 17
22 16
21 16
22 16
23 16
23 15
24 15
24 14
24 13
23 13
24 13
24 12
24 13
24 14
25 14
25 13
24 13
24 12
24 13
23 13
23 12
24 12
25 12
25 11
25 12
26 12
26 11
25 11
26 11
26 10
27 10
27 11
28 11
27 11
27 10
27 11
26 11
26 10
25 10
24 10
24 9
24 8
24 9
24 10
24 9
23 9
22 9
22 8
22 9
22 10
23 10
23 11
22 11
22 10
22 11
23 11
23 10
23 11
22 11
21 11
20 11
21 11
21 10
20 10
21 10
21 9
21 10
22 10
21 10
21 11
22 11
23 11
23 12
23 11
23 10
23 11
22 11
21 11
21 12
21 11
20 11
20 10
19 10
20 10
20 11
20 10
21 10
21 9
20 9
20 10
21 10
20 10
19 10
19 11
20 11
21 11
21 10
21 9
22 9
22 10
22 11
21 11
22 11
22 10
21 10
22 10
22 11
22 12
22 13
23 13
24 13
24 14
23 14
22 14
22 13
22 14
22 13
22 14
22 13
23 13
22 13
21 13
20 13
20 12
20 13
21 13
21 12
22 12
22 13
22 14
23 14
22 14
22 13
23 13
22 13
23 13
23 12
23 11
22 11
23 11
23 10
24 10
24 9
24 10
23 10
23 11
22 11
22 12
23 12
23 11
24 11
23 11
23 10
22 10
22 9
23 9
23 8
22 8
23 8
22 8
21 8
21 9
21 8
21 7
20 7
20 6
20 7
20 6
20 7
20 6
20 7
20 8
21 8
21 7
21 8
