0 0
1 0
2 0
2 1
1 1
1 0
0 0
0 1
1 1
1 0
1 1
2 1
2 2
2 1
2 0
2 1
2 0
2 1
2 0
2 1
3 1
4 1
3 1
2 1
3 1
3 0
3 1
3 2
4 2
4 1
5 1
5 2
6 2
6 1
6 0
6 1
6 2
6 3
6 2
5 2
6 2
6 1
6 0
5 0
5 1
4 1
4 2
3 2
2 2
3 2
3 1
3 2
4 2
5 2
4 2
5 2
5 1
5 2
4 2
4 3
4 2
3 2
3 1
3 2
2 2
2 1
2 0
2 1
2 2
2 3
2 4
2 3
2 2
3 2
3 1
3 0
3 1
3 0
2 0
2 1
1 1
1 0
1 1
1 0
0 0
1 0
2 0
3 0
3 1
4 1
5 1
5 0
6 0
6 1
6 2
6 1
5 1
5 0
5 1
6 1
6 2
6 3
6 2
6 1
5 1
6 1
6 0
6 1
6 0
5 0
5 1
5 2
6 2
6 1
6 2
7 2
8 2
8 3
8 4
7 4
6 4
5 4
4 4
4 3
4 2
4 1
4 2
4 1
4 0
3 0
3 1
2 1
2 2
3 2
3 1
4 1
5 1
4 1
4 0
4 1
3 1
2 1
1 1
0 1
0 0
0 1
1 1
0 1
1 1
0 1
1 1
0 1
0 2
0 1
0 0
0 1
1 1
1 2
1 1
0 1
1 1
0 1
1 1
2 1
2 0
3 0
4 0
5 0
6 0
7 0
6 0
6 1
7 1
7 2
6 2
6 3
7 3
7 2
7 1
7 0
8 0
8 1
8 2
9 2
10 2
10 1
9 1
9 2
9 1
9 2
9 3
9 2
9 3
9 4
8 4
7 4
6 4
5 4
5 5
5 6
5 7
5 6
4 6
3 6
3 7
3 8
4 8
4 7
3 7
2 7
2 6
1 6
1 5
0 5
0 4
0 3
0 2
1 2
2 2
2 1
1 1
2 1
1 1
2 1
2 0
1 0
1 1
0 1
1 1
0 1
0 2
0 3
0 2
1 2
0 2
1 2
1 3
1 4
2 4
2 5
3 5
4 5
4 6
4 7
5 7
5 6
5 5
5 4
6 4
7 4
6 4
7 4
8 4
8 5
9 5
10 5
10 4
10 3
10 2
9 2
10 2
10 1
11 1
11 2
10 2
10 1
9 1
9 2
9 3
8 3
9 3
8 3
9 3
9 4
10 4
10 5
10 6
10 5
9 5
8 5
9 5
9 4
8 4
8 3
9 3
9 2
9 3
9 2
9 1
9 2
9 1
9 0
10 0
10 1
11 1
10 1
9 1
10 1
11 1
11 2
11 1
11 0
10 0
11 0
10 0
10 1
10 0
11 0
11 1
10 1
9 1
9 2
9 1
9 2
8 2
8 3
8 4
7 4
7 3
7 4
6 4
7 4
7 5
8 5
8 6
8 7
8 6
7 6
7 7
7 6
7 5
7 4
6 4
7 4
8 4
9 4
8 4
7 4
7 3
7 2
7 3
7 2
8 2
8 3
8 4
8 3
9 3
8 3
8 2
9 2
9 3
9 2
9 1
9 0
8 0
8 1
8 0
9 0
9 1
9 2
9 1
8 1
9 1
9 0
9 1
10 1
10 0
10 1
10 2
10 1
10 0
10 1
9 1
9 0
8 0
9 0
9 1
9 2
8 2
7 2
7 3
6 3
5 3
6 3
6 4
6 5
7 5
6 5
6 6
5 6
5 5
4 5
4 4
4 3
3 3
3 2
3 1
3 2
4 2
3 2
4 2
5 2
5 3
5 2
6 2
6 1
5 1
5 2
4 2
5 2
5 1
5 0
5 1
6 1
6 2
5 2
6 2
6 3
6 4
5 4
4 4
4 5
3 5
2 5
1 5
0 5
1 5
1 4
1 3
2 3
3 3
3 2
4 2
4 3
3 3
3 4
4 4
3 4
3 5
2 5
2 6
1 6
1 7
0 7
1 7
0 7
0 6
0 5
1 5
2 5
3 5
3 4
2 4
2 5
1 5
2 5
2 6
2 7
2 8
2 7
1 7
1 6
1 7
1 6
1 5
0 5
0 6
0 5
0 6
1 6
1 7
2 7
3 7
3 6
3 7
4 7
3 7
4 7
4 8
3 8
3 9
3 8
3 9
4 9
4 8
4 9
4 8
3 8
2 8
1 8
1 7
1 8
0 8
1 8
1 9
1 10
2 10
1 10
0 10
0 11
1 11
2 11
3 11
3 12
3 13
3 14
4 14
4 15
3 15
4 15
4 14
5 14
5 13
5 12
6 12
6 11
6 10
6 11
6 12
6 11
5 11
4 11
4 12
4 13
4 12
4 13
4 14
5 14
5 15
5 16
6 16
6 15
6 16
5 16
5 17
4 17
4 18
4 19
3 19
4 19
4 20
4 19
5 19
5 18
5 19
4 19
4 18
5 18
6 18
6 17
5 17
6 17
7 17
7 18
6 18
6 19
6 20
6 21
6 22
6 23
6 24
7 24
6 24
6 23
6 24
6 25
5 25
4 25
4 26
5 26
4 26
3 26
2 26
1 26
1 27
0 27
0 28
0 27
0 28
0 27
1 27
1 26
2 26
2 25
1 25
1 26
1 25
1 26
1 25
1 26
1 27
2 27
2 26
3 26
3 25
3 26
2 26
3 26
2 26
2 25
2 24
1 24
1 25
0 25
0 26
0 27
0 28
1 28
1 27
2 27
2 26
1 26
0 26
1 26
2 26
1 26
0 26
0 25
1 25
2 25
3 25
3 26
3 27
4 27
5 27
5 26
5 27
5 26
4 26
3 26
4 26
5 26
5 25
5 24
5 25
4 25
5 25
5 26
5 27
6 27
6 28
6 27
5 27
6 27
6 26
6 25
6 26
5 26
5 27
4 27
3 27
4 27
5 27
4 27
4 28
5 28
5 27
6 27
7 27
7 28
7 27
6 27
6 26
5 26
4 26
3 26
3 25
3 26
4 26
5 26
5 25
4 25
4 24
4 23
4 22
4 23
4 22
3 22
4 22
4 23
3 23
3 22
3 23
3 22
4 22
3 22
4 22
5 22
5 23
6 23
7 23
6 23
6 22
6 23
6 24
6 23
7 23
7 24
6 24
5 24
4 24
4 25
5 25
6 25
6 24
5 24
5 25
5 24
5 25
5 24
4 24
5 24
6 24
5 24
6 24
7 24
7 25
7 26
8 26
7 26
8 26
8 27
8 26
8 27
9 27
9 28
8 28
8 29
7 29
8 29
8 28
8 29
8 30
8 29
8 30
9 30
9 31
9 30
8 30
7 30
8 30
8 31
9 31
8 31
7 31
8 31
8 32
8 33
9 33
9 32
9 33
8 33
9 33
9 32
9 31
10 31
9 31
8 31
8 32
9 32
9 31
8 31
8 30
7 30
7 31
8 31
9 31
8 31
9 31
8 31
9 31
8 31
9 31
10 31
10 32
10 31
11 31
11 30
11 29
10 29
11 29
12 29
11 29
11 30
11 29
11 30
11 29
11 28
12 28
13 28
13 27
12 27
13 27
13 26
13 25
12 25
11 25
11 24
11 23
11 24
10 24
11 24
11 23
12 23
12 24
13 24
12 24
11 24
11 25
10 25
9 25
9 26
8 26
8 25
8 24
9 24
8 24
9 24
9 23
10 23
9 23
10 23
10 22
10 23
9 23
10 23
9 23
8 23
7 23
8 23
8 24
7 24
7 25
8 25
7 25
6 25
6 24
6 25
6 24
7 24
7 25
6 25
6 26
6 25
6 26
5 26
6 26
6 25
6 24
6 25
6 24
7 24
6 24
6 25
5 25
6 25
6 24
7 24
8 24
7 24
7 23
7 22
6 22
5 22
5 21
5 20
5 21
4 21
4 22
4 23
3 23
3 24
4 24
3 24
3 25
3 24
2 24
1 24
1 25
1 24
1 23
2 23
1 23
2 23
3 23
2 23
2 24
2 23
2 22
2 23
1 23
1 24
1 25
1 26
0 26
1 26
1 25
1 26
2 26
2 27
2 28
2 29
2 30
3 30
4 30
5 30
6 30
6 31
6 32
6 31
6 32
6 33
7 33
7 32
7 31
6 31
7 31
6 31
6 30
6 29
6 30
7 30
7 29
6 29
6 28
6 29
7 29
8 29
8 30
8 31
8 30
9 30
9 31
9 32
10 32
10 33
10 32
9 32
8 32
8 33
8 32
9 32
10 32
9 32
8 32
8 31
7 31
7 30
8 30
7 30
7 31
7 32
8 32
8 33
9 33
9 32
9 33
9 34
10 34
10 35
11 35
11 34
11 35
11 34
11 33
11 34
12 34
11 34
11 35
12 35
11 35
11 36
12 36
12 37
13 37
13 36
12 36
12 35
12 34
11 34
12 34
12 33
11 33
10 33
9 33
9 32
9 33
8 33
8 32
9 32
10 32
9 32
8 32
8 33
7 33
6 33
6 34
7 34
8 34
8 35
