0 0
1 0
1 1
0 1
1 1
1 2
2 2
2 3
1 3
2 3
3 3
2 3
2 2
1 2
1 3
2 3
3 3
4 3
4 2
4 1
4 0
3 0
2 0
1 0
1 1
1 0
0 0
1 0
1 1
1 0
0 0
0 1
1 1
1 2
2 2
2 1
2 2
3 2
3 1
3 0
4 0
3 0
3 1
3 2
4 2
4 3
4 2
3 2
3 3
3 2
3 1
3 2
2 2
3 2
4 2
4 3
4 2
4 3
3 3
2 3
3 3
4 3
3 3
3 2
2 2
2 1
2 2
1 2
0 2
0 1
0 0
1 0
2 0
3 0
3 1
4 1
4 2
4 3
4 4
3 4
3 3
4 3
3 3
3 2
2 2
1 2
1 3
1 4
1 5
1 6
0 6
0 5
0 4
0 5
1 5
1 4
2 4
3 4
2 4
3 4
3 5
2 5
2 4
2 5
1 5
1 4
0 4
0 3
1 3
0 3
1 3
0 3
0 2
0 1
1 1
2 1
2 0
2 1
2 0
1 0
1 1
1 2
0 2
1 2
2 2
2 3
2 2
3 2
4 2
3 2
3 3
2 3
1 3
1 2
0 2
0 1
1 1
1 2
2 2
3 2
3 3
3 2
3 3
3 2
4 2
4 3
4 4
3 4
3 3
3 2
3 1
3 0
3 1
3 2
3 3
4 3
4 4
4 5
5 5
5 4
6 4
6 3
7 3
8 3
8 2
8 3
8 2
8 3
8 2
8 3
9 3
10 3
10 4
10 5
10 4
9 4
9 5
10 5
10 4
9 4
9 3
10 3
11 3
11 4
11 3
10 3
10 4
10 3
10 2
10 3
10 2
9 2
9 3
9 2
9 1
9 2
10 2
11 2
10 2
10 1
10 0
9 0
8 0
9 0
9 1
10 1
9 1
10 1
10 0
10 1
9 1
9 2
10 2
10 1
9 1
8 1
8 0
9 0
9 1
10 1
11 1
12 1
12 0
12 1
12 2
13 2
12 2
11 2
12 2
12 3
13 3
13 4
12 4
12 3
13 3
14 3
14 4
15 4
15 5
15 4
14 4
15 4
16 4
16 3
17 3
16 3
16 2
15 2
16 2
17 2
17 3
18 3
18 4
17 4
17 5
17 6
18 6
18 5
19 5
19 4
19 3
19 4
20 4
21 4
20 4
19 4
20 4
21 4
21 5
21 6
22 6
21 6
21 5
22 5
21 5
21 6
21 7
21 8
21 7
20 7
19 7
18 7
17 7
17 6
16 6
16 5
16 6
16 5
16 4
16 3
15 3
15 4
16 4
17 4
17 3
17 2
17 1
17 0
18 0
17 0
17 1
17 0
17 1
16 1
16 0
16 1
16 2
15 2
15 1
14 1
13 1
13 0
14 0
15 0
15 1
16 1
16 2
16 1
16 0
16 1
17 1
18 1
18 0
18 1
18 0
18 1
17 1
18 1
19 1
20 1
20 2
20 3
20 2
19 2
19 3
19 4
20 4
21 4
22 4
21 4
22 4
21 4
21 5
21 6
22 6
22 5
22 4
22 5
23 5
23 6
23 7
22 7
22 6
23 6
22 6
21 6
21 5
22 5
22 4
23 4
22 4
21 4
22 4
21 4
20 4
21 4
21 5
20 5
20 6
20 7
19 7
20 7
21 7
21 8
21 9
21 8
21 7
21 8
21 7
22 7
21 7
20 7
20 6
20 5
20 4
20 5
19 5
18 5
18 4
18 5
17 5
17 6
16 6
16 5
17 5
17 4
17 3
16 3
15 3
14 3
14 4
15 4
16 4
15 4
14 4
13 4
12 4
13 4
12 4
12 3
13 3
13 2
12 2
12 3
12 4
12 3
13 3
14 3
14 2
15 2
16 2
16 1
16 0
16 1
17 1
17 0
17 1
18 1
18 2
17 2
16 2
16 1
16 0
16 1
17 1
17 0
16 0
16 1
15 1
15 2
16 2
15 2
15 3
15 4
16 4
16 5
15 5
16 5
15 5
14 5
14 6
14 7
15 7
16 7
17 7
17 6
18 6
18 7
18 6
18 7
18 6
19 6
20 6
19 6
18 6
17 6
18 6
18 5
18 6
17 6
17 7
17 8
18 8
17 8
18 8
19 8
19 9
20 9
19 9
20 9
20 10
21 10
22 10
22 9
22 10
23 10
23 9
23 8
22 8
22 9
23 9
23 10
22 10
22 11
22 12
22 11
22 12
22 13
22 12
23 12
24 12
25 12
24 12
25 12
24 12
23 12
23 11
23 12
23 11
23 12
23 11
24 11
25 11
24 11
24 12
24 11
23 11
23 10
23 9
23 8
22 8
23 8
23 7
23 8
23 9
23 10
24 10
24 9
25 9
24 9
23 9
23 10
23 11
22 11
22 12
23 12
22 12
23 12
22 12
22 11
21 11
21 12
21 11
21 10
20 10
20 9
19 9
19 10
18 10
19 10
19 9
18 9
17 9
18 9
17 9
18 9
18 10
18 11
18 10
19 10
19 9
19 10
18 10
19 10
20 10
19 10
20 10
19 10
20 10
21 10
22 10
22 11
21 11
22 11
23 11
23 12
24 12
25 12
24 12
23 12
23 11
24 11
23 11
24 11
25 11
25 12
24 12
25 12
24 12
24 13
25 13
26 13
27 13
28 13
28 12
29 12
30 12
30 11
31 11
30 11
30 10
29 10
28 10
29 10
29 11
29 12
29 11
29 12
29 11
30 11
30 12
30 13
29 13
29 12
29 13
29 14
29 13
29 12
28 12
27 12
28 12
28 11
27 11
28 11
27 11
28 11
27 11
28 11
28 12
28 11
28 12
27 12
26 12
26 11
26 10
25 10
24 10
25 10
26 10
27 10
27 9
26 9
26 10
26 11
26 12
25 12
26 12
25 12
24 12
24 11
24 10
23 10
22 10
21 10
22 10
22 11
22 12
21 12
20 12
21 12
22 12
22 11
22 12
21 12
22 12
21 12
20 12
19 12
18 12
18 13
19 13
19 14
19 13
20 13
21 13
22 13
22 12
22 13
23 13
24 13
24 12
25 12
25 11
24 11
24 12
24 11
25 11
25 10
26 10
25 10
25 9
25 8
24 8
25 8
25 9
25 10
25 11
25 10
25 9
25 8
24 8
24 7
24 8
24 9
25 9
26 9
26 10
26 11
26 10
25 10
24 10
24 9
25 9
25 8
24 8
24 7
23 7
22 7
22 6
23 6
23 5
23 6
22 6
23 6
23 7
23 8
22 8
21 8
21 7
21 8
21 9
21 10
22 10
22 11
23 11
23 12
23 13
23 12
23 13
23 12
23 13
24 13
25 13
24 13
24 14
24 13
24 12
25 12
26 12
27 12
26 12
26 13
25 13
26 13
25 13
25 12
24 12
25 12
25 13
26 13
27 13
28 13
28 14
29 14
28 14
28 13
28 12
29 12
29 11
29 12
29 13
28 13
28 14
28 13
29 13
29 14
30 14
30 13
29 13
30 13
30 12
30 11
31 11
30 11
30 10
31 10
32 10
33 10
32 10
32 11
32 12
33 12
34 12
34 13
34 12
34 13
35 13
36 13
35 13
34 13
34 12
34 11
34 10
33 10
32 10
32 11
32 10
32 11
31 11
31 12
32 12
33 12
33 11
32 11
32 12
33 12
32 12
33 12
34 12
33 12
34 12
34 11
34 12
35 12
35 11
36 11
35 11
34 11
34 12
34 11
34 10
34 9
35 9
34 9
34 10
34 9
34 8
35 8
36 8
37 8
37 9
37 10
38 10
38 11
38 10
37 10
37 9
37 8
36 8
36 9
37 9
36 9
35 9
35 8
34 8
34 7
33 7
32 7
31 7
30 7
29 7
29 8
29 7
29 6
29 5
30 5
30 4
30 3
31 3
31 4
30 4
31 4
32 4
33 4
34 4
34 3
35 3
36 3
36 2
35 2
34 2
33 2
33 1
34 1
34 2
34 3
34 2
33 2
32 2
32 3
31 3
31 2
31 1
31 2
31 1
31 0
31 1
31 2
31 3
30 3
30 4
29 4
29 3
30 3
30 2
30 3
29 3
29 2
30 2
30 3
30 2
30 3
30 2
30 3
30 4
29 4
29 5
29 4
30 4
30 5
30 6
29 6
29 5
29 6
28 6
29 6
29 5
29 4
29 3
28 3
29 3
29 2
29 3
28 3
27 3
26 3
26 2
26 3
27 3
28 3
29 3
30 3
30 4
30 3
29 3
28 3
27 3
27 4
27 5
27 6
27 7
27 8
27 9
28 9
28 10
27 10
28 10
27 10
27 11
27 10
27 9
27 10
28 10
29 10
28 10
28 11
27 11
27 10
28 10
28 9
29 9
28 9
28 8
27 8
27 9
28 9
28 8
28 7
27 7
27 8
27 9
28 9
28 8
29 8
28 8
28 9
28 10
28 9
27 9
27 10
26 10
26 11
25 11
24 11
25 11
24 11
25 11
25 10
24 10
23 10
