0 0
1 0
2 0
1 0
2 0
3 0
2 0
1 0
1 1
1 2
0 2
1 2
2 2
2 3
2 2
1 2
1 3
1 2
1 3
0 3
0 2
0 3
1 3
2 3
1 3
1 2
1 3
2 3
2 2
2 1
2 2
3 2
3 1
3 0
3 1
4 1
5 1
5 2
5 1
6 1
6 0
7 0
6 0
6 1
6 0
5 0
5 1
4 1
4 0
4 1
3 1
3 0
4 0
3 0
3 1
2 1
1 1
2 1
2 2
2 1
3 1
2 1
3 1
3 2
2 2
2 1
1 1
1 2
1 1
1 2
1 1
1 0
1 1
0 1
0 2
0 1
0 2
0 1
1 1
2 1
1 1
2 1
2 0
2 1
1 1
0 1
0 0
1 0
1 1
0 1
1 1
1 0
2 0
2 1
3 1
3 0
3 1
2 1
2 2
2 3
3 3
2 3
1 3
1 4
1 3
0 3
1 3
0 3
0 4
0 5
0 6
1 6
0 6
1 6
1 5
1 4
0 4
0 3
1 3
1 4
0 4
1 4
0 4
0 5
0 6
0 5
1 5
0 5
1 5
0 5
0 6
1 6
1 5
2 5
2 6
2 5
2 6
1 6
2 6
3 6
4 6
5 6
5 5
4 5
5 5
6 5
5 5
6 5
7 5
7 6
7 5
6 5
7 5
7 6
8 6
8 5
7 5
7 4
7 3
6 3
5 3
5 2
5 1
6 1
6 2
7 2
7 1
7 0
6 0
6 1
5 1
5 2
5 3
5 4
6 4
7 4
6 4
6 3
6 4
7 4
7 3
7 2
8 2
7 2
7 1
6 1
7 1
7 2
7 3
7 4
7 5
7 6
7 7
7 8
7 9
6 9
6 8
6 7
6 6
6 5
6 6
5 6
5 7
5 6
4 6
5 6
6 6
6 7
6 6
6 7
7 7
7 8
6 8
6 7
5 7
5 8
6 8
6 9
6 8
5 8
5 9
6 9
5 9
6 9
6 8
7 8
6 8
6 7
6 6
5 6
4 6
3 6
2 6
1 6
1 7
0 7
0 6
1 6
0 6
0 7
1 7
1 8
1 9
2 9
2 10
3 10
3 11
2 11
3 11
3 12
4 12
5 12
5 13
5 12
5 11
4 11
4 12
5 12
6 12
5 12
6 12
5 12
6 12
5 12
5 11
6 11
5 11
4 11
4 12
4 11
4 10
3 10
3 11
3 10
3 9
3 8
2 8
3 8
3 9
2 9
1 9
2 9
2 10
3 10
2 10
3 10
2 10
2 11
2 12
1 12
2 12
2 13
3 13
3 12
3 11
3 10
3 11
3 10
2 10
2 11
2 10
2 11
3 11
3 10
3 9
4 9
4 10
5 10
6 10
6 11
6 12
5 12
5 13
4 13
4 12
4 11
5 11
5 12
4 12
4 13
5 13
4 13
5 13
6 13
7 13
8 13
8 14
8 13
8 14
8 15
7 15
7 16
8 16
9 16
9 17
8 17
7 17
7 16
7 17
7 16
7 17
8 17
8 18
8 19
9 19
9 18
10 18
10 17
10 18
11 18
11 19
11 18
11 19
12 19
11 19
11 18
12 18
13 18
13 19
13 20
12 20
12 21
12 20
12 21
13 21
12 21
12 22
12 21
12 22
11 22
11 23
11 24
11 25
11 24
11 25
10 25
11 25
10 25
9 25
9 24
9 23
10 23
9 23
10 23
10 24
11 24
12 24
12 25
13 25
13 24
14 24
13 24
13 25
13 24
13 23
12 23
11 23
10 23
10 24
10 25
11 25
11 24
12 24
13 24
14 24
14 25
13 25
13 26
13 27
13 26
13 25
12 25
11 25
10 25
9 25
9 26
8 26
8 27
9 27
8 27
8 26
8 25
9 25
8 25
7 25
7 24
7 23
7 24
7 23
6 23
7 23
6 23
6 24
6 25
6 24
5 24
5 23
4 23
5 23
4 23
4 24
4 25
5 25
5 26
5 25
4 25
5 25
6 25
6 26
6 25
5 25
4 25
4 26
4 27
5 27
5 26
5 27
4 27
5 27
5 26
6 26
5 26
6 26
6 25
5 25
6 25
6 26
6 25
6 26
6 25
7 25
7 26
6 26
5 26
5 27
6 27
6 26
6 25
7 25
7 26
6 26
7 26
7 27
8 27
8 28
9 28
9 27
9 26
8 26
7 26
7 27
6 27
5 27
5 26
5 25
5 24
5 25
4 25
3 25
4 25
4 24
4 23
4 24
4 25
4 26
5 26
6 26
6 27
7 27
7 28
8 28
9 28
8 28
8 27
8 26
8 25
9 25
9 24
9 25
9 24
8 24
7 24
6 24
7 24
6 24
7 24
7 23
8 23
8 24
8 23
9 23
10 23
10 22
10 23
9 23
9 22
9 21
9 22
9 21
10 21
10 20
10 19
11 19
11 18
12 18
11 18
11 19
11 20
11 19
12 19
11 19
12 19
12 18
12 17
13 17
14 17
14 18
14 17
14 18
13 18
13 19
12 19
12 20
12 21
13 21
13 22
13 21
13 22
12 22
11 22
12 22
11 22
12 22
12 21
13 21
13 20
13 19
13 20
13 21
13 22
14 22
13 22
13 21
13 22
12 22
13 22
14 22
13 22
14 22
15 22
15 23
15 24
15 23
15 24
15 25
16 25
17 25
18 25
18 24
19 24
19 25
19 24
20 24
20 25
21 25
21 26
20 26
20 27
20 26
21 26
21 27
22 27
22 26
21 26
21 25
21 26
21 27
20 27
20 28
21 28
20 28
19 28
19 29
19 30
20 30
20 29
20 28
20 27
20 26
19 26
19 25
19 26
20 26
21 26
22 26
22 25
21 25
21 24
20 24
19 24
20 24
20 25
21 25
21 24
21 25
22 25
22 24
22 25
22 26
23 26
23 27
23 28
23 27
24 27
24 26
23 26
22 26
21 26
22 26
22 25
21 25
21 24
20 24
20 23
20 22
21 22
21 23
22 23
23 23
24 23
24 24
24 25
24 26
24 27
25 27
26 27
27 27
27 26
28 26
28 25
28 24
27 24
27 25
26 25
25 25
25 26
24 26
23 26
24 26
24 27
24 28
24 29
24 28
25 28
25 29
26 29
26 28
27 28
28 28
27 28
28 28
27 28
28 28
28 29
28 28
28 29
27 29
27 28
26 28
25 28
24 28
23 28
24 28
24 29
24 30
24 29
24 28
24 27
24 26
25 26
26 26
27 26
27 25
28 25
28 24
28 23
28 24
29 24
30 24
31 24
31 23
31 24
30 24
29 24
29 25
28 25
28 26
29 26
28 26
28 27
28 26
28 25
27 25
27 26
27 27
28 27
27 27
27 26
27 25
27 24
27 25
28 25
28 24
28 25
28 24
29 24
29 23
29 24
30 24
30 25
31 25
31 26
32 26
32 25
33 25
32 25
31 25
31 24
31 23
30 23
30 24
31 24
32 24
32 25
32 26
33 26
32 26
31 26
31 27
32 27
33 27
32 27
32 26
33 26
34 26
35 26
36 26
35 26
35 25
34 25
33 25
32 25
33 25
33 24
33 25
32 25
32 26
33 26
32 26
32 25
33 25
33 26
33 25
33 24
32 24
31 24
32 24
32 23
31 23
31 24
31 25
31 24
31 23
32 23
32 24
32 23
31 23
31 24
32 24
31 24
32 24
32 25
32 24
32 25
31 25
31 24
31 25
32 25
32 26
33 26
33 27
34 27
34 26
34 27
35 27
35 26
35 27
36 27
37 27
37 26
37 27
36 27
35 27
35 26
36 26
35 26
35 25
35 26
35 25
36 25
36 24
35 24
36 24
36 23
37 23
38 23
38 24
38 23
38 22
37 22
37 21
37 20
37 21
37 22
37 23
37 24
37 23
38 23
38 22
37 22
37 23
37 22
37 23
38 23
39 23
40 23
39 23
39 24
40 24
41 24
41 23
42 23
43 23
44 23
43 23
42 23
42 24
43 24
42 24
42 25
42 24
41 24
41 23
41 22
41 23
41 22
42 22
42 23
42 24
42 23
41 23
42 23
42 24
42 25
41 25
40 25
40 26
40 27
39 27
39 28
38 28
38 27
38 26
38 25
37 25
36 25
35 25
35 24
35 23
35 22
35 23
36 23
36 22
37 22
38 22
38 21
37 21
37 20
36 20
36 21
37 21
38 21
39 21
39 20
38 20
39 20
38 20
37 20
37 19
37 18
37 17
37 18
37 19
37 20
36 20
36 21
37 21
38 21
38 20
38 21
37 21
37 22
37 23
38 23
38 24
37 24
37 25
36 25
36 26
37 26
36 26
35 26
35 25
35 24
35 23
36 23
37 23
38 23
39 23
40 23
40 24
39 24
38 24
38 23
39 23
39 24
39 25
39 26
39 25
38 25
38 24
38 23
37 23
38 23
37 23
36 23
35 23
34 23
33 23
34 23
33 23
33 22
34 22
33 22
34 22
35 22
36 22
36 23
36 24
36 23
