0 0
0 1
0 0
0 1
0 2
1 2
1 1
1 2
2 2
1 2
1 3
2 3
2 4
1 4
0 4
1 4
1 5
1 4
2 4
2 3
2 2
2 1
3 1
4 1
3 1
4 1
5 1
4 1
5 1
6 1
5 1
5 0
6 0
6 1
7 1
7 0
7 1
7 0
8 0
7 0
7 1
7 2
6 2
5 2
4 2
4 3
3 3
4 3
3 3
3 4
3 3
3 2
2 2
2 1
1 1
0 1
0 2
1 2
1 3
1 2
1 1
2 1
3 1
3 0
4 0
4 1
4 0
4 1
4 0
4 1
4 0
4 1
3 1
4 1
4 0
4 1
3 1
3 2
3 3
3 2
3 1
3 2
3 3
3 2
3 1
3 0
3 1
2 1
1 1
2 1
2 2
2 1
2 0
2 1
3 1
3 0
3 1
4 1
3 1
3 2
3 3
3 4
2 4
2 5
3 5
3 4
4 4
5 4
4 4
4 3
5 3
6 3
5 3
4 3
3 3
4 3
4 2
5 2
5 1
5 2
5 3
6 3
6 4
7 4
7 3
7 2
6 2
7 2
8 2
9 2
10 2
10 1
10 0
10 1
11 1
11 0
10 0
10 1
10 0
10 1
10 2
10 3
9 3
10 3
10 2
10 3
10 4
11 4
10 4
11 4
12 4
12 3
13 3
13 2
13 3
12 3
12 2
12 3
12 2
11 2
10 2
11 2
12 2
12 3
13 3
13 4
12 4
13 4
12 4
12 3
12 2
12 3
13 3
12 3
12 2
12 1
11 1
10 1
10 2
9 2
9 1
8 1
8 2
8 1
8 2
8 1
8 0
9 0
9 1
10 1
10 0
10 1
10 0
10 1
10 2
10 3
11 3
11 4
12 4
12 3
12 4
12 5
12 6
12 5
12 4
12 5
13 5
13 4
14 4
13 4
14 4
13 4
13 3
13 2
13 3
14 3
14 2
14 1
13 1
12 1
12 2
12 1
12 2
12 1
12 2
12 1
12 2
12 1
12 0
11 0
12 0
12 1
11 1
11 2
11 1
12 1
11 1
11 0
10 0
9 0
8 0
8 1
7 1
7 2
7 1
7 2
7 1
8 1
9 1
9 0
9 1
8 1
8 0
8 1
8 0
7 0
6 0
6 1
5 1
4 1
5 1
4 1
3 1
2 1
2 0
1 0
1 1
1 2
0 2
1 2
2 2
1 2
2 2
1 2
0 2
1 2
1 1
0 1
1 1
1 2
1 3
1 4
1 5
1 6
1 5
0 5
0 6
0 7
0 6
1 6
1 5
1 6
1 7
1 8
1 9
1 10
2 10
1 10
2 10
3 10
2 10
1 10
1 11
2 11
2 12
2 11
2 12
3 12
3 13
3 14
2 14
1 14
2 14
2 13
3 13
3 14
3 15
2 15
2 16
2 17
2 18
2 19
2 20
2 19
2 18
3 18
3 19
3 20
3 21
3 20
3 19
2 19
3 19
3 18
4 18
5 18
6 18
6 17
5 17
5 18
5 17
5 18
4 18
5 18
5 17
5 18
5 19
5 20
5 19
5 20
5 19
5 20
5 19
5 20
4 20
3 20
3 21
2 21
2 20
3 20
3 19
3 18
3 17
4 17
4 16
5 16
6 16
7 16
6 16
5 16
4 16
5 16
5 17
4 17
4 18
4 19
3 19
4 19
3 19
3 18
2 18
2 17
1 17
2 17
1 17
2 17
2 18
3 18
4 18
3 18
3 19
4 19
4 18
4 19
4 20
4 19
3 19
2 19
3 19
3 18
3 17
3 16
2 16
1 16
1 17
1 18
2 18
2 19
1 19
1 20
2 20
1 20
2 20
2 21
2 20
2 19
2 18
1 18
1 17
2 17
2 16
1 16
1 17
2 17
1 17
1 18
1 19
0 19
1 19
0 19
1 19
0 19
0 18
1 18
2 18
1 18
2 18
1 18
1 19
2 19
2 18
3 18
3 19
2 19
3 19
3 18
3 17
3 16
2 16
1 16
0 16
0 17
1 17
0 17
0 18
0 17
0 16
0 15
0 16
1 16
0 16
0 15
1 15
1 16
2 16
2 15
3 15
3 14
2 14
2 15
2 16
2 17
2 18
3 18
3 19
3 18
2 18
2 19
2 20
3 20
3 21
3 22
3 21
2 21
1 21
1 20
1 21
0 21
1 21
1 22
1 21
2 21
3 21
2 21
2 22
2 23
2 24
1 24
2 24
3 24
3 25
3 24
4 24
4 25
4 26
4 25
4 26
4 27
4 28
5 28
5 27
5 26
5 25
5 26
4 26
4 25
3 25
3 24
3 23
3 24
4 24
4 25
5 25
6 25
5 25
5 26
6 26
7 26
7 27
7 28
8 28
9 28
8 28
7 28
7 27
7 28
6 28
5 28
5 27
6 27
5 27
5 28
5 27
5 28
4 28
3 28
4 28
4 29
5 29
6 29
7 29
7 30
7 29
7 28
6 28
6 27
6 28
6 27
7 27
6 27
7 27
6 27
7 27
8 27
7 27
7 26
6 26
5 26
4 26
4 25
3 25
2 25
1 25
1 26
1 27
2 27
2 28
3 28
3 29
3 30
3 31
4 31
4 30
5 30
6 30
6 29
6 28
6 29
5 29
6 29
6 30
7 30
7 31
8 31
7 31
7 30
7 29
8 29
8 30
9 30
8 30
8 31
7 31
7 32
6 32
5 32
5 31
5 30
4 30
4 29
3 29
4 29
5 29
6 29
6 30
7 30
8 30
9 30
9 31
9 32
8 32
8 33
8 32
7 32
7 33
7 34
6 34
6 33
6 32
7 32
8 32
8 31
8 32
8 31
7 31
8 31
9 31
8 31
7 31
8 31
8 32
9 32
10 32
9 32
8 32
7 32
7 33
6 33
6 32
6 31
5 31
5 32
6 32
6 33
7 33
7 32
7 31
7 32
6 32
7 32
7 31
7 32
7 31
8 31
7 31
6 31
6 30
6 29
6 28
7 28
7 27
8 27
7 27
7 26
6 26
6 27
6 28
7 28
7 29
7 30
8 30
8 31
7 31
7 32
8 32
7 32
7 33
8 33
8 34
9 34
8 34
8 35
9 35
8 35
7 35
6 35
6 36
6 35
7 35
8 35
9 35
9 36
8 36
9 36
9 35
9 36
10 36
9 36
9 37
9 38
9 39
9 38
9 37
9 36
8 36
8 35
9 35
9 34
9 33
9 34
9 33
9 34
8 34
9 34
10 34
10 33
10 32
11 32
12 32
11 32
11 33
11 34
11 35
11 34
10 34
11 34
12 34
13 34
12 34
11 34
11 33
11 32
11 31
12 31
13 31
13 32
14 32
15 32
15 31
15 30
16 30
16 31
16 30
15 30
16 30
16 31
16 30
17 30
16 30
17 30
17 29
16 29
16 30
15 30
15 31
15 30
16 30
16 29
15 29
16 29
16 30
16 29
16 28
17 28
17 29
18 29
18 28
18 27
17 27
17 28
17 27
17 28
17 27
17 26
17 25
17 26
17 25
18 25
17 25
16 25
17 25
16 25
17 25
16 25
16 26
16 25
15 25
16 25
17 25
16 25
16 24
16 23
15 23
14 23
13 23
12 23
12 22
12 23
11 23
11 22
11 21
11 22
12 22
12 21
13 21
13 22
14 22
14 21
14 22
13 22
14 22
14 21
15 21
15 20
15 21
14 21
14 20
13 20
13 19
14 19
13 19
12 19
13 19
12 19
13 19
12 19
12 18
13 18
13 17
12 17
13 17
14 17
15 17
15 18
15 17
14 17
15 17
14 17
13 17
14 17
13 17
14 17
14 18
14 17
14 18
14 19
14 20
14 19
14 20
13 20
14 20
14 21
13 21
12 21
12 20
12 19
12 20
12 21
12 22
11 22
10 22
11 22
10 22
11 22
11 23
10 23
11 23
11 24
12 24
12 23
11 23
11 24
10 24
10 23
9 23
9 22
9 23
10 23
9 23
8 23
8 22
9 22
9 21
9 20
10 20
10 19
11 19
12 19
13 19
13 18
14 18
14 17
15 17
15 16
15 17
16 17
17 17
18 17
18 16
19 16
19 17
19 16
19 15
18 15
19 15
19 16
19 15
18 15
19 15
18 15
18 14
18 15
18 16
17 16
17 17
16 17
17 17
17 18
17 19
18 19
17 19
18 19
19 19
19 20
20 20
19 20
19 19
19 20
20 20
21 20
20 20
21 20
22 20
22 19
22 20
22 19
22 20
21 20
22 20
21 20
21 19
21 20
21 21
21 20
21 19
20 19
20 20
21 20
20 20
21 20
20 20
20 19
20 20
20 19
20 18
19 18
19 19
18 19
18 18
17 18
18 18
18 17
18 18
17 18
18 18
19 18
20 18
20 19
19 19
18 19
17 19
17 18
18 18
18 17
18 18
17 18
16 18
16 19
15 19
16 19
15 19
16 19
16 20
15 20
15 19
15 18
15 19
14 19
13 19
12 19
