0 0
1 0
1 1
1 2
2 2
1 2
2 2
3 2
3 1
3 0
2 0
1 0
2 0
2 1
3 1
3 2
2 2
1 2
2 2
1 2
1 1
1 0
0 0
0 1
1 1
0 1
1 1
1 0
0 0
0 1
0 2
1 2
2 2
2 1
3 1
4 1
4 0
4 1
4 2
3 2
2 2
2 1
2 0
1 0
0 0
1 0
1 1
0 1
1 1
0 1
1 1
0 1
0 2
0 1
1 1
1 2
2 2
2 3
2 4
1 4
0 4
0 5
1 5
1 6
1 5
2 5
1 5
1 4
0 4
1 4
2 4
3 4
4 4
3 4
4 4
5 4
5 3
5 2
4 2
5 2
4 2
3 2
3 1
3 2
3 3
4 3
4 2
5 2
6 2
7 2
6 2
5 2
5 3
5 4
6 4
7 4
7 5
7 4
6 4
6 5
6 6
6 7
6 8
6 9
7 9
7 10
8 10
7 10
7 9
8 9
8 10
9 10
9 9
9 10
8 10
8 11
8 10
7 10
7 9
7 8
8 8
8 9
8 10
7 10
6 10
6 9
6 8
6 9
6 10
6 11
5 11
6 11
7 11
7 12
7 13
7 14
6 14
7 14
6 14
7 14
7 13
8 13
9 13
8 13
8 12
8 13
7 13
6 13
6 12
5 12
4 12
3 12
3 13
2 13
1 13
1 14
0 14
0 15
1 15
1 14
1 15
2 15
2 16
3 16
3 17
2 17
3 17
2 17
1 17
1 16
1 17
2 17
2 18
2 19
3 19
3 20
3 21
3 20
3 19
3 20
3 19
4 19
3 19
2 19
2 20
3 20
4 20
4 21
5 21
6 21
5 21
5 22
4 22
3 22
2 22
3 22
2 22
2 21
1 21
0 21
0 20
1 20
2 20
2 21
2 22
2 21
3 21
3 20
2 20
1 20
2 20
1 20
1 19
2 19
1 19
0 19
1 19
2 19
1 19
1 18
0 18
1 18
0 18
0 19
1 19
1 18
1 17
1 18
0 18
0 17
0 18
1 18
1 19
0 19
0 20
0 19
1 19
2 19
1 19
0 19
0 20
0 19
1 19
0 19
0 20
1 20
1 19
0 19
0 18
0 19
1 19
2 19
2 20
2 19
2 20
3 20
2 20
1 20
1 21
1 20
1 21
0 21
1 21
1 20
2 20
3 20
2 20
2 21
3 21
4 21
4 20
4 21
4 22
4 21
3 21
2 21
1 21
0 21
0 22
0 21
1 21
2 21
3 21
2 21
2 20
3 20
3 19
4 19
4 20
4 19
4 20
5 20
4 20
3 20
3 21
3 22
2 22
3 22
3 23
2 23
2 24
1 24
2 24
2 25
2 24
3 24
4 24
3 24
3 23
3 22
3 21
2 21
2 20
3 20
3 21
2 21
1 21
2 21
2 22
2 23
1 23
2 23
1 23
2 23
3 23
2 23
2 24
3 24
3 25
3 26
3 25
2 25
2 26
2 25
1 25
1 26
1 27
1 28
1 29
1 30
1 31
2 31
3 31
2 31
2 30
3 30
4 30
3 30
3 29
3 28
2 28
1 28
1 29
1 30
1 31
1 32
0 32
1 32
0 32
1 32
0 32
0 33
1 33
0 33
1 33
1 34
1 33
1 34
0 34
0 35
1 35
2 35
1 35
0 35
0 34
0 35
1 35
1 34
1 35
0 35
1 35
1 36
0 36
1 36
2 36
1 36
0 36
0 37
1 37
1 38
0 38
1 38
2 38
1 38
0 38
0 39
1 39
0 39
1 39
1 38
1 37
2 37
1 37
1 38
1 37
1 38
0 38
0 37
0 36
0 37
1 37
1 36
1 37
1 36
1 35
1 34
2 34
2 35
3 35
3 36
3 35
3 34
2 34
2 35
3 35
3 36
2 36
1 36
1 37
1 36
0 36
1 36
0 36
0 35
1 35
2 35
3 35
2 35
1 35
1 36
2 36
3 36
4 36
3 36
4 36
4 37
4 38
3 38
3 39
3 38
4 38
3 38
3 37
3 36
4 36
4 35
4 34
3 34
2 34
1 34
0 34
0 33
0 34
0 33
1 33
0 33
0 32
0 33
0 32
0 31
1 31
0 31
0 32
1 32
1 33
1 34
1 33
1 32
1 33
1 34
1 33
0 33
1 33
0 33
0 32
0 33
1 33
2 33
2 32
2 31
3 31
2 31
2 30
2 31
2 30
2 31
3 31
3 32
2 32
3 32
2 32
2 33
2 34
2 33
2 34
2 35
3 35
3 34
2 34
2 35
3 35
4 35
4 34
3 34
2 34
3 34
3 33
3 32
4 32
3 32
3 31
4 31
5 31
4 31
5 31
6 31
6 32
5 32
6 32
5 32
5 31
5 32
5 31
5 32
6 32
6 33
6 32
6 31
6 32
6 31
5 31
5 30
4 30
5 30
4 30
5 30
5 31
5 32
6 32
5 32
6 32
6 33
7 33
6 33
6 34
6 33
6 34
7 34
7 35
7 36
7 35
7 36
8 36
7 36
7 35
7 34
7 33
7 32
7 33
7 32
6 32
6 33
6 32
5 32
5 33
4 33
3 33
4 33
4 32
3 32
4 32
3 32
3 33
2 33
2 32
1 32
0 32
1 32
1 31
1 32
1 33
1 32
0 32
0 31
1 31
1 30
1 31
0 31
1 31
1 32
2 32
1 32
0 32
1 32
1 33
2 33
2 34
1 34
0 34
0 33
0 32
0 31
1 31
1 30
1 29
1 30
1 31
1 32
2 32
2 31
3 31
2 31
2 32
2 33
2 34
3 34
4 34
3 34
2 34
3 34
2 34
1 34
1 35
2 35
1 35
0 35
0 34
1 34
0 34
0 33
1 33
1 34
1 35
0 35
1 35
0 35
1 35
1 34
1 35
1 36
1 37
1 36
1 37
1 38
0 38
0 37
0 36
0 35
0 34
0 33
1 33
1 34
1 35
0 35
1 35
2 35
2 34
2 35
2 34
2 33
2 32
1 32
0 32
0 33
1 33
2 33
1 33
1 32
2 32
2 33
1 33
1 32
1 31
1 30
1 29
1 30
1 31
1 32
2 32
3 32
4 32
4 33
4 32
3 32
4 32
4 33
4 34
4 35
4 34
3 34
3 35
2 35
3 35
2 35
2 34
2 35
2 34
1 34
0 34
1 34
1 33
0 33
1 33
1 34
0 34
1 34
0 34
0 35
1 35
0 35
1 35
2 35
2 36
2 37
2 36
3 36
2 36
1 36
0 36
0 37
1 37
2 37
2 38
1 38
2 38
3 38
2 38
1 38
2 38
2 39
3 39
3 38
2 38
1 38
1 39
0 39
0 40
1 40
2 40
3 40
4 40
3 40
3 39
4 39
5 39
5 38
5 39
5 40
4 40
4 39
4 40
3 40
3 39
4 39
5 39
4 39
4 40
3 40
4 40
4 41
3 41
3 40
3 41
4 41
5 41
4 41
4 40
4 39
4 38
3 38
3 37
4 37
3 37
3 38
3 39
2 39
2 40
3 40
2 40
1 40
2 40
2 41
1 41
2 41
1 41
0 41
0 42
1 42
1 41
1 40
1 41
0 41
1 41
1 40
2 40
2 41
2 42
3 42
3 43
4 43
4 44
5 44
6 44
5 44
6 44
5 44
4 44
4 43
5 43
5 42
5 41
6 41
7 41
7 40
8 40
7 40
7 39
6 39
5 39
5 38
5 39
6 39
7 39
8 39
7 39
6 39
7 39
8 39
8 38
7 38
6 38
6 39
6 40
5 40
5 41
5 42
6 42
6 41
5 41
5 42
5 43
5 42
5 41
5 40
6 40
6 39
5 39
5 40
4 40
4 41
5 41
4 41
4 42
5 42
6 42
7 42
7 43
7 44
7 45
8 45
8 46
8 45
8 44
8 43
9 43
8 43
9 43
10 43
9 43
9 42
9 41
9 42
10 42
10 41
11 41
11 42
12 42
11 42
10 42
10 43
10 44
10 45
11 45
11 46
11 45
10 45
10 44
10 43
10 44
10 45
9 45
9 46
10 46
10 47
10 46
10 47
9 47
8 47
8 48
7 48
6 48
5 48
6 48
6 49
7 49
7 48
7 49
7 48
8 48
7 48
7 47
8 47
9 47
9 48
10 48
11 48
10 48
10 47
9 47
8 47
9 47
9 46
9 45
9 44
9 45
10 45
10 46
9 46
9 45
8 45
8 44
9 44
10 44
11 44
12 44
12 43
12 44
13 44
12 44
13 44
13 43
13 44
13 45
12 45
13 45
14 45
13 45
12 45
12 46
12 47
11 47
10 47
10 46
10 45
9 45
10 45
10 46
9 46
10 46
10 45
10 46
9 46
9 45
9 46
9 45
10 45
9 45
9 44
8 44
7 44
7 45
7 44
7 45
6 45
6 46
6 47
6 48
6 49
5 49
6 49
7 49
8 49
9 49
9 48
9 49
9 50
10 50
11 50
10 50
10 51
