0 0
0 1
0 2
1 2
1 1
1 0
1 1
2 1
2 2
2 1
1 1
1 2
1 3
2 3
2 4
1 4
2 4
1 4
0 4
1 4
2 4
2 5
3 5
3 6
3 7
4 7
3 7
4 7
5 7
4 7
4 8
5 8
5 7
5 8
5 7
5 8
5 7
5 6
4 6
5 6
5 7
4 7
3 7
3 8
3 9
3 10
4 10
3 10
2 10
2 11
3 11
2 11
2 12
3 12
3 13
3 12
2 12
2 13
3 13
3 14
3 13
2 13
3 13
3 12
4 12
4 11
4 12
4 13
4 14
4 13
3 13
3 14
4 14
4 13
4 14
4 13
4 14
4 15
4 14
3 14
4 14
5 14
4 14
3 14
3 13
4 13
4 12
4 13
5 13
4 13
4 14
3 14
4 14
5 14
5 15
5 16
5 17
4 17
4 18
3 18
3 17
3 16
3 15
2 15
2 14
2 15
3 15
3 16
2 16
3 16
3 17
3 18
4 18
3 18
2 18
2 19
2 18
3 18
2 18
2 19
2 20
2 19
3 19
3 18
3 17
4 17
4 18
4 19
5 19
5 20
5 19
5 20
5 21
5 20
6 20
6 19
6 20
6 21
6 22
6 21
6 20
6 21
6 20
6 21
6 20
7 20
6 20
7 20
7 19
7 20
6 20
6 19
7 19
6 19
6 18
7 18
6 18
6 17
6 16
7 16
6 16
5 16
4 16
4 17
4 18
4 17
3 17
3 18
3 19
3 20
3 21
2 21
3 21
3 22
4 22
5 22
5 23
4 23
3 23
4 23
4 22
3 22
3 23
3 24
2 24
3 24
4 24
5 24
5 23
6 23
6 24
5 24
5 25
5 26
6 26
5 26
5 27
4 27
3 27
3 28
3 29
2 29
1 29
2 29
2 28
2 27
1 27
1 26
1 25
2 25
2 24
2 25
2 26
3 26
2 26
3 26
2 26
1 26
2 26
3 26
2 26
3 26
4 26
4 27
5 27
6 27
6 26
7 26
8 26
8 27
7 27
8 27
9 27
8 27
9 27
9 26
10 26
9 26
9 27
8 27
8 26
7 26
7 25
7 24
6 24
6 23
7 23
8 23
8 22
8 21
9 21
9 20
9 21
9 20
10 20
10 19
10 18
9 18
9 17
10 17
10 18
9 18
10 18
10 17
10 16
11 16
11 15
11 14
12 14
13 14
13 15
13 16
12 16
13 16
14 16
15 16
14 16
13 16
13 17
13 16
13 17
13 18
13 19
13 20
13 19
12 19
12 18
13 18
13 19
13 20
14 20
13 20
14 20
14 19
15 19
16 19
17 19
17 20
18 20
17 20
17 19
16 19
17 19
18 19
19 19
19 18
19 17
20 17
20 18
19 18
19 19
18 19
18 18
19 18
19 17
18 17
18 18
18 19
19 19
19 20
19 19
20 19
20 18
20 17
19 17
19 16
20 16
20 15
20 16
20 17
19 17
19 16
19 17
19 16
18 16
18 17
17 17
17 18
18 18
17 18
18 18
18 17
19 17
19 18
18 18
18 19
18 20
17 20
18 20
18 19
17 19
17 18
16 18
15 18
14 18
14 19
15 19
15 18
15 17
15 18
16 18
16 17
16 18
17 18
17 17
16 17
16 16
17 16
17 15
16 15
16 14
16 13
15 13
15 14
15 15
15 14
16 14
16 13
17 13
17 12
17 13
18 13
17 13
17 14
17 15
18 15
17 15
17 14
18 14
19 14
18 14
18 13
18 14
17 14
17 13
16 13
15 13
16 13
15 13
15 14
15 15
14 15
14 16
13 16
12 16
11 16
11 17
11 16
12 16
11 16
10 16
9 16
9 15
9 14
9 13
10 13
11 13
12 13
12 14
11 14
11 13
11 14
12 14
13 14
14 14
14 15
15 15
14 15
14 14
14 13
14 14
15 14
16 14
15 14
15 15
15 14
15 15
16 15
16 16
16 17
17 17
18 17
18 18
19 18
18 18
17 18
18 18
19 18
19 19
20 19
20 20
20 19
21 19
22 19
22 20
21 20
20 20
20 19
20 18
21 18
21 17
21 16
22 16
22 15
22 14
23 14
22 14
22 15
22 16
22 17
22 16
22 15
21 15
21 14
21 15
22 15
22 16
21 16
21 17
20 17
21 17
22 17
23 17
24 17
25 17
24 17
23 17
23 16
22 16
23 16
23 15
22 15
22 14
22 15
22 14
22 15
22 14
23 14
23 13
24 13
25 13
24 13
24 12
24 11
24 10
25 10
24 10
23 10
24 10
24 11
25 11
25 10
25 11
24 11
25 11
24 11
24 10
24 9
24 10
24 9
23 9
24 9
24 8
25 8
24 8
24 7
25 7
25 6
25 7
26 7
27 7
26 7
26 6
26 5
26 4
26 3
26 2
26 3
25 3
24 3
24 4
23 4
22 4
22 5
23 5
22 5
22 4
23 4
22 4
22 3
23 3
23 4
22 4
22 3
23 3
23 2
23 1
23 0
23 1
22 1
21 1
21 2
20 2
20 3
19 3
20 3
20 4
19 4
19 3
19 2
18 2
18 1
18 0
18 1
18 2
18 1
19 1
19 0
20 0
21 0
20 0
20 1
21 1
21 0
22 0
23 0
23 1
23 2
22 2
22 1
21 1
20 1
19 1
19 2
19 1
19 2
19 1
20 1
21 1
21 2
22 2
22 1
21 1
21 2
20 2
21 2
21 3
22 3
22 4
22 5
21 5
21 6
22 6
22 5
22 4
21 4
22 4
22 5
22 4
21 4
21 3
21 2
22 2
21 2
21 1
21 0
20 0
19 0
18 0
18 1
17 1
17 2
16 2
16 3
16 4
16 3
16 2
17 2
17 1
16 1
15 1
15 0
14 0
13 0
13 1
13 0
13 1
13 0
13 1
12 1
12 0
12 1
12 2
12 3
12 4
12 3
12 4
12 5
13 5
14 5
15 5
15 4
14 4
15 4
16 4
17 4
17 3
18 3
19 3
20 3
20 2
20 3
20 2
19 2
18 2
19 2
18 2
18 3
19 3
19 4
19 3
19 4
19 3
19 2
20 2
21 2
21 1
21 0
21 1
21 2
20 2
20 3
21 3
22 3
22 4
23 4
23 3
23 4
23 5
24 5
24 6
23 6
24 6
24 5
25 5
25 6
25 5
24 5
24 4
25 4
25 5
24 5
25 5
24 5
24 6
23 6
23 7
24 7
23 7
23 8
22 8
23 8
23 9
24 9
24 8
23 8
22 8
23 8
23 7
23 8
24 8
24 7
25 7
25 8
25 9
25 8
26 8
27 8
26 8
26 7
26 6
27 6
27 5
27 4
27 3
27 4
27 3
28 3
28 2
28 3
28 2
27 2
27 1
27 2
27 3
27 2
28 2
27 2
26 2
26 1
26 2
26 1
26 0
26 1
25 1
25 2
25 3
25 4
26 4
27 4
27 5
26 5
25 5
25 4
25 3
24 3
24 2
23 2
22 2
22 3
23 3
23 4
22 4
22 5
22 6
22 7
21 7
20 7
20 8
19 8
20 8
20 7
20 6
20 7
19 7
19 6
18 6
19 6
20 6
20 7
21 7
21 6
20 6
20 5
20 6
21 6
20 6
21 6
20 6
19 6
18 6
17 6
17 7
18 7
17 7
16 7
16 6
16 5
17 5
18 5
18 6
18 5
17 5
18 5
18 6
19 6
19 7
20 7
20 8
19 8
18 8
17 8
17 9
17 8
17 9
17 10
17 11
17 10
17 9
18 9
19 9
18 9
18 10
18 11
19 11
19 12
19 13
19 12
19 13
20 13
20 14
20 13
20 12
19 12
18 12
19 12
18 12
18 11
19 11
19 10
19 11
18 11
17 11
17 10
17 9
17 8
17 7
18 7
18 6
17 6
16 6
16 5
15 5
15 4
14 4
14 3
14 4
13 4
13 3
13 4
13 5
13 6
13 7
14 7
14 8
13 8
13 7
13 6
12 6
11 6
12 6
11 6
10 6
10 5
10 4
10 3
11 3
11 2
12 2
12 1
11 1
11 0
12 0
13 0
12 0
12 1
12 0
11 0
11 1
11 2
11 3
11 4
12 4
11 4
10 4
11 4
11 3
12 3
11 3
11 4
11 3
12 3
13 3
13 4
12 4
11 4
10 4
10 3
9 3
9 2
10 2
11 2
12 2
12 3
11 3
10 3
10 4
11 4
11 3
10 3
10 2
11 2
11 1
12 1
12 0
12 1
12 0
13 0
13 1
13 0
14 0
13 0
12 0
12 1
12 2
11 2
12 2
13 2
13 3
12 3
11 3
10 3
10 2
10 1
9 1
9 2
10 2
10 1
11 1
12 1
12 0
12 1
11 1
10 1
10 2
11 2
12 2
13 2
13 1
12 1
12 0
11 0
11 1
11 2
12 2
12 1
12 0
12 1
12 0
13 0
12 0
11 0
10 0
9 0
9 1
9 2
9 3
10 3
10 2
9 2
