0 0
0 1
0 0
0 1
1 1
1 2
2 2
3 2
3 1
3 2
3 3
3 4
3 5
4 5
4 6
4 5
5 5
5 4
5 3
5 2
6 2
7 2
7 3
6 3
5 3
4 3
3 3
2 3
3 3
4 3
5 3
6 3
7 3
7 4
7 3
7 2
7 3
6 3
5 3
4 3
4 2
4 1
4 0
3 0
3 1
2 1
2 0
2 1
1 1
2 1
3 1
3 0
2 0
2 1
3 1
2 1
3 1
4 1
4 0
4 1
4 0
4 1
5 1
4 1
4 0
3 0
4 0
4 1
4 0
3 0
3 1
4 1
4 0
4 1
4 0
4 1
3 1
3 0
4 0
3 0
3 1
3 0
3 1
2 1
2 2
1 2
0 2
1 2
0 2
1 2
0 2
0 1
1 1
1 0
0 0
1 0
1 1
1 0
0 0
0 1
0 2
1 2
1 3
0 3
0 2
0 1
1 1
1 0
1 1
0 1
0 2
0 1
1 1
2 1
3 1
3 0
3 1
3 0
3 1
4 1
3 1
3 0
2 0
2 1
1 1
1 2
0 2
0 1
1 1
1 2
2 2
1 2
1 1
1 0
2 0
3 0
3 1
3 2
4 2
4 3
3 3
3 4
3 5
2 5
3 5
4 5
5 5
6 5
6 6
7 6
6 6
6 7
7 7
7 6
7 7
6 7
5 7
5 6
6 6
5 6
5 7
4 7
5 7
6 7
7 7
8 7
7 7
6 7
6 6
6 7
7 7
6 7
6 6
6 7
7 7
7 6
7 5
7 6
7 5
8 5
8 6
7 6
7 7
7 8
7 9
8 9
8 8
7 8
8 8
8 9
8 10
8 11
9 11
8 11
7 11
6 11
5 11
4 11
5 11
5 12
5 11
5 10
5 9
5 8
5 7
5 8
6 8
6 9
6 8
6 9
5 9
5 10
5 9
4 9
5 9
5 10
6 10
6 11
6 12
7 12
8 12
7 12
6 12
6 13
7 13
7 14
7 13
8 13
8 12
8 13
8 12
7 12
6 12
6 13
6 14
7 14
8 14
8 15
9 15
9 14
8 14
9 14
8 14
8 15
9 15
8 15
8 14
8 15
9 15
9 16
10 16
11 16
11 15
10 15
11 15
12 15
13 15
13 14
12 14
13 14
12 14
11 14
12 14
11 14
12 14
13 14
14 14
13 14
13 15
13 14
13 15
14 15
14 16
14 17
15 17
15 16
15 17
14 17
15 17
16 17
17 17
18 17
17 17
16 17
16 18
15 18
16 18
15 18
15 19
16 19
17 19
17 18
17 19
16 19
16 20
15 20
15 21
16 21
16 20
16 19
17 19
18 19
17 19
17 20
17 19
17 20
17 21
18 21
18 20
17 20
17 19
18 19
19 19
20 19
19 19
20 19
21 19
20 19
20 20
20 21
21 21
22 21
22 20
23 20
23 21
24 21
24 22
23 22
23 23
22 23
21 23
22 23
21 23
21 24
21 25
22 25
22 24
21 24
20 24
20 25
19 25
19 26
18 26
18 25
19 25
20 25
21 25
22 25
21 25
21 26
20 26
20 25
21 25
21 26
20 26
19 26
19 27
20 27
20 26
20 25
21 25
21 24
22 24
22 23
23 23
23 22
22 22
23 22
23 21
22 21
22 20
23 20
24 20
25 20
25 21
25 20
26 20
26 21
27 21
27 20
27 19
27 20
27 19
27 20
26 20
25 20
26 20
25 20
25 19
26 19
26 18
27 18
27 19
26 19
26 20
26 21
25 21
24 21
25 21
25 20
26 20
27 20
28 20
27 20
26 20
25 20
25 19
25 18
25 17
25 16
25 17
24 17
23 17
23 16
23 17
23 18
23 17
22 17
22 16
23 16
22 16
21 16
21 17
21 18
21 17
21 16
21 15
20 15
21 15
22 15
23 15
23 16
22 16
22 15
22 14
22 15
22 14
23 14
22 14
21 14
22 14
22 15
22 14
21 14
22 14
22 13
21 13
22 13
21 13
21 12
20 12
19 12
19 13
20 13
20 12
20 11
20 10
19 10
18 10
18 9
19 9
19 8
20 8
20 7
19 7
19 8
19 7
20 7
20 8
20 7
21 7
21 6
22 6
21 6
20 6
19 6
19 7
20 7
21 7
21 8
21 7
20 7
19 7
19 6
19 7
20 7
20 8
19 8
19 7
19 6
19 7
18 7
19 7
20 7
21 7
20 7
20 6
20 7
19 7
18 7
17 7
17 8
17 7
17 6
17 7
18 7
19 7
20 7
19 7
19 6
19 5
19 6
20 6
19 6
19 7
19 6
20 6
21 6
21 5
21 6
22 6
23 6
23 7
24 7
23 7
23 6
23 5
23 6
23 5
24 5
25 5
24 5
24 6
24 5
24 6
24 7
24 8
24 7
24 8
24 9
24 8
23 8
22 8
22 9
23 9
22 9
21 9
22 9
23 9
24 9
23 9
23 8
23 9
24 9
24 8
23 8
23 7
23 8
22 8
22 7
23 7
23 8
23 9
24 9
24 8
24 9
24 10
23 10
22 10
21 10
20 10
21 10
20 10
20 9
19 9
18 9
17 9
17 8
17 9
18 9
19 9
18 9
19 9
20 9
20 8
20 9
21 9
21 10
21 11
21 10
20 10
19 10
19 9
20 9
20 8
20 7
20 8
19 8
18 8
18 9
17 9
17 8
16 8
15 8
15 9
15 8
15 9
15 8
16 8
15 8
16 8
15 8
15 7
14 7
14 6
14 5
15 5
15 4
14 4
14 5
13 5
13 4
14 4
14 3
14 2
15 2
16 2
17 2
18 2
18 3
19 3
18 3
19 3
19 4
19 5
19 6
18 6
17 6
17 7
16 7
17 7
17 8
17 7
16 7
16 8
15 8
15 7
15 8
15 9
14 9
14 10
14 11
13 11
13 10
14 10
14 9
15 9
14 9
14 10
14 9
14 8
14 7
13 7
12 7
12 6
12 5
12 6
12 5
13 5
13 6
13 7
13 6
13 7
12 7
12 8
12 9
12 10
12 11
11 11
11 12
10 12
10 11
10 10
11 10
12 10
11 10
11 9
11 8
12 8
13 8
13 9
14 9
15 9
14 9
13 9
13 8
14 8
13 8
14 8
13 8
13 9
13 10
12 10
12 11
13 11
12 11
11 11
11 12
12 12
13 12
12 12
11 12
10 12
10 11
9 11
9 12
9 13
9 14
9 15
9 16
8 16
9 16
9 17
10 17
10 16
10 15
9 15
9 16
8 16
8 17
9 17
10 17
9 17
10 17
10 18
10 17
10 18
11 18
11 19
12 19
11 19
11 20
10 20
10 21
11 21
10 21
10 20
9 20
9 21
9 22
9 23
8 23
7 23
7 24
6 24
6 25
6 26
7 26
7 25
7 26
7 25
6 25
5 25
4 25
4 24
4 23
3 23
2 23
3 23
4 23
3 23
3 22
2 22
3 22
3 23
2 23
2 22
1 22
1 23
1 22
2 22
3 22
2 22
2 21
1 21
1 20
1 21
1 22
0 22
0 21
0 20
0 21
1 21
1 22
2 22
3 22
4 22
3 22
3 23
3 24
4 24
4 25
3 25
4 25
4 24
5 24
4 24
5 24
4 24
3 24
2 24
2 25
1 25
0 25
0 24
1 24
2 24
2 25
2 26
2 25
2 24
2 23
1 23
0 23
0 24
1 24
0 24
1 24
1 25
1 24
0 24
1 24
2 24
2 25
2 24
2 25
2 24
3 24
3 25
4 25
4 26
4 25
4 26
4 25
4 26
5 26
4 26
4 25
4 24
4 23
3 23
4 23
5 23
5 22
5 21
5 20
6 20
7 20
8 20
9 20
10 20
10 21
10 20
10 19
10 20
9 20
9 19
9 18
9 19
10 19
11 19
11 20
10 20
10 19
10 20
10 21
10 20
9 20
8 20
8 19
8 18
7 18
8 18
8 19
9 19
9 20
8 20
8 19
7 19
6 19
5 19
4 19
5 19
5 18
4 18
4 17
4 16
3 16
4 16
4 17
4 16
3 16
4 16
4 15
5 15
5 14
6 14
5 14
5 15
5 16
5 15
6 15
6 16
7 16
8 16
8 17
8 16
8 17
9 17
10 17
10 18
10 17
9 17
9 16
9 17
8 17
7 17
7 16
8 16
8 15
8 14
8 13
7 13
7 14
7 15
7 16
6 16
6 17
6 16
5 16
5 17
5 16
5 17
5 16
5 17
4 17
4 18
5 18
5 17
5 18
4 18
5 18
5 17
4 17
4 16
4 15
4 14
5 14
6 14
6 15
5 15
5 14
4 14
4 15
3 15
2 15
1 15
1 16
2 16
1 16
2 16
2 17
2 16
3 16
3 17
4 17
5 17
5 18
5 19
5 18
6 18
5 18
6 18
5 18
4 18
4 19
3 19
4 19
4 18
4 19
4 18
4 19
4 18
4 19
4 20
5 20
5 21
4 21
4 20
5 20
