0 0
1 0
1 1
2 1
2 0
1 0
2 0
2 1
3 1
3 0
3 1
2 1
3 1
3 0
3 1
3 2
2 2
2 1
2 0
1 0
0 0
0 1
0 0
0 1
0 2
1 2
1 3
1 4
0 4
1 4
2 4
3 4
3 5
4 5
4 4
4 3
4 4
4 3
5 3
5 2
4 2
5 2
5 1
4 1
4 0
4 1
4 0
4 1
5 1
5 0
5 1
5 0
5 1
6 1
7 1
7 2
7 3
7 4
6 4
6 5
6 4
6 5
5 5
6 5
5 5
6 5
6 4
6 5
7 5
7 4
8 4
7 4
7 5
7 4
8 4
8 5
8 6
8 5
8 4
7 4
6 4
6 3
5 3
6 3
7 3
6 3
6 4
7 4
8 4
7 4
8 4
9 4
9 5
9 4
9 5
8 5
9 5
10 5
10 4
11 4
12 4
13 4
13 5
13 4
13 5
12 5
11 5
12 5
11 5
11 6
12 6
13 6
12 6
12 7
12 6
13 6
13 7
13 8
13 9
14 9
15 9
16 9
16 8
16 7
16 6
16 5
17 5
17 4
16 4
16 5
16 4
16 5
15 5
14 5
13 5
13 6
12 6
12 5
11 5
11 6
11 5
11 6
11 7
11 6
12 6
12 7
12 6
11 6
10 6
11 6
11 5
11 4
10 4
10 5
11 5
12 5
12 6
12 5
12 4
12 5
12 6
12 7
13 7
14 7
15 7
15 8
15 9
16 9
15 9
16 9
15 9
16 9
17 9
16 9
17 9
17 10
17 11
17 12
17 11
17 12
18 12
17 12
17 13
18 13
17 13
16 13
17 13
16 13
15 13
15 14
14 14
15 14
15 15
15 14
15 15
14 15
14 16
14 17
14 18
13 18
12 18
11 18
12 18
12 19
13 19
12 19
12 20
12 21
12 20
13 20
12 20
11 20
11 21
12 21
11 21
10 21
10 20
11 20
11 19
10 19
10 18
11 18
11 17
10 17
10 18
11 18
11 19
11 18
11 17
10 17
10 18
11 18
11 19
11 20
11 21
11 20
10 20
10 19
10 20
11 20
11 21
10 21
11 21
11 22
11 21
11 22
11 21
12 21
12 22
12 23
13 23
14 23
14 24
14 23
14 24
13 24
13 25
12 25
12 24
11 24
11 23
11 24
11 23
11 22
12 22
12 23
12 22
12 23
11 23
10 23
10 24
10 23
11 23
10 23
9 23
9 24
9 23
10 23
11 23
10 23
11 23
11 24
12 24
12 25
13 25
13 24
13 25
14 25
14 26
14 27
15 27
14 27
14 26
14 25
14 26
14 27
13 27
14 27
13 27
13 26
14 26
13 26
13 25
13 26
14 26
14 25
14 26
14 27
13 27
13 28
12 28
12 29
12 28
12 29
11 29
10 29
10 30
9 30
9 29
9 30
9 29
10 29
9 29
10 29
10 28
10 27
11 27
10 27
10 28
11 28
12 28
11 28
11 27
11 26
12 26
13 26
13 25
14 25
14 26
14 27
15 27
16 27
17 27
17 28
18 28
18 27
18 26
19 26
18 26
19 26
20 26
20 25
19 25
18 25
19 25
20 25
21 25
22 25
22 24
21 24
20 24
21 24
21 23
22 23
21 23
21 22
21 21
21 20
21 19
21 18
21 17
21 18
22 18
23 18
23 17
23 16
23 17
24 17
24 18
25 18
24 18
24 19
25 19
26 19
25 19
25 20
26 20
27 20
27 21
27 22
27 21
26 21
27 21
27 22
27 23
28 23
29 23
28 23
28 24
28 25
27 25
28 25
28 24
29 24
30 24
30 25
30 24
31 24
31 25
30 25
30 26
30 27
30 28
31 28
31 27
31 28
31 29
30 29
30 28
30 29
30 28
31 28
30 28
30 29
31 29
31 30
30 30
29 30
30 30
30 31
31 31
31 30
31 29
31 30
30 30
30 31
31 31
30 31
30 30
30 29
30 30
31 30
32 30
32 29
33 29
32 29
32 30
31 30
32 30
32 31
31 31
30 31
30 32
30 33
30 34
31 34
30 34
30 35
30 34
29 34
28 34
28 35
27 35
26 35
27 35
28 35
27 35
27 34
26 34
25 34
24 34
25 34
25 35
26 35
26 36
26 35
26 36
26 35
26 34
27 34
26 34
27 34
28 34
27 34
27 33
27 34
26 34
27 34
27 33
27 34
28 34
28 35
28 36
28 37
28 36
29 36
30 36
31 36
31 35
31 36
31 35
30 35
31 35
30 35
30 36
30 35
30 36
31 36
30 36
30 37
30 36
31 36
31 35
31 34
31 35
32 35
32 36
31 36
31 37
31 36
32 36
32 37
31 37
30 37
31 37
31 38
31 37
32 37
32 38
31 38
31 39
31 40
30 40
31 40
32 40
31 40
30 40
31 40
31 39
31 38
32 38
31 38
32 38
33 38
32 38
33 38
34 38
34 39
33 39
33 40
33 41
33 42
33 43
32 43
32 44
33 44
34 44
33 44
33 43
32 43
33 43
32 43
32 44
33 44
33 45
33 46
33 47
33 46
33 45
33 46
32 46
33 46
34 46
35 46
35 47
34 47
35 47
35 46
35 47
35 46
34 46
34 45
34 44
35 44
35 43
34 43
34 44
33 44
33 45
33 44
32 44
32 43
32 42
32 41
33 41
32 41
33 41
34 41
33 41
33 40
32 40
32 39
32 38
31 38
30 38
30 39
29 39
29 40
28 40
27 40
27 41
26 41
25 41
24 41
24 42
23 42
24 42
24 43
23 43
23 44
23 45
24 45
24 44
23 44
23 43
23 42
22 42
22 43
22 44
21 44
21 43
22 43
22 44
21 44
22 44
22 45
21 45
21 46
21 47
21 46
21 45
20 45
20 44
20 45
20 44
20 43
20 44
20 43
19 43
19 42
18 42
19 42
19 43
19 44
19 45
19 44
19 43
19 44
19 43
19 44
19 45
19 46
20 46
21 46
21 45
21 46
22 46
21 46
20 46
20 47
20 48
20 47
20 46
20 47
21 47
22 47
21 47
21 46
21 45
21 46
22 46
23 46
22 46
22 45
22 46
22 47
22 48
22 49
23 49
23 50
23 51
22 51
22 50
22 49
23 49
23 48
22 48
23 48
23 49
24 49
24 50
24 49
23 49
23 50
23 49
22 49
22 48
23 48
23 49
23 48
22 48
21 48
20 48
20 49
19 49
18 49
18 48
17 48
16 48
16 47
16 48
15 48
16 48
16 49
16 50
17 50
17 49
17 50
17 51
17 50
17 51
17 50
18 50
19 50
18 50
17 50
17 51
17 52
18 52
18 51
18 50
18 49
19 49
19 50
18 50
19 50
20 50
20 49
21 49
21 48
21 47
21 46
21 47
20 47
20 48
21 48
22 48
22 47
22 48
22 49
21 49
22 49
23 49
23 50
24 50
24 49
24 48
24 49
24 50
25 50
24 50
24 51
24 52
24 53
24 54
23 54
23 55
23 56
22 56
22 55
22 54
23 54
23 53
23 52
23 53
24 53
24 54
24 55
25 55
26 55
26 54
25 54
24 54
25 54
24 54
23 54
24 54
25 54
26 54
26 55
26 54
26 55
27 55
27 54
27 53
27 52
26 52
25 52
24 52
23 52
24 52
23 52
23 51
23 50
22 50
23 50
23 51
23 50
22 50
21 50
21 49
21 50
20 50
20 49
21 49
22 49
21 49
21 50
21 49
20 49
21 49
21 50
21 51
22 51
21 51
22 51
21 51
20 51
20 52
20 53
19 53
18 53
18 52
18 53
17 53
18 53
17 53
16 53
16 54
17 54
17 55
17 56
18 56
19 56
19 57
19 58
19 57
18 57
19 57
18 57
19 57
20 57
20 56
21 56
21 57
20 57
20 56
19 56
19 55
19 56
20 56
21 56
21 57
21 58
22 58
22 59
22 58
23 58
23 57
23 58
23 59
24 59
25 59
25 60
25 59
25 58
26 58
27 58
27 59
27 58
26 58
25 58
25 59
25 60
26 60
27 60
26 60
26 59
26 58
27 58
27 59
27 58
26 58
26 59
27 59
27 58
27 57
27 58
26 58
26 57
26 56
25 56
25 55
25 54
25 53
26 53
25 53
25 52
26 52
25 52
25 53
25 52
24 52
24 51
25 51
25 50
24 50
24 51
24 50
24 51
25 51
25 50
25 51
26 51
26 50
26 51
25 51
26 51
27 51
27 52
27 51
28 51
27 51
28 51
28 50
28 51
27 51
28 51
28 50
28 51
28 50
29 50
30 50
31 50
31 51
32 51
33 51
33 50
34 50
34 49
34 48
33 48
32 48
32 49
31 49
32 49
33 49
34 49
34 50
35 50
36 50
36 49
36 50
36 51
37 51
38 51
38 50
38 51
37 51
37 52
37 51
37 52
38 52
38 51
38 50
39 50
39 51
39 52
40 52
41 52
41 53
41 52
42 52
41 52
41 51
42 51
42 50
42 49
42 50
43 50
