0 0
0 1
0 0
0 1
1 1
0 1
1 1
1 2
1 3
1 4
0 4
0 3
1 3
1 2
2 2
1 2
2 2
2 3
2 2
3 2
2 2
3 2
4 2
5 2
4 2
4 1
3 1
3 0
4 0
5 0
5 1
5 2
6 2
7 2
8 2
8 3
8 2
9 2
9 1
10 1
10 2
11 2
11 1
11 2
11 3
11 4
12 4
13 4
12 4
13 4
12 4
13 4
12 4
11 4
11 5
11 4
11 3
12 3
12 2
12 3
12 4
12 5
12 6
12 5
12 4
12 5
12 4
13 4
13 3
14 3
14 2
13 2
14 2
13 2
13 1
12 1
11 1
12 1
13 1
13 0
14 0
13 0
12 0
12 1
12 0
12 1
13 1
12 1
12 0
11 0
10 0
11 0
11 1
10 1
11 1
11 2
11 3
10 3
10 4
11 4
11 3
10 3
9 3
9 2
8 2
7 2
7 3
6 3
6 4
6 3
5 3
6 3
6 2
6 1
6 0
6 1
5 1
6 1
7 1
7 2
6 2
5 2
6 2
5 2
5 1
6 1
6 2
6 3
5 3
5 2
5 3
5 4
6 4
5 4
5 5
4 5
4 4
4 3
4 2
5 2
4 2
4 1
5 1
5 2
5 3
5 4
6 4
7 4
7 5
6 5
6 4
5 4
5 5
5 4
4 4
4 5
5 5
4 5
3 5
2 5
2 4
2 5
3 5
3 4
3 5
3 6
3 5
3 6
3 5
3 4
3 5
4 5
5 5
4 5
4 4
5 4
6 4
7 4
7 5
6 5
6 6
5 6
5 7
4 7
4 6
4 5
5 5
6 5
7 5
7 4
7 5
7 4
8 4
8 5
9 5
9 4
9 5
9 6
8 6
8 7
8 6
8 7
9 7
9 8
10 8
11 8
11 9
11 10
11 11
11 10
10 10
11 10
11 11
11 12
11 11
11 12
11 13
11 14
11 15
11 14
11 13
11 14
10 14
10 15
9 15
9 16
8 16
9 16
8 16
8 15
8 14
8 13
9 13
10 13
11 13
11 14
12 14
12 15
12 16
12 15
13 15
12 15
13 15
13 16
13 17
13 18
14 18
14 19
14 20
14 19
14 18
15 18
15 19
15 18
15 17
16 17
15 17
14 17
14 18
13 18
13 19
13 18
13 19
14 19
15 19
16 19
15 19
14 19
14 18
14 19
13 19
13 18
12 18
11 18
11 17
12 17
12 16
13 16
14 16
13 16
14 16
14 15
15 15
16 15
16 14
16 15
16 14
17 14
18 14
18 13
18 12
18 13
18 12
19 12
19 11
19 12
19 13
19 14
18 14
17 14
17 15
17 14
17 13
17 12
18 12
18 13
18 14
19 14
19 13
19 14
19 13
18 13
18 12
18 11
18 10
18 11
18 12
18 13
18 12
17 12
17 11
17 12
17 13
17 14
18 14
17 14
18 14
17 14
18 14
18 15
18 14
19 14
20 14
20 13
20 12
19 12
20 12
19 12
18 12
18 13
17 13
17 12
17 13
17 12
18 12
17 12
16 12
17 12
17 13
17 14
17 15
17 16
18 16
17 16
17 15
17 16
18 16
18 15
17 15
17 16
16 16
16 17
16 18
16 17
17 17
16 17
17 17
18 17
19 17
18 17
17 17
17 16
16 16
17 16
18 16
18 17
17 17
18 17
18 18
18 17
18 18
19 18
20 18
20 19
19 19
19 20
20 20
20 21
20 20
20 19
19 19
18 19
18 18
18 17
17 17
17 18
17 19
17 20
16 20
16 21
16 22
15 22
15 23
15 22
16 22
16 23
17 23
18 23
18 22
17 22
17 23
18 23
18 24
17 24
17 23
17 24
17 23
17 24
18 24
18 25
18 26
17 26
18 26
18 25
18 26
17 26
17 25
18 25
19 25
19 26
19 27
19 26
19 27
19 28
19 27
20 27
20 26
20 25
20 24
21 24
20 24
21 24
22 24
22 23
23 23
24 23
25 23
25 22
25 21
25 22
26 22
27 22
27 21
27 20
26 20
26 21
26 20
26 19
27 19
26 19
25 19
25 18
25 19
25 18
24 18
24 19
25 19
26 19
26 18
26 17
26 18
26 17
27 17
28 17
28 16
28 17
28 16
27 16
26 16
26 17
26 18
25 18
24 18
24 19
24 20
25 20
25 21
25 22
26 22
26 23
26 22
26 23
25 23
25 24
26 24
26 25
27 25
26 25
27 25
28 25
28 24
28 23
29 23
30 23
31 23
30 23
31 23
30 23
30 22
30 23
31 23
31 22
32 22
32 23
33 23
33 24
34 24
35 24
35 23
35 24
34 24
33 24
32 24
32 25
31 25
32 25
32 26
33 26
33 25
34 25
33 25
34 25
33 25
34 25
35 25
34 25
34 26
33 26
32 26
33 26
33 27
33 26
33 25
33 24
34 24
34 23
34 22
33 22
33 23
33 24
33 23
32 23
32 22
33 22
33 21
34 21
35 21
36 21
36 22
37 22
37 23
37 22
38 22
39 22
39 23
38 23
38 24
37 24
36 24
35 24
35 25
35 26
34 26
35 26
34 26
34 27
35 27
35 28
35 29
36 29
36 30
36 29
36 28
36 27
35 27
36 27
37 27
36 27
35 27
34 27
33 27
32 27
32 28
32 29
32 30
32 31
33 31
33 32
33 31
32 31
32 32
31 32
30 32
30 33
31 33
32 33
32 32
32 31
32 30
32 29
32 30
33 30
33 29
32 29
33 29
32 29
31 29
31 30
31 29
31 30
32 30
32 29
33 29
34 29
33 29
34 29
33 29
33 30
32 30
33 30
33 31
34 31
35 31
36 31
37 31
37 32
38 32
37 32
37 31
36 31
37 31
37 30
37 31
38 31
38 32
38 31
37 31
37 32
38 32
38 31
37 31
37 30
36 30
36 31
35 31
35 30
35 31
36 31
37 31
37 32
38 32
38 33
38 34
39 34
40 34
39 34
39 33
39 34
38 34
38 33
38 32
38 33
38 34
39 34
38 34
37 34
38 34
38 35
37 35
38 35
39 35
38 35
38 34
38 35
38 34
38 33
37 33
37 32
36 32
37 32
37 31
38 31
39 31
38 31
38 32
37 32
37 33
36 33
37 33
38 33
38 34
38 35
37 35
37 36
36 36
36 35
35 35
35 36
35 35
35 34
36 34
35 34
35 35
36 35
37 35
37 36
37 37
37 36
37 37
37 38
38 38
37 38
37 39
37 38
38 38
38 37
38 38
37 38
37 39
36 39
36 40
36 41
35 41
35 42
35 43
34 43
34 42
35 42
35 43
34 43
35 43
36 43
35 43
35 44
35 45
35 46
34 46
33 46
34 46
34 45
33 45
32 45
32 46
31 46
31 45
32 45
32 44
32 43
31 43
32 43
31 43
31 42
31 43
30 43
30 44
30 45
30 46
29 46
28 46
27 46
27 47
26 47
27 47
28 47
27 47
27 48
26 48
26 47
27 47
28 47
29 47
30 47
30 48
30 47
30 48
30 49
30 50
30 51
29 51
30 51
30 52
29 52
29 51
29 50
28 50
28 49
28 48
28 47
28 46
29 46
29 45
29 44
29 45
30 45
31 45
32 45
31 45
30 45
30 46
30 45
31 45
31 44
30 44
31 44
32 44
31 44
30 44
30 45
30 44
30 43
31 43
31 42
32 42
33 42
33 41
34 41
35 41
35 40
35 41
36 41
37 41
36 41
36 40
35 40
35 41
34 41
33 41
34 41
35 41
36 41
36 40
35 40
34 40
34 39
34 38
33 38
32 38
33 38
33 37
34 37
34 36
34 37
34 36
34 35
33 35
33 34
33 35
33 34
32 34
31 34
30 34
30 35
29 35
29 36
29 37
30 37
31 37
30 37
30 38
31 38
31 39
31 40
32 40
32 41
32 42
32 41
31 41
31 42
30 42
31 42
30 42
31 42
31 41
31 42
31 43
31 44
31 45
31 44
30 44
30 43
29 43
29 44
30 44
31 44
30 44
30 43
30 42
30 43
29 43
28 43
27 43
26 43
25 43
24 43
24 42
25 42
26 42
26 41
26 40
25 40
25 39
24 39
24 40
24 39
24 38
23 38
23 37
22 37
21 37
21 38
22 38
21 38
20 38
20 37
21 37
21 38
21 39
22 39
23 39
24 39
24 40
25 40
25 41
25 42
26 42
26 41
26 42
26 41
26 40
25 40
26 40
27 40
27 41
27 40
26 40
26 41
26 42
25 42
26 42
25 42
24 42
25 42
25 41
24 41
23 41
24 41
24 42
23 42
24 42
24 41
24 42
24 43
25 43
26 43
26 44
25 44
24 44
24 43
23 43
22 43
23 43
24 43
24 44
24 45
24 44
25 44
25 43
25 42
26 42
26 41
26 42
26 43
25 43
26 43
25 43
25 42
26 42
26 41
26 40
27 40
28 40
28 41
28 42
27 42
27 43
27 44
27 43
27 42
27 43
27 42
