0 0
0 1
0 2
0 1
0 2
1 2
0 2
0 3
0 2
0 3
0 2
0 1
1 1
1 0
1 1
1 0
1 1
0 1
1 1
2 1
2 2
3 2
3 1
3 0
4 0
4 1
4 0
4 1
4 2
5 2
5 3
6 3
7 3
8 3
9 3
9 4
9 3
9 4
9 3
9 2
8 2
7 2
7 3
7 2
8 2
7 2
7 3
6 3
5 3
4 3
4 4
3 4
4 4
3 4
3 3
3 4
2 4
3 4
2 4
1 4
1 5
1 4
1 5
1 6
2 6
1 6
0 6
0 7
0 8
0 7
1 7
1 8
1 7
1 6
1 7
1 6
0 6
0 5
0 4
0 3
1 3
1 2
1 1
0 1
0 0
0 1
1 1
1 0
0 0
1 0
2 0
1 0
1 1
1 0
0 0
0 1
0 0
1 0
1 1
1 2
2 2
2 3
3 3
3 4
3 5
2 5
2 4
1 4
0 4
0 3
1 3
1 4
1 5
2 5
2 4
2 5
2 6
1 6
0 6
0 5
0 6
1 6
1 7
1 8
0 8
1 8
0 8
1 8
1 9
2 9
2 10
3 10
2 10
3 10
4 10
4 9
4 10
4 11
4 12
5 12
6 12
6 13
5 13
4 13
4 12
3 12
3 11
3 10
2 10
1 10
1 11
0 11
0 12
0 13
1 13
1 14
1 13
2 13
2 14
3 14
2 14
3 14
4 14
3 14
2 14
1 14
1 13
0 13
1 13
1 14
1 15
2 15
2 14
3 14
4 14
5 14
5 15
5 16
6 16
5 16
5 17
5 18
5 19
5 20
5 19
4 19
3 19
2 19
3 19
2 19
1 19
1 18
1 19
1 18
1 17
1 16
1 17
0 17
0 16
1 16
1 17
0 17
1 17
1 18
1 19
1 20
0 20
1 20
0 20
0 19
1 19
1 20
1 19
1 20
2 20
3 20
2 20
1 20
2 20
1 20
1 19
2 19
1 19
1 18
0 18
1 18
2 18
2 19
2 20
2 21
3 21
3 22
4 22
4 21
4 20
4 21
3 21
3 20
3 19
2 19
2 20
3 20
4 20
4 19
3 19
3 20
3 19
3 18
4 18
4 17
5 17
6 17
5 17
5 18
6 18
5 18
4 18
4 17
5 17
5 18
6 18
6 19
6 18
6 17
6 18
6 19
6 20
5 20
5 21
6 21
6 22
6 21
7 21
8 21
8 20
8 21
9 21
9 20
8 20
8 21
9 21
8 21
8 20
7 20
7 19
7 20
7 21
6 21
6 20
6 19
5 19
4 19
3 19
4 19
4 18
4 17
5 17
5 18
6 18
6 17
6 16
5 16
5 15
5 14
5 15
5 16
6 16
7 16
6 16
6 17
7 17
7 16
6 16
6 15
6 16
7 16
7 15
6 15
5 15
5 16
5 15
6 15
5 15
5 16
4 16
3 16
3 17
3 18
2 18
1 18
2 18
3 18
4 18
4 19
4 18
3 18
3 19
3 20
3 19
2 19
1 19
2 19
2 18
1 18
0 18
0 17
0 18
0 17
0 18
0 19
1 19
1 20
2 20
1 20
1 21
1 22
0 22
0 23
0 24
0 25
0 24
0 25
1 25
0 25
1 25
1 24
2 24
1 24
2 24
2 25
2 26
2 27
2 26
2 27
1 27
1 28
1 27
1 28
2 28
2 27
2 28
3 28
3 29
2 29
3 29
3 28
4 28
3 28
3 27
4 27
4 28
4 27
4 28
3 28
4 28
4 27
3 27
4 27
4 28
4 27
5 27
5 26
5 25
5 24
4 24
3 24
2 24
1 24
2 24
3 24
3 23
3 22
4 22
4 23
5 23
6 23
6 22
6 21
6 22
7 22
8 22
9 22
8 22
7 22
8 22
8 21
8 20
8 19
8 18
7 18
8 18
8 17
9 17
8 17
9 17
8 17
9 17
9 18
9 19
9 20
9 19
8 19
8 20
9 20
9 19
8 19
7 19
6 19
5 19
5 20
5 19
5 20
6 20
7 20
8 20
9 20
10 20
10 19
10 20
9 20
8 20
8 21
9 21
8 21
8 22
7 22
7 23
8 23
8 22
7 22
7 23
7 22
6 22
7 22
8 22
9 22
9 23
9 22
10 22
9 22
9 21
9 22
10 22
11 22
11 23
12 23
11 23
12 23
11 23
12 23
13 23
13 22
13 23
13 24
13 23
12 23
12 24
13 24
12 24
12 25
11 25
11 24
11 23
11 24
11 25
10 25
11 25
11 26
11 27
11 28
12 28
12 27
12 26
11 26
12 26
12 25
13 25
13 26
12 26
11 26
12 26
11 26
10 26
9 26
10 26
9 26
9 25
9 26
9 27
9 28
8 28
9 28
8 28
9 28
9 29
10 29
10 28
11 28
10 28
10 27
9 27
9 28
9 29
9 28
9 29
8 29
7 29
7 28
8 28
8 27
8 28
8 29
7 29
8 29
8 30
8 31
8 32
8 33
8 34
7 34
8 34
8 35
8 36
8 37
9 37
8 37
7 37
7 36
7 35
7 34
6 34
5 34
5 33
5 32
5 31
4 31
3 31
4 31
4 32
4 31
5 31
6 31
7 31
8 31
9 31
8 31
8 32
7 32
7 33
6 33
5 33
4 33
3 33
3 34
3 35
3 34
2 34
2 35
3 35
3 34
2 34
2 35
1 35
1 36
0 36
1 36
0 36
0 37
1 37
1 38
2 38
1 38
1 37
1 38
1 39
0 39
1 39
0 39
1 39
1 38
1 39
2 39
2 38
2 39
1 39
1 38
1 37
0 37
0 38
1 38
0 38
0 39
0 40
0 41
1 41
0 41
1 41
2 41
1 41
1 40
1 39
0 39
1 39
1 38
2 38
2 39
2 38
3 38
4 38
3 38
2 38
2 37
2 38
2 39
2 38
2 39
2 38
2 39
2 38
3 38
3 37
3 38
2 38
3 38
2 38
1 38
1 37
1 38
1 37
1 38
1 37
1 36
0 36
0 37
1 37
1 38
1 39
0 39
0 38
0 37
1 37
1 36
1 37
1 38
0 38
0 37
1 37
2 37
3 37
2 37
1 37
1 38
2 38
3 38
4 38
5 38
5 39
5 40
5 41
5 40
6 40
5 40
5 39
6 39
5 39
6 39
6 40
7 40
7 41
8 41
7 41
7 40
8 40
9 40
9 41
9 40
9 41
10 41
11 41
11 40
10 40
11 40
11 39
12 39
11 39
12 39
12 38
12 37
12 38
12 39
11 39
11 40
12 40
12 39
13 39
13 38
14 38
15 38
15 37
15 36
16 36
16 35
16 36
15 36
15 35
15 36
16 36
15 36
16 36
16 37
16 38
16 39
17 39
16 39
16 38
16 39
15 39
15 38
16 38
16 39
16 40
15 40
16 40
16 39
16 38
16 37
15 37
14 37
15 37
15 38
14 38
14 37
13 37
14 37
15 37
15 38
14 38
13 38
13 37
13 38
14 38
13 38
14 38
14 39
13 39
14 39
15 39
14 39
13 39
12 39
11 39
12 39
12 38
11 38
11 39
11 40
11 41
11 40
11 39
11 38
11 37
10 37
9 37
9 38
9 39
9 38
9 39
8 39
7 39
8 39
8 40
7 40
7 41
7 40
6 40
7 40
6 40
6 41
7 41
7 42
7 43
7 42
7 43
6 43
6 42
6 43
6 44
7 44
6 44
6 45
6 46
6 47
6 46
7 46
8 46
8 47
9 47
8 47
8 48
7 48
6 48
6 47
7 47
8 47
9 47
9 48
8 48
9 48
9 47
8 47
9 47
9 46
8 46
7 46
8 46
9 46
9 45
9 46
8 46
9 46
8 46
8 45
8 44
8 43
8 42
8 43
8 42
8 43
8 42
7 42
7 43
7 44
8 44
8 45
7 45
6 45
7 45
6 45
6 46
6 45
6 46
7 46
7 45
8 45
8 46
8 47
9 47
9 46
9 45
9 44
9 43
10 43
9 43
9 42
9 43
8 43
9 43
10 43
10 42
9 42
9 41
8 41
7 41
7 42
8 42
9 42
9 41
9 42
10 42
10 41
10 40
11 40
12 40
11 40
10 40
11 40
11 41
11 42
11 41
11 42
10 42
11 42
11 41
11 40
11 39
11 38
11 39
12 39
12 40
12 39
11 39
11 40
11 41
10 41
11 41
12 41
12 40
12 39
11 39
10 39
9 39
10 39
9 39
9 40
9 41
9 40
9 41
8 41
8 42
8 41
7 41
6 41
6 40
5 40
6 40
6 39
7 39
7 40
7 39
6 39
6 38
6 37
6 36
6 35
6 36
7 36
7 35
7 34
8 34
8 35
8 36
7 36
7 37
6 37
6 38
6 39
6 38
6 37
6 36
5 36
5 37
5 38
4 38
4 37
5 37
5 38
5 39
6 39
6 38
5 38
5 39
5 38
5 37
6 37
6 38
6 37
6 36
5 36
5 35
5 34
