0 0
1 0
1 1
2 1
2 2
3 2
2 2
2 3
3 3
4 3
4 4
4 3
4 2
4 3
5 3
5 2
5 3
5 2
6 2
6 3
5 3
5 4
4 4
3 4
3 3
3 2
3 3
3 2
3 3
3 4
4 4
3 4
3 3
3 4
2 4
2 3
2 4
3 4
3 3
4 3
5 3
4 3
3 3
2 3
3 3
3 4
3 3
2 3
3 3
2 3
2 2
1 2
0 2
1 2
2 2
2 1
1 1
1 0
2 0
1 0
0 0
1 0
1 1
2 1
3 1
2 1
2 2
1 2
1 3
1 4
1 3
1 2
0 2
1 2
1 1
0 1
1 1
1 2
0 2
0 3
1 3
0 3
1 3
1 2
2 2
2 1
2 2
2 3
2 2
3 2
3 3
3 2
2 2
2 1
2 2
2 1
3 1
4 1
4 2
4 1
4 2
5 2
4 2
3 2
2 2
3 2
4 2
5 2
5 1
6 1
6 0
7 0
7 1
6 1
5 1
4 1
4 2
4 3
4 2
3 2
3 3
3 2
2 2
1 2
1 1
0 1
0 0
0 1
1 1
0 1
0 0
0 1
1 1
1 0
2 0
2 1
2 0
3 0
2 0
2 1
2 2
1 2
0 2
1 2
2 2
1 2
1 1
2 1
2 2
3 2
3 3
2 3
1 3
2 3
3 3
4 3
4 2
3 2
3 3
3 4
3 5
2 5
3 5
2 5
3 5
3 4
4 4
3 4
2 4
3 4
4 4
4 3
4 4
4 3
3 3
4 3
5 3
4 3
3 3
3 4
2 4
2 3
2 2
1 2
1 1
1 0
2 0
2 1
2 0
2 1
2 2
2 1
1 1
2 1
3 1
2 1
3 1
2 1
3 1
3 2
3 1
4 1
4 0
5 0
5 1
5 2
5 1
5 2
6 2
5 2
5 3
5 2
5 1
5 2
4 2
4 3
5 3
5 4
5 3
6 3
5 3
4 3
4 4
3 4
3 3
3 4
3 3
3 2
2 2
3 2
4 2
5 2
6 2
6 3
6 2
6 1
6 2
6 3
6 2
6 1
6 2
7 2
7 3
8 3
9 3
9 2
9 1
8 1
7 1
8 1
8 0
8 1
9 1
9 0
8 0
8 1
8 0
9 0
9 1
9 2
8 2
9 2
10 2
11 2
11 1
11 0
11 1
11 2
12 2
11 2
12 2
13 2
13 3
12 3
13 3
14 3
13 3
13 4
13 3
14 3
15 3
16 3
16 2
15 2
16 2
15 2
15 3
16 3
16 4
16 5
16 6
16 5
16 6
16 5
15 5
16 5
16 6
15 6
15 5
15 4
15 5
16 5
17 5
17 6
17 5
18 5
19 5
19 4
20 4
19 4
18 4
18 5
18 6
19 6
19 7
19 6
19 5
20 5
20 4
19 4
20 4
21 4
20 4
20 5
20 6
20 7
21 7
22 7
21 7
21 6
21 7
21 6
20 6
20 5
21 5
20 5
19 5
18 5
18 4
19 4
19 3
20 3
20 2
20 3
20 2
20 3
20 4
20 5
21 5
20 5
20 6
20 7
20 6
21 6
21 5
21 4
22 4
21 4
21 5
21 4
21 3
22 3
22 2
21 2
20 2
19 2
19 3
19 4
18 4
18 3
19 3
19 4
18 4
17 4
18 4
19 4
18 4
19 4
20 4
20 5
20 6
19 6
18 6
19 6
19 7
20 7
20 6
20 7
19 7
18 7
18 6
19 6
20 6
21 6
21 5
22 5
23 5
23 6
23 7
24 7
24 8
23 8
22 8
23 8
23 9
22 9
21 9
22 9
22 10
23 10
23 11
23 10
22 10
21 10
22 10
23 10
23 11
23 10
23 9
22 9
23 9
23 10
22 10
22 9
22 10
22 9
22 10
21 10
21 11
21 12
21 11
21 10
22 10
21 10
22 10
22 9
23 9
23 10
22 10
22 9
21 9
22 9
23 9
23 8
24 8
24 9
23 9
23 10
24 10
23 10
24 10
23 10
23 11
24 11
24 10
24 9
23 9
23 8
24 8
24 9
23 9
23 8
23 9
23 8
24 8
23 8
22 8
23 8
23 9
23 10
22 10
23 10
24 10
24 9
24 8
23 8
23 9
23 8
24 8
23 8
23 9
23 10
24 10
25 10
24 10
24 11
24 10
25 10
24 10
23 10
24 10
24 11
24 10
24 9
25 9
25 8
24 8
23 8
23 9
23 10
22 10
22 11
22 12
23 12
24 12
23 12
23 13
23 14
24 14
24 13
25 13
24 13
24 12
25 12
25 13
25 12
25 13
26 13
27 13
28 13
29 13
30 13
30 12
29 12
30 12
30 11
31 11
31 10
31 11
32 11
33 11
32 11
32 10
31 10
30 10
30 11
30 10
30 11
30 10
30 9
31 9
32 9
31 9
30 9
31 9
32 9
31 9
31 10
31 11
30 11
29 11
28 11
29 11
29 12
29 11
29 10
29 11
28 11
28 10
28 9
29 9
29 10
29 9
29 10
29 11
30 11
29 11
30 11
31 11
31 12
31 13
30 13
29 13
28 13
29 13
30 13
31 13
32 13
31 13
32 13
31 13
31 14
31 15
32 15
31 15
31 16
31 15
31 14
31 13
30 13
30 14
31 14
31 13
31 12
31 13
32 13
32 14
33 14
32 14
32 15
32 14
32 15
33 15
33 16
33 15
34 15
33 15
33 16
32 16
32 17
32 18
32 17
33 17
33 16
33 15
32 15
31 15
32 15
32 14
32 15
33 15
33 16
33 17
32 17
31 17
32 17
32 16
32 17
33 17
33 16
33 15
33 16
33 15
33 16
34 16
34 17
34 16
34 17
34 18
33 18
33 19
33 20
33 21
33 22
33 23
33 24
32 24
32 25
33 25
33 24
33 23
33 22
33 21
33 22
33 21
33 20
32 20
32 21
32 22
32 23
33 23
34 23
35 23
35 24
35 25
36 25
37 25
38 25
39 25
39 24
40 24
40 23
39 23
39 22
40 22
40 23
41 23
42 23
43 23
44 23
45 23
46 23
46 22
45 22
45 21
45 20
45 21
45 22
44 22
45 22
46 22
46 23
46 24
45 24
44 24
44 23
44 24
45 24
45 23
45 24
45 23
45 22
45 23
46 23
46 24
46 25
46 26
46 25
47 25
46 25
47 25
47 24
47 23
47 24
47 25
48 25
47 25
47 24
46 24
45 24
46 24
47 24
47 25
47 26
48 26
48 27
47 27
46 27
46 28
46 27
47 27
48 27
48 26
47 26
46 26
47 26
47 25
47 24
46 24
45 24
45 25
44 25
44 24
44 25
44 26
43 26
43 25
42 25
42 26
43 26
42 26
42 27
43 27
43 28
42 28
42 29
41 29
40 29
41 29
42 29
42 30
41 30
42 30
43 30
43 31
42 31
42 32
42 33
42 34
42 33
42 32
41 32
41 31
41 32
41 33
40 33
40 34
41 34
42 34
42 35
41 35
41 34
41 35
41 34
41 33
42 33
41 33
42 33
41 33
40 33
41 33
41 34
41 33
40 33
40 32
39 32
38 32
39 32
40 32
39 32
38 32
38 33
39 33
39 32
40 32
40 31
40 30
39 30
38 30
38 29
39 29
39 28
40 28
40 29
40 28
39 28
38 28
38 29
39 29
39 28
39 27
39 26
38 26
37 26
38 26
39 26
40 26
40 25
40 24
39 24
40 24
40 25
40 26
40 25
40 26
41 26
40 26
40 27
39 27
39 26
39 25
38 25
38 26
37 26
37 27
37 28
36 28
36 27
35 27
35 28
34 28
33 28
32 28
32 27
33 27
34 27
34 28
34 29
34 28
34 29
34 30
34 29
34 30
35 30
35 29
36 29
36 30
35 30
34 30
35 30
36 30
37 30
36 30
35 30
35 29
35 28
36 28
35 28
34 28
33 28
32 28
33 28
32 28
32 27
32 28
32 27
32 26
31 26
32 26
32 27
33 27
33 28
33 29
34 29
34 30
34 31
33 31
33 32
33 33
34 33
35 33
34 33
34 34
33 34
34 34
34 35
33 35
33 34
32 34
32 35
32 36
33 36
32 36
31 36
31 35
30 35
30 36
30 35
29 35
30 35
30 36
31 36
31 35
32 35
31 35
30 35
31 35
32 35
33 35
33 34
34 34
33 34
32 34
33 34
32 34
33 34
33 33
34 33
34 32
35 32
36 32
37 32
38 32
39 32
39 31
39 30
38 30
38 29
39 29
39 30
39 29
39 30
38 30
39 30
39 31
38 31
39 31
40 31
41 31
42 31
42 30
43 30
43 31
43 30
43 31
42 31
42 32
42 33
41 33
42 33
42 34
43 34
44 34
43 34
42 34
41 34
42 34
41 34
40 34
40 33
39 33
40 33
39 33
40 33
41 33
41 32
41 33
41 34
41 35
42 35
43 35
43 34
43 35
43 36
42 36
41 36
42 36
41 36
41 37
42 37
