0 0
1 0
1 1
1 2
1 1
1 2
2 2
3 2
3 3
3 4
3 3
2 3
2 4
2 3
1 3
1 4
1 3
2 3
3 3
3 4
2 4
2 3
3 3
3 2
3 3
3 2
3 1
3 0
2 0
3 0
4 0
5 0
5 1
5 0
6 0
6 1
7 1
7 2
7 3
8 3
8 4
7 4
6 4
7 4
6 4
7 4
7 5
6 5
6 6
5 6
4 6
4 5
3 5
4 5
4 4
3 4
2 4
2 5
3 5
3 6
4 6
5 6
6 6
6 5
6 4
5 4
5 5
5 4
5 3
5 4
5 5
6 5
5 5
5 4
5 5
5 6
5 5
5 4
5 5
5 6
4 6
3 6
3 7
3 6
3 7
3 6
3 7
2 7
3 7
2 7
2 6
1 6
1 7
0 7
0 6
0 7
0 6
0 5
1 5
2 5
1 5
1 4
2 4
3 4
4 4
3 4
4 4
4 5
4 4
4 5
4 4
4 5
4 4
4 3
5 3
6 3
5 3
5 4
5 3
5 4
5 5
4 5
5 5
6 5
6 6
7 6
6 6
5 6
5 5
5 6
4 6
4 7
4 8
4 7
4 6
4 7
4 6
4 5
4 6
3 6
3 7
3 8
3 7
2 7
1 7
0 7
0 6
1 6
1 7
0 7
1 7
1 8
1 9
1 10
2 10
2 9
2 8
3 8
3 9
4 9
3 9
4 9
3 9
3 8
3 9
3 10
4 10
3 10
2 10
2 9
1 9
1 8
1 7
0 7
0 8
1 8
1 7
2 7
3 7
2 7
3 7
4 7
4 8
4 9
3 9
3 10
3 11
4 11
4 12
5 12
6 12
5 12
5 11
5 10
5 11
4 11
5 11
6 11
6 10
7 10
8 10
8 11
8 10
8 11
8 12
8 11
7 11
7 12
8 12
8 11
7 11
7 10
7 11
7 12
6 12
6 13
6 14
7 14
7 13
8 13
8 12
8 13
8 12
8 11
7 11
7 12
7 11
8 11
8 12
8 13
7 13
7 12
7 11
6 11
7 11
8 11
8 12
8 11
9 11
8 11
9 11
10 11
10 10
10 11
10 12
10 13
10 12
10 13
11 13
12 13
12 12
11 12
11 11
10 11
10 12
10 13
10 14
10 15
10 16
10 17
11 17
11 16
10 16
10 15
10 16
10 17
9 17
10 17
10 16
10 17
10 16
10 15
10 16
10 15
9 15
9 16
9 17
8 17
8 16
8 17
8 16
8 17
8 16
8 17
8 16
9 16
9 17
9 18
8 18
8 17
7 17
7 16
8 16
8 17
8 16
7 16
7 15
6 15
7 15
8 15
9 15
9 14
9 13
8 13
7 13
8 13
8 12
7 12
7 11
7 12
8 12
9 12
9 11
8 11
8 10
8 11
9 11
8 11
8 10
7 10
8 10
9 10
9 11
9 10
8 10
9 10
10 10
9 10
10 10
10 11
11 11
10 11
10 10
9 10
9 9
9 10
10 10
11 10
12 10
11 10
11 9
11 10
11 9
11 10
11 9
11 10
12 10
12 11
12 12
13 12
14 12
14 13
15 13
15 14
14 14
14 15
14 16
15 16
16 16
17 16
18 16
18 17
17 17
16 17
17 17
18 17
18 16
18 17
18 16
18 15
18 16
18 17
18 18
18 17
19 17
19 18
19 19
19 20
20 20
21 20
22 20
22 19
23 19
23 18
23 19
23 20
22 20
22 21
23 21
24 21
24 20
23 20
24 20
24 19
24 20
24 19
25 19
24 19
24 18
24 17
25 17
25 16
26 16
26 17
27 17
26 17
26 18
27 18
26 18
27 18
27 19
26 19
25 19
25 18
25 19
26 19
27 19
27 20
27 19
27 18
26 18
25 18
24 18
25 18
24 18
24 19
24 18
24 19
25 19
25 18
25 19
25 20
26 20
27 20
28 20
29 20
29 21
29 20
29 19
28 19
28 20
28 21
27 21
26 21
27 21
27 20
27 21
28 21
29 21
29 22
28 22
28 23
28 22
29 22
29 23
30 23
31 23
30 23
30 24
30 23
30 22
30 23
30 24
30 25
31 25
32 25
32 26
32 27
32 28
33 28
33 29
33 30
32 30
32 29
32 28
32 27
32 26
32 25
31 25
30 25
31 25
31 26
31 27
30 27
31 27
30 27
29 27
29 26
28 26
28 27
28 26
29 26
29 25
28 25
28 24
28 25
28 24
28 23
27 23
28 23
27 23
27 22
28 22
27 22
27 21
27 22
26 22
25 22
26 22
26 23
26 22
26 21
27 21
27 22
26 22
26 23
26 22
25 22
25 23
25 22
25 21
26 21
25 21
26 21
26 20
26 21
26 22
25 22
25 23
25 22
25 23
25 24
26 24
27 24
28 24
28 23
28 24
29 24
28 24
27 24
27 25
27 24
27 25
27 24
26 24
27 24
28 24
28 23
29 23
29 24
30 24
30 25
30 24
30 25
29 25
30 25
29 25
29 26
29 27
29 28
30 28
29 28
29 29
30 29
31 29
31 30
30 30
31 30
32 30
32 29
31 29
32 29
32 28
33 28
32 28
32 27
32 26
31 26
30 26
31 26
31 25
32 25
32 24
32 25
32 26
32 27
33 27
32 27
31 27
31 28
31 27
30 27
30 28
29 28
29 27
29 28
29 29
29 30
30 30
30 31
30 30
30 31
29 31
29 30
30 30
30 31
30 30
29 30
29 29
30 29
31 29
31 30
32 30
33 30
33 31
34 31
34 32
34 33
34 34
33 34
33 33
34 33
34 34
33 34
33 33
34 33
34 34
34 35
34 36
33 36
32 36
33 36
34 36
33 36
34 36
33 36
33 35
34 35
35 35
35 34
35 35
34 35
34 36
35 36
34 36
34 35
35 35
34 35
34 34
34 33
33 33
32 33
33 33
32 33
31 33
32 33
32 34
32 35
32 36
32 37
33 37
32 37
33 37
33 36
34 36
33 36
34 36
35 36
35 35
35 34
35 33
34 33
34 32
34 31
33 31
33 30
34 30
34 29
34 30
33 30
33 29
34 29
34 28
35 28
36 28
36 27
35 27
36 27
36 26
37 26
38 26
38 25
39 25
38 25
38 24
38 23
38 22
38 23
38 24
38 25
38 26
38 25
37 25
38 25
37 25
38 25
39 25
39 26
39 27
39 26
38 26
39 26
39 27
40 27
40 28
40 27
40 28
39 28
40 28
39 28
40 28
39 28
39 29
40 29
39 29
40 29
40 28
40 27
40 26
40 27
40 26
40 27
40 28
40 29
40 28
39 28
40 28
40 27
41 27
40 27
40 26
41 26
42 26
42 25
42 26
41 26
42 26
42 25
42 26
42 25
43 25
44 25
43 25
44 25
43 25
43 24
44 24
44 23
44 22
43 22
44 22
45 22
46 22
46 23
45 23
45 22
44 22
44 23
44 24
44 25
44 24
45 24
45 25
46 25
47 25
48 25
49 25
50 25
49 25
48 25
47 25
47 24
47 23
47 22
47 21
46 21
45 21
45 22
45 21
45 22
45 21
45 22
45 21
45 20
45 21
45 22
45 21
45 22
46 22
46 21
46 20
46 21
47 21
48 21
47 21
47 20
47 21
48 21
47 21
47 22
47 21
46 21
46 22
46 23
45 23
45 24
45 25
44 25
44 24
44 25
43 25
42 25
42 26
41 26
41 27
41 28
41 27
42 27
42 26
43 26
43 27
43 28
44 28
44 27
43 27
44 27
44 28
44 27
44 28
45 28
45 29
45 30
45 31
45 32
45 31
45 32
44 32
44 31
43 31
43 30
44 30
43 30
43 31
43 30
44 30
43 30
42 30
41 30
41 31
41 30
40 30
40 31
40 30
40 29
40 30
40 31
40 30
39 30
39 29
38 29
38 28
37 28
37 27
38 27
39 27
39 26
40 26
39 26
40 26
40 25
40 24
39 24
38 24
38 25
38 26
39 26
38 26
38 27
37 27
37 28
37 27
38 27
39 27
40 27
41 27
40 27
39 27
40 27
40 26
39 26
38 26
38 27
38 26
38 27
37 27
37 28
37 29
36 29
36 30
35 30
34 30
34 29
33 29
32 29
31 29
31 30
31 31
31 30
31 31
32 31
31 31
30 31
30 32
30 31
31 31
30 31
30 32
31 32
31 31
31 32
31 33
32 33
32 32
32 31
32 32
32 33
33 33
33 34
32 34
32 33
31 33
32 33
31 33
31 32
31 31
30 31
30 32
30 31
29 31
28 31
29 31
29 32
28 32
28 31
27 31
28 31
28 30
28 31
27 31
26 31
26 32
25 32
26 32
25 32
25 33
24 33
24 34
25 34
25 33
24 33
24 32
23 32
23 31
22 31
22 30
23 30
23 31
22 31
23 31
24 31
23 31
23 30
24 30
25 30
25 29
24 29
23 29
23 28
23 27
23 28
24 28
24 27
24 28
23 28
23 29
22 29
21 29
21 28
21 27
20 27
