0 0
1 0
2 0
2 1
2 2
2 1
2 0
2 1
2 2
2 1
3 1
3 2
3 1
4 1
4 0
5 0
4 0
4 1
3 1
3 2
4 2
3 2
4 2
4 3
5 3
4 3
4 2
3 2
3 1
3 0
4 0
4 1
4 0
4 1
5 1
5 0
5 1
5 0
6 0
6 1
6 0
6 1
7 1
6 1
5 1
5 0
4 0
4 1
4 2
4 3
3 3
3 4
2 4
1 4
1 5
1 6
1 5
1 6
0 6
0 7
1 7
1 6
1 7
0 7
0 6
0 7
0 6
1 6
1 5
1 4
1 5
2 5
3 5
4 5
4 4
4 5
3 5
2 5
2 6
1 6
1 5
0 5
1 5
1 4
0 4
1 4
0 4
0 3
0 4
0 3
0 4
0 5
0 6
1 6
1 7
1 6
1 5
1 4
2 4
2 3
3 3
3 4
3 5
3 4
3 3
3 2
3 3
4 3
4 2
5 2
5 1
6 1
5 1
4 1
4 0
3 0
3 1
4 1
4 2
4 1
3 1
3 0
4 0
4 1
4 2
4 1
5 1
4 1
4 0
5 0
5 1
5 0
4 0
3 0
3 1
2 1
2 2
2 3
2 4
3 4
3 5
3 6
3 5
3 6
4 6
4 5
3 5
2 5
2 6
3 6
2 6
2 5
2 4
2 3
2 4
2 5
3 5
2 5
3 5
2 5
2 4
1 4
0 4
0 5
1 5
1 4
1 3
1 2
2 2
2 1
1 1
1 2
1 1
1 0
0 0
1 0
2 0
3 0
3 1
3 2
3 1
4 1
5 1
5 2
4 2
3 2
3 1
4 1
4 2
5 2
5 1
5 2
5 1
6 1
6 2
6 1
6 0
7 0
7 1
7 2
7 3
6 3
7 3
8 3
8 4
7 4
7 3
7 4
8 4
7 4
7 5
8 5
7 5
7 4
7 5
6 5
6 4
6 3
7 3
8 3
7 3
7 2
7 1
7 2
8 2
8 1
7 1
6 1
5 1
6 1
6 0
7 0
7 1
6 1
7 1
7 0
7 1
7 2
7 1
8 1
9 1
8 1
7 1
8 1
9 1
9 2
8 2
7 2
7 3
7 4
7 3
7 4
7 5
6 5
6 6
7 6
7 7
7 8
7 7
8 7
8 6
9 6
8 6
9 6
10 6
10 5
11 5
12 5
12 6
12 7
12 6
12 7
11 7
12 7
12 6
11 6
12 6
11 6
10 6
9 6
8 6
7 6
8 6
9 6
8 6
9 6
8 6
9 6
9 7
10 7
11 7
12 7
12 8
11 8
11 9
11 10
11 11
11 12
11 13
11 12
11 13
12 13
12 14
12 13
11 13
10 13
9 13
10 13
9 13
9 12
9 11
9 12
10 12
10 11
11 11
10 11
9 11
8 11
8 12
8 13
8 14
7 14
7 13
6 13
5 13
5 12
6 12
7 12
7 13
6 13
6 12
5 12
5 11
6 11
5 11
5 12
6 12
6 13
5 13
5 12
4 12
5 12
5 13
4 13
4 12
4 11
5 11
4 11
4 12
5 12
5 11
6 11
6 12
5 12
4 12
3 12
2 12
2 11
2 12
2 11
3 11
3 12
2 12
2 13
2 14
1 14
2 14
2 13
1 13
2 13
3 13
2 13
2 12
1 12
1 13
1 12
0 12
1 12
1 11
2 11
2 12
3 12
2 12
1 12
1 13
1 14
2 14
2 13
2 12
1 12
1 11
1 12
1 13
1 12
1 13
1 14
1 15
2 15
1 15
2 15
2 16
2 15
3 15
3 14
3 13
3 12
2 12
2 11
3 11
2 11
2 10
1 10
1 11
1 12
1 13
1 12
0 12
0 13
1 13
1 12
1 11
0 11
1 11
2 11
2 10
2 11
3 11
3 10
2 10
1 10
0 10
0 11
0 10
0 9
1 9
0 9
0 8
1 8
1 9
1 8
1 7
1 8
0 8
0 9
0 8
1 8
1 7
2 7
1 7
0 7
0 6
0 7
1 7
1 8
1 7
1 8
2 8
3 8
2 8
2 9
3 9
3 8
2 8
1 8
0 8
1 8
0 8
1 8
1 9
0 9
1 9
2 9
2 8
2 7
2 6
1 6
1 7
0 7
1 7
1 8
1 9
1 10
1 9
1 10
2 10
2 11
2 12
1 12
2 12
3 12
4 12
4 11
5 11
4 11
4 12
5 12
5 13
6 13
5 13
5 14
4 14
5 14
5 15
6 15
7 15
8 15
7 15
7 14
6 14
5 14
6 14
7 14
7 13
7 12
8 12
8 13
8 14
8 13
9 13
10 13
9 13
9 14
8 14
7 14
6 14
6 15
7 15
6 15
6 16
7 16
6 16
5 16
5 17
6 17
7 17
6 17
6 18
6 19
7 19
7 20
8 20
8 19
8 18
8 19
9 19
10 19
10 20
11 20
11 21
11 20
11 21
10 21
10 22
10 23
10 22
10 23
11 23
11 22
11 21
12 21
12 20
12 21
13 21
13 20
14 20
14 21
14 22
14 23
15 23
16 23
16 22
17 22
18 22
18 21
18 22
18 21
18 20
18 19
19 19
19 20
18 20
18 19
18 18
18 19
17 19
17 18
17 17
16 17
16 18
16 19
16 20
17 20
17 21
17 22
17 21
16 21
15 21
14 21
15 21
15 20
14 20
14 21
13 21
13 22
14 22
14 21
14 20
15 20
14 20
14 19
14 18
15 18
16 18
17 18
18 18
18 19
17 19
17 18
17 19
16 19
17 19
18 19
18 20
18 21
18 22
19 22
19 21
19 22
19 23
18 23
18 22
18 23
18 24
17 24
17 25
17 24
17 23
16 23
17 23
18 23
17 23
17 24
16 24
16 25
16 24
16 25
16 26
17 26
17 27
18 27
19 27
19 26
19 27
19 28
20 28
21 28
20 28
21 28
21 29
21 30
22 30
22 31
23 31
23 30
24 30
25 30
25 29
25 30
25 29
25 30
25 29
25 28
24 28
23 28
23 27
22 27
21 27
20 27
21 27
22 27
23 27
24 27
24 28
25 28
26 28
26 27
26 28
26 29
27 29
28 29
28 28
28 29
28 30
28 31
28 32
29 32
28 32
29 32
28 32
29 32
28 32
28 31
28 32
28 33
27 33
27 32
27 31
28 31
29 31
29 30
29 29
29 28
30 28
30 29
30 30
31 30
31 29
31 30
31 31
30 31
30 32
30 33
29 33
29 32
29 33
28 33
29 33
29 32
29 33
29 34
29 35
28 35
28 36
28 37
27 37
27 36
27 37
27 38
27 39
26 39
27 39
27 38
27 37
28 37
28 36
28 37
28 38
28 39
28 40
27 40
26 40
25 40
25 39
26 39
27 39
27 40
27 39
26 39
26 38
26 37
26 36
25 36
25 37
26 37
27 37
28 37
28 36
29 36
29 35
29 36
29 35
30 35
30 36
29 36
28 36
28 37
27 37
28 37
27 37
28 37
28 36
27 36
27 35
26 35
25 35
26 35
26 36
26 35
27 35
26 35
25 35
25 34
26 34
26 33
25 33
24 33
23 33
23 32
23 33
23 32
22 32
23 32
24 32
24 31
23 31
23 32
23 31
23 32
22 32
21 32
21 33
21 32
20 32
19 32
20 32
19 32
20 32
19 32
20 32
21 32
20 32
21 32
21 33
22 33
21 33
21 34
20 34
20 35
20 36
21 36
21 37
22 37
21 37
21 36
21 37
20 37
21 37
22 37
21 37
21 38
20 38
19 38
19 39
19 38
19 37
18 37
19 37
19 38
20 38
21 38
22 38
23 38
24 38
24 39
23 39
24 39
25 39
24 39
25 39
25 40
26 40
26 41
27 41
26 41
26 42
27 42
28 42
28 41
29 41
29 40
29 41
29 42
29 43
29 44
28 44
27 44
27 45
27 46
27 47
27 46
27 47
27 48
27 49
28 49
28 50
29 50
30 50
30 51
29 51
30 51
30 52
31 52
30 52
30 51
30 52
30 51
30 52
31 52
30 52
30 53
30 52
30 51
30 50
30 49
29 49
29 48
29 47
29 46
29 45
29 46
30 46
29 46
29 47
29 46
29 47
30 47
29 47
30 47
29 47
29 46
30 46
29 46
30 46
30 47
30 48
31 48
32 48
31 48
31 47
30 47
29 47
28 47
27 47
27 46
28 46
29 46
29 47
29 46
28 46
27 46
27 45
26 45
25 45
25 46
25 47
25 46
25 47
25 46
25 47
25 48
25 49
24 49
24 48
24 49
23 49
23 48
23 47
23 48
22 48
23 48
23 49
23 48
23 49
22 49
22 50
22 51
22 52
22 53
23 53
23 52
23 51
23 50
23 49
23 48
24 48
24 49
24 48
24 47
25 47
25 46
26 46
27 46
26 46
26 45
27 45
27 44
27 45
28 45
28 46
28 47
28 46
27 46
27 45
28 45
29 45
29 44
30 44
30 43
30 42
31 42
