0 0
1 0
0 0
1 0
1 1
0 1
0 0
0 1
1 1
0 1
0 0
0 1
1 1
1 2
0 2
1 2
1 3
1 2
1 3
2 3
2 4
3 4
3 5
3 4
3 3
3 4
3 3
3 4
3 3
3 2
3 3
3 4
4 4
3 4
2 4
1 4
1 5
1 4
1 5
1 6
0 6
0 5
1 5
0 5
0 4
1 4
0 4
0 5
1 5
1 6
2 6
3 6
3 7
2 7
2 6
1 6
2 6
2 7
2 6
2 5
3 5
3 4
4 4
4 3
4 2
3 2
3 3
4 3
5 3
5 4
5 5
5 6
5 7
6 7
7 7
7 8
8 8
7 8
7 7
7 6
8 6
9 6
9 5
9 6
9 5
9 6
9 7
9 8
9 9
10 9
10 8
10 9
9 9
9 10
9 9
10 9
9 9
8 9
8 8
8 9
8 10
8 11
8 10
7 10
7 9
8 9
9 9
8 9
9 9
9 10
9 11
10 11
9 11
9 10
9 11
10 11
9 11
9 12
8 12
7 12
8 12
8 11
9 11
8 11
8 10
8 9
8 10
8 11
9 11
10 11
11 11
12 11
13 11
13 10
12 10
13 10
13 9
12 9
13 9
14 9
15 9
15 10
16 10
16 9
16 10
16 9
16 10
15 10
14 10
13 10
13 9
13 8
14 8
15 8
15 7
15 6
15 7
15 6
16 6
15 6
15 5
14 5
15 5
15 4
15 5
14 5
14 4
15 4
14 4
15 4
14 4
14 5
13 5
13 6
12 6
12 5
12 4
13 4
14 4
14 5
14 6
14 7
15 7
16 7
16 6
17 6
17 5
17 4
18 4
19 4
20 4
21 4
22 4
21 4
21 3
22 3
21 3
22 3
22 4
21 4
22 4
22 5
22 4
21 4
21 5
21 6
21 7
20 7
21 7
20 7
20 8
20 9
20 10
20 11
21 11
20 11
20 10
21 10
21 11
21 10
20 10
20 9
19 9
19 8
19 7
19 6
20 6
21 6
21 7
21 6
22 6
22 7
22 6
23 6
24 6
24 5
24 6
25 6
25 5
26 5
27 5
27 4
27 5
26 5
26 4
26 3
25 3
25 4
25 5
25 4
25 5
26 5
26 4
27 4
27 5
27 6
27 7
26 7
27 7
26 7
27 7
26 7
27 7
27 8
26 8
27 8
28 8
29 8
30 8
30 9
31 9
31 8
32 8
33 8
33 9
33 8
34 8
34 7
34 6
34 7
34 8
35 8
35 9
35 8
34 8
33 8
32 8
32 7
32 6
32 7
32 8
32 7
32 6
32 7
32 8
33 8
32 8
32 7
32 6
32 5
31 5
31 6
32 6
31 6
31 7
30 7
30 6
30 7
30 6
30 7
29 7
29 8
29 7
28 7
27 7
26 7
27 7
27 6
28 6
27 6
27 7
27 6
27 5
27 6
26 6
27 6
27 5
27 6
28 6
29 6
29 7
30 7
31 7
31 8
32 8
32 9
33 9
32 9
33 9
33 8
33 9
34 9
33 9
33 10
34 10
34 9
35 9
36 9
36 10
36 11
35 11
34 11
34 12
34 11
33 11
32 11
33 11
33 10
33 11
34 11
34 12
35 12
34 12
34 13
35 13
35 14
35 15
35 14
34 14
33 14
34 14
35 14
36 14
35 14
35 13
35 12
34 12
33 12
33 11
33 10
34 10
34 9
34 10
33 10
33 11
34 11
35 11
35 10
36 10
37 10
38 10
38 9
38 10
37 10
37 11
38 11
37 11
38 11
38 10
37 10
36 10
36 11
37 11
37 12
37 13
38 13
37 13
38 13
37 13
38 13
38 12
37 12
37 13
37 12
38 12
37 12
37 13
37 14
36 14
35 14
34 14
34 13
34 14
34 15
35 15
35 16
36 16
37 16
36 16
37 16
38 16
38 17
39 17
39 18
39 19
38 19
38 20
37 20
37 19
37 18
38 18
37 18
37 17
37 18
37 19
37 20
38 20
38 19
39 19
38 19
37 19
37 18
37 19
38 19
38 18
37 18
36 18
35 18
35 17
35 18
35 19
36 19
36 18
36 19
37 19
37 20
36 20
36 21
37 21
37 22
37 21
37 22
38 22
38 23
38 24
37 24
36 24
37 24
37 23
37 22
38 22
38 21
39 21
38 21
38 22
38 21
37 21
37 22
38 22
38 21
39 21
38 21
38 22
38 21
37 21
37 22
36 22
35 22
34 22
33 22
33 21
33 20
33 21
34 21
34 20
34 21
33 21
32 21
32 22
32 23
33 23
33 24
32 24
33 24
34 24
34 25
34 26
34 25
34 26
34 27
34 28
35 28
35 27
35 26
35 25
36 25
37 25
37 26
37 27
36 27
37 27
38 27
37 27
37 28
38 28
38 29
38 28
37 28
37 27
37 28
36 28
37 28
37 27
37 26
38 26
38 27
39 27
39 28
39 27
39 28
39 27
39 28
38 28
39 28
39 27
40 27
39 27
39 28
39 27
39 26
39 25
39 26
39 27
40 27
41 27
40 27
39 27
39 26
39 27
38 27
37 27
38 27
38 28
39 28
40 28
40 29
41 29
42 29
41 29
42 29
42 28
41 28
41 27
41 28
41 29
41 28
41 29
41 28
40 28
40 29
41 29
41 30
42 30
42 29
42 30
41 30
41 31
41 30
41 29
42 29
42 30
41 30
41 31
41 30
42 30
43 30
42 30
41 30
41 29
41 28
42 28
42 27
43 27
44 27
43 27
44 27
44 28
45 28
45 27
46 27
46 28
45 28
45 27
45 28
45 29
45 30
45 31
44 31
44 32
44 33
43 33
43 32
43 33
42 33
42 34
42 35
43 35
44 35
44 36
43 36
43 35
42 35
42 34
42 35
42 34
42 33
42 34
42 33
42 34
42 35
42 34
42 33
42 32
42 33
41 33
41 32
41 33
42 33
41 33
42 33
42 34
42 35
41 35
41 34
41 33
40 33
40 32
39 32
39 33
39 34
39 33
39 32
38 32
38 33
38 34
38 33
38 34
38 35
38 36
37 36
37 37
36 37
36 38
35 38
34 38
34 39
35 39
35 38
35 37
35 38
36 38
37 38
38 38
38 39
37 39
37 38
37 37
38 37
39 37
39 36
39 37
39 36
39 37
39 38
39 39
39 38
38 38
38 37
39 37
40 37
40 36
39 36
38 36
38 35
39 35
40 35
40 34
40 35
40 34
41 34
41 35
42 35
43 35
43 34
44 34
44 33
44 34
44 35
44 36
44 37
44 38
44 37
44 36
44 37
44 36
44 35
43 35
43 34
43 33
43 32
43 33
43 34
42 34
41 34
42 34
41 34
41 33
41 34
41 35
41 36
40 36
39 36
40 36
41 36
41 37
42 37
43 37
43 38
43 37
42 37
42 38
43 38
43 37
44 37
45 37
46 37
45 37
45 38
44 38
45 38
44 38
44 39
45 39
44 39
43 39
43 38
42 38
42 37
43 37
43 38
43 39
43 38
44 38
44 37
45 37
45 36
44 36
43 36
43 35
43 34
44 34
43 34
43 35
43 36
43 37
43 36
44 36
44 35
44 36
44 37
43 37
44 37
44 38
43 38
42 38
43 38
43 39
44 39
44 40
45 40
45 39
45 38
45 39
44 39
45 39
45 38
44 38
43 38
42 38
42 39
43 39
43 38
44 38
44 39
43 39
43 40
43 39
42 39
41 39
40 39
40 38
41 38
42 38
42 37
41 37
42 37
42 36
43 36
42 36
41 36
41 35
40 35
40 34
39 34
38 34
37 34
37 33
37 34
36 34
35 34
34 34
34 33
34 34
33 34
33 35
32 35
32 36
32 37
33 37
33 36
33 37
33 36
32 36
33 36
34 36
34 37
34 38
35 38
36 38
36 39
37 39
36 39
35 39
34 39
34 40
35 40
35 39
35 40
34 40
34 41
34 40
34 39
33 39
33 38
34 38
34 37
33 37
34 37
34 38
35 38
35 39
35 38
35 37
34 37
33 37
33 36
33 37
33 36
33 37
33 38
34 38
33 38
33 39
33 40
34 40
33 40
34 40
35 40
36 40
37 40
37 41
37 40
37 41
37 42
36 42
35 42
36 42
37 42
37 43
38 43
39 43
38 43
38 42
39 42
39 41
40 41
40 40
40 39
40 38
40 39
41 39
41 40
41 39
40 39
39 39
39 38
39 39
38 39
38 38
38 39
39 39
39 38
38 38
37 38
37 37
37 36
37 35
38 35
38 34
38 33
39 33
39 32
40 32
40 33
40 34
40 35
40 34
41 34
40 34
40 33
40 34
41 34
42 34
43 34
42 34
42 33
42 32
43 32
44 32
44 33
45 33
45 32
44 32
44 31
43 31
44 31
45 31
46 31
46 30
46 29
45 29
45 30
46 30
46 31
46 32
46 33
46 32
47 32
46 32
45 32
44 32
43 32
44 32
43 32
43 31
43 30
43 29
43 30
42 30
42 29
