0 0
0 1
0 0
0 1
1 1
1 2
1 3
1 4
0 4
1 4
2 4
1 4
2 4
1 4
1 5
1 4
2 4
1 4
2 4
2 3
3 3
4 3
3 3
3 2
4 2
4 1
4 0
4 1
4 0
4 1
4 0
4 1
3 1
4 1
4 0
4 1
4 0
5 0
5 1
6 1
6 2
5 2
5 1
4 1
3 1
3 2
3 3
4 3
5 3
5 4
4 4
5 4
6 4
7 4
7 3
7 2
7 3
7 4
7 5
8 5
7 5
6 5
5 5
5 4
5 5
5 4
4 4
3 4
2 4
2 3
2 2
1 2
2 2
3 2
4 2
4 1
4 2
5 2
5 1
6 1
7 1
8 1
8 2
7 2
7 1
6 1
6 0
6 1
6 0
5 0
5 1
5 2
6 2
6 1
6 0
7 0
8 0
8 1
9 1
8 1
8 2
9 2
9 3
9 4
9 5
8 5
9 5
10 5
10 4
10 5
9 5
8 5
8 4
8 3
8 4
8 3
7 3
7 4
7 3
7 2
8 2
8 3
8 2
9 2
9 3
8 3
9 3
8 3
8 2
9 2
9 3
9 2
9 1
9 2
9 1
8 1
8 0
7 0
7 1
6 1
6 0
6 1
5 1
6 1
6 2
6 1
5 1
6 1
6 2
5 2
5 3
6 3
5 3
4 3
4 4
3 4
3 5
4 5
5 5
5 4
5 3
5 2
6 2
6 1
7 1
7 0
7 1
6 1
7 1
7 0
7 1
8 1
8 0
8 1
7 1
8 1
8 0
8 1
7 1
6 1
6 2
6 1
5 1
4 1
5 1
4 1
4 0
3 0
3 1
2 1
3 1
2 1
2 0
2 1
2 0
2 1
3 1
2 1
1 1
0 1
1 1
1 2
2 2
2 1
2 0
1 0
0 0
1 0
1 1
2 1
2 0
2 1
1 1
0 1
1 1
2 1
2 2
1 2
2 2
3 2
3 1
3 2
3 3
2 3
1 3
0 3
0 2
0 3
0 2
0 3
0 4
1 4
2 4
2 3
1 3
0 3
1 3
2 3
2 4
1 4
1 3
1 2
1 3
2 3
2 4
1 4
1 5
1 6
1 7
1 6
1 5
2 5
2 6
2 7
3 7
2 7
3 7
3 8
3 9
4 9
4 8
4 9
4 8
4 9
4 10
4 11
5 11
5 10
6 10
6 9
6 10
6 9
6 10
5 10
4 10
5 10
4 10
4 9
4 10
4 11
4 12
5 12
4 12
3 12
2 12
2 11
3 11
2 11
2 10
1 10
1 11
1 10
2 10
2 11
2 10
1 10
2 10
2 9
3 9
3 8
3 9
2 9
1 9
1 10
1 11
1 12
0 12
1 12
1 13
2 13
1 13
2 13
3 13
2 13
2 12
3 12
2 12
3 12
3 11
3 10
3 11
3 10
3 11
3 10
4 10
3 10
2 10
2 11
3 11
3 10
3 9
4 9
3 9
3 10
3 11
3 12
4 12
4 11
4 12
3 12
2 12
3 12
3 13
2 13
1 13
1 14
0 14
1 14
0 14
1 14
1 13
1 14
1 13
2 13
2 12
2 11
1 11
1 12
1 13
1 14
1 13
2 13
2 14
2 15
2 16
1 16
0 16
1 16
0 16
1 16
1 17
2 17
3 17
2 17
1 17
2 17
2 18
2 19
3 19
3 18
2 18
3 18
2 18
1 18
1 19
2 19
2 18
2 17
2 18
1 18
2 18
3 18
2 18
2 19
2 20
1 20
2 20
2 19
2 20
2 21
3 21
3 22
3 23
4 23
4 22
4 21
3 21
3 20
4 20
5 20
6 20
6 21
5 21
6 21
5 21
4 21
4 22
4 21
4 20
3 20
4 20
3 20
3 19
3 20
3 19
4 19
4 20
3 20
2 20
2 21
3 21
3 20
4 20
4 21
4 22
4 21
5 21
5 20
4 20
4 21
3 21
2 21
3 21
3 22
4 22
5 22
5 23
5 22
5 23
5 22
6 22
5 22
6 22
5 22
5 21
5 22
6 22
5 22
4 22
3 22
4 22
4 21
4 20
5 20
4 20
3 20
2 20
1 20
0 20
0 19
0 18
0 19
0 18
0 17
1 17
2 17
1 17
2 17
1 17
1 16
0 16
0 15
1 15
0 15
0 16
0 15
0 14
1 14
2 14
3 14
3 13
4 13
4 14
3 14
3 13
3 14
3 13
3 14
4 14
4 13
5 13
6 13
7 13
6 13
6 12
7 12
8 12
8 13
8 14
8 15
8 14
8 15
8 16
8 15
7 15
6 15
6 16
6 15
7 15
7 14
7 15
7 16
7 17
7 16
7 15
7 16
7 15
7 14
7 13
7 12
6 12
5 12
5 13
4 13
4 14
4 15
4 16
5 16
4 16
4 17
5 17
4 17
4 18
3 18
4 18
3 18
3 17
3 16
3 15
2 15
1 15
0 15
1 15
1 14
1 15
0 15
1 15
0 15
1 15
2 15
3 15
2 15
2 16
2 17
3 17
3 18
4 18
4 19
4 20
5 20
6 20
6 19
7 19
7 20
7 21
7 20
8 20
8 19
9 19
9 20
9 19
10 19
10 18
10 19
9 19
9 20
10 20
9 20
10 20
10 21
10 22
11 22
11 23
12 23
13 23
13 24
14 24
14 25
14 24
13 24
12 24
12 25
13 25
14 25
14 24
15 24
16 24
16 23
16 24
17 24
18 24
17 24
17 25
16 25
16 26
16 27
17 27
16 27
16 26
16 27
17 27
17 28
16 28
16 27
15 27
15 26
14 26
14 25
14 24
14 23
15 23
16 23
16 24
15 24
15 25
15 26
15 27
15 28
16 28
16 29
15 29
14 29
15 29
15 30
15 31
15 32
15 33
15 34
16 34
17 34
17 35
16 35
15 35
15 34
15 33
15 32
14 32
15 32
15 33
16 33
16 32
17 32
17 33
17 32
17 33
16 33
17 33
16 33
16 32
17 32
17 33
16 33
16 34
16 33
15 33
14 33
14 34
14 33
14 34
14 33
14 32
15 32
15 31
15 30
15 31
15 32
14 32
15 32
15 33
15 34
16 34
15 34
14 34
14 35
13 35
14 35
13 35
13 36
14 36
13 36
14 36
15 36
15 35
15 34
15 33
14 33
13 33
13 32
13 31
13 30
12 30
11 30
10 30
9 30
9 31
9 32
8 32
8 33
8 34
7 34
8 34
8 33
8 32
7 32
6 32
7 32
7 33
8 33
7 33
7 32
8 32
8 31
8 30
8 31
8 30
8 31
9 31
9 32
10 32
10 33
10 32
11 32
11 31
11 30
11 31
12 31
12 32
12 33
12 32
11 32
12 32
13 32
14 32
13 32
13 31
14 31
13 31
14 31
13 31
13 32
12 32
12 33
13 33
13 34
14 34
14 33
15 33
15 34
15 33
15 32
14 32
14 33
14 32
14 33
14 34
15 34
14 34
15 34
15 35
16 35
17 35
16 35
17 35
17 36
17 35
17 34
16 34
17 34
17 33
18 33
18 32
18 31
19 31
19 30
20 30
20 29
21 29
22 29
22 28
22 29
23 29
23 28
23 27
23 26
23 25
23 26
23 27
23 26
23 27
23 26
23 25
24 25
25 25
26 25
27 25
28 25
28 26
27 26
26 26
27 26
26 26
25 26
25 25
24 25
23 25
23 26
24 26
24 25
25 25
25 26
25 25
25 26
24 26
24 25
24 24
24 23
25 23
24 23
25 23
26 23
25 23
25 24
25 25
26 25
26 24
27 24
28 24
28 25
29 25
28 25
28 26
28 27
28 26
27 26
28 26
28 27
29 27
29 26
28 26
27 26
26 26
25 26
24 26
24 25
24 24
24 25
23 25
23 26
23 27
22 27
22 26
22 27
22 28
23 28
23 27
22 27
23 27
24 27
23 27
23 28
23 27
24 27
23 27
22 27
21 27
20 27
19 27
19 28
18 28
18 27
17 27
18 27
17 27
17 26
16 26
17 26
17 25
16 25
16 26
15 26
15 27
15 28
15 27
16 27
16 28
15 28
15 27
15 26
16 26
15 26
15 27
15 26
15 25
15 24
15 25
15 26
14 26
13 26
12 26
11 26
11 25
12 25
11 25
10 25
10 26
11 26
12 26
12 25
12 26
11 26
10 26
9 26
8 26
7 26
7 25
8 25
8 26
9 26
9 25
8 25
7 25
7 24
6 24
6 23
5 23
5 22
4 22
4 23
4 24
4 25
4 24
3 24
3 23
3 24
2 24
3 24
3 25
3 24
4 24
3 24
3 25
3 24
4 24
4 23
3 23
3 22
3 21
4 21
4 22
5 22
5 23
5 22
6 22
5 22
6 22
6 23
6 24
7 24
8 24
8 23
8 24
9 24
9 23
8 23
8 22
8 23
8 24
8 25
7 25
7 26
8 26
9 26
9 27
9 26
8 26
7 26
8 26
7 26
6 26
6 27
