0 0
1 0
0 0
1 0
1 1
2 1
2 0
2 1
3 1
3 2
3 1
3 0
4 0
3 0
3 1
3 2
3 3
2 3
2 2
2 3
1 3
0 3
1 3
1 2
0 2
0 1
0 2
0 1
1 1
0 1
1 1
1 0
1 1
1 2
2 2
2 3
2 2
3 2
3 3
4 3
3 3
3 4
2 4
2 5
2 6
2 5
2 6
2 5
2 4
3 4
3 5
4 5
4 6
3 6
3 5
3 6
3 5
3 4
3 5
3 6
3 7
3 8
3 9
3 8
3 7
3 6
3 5
3 6
3 7
2 7
2 6
2 7
2 8
1 8
1 9
0 9
1 9
1 8
2 8
1 8
1 9
1 8
0 8
1 8
2 8
2 7
1 7
1 8
1 9
1 8
1 9
0 9
1 9
0 9
0 10
1 10
1 9
1 10
2 10
3 10
2 10
2 9
1 9
1 10
0 10
1 10
0 10
1 10
2 10
3 10
2 10
1 10
0 10
1 10
2 10
1 10
2 10
1 10
1 11
1 10
2 10
2 11
2 10
2 9
3 9
4 9
4 10
4 11
4 10
4 11
5 11
5 10
6 10
7 10
8 10
7 10
8 10
9 10
10 10
10 9
9 9
8 9
9 9
10 9
11 9
11 10
11 9
11 10
11 9
11 8
12 8
11 8
10 8
11 8
11 7
11 6
10 6
11 6
12 6
12 5
13 5
13 4
13 3
13 4
12 4
12 5
12 4
12 3
12 4
12 5
11 5
12 5
12 6
11 6
11 7
10 7
11 7
11 6
11 5
11 6
10 6
10 5
11 5
12 5
13 5
12 5
11 5
11 6
10 6
9 6
9 5
9 6
9 7
8 7
8 6
8 7
7 7
7 8
7 7
7 8
7 9
8 9
8 8
9 8
10 8
10 9
10 10
9 10
8 10
8 9
9 9
9 10
8 10
9 10
9 11
10 11
10 12
11 12
10 12
11 12
12 12
12 11
13 11
14 11
15 11
16 11
16 10
15 10
16 10
16 11
17 11
18 11
18 10
17 10
17 9
17 10
16 10
15 10
16 10
16 11
16 12
16 11
16 12
17 12
17 13
17 12
17 11
16 11
17 11
18 11
17 11
18 11
19 11
19 10
19 11
18 11
18 10
18 11
18 10
17 10
18 10
18 9
19 9
19 8
19 9
18 9
18 8
18 9
18 10
18 11
18 10
19 10
19 9
20 9
20 10
19 10
18 10
17 10
16 10
16 9
16 8
17 8
17 7
17 8
16 8
16 7
17 7
17 8
17 7
17 8
17 9
18 9
18 8
18 7
19 7
19 6
18 6
18 7
18 8
19 8
19 7
19 8
20 8
19 8
20 8
21 8
22 8
22 7
22 6
22 5
23 5
23 4
22 4
21 4
20 4
19 4
18 4
18 3
18 2
19 2
19 1
19 2
20 2
20 1
19 1
19 2
20 2
20 1
21 1
21 0
21 1
21 0
21 1
21 0
22 0
22 1
23 1
23 0
23 1
24 1
23 1
22 1
22 0
22 1
23 1
23 2
23 3
23 4
22 4
22 5
22 4
22 5
22 6
22 5
23 5
23 6
22 6
21 6
21 5
21 4
22 4
22 5
21 5
22 5
22 4
22 5
22 4
21 4
21 3
21 4
21 3
20 3
21 3
21 4
21 5
21 6
22 6
22 5
22 6
22 5
22 4
22 5
21 5
20 5
20 6
20 7
20 6
20 5
20 4
19 4
19 3
20 3
19 3
20 3
20 4
20 3
21 3
22 3
23 3
22 3
23 3
22 3
22 2
21 2
21 3
21 2
22 2
21 2
21 1
21 2
22 2
21 2
21 1
20 1
20 0
20 1
20 2
20 3
19 3
18 3
18 4
17 4
16 4
16 3
16 2
17 2
17 3
17 2
17 3
17 2
18 2
18 3
18 2
17 2
17 1
18 1
19 1
19 2
19 3
18 3
18 4
18 5
18 4
18 5
18 6
18 7
18 8
17 8
18 8
18 9
17 9
18 9
18 8
18 9
18 10
18 9
18 10
19 10
19 11
18 11
18 10
18 9
18 10
19 10
19 9
20 9
20 8
21 8
20 8
20 7
19 7
19 8
19 9
19 10
20 10
21 10
21 11
21 10
22 10
23 10
24 10
24 9
24 8
24 9
25 9
25 10
25 9
24 9
25 9
25 10
25 11
25 12
25 13
26 13
26 12
26 11
26 12
25 12
25 11
24 11
24 10
23 10
24 10
24 11
23 11
24 11
23 11
22 11
23 11
23 10
23 11
24 11
25 11
26 11
26 12
25 12
24 12
24 13
25 13
25 14
24 14
23 14
22 14
22 13
22 14
21 14
20 14
19 14
19 13
18 13
18 14
17 14
18 14
17 14
17 13
17 12
18 12
18 11
19 11
19 12
19 13
19 14
20 14
21 14
21 13
21 14
22 14
23 14
22 14
22 15
23 15
23 16
23 15
24 15
23 15
22 15
23 15
23 14
22 14
22 13
22 14
23 14
24 14
25 14
25 13
25 14
24 14
23 14
22 14
23 14
22 14
23 14
23 13
23 14
22 14
21 14
21 13
22 13
21 13
22 13
23 13
22 13
22 12
23 12
23 13
24 13
25 13
25 14
26 14
26 15
26 16
26 17
27 17
27 16
26 16
25 16
25 15
24 15
25 15
26 15
26 16
26 15
25 15
25 14
26 14
27 14
28 14
29 14
29 13
30 13
30 12
29 12
29 11
29 12
29 11
28 11
28 12
27 12
28 12
28 11
29 11
29 10
29 9
30 9
31 9
32 9
32 10
32 9
33 9
32 9
32 8
31 8
32 8
32 9
33 9
34 9
33 9
32 9
33 9
34 9
34 8
34 7
34 6
35 6
36 6
35 6
35 7
34 7
34 6
35 6
34 6
34 5
33 5
32 5
32 4
32 3
33 3
33 2
34 2
35 2
35 3
34 3
34 4
33 4
34 4
34 3
34 4
34 3
33 3
32 3
32 4
31 4
31 3
32 3
33 3
32 3
32 4
32 3
32 4
33 4
34 4
34 5
33 5
33 4
32 4
31 4
31 5
32 5
32 6
32 7
32 8
32 7
32 8
31 8
31 9
31 10
31 11
31 12
30 12
30 11
30 10
30 11
29 11
29 12
30 12
31 12
30 12
31 12
31 13
30 13
29 13
30 13
30 14
29 14
29 13
29 12
29 13
28 13
29 13
29 14
28 14
29 14
28 14
28 15
27 15
27 16
28 16
29 16
30 16
29 16
29 15
30 15
30 16
30 15
31 15
31 16
31 15
31 14
31 15
32 15
31 15
31 16
31 17
31 16
31 17
31 16
31 17
31 18
31 19
31 18
32 18
32 19
33 19
33 20
33 21
32 21
32 22
32 23
32 24
32 25
33 25
33 24
32 24
32 25
32 24
31 24
30 24
30 23
30 24
30 23
31 23
31 24
31 23
32 23
31 23
31 24
32 24
32 23
33 23
34 23
34 24
34 23
34 24
35 24
34 24
34 25
33 25
34 25
33 25
33 24
34 24
35 24
35 25
36 25
35 25
36 25
36 24
36 23
35 23
35 24
36 24
36 25
37 25
37 24
38 24
38 23
37 23
36 23
35 23
35 24
35 25
35 26
36 26
35 26
36 26
35 26
36 26
36 25
36 26
35 26
36 26
36 27
36 26
36 25
37 25
37 26
37 27
37 28
36 28
35 28
35 27
36 27
35 27
36 27
37 27
37 26
38 26
38 27
37 27
38 27
38 26
38 25
38 26
39 26
40 26
41 26
40 26
39 26
39 25
38 25
39 25
38 25
39 25
39 26
39 27
40 27
39 27
39 28
39 29
40 29
40 30
41 30
42 30
42 31
42 32
43 32
43 31
43 30
43 31
42 31
41 31
41 30
42 30
42 29
42 30
42 29
42 28
42 27
43 27
42 27
43 27
43 28
43 27
43 26
43 27
42 27
41 27
42 27
42 28
42 27
42 26
43 26
44 26
43 26
44 26
44 27
45 27
46 27
47 27
48 27
48 26
49 26
49 27
50 27
50 28
50 29
50 28
49 28
48 28
49 28
49 29
50 29
50 28
51 28
51 27
51 26
50 26
49 26
50 26
50 25
51 25
51 26
51 27
52 27
53 27
53 28
52 28
52 27
52 26
53 26
54 26
54 25
53 25
53 24
52 24
53 24
54 24
54 25
54 26
54 25
53 25
54 25
54 26
53 26
53 27
53 26
52 26
52 25
53 25
53 24
53 23
53 24
53 23
52 23
53 23
53 24
53 23
52 23
51 23
50 23
50 24
49 24
49 25
49 26
49 27
48 27
47 27
47 28
47 29
47 30
46 30
46 31
46 30
45 30
45 31
44 31
45 31
45 32
44 32
43 32
43 31
43 30
42 30
42 29
41 29
42 29
42 30
41 30
40 30
41 30
41 31
41 30
42 30
41 30
41 29
41 30
41 29
41 28
41 27
41 28
