0 0
1 0
2 0
1 0
2 0
2 1
2 2
2 3
2 4
1 4
1 5
1 6
1 7
0 7
0 6
0 5
1 5
1 4
1 3
2 3
2 2
2 3
3 3
2 3
2 4
1 4
1 5
0 5
0 4
0 3
0 4
0 3
1 3
1 4
1 3
1 2
1 1
2 1
1 1
1 2
0 2
0 1
0 2
0 1
1 1
0 1
1 1
0 1
1 1
1 0
2 0
1 0
2 0
2 1
2 0
2 1
1 1
2 1
1 1
1 2
1 1
0 1
0 2
0 3
0 4
0 5
1 5
0 5
0 4
1 4
2 4
3 4
2 4
1 4
2 4
1 4
2 4
1 4
1 3
2 3
1 3
1 4
0 4
1 4
2 4
2 5
1 5
1 6
0 6
1 6
1 7
1 6
0 6
1 6
1 5
2 5
2 4
1 4
2 4
1 4
1 5
1 6
1 5
0 5
0 4
0 3
1 3
1 2
1 3
2 3
2 4
1 4
1 5
0 5
0 4
1 4
1 5
0 5
1 5
1 4
2 4
1 4
1 3
0 3
1 3
1 2
2 2
2 3
2 4
2 3
3 3
2 3
1 3
1 2
1 1
0 1
0 0
0 1
0 0
1 0
1 1
0 1
0 0
0 1
0 0
1 0
1 1
2 1
1 1
1 2
1 3
0 3
0 2
0 1
1 1
2 1
1 1
2 1
2 0
3 0
2 0
2 1
3 1
2 1
2 0
2 1
2 2
2 3
3 3
3 4
3 3
4 3
4 4
4 5
3 5
4 5
4 6
3 6
3 7
3 8
4 8
4 9
3 9
2 9
3 9
3 8
3 7
3 8
3 9
3 10
2 10
1 10
1 11
0 11
1 11
0 11
0 10
1 10
1 9
1 8
1 9
1 8
1 9
0 9
0 10
0 11
1 11
2 11
2 10
2 11
2 12
3 12
3 11
3 10
4 10
4 11
5 11
5 12
5 11
5 12
5 13
5 14
5 13
5 14
4 14
4 15
4 16
5 16
6 16
7 16
6 16
6 17
6 18
7 18
8 18
9 18
9 17
9 18
9 19
10 19
10 18
9 18
8 18
8 19
7 19
6 19
7 19
7 18
8 18
7 18
8 18
8 19
9 19
9 20
8 20
8 21
8 22
8 23
9 23
8 23
7 23
7 24
7 25
8 25
9 25
9 24
9 23
8 23
7 23
8 23
8 24
9 24
10 24
9 24
8 24
9 24
10 24
11 24
12 24
11 24
11 25
11 24
12 24
13 24
14 24
13 24
14 24
14 23
15 23
15 24
16 24
17 24
16 24
16 23
17 23
16 23
15 23
16 23
15 23
16 23
16 22
17 22
17 21
17 20
16 20
17 20
18 20
18 19
18 20
18 21
18 20
19 20
18 20
17 20
17 21
17 20
18 20
18 21
19 21
19 22
19 21
19 20
20 20
20 21
20 22
20 21
20 20
21 20
20 20
21 20
21 21
22 21
21 21
21 22
20 22
20 21
20 22
19 22
18 22
18 23
18 22
17 22
16 22
16 21
15 21
16 21
16 20
15 20
15 21
15 20
15 19
16 19
15 19
14 19
14 20
14 19
13 19
14 19
13 19
12 19
12 18
12 19
11 19
10 19
10 20
11 20
11 21
12 21
11 21
10 21
9 21
10 21
10 22
9 22
9 21
10 21
10 22
10 21
11 21
11 20
12 20
11 20
11 21
11 22
10 22
10 21
9 21
10 21
10 22
9 22
9 23
9 22
9 21
9 22
9 21
10 21
9 21
8 21
9 21
10 21
9 21
9 20
9 21
9 20
10 20
10 21
10 20
9 20
9 19
9 20
10 20
9 20
9 21
9 20
8 20
8 19
7 19
6 19
6 18
6 19
6 18
6 19
5 19
6 19
7 19
6 19
5 19
5 18
4 18
4 17
4 16
4 15
4 14
4 13
5 13
4 13
3 13
3 14
4 14
5 14
5 13
5 14
5 15
4 15
4 16
5 16
4 16
5 16
4 16
4 17
3 17
3 16
3 15
2 15
1 15
2 15
2 14
2 13
3 13
2 13
2 14
1 14
2 14
3 14
2 14
1 14
1 15
2 15
2 16
1 16
2 16
3 16
4 16
3 16
3 17
3 18
3 17
3 16
4 16
4 15
3 15
2 15
2 14
2 13
1 13
1 14
1 13
1 14
1 13
1 14
1 15
0 15
1 15
2 15
2 14
2 13
1 13
2 13
1 13
1 12
1 13
2 13
3 13
3 14
3 15
3 14
4 14
5 14
5 15
5 14
5 15
5 16
4 16
5 16
5 17
4 17
5 17
4 17
5 17
6 17
6 16
7 16
8 16
9 16
8 16
9 16
9 15
8 15
7 15
7 16
6 16
6 17
6 18
5 18
6 18
7 18
8 18
8 17
8 16
8 15
8 16
8 15
7 15
7 14
8 14
8 13
7 13
6 13
5 13
4 13
5 13
4 13
4 12
5 12
5 13
5 12
5 13
5 12
4 12
4 13
3 13
4 13
4 14
3 14
4 14
4 13
4 12
4 13
4 14
5 14
5 13
5 14
6 14
7 14
7 13
7 14
6 14
6 15
6 14
5 14
5 13
5 14
6 14
5 14
4 14
4 15
5 15
5 16
5 15
5 14
5 15
5 14
4 14
4 15
3 15
4 15
4 16
5 16
4 16
3 16
3 15
2 15
2 14
2 13
1 13
2 13
3 13
3 14
3 13
3 14
2 14
1 14
1 13
1 12
0 12
0 13
1 13
1 12
1 11
1 12
1 13
1 14
1 15
0 15
0 14
1 14
2 14
2 15
2 16
2 15
3 15
3 16
4 16
4 15
4 16
4 17
5 17
4 17
5 17
5 18
6 18
5 18
6 18
5 18
4 18
4 19
5 19
5 18
6 18
7 18
7 17
7 18
7 19
8 19
8 20
8 21
7 21
8 21
7 21
6 21
7 21
7 22
6 22
6 21
5 21
6 21
6 20
5 20
5 19
5 18
5 19
5 18
5 19
5 20
4 20
4 19
4 20
4 19
3 19
3 18
3 19
3 20
3 21
3 20
3 21
4 21
4 22
4 23
3 23
4 23
3 23
2 23
2 24
3 24
4 24
4 23
3 23
3 24
4 24
4 23
3 23
2 23
2 24
2 25
1 25
2 25
2 24
2 23
2 22
2 23
3 23
3 22
4 22
4 23
4 24
3 24
4 24
4 23
4 24
3 24
3 25
3 26
3 27
2 27
1 27
0 27
0 26
1 26
0 26
0 25
1 25
2 25
3 25
2 25
1 25
0 25
1 25
1 24
1 25
2 25
2 26
1 26
2 26
2 27
1 27
1 28
2 28
1 28
1 27
0 27
1 27
0 27
0 28
0 27
1 27
2 27
2 28
2 27
3 27
3 28
3 29
3 30
3 29
3 30
4 30
5 30
5 29
5 28
4 28
3 28
3 27
3 26
3 25
3 24
3 25
4 25
3 25
4 25
4 24
4 25
3 25
2 25
1 25
2 25
2 26
3 26
4 26
5 26
4 26
4 27
3 27
2 27
2 28
2 27
3 27
3 28
4 28
5 28
5 29
4 29
3 29
4 29
3 29
2 29
2 30
2 31
2 30
2 31
2 32
2 31
1 31
1 30
0 30
1 30
0 30
1 30
2 30
2 29
3 29
3 30
2 30
3 30
3 29
3 28
2 28
3 28
2 28
2 29
2 30
1 30
0 30
1 30
0 30
0 31
1 31
0 31
1 31
0 31
0 30
1 30
1 29
1 28
2 28
2 29
2 28
2 27
1 27
1 28
1 27
1 28
1 29
1 30
1 29
0 29
0 28
0 27
0 28
1 28
0 28
0 29
1 29
1 28
0 28
1 28
0 28
0 29
0 28
0 27
1 27
1 28
0 28
1 28
0 28
1 28
0 28
0 27
0 26
1 26
1 25
2 25
3 25
3 26
4 26
4 25
5 25
5 24
4 24
4 23
3 23
3 22
2 22
2 23
3 23
2 23
3 23
4 23
4 24
3 24
3 25
3 24
3 25
2 25
1 25
1 26
1 27
1 26
0 26
1 26
1 25
1 26
1 27
1 26
0 26
0 27
1 27
0 27
0 28
0 27
1 27
0 27
0 28
0 27
0 28
1 28
2 28
2 29
1 29
1 28
0 28
1 28
2 28
3 28
3 29
3 30
3 31
3 30
3 31
4 31
4 30
3 30
3 29
4 29
4 28
3 28
2 28
2 29
2 30
3 30
3 31
3 30
4 30
5 30
5 31
6 31
6 30
7 30
8 30
8 29
8 28
9 28
8 28
8 29
9 29
9 30
8 30
7 30
7 31
7 30
7 29
6 29
5 29
5 30
4 30
4 31
5 31
4 31
4 32
4 31
4 30
3 30
4 30
3 30
4 30
4 29
4 30
3 30
3 31
3 30
3 29
4 29
4 30
5 30
6 30
5 30
6 30
5 30
5 31
5 32
5 33
4 33
