0 0
1 0
2 0
3 0
2 0
3 0
3 1
4 1
3 1
3 0
2 0
1 0
2 0
2 1
1 1
0 1
0 0
0 1
0 0
0 1
0 0
1 0
1 1
2 1
3 1
2 1
2 2
2 1
3 1
4 1
3 1
4 1
5 1
5 2
6 2
6 1
5 1
5 0
6 0
7 0
8 0
7 0
8 0
9 0
9 1
9 2
9 1
9 0
10 0
9 0
9 1
10 1
10 2
9 2
8 2
7 2
7 3
7 4
7 3
8 3
7 3
8 3
8 2
8 3
8 4
8 5
8 6
7 6
7 5
7 4
7 5
6 5
6 6
5 6
5 7
5 6
6 6
5 6
6 6
6 5
6 4
5 4
5 5
5 4
5 3
5 4
4 4
3 4
4 4
4 3
4 4
4 3
5 3
6 3
5 3
4 3
5 3
5 4
6 4
6 3
6 2
6 1
6 0
5 0
5 1
5 2
6 2
7 2
8 2
8 3
8 2
8 1
9 1
8 1
8 2
8 3
8 2
9 2
9 3
8 3
9 3
9 2
8 2
9 2
8 2
8 1
9 1
9 0
9 1
10 1
11 1
11 0
11 1
12 1
11 1
10 1
9 1
9 0
8 0
9 0
9 1
10 1
11 1
11 2
11 3
11 4
10 4
10 3
10 2
10 3
10 2
10 3
10 2
10 1
11 1
11 2
10 2
11 2
10 2
9 2
8 2
8 1
7 1
7 0
8 0
8 1
9 1
9 0
9 1
10 1
10 2
10 1
10 0
9 0
9 1
9 0
9 1
9 2
8 2
8 3
8 4
9 4
9 5
9 6
8 6
8 7
8 8
9 8
10 8
11 8
10 8
9 8
8 8
7 8
6 8
7 8
7 7
7 6
7 5
7 4
7 3
8 3
9 3
10 3
11 3
10 3
11 3
11 2
10 2
10 3
11 3
12 3
13 3
13 4
12 4
12 5
12 4
13 4
14 4
14 5
15 5
15 6
15 7
14 7
15 7
14 7
14 6
15 6
14 6
15 6
15 5
15 4
14 4
14 3
15 3
16 3
15 3
14 3
13 3
13 2
14 2
14 3
14 4
13 4
13 3
12 3
12 4
12 5
11 5
11 4
10 4
9 4
9 3
9 2
9 1
9 0
9 1
9 0
9 1
9 0
9 1
8 1
9 1
10 1
9 1
8 1
8 0
7 0
7 1
7 0
6 0
7 0
8 0
8 1
8 2
7 2
8 2
7 2
8 2
9 2
9 1
8 1
9 1
10 1
9 1
9 2
8 2
8 1
7 1
6 1
5 1
5 0
5 1
4 1
4 2
5 2
5 1
5 0
6 0
5 0
4 0
5 0
5 1
5 2
6 2
6 1
6 0
6 1
6 2
7 2
8 2
8 3
7 3
8 3
8 2
9 2
8 2
7 2
7 3
7 2
7 3
7 4
6 4
5 4
5 3
5 2
5 3
4 3
3 3
3 2
3 3
4 3
3 3
3 4
4 4
4 3
4 4
3 4
4 4
5 4
6 4
5 4
5 5
6 5
6 6
7 6
8 6
8 5
8 6
9 6
9 5
9 6
9 7
8 7
8 8
9 8
10 8
11 8
11 9
10 9
10 8
9 8
9 9
9 10
10 10
11 10
11 9
12 9
12 10
12 9
12 8
13 8
13 9
13 8
13 7
13 8
13 9
13 8
13 7
13 6
13 7
13 8
13 7
13 6
13 7
13 6
13 5
14 5
13 5
13 6
12 6
12 5
13 5
13 4
13 3
13 2
13 3
13 4
12 4
13 4
12 4
13 4
13 5
12 5
12 6
11 6
12 6
13 6
14 6
14 5
14 6
15 6
14 6
14 7
14 8
13 8
13 7
13 8
13 9
13 8
12 8
11 8
11 9
12 9
13 9
12 9
12 8
13 8
14 8
14 9
14 8
13 8
12 8
12 9
11 9
12 9
11 9
11 8
11 9
12 9
12 10
11 10
12 10
11 10
12 10
12 11
13 11
12 11
11 11
12 11
12 10
11 10
12 10
12 11
13 11
12 11
12 12
12 11
12 10
12 11
13 11
13 10
13 11
13 10
14 10
15 10
15 11
16 11
17 11
18 11
18 12
18 11
18 10
18 11
18 12
18 11
18 12
18 11
18 12
19 12
19 11
19 12
20 12
20 11
19 11
19 10
18 10
18 9
18 10
18 11
19 11
19 10
19 11
18 11
19 11
18 11
17 11
17 12
16 12
17 12
18 12
18 11
18 12
18 13
19 13
20 13
19 13
18 13
19 13
20 13
20 14
19 14
19 13
18 13
18 14
17 14
17 13
17 12
17 13
17 14
16 14
17 14
17 13
18 13
18 14
19 14
19 13
19 12
20 12
20 13
19 13
20 13
21 13
22 13
23 13
24 13
24 14
25 14
25 15
24 15
23 15
23 16
23 15
22 15
22 16
23 16
24 16
25 16
24 16
24 15
23 15
23 14
24 14
25 14
25 13
25 12
26 12
26 11
25 11
24 11
24 10
25 10
24 10
24 9
24 8
25 8
24 8
24 7
25 7
25 8
25 7
26 7
25 7
25 6
26 6
26 5
25 5
25 6
24 6
24 5
24 6
23 6
24 6
24 7
23 7
23 8
23 9
22 9
22 10
23 10
22 10
21 10
21 11
22 11
22 10
21 10
21 11
21 12
22 12
22 13
21 13
21 14
20 14
20 13
21 13
21 12
21 13
21 12
20 12
20 13
19 13
19 12
19 13
19 14
20 14
21 14
21 15
20 15
21 15
20 15
21 15
21 16
20 16
20 17
20 18
20 19
20 20
21 20
21 21
21 22
21 21
21 20
20 20
20 19
21 19
21 18
22 18
23 18
23 19
24 19
23 19
23 20
22 20
22 19
21 19
21 18
21 19
21 18
21 17
20 17
20 16
20 15
20 14
19 14
20 14
20 15
21 15
20 15
21 15
22 15
21 15
21 14
21 13
22 13
21 13
22 13
22 12
22 13
22 12
22 13
23 13
23 14
23 13
23 14
22 14
21 14
21 15
20 15
20 16
20 15
20 16
21 16
20 16
20 17
20 18
20 19
19 19
20 19
20 18
20 17
21 17
22 17
22 16
23 16
24 16
24 15
23 15
23 16
22 16
23 16
23 17
24 17
25 17
26 17
26 18
27 18
26 18
26 19
25 19
25 18
26 18
25 18
25 19
26 19
25 19
26 19
26 18
27 18
28 18
29 18
29 17
29 16
29 17
30 17
31 17
30 17
30 16
29 16
30 16
30 17
30 16
31 16
31 17
30 17
29 17
29 18
29 19
30 19
31 19
30 19
31 19
32 19
32 18
32 17
32 18
31 18
31 17
31 18
31 19
32 19
32 18
31 18
31 19
30 19
30 20
30 21
30 20
30 21
31 21
30 21
30 20
29 20
28 20
28 21
28 22
27 22
26 22
26 21
26 22
26 23
25 23
25 24
24 24
24 23
24 22
24 21
23 21
23 22
23 23
24 23
23 23
24 23
24 22
24 23
24 22
24 21
24 22
24 21
25 21
25 20
26 20
26 19
25 19
26 19
26 18
27 18
28 18
28 17
28 16
28 15
29 15
29 14
29 13
29 14
28 14
29 14
28 14
28 15
29 15
29 14
29 15
28 15
28 14
28 13
28 14
29 14
29 15
28 15
28 16
29 16
28 16
28 15
29 15
28 15
28 14
28 15
27 15
27 16
27 17
26 17
27 17
27 16
28 16
29 16
28 16
28 17
28 18
28 19
29 19
30 19
30 20
30 21
30 22
30 21
31 21
31 22
31 23
32 23
32 24
32 23
32 24
32 25
32 24
32 25
32 24
32 23
31 23
31 24
31 25
31 26
32 26
32 27
33 27
33 28
33 29
34 29
33 29
32 29
32 28
32 29
32 30
32 31
32 32
32 31
32 32
32 33
31 33
31 32
32 32
32 31
32 30
32 31
32 30
32 29
32 30
33 30
32 30
32 31
33 31
34 31
35 31
35 30
36 30
36 31
36 30
37 30
38 30
39 30
40 30
41 30
41 31
40 31
39 31
38 31
38 30
37 30
38 30
39 30
38 30
37 30
36 30
35 30
36 30
36 31
36 30
35 30
36 30
35 30
35 31
34 31
35 31
34 31
33 31
34 31
34 32
34 33
33 33
33 34
34 34
34 35
34 36
34 35
34 34
35 34
36 34
36 35
36 36
36 35
37 35
37 36
38 36
38 37
37 37
37 38
38 38
38 37
39 37
39 38
39 37
39 38
38 38
37 38
37 39
37 38
37 37
37 36
37 35
38 35
38 34
37 34
37 33
36 33
37 33
37 34
38 34
39 34
40 34
39 34
40 34
39 34
39 35
38 35
39 35
39 34
39 33
39 32
38 32
38 31
37 31
37 30
37 31
37 30
37 29
36 29
36 30
35 30
36 30
35 30
35 29
35 28
36 28
35 28
35 29
36 29
36 30
37 30
37 29
37 30
37 31
36 31
