0 0
1 0
2 0
2 1
2 2
2 3
1 3
1 2
2 2
1 2
2 2
2 1
1 1
2 1
1 1
2 1
1 1
1 2
1 3
2 3
1 3
1 2
1 3
2 3
1 3
1 2
1 3
0 3
0 2
1 2
2 2
2 1
3 1
4 1
4 0
5 0
6 0
6 1
5 1
4 1
3 1
2 1
2 2
1 2
0 2
0 3
0 4
0 5
0 6
1 6
1 7
1 8
1 7
0 7
0 8
1 8
2 8
2 7
2 8
1 8
0 8
1 8
1 9
1 8
0 8
1 8
2 8
1 8
2 8
2 9
2 8
2 7
2 6
1 6
1 7
2 7
1 7
0 7
0 6
0 7
1 7
1 8
2 8
2 7
2 8
2 9
3 9
3 10
4 10
3 10
3 11
4 11
4 10
4 9
4 8
5 8
5 9
4 9
5 9
6 9
6 10
5 10
4 10
4 9
5 9
6 9
6 10
5 10
5 11
5 12
5 13
6 13
7 13
7 12
6 12
5 12
4 12
5 12
6 12
7 12
6 12
7 12
7 13
6 13
7 13
6 13
6 14
6 13
6 14
6 15
7 15
6 15
7 15
7 14
7 13
6 13
6 12
6 11
6 12
6 11
7 11
8 11
8 10
8 11
8 10
8 9
8 10
9 10
8 10
8 9
8 8
9 8
9 9
8 9
8 10
8 11
8 12
8 13
8 12
8 13
9 13
10 13
10 14
10 13
10 14
11 14
11 13
11 12
11 11
10 11
10 12
9 12
10 12
10 13
10 14
10 15
10 14
9 14
10 14
9 14
8 14
9 14
9 15
8 15
8 16
8 17
8 18
9 18
9 19
8 19
8 20
9 20
9 19
8 19
7 19
6 19
7 19
7 20
7 19
7 20
7 19
8 19
8 20
8 21
9 21
9 22
9 23
10 23
10 22
11 22
11 21
10 21
10 22
11 22
11 23
10 23
11 23
11 22
11 23
10 23
10 22
10 23
9 23
8 23
8 24
7 24
7 25
8 25
9 25
9 26
9 25
8 25
7 25
7 26
6 26
6 25
5 25
4 25
5 25
4 25
3 25
3 26
2 26
3 26
2 26
2 27
3 27
2 27
3 27
3 26
4 26
3 26
2 26
3 26
3 25
2 25
3 25
3 26
2 26
3 26
2 26
2 25
2 24
2 25
2 24
2 25
1 25
1 26
1 27
1 28
2 28
3 28
3 27
4 27
5 27
5 26
6 26
6 27
7 27
8 27
7 27
7 26
7 27
7 26
7 25
7 26
8 26
8 27
7 27
7 28
6 28
6 29
5 29
4 29
3 29
3 28
3 29
2 29
3 29
2 29
3 29
3 30
2 30
1 30
1 29
1 30
0 30
1 30
1 31
1 30
0 30
1 30
2 30
3 30
4 30
4 31
5 31
5 30
5 31
5 32
6 32
7 32
7 33
8 33
8 32
9 32
10 32
10 31
9 31
10 31
10 32
11 32
12 32
12 33
11 33
12 33
11 33
10 33
10 34
10 35
9 35
9 34
10 34
9 34
10 34
9 34
9 35
10 35
10 34
9 34
9 33
9 32
9 31
9 30
8 30
7 30
8 30
9 30
10 30
10 31
11 31
10 31
10 30
11 30
11 29
11 28
10 28
9 28
10 28
10 27
11 27
11 26
10 26
11 26
11 27
10 27
10 26
10 27
11 27
10 27
9 27
9 26
10 26
10 27
10 26
10 27
10 26
10 27
10 28
10 27
10 28
10 27
10 28
10 27
10 26
9 26
9 27
8 27
9 27
9 26
8 26
7 26
7 25
8 25
9 25
8 25
8 26
8 25
9 25
9 24
10 24
10 23
11 23
12 23
13 23
13 22
14 22
15 22
16 22
16 23
15 23
15 24
16 24
16 25
16 26
17 26
17 27
16 27
16 28
15 28
14 28
14 27
14 26
13 26
13 27
14 27
14 28
14 27
14 28
14 29
15 29
16 29
16 28
17 28
17 29
16 29
16 28
15 28
16 28
16 27
15 27
15 28
15 29
16 29
17 29
16 29
16 28
15 28
16 28
16 27
16 28
16 27
16 26
16 27
16 26
16 27
16 26
16 25
16 24
16 23
15 23
16 23
15 23
15 24
15 23
14 23
15 23
16 23
17 23
17 24
17 25
17 24
18 24
17 24
17 25
18 25
18 24
17 24
17 23
16 23
16 24
15 24
16 24
16 25
16 24
15 24
14 24
14 23
14 22
14 21
13 21
14 21
14 20
14 21
14 20
14 19
14 20
15 20
16 20
17 20
16 20
17 20
17 19
17 18
17 19
17 20
17 21
16 21
16 20
16 21
17 21
16 21
16 22
16 21
16 22
16 21
16 22
17 22
17 23
17 24
17 23
18 23
18 24
18 25
17 25
17 24
18 24
18 23
18 22
18 23
17 23
18 23
18 22
18 21
17 21
16 21
17 21
17 22
18 22
18 23
17 23
18 23
18 22
18 21
18 22
18 23
19 23
18 23
18 22
19 22
19 21
19 22
19 21
19 22
19 21
18 21
18 22
18 23
19 23
18 23
19 23
20 23
20 24
20 23
20 22
21 22
21 23
20 23
20 22
21 22
20 22
19 22
19 21
19 20
19 21
18 21
18 20
18 19
18 20
19 20
20 20
20 19
20 18
21 18
20 18
21 18
20 18
21 18
21 17
22 17
23 17
23 16
23 15
23 16
23 17
23 18
23 19
22 19
22 20
21 20
20 20
19 20
19 19
20 19
20 18
20 17
21 17
21 16
20 16
20 15
20 16
20 15
20 16
20 15
21 15
22 15
21 15
20 15
20 14
20 15
19 15
18 15
18 14
17 14
16 14
15 14
16 14
15 14
14 14
15 14
15 15
16 15
15 15
16 15
15 15
15 16
14 16
14 17
13 17
13 18
14 18
13 18
14 18
14 17
15 17
15 16
16 16
16 15
16 14
15 14
15 13
15 14
14 14
14 13
13 13
14 13
13 13
12 13
13 13
14 13
13 13
13 12
13 11
13 10
12 10
12 9
11 9
11 10
12 10
12 11
11 11
11 12
11 13
10 13
9 13
10 13
10 14
10 13
9 13
10 13
10 12
10 13
10 14
10 15
9 15
10 15
11 15
11 14
11 15
10 15
10 16
11 16
11 15
11 16
11 17
11 16
10 16
11 16
12 16
13 16
12 16
12 15
12 14
11 14
11 13
11 12
11 13
11 12
12 12
12 11
12 10
11 10
11 9
11 10
11 11
11 12
12 12
13 12
14 12
13 12
14 12
13 12
12 12
12 11
12 12
12 11
12 10
12 9
13 9
14 9
13 9
13 10
14 10
14 9
13 9
14 9
15 9
14 9
13 9
14 9
14 10
14 11
13 11
14 11
14 12
13 12
13 11
14 11
13 11
12 11
11 11
10 11
10 12
11 12
11 13
12 13
12 14
12 15
11 15
10 15
10 14
10 13
9 13
9 14
8 14
7 14
7 13
7 14
7 13
6 13
6 12
6 11
7 11
7 10
7 11
7 12
7 13
7 12
7 13
7 12
7 11
7 12
7 13
7 14
7 13
7 12
6 12
5 12
5 13
4 13
4 14
4 13
5 13
4 13
4 14
5 14
5 15
5 16
4 16
5 16
6 16
5 16
6 16
5 16
4 16
3 16
3 17
2 17
2 18
2 17
3 17
4 17
5 17
4 17
5 17
6 17
6 16
5 16
5 17
5 18
5 17
5 16
6 16
5 16
6 16
6 17
7 17
7 16
8 16
8 17
8 18
7 18
6 18
5 18
5 19
5 20
4 20
3 20
4 20
3 20
3 21
4 21
3 21
4 21
4 20
5 20
4 20
3 20
4 20
4 19
5 19
6 19
6 20
5 20
5 19
5 18
5 19
4 19
4 20
5 20
6 20
6 21
7 21
8 21
8 20
7 20
7 21
7 22
7 21
6 21
6 22
6 23
6 22
5 22
5 23
5 22
5 23
4 23
4 22
5 22
5 21
5 20
5 19
5 20
4 20
5 20
6 20
5 20
6 20
5 20
5 19
4 19
3 19
4 19
4 18
3 18
3 17
2 17
2 18
2 17
2 16
1 16
1 15
0 15
1 15
1 16
2 16
2 17
3 17
3 16
3 17
3 18
3 17
3 16
4 16
5 16
5 15
5 14
5 13
5 12
6 12
6 13
7 13
7 14
7 13
6 13
7 13
8 13
9 13
9 14
9 15
9 16
10 16
10 17
9 17
9 18
9 19
8 19
8 20
7 20
7 21
7 22
7 23
7 24
7 23
8 23
8 22
7 22
6 22
5 22
5 23
6 23
6 22
7 22
8 22
8 23
7 23
7 22
7 21
8 21
8 22
8 21
7 21
6 21
6 22
5 22
5 23
5 24
4 24
5 24
5 25
4 25
4 26
5 26
5 25
4 25
5 25
5 24
5 23
5 22
4 22
5 22
4 22
5 22
5 21
6 21
6 20
6 19
7 19
8 19
