0 0
0 1
0 2
1 2
2 2
1 2
2 2
1 2
2 2
2 1
2 2
2 1
3 1
3 0
2 0
1 0
2 0
3 0
4 0
3 0
3 1
4 1
4 2
3 2
3 1
2 1
2 0
2 1
3 1
3 2
2 2
2 1
1 1
0 1
1 1
1 0
2 0
2 1
3 1
3 2
3 1
4 1
4 2
5 2
5 3
6 3
7 3
7 2
6 2
6 3
6 4
6 5
5 5
5 6
5 5
5 4
5 5
6 5
6 6
7 6
7 5
6 5
5 5
5 6
5 5
4 5
4 4
4 3
5 3
6 3
6 2
7 2
6 2
5 2
5 1
5 2
6 2
6 3
7 3
7 4
6 4
6 5
6 4
5 4
5 5
4 5
5 5
5 4
6 4
6 5
6 6
6 7
6 8
7 8
8 8
9 8
9 9
10 9
10 8
10 7
10 6
10 7
10 6
9 6
9 5
10 5
11 5
12 5
13 5
13 4
12 4
12 5
11 5
10 5
10 4
9 4
8 4
8 3
9 3
9 4
8 4
8 3
9 3
9 4
10 4
10 3
9 3
9 2
10 2
10 1
11 1
11 2
10 2
9 2
9 3
10 3
10 4
10 5
10 6
11 6
12 6
13 6
12 6
11 6
10 6
10 7
11 7
11 6
11 5
12 5
13 5
14 5
15 5
14 5
13 5
12 5
12 4
13 4
12 4
11 4
10 4
11 4
10 4
11 4
12 4
12 5
11 5
11 4
12 4
11 4
12 4
13 4
13 3
13 4
13 5
13 6
14 6
13 6
13 7
13 6
13 5
13 6
14 6
15 6
15 5
15 4
15 3
16 3
15 3
14 3
13 3
12 3
11 3
12 3
13 3
12 3
13 3
14 3
14 2
14 1
13 1
13 0
13 1
14 1
14 0
13 0
13 1
14 1
13 1
14 1
14 2
14 3
14 4
15 4
15 3
16 3
15 3
15 2
15 3
15 2
15 3
15 2
15 3
14 3
15 3
14 3
14 4
15 4
15 3
16 3
17 3
16 3
15 3
15 4
15 3
14 3
14 4
14 5
14 6
15 6
15 5
14 5
13 5
13 4
14 4
15 4
16 4
16 5
17 5
16 5
16 4
15 4
16 4
16 5
15 5
15 6
15 7
15 6
15 5
15 6
16 6
16 5
16 6
15 6
14 6
14 7
15 7
15 8
14 8
15 8
14 8
15 8
15 7
15 8
15 9
16 9
17 9
17 10
18 10
17 10
17 11
17 10
18 10
18 11
18 10
18 11
19 11
20 11
19 11
19 10
19 9
19 10
19 11
18 11
18 10
18 9
17 9
18 9
19 9
20 9
19 9
20 9
21 9
20 9
21 9
22 9
22 8
21 8
22 8
22 9
22 10
21 10
22 10
21 10
20 10
20 9
20 10
20 9
19 9
18 9
19 9
19 10
20 10
20 11
19 11
19 10
20 10
20 9
20 8
19 8
20 8
19 8
19 9
20 9
20 10
20 11
19 11
18 11
19 11
19 12
19 11
18 11
18 12
19 12
19 13
19 14
19 15
20 15
20 14
20 15
20 16
20 15
20 16
21 16
20 16
19 16
20 16
21 16
21 15
22 15
23 15
23 14
22 14
21 14
21 13
21 14
21 15
21 16
20 16
19 16
19 15
19 16
19 17
20 17
20 18
20 17
19 17
18 17
19 17
19 18
18 18
18 17
18 16
19 16
19 15
19 16
20 16
20 15
21 15
21 14
20 14
21 14
20 14
21 14
21 13
21 14
22 14
22 13
22 12
22 11
23 11
24 11
24 10
24 11
24 12
24 13
25 13
24 13
25 13
25 12
26 12
27 12
27 11
26 11
26 10
27 10
27 9
27 10
27 11
26 11
26 10
25 10
25 9
24 9
25 9
25 8
25 9
25 8
25 9
25 8
25 7
24 7
25 7
24 7
24 6
24 7
25 7
26 7
27 7
27 8
28 8
27 8
28 8
28 9
28 8
27 8
28 8
27 8
27 9
26 9
25 9
26 9
26 10
25 10
26 10
26 11
26 10
27 10
27 11
28 11
28 10
29 10
28 10
28 9
28 8
28 9
28 10
29 10
29 11
28 11
27 11
28 11
28 12
28 11
29 11
30 11
31 11
31 12
31 11
31 10
32 10
31 10
31 9
30 9
30 10
30 9
30 10
31 10
31 11
30 11
30 10
30 9
30 10
30 9
29 9
29 10
29 11
29 12
28 12
28 11
28 12
28 11
28 10
27 10
26 10
26 9
27 9
26 9
26 10
26 11
25 11
24 11
24 12
23 12
23 11
22 11
23 11
24 11
23 11
22 11
22 10
21 10
22 10
22 11
23 11
23 12
24 12
24 11
23 11
22 11
21 11
20 11
21 11
21 12
21 13
21 12
21 13
22 13
22 12
22 13
22 14
23 14
22 14
22 15
23 15
23 16
23 15
24 15
25 15
25 16
26 16
26 15
26 14
26 13
26 12
26 13
25 13
24 13
24 14
24 15
24 14
24 13
23 13
23 14
24 14
24 15
24 14
24 15
24 14
23 14
23 15
23 16
23 15
24 15
23 15
23 16
23 15
24 15
23 15
24 15
24 16
24 17
25 17
26 17
27 17
26 17
27 17
26 17
26 16
27 16
26 16
27 16
27 17
28 17
29 17
29 16
28 16
29 16
28 16
28 15
28 16
27 16
27 17
28 17
28 18
28 19
27 19
28 19
27 19
27 20
27 21
27 22
27 23
27 22
27 23
26 23
27 23
26 23
27 23
28 23
29 23
28 23
28 22
28 21
28 22
28 21
29 21
30 21
30 22
29 22
28 22
28 23
27 23
26 23
26 22
27 22
27 23
28 23
27 23
28 23
28 22
29 22
29 23
30 23
30 24
30 23
29 23
30 23
29 23
29 22
29 23
30 23
29 23
30 23
31 23
30 23
30 24
30 23
31 23
32 23
32 22
32 23
32 24
32 25
31 25
30 25
30 26
30 27
30 26
30 25
31 25
31 24
31 25
31 24
31 23
30 23
30 22
30 21
31 21
30 21
31 21
31 22
32 22
32 23
32 22
32 21
33 21
33 20
32 20
31 20
31 19
30 19
31 19
32 19
32 18
32 19
32 18
31 18
31 17
32 17
33 17
34 17
35 17
36 17
35 17
34 17
34 16
34 17
34 18
35 18
35 17
36 17
36 18
36 17
36 16
37 16
36 16
36 15
37 15
36 15
35 15
35 14
36 14
37 14
38 14
37 14
37 15
38 15
37 15
37 14
37 15
36 15
37 15
37 14
37 13
37 12
37 13
37 12
36 12
36 11
36 10
37 10
36 10
37 10
36 10
36 9
36 10
35 10
36 10
35 10
36 10
35 10
35 11
35 10
36 10
36 11
37 11
37 12
37 13
37 14
36 14
37 14
37 15
37 14
37 13
37 14
36 14
36 13
35 13
35 14
35 13
34 13
33 13
33 14
34 14
34 15
34 14
33 14
33 13
34 13
35 13
35 14
35 13
35 12
35 11
35 12
36 12
36 13
37 13
38 13
38 14
39 14
38 14
39 14
38 14
37 14
37 13
38 13
38 14
37 14
37 13
38 13
39 13
39 12
39 11
39 12
39 13
38 13
38 12
38 13
38 14
37 14
36 14
36 15
37 15
38 15
38 14
39 14
39 15
38 15
39 15
39 14
38 14
38 15
39 15
39 14
40 14
40 13
40 12
40 13
40 14
39 14
38 14
38 15
38 16
39 16
39 15
39 14
39 13
38 13
37 13
37 12
36 12
37 12
37 11
37 10
38 10
38 11
38 12
39 12
39 11
39 12
39 11
39 10
38 10
38 9
37 9
37 10
37 11
37 10
37 9
38 9
38 8
38 7
37 7
37 6
37 7
36 7
36 8
35 8
35 7
35 6
35 5
36 5
36 6
36 5
37 5
38 5
39 5
38 5
37 5
38 5
38 4
38 5
37 5
38 5
38 4
38 3
39 3
38 3
37 3
36 3
36 2
35 2
34 2
34 3
35 3
34 3
34 4
34 3
35 3
34 3
33 3
33 2
33 3
32 3
32 4
32 5
31 5
31 4
30 4
29 4
28 4
28 5
29 5
28 5
28 6
28 7
28 6
28 5
28 4
29 4
29 5
28 5
28 6
29 6
29 7
29 8
28 8
28 7
28 6
29 6
29 7
29 8
28 8
27 8
26 8
27 8
28 8
28 9
28 10
28 11
28 10
28 9
27 9
28 9
27 9
27 10
27 11
27 12
27 11
27 12
28 12
28 13
28 12
27 12
27 11
27 10
27 9
27 8
27 9
27 10
28 10
28 11
29 11
29 10
28 10
29 10
28 10
28 9
28 8
28 9
28 8
28 9
29 9
29 10
29 11
30 11
31 11
30 11
30 10
30 9
29 9
29 8
29 9
30 9
29 9
28 9
27 9
26 9
26 10
26 11
27 11
28 11
28 10
28 11
29 11
29 12
28 12
27 12
