0 0
1 0
0 0
1 0
2 0
1 0
0 0
0 1
0 2
0 1
0 2
1 2
2 2
2 3
2 4
1 4
2 4
2 5
1 5
0 5
0 4
1 4
0 4
0 3
0 2
1 2
0 2
0 1
1 1
1 0
1 1
1 0
0 0
1 0
1 1
2 1
3 1
3 2
2 2
1 2
1 3
0 3
0 2
0 1
0 2
0 1
1 1
2 1
2 0
2 1
2 0
2 1
2 2
2 1
2 0
2 1
2 0
2 1
1 1
1 2
1 1
1 0
1 1
1 2
0 2
0 1
0 2
0 1
0 0
1 0
1 1
2 1
2 2
1 2
0 2
1 2
0 2
0 1
0 2
0 1
0 0
0 1
0 2
1 2
0 2
0 3
1 3
0 3
0 4
0 3
1 3
1 2
1 1
0 1
0 0
0 1
0 0
0 1
0 0
1 0
1 1
1 2
2 2
2 3
2 2
2 1
3 1
4 1
4 2
4 3
5 3
6 3
6 2
7 2
8 2
8 3
8 4
8 5
9 5
9 4
9 3
9 4
9 3
10 3
10 4
9 4
10 4
10 5
11 5
12 5
12 4
11 4
11 3
11 2
11 1
11 2
11 1
10 1
11 1
12 1
12 2
13 2
14 2
14 3
14 2
14 3
14 2
14 3
15 3
16 3
16 2
16 3
16 4
16 5
16 6
16 5
15 5
14 5
14 6
13 6
13 5
13 6
13 5
13 6
14 6
14 5
13 5
13 4
13 3
13 2
13 3
13 2
13 3
12 3
12 4
12 5
12 6
12 5
13 5
13 6
12 6
11 6
12 6
11 6
12 6
12 7
11 7
10 7
10 8
11 8
12 8
11 8
11 9
11 10
10 10
10 11
10 12
11 12
10 12
9 12
9 13
9 12
8 12
9 12
9 13
10 13
9 13
8 13
8 14
8 13
9 13
10 13
11 13
11 14
11 15
11 16
11 15
10 15
9 15
9 14
9 13
8 13
7 13
8 13
9 13
9 14
10 14
9 14
9 13
8 13
8 14
7 14
8 14
9 14
9 15
10 15
11 15
10 15
9 15
9 16
9 17
10 17
11 17
10 17
11 17
11 16
11 17
11 18
11 19
10 19
11 19
11 18
10 18
10 19
10 20
10 21
9 21
10 21
10 22
10 23
10 22
11 22
12 22
12 21
11 21
12 21
13 21
13 22
14 22
13 22
13 23
12 23
13 23
13 24
14 24
14 25
15 25
16 25
16 26
17 26
17 27
17 28
18 28
18 29
17 29
17 30
18 30
19 30
19 29
19 28
19 27
20 27
19 27
20 27
21 27
20 27
20 28
20 29
20 28
19 28
19 27
19 28
19 27
18 27
18 28
19 28
18 28
17 28
18 28
18 27
18 28
18 27
17 27
17 26
17 25
17 24
18 24
18 23
17 23
17 24
17 23
17 22
17 23
17 22
17 21
17 20
17 21
18 21
18 20
18 21
17 21
17 22
18 22
17 22
17 21
16 21
16 20
16 21
15 21
15 20
16 20
17 20
18 20
17 20
17 21
17 22
17 21
18 21
18 22
19 22
19 21
19 22
19 23
18 23
19 23
19 22
19 23
19 22
18 22
19 22
18 22
19 22
18 22
19 22
20 22
19 22
19 23
20 23
20 22
21 22
21 23
22 23
21 23
21 22
22 22
22 21
22 20
23 20
23 19
23 18
23 17
23 16
23 15
23 16
22 16
22 17
23 17
24 17
25 17
24 17
23 17
23 18
23 19
23 20
23 21
23 20
24 20
24 19
24 18
24 17
23 17
23 18
23 19
23 20
23 21
23 22
24 22
25 22
25 21
25 20
25 19
26 19
25 19
26 19
26 20
26 21
27 21
27 22
28 22
28 23
27 23
28 23
28 22
27 22
28 22
28 23
28 22
29 22
29 21
29 22
29 21
29 22
29 21
28 21
28 20
29 20
29 21
29 22
29 23
28 23
28 24
29 24
30 24
31 24
30 24
31 24
31 23
30 23
29 23
28 23
28 24
27 24
27 25
27 24
26 24
25 24
25 23
25 24
26 24
27 24
27 25
27 26
27 25
27 26
28 26
28 25
29 25
30 25
30 26
30 25
30 26
29 26
29 25
30 25
29 25
29 24
29 23
29 22
28 22
28 21
28 22
28 21
28 22
28 23
28 24
28 23
28 22
28 21
27 21
27 22
26 22
26 23
27 23
28 23
28 24
28 25
28 24
28 23
28 22
28 21
28 20
27 20
28 20
27 20
26 20
27 20
27 19
27 18
27 17
27 18
28 18
29 18
30 18
31 18
32 18
32 17
31 17
30 17
30 18
30 17
29 17
28 17
28 16
28 15
28 16
28 17
29 17
28 17
27 17
26 17
27 17
26 17
26 16
25 16
24 16
24 17
24 18
24 17
23 17
22 17
23 17
23 18
23 17
23 18
24 18
24 17
25 17
24 17
24 16
23 16
23 15
22 15
22 14
23 14
23 15
22 15
22 16
22 15
21 15
22 15
21 15
22 15
22 14
21 14
21 15
20 15
19 15
20 15
20 14
20 15
21 15
22 15
22 16
23 16
24 16
25 16
25 15
25 16
26 16
26 17
25 17
24 17
24 16
24 17
24 16
24 17
24 18
23 18
22 18
22 17
23 17
23 18
23 19
22 19
22 18
23 18
24 18
24 17
23 17
22 17
22 16
23 16
24 16
23 16
23 17
24 17
23 17
23 16
24 16
25 16
26 16
26 17
27 17
26 17
26 18
26 19
26 20
25 20
24 20
24 21
25 21
25 22
25 21
25 22
24 22
24 23
25 23
26 23
25 23
24 23
25 23
26 23
25 23
25 22
25 23
24 23
25 23
24 23
24 22
23 22
23 21
24 21
24 22
24 21
25 21
24 21
24 22
24 23
24 22
24 21
24 22
24 21
24 22
24 21
24 22
25 22
25 23
25 22
24 22
25 22
25 23
25 24
26 24
25 24
24 24
24 25
25 25
26 25
27 25
27 26
27 27
28 27
29 27
29 26
28 26
27 26
26 26
26 27
25 27
24 27
24 28
25 28
25 27
24 27
25 27
24 27
24 28
24 27
24 28
23 28
22 28
23 28
23 29
22 29
21 29
20 29
19 29
20 29
19 29
19 30
19 29
19 28
20 28
20 27
19 27
19 26
20 26
19 26
19 25
18 25
19 25
20 25
20 26
19 26
19 25
19 26
19 25
19 26
19 27
20 27
20 28
20 29
19 29
19 30
19 29
19 28
19 29
19 30
19 31
18 31
18 32
18 33
18 32
18 31
18 32
19 32
20 32
19 32
19 33
18 33
18 34
18 33
19 33
20 33
20 32
20 33
20 32
20 33
19 33
19 32
18 32
18 31
19 31
19 30
19 31
18 31
18 32
19 32
19 31
19 30
19 31
20 31
21 31
20 31
20 32
19 32
19 31
20 31
20 32
21 32
21 33
22 33
22 34
23 34
23 35
24 35
24 34
24 35
24 36
24 35
23 35
23 34
24 34
25 34
26 34
26 35
26 34
26 33
26 32
26 33
25 33
24 33
24 32
23 32
24 32
24 33
24 34
24 33
24 34
24 35
24 34
23 34
23 33
23 34
24 34
24 35
24 34
24 33
24 32
23 32
23 31
24 31
24 30
24 29
23 29
23 28
23 29
22 29
21 29
21 28
21 29
20 29
21 29
22 29
23 29
22 29
22 30
22 29
23 29
23 30
24 30
23 30
23 31
24 31
24 30
24 31
24 30
24 31
23 31
23 32
24 32
23 32
22 32
23 32
24 32
23 32
23 33
24 33
25 33
25 34
25 33
24 33
24 32
25 32
25 31
25 30
24 30
25 30
26 30
26 31
26 30
25 30
25 29
26 29
26 30
26 31
25 31
26 31
27 31
27 32
26 32
25 32
25 33
25 34
25 35
24 35
23 35
22 35
22 34
21 34
20 34
20 35
20 36
21 36
22 36
22 35
22 34
23 34
22 34
22 35
23 35
24 35
25 35
25 36
24 36
24 35
25 35
26 35
26 34
25 34
24 34
23 34
23 35
22 35
22 34
22 35
22 36
21 36
21 37
22 37
22 38
22 37
23 37
23 38
23 39
23 38
23 39
22 39
22 38
23 38
23 39
22 39
23 39
23 40
23 41
23 42
24 42
25 42
25 43
25 44
25 43
26 43
25 43
26 43
25 43
25 44
24 44
24 43
23 43
23 42
22 42
21 42
21 41
20 41
20 40
19 40
19 41
19 42
18 42
17 42
18 42
17 42
16 42
15 42
16 42
16 43
16 42
17 42
18 42
18 41
18 42
18 43
19 43
19 42
19 43
20 43
19 43
18 43
19 43
19 42
19 41
19 42
20 42
21 42
22 42
23 42
23 43
24 43
24 42
24 41
25 41
25 40
26 40
25 40
26 40
25 40
25 41
26 41
25 41
25 40
24 40
25 40
24 40
25 40
25 41
26 41
27 41
27 40
28 40
28 39
