0 0
1 0
0 0
0 1
1 1
1 0
1 1
1 0
0 0
1 0
2 0
2 1
3 1
3 0
3 1
4 1
4 2
5 2
4 2
3 2
4 2
4 1
4 2
4 3
5 3
5 2
4 2
3 2
3 3
3 4
4 4
4 5
3 5
4 5
4 4
5 4
6 4
7 4
7 5
7 6
6 6
6 5
5 5
5 4
5 5
5 4
5 5
5 6
5 5
4 5
3 5
3 4
4 4
5 4
6 4
6 5
7 5
7 4
7 5
7 6
7 5
7 6
8 6
8 7
7 7
7 8
7 7
8 7
9 7
10 7
11 7
11 6
11 7
10 7
10 6
10 5
9 5
10 5
9 5
9 6
8 6
7 6
8 6
8 5
8 4
7 4
7 3
6 3
5 3
5 4
5 5
5 6
5 5
4 5
5 5
6 5
5 5
5 4
5 3
5 2
6 2
5 2
6 2
6 1
6 0
6 1
6 2
7 2
8 2
8 3
9 3
9 4
9 5
8 5
9 5
9 6
8 6
8 7
7 7
7 6
8 6
8 7
8 8
7 8
7 9
7 8
7 7
8 7
9 7
8 7
8 6
7 6
6 6
5 6
5 5
4 5
5 5
5 6
5 5
6 5
5 5
6 5
6 4
5 4
4 4
3 4
3 3
2 3
2 4
1 4
1 5
1 4
1 5
1 4
1 3
1 4
1 5
0 5
0 6
0 5
1 5
0 5
1 5
1 6
2 6
2 5
2 6
1 6
0 6
0 7
1 7
1 8
2 8
3 8
3 9
3 8
3 7
3 6
4 6
3 6
4 6
5 6
5 5
5 4
4 4
4 5
5 5
6 5
6 4
6 3
6 2
6 3
6 4
6 5
6 6
6 7
6 6
7 6
7 5
6 5
6 4
5 4
5 5
5 6
6 6
6 5
5 5
4 5
4 6
4 5
3 5
3 6
3 7
2 7
3 7
2 7
2 8
2 9
2 10
3 10
3 11
4 11
4 10
3 10
4 10
4 9
5 9
5 10
6 10
6 9
7 9
7 8
8 8
8 9
8 10
9 10
9 9
9 10
8 10
7 10
7 9
7 10
7 11
8 11
8 10
8 11
8 10
8 9
8 8
7 8
7 9
6 9
6 10
7 10
7 9
8 9
8 8
9 8
9 7
9 8
9 7
9 8
10 8
11 8
11 7
10 7
10 8
10 9
10 10
9 10
10 10
10 9
10 8
10 7
9 7
9 6
9 7
8 7
8 6
8 7
8 8
9 8
10 8
10 9
9 9
10 9
10 10
11 10
10 10
11 10
11 9
11 10
12 10
12 11
12 12
13 12
13 11
12 11
13 11
14 11
14 10
14 11
13 11
13 10
13 11
13 12
12 12
11 12
11 13
10 13
10 14
9 14
10 14
10 13
10 14
10 13
9 13
9 12
9 11
9 10
8 10
8 9
7 9
7 8
8 8
9 8
10 8
11 8
10 8
9 8
8 8
7 8
7 7
6 7
7 7
7 8
6 8
6 7
6 6
7 6
7 5
8 5
8 6
9 6
9 5
9 4
9 3
10 3
10 4
10 5
9 5
9 4
9 3
9 2
9 3
10 3
11 3
11 2
11 3
12 3
11 3
12 3
12 4
11 4
10 4
10 5
10 4
11 4
10 4
11 4
11 3
11 2
11 1
11 2
10 2
10 1
10 0
9 0
9 1
9 2
9 1
9 2
9 1
9 2
10 2
11 2
10 2
11 2
12 2
11 2
11 3
10 3
9 3
9 4
9 3
9 4
9 3
8 3
9 3
9 4
10 4
9 4
10 4
9 4
10 4
10 5
10 4
10 3
10 2
11 2
11 3
11 4
10 4
11 4
10 4
11 4
12 4
12 5
12 6
12 5
12 4
12 3
12 2
13 2
12 2
12 1
12 2
12 3
12 4
13 4
12 4
11 4
10 4
9 4
9 3
9 2
8 2
7 2
7 3
8 3
8 2
9 2
9 3
9 4
9 5
9 6
10 6
9 6
8 6
8 5
9 5
10 5
9 5
9 4
9 5
9 6
10 6
11 6
11 5
11 4
11 3
12 3
13 3
14 3
14 4
14 5
13 5
13 6
12 6
11 6
12 6
11 6
11 7
11 6
12 6
12 7
11 7
12 7
12 6
11 6
11 7
10 7
10 8
10 7
9 7
9 6
9 7
9 8
8 8
8 7
8 6
9 6
9 7
9 8
10 8
9 8
8 8
8 7
8 8
8 7
8 8
9 8
9 7
10 7
10 8
10 7
10 6
11 6
11 7
11 8
11 9
11 10
10 10
10 11
10 10
11 10
12 10
12 9
11 9
11 10
11 9
11 10
11 11
11 10
11 9
12 9
13 9
14 9
14 8
14 7
14 8
13 8
12 8
12 7
12 6
12 5
13 5
13 4
14 4
14 3
15 3
14 3
15 3
15 4
15 3
14 3
13 3
14 3
14 4
13 4
13 3
13 4
13 5
13 6
12 6
13 6
13 5
12 5
13 5
13 4
12 4
12 3
12 2
12 1
13 1
14 1
14 2
14 3
15 3
15 2
16 2
15 2
16 2
16 3
15 3
15 2
16 2
16 3
16 2
15 2
15 1
16 1
16 2
17 2
18 2
17 2
18 2
19 2
20 2
19 2
18 2
18 1
19 1
19 0
18 0
19 0
18 0
17 0
17 1
17 2
17 1
18 1
19 1
20 1
21 1
21 0
21 1
20 1
19 1
20 1
21 1
21 2
21 3
22 3
21 3
20 3
21 3
21 2
21 3
21 4
21 5
22 5
22 4
22 5
22 4
23 4
24 4
24 5
25 5
25 6
26 6
26 7
26 6
25 6
24 6
24 5
24 4
24 3
23 3
23 2
23 1
22 1
22 2
22 3
23 3
24 3
24 2
24 3
24 2
24 1
23 1
23 0
23 1
23 0
24 0
25 0
26 0
25 0
25 1
26 1
25 1
25 2
26 2
26 1
26 2
26 1
26 2
25 2
25 3
25 2
25 1
25 2
26 2
26 1
26 0
25 0
24 0
23 0
23 1
23 0
23 1
24 1
23 1
24 1
25 1
25 0
25 1
25 2
26 2
27 2
26 2
27 2
26 2
26 1
26 2
27 2
27 3
27 4
28 4
29 4
29 5
30 5
30 6
30 5
29 5
29 6
29 5
28 5
29 5
29 6
29 7
30 7
31 7
31 8
32 8
33 8
33 9
34 9
33 9
32 9
32 10
31 10
31 9
31 8
31 7
31 8
30 8
29 8
28 8
29 8
30 8
31 8
31 9
30 9
31 9
31 8
30 8
29 8
28 8
28 9
28 8
28 9
27 9
26 9
26 8
26 7
27 7
27 6
28 6
28 5
28 6
29 6
29 7
29 6
28 6
28 5
29 5
28 5
28 4
29 4
29 5
29 4
28 4
28 5
29 5
30 5
30 6
30 7
30 6
30 5
30 4
30 5
30 4
30 3
30 4
30 5
30 4
30 5
30 4
31 4
31 5
32 5
32 6
31 6
32 6
33 6
33 5
33 4
33 5
33 6
32 6
32 7
33 7
32 7
32 8
33 8
33 9
33 8
33 7
33 6
34 6
34 5
35 5
35 6
36 6
35 6
35 7
36 7
36 8
37 8
37 9
37 8
36 8
36 9
36 8
35 8
36 8
35 8
36 8
36 7
37 7
38 7
38 6
38 7
38 6
39 6
38 6
39 6
39 5
39 4
40 4
39 4
40 4
40 3
40 2
39 2
39 1
40 1
40 2
39 2
39 3
38 3
38 4
37 4
36 4
36 5
36 4
36 5
36 6
37 6
37 7
37 6
37 5
38 5
39 5
39 6
39 5
39 6
39 7
38 7
39 7
40 7
40 6
40 7
40 8
40 7
40 8
40 7
40 6
40 5
39 5
39 6
39 5
39 6
39 7
40 7
39 7
38 7
37 7
36 7
35 7
35 8
35 7
35 6
35 7
35 8
36 8
36 9
35 9
35 8
34 8
34 7
33 7
33 6
33 7
33 6
33 7
33 8
34 8
33 8
34 8
34 7
34 8
35 8
35 9
35 8
36 8
36 7
36 6
36 5
36 6
36 5
36 6
36 7
36 8
37 8
37 7
38 7
37 7
37 8
36 8
36 7
36 8
35 8
34 8
34 9
35 9
35 10
35 9
35 8
34 8
34 9
35 9
34 9
35 9
34 9
34 10
35 10
35 9
35 10
35 9
35 8
35 7
35 6
35 5
35 6
34 6
34 5
35 5
35 6
36 6
36 5
36 4
36 3
35 3
36 3
36 2
36 1
36 2
36 3
36 2
35 2
35 3
35 4
36 4
36 5
36 4
36 3
36 4
36 5
36 6
35 6
36 6
37 6
38 6
37 6
36 6
36 5
36 6
36 5
37 5
37 6
37 7
38 7
37 7
36 7
37 7
37 6
37 5
37 4
37 5
37 6
37 7
38 7
38 8
37 8
37 9
37 10
38 10
38 11
