0 0
0 1
1 1
2 1
2 2
2 1
1 1
1 0
1 1
2 1
2 2
1 2
2 2
3 2
3 1
2 1
2 0
2 1
2 2
2 1
2 2
1 2
0 2
1 2
1 1
0 1
1 1
1 2
2 2
3 2
3 3
2 3
2 4
3 4
3 3
4 3
4 4
5 4
5 5
6 5
5 5
6 5
7 5
7 6
7 5
7 4
7 5
6 5
5 5
4 5
4 6
3 6
4 6
4 5
3 5
3 4
4 4
5 4
6 4
6 5
6 4
7 4
7 3
7 4
7 5
7 4
6 4
6 3
5 3
6 3
6 2
5 2
5 3
5 2
4 2
3 2
2 2
2 3
2 4
2 3
2 2
3 2
4 2
3 2
3 1
3 2
3 3
2 3
1 3
0 3
1 3
2 3
3 3
3 2
3 1
2 1
3 1
3 2
4 2
3 2
4 2
4 1
5 1
5 2
6 2
5 2
5 3
6 3
5 3
5 2
5 1
5 2
5 3
5 2
6 2
7 2
7 1
8 1
7 1
7 0
7 1
6 1
6 2
6 3
6 2
7 2
7 3
6 3
6 4
6 5
7 5
7 6
6 6
6 5
5 5
4 5
4 6
4 7
4 8
3 8
3 9
2 9
3 9
3 8
3 7
2 7
3 7
3 6
2 6
3 6
2 6
3 6
3 7
2 7
2 6
2 5
3 5
3 6
2 6
2 7
2 8
1 8
2 8
2 9
3 9
4 9
5 9
4 9
4 10
3 10
3 11
3 10
4 10
4 11
3 11
2 11
2 10
2 11
2 12
3 12
4 12
3 12
2 12
3 12
3 13
3 14
3 15
4 15
4 16
3 16
3 17
3 18
3 17
3 16
4 16
4 15
5 15
6 15
5 15
4 15
3 15
3 14
4 14
4 15
5 15
4 15
5 15
5 14
5 13
5 14
5 13
6 13
6 12
6 13
6 14
6 15
5 15
5 14
5 13
4 13
5 13
5 14
5 13
5 14
5 15
4 15
4 14
3 14
4 14
4 13
4 12
4 11
5 11
4 11
3 11
2 11
3 11
4 11
3 11
3 12
2 12
3 12
4 12
5 12
5 13
5 14
4 14
4 15
4 14
5 14
4 14
4 13
3 13
4 13
4 14
3 14
3 13
4 13
5 13
6 13
6 12
7 12
8 12
9 12
8 12
8 13
8 14
8 15
7 15
8 15
8 16
7 16
7 17
8 17
7 17
8 17
8 16
9 16
8 16
9 16
9 15
9 14
9 13
9 14
9 15
8 15
8 14
8 15
8 16
8 17
8 16
7 16
7 17
7 18
7 17
6 17
6 18
6 19
5 19
6 19
6 18
6 19
5 19
4 19
4 18
5 18
4 18
4 17
3 17
4 17
5 17
4 17
3 17
3 18
4 18
4 19
4 20
3 20
3 21
4 21
3 21
3 22
3 23
3 24
2 24
2 25
1 25
1 24
1 23
1 24
0 24
1 24
0 24
1 24
1 25
2 25
2 26
1 26
2 26
1 26
1 27
0 27
0 26
0 25
0 26
1 26
1 25
2 25
1 25
2 25
3 25
3 26
3 27
2 27
2 28
1 28
2 28
1 28
1 29
0 29
0 28
0 27
0 26
0 27
1 27
2 27
1 27
1 28
0 28
1 28
2 28
2 29
2 30
2 29
2 30
2 31
3 31
4 31
4 32
4 33
4 34
5 34
5 35
4 35
4 34
5 34
4 34
5 34
4 34
4 33
4 32
3 32
3 31
2 31
2 32
1 32
1 31
2 31
1 31
1 30
1 31
0 31
0 32
1 32
1 33
1 34
0 34
1 34
1 33
1 32
0 32
1 32
2 32
3 32
3 31
4 31
4 30
3 30
3 31
2 31
2 32
3 32
4 32
4 33
5 33
4 33
4 32
3 32
2 32
2 33
2 32
3 32
3 33
3 32
4 32
4 33
4 32
4 31
4 30
4 29
4 30
5 30
6 30
6 31
5 31
5 32
5 31
5 32
4 32
4 33
4 32
4 33
3 33
4 33
4 32
3 32
4 32
4 33
4 32
5 32
5 33
5 34
6 34
5 34
5 35
6 35
6 34
7 34
8 34
9 34
8 34
7 34
7 35
8 35
8 36
9 36
9 37
9 36
10 36
9 36
9 37
10 37
11 37
12 37
12 38
12 39
13 39
14 39
14 40
14 41
14 40
15 40
15 39
15 38
14 38
15 38
14 38
15 38
15 39
16 39
17 39
17 38
18 38
17 38
17 39
17 38
17 37
17 36
18 36
19 36
19 37
19 36
18 36
17 36
16 36
16 35
15 35
15 36
15 35
15 34
15 35
15 34
16 34
16 35
16 34
17 34
16 34
16 35
16 34
16 35
16 36
15 36
14 36
15 36
16 36
17 36
17 35
17 36
16 36
17 36
18 36
19 36
20 36
19 36
18 36
19 36
20 36
20 35
20 34
21 34
21 33
20 33
19 33
20 33
20 34
20 35
21 35
21 34
22 34
22 35
23 35
22 35
22 34
22 33
22 32
21 32
22 32
21 32
21 31
21 32
22 32
22 33
22 32
21 32
22 32
21 32
20 32
20 33
19 33
19 34
19 33
20 33
20 34
21 34
20 34
19 34
19 33
19 32
18 32
19 32
20 32
21 32
21 31
21 30
22 30
22 31
22 32
22 33
22 32
22 31
22 30
22 31
23 31
22 31
22 30
23 30
23 31
23 32
22 32
21 32
21 33
20 33
20 34
19 34
19 35
18 35
18 36
19 36
18 36
18 35
18 34
18 33
18 32
18 33
18 34
19 34
19 35
18 35
18 36
17 36
16 36
16 37
17 37
18 37
19 37
18 37
17 37
16 37
15 37
16 37
17 37
18 37
18 36
18 37
18 38
18 37
18 38
18 37
19 37
20 37
19 37
18 37
17 37
16 37
17 37
18 37
18 38
17 38
16 38
17 38
16 38
16 37
16 36
15 36
15 35
14 35
15 35
15 34
15 33
16 33
16 32
16 31
17 31
17 30
17 31
18 31
19 31
18 31
18 30
18 31
18 30
17 30
17 29
17 28
18 28
19 28
20 28
19 28
19 27
19 26
20 26
19 26
18 26
18 27
18 28
19 28
18 28
18 27
17 27
17 28
16 28
15 28
14 28
13 28
12 28
13 28
13 29
13 30
12 30
12 29
13 29
12 29
11 29
11 30
12 30
11 30
12 30
12 29
12 28
13 28
14 28
14 27
14 28
15 28
16 28
16 29
15 29
15 30
15 31
16 31
17 31
17 32
18 32
18 33
18 34
19 34
18 34
19 34
20 34
19 34
19 33
19 34
20 34
21 34
22 34
22 35
23 35
23 36
24 36
25 36
25 35
24 35
24 34
25 34
24 34
25 34
26 34
27 34
27 35
27 36
27 37
26 37
26 36
25 36
26 36
27 36
27 37
27 36
26 36
25 36
24 36
24 37
23 37
23 36
23 37
23 38
22 38
23 38
23 39
23 38
23 39
22 39
22 40
21 40
22 40
23 40
22 40
22 41
21 41
21 40
21 39
20 39
20 40
20 39
20 38
19 38
19 37
20 37
20 38
20 37
20 36
19 36
19 35
18 35
18 36
18 37
18 38
17 38
17 37
17 36
17 35
16 35
17 35
17 34
17 33
16 33
16 32
15 32
15 33
15 34
16 34
15 34
15 33
16 33
15 33
16 33
17 33
18 33
19 33
18 33
17 33
18 33
18 34
19 34
19 33
20 33
20 34
20 33
19 33
20 33
20 32
20 33
21 33
20 33
21 33
21 34
21 33
21 34
21 35
20 35
20 36
20 35
21 35
21 36
21 35
21 36
22 36
23 36
23 35
23 34
23 35
22 35
23 35
23 34
23 35
23 34
24 34
25 34
26 34
26 35
26 34
26 33
25 33
25 34
25 33
25 32
25 31
24 31
24 30
25 30
24 30
25 30
26 30
26 31
25 31
24 31
24 30
24 29
24 30
23 30
23 31
23 32
22 32
22 31
23 31
23 32
22 32
22 31
23 31
23 32
22 32
22 33
21 33
22 33
23 33
23 32
22 32
21 32
21 31
21 32
21 31
21 32
22 32
22 31
22 32
21 32
21 33
21 32
22 32
22 33
22 34
22 33
22 32
22 31
22 32
21 32
22 32
23 32
23 33
24 33
24 32
25 32
26 32
26 31
27 31
28 31
28 30
28 29
27 29
27 28
27 29
27 30
28 30
28 31
29 31
28 31
27 31
27 32
26 32
26 33
25 33
25 32
24 32
24 31
25 31
26 31
26 30
27 30
26 30
26 31
27 31
26 31
26 30
26 31
25 31
25 32
25 31
25 30
25 31
25 32
26 32
25 32
25 31
25 32
24 32
23 32
22 32
22 33
22 32
22 31
22 32
21 32
21 31
20 31
20 32
19 32
20 32
21 32
21 31
21 30
21 31
21 30
21 29
22 29
22 30
21 30
22 30
22 31
22 30
22 31
