0 0
1 0
1 1
0 1
0 0
1 0
2 0
1 0
1 1
0 1
0 0
0 1
0 2
1 2
0 2
0 1
0 0
0 1
1 1
1 0
1 1
1 2
2 2
1 2
1 1
1 0
0 0
0 1
1 1
1 2
1 3
1 2
2 2
3 2
3 1
4 1
3 1
3 2
4 2
4 3
5 3
6 3
6 4
5 4
5 3
6 3
6 4
6 3
6 4
7 4
8 4
7 4
8 4
7 4
8 4
8 3
9 3
9 2
9 3
10 3
10 2
11 2
12 2
11 2
10 2
10 3
10 4
10 5
9 5
9 4
8 4
8 3
7 3
6 3
7 3
7 4
6 4
6 3
5 3
5 2
6 2
7 2
7 3
6 3
6 4
6 3
5 3
5 4
5 3
6 3
6 4
5 4
5 5
6 5
7 5
6 5
5 5
4 5
4 4
3 4
2 4
2 5
2 6
2 7
2 8
2 7
2 8
1 8
2 8
1 8
0 8
0 7
1 7
1 8
1 7
1 8
1 7
1 6
1 7
1 6
0 6
1 6
1 5
2 5
2 4
2 5
3 5
2 5
2 4
2 3
3 3
2 3
2 2
2 3
2 2
1 2
0 2
1 2
1 1
1 0
0 0
0 1
0 0
1 0
1 1
0 1
1 1
1 2
1 3
2 3
2 4
2 5
2 4
1 4
1 5
0 5
1 5
1 4
1 3
0 3
1 3
1 2
0 2
1 2
0 2
1 2
1 1
1 0
2 0
2 1
1 1
2 1
1 1
2 1
3 1
3 0
3 1
4 1
4 2
5 2
6 2
6 3
7 3
6 3
5 3
6 3
6 2
7 2
6 2
5 2
6 2
5 2
4 2
5 2
5 1
5 2
4 2
4 1
3 1
2 1
3 1
3 2
4 2
4 3
4 2
4 1
3 1
2 1
2 2
2 3
2 2
2 3
1 3
0 3
1 3
1 2
1 3
1 2
1 3
1 2
1 1
0 1
0 2
0 1
0 0
0 1
0 2
0 1
0 2
1 2
2 2
2 1
1 1
2 1
2 2
1 2
1 1
0 1
1 1
1 0
1 1
0 1
1 1
1 0
2 0
2 1
1 1
0 1
0 2
1 2
1 1
0 1
0 2
1 2
1 3
0 3
0 2
0 3
0 4
1 4
0 4
1 4
1 5
0 5
1 5
1 6
0 6
0 5
1 5
2 5
2 4
2 5
3 5
3 6
2 6
3 6
3 5
3 6
3 5
2 5
1 5
2 5
2 6
1 6
1 7
2 7
1 7
2 7
1 7
1 8
2 8
3 8
4 8
4 7
3 7
4 7
4 8
5 8
6 8
6 9
5 9
5 10
5 9
4 9
4 10
3 10
4 10
5 10
4 10
4 11
4 12
4 13
5 13
6 13
5 13
4 13
3 13
4 13
4 12
4 11
5 11
5 10
5 9
4 9
4 10
4 9
4 10
3 10
2 10
1 10
1 9
1 10
1 9
1 8
1 9
0 9
1 9
0 9
0 8
0 9
1 9
1 8
1 9
1 10
0 10
0 9
0 8
1 8
1 7
2 7
2 6
3 6
4 6
4 5
4 6
3 6
2 6
1 6
2 6
3 6
3 5
3 4
2 4
1 4
2 4
2 5
1 5
2 5
2 4
3 4
2 4
2 5
1 5
0 5
0 6
0 7
1 7
1 8
2 8
2 9
3 9
3 10
3 9
3 8
3 7
4 7
5 7
5 6
6 6
6 7
6 8
6 7
6 6
5 6
5 5
6 5
7 5
8 5
9 5
9 4
8 4
8 5
8 6
8 7
8 6
8 5
8 6
9 6
8 6
8 7
9 7
8 7
8 6
8 5
8 4
8 3
8 2
8 1
8 2
9 2
8 2
8 1
8 0
9 0
9 1
9 0
9 1
9 0
8 0
9 0
8 0
8 1
7 1
7 0
6 0
7 0
7 1
8 1
9 1
8 1
8 2
8 3
7 3
8 3
8 2
9 2
9 1
8 1
8 2
8 3
7 3
7 2
7 3
7 4
7 3
8 3
8 4
9 4
9 5
9 6
9 7
9 8
10 8
10 9
10 10
10 11
9 11
9 10
8 10
7 10
7 11
6 11
7 11
8 11
8 10
9 10
8 10
9 10
9 11
8 11
7 11
8 11
9 11
9 10
9 9
9 10
10 10
10 9
10 10
9 10
8 10
7 10
8 10
8 11
8 10
8 11
7 11
8 11
8 12
8 13
8 12
8 11
7 11
8 11
8 12
8 11
8 12
8 11
8 10
7 10
7 11
7 10
6 10
7 10
7 11
7 12
6 12
7 12
7 11
6 11
7 11
6 11
6 12
5 12
4 12
4 13
3 13
4 13
5 13
5 14
6 14
5 14
5 13
5 12
6 12
6 11
6 10
7 10
6 10
6 11
5 11
5 12
4 12
3 12
3 11
4 11
4 10
4 9
4 10
5 10
5 9
6 9
5 9
6 9
5 9
6 9
6 10
7 10
7 9
7 8
7 9
7 10
8 10
8 9
9 9
9 10
10 10
10 11
11 11
12 11
12 12
13 12
13 11
14 11
15 11
15 10
15 9
15 10
15 11
15 10
14 10
15 10
15 11
16 11
15 11
14 11
14 12
13 12
14 12
15 12
15 11
16 11
17 11
17 10
16 10
16 11
16 12
17 12
18 12
18 13
18 12
19 12
20 12
20 13
20 14
20 13
21 13
21 12
22 12
23 12
24 12
24 11
24 10
23 10
24 10
24 9
25 9
25 10
25 11
24 11
25 11
24 11
23 11
24 11
25 11
26 11
25 11
26 11
25 11
24 11
23 11
23 12
24 12
24 13
25 13
24 13
24 12
24 11
24 12
25 12
25 13
24 13
25 13
24 13
25 13
26 13
25 13
26 13
27 13
26 13
26 12
26 13
25 13
26 13
27 13
27 12
27 13
27 14
27 15
28 15
28 14
29 14
30 14
30 15
29 15
28 15
28 16
27 16
28 16
28 17
28 16
29 16
29 15
29 16
28 16
29 16
30 16
31 16
31 17
31 16
31 17
32 17
32 16
32 17
32 18
33 18
33 19
32 19
32 20
33 20
33 19
34 19
33 19
34 19
35 19
35 18
35 19
34 19
34 20
35 20
35 21
35 22
36 22
35 22
35 23
35 22
36 22
36 23
35 23
35 24
35 25
36 25
35 25
35 26
36 26
37 26
38 26
38 25
38 24
38 23
38 24
39 24
39 25
38 25
38 24
38 23
37 23
36 23
36 24
36 25
36 26
37 26
36 26
36 25
35 25
35 26
35 25
35 26
34 26
35 26
35 25
35 26
35 27
34 27
35 27
36 27
35 27
34 27
34 26
34 25
34 24
34 25
34 26
33 26
34 26
34 25
34 26
34 27
34 26
33 26
32 26
32 25
32 24
32 25
32 26
32 27
31 27
31 26
32 26
32 25
33 25
34 25
35 25
35 26
34 26
35 26
34 26
34 27
34 26
34 27
35 27
34 27
34 26
34 25
33 25
33 26
32 26
32 27
32 26
32 27
32 26
32 25
32 24
32 25
33 25
33 26
34 26
35 26
36 26
36 27
37 27
37 28
37 29
38 29
38 28
38 29
39 29
39 30
39 29
39 28
38 28
39 28
39 29
40 29
41 29
42 29
42 28
42 27
41 27
42 27
42 26
41 26
42 26
42 27
42 28
41 28
41 29
41 30
42 30
42 29
43 29
42 29
41 29
41 28
41 27
40 27
41 27
41 26
42 26
41 26
41 25
40 25
39 25
39 24
39 25
39 24
40 24
40 23
41 23
40 23
40 24
40 23
39 23
40 23
39 23
40 23
40 24
40 23
41 23
41 24
41 25
40 25
40 24
41 24
41 23
40 23
39 23
40 23
41 23
42 23
42 24
42 25
41 25
41 24
42 24
42 23
42 22
42 21
41 21
42 21
42 22
42 21
43 21
42 21
42 20
41 20
42 20
43 20
42 20
41 20
41 19
41 18
42 18
43 18
43 19
44 19
45 19
44 19
44 20
44 21
43 21
43 22
43 21
44 21
44 22
43 22
43 23
43 24
43 23
43 24
43 23
43 22
43 23
42 23
41 23
40 23
40 22
40 21
39 21
40 21
40 20
41 20
42 20
42 21
41 21
42 21
41 21
41 20
41 19
41 18
41 19
40 19
41 19
41 20
40 20
40 21
41 21
40 21
41 21
40 21
40 22
40 21
40 20
40 19
40 18
40 17
40 16
41 16
41 15
42 15
43 15
43 16
42 16
41 16
41 17
41 16
42 16
43 16
43 17
42 17
42 16
42 15
42 14
42 13
42 14
41 14
42 14
41 14
42 14
42 15
42 14
43 14
42 14
42 15
42 16
41 16
41 15
40 15
40 16
40 17
40 16
40 15
39 15
38 15
39 15
39 14
39 15
38 15
38 14
39 14
39 15
39 16
40 16
39 16
39 17
40 17
40 16
40 15
40 16
40 15
