0 0
0 1
1 1
1 2
0 2
1 2
2 2
1 2
1 1
1 0
1 1
1 0
1 1
1 0
1 1
1 0
1 1
2 1
3 1
3 0
3 1
4 1
5 1
5 0
5 1
5 2
5 1
4 1
5 1
4 1
3 1
2 1
3 1
2 1
2 0
2 1
1 1
2 1
2 2
2 1
2 2
1 2
2 2
2 3
3 3
3 2
2 2
1 2
1 1
2 1
2 2
3 2
3 3
4 3
4 2
5 2
5 3
4 3
4 2
3 2
2 2
3 2
3 3
3 4
2 4
2 5
1 5
1 6
1 5
1 4
2 4
2 3
2 2
2 1
2 0
2 1
3 1
3 0
2 0
1 0
0 0
0 1
1 1
0 1
1 1
2 1
2 0
1 0
1 1
2 1
2 0
2 1
1 1
1 0
0 0
1 0
1 1
1 0
0 0
0 1
1 1
2 1
2 2
1 2
1 3
0 3
0 4
1 4
2 4
2 5
1 5
0 5
1 5
2 5
1 5
1 6
0 6
1 6
1 5
0 5
1 5
2 5
3 5
3 6
4 6
4 5
4 4
4 5
4 4
4 5
3 5
2 5
2 6
3 6
2 6
1 6
0 6
1 6
1 5
1 4
0 4
0 3
1 3
0 3
1 3
0 3
0 4
0 5
0 4
0 5
1 5
1 6
0 6
0 7
1 7
0 7
1 7
1 6
1 7
1 8
0 8
1 8
1 9
1 10
1 11
1 12
1 11
1 10
0 10
1 10
0 10
0 9
1 9
1 8
2 8
2 7
1 7
1 6
1 5
0 5
0 6
1 6
2 6
3 6
4 6
4 5
5 5
6 5
5 5
5 6
5 5
4 5
5 5
5 6
5 7
6 7
7 7
6 7
6 6
6 5
7 5
7 4
8 4
8 3
8 2
9 2
10 2
9 2
10 2
10 3
11 3
11 4
10 4
10 3
10 4
11 4
11 5
11 6
11 7
11 6
10 6
11 6
11 5
10 5
9 5
9 6
10 6
10 7
10 8
11 8
12 8
13 8
14 8
14 7
13 7
13 6
13 5
13 6
13 7
12 7
12 8
12 7
12 6
13 6
13 5
12 5
11 5
11 4
10 4
10 5
11 5
11 6
11 7
11 6
12 6
13 6
12 6
12 7
12 6
12 7
13 7
12 7
12 8
12 9
11 9
12 9
13 9
13 10
13 9
14 9
14 8
14 9
14 10
14 11
13 11
13 12
13 13
12 13
12 12
12 11
13 11
13 10
12 10
11 10
11 11
12 11
11 11
10 11
11 11
12 11
13 11
12 11
13 11
14 11
15 11
15 10
15 9
16 9
17 9
17 8
17 9
17 8
18 8
18 7
17 7
17 6
18 6
19 6
18 6
19 6
18 6
19 6
18 6
18 7
18 8
18 9
17 9
16 9
16 10
15 10
16 10
16 11
15 11
15 12
16 12
16 13
16 12
15 12
15 11
15 12
14 12
15 12
15 11
16 11
16 10
15 10
15 11
16 11
16 10
15 10
16 10
15 10
14 10
13 10
13 9
13 8
12 8
12 9
13 9
13 10
14 10
13 10
14 10
15 10
16 10
17 10
16 10
16 11
16 10
15 10
15 9
15 8
14 8
15 8
15 9
15 10
15 11
15 10
15 11
16 11
17 11
16 11
16 12
16 11
17 11
16 11
17 11
17 12
17 13
18 13
18 12
18 13
19 13
19 12
19 11
19 12
19 13
20 13
19 13
20 13
20 14
20 13
21 13
21 14
21 13
21 12
21 11
21 10
22 10
22 11
22 10
22 11
23 11
24 11
25 11
25 12
25 11
24 11
24 12
25 12
26 12
26 11
27 11
27 10
28 10
27 10
27 11
27 12
27 13
26 13
25 13
25 12
24 12
24 13
25 13
25 14
25 13
24 13
23 13
23 14
23 15
24 15
23 15
23 14
24 14
23 14
23 13
24 13
23 13
24 13
23 13
23 14
22 14
23 14
23 13
22 13
21 13
20 13
21 13
20 13
19 13
19 14
19 15
19 16
19 15
18 15
18 14
18 15
18 14
18 13
19 13
18 13
17 13
17 14
17 15
16 15
16 14
15 14
16 14
16 13
17 13
18 13
18 14
18 13
19 13
19 12
20 12
20 11
20 12
21 12
20 12
19 12
19 13
19 12
19 13
20 13
20 12
21 12
22 12
22 11
23 11
23 12
23 11
24 11
25 11
26 11
26 10
27 10
26 10
25 10
26 10
25 10
25 9
25 10
25 9
26 9
26 8
26 7
25 7
24 7
25 7
25 8
25 9
26 9
26 10
26 9
26 8
26 7
27 7
27 8
28 8
28 7
28 6
28 5
27 5
27 6
26 6
27 6
27 5
27 4
27 5
28 5
28 6
28 5
28 6
29 6
29 7
28 7
28 8
28 9
29 9
30 9
30 8
30 9
30 10
30 11
30 10
30 11
30 12
30 13
30 12
30 13
29 13
28 13
27 13
26 13
26 12
26 13
26 12
26 11
27 11
28 11
28 10
27 10
27 11
26 11
26 12
27 12
26 12
27 12
26 12
26 11
26 12
26 13
27 13
28 13
29 13
28 13
28 14
29 14
29 13
29 14
30 14
30 15
30 16
29 16
30 16
30 15
30 14
29 14
29 15
29 16
28 16
29 16
29 17
30 17
29 17
29 16
28 16
29 16
28 16
28 17
27 17
27 16
26 16
25 16
25 17
24 17
24 16
24 17
25 17
24 17
25 17
24 17
24 16
25 16
24 16
23 16
23 17
24 17
24 18
24 17
24 16
24 15
24 14
25 14
24 14
25 14
25 13
24 13
24 12
25 12
26 12
25 12
24 12
24 13
24 12
24 11
25 11
24 11
23 11
23 12
23 11
23 12
23 13
23 14
23 13
23 12
23 13
22 13
23 13
22 13
22 12
23 12
24 12
24 13
24 14
23 14
24 14
24 15
24 16
24 17
23 17
23 16
23 15
22 15
22 14
23 14
22 14
22 13
22 14
23 14
22 14
22 13
23 13
22 13
22 12
21 12
21 11
21 12
21 13
20 13
20 12
19 12
19 13
19 12
20 12
20 11
19 11
18 11
18 10
18 9
18 8
17 8
17 7
18 7
17 7
17 8
17 7
18 7
17 7
17 8
17 9
17 10
18 10
17 10
18 10
18 9
18 8
18 9
18 10
19 10
19 9
20 9
20 8
20 7
19 7
20 7
20 6
20 5
19 5
20 5
20 6
20 5
19 5
19 4
19 5
18 5
18 6
17 6
18 6
18 7
19 7
19 8
20 8
20 7
20 8
19 8
19 7
20 7
20 8
20 9
21 9
20 9
19 9
19 8
19 9
18 9
19 9
19 8
19 7
18 7
17 7
18 7
18 8
17 8
18 8
18 7
18 6
18 5
18 4
17 4
17 5
18 5
19 5
19 6
18 6
18 5
19 5
20 5
21 5
21 4
21 5
20 5
20 4
20 5
21 5
22 5
22 4
22 3
22 2
23 2
24 2
24 1
24 2
24 3
25 3
26 3
26 4
26 3
25 3
25 4
26 4
25 4
26 4
26 5
26 4
26 3
26 2
27 2
28 2
27 2
27 3
27 2
27 1
26 1
26 0
26 1
26 0
26 1
26 0
25 0
24 0
23 0
24 0
24 1
23 1
24 1
24 0
24 1
25 1
24 1
25 1
26 1
26 0
25 0
25 1
26 1
26 0
25 0
26 0
27 0
26 0
26 1
26 0
27 0
27 1
27 2
28 2
27 2
26 2
26 3
27 3
28 3
29 3
29 2
29 3
29 2
30 2
29 2
30 2
30 1
31 1
32 1
31 1
30 1
31 1
30 1
29 1
28 1
27 1
27 0
27 1
27 0
27 1
28 1
28 0
28 1
27 1
26 1
26 2
26 1
26 2
26 3
25 3
25 2
26 2
27 2
28 2
28 3
27 3
26 3
25 3
25 2
24 2
25 2
25 3
25 4
25 5
25 4
25 5
25 4
24 4
24 5
24 4
25 4
24 4
24 3
24 2
24 1
24 2
23 2
23 1
22 1
22 0
23 0
24 0
24 1
23 1
24 1
24 0
23 0
22 0
22 1
22 2
21 2
22 2
22 1
22 2
21 2
20 2
21 2
22 2
21 2
20 2
19 2
20 2
20 1
20 2
20 3
21 3
21 4
20 4
19 4
20 4
20 3
20 2
21 2
20 2
20 3
21 3
21 2
21 1
20 1
19 1
19 0
20 0
20 1
21 1
20 1
21 1
21 2
21 1
20 1
20 2
20 1
20 0
21 0
20 0
20 1
21 1
20 1
20 0
20 1
20 0
20 1
19 1
19 0
19 1
20 1
20 0
20 1
21 1
21 2
21 1
20 1
21 1
20 1
20 2
20 1
19 1
19 0
20 0
20 1
20 2
21 2
20 2
19 2
20 2
20 3
19 3
20 3
20 4
19 4
19 3
19 2
18 2
19 2
19 3
18 3
