0 0
1 0
0 0
0 1
1 1
0 1
0 0
1 0
2 0
2 1
2 2
2 1
1 1
0 1
0 0
1 0
2 0
2 1
2 2
1 2
2 2
3 2
4 2
5 2
6 2
6 3
5 3
5 4
5 3
4 3
4 2
4 1
3 1
3 0
3 1
4 1
4 2
4 1
4 0
4 1
4 0
4 1
4 0
4 1
4 0
4 1
4 0
4 1
3 1
3 2
2 2
3 2
2 2
1 2
2 2
2 1
2 2
2 3
3 3
4 3
4 2
5 2
6 2
6 1
6 0
7 0
7 1
8 1
8 2
9 2
9 1
9 2
8 2
8 3
8 4
9 4
8 4
8 5
7 5
8 5
8 6
7 6
7 5
7 4
7 5
8 5
9 5
10 5
10 6
10 5
10 4
10 3
10 4
11 4
10 4
10 3
10 2
10 3
10 2
9 2
8 2
8 3
8 2
8 1
9 1
9 0
8 0
8 1
9 1
9 2
9 1
10 1
11 1
10 1
10 0
10 1
9 1
9 2
9 3
10 3
9 3
9 2
10 2
11 2
12 2
12 3
11 3
11 2
12 2
12 1
12 0
13 0
13 1
13 2
14 2
14 1
15 1
14 1
13 1
13 2
13 1
14 1
14 2
14 1
14 2
13 2
14 2
14 3
14 4
15 4
15 5
15 6
15 7
15 8
15 9
15 8
15 7
15 8
15 9
16 9
17 9
17 10
17 11
16 11
16 10
16 11
16 12
16 11
16 12
16 13
15 13
15 14
16 14
16 15
16 16
16 15
16 14
16 15
17 15
17 14
17 13
18 13
19 13
20 13
21 13
21 12
22 12
22 11
23 11
23 12
23 13
22 13
23 13
23 12
23 13
23 14
24 14
25 14
25 13
25 14
25 15
25 14
24 14
24 15
23 15
24 15
24 16
25 16
24 16
24 17
24 18
24 19
25 19
25 18
26 18
27 18
26 18
26 17
27 17
27 16
28 16
27 16
28 16
28 17
27 17
27 16
28 16
28 17
29 17
28 17
27 17
28 17
28 16
29 16
28 16
27 16
27 17
28 17
27 17
27 18
26 18
27 18
27 17
27 16
27 17
27 16
27 15
26 15
27 15
27 16
26 16
27 16
27 15
26 15
26 16
27 16
27 15
28 15
28 14
28 13
28 12
28 13
28 12
27 12
27 11
27 10
27 9
27 10
27 9
26 9
26 10
26 9
25 9
25 10
24 10
25 10
26 10
26 9
25 9
25 10
24 10
25 10
26 10
26 11
26 12
26 11
25 11
25 12
26 12
26 11
26 12
27 12
27 11
27 10
27 11
26 11
27 11
26 11
26 12
26 13
27 13
26 13
26 14
27 14
27 13
26 13
26 14
26 15
26 14
26 15
25 15
26 15
26 16
26 15
26 14
26 15
26 14
27 14
26 14
27 14
27 15
26 15
27 15
28 15
29 15
30 15
30 14
30 15
31 15
32 15
33 15
33 14
33 15
33 16
33 17
32 17
31 17
30 17
31 17
30 17
30 18
30 19
30 20
30 21
29 21
29 20
29 19
30 19
30 18
30 19
29 19
28 19
27 19
28 19
28 20
28 19
28 18
27 18
26 18
27 18
27 19
28 19
28 20
27 20
27 19
27 18
27 17
28 17
28 16
28 17
29 17
28 17
28 16
27 16
28 16
28 17
27 17
27 18
28 18
28 17
28 18
28 17
28 18
29 18
30 18
30 19
30 18
31 18
31 17
32 17
32 16
32 15
32 16
32 17
33 17
33 16
34 16
33 16
34 16
34 17
35 17
35 16
34 16
35 16
35 15
34 15
33 15
33 14
32 14
32 15
33 15
32 15
32 16
33 16
33 17
34 17
33 17
32 17
31 17
30 17
29 17
29 16
30 16
30 15
30 14
31 14
30 14
29 14
29 15
29 16
29 17
28 17
28 16
29 16
29 15
29 16
29 15
29 16
29 17
29 16
29 17
29 16
29 15
29 14
29 13
29 14
29 15
28 15
27 15
28 15
28 14
27 14
27 15
26 15
26 14
25 14
26 14
25 14
26 14
26 13
27 13
26 13
25 13
24 13
23 13
23 14
23 13
22 13
21 13
21 14
22 14
21 14
22 14
21 14
21 13
21 14
20 14
20 15
19 15
19 14
18 14
19 14
19 13
19 12
18 12
18 13
18 14
18 13
18 14
18 13
18 12
17 12
18 12
17 12
16 12
16 13
15 13
15 14
14 14
14 15
13 15
13 14
14 14
13 14
13 13
13 12
13 13
13 12
13 11
12 11
12 12
12 11
11 11
10 11
10 12
10 11
10 12
11 12
11 13
11 12
11 13
11 12
11 11
10 11
10 12
9 12
10 12
9 12
9 13
8 13
8 12
9 12
9 13
9 12
9 11
8 11
8 12
9 12
9 13
9 14
9 13
9 14
9 13
10 13
11 13
12 13
11 13
11 12
11 11
12 11
13 11
13 10
13 9
14 9
15 9
15 8
15 9
16 9
16 8
16 9
16 10
16 11
16 10
16 9
17 9
18 9
18 8
18 9
17 9
17 10
18 10
18 9
17 9
17 10
18 10
19 10
19 11
18 11
17 11
16 11
17 11
18 11
19 11
19 12
20 12
19 12
20 12
20 13
19 13
19 14
19 13
18 13
18 14
19 14
19 15
18 15
17 15
16 15
16 14
15 14
15 15
16 15
16 14
16 13
16 14
17 14
16 14
16 13
15 13
15 12
15 13
14 13
14 14
14 13
15 13
16 13
17 13
18 13
18 12
17 12
16 12
16 11
16 12
17 12
17 11
18 11
18 10
18 9
19 9
20 9
20 10
20 9
21 9
21 8
21 9
20 9
19 9
19 10
20 10
21 10
22 10
23 10
23 11
23 10
24 10
25 10
25 9
25 10
26 10
27 10
27 11
27 12
27 13
28 13
27 13
28 13
28 12
27 12
27 11
27 10
27 9
27 10
28 10
28 9
28 10
27 10
28 10
28 9
28 10
29 10
29 9
28 9
28 8
29 8
28 8
28 9
28 8
28 7
29 7
28 7
28 8
29 8
30 8
30 7
31 7
32 7
33 7
33 6
33 5
33 4
32 4
32 5
31 5
32 5
32 6
32 7
32 8
33 8
33 7
33 6
33 5
33 6
32 6
31 6
32 6
33 6
32 6
32 5
31 5
32 5
32 6
31 6
31 7
31 6
31 5
31 6
31 7
32 7
32 8
33 8
33 9
33 10
32 10
33 10
34 10
33 10
34 10
34 11
33 11
32 11
31 11
31 10
32 10
32 9
33 9
32 9
31 9
32 9
32 10
32 11
33 11
33 10
34 10
33 10
33 11
34 11
34 12
34 11
33 11
32 11
32 10
32 11
32 10
33 10
34 10
34 11
34 10
34 11
34 12
35 12
35 11
36 11
36 10
36 9
35 9
35 10
35 11
35 12
35 13
36 13
37 13
38 13
38 14
38 15
37 15
38 15
38 16
39 16
38 16
39 16
40 16
41 16
41 15
40 15
41 15
41 16
42 16
42 15
42 14
41 14
41 15
41 16
40 16
40 15
39 15
38 15
38 14
38 15
39 15
38 15
38 14
38 13
38 14
38 15
39 15
39 14
39 15
39 16
38 16
38 15
39 15
39 14
39 15
38 15
38 14
39 14
40 14
40 15
41 15
41 14
41 13
41 12
40 12
41 12
42 12
42 13
41 13
41 12
40 12
41 12
40 12
39 12
39 11
40 11
41 11
40 11
41 11
42 11
43 11
43 12
42 12
41 12
42 12
43 12
43 13
42 13
42 14
41 14
41 15
42 15
42 14
43 14
44 14
44 13
44 14
44 15
43 15
43 16
43 15
42 15
43 15
43 14
43 15
43 14
44 14
43 14
43 15
42 15
42 14
41 14
40 14
40 13
40 12
40 13
40 12
40 11
40 10
40 11
40 10
40 11
40 10
41 10
42 10
42 11
43 11
43 12
43 11
42 11
43 11
43 12
43 13
42 13
43 13
42 13
42 12
42 11
43 11
44 11
44 12
44 11
45 11
46 11
46 12
47 12
48 12
48 13
48 14
49 14
49 13
48 13
49 13
50 13
50 12
50 11
51 11
50 11
49 11
48 11
49 11
49 12
49 11
49 12
50 12
50 11
49 11
50 11
51 11
50 11
51 11
50 11
51 11
52 11
51 11
51 10
51 11
51 10
52 10
53 10
53 11
53 12
53 13
53 14
54 14
53 14
53 13
53 12
53 11
53 12
53 11
52 11
51 11
51 12
50 12
50 11
51 11
52 11
52 10
53 10
54 10
54 11
55 11
56 11
57 11
57 12
57 11
58 11
58 10
58 11
58 10
59 10
60 10
61 10
60 10
59 10
59 11
59 10
58 10
59 10
59 11
59 10
60 10
60 11
60 12
59 12
60 12
60 11
60 10
60 11
59 11
59 10
60 10
60 9
61 9
62 9
61 9
61 10
61 11
60 11
60 12
60 13
