0 0
0 1
0 2
1 2
1 3
0 3
1 3
1 4
1 5
1 4
2 4
3 4
3 5
2 5
1 5
1 6
2 6
2 5
1 5
0 5
0 4
0 3
0 4
0 3
0 4
0 5
0 4
0 3
0 2
1 2
1 3
0 3
1 3
1 4
1 5
1 6
1 7
1 8
1 7
1 6
1 7
1 8
1 7
2 7
1 7
0 7
1 7
1 8
1 7
2 7
2 6
2 5
2 6
2 5
1 5
1 6
0 6
1 6
1 7
1 6
1 5
0 5
0 4
1 4
1 5
2 5
1 5
1 4
0 4
1 4
1 3
0 3
1 3
0 3
1 3
0 3
0 2
1 2
1 3
2 3
3 3
2 3
1 3
0 3
1 3
1 2
0 2
0 1
1 1
1 2
2 2
2 1
2 2
2 1
2 0
3 0
2 0
2 1
1 1
2 1
2 2
1 2
1 1
0 1
1 1
2 1
2 2
3 2
4 2
5 2
4 2
4 3
4 4
5 4
6 4
6 5
6 6
6 7
6 8
6 9
7 9
7 10
7 11
7 10
8 10
9 10
10 10
9 10
10 10
10 9
10 10
10 11
10 12
10 13
9 13
9 12
9 11
8 11
9 11
10 11
9 11
10 11
9 11
10 11
10 10
9 10
8 10
9 10
10 10
10 11
9 11
10 11
11 11
11 12
11 13
11 12
10 12
9 12
10 12
10 13
11 13
10 13
9 13
8 13
8 12
9 12
9 13
9 12
9 11
8 11
7 11
7 12
7 11
6 11
6 12
5 12
4 12
4 11
5 11
5 10
4 10
4 9
4 8
4 9
4 8
5 8
5 7
4 7
4 8
5 8
5 9
5 10
5 11
4 11
4 12
4 13
4 12
3 12
4 12
3 12
3 13
2 13
2 14
3 14
3 13
4 13
3 13
4 13
5 13
5 12
4 12
4 11
4 12
3 12
4 12
5 12
5 13
5 12
6 12
7 12
7 11
7 12
7 13
7 14
7 13
6 13
6 12
5 12
4 12
3 12
3 11
3 12
4 12
5 12
6 12
7 12
7 11
8 11
9 11
10 11
10 12
11 12
11 13
11 14
10 14
11 14
11 15
11 16
11 15
11 16
12 16
11 16
11 17
11 18
11 17
11 18
12 18
11 18
12 18
13 18
14 18
14 17
14 18
14 17
14 18
14 19
14 18
14 19
14 18
14 19
14 18
13 18
14 18
14 17
13 17
12 17
12 18
13 18
14 18
14 19
14 18
14 17
14 16
13 16
14 16
14 15
13 15
12 15
13 15
13 14
13 15
12 15
11 15
12 15
11 15
10 15
10 14
9 14
9 13
9 14
9 13
9 14
8 14
9 14
9 13
9 12
9 11
9 12
9 13
9 14
10 14
10 15
11 15
10 15
9 15
10 15
10 16
10 17
11 17
10 17
10 16
11 16
11 17
12 17
13 17
14 17
14 18
13 18
13 19
13 20
13 19
13 20
13 19
14 19
13 19
12 19
12 20
12 19
12 18
12 17
12 18
11 18
10 18
11 18
11 17
11 18
10 18
9 18
8 18
7 18
8 18
7 18
6 18
7 18
7 19
8 19
8 18
8 17
7 17
7 16
7 17
7 18
8 18
7 18
7 17
7 18
7 19
6 19
5 19
5 18
6 18
6 17
6 18
6 19
6 20
5 20
4 20
4 19
5 19
5 18
5 17
5 18
5 17
5 18
5 19
5 20
5 19
5 20
4 20
4 21
4 22
3 22
2 22
3 22
3 21
2 21
1 21
2 21
3 21
4 21
4 22
3 22
3 23
4 23
5 23
4 23
4 22
4 23
5 23
6 23
6 24
6 25
6 24
5 24
6 24
7 24
7 25
7 26
7 25
7 24
7 23
6 23
6 24
6 23
6 24
7 24
8 24
9 24
10 24
10 23
11 23
11 24
11 23
11 22
11 21
10 21
9 21
9 20
10 20
10 19
11 19
11 18
12 18
11 18
10 18
11 18
11 17
11 16
10 16
11 16
12 16
12 17
11 17
10 17
9 17
8 17
8 16
9 16
9 17
8 17
9 17
9 16
10 16
10 15
9 15
9 14
10 14
10 15
10 16
10 15
10 14
10 15
10 16
10 17
11 17
12 17
13 17
13 18
13 19
12 19
13 19
14 19
15 19
15 18
15 17
14 17
13 17
13 16
13 17
13 16
13 17
13 18
14 18
15 18
16 18
17 18
17 19
17 20
17 19
17 20
17 21
17 20
16 20
16 21
15 21
15 20
14 20
14 21
13 21
12 21
12 22
11 22
11 23
11 22
12 22
11 22
10 22
11 22
11 23
12 23
13 23
13 22
12 22
12 23
12 22
12 23
12 22
13 22
14 22
14 23
14 24
14 25
14 26
14 27
14 28
13 28
13 29
13 30
14 30
13 30
13 31
14 31
14 32
15 32
16 32
16 31
16 32
17 32
17 33
16 33
16 34
15 34
15 33
16 33
15 33
16 33
15 33
15 32
15 31
16 31
15 31
16 31
16 32
16 31
16 30
16 31
17 31
17 30
16 30
16 31
17 31
17 32
17 33
18 33
18 32
17 32
18 32
18 31
19 31
19 30
20 30
20 31
19 31
19 32
19 33
20 33
20 34
20 33
20 32
20 33
19 33
19 32
18 32
18 33
17 33
18 33
19 33
18 33
18 34
19 34
19 33
20 33
19 33
19 32
18 32
18 33
17 33
17 34
17 33
16 33
15 33
14 33
15 33
14 33
13 33
12 33
12 34
12 33
13 33
13 34
13 35
13 36
13 37
13 36
12 36
12 37
12 38
13 38
12 38
13 38
13 37
12 37
12 38
11 38
12 38
12 39
12 40
13 40
13 39
13 38
12 38
12 37
12 36
12 37
12 36
12 37
11 37
11 38
12 38
13 38
13 37
13 38
12 38
11 38
12 38
12 37
11 37
11 38
12 38
13 38
14 38
14 39
13 39
12 39
12 40
12 39
11 39
10 39
10 38
11 38
11 37
12 37
12 36
12 35
12 34
12 35
12 34
13 34
12 34
12 33
11 33
11 32
11 33
11 34
11 33
11 34
12 34
12 35
11 35
11 36
12 36
13 36
13 35
13 34
14 34
13 34
13 35
13 34
13 33
13 34
12 34
12 35
13 35
12 35
11 35
11 36
12 36
13 36
13 37
13 38
13 39
12 39
12 40
12 39
12 40
11 40
12 40
11 40
10 40
10 41
9 41
10 41
9 41
10 41
10 42
10 43
11 43
12 43
12 44
11 44
10 44
9 44
9 43
8 43
8 42
7 42
6 42
5 42
6 42
6 43
6 42
6 43
7 43
6 43
6 42
6 41
7 41
6 41
5 41
4 41
3 41
2 41
1 41
2 41
1 41
0 41
0 40
1 40
0 40
1 40
0 40
0 41
1 41
1 42
2 42
3 42
4 42
4 43
4 42
4 43
4 44
5 44
5 43
5 44
5 45
5 44
5 45
6 45
6 44
7 44
6 44
5 44
4 44
4 45
4 46
5 46
6 46
7 46
8 46
9 46
9 45
9 44
9 43
9 42
9 41
8 41
8 42
8 41
9 41
8 41
9 41
8 41
7 41
7 42
7 41
8 41
8 40
7 40
7 39
7 40
8 40
9 40
9 39
10 39
9 39
9 40
8 40
8 41
8 40
8 41
8 40
8 41
9 41
9 40
9 39
8 39
7 39
7 38
8 38
9 38
9 39
10 39
10 38
10 39
11 39
11 38
11 37
11 36
12 36
11 36
10 36
10 35
10 36
10 35
10 34
11 34
12 34
13 34
14 34
14 35
13 35
14 35
15 35
15 34
15 33
16 33
17 33
17 34
18 34
17 34
17 35
17 36
18 36
18 35
17 35
16 35
16 36
16 37
16 36
15 36
15 37
16 37
16 38
17 38
18 38
17 38
17 39
17 40
17 39
18 39
18 40
18 39
19 39
20 39
19 39
20 39
21 39
22 39
22 40
21 40
21 39
20 39
21 39
20 39
20 38
20 39
20 40
20 41
21 41
21 40
21 39
22 39
22 40
22 39
22 38
22 37
23 37
23 36
22 36
21 36
21 37
20 37
19 37
19 36
18 36
18 37
18 38
18 39
18 40
18 41
19 41
18 41
18 42
19 42
20 42
21 42
22 42
21 42
20 42
20 43
19 43
19 42
19 43
20 43
19 43
18 43
18 42
18 43
17 43
17 42
16 42
16 41
16 40
16 41
16 40
17 40
17 41
17 40
17 41
17 40
16 40
15 40
14 40
14 39
15 39
15 40
14 40
14 41
15 41
16 41
17 41
18 41
18 42
19 42
18 42
19 42
18 42
18 43
18 44
18 45
18 44
19 44
19 43
19 44
20 44
19 44
19 45
20 45
20 46
21 46
22 46
22 45
22 44
22 43
22 42
22 41
23 41
22 41
22 40
21 40
21 41
21 42
21 43
22 43
22 44
23 44
23 43
24 43
23 43
24 43
