0 0
1 0
2 0
3 0
4 0
4 1
3 1
2 1
2 0
3 0
3 1
4 1
5 1
5 2
5 3
5 2
4 2
3 2
3 3
3 4
3 5
3 4
3 5
3 6
2 6
1 6
1 5
1 4
1 3
2 3
3 3
4 3
5 3
5 2
6 2
7 2
8 2
9 2
9 1
10 1
9 1
10 1
10 0
10 1
11 1
10 1
11 1
11 0
10 0
11 0
11 1
10 1
10 2
10 1
10 2
10 1
9 1
10 1
10 0
11 0
11 1
10 1
10 0
11 0
11 1
10 1
10 2
9 2
9 1
8 1
7 1
6 1
5 1
5 2
6 2
7 2
8 2
8 3
8 2
8 3
8 4
8 3
8 4
8 5
9 5
9 6
8 6
8 5
9 5
10 5
10 4
10 5
10 6
10 7
10 8
10 7
10 8
10 7
10 6
10 7
10 8
10 7
11 7
10 7
11 7
12 7
12 6
12 5
13 5
12 5
11 5
11 6
11 5
12 5
12 4
12 3
12 4
12 5
13 5
13 6
14 6
14 7
14 6
13 6
12 6
12 7
12 6
12 5
12 4
13 4
12 4
12 3
13 3
14 3
13 3
14 3
13 3
13 2
12 2
12 3
11 3
10 3
9 3
8 3
7 3
8 3
8 4
7 4
7 5
8 5
8 6
8 7
8 6
7 6
8 6
8 7
9 7
9 8
9 7
8 7
7 7
7 6
6 6
7 6
7 7
6 7
6 6
7 6
7 7
7 6
7 5
8 5
8 4
7 4
8 4
9 4
9 3
10 3
10 4
11 4
11 5
11 6
11 5
11 4
10 4
11 4
10 4
10 3
10 2
11 2
11 1
11 0
11 1
11 2
11 3
10 3
9 3
10 3
11 3
11 2
11 3
10 3
10 2
10 1
10 2
10 3
11 3
12 3
12 4
12 3
12 2
12 3
12 2
13 2
13 1
13 0
13 1
13 0
13 1
13 0
14 0
15 0
16 0
17 0
17 1
17 2
18 2
19 2
20 2
19 2
19 1
19 0
19 1
19 2
18 2
17 2
16 2
15 2
15 1
15 0
16 0
16 1
16 2
15 2
15 1
14 1
15 1
16 1
15 1
15 2
15 1
15 0
14 0
14 1
15 1
16 1
16 0
16 1
16 2
17 2
18 2
18 3
18 2
18 3
18 2
18 3
19 3
18 3
18 2
17 2
17 3
16 3
16 4
16 5
16 4
16 3
16 2
15 2
14 2
15 2
14 2
15 2
14 2
13 2
12 2
12 3
12 4
11 4
10 4
9 4
10 4
10 5
10 6
10 7
10 6
10 7
10 6
10 7
11 7
11 6
12 6
13 6
14 6
13 6
13 5
14 5
14 6
14 7
14 6
14 5
14 4
15 4
14 4
14 3
15 3
16 3
16 2
15 2
15 3
16 3
17 3
16 3
17 3
17 2
16 2
17 2
17 1
18 1
17 1
17 2
16 2
17 2
16 2
15 2
15 3
15 4
16 4
16 3
17 3
17 2
16 2
16 3
17 3
16 3
17 3
17 2
17 1
17 2
17 1
17 0
16 0
15 0
15 1
15 0
16 0
16 1
17 1
17 0
17 1
17 2
17 1
17 0
17 1
17 0
16 0
16 1
16 0
16 1
17 1
17 0
16 0
15 0
14 0
13 0
13 1
12 1
13 1
13 2
12 2
11 2
11 3
10 3
10 2
10 1
9 1
8 1
8 0
8 1
8 0
9 0
8 0
8 1
8 0
8 1
8 2
8 1
9 1
9 0
10 0
10 1
10 0
11 0
11 1
11 2
11 3
12 3
12 2
12 3
11 3
10 3
11 3
10 3
9 3
9 4
10 4
11 4
12 4
12 5
13 5
13 4
12 4
11 4
11 5
10 5
10 4
10 5
10 4
10 5
11 5
11 6
12 6
12 5
12 6
11 6
11 7
12 7
13 7
13 6
13 7
14 7
14 6
13 6
13 5
13 6
13 5
14 5
15 5
15 4
14 4
14 3
14 2
15 2
14 2
14 3
13 3
13 2
14 2
15 2
14 2
13 2
13 1
12 1
12 2
12 1
12 2
13 2
14 2
14 3
14 4
15 4
16 4
16 5
16 6
16 7
16 6
17 6
16 6
16 5
16 6
15 6
15 5
16 5
16 6
16 5
17 5
17 6
17 5
17 4
17 5
17 6
18 6
17 6
18 6
18 7
18 6
18 7
18 6
18 7
19 7
18 7
18 8
17 8
16 8
17 8
17 7
17 8
16 8
16 9
16 10
15 10
15 9
14 9
14 8
14 9
14 10
14 9
14 8
14 9
13 9
14 9
15 9
16 9
17 9
17 10
17 11
16 11
16 10
17 10
17 11
17 10
18 10
18 11
18 12
18 13
18 12
18 11
17 11
18 11
19 11
18 11
18 10
18 9
19 9
20 9
21 9
21 10
20 10
21 10
22 10
21 10
21 9
21 10
21 9
22 9
22 8
22 7
22 6
22 5
22 4
22 5
23 5
23 4
24 4
24 5
25 5
25 6
25 5
25 4
25 3
26 3
25 3
24 3
25 3
25 4
24 4
24 5
25 5
25 6
26 6
26 5
27 5
27 6
26 6
27 6
28 6
28 7
28 8
29 8
29 7
29 8
29 7
30 7
29 7
29 8
30 8
31 8
30 8
29 8
29 9
28 9
29 9
29 10
30 10
31 10
31 11
30 11
30 12
30 11
31 11
32 11
32 10
32 9
33 9
34 9
34 10
34 11
34 12
34 13
34 12
35 12
35 11
36 11
36 12
35 12
35 11
36 11
36 10
36 11
37 11
38 11
37 11
36 11
36 10
36 11
37 11
37 12
36 12
37 12
36 12
36 11
37 11
38 11
37 11
36 11
36 12
37 12
36 12
36 11
36 10
36 11
36 10
36 11
35 11
35 10
35 9
35 8
35 7
36 7
37 7
37 8
38 8
38 7
37 7
37 8
38 8
39 8
40 8
40 9
40 10
40 9
39 9
39 10
38 10
39 10
39 9
39 8
40 8
39 8
39 7
38 7
38 6
38 7
38 6
39 6
39 7
39 8
39 7
40 7
40 8
40 9
41 9
41 10
41 9
41 8
40 8
39 8
40 8
40 7
40 8
40 7
40 6
41 6
40 6
40 5
40 4
40 3
40 2
40 3
40 4
40 3
39 3
39 2
38 2
38 3
37 3
38 3
38 4
37 4
38 4
38 3
38 2
38 1
39 1
40 1
40 0
41 0
41 1
41 0
41 1
41 0
41 1
41 0
41 1
42 1
41 1
40 1
39 1
39 0
39 1
39 0
39 1
40 1
40 2
40 3
41 3
42 3
42 2
43 2
42 2
42 1
43 1
44 1
43 1
43 2
42 2
42 3
43 3
44 3
44 2
45 2
46 2
47 2
48 2
48 1
48 0
48 1
48 0
48 1
48 0
49 0
49 1
49 0
49 1
49 2
49 3
48 3
49 3
49 2
50 2
51 2
50 2
50 3
51 3
50 3
50 4
51 4
50 4
49 4
49 5
48 5
47 5
46 5
45 5
44 5
43 5
44 5
44 6
44 5
43 5
43 6
44 6
45 6
44 6
45 6
46 6
46 7
46 8
46 9
46 8
47 8
47 9
48 9
48 10
49 10
50 10
50 11
51 11
50 11
51 11
52 11
52 12
52 13
52 14
51 14
50 14
50 13
51 13
50 13
50 14
50 13
50 14
51 14
52 14
53 14
54 14
53 14
54 14
53 14
53 15
54 15
54 16
54 17
55 17
55 18
55 19
55 18
55 17
56 17
57 17
56 17
56 18
57 18
56 18
55 18
55 17
54 17
54 16
53 16
52 16
52 15
51 15
50 15
51 15
50 15
49 15
48 15
48 16
48 15
48 16
47 16
48 16
48 15
49 15
48 15
47 15
47 14
47 13
48 13
49 13
49 14
49 13
48 13
48 14
47 14
47 13
47 12
48 12
47 12
48 12
47 12
46 12
46 11
45 11
46 11
46 12
46 13
46 12
47 12
48 12
48 13
48 14
47 14
48 14
48 15
48 14
47 14
46 14
46 15
45 15
45 14
44 14
43 14
44 14
44 13
43 13
43 14
44 14
43 14
43 13
42 13
42 12
42 13
42 14
42 15
43 15
43 16
44 16
44 15
45 15
45 14
44 14
43 14
42 14
42 13
41 13
41 14
41 15
41 16
41 17
41 16
40 16
40 17
41 17
42 17
41 17
42 17
43 17
42 17
42 18
43 18
43 19
42 19
42 18
41 18
41 19
40 19
40 18
41 18
41 19
41 20
40 20
39 20
38 20
38 19
38 18
38 19
37 19
36 19
35 19
34 19
34 20
33 20
34 20
34 19
34 18
34 17
34 16
34 17
35 17
34 17
34 18
34 19
34 18
34 19
35 19
35 20
35 19
34 19
33 19
33 18
34 18
33 18
32 18
32 19
32 18
32 19
32 18
32 17
32 16
32 17
