0 0
1 0
2 0
2 1
3 1
3 2
4 2
3 2
2 2
2 1
2 2
3 2
3 1
3 0
2 0
2 1
3 1
3 2
4 2
4 3
3 3
3 2
2 2
1 2
1 1
1 2
1 1
0 1
1 1
1 0
1 1
1 2
1 1
2 1
2 0
1 0
0 0
1 0
1 1
1 0
2 0
1 0
2 0
2 1
3 1
3 0
2 0
3 0
2 0
2 1
3 1
3 0
4 0
3 0
2 0
2 1
1 1
0 1
1 1
1 2
1 3
1 4
2 4
3 4
4 4
4 3
4 4
4 5
5 5
4 5
5 5
6 5
6 4
6 5
6 4
6 5
7 5
8 5
8 4
8 5
8 4
8 3
8 2
7 2
8 2
8 3
7 3
7 4
7 5
6 5
5 5
6 5
7 5
8 5
9 5
10 5
10 6
9 6
9 7
10 7
11 7
10 7
10 8
11 8
11 7
11 8
12 8
12 9
13 9
13 10
12 10
11 10
11 11
11 10
11 11
10 11
10 12
10 13
11 13
10 13
10 14
10 15
11 15
11 14
11 13
11 12
12 12
12 11
12 12
11 12
11 11
10 11
10 10
10 9
10 8
11 8
11 9
10 9
10 8
10 7
10 8
11 8
10 8
10 9
11 9
11 8
12 8
12 9
11 9
12 9
12 10
13 10
14 10
13 10
14 10
14 11
14 12
13 12
14 12
15 12
15 13
16 13
17 13
17 14
18 14
19 14
18 14
17 14
17 15
16 15
17 15
16 15
15 15
16 15
15 15
15 14
15 13
15 12
16 12
17 12
17 13
17 12
17 11
17 10
17 9
16 9
16 8
16 7
16 6
17 6
18 6
18 7
19 7
18 7
19 7
19 8
19 7
19 6
18 6
18 7
18 6
18 7
19 7
19 6
19 7
18 7
19 7
19 6
19 7
20 7
19 7
18 7
17 7
17 8
17 7
16 7
15 7
14 7
14 6
15 6
15 5
15 4
15 5
16 5
16 4
16 3
16 2
17 2
18 2
17 2
18 2
19 2
20 2
21 2
21 1
22 1
21 1
21 0
20 0
20 1
21 1
22 1
22 2
22 3
22 4
23 4
22 4
23 4
22 4
23 4
24 4
25 4
26 4
26 5
27 5
28 5
27 5
28 5
28 6
27 6
28 6
28 7
28 6
28 5
27 5
28 5
28 6
29 6
29 7
30 7
30 8
31 8
30 8
31 8
31 9
32 9
33 9
32 9
32 10
32 11
32 12
32 13
32 14
32 15
32 14
31 14
31 13
32 13
32 12
33 12
34 12
35 12
36 12
36 11
35 11
35 12
36 12
35 12
34 12
35 12
35 13
36 13
35 13
35 14
35 15
35 16
34 16
34 15
33 15
33 16
34 16
33 16
34 16
34 15
34 14
35 14
35 13
35 12
35 13
35 14
35 13
35 14
36 14
36 15
36 16
36 15
37 15
36 15
35 15
35 14
34 14
33 14
33 15
34 15
34 16
34 17
34 18
34 17
33 17
33 18
34 18
35 18
35 19
35 18
35 19
35 18
35 19
35 20
35 21
36 21
36 22
37 22
36 22
36 21
36 22
36 21
37 21
36 21
37 21
37 20
38 20
39 20
38 20
37 20
37 21
38 21
39 21
38 21
38 22
38 23
38 24
39 24
38 24
39 24
40 24
40 25
40 24
40 25
39 25
40 25
39 25
40 25
41 25
42 25
43 25
42 25
41 25
41 26
41 25
41 24
40 24
41 24
41 23
41 22
42 22
43 22
43 21
44 21
44 22
45 22
45 21
45 20
45 21
45 22
45 21
45 22
45 23
44 23
43 23
44 23
43 23
44 23
44 22
43 22
42 22
43 22
44 22
43 22
42 22
42 21
42 22
42 23
42 22
42 21
43 21
43 20
43 21
43 20
43 21
44 21
44 20
44 21
44 22
43 22
42 22
43 22
44 22
44 21
44 20
44 19
44 20
44 21
44 22
44 23
45 23
45 22
45 21
44 21
44 20
45 20
45 19
46 19
46 20
46 21
47 21
47 20
46 20
46 19
46 20
45 20
44 20
45 20
46 20
46 19
46 18
46 17
45 17
45 18
46 18
45 18
45 19
44 19
45 19
45 18
44 18
45 18
45 19
45 20
46 20
47 20
48 20
49 20
49 21
49 20
48 20
47 20
47 21
46 21
45 21
45 22
44 22
45 22
44 22
45 22
45 23
46 23
45 23
46 23
47 23
47 24
47 25
48 25
48 24
47 24
48 24
49 24
49 25
49 26
49 25
49 26
50 26
50 27
50 26
49 26
49 27
48 27
47 27
48 27
47 27
48 27
48 26
48 27
47 27
48 27
48 28
47 28
46 28
47 28
47 29
48 29
47 29
46 29
46 30
46 31
47 31
47 30
48 30
48 31
48 32
49 32
49 33
48 33
48 34
47 34
48 34
47 34
46 34
46 35
45 35
45 34
46 34
46 35
46 36
45 36
45 35
45 34
45 33
45 32
45 33
45 34
45 35
45 34
45 35
45 36
46 36
47 36
48 36
48 37
49 37
50 37
50 38
50 39
49 39
49 38
49 37
48 37
48 38
49 38
48 38
47 38
47 37
46 37
45 37
44 37
44 38
44 39
44 40
44 39
43 39
43 40
43 41
44 41
43 41
43 42
44 42
44 43
43 43
43 44
43 43
42 43
42 44
41 44
41 43
41 42
40 42
41 42
41 43
41 44
40 44
39 44
39 43
38 43
37 43
37 44
38 44
37 44
37 43
37 42
38 42
37 42
37 43
38 43
39 43
40 43
41 43
41 42
42 42
42 43
42 42
43 42
44 42
45 42
45 43
44 43
43 43
43 44
42 44
43 44
43 45
43 46
43 45
42 45
42 44
42 45
42 44
42 45
42 46
42 47
43 47
43 46
42 46
41 46
42 46
41 46
40 46
39 46
38 46
38 45
37 45
37 46
38 46
38 47
39 47
40 47
40 48
41 48
42 48
41 48
40 48
40 47
41 47
41 46
42 46
42 45
42 44
41 44
42 44
41 44
41 43
41 44
40 44
39 44
38 44
38 45
39 45
40 45
40 46
41 46
42 46
41 46
40 46
39 46
39 47
39 48
40 48
41 48
40 48
40 47
41 47
41 48
40 48
40 47
40 48
40 49
40 48
41 48
40 48
39 48
39 49
38 49
38 48
38 49
38 48
38 49
37 49
36 49
36 50
35 50
35 51
35 50
36 50
37 50
37 49
37 50
37 49
38 49
39 49
40 49
40 48
39 48
39 47
39 46
39 45
40 45
39 45
40 45
41 45
41 44
41 45
40 45
39 45
38 45
38 44
38 43
39 43
39 42
39 43
39 44
39 43
38 43
38 42
38 41
38 42
39 42
38 42
38 41
38 42
38 41
39 41
38 41
37 41
37 40
37 41
37 42
36 42
35 42
35 43
35 44
36 44
36 43
36 42
37 42
36 42
37 42
37 41
37 42
37 43
37 42
36 42
36 43
35 43
36 43
37 43
37 42
37 41
37 42
37 43
38 43
37 43
37 44
37 43
37 42
37 41
37 40
37 39
36 39
36 40
36 41
35 41
34 41
34 42
35 42
36 42
35 42
35 43
36 43
37 43
37 44
38 44
39 44
39 43
38 43
38 42
39 42
38 42
37 42
36 42
36 43
37 43
36 43
37 43
37 44
37 43
37 42
36 42
35 42
36 42
35 42
36 42
37 42
36 42
36 43
36 42
36 41
36 40
37 40
38 40
37 40
37 39
38 39
38 38
39 38
38 38
37 38
37 39
37 40
38 40
38 39
38 40
37 40
37 39
36 39
36 40
36 39
36 40
36 41
35 41
34 41
34 42
34 41
35 41
34 41
35 41
35 40
34 40
35 40
35 39
34 39
33 39
33 40
33 41
32 41
33 41
32 41
32 40
32 39
31 39
30 39
30 38
31 38
32 38
31 38
30 38
29 38
29 37
30 37
30 38
30 39
31 39
31 38
31 37
32 37
32 38
32 37
33 37
32 37
31 37
31 38
30 38
29 38
29 39
28 39
29 39
29 40
30 40
31 40
31 39
30 39
29 39
30 39
30 40
30 41
30 42
29 42
29 43
28 43
28 44
28 45
28 44
27 44
28 44
29 44
28 44
27 44
26 44
25 44
25 43
24 43
24 44
24 45
24 46
24 45
24 44
23 44
23 43
22 43
22 42
22 41
23 41
24 41
24 42
24 43
25 43
25 42
26 42
25 42
24 42
25 42
24 42
23 42
24 42
24 41
24 40
25 40
25 41
25 40
25 39
24 39
24 40
23 40
23 39
22 39
22 40
21 40
20 40
21 40
20 40
19 40
19 41
18 41
17 41
17 42
18 42
18 41
18 40
17 40
18 40
19 40
19 41
19 40
19 39
18 39
19 39
20 39
20 40
21 40
21 41
21 42
20 42
20 43
20 42
20 41
20 42
20 43
20 42
19 42
19 41
18 41
17 41
17 40
