0 0
1 0
1 1
2 1
2 2
3 2
3 3
3 4
2 4
2 5
1 5
2 5
3 5
3 6
4 6
4 5
4 6
4 7
5 7
6 7
6 8
7 8
6 8
6 9
5 9
6 9
7 9
6 9
6 8
6 7
6 6
6 7
6 6
6 7
6 6
6 5
7 5
6 5
7 5
8 5
8 4
8 5
8 4
9 4
9 3
9 4
10 4
11 4
12 4
13 4
13 3
12 3
13 3
13 2
13 3
13 4
12 4
12 5
11 5
11 4
10 4
11 4
12 4
12 5
13 5
14 5
14 4
13 4
13 5
12 5
12 4
12 5
12 4
12 3
11 3
10 3
11 3
12 3
12 2
12 3
13 3
12 3
13 3
13 2
12 2
13 2
14 2
14 3
15 3
14 3
14 2
14 1
14 2
15 2
16 2
16 3
15 3
15 4
16 4
15 4
16 4
17 4
16 4
16 3
17 3
17 4
17 5
18 5
19 5
19 6
18 6
19 6
20 6
19 6
19 7
19 6
20 6
19 6
18 6
18 7
17 7
16 7
16 6
15 6
15 7
15 8
15 9
15 10
15 9
14 9
14 10
15 10
15 11
16 11
17 11
17 10
17 9
18 9
18 10
18 9
19 9
18 9
17 9
17 8
17 9
18 9
17 9
17 10
17 9
17 10
17 11
18 11
18 10
17 10
18 10
19 10
19 11
19 10
19 9
20 9
19 9
19 8
18 8
17 8
16 8
15 8
14 8
15 8
16 8
15 8
15 9
15 10
14 10
14 9
13 9
12 9
11 9
11 10
11 9
11 8
11 9
12 9
11 9
11 8
12 8
12 7
11 7
12 7
13 7
14 7
13 7
14 7
14 6
14 5
15 5
15 6
15 7
16 7
16 6
15 6
15 7
15 8
14 8
13 8
12 8
11 8
11 7
12 7
12 6
13 6
12 6
11 6
11 7
12 7
12 6
13 6
13 5
13 6
13 5
12 5
12 4
11 4
11 3
12 3
13 3
14 3
15 3
15 4
15 5
16 5
16 4
15 4
15 3
15 4
16 4
15 4
15 3
16 3
16 2
16 1
16 2
16 1
16 0
16 1
16 2
16 3
16 2
17 2
17 3
17 4
17 3
17 2
17 1
18 1
18 0
18 1
19 1
19 2
19 3
19 2
19 3
19 2
19 3
20 3
20 2
19 2
19 1
18 1
19 1
19 2
19 1
20 1
19 1
20 1
21 1
22 1
22 0
23 0
23 1
23 0
24 0
23 0
23 1
22 1
23 1
23 0
23 1
24 1
24 2
23 2
23 3
23 4
24 4
24 5
25 5
24 5
24 6
24 5
25 5
25 6
25 5
24 5
25 5
25 6
24 6
24 7
24 6
23 6
23 5
24 5
24 6
24 7
25 7
24 7
24 8
25 8
25 7
24 7
23 7
23 6
23 5
22 5
21 5
21 6
21 7
21 8
22 8
23 8
22 8
22 9
22 8
22 9
22 8
22 9
22 10
22 11
22 10
22 9
21 9
21 8
20 8
21 8
21 9
22 9
22 8
22 9
22 10
22 11
22 12
22 11
22 12
23 12
24 12
24 11
23 11
24 11
23 11
24 11
23 11
23 10
24 10
23 10
22 10
23 10
22 10
22 9
23 9
22 9
22 10
22 9
22 8
23 8
23 9
23 10
23 11
24 11
24 12
24 13
24 12
23 12
23 11
23 10
24 10
25 10
25 11
25 12
24 12
24 11
24 10
25 10
24 10
24 9
25 9
26 9
27 9
26 9
26 8
27 8
27 7
28 7
27 7
27 6
28 6
27 6
27 5
27 4
27 5
26 5
26 4
25 4
24 4
25 4
25 3
26 3
25 3
25 2
25 3
24 3
24 4
24 5
24 6
24 5
24 6
24 7
25 7
26 7
25 7
24 7
24 6
24 5
23 5
24 5
23 5
23 6
23 5
22 5
21 5
21 6
21 7
21 6
22 6
21 6
21 5
22 5
21 5
20 5
20 4
20 5
21 5
20 5
21 5
21 6
21 7
21 8
22 8
22 7
23 7
24 7
24 8
23 8
23 9
23 10
24 10
24 11
25 11
25 12
24 12
24 13
25 13
25 12
26 12
26 11
26 10
26 11
26 10
26 11
26 10
26 11
26 10
26 11
26 12
26 13
26 14
26 15
26 14
27 14
27 13
27 12
27 11
27 10
26 10
26 11
27 11
28 11
27 11
27 10
27 11
27 10
27 9
27 8
27 7
27 8
27 7
26 7
26 8
26 9
25 9
26 9
26 10
27 10
27 9
26 9
27 9
28 9
27 9
27 10
27 11
28 11
29 11
30 11
29 11
30 11
31 11
30 11
30 12
29 12
29 11
29 12
28 12
27 12
28 12
28 13
28 12
29 12
29 11
30 11
29 11
30 11
30 12
30 11
31 11
31 10
32 10
32 11
32 10
32 11
32 10
32 9
32 10
32 11
32 10
33 10
33 9
34 9
35 9
34 9
34 8
35 8
35 7
35 6
35 7
34 7
34 8
33 8
33 9
34 9
33 9
32 9
33 9
34 9
34 10
34 9
34 10
34 11
34 10
34 9
34 10
35 10
34 10
35 10
35 9
35 8
34 8
33 8
32 8
33 8
33 7
33 8
32 8
33 8
32 8
32 9
33 9
32 9
33 9
33 10
33 11
34 11
35 11
35 10
36 10
35 10
35 9
35 10
36 10
37 10
36 10
35 10
35 11
36 11
36 10
37 10
37 11
36 11
36 12
36 11
36 10
36 11
37 11
37 10
37 9
37 8
38 8
38 7
37 7
37 6
36 6
37 6
36 6
36 5
36 4
37 4
37 3
38 3
39 3
39 2
38 2
39 2
39 3
39 2
38 2
37 2
36 2
35 2
36 2
35 2
34 2
34 1
34 0
35 0
36 0
37 0
37 1
38 1
38 0
38 1
39 1
39 0
39 1
39 0
39 1
40 1
41 1
41 2
41 1
41 2
40 2
40 1
40 2
41 2
42 2
42 3
42 4
43 4
43 5
44 5
44 6
44 5
45 5
46 5
47 5
47 4
47 3
46 3
46 4
46 3
45 3
45 2
45 1
45 2
45 3
44 3
45 3
45 2
45 3
46 3
45 3
45 4
45 3
44 3
44 2
45 2
46 2
47 2
47 3
47 4
46 4
45 4
45 3
46 3
46 4
46 3
45 3
44 3
45 3
45 2
45 1
44 1
45 1
45 2
46 2
47 2
48 2
49 2
49 3
50 3
50 4
49 4
49 3
50 3
50 2
49 2
50 2
51 2
51 3
52 3
53 3
52 3
51 3
51 4
51 3
51 2
51 1
52 1
53 1
52 1
52 2
52 3
53 3
52 3
52 2
53 2
53 1
53 2
54 2
54 3
54 4
55 4
56 4
56 5
56 6
55 6
54 6
54 7
54 6
55 6
55 7
55 8
55 7
54 7
54 6
55 6
55 7
55 8
54 8
53 8
52 8
52 9
51 9
51 8
52 8
51 8
51 7
51 6
52 6
52 5
52 4
52 3
51 3
52 3
53 3
53 2
54 2
54 1
53 1
53 0
53 1
54 1
54 2
54 1
53 1
52 1
52 2
52 1
51 1
50 1
49 1
48 1
48 0
47 0
46 0
46 1
45 1
44 1
44 2
43 2
44 2
45 2
45 3
46 3
45 3
44 3
45 3
46 3
47 3
47 2
46 2
45 2
45 3
45 4
46 4
45 4
45 5
44 5
45 5
46 5
45 5
46 5
46 4
46 5
47 5
47 4
48 4
48 3
49 3
50 3
51 3
51 2
52 2
52 1
51 1
51 2
51 1
52 1
53 1
52 1
52 2
53 2
52 2
52 3
53 3
53 2
52 2
51 2
51 3
52 3
51 3
50 3
49 3
49 2
48 2
48 1
49 1
49 2
48 2
49 2
48 2
48 3
48 4
47 4
47 5
48 5
48 4
49 4
48 4
47 4
47 5
47 6
46 6
45 6
46 6
47 6
46 6
46 5
46 4
47 4
48 4
48 3
48 2
47 2
47 1
47 0
46 0
46 1
46 2
46 1
45 1
44 1
45 1
45 0
46 0
46 1
46 0
46 1
45 1
45 2
45 1
45 2
45 1
46 1
46 2
45 2
45 3
45 2
44 2
44 1
44 2
44 3
44 4
44 5
44 4
43 4
42 4
42 3
43 3
42 3
42 2
42 1
42 2
43 2
44 2
44 1
44 2
44 1
44 2
44 1
43 1
43 0
44 0
43 0
43 1
43 0
42 0
43 0
42 0
43 0
43 1
44 1
44 0
45 0
44 0
45 0
45 1
46 1
46 2
46 1
47 1
46 1
46 0
46 1
47 1
47 2
47 1
48 1
47 1
47 2
48 2
48 3
47 3
48 3
48 2
48 3
48 2
47 2
47 3
47 4
47 5
46 5
46 6
45 6
44 6
44 5
45 5
45 6
44 6
44 7
44 6
44 5
44 6
44 5
