0 0
1 0
1 1
2 1
3 1
3 2
4 2
4 3
3 3
4 3
3 3
3 2
3 3
3 4
2 4
1 4
1 5
2 5
2 4
3 4
4 4
5 4
4 4
4 5
3 5
3 4
4 4
4 5
3 5
4 5
4 6
4 5
3 5
4 5
4 6
4 5
5 5
6 5
7 5
8 5
9 5
10 5
11 5
11 4
10 4
9 4
9 5
10 5
10 6
10 5
9 5
9 6
10 6
10 5
9 5
9 4
9 5
9 4
9 3
10 3
10 2
10 3
10 4
10 5
10 6
10 5
10 4
10 3
11 3
11 4
11 3
11 2
10 2
11 2
11 3
12 3
12 4
11 4
11 3
10 3
10 2
10 1
10 2
11 2
12 2
11 2
11 1
11 0
11 1
11 0
11 1
10 1
9 1
8 1
8 0
8 1
9 1
9 2
8 2
8 1
8 2
8 1
8 0
8 1
9 1
9 0
10 0
10 1
11 1
11 0
11 1
11 0
10 0
10 1
9 1
10 1
10 0
10 1
11 1
10 1
10 2
11 2
11 3
11 4
11 5
12 5
12 6
13 6
14 6
13 6
13 7
13 6
13 5
12 5
11 5
10 5
10 4
11 4
11 5
11 4
10 4
10 5
10 4
10 3
11 3
12 3
12 2
13 2
13 1
13 2
14 2
14 3
13 3
13 2
13 3
13 4
13 3
13 2
13 1
13 2
12 2
11 2
10 2
9 2
8 2
8 1
7 1
8 1
8 0
8 1
9 1
9 2
10 2
11 2
11 1
10 1
10 2
9 2
10 2
10 3
11 3
11 4
11 5
12 5
12 6
12 7
12 8
12 9
12 8
12 7
12 6
12 7
11 7
11 6
11 7
12 7
12 8
11 8
11 7
11 6
11 7
12 7
13 7
13 8
13 9
12 9
12 8
12 7
13 7
14 7
14 8
14 9
13 9
13 8
14 8
15 8
14 8
13 8
14 8
13 8
13 7
14 7
15 7
16 7
16 8
16 7
16 6
15 6
16 6
16 7
17 7
18 7
17 7
17 8
18 8
19 8
18 8
18 9
17 9
18 9
19 9
19 8
18 8
18 7
17 7
17 8
18 8
19 8
19 7
19 6
19 7
19 6
18 6
17 6
16 6
17 6
17 5
16 5
16 4
17 4
17 5
17 4
16 4
17 4
17 5
18 5
19 5
19 6
19 7
20 7
21 7
22 7
21 7
22 7
22 8
22 9
22 8
21 8
21 7
20 7
21 7
21 6
21 7
21 6
21 7
21 8
22 8
21 8
22 8
23 8
23 7
23 6
23 5
22 5
22 6
23 6
24 6
25 6
25 5
24 5
23 5
24 5
23 5
23 4
22 4
23 4
22 4
22 5
22 4
21 4
21 5
22 5
22 4
23 4
23 5
23 6
23 7
24 7
24 8
24 9
25 9
26 9
27 9
27 10
27 11
27 10
28 10
29 10
28 10
29 10
29 11
28 11
28 10
27 10
28 10
27 10
28 10
29 10
30 10
29 10
28 10
27 10
27 11
28 11
28 10
27 10
28 10
28 9
27 9
27 8
27 7
27 8
27 9
27 10
27 9
27 8
27 9
27 8
27 9
27 10
26 10
25 10
25 11
25 12
25 11
24 11
24 10
24 11
24 12
24 11
23 11
23 12
23 13
23 12
22 12
22 13
22 14
23 14
22 14
22 13
22 12
22 11
23 11
23 10
23 11
22 11
21 11
21 10
22 10
22 11
22 12
22 13
21 13
21 12
22 12
22 13
21 13
21 14
20 14
21 14
21 15
21 16
20 16
20 15
20 14
19 14
19 13
20 13
20 14
20 15
20 14
19 14
20 14
20 15
19 15
19 14
20 14
19 14
20 14
20 13
19 13
19 14
20 14
20 15
20 14
19 14
20 14
19 14
18 14
17 14
16 14
17 14
18 14
17 14
17 15
17 14
18 14
17 14
16 14
16 13
17 13
17 14
18 14
18 15
17 15
17 14
18 14
18 15
18 16
19 16
19 17
19 18
19 17
19 18
20 18
20 19
19 19
19 20
20 20
19 20
18 20
19 20
19 19
19 20
20 20
20 19
19 19
20 19
20 18
19 18
19 19
20 19
20 20
19 20
19 19
18 19
18 20
18 21
19 21
19 20
19 21
19 22
18 22
17 22
16 22
17 22
18 22
18 23
17 23
18 23
17 23
18 23
17 23
18 23
18 24
17 24
16 24
16 23
16 22
16 21
17 21
18 21
19 21
19 22
19 23
20 23
20 24
19 24
19 25
20 25
20 26
21 26
21 27
20 27
21 27
21 28
21 29
20 29
20 28
21 28
22 28
22 27
22 26
22 25
22 26
22 25
21 25
20 25
21 25
22 25
22 24
22 23
22 24
22 25
21 25
22 25
21 25
20 25
20 26
20 25
20 26
21 26
21 27
22 27
22 28
23 28
23 29
24 29
24 28
24 27
23 27
22 27
23 27
23 28
23 29
23 30
22 30
22 31
23 31
22 31
23 31
23 30
23 31
23 30
22 30
22 29
21 29
21 28
21 29
21 30
21 29
22 29
21 29
21 28
21 29
22 29
21 29
22 29
21 29
20 29
20 30
20 31
19 31
18 31
18 30
19 30
18 30
18 29
19 29
20 29
19 29
19 28
18 28
18 29
18 28
18 29
17 29
16 29
16 28
15 28
15 27
14 27
14 26
15 26
15 27
16 27
16 28
16 27
15 27
16 27
16 26
15 26
16 26
16 25
15 25
15 24
16 24
16 25
16 26
16 25
17 25
16 25
16 26
16 27
17 27
16 27
17 27
18 27
17 27
17 26
17 27
17 28
18 28
19 28
20 28
20 27
20 26
19 26
20 26
21 26
21 25
22 25
22 26
22 25
23 25
23 26
23 27
24 27
24 26
24 25
24 24
25 24
25 25
25 24
24 24
23 24
23 25
22 25
22 26
22 27
21 27
22 27
23 27
24 27
24 26
23 26
24 26
24 27
24 26
25 26
26 26
25 26
24 26
24 25
25 25
25 24
26 24
26 25
26 24
26 25
26 26
27 26
27 27
27 26
27 25
28 25
27 25
28 25
28 24
28 25
29 25
28 25
27 25
27 26
26 26
26 27
26 26
26 25
25 25
26 25
26 26
25 26
25 25
25 24
25 25
26 25
26 24
25 24
24 24
24 25
23 25
23 26
23 27
23 28
22 28
23 28
23 27
22 27
22 28
22 27
22 28
22 27
23 27
24 27
25 27
26 27
25 27
24 27
25 27
24 27
25 27
25 28
26 28
26 29
25 29
25 30
24 30
25 30
26 30
27 30
27 29
27 30
27 29
27 28
28 28
28 27
28 28
29 28
30 28
30 27
30 28
31 28
31 27
31 28
30 28
30 27
29 27
29 28
30 28
31 28
31 29
31 28
31 27
31 26
31 27
31 28
31 29
31 30
30 30
29 30
30 30
29 30
29 31
29 30
29 29
29 30
28 30
28 29
29 29
29 30
29 29
28 29
28 28
28 27
27 27
26 27
26 28
26 27
27 27
28 27
28 26
29 26
30 26
29 26
28 26
27 26
28 26
29 26
29 25
29 24
29 23
28 23
28 24
27 24
27 23
28 23
27 23
26 23
27 23
28 23
28 24
27 24
27 25
28 25
28 24
29 24
29 25
30 25
30 26
29 26
29 25
28 25
28 26
27 26
27 27
26 27
25 27
25 28
24 28
24 29
24 30
24 29
23 29
22 29
22 30
21 30
21 29
22 29
22 30
22 29
23 29
22 29
21 29
22 29
22 28
23 28
22 28
22 27
23 27
22 27
23 27
24 27
25 27
24 27
24 28
25 28
25 27
26 27
26 28
26 29
25 29
26 29
26 28
27 28
28 28
28 29
27 29
27 30
28 30
28 31
29 31
29 32
30 32
29 32
30 32
29 32
28 32
27 32
27 33
28 33
28 32
27 32
28 32
28 33
27 33
26 33
26 32
25 32
24 32
24 33
25 33
25 32
24 32
23 32
23 33
23 32
22 32
23 32
22 32
22 31
22 30
23 30
23 31
23 30
24 30
25 30
25 29
25 30
26 30
26 29
26 30
26 31
25 31
25 32
24 32
24 33
24 34
25 34
25 33
25 32
26 32
25 32
26 32
25 32
25 31
24 31
24 30
25 30
24 30
24 31
23 31
22 31
22 32
22 31
22 32
21 32
21 31
21 32
21 31
22 31
23 31
22 31
23 31
23 32
24 32
25 32
26 32
27 32
27 33
26 33
26 34
26 33
26 34
26 33
25 33
25 32
25 33
24 33
24 34
24 35
23 35
22 35
23 35
22 35
22 34
22 33
22 34
23 34
23 33
22 33
23 33
23 34
22 34
21 34
21 35
21 34
21 33
20 33
20 34
20 35
19 35
20 35
19 35
18 35
18 36
18 35
19 35
19 36
18 36
17 36
16 36
16 37
16 36
16 37
16 36
16 35
17 35
16 35
16 36
16 37
