0 0
1 0
0 0
1 0
0 0
0 1
1 1
1 2
2 2
3 2
4 2
4 3
4 4
4 3
4 4
3 4
4 4
4 5
3 5
3 4
3 5
3 6
3 7
3 6
3 7
3 6
2 6
2 7
2 8
2 7
2 6
3 6
4 6
4 5
4 4
4 5
4 4
3 4
3 5
2 5
1 5
2 5
1 5
0 5
0 4
0 5
0 6
1 6
1 7
2 7
1 7
2 7
2 6
2 5
2 6
3 6
2 6
2 5
3 5
3 6
2 6
1 6
2 6
1 6
0 6
0 7
1 7
1 6
0 6
0 5
0 4
0 3
1 3
2 3
1 3
2 3
1 3
0 3
1 3
1 4
2 4
3 4
3 5
2 5
3 5
2 5
3 5
2 5
1 5
1 4
1 5
0 5
0 6
1 6
2 6
2 7
2 8
1 8
1 7
2 7
2 8
2 7
2 8
2 7
2 6
2 7
2 8
3 8
3 7
3 6
3 5
4 5
4 6
4 7
4 8
5 8
5 9
5 10
5 11
5 10
5 11
6 11
5 11
4 11
5 11
6 11
7 11
8 11
8 10
8 11
9 11
9 12
8 12
9 12
9 13
9 14
10 14
10 15
11 15
11 16
10 16
10 15
10 14
11 14
11 15
11 14
12 14
12 13
11 13
10 13
10 14
11 14
11 15
10 15
11 15
11 16
11 17
10 17
10 16
9 16
9 15
10 15
11 15
10 15
9 15
8 15
7 15
6 15
7 15
6 15
6 14
5 14
5 13
6 13
6 12
5 12
4 12
4 11
4 10
4 9
4 8
4 9
3 9
3 10
4 10
5 10
5 11
6 11
5 11
5 12
4 12
4 11
4 12
4 13
4 14
3 14
3 13
4 13
4 14
4 15
4 14
3 14
3 13
3 12
3 11
3 12
2 12
1 12
2 12
3 12
3 13
3 14
2 14
2 13
2 12
2 13
1 13
0 13
1 13
1 14
2 14
2 15
2 16
3 16
3 15
3 14
2 14
2 15
3 15
2 15
3 15
2 15
2 14
2 15
1 15
1 14
0 14
1 14
1 15
1 14
2 14
1 14
2 14
2 15
2 16
1 16
0 16
0 15
1 15
1 16
0 16
1 16
2 16
2 17
2 18
1 18
1 19
1 18
2 18
1 18
0 18
0 19
1 19
0 19
1 19
0 19
1 19
1 20
1 19
2 19
2 20
2 21
2 20
2 21
1 21
2 21
2 20
2 21
2 22
2 21
1 21
1 22
1 23
1 22
0 22
0 23
1 23
1 24
0 24
1 24
0 24
1 24
2 24
3 24
2 24
3 24
3 23
2 23
2 24
1 24
1 23
0 23
1 23
1 22
2 22
1 22
1 23
0 23
0 22
0 21
0 20
0 19
0 20
1 20
1 19
2 19
2 20
1 20
1 21
0 21
0 22
1 22
0 22
1 22
1 23
1 24
0 24
1 24
0 24
0 23
1 23
1 22
1 23
1 24
1 23
1 22
1 21
2 21
2 20
1 20
1 21
1 22
0 22
1 22
2 22
3 22
2 22
2 21
2 22
2 21
1 21
1 20
2 20
3 20
3 19
3 18
4 18
4 17
4 16
3 16
3 17
4 17
4 18
4 17
4 16
5 16
5 17
4 17
4 16
4 17
3 17
3 16
2 16
1 16
2 16
3 16
4 16
4 15
4 14
5 14
6 14
5 14
4 14
4 13
3 13
3 12
3 13
4 13
5 13
5 14
5 13
5 14
4 14
3 14
4 14
4 15
4 16
4 17
4 18
4 19
4 20
4 19
4 18
5 18
6 18
7 18
8 18
8 17
9 17
9 16
8 16
7 16
6 16
5 16
6 16
6 15
7 15
6 15
5 15
5 16
5 15
5 14
5 13
4 13
5 13
5 14
5 13
6 13
7 13
8 13
8 12
9 12
9 11
8 11
8 10
8 11
8 10
8 11
7 11
8 11
8 12
8 13
8 14
8 13
8 14
8 13
9 13
8 13
7 13
8 13
7 13
7 14
7 15
7 16
7 17
8 17
8 16
8 15
8 16
7 16
8 16
7 16
6 16
5 16
4 16
4 17
4 18
4 19
4 20
5 20
6 20
5 20
6 20
5 20
6 20
5 20
5 21
6 21
5 21
4 21
5 21
5 22
6 22
5 22
5 21
4 21
4 22
3 22
3 23
4 23
3 23
3 22
4 22
3 22
3 21
2 21
1 21
2 21
3 21
4 21
4 20
4 21
4 22
3 22
4 22
3 22
2 22
3 22
3 21
3 20
3 19
3 20
4 20
4 21
4 22
4 23
4 24
4 25
4 24
5 24
4 24
3 24
3 25
3 24
3 25
2 25
1 25
1 26
1 27
1 28
1 29
1 28
1 29
1 28
0 28
0 29
0 30
1 30
0 30
1 30
1 31
1 30
1 29
1 30
1 29
0 29
0 28
0 27
0 26
0 27
1 27
0 27
0 26
1 26
2 26
2 25
2 26
3 26
3 27
3 26
3 25
3 24
3 23
2 23
1 23
0 23
1 23
0 23
0 24
1 24
1 23
1 22
0 22
1 22
0 22
0 21
0 22
0 23
0 22
1 22
2 22
2 23
2 24
3 24
3 23
3 24
4 24
4 25
4 26
5 26
4 26
4 27
4 28
3 28
4 28
5 28
5 29
6 29
6 28
6 29
5 29
5 30
6 30
6 31
5 31
4 31
4 32
4 33
4 32
4 33
5 33
6 33
6 32
6 31
6 32
7 32
7 33
7 34
7 33
7 34
7 35
6 35
5 35
5 36
5 37
4 37
4 36
4 37
3 37
3 36
3 37
2 37
1 37
1 38
0 38
1 38
0 38
0 39
0 40
1 40
0 40
0 41
1 41
1 40
2 40
2 41
2 40
2 39
3 39
2 39
2 38
3 38
3 39
4 39
4 38
4 39
3 39
2 39
1 39
2 39
3 39
4 39
5 39
6 39
5 39
5 40
6 40
6 39
5 39
6 39
6 38
6 37
7 37
7 36
6 36
5 36
6 36
7 36
6 36
6 35
6 36
6 35
6 36
6 35
7 35
6 35
7 35
6 35
6 34
7 34
8 34
8 35
8 34
8 35
9 35
9 36
10 36
11 36
12 36
12 35
12 34
12 33
12 34
13 34
14 34
14 33
14 34
15 34
15 35
15 34
14 34
14 35
15 35
14 35
14 36
13 36
14 36
13 36
13 35
13 36
14 36
13 36
13 35
14 35
13 35
12 35
12 36
12 37
12 38
12 37
11 37
12 37
12 36
12 35
11 35
11 34
10 34
9 34
10 34
10 33
9 33
9 32
10 32
11 32
12 32
11 32
11 33
10 33
10 34
9 34
9 35
9 34
10 34
10 33
10 34
10 33
10 32
10 33
10 32
10 31
10 30
10 29
10 28
10 27
10 26
9 26
8 26
8 25
9 25
10 25
9 25
10 25
11 25
10 25
9 25
9 24
10 24
10 23
11 23
12 23
13 23
13 24
14 24
14 25
14 26
15 26
15 25
15 24
16 24
16 23
16 24
16 23
15 23
15 22
15 21
16 21
15 21
14 21
15 21
16 21
17 21
16 21
16 22
16 21
16 22
16 21
16 22
15 22
14 22
13 22
12 22
13 22
14 22
14 23
14 22
14 23
15 23
15 24
16 24
17 24
17 25
18 25
18 24
18 25
18 24
18 25
19 25
19 26
18 26
18 27
17 27
17 28
17 29
17 30
17 29
17 28
16 28
16 29
15 29
15 30
15 31
15 32
15 33
16 33
16 32
16 33
17 33
17 34
18 34
18 33
18 34
17 34
16 34
16 35
16 36
16 35
15 35
15 34
15 33
16 33
16 34
15 34
14 34
15 34
16 34
16 35
16 34
17 34
17 33
17 32
16 32
16 31
16 30
16 31
16 32
16 31
17 31
17 30
17 29
18 29
17 29
17 30
18 30
18 29
19 29
20 29
21 29
21 28
21 29
21 30
21 31
21 32
21 33
21 34
21 35
21 36
21 35
20 35
19 35
20 35
20 36
20 37
20 36
20 37
21 37
21 36
20 36
20 37
20 38
19 38
19 39
18 39
19 39
19 40
19 39
19 38
19 37
19 38
19 39
20 39
20 40
20 41
20 40
20 41
21 41
20 41
19 41
19 40
20 40
19 40
20 40
21 40
22 40
22 39
21 39
21 38
20 38
21 38
21 37
21 36
21 35
22 35
22 36
23 36
23 37
23 38
22 38
23 38
22 38
21 38
20 38
20 39
19 39
18 39
18 38
18 37
18 38
18 39
18 40
18 39
18 38
17 38
17 39
17 40
18 40
19 40
20 40
21 40
22 40
22 39
22 38
22 37
23 37
23 36
24 36
24 35
24 36
24 35
25 35
26 35
26 36
26 35
26 36
25 36
25 37
24 37
23 37
24 37
24 36
25 36
26 36
26 37
26 36
25 36
25 35
26 35
27 35
27 36
26 36
25 36
