0 0
0 1
0 2
0 3
0 2
0 1
1 1
1 0
1 1
1 0
1 1
2 1
2 0
1 0
0 0
0 1
0 0
0 1
1 1
0 1
0 2
1 2
1 3
1 2
0 2
1 2
0 2
0 1
0 0
1 0
1 1
1 0
0 0
0 1
0 2
0 3
1 3
0 3
1 3
0 3
1 3
0 3
1 3
2 3
1 3
1 4
2 4
1 4
1 3
1 4
1 5
1 4
1 3
0 3
1 3
1 4
1 5
1 4
2 4
3 4
2 4
3 4
3 5
3 6
3 7
3 6
4 6
3 6
3 7
4 7
4 6
3 6
2 6
3 6
4 6
3 6
2 6
3 6
3 7
4 7
5 7
5 6
6 6
6 7
5 7
6 7
5 7
5 6
5 7
5 8
5 9
6 9
6 8
6 9
5 9
5 8
5 7
5 6
4 6
4 5
4 6
3 6
3 5
4 5
4 6
4 7
4 8
5 8
5 9
5 10
5 9
4 9
5 9
5 8
6 8
5 8
5 9
5 10
5 9
4 9
3 9
3 10
3 9
2 9
3 9
3 8
3 7
3 6
4 6
4 7
4 6
3 6
3 5
3 4
4 4
4 5
5 5
5 4
5 5
4 5
4 4
3 4
3 3
3 2
4 2
5 2
6 2
6 3
7 3
8 3
7 3
6 3
5 3
4 3
4 2
5 2
6 2
5 2
6 2
7 2
7 3
8 3
9 3
8 3
8 4
7 4
8 4
7 4
6 4
6 3
5 3
4 3
4 4
5 4
4 4
3 4
3 5
4 5
4 4
5 4
5 3
5 4
4 4
3 4
3 3
3 4
4 4
4 3
5 3
5 4
6 4
5 4
5 5
4 5
3 5
3 4
2 4
2 3
1 3
1 4
2 4
1 4
1 5
1 6
1 7
1 8
1 9
1 8
2 8
3 8
2 8
2 9
2 10
1 10
2 10
2 9
2 8
1 8
1 7
1 8
2 8
1 8
1 7
1 8
1 7
1 8
0 8
1 8
1 7
1 8
1 9
1 10
1 11
0 11
0 10
1 10
1 9
1 10
2 10
3 10
2 10
2 9
2 10
2 9
2 8
1 8
1 9
1 10
0 10
0 11
0 12
1 12
0 12
0 11
1 11
0 11
1 11
2 11
2 10
2 11
1 11
2 11
2 12
1 12
0 12
0 13
1 13
0 13
1 13
1 12
1 13
0 13
1 13
0 13
1 13
0 13
0 12
1 12
1 13
1 12
1 13
1 14
0 14
1 14
1 13
2 13
1 13
1 14
2 14
2 13
3 13
3 14
2 14
1 14
1 15
1 16
1 15
1 14
1 13
1 14
1 13
1 12
0 12
0 11
0 12
1 12
2 12
1 12
0 12
0 13
1 13
2 13
2 12
2 11
3 11
2 11
1 11
2 11
2 12
1 12
1 11
0 11
1 11
1 12
2 12
1 12
2 12
2 13
2 12
3 12
4 12
3 12
3 13
3 14
3 15
2 15
1 15
2 15
2 14
3 14
3 15
3 16
4 16
5 16
6 16
6 17
7 17
7 16
7 15
8 15
9 15
10 15
10 14
10 15
10 16
9 16
9 15
9 14
9 15
10 15
9 15
10 15
10 16
10 15
11 15
12 15
11 15
11 14
11 15
12 15
13 15
13 14
13 15
13 16
13 17
12 17
13 17
13 18
13 19
13 18
13 19
13 20
13 21
13 22
13 23
13 22
14 22
14 23
15 23
14 23
13 23
13 24
12 24
13 24
14 24
15 24
16 24
15 24
15 23
15 24
15 23
15 22
16 22
17 22
18 22
18 23
19 23
19 22
20 22
19 22
20 22
20 23
20 22
21 22
21 21
22 21
22 22
22 21
23 21
24 21
25 21
25 22
26 22
26 23
26 24
25 24
26 24
26 23
26 22
26 21
26 20
25 20
26 20
26 21
27 21
27 22
27 23
27 22
27 21
27 20
27 21
27 20
27 19
27 18
28 18
27 18
27 19
26 19
26 18
25 18
25 19
25 20
25 19
24 19
25 19
26 19
26 18
27 18
27 17
27 16
28 16
27 16
26 16
26 17
25 17
25 18
24 18
24 19
25 19
25 20
25 19
25 18
25 17
25 18
25 19
26 19
26 20
27 20
28 20
29 20
29 21
30 21
30 22
30 23
31 23
32 23
32 22
32 21
33 21
34 21
34 20
33 20
32 20
32 21
31 21
32 21
31 21
31 20
31 19
31 20
31 21
30 21
30 20
29 20
29 21
28 21
27 21
27 20
27 21
26 21
25 21
25 22
24 22
24 21
24 22
24 23
24 22
25 22
25 23
26 23
26 24
26 23
26 22
26 23
26 22
25 22
24 22
24 23
23 23
22 23
22 24
21 24
21 25
21 26
21 27
20 27
20 28
19 28
20 28
19 28
19 29
19 30
18 30
19 30
19 31
19 32
18 32
17 32
18 32
18 33
18 34
17 34
17 35
17 36
16 36
16 35
16 34
16 33
16 34
16 35
17 35
16 35
16 34
16 33
15 33
15 32
16 32
15 32
15 31
14 31
14 32
14 31
13 31
13 32
13 31
12 31
12 30
13 30
12 30
12 29
13 29
13 30
13 31
13 30
13 31
12 31
12 32
12 33
12 34
11 34
10 34
10 35
11 35
10 35
10 34
10 35
9 35
10 35
10 34
9 34
9 35
8 35
8 34
7 34
8 34
8 33
8 32
8 33
7 33
7 32
6 32
6 31
6 32
6 31
6 32
7 32
8 32
9 32
9 31
9 30
9 29
10 29
10 30
10 29
10 28
11 28
12 28
11 28
11 27
11 28
10 28
9 28
10 28
10 27
10 28
10 29
10 30
9 30
9 31
9 30
10 30
10 29
9 29
8 29
7 29
7 30
6 30
7 30
6 30
7 30
6 30
6 29
6 28
7 28
8 28
7 28
6 28
6 29
6 28
7 28
6 28
6 29
6 30
6 31
7 31
8 31
9 31
8 31
7 31
7 30
6 30
7 30
7 29
6 29
6 30
5 30
6 30
6 29
6 30
6 29
6 28
5 28
4 28
4 29
3 29
4 29
4 28
4 27
4 26
5 26
5 25
5 24
5 25
6 25
7 25
7 24
7 23
7 24
7 23
6 23
5 23
6 23
5 23
6 23
6 22
6 21
7 21
6 21
6 20
6 21
7 21
7 22
7 21
6 21
5 21
5 22
5 23
4 23
3 23
4 23
4 22
4 23
5 23
4 23
3 23
3 22
3 23
2 23
2 24
1 24
0 24
0 23
1 23
1 24
1 23
1 24
1 25
1 24
1 25
1 26
2 26
3 26
3 27
2 27
3 27
2 27
1 27
1 26
0 26
0 25
1 25
0 25
0 24
0 25
0 26
0 25
0 26
1 26
1 25
0 25
1 25
0 25
0 26
1 26
2 26
3 26
3 25
4 25
5 25
5 24
5 25
5 24
5 23
5 22
4 22
4 23
4 22
3 22
3 21
4 21
4 20
4 19
4 18
5 18
5 19
4 19
4 20
5 20
5 19
6 19
6 18
7 18
8 18
8 19
8 20
9 20
9 21
10 21
10 22
9 22
9 21
8 21
8 22
9 22
9 21
8 21
8 22
9 22
9 21
9 20
8 20
7 20
7 21
7 22
7 21
6 21
6 22
5 22
6 22
6 23
6 24
6 25
7 25
7 24
8 24
8 23
9 23
8 23
8 22
7 22
7 21
7 22
7 21
7 22
7 23
8 23
8 24
9 24
8 24
7 24
8 24
8 25
8 26
9 26
9 27
9 28
10 28
10 29
10 30
9 30
9 29
10 29
10 30
9 30
9 29
9 30
8 30
9 30
9 31
8 31
8 32
7 32
8 32
8 33
7 33
7 34
6 34
6 35
7 35
7 36
8 36
9 36
8 36
8 35
8 36
8 35
8 36
8 37
8 38
7 38
8 38
7 38
7 39
8 39
8 40
7 40
7 39
6 39
5 39
6 39
7 39
8 39
9 39
9 40
9 41
8 41
9 41
9 42
9 41
9 42
9 43
8 43
8 44
7 44
8 44
7 44
8 44
8 43
7 43
7 44
7 45
7 46
8 46
8 45
7 45
7 46
7 45
7 44
8 44
9 44
9 45
10 45
10 44
10 45
11 45
11 46
11 45
11 46
12 46
13 46
13 45
13 46
13 45
13 46
14 46
13 46
13 47
12 47
13 47
13 46
13 47
13 46
14 46
15 46
15 47
15 46
16 46
15 46
16 46
16 45
15 45
15 46
15 45
16 45
16 46
16 47
16 46
16 45
17 45
16 45
17 45
17 46
16 46
16 45
16 46
16 47
15 47
14 47
13 47
12 47
11 47
12 47
11 47
11 46
12 46
12 47
12 46
11 46
12 46
12 45
11 45
10 45
9 45
10 45
11 45
11 46
11 45
11 46
12 46
11 46
11 45
11 46
12 46
12 47
11 47
11 46
10 46
11 46
10 46
10 45
