0 0
1 0
1 1
0 1
1 1
0 1
0 0
1 0
0 0
0 1
0 2
1 2
1 3
1 4
1 3
2 3
2 4
2 3
2 2
2 1
1 1
1 2
1 3
1 2
0 2
0 1
1 1
0 1
1 1
1 0
1 1
0 1
1 1
0 1
1 1
2 1
1 1
2 1
2 0
3 0
3 1
2 1
2 2
2 1
3 1
4 1
4 2
3 2
3 3
3 2
4 2
4 1
5 1
5 0
6 0
6 1
6 2
5 2
5 1
4 1
5 1
5 0
5 1
5 0
5 1
5 2
6 2
6 3
5 3
5 4
5 3
5 4
6 4
6 3
7 3
7 4
6 4
6 5
7 5
7 6
7 5
7 6
7 7
7 6
6 6
7 6
6 6
7 6
8 6
7 6
6 6
5 6
6 6
6 5
6 6
6 7
6 8
6 7
6 8
7 8
8 8
9 8
8 8
8 9
7 9
6 9
5 9
5 10
4 10
4 11
4 10
4 11
5 11
5 10
5 11
5 10
4 10
5 10
5 11
5 12
6 12
5 12
4 12
4 11
3 11
3 12
3 13
4 13
4 14
4 13
4 14
4 13
3 13
2 13
3 13
2 13
1 13
1 14
2 14
2 15
1 15
1 16
1 15
0 15
0 14
0 13
1 13
1 12
1 11
0 11
0 12
0 11
1 11
1 10
2 10
3 10
4 10
5 10
4 10
3 10
3 9
3 10
3 11
4 11
4 12
4 11
4 10
5 10
6 10
6 11
6 12
7 12
8 12
8 13
8 14
8 13
9 13
10 13
11 13
12 13
13 13
13 14
13 15
13 16
13 15
12 15
13 15
14 15
13 15
13 16
13 17
13 18
14 18
14 17
15 17
14 17
14 16
13 16
12 16
13 16
14 16
14 15
14 16
14 17
14 18
14 17
14 18
14 17
13 17
14 17
15 17
15 16
15 17
15 16
15 15
15 14
14 14
14 13
14 12
15 12
15 11
15 12
15 11
15 10
16 10
16 9
16 8
16 7
17 7
16 7
17 7
17 6
17 5
17 6
17 5
18 5
18 4
18 5
17 5
17 4
16 4
16 5
15 5
14 5
14 6
15 6
15 7
16 7
15 7
14 7
14 8
13 8
14 8
15 8
16 8
17 8
18 8
19 8
18 8
17 8
17 9
18 9
17 9
18 9
19 9
18 9
18 10
17 10
16 10
16 9
16 8
15 8
16 8
16 9
17 9
17 10
17 9
17 8
17 9
17 10
16 10
17 10
16 10
16 9
16 8
16 9
16 10
15 10
15 11
15 10
15 11
15 12
16 12
17 12
16 12
16 13
16 14
15 14
14 14
14 15
14 14
14 15
13 15
12 15
12 14
13 14
14 14
14 13
14 14
15 14
15 15
16 15
16 16
16 15
17 15
16 15
15 15
15 14
14 14
14 15
15 15
14 15
14 16
14 17
15 17
15 18
14 18
13 18
14 18
14 19
14 20
14 21
14 20
15 20
14 20
13 20
13 19
13 20
14 20
15 20
15 19
16 19
16 18
16 19
16 20
17 20
17 21
18 21
18 20
18 21
18 22
18 21
18 22
17 22
17 23
17 22
17 23
17 22
18 22
18 21
19 21
20 21
19 21
20 21
20 20
21 20
21 21
21 22
20 22
19 22
19 23
18 23
18 24
18 25
17 25
17 26
17 25
17 26
17 27
17 28
18 28
18 29
19 29
19 30
19 31
19 32
20 32
19 32
20 32
20 31
19 31
19 32
19 33
18 33
19 33
19 34
20 34
21 34
21 35
21 34
22 34
23 34
23 33
22 33
22 32
22 33
22 34
23 34
22 34
22 35
21 35
22 35
22 36
23 36
23 35
23 36
24 36
25 36
24 36
24 35
23 35
23 34
22 34
22 35
23 35
23 36
24 36
24 37
24 36
23 36
22 36
21 36
21 35
22 35
21 35
20 35
20 36
20 37
20 38
20 39
20 40
19 40
20 40
20 41
21 41
22 41
22 42
22 41
22 42
21 42
21 41
21 42
21 43
21 42
20 42
19 42
18 42
18 41
17 41
18 41
18 40
18 41
17 41
16 41
16 42
16 43
16 44
16 45
15 45
14 45
13 45
13 46
13 45
13 44
12 44
12 45
11 45
12 45
12 46
12 47
13 47
13 46
13 47
13 46
13 45
12 45
11 45
11 46
11 45
11 44
10 44
10 45
11 45
12 45
13 45
14 45
14 44
14 43
15 43
15 44
16 44
16 43
16 42
15 42
16 42
15 42
14 42
13 42
12 42
11 42
10 42
11 42
12 42
11 42
11 41
11 42
10 42
11 42
11 41
10 41
10 42
9 42
10 42
10 41
9 41
10 41
11 41
12 41
12 40
13 40
14 40
15 40
15 39
15 40
14 40
15 40
15 41
15 42
16 42
15 42
16 42
17 42
17 41
18 41
19 41
20 41
19 41
19 42
18 42
18 43
17 43
17 42
16 42
16 43
16 44
16 43
17 43
16 43
16 42
16 43
15 43
14 43
13 43
13 44
14 44
13 44
13 45
14 45
14 46
15 46
16 46
17 46
17 45
16 45
16 44
16 45
17 45
16 45
17 45
18 45
18 44
19 44
19 45
18 45
19 45
20 45
20 46
20 47
21 47
21 46
21 47
21 46
21 45
22 45
22 44
22 45
21 45
22 45
21 45
21 44
20 44
20 43
20 42
21 42
22 42
23 42
22 42
22 41
21 41
20 41
20 40
19 40
18 40
18 41
17 41
16 41
16 40
17 40
17 39
17 38
17 37
18 37
17 37
16 37
16 36
16 35
15 35
15 34
16 34
16 35
17 35
17 34
17 33
16 33
16 32
17 32
16 32
15 32
15 31
15 32
14 32
15 32
15 33
16 33
16 34
16 33
16 34
16 33
15 33
15 34
15 33
15 34
15 35
14 35
13 35
14 35
14 36
14 37
13 37
13 38
13 37
14 37
14 38
14 37
15 37
15 36
15 35
14 35
13 35
14 35
15 35
15 36
14 36
14 35
15 35
14 35
14 36
13 36
13 35
13 36
13 37
13 38
13 39
13 40
12 40
11 40
12 40
12 39
11 39
12 39
13 39
12 39
12 40
12 41
12 40
11 40
11 39
10 39
9 39
8 39
8 38
9 38
8 38
8 39
9 39
9 38
9 37
9 38
9 37
9 36
8 36
9 36
10 36
10 37
10 38
10 39
11 39
11 40
11 39
11 40
10 40
10 41
10 40
10 39
11 39
10 39
10 40
11 40
11 41
11 42
11 41
11 42
10 42
11 42
11 41
11 40
12 40
12 39
11 39
11 40
10 40
9 40
8 40
8 39
8 40
9 40
9 41
9 42
9 43
8 43
8 42
8 43
9 43
10 43
11 43
12 43
13 43
13 44
12 44
12 43
13 43
13 42
12 42
12 41
13 41
12 41
13 41
13 42
13 43
13 42
13 41
13 40
13 41
13 40
13 41
12 41
13 41
13 42
12 42
12 43
11 43
11 44
10 44
10 43
11 43
12 43
12 42
12 41
11 41
10 41
10 40
9 40
10 40
9 40
10 40
9 40
9 41
10 41
9 41
10 41
9 41
9 42
9 43
9 44
10 44
11 44
10 44
9 44
9 43
8 43
7 43
7 44
7 45
8 45
8 46
8 47
9 47
10 47
10 46
9 46
9 45
9 44
9 45
9 46
9 45
9 46
9 47
9 46
10 46
11 46
11 47
10 47
11 47
11 46
11 45
12 45
12 44
12 43
11 43
12 43
11 43
10 43
9 43
10 43
11 43
12 43
13 43
13 42
12 42
13 42
13 43
12 43
12 42
12 41
13 41
13 40
13 39
12 39
12 38
12 39
13 39
13 40
13 41
12 41
12 42
11 42
11 43
12 43
12 42
11 42
10 42
10 43
10 42
10 41
10 42
10 43
11 43
11 42
12 42
12 41
12 40
13 40
12 40
13 40
13 41
13 42
12 42
13 42
14 42
14 43
15 43
16 43
16 42
17 42
17 43
17 42
17 41
18 41
19 41
20 41
19 41
18 41
18 40
19 40
20 40
21 40
20 40
21 40
20 40
20 41
20 40
20 39
21 39
21 40
22 40
22 39
22 40
22 41
22 42
21 42
21 41
21 40
21 39
20 39
20 38
20 39
21 39
22 39
21 39
20 39
19 39
20 39
20 40
20 39
19 39
18 39
17 39
16 39
16 38
16 37
16 36
17 36
17 37
17 38
17 39
16 39
15 39
15 38
15 37
14 37
15 37
16 37
17 37
17 36
18 36
19 36
19 35
20 35
20 36
21 36
21 37
22 37
22 38
22 37
23 37
22 37
22 38
23 38
23 39
23 38
23 39
22 39
23 39
24 39
24 38
24 39
23 39
23 38
24 38
23 38
22 38
22 37
22 36
22 37
22 38
22 37
22 38
23 38
24 38
24 39
25 39
24 39
25 39
25 38
25 37
25 36
25 37
26 37
26 38
26 39
