0 0
1 0
1 1
1 0
0 0
0 1
1 1
1 0
2 0
2 1
2 2
3 2
3 3
4 3
3 3
3 4
3 5
3 4
3 3
3 4
3 3
4 3
4 4
5 4
5 5
5 4
5 3
4 3
4 2
3 2
2 2
2 1
2 2
1 2
0 2
1 2
2 2
3 2
2 2
2 3
1 3
1 2
2 2
3 2
3 1
4 1
4 2
3 2
3 3
3 4
3 5
4 5
3 5
4 5
3 5
2 5
2 6
2 7
2 6
2 7
2 6
2 5
1 5
1 6
1 5
1 4
0 4
0 5
1 5
2 5
2 6
1 6
0 6
0 7
0 8
1 8
1 9
0 9
0 10
1 10
0 10
0 11
0 12
0 13
0 14
1 14
1 15
1 14
2 14
1 14
1 13
1 14
1 13
1 12
1 13
2 13
2 14
3 14
2 14
3 14
4 14
3 14
4 14
4 13
4 14
3 14
3 15
4 15
3 15
4 15
4 16
5 16
5 17
6 17
5 17
6 17
5 17
5 18
5 17
6 17
5 17
6 17
6 18
6 17
7 17
6 17
6 18
6 19
5 19
6 19
6 18
7 18
6 18
5 18
4 18
4 19
5 19
5 20
4 20
5 20
5 19
6 19
6 20
6 19
7 19
6 19
6 18
5 18
6 18
5 18
6 18
7 18
7 17
7 18
7 19
6 19
6 18
6 17
7 17
7 18
7 19
7 20
7 19
6 19
6 18
6 19
6 18
6 19
6 18
5 18
4 18
3 18
2 18
3 18
3 17
3 16
3 15
3 16
4 16
4 15
4 16
3 16
3 17
3 18
4 18
4 19
4 18
4 19
4 20
4 21
4 22
3 22
2 22
2 21
1 21
0 21
1 21
1 20
0 20
1 20
1 21
2 21
2 22
2 21
2 22
2 23
1 23
1 24
2 24
3 24
4 24
4 25
5 25
4 25
5 25
6 25
5 25
4 25
5 25
4 25
5 25
6 25
7 25
8 25
8 26
7 26
7 27
8 27
8 28
8 29
8 28
8 29
8 28
8 29
8 30
7 30
7 29
7 30
7 29
8 29
7 29
7 30
7 31
7 32
8 32
7 32
7 33
6 33
6 34
5 34
4 34
4 33
4 34
4 35
4 36
3 36
3 37
2 37
1 37
1 38
1 39
1 38
1 37
0 37
0 38
1 38
1 37
0 37
1 37
1 38
0 38
1 38
1 39
0 39
0 38
1 38
0 38
1 38
2 38
3 38
4 38
4 39
4 40
4 41
4 42
5 42
6 42
7 42
8 42
8 43
8 44
8 45
7 45
7 44
7 43
6 43
6 42
5 42
5 41
5 40
5 41
6 41
6 42
6 43
5 43
4 43
5 43
4 43
4 42
3 42
4 42
5 42
5 41
6 41
7 41
7 40
7 39
8 39
8 38
8 39
7 39
6 39
6 38
5 38
5 39
5 40
5 41
5 40
5 41
4 41
3 41
2 41
2 42
2 41
2 40
2 41
3 41
4 41
5 41
6 41
6 42
5 42
6 42
6 41
6 42
5 42
5 41
4 41
4 40
4 41
5 41
5 40
5 41
6 41
7 41
7 42
6 42
7 42
6 42
6 41
7 41
7 42
6 42
6 43
5 43
5 42
6 42
6 41
5 41
4 41
5 41
5 42
4 42
5 42
5 43
4 43
3 43
2 43
2 44
2 43
2 44
1 44
1 45
0 45
1 45
2 45
1 45
0 45
0 44
0 45
0 46
0 45
1 45
0 45
0 46
0 47
0 48
0 47
1 47
0 47
0 48
1 48
1 49
0 49
0 50
0 51
0 52
1 52
1 51
1 50
2 50
2 51
2 52
2 53
3 53
3 52
3 51
4 51
3 51
3 50
4 50
4 51
4 52
4 53
4 52
3 52
4 52
3 52
3 53
3 54
4 54
3 54
3 55
4 55
5 55
6 55
7 55
7 54
6 54
6 53
5 53
5 52
5 53
4 53
4 54
5 54
4 54
3 54
4 54
5 54
6 54
5 54
6 54
7 54
6 54
6 55
6 54
6 55
7 55
6 55
5 55
5 54
5 55
4 55
3 55
3 56
3 57
2 57
3 57
2 57
3 57
3 56
2 56
2 55
1 55
0 55
0 54
1 54
1 53
1 54
0 54
1 54
0 54
0 53
0 54
1 54
2 54
1 54
1 55
1 56
1 55
0 55
0 54
1 54
0 54
1 54
1 55
1 54
1 55
1 54
0 54
1 54
1 55
1 56
2 56
2 57
3 57
2 57
2 58
3 58
4 58
4 59
5 59
4 59
5 59
5 60
6 60
6 61
7 61
6 61
6 60
5 60
4 60
5 60
6 60
6 59
5 59
4 59
5 59
5 60
6 60
5 60
4 60
4 59
4 58
4 57
4 58
3 58
3 59
3 60
4 60
3 60
3 61
4 61
5 61
5 60
5 61
4 61
4 62
4 63
3 63
4 63
4 64
4 65
4 66
4 65
4 64
4 65
3 65
4 65
4 66
5 66
4 66
4 67
4 68
4 69
4 70
3 70
4 70
5 70
5 69
5 68
5 67
5 66
5 67
5 68
5 67
5 68
5 69
4 69
4 70
5 70
5 71
6 71
6 72
6 73
6 72
7 72
7 73
7 74
8 74
7 74
7 75
8 75
7 75
6 75
7 75
6 75
5 75
4 75
4 74
4 73
4 74
3 74
3 73
4 73
4 74
5 74
5 73
5 74
6 74
7 74
7 73
7 74
7 73
6 73
6 74
7 74
8 74
7 74
8 74
7 74
8 74
9 74
8 74
9 74
10 74
9 74
9 75
8 75
9 75
9 76
10 76
10 77
9 77
9 76
9 75
10 75
10 76
9 76
10 76
10 75
11 75
11 74
11 73
12 73
12 72
11 72
12 72
11 72
12 72
11 72
10 72
9 72
9 73
9 74
10 74
11 74
11 73
12 73
12 72
12 71
12 72
12 71
13 71
12 71
13 71
12 71
11 71
11 70
11 71
10 71
11 71
11 70
10 70
9 70
9 71
9 70
8 70
8 69
8 68
7 68
7 67
7 68
6 68
6 67
6 68
5 68
6 68
6 67
7 67
6 67
6 68
5 68
5 67
5 68
5 69
4 69
4 68
4 67
4 68
5 68
4 68
4 69
4 70
5 70
5 71
6 71
7 71
7 72
7 73
7 72
6 72
5 72
5 71
4 71
4 72
5 72
5 71
4 71
4 72
3 72
3 71
4 71
4 70
4 69
5 69
4 69
5 69
4 69
3 69
3 70
4 70
4 69
4 70
3 70
4 70
5 70
5 69
5 68
5 69
5 68
5 67
4 67
4 66
4 65
5 65
5 66
5 65
4 65
4 66
3 66
2 66
1 66
0 66
1 66
0 66
1 66
2 66
2 67
3 67
3 68
3 67
3 68
4 68
4 67
3 67
3 66
3 65
2 65
2 66
2 67
3 67
2 67
2 68
2 67
2 68
1 68
1 69
1 68
1 67
2 67
3 67
2 67
3 67
4 67
4 66
4 67
5 67
5 66
6 66
5 66
5 65
4 65
4 64
3 64
3 65
2 65
2 64
1 64
1 63
1 64
1 65
1 66
1 65
0 65
0 66
1 66
0 66
0 65
1 65
2 65
2 66
2 67
2 66
3 66
3 67
2 67
3 67
3 68
3 69
2 69
1 69
0 69
1 69
0 69
1 69
0 69
1 69
0 69
1 69
1 70
1 71
1 70
1 69
0 69
1 69
1 68
1 67
1 68
1 67
1 66
2 66
2 67
2 68
1 68
1 67
1 68
0 68
0 67
0 66
1 66
1 65
1 64
1 65
1 64
0 64
0 63
0 64
0 63
0 62
0 61
0 60
1 60
2 60
2 59
3 59
4 59
5 59
6 59
7 59
7 60
8 60
9 60
10 60
10 61
11 61
10 61
11 61
12 61
12 60
12 61
13 61
13 62
13 61
12 61
12 60
13 60
13 59
13 60
14 60
15 60
14 60
13 60
13 61
12 61
12 62
12 61
13 61
14 61
15 61
15 62
14 62
15 62
16 62
16 63
16 62
15 62
15 63
16 63
15 63
15 62
16 62
15 62
15 63
15 62
15 63
15 62
15 61
15 60
16 60
17 60
17 59
18 59
18 58
17 58
16 58
16 57
16 58
16 59
15 59
16 59
16 58
16 57
15 57
15 56
15 57
15 58
15 57
15 56
16 56
17 56
18 56
18 55
19 55
18 55
18 54
17 54
18 54
18 55
18 54
18 53
18 52
17 52
17 51
17 52
17 53
17 52
16 52
16 53
16 52
16 53
15 53
15 54
15 55
15 54
14 54
13 54
12 54
12 53
12 54
12 55
12 54
12 55
12 56
12 55
13 55
12 55
12 56
12 57
11 57
10 57
10 56
10 55
10 56
10 55
10 54
10 53
11 53
10 53
11 53
11 54
10 54
10 55
10 54
10 53
10 54
10 53
10 54
10 53
