0 0
1 0
1 1
1 2
0 2
1 2
1 1
1 0
2 0
3 0
4 0
4 1
4 0
5 0
5 1
5 0
5 1
5 2
6 2
6 3
5 3
4 3
4 2
5 2
6 2
6 1
7 1
6 1
6 2
7 2
7 1
7 0
7 1
8 1
8 0
7 0
7 1
8 1
9 1
9 2
8 2
8 1
8 2
7 2
6 2
5 2
6 2
6 3
5 3
4 3
5 3
5 2
5 3
5 4
5 5
5 4
5 5
4 5
4 6
4 5
4 4
5 4
5 3
4 3
4 2
4 3
3 3
4 3
4 4
4 3
3 3
3 4
4 4
5 4
4 4
4 3
4 2
4 3
3 3
3 4
2 4
2 5
2 4
1 4
2 4
2 5
2 6
3 6
4 6
4 5
5 5
4 5
5 5
4 5
5 5
5 4
4 4
4 5
4 4
4 3
4 2
3 2
4 2
5 2
4 2
4 1
4 0
5 0
4 0
3 0
4 0
4 1
5 1
4 1
3 1
2 1
3 1
3 0
3 1
4 1
4 2
4 1
5 1
6 1
6 2
7 2
7 1
7 0
7 1
8 1
7 1
7 2
8 2
8 3
9 3
9 4
8 4
7 4
6 4
6 5
6 6
6 5
7 5
7 6
8 6
8 5
8 4
8 3
8 4
9 4
9 3
9 2
8 2
7 2
7 1
6 1
5 1
5 0
5 1
4 1
4 0
4 1
3 1
4 1
4 2
3 2
3 1
4 1
5 1
4 1
3 1
3 0
2 0
3 0
4 0
4 1
4 2
3 2
3 1
3 2
3 3
4 3
4 4
4 5
5 5
6 5
7 5
6 5
5 5
5 6
6 6
6 7
7 7
8 7
7 7
7 6
7 7
7 8
6 8
5 8
5 9
5 10
5 11
4 11
5 11
5 12
4 12
5 12
6 12
7 12
7 11
8 11
8 10
9 10
9 9
10 9
9 9
8 9
8 10
8 11
8 10
9 10
9 9
9 10
9 9
10 9
10 10
10 11
11 11
10 11
9 11
10 11
10 12
9 12
8 12
7 12
6 12
5 12
6 12
7 12
7 11
6 11
6 10
5 10
6 10
6 11
7 11
6 11
5 11
5 12
5 13
6 13
6 12
6 13
6 14
7 14
8 14
7 14
7 15
7 16
7 15
8 15
8 16
8 15
8 16
7 16
6 16
6 17
5 17
5 18
5 19
6 19
6 18
6 19
6 18
5 18
5 17
5 18
5 19
5 20
6 20
5 20
6 20
5 20
5 19
5 18
6 18
5 18
5 19
6 19
6 18
5 18
5 17
5 18
6 18
7 18
7 17
7 16
8 16
9 16
9 15
9 16
9 17
9 16
9 17
8 17
8 16
8 17
7 17
8 17
7 17
6 17
6 18
5 18
4 18
3 18
3 17
3 18
3 19
4 19
5 19
5 20
4 20
4 21
3 21
3 22
3 23
2 23
3 23
2 23
2 24
1 24
1 25
1 24
1 25
1 26
1 25
0 25
1 25
2 25
2 24
3 24
3 23
3 24
2 24
2 23
1 23
0 23
1 23
2 23
1 23
2 23
1 23
2 23
2 24
3 24
3 25
2 25
2 24
3 24
4 24
5 24
5 25
5 26
5 25
5 26
5 27
6 27
7 27
6 27
6 26
6 25
6 26
5 26
5 25
5 26
4 26
3 26
2 26
3 26
2 26
2 27
3 27
3 26
3 25
3 24
3 25
3 24
3 25
3 24
4 24
3 24
4 24
5 24
5 25
5 26
4 26
4 27
3 27
3 26
2 26
2 27
2 28
3 28
3 29
2 29
1 29
2 29
3 29
2 29
3 29
3 30
3 31
4 31
4 32
5 32
4 32
4 33
4 34
4 35
3 35
2 35
3 35
4 35
4 36
3 36
2 36
1 36
2 36
2 35
3 35
2 35
2 36
3 36
4 36
4 35
3 35
3 36
2 36
1 36
2 36
2 37
2 36
2 37
3 37
4 37
3 37
4 37
3 37
4 37
3 37
3 38
3 37
3 38
4 38
4 39
5 39
5 38
4 38
5 38
5 39
6 39
6 40
6 39
5 39
5 40
4 40
4 39
3 39
2 39
2 38
3 38
3 37
3 36
3 35
3 34
3 33
3 34
2 34
3 34
3 33
3 32
3 31
4 31
4 32
5 32
4 32
3 32
2 32
2 33
2 32
1 32
1 31
0 31
0 30
1 30
2 30
3 30
2 30
1 30
1 29
1 28
1 29
2 29
3 29
3 30
2 30
2 29
2 28
2 29
2 28
3 28
3 29
3 28
4 28
3 28
3 29
2 29
1 29
2 29
2 30
2 31
3 31
3 30
2 30
3 30
2 30
2 29
2 28
1 28
0 28
1 28
1 27
0 27
1 27
1 26
1 25
1 24
2 24
2 23
1 23
2 23
3 23
2 23
2 22
3 22
3 21
3 20
3 19
2 19
3 19
3 20
2 20
2 19
3 19
4 19
5 19
5 18
6 18
6 17
6 18
7 18
8 18
8 17
9 17
9 18
9 17
9 18
8 18
7 18
8 18
8 17
7 17
7 18
6 18
5 18
5 19
5 18
5 17
6 17
6 16
7 16
7 17
8 17
9 17
10 17
10 18
9 18
10 18
11 18
10 18
11 18
12 18
11 18
11 19
11 20
11 21
11 22
10 22
9 22
10 22
11 22
10 22
10 23
9 23
9 22
8 22
8 21
8 22
9 22
9 21
10 21
10 22
10 23
10 22
10 23
11 23
11 22
12 22
13 22
14 22
14 23
14 24
13 24
12 24
11 24
11 25
12 25
11 25
11 24
11 23
12 23
12 22
12 23
13 23
14 23
14 24
14 25
15 25
15 26
15 27
14 27
14 28
14 27
14 26
14 25
14 26
14 27
14 28
15 28
15 27
15 26
15 27
16 27
16 26
17 26
17 27
17 26
17 25
17 26
17 27
17 26
16 26
17 26
18 26
19 26
20 26
19 26
18 26
18 25
18 26
18 27
17 27
16 27
16 28
16 29
16 30
15 30
16 30
16 31
16 30
17 30
17 31
18 31
18 32
18 33
18 32
19 32
18 32
17 32
16 32
16 33
15 33
15 34
15 35
15 36
14 36
13 36
14 36
14 35
15 35
15 36
16 36
16 35
16 36
16 37
16 38
17 38
17 39
17 38
16 38
17 38
17 39
18 39
19 39
19 38
19 37
19 36
20 36
20 35
20 34
21 34
21 33
20 33
20 32
20 33
21 33
20 33
20 32
20 31
21 31
21 30
22 30
22 29
22 30
22 31
21 31
21 30
21 29
20 29
21 29
21 28
22 28
23 28
24 28
23 28
22 28
23 28
23 27
23 28
23 27
22 27
22 28
23 28
22 28
23 28
23 27
22 27
23 27
22 27
23 27
22 27
23 27
23 28
23 27
23 28
23 27
24 27
25 27
25 28
24 28
24 27
24 26
24 25
25 25
25 26
24 26
23 26
24 26
25 26
25 25
25 26
25 25
25 24
24 24
24 23
24 24
23 24
23 23
24 23
23 23
23 22
23 23
24 23
24 22
23 22
23 23
23 22
24 22
24 23
23 23
23 22
24 22
23 22
23 23
23 22
23 21
23 20
23 21
22 21
23 21
23 20
23 21
23 20
22 20
22 19
22 18
21 18
21 19
21 20
22 20
22 19
23 19
24 19
25 19
24 19
24 20
24 21
23 21
22 21
22 20
22 19
22 18
22 19
22 20
22 19
22 20
23 20
23 19
23 20
22 20
22 19
21 19
21 20
20 20
21 20
20 20
20 19
20 20
21 20
22 20
22 21
22 20
23 20
24 20
25 20
26 20
26 19
26 18
27 18
28 18
29 18
29 17
29 18
28 18
27 18
28 18
28 19
27 19
27 18
28 18
28 17
29 17
29 16
29 15
28 15
28 14
27 14
26 14
26 13
26 12
25 12
25 13
25 14
25 15
25 14
26 14
26 13
26 14
26 15
25 15
26 15
27 15
26 15
27 15
27 16
27 17
27 18
28 18
29 18
28 18
28 17
27 17
26 17
26 16
25 16
25 17
25 18
25 17
24 17
23 17
23 18
24 18
25 18
24 18
24 17
23 17
22 17
23 17
22 17
21 17
20 17
19 17
20 17
19 17
18 17
19 17
18 17
19 17
18 17
18 16
19 16
19 15
19 16
19 15
18 15
19 15
19 16
19 15
18 15
18 14
18 13
17 13
18 13
18 12
18 13
17 13
18 13
17 13
18 13
17 13
17 12
16 12
17 12
16 12
15 12
14 12
15 12
15 11
15 10
15 9
14 9
15 9
15 10
14 10
13 10
14 10
14 11
14 10
13 10
13 9
12 9
11 9
11 8
11 7
11 8
10 8
11 8
11 7
12 7
12 6
12 7
12 8
12 7
12 6
11 6
11 5
12 5
12 4
13 4
14 4
15 4
16 4
17 4
18 4
17 4
17 3
18 3
18 4
18 3
