0 0
0 1
1 1
0 1
0 0
0 1
1 1
0 1
1 1
1 0
2 0
3 0
2 0
2 1
3 1
4 1
3 1
2 1
3 1
3 0
4 0
3 0
4 0
3 0
4 0
4 1
4 0
4 1
3 1
4 1
5 1
5 0
6 0
5 0
6 0
6 1
6 2
7 2
7 1
8 1
9 1
9 2
8 2
8 1
8 2
8 3
8 4
7 4
8 4
9 4
8 4
8 5
8 4
7 4
7 5
8 5
9 5
8 5
7 5
8 5
9 5
8 5
7 5
7 4
8 4
9 4
10 4
9 4
9 5
8 5
9 5
10 5
11 5
11 4
11 5
12 5
11 5
10 5
10 6
9 6
10 6
10 5
9 5
10 5
10 6
9 6
10 6
10 7
10 8
11 8
12 8
12 9
12 8
11 8
12 8
12 7
13 7
14 7
14 8
14 9
14 8
15 8
16 8
17 8
17 9
16 9
17 9
17 8
16 8
16 7
16 6
17 6
17 7
18 7
18 6
17 6
17 7
18 7
19 7
19 8
18 8
18 7
18 8
18 7
17 7
17 8
17 7
18 7
17 7
16 7
16 6
16 5
17 5
16 5
16 4
16 5
17 5
18 5
18 6
18 5
18 6
17 6
18 6
18 5
19 5
19 6
19 7
19 8
19 9
19 10
19 11
18 11
17 11
17 12
17 11
18 11
18 10
19 10
20 10
21 10
22 10
22 11
22 12
22 11
22 12
23 12
23 11
22 11
22 10
22 11
23 11
23 10
22 10
23 10
23 11
22 11
21 11
22 11
23 11
24 11
25 11
24 11
24 10
24 9
25 9
25 8
24 8
23 8
23 9
24 9
25 9
25 8
25 7
26 7
26 8
25 8
24 8
25 8
26 8
27 8
27 9
28 9
27 9
27 10
26 10
26 11
25 11
26 11
26 10
27 10
27 9
28 9
27 9
26 9
25 9
24 9
23 9
23 8
22 8
21 8
21 9
22 9
21 9
20 9
20 8
19 8
18 8
17 8
17 7
18 7
19 7
19 6
18 6
19 6
19 7
18 7
19 7
18 7
17 7
18 7
19 7
20 7
21 7
20 7
19 7
18 7
19 7
18 7
18 8
17 8
17 9
18 9
19 9
18 9
18 10
19 10
19 9
18 9
19 9
20 9
19 9
18 9
19 9
20 9
21 9
21 10
20 10
21 10
20 10
20 9
20 10
20 9
20 10
21 10
20 10
20 11
21 11
21 10
22 10
23 10
24 10
24 11
24 10
23 10
23 11
24 11
24 12
24 13
25 13
24 13
24 14
24 13
24 14
24 13
25 13
26 13
26 14
26 15
27 15
27 16
27 15
28 15
28 14
29 14
28 14
28 13
28 14
28 15
28 14
27 14
27 15
26 15
25 15
25 16
25 15
24 15
24 14
23 14
23 15
22 15
22 14
23 14
24 14
24 13
24 14
25 14
26 14
26 15
27 15
27 14
27 15
27 14
27 13
27 14
27 15
28 15
28 16
28 17
28 18
29 18
28 18
29 18
29 17
29 18
29 17
30 17
29 17
30 17
31 17
31 16
31 15
32 15
33 15
32 15
32 16
32 17
33 17
32 17
32 18
33 18
32 18
31 18
30 18
30 19
30 18
29 18
29 19
29 18
29 19
29 18
29 19
30 19
29 19
30 19
29 19
29 18
30 18
29 18
29 19
30 19
29 19
28 19
29 19
29 20
29 21
28 21
28 22
28 21
27 21
27 20
28 20
28 19
28 18
28 17
28 16
28 17
27 17
28 17
28 16
28 15
28 16
27 16
28 16
29 16
28 16
29 16
30 16
31 16
31 17
31 18
30 18
30 17
31 17
32 17
31 17
31 18
30 18
31 18
31 17
31 16
32 16
32 15
31 15
31 14
31 13
32 13
31 13
32 13
31 13
32 13
33 13
33 14
33 13
32 13
32 12
32 11
31 11
32 11
32 10
32 9
32 10
33 10
33 11
33 12
32 12
31 12
31 13
31 12
31 13
32 13
32 12
33 12
32 12
31 12
30 12
30 11
30 12
29 12
29 11
30 11
31 11
31 10
31 11
30 11
30 10
30 11
30 10
30 9
31 9
31 10
31 9
31 8
31 7
31 6
31 7
31 6
31 5
31 6
30 6
30 7
29 7
29 8
29 9
29 8
29 7
28 7
28 8
28 9
28 8
28 7
28 6
29 6
30 6
31 6
31 5
31 4
32 4
33 4
33 3
34 3
34 4
33 4
34 4
34 3
33 3
32 3
32 2
32 1
32 0
32 1
32 0
33 0
33 1
33 0
32 0
33 0
34 0
34 1
34 2
33 2
34 2
34 1
34 2
34 1
35 1
35 2
35 1
35 0
36 0
35 0
35 1
36 1
36 0
35 0
34 0
34 1
34 0
34 1
34 2
34 1
35 1
36 1
37 1
37 0
36 0
35 0
34 0
34 1
35 1
35 2
34 2
34 3
35 3
36 3
36 4
37 4
38 4
38 5
39 5
39 4
39 5
39 6
39 7
39 8
39 9
40 9
40 10
41 10
42 10
41 10
41 11
40 11
39 11
38 11
37 11
37 10
36 10
35 10
34 10
34 11
34 12
33 12
32 12
32 13
31 13
30 13
29 13
29 12
28 12
27 12
28 12
28 11
28 12
27 12
28 12
27 12
28 12
27 12
27 13
26 13
27 13
27 12
26 12
27 12
27 13
27 12
27 11
27 10
27 11
27 12
27 11
26 11
26 10
26 9
27 9
27 10
28 10
28 9
27 9
27 10
27 9
27 10
27 11
27 12
27 11
27 10
26 10
25 10
25 9
25 10
26 10
27 10
27 9
27 10
26 10
26 9
25 9
26 9
27 9
27 8
27 9
28 9
28 10
28 11
28 12
27 12
27 13
28 13
28 12
28 13
28 14
28 15
28 16
28 15
28 16
28 17
28 16
28 15
29 15
29 14
28 14
29 14
29 13
29 12
28 12
29 12
28 12
27 12
26 12
27 12
27 13
28 13
29 13
28 13
29 13
30 13
31 13
30 13
31 13
30 13
31 13
30 13
30 12
30 13
30 12
31 12
31 13
31 14
31 13
32 13
32 12
33 12
33 13
33 14
34 14
35 14
35 13
35 14
36 14
36 15
35 15
35 16
34 16
35 16
34 16
35 16
36 16
35 16
34 16
33 16
33 15
33 14
34 14
35 14
35 13
35 12
34 12
34 11
33 11
32 11
32 10
32 9
31 9
32 9
33 9
34 9
35 9
35 10
35 11
36 11
35 11
35 12
35 11
35 10
35 9
35 10
36 10
37 10
37 11
37 12
36 12
36 13
36 12
36 11
35 11
36 11
37 11
37 12
38 12
37 12
38 12
38 13
38 12
38 13
38 12
38 13
37 13
37 14
38 14
39 14
39 13
39 12
38 12
38 13
37 13
36 13
35 13
36 13
36 12
37 12
38 12
38 13
38 14
37 14
37 13
37 12
38 12
37 12
38 12
37 12
37 11
37 10
36 10
36 9
35 9
34 9
34 10
34 9
34 10
34 11
34 12
34 11
33 11
34 11
34 12
34 11
34 12
33 12
33 13
33 12
33 11
33 10
33 9
32 9
32 8
31 8
30 8
30 9
31 9
31 8
31 9
32 9
32 8
31 8
31 9
32 9
32 10
31 10
32 10
33 10
33 11
33 12
32 12
33 12
34 12
34 13
34 12
34 13
35 13
35 12
35 11
36 11
37 11
38 11
39 11
39 12
39 13
40 13
41 13
41 14
41 15
41 14
41 15
41 14
41 13
41 12
40 12
41 12
40 12
40 11
40 12
40 11
40 10
40 11
40 10
41 10
41 9
41 8
41 9
41 10
42 10
43 10
43 9
43 10
44 10
45 10
45 11
45 10
46 10
45 10
45 9
46 9
46 10
46 11
46 12
45 12
44 12
45 12
45 11
44 11
44 10
44 9
43 9
44 9
44 8
44 9
44 8
43 8
43 7
43 8
43 9
42 9
41 9
42 9
43 9
43 10
43 9
44 9
44 8
45 8
45 7
45 8
45 9
44 9
44 8
45 8
45 9
45 8
45 9
45 10
45 11
45 10
46 10
46 9
46 10
47 10
48 10
49 10
50 10
49 10
48 10
49 10
49 9
50 9
50 10
50 9
51 9
51 10
52 10
52 11
52 12
52 13
52 12
53 12
52 12
53 12
53 13
52 13
51 13
51 12
51 11
51 12
51 11
52 11
52 12
52 13
51 13
51 12
51 11
51 12
50 12
50 11
49 11
48 11
48 10
48 9
49 9
48 9
47 9
47 10
47 9
48 9
47 9
48 9
48 8
47 8
47 7
46 7
46 8
46 7
45 7
45 6
46 6
45 6
44 6
45 6
46 6
47 6
46 6
46 7
46 6
46 7
45 7
46 7
45 7
45 8
46 8
47 8
48 8
48 7
49 7
48 7
49 7
49 8
49 7
49 8
49 7
49 6
50 6
50 5
