0 0
1 0
1 1
1 0
1 1
0 1
1 1
1 2
0 2
0 3
0 4
0 5
1 5
1 4
1 3
2 3
2 4
1 4
2 4
2 5
2 4
2 3
3 3
3 4
2 4
3 4
4 4
5 4
6 4
5 4
5 5
4 5
3 5
3 6
2 6
1 6
1 7
1 6
1 5
1 6
0 6
1 6
1 7
1 8
1 9
2 9
1 9
2 9
3 9
3 10
4 10
5 10
4 10
4 11
4 10
5 10
5 9
5 10
6 10
6 9
6 8
5 8
5 9
5 10
6 10
5 10
5 9
5 8
6 8
7 8
7 9
6 9
7 9
6 9
5 9
6 9
5 9
5 10
6 10
5 10
6 10
7 10
7 11
6 11
5 11
5 12
4 12
5 12
5 11
6 11
6 12
7 12
8 12
9 12
9 13
9 12
9 13
10 13
10 12
9 12
9 11
8 11
8 10
9 10
9 9
9 10
8 10
8 11
8 12
8 13
8 14
8 13
8 14
7 14
7 15
7 16
7 17
7 16
6 16
6 15
5 15
5 14
4 14
4 13
4 12
4 13
5 13
4 13
4 12
4 13
3 13
4 13
5 13
4 13
5 13
5 12
4 12
3 12
3 11
4 11
3 11
2 11
2 12
3 12
3 11
3 10
4 10
4 9
5 9
5 10
5 9
5 10
5 11
5 12
4 12
5 12
5 11
4 11
5 11
6 11
7 11
6 11
6 10
5 10
6 10
6 11
6 12
6 11
5 11
5 10
4 10
4 11
5 11
4 11
5 11
4 11
4 10
5 10
4 10
4 11
5 11
5 10
5 11
5 12
5 13
5 12
5 11
5 12
5 11
5 12
6 12
6 13
5 13
5 14
4 14
4 15
5 15
6 15
5 15
5 14
5 15
5 16
4 16
5 16
5 17
5 18
5 17
5 16
4 16
5 16
6 16
6 15
7 15
7 14
7 15
8 15
8 14
8 13
7 13
8 13
7 13
6 13
6 12
6 13
6 12
6 13
7 13
6 13
6 12
6 13
6 14
5 14
6 14
7 14
7 13
7 12
7 11
8 11
9 11
9 10
8 10
8 9
8 10
7 10
7 9
8 9
8 10
7 10
6 10
6 11
6 10
6 11
7 11
7 12
7 11
7 10
7 11
7 10
7 9
8 9
9 9
9 8
8 8
8 9
8 8
8 7
8 6
8 7
9 7
9 8
9 7
8 7
8 6
7 6
6 6
5 6
5 7
5 6
5 7
4 7
4 6
4 7
5 7
5 6
5 7
4 7
5 7
4 7
3 7
4 7
3 7
2 7
1 7
0 7
0 8
0 9
1 9
0 9
0 10
0 11
0 10
0 9
0 10
1 10
1 9
2 9
1 9
0 9
1 9
1 8
0 8
0 7
1 7
1 6
0 6
0 5
0 6
1 6
0 6
1 6
1 5
2 5
3 5
4 5
4 6
4 5
4 6
4 7
5 7
6 7
5 7
4 7
4 8
3 8
3 9
3 8
3 9
2 9
2 10
3 10
4 10
5 10
5 9
5 8
5 9
5 10
5 9
6 9
6 8
6 7
5 7
5 6
4 6
4 5
3 5
4 5
3 5
4 5
4 4
4 3
4 2
3 2
3 3
4 3
4 2
5 2
6 2
6 1
7 1
7 2
7 1
8 1
7 1
7 2
7 3
6 3
6 2
6 1
6 2
6 1
5 1
4 1
5 1
5 2
4 2
4 3
5 3
6 3
6 4
6 3
5 3
5 2
6 2
6 3
7 3
7 4
7 5
8 5
8 4
8 5
8 6
8 5
8 4
8 3
8 4
9 4
9 3
9 4
10 4
10 3
10 2
10 3
11 3
11 2
11 1
11 2
11 1
12 1
13 1
13 0
14 0
14 1
13 1
12 1
12 0
12 1
13 1
13 2
13 1
13 0
14 0
14 1
14 0
15 0
15 1
16 1
17 1
17 0
18 0
17 0
18 0
17 0
18 0
18 1
19 1
20 1
20 0
20 1
19 1
19 0
19 1
19 0
19 1
18 1
18 0
18 1
17 1
17 0
18 0
19 0
19 1
18 1
19 1
20 1
20 0
20 1
20 2
20 3
19 3
19 2
19 1
19 0
19 1
19 0
19 1
18 1
19 1
19 2
18 2
19 2
19 1
20 1
19 1
18 1
19 1
18 1
17 1
18 1
18 0
18 1
19 1
19 2
20 2
20 3
21 3
21 2
21 1
22 1
22 2
23 2
22 2
22 3
22 2
22 1
22 0
22 1
21 1
20 1
20 2
21 2
22 2
21 2
20 2
19 2
19 3
19 4
18 4
18 5
18 6
18 5
18 4
19 4
18 4
17 4
18 4
17 4
16 4
15 4
14 4
13 4
13 5
13 6
14 6
14 5
15 5
16 5
17 5
17 6
17 5
17 6
16 6
16 5
15 5
16 5
16 4
15 4
16 4
16 3
16 2
15 2
16 2
15 2
14 2
14 3
15 3
14 3
14 4
14 5
15 5
15 6
14 6
14 5
14 4
13 4
13 3
13 2
12 2
11 2
11 3
12 3
12 2
13 2
13 3
12 3
11 3
12 3
11 3
10 3
9 3
10 3
10 2
9 2
10 2
10 1
11 1
12 1
13 1
13 2
14 2
13 2
13 1
14 1
15 1
14 1
15 1
14 1
14 2
15 2
15 1
15 0
16 0
16 1
15 1
16 1
17 1
17 2
18 2
18 1
19 1
20 1
21 1
22 1
22 2
21 2
21 3
21 4
21 5
21 4
22 4
23 4
24 4
23 4
23 3
23 4
22 4
21 4
22 4
23 4
22 4
21 4
20 4
21 4
21 3
21 4
21 3
21 4
21 5
22 5
21 5
20 5
20 4
21 4
21 5
22 5
23 5
24 5
24 4
24 5
24 6
24 7
23 7
22 7
21 7
20 7
21 7
21 8
20 8
20 7
20 8
21 8
21 7
20 7
20 6
20 5
20 4
20 3
19 3
19 2
19 3
20 3
20 2
20 3
21 3
21 4
21 3
21 2
22 2
22 1
22 0
22 1
22 2
22 1
22 2
23 2
24 2
24 3
25 3
25 2
26 2
25 2
25 1
25 0
25 1
26 1
27 1
27 0
26 0
26 1
25 1
25 2
25 1
25 0
25 1
26 1
26 2
26 1
26 0
26 1
25 1
24 1
25 1
26 1
26 2
27 2
27 3
27 4
27 5
28 5
27 5
28 5
28 4
29 4
30 4
30 5
29 5
28 5
29 5
30 5
31 5
30 5
31 5
30 5
29 5
28 5
28 6
27 6
27 5
27 6
27 5
27 6
27 7
27 6
27 7
27 8
26 8
27 8
27 9
26 9
26 10
27 10
28 10
28 9
28 10
28 11
28 12
28 11
28 10
27 10
27 11
26 11
25 11
25 12
25 13
25 12
24 12
23 12
24 12
23 12
24 12
25 12
25 11
24 11
23 11
22 11
22 10
21 10
20 10
21 10
21 11
22 11
23 11
23 12
24 12
24 13
23 13
23 14
24 14
23 14
24 14
23 14
23 13
24 13
25 13
26 13
26 14
26 13
27 13
27 14
27 13
28 13
29 13
29 12
29 13
29 12
29 13
29 14
29 13
29 14
29 13
28 13
28 14
28 15
27 15
27 14
27 13
27 12
26 12
26 11
25 11
25 10
25 9
24 9
25 9
26 9
25 9
25 8
25 7
26 7
26 6
25 6
26 6
27 6
27 7
26 7
27 7
27 6
27 7
28 7
28 8
29 8
28 8
27 8
28 8
28 7
28 8
28 9
28 10
29 10
30 10
31 10
32 10
33 10
32 10
32 9
31 9
31 10
32 10
31 10
30 10
30 11
30 12
30 13
30 12
30 11
30 10
30 9
29 9
30 9
30 8
30 9
29 9
30 9
30 8
31 8
31 9
31 8
31 7
31 6
31 7
31 8
31 9
31 10
32 10
31 10
30 10
30 9
30 10
30 11
30 10
31 10
32 10
32 9
33 9
33 10
33 11
32 11
32 10
32 9
31 9
31 10
32 10
32 11
32 12
32 11
32 12
33 12
33 13
33 14
33 13
32 13
32 14
32 15
33 15
33 14
33 13
34 13
35 13
35 12
34 12
34 11
34 12
35 12
35 13
34 13
33 13
34 13
34 12
34 11
33 11
32 11
32 12
31 12
31 11
31 12
30 12
30 13
30 14
29 14
29 13
30 13
31 13
31 14
31 15
32 15
32 16
31 16
31 17
30 17
31 17
32 17
32 16
32 17
32 18
33 18
33 19
32 19
33 19
34 19
34 18
35 18
36 18
36 19
36 20
35 20
35 19
36 19
37 19
37 20
37 19
37 20
37 19
36 19
35 19
36 19
37 19
36 19
35 19
35 18
34 18
34 19
34 18
35 18
34 18
35 18
36 18
37 18
37 17
36 17
36 16
37 16
37 17
37 16
38 16
37 16
37 15
37 14
37 15
38 15
37 15
38 15
