0 0
0 1
1 1
2 1
2 0
2 1
1 1
1 2
1 3
0 3
1 3
2 3
1 3
0 3
0 4
1 4
0 4
1 4
0 4
1 4
1 5
2 5
1 5
2 5
2 4
1 4
2 4
1 4
1 3
0 3
1 3
2 3
2 2
3 2
3 3
3 4
4 4
4 5
4 4
4 5
4 4
5 4
6 4
6 3
5 3
5 4
4 4
4 5
4 4
4 5
5 5
6 5
7 5
8 5
8 6
9 6
10 6
10 7
10 6
10 7
10 8
10 9
11 9
11 8
11 7
11 6
12 6
12 5
12 6
12 7
11 7
11 6
12 6
13 6
13 7
13 8
13 7
13 6
13 7
13 8
14 8
13 8
12 8
12 9
12 10
12 9
11 9
11 10
10 10
10 9
9 9
9 8
9 7
10 7
10 6
10 5
11 5
11 6
10 6
11 6
10 6
10 7
10 6
9 6
8 6
7 6
7 5
7 4
7 5
6 5
6 6
6 7
5 7
6 7
6 6
6 7
6 6
6 7
7 7
7 6
8 6
8 5
9 5
8 5
9 5
8 5
8 4
9 4
9 3
9 4
10 4
11 4
12 4
13 4
13 5
12 5
12 4
12 3
13 3
12 3
11 3
11 4
11 3
10 3
10 4
10 5
11 5
12 5
12 4
12 5
12 6
12 7
12 6
12 5
12 4
11 4
11 5
11 6
10 6
10 5
11 5
11 6
11 7
11 8
10 8
10 9
11 9
12 9
12 8
13 8
14 8
13 8
14 8
14 7
13 7
14 7
13 7
13 8
12 8
12 9
12 8
12 9
11 9
11 10
12 10
12 11
13 11
13 12
14 12
15 12
15 11
14 11
15 11
15 12
16 12
17 12
17 13
18 13
18 12
18 11
18 12
19 12
19 13
19 14
18 14
17 14
17 15
18 15
18 14
18 13
17 13
18 13
18 14
19 14
19 13
18 13
18 14
18 13
18 12
17 12
18 12
18 11
18 12
19 12
20 12
19 12
20 12
20 13
19 13
19 14
20 14
20 13
21 13
21 12
21 11
20 11
19 11
20 11
19 11
19 10
19 9
20 9
19 9
20 9
21 9
20 9
20 10
21 10
20 10
19 10
18 10
19 10
18 10
17 10
16 10
17 10
18 10
19 10
19 11
19 12
19 13
18 13
18 12
17 12
17 13
17 12
17 13
17 14
16 14
16 13
15 13
16 13
15 13
14 13
15 13
15 12
15 11
16 11
16 12
16 13
15 13
14 13
15 13
15 12
16 12
16 13
16 14
17 14
18 14
18 15
19 15
20 15
20 14
19 14
19 15
19 14
18 14
19 14
18 14
18 13
17 13
18 13
17 13
17 14
17 15
18 15
17 15
16 15
16 16
16 17
16 18
15 18
15 17
15 18
15 19
15 20
15 19
15 18
15 17
16 17
17 17
16 17
16 16
16 15
16 16
17 16
16 16
17 16
17 17
17 18
16 18
16 19
15 19
15 20
16 20
15 20
15 21
15 20
16 20
16 19
16 20
16 21
16 20
16 21
15 21
14 21
14 22
15 22
15 21
14 21
13 21
12 21
12 20
13 20
12 20
12 21
13 21
13 20
14 20
14 19
14 20
14 21
14 22
14 23
13 23
13 24
12 24
13 24
13 23
14 23
13 23
14 23
13 23
13 22
13 23
14 23
14 24
14 23
14 22
14 23
13 23
14 23
13 23
14 23
13 23
12 23
12 22
11 22
12 22
12 23
12 24
12 25
12 26
12 25
12 24
12 23
12 22
13 22
12 22
12 21
13 21
13 22
13 23
14 23
14 24
15 24
15 25
16 25
16 26
16 27
15 27
15 28
14 28
15 28
15 27
14 27
14 26
14 27
13 27
12 27
12 26
11 26
12 26
13 26
12 26
11 26
12 26
11 26
12 26
12 25
12 26
11 26
10 26
11 26
11 27
12 27
13 27
13 28
13 27
13 26
14 26
14 25
14 24
13 24
13 23
12 23
11 23
11 24
10 24
10 23
11 23
12 23
12 24
12 23
12 24
11 24
11 23
12 23
12 24
12 25
13 25
14 25
14 24
13 24
13 23
12 23
13 23
13 24
13 23
12 23
12 24
12 23
12 24
11 24
11 23
11 24
12 24
11 24
10 24
9 24
10 24
9 24
9 25
10 25
10 26
10 27
10 26
11 26
11 27
10 27
9 27
10 27
11 27
11 28
11 29
10 29
10 28
10 29
11 29
11 28
11 29
12 29
12 30
13 30
13 29
13 28
13 29
14 29
14 28
14 29
14 30
13 30
13 29
14 29
15 29
15 28
14 28
14 29
15 29
14 29
13 29
12 29
12 28
13 28
14 28
14 27
14 28
14 29
13 29
12 29
12 30
12 31
13 31
13 32
13 31
12 31
12 32
13 32
12 32
11 32
11 31
11 32
11 33
12 33
11 33
11 32
11 33
11 32
12 32
12 33
13 33
14 33
13 33
14 33
14 34
15 34
14 34
14 33
13 33
12 33
13 33
13 34
13 33
14 33
13 33
14 33
14 32
15 32
15 31
16 31
16 32
16 33
16 32
16 33
15 33
15 34
15 35
16 35
17 35
16 35
15 35
14 35
13 35
13 34
13 35
12 35
12 34
11 34
11 35
12 35
11 35
11 36
11 35
11 34
12 34
13 34
12 34
11 34
11 35
11 34
12 34
12 33
12 34
11 34
11 33
11 32
11 33
11 34
11 33
10 33
10 32
9 32
9 33
9 34
9 35
8 35
7 35
7 36
7 35
7 36
7 37
7 38
8 38
8 37
7 37
6 37
6 38
5 38
4 38
4 37
5 37
6 37
7 37
7 38
7 39
7 38
7 37
8 37
8 36
9 36
8 36
8 37
8 36
7 36
8 36
8 37
8 38
8 37
8 38
8 37
7 37
6 37
7 37
7 38
8 38
9 38
9 39
8 39
8 38
7 38
8 38
8 39
8 38
7 38
6 38
5 38
4 38
4 37
4 38
4 39
5 39
6 39
7 39
6 39
7 39
8 39
8 40
7 40
7 41
6 41
6 40
6 39
6 40
6 39
6 38
7 38
8 38
8 39
8 40
7 40
8 40
8 39
8 38
8 37
8 38
8 39
8 38
7 38
7 39
7 40
8 40
8 39
8 40
8 41
9 41
9 42
9 41
8 41
8 42
8 43
7 43
7 42
7 43
6 43
7 43
7 44
7 45
7 44
6 44
5 44
4 44
3 44
4 44
4 45
4 44
4 45
4 44
5 44
4 44
3 44
3 45
2 45
3 45
3 44
3 45
3 44
3 45
3 44
2 44
3 44
4 44
4 43
4 44
5 44
5 43
5 44
5 43
5 44
6 44
6 43
5 43
5 44
4 44
3 44
4 44
5 44
5 45
4 45
4 44
5 44
6 44
5 44
4 44
3 44
3 45
3 46
4 46
5 46
5 45
5 46
5 45
5 46
5 45
6 45
5 45
5 46
6 46
6 45
6 44
6 45
5 45
6 45
6 44
7 44
7 43
7 44
7 45
7 44
7 43
7 44
7 43
6 43
6 44
5 44
5 43
5 44
5 43
5 42
5 41
5 42
6 42
5 42
5 43
6 43
5 43
6 43
5 43
4 43
4 44
4 45
3 45
3 46
2 46
1 46
0 46
0 45
1 45
2 45
2 46
2 45
1 45
0 45
1 45
1 46
1 45
2 45
2 46
2 45
1 45
2 45
3 45
2 45
3 45
3 46
2 46
2 47
2 48
1 48
1 47
0 47
0 46
1 46
0 46
0 47
1 47
1 46
2 46
2 45
1 45
1 46
0 46
1 46
1 45
1 46
1 47
1 48
1 47
0 47
1 47
1 48
1 49
2 49
2 48
2 49
2 50
2 51
2 50
2 51
3 51
3 50
3 51
4 51
4 52
3 52
3 53
2 53
3 53
2 53
3 53
2 53
2 52
2 53
3 53
2 53
3 53
4 53
4 52
4 51
3 51
4 51
4 52
4 53
4 52
3 52
4 52
4 53
3 53
3 52
3 51
2 51
3 51
2 51
2 52
2 51
2 50
3 50
4 50
3 50
2 50
2 49
3 49
4 49
3 49
4 49
4 50
4 49
3 49
2 49
3 49
3 50
2 50
3 50
4 50
4 51
4 52
3 52
3 53
4 53
4 52
3 52
3 53
2 53
2 54
2 53
2 54
1 54
0 54
0 55
0 54
0 55
1 55
1 54
0 54
0 53
1 53
1 54
2 54
1 54
1 55
2 55
2 56
3 56
3 57
2 57
2 56
2 57
3 57
2 57
3 57
3 56
4 56
5 56
5 55
4 55
4 54
4 55
4 54
4 55
5 55
5 54
5 53
4 53
5 53
6 53
5 53
5 52
4 52
3 52
3 51
3 52
2 52
1 52
1 51
0 51
1 51
0 51
0 52
1 52
2 52
2 53
2 54
2 53
2 54
2 55
2 54
3 54
2 54
2 53
1 53
1 54
