0 0
0 1
1 1
1 0
0 0
1 0
0 0
1 0
1 1
1 0
1 1
2 1
2 0
2 1
3 1
2 1
2 2
1 2
1 3
0 3
1 3
2 3
1 3
2 3
3 3
4 3
4 4
4 5
3 5
3 4
3 3
4 3
5 3
5 2
4 2
4 3
4 4
5 4
4 4
3 4
2 4
2 3
2 2
2 3
2 4
3 4
2 4
1 4
0 4
1 4
1 3
0 3
1 3
2 3
2 2
1 2
1 1
2 1
2 2
3 2
4 2
4 3
4 2
5 2
5 3
5 2
5 3
5 4
5 3
5 4
5 5
6 5
7 5
6 5
7 5
7 4
6 4
6 3
7 3
8 3
8 2
8 1
7 1
7 0
8 0
8 1
9 1
10 1
10 0
10 1
11 1
11 0
11 1
11 0
10 0
10 1
9 1
9 2
8 2
7 2
8 2
8 3
8 2
8 3
8 4
8 3
8 4
8 3
8 2
7 2
8 2
8 3
8 2
8 1
9 1
9 0
8 0
8 1
8 0
8 1
8 2
9 2
9 1
9 0
8 0
8 1
7 1
7 0
7 1
7 0
6 0
6 1
6 0
5 0
5 1
5 2
5 3
6 3
5 3
4 3
4 2
3 2
4 2
5 2
5 1
5 0
4 0
4 1
3 1
3 2
3 1
3 2
3 3
2 3
3 3
3 2
3 1
3 0
4 0
4 1
5 1
5 2
5 3
6 3
6 2
6 3
6 2
6 1
7 1
8 1
9 1
9 0
9 1
9 0
9 1
8 1
7 1
6 1
6 0
5 0
6 0
7 0
7 1
7 2
6 2
6 1
5 1
5 0
4 0
4 1
5 1
5 0
6 0
6 1
7 1
7 2
7 3
7 4
8 4
9 4
9 3
8 3
7 3
6 3
6 2
5 2
6 2
5 2
4 2
5 2
6 2
5 2
5 3
4 3
4 4
3 4
2 4
2 5
1 5
0 5
1 5
1 4
1 3
0 3
1 3
2 3
2 2
1 2
1 1
2 1
2 0
1 0
2 0
3 0
3 1
3 2
3 3
4 3
4 2
4 3
4 2
5 2
5 1
5 2
5 1
4 1
4 2
3 2
3 1
3 0
3 1
3 0
3 1
4 1
4 2
5 2
6 2
6 1
6 0
6 1
7 1
7 0
7 1
6 1
6 2
7 2
6 2
5 2
6 2
5 2
4 2
4 3
3 3
3 2
3 3
4 3
4 2
4 3
4 2
3 2
4 2
4 1
4 2
5 2
4 2
5 2
5 1
5 0
5 1
4 1
4 2
5 2
6 2
7 2
7 3
7 2
8 2
8 3
8 2
8 1
8 2
7 2
8 2
8 3
8 2
7 2
8 2
7 2
6 2
5 2
5 3
6 3
6 4
7 4
6 4
5 4
5 5
5 4
6 4
6 5
6 6
6 5
5 5
4 5
3 5
3 4
3 3
3 4
3 3
3 4
4 4
4 3
5 3
6 3
7 3
8 3
7 3
6 3
6 4
5 4
6 4
7 4
8 4
8 5
8 6
9 6
8 6
9 6
9 7
9 6
10 6
10 7
10 8
10 7
10 6
11 6
12 6
12 7
12 6
11 6
11 5
10 5
9 5
9 6
9 5
8 5
9 5
10 5
9 5
9 6
10 6
10 7
10 8
11 8
10 8
11 8
12 8
12 9
11 9
12 9
12 10
13 10
12 10
13 10
12 10
12 11
11 11
12 11
11 11
12 11
12 12
11 12
11 13
11 12
12 12
13 12
13 13
13 14
13 13
13 14
13 13
14 13
15 13
15 12
15 13
16 13
17 13
18 13
19 13
19 14
19 15
19 14
18 14
19 14
19 15
19 16
19 17
19 16
19 17
19 16
20 16
20 15
21 15
20 15
20 14
19 14
18 14
18 13
18 12
18 13
19 13
20 13
19 13
19 14
18 14
19 14
19 15
20 15
19 15
19 16
19 17
19 16
19 15
20 15
21 15
21 14
21 15
22 15
22 16
22 17
22 16
23 16
22 16
21 16
20 16
20 15
19 15
19 14
19 13
19 14
18 14
17 14
18 14
18 15
18 16
18 15
17 15
17 14
17 15
17 16
18 16
18 17
18 16
18 15
18 14
18 13
17 13
16 13
17 13
16 13
16 12
17 12
18 12
17 12
17 13
16 13
17 13
17 12
16 12
17 12
16 12
17 12
17 11
18 11
18 10
18 9
17 9
16 9
17 9
17 8
17 9
17 8
17 7
17 8
17 7
17 6
17 7
18 7
17 7
16 7
16 8
17 8
17 9
17 10
17 9
16 9
17 9
18 9
19 9
19 8
20 8
20 7
20 8
21 8
21 9
20 9
20 10
20 9
20 10
20 9
20 8
21 8
21 7
20 7
21 7
21 8
22 8
23 8
23 7
23 8
23 7
24 7
25 7
25 8
25 7
24 7
24 8
24 9
25 9
24 9
23 9
24 9
24 8
24 7
25 7
26 7
26 8
26 9
26 10
26 9
27 9
27 10
28 10
28 9
28 10
28 11
28 10
27 10
27 9
26 9
26 8
26 7
26 6
25 6
25 7
25 8
24 8
24 7
24 8
24 9
25 9
25 8
26 8
26 7
26 8
25 8
25 7
25 6
26 6
27 6
27 5
28 5
28 6
29 6
30 6
30 5
30 4
30 3
31 3
31 2
31 3
31 4
30 4
30 5
31 5
32 5
32 6
32 5
31 5
30 5
29 5
30 5
31 5
32 5
32 6
33 6
33 5
34 5
35 5
36 5
37 5
37 4
37 3
38 3
38 4
38 3
38 2
38 3
37 3
37 2
37 1
38 1
37 1
38 1
38 2
38 1
39 1
39 0
39 1
39 0
40 0
39 0
40 0
40 1
39 1
39 0
39 1
38 1
37 1
36 1
36 2
35 2
35 1
35 0
35 1
34 1
34 0
34 1
34 0
35 0
36 0
35 0
35 1
36 1
37 1
37 0
38 0
38 1
38 0
38 1
39 1
40 1
40 2
40 3
39 3
40 3
40 4
39 4
39 3
40 3
41 3
41 4
41 5
41 6
41 7
42 7
42 6
42 7
42 6
41 6
42 6
43 6
43 5
43 6
42 6
43 6
42 6
42 5
42 4
42 5
41 5
40 5
39 5
39 4
39 3
38 3
38 4
39 4
40 4
39 4
39 5
40 5
41 5
40 5
40 4
40 3
40 2
40 3
40 4
40 3
40 2
41 2
41 1
41 0
41 1
41 2
40 2
39 2
39 1
39 0
39 1
40 1
40 0
40 1
41 1
41 0
42 0
41 0
40 0
39 0
39 1
39 2
40 2
40 3
41 3
40 3
39 3
39 4
40 4
39 4
39 3
39 4
39 3
38 3
38 4
37 4
37 3
36 3
37 3
37 2
36 2
36 1
36 0
36 1
37 1
37 2
38 2
38 3
37 3
37 4
37 5
36 5
35 5
34 5
34 4
34 5
33 5
32 5
32 4
32 5
32 4
32 5
32 4
32 5
32 4
31 4
30 4
30 5
29 5
28 5
28 6
28 5
28 6
28 7
29 7
28 7
28 8
27 8
26 8
26 7
26 8
27 8
27 9
27 8
26 8
26 7
25 7
25 8
25 7
26 7
25 7
24 7
23 7
23 6
23 7
24 7
25 7
26 7
27 7
26 7
25 7
24 7
25 7
25 6
26 6
26 5
26 4
27 4
28 4
27 4
27 5
27 4
27 5
28 5
28 6
29 6
29 7
30 7
29 7
29 8
30 8
29 8
29 9
28 9
27 9
27 8
26 8
26 7
25 7
24 7
25 7
25 6
24 6
23 6
24 6
24 7
24 8
24 9
24 8
24 7
23 7
23 8
23 7
22 7
23 7
24 7
24 6
25 6
24 6
23 6
23 7
23 8
23 7
23 6
23 7
23 8
22 8
22 7
21 7
20 7
20 6
20 5
19 5
20 5
21 5
20 5
20 6
21 6
22 6
23 6
23 7
23 6
22 6
21 6
21 7
21 8
20 8
20 7
20 8
20 9
20 10
20 11
20 10
21 10
21 9
21 10
20 10
20 11
20 12
21 12
21 13
20 13
20 12
19 12
20 12
19 12
18 12
19 12
18 12
19 12
20 12
20 13
21 13
21 12
20 12
19 12
20 12
20 11
19 11
19 10
19 9
18 9
19 9
20 9
19 9
19 10
19 9
19 8
20 8
21 8
20 8
20 7
19 7
19 6
18 6
19 6
19 5
19 4
18 4
18 3
19 3
19 2
18 2
19 2
19 3
18 3
17 3
16 3
17 3
17 4
16 4
15 4
16 4
16 3
15 3
15 4
14 4
14 5
14 6
14 5
14 4
14 3
15 3
14 3
13 3
13 2
13 1
12 1
13 1
12 1
13 1
14 1
15 1
15 0
15 1
15 0
16 0
16 1
17 1
18 1
19 1
19 0
18 0
17 0
17 1
17 0
16 0
16 1
16 2
15 2
