0 0
1 0
1 1
1 0
1 1
1 0
2 0
3 0
4 0
3 0
3 1
3 2
3 3
2 3
2 4
3 4
3 5
2 5
2 4
2 3
2 4
3 4
3 3
4 3
5 3
5 2
6 2
7 2
7 3
6 3
5 3
5 2
5 3
4 3
4 4
4 5
4 4
3 4
4 4
3 4
4 4
4 5
3 5
2 5
2 6
1 6
1 5
0 5
0 4
1 4
1 5
1 6
1 7
0 7
0 8
1 8
2 8
1 8
0 8
0 7
1 7
2 7
2 6
2 5
2 6
3 6
2 6
1 6
0 6
0 5
0 6
1 6
1 7
0 7
0 6
1 6
0 6
1 6
0 6
0 7
0 8
1 8
1 7
2 7
2 6
2 7
1 7
1 6
2 6
1 6
1 7
0 7
0 6
1 6
1 5
1 6
2 6
1 6
0 6
0 5
0 4
1 4
1 5
1 6
2 6
1 6
1 5
0 5
1 5
1 4
1 3
0 3
0 4
0 5
0 6
1 6
0 6
0 7
1 7
1 8
1 9
1 8
0 8
1 8
1 7
0 7
1 7
0 7
1 7
0 7
0 6
0 7
0 6
1 6
1 5
2 5
3 5
3 6
3 5
3 4
3 5
3 6
4 6
4 7
3 7
2 7
3 7
2 7
3 7
3 8
4 8
3 8
4 8
3 8
2 8
1 8
0 8
1 8
1 9
2 9
2 10
2 11
2 12
2 11
3 11
4 11
4 10
3 10
2 10
3 10
2 10
3 10
2 10
2 11
2 10
2 9
3 9
3 10
3 11
4 11
4 12
5 12
5 11
4 11
4 10
4 11
4 10
3 10
3 11
4 11
3 11
4 11
4 12
5 12
5 11
6 11
6 12
6 13
5 13
4 13
4 12
3 12
3 13
4 13
4 14
4 15
4 14
3 14
2 14
2 13
2 14
2 15
1 15
1 14
1 13
1 14
1 15
2 15
1 15
2 15
3 15
3 16
3 17
4 17
4 16
4 17
3 17
3 18
3 17
3 18
4 18
5 18
5 17
6 17
6 18
5 18
5 19
5 20
4 20
3 20
2 20
1 20
0 20
0 21
0 22
1 22
1 21
1 22
2 22
2 23
1 23
1 24
0 24
0 23
1 23
1 22
0 22
1 22
2 22
1 22
1 23
0 23
1 23
1 22
2 22
2 21
3 21
3 20
2 20
2 21
2 22
2 23
2 22
2 21
2 20
3 20
3 19
3 18
4 18
4 19
3 19
2 19
2 20
1 20
2 20
2 21
3 21
2 21
2 22
1 22
2 22
1 22
2 22
1 22
1 21
1 20
1 19
1 18
1 17
1 16
2 16
2 17
3 17
4 17
4 16
4 17
4 18
4 17
4 18
4 17
3 17
3 16
4 16
5 16
5 15
5 16
5 15
5 14
5 15
6 15
5 15
5 16
5 15
5 14
5 15
5 14
5 15
6 15
6 16
6 15
5 15
5 14
5 13
5 12
6 12
5 12
6 12
7 12
6 12
7 12
7 11
8 11
8 10
8 9
7 9
7 8
8 8
8 7
7 7
8 7
7 7
6 7
6 6
6 7
5 7
5 8
6 8
6 7
5 7
5 8
6 8
6 9
5 9
4 9
5 9
4 9
4 8
3 8
4 8
4 7
4 8
3 8
3 9
3 10
3 11
4 11
4 10
4 9
4 10
4 11
5 11
5 12
6 12
6 13
5 13
5 14
4 14
4 15
4 14
3 14
3 15
2 15
2 14
2 15
2 14
1 14
1 15
1 16
0 16
0 17
1 17
2 17
3 17
3 16
3 15
3 14
2 14
1 14
0 14
1 14
1 13
0 13
0 12
1 12
1 11
2 11
2 12
1 12
0 12
1 12
0 12
0 11
0 12
1 12
1 11
1 12
1 13
1 14
0 14
1 14
1 15
1 16
0 16
1 16
1 15
1 16
1 15
1 16
0 16
1 16
1 17
1 18
1 19
2 19
1 19
2 19
2 18
1 18
1 19
1 18
2 18
2 19
3 19
4 19
3 19
4 19
3 19
4 19
4 18
3 18
2 18
2 17
2 16
1 16
1 15
1 16
2 16
3 16
2 16
2 15
3 15
3 16
4 16
5 16
4 16
4 17
5 17
4 17
4 18
4 19
4 20
4 21
5 21
5 22
6 22
6 21
5 21
6 21
5 21
6 21
6 22
7 22
7 21
6 21
6 22
6 21
7 21
7 20
7 21
8 21
7 21
7 20
7 21
7 20
6 20
6 19
6 20
6 21
7 21
6 21
6 20
6 21
6 22
6 23
6 22
6 23
6 22
6 23
6 22
5 22
4 22
4 23
3 23
3 24
2 24
2 25
3 25
4 25
5 25
6 25
6 26
5 26
6 26
7 26
6 26
5 26
4 26
4 25
5 25
4 25
4 26
3 26
3 27
3 28
4 28
5 28
4 28
5 28
5 29
4 29
5 29
6 29
6 30
6 31
6 32
5 32
6 32
6 33
7 33
8 33
9 33
10 33
9 33
9 32
10 32
10 33
10 34
10 33
10 34
11 34
11 35
12 35
11 35
11 36
11 37
11 38
12 38
13 38
14 38
13 38
13 37
14 37
14 38
14 39
15 39
14 39
13 39
14 39
15 39
15 40
16 40
16 41
17 41
17 42
18 42
18 43
19 43
20 43
19 43
20 43
19 43
18 43
18 44
18 45
19 45
19 46
18 46
18 47
17 47
17 46
17 47
17 46
18 46
18 45
18 46
18 47
17 47
18 47
19 47
18 47
18 46
19 46
19 47
20 47
20 48
21 48
20 48
20 47
20 48
20 47
20 48
21 48
20 48
19 48
19 49
19 50
19 51
19 52
20 52
20 51
21 51
20 51
20 52
21 52
21 53
22 53
22 54
22 55
23 55
23 54
23 53
22 53
23 53
24 53
24 54
24 55
24 56
25 56
25 57
26 57
27 57
27 56
27 57
27 58
27 57
26 57
26 58
26 57
25 57
26 57
26 56
26 55
26 54
27 54
26 54
27 54
26 54
26 55
26 56
27 56
27 57
26 57
26 56
27 56
27 57
26 57
27 57
28 57
29 57
29 56
30 56
30 55
31 55
32 55
32 56
32 55
32 54
32 55
31 55
31 56
31 57
31 56
31 57
32 57
31 57
31 58
31 57
31 58
30 58
30 57
31 57
31 58
32 58
32 57
33 57
33 56
33 55
34 55
35 55
35 56
34 56
35 56
36 56
37 56
37 55
38 55
38 54
39 54
39 53
38 53
37 53
37 52
37 51
37 52
36 52
36 51
37 51
37 50
38 50
38 51
37 51
37 52
37 51
38 51
39 51
38 51
38 50
38 49
37 49
36 49
37 49
37 48
37 49
37 50
38 50
38 51
37 51
38 51
38 52
38 51
39 51
39 50
40 50
40 49
39 49
39 50
38 50
38 49
38 48
37 48
37 47
37 46
37 45
38 45
38 46
37 46
37 45
38 45
38 44
38 45
39 45
38 45
38 46
38 47
39 47
40 47
41 47
41 48
41 47
41 48
42 48
42 47
42 48
42 47
41 47
42 47
43 47
44 47
43 47
42 47
41 47
42 47
41 47
42 47
41 47
40 47
41 47
41 48
40 48
40 47
41 47
40 47
41 47
41 46
40 46
40 47
39 47
39 46
38 46
37 46
37 47
37 46
37 45
36 45
36 46
35 46
34 46
34 45
33 45
33 46
33 45
33 46
32 46
32 45
33 45
33 46
34 46
33 46
33 45
32 45
32 44
31 44
31 43
30 43
31 43
32 43
33 43
34 43
35 43
35 44
35 45
36 45
36 44
37 44
36 44
36 43
37 43
38 43
39 43
38 43
38 44
37 44
37 43
37 42
37 43
37 44
37 45
37 46
37 47
36 47
36 46
35 46
34 46
34 47
33 47
33 48
33 49
33 48
33 47
32 47
33 47
33 48
33 49
33 48
34 48
35 48
35 49
35 50
35 49
35 50
35 49
35 48
34 48
34 47
35 47
36 47
37 47
37 46
37 45
38 45
39 45
38 45
38 46
38 45
38 44
38 45
38 46
37 46
38 46
38 47
37 47
38 47
39 47
40 47
40 46
39 46
40 46
40 45
40 46
40 45
40 46
40 45
39 45
39 44
39 45
38 45
37 45
38 45
38 46
38 45
38 44
38 45
37 45
38 45
38 44
39 44
40 44
40 45
39 45
40 45
41 45
40 45
39 45
40 45
40 44
39 44
39 45
38 45
38 46
37 46
37 47
37 46
36 46
36 45
36 46
36 47
36 48
36 47
37 47
36 47
37 47
36 47
37 47
37 46
37 45
36 45
35 45
36 45
36 46
35 46
36 46
37 46
37 45
36 45
36 44
36 45
36 46
37 46
36 46
37 46
36 46
36 45
37 45
38 45
39 45
40 45
40 44
41 44
40 44
41 44
42 44
42 45
41 45
40 45
41 45
42 45
42 44
42 45
41 45
41 44
