0 0
1 0
0 0
0 1
1 1
1 2
1 1
2 1
3 1
3 0
3 1
3 0
3 1
3 0
2 0
3 0
3 1
4 1
4 2
4 3
4 4
4 5
3 5
3 6
3 5
2 5
2 6
3 6
2 6
2 7
1 7
0 7
0 8
0 7
0 8
1 8
1 7
1 8
1 7
1 8
1 7
2 7
2 6
3 6
3 5
4 5
3 5
2 5
1 5
2 5
2 6
3 6
4 6
4 7
4 8
3 8
2 8
1 8
2 8
2 9
2 10
2 11
2 10
3 10
2 10
2 11
2 10
2 9
2 8
2 7
2 6
3 6
3 7
4 7
4 6
4 5
5 5
5 4
6 4
6 3
6 2
6 3
6 4
7 4
7 3
8 3
8 2
7 2
7 1
7 2
8 2
8 1
8 2
8 1
8 2
8 3
7 3
7 4
7 3
8 3
7 3
7 2
8 2
8 3
9 3
8 3
8 2
7 2
7 1
6 1
6 0
6 1
6 0
6 1
7 1
8 1
8 0
7 0
7 1
7 2
7 1
7 0
6 0
7 0
6 0
7 0
7 1
7 0
7 1
8 1
8 0
7 0
8 0
8 1
9 1
8 1
8 2
8 1
8 0
7 0
7 1
6 1
5 1
5 0
5 1
6 1
5 1
6 1
7 1
7 0
7 1
7 2
7 1
7 0
6 0
5 0
6 0
6 1
6 0
7 0
7 1
8 1
8 2
7 2
8 2
8 1
8 2
9 2
9 3
9 2
9 3
8 3
7 3
8 3
9 3
9 2
9 3
9 2
10 2
9 2
9 1
8 1
9 1
9 0
9 1
8 1
8 0
8 1
8 2
8 3
8 2
8 1
8 2
7 2
7 1
7 0
8 0
8 1
8 0
9 0
9 1
9 0
10 0
10 1
11 1
11 2
10 2
11 2
11 1
10 1
10 2
11 2
11 1
10 1
11 1
12 1
13 1
12 1
13 1
14 1
13 1
14 1
14 0
14 1
14 2
15 2
16 2
16 1
16 2
16 3
16 2
16 3
16 4
15 4
16 4
16 5
16 6
17 6
17 5
18 5
17 5
18 5
18 4
19 4
19 3
19 4
18 4
19 4
18 4
17 4
18 4
17 4
18 4
18 5
18 6
17 6
17 5
16 5
17 5
18 5
19 5
18 5
18 6
18 7
19 7
19 8
19 7
19 8
19 9
20 9
20 8
20 9
20 8
21 8
20 8
20 9
20 8
20 9
21 9
20 9
20 8
21 8
22 8
22 7
23 7
22 7
22 8
22 9
21 9
22 9
21 9
21 10
21 9
20 9
19 9
19 8
18 8
19 8
20 8
20 9
20 10
20 9
20 10
20 11
20 10
20 11
20 10
19 10
19 9
19 10
19 9
19 10
20 10
20 9
20 8
20 7
20 6
20 5
21 5
21 4
21 5
20 5
20 6
20 7
20 8
20 9
20 10
20 11
21 11
21 12
22 12
22 11
22 12
23 12
23 13
22 13
22 12
21 12
21 11
22 11
22 12
22 11
22 12
21 12
21 13
22 13
22 14
22 15
21 15
21 16
22 16
22 17
22 18
23 18
23 17
23 18
22 18
22 19
22 20
21 20
20 20
19 20
19 21
19 22
19 21
20 21
20 20
20 19
20 18
20 19
19 19
19 18
18 18
18 17
18 18
18 17
19 17
20 17
20 16
19 16
20 16
20 15
20 16
19 16
19 17
19 18
20 18
20 19
19 19
19 18
20 18
19 18
20 18
19 18
19 17
19 18
19 17
18 17
17 17
17 16
16 16
15 16
14 16
15 16
14 16
14 17
13 17
14 17
14 18
13 18
12 18
12 17
12 16
12 17
13 17
12 17
13 17
14 17
14 18
14 19
13 19
12 19
13 19
12 19
12 20
12 19
11 19
10 19
11 19
10 19
9 19
8 19
7 19
6 19
5 19
5 20
5 21
4 21
5 21
5 22
5 23
5 22
5 23
5 24
5 23
5 24
6 24
5 24
6 24
6 25
5 25
4 25
4 24
3 24
4 24
4 23
4 24
3 24
3 23
4 23
5 23
6 23
6 22
6 21
7 21
7 22
8 22
9 22
9 21
9 22
9 21
9 22
9 21
9 20
9 19
10 19
10 18
9 18
9 19
9 18
10 18
10 17
10 18
9 18
9 19
9 20
10 20
11 20
10 20
9 20
9 19
9 20
8 20
8 21
8 22
8 23
9 23
9 22
10 22
11 22
11 23
10 23
10 22
10 21
10 22
11 22
11 23
12 23
12 22
13 22
14 22
14 21
13 21
13 20
14 20
15 20
15 21
14 21
13 21
13 20
13 19
13 20
13 19
14 19
14 20
14 21
13 21
14 21
13 21
13 20
13 21
13 20
13 19
13 18
13 17
14 17
15 17
15 18
16 18
17 18
17 19
17 20
17 21
17 22
18 22
19 22
19 23
18 23
18 24
17 24
16 24
17 24
18 24
19 24
20 24
20 25
21 25
20 25
20 24
20 23
20 22
19 22
19 23
19 22
19 23
19 22
19 23
19 24
19 25
19 24
20 24
21 24
21 23
20 23
21 23
21 24
20 24
20 25
19 25
18 25
18 24
18 25
18 24
18 23
17 23
17 22
16 22
16 23
16 24
17 24
17 23
16 23
17 23
17 22
17 21
16 21
17 21
17 22
17 23
17 22
18 22
17 22
18 22
18 21
18 22
18 21
18 22
18 23
19 23
20 23
21 23
21 24
22 24
23 24
22 24
22 25
23 25
23 24
23 23
23 22
22 22
21 22
21 21
20 21
19 21
19 22
19 21
20 21
20 22
19 22
20 22
20 21
20 20
21 20
20 20
21 20
22 20
22 19
22 18
23 18
24 18
24 17
23 17
22 17
22 18
23 18
23 17
22 17
21 17
22 17
23 17
22 17
23 17
24 17
23 17
23 18
24 18
23 18
24 18
23 18
24 18
24 17
23 17
23 18
23 19
23 18
23 17
23 18
22 18
21 18
21 19
20 19
21 19
22 19
21 19
21 18
21 17
22 17
23 17
23 16
23 15
24 15
24 14
25 14
25 13
24 13
24 14
25 14
24 14
24 15
24 16
24 15
23 15
22 15
22 14
22 13
23 13
22 13
23 13
23 12
23 11
24 11
24 12
24 11
23 11
23 12
24 12
24 13
24 14
24 15
23 15
22 15
22 16
22 15
22 14
23 14
22 14
23 14
23 15
22 15
23 15
22 15
23 15
23 14
23 13
22 13
23 13
23 14
22 14
22 15
23 15
23 16
24 16
24 17
24 18
25 18
25 19
26 19
27 19
27 18
27 17
26 17
25 17
25 16
26 16
26 15
26 14
27 14
27 15
28 15
28 14
29 14
29 13
28 13
27 13
26 13
26 12
25 12
24 12
23 12
23 11
23 12
23 13
23 14
22 14
22 13
22 14
22 15
21 15
21 14
21 13
22 13
21 13
22 13
22 12
22 13
23 13
22 13
23 13
23 14
23 13
23 12
23 13
23 12
23 11
24 11
24 12
23 12
24 12
24 13
23 13
24 13
25 13
25 12
25 11
26 11
27 11
28 11
29 11
29 10
28 10
27 10
28 10
27 10
27 9
28 9
27 9
27 8
26 8
26 9
26 8
25 8
25 7
25 8
25 7
26 7
25 7
26 7
26 8
26 7
27 7
26 7
26 8
26 7
26 6
27 6
28 6
27 6
27 7
28 7
27 7
28 7
27 7
27 8
27 7
28 7
27 7
26 7
26 6
26 5
26 4
26 5
26 4
26 3
27 3
26 3
26 2
26 3
27 3
27 4
26 4
26 5
26 4
27 4
27 3
27 2
26 2
26 1
26 2
26 1
27 1
27 0
27 1
28 1
28 0
29 0
29 1
30 1
29 1
29 0
29 1
29 0
28 0
27 0
27 1
26 1
27 1
26 1
27 1
27 2
27 3
26 3
26 4
26 5
27 5
27 6
27 7
27 8
28 8
28 9
29 9
29 8
30 8
29 8
28 8
28 7
27 7
26 7
26 8
26 9
25 9
25 10
25 9
24 9
25 9
25 10
26 10
26 11
26 10
27 10
28 10
28 9
28 8
28 7
29 7
29 8
28 8
27 8
26 8
26 7
27 7
26 7
26 6
25 6
26 6
26 5
26 6
26 5
25 5
26 5
26 6
27 6
28 6
27 6
27 5
27 4
28 4
27 4
26 4
27 4
27 3
27 2
28 2
27 2
28 2
28 1
28 0
28 1
27 1
27 0
27 1
27 0
28 0
28 1
28 0
27 0
26 0
26 1
25 1
26 1
25 1
26 1
26 0
27 0
27 1
27 0
27 1
28 1
29 1
30 1
30 2
30 1
30 2
31 2
30 2
30 1
30 0
29 0
30 0
31 0
30 0
30 1
30 2
30 1
29 1
28 1
28 2
29 2
29 3
30 3
31 3
32 3
33 3
33 2
33 3
33 2
33 3
32 3
32 4
32 5
