0 0
0 1
1 1
1 2
1 3
1 2
1 1
1 0
0 0
0 1
1 1
1 2
1 1
2 1
3 1
4 1
3 1
3 2
4 2
5 2
5 3
5 2
6 2
6 3
6 2
5 2
5 3
4 3
3 3
4 3
4 4
4 3
3 3
3 4
4 4
5 4
5 5
5 6
5 7
5 8
5 9
5 10
5 11
5 10
6 10
6 11
6 12
7 12
7 13
6 13
5 13
5 12
4 12
4 13
4 14
4 15
3 15
3 14
3 13
4 13
3 13
3 12
4 12
4 13
4 14
4 15
4 16
5 16
5 17
5 18
4 18
4 17
3 17
3 18
2 18
3 18
4 18
4 19
4 20
5 20
6 20
6 19
6 20
6 21
6 20
5 20
5 21
5 22
6 22
6 21
5 21
6 21
6 20
6 21
5 21
5 22
5 21
5 22
6 22
7 22
6 22
6 23
7 23
7 22
6 22
5 22
5 21
5 22
5 23
5 22
4 22
4 21
3 21
3 22
2 22
2 23
2 22
2 23
2 22
2 21
1 21
1 20
0 20
1 20
0 20
1 20
1 21
1 22
1 21
2 21
1 21
2 21
3 21
4 21
5 21
4 21
5 21
5 22
6 22
6 23
7 23
7 24
6 24
7 24
6 24
6 23
6 24
6 25
6 26
5 26
6 26
6 27
6 26
6 25
6 24
5 24
6 24
6 23
6 24
6 23
7 23
8 23
8 22
8 23
7 23
8 23
7 23
7 22
7 21
6 21
5 21
6 21
5 21
6 21
7 21
7 22
6 22
7 22
7 21
8 21
8 22
9 22
10 22
11 22
12 22
13 22
14 22
14 23
13 23
13 22
13 21
14 21
15 21
16 21
17 21
17 20
16 20
16 21
16 22
16 23
16 24
16 25
16 24
16 25
16 24
15 24
16 24
16 23
17 23
17 24
18 24
18 23
18 24
18 25
19 25
20 25
20 26
20 27
19 27
19 28
20 28
20 29
20 28
19 28
20 28
19 28
19 29
19 30
19 29
20 29
20 30
20 29
20 30
20 31
20 32
21 32
20 32
20 31
20 32
20 31
20 32
20 31
19 31
19 30
19 31
19 30
18 30
19 30
20 30
20 31
19 31
20 31
19 31
18 31
19 31
19 32
18 32
18 31
17 31
18 31
17 31
17 30
17 31
17 32
17 33
16 33
16 34
15 34
14 34
14 35
13 35
13 36
14 36
14 35
15 35
15 34
16 34
15 34
16 34
16 33
17 33
18 33
18 32
18 33
18 32
18 33
18 34
18 35
17 35
16 35
17 35
16 35
16 36
17 36
16 36
17 36
18 36
19 36
20 36
20 35
19 35
19 34
19 35
19 36
18 36
19 36
20 36
19 36
19 37
19 38
19 39
20 39
20 40
19 40
19 39
19 38
19 37
20 37
19 37
18 37
17 37
17 38
16 38
15 38
15 37
16 37
17 37
16 37
15 37
15 38
15 39
14 39
14 40
14 41
13 41
12 41
11 41
10 41
11 41
11 40
11 39
11 40
10 40
11 40
10 40
9 40
8 40
7 40
8 40
8 41
7 41
8 41
9 41
8 41
8 40
8 39
8 38
9 38
10 38
9 38
9 39
9 38
8 38
8 37
7 37
6 37
5 37
5 38
5 39
5 40
5 39
4 39
4 38
4 39
5 39
5 40
5 39
6 39
6 38
7 38
8 38
8 39
7 39
7 40
7 39
8 39
7 39
7 40
8 40
7 40
6 40
5 40
5 41
5 42
5 41
5 40
5 39
6 39
6 38
5 38
6 38
5 38
4 38
5 38
5 37
4 37
4 38
5 38
5 39
6 39
5 39
4 39
5 39
6 39
5 39
6 39
5 39
5 40
5 39
5 38
5 39
5 38
5 39
4 39
4 40
4 39
4 38
4 39
4 38
5 38
6 38
6 37
6 38
6 37
6 36
6 35
6 34
7 34
6 34
7 34
8 34
7 34
6 34
6 35
7 35
7 34
6 34
6 35
7 35
7 36
8 36
9 36
9 37
9 38
9 39
9 38
8 38
8 37
8 38
8 37
7 37
7 36
6 36
6 35
5 35
6 35
6 34
5 34
6 34
6 35
7 35
7 36
7 37
7 36
7 37
7 36
8 36
8 35
9 35
9 34
10 34
10 33
11 33
10 33
10 32
11 32
10 32
10 31
9 31
9 30
10 30
11 30
10 30
9 30
9 31
10 31
10 32
11 32
12 32
11 32
10 32
11 32
12 32
11 32
10 32
9 32
10 32
9 32
9 31
9 32
9 33
8 33
8 32
8 33
8 32
7 32
6 32
7 32
7 33
7 34
6 34
7 34
7 33
8 33
8 34
8 35
8 34
8 35
8 36
7 36
6 36
6 37
6 38
7 38
7 37
6 37
7 37
7 38
7 37
7 36
6 36
6 37
7 37
6 37
6 38
7 38
8 38
8 39
9 39
9 38
9 39
9 40
9 39
8 39
9 39
10 39
10 38
10 39
11 39
11 40
12 40
12 41
12 40
12 39
12 40
12 39
12 38
13 38
14 38
15 38
15 37
15 38
16 38
15 38
14 38
15 38
16 38
16 37
17 37
17 36
18 36
17 36
18 36
18 35
18 34
18 33
17 33
17 32
18 32
18 33
17 33
17 32
16 32
15 32
15 31
15 30
15 31
15 32
14 32
13 32
13 33
14 33
13 33
13 34
13 35
13 34
13 35
13 36
13 37
12 37
12 38
11 38
10 38
9 38
9 37
9 36
8 36
7 36
6 36
6 37
6 38
6 39
5 39
4 39
4 40
4 39
5 39
5 40
5 41
6 41
7 41
6 41
6 42
5 42
4 42
4 43
4 44
4 43
4 44
5 44
5 43
6 43
5 43
6 43
6 44
6 43
5 43
5 42
6 42
7 42
8 42
9 42
9 41
9 40
8 40
8 39
7 39
8 39
8 40
8 39
8 38
8 39
9 39
8 39
8 40
8 39
8 40
9 40
9 41
9 42
8 42
7 42
7 43
6 43
6 44
6 43
6 44
5 44
5 45
5 46
6 46
5 46
5 47
5 46
5 47
4 47
4 48
3 48
4 48
5 48
5 49
5 48
6 48
6 49
6 50
6 51
6 52
5 52
5 53
5 52
5 53
4 53
5 53
4 53
5 53
5 52
6 52
6 51
6 50
6 51
6 50
6 49
7 49
7 48
7 49
8 49
8 48
8 47
9 47
9 46
9 45
10 45
9 45
10 45
11 45
11 44
11 43
10 43
10 42
10 41
9 41
8 41
7 41
7 42
7 43
7 42
7 41
7 40
7 41
7 40
6 40
6 39
5 39
4 39
5 39
4 39
3 39
3 40
3 41
3 40
4 40
5 40
5 39
5 40
4 40
4 39
4 38
5 38
4 38
3 38
3 39
3 40
3 41
2 41
1 41
1 42
1 41
0 41
1 41
1 42
0 42
1 42
1 43
1 42
1 41
0 41
1 41
1 40
1 39
1 40
1 41
2 41
2 42
2 41
2 42
3 42
3 43
3 44
2 44
2 43
3 43
3 42
4 42
4 41
5 41
5 42
5 41
5 42
4 42
3 42
2 42
3 42
2 42
1 42
0 42
0 43
1 43
2 43
2 42
2 41
3 41
4 41
4 40
4 39
4 40
4 39
4 40
3 40
4 40
3 40
2 40
2 39
3 39
4 39
4 38
4 37
4 38
4 39
5 39
6 39
6 40
6 39
6 40
6 39
6 38
6 37
6 38
7 38
7 39
7 38
6 38
6 39
6 40
6 41
6 42
7 42
6 42
6 43
5 43
5 42
6 42
7 42
8 42
9 42
8 42
7 42
6 42
6 41
5 41
6 41
5 41
4 41
4 40
5 40
5 39
5 40
5 39
5 40
5 39
4 39
5 39
4 39
4 38
4 39
3 39
4 39
3 39
3 40
3 41
4 41
4 42
4 43
5 43
6 43
5 43
6 43
6 42
7 42
6 42
5 42
5 43
4 43
3 43
2 43
3 43
3 44
3 43
4 43
4 42
4 41
4 42
4 43
5 43
6 43
6 44
6 45
6 44
5 44
5 43
5 44
4 44
4 43
4 44
4 45
4 44
5 44
5 43
4 43
3 43
3 44
4 44
5 44
5 45
5 44
6 44
6 45
5 45
5 46
5 45
6 45
6 44
7 44
6 44
6 45
7 45
7 44
7 45
7 46
6 46
6 47
7 47
7 46
8 46
7 46
7 45
7 46
7 47
8 47
8 48
8 49
8 50
8 51
8 52
7 52
6 52
7 52
8 52
7 52
8 52
7 52
8 52
8 53
7 53
7 52
7 51
8 51
7 51
6 51
6 50
6 49
6 50
7 50
6 50
6 51
6 52
7 52
7 51
8 51
9 51
10 51
10 50
10 51
11 51
11 52
11 51
11 50
11 51
12 51
12 50
12 49
12 50
13 50
13 51
13 52
13 51
14 51
15 51
15 52
15 51
14 51
