0 0
1 0
0 0
1 0
2 0
3 0
3 1
3 0
4 0
5 0
4 0
4 1
4 2
4 3
4 4
4 5
3 5
4 5
4 6
5 6
5 5
5 4
6 4
5 4
5 5
6 5
5 5
5 4
5 5
5 4
5 3
6 3
7 3
6 3
5 3
4 3
4 4
3 4
4 4
4 5
4 6
4 7
5 7
4 7
4 6
5 6
4 6
5 6
4 6
5 6
4 6
5 6
6 6
6 7
7 7
7 8
8 8
9 8
9 7
9 8
8 8
8 9
7 9
7 10
6 10
6 9
5 9
5 8
4 8
5 8
4 8
3 8
3 9
3 8
3 7
3 8
3 7
3 6
3 5
3 4
2 4
2 3
2 4
3 4
3 5
3 6
3 5
4 5
3 5
2 5
2 6
2 7
3 7
4 7
4 6
5 6
5 5
6 5
6 6
5 6
6 6
5 6
4 6
3 6
2 6
2 7
2 6
2 7
2 6
2 7
3 7
3 8
2 8
2 9
2 10
2 11
1 11
1 12
2 12
2 13
3 13
4 13
3 13
2 13
3 13
2 13
2 14
2 15
2 16
2 15
3 15
3 14
3 13
3 14
2 14
2 13
1 13
1 12
1 13
2 13
1 13
2 13
1 13
0 13
1 13
2 13
2 14
1 14
2 14
2 13
1 13
0 13
1 13
2 13
1 13
0 13
0 14
1 14
2 14
2 13
2 12
3 12
3 13
3 14
2 14
2 15
1 15
1 14
1 13
1 14
1 15
1 14
2 14
3 14
4 14
4 13
3 13
3 12
2 12
2 13
2 14
2 15
3 15
4 15
4 16
4 15
3 15
2 15
2 16
1 16
0 16
0 17
1 17
1 18
0 18
1 18
1 19
1 18
1 19
1 18
2 18
1 18
1 19
1 20
1 21
2 21
2 22
3 22
2 22
2 21
1 21
1 22
2 22
2 21
2 20
1 20
1 19
1 18
1 19
1 20
1 21
1 22
1 21
1 20
2 20
1 20
2 20
2 19
2 18
2 17
2 18
3 18
3 19
3 20
3 21
2 21
2 20
3 20
2 20
2 21
1 21
0 21
1 21
0 21
0 20
1 20
1 21
2 21
1 21
1 20
1 21
1 22
2 22
2 23
2 22
2 21
2 20
1 20
1 19
1 18
1 19
1 18
1 19
2 19
2 18
3 18
4 18
3 18
4 18
3 18
3 19
3 18
2 18
2 17
3 17
3 16
2 16
2 17
1 17
2 17
1 17
1 18
0 18
1 18
1 19
0 19
1 19
1 18
0 18
1 18
1 17
1 18
0 18
0 17
1 17
2 17
2 16
3 16
4 16
4 17
5 17
6 17
6 16
6 17
7 17
7 16
7 17
7 16
8 16
9 16
9 17
9 16
8 16
9 16
9 15
8 15
7 15
7 16
6 16
5 16
4 16
3 16
4 16
4 17
4 18
4 19
4 20
4 19
3 19
3 20
4 20
4 19
3 19
2 19
2 20
3 20
3 21
4 21
5 21
5 22
5 21
5 20
5 19
4 19
5 19
5 20
6 20
5 20
6 20
7 20
6 20
6 21
5 21
5 20
6 20
6 19
7 19
8 19
7 19
7 18
6 18
6 19
5 19
5 20
5 21
4 21
4 22
4 21
4 22
3 22
3 21
4 21
4 20
4 21
3 21
2 21
1 21
1 20
1 21
1 22
0 22
0 21
1 21
0 21
0 22
0 21
0 20
1 20
1 21
1 20
1 19
1 20
1 21
1 20
0 20
1 20
0 20
1 20
0 20
1 20
2 20
1 20
1 21
1 22
0 22
0 23
1 23
2 23
3 23
3 24
3 23
3 24
4 24
3 24
3 25
3 26
3 25
2 25
3 25
3 24
4 24
4 23
4 22
3 22
3 23
2 23
3 23
4 23
4 24
3 24
3 23
3 24
4 24
4 25
4 26
5 26
5 25
6 25
5 25
6 25
6 26
6 25
7 25
7 24
8 24
8 23
8 24
9 24
9 25
10 25
9 25
10 25
11 25
10 25
9 25
10 25
10 24
10 23
10 24
9 24
8 24
8 25
9 25
8 25
7 25
7 26
7 25
6 25
7 25
6 25
6 24
5 24
5 23
6 23
5 23
6 23
6 22
5 22
4 22
3 22
4 22
5 22
5 21
5 22
5 21
6 21
6 22
5 22
5 21
5 20
5 19
5 20
5 21
4 21
5 21
5 20
6 20
5 20
4 20
3 20
2 20
2 21
3 21
2 21
2 22
3 22
3 21
3 20
2 20
3 20
2 20
1 20
1 19
1 20
2 20
3 20
3 19
2 19
2 20
1 20
2 20
2 21
1 21
1 22
1 21
1 20
2 20
3 20
3 19
4 19
4 18
5 18
6 18
6 17
5 17
4 17
3 17
4 17
4 16
4 17
3 17
4 17
5 17
6 17
6 18
6 19
7 19
6 19
5 19
4 19
4 20
5 20
5 19
5 20
4 20
5 20
4 20
4 21
3 21
3 22
3 23
2 23
1 23
2 23
2 24
2 25
3 25
3 24
2 24
2 25
2 24
3 24
4 24
4 23
4 22
4 23
4 22
4 23
5 23
5 22
5 21
5 22
5 23
5 24
6 24
6 25
5 25
5 26
4 26
3 26
2 26
2 25
1 25
1 26
2 26
2 27
2 28
1 28
1 29
2 29
1 29
0 29
0 30
0 31
0 32
1 32
0 32
1 32
1 33
2 33
3 33
4 33
5 33
4 33
4 34
4 33
5 33
5 32
5 31
5 32
4 32
4 33
4 32
3 32
2 32
3 32
4 32
4 33
4 34
3 34
4 34
5 34
5 35
5 36
4 36
4 35
5 35
6 35
6 36
5 36
4 36
5 36
5 37
4 37
4 38
4 37
5 37
5 38
5 37
5 36
6 36
7 36
6 36
5 36
5 37
4 37
4 36
3 36
2 36
2 37
1 37
2 37
1 37
1 38
2 38
3 38
3 37
2 37
2 38
2 37
2 38
3 38
3 37
3 38
3 39
3 40
4 40
3 40
3 39
2 39
2 38
1 38
1 39
0 39
1 39
0 39
0 40
0 41
0 40
1 40
1 41
1 40
2 40
2 41
1 41
2 41
2 40
1 40
2 40
3 40
3 41
3 40
4 40
4 41
4 40
3 40
2 40
3 40
3 39
3 38
4 38
4 37
4 38
4 37
3 37
3 36
4 36
4 35
5 35
5 36
4 36
4 37
3 37
2 37
3 37
2 37
2 36
1 36
1 35
2 35
3 35
3 36
4 36
3 36
3 37
3 38
2 38
2 37
2 38
2 37
1 37
1 36
0 36
1 36
0 36
0 35
1 35
1 36
2 36
2 37
2 36
2 35
3 35
3 36
4 36
4 37
4 38
3 38
3 37
3 38
3 37
3 38
2 38
2 37
1 37
1 38
1 37
1 36
1 37
0 37
1 37
1 38
1 37
0 37
0 36
0 35
0 36
1 36
1 37
0 37
0 38
1 38
1 39
0 39
0 40
1 40
1 39
1 38
2 38
3 38
3 37
4 37
3 37
3 36
4 36
3 36
3 37
4 37
5 37
5 38
5 37
5 38
4 38
5 38
6 38
6 39
6 38
6 39
6 40
7 40
8 40
7 40
6 40
6 39
6 40
6 41
6 40
5 40
5 41
5 42
5 43
5 44
4 44
4 43
4 42
4 41
4 42
4 41
4 42
5 42
5 41
6 41
6 40
6 39
6 38
7 38
7 37
8 37
8 36
9 36
10 36
11 36
11 37
12 37
13 37
13 36
12 36
11 36
10 36
10 37
10 36
11 36
11 37
12 37
12 38
12 39
12 40
13 40
12 40
11 40
11 39
12 39
11 39
11 38
12 38
12 39
13 39
12 39
11 39
11 40
11 41
11 40
11 39
12 39
13 39
13 40
12 40
12 39
12 40
12 41
12 40
11 40
12 40
11 40
10 40
10 39
11 39
12 39
13 39
13 40
13 39
14 39
14 38
15 38
16 38
16 37
17 37
16 37
16 38
15 38
15 39
15 38
15 37
15 38
15 37
14 37
13 37
14 37
14 36
13 36
13 37
14 37
15 37
15 36
16 36
15 36
15 35
16 35
16 34
16 33
15 33
16 33
16 34
17 34
18 34
19 34
19 35
19 34
19 33
20 33
19 33
18 33
18 32
18 33
17 33
17 32
18 32
19 32
19 33
18 33
18 32
19 32
19 31
19 32
18 32
19 32
19 31
20 31
20 30
20 31
20 32
20 31
20 32
20 33
21 33
21 34
21 35
20 35
21 35
20 35
19 35
19 36
19 37
18 37
18 38
17 38
18 38
18 37
18 38
18 37
18 38
17 38
16 38
16 37
15 37
15 36
16 36
15 36
15 35
14 35
13 35
13 36
12 36
12 35
13 35
13 34
13 35
13 36
12 36
12 37
12 36
12 35
12 34
12 35
13 35
12 35
13 35
12 35
12 34
12 35
