0 0
1 0
2 0
1 0
1 1
2 1
3 1
3 2
4 2
5 2
5 3
4 3
3 3
3 4
2 4
2 3
1 3
2 3
2 2
3 2
3 1
4 1
5 1
4 1
5 1
5 0
6 0
5 0
5 1
5 2
5 1
4 1
4 2
5 2
6 2
5 2
5 3
4 3
3 3
3 4
2 4
1 4
1 3
0 3
0 4
1 4
1 3
1 2
0 2
1 2
1 3
1 2
1 1
2 1
2 0
3 0
3 1
3 2
3 1
3 2
4 2
5 2
5 1
5 0
5 1
4 1
4 2
3 2
2 2
1 2
1 3
2 3
3 3
3 4
3 5
3 6
2 6
2 5
3 5
3 6
3 5
4 5
3 5
3 4
3 5
2 5
2 6
1 6
2 6
2 7
3 7
3 8
4 8
5 8
5 9
5 8
5 9
4 9
3 9
3 10
2 10
1 10
1 9
0 9
1 9
0 9
1 9
2 9
1 9
1 10
0 10
0 9
0 10
1 10
1 11
2 11
3 11
3 12
2 12
2 13
2 14
2 15
3 15
4 15
4 14
5 14
6 14
7 14
7 15
7 14
7 15
7 16
7 17
7 16
6 16
6 17
7 17
6 17
7 17
7 18
7 19
6 19
5 19
5 20
4 20
3 20
3 21
3 20
3 21
2 21
1 21
1 22
1 21
1 20
2 20
2 21
3 21
2 21
3 21
4 21
4 22
4 23
4 22
3 22
2 22
2 23
1 23
1 22
2 22
2 21
2 22
1 22
1 21
1 20
1 21
1 22
2 22
1 22
1 23
1 22
1 23
2 23
2 22
1 22
2 22
1 22
1 23
1 22
2 22
3 22
2 22
2 21
3 21
3 20
3 21
4 21
3 21
3 20
2 20
3 20
4 20
4 19
4 18
3 18
3 19
4 19
4 18
4 17
3 17
3 18
3 17
2 17
1 17
1 18
0 18
0 17
1 17
1 18
2 18
2 17
2 18
2 19
3 19
3 20
4 20
4 19
4 18
4 19
4 18
4 19
4 20
5 20
4 20
4 19
3 19
4 19
3 19
3 18
4 18
3 18
3 19
4 19
3 19
4 19
4 18
5 18
6 18
5 18
6 18
7 18
7 19
7 18
8 18
8 19
7 19
7 20
7 21
8 21
7 21
6 21
7 21
6 21
7 21
8 21
9 21
10 21
10 20
10 21
10 20
10 21
11 21
11 22
11 21
11 22
11 23
10 23
9 23
8 23
9 23
10 23
9 23
10 23
10 22
11 22
12 22
12 21
12 22
11 22
10 22
10 23
9 23
8 23
9 23
9 24
8 24
8 25
8 26
7 26
7 25
8 25
7 25
7 26
7 27
6 27
6 26
6 25
6 26
5 26
5 25
5 24
4 24
4 23
4 22
4 21
5 21
5 22
6 22
5 22
5 21
5 22
4 22
4 21
3 21
4 21
4 22
5 22
5 21
4 21
4 22
3 22
2 22
2 23
2 24
3 24
4 24
4 25
3 25
4 25
3 25
2 25
2 26
1 26
1 25
1 24
1 25
1 26
2 26
2 25
2 24
3 24
4 24
3 24
3 23
4 23
4 24
4 23
4 22
3 22
4 22
3 22
4 22
4 21
5 21
5 20
5 19
5 20
5 19
5 20
5 21
5 22
5 23
6 23
6 24
6 23
6 24
6 25
6 26
6 27
6 28
6 27
5 27
5 26
5 25
5 26
4 26
3 26
3 27
3 28
3 27
3 28
3 27
4 27
4 26
5 26
5 27
4 27
3 27
4 27
4 28
4 29
3 29
3 28
4 28
4 27
5 27
4 27
5 27
6 27
7 27
6 27
7 27
6 27
7 27
6 27
7 27
6 27
6 26
7 26
7 25
7 26
7 25
8 25
8 24
9 24
10 24
10 25
10 24
10 23
10 22
11 22
11 23
12 23
12 22
12 21
12 20
12 21
12 20
12 21
12 22
11 22
11 21
11 22
10 22
10 23
9 23
9 22
9 23
9 24
9 23
9 24
9 23
9 22
10 22
9 22
8 22
8 21
9 21
9 22
8 22
7 22
7 21
7 20
7 21
8 21
9 21
10 21
11 21
11 20
12 20
12 21
11 21
11 22
11 23
11 22
12 22
12 21
11 21
11 20
12 20
13 20
13 19
14 19
15 19
14 19
13 19
12 19
12 18
11 18
10 18
10 19
9 19
9 20
9 21
8 21
8 22
8 23
8 22
8 21
8 20
8 21
8 20
7 20
6 20
5 20
5 21
5 22
6 22
6 23
6 22
7 22
7 21
7 22
7 23
7 24
6 24
5 24
5 25
4 25
4 24
5 24
5 23
5 24
6 24
6 25
6 26
6 27
6 28
7 28
7 29
7 28
7 27
6 27
5 27
6 27
7 27
7 26
6 26
5 26
4 26
4 25
3 25
3 26
2 26
1 26
1 27
1 26
0 26
1 26
1 27
1 26
1 27
0 27
0 26
0 27
1 27
1 28
2 28
3 28
3 27
4 27
4 28
3 28
3 27
4 27
3 27
3 26
4 26
3 26
4 26
5 26
5 27
5 28
6 28
6 27
7 27
7 28
8 28
9 28
9 29
10 29
10 30
10 29
10 28
11 28
11 27
11 26
11 27
10 27
10 26
10 27
10 28
10 29
11 29
10 29
10 30
10 31
10 30
10 31
10 30
11 30
12 30
12 31
13 31
12 31
11 31
11 32
12 32
11 32
12 32
12 31
11 31
11 30
11 31
12 31
13 31
12 31
12 32
11 32
10 32
11 32
12 32
12 33
12 34
13 34
14 34
13 34
13 33
13 32
12 32
11 32
11 31
11 32
10 32
10 31
11 31
10 31
10 32
9 32
10 32
9 32
9 31
10 31
10 32
10 31
11 31
12 31
11 31
11 30
12 30
13 30
12 30
13 30
14 30
14 29
14 30
14 31
15 31
14 31
13 31
12 31
12 30
13 30
13 31
13 32
13 31
12 31
12 32
12 33
12 34
12 35
12 34
13 34
14 34
14 35
13 35
14 35
14 34
13 34
13 33
13 34
14 34
15 34
15 35
16 35
16 36
16 35
15 35
15 34
14 34
13 34
14 34
14 33
14 32
14 31
15 31
15 30
16 30
17 30
18 30
18 29
18 30
18 31
18 32
18 33
17 33
18 33
17 33
17 34
17 35
17 36
17 37
17 38
17 37
16 37
15 37
14 37
14 36
13 36
14 36
14 35
14 36
14 37
13 37
13 36
13 35
14 35
14 34
15 34
14 34
14 35
13 35
12 35
12 36
11 36
10 36
11 36
11 37
11 38
11 39
12 39
13 39
12 39
12 38
11 38
12 38
12 39
12 40
11 40
11 39
12 39
13 39
13 40
12 40
12 41
13 41
13 40
13 39
13 38
14 38
13 38
14 38
14 39
15 39
15 38
14 38
14 37
15 37
15 38
16 38
17 38
18 38
18 37
19 37
19 36
19 37
20 37
21 37
21 36
22 36
22 35
22 34
22 35
22 34
23 34
24 34
24 35
24 36
24 37
24 38
24 39
25 39
26 39
25 39
25 38
25 37
25 38
26 38
26 39
27 39
26 39
26 40
26 41
26 42
27 42
27 41
26 41
25 41
26 41
27 41
26 41
26 40
25 40
24 40
23 40
24 40
24 41
24 40
23 40
23 41
24 41
25 41
25 40
25 41
25 40
26 40
25 40
25 41
25 42
25 41
24 41
23 41
24 41
24 40
24 41
25 41
25 42
25 41
25 42
24 42
25 42
25 43
26 43
26 42
26 43
26 44
25 44
25 45
26 45
27 45
28 45
28 46
29 46
29 47
29 48
29 49
30 49
30 48
30 49
31 49
30 49
30 50
30 51
30 52
30 51
31 51
31 50
30 50
30 49
29 49
29 50
30 50
29 50
28 50
29 50
28 50
28 51
27 51
27 52
27 53
28 53
28 52
28 53
28 52
28 53
29 53
29 54
29 55
29 56
29 55
29 56
30 56
30 57
29 57
29 56
29 55
30 55
29 55
28 55
27 55
28 55
29 55
28 55
27 55
27 54
27 55
26 55
26 56
27 56
28 56
27 56
26 56
25 56
26 56
25 56
25 55
25 54
24 54
24 55
25 55
25 56
25 55
24 55
24 54
25 54
25 53
26 53
26 54
26 55
25 55
25 56
26 56
25 56
25 57
24 57
24 56
24 57
23 57
22 57
23 57
23 56
22 56
22 55
22 56
22 55
21 55
20 55
19 55
20 55
21 55
20 55
21 55
21 56
20 56
21 56
21 55
21 54
21 53
20 53
21 53
21 52
21 53
21 54
22 54
22 55
22 54
23 54
23 53
24 53
23 53
23 52
23 51
24 51
25 51
24 51
24 50
24 51
24 52
25 52
25 51
25 52
25 51
25 50
24 50
23 50
24 50
25 50
25 51
25 52
25 53
24 53
23 53
23 54
23 55
22 55
22 56
22 57
23 57
24 57
25 57
25 58
