0 0
1 0
2 0
3 0
3 1
4 1
4 0
4 1
3 1
4 1
5 1
4 1
5 1
4 1
3 1
4 1
4 0
4 1
4 0
3 0
4 0
3 0
3 1
3 2
3 3
3 2
4 2
4 1
4 2
4 3
5 3
5 4
5 3
6 3
7 3
8 3
7 3
6 3
5 3
6 3
5 3
4 3
4 4
5 4
6 4
7 4
7 3
7 2
7 3
8 3
9 3
8 3
9 3
9 4
9 3
10 3
10 4
10 3
11 3
12 3
12 2
13 2
14 2
14 3
14 4
13 4
13 5
12 5
13 5
13 4
12 4
12 5
11 5
11 6
11 5
11 4
11 3
11 4
11 3
10 3
10 4
10 5
9 5
9 4
9 5
10 5
10 6
9 6
10 6
11 6
12 6
12 7
13 7
13 6
14 6
13 6
12 6
13 6
12 6
11 6
12 6
11 6
11 5
12 5
11 5
12 5
12 4
11 4
11 3
11 2
11 1
10 1
10 0
10 1
9 1
9 2
10 2
10 1
11 1
11 0
12 0
11 0
12 0
13 0
12 0
11 0
10 0
9 0
10 0
11 0
12 0
13 0
12 0
12 1
13 1
13 0
13 1
12 1
12 2
12 1
12 2
12 1
12 0
12 1
11 1
11 2
11 3
11 4
11 5
12 5
12 4
12 3
12 2
12 3
11 3
11 2
11 3
11 2
10 2
11 2
11 1
12 1
12 0
12 1
12 2
13 2
14 2
15 2
15 3
15 4
15 5
15 6
15 7
15 8
15 9
15 10
14 10
14 9
15 9
16 9
16 10
17 10
18 10
18 9
18 8
17 8
18 8
17 8
17 7
16 7
16 8
17 8
16 8
15 8
15 9
14 9
15 9
14 9
15 9
16 9
15 9
16 9
16 8
17 8
17 9
18 9
19 9
19 10
19 9
19 10
19 11
18 11
17 11
17 12
17 13
17 14
17 13
18 13
18 12
18 13
18 14
18 15
19 15
19 16
18 16
19 16
18 16
17 16
17 17
17 16
16 16
15 16
16 16
16 17
17 17
18 17
17 17
17 16
16 16
16 17
15 17
16 17
16 18
16 19
15 19
16 19
15 19
14 19
15 19
16 19
16 18
16 17
16 18
16 17
16 16
17 16
17 17
17 16
17 17
17 18
17 17
16 17
16 18
15 18
15 19
16 19
15 19
14 19
13 19
13 18
14 18
15 18
15 17
16 17
16 16
15 16
16 16
16 15
16 14
15 14
15 15
16 15
16 16
16 17
15 17
15 16
15 15
16 15
15 15
15 14
16 14
15 14
15 13
14 13
14 14
14 15
13 15
14 15
14 16
14 15
13 15
13 14
12 14
13 14
12 14
11 14
10 14
10 13
9 13
10 13
10 14
9 14
8 14
8 13
8 12
8 13
8 14
9 14
9 15
9 16
10 16
9 16
9 17
9 18
9 17
10 17
10 16
11 16
10 16
11 16
11 15
11 16
12 16
11 16
11 17
12 17
12 16
12 15
12 16
13 16
13 17
14 17
13 17
14 17
14 18
14 17
13 17
13 18
12 18
13 18
12 18
11 18
12 18
12 19
12 20
12 21
11 21
11 20
12 20
12 19
11 19
11 20
12 20
11 20
12 20
13 20
13 19
13 18
13 19
14 19
14 20
14 19
14 20
14 21
13 21
12 21
13 21
12 21
11 21
10 21
11 21
12 21
13 21
12 21
12 22
11 22
11 21
12 21
12 22
13 22
14 22
14 21
15 21
16 21
17 21
17 20
17 21
16 21
16 22
17 22
18 22
18 23
17 23
18 23
18 24
19 24
19 25
19 26
20 26
20 27
20 26
21 26
21 25
22 25
23 25
22 25
23 25
23 26
23 27
23 28
23 29
24 29
24 30
25 30
25 29
25 28
25 29
25 30
24 30
24 29
25 29
25 28
26 28
25 28
24 28
24 29
25 29
25 30
26 30
26 29
25 29
24 29
23 29
23 28
23 29
24 29
24 30
23 30
23 31
23 32
22 32
22 33
22 32
23 32
24 32
25 32
25 31
24 31
23 31
23 30
22 30
22 31
22 30
22 31
22 30
23 30
24 30
24 31
23 31
23 32
23 31
24 31
24 32
23 32
22 32
22 31
22 32
22 31
23 31
23 30
23 29
23 30
24 30
23 30
23 29
24 29
24 28
24 29
23 29
23 30
24 30
24 31
24 30
23 30
24 30
23 30
23 29
23 28
22 28
22 29
22 30
22 29
21 29
20 29
20 30
21 30
20 30
20 31
20 32
19 32
18 32
18 33
17 33
17 34
16 34
16 33
16 34
17 34
18 34
18 35
18 36
18 37
17 37
18 37
18 36
17 36
17 37
16 37
15 37
15 38
15 37
16 37
17 37
16 37
16 36
15 36
16 36
16 37
17 37
18 37
18 38
19 38
18 38
19 38
18 38
18 37
17 37
16 37
15 37
14 37
15 37
16 37
16 38
15 38
16 38
17 38
17 39
17 40
17 41
17 42
17 43
16 43
16 42
16 43
15 43
16 43
17 43
17 42
17 41
16 41
17 41
17 42
16 42
15 42
14 42
14 43
15 43
16 43
15 43
14 43
13 43
14 43
14 42
15 42
14 42
13 42
14 42
14 41
15 41
15 42
15 41
15 42
14 42
14 41
14 40
15 40
16 40
16 39
15 39
15 38
15 39
15 40
16 40
15 40
15 39
15 40
15 41
15 42
15 43
14 43
14 44
15 44
16 44
16 45
16 46
16 47
17 47
17 46
17 47
16 47
17 47
17 46
17 45
17 46
16 46
17 46
17 47
16 47
15 47
15 48
15 47
15 48
15 47
14 47
14 46
14 45
13 45
14 45
13 45
13 46
14 46
13 46
13 47
14 47
13 47
12 47
11 47
10 47
9 47
9 48
9 47
9 48
10 48
10 47
10 48
11 48
12 48
12 47
11 47
11 48
10 48
11 48
12 48
11 48
12 48
11 48
10 48
10 49
9 49
9 50
10 50
9 50
9 49
9 50
8 50
7 50
6 50
7 50
8 50
8 51
8 50
8 49
9 49
9 50
10 50
11 50
11 51
10 51
11 51
12 51
12 50
12 49
13 49
13 50
13 51
12 51
12 52
13 52
12 52
12 53
12 54
12 55
12 54
12 55
12 56
12 57
13 57
12 57
11 57
12 57
11 57
10 57
10 58
10 57
10 56
11 56
10 56
11 56
11 57
12 57
11 57
10 57
10 58
10 57
10 56
10 57
10 58
9 58
8 58
8 59
9 59
8 59
9 59
9 58
9 59
9 58
9 57
9 58
8 58
7 58
7 57
6 57
7 57
6 57
7 57
8 57
9 57
10 57
10 58
9 58
9 59
8 59
9 59
9 60
9 59
9 58
8 58
8 57
7 57
8 57
8 56
9 56
9 57
10 57
11 57
10 57
10 58
9 58
8 58
8 57
9 57
10 57
10 58
10 57
9 57
10 57
10 56
9 56
9 55
9 54
9 53
9 52
9 51
10 51
10 52
10 53
10 54
9 54
8 54
9 54
10 54
11 54
11 53
10 53
10 54
11 54
10 54
11 54
11 55
10 55
9 55
8 55
9 55
9 54
9 53
8 53
9 53
9 54
9 53
8 53
7 53
6 53
6 52
6 51
7 51
7 50
7 49
7 48
6 48
6 47
6 48
7 48
8 48
9 48
10 48
10 49
10 48
10 47
10 46
10 45
10 44
10 43
9 43
9 42
9 41
10 41
10 42
10 43
10 44
11 44
10 44
9 44
8 44
9 44
8 44
8 43
8 42
8 43
7 43
7 44
7 43
6 43
5 43
4 43
4 44
4 43
3 43
3 42
4 42
5 42
5 43
4 43
3 43
3 42
2 42
1 42
1 43
0 43
0 44
1 44
0 44
0 45
0 46
1 46
1 45
2 45
3 45
3 46
3 47
4 47
4 48
4 49
5 49
6 49
6 48
6 49
7 49
7 50
7 49
8 49
9 49
10 49
9 49
9 48
9 47
9 48
9 49
9 48
8 48
8 49
9 49
10 49
10 48
10 49
10 50
10 51
9 51
10 51
9 51
10 51
10 50
10 51
10 50
10 51
10 52
11 52
11 53
11 54
12 54
11 54
11 55
10 55
11 55
11 56
12 56
13 56
13 55
12 55
11 55
12 55
12 56
13 56
13 55
12 55
12 54
12 55
11 55
11 54
11 53
11 54
10 54
10 53
9 53
10 53
11 53
11 54
12 54
11 54
11 53
10 53
10 52
10 53
9 53
9 52
9 51
10 51
10 50
11 50
11 49
11 48
11 47
12 47
12 48
13 48
13 47
13 48
14 48
13 48
13 49
13 50
14 50
14 51
15 51
14 51
14 50
14 51
13 51
13 50
13 49
14 49
13 49
13 50
13 51
13 52
14 52
13 52
12 52
11 52
12 52
12 53
13 53
13 54
12 54
11 54
11 53
11 54
11 55
11 54
11 53
10 53
