0 0
1 0
2 0
2 1
1 1
1 0
0 0
1 0
2 0
3 0
3 1
3 0
4 0
4 1
5 1
5 2
6 2
7 2
8 2
9 2
10 2
11 2
11 1
11 2
10 2
10 1
9 1
9 2
8 2
9 2
8 2
7 2
6 2
7 2
7 1
7 0
7 1
6 1
5 1
6 1
6 2
6 1
6 0
5 0
4 0
4 1
4 0
4 1
4 0
3 0
3 1
2 1
2 0
3 0
3 1
3 2
3 3
2 3
3 3
2 3
2 2
1 2
0 2
1 2
0 2
0 3
0 4
1 4
2 4
2 3
1 3
2 3
1 3
0 3
1 3
0 3
1 3
1 2
1 3
1 2
1 1
1 0
2 0
2 1
2 0
3 0
3 1
4 1
3 1
2 1
1 1
1 2
0 2
1 2
1 1
0 1
0 2
1 2
2 2
1 2
0 2
1 2
1 1
0 1
0 0
1 0
1 1
2 1
1 1
0 1
0 2
1 2
0 2
0 3
1 3
0 3
1 3
1 4
1 5
0 5
0 6
0 7
1 7
1 8
2 8
1 8
1 9
1 10
1 11
0 11
1 11
0 11
1 11
1 12
2 12
3 12
4 12
5 12
5 13
4 13
5 13
4 13
5 13
5 14
4 14
4 15
4 16
5 16
5 17
4 17
5 17
5 16
5 15
5 16
6 16
5 16
6 16
7 16
7 15
7 14
7 15
7 16
8 16
7 16
8 16
9 16
9 15
9 16
10 16
10 15
11 15
12 15
12 14
11 14
10 14
9 14
9 15
8 15
9 15
10 15
10 16
11 16
12 16
13 16
12 16
12 17
12 16
13 16
13 17
13 16
12 16
12 15
11 15
10 15
9 15
8 15
9 15
10 15
10 16
10 17
11 17
11 18
11 17
10 17
11 17
12 17
13 17
13 18
12 18
13 18
14 18
14 19
13 19
13 20
13 19
13 18
14 18
13 18
13 17
14 17
14 18
15 18
15 17
14 17
14 16
15 16
14 16
14 17
14 16
14 15
15 15
14 15
14 14
13 14
14 14
14 15
13 15
14 15
14 16
14 15
15 15
14 15
14 16
13 16
14 16
14 17
14 16
13 16
12 16
13 16
13 15
12 15
11 15
11 16
11 15
12 15
11 15
11 14
11 15
11 14
10 14
10 15
9 15
8 15
8 14
8 15
7 15
6 15
7 15
8 15
7 15
6 15
7 15
7 14
7 15
7 16
6 16
7 16
6 16
7 16
8 16
9 16
8 16
7 16
8 16
7 16
6 16
5 16
4 16
4 17
5 17
5 18
6 18
5 18
6 18
5 18
5 19
5 18
4 18
4 19
3 19
3 18
4 18
3 18
4 18
4 19
4 20
4 21
4 22
4 23
4 24
4 25
3 25
2 25
2 24
3 24
3 25
3 24
3 25
3 26
4 26
4 27
4 26
3 26
3 27
3 28
2 28
2 27
2 26
3 26
4 26
5 26
6 26
5 26
4 26
3 26
3 25
3 26
3 27
2 27
1 27
2 27
2 26
2 25
2 26
2 27
3 27
4 27
5 27
4 27
4 28
3 28
3 29
2 29
3 29
3 30
2 30
3 30
3 29
2 29
2 28
2 29
1 29
1 30
1 31
1 32
1 33
1 32
2 32
2 31
2 32
2 31
1 31
2 31
2 32
2 31
2 32
1 32
2 32
2 33
3 33
4 33
3 33
4 33
3 33
3 32
4 32
3 32
4 32
4 33
3 33
3 32
2 32
1 32
2 32
3 32
4 32
4 33
5 33
4 33
4 32
5 32
6 32
6 33
7 33
6 33
6 34
6 33
6 32
6 31
6 32
7 32
7 31
7 30
8 30
9 30
10 30
10 29
10 30
10 29
11 29
12 29
12 30
12 31
12 30
12 31
12 32
13 32
14 32
14 31
14 32
15 32
15 31
14 31
15 31
14 31
15 31
15 32
15 33
15 34
15 33
15 32
16 32
16 31
16 32
17 32
18 32
18 31
19 31
19 30
20 30
20 31
20 32
20 31
20 30
20 31
19 31
18 31
17 31
16 31
15 31
16 31
16 32
16 33
16 32
17 32
17 31
17 32
16 32
15 32
15 31
15 32
15 31
15 32
15 31
15 32
15 33
14 33
14 34
13 34
13 35
12 35
13 35
13 34
14 34
14 33
13 33
12 33
12 34
12 33
12 32
12 31
12 32
12 31
12 30
12 31
12 32
13 32
12 32
12 31
11 31
11 32
12 32
11 32
10 32
10 33
11 33
10 33
10 34
9 34
9 33
10 33
11 33
11 32
11 33
10 33
9 33
9 32
9 33
10 33
9 33
9 34
10 34
9 34
8 34
8 33
9 33
10 33
9 33
8 33
9 33
9 32
9 31
9 32
8 32
8 31
7 31
7 32
6 32
7 32
7 31
8 31
8 30
9 30
9 31
9 32
9 31
9 30
9 29
8 29
8 30
8 31
8 30
7 30
6 30
5 30
5 29
5 30
5 31
4 31
4 32
3 32
2 32
1 32
1 31
1 32
0 32
1 32
0 32
1 32
2 32
1 32
2 32
2 33
3 33
3 34
3 35
4 35
4 36
3 36
4 36
5 36
4 36
4 37
4 38
3 38
2 38
2 39
2 38
3 38
2 38
2 37
2 38
3 38
3 39
3 38
4 38
3 38
3 37
4 37
3 37
3 36
4 36
4 35
3 35
3 36
3 37
3 38
3 37
4 37
4 36
4 35
4 36
4 37
4 38
4 39
3 39
4 39
5 39
4 39
4 38
3 38
2 38
1 38
1 37
1 36
0 36
1 36
1 35
2 35
1 35
0 35
0 36
0 35
0 34
0 33
0 32
1 32
1 31
0 31
1 31
1 32
1 33
0 33
1 33
2 33
3 33
4 33
3 33
3 34
4 34
3 34
2 34
2 33
2 34
2 33
2 32
1 32
0 32
1 32
1 33
1 32
1 33
0 33
0 34
0 35
1 35
1 34
1 35
1 34
0 34
1 34
1 35
1 36
2 36
2 35
1 35
1 36
1 35
2 35
1 35
1 36
2 36
2 35
2 34
2 35
2 34
1 34
1 33
2 33
2 34
2 35
3 35
3 34
4 34
5 34
4 34
5 34
5 35
5 36
5 37
5 36
4 36
3 36
4 36
4 37
4 38
4 39
4 38
5 38
5 39
6 39
7 39
7 38
8 38
8 39
8 38
8 37
9 37
9 36
9 35
9 36
9 35
10 35
10 36
10 37
10 38
9 38
10 38
11 38
11 37
10 37
10 38
9 38
10 38
9 38
9 39
8 39
8 40
8 39
8 38
8 37
7 37
7 36
7 37
8 37
8 36
7 36
7 37
7 36
8 36
9 36
9 35
10 35
10 34
9 34
9 35
9 36
8 36
8 37
7 37
7 38
6 38
6 39
5 39
5 38
5 37
5 38
4 38
3 38
4 38
3 38
3 37
3 38
4 38
3 38
3 39
2 39
3 39
4 39
4 38
3 38
3 39
3 38
2 38
3 38
2 38
2 37
2 36
2 37
2 38
1 38
1 39
2 39
1 39
1 38
1 39
2 39
2 38
2 39
2 40
3 40
2 40
2 39
2 38
3 38
2 38
2 37
1 37
1 36
1 37
1 36
1 35
1 36
0 36
0 35
1 35
2 35
3 35
2 35
3 35
2 35
2 34
3 34
4 34
5 34
5 33
5 34
5 35
5 34
6 34
7 34
7 35
7 36
7 35
7 36
6 36
5 36
5 35
5 36
5 35
4 35
3 35
2 35
2 36
1 36
1 35
2 35
1 35
2 35
1 35
2 35
2 34
1 34
2 34
2 33
2 34
3 34
2 34
2 33
2 34
3 34
3 33
3 34
2 34
3 34
3 33
2 33
1 33
0 33
1 33
2 33
1 33
1 32
1 33
0 33
0 34
0 35
0 36
0 35
0 36
0 35
0 34
0 35
0 34
1 34
0 34
0 33
0 34
0 33
1 33
2 33
2 34
2 33
1 33
1 34
1 35
0 35
0 36
0 37
0 38
0 39
0 38
1 38
1 39
1 38
1 39
2 39
2 40
2 39
2 38
3 38
3 37
3 38
3 39
2 39
1 39
2 39
1 39
1 38
1 37
2 37
3 37
4 37
4 38
4 37
4 38
5 38
4 38
4 39
3 39
4 39
5 39
6 39
6 38
7 38
6 38
7 38
6 38
6 37
6 36
7 36
6 36
7 36
6 36
7 36
8 36
9 36
10 36
10 37
11 37
11 36
11 37
10 37
9 37
9 38
9 37
10 37
11 37
12 37
12 38
12 37
11 37
10 37
10 36
9 36
10 36
11 36
11 37
10 37
10 38
9 38
8 38
8 39
9 39
9 38
9 39
9 40
8 40
7 40
6 40
7 40
6 40
6 39
5 39
6 39
5 39
5 40
4 40
4 41
4 40
4 39
5 39
6 39
7 39
7 40
7 41
8 41
9 41
9 40
