0 0
1 0
1 1
1 2
1 1
0 1
0 0
1 0
2 0
2 1
1 1
2 1
3 1
2 1
1 1
0 1
0 2
0 3
0 4
0 5
0 6
0 7
1 7
2 7
2 6
2 5
2 6
2 7
2 8
1 8
0 8
1 8
1 9
0 9
1 9
1 10
1 9
0 9
1 9
1 10
1 11
1 10
2 10
2 11
3 11
2 11
2 10
2 11
3 11
2 11
2 12
3 12
3 11
2 11
1 11
1 10
1 11
2 11
3 11
2 11
1 11
1 10
2 10
3 10
3 11
3 12
4 12
3 12
3 11
3 12
3 13
3 14
2 14
3 14
3 13
2 13
2 14
2 15
3 15
3 16
4 16
4 17
4 16
5 16
5 15
6 15
6 16
6 17
6 16
6 17
6 16
6 17
6 18
7 18
7 19
6 19
7 19
7 18
6 18
6 17
5 17
5 18
5 19
4 19
4 18
3 18
2 18
2 19
2 20
1 20
1 21
1 20
1 21
0 21
1 21
1 20
2 20
2 21
2 22
2 21
1 21
2 21
1 21
1 20
2 20
2 19
3 19
3 20
2 20
2 21
2 22
2 21
1 21
1 20
2 20
2 21
2 20
2 19
2 20
1 20
0 20
0 21
0 20
0 21
1 21
1 22
2 22
3 22
3 21
3 20
3 19
4 19
3 19
2 19
1 19
1 18
1 19
1 20
2 20
3 20
2 20
2 19
2 20
2 19
2 20
2 19
2 18
2 19
2 18
3 18
3 17
4 17
5 17
5 18
4 18
5 18
5 19
5 20
6 20
7 20
8 20
8 19
9 19
9 20
9 19
8 19
8 20
8 21
7 21
8 21
9 21
9 20
10 20
11 20
11 21
10 21
10 20
10 21
11 21
11 20
10 20
11 20
12 20
12 21
12 22
13 22
13 23
12 23
11 23
11 22
11 21
12 21
13 21
13 22
13 21
13 22
14 22
14 21
14 20
15 20
15 19
15 18
16 18
16 19
16 18
15 18
16 18
16 17
15 17
16 17
15 17
15 18
15 17
15 16
15 15
15 16
15 17
15 18
15 19
14 19
14 18
14 19
14 20
13 20
13 21
13 22
14 22
13 22
12 22
11 22
10 22
9 22
9 23
9 22
9 23
10 23
10 24
11 24
10 24
10 25
10 24
9 24
8 24
8 23
7 23
7 22
6 22
7 22
6 22
6 21
6 20
7 20
7 19
7 20
7 21
7 20
8 20
9 20
9 19
9 20
9 19
10 19
9 19
9 20
8 20
8 21
7 21
7 20
7 19
7 20
7 21
8 21
8 22
7 22
7 21
8 21
9 21
10 21
11 21
10 21
9 21
9 22
9 23
8 23
8 22
9 22
10 22
9 22
10 22
11 22
11 23
12 23
12 22
11 22
11 23
10 23
9 23
10 23
9 23
9 22
9 23
10 23
10 22
10 23
11 23
11 22
10 22
10 23
10 24
11 24
11 23
12 23
11 23
11 24
11 25
11 26
11 25
11 26
10 26
10 25
10 26
10 27
10 26
10 27
10 28
10 29
11 29
11 28
12 28
12 29
12 30
12 31
11 31
11 32
11 33
11 32
11 33
12 33
11 33
10 33
9 33
9 34
9 35
10 35
9 35
10 35
11 35
11 34
12 34
11 34
11 33
11 32
11 31
11 32
12 32
13 32
13 31
13 32
13 31
12 31
12 32
13 32
14 32
13 32
12 32
13 32
13 33
13 32
12 32
13 32
13 31
12 31
12 30
11 30
11 31
11 32
10 32
10 33
9 33
9 32
8 32
8 33
8 32
8 31
8 32
7 32
7 33
6 33
6 32
6 33
6 32
5 32
5 31
5 30
5 31
4 31
4 30
4 31
4 30
4 29
3 29
3 30
4 30
3 30
3 29
2 29
2 30
1 30
1 31
1 32
1 31
1 30
0 30
1 30
2 30
1 30
1 29
2 29
2 28
1 28
2 28
2 29
2 28
1 28
1 29
2 29
1 29
0 29
0 30
1 30
0 30
0 29
1 29
1 28
0 28
1 28
1 29
2 29
1 29
2 29
2 30
3 30
2 30
2 31
1 31
1 30
1 29
1 30
1 29
0 29
0 28
0 27
0 26
0 27
0 28
1 28
0 28
0 29
1 29
0 29
0 30
0 29
0 30
1 30
0 30
0 29
0 28
0 29
1 29
2 29
1 29
0 29
0 28
0 27
1 27
0 27
0 26
1 26
0 26
0 25
1 25
2 25
2 26
1 26
1 27
2 27
3 27
3 26
3 27
3 28
3 27
4 27
4 26
3 26
4 26
5 26
4 26
4 25
4 26
5 26
5 25
5 26
5 27
5 28
5 27
5 28
5 29
5 28
4 28
4 27
4 28
4 27
4 28
3 28
3 27
3 26
4 26
4 27
4 28
5 28
5 29
5 30
4 30
4 29
3 29
4 29
3 29
3 30
2 30
3 30
4 30
4 29
4 28
4 27
4 26
4 27
3 27
3 26
4 26
3 26
4 26
3 26
3 27
2 27
1 27
2 27
3 27
3 28
4 28
4 29
5 29
6 29
7 29
6 29
7 29
7 30
7 31
6 31
6 32
6 33
7 33
6 33
7 33
8 33
9 33
9 32
9 31
10 31
11 31
12 31
12 30
11 30
11 31
12 31
12 32
11 32
11 31
11 32
11 33
12 33
11 33
10 33
10 32
10 31
10 32
10 31
11 31
12 31
12 30
12 31
13 31
14 31
14 32
14 31
14 30
15 30
14 30
13 30
12 30
12 29
12 30
13 30
12 30
12 31
11 31
10 31
10 32
11 32
11 33
11 32
11 33
11 34
12 34
13 34
13 35
14 35
14 34
15 34
16 34
16 35
17 35
17 36
17 37
17 36
17 35
17 34
16 34
17 34
17 35
16 35
15 35
14 35
14 34
13 34
14 34
15 34
15 35
14 35
13 35
14 35
13 35
12 35
12 36
11 36
11 35
11 36
11 37
11 38
10 38
10 37
10 36
10 35
9 35
9 36
8 36
8 37
8 36
8 37
8 36
8 35
8 36
8 37
7 37
8 37
9 37
8 37
8 36
8 37
8 36
8 37
7 37
7 38
7 37
7 38
8 38
7 38
6 38
6 39
7 39
6 39
6 38
5 38
6 38
6 37
5 37
6 37
6 38
7 38
6 38
7 38
6 38
7 38
7 37
8 37
7 37
6 37
5 37
4 37
3 37
2 37
2 38
3 38
3 37
3 36
2 36
2 35
1 35
2 35
2 36
2 35
2 34
3 34
3 33
3 32
4 32
4 33
5 33
5 34
5 33
6 33
6 34
6 35
7 35
6 35
7 35
8 35
9 35
9 34
10 34
9 34
9 35
10 35
11 35
12 35
11 35
11 36
11 35
11 36
12 36
12 35
12 34
12 33
12 34
12 35
12 36
12 37
11 37
12 37
13 37
13 36
12 36
12 35
12 36
13 36
14 36
15 36
15 35
15 36
15 37
14 37
15 37
15 38
15 37
14 37
15 37
15 36
14 36
13 36
12 36
12 37
13 37
12 37
11 37
12 37
12 38
13 38
13 39
13 40
14 40
14 41
14 42
14 43
14 44
15 44
14 44
13 44
13 45
14 45
14 46
14 47
14 46
14 47
15 47
14 47
15 47
15 48
16 48
17 48
16 48
17 48
16 48
15 48
16 48
16 49
17 49
17 50
16 50
17 50
16 50
17 50
17 51
17 52
18 52
18 53
17 53
17 52
17 53
18 53
19 53
20 53
20 52
19 52
19 53
19 52
19 53
19 52
19 53
19 52
19 51
20 51
20 50
19 50
19 51
19 52
20 52
21 52
21 51
20 51
20 52
20 51
21 51
22 51
23 51
24 51
25 51
25 52
24 52
24 51
24 52
23 52
23 51
24 51
24 52
25 52
25 53
25 54
25 55
24 55
25 55
26 55
26 56
26 57
26 56
26 55
27 55
27 54
27 55
26 55
27 55
26 55
25 55
26 55
27 55
28 55
29 55
29 56
29 55
28 55
29 55
29 56
30 56
30 55
31 55
32 55
32 56
33 56
33 57
33 56
33 55
34 55
33 55
34 55
34 54
33 54
32 54
33 54
33 53
33 52
33 51
33 50
32 50
31 50
31 49
31 48
30 48
31 48
30 48
30 49
31 49
31 50
30 50
30 51
31 51
31 52
31 53
31 54
30 54
31 54
31 53
30 53
30 52
30 53
30 52
29 52
29 51
29 52
30 52
30 51
31 51
32 51
33 51
32 51
32 52
32 53
33 53
33 52
34 52
35 52
36 52
36 51
36 50
35 50
36 50
36 49
36 50
36 49
36 50
37 50
38 50
39 50
40 50
39 50
40 50
41 50
41 49
40 49
40 50
41 50
42 50
42 51
41 51
41 50
41 49
40 49
39 49
40 49
40 50
39 50
40 50
41 50
42 50
42 49
42 48
41 48
40 48
39 48
38 48
38 49
39 49
40 49
