0 0
1 0
2 0
2 1
1 1
1 2
0 2
1 2
1 3
0 3
0 2
0 1
1 1
1 2
1 3
2 3
1 3
1 4
1 3
0 3
1 3
2 3
2 4
3 4
2 4
2 5
3 5
4 5
4 4
4 5
4 4
4 3
4 4
3 4
2 4
2 5
2 6
1 6
1 5
2 5
3 5
3 6
4 6
4 5
5 5
5 4
5 5
6 5
5 5
5 4
5 3
6 3
7 3
8 3
9 3
8 3
7 3
7 4
7 3
7 2
6 2
5 2
4 2
4 3
3 3
2 3
3 3
4 3
4 2
4 3
3 3
3 2
4 2
3 2
3 1
3 2
2 2
2 3
3 3
3 2
4 2
4 3
5 3
5 2
5 1
4 1
4 2
4 3
5 3
4 3
4 2
5 2
6 2
6 1
5 1
5 0
6 0
6 1
5 1
4 1
5 1
5 2
4 2
4 3
4 4
3 4
3 5
3 6
4 6
4 7
5 7
5 6
6 6
6 7
6 8
6 7
6 8
7 8
7 7
6 7
7 7
8 7
7 7
7 8
6 8
6 7
5 7
4 7
4 6
4 7
4 6
3 6
4 6
4 7
3 7
3 6
2 6
1 6
2 6
2 5
2 6
1 6
0 6
1 6
2 6
2 5
2 6
3 6
4 6
3 6
4 6
3 6
4 6
3 6
2 6
1 6
1 7
0 7
1 7
1 6
0 6
1 6
1 5
2 5
2 6
3 6
2 6
3 6
3 5
3 6
2 6
1 6
2 6
2 5
3 5
4 5
3 5
3 6
3 7
4 7
5 7
5 6
4 6
4 7
4 8
4 9
5 9
4 9
4 8
3 8
3 9
3 8
4 8
4 7
4 8
4 7
4 8
4 9
4 8
4 7
4 8
3 8
3 9
3 8
4 8
4 7
3 7
3 8
3 9
4 9
4 8
4 7
4 6
5 6
6 6
5 6
5 5
5 4
6 4
7 4
6 4
7 4
6 4
7 4
7 5
7 6
7 5
8 5
9 5
10 5
11 5
11 4
10 4
10 5
10 4
9 4
9 3
10 3
10 2
10 1
10 2
11 2
10 2
10 3
9 3
10 3
10 2
9 2
9 1
10 1
9 1
9 0
9 1
10 1
11 1
11 2
11 3
11 2
10 2
10 3
10 4
10 5
10 4
10 5
9 5
9 4
10 4
10 5
10 4
10 5
10 4
9 4
9 3
10 3
10 2
10 1
9 1
10 1
10 0
10 1
10 0
9 0
10 0
10 1
9 1
9 0
9 1
10 1
10 0
9 0
8 0
7 0
7 1
7 2
8 2
9 2
10 2
10 1
11 1
10 1
10 2
11 2
11 1
10 1
10 0
10 1
10 2
10 3
10 2
10 1
11 1
12 1
13 1
14 1
14 2
14 1
14 0
14 1
14 0
15 0
15 1
15 2
14 2
14 1
14 2
13 2
13 3
13 2
13 3
13 4
13 3
14 3
15 3
16 3
15 3
15 4
16 4
16 3
16 4
16 3
16 4
16 5
17 5
18 5
19 5
19 6
20 6
19 6
20 6
20 7
20 8
19 8
20 8
20 7
21 7
21 6
22 6
23 6
24 6
25 6
24 6
25 6
25 7
25 8
25 9
25 10
26 10
25 10
26 10
25 10
24 10
25 10
25 9
24 9
24 10
24 11
24 10
24 9
23 9
23 10
24 10
24 11
24 10
24 11
24 12
24 11
24 10
24 9
24 8
23 8
22 8
23 8
22 8
21 8
22 8
22 9
23 9
23 10
22 10
23 10
23 11
23 12
24 12
23 12
23 11
22 11
23 11
24 11
25 11
25 10
25 9
25 10
25 11
24 11
24 12
25 12
25 11
25 12
24 12
24 11
24 12
24 11
25 11
26 11
25 11
25 10
24 10
24 9
24 8
24 7
24 8
24 9
23 9
23 10
22 10
22 9
21 9
20 9
21 9
21 8
20 8
19 8
19 9
19 10
19 11
18 11
17 11
17 10
18 10
18 9
18 10
18 9
19 9
18 9
17 9
18 9
17 9
18 9
17 9
17 10
18 10
18 9
19 9
19 10
20 10
20 11
20 10
21 10
21 9
21 10
21 11
21 10
21 9
20 9
21 9
21 10
21 11
21 12
22 12
21 12
21 13
21 12
20 12
21 12
20 12
21 12
20 12
21 12
21 13
20 13
21 13
20 13
21 13
21 12
21 13
22 13
21 13
20 13
20 12
19 12
20 12
19 12
19 13
20 13
20 12
20 13
20 12
21 12
21 13
20 13
21 13
22 13
23 13
23 12
23 11
24 11
25 11
24 11
24 10
24 11
24 12
24 13
25 13
24 13
23 13
22 13
23 13
23 14
23 13
24 13
23 13
23 12
22 12
21 12
21 11
21 10
22 10
23 10
22 10
22 11
22 12
22 11
21 11
22 11
23 11
23 12
23 13
24 13
25 13
26 13
27 13
27 12
26 12
26 11
25 11
26 11
26 10
25 10
26 10
27 10
28 10
28 11
28 12
28 11
29 11
30 11
30 12
30 13
30 12
31 12
30 12
30 11
29 11
29 12
28 12
29 12
30 12
30 11
29 11
30 11
30 10
29 10
28 10
29 10
28 10
28 9
28 8
27 8
27 7
26 7
25 7
25 8
26 8
26 9
26 10
26 9
26 8
26 7
27 7
28 7
27 7
27 8
28 8
27 8
28 8
28 9
27 9
27 10
28 10
27 10
27 11
27 10
27 11
26 11
26 10
27 10
28 10
28 9
28 10
28 9
28 8
29 8
30 8
30 7
30 6
29 6
28 6
28 7
28 8
28 7
29 7
30 7
29 7
28 7
29 7
29 8
29 9
29 10
29 9
30 9
29 9
29 8
29 9
29 8
29 7
28 7
28 6
28 5
28 4
28 5
28 6
29 6
30 6
29 6
29 7
29 8
29 9
28 9
29 9
28 9
27 9
28 9
28 8
29 8
29 7
28 7
28 8
27 8
28 8
28 7
27 7
27 8
28 8
29 8
29 9
29 8
29 9
29 8
30 8
31 8
32 8
33 8
32 8
33 8
34 8
34 9
34 10
34 11
35 11
35 12
36 12
37 12
38 12
37 12
38 12
39 12
40 12
41 12
41 13
42 13
42 12
42 11
43 11
44 11
45 11
44 11
44 12
43 12
43 13
44 13
44 14
44 15
44 14
44 15
44 16
44 15
44 16
45 16
45 17
45 18
44 18
43 18
42 18
41 18
41 19
41 20
41 21
42 21
42 20
42 19
43 19
43 18
44 18
44 19
44 20
44 21
43 21
42 21
42 20
42 21
43 21
43 20
43 19
43 18
43 17
42 17
43 17
43 16
44 16
44 15
45 15
46 15
47 15
48 15
49 15
50 15
50 16
49 16
49 17
49 16
48 16
48 15
47 15
46 15
46 16
46 17
45 17
45 16
45 15
45 16
46 16
45 16
45 17
44 17
45 17
44 17
44 18
44 17
45 17
44 17
44 18
43 18
43 19
44 19
45 19
46 19
46 18
45 18
45 17
46 17
45 17
46 17
45 17
45 18
45 19
45 20
46 20
47 20
46 20
46 19
45 19
45 18
45 17
45 16
45 17
45 18
46 18
45 18
44 18
44 17
43 17
43 16
42 16
41 16
41 15
41 16
40 16
40 15
39 15
39 16
39 17
39 18
40 18
39 18
39 19
39 18
39 17
39 18
39 17
39 18
38 18
37 18
37 19
37 20
37 19
36 19
37 19
37 20
37 19
36 19
36 18
35 18
34 18
34 17
34 16
33 16
32 16
32 17
32 16
32 17
33 17
34 17
34 18
34 17
35 17
35 18
34 18
34 17
34 16
34 15
33 15
32 15
32 16
31 16
32 16
32 17
31 17
32 17
32 18
32 17
32 18
32 17
32 16
32 15
31 15
32 15
31 15
31 16
31 17
31 16
30 16
29 16
29 17
29 16
28 16
28 17
28 18
28 19
29 19
30 19
31 19
31 18
30 18
29 18
29 19
28 19
27 19
27 18
27 17
28 17
28 16
27 16
26 16
27 16
28 16
28 17
28 18
28 19
29 19
29 18
28 18
28 17
28 18
29 18
30 18
31 18
30 18
29 18
29 17
29 18
30 18
30 19
30 18
29 18
30 18
31 18
32 18
33 18
33 19
34 19
33 19
33 18
33 19
33 20
34 20
34 21
34 20
35 20
36 20
37 20
37 19
37 18
37 17
37 16
36 16
36 17
36 18
36 19
35 19
36 19
37 19
37 18
37 17
37 16
36 16
36 15
36 16
37 16
37 15
38 15
38 14
38 13
38 14
38 15
38 16
39 16
40 16
40 15
39 15
39 16
39 15
40 15
40 16
40 17
40 18
40 17
41 17
40 17
41 17
40 17
41 17
41 18
41 17
41 16
41 15
42 15
43 15
44 15
45 15
45 16
45 15
44 15
44 16
44 15
44 14
43 14
43 15
44 15
43 15
42 15
