0 0
1 0
1 1
0 1
1 1
1 2
0 2
1 2
1 1
2 1
2 2
2 3
2 4
2 5
2 6
2 5
2 6
3 6
2 6
2 7
3 7
3 6
2 6
2 5
1 5
1 6
0 6
1 6
1 7
2 7
2 6
1 6
0 6
1 6
1 7
2 7
3 7
3 6
4 6
4 7
4 8
4 9
4 8
4 9
3 9
4 9
4 8
5 8
5 9
4 9
3 9
2 9
2 10
3 10
2 10
3 10
2 10
3 10
2 10
2 11
2 10
1 10
0 10
1 10
0 10
0 11
0 10
1 10
2 10
2 9
2 10
1 10
2 10
2 9
3 9
3 10
4 10
4 9
3 9
2 9
2 8
2 9
1 9
0 9
0 8
0 7
1 7
0 7
1 7
1 6
0 6
0 7
1 7
1 6
1 5
1 4
1 3
1 2
2 2
3 2
3 3
3 4
2 4
3 4
3 5
2 5
2 4
2 3
2 2
2 3
3 3
4 3
4 4
3 4
4 4
4 5
5 5
4 5
3 5
2 5
2 6
1 6
2 6
2 7
2 6
2 5
1 5
1 4
1 3
0 3
1 3
2 3
2 4
2 5
2 4
1 4
1 5
1 4
1 5
1 6
1 7
1 6
2 6
2 5
2 4
2 3
1 3
1 4
1 5
0 5
0 6
1 6
1 7
0 7
0 8
0 9
1 9
1 8
2 8
2 7
2 6
3 6
2 6
1 6
1 7
2 7
2 8
2 9
1 9
1 10
1 11
0 11
1 11
1 10
0 10
1 10
1 9
0 9
0 10
1 10
0 10
1 10
2 10
2 11
2 12
2 11
2 10
1 10
1 11
1 10
1 11
0 11
0 12
1 12
2 12
1 12
0 12
1 12
1 11
1 10
1 11
1 10
0 10
0 9
0 10
0 11
1 11
2 11
2 12
2 11
2 10
1 10
2 10
2 9
1 9
0 9
1 9
1 8
0 8
1 8
2 8
2 9
2 10
2 11
3 11
2 11
2 10
1 10
1 11
0 11
0 10
0 11
0 12
1 12
1 11
0 11
0 10
1 10
0 10
0 11
1 11
0 11
0 12
1 12
1 11
2 11
2 12
2 13
2 12
3 12
2 12
2 13
2 14
2 15
3 15
2 15
3 15
3 14
3 13
2 13
1 13
1 14
1 15
2 15
1 15
1 16
0 16
1 16
1 17
2 17
2 18
3 18
2 18
2 17
3 17
3 16
3 15
3 16
3 15
3 16
3 17
3 18
4 18
4 19
4 20
3 20
2 20
3 20
3 19
3 20
3 21
3 20
2 20
2 21
1 21
0 21
0 22
0 21
1 21
2 21
2 22
2 21
3 21
2 21
2 22
1 22
1 21
2 21
3 21
2 21
2 22
3 22
3 21
4 21
4 22
5 22
5 23
4 23
5 23
5 24
5 23
4 23
5 23
5 22
4 22
5 22
5 23
4 23
4 24
4 23
4 24
3 24
2 24
2 25
3 25
4 25
3 25
3 24
3 23
3 24
2 24
3 24
2 24
2 23
1 23
0 23
0 22
1 22
2 22
1 22
1 21
1 22
0 22
1 22
0 22
0 23
0 24
0 25
0 26
0 25
0 26
0 27
1 27
1 26
1 27
1 26
2 26
1 26
0 26
0 25
0 26
0 25
1 25
1 24
1 23
0 23
0 24
1 24
0 24
1 24
2 24
2 25
1 25
1 24
1 23
1 24
1 25
1 26
1 25
1 24
1 25
0 25
0 24
1 24
1 23
0 23
0 22
1 22
2 22
2 21
2 22
2 21
1 21
1 20
0 20
1 20
1 21
2 21
1 21
1 22
1 23
2 23
1 23
1 24
2 24
1 24
2 24
2 25
1 25
2 25
2 26
2 25
2 26
3 26
3 25
3 26
4 26
3 26
2 26
1 26
1 27
1 26
1 25
1 26
1 27
1 28
1 27
2 27
1 27
1 28
1 27
1 26
0 26
1 26
1 25
0 25
1 25
1 26
1 27
1 28
1 29
2 29
2 28
1 28
0 28
1 28
1 27
0 27
1 27
1 28
1 27
0 27
1 27
0 27
1 27
1 26
2 26
2 27
2 28
2 29
2 28
2 27
2 28
3 28
4 28
4 29
3 29
3 28
4 28
4 29
5 29
5 30
5 31
6 31
6 32
7 32
8 32
8 31
8 30
7 30
7 31
6 31
6 30
6 31
5 31
5 32
5 33
6 33
7 33
7 32
7 33
6 33
7 33
8 33
9 33
9 34
10 34
10 35
10 36
10 37
9 37
10 37
9 37
8 37
7 37
7 38
7 37
7 38
6 38
5 38
5 39
5 40
4 40
5 40
6 40
7 40
8 40
7 40
7 39
6 39
5 39
5 38
4 38
3 38
2 38
3 38
3 39
4 39
3 39
3 38
3 39
2 39
1 39
2 39
2 38
3 38
2 38
1 38
0 38
1 38
1 39
0 39
0 38
0 39
1 39
2 39
2 40
3 40
3 41
3 40
2 40
1 40
2 40
2 41
3 41
4 41
4 42
5 42
4 42
4 41
5 41
6 41
7 41
7 42
7 41
8 41
8 42
8 43
9 43
9 44
9 43
10 43
9 43
9 42
9 43
8 43
7 43
7 44
7 45
6 45
5 45
6 45
7 45
7 44
7 45
7 46
7 47
7 46
8 46
8 47
8 46
7 46
8 46
7 46
7 47
7 46
7 45
6 45
5 45
5 46
5 47
5 46
5 47
6 47
7 47
7 46
8 46
9 46
9 45
10 45
9 45
9 46
9 47
9 48
9 47
8 47
9 47
10 47
9 47
8 47
8 46
8 47
8 48
9 48
8 48
8 49
9 49
8 49
9 49
8 49
9 49
9 48
10 48
10 49
10 50
9 50
9 49
8 49
8 50
7 50
7 51
6 51
5 51
5 52
5 53
5 54
5 55
4 55
4 56
3 56
2 56
2 57
3 57
3 56
3 57
4 57
4 58
3 58
3 59
3 58
3 59
4 59
3 59
4 59
4 58
5 58
5 57
4 57
5 57
4 57
4 56
4 55
4 56
5 56
5 57
6 57
7 57
7 58
6 58
6 59
6 60
6 61
7 61
7 62
8 62
8 63
8 64
8 63
9 63
9 62
9 63
8 63
8 64
9 64
9 63
8 63
9 63
8 63
8 64
7 64
7 65
6 65
6 66
6 65
6 66
6 67
6 66
5 66
5 65
5 66
6 66
6 67
6 68
7 68
6 68
7 68
7 67
8 67
9 67
9 68
10 68
10 67
10 66
10 65
9 65
10 65
11 65
11 66
11 67
11 68
12 68
11 68
11 67
12 67
12 68
12 69
13 69
12 69
13 69
13 68
13 69
14 69
13 69
13 70
14 70
13 70
13 69
13 70
12 70
13 70
12 70
11 70
11 71
10 71
11 71
12 71
12 70
13 70
13 69
14 69
15 69
16 69
16 68
17 68
18 68
18 69
18 68
17 68
17 69
17 70
16 70
15 70
14 70
15 70
15 69
15 70
14 70
14 71
13 71
14 71
13 71
13 72
13 71
13 70
14 70
15 70
14 70
14 71
13 71
14 71
15 71
15 70
16 70
15 70
14 70
15 70
15 69
15 70
15 69
16 69
16 68
17 68
17 69
16 69
16 68
16 67
16 68
16 67
15 67
15 66
16 66
15 66
14 66
13 66
12 66
12 67
12 68
11 68
11 69
10 69
10 70
11 70
11 69
11 70
11 71
11 70
10 70
9 70
9 69
10 69
10 70
9 70
9 71
9 70
10 70
10 69
9 69
10 69
9 69
8 69
8 70
8 71
8 72
9 72
10 72
10 73
10 74
10 73
11 73
10 73
10 72
10 71
9 71
10 71
10 70
10 71
11 71
12 71
12 70
12 69
12 68
12 69
12 70
11 70
10 70
10 71
9 71
10 71
10 70
11 70
12 70
12 71
12 70
12 69
12 68
11 68
11 69
10 69
10 70
11 70
11 71
11 72
11 71
11 72
11 71
11 70
10 70
9 70
10 70
10 69
10 68
10 67
10 66
9 66
9 65
10 65
11 65
11 66
12 66
12 65
13 65
13 64
12 64
12 63
12 62
12 61
12 60
11 60
12 60
12 59
13 59
14 59
14 60
14 59
14 60
15 60
16 60
17 60
17 61
17 60
17 61
17 60
17 61
16 61
17 61
16 61
16 60
15 60
16 60
16 61
16 60
16 61
15 61
14 61
14 62
15 62
15 63
15 64
16 64
15 64
15 65
15 66
15 65
16 65
15 65
14 65
13 65
13 64
12 64
12 63
13 63
12 63
12 62
13 62
12 62
12 63
12 62
11 62
12 62
13 62
13 63
12 63
13 63
12 63
12 62
12 63
13 63
13 62
13 61
14 61
13 61
14 61
14 62
13 62
14 62
15 62
15 61
15 60
15 61
15 62
15 63
14 63
13 63
12 63
11 63
11 62
10 62
11 62
12 62
12 63
