0 0
1 0
2 0
2 1
2 0
2 1
2 0
3 0
2 0
2 1
1 1
1 0
1 1
1 0
1 1
1 2
1 3
2 3
2 4
1 4
1 5
0 5
1 5
2 5
1 5
0 5
1 5
1 6
1 5
0 5
1 5
1 6
0 6
0 7
0 6
1 6
0 6
1 6
2 6
2 7
2 6
2 5
2 6
1 6
1 7
1 6
1 7
1 6
1 5
1 6
1 7
1 8
2 8
2 9
3 9
2 9
2 10
2 11
2 12
1 12
0 12
0 13
0 14
1 14
0 14
1 14
1 13
1 12
2 12
1 12
1 11
1 12
1 11
1 10
2 10
1 10
1 9
2 9
1 9
0 9
1 9
2 9
2 10
2 11
2 12
3 12
4 12
3 12
4 12
4 11
4 12
4 11
4 10
4 9
3 9
2 9
2 10
2 11
3 11
3 10
3 9
3 10
2 10
1 10
2 10
2 9
2 10
2 11
2 12
2 13
1 13
2 13
1 13
2 13
2 14
2 15
3 15
4 15
4 16
4 17
4 18
5 18
6 18
6 19
6 20
6 19
7 19
8 19
9 19
9 18
9 19
9 20
9 21
9 22
9 21
10 21
11 21
12 21
12 20
13 20
12 20
12 19
11 19
12 19
12 18
12 19
13 19
13 20
13 21
14 21
15 21
15 22
15 23
14 23
15 23
15 24
16 24
16 25
16 24
16 25
17 25
17 24
16 24
16 23
16 24
16 25
15 25
15 26
16 26
16 25
16 24
16 23
16 24
17 24
18 24
19 24
19 25
20 25
19 25
18 25
17 25
16 25
17 25
17 24
16 24
15 24
16 24
16 25
17 25
16 25
17 25
17 24
17 25
16 25
16 26
15 26
14 26
13 26
13 25
13 24
14 24
15 24
14 24
13 24
13 25
13 24
13 25
13 26
14 26
14 25
15 25
14 25
14 24
13 24
12 24
11 24
12 24
13 24
13 23
13 22
14 22
15 22
14 22
14 23
13 23
12 23
13 23
13 22
14 22
14 21
14 20
13 20
12 20
11 20
10 20
10 19
9 19
10 19
10 20
9 20
10 20
9 20
8 20
8 19
8 20
7 20
6 20
6 19
5 19
4 19
5 19
5 20
4 20
4 21
4 20
4 19
4 18
5 18
4 18
4 19
5 19
5 20
5 19
5 20
6 20
7 20
7 19
6 19
6 18
5 18
6 18
5 18
6 18
7 18
7 17
7 16
8 16
9 16
10 16
10 15
11 15
12 15
12 14
11 14
12 14
13 14
13 13
14 13
13 13
14 13
14 14
14 15
13 15
13 16
14 16
14 17
14 18
14 17
14 16
13 16
12 16
11 16
11 17
11 16
11 17
10 17
11 17
11 16
12 16
11 16
12 16
12 15
11 15
11 16
11 15
10 15
11 15
12 15
12 16
12 17
11 17
10 17
9 17
10 17
10 16
10 15
10 16
9 16
9 17
9 18
9 17
8 17
8 16
9 16
8 16
8 17
8 16
8 15
8 16
7 16
8 16
9 16
10 16
9 16
10 16
11 16
11 17
11 18
12 18
11 18
12 18
12 17
11 17
11 16
12 16
13 16
13 17
13 18
13 17
14 17
15 17
15 16
14 16
14 17
15 17
15 16
15 17
15 18
16 18
16 19
16 18
15 18
16 18
16 17
17 17
17 16
18 16
18 17
18 16
19 16
18 16
18 17
18 16
18 17
19 17
20 17
20 16
21 16
20 16
19 16
19 17
18 17
17 17
18 17
18 18
18 17
19 17
19 16
18 16
18 17
18 18
18 17
18 16
19 16
19 17
19 18
19 19
19 20
18 20
18 21
18 22
18 21
18 20
17 20
17 19
18 19
18 20
19 20
19 19
18 19
18 18
19 18
19 19
20 19
21 19
22 19
21 19
20 19
19 19
19 20
19 21
20 21
20 22
20 21
19 21
19 22
19 23
19 22
20 22
19 22
18 22
18 21
18 22
17 22
16 22
16 21
17 21
18 21
17 21
16 21
15 21
15 22
15 23
16 23
17 23
18 23
18 22
18 23
19 23
20 23
21 23
22 23
22 22
22 23
23 23
22 23
22 24
21 24
21 23
20 23
20 24
19 24
18 24
18 25
18 26
18 27
18 26
19 26
19 25
20 25
20 24
19 24
19 23
19 22
19 23
19 22
20 22
19 22
19 23
19 24
19 23
20 23
19 23
19 22
19 21
19 22
18 22
17 22
17 23
16 23
16 24
16 25
16 24
17 24
17 25
17 24
17 23
18 23
18 24
18 23
19 23
20 23
20 22
20 23
20 22
21 22
21 23
20 23
21 23
21 24
21 25
22 25
21 25
21 26
21 25
21 24
21 25
21 24
21 23
20 23
21 23
21 24
21 23
21 22
20 22
21 22
20 22
19 22
20 22
19 22
19 21
20 21
19 21
20 21
20 22
20 23
20 22
20 23
21 23
21 22
22 22
22 23
22 24
21 24
20 24
21 24
21 23
21 24
20 24
20 25
20 24
20 25
20 26
21 26
22 26
22 25
22 24
23 24
23 25
23 26
23 25
22 25
23 25
23 24
23 25
23 26
24 26
25 26
24 26
23 26
24 26
23 26
24 26
23 26
23 25
23 24
22 24
23 24
23 25
23 24
23 23
22 23
22 24
23 24
22 24
23 24
23 23
22 23
23 23
22 23
22 22
22 21
22 20
23 20
23 21
23 20
23 19
24 19
23 19
22 19
23 19
23 18
22 18
22 17
21 17
21 18
21 19
20 19
21 19
21 18
20 18
20 19
21 19
20 19
20 20
20 21
20 22
19 22
20 22
20 23
20 24
20 25
21 25
22 25
22 24
22 23
22 24
21 24
21 25
22 25
23 25
23 24
24 24
25 24
26 24
27 24
27 23
27 24
28 24
27 24
27 25
28 25
29 25
29 26
28 26
29 26
30 26
31 26
31 25
30 25
30 26
31 26
31 27
32 27
32 26
33 26
32 26
32 27
32 26
33 26
32 26
32 27
33 27
33 28
32 28
32 29
32 30
32 31
31 31
30 31
30 30
31 30
30 30
30 29
30 30
30 31
29 31
29 30
30 30
31 30
30 30
31 30
31 29
31 28
30 28
29 28
28 28
27 28
27 27
27 26
28 26
29 26
28 26
27 26
27 27
28 27
28 28
28 27
27 27
27 28
27 29
28 29
27 29
27 30
26 30
26 29
27 29
27 30
27 29
26 29
27 29
27 28
28 28
27 28
28 28
28 29
27 29
27 28
26 28
26 27
26 28
27 28
28 28
27 28
27 27
28 27
27 27
28 27
27 27
27 28
27 29
28 29
29 29
30 29
31 29
30 29
29 29
30 29
29 29
28 29
28 28
29 28
28 28
28 27
27 27
27 28
26 28
25 28
26 28
26 29
26 30
26 31
26 32
26 33
26 34
26 33
27 33
28 33
28 32
27 32
27 33
27 34
26 34
26 33
27 33
27 34
27 35
27 34
27 33
28 33
28 34
28 33
28 34
27 34
27 33
27 32
28 32
29 32
29 31
28 31
28 30
27 30
27 31
27 32
27 33
26 33
26 34
26 35
26 34
26 35
26 36
27 36
27 35
28 35
28 34
29 34
29 33
29 34
29 35
29 36
29 35
28 35
28 36
28 37
27 37
26 37
26 36
26 35
26 36
26 35
27 35
26 35
26 36
25 36
26 36
26 35
26 36
26 37
26 38
26 39
26 40
26 41
26 40
26 39
27 39
26 39
26 38
26 39
25 39
25 40
25 41
24 41
24 42
24 43
25 43
26 43
26 42
26 41
27 41
28 41
28 40
29 40
30 40
30 39
29 39
28 39
28 40
29 40
29 41
28 41
27 41
28 41
28 42
27 42
28 42
28 43
28 44
29 44
30 44
29 44
28 44
28 43
28 42
29 42
30 42
30 41
31 41
31 42
30 42
30 43
30 44
30 43
30 42
29 42
28 42
27 42
27 41
27 40
27 39
28 39
29 39
28 39
28 40
28 39
27 39
27 38
26 38
26 39
26 40
27 40
28 40
29 40
28 40
28 39
28 38
28 39
27 39
28 39
27 39
28 39
28 40
29 40
30 40
31 40
31 39
31 40
32 40
31 40
31 41
31 40
31 39
30 39
31 39
32 39
31 39
31 40
31 41
31 42
30 42
30 43
30 42
29 42
30 42
29 42
29 43
28 43
27 43
28 43
29 43
30 43
29 43
30 43
29 43
29 44
28 44
27 44
26 44
27 44
26 44
26 43
26 44
27 44
28 44
29 44
29 43
29 44
29 45
28 45
29 45
30 45
31 45
31 44
31 45
31 44
30 44
29 44
28 44
27 44
28 44
28 45
27 45
26 45
26 44
26 43
26 44
26 45
26 44
26 43
25 43
25 42
26 42
27 42
27 41
28 41
27 41
26 41
26 40
25 40
25 39
25 40
25 39
24 39
24 38
24 39
24 40
24 41
23 41
22 41
22 40
22 41
