0 0
1 0
1 1
1 2
1 1
0 1
0 2
0 1
1 1
0 1
1 1
1 2
1 1
2 1
1 1
1 2
0 2
1 2
1 1
0 1
0 2
1 2
1 3
1 2
0 2
0 1
0 2
0 1
1 1
1 2
2 2
2 1
1 1
0 1
0 0
0 1
1 1
2 1
2 2
2 3
1 3
0 3
1 3
1 4
1 3
1 2
1 1
0 1
1 1
0 1
1 1
2 1
2 0
1 0
2 0
2 1
1 1
0 1
0 2
1 2
0 2
0 1
0 2
0 1
0 2
1 2
2 2
1 2
1 1
1 0
2 0
2 1
2 0
2 1
1 1
1 0
2 0
3 0
3 1
3 0
2 0
1 0
2 0
2 1
1 1
1 0
2 0
2 1
3 1
4 1
4 0
4 1
5 1
5 0
6 0
7 0
7 1
7 0
6 0
5 0
6 0
7 0
7 1
8 1
8 0
8 1
9 1
9 0
9 1
9 0
9 1
9 0
9 1
9 0
10 0
10 1
11 1
12 1
11 1
11 2
12 2
13 2
13 3
14 3
15 3
15 2
16 2
16 1
17 1
17 2
17 1
16 1
16 2
16 1
17 1
17 2
18 2
18 3
18 2
18 1
18 0
19 0
18 0
17 0
17 1
18 1
19 1
19 0
18 0
19 0
19 1
20 1
19 1
19 0
19 1
20 1
20 2
21 2
21 3
20 3
21 3
21 2
21 1
21 0
22 0
22 1
23 1
23 0
24 0
23 0
22 0
21 0
21 1
22 1
22 2
22 1
23 1
23 2
24 2
25 2
25 3
25 2
25 3
26 3
27 3
27 2
27 3
28 3
27 3
27 4
28 4
28 5
27 5
26 5
26 6
27 6
28 6
29 6
30 6
31 6
32 6
31 6
32 6
31 6
32 6
32 5
32 4
32 3
31 3
31 4
31 5
32 5
32 6
32 5
33 5
34 5
34 4
35 4
34 4
35 4
34 4
34 5
35 5
35 4
34 4
35 4
35 3
34 3
34 4
34 5
34 6
33 6
33 5
34 5
34 6
35 6
35 7
35 6
35 7
35 8
35 9
34 9
34 10
34 11
35 11
34 11
33 11
32 11
32 10
32 11
31 11
31 12
30 12
30 13
31 13
31 14
32 14
31 14
31 13
31 12
31 11
30 11
31 11
31 10
30 10
30 9
29 9
30 9
29 9
29 8
29 7
30 7
29 7
28 7
29 7
29 8
29 7
28 7
28 8
28 9
28 10
29 10
28 10
28 11
27 11
28 11
28 12
27 12
26 12
25 12
26 12
26 11
25 11
25 10
25 9
24 9
24 8
25 8
26 8
26 9
26 8
27 8
27 7
26 7
26 6
26 5
27 5
27 6
26 6
26 7
26 8
26 9
26 8
27 8
27 9
26 9
26 8
26 9
27 9
28 9
29 9
28 9
27 9
27 8
26 8
27 8
28 8
29 8
29 9
28 9
29 9
28 9
27 9
27 8
26 8
25 8
26 8
25 8
24 8
24 9
24 10
24 9
23 9
24 9
25 9
24 9
23 9
24 9
24 10
23 10
23 11
22 11
22 12
21 12
20 12
20 13
20 14
20 15
20 16
19 16
19 17
19 16
18 16
18 17
18 18
18 17
17 17
16 17
17 17
16 17
17 17
17 16
17 15
16 15
16 16
16 15
16 16
16 17
16 16
15 16
14 16
15 16
15 17
14 17
14 18
13 18
13 17
12 17
13 17
14 17
13 17
13 16
13 17
13 18
14 18
14 19
13 19
12 19
12 18
13 18
13 19
14 19
15 19
15 18
16 18
15 18
15 17
15 16
15 17
14 17
14 18
14 19
14 20
15 20
16 20
15 20
15 21
15 22
15 21
16 21
17 21
17 20
16 20
16 21
16 20
15 20
16 20
15 20
14 20
13 20
12 20
13 20
13 19
14 19
13 19
13 18
13 19
14 19
13 19
13 18
14 18
15 18
15 17
16 17
15 17
15 16
15 15
14 15
15 15
14 15
14 16
14 17
13 17
14 17
14 16
14 15
14 14
14 13
14 12
13 12
13 11
14 11
14 12
14 11
15 11
15 10
15 9
15 10
14 10
14 9
13 9
12 9
13 9
14 9
14 8
15 8
15 9
15 10
15 9
15 8
15 9
15 10
16 10
16 11
15 11
15 10
14 10
14 11
15 11
14 11
14 12
15 12
16 12
17 12
17 13
17 12
17 13
16 13
15 13
15 12
15 11
15 12
15 13
15 12
15 11
15 10
15 11
15 10
15 9
16 9
15 9
16 9
16 10
17 10
17 9
16 9
17 9
16 9
17 9
17 10
17 9
16 9
17 9
17 10
18 10
18 9
18 10
18 11
18 12
17 12
17 11
17 12
16 12
16 11
15 11
16 11
15 11
15 10
15 9
15 8
16 8
15 8
16 8
15 8
14 8
14 9
14 8
14 7
14 8
15 8
14 8
14 7
15 7
16 7
16 6
15 6
14 6
14 5
14 6
13 6
12 6
13 6
12 6
12 7
12 8
13 8
13 7
13 6
13 5
14 5
14 4
13 4
13 5
13 6
12 6
12 7
11 7
12 7
11 7
12 7
13 7
13 6
13 7
13 8
13 9
14 9
14 10
13 10
12 10
11 10
10 10
10 11
10 12
10 13
11 13
11 14
11 15
11 14
11 15
11 16
10 16
11 16
11 17
10 17
10 16
10 17
9 17
9 18
8 18
8 19
9 19
8 19
9 19
10 19
11 19
10 19
10 18
11 18
11 19
11 18
10 18
10 17
10 16
11 16
12 16
11 16
12 16
12 15
12 14
13 14
13 15
14 15
14 16
13 16
13 17
14 17
14 16
15 16
15 17
16 17
15 17
16 17
15 17
15 18
16 18
17 18
16 18
16 19
17 19
16 19
16 18
16 19
16 20
17 20
16 20
17 20
16 20
17 20
17 19
17 18
18 18
17 18
17 19
17 18
17 17
18 17
17 17
17 18
18 18
18 19
19 19
19 18
20 18
20 17
21 17
22 17
22 16
23 16
22 16
21 16
21 15
21 16
21 15
21 16
21 17
21 18
21 17
20 17
20 16
21 16
20 16
20 17
19 17
19 18
19 17
19 18
19 19
20 19
19 19
19 18
20 18
20 17
21 17
20 17
19 17
19 16
19 17
19 16
20 16
19 16
20 16
20 15
19 15
20 15
20 16
21 16
20 16
21 16
22 16
22 15
21 15
21 16
21 15
21 16
22 16
22 17
23 17
23 16
23 15
23 14
23 15
24 15
25 15
25 16
25 17
25 16
26 16
26 15
26 14
26 15
26 16
25 16
25 15
26 15
27 15
27 14
28 14
28 13
28 12
28 13
28 12
28 13
29 13
28 13
27 13
27 12
27 13
27 14
28 14
29 14
29 13
29 14
28 14
28 13
27 13
27 12
28 12
29 12
29 11
30 11
29 11
30 11
29 11
29 10
30 10
30 11
30 12
30 11
29 11
29 12
29 11
29 12
30 12
29 12
30 12
29 12
30 12
31 12
31 11
31 10
32 10
32 9
32 10
31 10
31 11
31 12
30 12
30 11
29 11
28 11
29 11
28 11
27 11
27 10
28 10
28 9
27 9
27 8
26 8
25 8
25 7
24 7
23 7
22 7
21 7
20 7
20 6
20 7
20 6
20 7
20 8
20 7
20 8
21 8
21 7
22 7
22 6
21 6
22 6
22 5
23 5
23 6
24 6
24 7
23 7
22 7
22 6
21 6
21 5
21 4
20 4
20 3
19 3
19 2
20 2
21 2
22 2
22 3
23 3
23 4
22 4
23 4
24 4
24 5
25 5
24 5
24 6
25 6
25 7
25 6
24 6
24 5
23 5
23 4
23 5
23 4
23 5
23 4
23 5
23 4
24 4
24 5
24 4
23 4
24 4
23 4
24 4
25 4
24 4
23 4
23 3
24 3
23 3
23 2
23 1
22 1
23 1
23 0
22 0
22 1
22 0
22 1
23 1
23 0
22 0
21 0
21 1
20 1
21 1
21 2
20 2
19 2
20 2
20 3
20 4
19 4
20 4
21 4
21 5
21 4
21 5
21 6
21 7
20 7
19 7
18 7
17 7
16 7
17 7
16 7
16 6
16 7
16 6
16 7
16 6
16 5
17 5
17 6
17 7
17 6
17 7
16 7
15 7
15 8
16 8
17 8
16 8
17 8
17 9
18 9
17 9
17 10
16 10
15 10
14 10
13 10
14 10
14 9
14 10
13 10
14 10
14 11
13 11
12 11
13 11
13 10
14 10
15 10
16 10
16 11
17 11
17 10
18 10
18 11
18 12
19 12
18 12
18 11
18 10
18 11
19 11
18 11
17 11
17 10
17 9
18 9
17 9
17 8
18 8
18 7
17 7
17 6
16 6
16 5
16 6
17 6
16 6
16 7
16 8
17 8
16 8
17 8
16 8
17 8
18 8
18 9
17 9
16 9
15 9
14 9
