0 0
0 1
1 1
2 1
3 1
2 1
2 0
3 0
2 0
1 0
1 1
1 2
0 2
1 2
0 2
0 1
0 0
0 1
0 2
1 2
1 1
1 2
0 2
0 3
0 2
0 1
0 2
1 2
0 2
1 2
0 2
1 2
2 2
1 2
1 1
1 2
1 3
1 4
2 4
3 4
4 4
4 5
5 5
4 5
4 4
4 3
4 2
5 2
5 1
5 0
4 0
4 1
4 0
4 1
5 1
6 1
6 0
6 1
5 1
5 0
4 0
4 1
4 0
5 0
5 1
5 0
5 1
5 2
5 3
6 3
6 4
6 3
6 2
6 1
6 2
6 3
5 3
4 3
4 4
4 3
4 4
4 3
4 2
5 2
6 2
6 1
7 1
7 2
6 2
6 1
7 1
6 1
7 1
7 0
7 1
7 2
7 1
7 2
7 3
7 2
7 1
7 0
7 1
6 1
7 1
7 2
8 2
8 3
8 4
7 4
6 4
5 4
5 3
5 2
5 1
4 1
5 1
5 2
5 1
6 1
6 0
6 1
6 2
6 3
6 4
5 4
4 4
3 4
4 4
5 4
6 4
7 4
6 4
6 5
7 5
7 6
7 5
7 4
6 4
6 5
7 5
8 5
9 5
9 4
10 4
9 4
10 4
9 4
9 5
8 5
8 4
7 4
7 3
8 3
8 2
7 2
8 2
7 2
8 2
9 2
9 3
10 3
10 2
11 2
11 1
12 1
11 1
10 1
9 1
8 1
9 1
10 1
10 2
9 2
10 2
9 2
9 3
8 3
8 2
7 2
7 3
7 4
7 3
8 3
9 3
10 3
11 3
11 2
10 2
10 1
10 0
10 1
10 2
9 2
8 2
7 2
7 1
8 1
9 1
10 1
9 1
10 1
9 1
8 1
7 1
7 2
7 1
6 1
6 2
5 2
4 2
5 2
5 3
6 3
7 3
7 2
6 2
6 1
6 0
5 0
5 1
4 1
4 2
5 2
5 1
5 2
5 1
5 2
5 1
5 0
5 1
6 1
5 1
5 2
4 2
5 2
4 2
4 1
5 1
5 0
6 0
6 1
5 1
6 1
7 1
7 2
6 2
7 2
6 2
6 3
7 3
7 4
8 4
9 4
9 5
9 4
10 4
10 3
11 3
11 4
11 5
12 5
12 6
11 6
12 6
13 6
13 7
12 7
11 7
12 7
12 6
12 7
12 8
12 9
12 10
13 10
12 10
12 9
12 8
12 9
12 8
11 8
12 8
11 8
11 9
12 9
11 9
11 10
11 9
11 10
11 11
10 11
9 11
9 12
9 13
8 13
8 14
9 14
9 13
9 12
10 12
10 11
10 12
10 11
9 11
8 11
7 11
8 11
9 11
9 12
10 12
10 13
10 12
10 13
9 13
9 14
9 15
9 16
10 16
10 17
11 17
11 16
11 15
10 15
10 16
11 16
11 15
11 14
12 14
12 13
12 12
13 12
12 12
12 13
13 13
13 12
12 12
13 12
13 11
13 12
13 11
13 12
12 12
13 12
13 11
13 12
12 12
11 12
11 13
10 13
9 13
8 13
9 13
8 13
8 14
8 15
7 15
7 14
7 15
7 14
7 15
8 15
9 15
9 16
8 16
8 17
9 17
10 17
9 17
10 17
10 16
9 16
10 16
10 17
10 18
10 17
10 18
9 18
9 17
9 18
9 19
9 20
8 20
8 21
8 20
7 20
6 20
6 19
6 18
5 18
5 19
5 18
5 19
5 18
6 18
6 19
6 20
7 20
6 20
7 20
7 19
8 19
8 18
8 19
9 19
8 19
7 19
8 19
8 20
7 20
7 21
8 21
8 22
9 22
9 23
8 23
8 24
8 23
8 24
7 24
7 25
8 25
9 25
9 24
9 23
9 24
10 24
10 25
9 25
9 26
9 27
9 26
9 27
10 27
9 27
8 27
9 27
9 28
9 27
10 27
9 27
9 28
9 29
10 29
9 29
8 29
7 29
7 30
8 30
8 29
8 28
8 27
7 27
8 27
8 26
8 27
7 27
7 26
7 25
7 24
6 24
6 25
6 26
7 26
7 27
7 26
8 26
8 27
8 26
8 27
8 28
8 27
8 26
9 26
9 27
10 27
10 28
11 28
12 28
13 28
12 28
12 27
11 27
10 27
11 27
11 26
12 26
13 26
14 26
15 26
14 26
14 27
14 26
14 27
13 27
13 26
14 26
13 26
12 26
12 27
12 26
11 26
10 26
9 26
9 27
10 27
10 28
9 28
9 29
9 30
9 31
9 32
8 32
7 32
8 32
7 32
7 31
8 31
8 32
7 32
7 31
6 31
6 30
6 31
6 30
6 29
6 28
5 28
4 28
3 28
3 29
2 29
2 30
2 31
2 30
2 29
1 29
1 30
1 31
0 31
1 31
1 30
1 31
2 31
3 31
3 32
3 33
3 34
3 35
3 36
3 37
3 38
2 38
3 38
3 39
4 39
3 39
4 39
3 39
2 39
2 38
3 38
2 38
1 38
2 38
1 38
1 39
2 39
2 38
3 38
4 38
4 37
3 37
3 38
4 38
4 37
4 36
3 36
3 35
4 35
4 36
5 36
6 36
6 37
5 37
6 37
5 37
5 36
6 36
5 36
5 35
5 36
5 35
6 35
6 34
6 33
6 32
6 33
5 33
6 33
7 33
7 32
6 32
5 32
5 33
5 34
5 35
6 35
6 36
6 37
6 36
6 37
5 37
6 37
5 37
5 38
4 38
4 37
4 36
4 35
5 35
5 34
5 35
6 35
6 34
6 33
6 34
5 34
6 34
5 34
6 34
6 33
6 34
6 33
6 34
7 34
7 33
8 33
8 32
8 33
8 32
7 32
8 32
8 31
8 32
9 32
8 32
8 31
8 30
8 31
9 31
10 31
10 30
10 31
9 31
9 32
10 32
10 31
10 30
11 30
10 30
11 30
12 30
13 30
12 30
11 30
11 29
12 29
13 29
14 29
15 29
14 29
13 29
13 30
13 29
14 29
14 30
14 29
15 29
16 29
16 30
16 29
17 29
17 30
18 30
18 29
18 30
18 29
18 28
17 28
17 29
16 29
16 30
16 31
16 30
15 30
14 30
14 29
13 29
13 28
13 29
13 28
13 29
12 29
12 30
12 31
13 31
13 30
12 30
12 29
11 29
12 29
12 28
12 27
12 28
11 28
11 29
11 28
12 28
11 28
10 28
10 27
9 27
8 27
8 28
7 28
7 29
6 29
5 29
5 30
6 30
5 30
5 31
5 32
4 32
4 31
3 31
3 32
4 32
4 31
4 32
3 32
3 31
3 30
3 29
4 29
5 29
6 29
6 28
5 28
4 28
3 28
3 27
3 28
2 28
1 28
0 28
0 29
0 28
1 28
1 27
0 27
0 26
0 27
1 27
1 26
1 27
1 26
1 27
1 28
1 29
1 28
1 27
0 27
1 27
1 28
1 27
2 27
3 27
4 27
5 27
4 27
4 26
4 27
5 27
4 27
4 28
4 27
3 27
2 27
2 28
3 28
3 27
4 27
4 28
4 27
4 28
4 27
3 27
4 27
4 26
3 26
3 25
3 26
3 27
3 28
2 28
2 27
1 27
1 26
1 25
1 26
1 25
2 25
2 26
2 27
2 26
2 27
2 28
2 29
2 28
1 28
1 27
1 26
2 26
1 26
0 26
0 27
1 27
1 28
0 28
0 29
1 29
1 28
0 28
0 27
1 27
1 28
0 28
0 27
1 27
1 28
1 29
2 29
1 29
1 30
1 31
2 31
2 30
2 29
1 29
2 29
3 29
2 29
2 30
3 30
2 30
2 31
3 31
3 30
3 29
3 30
3 29
3 30
3 29
3 30
2 30
2 29
1 29
2 29
3 29
4 29
5 29
4 29
4 30
5 30
5 29
5 28
4 28
5 28
6 28
7 28
6 28
7 28
8 28
8 27
8 26
8 27
9 27
9 28
10 28
10 29
10 28
10 29
10 30
10 29
10 28
10 27
10 28
10 27
10 26
10 27
10 26
10 27
10 26
9 26
9 25
9 24
9 23
9 22
8 22
9 22
10 22
11 22
11 21
10 21
9 21
9 20
9 21
9 20
9 19
10 19
10 18
9 18
10 18
10 17
9 17
10 17
10 18
10 19
10 18
9 18
9 17
9 18
9 17
9 18
10 18
11 18
12 18
11 18
12 18
13 18
14 18
15 18
15 19
16 19
16 20
15 20
14 20
14 21
15 21
15 22
14 22
13 22
13 21
13 22
13 21
14 21
15 21
16 21
15 21
14 21
14 22
15 22
15 21
15 20
15 21
15 22
16 22
16 23
16 24
16 23
16 22
16 21
16 20
17 20
17 21
17 22
17 21
16 21
16 22
15 22
14 22
15 22
15 23
14 23
14 24
14 25
13 25
13 24
13 23
13 24
13 23
14 23
13 23
14 23
15 23
16 23
16 24
17 24
