0 0
1 0
1 1
2 1
3 1
3 2
3 1
2 1
2 0
2 1
3 1
3 2
3 1
4 1
5 1
6 1
6 2
6 1
7 1
8 1
8 2
9 2
8 2
7 2
7 3
7 4
8 4
9 4
9 5
8 5
8 4
9 4
10 4
10 5
11 5
11 4
12 4
12 5
13 5
14 5
14 6
13 6
12 6
11 6
10 6
10 7
10 8
11 8
10 8
9 8
9 9
9 8
8 8
9 8
8 8
8 9
8 8
8 9
9 9
10 9
11 9
12 9
12 10
12 11
12 10
12 11
12 12
12 13
11 13
11 12
12 12
12 13
12 12
13 12
14 12
14 13
14 14
15 14
15 13
15 12
15 11
15 12
14 12
14 13
14 14
15 14
16 14
16 13
16 12
16 11
15 11
16 11
15 11
15 12
15 11
16 11
16 12
16 11
16 12
16 13
17 13
18 13
18 12
18 13
17 13
17 14
18 14
19 14
19 15
20 15
21 15
21 14
21 13
21 14
22 14
21 14
22 14
23 14
22 14
21 14
21 13
20 13
19 13
18 13
19 13
19 12
20 12
21 12
20 12
21 12
22 12
22 13
22 14
22 13
23 13
22 13
22 12
22 11
22 12
21 12
20 12
20 13
21 13
22 13
22 12
22 13
22 12
23 12
23 11
24 11
24 12
25 12
26 12
26 11
26 12
25 12
24 12
24 13
24 12
23 12
23 11
22 11
22 12
21 12
21 13
22 13
23 13
23 12
22 12
22 11
23 11
22 11
23 11
23 10
22 10
22 11
23 11
22 11
21 11
21 10
22 10
22 11
21 11
20 11
20 12
19 12
18 12
18 11
18 12
18 13
18 14
18 15
19 15
19 14
18 14
19 14
19 13
18 13
17 13
16 13
16 14
16 13
16 14
17 14
18 14
19 14
20 14
21 14
20 14
21 14
21 13
22 13
23 13
22 13
23 13
24 13
24 14
23 14
23 15
23 14
23 13
23 12
23 13
24 13
25 13
24 13
23 13
24 13
24 12
24 11
24 12
24 13
23 13
23 12
23 11
23 10
22 10
22 11
23 11
23 12
22 12
23 12
22 12
21 12
22 12
23 12
22 12
21 12
21 13
22 13
21 13
21 12
22 12
21 12
20 12
21 12
20 12
21 12
20 12
21 12
20 12
19 12
19 13
20 13
21 13
20 13
20 12
19 12
19 13
18 13
19 13
18 13
18 14
18 15
17 15
16 15
16 16
15 16
14 16
13 16
14 16
13 16
13 17
13 18
13 19
13 18
14 18
14 17
14 18
15 18
15 17
16 17
16 16
15 16
15 17
16 17
16 16
16 17
15 17
14 17
15 17
15 18
16 18
16 19
16 20
15 20
15 19
15 18
14 18
15 18
15 17
15 16
15 17
16 17
17 17
17 18
17 17
17 16
17 17
18 17
19 17
19 16
19 15
18 15
18 14
18 15
18 14
18 13
18 14
19 14
20 14
21 14
20 14
21 14
20 14
19 14
20 14
19 14
18 14
18 13
18 12
17 12
17 11
17 10
16 10
17 10
18 10
17 10
16 10
16 11
16 12
17 12
17 13
16 13
16 14
16 15
17 15
18 15
18 16
17 16
17 17
17 16
18 16
17 16
16 16
15 16
15 15
15 16
15 15
15 16
16 16
15 16
15 15
14 15
14 14
13 14
12 14
11 14
11 15
11 16
11 17
11 16
10 16
10 15
9 15
10 15
10 14
10 13
10 12
10 11
11 11
10 11
10 12
11 12
11 11
11 10
11 9
11 8
12 8
11 8
11 7
10 7
10 8
9 8
9 7
8 7
8 6
7 6
8 6
8 7
7 7
8 7
7 7
6 7
5 7
5 6
5 7
4 7
4 6
3 6
3 7
3 8
4 8
4 9
5 9
6 9
5 9
6 9
6 10
6 11
6 10
6 11
6 12
7 12
7 13
8 13
8 14
8 13
7 13
7 14
8 14
8 15
8 14
9 14
9 13
9 14
9 13
9 14
8 14
9 14
9 15
9 16
9 15
8 15
8 16
8 15
7 15
6 15
7 15
6 15
5 15
5 16
6 16
7 16
7 17
7 18
7 17
6 17
7 17
7 18
8 18
8 19
9 19
9 20
8 20
8 19
8 18
9 18
9 17
8 17
9 17
9 16
8 16
8 17
9 17
8 17
8 18
7 18
7 17
7 18
8 18
8 17
7 17
7 16
7 15
7 14
7 13
6 13
6 12
6 13
6 12
6 11
6 10
6 11
6 10
7 10
8 10
7 10
8 10
8 9
8 10
9 10
9 11
9 12
9 13
10 13
9 13
9 14
9 13
9 14
8 14
8 15
8 16
7 16
7 17
6 17
7 17
7 16
7 15
6 15
5 15
5 16
5 17
5 18
5 17
5 16
4 16
5 16
6 16
7 16
6 16
7 16
6 16
6 17
5 17
5 16
5 17
4 17
4 16
4 17
4 18
4 17
5 17
5 16
5 15
6 15
6 14
6 15
6 16
7 16
7 17
8 17
7 17
6 17
6 16
5 16
6 16
6 17
5 17
5 16
5 17
5 18
5 17
6 17
5 17
6 17
7 17
8 17
8 18
8 17
7 17
6 17
7 17
8 17
9 17
10 17
9 17
9 18
9 19
9 20
9 21
10 21
11 21
12 21
11 21
11 20
11 21
10 21
10 22
10 21
11 21
11 22
11 23
10 23
10 22
11 22
12 22
13 22
13 23
13 22
13 21
12 21
12 22
11 22
10 22
11 22
12 22
12 23
12 22
11 22
11 21
11 20
11 19
12 19
12 20
12 21
12 22
13 22
12 22
13 22
13 21
14 21
14 20
14 19
14 18
13 18
12 18
12 17
13 17
14 17
14 18
14 17
15 17
15 18
14 18
14 17
14 16
15 16
15 17
14 17
15 17
15 18
15 19
14 19
15 19
15 20
16 20
16 19
15 19
15 20
15 21
14 21
14 22
14 23
14 22
14 23
14 22
14 23
15 23
15 22
15 23
15 22
15 21
15 22
15 23
14 23
14 22
14 23
14 22
13 22
12 22
12 23
12 22
12 21
11 21
10 21
9 21
8 21
9 21
10 21
10 22
11 22
10 22
10 23
10 24
9 24
10 24
10 23
11 23
10 23
9 23
9 24
9 23
9 22
8 22
9 22
9 23
9 22
9 21
8 21
9 21
8 21
7 21
7 20
6 20
7 20
8 20
7 20
6 20
6 19
7 19
7 18
8 18
7 18
7 17
6 17
6 16
6 15
6 14
6 15
6 16
6 15
6 16
6 17
5 17
6 17
7 17
8 17
9 17
9 18
9 17
8 17
8 18
8 17
8 18
9 18
9 17
8 17
8 18
8 19
9 19
9 18
9 17
9 18
9 17
8 17
9 17
8 17
8 18
7 18
7 19
7 20
7 21
6 21
7 21
8 21
9 21
10 21
9 21
9 22
9 23
8 23
8 24
8 23
8 22
7 22
7 23
8 23
9 23
9 24
9 23
9 24
9 25
10 25
10 26
10 27
9 27
9 28
9 29
9 30
8 30
7 30
7 31
8 31
7 31
8 31
8 30
8 31
7 31
7 32
6 32
7 32
8 32
8 33
8 32
9 32
8 32
8 33
8 32
8 31
8 30
9 30
9 29
9 28
8 28
8 29
8 28
9 28
10 28
9 28
9 29
9 30
9 29
10 29
11 29
10 29
10 30
11 30
11 29
12 29
12 30
12 29
12 28
13 28
14 28
15 28
14 28
14 29
14 28
15 28
15 29
15 30
16 30
16 31
17 31
16 31
16 30
16 31
16 32
16 31
16 32
16 33
15 33
15 34
16 34
16 35
17 35
17 34
17 33
17 34
17 33
16 33
17 33
17 32
16 32
17 32
17 33
17 32
17 33
17 32
17 31
17 32
17 31
17 30
17 31
18 31
17 31
17 30
17 31
16 31
16 30
15 30
15 29
14 29
13 29
12 29
11 29
11 28
10 28
10 29
10 30
11 30
10 30
10 29
11 29
12 29
11 29
11 30
11 29
12 29
12 30
12 31
11 31
12 31
12 32
13 32
14 32
14 31
15 31
15 30
14 30
15 30
15 31
16 31
17 31
17 32
16 32
17 32
18 32
18 31
19 31
19 32
19 33
18 33
19 33
19 32
20 32
20 33
20 34
20 33
21 33
20 33
20 34
20 33
20 34
20 33
19 33
19 34
20 34
19 34
18 34
17 34
17 35
16 35
16 36
16 35
17 35
18 35
18 34
18 35
18 36
18 35
19 35
18 35
17 35
18 35
18 36
18 35
18 36
18 37
17 37
18 37
17 37
18 37
18 38
18 39
19 39
20 39
21 39
21 38
21 39
22 39
22 38
21 38
21 37
21 38
22 38
22 37
21 37
22 37
21 37
22 37
23 37
23 38
23 39
24 39
24 38
25 38
25 39
25 38
24 38
25 38
26 38
25 38
24 38
24 37
24 36
24 37
25 37
26 37
