0 0
0 1
1 1
1 0
2 0
1 0
2 0
3 0
3 1
3 0
3 1
3 2
3 1
4 1
4 0
3 0
3 1
3 0
4 0
3 0
3 1
2 1
3 1
4 1
4 2
4 1
4 0
4 1
3 1
4 1
4 2
3 2
2 2
3 2
3 1
4 1
4 0
3 0
3 1
3 0
3 1
3 2
3 1
2 1
2 0
2 1
3 1
2 1
3 1
2 1
1 1
2 1
1 1
1 2
0 2
1 2
1 3
2 3
1 3
0 3
1 3
1 4
1 3
2 3
3 3
3 2
3 1
2 1
2 0
2 1
2 0
3 0
3 1
4 1
5 1
6 1
5 1
4 1
4 2
4 1
4 0
5 0
5 1
4 1
4 2
5 2
5 3
6 3
6 2
6 1
5 1
5 2
5 1
5 2
5 3
5 2
5 3
5 2
5 3
5 2
5 1
5 2
5 1
4 1
5 1
5 0
6 0
7 0
7 1
8 1
9 1
9 0
10 0
10 1
10 0
9 0
9 1
10 1
9 1
8 1
8 2
7 2
7 3
7 2
7 1
6 1
6 2
5 2
5 1
6 1
5 1
5 0
5 1
6 1
7 1
8 1
7 1
6 1
7 1
6 1
6 0
6 1
5 1
5 2
6 2
7 2
7 1
8 1
8 2
9 2
10 2
9 2
9 3
9 2
9 3
10 3
10 4
11 4
10 4
11 4
11 3
11 2
10 2
10 3
10 2
10 3
9 3
10 3
10 4
10 5
10 6
10 5
11 5
11 4
12 4
12 5
12 4
13 4
13 5
13 4
14 4
15 4
16 4
16 5
16 4
17 4
18 4
18 3
19 3
18 3
18 2
17 2
17 1
17 2
17 3
17 4
18 4
18 5
18 4
18 3
17 3
16 3
16 4
15 4
14 4
13 4
14 4
14 3
15 3
15 2
15 3
15 4
15 3
15 2
16 2
16 3
17 3
16 3
17 3
16 3
15 3
15 4
16 4
16 5
16 4
16 5
16 4
16 5
17 5
18 5
18 4
17 4
16 4
15 4
15 5
15 4
16 4
16 5
16 4
16 3
16 2
17 2
16 2
15 2
15 3
15 4
15 5
16 5
16 6
15 6
14 6
15 6
16 6
16 7
16 6
16 5
16 6
16 5
15 5
16 5
16 6
15 6
15 5
14 5
14 4
13 4
13 5
13 4
12 4
12 5
13 5
12 5
13 5
12 5
12 4
13 4
13 5
12 5
11 5
11 4
10 4
10 5
11 5
11 4
11 3
10 3
11 3
10 3
10 2
10 1
11 1
11 0
10 0
11 0
11 1
11 2
11 3
11 2
10 2
11 2
10 2
10 1
9 1
10 1
10 0
9 0
9 1
9 2
9 3
10 3
9 3
9 4
9 5
9 6
9 5
8 5
8 4
8 3
8 4
9 4
10 4
9 4
9 3
8 3
8 2
7 2
7 1
7 0
6 0
6 1
6 2
6 3
5 3
5 4
5 3
6 3
7 3
8 3
8 2
8 3
8 2
9 2
9 3
9 2
8 2
7 2
7 1
7 2
7 1
7 2
7 1
7 0
7 1
7 2
7 3
7 4
7 3
8 3
7 3
7 2
8 2
7 2
8 2
8 1
9 1
10 1
10 2
10 3
11 3
10 3
10 2
10 3
9 3
9 4
8 4
8 3
7 3
6 3
7 3
7 4
7 5
7 6
7 7
6 7
7 7
7 6
7 7
7 8
8 8
7 8
8 8
8 7
8 8
7 8
8 8
7 8
6 8
7 8
6 8
5 8
5 9
5 8
6 8
7 8
8 8
7 8
6 8
6 9
7 9
7 8
8 8
7 8
7 9
8 9
7 9
7 10
7 11
8 11
8 10
8 11
7 11
8 11
9 11
9 12
8 12
8 13
8 14
7 14
7 13
7 12
6 12
6 13
5 13
5 12
5 11
4 11
4 10
4 11
3 11
3 12
3 11
2 11
3 11
4 11
5 11
5 12
4 12
4 11
5 11
5 12
6 12
6 13
6 12
7 12
7 13
8 13
8 14
8 15
8 14
8 15
8 16
7 16
7 15
7 16
6 16
6 15
6 16
5 16
5 15
5 16
5 17
5 18
6 18
6 19
6 18
6 19
6 20
6 19
6 20
5 20
6 20
6 21
6 20
6 19
6 20
6 19
6 18
6 17
5 17
4 17
5 17
5 18
5 17
6 17
6 16
7 16
7 17
8 17
8 18
9 18
10 18
11 18
12 18
12 19
11 19
11 18
10 18
11 18
12 18
12 19
13 19
13 18
13 17
13 18
13 19
13 20
14 20
14 21
14 20
13 20
14 20
14 21
14 22
15 22
15 23
14 23
13 23
14 23
14 22
14 21
14 20
13 20
12 20
12 21
13 21
12 21
13 21
14 21
14 22
13 22
12 22
11 22
12 22
12 21
13 21
12 21
12 22
13 22
13 23
13 24
14 24
14 23
14 24
13 24
13 25
13 24
13 25
13 24
14 24
13 24
14 24
14 25
14 26
14 25
13 25
13 24
13 23
14 23
15 23
15 24
15 25
14 25
13 25
13 26
12 26
12 27
11 27
10 27
10 28
10 29
10 30
11 30
12 30
11 30
10 30
10 31
9 31
9 30
9 31
9 32
10 32
11 32
12 32
12 33
12 32
12 31
12 32
12 33
11 33
12 33
12 32
12 33
12 34
13 34
13 35
14 35
14 36
14 37
14 36
15 36
15 35
16 35
16 36
17 36
17 35
16 35
15 35
14 35
15 35
15 34
14 34
14 33
14 34
14 33
15 33
15 32
15 33
14 33
14 34
15 34
15 33
15 32
15 33
15 32
16 32
15 32
15 31
14 31
14 30
14 31
14 30
15 30
14 30
14 29
15 29
14 29
14 30
14 29
13 29
14 29
14 28
13 28
12 28
12 27
13 27
13 28
13 29
12 29
13 29
14 29
15 29
14 29
15 29
15 30
16 30
17 30
17 29
17 30
16 30
15 30
16 30
17 30
16 30
17 30
18 30
18 29
19 29
20 29
20 30
20 31
21 31
22 31
21 31
20 31
21 31
21 32
22 32
21 32
21 31
20 31
19 31
18 31
17 31
17 30
17 29
16 29
16 28
15 28
16 28
15 28
15 29
15 28
16 28
17 28
17 29
17 28
17 27
17 28
18 28
18 27
18 28
17 28
17 27
17 28
16 28
15 28
14 28
15 28
16 28
17 28
18 28
19 28
20 28
20 27
20 28
21 28
20 28
20 29
20 30
21 30
21 31
22 31
22 30
22 29
21 29
21 30
21 31
21 32
21 33
21 34
22 34
22 35
22 36
22 35
23 35
23 36
23 37
22 37
23 37
22 37
23 37
22 37
23 37
22 37
22 38
21 38
20 38
21 38
21 37
20 37
21 37
21 36
21 37
21 38
22 38
23 38
23 39
23 40
22 40
21 40
21 39
22 39
22 38
22 39
21 39
21 38
20 38
19 38
18 38
19 38
20 38
19 38
18 38
18 39
18 38
19 38
18 38
17 38
18 38
18 39
19 39
19 38
20 38
20 37
19 37
18 37
17 37
18 37
18 36
19 36
20 36
20 35
20 34
21 34
21 35
21 34
22 34
22 33
21 33
20 33
19 33
20 33
20 34
20 33
21 33
20 33
20 34
21 34
21 35
20 35
20 34
19 34
19 35
18 35
18 36
17 36
18 36
18 37
18 38
19 38
19 39
20 39
19 39
19 38
19 37
20 37
21 37
21 36
20 36
19 36
19 37
20 37
20 36
19 36
20 36
20 35
20 34
20 33
20 34
21 34
22 34
22 33
21 33
21 32
21 33
20 33
20 32
19 32
20 32
20 33
20 32
20 33
21 33
20 33
20 34
20 33
20 34
20 33
20 32
20 33
21 33
21 34
20 34
21 34
22 34
23 34
24 34
23 34
22 34
21 34
22 34
22 35
21 35
20 35
20 34
20 35
19 35
20 35
21 35
21 34
21 35
21 36
22 36
21 36
21 35
20 35
21 35
21 34
20 34
20 33
21 33
21 32
20 32
20 33
19 33
19 32
19 33
19 32
19 33
18 33
19 33
19 32
19 31
18 31
18 32
17 32
18 32
18 33
18 32
18 33
18 32
18 31
19 31
20 31
20 30
20 31
20 30
21 30
20 30
19 30
19 29
20 29
20 28
20 27
20 28
20 27
20 28
21 28
21 29
22 29
22 30
21 30
21 31
20 31
20 30
19 30
19 31
18 31
17 31
16 31
16 30
16 29
16 30
15 30
15 29
15 28
14 28
13 28
12 28
13 28
13 27
13 28
14 28
15 28
15 29
15 30
16 30
15 30
15 29
15 28
14 28
15 28
16 28
15 28
14 28
15 28
14 28
15 28
14 28
14 29
13 29
13 30
14 30
15 30
15 31
15 32
16 32
17 32
17 31
16 31
16 32
16 31
15 31
16 31
16 30
16 31
16 30
17 30
17 31
16 31
