0 0
0 1
0 2
1 2
1 3
1 2
1 3
0 3
0 4
1 4
0 4
0 5
0 6
0 7
0 8
0 9
1 9
2 9
3 9
2 9
3 9
3 10
3 11
2 11
3 11
3 10
3 11
3 10
4 10
4 11
3 11
2 11
1 11
1 10
1 11
1 10
1 9
1 10
1 11
1 12
2 12
1 12
1 11
0 11
1 11
1 12
1 11
2 11
2 10
2 9
2 10
2 11
2 10
1 10
0 10
0 9
0 10
1 10
1 11
1 12
0 12
1 12
1 11
1 12
2 12
1 12
2 12
2 11
1 11
0 11
0 12
1 12
0 12
0 13
1 13
1 14
1 15
0 15
1 15
2 15
3 15
3 14
4 14
3 14
2 14
2 15
3 15
4 15
4 16
5 16
5 17
5 16
4 16
3 16
2 16
3 16
4 16
5 16
5 17
4 17
5 17
4 17
4 18
3 18
3 17
2 17
3 17
3 16
2 16
1 16
0 16
1 16
2 16
2 15
1 15
0 15
0 16
0 15
1 15
1 16
1 17
1 16
1 15
2 15
2 14
2 15
3 15
3 16
3 17
4 17
4 18
4 19
4 18
4 17
5 17
4 17
4 16
5 16
5 17
6 17
5 17
6 17
6 18
6 19
6 20
6 21
5 21
4 21
4 20
3 20
4 20
4 19
3 19
3 20
2 20
2 19
1 19
0 19
1 19
1 20
2 20
2 21
3 21
4 21
4 20
5 20
5 19
5 18
6 18
6 17
6 16
6 15
5 15
4 15
4 14
3 14
3 15
2 15
2 14
3 14
2 14
2 15
2 16
2 17
1 17
0 17
1 17
1 18
0 18
1 18
2 18
1 18
1 17
2 17
2 16
1 16
2 16
3 16
2 16
1 16
2 16
1 16
1 15
2 15
2 14
2 15
3 15
3 16
2 16
2 15
2 14
1 14
1 15
1 14
1 13
0 13
0 14
1 14
0 14
0 15
1 15
1 14
2 14
3 14
3 13
2 13
1 13
0 13
0 12
0 13
1 13
1 14
0 14
1 14
0 14
0 15
1 15
2 15
2 14
2 15
1 15
1 16
2 16
1 16
1 15
1 16
1 17
0 17
1 17
1 16
2 16
1 16
0 16
0 15
1 15
1 14
1 13
1 14
0 14
0 15
1 15
2 15
1 15
1 14
1 13
1 14
1 13
1 12
2 12
3 12
2 12
1 12
0 12
0 11
1 11
2 11
1 11
1 12
0 12
1 12
1 13
1 12
2 12
2 11
2 12
1 12
1 11
2 11
2 10
3 10
3 9
3 8
2 8
2 7
3 7
3 8
3 9
3 8
2 8
1 8
1 7
2 7
3 7
2 7
3 7
3 8
3 9
2 9
2 10
2 11
1 11
1 10
0 10
1 10
1 11
2 11
2 12
1 12
1 11
2 11
3 11
3 12
3 11
2 11
1 11
1 10
1 11
0 11
0 10
1 10
1 11
2 11
3 11
3 12
3 11
2 11
2 12
1 12
0 12
1 12
1 13
1 14
1 15
0 15
0 16
1 16
1 17
1 16
2 16
2 17
3 17
2 17
2 18
2 19
2 18
3 18
3 19
2 19
2 20
1 20
2 20
2 21
2 20
2 19
2 18
3 18
4 18
3 18
2 18
3 18
3 17
3 18
3 19
4 19
4 20
3 20
3 21
2 21
3 21
2 21
2 22
2 23
3 23
4 23
4 22
3 22
4 22
4 23
5 23
6 23
6 22
5 22
5 21
4 21
4 20
4 19
4 20
3 20
4 20
5 20
4 20
4 21
3 21
3 20
4 20
4 19
3 19
3 20
3 21
3 22
4 22
5 22
6 22
7 22
7 23
7 22
6 22
5 22
6 22
6 23
5 23
5 24
4 24
4 23
5 23
6 23
7 23
6 23
7 23
8 23
7 23
6 23
5 23
5 22
4 22
4 21
4 22
5 22
6 22
7 22
7 21
7 20
7 19
6 19
6 18
7 18
7 17
7 16
6 16
6 17
5 17
5 18
5 19
4 19
5 19
4 19
4 18
5 18
6 18
5 18
5 19
6 19
6 18
7 18
7 17
7 16
7 17
6 17
6 16
7 16
6 16
6 17
7 17
8 17
8 16
9 16
9 15
9 16
10 16
9 16
9 17
8 17
8 18
8 19
7 19
7 20
6 20
6 21
6 20
7 20
7 19
7 18
7 17
6 17
5 17
6 17
5 17
6 17
6 18
6 17
6 16
6 17
6 16
6 15
7 15
7 16
6 16
5 16
6 16
6 17
6 18
6 19
6 20
6 21
6 20
7 20
7 21
6 21
6 22
5 22
5 21
4 21
4 20
4 19
4 20
3 20
3 19
3 18
3 19
3 18
2 18
2 19
1 19
1 20
0 20
0 21
0 20
1 20
1 19
1 20
1 19
1 20
1 19
0 19
1 19
1 18
1 17
2 17
1 17
1 18
0 18
0 17
0 18
0 17
0 16
0 17
0 16
1 16
1 17
1 18
1 17
2 17
3 17
2 17
2 16
3 16
4 16
5 16
5 17
4 17
3 17
2 17
2 18
2 19
1 19
0 19
1 19
1 18
1 17
2 17
2 16
1 16
2 16
2 15
3 15
3 16
3 15
4 15
5 15
5 14
4 14
3 14
2 14
3 14
3 13
4 13
4 12
5 12
6 12
7 12
7 11
7 10
6 10
5 10
5 9
4 9
4 10
3 10
3 11
4 11
4 12
5 12
5 11
5 12
5 11
5 10
4 10
4 9
4 10
4 9
3 9
3 10
4 10
4 9
4 10
4 11
4 10
4 11
3 11
3 12
2 12
1 12
1 13
1 12
1 11
0 11
1 11
0 11
0 12
0 13
1 13
0 13
0 14
1 14
1 15
1 16
2 16
2 15
1 15
0 15
1 15
2 15
1 15
2 15
1 15
1 16
0 16
1 16
2 16
1 16
0 16
0 17
1 17
1 18
2 18
1 18
1 17
1 18
1 19
1 20
1 21
1 20
1 21
0 21
1 21
1 22
1 21
0 21
0 22
0 23
1 23
2 23
3 23
3 24
3 25
3 24
2 24
3 24
3 25
3 26
4 26
4 27
4 26
4 27
5 27
4 27
5 27
4 27
5 27
4 27
4 28
4 29
3 29
2 29
1 29
0 29
0 30
0 31
0 30
0 31
1 31
1 32
1 31
1 30
1 31
1 30
1 29
1 30
2 30
3 30
2 30
1 30
1 31
0 31
0 32
1 32
0 32
0 33
1 33
1 34
0 34
0 35
0 34
0 33
1 33
1 34
1 33
1 34
0 34
0 35
1 35
2 35
1 35
1 34
1 35
2 35
1 35
0 35
0 36
0 37
1 37
2 37
2 36
2 35
2 36
3 36
4 36
5 36
6 36
5 36
4 36
5 36
6 36
7 36
7 35
8 35
7 35
8 35
7 35
7 36
8 36
7 36
8 36
9 36
9 35
9 36
10 36
11 36
11 37
10 37
10 38
11 38
10 38
11 38
12 38
12 37
11 37
10 37
9 37
8 37
7 37
7 38
7 39
7 40
7 41
8 41
9 41
8 41
9 41
9 42
9 41
8 41
9 41
8 41
8 40
8 41
9 41
10 41
10 40
9 40
8 40
8 41
9 41
9 42
9 41
9 40
8 40
8 41
8 42
8 41
8 42
7 42
7 43
7 44
8 44
9 44
9 43
9 44
9 45
8 45
9 45
10 45
9 45
10 45
9 45
9 44
9 45
10 45
10 44
10 43
9 43
10 43
9 43
8 43
8 42
7 42
8 42
8 43
8 44
8 45
8 46
8 45
9 45
10 45
10 46
11 46
11 45
11 44
11 43
12 43
13 43
12 43
12 44
12 45
11 45
12 45
13 45
13 44
14 44
13 44
13 45
13 44
13 43
13 44
13 43
12 43
11 43
12 43
12 42
12 41
13 41
12 41
11 41
11 40
10 40
9 40
8 40
8 39
8 40
9 40
9 39
10 39
10 38
11 38
11 39
10 39
9 39
10 39
10 40
10 39
11 39
10 39
9 39
10 39
11 39
12 39
13 39
13 38
12 38
13 38
14 38
14 39
14 40
15 40
15 41
14 41
13 41
13 42
12 42
13 42
13 43
13 42
14 42
14 43
15 43
15 44
16 44
16 43
16 44
17 44
16 44
16 43
16 44
16 45
16 44
16 43
17 43
18 43
19 43
18 43
19 43
20 43
19 43
19 44
19 45
18 45
18 46
18 45
17 45
17 46
16 46
16 45
15 45
15 44
15 43
16 43
16 42
17 42
17 43
18 43
18 44
17 44
18 44
18 43
18 44
19 44
18 44
17 44
17 43
17 44
16 44
16 43
16 42
16 43
17 43
17 44
17 43
18 43
19 43
19 42
19 43
19 44
19 43
20 43
20 42
20 41
21 41
20 41
21 41
20 41
20 42
20 43
19 43
19 42
19 43
18 43
18 42
17 42
18 42
18 43
