0 0
0 1
0 0
1 0
1 1
0 1
0 0
1 0
1 1
1 2
2 2
3 2
4 2
4 1
3 1
4 1
5 1
5 2
4 2
5 2
5 3
4 3
3 3
3 2
3 3
3 2
2 2
2 1
1 1
1 0
1 1
1 2
0 2
1 2
1 3
1 4
0 4
1 4
1 5
1 4
2 4
2 3
2 4
1 4
0 4
1 4
1 5
0 5
1 5
1 4
1 3
0 3
0 4
0 5
1 5
2 5
1 5
1 4
1 3
1 4
1 5
1 6
1 5
1 6
2 6
1 6
2 6
3 6
3 5
3 4
3 3
4 3
5 3
4 3
4 4
5 4
6 4
6 3
7 3
8 3
9 3
8 3
8 4
7 4
6 4
6 5
5 5
5 4
5 5
4 5
3 5
3 6
3 7
3 8
2 8
3 8
2 8
1 8
1 9
2 9
2 10
1 10
2 10
2 11
3 11
2 11
3 11
2 11
2 10
3 10
4 10
3 10
3 9
4 9
3 9
3 10
3 9
2 9
2 10
1 10
2 10
3 10
2 10
2 11
1 11
1 10
0 10
1 10
1 11
1 12
1 13
1 12
1 11
1 10
1 9
1 8
1 9
1 10
1 11
1 10
0 10
0 9
0 10
1 10
0 10
1 10
1 9
1 8
1 9
2 9
1 9
1 10
1 9
1 10
0 10
0 9
0 8
1 8
1 7
0 7
1 7
2 7
2 8
2 7
1 7
1 6
2 6
2 7
2 6
2 5
1 5
1 4
1 3
1 2
2 2
2 1
2 0
1 0
2 0
2 1
2 2
2 3
3 3
3 4
4 4
5 4
4 4
4 5
4 4
3 4
3 3
4 3
5 3
5 2
4 2
5 2
5 3
4 3
4 2
4 1
4 2
5 2
5 3
4 3
3 3
4 3
4 2
5 2
6 2
7 2
7 1
6 1
6 2
7 2
6 2
6 3
7 3
8 3
7 3
7 2
7 1
6 1
5 1
5 0
4 0
4 1
3 1
4 1
4 2
3 2
3 1
2 1
2 0
1 0
2 0
1 0
1 1
2 1
1 1
1 0
1 1
0 1
0 0
1 0
0 0
1 0
0 0
0 1
1 1
2 1
2 0
2 1
2 2
2 3
3 3
2 3
3 3
4 3
4 2
5 2
5 1
4 1
3 1
4 1
5 1
4 1
4 2
4 1
4 2
4 1
4 2
4 1
3 1
2 1
3 1
3 2
3 1
4 1
5 1
5 0
6 0
7 0
7 1
8 1
9 1
8 1
8 2
7 2
6 2
6 1
6 2
5 2
6 2
7 2
6 2
6 3
6 4
5 4
6 4
6 5
5 5
6 5
5 5
6 5
6 6
6 5
7 5
6 5
6 6
7 6
7 7
7 6
7 5
7 4
6 4
5 4
4 4
4 3
4 2
5 2
5 3
5 2
4 2
3 2
2 2
2 1
2 2
1 2
1 3
2 3
3 3
3 4
3 5
3 4
3 3
3 4
2 4
2 3
1 3
1 4
1 5
0 5
0 4
0 5
0 6
1 6
1 7
2 7
2 8
2 9
2 8
2 9
2 10
2 9
2 8
1 8
2 8
1 8
1 9
2 9
2 8
3 8
2 8
2 9
2 10
2 9
2 10
2 11
2 12
1 12
1 11
1 10
0 10
1 10
1 11
1 10
1 9
1 8
1 7
1 8
0 8
1 8
1 7
1 6
1 5
1 6
1 7
1 6
1 5
0 5
0 6
1 6
1 7
1 6
1 5
1 6
0 6
0 5
1 5
0 5
1 5
1 6
1 5
1 6
0 6
1 6
1 5
1 4
1 3
1 4
1 3
1 4
1 5
1 4
1 5
1 6
1 7
2 7
3 7
3 6
2 6
3 6
2 6
1 6
1 7
0 7
1 7
2 7
2 6
2 5
1 5
1 6
1 5
1 6
1 7
2 7
3 7
3 6
4 6
3 6
4 6
5 6
5 7
4 7
4 6
3 6
3 7
3 6
4 6
4 7
3 7
3 6
4 6
4 5
5 5
5 6
6 6
6 7
7 7
7 6
7 7
6 7
6 8
6 9
7 9
8 9
8 10
8 11
8 12
9 12
9 13
9 14
10 14
10 13
9 13
9 14
8 14
8 15
8 16
8 17
8 16
8 17
9 17
8 17
8 18
8 17
7 17
6 17
6 18
7 18
7 17
7 18
7 19
7 20
8 20
8 19
7 19
8 19
9 19
10 19
10 20
10 19
10 20
10 21
9 21
9 20
9 19
8 19
7 19
7 18
8 18
8 17
8 18
8 17
7 17
7 16
6 16
6 15
7 15
8 15
7 15
7 16
8 16
7 16
7 15
8 15
7 15
6 15
6 16
7 16
6 16
5 16
6 16
6 15
7 15
7 14
8 14
9 14
8 14
9 14
9 13
9 14
9 15
9 16
9 15
8 15
8 16
8 15
8 14
7 14
7 15
6 15
7 15
7 16
6 16
6 17
5 17
6 17
5 17
5 16
5 15
5 14
5 13
4 13
5 13
4 13
5 13
5 12
6 12
6 13
7 13
7 14
8 14
8 13
7 13
6 13
5 13
6 13
5 13
4 13
5 13
6 13
6 14
7 14
8 14
7 14
7 15
7 16
8 16
8 17
8 16
9 16
8 16
9 16
8 16
8 15
8 16
8 17
8 16
9 16
10 16
10 15
11 15
11 14
11 15
11 14
11 15
12 15
11 15
11 14
10 14
11 14
11 15
12 15
12 16
12 15
11 15
10 15
10 14
9 14
8 14
8 15
8 14
8 13
8 14
9 14
9 13
9 14
9 15
10 15
10 14
10 15
10 14
9 14
8 14
8 15
8 14
7 14
8 14
8 15
7 15
8 15
8 16
8 15
8 16
7 16
7 17
6 17
6 16
6 15
5 15
5 16
5 17
6 17
6 16
6 17
5 17
4 17
4 18
5 18
4 18
5 18
5 19
5 20
6 20
5 20
4 20
4 21
4 22
3 22
3 23
3 24
3 25
3 26
3 27
3 26
3 25
4 25
3 25
3 26
3 27
3 28
4 28
5 28
5 27
5 28
5 27
5 26
5 27
4 27
3 27
3 28
4 28
4 29
4 28
5 28
5 27
6 27
6 26
6 27
5 27
5 28
5 27
4 27
4 28
5 28
4 28
3 28
3 27
2 27
3 27
4 27
3 27
2 27
1 27
1 26
1 25
0 25
1 25
2 25
1 25
0 25
1 25
1 26
1 27
2 27
2 28
2 27
2 28
3 28
3 29
3 28
3 29
4 29
3 29
4 29
4 30
5 30
4 30
4 31
4 32
4 31
4 32
4 33
4 34
4 33
3 33
3 34
3 35
3 36
3 37
4 37
4 36
4 35
5 35
6 35
6 36
6 35
5 35
4 35
4 34
4 33
4 32
3 32
3 31
3 32
3 31
3 30
3 29
4 29
5 29
5 28
5 29
4 29
5 29
6 29
6 28
6 29
6 30
6 31
7 31
8 31
8 30
9 30
9 31
10 31
11 31
11 30
10 30
11 30
10 30
9 30
8 30
8 31
8 32
7 32
6 32
6 31
6 32
5 32
6 32
6 31
6 30
7 30
8 30
8 29
7 29
8 29
9 29
9 30
10 30
11 30
11 31
11 30
11 31
12 31
11 31
11 32
12 32
13 32
12 32
12 31
13 31
14 31
14 30
15 30
14 30
14 29
14 28
14 29
13 29
13 28
12 28
12 27
13 27
13 28
13 27
12 27
12 28
11 28
11 29
11 28
12 28
13 28
12 28
12 29
12 30
12 31
11 31
12 31
11 31
10 31
9 31
9 32
9 33
9 34
9 35
9 34
9 33
9 34
8 34
7 34
6 34
6 35
5 35
6 35
7 35
6 35
7 35
7 36
6 36
6 37
5 37
5 38
5 37
5 36
5 37
6 37
6 38
5 38
4 38
4 39
4 40
4 41
4 40
4 39
5 39
4 39
4 40
5 40
5 39
6 39
7 39
6 39
6 40
6 41
5 41
6 41
7 41
7 42
8 42
7 42
8 42
8 43
8 44
7 44
6 44
6 43
6 42
6 43
7 43
7 44
7 45
7 44
7 43
6 43
6 42
7 42
7 41
7 40
7 41
6 41
6 42
6 43
7 43
6 43
6 42
6 41
7 41
8 41
9 41
8 41
8 40
8 41
8 40
8 39
8 38
8 39
7 39
7 38
7 39
7 40
7 41
7 40
8 40
9 40
9 39
9 38
9 39
9 40
9 41
9 42
8 42
7 42
7 43
8 43
7 43
7 42
7 41
7 42
7 43
8 43
8 44
8 45
7 45
6 45
5 45
4 45
4 44
3 44
3 45
3 44
2 44
2 45
2 44
1 44
0 44
0 43
1 43
0 43
0 42
1 42
1 43
2 43
3 43
4 43
4 44
3 44
2 44
2 43
3 43
2 43
2 44
2 45
1 45
2 45
1 45
0 45
0 46
0 45
