0 0
1 0
0 0
1 0
1 1
1 2
0 2
0 3
0 2
0 3
0 2
0 3
1 3
2 3
2 4
1 4
0 4
1 4
2 4
3 4
3 3
3 4
3 3
3 2
3 3
3 4
4 4
4 5
4 4
3 4
4 4
5 4
5 3
5 2
5 1
5 2
5 1
5 0
5 1
4 1
5 1
5 2
5 3
5 4
5 5
5 4
6 4
6 3
7 3
7 4
7 3
6 3
5 3
6 3
7 3
7 4
7 3
8 3
9 3
8 3
8 4
7 4
6 4
6 5
5 5
6 5
6 6
6 7
5 7
5 6
6 6
5 6
4 6
4 7
5 7
6 7
6 6
6 7
7 7
8 7
8 6
9 6
9 5
8 5
7 5
7 6
7 5
6 5
5 5
5 6
6 6
7 6
7 7
7 6
8 6
8 7
8 6
8 7
8 6
7 6
8 6
8 7
8 8
7 8
8 8
9 8
9 9
10 9
10 8
9 8
10 8
10 7
9 7
9 8
8 8
8 9
8 8
8 9
8 8
8 9
8 8
9 8
10 8
10 7
9 7
10 7
10 6
11 6
12 6
12 7
12 8
12 9
13 9
14 9
14 10
14 9
13 9
13 10
14 10
14 11
14 10
14 11
14 10
13 10
13 11
14 11
14 10
13 10
13 11
12 11
11 11
10 11
10 10
10 9
11 9
12 9
12 8
11 8
11 9
10 9
10 8
10 9
9 9
9 8
10 8
10 9
11 9
11 10
12 10
13 10
12 10
13 10
13 11
14 11
14 12
14 11
15 11
16 11
17 11
17 12
17 13
17 14
17 15
17 16
17 17
18 17
17 17
16 17
17 17
17 18
16 18
15 18
16 18
17 18
17 17
16 17
16 16
16 17
15 17
14 17
13 17
12 17
12 16
12 17
12 18
12 17
12 18
12 19
12 18
12 19
13 19
14 19
15 19
14 19
13 19
12 19
12 20
12 19
12 20
12 21
12 20
12 21
12 22
12 21
12 22
11 22
11 23
11 22
10 22
11 22
11 23
12 23
13 23
13 22
13 23
13 24
13 25
13 24
12 24
13 24
12 24
11 24
10 24
9 24
10 24
10 25
9 25
10 25
11 25
12 25
11 25
11 26
11 27
12 27
12 28
12 29
12 28
12 27
12 26
13 26
13 25
13 26
13 25
14 25
13 25
13 24
14 24
14 23
15 23
15 22
15 23
15 22
15 21
15 20
15 21
15 22
14 22
15 22
15 21
15 22
14 22
13 22
12 22
12 21
12 22
12 23
12 24
12 25
12 24
12 23
12 24
11 24
10 24
10 25
9 25
9 26
9 25
10 25
10 26
10 25
9 25
9 24
8 24
7 24
8 24
7 24
8 24
8 23
9 23
8 23
8 24
8 23
9 23
9 22
8 22
8 21
8 22
8 21
7 21
7 20
8 20
8 21
9 21
10 21
10 20
10 21
10 22
10 23
10 24
11 24
10 24
10 23
11 23
11 24
11 25
10 25
10 24
10 25
10 24
9 24
10 24
11 24
11 25
11 26
11 27
11 28
10 28
11 28
11 29
11 30
10 30
9 30
8 30
8 31
9 31
9 30
8 30
9 30
10 30
10 31
11 31
11 32
11 31
11 32
11 31
10 31
11 31
11 30
11 31
11 32
11 33
12 33
12 34
13 34
13 35
13 36
12 36
12 37
12 38
11 38
12 38
13 38
14 38
13 38
14 38
15 38
15 39
15 38
16 38
16 39
16 40
16 41
16 42
17 42
17 41
18 41
17 41
17 40
17 41
16 41
15 41
16 41
17 41
17 40
18 40
17 40
18 40
18 41
17 41
17 42
17 43
16 43
16 44
17 44
16 44
17 44
18 44
18 45
17 45
17 46
17 47
16 47
16 46
16 45
17 45
17 44
16 44
16 45
15 45
14 45
13 45
13 44
13 43
13 42
14 42
14 41
15 41
15 42
14 42
14 43
14 44
15 44
16 44
17 44
18 44
18 45
17 45
17 44
17 45
17 46
17 47
17 48
17 47
17 46
18 46
18 45
17 45
18 45
18 44
19 44
19 45
18 45
19 45
19 46
18 46
18 45
17 45
17 46
17 45
17 44
17 43
18 43
18 44
18 43
19 43
20 43
19 43
18 43
18 42
19 42
20 42
19 42
18 42
18 43
18 44
18 43
19 43
18 43
18 42
17 42
17 43
18 43
17 43
17 44
17 45
18 45
18 46
17 46
16 46
16 45
16 44
16 43
17 43
18 43
17 43
17 42
18 42
18 41
18 40
18 39
18 38
18 39
17 39
16 39
16 40
17 40
18 40
18 41
18 42
17 42
17 43
17 44
16 44
16 43
16 42
16 41
15 41
15 40
15 41
16 41
16 42
16 43
15 43
16 43
16 42
15 42
16 42
17 42
17 43
17 42
16 42
17 42
17 41
18 41
17 41
18 41
19 41
19 42
18 42
18 41
18 40
18 41
18 40
19 40
18 40
18 41
19 41
19 42
19 43
18 43
18 44
18 43
18 42
19 42
20 42
21 42
21 43
22 43
21 43
20 43
20 44
20 43
20 44
20 45
21 45
21 44
22 44
22 45
22 44
22 43
23 43
22 43
23 43
22 43
23 43
24 43
25 43
24 43
23 43
23 42
23 43
23 42
23 41
23 42
23 43
23 42
22 42
21 42
22 42
21 42
20 42
20 41
19 41
20 41
21 41
20 41
20 42
20 41
19 41
19 42
19 43
19 44
18 44
17 44
17 43
17 42
18 42
18 41
18 42
18 41
18 42
19 42
18 42
19 42
19 43
18 43
17 43
16 43
15 43
16 43
16 44
17 44
16 44
16 43
16 42
16 43
16 44
16 43
15 43
15 42
15 43
16 43
16 42
15 42
14 42
13 42
14 42
15 42
15 41
16 41
16 42
15 42
15 43
14 43
14 42
14 43
14 42
15 42
16 42
15 42
14 42
14 43
13 43
13 44
13 43
13 42
13 43
14 43
13 43
13 42
14 42
13 42
14 42
15 42
15 41
15 40
16 40
17 40
17 39
18 39
18 38
18 39
17 39
17 40
18 40
18 39
18 38
18 37
18 36
17 36
17 37
18 37
18 38
19 38
19 39
18 39
18 40
18 41
18 42
18 41
18 40
19 40
19 41
19 40
19 41
18 41
18 40
19 40
20 40
19 40
19 39
20 39
20 40
19 40
18 40
18 39
19 39
18 39
18 38
19 38
19 39
19 40
18 40
17 40
18 40
17 40
17 41
17 42
16 42
17 42
18 42
17 42
17 43
17 42
17 41
17 40
18 40
18 41
19 41
18 41
18 42
17 42
17 43
16 43
16 44
15 44
14 44
15 44
15 45
14 45
14 44
14 43
14 44
14 43
14 42
15 42
15 41
15 40
16 40
16 39
17 39
18 39
17 39
17 40
17 39
16 39
16 38
16 39
17 39
17 40
17 41
17 42
17 43
17 42
18 42
18 43
18 42
19 42
19 41
19 40
20 40
19 40
18 40
17 40
17 41
17 42
18 42
18 41
19 41
18 41
18 42
17 42
17 43
18 43
19 43
19 44
20 44
20 43
20 44
21 44
20 44
20 43
21 43
21 42
20 42
20 41
19 41
20 41
20 42
20 43
20 42
21 42
21 43
20 43
20 42
20 41
20 40
21 40
22 40
22 41
22 40
22 41
23 41
24 41
23 41
22 41
22 40
21 40
22 40
22 41
22 40
21 40
22 40
21 40
22 40
23 40
22 40
22 41
23 41
22 41
23 41
22 41
23 41
23 40
24 40
25 40
24 40
23 40
24 40
25 40
26 40
25 40
25 41
25 42
24 42
23 42
23 43
23 42
23 41
22 41
21 41
20 41
21 41
21 40
21 39
22 39
21 39
22 39
22 40
22 41
22 40
22 39
22 40
21 40
22 40
21 40
21 39
20 39
21 39
20 39
20 38
20 39
19 39
18 39
18 38
19 38
20 38
20 37
19 37
19 38
19 39
19 38
20 38
19 38
19 39
19 40
19 41
19 42
20 42
19 42
20 42
20 41
20 40
19 40
19 39
19 40
19 39
19 38
18 38
17 38
17 37
17 38
17 37
17 36
16 36
15 36
16 36
17 36
16 36
16 37
16 36
16 37
17 37
17 36
16 36
15 36
15 37
16 37
16 36
16 35
17 35
17 36
16 36
16 35
16 36
16 35
17 35
17 36
16 36
17 36
16 36
15 36
15 35
15 34
15 33
16 33
17 33
18 33
18 34
18 35
18 34
19 34
20 34
21 34
22 34
22 35
22 36
23 36
22 36
22 37
21 37
20 37
19 37
20 37
20 36
20 35
19 35
19 34
18 34
18 33
18 34
19 34
18 34
18 35
18 36
17 36
16 36
17 36
17 37
18 37
18 36
18 37
17 37
18 37
17 37
17 38
17 39
16 39
15 39
15 40
14 40
15 40
14 40
14 39
13 39
13 38
13 39
12 39
12 38
12 37
