0 0
1 0
0 0
1 0
0 0
1 0
1 1
1 2
0 2
0 1
1 1
1 0
2 0
2 1
1 1
1 2
2 2
2 3
2 2
1 2
1 1
1 2
1 1
1 2
1 3
1 2
1 1
1 0
1 1
2 1
1 1
1 0
2 0
3 0
4 0
5 0
6 0
6 1
5 1
6 1
7 1
7 2
6 2
5 2
6 2
6 3
7 3
6 3
6 2
6 3
5 3
5 4
4 4
5 4
6 4
5 4
5 5
5 6
5 5
5 4
5 5
5 6
4 6
4 7
4 6
3 6
2 6
1 6
2 6
1 6
1 7
0 7
1 7
1 8
0 8
0 9
0 8
0 7
0 8
0 9
1 9
1 8
2 8
2 9
1 9
1 8
0 8
0 7
1 7
0 7
0 8
1 8
1 7
1 8
2 8
1 8
0 8
0 9
0 10
1 10
1 11
2 11
2 10
1 10
0 10
1 10
1 11
1 10
2 10
2 11
2 10
2 11
1 11
2 11
2 12
2 11
3 11
2 11
2 10
3 10
3 9
4 9
5 9
5 10
6 10
6 9
5 9
5 8
5 9
4 9
4 10
5 10
5 11
5 10
6 10
5 10
6 10
5 10
5 9
4 9
4 10
3 10
3 11
4 11
4 10
4 9
4 10
3 10
2 10
3 10
4 10
3 10
3 11
2 11
3 11
2 11
2 12
2 11
2 10
2 11
1 11
1 12
2 12
3 12
3 11
3 12
3 11
3 12
3 13
2 13
2 14
2 13
2 14
3 14
2 14
2 13
2 12
2 11
3 11
4 11
3 11
3 12
3 13
3 14
2 14
2 15
1 15
2 15
2 16
1 16
2 16
1 16
1 15
1 16
1 17
1 16
0 16
0 15
0 14
0 13
0 12
1 12
0 12
0 13
0 14
1 14
1 13
0 13
0 14
0 13
0 12
1 12
1 13
1 14
1 15
1 14
2 14
2 15
2 14
2 15
2 16
1 16
1 17
1 18
0 18
1 18
1 19
0 19
0 20
1 20
2 20
1 20
1 21
1 22
1 23
0 23
1 23
2 23
3 23
3 22
2 22
3 22
4 22
5 22
4 22
4 23
3 23
4 23
4 24
3 24
4 24
4 23
4 24
4 25
4 24
3 24
2 24
1 24
2 24
2 23
2 24
3 24
3 23
2 23
2 22
2 23
1 23
2 23
2 24
2 23
1 23
1 22
1 21
2 21
2 22
2 23
2 24
3 24
3 25
2 25
2 24
2 25
2 26
2 25
2 26
3 26
3 27
4 27
4 28
4 29
4 30
4 29
3 29
4 29
4 30
5 30
5 29
4 29
3 29
3 28
3 29
2 29
2 28
2 29
1 29
1 28
2 28
3 28
2 28
1 28
2 28
2 27
1 27
2 27
2 28
2 27
2 28
2 29
1 29
1 30
2 30
2 31
2 30
1 30
1 31
1 32
0 32
1 32
2 32
1 32
0 32
1 32
1 33
1 32
2 32
1 32
2 32
2 31
1 31
1 32
0 32
1 32
2 32
3 32
2 32
3 32
3 31
3 32
4 32
4 31
3 31
3 32
3 31
2 31
2 30
2 31
2 32
2 33
2 32
2 33
3 33
3 34
2 34
2 33
3 33
2 33
3 33
3 32
2 32
2 33
1 33
0 33
1 33
1 32
2 32
2 33
2 32
2 33
2 32
3 32
3 33
3 34
4 34
3 34
3 35
4 35
3 35
4 35
5 35
5 34
5 33
6 33
7 33
6 33
6 32
5 32
4 32
4 31
5 31
4 31
5 31
5 30
5 29
5 30
4 30
4 31
5 31
5 32
6 32
7 32
8 32
8 31
8 30
7 30
8 30
8 31
7 31
7 32
7 31
7 30
7 31
8 31
7 31
7 30
6 30
7 30
8 30
8 31
8 30
8 31
8 32
8 31
8 32
9 32
8 32
9 32
10 32
9 32
9 33
8 33
8 32
9 32
9 33
9 32
9 31
9 32
9 31
9 30
8 30
9 30
10 30
10 31
10 32
10 33
11 33
10 33
10 34
10 33
9 33
9 32
9 33
8 33
8 32
8 33
8 34
9 34
9 35
9 34
8 34
8 33
8 32
8 33
9 33
9 32
9 33
9 34
9 35
8 35
7 35
7 36
7 37
6 37
7 37
7 36
6 36
6 35
7 35
7 34
7 35
8 35
8 34
8 33
7 33
7 34
7 33
8 33
8 32
9 32
9 33
9 32
8 32
8 33
7 33
7 32
7 33
7 34
7 35
8 35
7 35
7 36
8 36
7 36
8 36
8 35
8 36
7 36
6 36
7 36
6 36
6 35
6 36
6 37
5 37
4 37
3 37
3 38
4 38
5 38
6 38
5 38
5 37
5 38
6 38
7 38
7 37
7 36
8 36
8 37
8 36
8 37
9 37
9 38
9 39
9 40
10 40
11 40
12 40
12 41
13 41
13 42
14 42
14 41
13 41
12 41
12 42
11 42
12 42
12 41
12 40
11 40
11 41
10 41
9 41
9 42
10 42
10 43
10 44
11 44
12 44
12 45
12 44
13 44
13 45
12 45
11 45
11 46
11 45
11 44
10 44
11 44
11 43
11 44
10 44
10 43
10 44
9 44
9 43
10 43
9 43
9 42
9 41
9 42
8 42
8 43
8 42
9 42
8 42
8 41
8 40
8 39
8 38
9 38
9 39
8 39
7 39
7 40
7 41
8 41
8 42
8 43
8 44
7 44
7 43
7 44
6 44
6 45
5 45
4 45
4 44
5 44
6 44
6 45
5 45
5 46
4 46
3 46
3 47
3 46
3 45
4 45
3 45
3 44
3 43
2 43
2 44
3 44
4 44
4 43
3 43
4 43
4 44
5 44
5 45
6 45
7 45
6 45
6 44
6 43
6 42
5 42
4 42
4 41
4 42
4 43
4 42
5 42
4 42
4 41
3 41
3 40
2 40
2 39
3 39
3 38
3 37
2 37
1 37
2 37
3 37
4 37
4 36
3 36
3 37
4 37
5 37
5 36
4 36
5 36
5 37
4 37
5 37
6 37
6 36
6 35
7 35
8 35
9 35
9 36
8 36
8 37
8 38
9 38
8 38
8 39
7 39
7 40
7 41
8 41
9 41
8 41
8 40
9 40
9 41
9 40
10 40
10 39
10 40
11 40
11 41
11 40
11 39
11 38
11 39
11 38
11 37
10 37
10 38
9 38
8 38
8 37
8 36
8 37
7 37
8 37
8 38
7 38
7 39
8 39
8 40
7 40
8 40
8 41
8 42
7 42
8 42
7 42
8 42
8 43
9 43
9 42
10 42
10 43
10 42
10 43
11 43
10 43
10 44
10 45
10 44
11 44
11 43
12 43
11 43
10 43
10 44
10 45
10 44
11 44
10 44
11 44
11 43
10 43
11 43
10 43
10 42
10 41
10 42
9 42
8 42
8 41
9 41
8 41
8 40
8 41
9 41
8 41
9 41
9 40
10 40
9 40
9 41
9 40
9 39
10 39
11 39
12 39
12 40
13 40
13 41
14 41
14 40
14 41
13 41
13 40
12 40
12 39
12 38
13 38
13 39
14 39
15 39
16 39
17 39
17 40
16 40
17 40
16 40
15 40
16 40
16 41
15 41
14 41
14 42
14 43
14 42
14 43
14 44
13 44
14 44
15 44
14 44
13 44
13 43
13 42
13 43
12 43
12 42
12 43
12 44
13 44
12 44
11 44
11 45
10 45
10 46
10 45
10 44
11 44
12 44
13 44
12 44
12 43
12 42
12 43
12 42
12 41
11 41
12 41
12 40
11 40
10 40
10 39
9 39
9 40
8 40
8 41
7 41
7 42
6 42
6 43
5 43
5 42
6 42
5 42
4 42
5 42
5 43
6 43
7 43
8 43
7 43
7 42
8 42
9 42
10 42
9 42
9 41
9 40
9 41
9 40
10 40
10 39
9 39
10 39
11 39
10 39
10 40
11 40
10 40
10 41
10 40
10 41
10 40
10 41
10 40
11 40
11 41
12 41
11 41
11 42
11 41
12 41
12 40
11 40
10 40
9 40
9 39
9 38
10 38
10 39
10 38
10 37
10 38
10 37
11 37
12 37
12 38
11 38
12 38
11 38
11 39
12 39
13 39
12 39
12 38
11 38
10 38
10 37
10 38
9 38
9 39
9 40
9 41
10 41
11 41
10 41
10 42
11 42
11 41
12 41
12 40
12 41
12 42
12 43
13 43
14 43
15 43
14 43
14 42
14 41
14 40
13 40
13 41
13 40
13 41
14 41
14 42
14 41
14 42
15 42
16 42
16 43
16 44
16 43
16 42
16 41
17 41
18 41
19 41
19 40
18 40
19 40
20 40
19 40
18 40
18 39
18 40
18 41
17 41
17 40
16 40
17 40
17 41
17 40
17 39
17 40
18 40
18 39
17 39
18 39
17 39
17 38
17 37
16 37
16 38
15 38
16 38
15 38
14 38
13 38
