0 0
0 1
1 1
2 1
2 2
3 2
3 1
3 2
3 1
4 1
4 0
5 0
5 1
4 1
3 1
3 0
3 1
4 1
4 0
3 0
3 1
4 1
3 1
3 2
2 2
1 2
1 1
0 1
1 1
0 1
1 1
0 1
0 2
1 2
0 2
0 1
1 1
1 2
0 2
0 3
1 3
1 4
1 3
1 2
1 1
1 0
0 0
1 0
1 1
2 1
2 0
2 1
3 1
3 0
2 0
1 0
1 1
1 2
2 2
3 2
3 3
4 3
5 3
5 2
5 1
4 1
4 0
4 1
3 1
2 1
2 2
2 1
3 1
3 2
2 2
2 3
2 2
1 2
2 2
3 2
4 2
5 2
5 1
5 2
5 3
5 2
6 2
7 2
8 2
8 1
7 1
8 1
9 1
8 1
8 0
9 0
9 1
9 0
8 0
9 0
8 0
7 0
7 1
6 1
6 0
6 1
6 2
5 2
4 2
4 3
4 4
4 3
5 3
5 4
5 3
5 2
4 2
5 2
5 3
5 4
4 4
3 4
4 4
3 4
4 4
4 5
4 6
4 7
3 7
3 6
2 6
2 7
3 7
2 7
3 7
2 7
3 7
2 7
1 7
1 6
1 7
0 7
0 6
0 7
1 7
1 8
1 9
2 9
2 10
1 10
0 10
1 10
0 10
0 11
0 12
0 11
0 12
0 11
1 11
1 12
1 13
1 12
2 12
2 11
3 11
2 11
2 12
2 13
2 14
1 14
0 14
0 13
0 14
0 15
0 16
1 16
0 16
1 16
1 15
0 15
0 16
1 16
0 16
0 17
0 18
0 17
0 16
0 17
0 16
1 16
2 16
1 16
0 16
1 16
1 17
1 16
1 17
1 16
1 15
1 16
1 17
0 17
0 18
1 18
0 18
0 19
1 19
2 19
1 19
1 18
0 18
1 18
1 19
2 19
2 20
1 20
1 21
1 22
0 22
0 21
1 21
1 20
1 21
1 22
1 21
0 21
1 21
1 22
1 23
0 23
0 22
0 23
0 24
1 24
1 23
0 23
1 23
1 22
1 21
0 21
0 22
1 22
2 22
1 22
2 22
1 22
1 21
0 21
0 20
1 20
0 20
0 21
0 22
0 23
1 23
1 24
2 24
2 25
2 24
2 23
1 23
0 23
1 23
1 22
0 22
1 22
2 22
2 21
2 20
3 20
3 19
4 19
4 18
3 18
3 17
2 17
1 17
1 18
1 19
0 19
0 20
0 21
1 21
1 22
0 22
0 23
1 23
1 24
0 24
0 23
0 24
0 23
1 23
2 23
3 23
2 23
3 23
3 24
4 24
3 24
4 24
3 24
3 25
2 25
1 25
1 26
2 26
1 26
1 25
2 25
1 25
1 24
1 23
2 23
2 24
3 24
4 24
3 24
3 23
4 23
4 24
4 25
4 26
3 26
3 25
3 24
2 24
2 23
1 23
0 23
1 23
2 23
3 23
4 23
5 23
4 23
4 22
4 23
3 23
3 22
2 22
2 23
3 23
3 24
3 23
4 23
4 24
4 23
4 22
4 23
5 23
4 23
3 23
4 23
4 22
3 22
3 23
4 23
3 23
3 24
3 25
2 25
1 25
1 26
2 26
2 25
2 24
2 23
3 23
3 22
2 22
2 21
1 21
1 22
2 22
3 22
3 23
4 23
4 24
4 23
3 23
2 23
2 24
3 24
4 24
5 24
5 23
5 22
4 22
4 21
4 22
5 22
6 22
6 23
6 22
6 23
5 23
5 24
4 24
3 24
4 24
4 23
4 22
4 23
3 23
4 23
3 23
3 24
3 23
3 24
4 24
5 24
6 24
7 24
8 24
8 25
9 25
9 26
8 26
7 26
6 26
6 25
7 25
6 25
5 25
6 25
7 25
7 24
7 23
6 23
7 23
7 24
6 24
6 25
6 24
6 23
6 22
5 22
6 22
6 21
7 21
7 22
8 22
8 23
8 22
7 22
6 22
7 22
7 23
7 24
7 25
7 24
8 24
8 23
8 22
8 21
7 21
7 20
8 20
7 20
6 20
6 21
6 22
6 21
7 21
6 21
5 21
5 20
4 20
4 19
4 20
4 21
5 21
6 21
5 21
5 22
5 23
4 23
4 24
4 23
4 24
4 25
4 24
5 24
4 24
4 23
3 23
3 22
3 23
4 23
4 24
5 24
4 24
3 24
2 24
2 25
2 26
1 26
1 25
0 25
0 24
1 24
1 23
2 23
1 23
1 22
1 23
0 23
0 24
0 25
0 24
0 25
0 26
0 25
0 26
1 26
1 25
1 24
0 24
0 25
0 26
0 27
1 27
2 27
2 28
2 27
2 28
1 28
2 28
2 29
2 28
3 28
3 27
3 28
3 29
3 30
4 30
3 30
4 30
3 30
2 30
2 29
3 29
3 30
3 29
2 29
2 28
2 27
2 26
3 26
2 26
3 26
3 25
4 25
3 25
4 25
5 25
5 26
4 26
4 27
4 28
3 28
4 28
5 28
6 28
7 28
6 28
6 27
7 27
7 28
7 29
7 30
8 30
9 30
9 31
9 30
9 31
9 30
10 30
10 31
10 30
9 30
9 31
9 30
10 30
10 31
9 31
9 32
9 31
10 31
11 31
10 31
9 31
9 30
10 30
11 30
10 30
9 30
9 31
10 31
11 31
11 30
12 30
13 30
14 30
14 31
14 30
14 31
14 32
14 31
14 30
15 30
14 30
15 30
16 30
16 29
16 28
15 28
15 27
16 27
16 26
15 26
15 25
15 24
16 24
16 25
16 24
16 23
16 24
15 24
14 24
14 23
14 22
14 23
14 22
14 21
15 21
15 20
15 21
16 21
15 21
15 20
15 21
15 22
16 22
15 22
15 21
14 21
13 21
13 20
13 21
14 21
14 20
15 20
15 21
15 22
14 22
13 22
13 23
13 22
14 22
13 22
14 22
14 21
13 21
13 20
13 19
12 19
13 19
13 18
14 18
14 17
14 16
14 15
15 15
15 14
15 15
15 14
15 15
15 16
15 15
15 16
15 15
15 14
15 15
15 16
15 17
15 18
15 19
15 18
15 19
15 18
16 18
15 18
16 18
16 17
16 18
17 18
18 18
18 17
19 17
19 16
19 15
19 14
20 14
20 13
20 14
20 13
19 13
19 14
19 15
19 14
19 15
18 15
18 16
18 15
18 16
19 16
18 16
18 15
18 14
19 14
19 13
19 12
20 12
20 11
20 10
20 11
21 11
22 11
22 12
23 12
23 13
22 13
22 14
22 13
23 13
22 13
22 12
21 12
21 11
21 10
22 10
23 10
23 11
23 10
22 10
21 10
21 9
21 8
20 8
20 9
21 9
21 8
21 9
21 8
21 9
21 10
21 11
21 12
21 13
21 14
20 14
20 15
20 16
20 17
20 18
20 19
19 19
19 20
18 20
18 21
17 21
16 21
16 20
17 20
18 20
18 19
17 19
18 19
18 20
17 20
17 19
18 19
18 20
17 20
18 20
18 21
17 21
17 20
17 19
17 18
16 18
15 18
15 17
16 17
16 18
15 18
15 17
16 17
16 18
17 18
17 19
17 18
18 18
18 17
18 18
19 18
19 17
18 17
18 16
17 16
17 17
17 16
16 16
17 16
17 17
16 17
16 16
15 16
15 17
14 17
15 17
15 18
15 19
15 18
15 19
15 18
14 18
13 18
13 19
13 20
13 19
12 19
12 18
12 19
12 18
12 19
13 19
14 19
15 19
16 19
16 18
16 17
17 17
17 16
16 16
17 16
17 17
17 16
17 15
17 16
17 15
16 15
16 14
16 13
16 12
16 11
16 12
17 12
17 11
17 12
17 13
17 12
17 11
17 12
16 12
15 12
15 11
16 11
17 11
17 12
17 13
17 14
17 15
16 15
15 15
14 15
14 16
15 16
14 16
14 17
15 17
15 18
14 18
13 18
14 18
15 18
15 19
14 19
14 20
14 19
14 20
14 19
14 18
13 18
13 17
13 18
12 18
12 19
12 18
11 18
11 17
12 17
11 17
11 18
11 19
11 18
10 18
11 18
11 19
10 19
10 20
10 19
9 19
8 19
8 18
8 19
7 19
6 19
7 19
7 20
8 20
8 19
7 19
6 19
7 19
8 19
8 18
9 18
9 17
10 17
10 18
9 18
10 18
10 19
10 18
10 19
11 19
10 19
9 19
8 19
8 18
7 18
6 18
5 18
6 18
7 18
7 19
6 19
5 19
4 19
3 19
3 20
2 20
2 21
2 22
2 21
1 21
2 21
2 20
2 19
1 19
2 19
3 19
3 20
3 21
3 20
3 19
3 18
2 18
2 17
3 17
2 17
1 17
1 18
0 18
1 18
0 18
1 18
0 18
1 18
0 18
1 18
2 18
3 18
2 18
1 18
1 19
2 19
2 18
1 18
1 17
1 16
1 15
1 16
1 15
1 16
1 17
1 18
