0 0
0 1
0 2
1 2
1 3
0 3
1 3
2 3
3 3
3 2
3 1
3 2
3 3
3 4
2 4
1 4
1 5
1 4
1 5
2 5
2 4
1 4
1 3
2 3
3 3
3 2
2 2
2 3
3 3
3 2
4 2
5 2
5 3
6 3
6 2
6 3
6 2
5 2
4 2
5 2
6 2
6 1
5 1
5 0
5 1
6 1
7 1
7 2
6 2
5 2
4 2
4 3
5 3
6 3
6 2
7 2
8 2
9 2
9 1
10 1
9 1
10 1
10 0
10 1
10 2
10 1
11 1
11 0
10 0
10 1
10 0
10 1
9 1
9 2
9 3
9 4
9 5
9 6
8 6
8 5
7 5
6 5
7 5
7 6
7 5
7 4
6 4
6 3
5 3
5 4
5 5
5 4
5 3
5 2
5 1
5 0
6 0
6 1
5 1
4 1
5 1
5 2
5 1
5 0
6 0
5 0
5 1
4 1
4 0
4 1
3 1
3 2
3 3
3 4
3 5
2 5
3 5
2 5
3 5
4 5
4 4
3 4
3 5
2 5
2 4
3 4
3 3
2 3
2 2
2 1
1 1
2 1
2 2
2 1
2 2
1 2
0 2
0 3
0 4
0 5
1 5
0 5
0 4
1 4
0 4
1 4
2 4
2 5
2 6
3 6
3 5
4 5
5 5
4 5
5 5
5 6
5 5
4 5
5 5
6 5
6 4
6 3
5 3
5 4
5 3
5 2
5 1
5 2
6 2
7 2
7 3
7 4
8 4
7 4
7 5
7 6
7 5
7 6
7 7
6 7
5 7
6 7
5 7
5 6
6 6
6 7
6 6
5 6
5 5
5 4
5 3
4 3
3 3
4 3
3 3
4 3
4 2
4 1
4 0
4 1
3 1
2 1
1 1
1 0
0 0
0 1
1 1
1 2
1 3
0 3
1 3
1 4
2 4
2 5
2 6
1 6
1 5
0 5
1 5
2 5
2 6
1 6
1 7
2 7
3 7
3 8
2 8
2 7
2 8
1 8
0 8
1 8
1 9
1 10
1 9
1 8
0 8
0 7
1 7
1 8
0 8
0 7
1 7
2 7
2 8
1 8
1 7
2 7
2 8
2 9
2 8
2 9
1 9
2 9
2 8
3 8
3 9
4 9
4 8
5 8
5 7
6 7
5 7
5 6
4 6
4 7
4 6
4 5
4 4
4 5
4 4
3 4
2 4
3 4
3 3
2 3
2 2
2 1
1 1
0 1
1 1
2 1
2 2
2 1
3 1
3 0
2 0
3 0
4 0
3 0
3 1
3 0
2 0
1 0
2 0
1 0
1 1
1 2
1 1
1 0
1 1
0 1
1 1
0 1
1 1
2 1
2 0
3 0
3 1
4 1
5 1
6 1
5 1
6 1
7 1
7 2
6 2
7 2
8 2
8 3
8 2
7 2
8 2
9 2
9 3
8 3
8 2
8 3
9 3
9 2
9 1
9 2
10 2
10 1
10 2
11 2
11 3
11 4
11 3
10 3
10 4
11 4
10 4
10 5
10 4
10 5
11 5
12 5
12 4
13 4
12 4
12 3
13 3
14 3
14 2
14 1
14 0
14 1
13 1
14 1
14 2
14 1
14 2
14 3
13 3
13 2
14 2
14 1
14 0
13 0
14 0
13 0
14 0
14 1
13 1
13 2
14 2
14 1
14 0
15 0
16 0
17 0
18 0
18 1
18 2
18 1
18 0
18 1
18 2
17 2
17 1
17 0
16 0
17 0
16 0
16 1
16 0
16 1
15 1
15 0
16 0
16 1
17 1
16 1
16 0
16 1
17 1
17 2
17 1
17 2
17 1
17 0
17 1
16 1
17 1
17 0
17 1
18 1
17 1
17 0
16 0
16 1
17 1
18 1
19 1
19 2
19 1
19 2
20 2
20 1
20 0
20 1
19 1
19 0
19 1
20 1
19 1
19 0
18 0
18 1
18 0
19 0
19 1
18 1
18 2
17 2
18 2
18 3
19 3
20 3
20 4
21 4
22 4
21 4
21 3
21 2
21 1
22 1
23 1
23 0
23 1
23 2
23 3
24 3
24 2
24 1
23 1
23 2
23 1
22 1
22 2
22 1
22 0
22 1
22 2
21 2
20 2
21 2
21 1
22 1
23 1
24 1
25 1
25 2
26 2
26 3
25 3
25 4
24 4
24 5
24 6
24 7
24 6
24 5
25 5
26 5
26 6
25 6
25 5
24 5
23 5
23 4
23 5
23 6
23 5
23 6
24 6
25 6
24 6
24 5
25 5
25 4
25 5
25 6
25 7
25 8
24 8
23 8
23 9
24 9
25 9
24 9
24 8
24 9
24 10
23 10
23 11
23 12
23 13
23 14
23 13
23 14
23 13
23 14
23 15
23 16
23 15
23 14
24 14
24 15
23 15
24 15
25 15
25 16
24 16
23 16
23 15
22 15
23 15
24 15
25 15
26 15
25 15
26 15
27 15
27 16
28 16
27 16
27 15
28 15
29 15
30 15
30 16
30 17
31 17
31 18
32 18
31 18
30 18
31 18
32 18
31 18
31 17
31 18
31 19
31 18
32 18
31 18
32 18
33 18
33 17
33 18
33 19
32 19
32 20
32 19
32 18
32 17
33 17
33 16
34 16
34 15
35 15
34 15
34 16
34 17
34 18
34 17
34 18
35 18
36 18
35 18
36 18
37 18
38 18
38 19
39 19
39 20
40 20
41 20
42 20
42 21
43 21
43 22
43 21
43 20
43 19
42 19
43 19
43 20
44 20
44 21
43 21
43 22
44 22
44 23
44 22
44 21
45 21
44 21
44 22
44 21
44 22
45 22
44 22
43 22
44 22
44 21
44 22
44 23
44 22
45 22
45 21
46 21
45 21
46 21
47 21
48 21
49 21
48 21
48 20
48 21
48 22
48 21
48 22
47 22
48 22
48 23
48 22
48 21
47 21
47 20
46 20
45 20
44 20
44 19
44 18
45 18
46 18
46 17
45 17
44 17
44 18
43 18
43 19
43 18
42 18
42 17
43 17
42 17
42 16
43 16
43 15
43 16
42 16
41 16
40 16
40 17
41 17
40 17
39 17
39 18
40 18
40 17
40 16
40 17
39 17
40 17
39 17
39 16
40 16
41 16
42 16
43 16
43 17
44 17
44 18
44 17
44 16
44 17
43 17
43 16
43 15
43 14
43 15
44 15
43 15
42 15
43 15
42 15
43 15
43 16
43 15
43 16
43 17
44 17
44 16
45 16
45 15
45 14
45 13
46 13
46 14
47 14
47 15
47 14
46 14
46 13
47 13
48 13
48 14
47 14
47 13
46 13
46 14
46 15
46 14
46 15
46 16
47 16
48 16
48 15
48 16
47 16
47 17
48 17
48 16
48 17
47 17
48 17
48 18
48 17
48 16
48 15
48 14
49 14
48 14
47 14
47 13
46 13
45 13
46 13
47 13
48 13
48 14
49 14
48 14
48 13
48 12
48 11
48 12
48 11
49 11
48 11
48 12
48 11
48 10
49 10
50 10
51 10
51 11
51 12
51 11
52 11
52 10
51 10
51 11
51 12
52 12
53 12
53 13
53 14
53 13
54 13
54 12
54 13
54 14
54 15
55 15
55 16
56 16
55 16
56 16
56 17
56 18
57 18
57 17
58 17
58 16
57 16
58 16
58 17
58 18
59 18
59 19
58 19
58 20
58 21
57 21
57 22
58 22
59 22
60 22
61 22
60 22
60 23
60 22
60 21
61 21
61 20
61 19
60 19
60 20
59 20
60 20
61 20
60 20
61 20
60 20
59 20
59 19
59 20
59 21
59 22
58 22
57 22
57 23
56 23
55 23
55 24
55 23
54 23
55 23
55 22
55 23
54 23
54 24
55 24
54 24
55 24
55 23
55 22
55 21
55 20
54 20
54 19
54 18
53 18
52 18
53 18
53 19
52 19
52 18
52 19
53 19
53 18
52 18
51 18
51 19
52 19
51 19
50 19
51 19
51 18
50 18
51 18
51 19
50 19
50 18
50 19
49 19
49 18
49 17
49 16
49 17
48 17
48 16
48 17
48 18
48 17
48 16
49 16
50 16
50 15
49 15
49 14
48 14
48 13
49 13
49 12
49 13
48 13
49 13
50 13
50 12
49 12
49 13
50 13
50 14
49 14
48 14
47 14
48 14
48 15
47 15
47 16
47 15
46 15
45 15
44 15
45 15
45 16
44 16
44 15
43 15
42 15
43 15
43 16
43 17
44 17
45 17
45 16
46 16
46 17
46 16
46 15
47 15
48 15
47 15
47 16
46 16
46 15
45 15
45 16
45 17
45 16
44 16
44 15
44 14
45 14
45 15
45 16
45 15
45 14
45 15
44 15
43 15
44 15
44 16
43 16
44 16
43 16
43 17
42 17
42 16
43 16
43 15
44 15
44 14
43 14
44 14
44 13
43 13
44 13
43 13
44 13
45 13
45 14
46 14
46 13
