0 0
0 1
0 0
1 0
1 1
0 1
1 1
1 0
0 0
0 1
1 1
1 2
2 2
2 1
2 2
2 1
3 1
4 1
5 1
6 1
5 1
5 0
5 1
5 2
5 1
4 1
4 2
5 2
4 2
4 3
5 3
4 3
4 2
3 2
4 2
5 2
6 2
5 2
5 3
4 3
5 3
4 3
5 3
5 4
5 3
4 3
5 3
6 3
7 3
6 3
7 3
7 4
7 5
8 5
7 5
7 4
7 5
7 6
7 5
7 6
7 7
6 7
6 8
6 9
5 9
5 10
6 10
7 10
8 10
7 10
7 9
8 9
9 9
9 8
8 8
8 9
9 9
9 8
9 9
10 9
10 8
10 9
11 9
10 9
11 9
10 9
10 10
11 10
10 10
10 11
9 11
9 10
8 10
7 10
8 10
8 9
8 10
7 10
8 10
8 11
7 11
7 12
8 12
7 12
6 12
5 12
4 12
3 12
3 11
3 12
3 11
3 12
3 13
4 13
3 13
2 13
3 13
2 13
2 14
2 13
2 14
2 15
3 15
4 15
4 16
4 17
4 16
4 15
4 14
3 14
4 14
3 14
4 14
5 14
5 15
5 16
5 15
5 14
5 13
6 13
7 13
7 14
7 13
8 13
8 14
9 14
8 14
8 13
7 13
6 13
6 12
6 13
6 12
7 12
8 12
8 13
7 13
7 12
8 12
7 12
7 13
6 13
7 13
6 13
6 12
5 12
4 12
3 12
4 12
3 12
3 13
2 13
3 13
3 14
2 14
2 15
3 15
3 16
3 15
4 15
4 16
5 16
5 17
5 16
5 15
5 14
4 14
4 13
4 12
4 11
4 12
4 11
4 12
4 11
4 12
5 12
4 12
4 11
5 11
4 11
4 10
4 11
5 11
5 10
5 11
6 11
5 11
4 11
4 10
4 9
4 10
3 10
3 11
2 11
2 10
2 9
1 9
0 9
1 9
1 10
1 9
1 8
1 7
2 7
1 7
0 7
1 7
1 6
1 7
2 7
2 8
2 7
2 6
2 5
2 6
2 7
1 7
2 7
2 6
2 5
3 5
4 5
4 6
4 5
5 5
5 6
4 6
5 6
5 5
6 5
5 5
5 6
4 6
4 7
3 7
4 7
3 7
2 7
1 7
1 6
1 7
1 8
1 7
2 7
3 7
3 8
3 9
3 8
3 7
2 7
2 8
1 8
2 8
3 8
2 8
3 8
3 7
3 6
2 6
2 5
2 6
3 6
2 6
2 5
1 5
1 6
1 7
2 7
3 7
3 8
3 9
2 9
2 10
2 9
1 9
0 9
1 9
1 8
1 7
0 7
1 7
0 7
0 6
0 7
0 6
0 7
1 7
1 6
1 7
2 7
2 8
2 9
2 10
3 10
4 10
3 10
4 10
3 10
3 11
3 12
4 12
4 11
4 12
4 11
4 10
4 9
3 9
3 8
3 9
3 8
4 8
4 7
4 8
5 8
5 7
4 7
4 6
4 7
4 8
4 9
4 10
3 10
3 11
4 11
4 10
5 10
4 10
3 10
4 10
3 10
3 11
2 11
2 12
2 13
1 13
2 13
3 13
4 13
5 13
4 13
4 12
4 11
3 11
4 11
4 10
4 9
5 9
6 9
5 9
5 10
5 11
4 11
5 11
4 11
4 12
4 11
3 11
2 11
2 10
2 9
1 9
2 9
2 10
1 10
0 10
0 9
0 8
1 8
0 8
1 8
2 8
2 9
1 9
1 10
2 10
2 9
2 10
2 9
2 10
3 10
4 10
4 11
5 11
5 12
4 12
4 13
5 13
5 14
5 15
5 14
5 13
6 13
5 13
5 12
4 12
4 11
4 10
4 9
3 9
3 10
3 9
2 9
3 9
3 8
4 8
4 7
3 7
2 7
3 7
3 8
2 8
2 9
2 10
1 10
0 10
0 11
0 12
1 12
0 12
0 11
1 11
1 10
0 10
0 11
1 11
0 11
1 11
1 10
0 10
0 9
0 10
1 10
1 9
2 9
3 9
3 8
4 8
3 8
3 7
3 8
2 8
1 8
1 7
2 7
3 7
2 7
2 8
3 8
2 8
2 7
1 7
1 8
1 9
2 9
2 8
2 7
2 8
3 8
2 8
2 9
2 8
3 8
3 9
3 8
4 8
5 8
5 9
5 10
6 10
7 10
7 11
8 11
8 12
8 11
8 10
9 10
9 9
8 9
8 8
7 8
8 8
8 9
9 9
9 10
10 10
10 9
10 10
10 9
11 9
11 8
12 8
12 9
13 9
13 8
12 8
12 7
13 7
14 7
13 7
13 6
14 6
14 5
14 4
14 5
15 5
15 4
15 5
14 5
14 4
14 3
14 2
13 2
13 3
13 2
13 3
13 2
13 1
13 0
14 0
14 1
15 1
14 1
14 2
15 2
15 1
16 1
16 0
16 1
17 1
16 1
17 1
18 1
18 2
19 2
20 2
19 2
18 2
18 3
17 3
17 2
17 3
18 3
17 3
18 3
19 3
19 2
20 2
20 3
20 4
20 3
21 3
21 2
20 2
21 2
21 3
22 3
21 3
21 2
21 1
21 2
21 1
21 0
21 1
22 1
23 1
23 0
23 1
24 1
23 1
23 0
23 1
23 0
24 0
23 0
24 0
24 1
23 1
22 1
21 1
21 2
21 1
21 2
22 2
22 1
21 1
20 1
19 1
19 2
18 2
19 2
19 3
20 3
20 4
20 3
20 2
19 2
19 3
19 2
19 1
18 1
18 2
18 3
19 3
20 3
20 4
19 4
20 4
20 5
19 5
20 5
21 5
21 6
20 6
21 6
20 6
20 5
20 6
20 5
20 6
21 6
22 6
23 6
24 6
25 6
25 5
24 5
23 5
22 5
22 4
23 4
22 4
22 5
21 5
22 5
22 6
21 6
22 6
22 5
23 5
24 5
23 5
22 5
22 4
23 4
24 4
24 3
23 3
23 2
24 2
25 2
24 2
23 2
24 2
23 2
23 3
23 2
23 3
23 4
24 4
24 5
24 6
23 6
22 6
22 5
21 5
21 6
21 5
21 4
21 5
20 5
20 4
20 3
21 3
22 3
22 2
23 2
22 2
22 3
22 4
22 5
23 5
23 6
24 6
24 5
23 5
23 6
23 5
23 4
24 4
25 4
25 5
25 6
24 6
25 6
25 7
25 6
26 6
25 6
26 6
27 6
28 6
27 6
27 5
27 4
27 5
28 5
29 5
30 5
30 4
30 3
29 3
29 2
30 2
30 3
31 3
32 3
32 2
33 2
32 2
33 2
34 2
35 2
34 2
35 2
35 1
34 1
34 0
34 1
34 2
34 1
34 2
34 3
34 4
34 3
33 3
33 4
34 4
34 3
34 2
35 2
35 1
36 1
36 2
36 1
36 2
35 2
34 2
34 1
34 0
33 0
33 1
33 2
33 1
34 1
33 1
34 1
35 1
36 1
36 0
37 0
38 0
38 1
39 1
39 0
40 0
40 1
41 1
41 2
42 2
42 3
41 3
41 2
40 2
40 1
40 2
40 1
40 2
40 3
41 3
40 3
40 2
39 2
39 1
38 1
38 2
37 2
37 1
36 1
37 1
38 1
39 1
40 1
39 1
38 1
39 1
40 1
40 0
40 1
41 1
41 2
42 2
42 3
42 4
42 3
43 3
42 3
42 4
42 3
42 4
43 4
43 5
42 5
42 6
43 6
43 5
43 6
43 5
43 4
44 4
44 3
44 4
44 3
44 2
44 1
45 1
44 1
44 0
44 1
44 0
44 1
43 1
43 0
43 1
43 0
44 0
45 0
44 0
44 1
44 2
45 2
46 2
46 1
46 2
46 1
46 0
46 1
46 0
45 0
45 1
45 2
44 2
45 2
45 3
45 2
45 3
45 2
46 2
45 2
45 1
44 1
45 1
45 0
45 1
44 1
43 1
44 1
44 0
45 0
45 1
45 2
45 3
44 3
44 2
44 3
44 2
44 3
43 3
44 3
43 3
42 3
42 4
42 3
43 3
42 3
42 4
42 3
42 2
41 2
42 2
42 1
42 2
41 2
41 1
41 2
42 2
43 2
42 2
43 2
43 1
43 2
43 1
43 0
44 0
45 0
44 0
43 0
43 1
43 2
43 3
43 4
43 3
44 3
45 3
45 4
45 3
46 3
45 3
46 3
47 3
47 4
46 4
47 4
48 4
47 4
47 5
47 4
47 3
48 3
48 2
48 1
48 0
48 1
47 1
48 1
47 1
46 1
46 2
45 2
45 3
45 2
45 1
44 1
43 1
43 0
43 1
44 1
45 1
45 0
46 0
46 1
46 2
45 2
45 1
45 0
44 0
45 0
46 0
46 1
45 1
44 1
44 0
44 1
43 1
43 2
42 2
42 1
42 0
41 0
40 0
40 1
40 2
40 1
40 0
41 0
42 0
42 1
43 1
44 1
45 1
45 2
