0 0
1 0
0 0
1 0
1 1
2 1
2 0
2 1
1 1
1 2
1 1
1 2
1 1
0 1
0 0
1 0
0 0
0 1
0 0
0 1
0 2
1 2
0 2
1 2
1 3
2 3
2 4
1 4
1 3
0 3
1 3
0 3
1 3
1 2
2 2
3 2
2 2
1 2
1 3
2 3
1 3
2 3
2 4
3 4
2 4
1 4
0 4
0 5
1 5
1 4
1 3
2 3
3 3
3 2
4 2
4 1
5 1
4 1
3 1
4 1
4 0
4 1
4 2
4 1
4 2
4 1
5 1
6 1
5 1
4 1
5 1
5 2
4 2
5 2
4 2
5 2
5 1
4 1
4 0
5 0
6 0
6 1
7 1
7 2
8 2
8 1
7 1
7 2
6 2
5 2
5 3
6 3
7 3
6 3
6 4
6 3
7 3
7 4
7 5
7 4
7 5
7 6
7 7
7 8
7 9
6 9
7 9
7 10
8 10
8 9
8 10
9 10
10 10
10 11
10 12
10 11
10 10
11 10
11 9
11 8
10 8
10 7
9 7
8 7
9 7
8 7
9 7
10 7
10 8
10 9
10 10
11 10
10 10
9 10
8 10
8 9
8 8
8 9
9 9
8 9
8 10
8 9
8 8
7 8
6 8
6 7
7 7
7 8
8 8
9 8
9 9
9 10
10 10
10 9
10 8
11 8
11 7
12 7
11 7
11 8
11 9
12 9
11 9
11 10
11 11
11 12
12 12
11 12
12 12
12 13
12 14
13 14
12 14
12 13
12 12
12 11
13 11
13 10
14 10
15 10
15 9
14 9
15 9
14 9
14 10
14 9
15 9
15 10
15 11
15 12
16 12
16 13
15 13
15 12
14 12
15 12
15 13
15 14
15 13
14 13
13 13
12 13
12 14
12 15
12 14
13 14
13 15
13 14
13 13
13 12
12 12
11 12
11 11
11 12
12 12
12 11
12 10
12 9
12 8
12 9
12 10
12 9
13 9
13 10
13 11
13 10
12 10
11 10
12 10
12 9
12 8
11 8
11 7
10 7
11 7
11 8
11 9
10 9
9 9
9 10
10 10
10 11
11 11
11 12
11 11
10 11
9 11
9 12
10 12
9 12
8 12
7 12
7 13
7 12
6 12
6 13
7 13
7 14
7 13
8 13
9 13
8 13
8 14
8 15
8 16
8 15
9 15
9 14
9 13
9 12
10 12
10 11
9 11
9 12
9 11
10 11
11 11
10 11
10 10
10 11
10 12
9 12
10 12
10 11
11 11
12 11
11 11
11 10
11 9
11 10
11 11
10 11
10 12
11 12
11 13
12 13
12 14
13 14
12 14
12 15
11 15
12 15
12 14
13 14
14 14
14 15
15 15
16 15
16 16
17 16
16 16
16 17
16 16
15 16
14 16
13 16
14 16
13 16
12 16
11 16
12 16
12 15
11 15
12 15
11 15
11 14
11 15
11 14
11 13
12 13
12 12
12 13
12 14
13 14
13 15
12 15
12 14
12 15
11 15
11 16
11 17
11 18
10 18
9 18
10 18
10 17
9 17
10 17
10 16
11 16
10 16
9 16
9 15
9 14
9 13
8 13
8 14
9 14
9 13
10 13
10 12
10 11
10 12
10 11
10 10
11 10
11 9
11 8
11 9
11 10
11 9
11 8
11 7
11 8
12 8
11 8
11 7
11 8
10 8
10 7
10 8
10 7
11 7
11 6
10 6
10 5
9 5
9 6
8 6
8 7
7 7
6 7
6 8
6 9
7 9
7 8
8 8
9 8
9 7
8 7
7 7
8 7
8 6
7 6
6 6
7 6
6 6
7 6
7 5
8 5
8 4
8 5
8 4
9 4
9 5
10 5
11 5
10 5
10 6
10 5
10 4
10 5
10 6
11 6
10 6
10 5
11 5
11 4
11 5
10 5
10 6
10 7
11 7
12 7
13 7
13 8
13 9
14 9
14 10
14 11
14 10
13 10
12 10
12 11
11 11
10 11
9 11
8 11
9 11
8 11
9 11
10 11
9 11
10 11
10 12
9 12
8 12
8 11
9 11
8 11
7 11
7 12
7 11
6 11
6 12
7 12
7 11
6 11
6 12
6 13
7 13
6 13
6 14
7 14
7 15
8 15
9 15
9 16
10 16
10 15
10 16
10 17
10 18
9 18
8 18
7 18
8 18
7 18
6 18
6 17
7 17
6 17
6 16
5 16
5 17
4 17
4 16
4 15
4 14
3 14
4 14
4 15
5 15
4 15
4 16
4 17
3 17
2 17
1 17
0 17
0 16
0 15
1 15
0 15
1 15
1 14
0 14
0 15
1 15
2 15
1 15
1 16
1 17
1 16
0 16
0 15
1 15
1 16
1 17
2 17
1 17
2 17
2 16
2 17
1 17
2 17
2 16
2 17
3 17
4 17
3 17
3 16
3 15
3 16
2 16
3 16
3 15
3 16
4 16
5 16
5 17
4 17
4 18
3 18
3 19
3 20
3 21
2 21
1 21
1 20
1 21
0 21
0 20
1 20
1 19
1 18
0 18
0 19
1 19
2 19
2 20
2 21
1 21
2 21
2 20
1 20
1 19
1 20
1 21
1 22
0 22
0 23
1 23
2 23
2 22
1 22
2 22
2 21
3 21
4 21
3 21
4 21
3 21
2 21
3 21
3 22
3 23
2 23
2 24
1 24
1 25
0 25
0 26
1 26
1 25
1 24
1 25
1 24
1 25
0 25
0 24
0 25
0 26
1 26
1 27
1 26
0 26
1 26
1 25
1 26
2 26
2 25
2 24
2 23
1 23
1 24
2 24
3 24
2 24
2 23
2 22
2 21
1 21
0 21
1 21
1 22
0 22
0 23
0 24
0 23
1 23
0 23
0 24
1 24
1 23
2 23
2 24
1 24
0 24
1 24
1 25
1 26
1 27
1 26
1 27
0 27
0 26
0 25
1 25
1 26
0 26
1 26
2 26
1 26
2 26
1 26
1 27
0 27
0 26
1 26
0 26
0 27
1 27
1 26
0 26
0 25
0 24
1 24
1 23
0 23
0 24
1 24
2 24
2 25
2 24
2 23
2 24
3 24
3 23
2 23
1 23
0 23
0 22
1 22
0 22
1 22
1 21
2 21
3 21
3 22
3 23
3 22
2 22
2 23
1 23
0 23
1 23
2 23
2 24
1 24
1 25
0 25
0 26
1 26
2 26
1 26
1 27
2 27
1 27
1 28
0 28
1 28
1 27
0 27
0 26
0 27
1 27
2 27
1 27
1 28
1 27
1 26
2 26
3 26
4 26
4 25
3 25
4 25
4 26
4 25
5 25
4 25
3 25
3 24
4 24
4 25
4 24
5 24
5 25
5 26
5 27
4 27
3 27
3 28
4 28
5 28
4 28
3 28
3 27
4 27
4 26
4 27
4 28
3 28
3 29
4 29
5 29
5 28
4 28
5 28
6 28
6 27
5 27
5 26
5 27
6 27
6 26
6 27
6 28
5 28
6 28
6 27
5 27
5 28
4 28
5 28
6 28
7 28
7 27
8 27
8 28
8 29
8 28
8 29
7 29
7 30
7 31
8 31
8 30
8 29
8 28
8 27
7 27
7 28
8 28
8 29
8 30
8 31
8 32
8 31
8 32
8 33
9 33
9 32
9 31
8 31
8 32
9 32
9 31
8 31
8 30
8 29
9 29
8 29
7 29
8 29
8 30
8 29
8 30
8 31
7 31
8 31
8 30
9 30
10 30
11 30
10 30
10 29
11 29
10 29
10 28
9 28
10 28
10 29
10 28
10 27
10 28
10 29
11 29
10 29
9 29
9 28
9 27
9 28
9 27
9 26
8 26
9 26
8 26
7 26
7 27
6 27
5 27
5 28
5 29
6 29
7 29
6 29
5 29
5 30
4 30
3 30
3 29
3 30
2 30
1 30
0 30
0 31
1 31
1 32
2 32
2 31
1 31
2 31
2 32
2 33
2 34
3 34
2 34
2 33
2 34
2 35
1 35
0 35
1 35
1 34
1 33
0 33
0 32
0 31
1 31
2 31
1 31
2 31
2 30
1 30
0 30
1 30
0 30
0 31
0 30
0 31
1 31
2 31
2 30
2 29
1 29
1 30
2 30
1 30
2 30
3 30
3 31
3 32
3 31
3 30
3 29
3 28
3 29
3 30
3 31
4 31
3 31
4 31
4 30
4 31
5 31
4 31
3 31
4 31
5 31
6 31
5 31
5 32
5 31
4 31
5 31
6 31
6 30
6 29
5 29
6 29
5 29
5 30
5 29
4 29
4 30
4 31
4 32
5 32
5 33
4 33
3 33
4 33
4 34
5 34
5 35
5 34
6 34
6 33
6 32
6 33
6 32
6 31
6 30
5 30
5 31
5 30
6 30
7 30
6 30
6 31
5 31
5 30
6 30
7 30
7 29
7 30
7 29
6 29
7 29
7 30
6 30
7 30
7 31
6 31
5 31
5 30
4 30
4 29
