0 0
1 0
0 0
0 1
0 0
1 0
1 1
2 1
1 1
0 1
1 1
1 0
2 0
2 1
2 2
1 2
2 2
1 2
2 2
2 3
2 2
2 1
2 0
1 0
1 1
1 0
0 0
0 1
1 1
1 2
1 1
1 0
1 1
1 0
1 1
1 0
1 1
2 1
3 1
3 2
3 1
4 1
4 2
4 3
5 3
5 4
5 5
5 6
4 6
4 7
3 7
2 7
3 7
3 8
2 8
2 7
2 8
2 9
3 9
2 9
3 9
2 9
3 9
4 9
3 9
2 9
2 10
1 10
2 10
2 9
2 8
2 7
3 7
3 6
3 7
2 7
2 8
3 8
2 8
2 7
2 8
2 7
1 7
2 7
2 8
1 8
1 9
0 9
0 8
0 9
1 9
1 10
1 11
2 11
1 11
2 11
3 11
3 10
3 11
4 11
4 10
5 10
5 11
4 11
4 12
3 12
2 12
3 12
4 12
3 12
2 12
3 12
4 12
3 12
3 13
4 13
5 13
5 14
5 15
5 16
6 16
6 17
6 18
7 18
8 18
7 18
7 17
7 18
8 18
8 19
8 18
8 17
8 18
8 19
7 19
8 19
7 19
6 19
5 19
5 18
6 18
7 18
7 19
7 18
7 19
8 19
7 19
6 19
5 19
5 20
5 21
5 20
5 21
5 22
6 22
6 21
5 21
4 21
4 22
5 22
6 22
6 21
6 20
6 19
7 19
8 19
8 20
9 20
10 20
10 19
10 20
11 20
12 20
11 20
12 20
12 21
11 21
11 22
12 22
13 22
14 22
14 23
15 23
15 22
16 22
16 21
16 20
16 21
16 20
16 19
15 19
16 19
15 19
14 19
13 19
13 18
13 17
12 17
12 16
12 15
12 14
11 14
12 14
12 13
12 14
11 14
11 13
11 12
10 12
9 12
9 11
10 11
9 11
10 11
10 10
10 11
11 11
10 11
9 11
9 12
9 13
9 14
9 13
8 13
9 13
8 13
9 13
10 13
9 13
10 13
11 13
10 13
10 14
11 14
12 14
12 15
12 16
13 16
14 16
15 16
14 16
14 15
14 16
14 15
14 14
13 14
13 13
12 13
11 13
11 14
11 13
11 14
11 15
11 14
11 13
11 12
10 12
10 11
10 12
11 12
11 13
12 13
11 13
10 13
9 13
9 12
9 11
8 11
8 10
8 11
8 10
7 10
6 10
7 10
8 10
9 10
10 10
9 10
8 10
8 9
8 10
9 10
9 11
9 12
8 12
8 11
7 11
8 11
8 10
7 10
7 11
7 10
7 9
6 9
6 10
6 11
5 11
6 11
5 11
6 11
5 11
5 12
5 13
5 14
5 15
6 15
6 16
6 17
7 17
7 18
7 19
7 18
7 19
7 18
7 19
8 19
7 19
7 20
7 21
6 21
6 22
6 23
6 22
7 22
8 22
9 22
8 22
7 22
7 23
7 22
7 21
7 20
8 20
8 19
8 20
7 20
8 20
8 19
9 19
9 18
10 18
11 18
11 17
11 16
11 17
10 17
10 18
11 18
10 18
11 18
10 18
9 18
9 17
9 18
9 17
9 16
9 15
9 14
9 15
9 14
9 15
8 15
7 15
8 15
8 16
8 17
7 17
7 16
8 16
8 17
8 16
8 17
7 17
8 17
7 17
8 17
9 17
8 17
8 16
8 17
9 17
10 17
11 17
10 17
11 17
12 17
13 17
12 17
12 16
13 16
14 16
15 16
16 16
17 16
18 16
19 16
19 17
19 16
19 15
19 14
19 13
19 12
20 12
21 12
20 12
20 11
21 11
22 11
22 10
22 9
22 10
22 11
22 10
23 10
24 10
24 11
24 10
24 11
24 10
24 11
23 11
24 11
25 11
25 12
25 11
25 12
26 12
26 11
27 11
27 12
28 12
29 12
30 12
30 11
29 11
28 11
28 12
28 13
27 13
28 13
29 13
29 14
29 13
29 14
28 14
28 15
28 16
27 16
27 15
28 15
27 15
28 15
28 14
27 14
27 13
27 14
28 14
28 13
28 14
28 13
28 14
28 15
28 14
29 14
30 14
30 13
30 14
31 14
31 15
32 15
32 14
33 14
33 13
33 12
32 12
32 11
31 11
32 11
32 12
32 13
33 13
33 14
33 15
33 16
33 17
34 17
35 17
34 17
35 17
35 16
35 15
36 15
36 14
36 13
36 12
37 12
36 12
36 11
37 11
37 12
37 11
38 11
37 11
38 11
38 12
37 12
37 11
36 11
37 11
38 11
39 11
40 11
41 11
42 11
42 10
42 9
41 9
42 9
42 8
41 8
42 8
42 7
42 8
42 9
42 8
41 8
42 8
41 8
40 8
40 7
40 6
39 6
39 7
39 6
40 6
40 7
40 6
39 6
40 6
40 7
41 7
41 6
41 5
40 5
40 6
40 5
39 5
38 5
37 5
36 5
37 5
38 5
39 5
38 5
38 4
39 4
38 4
38 3
38 4
37 4
38 4
37 4
37 5
38 5
38 4
38 3
37 3
37 2
37 3
36 3
36 4
37 4
36 4
36 3
36 4
35 4
34 4
35 4
35 5
35 6
35 5
36 5
36 4
37 4
37 5
37 6
37 5
36 5
37 5
38 5
38 6
37 6
37 5
36 5
36 6
37 6
37 7
37 8
37 9
36 9
37 9
36 9
36 8
36 9
36 10
37 10
36 10
37 10
38 10
38 11
38 10
38 9
38 10
38 9
38 10
39 10
39 9
39 10
39 11
39 10
39 9
39 10
40 10
41 10
42 10
43 10
44 10
44 11
44 10
44 9
44 8
44 9
43 9
43 8
42 8
43 8
44 8
43 8
43 7
43 8
43 9
43 8
44 8
44 7
44 6
44 7
45 7
45 6
46 6
46 5
47 5
47 4
48 4
48 5
49 5
49 4
49 5
49 4
49 3
49 2
50 2
51 2
51 3
52 3
52 2
52 3
53 3
52 3
52 4
53 4
53 3
52 3
52 2
52 3
53 3
53 4
54 4
54 3
54 2
54 3
54 2
55 2
56 2
56 1
56 2
56 1
56 0
57 0
56 0
55 0
54 0
55 0
54 0
54 1
54 0
54 1
55 1
54 1
55 1
56 1
56 0
56 1
57 1
57 0
57 1
56 1
56 2
55 2
55 3
55 4
55 3
56 3
55 3
54 3
54 2
55 2
54 2
53 2
52 2
51 2
50 2
50 3
50 4
51 4
50 4
49 4
49 5
48 5
49 5
50 5
51 5
50 5
51 5
50 5
50 4
49 4
49 3
49 4
50 4
51 4
51 5
51 6
52 6
51 6
51 5
51 6
51 5
51 4
51 3
52 3
52 2
53 2
52 2
51 2
50 2
50 3
51 3
51 2
51 1
51 2
51 1
51 2
50 2
51 2
51 1
51 0
51 1
51 2
50 2
50 3
50 2
50 3
51 3
52 3
53 3
52 3
51 3
51 2
52 2
53 2
52 2
51 2
50 2
49 2
50 2
49 2
48 2
49 2
48 2
47 2
47 1
46 1
46 0
45 0
44 0
44 1
44 2
44 1
44 2
44 3
45 3
45 4
45 3
44 3
45 3
46 3
45 3
46 3
45 3
45 4
46 4
45 4
45 5
46 5
45 5
46 5
45 5
46 5
47 5
48 5
48 4
47 4
48 4
48 3
48 4
49 4
49 3
48 3
47 3
46 3
45 3
46 3
45 3
45 2
46 2
45 2
44 2
44 1
44 2
43 2
43 1
42 1
42 0
41 0
40 0
39 0
40 0
40 1
41 1
42 1
42 2
42 1
41 1
41 0
41 1
41 2
41 1
41 0
42 0
41 0
40 0
41 0
41 1
40 1
41 1
41 2
42 2
43 2
44 2
43 2
44 2
45 2
46 2
45 2
45 1
46 1
46 2
45 2
46 2
46 3
46 4
46 5
46 4
47 4
48 4
48 3
47 3
48 3
49 3
49 4
48 4
49 4
49 3
49 4
49 3
49 4
48 4
48 3
47 3
47 2
48 2
48 3
47 3
47 4
47 5
46 5
46 4
45 4
45 3
46 3
46 4
46 5
45 5
45 6
45 5
46 5
47 5
48 5
49 5
48 5
47 5
46 5
46 4
47 4
47 3
47 4
48 4
49 4
49 5
49 6
49 5
49 6
50 6
50 5
51 5
51 6
51 7
51 8
52 8
52 9
53 9
54 9
53 9
53 8
52 8
52 9
53 9
53 8
53 7
52 7
52 8
51 8
51 9
50 9
49 9
50 9
51 9
51 10
51 9
52 9
51 9
52 9
52 8
52 7
52 6
53 6
53 7
54 7
53 7
53 6
53 7
53 8
52 8
53 8
52 8
52 7
52 6
52 5
51 5
51 4
50 4
49 4
48 4
48 3
49 3
48 3
48 2
48 3
49 3
49 2
49 3
49 4
50 4
49 4
50 4
50 5
50 6
50 5
51 5
50 5
