0 0
1 0
1 1
1 0
0 0
0 1
0 0
0 1
0 0
0 1
1 1
1 0
1 1
0 1
1 1
2 1
2 0
3 0
2 0
1 0
1 1
1 0
1 1
1 0
0 0
0 1
1 1
1 2
1 3
1 2
1 1
0 1
0 0
0 1
1 1
1 0
2 0
2 1
3 1
3 0
3 1
3 2
2 2
2 3
2 4
2 3
1 3
0 3
1 3
1 2
2 2
2 1
2 0
3 0
4 0
4 1
3 1
4 1
5 1
4 1
5 1
5 0
5 1
6 1
6 0
7 0
6 0
6 1
7 1
6 1
6 0
6 1
6 2
6 1
7 1
7 2
6 2
6 1
6 2
6 3
5 3
6 3
5 3
5 2
5 3
4 3
5 3
6 3
7 3
7 4
7 3
6 3
7 3
7 4
6 4
6 3
6 4
7 4
6 4
6 5
7 5
8 5
8 6
8 7
9 7
9 6
9 5
8 5
7 5
8 5
7 5
7 4
6 4
7 4
6 4
7 4
8 4
8 3
8 4
9 4
8 4
7 4
8 4
8 3
7 3
6 3
7 3
6 3
7 3
8 3
9 3
9 4
9 3
9 4
10 4
11 4
10 4
9 4
10 4
9 4
8 4
7 4
8 4
9 4
9 5
10 5
10 4
9 4
9 5
9 6
9 7
9 8
10 8
10 7
10 6
10 7
9 7
9 8
9 9
9 8
10 8
10 9
11 9
11 8
11 7
11 6
11 5
10 5
9 5
10 5
10 4
9 4
9 3
9 4
9 3
10 3
11 3
10 3
10 2
11 2
10 2
11 2
12 2
12 1
13 1
12 1
13 1
14 1
14 0
15 0
16 0
15 0
14 0
14 1
14 0
14 1
14 0
13 0
12 0
13 0
13 1
13 2
13 3
14 3
15 3
14 3
13 3
14 3
15 3
15 2
16 2
17 2
16 2
16 3
15 3
15 4
16 4
16 5
17 5
17 6
17 7
16 7
16 8
15 8
16 8
17 8
18 8
19 8
20 8
19 8
19 9
18 9
18 10
18 9
18 8
17 8
18 8
19 8
19 7
19 8
19 9
20 9
21 9
22 9
22 10
22 9
22 10
22 9
23 9
22 9
22 10
23 10
23 11
23 10
23 9
23 8
22 8
22 7
23 7
23 8
23 9
23 8
22 8
23 8
22 8
21 8
21 7
22 7
22 6
21 6
21 5
22 5
22 6
21 6
21 7
21 8
20 8
21 8
20 8
19 8
19 7
18 7
18 8
19 8
19 9
19 10
19 9
19 8
20 8
21 8
21 7
21 6
22 6
21 6
20 6
20 5
21 5
21 6
21 7
21 6
22 6
22 5
23 5
23 6
23 5
23 6
23 5
23 6
23 5
23 4
22 4
21 4
21 3
20 3
20 4
19 4
20 4
19 4
19 5
18 5
19 5
20 5
20 6
20 5
20 6
21 6
22 6
23 6
23 7
24 7
24 8
23 8
23 7
23 8
22 8
21 8
22 8
22 7
21 7
21 6
21 7
20 7
21 7
22 7
22 6
23 6
23 5
23 6
23 5
23 6
23 5
23 6
23 5
23 4
24 4
24 5
25 5
25 6
25 7
25 6
24 6
24 5
24 6
23 6
23 5
23 4
23 5
23 4
22 4
22 5
23 5
22 5
23 5
23 6
23 5
23 6
24 6
24 7
25 7
25 8
24 8
24 7
25 7
25 6
25 5
25 6
26 6
26 7
25 7
26 7
27 7
27 6
28 6
27 6
26 6
27 6
26 6
25 6
24 6
23 6
23 7
23 8
23 9
24 9
24 8
24 7
24 8
23 8
22 8
21 8
21 9
21 10
22 10
22 11
23 11
22 11
21 11
21 12
22 12
22 11
23 11
23 12
24 12
23 12
22 12
22 11
22 12
23 12
23 11
24 11
24 12
23 12
24 12
23 12
23 13
22 13
22 12
22 11
23 11
22 11
21 11
20 11
19 11
19 10
19 9
20 9
20 10
20 11
21 11
21 10
22 10
22 11
21 11
21 10
20 10
20 9
20 8
19 8
18 8
18 7
18 8
18 9
17 9
17 10
17 9
17 8
18 8
19 8
19 7
18 7
18 6
17 6
17 7
17 6
18 6
19 6
18 6
17 6
17 5
18 5
19 5
19 6
19 5
19 4
19 3
19 2
19 3
18 3
17 3
17 4
18 4
17 4
18 4
18 5
18 4
17 4
18 4
19 4
18 4
17 4
17 3
17 4
18 4
19 4
19 5
19 6
18 6
19 6
18 6
18 7
17 7
16 7
16 6
16 5
15 5
15 6
16 6
16 7
16 8
17 8
17 7
16 7
15 7
15 6
14 6
14 7
14 6
13 6
13 7
12 7
12 6
12 5
12 6
13 6
14 6
14 7
14 8
14 7
14 8
13 8
13 7
12 7
12 8
12 9
11 9
11 8
11 7
11 8
12 8
12 7
11 7
12 7
13 7
12 7
13 7
13 6
13 7
14 7
13 7
13 8
14 8
14 9
14 8
14 7
14 6
15 6
15 7
15 6
15 7
15 8
15 9
16 9
15 9
15 10
14 10
14 9
14 8
15 8
14 8
14 9
14 10
14 9
14 8
15 8
15 9
15 10
15 9
15 8
15 7
15 8
15 7
15 8
15 9
15 8
14 8
13 8
13 9
13 10
13 11
13 12
13 13
12 13
12 14
11 14
10 14
10 15
9 15
9 14
9 13
8 13
8 12
8 13
8 12
8 13
8 14
8 15
7 15
6 15
7 15
8 15
9 15
9 16
9 17
9 18
9 17
8 17
8 16
8 15
8 16
8 15
8 14
7 14
7 13
8 13
8 14
8 15
9 15
8 15
9 15
9 16
9 15
9 16
10 16
11 16
10 16
11 16
12 16
11 16
12 16
12 17
13 17
12 17
12 18
13 18
12 18
13 18
12 18
11 18
11 19
12 19
13 19
12 19
13 19
13 20
13 21
13 22
13 21
13 20
14 20
14 21
14 20
14 21
14 22
14 21
15 21
16 21
15 21
15 20
15 21
14 21
13 21
12 21
12 22
12 21
12 22
11 22
12 22
12 23
12 24
12 25
12 24
13 24
13 23
14 23
14 24
13 24
13 25
13 26
12 26
13 26
13 27
12 27
12 28
13 28
12 28
13 28
12 28
11 28
11 27
10 27
10 26
10 25
10 26
9 26
10 26
11 26
12 26
12 25
12 26
12 27
12 26
11 26
11 25
12 25
12 26
11 26
12 26
11 26
11 27
11 28
12 28
12 29
13 29
12 29
11 29
11 30
11 31
12 31
13 31
13 32
13 33
13 34
14 34
13 34
13 35
13 36
14 36
14 35
15 35
15 36
16 36
15 36
16 36
16 35
16 34
16 33
15 33
16 33
17 33
17 32
17 33
17 32
17 33
17 32
16 32
16 33
16 34
17 34
16 34
17 34
17 33
16 33
15 33
14 33
14 34
14 33
15 33
16 33
16 34
17 34
17 35
17 36
16 36
16 37
17 37
16 37
15 37
15 38
14 38
14 37
15 37
16 37
17 37
18 37
19 37
19 38
20 38
20 39
21 39
21 40
21 41
21 42
20 42
20 41
20 42
19 42
20 42
21 42
22 42
21 42
22 42
23 42
23 41
23 42
23 41
23 40
22 40
23 40
23 39
24 39
23 39
23 38
23 39
24 39
24 40
23 40
22 40
22 41
21 41
20 41
19 41
19 42
18 42
19 42
18 42
18 41
17 41
18 41
19 41
19 42
19 41
19 40
19 39
18 39
19 39
19 40
19 41
20 41
19 41
20 41
21 41
22 41
22 40
23 40
24 40
23 40
22 40
22 39
22 40
21 40
21 41
21 40
21 39
21 40
21 41
20 41
20 40
19 40
18 40
18 41
18 40
19 40
19 39
18 39
18 40
17 40
18 40
19 40
19 41
18 41
18 42
18 43
18 44
17 44
16 44
16 43
16 42
17 42
17 41
18 41
19 41
19 40
19 39
19 40
18 40
17 40
18 40
18 41
18 40
18 41
18 40
17 40
18 40
17 40
16 40
17 40
18 40
17 40
17 41
16 41
16 40
15 40
15 39
14 39
13 39
13 38
13 37
14 37
13 37
13 36
13 37
14 37
14 36
14 35
14 36
13 36
14 36
15 36
16 36
15 36
15 35
14 35
15 35
14 35
14 36
14 37
14 36
14 35
14 36
13 36
12 36
12 35
11 35
12 35
12 34
12 33
12 34
13 34
13 35
14 35
14 36
14 37
15 37
16 37
16 38
15 38
15 37
16 37
16 38
17 38
16 38
15 38
14 38
13 38
13 39
12 39
13 39
13 40
14 40
14 39
13 39
13 38
14 38
15 38
14 38
13 38
13 37
12 37
11 37
11 38
10 38
10 37
11 37
12 37
11 37
11 38
11 39
12 39
12 38
11 38
11 37
11 36
12 36
12 35
12 36
12 35
12 34
12 35
11 35
10 35
