0 0
1 0
1 1
0 1
0 0
1 0
1 1
1 0
2 0
2 1
2 2
1 2
2 2
2 3
2 4
1 4
0 4
1 4
1 3
2 3
2 4
3 4
3 3
2 3
1 3
0 3
1 3
2 3
3 3
3 4
2 4
2 5
2 4
2 5
2 4
2 5
2 6
1 6
1 7
1 6
2 6
2 5
3 5
4 5
4 4
5 4
5 5
5 4
4 4
4 5
4 4
5 4
5 5
5 6
4 6
4 5
4 6
5 6
5 7
5 8
5 7
5 6
5 5
5 6
6 6
5 6
5 7
5 8
5 7
6 7
5 7
4 7
4 6
4 7
4 6
4 7
4 8
5 8
6 8
7 8
7 7
8 7
7 7
7 6
6 6
6 5
5 5
5 6
5 5
4 5
5 5
4 5
5 5
6 5
5 5
5 4
5 3
5 4
5 3
6 3
5 3
5 4
5 5
5 4
5 3
4 3
3 3
3 4
2 4
2 3
1 3
1 2
0 2
0 3
1 3
2 3
2 2
1 2
1 3
2 3
3 3
3 4
2 4
3 4
2 4
2 5
1 5
1 6
1 5
0 5
1 5
0 5
1 5
2 5
2 4
1 4
1 3
1 4
0 4
0 5
0 4
1 4
1 3
2 3
3 3
3 2
2 2
2 1
1 1
0 1
0 0
0 1
0 2
0 1
0 2
0 1
0 2
1 2
1 1
1 0
1 1
2 1
1 1
2 1
2 0
1 0
1 1
1 2
1 1
1 0
1 1
1 2
0 2
1 2
2 2
2 3
2 4
2 3
2 4
2 3
1 3
2 3
2 2
2 3
1 3
2 3
2 2
2 1
2 2
3 2
3 3
3 4
3 5
2 5
2 6
2 7
2 6
3 6
3 7
4 7
4 6
4 5
4 6
3 6
2 6
2 5
3 5
3 6
2 6
2 7
2 8
1 8
1 7
0 7
1 7
2 7
2 8
2 7
2 6
2 7
3 7
3 8
2 8
2 7
1 7
1 6
2 6
3 6
3 7
4 7
4 8
4 7
3 7
2 7
3 7
3 8
4 8
4 7
3 7
2 7
2 6
1 6
1 5
1 6
1 5
1 6
0 6
1 6
0 6
1 6
0 6
0 7
0 6
1 6
1 5
1 4
2 4
2 3
1 3
0 3
0 4
1 4
2 4
2 5
2 4
2 5
1 5
1 4
1 3
1 2
2 2
3 2
2 2
2 3
1 3
0 3
1 3
1 2
1 1
2 1
2 0
2 1
3 1
2 1
2 0
2 1
1 1
1 0
2 0
1 0
0 0
1 0
1 1
1 0
0 0
1 0
1 1
2 1
1 1
0 1
1 1
0 1
0 0
1 0
1 1
2 1
3 1
4 1
5 1
4 1
3 1
3 2
2 2
3 2
3 3
3 2
3 1
3 0
3 1
3 2
4 2
4 1
4 2
4 3
3 3
3 2
4 2
4 3
3 3
3 4
3 5
4 5
5 5
4 5
5 5
4 5
4 6
3 6
3 7
3 8
4 8
4 7
4 8
3 8
2 8
1 8
1 7
1 6
0 6
0 7
0 8
0 9
0 8
1 8
0 8
1 8
2 8
2 9
3 9
3 8
3 9
4 9
4 8
5 8
4 8
3 8
3 9
2 9
1 9
1 8
2 8
2 9
3 9
4 9
5 9
6 9
6 8
6 9
6 10
6 11
6 12
5 12
5 13
6 13
6 14
6 15
7 15
8 15
8 14
8 13
8 12
8 11
8 10
9 10
9 9
10 9
11 9
11 10
11 9
12 9
12 10
11 10
11 11
11 12
11 13
10 13
11 13
10 13
10 12
9 12
9 13
10 13
10 14
9 14
10 14
9 14
9 13
8 13
8 14
9 14
9 13
9 12
9 11
8 11
7 11
8 11
8 12
8 13
9 13
9 12
8 12
7 12
7 11
7 12
6 12
6 11
7 11
7 10
6 10
6 9
5 9
4 9
3 9
3 10
3 11
3 10
3 9
3 10
3 11
3 10
3 11
3 10
3 9
4 9
4 10
5 10
5 11
4 11
4 12
3 12
2 12
2 13
2 14
2 13
2 14
2 15
2 16
2 15
2 14
3 14
4 14
4 15
4 14
4 13
5 13
5 14
5 15
4 15
4 16
4 15
4 16
3 16
3 15
2 15
3 15
3 16
3 15
3 14
4 14
5 14
5 13
6 13
6 12
5 12
6 12
7 12
7 13
7 12
7 11
8 11
8 12
7 12
7 11
7 12
8 12
7 12
8 12
7 12
7 11
7 10
6 10
7 10
7 9
7 8
7 7
8 7
9 7
9 6
10 6
10 7
10 6
10 5
10 6
9 6
9 7
9 8
10 8
10 9
9 9
9 10
9 9
9 10
9 9
10 9
10 8
11 8
12 8
13 8
12 8
13 8
12 8
11 8
11 7
11 8
10 8
10 9
10 8
11 8
10 8
10 9
10 10
11 10
12 10
13 10
13 11
13 10
14 10
13 10
13 11
12 11
12 12
12 13
12 12
12 11
12 10
12 9
12 10
12 11
12 10
12 9
12 8
11 8
11 7
10 7
11 7
11 6
10 6
9 6
10 6
9 6
8 6
9 6
9 5
9 6
9 7
9 8
10 8
11 8
12 8
11 8
11 7
12 7
12 6
12 7
13 7
13 6
14 6
13 6
13 5
13 4
14 4
14 5
15 5
16 5
15 5
16 5
16 4
17 4
16 4
16 3
15 3
14 3
13 3
13 4
14 4
14 5
15 5
15 6
16 6
17 6
17 5
16 5
17 5
17 6
17 5
18 5
17 5
18 5
18 4
18 5
18 6
18 7
17 7
17 6
18 6
18 5
18 6
18 5
18 6
18 7
19 7
20 7
20 8
21 8
20 8
21 8
22 8
23 8
23 7
23 6
24 6
24 5
23 5
23 6
24 6
24 7
24 6
24 7
24 6
24 7
25 7
24 7
25 7
26 7
26 8
27 8
27 9
27 10
27 11
27 12
28 12
29 12
29 11
30 11
30 10
31 10
30 10
29 10
30 10
30 11
30 12
30 11
29 11
30 11
30 10
29 10
29 11
29 10
29 9
28 9
29 9
29 8
30 8
30 9
29 9
30 9
30 8
30 7
31 7
31 6
31 7
31 8
31 9
32 9
33 9
33 10
32 10
31 10
32 10
33 10
34 10
34 9
35 9
35 10
35 9
36 9
37 9
38 9
38 10
39 10
40 10
39 10
40 10
41 10
42 10
42 9
42 8
41 8
40 8
40 9
40 10
40 9
40 8
40 9
40 10
39 10
39 9
39 8
40 8
40 7
40 6
41 6
42 6
42 5
41 5
42 5
42 4
41 4
42 4
43 4
42 4
42 5
42 6
43 6
44 6
44 7
44 8
44 9
43 9
42 9
42 8
42 9
42 10
43 10
44 10
43 10
44 10
44 11
44 10
43 10
43 11
43 12
44 12
44 11
44 10
44 11
43 11
42 11
42 12
42 11
42 10
42 11
42 10
41 10
41 9
42 9
42 10
42 9
43 9
42 9
43 9
42 9
43 9
43 10
44 10
43 10
44 10
44 11
43 11
42 11
42 12
42 11
41 11
42 11
43 11
44 11
44 12
44 11
45 11
45 10
44 10
45 10
45 9
44 9
44 10
44 11
43 11
43 12
42 12
43 12
42 12
41 12
42 12
42 11
42 12
43 12
44 12
44 13
44 12
45 12
45 11
46 11
45 11
46 11
47 11
47 10
47 9
48 9
48 8
49 8
48 8
49 8
50 8
50 9
50 10
50 11
50 12
49 12
49 11
49 12
49 11
49 10
50 10
50 11
49 11
49 12
49 13
50 13
50 12
51 12
52 12
52 11
52 10
51 10
51 11
50 11
50 10
50 11
50 12
50 11
50 10
50 11
49 11
50 11
50 10
49 10
50 10
50 11
49 11
49 12
50 12
51 12
52 12
52 11
52 12
52 13
53 13
52 13
52 14
51 14
51 13
50 13
50 12
49 12
50 12
50 13
49 13
49 14
50 14
51 14
51 15
52 15
51 15
50 15
49 15
49 16
50 16
50 17
51 17
50 17
49 17
49 16
49 17
48 17
47 17
47 16
47 15
47 16
47 17
47 16
48 16
48 17
48 18
47 18
47 17
47 16
48 16
48 15
49 15
50 15
50 16
50 17
49 17
48 17
48 18
49 18
49 17
50 17
50 16
50 17
50 16
49 16
48 16
48 17
48 16
49 16
50 16
50 15
51 15
50 15
50 14
51 14
52 14
53 14
54 14
54 15
54 14
54 13
54 14
55 14
55 15
56 15
56 16
57 16
58 16
57 16
57 17
57 18
57 19
56 19
55 19
56 19
56 18
55 18
54 18
54 19
54 20
55 20
55 21
54 21
53 21
53 22
54 22
53 22
53 23
53 24
53 25
53 24
53 23
53 24
53 25
52 25
52 24
52 25
52 24
52 23
52 24
52 25
53 25
54 25
