0 0
1 0
1 1
2 1
2 2
2 1
2 0
3 0
2 0
2 1
1 1
2 1
2 0
2 1
3 1
4 1
4 0
4 1
3 1
2 1
3 1
3 2
2 2
2 3
3 3
4 3
4 2
4 3
5 3
6 3
5 3
5 2
6 2
5 2
5 1
4 1
5 1
6 1
6 0
7 0
7 1
8 1
8 2
8 3
9 3
9 2
8 2
8 3
9 3
8 3
7 3
6 3
7 3
8 3
9 3
10 3
10 4
11 4
10 4
9 4
9 5
8 5
9 5
10 5
11 5
10 5
9 5
10 5
11 5
10 5
10 4
10 3
9 3
8 3
8 2
8 1
8 0
8 1
8 2
8 1
8 0
8 1
8 0
8 1
9 1
10 1
10 0
10 1
9 1
10 1
10 0
10 1
9 1
9 0
10 0
11 0
11 1
12 1
12 2
12 1
13 1
14 1
14 2
14 1
15 1
15 0
16 0
15 0
15 1
15 0
15 1
14 1
14 2
15 2
15 1
16 1
16 2
16 1
15 1
15 0
16 0
17 0
18 0
18 1
19 1
19 0
18 0
19 0
19 1
18 1
19 1
19 0
19 1
20 1
20 0
20 1
20 0
20 1
21 1
21 2
20 2
19 2
19 3
18 3
19 3
20 3
21 3
22 3
22 2
22 1
22 2
22 1
22 2
21 2
21 3
20 3
21 3
20 3
19 3
19 2
18 2
19 2
20 2
21 2
21 1
21 2
21 3
22 3
23 3
22 3
22 4
23 4
23 3
24 3
25 3
26 3
26 4
26 5
26 6
26 7
27 7
27 8
27 9
28 9
28 10
27 10
27 9
27 8
27 9
26 9
27 9
26 9
26 10
27 10
27 11
26 11
27 11
27 12
26 12
26 11
26 12
26 11
27 11
27 12
26 12
27 12
27 13
27 14
27 13
28 13
28 12
28 11
28 12
29 12
29 11
28 11
29 11
30 11
30 12
29 12
29 11
28 11
28 10
29 10
28 10
28 11
27 11
27 12
26 12
26 13
27 13
26 13
26 12
26 13
25 13
25 12
24 12
25 12
26 12
26 13
27 13
26 13
26 14
26 15
25 15
25 16
25 15
24 15
25 15
26 15
26 16
26 15
27 15
26 15
26 14
26 15
25 15
24 15
24 14
24 15
25 15
26 15
26 16
25 16
24 16
23 16
22 16
23 16
23 17
23 18
23 19
24 19
25 19
24 19
24 20
23 20
23 19
22 19
22 20
22 21
23 21
23 22
23 23
22 23
21 23
22 23
21 23
20 23
20 24
19 24
18 24
18 25
18 26
17 26
17 27
16 27
16 28
16 27
17 27
18 27
19 27
19 26
18 26
18 27
18 26
18 25
19 25
20 25
20 24
20 23
21 23
21 24
21 23
22 23
22 22
22 23
23 23
24 23
24 22
24 23
23 23
23 22
22 22
22 23
21 23
22 23
22 24
23 24
22 24
23 24
22 24
23 24
23 23
24 23
24 22
23 22
23 21
24 21
24 20
25 20
26 20
26 19
26 18
25 18
25 17
24 17
23 17
23 16
23 17
24 17
23 17
22 17
22 16
22 15
23 15
22 15
22 14
21 14
20 14
20 15
20 16
19 16
19 17
20 17
20 18
20 19
21 19
21 20
20 20
19 20
20 20
20 19
20 18
21 18
21 17
22 17
22 18
22 17
22 18
22 19
21 19
22 19
22 20
23 20
22 20
22 21
23 21
23 22
22 22
22 23
22 22
22 21
23 21
23 22
22 22
22 23
21 23
21 22
22 22
22 23
22 22
23 22
22 22
22 23
22 24
23 24
22 24
22 23
22 24
23 24
24 24
24 23
24 24
23 24
23 23
22 23
22 22
22 21
23 21
24 21
24 22
25 22
25 21
26 21
27 21
27 20
27 21
27 22
27 23
27 22
27 23
27 22
27 23
27 22
27 23
27 24
26 24
25 24
25 23
24 23
24 22
23 22
23 21
23 20
23 19
23 18
23 19
23 18
23 17
22 17
23 17
22 17
23 17
23 18
22 18
22 19
22 18
22 17
22 16
22 17
23 17
23 16
23 17
23 18
24 18
23 18
23 19
22 19
22 18
21 18
20 18
21 18
21 19
20 19
19 19
18 19
18 20
19 20
19 19
19 18
20 18
19 18
20 18
20 19
21 19
21 20
22 20
23 20
23 21
23 22
23 21
24 21
23 21
23 22
23 21
24 21
25 21
25 20
26 20
25 20
25 21
24 21
24 20
24 21
25 21
24 21
25 21
26 21
26 20
26 21
26 22
27 22
27 23
28 23
28 24
29 24
29 23
28 23
28 24
28 25
27 25
26 25
25 25
26 25
25 25
25 26
24 26
23 26
23 25
24 25
25 25
25 26
26 26
27 26
28 26
29 26
30 26
31 26
32 26
33 26
32 26
32 25
32 24
33 24
33 23
33 24
32 24
31 24
30 24
30 23
31 23
31 22
31 21
31 22
31 21
32 21
32 22
32 21
33 21
34 21
34 20
35 20
36 20
36 21
37 21
38 21
37 21
36 21
36 20
36 21
37 21
37 22
37 21
38 21
37 21
36 21
36 22
36 21
36 20
35 20
36 20
37 20
37 21
36 21
36 20
35 20
35 19
34 19
34 20
35 20
35 21
36 21
36 20
36 19
36 18
35 18
36 18
37 18
36 18
37 18
38 18
37 18
37 19
37 18
37 17
36 17
36 18
37 18
38 18
38 19
39 19
38 19
37 19
37 20
37 21
37 20
37 21
38 21
37 21
37 22
36 22
35 22
34 22
35 22
35 21
35 22
35 21
36 21
37 21
37 22
37 21
36 21
36 20
35 20
36 20
36 19
36 18
36 19
36 20
36 19
35 19
34 19
34 20
34 21
33 21
33 22
33 21
33 20
34 20
34 21
34 20
34 21
35 21
34 21
35 21
35 20
36 20
37 20
38 20
37 20
37 19
36 19
36 18
37 18
36 18
36 19
37 19
37 20
37 21
37 22
36 22
36 21
37 21
36 21
37 21
37 22
37 23
36 23
36 24
35 24
35 25
34 25
34 26
33 26
34 26
35 26
36 26
35 26
34 26
35 26
35 25
35 24
34 24
33 24
32 24
31 24
31 25
31 26
30 26
29 26
29 25
29 26
29 27
30 27
29 27
28 27
27 27
27 28
26 28
26 27
26 28
26 29
26 28
25 28
25 29
26 29
27 29
27 28
27 29
27 28
28 28
28 27
27 27
27 28
28 28
28 29
28 30
28 29
29 29
29 30
28 30
28 31
27 31
27 32
26 32
26 31
26 30
26 29
27 29
28 29
28 30
28 31
27 31
27 32
28 32
28 31
29 31
29 32
29 33
29 34
30 34
31 34
31 35
31 36
30 36
30 35
30 36
31 36
31 37
30 37
29 37
29 36
30 36
30 35
31 35
31 36
30 36
30 37
30 38
31 38
31 39
31 40
32 40
32 39
31 39
31 38
31 37
31 36
31 37
30 37
30 38
30 39
30 38
31 38
31 37
31 38
31 37
30 37
30 36
30 35
30 36
30 35
30 34
31 34
31 33
31 34
30 34
29 34
29 33
30 33
30 34
29 34
29 35
30 35
30 36
29 36
29 35
29 34
29 33
30 33
30 32
30 31
30 30
29 30
29 31
28 31
28 30
28 31
27 31
27 32
28 32
27 32
27 31
26 31
25 31
25 32
24 32
24 33
25 33
25 32
25 33
25 34
26 34
26 35
26 36
27 36
26 36
26 35
27 35
28 35
29 35
29 36
30 36
30 35
30 34
31 34
32 34
32 35
31 35
31 34
30 34
29 34
29 35
28 35
28 36
28 35
29 35
28 35
28 34
28 33
28 34
28 35
29 35
28 35
27 35
26 35
26 36
26 37
26 38
25 38
24 38
24 37
23 37
23 36
24 36
24 35
25 35
24 35
25 35
25 36
26 36
27 36
27 35
27 34
27 35
27 34
27 35
26 35
25 35
24 35
25 35
24 35
24 34
24 35
24 36
24 37
24 36
25 36
26 36
25 36
25 37
25 38
26 38
26 39
26 38
26 37
25 37
26 37
26 38
25 38
25 37
25 36
26 36
26 35
25 35
25 34
25 35
25 36
25 35
26 35
26 36
26 37
27 37
27 38
26 38
25 38
25 39
25 40
25 41
25 40
24 40
23 40
24 40
23 40
23 41
24 41
24 42
25 42
24 42
23 42
22 42
22 43
23 43
23 44
24 44
24 45
24 46
24 45
24 46
25 46
24 46
25 46
24 46
24 45
23 45
24 45
25 45
26 45
27 45
28 45
28 46
28 47
28 48
29 48
29 47
29 46
29 45
30 45
29 45
29 44
29 43
30 43
30 42
29 42
28 42
28 43
28 42
27 42
28 42
28 43
27 43
28 43
28 42
27 42
27 43
26 43
27 43
28 43
29 43
30 43
30 44
30 45
29 45
29 44
30 44
31 44
32 44
31 44
32 44
32 45
