0 0
0 1
1 1
2 1
1 1
2 1
1 1
1 2
1 3
1 4
2 4
2 5
1 5
1 4
0 4
1 4
1 5
1 4
1 5
0 5
0 4
1 4
2 4
1 4
1 3
1 2
2 2
2 1
2 0
2 1
2 0
3 0
4 0
4 1
4 0
4 1
4 2
5 2
6 2
7 2
7 3
6 3
7 3
7 2
6 2
6 1
5 1
6 1
7 1
7 0
7 1
6 1
5 1
4 1
4 2
3 2
3 1
3 0
4 0
4 1
3 1
3 0
4 0
3 0
3 1
4 1
4 0
5 0
6 0
6 1
6 0
7 0
6 0
7 0
7 1
7 2
6 2
6 3
6 2
6 3
5 3
5 2
5 3
5 4
5 3
5 2
5 3
5 2
5 1
5 2
4 2
3 2
3 3
3 4
2 4
3 4
3 3
2 3
2 4
2 5
2 4
3 4
3 3
3 2
2 2
3 2
4 2
4 1
4 2
5 2
6 2
7 2
7 3
6 3
7 3
6 3
5 3
6 3
6 4
6 5
7 5
7 4
8 4
8 3
8 2
9 2
8 2
9 2
9 3
9 2
10 2
11 2
12 2
13 2
14 2
15 2
15 3
16 3
16 2
17 2
18 2
17 2
17 1
18 1
19 1
19 0
20 0
19 0
19 1
18 1
18 2
19 2
19 3
20 3
20 4
20 3
20 4
20 3
21 3
22 3
22 4
23 4
22 4
22 3
23 3
23 4
23 3
23 4
23 3
23 4
24 4
24 5
24 4
24 5
23 5
24 5
24 4
24 3
23 3
24 3
25 3
25 2
24 2
24 3
24 4
24 3
24 2
24 1
24 0
24 1
23 1
24 1
24 2
23 2
22 2
21 2
21 3
21 4
20 4
19 4
19 3
19 4
20 4
20 5
20 6
21 6
21 7
22 7
22 6
22 7
23 7
24 7
23 7
24 7
23 7
24 7
24 8
24 9
24 8
24 9
23 9
23 10
22 10
23 10
22 10
22 11
22 12
22 11
22 12
22 11
22 12
23 12
22 12
22 13
22 14
21 14
20 14
19 14
19 13
20 13
20 14
20 15
21 15
21 14
21 15
21 14
22 14
22 15
21 15
22 15
21 15
22 15
23 15
23 14
24 14
23 14
23 15
24 15
25 15
26 15
26 16
26 15
26 14
26 15
27 15
27 14
27 15
27 16
26 16
26 15
27 15
26 15
25 15
25 16
26 16
26 15
27 15
28 15
27 15
26 15
26 16
26 15
25 15
24 15
25 15
24 15
23 15
22 15
22 16
22 17
23 17
23 16
24 16
25 16
25 15
25 14
26 14
25 14
24 14
24 13
24 12
25 12
26 12
27 12
26 12
25 12
25 11
24 11
25 11
25 12
25 11
25 10
26 10
26 9
26 8
27 8
28 8
27 8
26 8
25 8
24 8
23 8
23 9
23 10
22 10
23 10
22 10
22 9
22 8
22 7
23 7
23 6
23 5
22 5
22 4
22 5
21 5
20 5
21 5
21 6
21 7
22 7
23 7
24 7
23 7
23 8
24 8
23 8
23 9
22 9
21 9
21 8
22 8
23 8
22 8
22 9
21 9
20 9
20 8
20 7
21 7
21 8
21 9
21 8
21 9
21 8
20 8
20 9
19 9
18 9
19 9
18 9
17 9
16 9
16 8
17 8
17 9
18 9
19 9
19 10
18 10
18 11
18 12
19 12
19 11
19 12
18 12
17 12
17 13
16 13
15 13
15 14
15 13
15 14
15 15
14 15
13 15
13 14
13 15
12 15
12 14
13 14
13 13
14 13
15 13
14 13
15 13
15 12
15 11
16 11
15 11
14 11
14 10
15 10
14 10
15 10
15 11
14 11
15 11
16 11
15 11
15 12
14 12
15 12
15 13
16 13
15 13
15 14
15 15
16 15
16 14
17 14
17 15
17 16
17 17
17 18
17 17
17 16
18 16
17 16
16 16
17 16
18 16
19 16
19 15
19 14
19 15
19 14
18 14
19 14
20 14
20 13
21 13
20 13
21 13
21 12
21 11
20 11
20 12
20 13
20 12
21 12
22 12
22 11
22 10
22 9
21 9
20 9
19 9
19 10
20 10
20 11
20 12
20 11
20 12
20 11
21 11
20 11
20 10
20 9
20 10
19 10
19 9
18 9
18 8
19 8
19 7
19 8
20 8
20 7
19 7
20 7
20 8
20 7
20 6
20 7
21 7
22 7
22 8
23 8
24 8
24 7
23 7
23 8
24 8
25 8
24 8
23 8
23 9
22 9
21 9
21 10
22 10
22 11
23 11
22 11
21 11
22 11
22 12
21 12
22 12
23 12
24 12
23 12
23 11
23 10
24 10
24 9
23 9
23 10
24 10
24 9
25 9
26 9
25 9
26 9
25 9
24 9
25 9
24 9
23 9
23 10
23 11
22 11
23 11
23 10
22 10
23 10
23 9
24 9
24 10
24 9
25 9
24 9
24 10
25 10
26 10
27 10
27 11
27 10
26 10
25 10
24 10
25 10
25 9
24 9
24 8
24 7
23 7
23 8
24 8
24 7
23 7
23 8
23 7
22 7
22 6
23 6
24 6
25 6
25 7
24 7
24 8
24 9
24 8
23 8
23 9
23 8
23 7
23 8
22 8
22 7
21 7
22 7
21 7
22 7
22 6
23 6
24 6
24 7
25 7
26 7
26 6
26 7
27 7
27 8
27 7
27 8
27 9
26 9
26 10
27 10
28 10
28 11
27 11
26 11
26 10
26 11
27 11
27 10
27 11
26 11
26 10
25 10
25 11
26 11
27 11
26 11
25 11
25 10
26 10
26 9
26 8
26 9
26 10
27 10
27 9
27 8
28 8
27 8
28 8
27 8
26 8
26 7
25 7
24 7
23 7
23 8
24 8
24 7
23 7
22 7
22 8
21 8
21 7
21 8
21 9
21 8
21 9
22 9
23 9
24 9
25 9
25 10
25 9
26 9
25 9
26 9
26 8
26 7
26 8
27 8
28 8
28 7
29 7
29 8
29 7
30 7
30 8
31 8
32 8
32 9
32 8
33 8
33 9
33 8
32 8
32 9
33 9
32 9
32 8
31 8
31 9
32 9
32 10
31 10
31 11
30 11
30 10
31 10
31 11
30 11
30 12
30 11
31 11
30 11
30 12
30 13
29 13
29 14
29 15
30 15
30 14
30 15
29 15
29 16
29 15
28 15
28 16
28 17
28 16
28 15
28 14
29 14
29 15
29 16
29 17
29 16
29 17
29 18
30 18
30 19
30 20
30 19
31 19
30 19
29 19
30 19
31 19
30 19
30 18
30 19
29 19
28 19
29 19
30 19
29 19
30 19
31 19
32 19
32 18
32 17
33 17
33 18
33 19
32 19
32 20
32 21
32 22
31 22
31 23
30 23
30 24
30 23
29 23
30 23
31 23
32 23
31 23
32 23
32 24
33 24
33 23
32 23
33 23
33 24
34 24
34 23
34 22
34 21
34 20
34 21
35 21
35 22
36 22
37 22
36 22
37 22
36 22
36 23
37 23
37 22
37 21
37 20
37 19
37 18
36 18
35 18
35 17
35 18
36 18
36 17
36 18
36 17
37 17
37 18
36 18
36 17
37 17
37 18
37 19
38 19
39 19
40 19
40 20
41 20
42 20
43 20
44 20
44 21
45 21
45 20
44 20
44 19
44 18
45 18
45 19
45 18
45 19
45 18
46 18
46 17
47 17
47 18
47 19
47 18
48 18
47 18
48 18
48 17
47 17
47 18
47 17
46 17
47 17
47 18
47 17
46 17
47 17
47 16
47 15
46 15
46 16
47 16
48 16
48 17
49 17
49 18
50 18
50 17
49 17
50 17
50 18
49 18
49 19
49 18
49 19
48 19
48 18
48 17
48 18
48 19
48 18
48 17
48 18
48 17
48 16
48 17
48 18
48 19
47 19
47 20
47 21
47 22
47 23
47 24
46 24
47 24
47 23
48 23
48 24
49 24
49 25
49 24
50 24
49 24
49 23
49 22
48 22
48 21
48 20
48 19
48 18
49 18
50 18
51 18
52 18
53 18
54 18
54 17
53 17
54 17
54 16
53 16
53 15
52 15
52 16
52 17
52 18
51 18
52 18
52 17
52 18
53 18
54 18
54 17
55 17
55 16
55 17
54 17
54 16
53 16
53 15
54 15
54 14
54 13
53 13
53 14
53 15
52 15
53 15
53 14
52 14
51 14
50 14
50 13
51 13
52 13
51 13
50 13
51 13
51 14
51 15
51 14
52 14
52 15
51 15
51 16
52 16
51 16
51 15
50 15
49 15
48 15
48 14
47 14
48 14
48 15
48 16
48 15
47 15
48 15
48 14
48 13
49 13
49 14
49 15
50 15
50 14
51 14
51 15
50 15
51 15
50 15
50 16
50 15
50 16
51 16
51 15
52 15
52 16
52 17
52 18
52 19
52 18
52 17
51 17
50 17
51 17
52 17
