0 0
0 1
1 1
1 2
0 2
0 1
1 1
1 0
1 1
0 1
1 1
0 1
1 1
1 2
1 1
2 1
2 2
2 3
3 3
3 4
4 4
5 4
5 5
5 4
5 5
5 4
5 3
4 3
4 4
5 4
5 5
4 5
5 5
6 5
7 5
7 6
7 7
7 8
7 7
8 7
8 8
8 7
9 7
10 7
10 8
10 7
10 8
10 7
10 6
10 7
11 7
11 8
10 8
9 8
8 8
7 8
6 8
6 7
5 7
6 7
6 6
7 6
8 6
8 5
9 5
9 4
9 5
8 5
8 6
9 6
9 7
9 8
8 8
9 8
8 8
8 9
9 9
9 10
8 10
7 10
7 9
7 10
7 11
7 12
7 11
7 10
7 11
6 11
7 11
8 11
8 10
9 10
10 10
11 10
12 10
11 10
10 10
10 11
9 11
9 10
9 11
10 11
9 11
9 12
8 12
8 13
8 12
9 12
8 12
8 11
7 11
6 11
6 10
6 9
5 9
6 9
6 8
5 8
5 9
6 9
5 9
5 10
5 11
5 12
6 12
5 12
6 12
5 12
5 13
4 13
4 14
5 14
4 14
4 15
4 16
4 15
5 15
5 16
6 16
5 16
6 16
5 16
4 16
3 16
3 15
3 14
2 14
2 15
2 16
1 16
1 17
1 18
1 19
0 19
0 18
0 17
1 17
2 17
2 18
3 18
3 19
3 20
2 20
3 20
2 20
1 20
1 19
2 19
1 19
1 20
1 21
2 21
2 20
2 19
1 19
1 20
1 19
0 19
0 20
1 20
1 19
2 19
1 19
2 19
1 19
1 20
2 20
1 20
1 19
1 18
1 17
2 17
3 17
2 17
2 16
2 15
2 14
1 14
1 15
1 16
1 15
1 14
1 15
2 15
2 14
1 14
0 14
1 14
1 13
1 12
0 12
1 12
1 11
2 11
3 11
4 11
4 12
4 11
4 12
3 12
4 12
3 12
3 11
3 12
3 13
4 13
4 12
3 12
3 11
2 11
3 11
3 10
4 10
5 10
4 10
5 10
5 9
4 9
5 9
6 9
6 8
6 9
6 10
6 11
6 10
6 11
7 11
7 10
7 9
6 9
5 9
4 9
4 8
4 7
4 6
5 6
6 6
5 6
5 5
5 6
5 7
4 7
4 6
4 5
5 5
5 6
4 6
5 6
4 6
4 7
4 8
4 9
3 9
3 10
3 11
3 12
2 12
2 13
2 14
3 14
2 14
2 15
2 14
2 13
2 14
3 14
3 13
3 12
3 13
3 14
4 14
3 14
4 14
3 14
3 15
2 15
2 16
1 16
0 16
0 17
1 17
1 18
1 17
0 17
1 17
1 16
1 17
2 17
2 18
2 17
1 17
1 18
2 18
3 18
3 19
2 19
3 19
4 19
4 20
3 20
2 20
2 21
3 21
2 21
1 21
1 20
0 20
0 21
1 21
0 21
0 22
0 21
1 21
1 22
1 21
2 21
1 21
1 22
0 22
1 22
0 22
0 23
1 23
2 23
3 23
3 24
4 24
3 24
3 23
3 22
4 22
4 23
4 24
3 24
3 25
4 25
3 25
3 26
3 27
3 28
3 27
3 26
3 27
2 27
3 27
3 26
2 26
2 25
2 24
2 25
2 26
2 25
1 25
2 25
1 25
1 26
1 25
0 25
0 24
1 24
2 24
1 24
1 25
1 26
1 27
2 27
2 26
2 27
2 26
2 27
1 27
2 27
2 26
2 25
1 25
1 24
1 25
2 25
1 25
2 25
2 24
2 25
1 25
1 24
2 24
1 24
0 24
1 24
0 24
1 24
1 25
2 25
1 25
1 26
1 25
1 26
1 27
1 26
2 26
3 26
3 27
3 28
3 27
4 27
4 26
5 26
5 27
4 27
4 28
4 29
4 28
4 29
4 30
4 29
4 30
4 29
4 30
5 30
4 30
3 30
2 30
1 30
2 30
2 31
2 30
1 30
0 30
1 30
0 30
0 31
1 31
1 30
0 30
0 31
1 31
1 30
0 30
1 30
1 29
0 29
0 30
1 30
1 31
1 32
2 32
1 32
1 33
2 33
2 32
2 33
1 33
1 34
1 35
0 35
1 35
1 34
2 34
2 33
3 33
2 33
1 33
1 32
2 32
2 33
3 33
4 33
3 33
4 33
3 33
2 33
1 33
1 34
1 35
1 34
1 35
1 36
0 36
0 37
1 37
2 37
2 38
3 38
2 38
1 38
0 38
0 39
0 38
0 39
0 40
0 39
0 38
0 37
0 36
0 35
1 35
1 34
0 34
1 34
2 34
3 34
3 35
2 35
2 36
2 37
2 38
2 37
2 36
2 37
1 37
1 38
0 38
1 38
0 38
1 38
1 37
1 36
0 36
1 36
1 37
1 38
0 38
0 39
0 40
1 40
0 40
1 40
1 39
0 39
0 40
1 40
0 40
0 39
0 40
0 41
1 41
1 42
1 43
1 42
2 42
2 43
2 42
3 42
2 42
2 41
2 40
2 41
2 40
2 41
2 40
2 41
2 40
3 40
3 39
3 38
3 37
3 38
3 37
4 37
3 37
3 36
3 35
3 36
2 36
2 37
2 36
3 36
3 37
3 36
4 36
4 35
5 35
4 35
3 35
4 35
4 34
4 33
4 34
4 35
3 35
3 36
4 36
4 35
3 35
3 34
2 34
3 34
3 35
2 35
2 34
2 33
2 32
1 32
1 31
1 32
1 31
2 31
1 31
1 32
1 33
1 34
2 34
3 34
4 34
3 34
3 33
4 33
3 33
3 34
4 34
4 35
5 35
5 34
5 33
5 34
5 33
4 33
5 33
5 34
5 33
6 33
5 33
5 32
5 33
5 34
5 35
5 36
4 36
5 36
5 37
4 37
5 37
5 36
6 36
6 35
7 35
6 35
6 36
6 35
7 35
7 34
8 34
7 34
6 34
5 34
4 34
4 33
4 34
4 33
3 33
4 33
3 33
3 34
3 35
3 36
3 35
3 34
3 35
3 36
4 36
5 36
4 36
4 35
3 35
3 36
3 37
4 37
5 37
6 37
5 37
5 38
5 37
5 36
6 36
6 35
6 36
7 36
7 37
6 37
5 37
5 36
6 36
6 35
5 35
4 35
4 36
4 37
5 37
6 37
6 38
6 37
6 36
5 36
6 36
5 36
5 37
4 37
4 38
5 38
4 38
5 38
5 39
5 40
4 40
3 40
2 40
2 41
2 42
3 42
3 43
3 42
3 43
3 42
3 43
3 44
3 43
3 42
3 41
3 40
3 41
3 40
2 40
1 40
1 39
2 39
2 38
2 37
2 36
1 36
1 37
2 37
2 36
2 35
1 35
1 36
1 37
2 37
3 37
3 38
3 37
3 36
4 36
4 37
3 37
3 36
2 36
2 35
2 36
2 37
2 38
3 38
3 37
4 37
4 36
4 37
4 36
4 37
4 38
4 39
4 40
3 40
2 40
3 40
3 41
2 41
2 42
2 43
2 44
3 44
2 44
2 43
2 42
1 42
2 42
3 42
3 43
4 43
4 44
4 45
3 45
2 45
2 44
1 44
2 44
2 43
1 43
2 43
2 44
2 45
3 45
2 45
3 45
3 44
2 44
1 44
1 45
2 45
1 45
1 44
0 44
1 44
1 43
2 43
2 42
2 41
3 41
3 40
3 41
4 41
4 40
5 40
6 40
6 41
6 42
6 43
7 43
8 43
9 43
9 42
9 43
8 43
8 44
8 45
7 45
7 44
6 44
7 44
7 43
6 43
6 42
5 42
6 42
6 43
6 44
7 44
8 44
7 44
8 44
7 44
7 43
8 43
7 43
8 43
8 44
8 43
7 43
7 42
8 42
9 42
10 42
10 43
10 44
10 43
11 43
11 44
11 45
12 45
13 45
13 44
13 43
13 44
13 45
12 45
13 45
13 44
12 44
11 44
11 45
11 44
12 44
12 45
12 46
13 46
13 45
14 45
15 45
15 46
16 46
17 46
17 45
17 46
16 46
16 45
16 44
15 44
16 44
16 45
16 44
16 45
16 44
17 44
16 44
17 44
17 43
16 43
16 42
17 42
16 42
16 41
16 42
16 41
15 41
16 41
16 42
16 43
17 43
17 42
16 42
17 42
17 43
17 42
18 42
18 43
18 44
18 45
18 44
18 45
18 44
18 43
17 43
18 43
17 43
17 44
17 43
16 43
16 44
17 44
18 44
17 44
17 43
17 42
17 43
17 44
16 44
17 44
17 45
16 45
17 45
17 44
17 45
17 46
16 46
16 45
15 45
15 44
16 44
16 45
17 45
17 44
16 44
17 44
17 43
17 44
18 44
17 44
17 45
17 46
18 46
18 47
18 48
18 49
17 49
17 48
16 48
17 48
17 49
17 50
18 50
17 50
18 50
18 51
18 52
18 51
18 52
18 51
18 50
17 50
17 51
18 51
17 51
16 51
