0 0
1 0
0 0
1 0
1 1
0 1
0 0
1 0
2 0
2 1
2 2
3 2
3 3
3 4
2 4
1 4
0 4
0 5
1 5
2 5
3 5
3 6
4 6
4 7
3 7
3 6
2 6
2 5
3 5
3 4
2 4
2 3
3 3
3 2
3 1
2 1
3 1
2 1
2 2
2 1
2 2
3 2
2 2
1 2
1 3
1 2
0 2
1 2
0 2
1 2
1 3
0 3
0 4
0 5
1 5
0 5
0 6
1 6
0 6
0 5
0 6
1 6
1 7
2 7
2 8
2 9
3 9
2 9
3 9
3 8
4 8
3 8
2 8
1 8
1 9
1 8
2 8
2 7
1 7
1 8
0 8
0 9
1 9
1 10
1 11
0 11
1 11
1 12
0 12
1 12
1 11
2 11
1 11
1 12
1 13
0 13
0 14
0 13
1 13
1 14
1 15
0 15
0 14
0 15
1 15
1 16
1 17
1 16
0 16
1 16
2 16
2 15
2 16
1 16
0 16
0 15
1 15
2 15
2 16
2 17
2 16
2 17
2 16
1 16
1 17
2 17
2 18
2 17
2 18
3 18
2 18
3 18
3 19
2 19
2 20
3 20
4 20
4 19
4 20
4 21
3 21
3 22
3 21
3 20
3 19
4 19
3 19
2 19
2 20
2 21
2 22
3 22
3 21
4 21
5 21
4 21
5 21
5 20
5 21
4 21
4 22
5 22
5 21
5 20
5 19
6 19
7 19
7 20
7 21
7 22
7 21
7 20
7 21
6 21
6 22
6 23
6 24
6 25
6 24
7 24
6 24
6 23
5 23
6 23
7 23
7 24
7 25
6 25
5 25
4 25
5 25
5 26
4 26
3 26
3 25
2 25
2 24
2 23
2 24
2 25
3 25
3 24
4 24
5 24
5 25
5 24
6 24
5 24
5 25
6 25
5 25
6 25
7 25
7 26
6 26
5 26
6 26
6 25
6 26
6 27
5 27
5 28
4 28
4 29
4 28
5 28
4 28
3 28
3 29
2 29
1 29
1 30
0 30
1 30
2 30
2 31
3 31
3 32
3 33
3 32
4 32
4 31
4 32
4 33
4 32
4 31
5 31
4 31
4 32
4 31
4 32
4 33
4 32
4 31
5 31
4 31
4 30
4 29
4 28
4 27
4 26
4 25
4 26
5 26
4 26
3 26
2 26
2 27
3 27
3 28
4 28
3 28
4 28
5 28
5 29
4 29
3 29
2 29
3 29
3 30
4 30
3 30
3 29
3 28
4 28
4 27
5 27
5 26
4 26
5 26
5 27
5 26
6 26
6 27
7 27
8 27
8 26
9 26
9 25
8 25
7 25
7 24
8 24
8 23
7 23
7 24
7 25
6 25
6 24
5 24
6 24
6 25
6 24
6 25
5 25
4 25
4 26
3 26
3 25
3 24
3 25
4 25
4 26
4 25
3 25
3 24
2 24
1 24
1 25
0 25
1 25
1 26
2 26
1 26
1 25
2 25
3 25
4 25
4 26
4 25
4 24
4 25
4 26
4 25
5 25
5 26
6 26
6 27
6 26
6 27
7 27
7 28
6 28
6 29
6 30
5 30
5 29
5 30
5 31
5 30
5 29
5 28
4 28
5 28
4 28
4 29
5 29
6 29
5 29
5 30
4 30
4 31
4 32
3 32
3 33
3 34
3 33
2 33
3 33
3 34
2 34
1 34
1 33
0 33
0 32
1 32
1 31
0 31
0 30
1 30
2 30
1 30
1 29
1 28
1 27
2 27
2 26
2 27
3 27
3 28
4 28
5 28
4 28
5 28
4 28
5 28
6 28
6 29
5 29
5 30
4 30
4 29
4 28
4 27
4 26
5 26
5 27
4 27
4 26
4 27
3 27
3 26
3 25
3 24
3 23
3 24
3 23
2 23
1 23
2 23
2 24
2 25
3 25
2 25
2 26
2 25
2 26
3 26
3 27
2 27
3 27
3 28
3 29
4 29
4 30
5 30
6 30
7 30
7 31
6 31
7 31
6 31
6 32
5 32
5 33
6 33
5 33
4 33
4 34
4 33
4 34
3 34
2 34
2 35
2 34
2 35
3 35
4 35
4 36
4 37
3 37
2 37
2 38
1 38
2 38
2 39
3 39
4 39
5 39
6 39
6 38
6 39
7 39
8 39
8 40
8 39
9 39
9 38
10 38
10 39
10 40
10 39
11 39
11 40
12 40
11 40
12 40
11 40
11 41
11 42
11 41
11 42
11 43
11 44
11 43
12 43
11 43
11 42
11 43
10 43
9 43
9 44
9 43
10 43
9 43
8 43
8 44
9 44
10 44
9 44
9 43
9 42
9 43
10 43
9 43
8 43
8 44
7 44
7 45
7 46
7 45
8 45
8 46
9 46
8 46
8 47
8 46
8 45
9 45
9 44
10 44
9 44
10 44
10 43
10 44
10 45
11 45
10 45
10 44
10 45
10 44
11 44
10 44
9 44
9 43
9 42
9 41
10 41
10 40
10 41
10 42
10 43
11 43
11 44
11 43
11 44
11 45
11 44
12 44
13 44
13 45
14 45
13 45
14 45
15 45
15 46
14 46
13 46
12 46
11 46
11 47
11 48
12 48
11 48
12 48
12 47
13 47
12 47
12 46
12 45
11 45
10 45
10 44
9 44
9 45
9 44
9 45
8 45
9 45
8 45
8 44
8 45
8 46
8 45
9 45
9 44
9 43
10 43
11 43
11 42
12 42
11 42
11 41
11 42
10 42
9 42
9 43
9 42
9 43
9 42
9 43
9 42
10 42
9 42
9 43
9 42
8 42
8 41
8 40
9 40
9 41
10 41
10 40
9 40
10 40
10 39
10 38
10 39
10 38
11 38
12 38
11 38
12 38
12 39
12 40
11 40
12 40
13 40
12 40
13 40
12 40
13 40
13 39
13 38
14 38
13 38
12 38
12 39
12 38
12 39
11 39
11 38
12 38
12 39
11 39
11 38
11 39
11 38
10 38
11 38
10 38
11 38
11 37
10 37
9 37
10 37
11 37
12 37
11 37
10 37
11 37
10 37
11 37
10 37
11 37
12 37
13 37
14 37
13 37
13 36
13 37
12 37
11 37
11 38
11 37
11 38
10 38
10 37
11 37
12 37
11 37
10 37
11 37
10 37
10 36
10 37
10 38
11 38
12 38
12 37
11 37
10 37
10 36
10 37
10 36
10 35
10 36
10 37
10 36
10 35
11 35
10 35
9 35
10 35
10 34
11 34
11 33
11 32
12 32
11 32
11 33
10 33
10 34
10 33
10 34
11 34
12 34
12 35
11 35
10 35
10 36
9 36
9 37
10 37
11 37
11 36
10 36
11 36
11 35
11 36
11 37
11 36
11 37
10 37
9 37
9 38
9 39
10 39
10 40
10 41
11 41
12 41
12 40
12 41
13 41
13 40
13 41
12 41
12 42
11 42
10 42
11 42
11 43
10 43
9 43
9 44
8 44
9 44
9 45
9 46
8 46
7 46
7 45
7 44
6 44
6 45
6 44
5 44
4 44
5 44
5 43
4 43
4 42
4 41
5 41
6 41
6 42
6 41
6 42
6 41
7 41
7 40
7 41
6 41
6 40
5 40
6 40
6 39
6 40
6 39
5 39
5 38
5 37
4 37
4 36
5 36
5 37
5 36
5 37
5 36
5 35
5 36
4 36
3 36
4 36
5 36
6 36
5 36
6 36
6 35
6 34
6 33
6 34
6 35
5 35
4 35
4 34
4 35
4 36
3 36
4 36
4 35
5 35
4 35
4 34
4 35
4 34
4 33
4 34
3 34
4 34
5 34
5 33
5 34
5 33
4 33
4 34
4 35
4 36
3 36
2 36
2 35
2 36
2 37
1 37
1 36
2 36
2 37
2 38
2 37
2 38
1 38
1 37
1 36
1 37
1 36
1 35
0 35
0 36
0 37
0 36
1 36
1 35
0 35
0 36
1 36
1 37
2 37
1 37
1 38
0 38
1 38
2 38
2 39
1 39
0 39
1 39
2 39
1 39
1 40
2 40
2 39
3 39
2 39
3 39
3 38
2 38
1 38
0 38
1 38
0 38
0 39
0 38
1 38
1 39
0 39
1 39
0 39
0 40
0 41
0 42
0 43
0 44
0 43
1 43
2 43
2 44
1 44
2 44
3 44
3 45
4 45
4 44
5 44
5 43
6 43
6 44
5 44
4 44
4 45
4 46
4 47
4 46
5 46
6 46
7 46
8 46
9 46
9 45
10 45
10 44
11 44
11 45
12 45
13 45
12 45
11 45
10 45
10 46
11 46
11 47
12 47
13 47
13 48
13 49
13 50
14 50
14 49
14 48
15 48
16 48
16 49
17 49
18 49
19 49
19 50
19 51
19 50
18 50
17 50
17 49
17 48
16 48
16 47
16 46
17 46
17 45
16 45
16 46
17 46
18 46
18 47
19 47
20 47
20 46
19 46
19 47
19 48
19 47
18 47
