0 0
1 0
2 0
3 0
2 0
3 0
3 1
4 1
5 1
5 0
5 1
6 1
6 2
5 2
4 2
5 2
5 3
5 2
6 2
6 1
5 1
5 2
6 2
6 1
7 1
6 1
7 1
7 0
6 0
7 0
8 0
8 1
8 2
7 2
8 2
9 2
8 2
8 3
9 3
10 3
10 4
9 4
9 5
9 4
9 3
10 3
11 3
10 3
11 3
10 3
9 3
10 3
11 3
10 3
10 4
10 5
10 6
10 5
10 4
11 4
11 3
10 3
11 3
12 3
13 3
13 4
13 5
12 5
12 4
12 5
11 5
10 5
10 4
10 3
9 3
8 3
8 4
8 5
8 4
8 3
7 3
7 4
7 5
7 6
8 6
8 5
7 5
7 4
8 4
8 3
8 4
8 3
7 3
7 4
7 3
7 2
6 2
6 3
7 3
7 2
7 1
7 0
8 0
7 0
7 1
6 1
7 1
6 1
7 1
8 1
9 1
9 0
8 0
8 1
9 1
9 2
10 2
11 2
12 2
12 1
12 2
12 1
13 1
12 1
13 1
14 1
13 1
12 1
11 1
12 1
13 1
13 0
14 0
13 0
13 1
13 2
13 3
13 2
13 3
13 2
13 3
13 2
13 3
12 3
12 4
12 3
12 4
12 5
12 6
11 6
11 7
11 8
12 8
13 8
12 8
12 9
13 9
13 8
14 8
14 7
15 7
15 8
15 9
15 10
14 10
13 10
12 10
12 11
13 11
13 10
14 10
14 11
13 11
13 12
13 13
13 14
13 13
13 12
13 11
13 12
14 12
13 12
14 12
13 12
13 11
12 11
13 11
13 12
13 11
14 11
15 11
15 12
15 13
14 13
15 13
14 13
15 13
14 13
14 14
13 14
12 14
11 14
12 14
12 15
13 15
14 15
14 14
14 15
13 15
13 16
12 16
11 16
11 15
11 16
11 15
10 15
10 14
11 14
12 14
12 13
12 12
12 13
12 14
12 15
13 15
13 14
13 13
12 13
13 13
13 12
14 12
15 12
15 11
16 11
16 12
15 12
15 13
16 13
15 13
16 13
16 12
16 11
15 11
15 12
15 13
16 13
17 13
16 13
15 13
14 13
14 12
14 13
14 12
13 12
13 11
13 12
13 11
13 10
14 10
13 10
13 9
12 9
13 9
14 9
14 8
14 9
14 8
14 7
13 7
13 6
12 6
12 5
12 4
13 4
14 4
14 5
14 4
14 3
14 2
14 3
15 3
16 3
16 2
15 2
16 2
16 1
15 1
14 1
14 0
13 0
13 1
13 2
13 1
12 1
12 0
13 0
12 0
12 1
13 1
13 0
13 1
14 1
14 2
13 2
13 1
12 1
11 1
10 1
11 1
10 1
10 2
10 1
9 1
9 2
10 2
9 2
10 2
10 1
10 2
9 2
9 3
10 3
9 3
9 4
9 5
10 5
9 5
8 5
9 5
10 5
11 5
11 4
11 5
10 5
11 5
11 4
12 4
11 4
11 5
12 5
13 5
13 6
13 5
13 6
14 6
13 6
14 6
13 6
13 5
12 5
12 4
12 3
12 2
12 1
12 0
12 1
12 0
11 0
11 1
11 2
11 3
11 4
11 5
12 5
12 4
11 4
12 4
12 3
11 3
12 3
13 3
14 3
14 2
13 2
13 1
13 0
12 0
11 0
12 0
12 1
12 2
11 2
11 3
10 3
10 2
9 2
9 1
9 2
9 1
10 1
10 2
10 3
11 3
11 2
11 1
10 1
10 2
9 2
9 3
9 4
9 5
9 6
10 6
10 7
11 7
10 7
11 7
11 6
11 7
10 7
11 7
12 7
13 7
13 8
12 8
12 7
11 7
11 6
11 5
10 5
11 5
11 4
12 4
12 5
11 5
11 4
12 4
13 4
12 4
12 3
11 3
12 3
13 3
12 3
12 4
13 4
13 5
13 4
12 4
11 4
11 5
10 5
9 5
8 5
8 6
8 7
7 7
8 7
9 7
8 7
7 7
7 8
7 9
7 10
8 10
8 11
7 11
6 11
7 11
6 11
5 11
4 11
4 10
4 9
3 9
2 9
3 9
3 10
3 11
2 11
2 12
2 13
1 13
2 13
1 13
1 14
1 15
0 15
0 14
0 13
0 12
1 12
0 12
0 13
0 12
0 13
0 12
1 12
1 13
0 13
0 12
1 12
1 11
1 10
0 10
1 10
0 10
0 11
1 11
2 11
2 10
3 10
3 11
3 10
3 9
2 9
2 8
2 7
1 7
1 8
2 8
2 7
1 7
0 7
0 6
0 7
0 6
0 5
1 5
2 5
2 6
2 7
1 7
1 6
1 7
1 8
1 9
1 8
1 9
0 9
1 9
2 9
2 8
2 9
2 8
3 8
3 7
3 6
3 5
4 5
5 5
6 5
6 4
6 5
7 5
8 5
7 5
7 6
7 7
6 7
7 7
6 7
6 6
6 7
6 6
6 5
5 5
6 5
6 4
5 4
4 4
4 5
3 5
2 5
2 4
2 5
2 6
2 5
1 5
1 4
2 4
1 4
1 5
1 4
1 3
2 3
3 3
4 3
4 2
4 3
4 2
5 2
6 2
6 1
5 1
6 1
5 1
5 2
6 2
7 2
8 2
8 1
9 1
8 1
8 2
8 1
8 2
8 1
8 2
8 3
8 4
9 4
9 3
8 3
8 4
8 3
8 4
8 5
8 6
9 6
8 6
8 5
9 5
9 4
9 3
10 3
9 3
9 4
8 4
9 4
9 3
9 4
9 3
8 3
9 3
8 3
8 4
9 4
10 4
9 4
9 3
10 3
10 4
9 4
9 5
9 6
9 7
9 8
10 8
10 9
9 9
10 9
11 9
11 8
12 8
13 8
13 9
14 9
14 10
15 10
16 10
17 10
16 10
16 9
15 9
16 9
15 9
15 10
15 9
16 9
16 8
16 9
16 8
16 9
16 8
16 7
17 7
17 8
16 8
17 8
17 9
17 10
18 10
18 11
18 12
17 12
18 12
18 11
18 12
19 12
18 12
18 11
18 10
18 9
17 9
17 8
17 9
18 9
18 8
18 9
18 10
17 10
17 9
18 9
17 9
17 8
18 8
19 8
19 9
18 9
17 9
17 10
18 10
19 10
19 9
19 10
20 10
19 10
18 10
18 9
17 9
17 8
18 8
17 8
16 8
15 8
16 8
17 8
16 8
15 8
15 9
16 9
15 9
16 9
16 10
17 10
16 10
17 10
17 11
17 12
17 13
18 13
17 13
18 13
17 13
18 13
18 12
18 11
19 11
19 12
19 13
19 12
20 12
20 11
20 10
20 11
19 11
20 11
21 11
22 11
22 12
23 12
23 13
22 13
23 13
22 13
22 14
23 14
24 14
24 15
25 15
25 16
25 17
25 16
25 17
24 17
25 17
25 16
25 17
25 16
26 16
26 15
27 15
28 15
27 15
27 16
28 16
29 16
29 17
29 16
29 15
29 14
29 15
30 15
30 16
31 16
32 16
32 17
32 16
32 17
31 17
30 17
30 16
31 16
30 16
31 16
31 17
31 18
31 19
32 19
32 18
32 19
31 19
31 18
31 19
30 19
31 19
31 18
32 18
32 17
31 17
32 17
32 18
32 17
33 17
33 16
34 16
34 17
35 17
34 17
34 16
35 16
35 17
36 17
36 16
36 17
36 16
35 16
34 16
34 15
33 15
34 15
33 15
33 14
33 13
33 12
34 12
35 12
35 11
35 12
35 13
35 14
35 15
35 14
34 14
35 14
35 13
35 14
34 14
34 15
34 14
35 14
34 14
34 13
34 12
34 13
34 12
34 11
35 11
35 12
35 11
34 11
34 12
34 13
34 12
34 13
34 14
35 14
35 15
34 15
34 16
34 17
34 18
34 17
34 18
34 19
35 19
35 20
35 21
36 21
36 22
37 22
36 22
35 22
34 22
35 22
35 23
34 23
34 24
35 24
34 24
35 24
36 24
36 23
35 23
34 23
33 23
33 22
34 22
35 22
35 21
35 20
36 20
36 21
35 21
35 20
35 21
35 22
35 21
35 22
34 22
35 22
36 22
36 23
35 23
35 22
35 21
34 21
34 22
34 23
34 22
35 22
34 22
33 22
33 23
34 23
35 23
35 24
35 25
35 26
35 25
34 25
33 25
34 25
34 24
34 23
34 24
34 25
33 25
34 25
35 25
35 26
35 25
36 25
36 26
37 26
37 27
38 27
38 28
38 29
37 29
37 28
37 27
37 28
37 27
37 26
38 26
38 27
38 28
39 28
40 28
40 27
40 26
40 27
40 28
40 29
40 30
41 30
41 31
41 32
41 33
41 34
41 33
40 33
40 32
39 32
38 32
39 32
39 33
39 34
38 34
37 34
37 33
37 32
36 32
35 32
35 31
36 31
35 31
34 31
34 30
35 30
36 30
35 30
34 30
33 30
33 31
33 32
34 32
35 32
