0 0
0 1
1 1
1 0
0 0
1 0
0 0
1 0
1 1
1 2
2 2
3 2
4 2
4 3
3 3
4 3
5 3
5 2
5 1
4 1
4 2
4 3
5 3
5 4
5 5
5 4
5 3
5 2
5 3
6 3
6 2
7 2
8 2
9 2
9 1
10 1
10 2
9 2
9 1
9 2
9 1
9 2
9 3
10 3
10 4
9 4
8 4
7 4
6 4
6 5
5 5
4 5
5 5
5 4
6 4
5 4
5 3
5 2
5 1
5 0
5 1
4 1
3 1
4 1
5 1
5 0
6 0
5 0
5 1
4 1
5 1
5 0
5 1
6 1
6 2
5 2
6 2
6 1
6 0
5 0
5 1
5 0
5 1
4 1
4 2
4 1
3 1
3 0
3 1
3 2
3 1
3 0
2 0
3 0
3 1
2 1
2 2
2 1
2 2
2 1
2 0
2 1
1 1
1 0
1 1
2 1
2 0
3 0
3 1
3 2
3 3
3 2
4 2
3 2
4 2
3 2
2 2
2 3
2 2
2 1
2 2
2 1
1 1
1 2
2 2
2 3
3 3
4 3
3 3
3 2
2 2
2 3
1 3
0 3
0 4
0 3
0 4
0 3
0 2
0 3
0 2
0 3
0 2
0 3
1 3
0 3
1 3
1 2
2 2
3 2
2 2
3 2
4 2
5 2
4 2
3 2
3 1
4 1
4 2
3 2
3 3
2 3
2 2
2 3
1 3
1 4
2 4
2 3
1 3
0 3
1 3
0 3
0 2
0 3
0 2
0 1
0 0
0 1
1 1
2 1
2 0
3 0
2 0
1 0
2 0
3 0
4 0
4 1
4 0
4 1
5 1
6 1
6 0
5 0
5 1
4 1
5 1
6 1
6 0
6 1
5 1
5 2
6 2
7 2
8 2
9 2
9 3
9 2
10 2
11 2
12 2
12 1
11 1
11 2
12 2
11 2
12 2
13 2
14 2
15 2
15 3
15 2
15 1
15 0
15 1
15 0
15 1
14 1
14 0
14 1
13 1
13 0
12 0
13 0
14 0
14 1
13 1
13 2
13 1
13 0
12 0
13 0
12 0
11 0
11 1
12 1
13 1
12 1
12 0
12 1
12 0
13 0
13 1
13 2
12 2
13 2
13 1
14 1
13 1
13 2
12 2
11 2
12 2
13 2
13 3
14 3
13 3
13 2
12 2
13 2
14 2
14 1
13 1
13 0
13 1
13 0
13 1
13 2
14 2
13 2
13 1
14 1
14 2
13 2
14 2
14 3
15 3
15 4
15 5
16 5
17 5
17 6
18 6
18 7
17 7
17 8
17 7
17 6
16 6
17 6
17 7
16 7
15 7
15 8
14 8
15 8
15 7
15 6
16 6
17 6
18 6
19 6
19 5
19 4
20 4
20 5
20 4
20 3
20 2
20 1
20 0
21 0
21 1
21 2
22 2
22 1
23 1
23 0
23 1
23 0
23 1
22 1
22 0
21 0
21 1
22 1
22 2
21 2
20 2
19 2
19 3
19 2
18 2
17 2
17 1
16 1
17 1
17 0
17 1
18 1
18 2
19 2
19 3
19 4
19 3
19 4
20 4
20 3
20 2
21 2
22 2
22 1
22 2
22 3
21 3
21 2
20 2
21 2
20 2
21 2
22 2
22 3
22 2
22 1
22 2
21 2
22 2
21 2
21 1
21 2
20 2
19 2
19 3
19 2
20 2
19 2
18 2
18 1
19 1
19 0
19 1
19 2
19 3
18 3
19 3
19 2
20 2
21 2
21 3
21 4
22 4
22 5
22 6
22 5
21 5
22 5
23 5
24 5
25 5
25 4
25 5
26 5
26 6
25 6
25 5
25 6
25 5
25 4
25 3
24 3
24 4
24 3
23 3
23 4
24 4
25 4
26 4
27 4
26 4
27 4
27 3
27 2
28 2
29 2
29 3
28 3
28 2
29 2
30 2
29 2
29 1
30 1
30 2
30 3
30 2
31 2
32 2
32 3
32 4
31 4
30 4
30 3
30 2
30 1
30 0
30 1
30 2
30 1
29 1
28 1
29 1
28 1
28 2
28 3
29 3
29 4
29 5
29 6
29 5
29 4
30 4
29 4
28 4
29 4
28 4
28 3
28 2
29 2
29 3
28 3
29 3
30 3
29 3
28 3
28 2
29 2
28 2
28 1
29 1
30 1
31 1
32 1
32 2
31 2
31 1
30 1
30 0
29 0
29 1
29 2
28 2
28 3
28 2
28 3
28 4
29 4
30 4
30 3
30 4
31 4
30 4
30 5
31 5
31 6
32 6
32 7
31 7
31 6
31 5
32 5
31 5
31 6
30 6
30 7
29 7
29 8
30 8
30 7
30 6
31 6
31 5
31 4
31 3
31 4
31 5
31 4
31 5
31 4
30 4
29 4
29 5
29 6
30 6
29 6
28 6
28 7
28 6
27 6
26 6
26 7
26 8
26 9
25 9
24 9
24 8
23 8
23 9
23 10
23 9
23 8
22 8
21 8
22 8
21 8
21 9
21 8
21 7
22 7
21 7
21 8
21 7
21 8
20 8
20 9
19 9
19 10
19 11
19 10
19 9
19 8
18 8
19 8
19 9
19 10
19 9
19 8
20 8
20 9
20 10
19 10
19 9
20 9
20 10
20 9
19 9
19 8
20 8
20 7
20 8
20 9
20 8
21 8
21 7
22 7
22 8
23 8
24 8
24 7
25 7
25 6
24 6
24 7
24 6
24 7
25 7
25 6
24 6
24 5
24 4
24 3
23 3
22 3
22 2
22 1
22 2
21 2
20 2
20 3
19 3
18 3
18 2
17 2
16 2
17 2
17 3
17 2
18 2
17 2
17 3
17 4
18 4
18 3
17 3
17 4
18 4
18 5
18 6
18 7
18 8
18 9
17 9
17 10
16 10
17 10
17 11
17 12
17 13
17 12
17 13
16 13
16 14
16 15
16 14
16 15
16 14
15 14
15 13
16 13
16 14
15 14
14 14
13 14
13 15
12 15
13 15
14 15
14 14
13 14
14 14
14 15
13 15
13 14
13 15
14 15
14 16
14 15
15 15
15 14
14 14
14 13
14 14
13 14
12 14
12 13
12 12
12 13
11 13
10 13
10 14
10 15
10 14
9 14
9 13
8 13
8 14
9 14
9 13
10 13
10 14
10 15
10 14
9 14
8 14
8 13
9 13
8 13
8 12
8 11
9 11
8 11
7 11
7 12
8 12
8 13
7 13
6 13
5 13
5 12
5 13
5 14
5 15
4 15
3 15
4 15
4 16
5 16
5 15
6 15
5 15
5 16
6 16
6 17
6 18
6 17
6 16
5 16
4 16
4 15
4 16
3 16
2 16
2 15
1 15
2 15
2 16
2 17
2 16
2 15
2 14
2 15
1 15
0 15
1 15
0 15
1 15
1 14
0 14
1 14
1 13
2 13
3 13
4 13
5 13
5 12
6 12
6 13
7 13
6 13
6 12
7 12
8 12
7 12
7 13
6 13
6 14
6 13
5 13
5 14
4 14
4 15
4 16
4 17
4 16
4 15
4 16
5 16
5 15
5 14
5 15
5 16
4 16
5 16
5 17
5 18
6 18
7 18
7 19
7 20
6 20
7 20
8 20
8 19
8 20
7 20
8 20
8 19
8 18
9 18
8 18
8 17
9 17
9 18
9 19
8 19
9 19
10 19
10 18
10 19
10 20
10 19
10 18
10 17
10 16
10 17
9 17
9 18
9 19
9 20
9 21
10 21
10 22
10 21
10 20
10 19
9 19
8 19
8 18
9 18
8 18
9 18
10 18
10 19
11 19
11 20
12 20
12 19
11 19
12 19
13 19
13 18
13 19
12 19
12 20
12 19
11 19
10 19
10 20
9 20
8 20
8 19
8 18
7 18
7 19
7 20
7 19
7 20
6 20
5 20
6 20
6 19
6 18
6 19
5 19
4 19
3 19
3 18
4 18
5 18
5 17
4 17
4 18
4 17
4 16
5 16
5 15
6 15
5 15
4 15
3 15
4 15
3 15
3 16
3 15
4 15
4 16
4 15
5 15
4 15
4 14
3 14
2 14
2 13
1 13
0 13
1 13
1 12
1 11
2 11
3 11
3 12
3 13
3 12
4 12
5 12
5 13
4 13
3 13
3 14
4 14
3 14
3 15
4 15
5 15
4 15
4 14
5 14
6 14
7 14
8 14
8 15
9 15
9 16
10 16
10 15
10 14
11 14
11 15
12 15
13 15
14 15
13 15
12 15
12 14
12 13
13 13
13 14
14 14
15 14
15 15
16 15
15 15
14 15
15 15
15 16
15 15
14 15
15 15
14 15
15 15
15 16
15 15
16 15
16 14
17 14
17 13
17 14
18 14
18 15
18 16
19 16
18 16
18 17
18 16
18 15
17 15
18 15
17 15
17 16
16 16
16 17
16 18
16 19
16 20
16 19
17 19
16 19
16 20
16 19
17 19
17 20
