0 0
0 1
0 2
1 2
1 1
0 1
1 1
1 0
2 0
1 0
1 1
2 1
2 0
1 0
1 1
1 0
1 1
0 1
1 1
1 0
2 0
3 0
4 0
5 0
4 0
4 1
4 0
5 0
5 1
4 1
4 0
5 0
6 0
7 0
8 0
8 1
9 1
9 2
8 2
9 2
9 1
10 1
11 1
10 1
10 0
11 0
11 1
10 1
10 2
11 2
11 1
10 1
11 1
11 2
11 1
12 1
12 2
12 3
13 3
12 3
12 4
11 4
11 5
11 6
11 7
11 6
12 6
11 6
11 7
12 7
13 7
13 6
14 6
13 6
12 6
11 6
11 5
11 6
10 6
10 5
10 4
10 3
9 3
9 4
9 5
9 6
10 6
10 7
11 7
11 6
10 6
10 5
10 4
10 3
9 3
9 2
9 3
9 2
9 1
9 0
10 0
10 1
10 2
11 2
11 1
11 0
11 1
12 1
13 1
12 1
13 1
12 1
12 0
13 0
13 1
14 1
13 1
12 1
12 0
13 0
13 1
13 0
13 1
13 2
12 2
13 2
12 2
12 3
13 3
12 3
12 2
13 2
14 2
13 2
12 2
12 3
12 4
12 3
12 2
13 2
13 1
13 2
12 2
12 3
12 2
11 2
11 1
11 0
10 0
10 1
10 2
10 1
9 1
10 1
11 1
12 1
12 0
12 1
12 2
11 2
11 1
11 2
10 2
9 2
9 1
8 1
8 2
9 2
9 3
9 2
9 3
10 3
10 2
10 1
9 1
10 1
10 2
10 3
9 3
10 3
9 3
9 2
9 3
9 2
10 2
10 1
9 1
10 1
10 2
10 1
11 1
11 0
11 1
11 2
12 2
11 2
11 3
10 3
10 2
9 2
8 2
9 2
8 2
9 2
9 3
9 2
10 2
10 3
10 4
9 4
9 3
9 2
9 1
10 1
9 1
10 1
10 0
11 0
10 0
11 0
11 1
10 1
10 2
11 2
12 2
11 2
12 2
12 3
12 2
12 1
12 2
12 1
12 2
12 1
11 1
12 1
12 0
12 1
13 1
14 1
13 1
12 1
12 2
13 2
14 2
13 2
12 2
12 1
12 0
13 0
12 0
11 0
11 1
10 1
11 1
11 2
12 2
11 2
12 2
11 2
12 2
12 3
11 3
12 3
13 3
12 3
12 4
12 3
12 2
12 3
12 4
12 5
11 5
12 5
12 4
12 3
12 2
12 3
12 4
12 5
11 5
11 6
11 7
10 7
11 7
11 8
11 7
11 8
10 8
10 7
9 7
9 6
9 5
10 5
10 4
11 4
11 3
11 2
11 3
11 4
11 5
11 6
11 7
11 8
10 8
10 7
9 7
9 6
9 7
8 7
8 6
8 5
8 4
7 4
7 3
6 3
6 4
6 5
5 5
4 5
4 6
5 6
5 7
5 6
6 6
5 6
6 6
6 5
6 6
7 6
8 6
8 7
8 6
8 7
8 6
8 7
8 8
9 8
8 8
8 7
7 7
8 7
8 6
8 7
9 7
10 7
11 7
10 7
9 7
8 7
8 8
9 8
9 9
9 10
9 9
9 10
9 11
10 11
11 11
10 11
10 12
11 12
10 12
10 13
10 12
11 12
10 12
11 12
11 11
11 10
11 11
11 10
12 10
11 10
10 10
9 10
9 11
10 11
10 12
10 11
11 11
11 12
11 11
11 10
11 9
10 9
10 10
11 10
10 10
10 9
10 10
10 9
10 8
10 7
10 6
11 6
11 7
10 7
10 8
10 7
9 7
9 8
9 9
10 9
10 10
10 9
10 10
11 10
12 10
12 11
11 11
10 11
11 11
12 11
13 11
13 10
12 10
12 9
13 9
13 8
13 7
13 8
13 7
12 7
12 6
13 6
13 7
14 7
15 7
15 6
15 7
15 8
15 7
15 6
14 6
14 7
14 8
14 7
13 7
13 6
13 5
14 5
15 5
16 5
15 5
16 5
16 6
16 5
16 6
17 6
17 5
17 4
18 4
18 3
17 3
16 3
17 3
17 4
18 4
17 4
17 5
17 4
17 5
18 5
19 5
20 5
19 5
20 5
20 4
19 4
19 3
20 3
20 4
21 4
21 3
21 4
21 3
21 2
21 3
21 4
21 3
20 3
20 4
20 5
21 5
22 5
22 6
22 5
23 5
23 6
23 7
24 7
24 6
23 6
23 7
23 8
24 8
25 8
25 9
26 9
25 9
26 9
26 8
26 7
26 8
26 9
27 9
27 10
28 10
28 11
27 11
26 11
26 12
27 12
28 12
28 11
29 11
29 10
29 9
28 9
29 9
29 10
29 9
30 9
31 9
31 8
31 9
32 9
32 8
31 8
31 7
30 7
30 8
29 8
28 8
27 8
28 8
28 7
27 7
26 7
27 7
28 7
28 6
27 6
27 7
27 6
28 6
28 5
28 6
28 5
27 5
28 5
28 6
28 7
28 8
27 8
27 9
28 9
28 10
27 10
27 11
27 10
26 10
26 11
27 11
27 12
26 12
27 12
27 13
27 12
27 11
28 11
27 11
26 11
27 11
27 10
28 10
28 9
28 8
27 8
27 7
26 7
27 7
27 6
28 6
27 6
28 6
28 5
27 5
28 5
29 5
29 6
30 6
31 6
32 6
33 6
34 6
34 7
35 7
34 7
35 7
34 7
35 7
35 6
36 6
35 6
35 5
35 4
35 5
36 5
36 6
35 6
34 6
34 5
33 5
34 5
35 5
36 5
35 5
35 6
34 6
33 6
34 6
35 6
36 6
37 6
38 6
39 6
40 6
40 7
41 7
40 7
41 7
41 6
42 6
41 6
40 6
40 5
41 5
40 5
40 4
40 3
41 3
41 2
41 3
41 2
41 3
41 4
41 5
41 4
40 4
39 4
39 3
40 3
39 3
39 4
40 4
40 3
40 4
40 3
39 3
38 3
38 4
38 5
39 5
39 4
39 5
39 6
39 5
39 4
39 3
40 3
41 3
41 4
41 5
41 4
41 5
41 6
40 6
41 6
41 5
42 5
43 5
42 5
42 6
42 7
43 7
42 7
41 7
41 8
40 8
39 8
39 9
40 9
39 9
40 9
39 9
40 9
40 8
39 8
40 8
39 8
40 8
40 7
40 8
40 7
40 6
41 6
42 6
41 6
41 7
42 7
42 8
41 8
41 9
42 9
41 9
41 10
40 10
41 10
42 10
42 9
42 8
42 7
42 8
41 8
42 8
42 7
43 7
43 6
43 5
44 5
44 4
43 4
43 3
43 4
43 3
43 4
42 4
43 4
44 4
43 4
43 3
43 4
44 4
43 4
43 3
42 3
41 3
41 4
41 3
40 3
40 2
41 2
41 3
41 4
41 3
42 3
42 2
42 1
41 1
41 2
41 3
40 3
41 3
42 3
43 3
43 2
43 3
42 3
42 2
42 1
41 1
41 0
40 0
41 0
41 1
41 0
41 1
40 1
41 1
42 1
41 1
42 1
41 1
41 2
42 2
41 2
41 1
41 0
42 0
42 1
41 1
41 0
41 1
41 0
42 0
41 0
42 0
43 0
42 0
42 1
42 0
42 1
42 2
43 2
43 1
43 0
42 0
41 0
40 0
41 0
42 0
43 0
43 1
43 0
44 0
43 0
43 1
43 2
42 2
42 3
42 2
43 2
44 2
45 2
44 2
45 2
45 1
46 1
47 1
46 1
46 0
47 0
47 1
47 2
46 2
46 1
46 0
46 1
46 0
46 1
46 2
46 3
46 4
45 4
45 5
46 5
46 6
46 5
46 6
46 5
46 6
46 7
46 8
46 9
46 8
46 9
46 10
47 10
46 10
47 10
46 10
46 9
45 9
46 9
45 9
46 9
47 9
47 8
47 7
48 7
48 8
49 8
48 8
48 9
49 9
48 9
48 10
48 9
47 9
46 9
46 8
46 9
46 8
47 8
47 7
47 8
46 8
45 8
45 9
46 9
46 8
46 9
46 10
46 9
45 9
45 10
44 10
44 9
43 9
43 8
43 9
43 10
44 10
44 11
43 11
44 11
43 11
44 11
44 10
45 10
45 9
46 9
45 9
46 9
46 8
45 8
44 8
43 8
43 9
44 9
45 9
45 8
46 8
46 9
47 9
47 8
48 8
49 8
48 8
48 7
47 7
47 8
48 8
48 9
49 9
48 9
48 10
48 9
48 10
47 10
47 9
47 8
47 7
47 6
46 6
46 7
46 6
47 6
46 6
46 5
46 6
46 5
46 4
46 3
46 4
45 4
46 4
46 5
46 4
45 4
44 4
44 3
45 3
44 3
45 3
45 4
44 4
45 4
45 3
45 4
44 4
44 3
45 3
45 2
44 2
45 2
45 3
44 3
44 4
43 4
44 4
44 3
43 3
44 3
44 2
44 3
43 3
43 2
44 2
45 2
45 3
45 4
46 4
46 3
47 3
47 2
47 1
47 2
