0 0
1 0
0 0
0 1
0 0
0 1
1 1
0 1
0 2
0 3
1 3
1 4
0 4
0 5
0 6
1 6
1 7
0 7
0 8
0 9
0 8
0 7
1 7
1 8
1 7
1 8
1 7
1 6
2 6
2 5
2 4
3 4
2 4
2 5
1 5
1 4
1 3
1 4
1 3
0 3
1 3
2 3
2 4
2 5
2 4
1 4
2 4
2 5
3 5
3 6
3 7
4 7
3 7
2 7
3 7
2 7
3 7
3 6
4 6
4 5
5 5
5 4
5 5
5 6
4 6
3 6
3 5
3 4
2 4
2 5
2 6
2 7
2 8
2 9
3 9
2 9
2 8
3 8
3 9
4 9
5 9
5 10
5 11
6 11
7 11
7 12
8 12
8 11
8 10
9 10
10 10
11 10
11 9
10 9
10 8
11 8
12 8
13 8
14 8
14 9
14 8
14 9
15 9
14 9
14 10
14 9
14 8
14 9
14 10
15 10
16 10
16 9
16 10
16 11
17 11
16 11
16 10
17 10
17 11
17 10
18 10
18 9
17 9
18 9
19 9
19 10
18 10
17 10
17 9
17 10
18 10
18 11
17 11
18 11
18 12
18 13
17 13
17 14
16 14
17 14
16 14
16 15
17 15
18 15
18 14
18 13
17 13
17 12
16 12
16 13
17 13
18 13
17 13
17 12
17 13
17 14
16 14
16 15
17 15
16 15
17 15
16 15
17 15
16 15
16 16
16 15
16 14
15 14
16 14
16 13
17 13
16 13
16 14
15 14
15 15
14 15
14 16
13 16
12 16
11 16
11 17
10 17
9 17
9 18
9 17
9 16
10 16
10 17
9 17
9 16
9 17
9 16
10 16
10 15
9 15
9 14
9 15
10 15
10 14
11 14
11 15
11 14
12 14
11 14
11 15
12 15
13 15
12 15
11 15
11 14
12 14
13 14
12 14
13 14
13 13
13 12
13 11
13 10
13 11
12 11
12 12
12 11
13 11
13 12
12 12
12 11
11 11
12 11
12 12
12 13
12 14
11 14
12 14
12 13
12 14
13 14
14 14
14 15
14 16
14 15
14 14
14 15
14 16
15 16
16 16
15 16
16 16
16 17
15 17
14 17
15 17
15 18
14 18
14 19
15 19
15 18
15 19
15 20
15 19
15 18
16 18
17 18
17 17
17 16
17 15
17 16
18 16
18 15
18 14
18 15
18 16
17 16
17 17
17 16
17 15
16 15
16 16
15 16
14 16
14 17
15 17
16 17
16 16
17 16
16 16
15 16
15 15
14 15
14 16
14 15
14 16
13 16
13 17
13 18
13 17
14 17
14 16
15 16
14 16
14 17
13 17
13 18
13 19
13 18
14 18
15 18
16 18
15 18
15 19
15 20
14 20
13 20
13 19
13 20
14 20
14 19
14 20
14 19
13 19
13 20
13 21
13 22
13 21
12 21
11 21
11 20
11 21
10 21
9 21
8 21
8 22
8 23
8 24
9 24
9 25
8 25
8 26
8 27
8 26
8 25
8 24
9 24
10 24
9 24
10 24
9 24
8 24
8 23
9 23
9 22
9 23
9 24
8 24
8 23
7 23
6 23
6 24
5 24
5 25
5 26
4 26
4 25
3 25
3 24
3 25
3 24
2 24
2 23
1 23
1 22
0 22
0 23
0 24
1 24
1 25
1 24
1 23
2 23
2 24
2 23
2 24
3 24
3 23
2 23
1 23
1 22
2 22
1 22
1 21
1 22
1 21
1 22
1 21
1 22
1 21
1 22
1 23
0 23
0 24
1 24
1 25
1 24
2 24
3 24
4 24
5 24
4 24
3 24
3 25
4 25
5 25
5 26
6 26
6 27
5 27
6 27
6 26
5 26
5 25
5 26
6 26
7 26
8 26
7 26
7 27
6 27
6 28
6 27
6 26
6 27
6 26
5 26
6 26
6 25
6 26
5 26
6 26
5 26
6 26
5 26
4 26
3 26
3 25
3 24
4 24
3 24
4 24
4 23
4 22
3 22
2 22
2 23
2 24
2 25
2 24
1 24
1 25
2 25
2 26
3 26
3 27
4 27
3 27
4 27
5 27
4 27
4 26
4 27
5 27
4 27
4 26
3 26
2 26
3 26
3 25
4 25
3 25
3 26
4 26
4 27
4 28
4 27
4 28
4 29
4 30
4 31
5 31
5 30
5 29
4 29
5 29
5 30
4 30
4 31
4 30
4 31
4 32
4 33
3 33
3 32
2 32
2 33
2 34
2 33
2 32
1 32
0 32
0 33
1 33
1 34
0 34
0 35
0 36
0 37
1 37
0 37
1 37
1 38
1 37
1 38
2 38
1 38
2 38
1 38
1 39
2 39
3 39
3 40
4 40
4 41
4 40
4 41
5 41
5 40
5 41
6 41
6 40
6 41
7 41
7 42
7 41
7 42
8 42
9 42
8 42
8 41
8 42
9 42
9 43
9 44
10 44
10 43
10 44
9 44
9 43
9 44
9 45
8 45
7 45
8 45
8 46
7 46
7 45
8 45
7 45
6 45
7 45
7 44
8 44
8 43
8 44
8 43
8 44
9 44
9 43
9 42
9 41
8 41
7 41
8 41
8 42
9 42
9 41
10 41
9 41
9 42
9 43
8 43
8 42
9 42
9 41
9 42
8 42
8 43
9 43
8 43
9 43
8 43
8 44
9 44
9 43
8 43
9 43
9 44
10 44
10 43
10 44
10 43
9 43
8 43
8 42
7 42
8 42
7 42
7 41
6 41
6 42
6 41
7 41
6 41
6 42
7 42
7 43
8 43
8 42
9 42
10 42
9 42
9 41
10 41
11 41
10 41
10 40
11 40
11 41
12 41
12 40
12 41
12 40
13 40
14 40
13 40
14 40
14 39
15 39
15 38
15 39
16 39
16 40
16 41
16 42
16 43
15 43
15 42
15 43
16 43
16 44
16 45
16 44
16 45
16 46
17 46
18 46
17 46
17 45
16 45
15 45
16 45
16 44
15 44
15 45
16 45
15 45
15 46
14 46
15 46
15 47
15 46
15 45
16 45
16 46
16 45
16 44
16 43
15 43
15 44
15 45
16 45
16 46
16 47
16 46
17 46
16 46
16 47
16 48
16 49
16 48
17 48
18 48
19 48
19 49
19 48
18 48
18 47
19 47
19 48
18 48
17 48
17 47
16 47
16 46
17 46
18 46
17 46
17 45
17 46
17 47
17 46
16 46
16 47
15 47
15 46
15 45
14 45
14 46
14 47
15 47
15 46
15 47
15 48
14 48
15 48
14 48
13 48
12 48
12 47
13 47
13 48
13 49
13 48
12 48
12 47
12 48
12 49
12 48
12 49
12 48
13 48
13 47
14 47
13 47
13 48
12 48
12 47
13 47
13 48
13 49
13 50
14 50
15 50
15 49
16 49
16 50
16 51
16 50
15 50
15 51
15 52
15 51
15 52
16 52
16 53
16 52
17 52
18 52
19 52
20 52
19 52
19 53
18 53
19 53
18 53
18 54
18 53
18 54
17 54
16 54
16 55
16 54
15 54
15 53
14 53
15 53
16 53
15 53
16 53
15 53
15 54
14 54
15 54
14 54
14 55
14 54
15 54
16 54
16 55
16 56
16 57
17 57
16 57
17 57
17 56
17 55
17 56
16 56
17 56
17 55
18 55
19 55
19 54
19 55
19 54
19 53
20 53
20 54
19 54
19 53
19 52
18 52
18 53
17 53
18 53
19 53
20 53
21 53
21 54
22 54
23 54
23 55
23 54
22 54
22 53
21 53
21 52
21 51
22 51
23 51
23 50
24 50
25 50
25 51
24 51
24 52
24 51
23 51
22 51
23 51
22 51
22 50
23 50
23 51
23 52
23 51
22 51
23 51
23 52
23 51
23 52
24 52
23 52
22 52
21 52
21 53
20 53
19 53
18 53
18 54
18 55
17 55
16 55
15 55
16 55
16 54
16 55
16 54
16 55
15 55
16 55
15 55
15 56
15 55
15 54
15 53
15 54
15 55
14 55
13 55
12 55
13 55
13 56
12 56
13 56
14 56
14 55
14 54
13 54
12 54
12 55
12 54
12 53
13 53
14 53
14 52
13 52
12 52
12 51
12 52
13 52
12 52
12 51
12 50
12 51
12 50
12 49
12 48
12 49
12 50
12 51
12 52
11 52
11 53
12 53
12 54
11 54
11 53
11 52
10 52
10 51
10 52
10 53
10 52
10 53
11 53
10 53
11 53
11 52
12 52
12 53
13 53
13 52
12 52
12 51
13 51
12 51
13 51
12 51
12 50
12 49
13 49
13 48
13 47
12 47
12 46
12 47
13 47
14 47
14 48
14 49
15 49
16 49
16 50
16 51
15 51
14 51
15 51
15 50
15 51
15 52
15 53
14 53
13 53
13 52
13 53
13 52
13 53
14 53
14 52
15 52
15 53
16 53
16 52
16 53
17 53
16 53
16 52
15 52
14 52
13 52
13 53
12 53
