0 0
0 1
0 0
1 0
0 0
1 0
2 0
2 1
2 2
2 1
2 2
3 2
4 2
4 3
4 2
3 2
3 3
4 3
5 3
5 4
5 3
4 3
3 3
3 4
3 5
4 5
5 5
4 5
5 5
4 5
4 4
3 4
2 4
3 4
4 4
5 4
5 5
5 6
4 6
4 7
5 7
5 6
6 6
6 5
6 4
5 4
5 3
5 2
4 2
3 2
4 2
4 1
3 1
3 0
3 1
4 1
5 1
5 0
5 1
4 1
3 1
3 0
3 1
2 1
2 0
2 1
3 1
3 2
3 3
4 3
3 3
3 2
2 2
2 1
3 1
2 1
1 1
1 2
0 2
1 2
1 3
1 4
2 4
2 3
3 3
3 2
3 3
4 3
4 4
5 4
5 5
5 6
4 6
4 7
4 6
4 7
3 7
3 8
3 7
3 8
4 8
3 8
3 7
3 6
3 7
2 7
2 8
3 8
3 9
3 10
3 9
4 9
4 8
4 9
4 10
5 10
5 11
4 11
3 11
2 11
1 11
0 11
0 12
1 12
1 11
1 10
0 10
1 10
1 9
0 9
0 8
0 9
0 8
1 8
1 9
1 8
0 8
0 7
1 7
1 8
0 8
0 9
0 10
1 10
0 10
1 10
2 10
3 10
3 11
4 11
4 12
5 12
6 12
5 12
5 13
6 13
6 12
6 13
7 13
7 14
7 15
8 15
8 16
8 15
9 15
8 15
8 14
7 14
8 14
7 14
7 15
8 15
7 15
7 16
6 16
6 17
6 16
6 17
5 17
5 16
6 16
7 16
8 16
7 16
6 16
6 15
6 16
5 16
6 16
6 17
6 18
5 18
6 18
6 17
6 16
7 16
8 16
8 17
7 17
7 18
7 19
7 18
8 18
8 19
7 19
7 20
6 20
6 19
5 19
5 20
6 20
7 20
7 21
7 22
8 22
8 23
7 23
8 23
8 24
9 24
9 25
9 26
10 26
9 26
10 26
10 25
10 24
10 25
9 25
9 26
8 26
8 27
7 27
7 26
7 27
8 27
9 27
10 27
10 28
10 29
10 30
10 29
10 28
9 28
9 27
8 27
8 28
8 29
8 28
8 27
9 27
9 26
9 25
9 24
9 25
8 25
9 25
8 25
9 25
10 25
9 25
9 26
9 27
9 28
10 28
9 28
8 28
8 29
8 28
9 28
9 29
9 28
10 28
11 28
11 27
12 27
12 26
13 26
12 26
12 25
11 25
11 24
11 23
11 22
10 22
10 23
10 22
9 22
10 22
11 22
11 23
11 22
11 21
11 20
11 21
11 22
10 22
10 21
11 21
10 21
10 20
9 20
10 20
10 21
10 22
10 23
11 23
12 23
13 23
13 22
14 22
14 23
14 24
13 24
13 25
13 26
13 27
13 28
13 27
12 27
12 26
12 27
13 27
13 28
13 27
13 26
12 26
12 25
12 24
12 23
12 22
12 21
12 22
12 21
12 22
11 22
11 23
12 23
11 23
11 22
10 22
10 23
11 23
11 24
11 25
11 24
10 24
10 23
9 23
9 24
10 24
10 25
10 26
9 26
10 26
11 26
11 27
11 28
11 27
11 26
11 25
11 24
11 25
11 26
10 26
10 27
9 27
10 27
10 28
10 29
10 28
10 27
11 27
11 28
10 28
11 28
12 28
11 28
10 28
9 28
9 27
8 27
8 28
8 29
7 29
7 30
8 30
8 31
7 31
8 31
7 31
6 31
6 32
6 31
5 31
5 30
6 30
5 30
5 29
5 30
4 30
3 30
3 31
4 31
5 31
6 31
6 30
7 30
6 30
6 29
7 29
8 29
9 29
8 29
9 29
9 30
9 29
9 28
9 27
9 26
8 26
8 27
9 27
9 28
9 29
9 28
8 28
7 28
7 29
7 30
7 29
6 29
6 28
7 28
7 29
6 29
6 28
5 28
5 27
5 28
5 29
5 28
5 29
5 30
5 31
5 32
4 32
5 32
6 32
5 32
6 32
7 32
7 33
7 34
7 33
6 33
5 33
4 33
5 33
4 33
3 33
2 33
2 34
2 33
1 33
0 33
1 33
2 33
2 34
2 35
3 35
3 36
2 36
2 35
2 36
3 36
2 36
2 37
2 36
2 37
1 37
0 37
0 36
0 35
1 35
0 35
0 34
0 33
0 34
0 35
1 35
1 34
0 34
1 34
1 35
2 35
1 35
1 34
1 33
2 33
3 33
2 33
3 33
3 34
3 35
4 35
3 35
4 35
4 36
4 37
3 37
2 37
2 38
2 39
2 40
1 40
2 40
2 41
1 41
2 41
1 41
2 41
2 42
1 42
2 42
3 42
3 43
3 44
4 44
3 44
3 43
3 44
3 43
4 43
3 43
3 44
3 43
2 43
2 42
3 42
3 43
3 42
2 42
2 41
2 42
2 41
2 40
3 40
4 40
4 39
5 39
4 39
3 39
4 39
4 40
3 40
3 41
3 42
3 43
3 42
3 41
2 41
1 41
2 41
2 40
3 40
2 40
1 40
1 41
1 42
2 42
2 43
2 42
1 42
1 41
1 40
1 41
0 41
0 40
1 40
0 40
0 41
0 40
0 39
1 39
0 39
0 40
1 40
2 40
1 40
1 41
0 41
0 42
0 41
1 41
2 41
2 42
2 43
3 43
3 42
3 43
3 42
3 41
3 40
2 40
2 39
2 40
1 40
1 39
1 38
0 38
0 37
0 36
0 35
0 34
1 34
0 34
1 34
1 33
2 33
2 34
1 34
1 35
1 34
1 35
2 35
3 35
4 35
5 35
6 35
6 36
6 37
6 38
6 39
5 39
5 38
6 38
6 39
6 40
6 39
5 39
5 40
5 39
5 40
5 41
5 40
5 41
4 41
4 42
4 43
3 43
3 44
4 44
4 43
4 42
4 43
3 43
4 43
5 43
4 43
5 43
5 42
4 42
3 42
2 42
2 41
2 42
2 41
1 41
0 41
0 40
0 39
1 39
1 38
2 38
2 37
1 37
1 38
1 37
0 37
0 36
1 36
1 35
0 35
0 36
0 35
0 34
0 33
0 32
1 32
0 32
1 32
1 33
1 32
1 33
2 33
1 33
2 33
2 32
2 33
2 32
3 32
4 32
4 33
4 32
4 33
5 33
5 32
4 32
5 32
4 32
4 31
4 30
3 30
2 30
3 30
3 29
4 29
4 30
4 31
3 31
4 31
4 30
3 30
2 30
1 30
0 30
1 30
2 30
1 30
2 30
2 29
1 29
0 29
0 30
1 30
1 29
1 30
2 30
2 29
2 30
2 31
2 32
2 31
1 31
1 30
0 30
0 31
0 32
1 32
2 32
3 32
2 32
1 32
0 32
0 33
0 32
1 32
2 32
1 32
0 32
1 32
2 32
2 33
1 33
2 33
2 32
1 32
1 33
0 33
1 33
1 32
1 31
1 32
1 31
2 31
2 30
2 31
3 31
3 32
3 33
2 33
3 33
3 32
3 31
3 30
2 30
2 31
3 31
2 31
3 31
3 32
3 31
2 31
2 32
3 32
3 33
3 32
3 33
4 33
3 33
4 33
4 34
4 35
3 35
2 35
3 35
2 35
3 35
2 35
3 35
3 34
2 34
2 33
3 33
3 34
4 34
4 35
4 36
5 36
5 35
5 36
6 36
6 35
6 36
6 35
7 35
8 35
8 36
7 36
7 37
6 37
6 38
7 38
6 38
6 37
7 37
8 37
9 37
10 37
10 36
10 37
10 38
10 37
10 36
10 37
9 37
9 36
8 36
8 35
8 36
8 35
8 34
7 34
7 35
8 35
8 34
8 33
8 34
9 34
9 35
9 34
10 34
10 35
10 34
10 33
11 33
12 33
12 32
11 32
11 31
10 31
11 31
11 30
11 31
10 31
11 31
10 31
10 32
10 31
9 31
10 31
10 32
10 33
10 32
10 33
11 33
11 34
10 34
9 34
9 35
10 35
10 34
10 35
11 35
12 35
12 34
13 34
14 34
15 34
16 34
16 33
17 33
18 33
18 32
17 32
17 31
17 32
17 31
18 31
18 32
17 32
17 33
18 33
19 33
19 32
20 32
20 33
20 34
19 34
18 34
18 33
19 33
18 33
18 32
18 33
18 34
18 35
17 35
18 35
18 34
17 34
16 34
15 34
16 34
15 34
15 33
14 33
14 32
15 32
15 31
15 32
16 32
16 31
17 31
17 30
18 30
19 30
19 29
19 30
20 30
20 29
20 28
21 28
22 28
23 28
23 29
23 30
24 30
25 30
25 29
24 29
25 29
26 29
26 28
26 29
26 28
25 28
25 27
24 27
24 26
25 26
25 25
26 25
26 24
27 24
27 25
27 24
26 24
26 25
26 24
26 23
27 23
28 23
28 22
28 23
28 22
28 23
29 23
29 22
29 21
30 21
29 21
30 21
30 20
30 19
30 18
29 18
28 18
27 18
