0 0
1 0
2 0
1 0
1 1
0 1
1 1
1 0
2 0
2 1
2 0
2 1
2 2
2 1
2 0
1 0
1 1
2 1
2 2
1 2
1 3
2 3
2 2
2 1
2 0
1 0
2 0
3 0
3 1
4 1
3 1
4 1
4 0
3 0
3 1
2 1
3 1
3 0
3 1
2 1
3 1
4 1
5 1
4 1
3 1
3 0
3 1
3 2
2 2
2 3
1 3
0 3
1 3
1 2
1 1
2 1
3 1
2 1
2 0
3 0
2 0
3 0
4 0
4 1
4 2
3 2
3 3
3 4
3 3
4 3
4 2
4 3
3 3
3 2
3 3
4 3
3 3
3 2
3 1
4 1
4 0
4 1
3 1
3 2
2 2
1 2
1 1
0 1
0 0
0 1
0 2
0 3
0 2
0 3
0 2
1 2
1 1
1 2
2 2
2 1
2 2
1 2
1 1
1 2
0 2
1 2
1 3
1 4
2 4
3 4
3 3
4 3
3 3
3 4
3 5
3 4
2 4
1 4
1 5
0 5
1 5
1 4
1 3
1 2
1 3
2 3
1 3
1 2
1 1
1 2
0 2
0 3
0 4
1 4
1 3
0 3
1 3
1 2
0 2
0 1
1 1
1 2
2 2
2 3
2 4
2 5
2 4
3 4
2 4
1 4
1 3
1 2
1 3
1 4
1 5
1 6
1 5
1 6
2 6
2 5
1 5
0 5
0 6
0 7
0 8
1 8
0 8
1 8
1 7
1 6
0 6
1 6
1 5
2 5
1 5
2 5
2 6
2 7
2 8
2 7
2 8
3 8
3 9
4 9
4 8
4 9
4 10
4 9
3 9
3 8
2 8
1 8
1 9
1 8
1 7
0 7
1 7
2 7
3 7
2 7
3 7
4 7
4 6
3 6
3 5
4 5
4 6
4 5
3 5
3 6
3 7
4 7
4 8
3 8
3 9
2 9
2 8
3 8
3 7
2 7
1 7
1 8
0 8
1 8
1 7
1 6
2 6
2 7
1 7
0 7
1 7
2 7
2 6
2 5
2 6
2 7
2 8
2 9
2 10
1 10
1 11
2 11
3 11
3 10
2 10
3 10
3 11
4 11
4 12
3 12
4 12
3 12
3 11
2 11
3 11
3 10
4 10
4 9
3 9
2 9
2 8
1 8
1 9
2 9
2 10
3 10
3 11
2 11
2 10
2 9
3 9
2 9
2 10
2 11
3 11
3 12
3 13
4 13
4 12
4 11
3 11
2 11
3 11
2 11
2 12
2 11
3 11
3 12
4 12
3 12
3 11
3 12
4 12
5 12
4 12
3 12
2 12
1 12
1 11
2 11
2 10
2 9
1 9
1 10
2 10
2 11
2 10
2 9
2 10
2 11
2 12
3 12
3 11
4 11
4 10
5 10
6 10
7 10
6 10
6 11
6 10
7 10
7 11
6 11
5 11
5 10
5 9
5 8
5 9
4 9
3 9
4 9
3 9
3 10
4 10
5 10
5 9
5 10
4 10
3 10
2 10
1 10
2 10
3 10
2 10
3 10
3 11
3 12
3 11
3 12
2 12
2 13
3 13
3 12
3 11
3 10
3 11
3 12
4 12
4 13
3 13
4 13
4 12
3 12
3 13
2 13
2 14
3 14
4 14
4 13
4 12
4 11
4 12
5 12
5 11
4 11
4 10
4 11
4 12
3 12
2 12
2 11
2 10
2 11
1 11
1 10
0 10
0 9
0 8
1 8
1 7
1 8
0 8
1 8
1 9
1 8
0 8
0 9
1 9
2 9
2 8
2 9
2 8
1 8
0 8
1 8
1 7
1 8
1 7
0 7
1 7
2 7
3 7
2 7
3 7
2 7
2 8
2 9
1 9
0 9
1 9
1 8
2 8
3 8
2 8
3 8
3 7
3 6
3 7
4 7
5 7
5 8
4 8
4 7
3 7
2 7
1 7
1 6
1 7
2 7
2 8
2 7
2 8
2 9
2 8
2 7
3 7
3 8
3 7
3 6
4 6
5 6
5 5
5 4
6 4
6 5
6 4
7 4
7 3
7 4
6 4
6 5
5 5
6 5
6 4
5 4
6 4
5 4
6 4
5 4
5 5
4 5
3 5
2 5
2 4
2 5
2 4
2 5
1 5
0 5
0 4
1 4
2 4
3 4
4 4
4 5
5 5
6 5
5 5
4 5
4 4
5 4
6 4
7 4
7 3
7 2
6 2
5 2
6 2
7 2
8 2
8 3
7 3
6 3
6 4
6 3
6 4
6 3
6 4
6 3
6 4
5 4
5 5
6 5
6 4
7 4
7 3
8 3
8 4
7 4
7 3
7 4
8 4
8 3
8 2
8 1
8 2
8 3
8 2
9 2
8 2
8 1
8 2
8 3
9 3
9 4
8 4
8 5
8 4
9 4
9 3
8 3
8 2
9 2
9 3
9 2
10 2
10 3
10 2
9 2
10 2
10 1
10 2
10 3
11 3
11 4
11 5
10 5
10 4
10 3
10 4
10 3
9 3
9 4
8 4
8 5
8 6
7 6
7 5
8 5
7 5
7 6
8 6
8 5
9 5
9 6
10 6
10 7
10 6
10 7
9 7
9 8
8 8
9 8
9 9
8 9
9 9
9 10
9 9
8 9
8 8
8 9
8 8
7 8
7 9
7 8
7 9
7 10
6 10
7 10
7 9
8 9
7 9
6 9
6 10
6 11
6 12
6 13
6 14
7 14
7 15
6 15
5 15
4 15
5 15
4 15
4 14
3 14
3 13
3 14
3 13
2 13
2 12
2 13
2 14
3 14
3 13
3 14
4 14
4 15
4 14
4 13
4 12
3 12
3 11
4 11
3 11
2 11
2 12
2 13
3 13
3 14
3 15
4 15
5 15
5 14
4 14
4 15
3 15
4 15
4 14
4 15
5 15
6 15
6 16
7 16
7 15
6 15
5 15
4 15
4 14
5 14
5 13
5 14
5 15
5 16
6 16
5 16
6 16
6 17
6 18
6 17
6 18
5 18
4 18
4 17
5 17
5 18
4 18
4 19
3 19
4 19
4 20
3 20
3 21
3 22
3 21
2 21
1 21
1 22
1 23
1 24
1 25
1 26
1 25
0 25
1 25
0 25
1 25
0 25
0 24
1 24
1 23
2 23
3 23
3 24
3 25
3 26
3 27
2 27
3 27
3 26
2 26
1 26
0 26
1 26
1 25
1 24
0 24
0 25
1 25
0 25
0 26
0 25
0 26
0 25
0 24
1 24
2 24
2 25
3 25
2 25
2 24
2 25
3 25
2 25
2 26
1 26
2 26
2 27
1 27
1 28
2 28
1 28
2 28
2 29
3 29
3 30
3 31
3 32
3 31
2 31
3 31
2 31
3 31
3 32
3 33
3 34
2 34
2 33
2 32
2 33
2 32
1 32
2 32
3 32
3 31
2 31
1 31
2 31
3 31
3 32
3 33
3 34
2 34
2 33
3 33
3 32
3 31
4 31
4 32
4 31
4 30
3 30
2 30
1 30
1 31
2 31
3 31
3 30
4 30
4 31
4 32
4 31
5 31
5 30
4 30
4 31
4 30
5 30
6 30
5 30
4 30
4 31
5 31
6 31
6 30
7 30
7 29
7 28
7 27
7 26
7 25
6 25
7 25
7 26
6 26
6 27
7 27
6 27
6 26
5 26
6 26
5 26
5 25
4 25
4 26
4 25
3 25
3 24
2 24
2 23
2 22
3 22
3 21
3 22
3 21
3 22
2 22
3 22
3 21
2 21
2 20
2 19
2 18
2 17
2 16
1 16
2 16
2 15
3 15
4 15
5 15
6 15
6 16
6 17
6 18
7 18
6 18
7 18
6 18
7 18
8 18
8 19
9 19
9 20
9 21
8 21
8 20
8 19
7 19
8 19
7 19
7 18
7 17
8 17
7 17
8 17
9 17
9 18
9 19
9 18
9 19
10 19
11 19
10 19
11 19
10 19
11 19
12 19
13 19
12 19
12 18
12 17
13 17
13 18
13 17
14 17
15 17
15 18
15 17
15 16
16 16
16 15
17 15
16 15
16 16
17 16
17 17
16 17
17 17
16 17
17 17
16 17
17 17
16 17
16 18
16 19
16 18
16 17
16 18
16 17
16 16
16 17
15 17
14 17
14 16
14 17
14 18
13 18
12 18
11 18
12 18
12 17
13 17
14 17
14 16
13 16
13 15
14 15
15 15
15 16
16 16
16 17
15 17
14 17
13 17
14 17
14 18
14 19
14 20
14 21
14 20
14 19
14 18
13 18
13 17
14 17
14 16
14 17
14 16
13 16
13 15
12 15
12 16
13 16
13 15
13 16
13 17
13 16
13 15
14 15
13 15
13 14
13 13
13 14
14 14
13 14
13 13
12 13
12 14
13 14
12 14
12 13
12 14
11 14
11 15
11 16
10 16
10 15
9 15
9 16
9 17
8 17
7 17
7 16
7 15
6 15
5 15
4 15
