0 0
0 1
1 1
1 2
0 2
1 2
2 2
1 2
1 3
1 2
2 2
3 2
3 1
3 2
4 2
3 2
4 2
5 2
5 3
5 4
4 4
3 4
2 4
2 5
2 4
2 3
2 4
2 3
3 3
2 3
2 4
2 5
1 5
2 5
2 4
2 5
2 4
2 5
3 5
3 4
3 5
4 5
3 5
2 5
3 5
3 4
2 4
1 4
1 5
0 5
1 5
2 5
2 6
2 7
2 6
3 6
2 6
1 6
2 6
2 7
2 6
2 5
2 4
2 3
1 3
0 3
0 4
1 4
1 5
2 5
3 5
3 6
3 7
4 7
4 8
5 8
5 9
5 8
5 9
4 9
4 10
4 11
3 11
2 11
1 11
1 12
1 11
1 12
1 11
0 11
0 10
1 10
1 9
0 9
1 9
1 8
0 8
0 9
0 8
0 7
0 8
0 9
0 8
0 7
1 7
1 8
2 8
2 7
2 8
3 8
4 8
4 7
3 7
4 7
4 6
4 5
3 5
4 5
4 4
4 3
4 2
5 2
4 2
3 2
3 1
2 1
2 2
3 2
2 2
2 1
2 2
2 1
1 1
2 1
1 1
1 2
1 1
1 2
1 3
2 3
3 3
3 4
4 4
4 5
4 6
4 7
4 8
3 8
3 9
3 10
4 10
4 9
4 10
5 10
5 11
5 12
6 12
6 11
5 11
6 11
6 10
7 10
7 11
7 12
6 12
5 12
5 11
6 11
6 12
7 12
8 12
8 13
7 13
8 13
7 13
7 14
8 14
8 15
7 15
7 16
7 15
7 14
6 14
7 14
8 14
9 14
8 14
7 14
6 14
5 14
4 14
3 14
2 14
1 14
2 14
2 13
3 13
3 14
2 14
2 13
2 14
3 14
4 14
5 14
5 13
5 14
6 14
7 14
8 14
7 14
7 15
8 15
9 15
9 14
10 14
10 15
11 15
12 15
12 16
13 16
14 16
15 16
15 17
14 17
13 17
14 17
15 17
16 17
16 18
15 18
15 17
15 16
15 15
14 15
14 14
15 14
15 13
15 14
15 15
15 14
16 14
17 14
17 15
17 16
17 17
17 18
17 17
16 17
16 16
15 16
15 15
15 16
15 15
15 14
15 15
15 14
16 14
16 13
15 13
14 13
15 13
15 14
16 14
16 15
15 15
15 14
15 15
14 15
13 15
12 15
12 16
11 16
10 16
9 16
10 16
10 15
11 15
11 14
11 15
12 15
13 15
12 15
12 16
11 16
12 16
12 17
12 16
11 16
10 16
10 17
9 17
10 17
11 17
10 17
9 17
10 17
9 17
9 18
9 17
9 18
9 17
9 18
9 19
8 19
7 19
7 20
8 20
8 19
8 20
8 19
7 19
8 19
8 18
8 19
9 19
8 19
8 20
9 20
9 19
8 19
7 19
7 20
7 21
8 21
9 21
9 20
8 20
7 20
8 20
8 21
8 20
7 20
7 21
7 20
7 19
6 19
6 20
6 19
7 19
7 20
8 20
8 21
8 22
8 21
9 21
8 21
7 21
7 22
7 23
6 23
6 22
5 22
4 22
3 22
4 22
4 21
4 20
4 21
3 21
4 21
4 22
4 23
4 22
4 21
5 21
6 21
6 22
5 22
4 22
5 22
5 23
5 22
5 23
4 23
4 24
5 24
5 23
5 22
4 22
3 22
3 23
3 24
3 25
4 25
4 24
5 24
6 24
5 24
5 23
5 22
5 23
5 22
4 22
5 22
6 22
6 23
5 23
4 23
4 22
5 22
5 21
5 20
4 20
4 19
5 19
5 18
5 19
5 20
5 21
5 22
5 23
6 23
5 23
4 23
4 22
4 21
4 20
4 19
4 20
3 20
3 21
4 21
5 21
6 21
6 20
7 20
8 20
7 20
8 20
8 21
7 21
7 22
7 23
7 22
7 23
6 23
7 23
6 23
6 24
6 23
6 24
6 25
5 25
5 26
6 26
6 25
6 26
5 26
6 26
6 27
6 26
6 25
6 26
5 26
5 27
6 27
6 26
7 26
7 27
8 27
9 27
8 27
8 28
8 27
9 27
8 27
7 27
7 28
8 28
8 29
9 29
8 29
7 29
7 30
7 31
6 31
7 31
6 31
5 31
6 31
5 31
4 31
5 31
5 32
6 32
5 32
5 31
5 32
4 32
4 31
4 30
3 30
3 29
4 29
3 29
4 29
5 29
5 30
6 30
6 29
6 30
5 30
6 30
7 30
7 31
7 30
7 31
7 32
6 32
6 33
6 32
5 32
6 32
5 32
5 33
5 34
4 34
5 34
5 33
6 33
5 33
6 33
6 34
6 35
7 35
7 34
7 35
7 36
8 36
7 36
8 36
8 37
8 38
8 39
8 40
9 40
8 40
9 40
9 39
9 40
8 40
8 41
8 42
8 41
7 41
7 40
7 41
7 40
7 41
7 42
7 43
7 42
7 43
7 42
7 41
7 42
7 43
7 42
8 42
7 42
7 41
7 40
6 40
6 41
6 42
7 42
6 42
7 42
6 42
6 43
5 43
5 42
5 43
5 42
6 42
5 42
4 42
4 43
3 43
2 43
2 44
3 44
2 44
3 44
4 44
4 43
4 42
5 42
5 43
5 42
5 43
5 44
5 45
5 44
5 45
4 45
5 45
4 45
3 45
4 45
4 46
4 47
4 46
5 46
6 46
6 47
6 46
5 46
4 46
5 46
5 45
4 45
3 45
4 45
4 44
3 44
4 44
4 45
5 45
5 46
5 47
5 48
5 49
5 48
4 48
3 48
4 48
3 48
3 47
2 47
3 47
3 48
3 47
3 48
4 48
5 48
6 48
6 49
6 50
6 49
6 50
6 51
6 50
5 50
6 50
5 50
4 50
4 49
4 48
5 48
6 48
6 49
6 48
5 48
5 49
5 48
5 47
5 46
4 46
4 47
4 48
5 48
5 49
5 50
4 50
4 49
3 49
4 49
3 49
2 49
3 49
2 49
1 49
0 49
0 50
1 50
2 50
1 50
1 51
2 51
1 51
1 52
2 52
1 52
2 52
2 51
3 51
2 51
2 50
3 50
3 51
4 51
4 50
4 51
4 52
4 51
4 52
4 51
5 51
4 51
4 52
4 51
4 50
4 49
3 49
3 50
3 49
4 49
3 49
3 50
4 50
3 50
3 51
3 52
4 52
3 52
3 53
2 53
2 52
2 53
3 53
2 53
1 53
1 54
1 53
1 52
0 52
0 53
1 53
1 54
2 54
3 54
3 55
2 55
2 56
2 55
1 55
1 54
0 54
1 54
0 54
0 55
1 55
1 54
1 55
0 55
1 55
1 54
1 53
1 54
1 53
1 54
0 54
0 55
0 54
0 55
1 55
0 55
0 54
0 55
1 55
1 56
1 57
2 57
3 57
3 56
2 56
3 56
3 57
3 58
3 57
3 56
2 56
1 56
1 57
0 57
0 58
0 57
0 56
1 56
1 55
1 56
0 56
0 55
0 54
0 53
0 52
1 52
1 51
1 50
2 50
2 51
3 51
3 52
3 51
3 52
3 53
4 53
3 53
3 52
3 51
2 51
2 52
2 51
1 51
0 51
1 51
1 50
1 51
1 50
2 50
3 50
4 50
4 51
4 50
4 49
4 48
4 47
5 47
5 46
5 47
5 46
4 46
4 47
3 47
3 46
3 45
3 46
2 46
1 46
0 46
0 45
0 44
0 45
1 45
0 45
1 45
1 44
2 44
2 45
2 46
2 45
2 46
2 45
1 45
1 44
0 44
0 43
1 43
1 42
2 42
1 42
2 42
2 43
1 43
2 43
1 43
1 44
1 45
1 46
0 46
1 46
1 45
1 44
0 44
0 45
1 45
0 45
1 45
2 45
2 46
2 47
2 48
3 48
2 48
3 48
3 47
3 48
3 47
2 47
3 47
2 47
1 47
0 47
1 47
0 47
0 48
0 49
1 49
1 50
0 50
0 51
1 51
0 51
1 51
1 50
2 50
1 50
1 49
1 48
1 49
1 50
1 51
1 52
2 52
2 51
2 50
2 49
1 49
0 49
0 50
1 50
1 51
0 51
0 50
0 49
0 48
0 49
1 49
2 49
1 49
1 48
1 49
2 49
1 49
2 49
2 48
2 47
1 47
0 47
1 47
1 46
0 46
0 45
1 45
2 45
1 45
1 46
1 45
0 45
1 45
2 45
2 44
2 43
1 43
0 43
1 43
1 44
1 43
2 43
3 43
4 43
5 43
4 43
3 43
3 42
4 42
5 42
5 43
5 42
5 41
4 41
5 41
5 42
6 42
7 42
7 41
7 40
7 41
7 42
7 43
7 42
8 42
8 41
7 41
7 42
7 41
7 42
7 41
7 42
7 43
7 42
7 43
8 43
7 43
7 44
8 44
8 45
8 46
8 45
9 45
9 46
8 46
8 47
9 47
10 47
10 46
10 45
10 46
9 46
