0 0
0 1
1 1
0 1
0 2
0 1
1 1
2 1
3 1
3 2
2 2
1 2
1 1
1 2
0 2
0 3
1 3
1 2
1 1
1 2
0 2
1 2
2 2
3 2
3 1
4 1
4 2
5 2
4 2
5 2
4 2
4 3
5 3
6 3
6 4
6 5
6 4
6 3
6 2
5 2
5 3
6 3
5 3
5 4
5 3
4 3
4 2
4 1
5 1
4 1
4 0
4 1
5 1
5 2
5 1
6 1
6 2
7 2
7 3
8 3
9 3
9 2
9 1
8 1
7 1
6 1
6 2
7 2
7 1
8 1
8 2
8 3
7 3
7 4
6 4
5 4
5 5
5 4
6 4
7 4
8 4
8 5
7 5
6 5
7 5
7 6
8 6
8 5
8 6
8 7
8 8
8 7
9 7
9 6
10 6
9 6
9 7
10 7
11 7
11 6
11 5
10 5
11 5
11 6
11 5
10 5
10 6
10 5
10 4
10 3
9 3
9 2
9 3
10 3
10 4
10 5
9 5
10 5
11 5
10 5
9 5
9 4
9 3
8 3
8 2
8 3
9 3
10 3
10 2
9 2
9 3
9 2
9 3
10 3
10 2
10 3
9 3
9 2
9 1
9 0
9 1
10 1
11 1
11 2
12 2
12 3
11 3
11 2
12 2
13 2
14 2
13 2
12 2
12 1
13 1
12 1
12 2
12 1
11 1
11 2
11 1
11 0
11 1
11 0
12 0
13 0
14 0
14 1
13 1
13 2
12 2
12 1
11 1
10 1
10 0
10 1
10 0
10 1
11 1
12 1
11 1
12 1
12 2
12 1
13 1
13 2
12 2
11 2
11 3
12 3
12 4
12 3
12 4
11 4
11 5
11 4
11 5
11 6
11 5
11 6
10 6
10 5
10 4
10 5
9 5
10 5
10 6
10 5
11 5
12 5
12 6
11 6
11 7
11 8
10 8
10 9
11 9
12 9
13 9
13 10
13 9
12 9
12 10
12 11
12 12
11 12
12 12
11 12
11 11
10 11
10 12
10 13
11 13
11 12
10 12
11 12
11 13
11 14
11 15
10 15
10 16
11 16
10 16
11 16
10 16
11 16
11 17
11 18
10 18
11 18
10 18
11 18
12 18
12 19
13 19
14 19
15 19
15 20
15 21
15 20
16 20
16 21
15 21
15 22
15 21
15 20
14 20
15 20
15 19
15 20
14 20
14 21
14 22
14 23
14 22
14 23
14 24
14 23
14 22
14 23
14 22
14 23
13 23
14 23
15 23
16 23
15 23
14 23
15 23
15 22
16 22
15 22
14 22
15 22
15 21
14 21
13 21
14 21
13 21
13 22
14 22
13 22
13 23
13 22
12 22
12 21
12 20
12 19
12 18
12 17
12 16
11 16
11 15
11 14
12 14
13 14
13 15
12 15
12 14
11 14
11 13
10 13
10 14
9 14
9 15
8 15
9 15
10 15
10 14
11 14
11 15
11 16
11 15
10 15
11 15
10 15
10 16
11 16
10 16
10 15
10 16
10 17
9 17
8 17
9 17
9 18
8 18
8 17
8 16
9 16
9 17
9 16
9 15
10 15
10 16
10 17
11 17
11 16
11 15
12 15
13 15
14 15
13 15
13 16
13 15
12 15
12 16
12 15
13 15
12 15
12 14
12 13
11 13
11 14
10 14
9 14
9 15
9 14
9 13
8 13
7 13
7 12
6 12
6 13
6 12
5 12
5 11
6 11
6 12
7 12
7 11
7 12
7 11
7 12
7 13
8 13
9 13
9 12
9 11
9 10
9 9
10 9
10 8
9 8
9 7
10 7
10 6
10 5
10 4
10 5
9 5
9 6
9 7
9 8
10 8
10 9
9 9
8 9
9 9
10 9
9 9
10 9
9 9
8 9
8 10
7 10
7 9
7 8
8 8
9 8
9 7
10 7
9 7
9 8
9 9
9 10
9 11
9 12
8 12
9 12
8 12
8 11
9 11
9 10
8 10
9 10
9 9
9 10
8 10
7 10
6 10
7 10
7 9
6 9
6 10
5 10
6 10
5 10
6 10
6 9
6 10
6 11
6 10
6 11
6 12
7 12
6 12
6 11
7 11
6 11
6 12
6 11
5 11
5 12
6 12
6 13
6 14
7 14
7 13
7 12
8 12
9 12
10 12
10 13
11 13
11 12
12 12
13 12
14 12
13 12
14 12
14 13
14 12
13 12
13 13
13 12
13 13
13 14
14 14
14 15
14 16
14 15
14 14
14 13
14 12
15 12
14 12
13 12
13 13
13 14
14 14
13 14
13 13
14 13
13 13
14 13
14 12
15 12
14 12
13 12
12 12
11 12
10 12
10 11
10 12
10 11
9 11
9 12
9 13
9 12
9 13
10 13
10 12
11 12
11 11
11 12
12 12
13 12
12 12
12 11
13 11
12 11
13 11
14 11
14 10
13 10
13 9
13 10
13 9
13 10
14 10
14 9
13 9
13 8
14 8
15 8
14 8
14 7
14 8
13 8
12 8
13 8
12 8
12 9
12 8
12 7
13 7
13 6
14 6
14 7
14 6
14 7
14 6
15 6
15 7
15 8
15 9
16 9
17 9
16 9
16 10
17 10
17 11
17 12
18 12
17 12
16 12
16 13
17 13
17 14
16 14
17 14
17 15
17 14
18 14
19 14
19 15
19 16
19 15
18 15
18 16
19 16
19 15
20 15
20 16
19 16
18 16
18 15
18 16
19 16
20 16
19 16
19 17
19 18
19 19
19 20
19 21
18 21
19 21
19 20
20 20
20 21
19 21
18 21
18 20
19 20
18 20
18 19
18 20
19 20
19 21
20 21
21 21
21 22
21 23
21 24
21 25
22 25
22 26
21 26
21 25
21 24
22 24
22 23
22 24
22 23
22 22
23 22
23 23
24 23
25 23
24 23
24 24
24 23
25 23
25 22
25 21
25 20
25 19
24 19
25 19
25 20
25 19
26 19
27 19
28 19
29 19
28 19
28 20
28 19
28 20
28 21
29 21
30 21
30 22
30 23
31 23
32 23
32 22
33 22
32 22
31 22
31 21
32 21
32 20
31 20
31 19
32 19
31 19
31 20
30 20
30 21
30 20
29 20
29 19
30 19
30 20
30 19
31 19
31 20
31 21
31 20
31 21
31 20
32 20
32 19
32 20
33 20
34 20
35 20
35 21
36 21
36 20
35 20
36 20
36 19
35 19
34 19
33 19
34 19
35 19
35 20
35 21
36 21
35 21
35 20
35 19
36 19
37 19
37 20
37 21
36 21
37 21
38 21
39 21
39 22
39 21
38 21
38 20
38 21
39 21
40 21
40 20
39 20
39 19
39 18
40 18
40 19
40 18
41 18
41 19
40 19
39 19
39 20
40 20
39 20
40 20
39 20
38 20
37 20
37 21
38 21
37 21
37 22
37 21
37 20
37 21
36 21
36 20
35 20
35 19
35 20
36 20
37 20
36 20
37 20
37 19
36 19
36 18
36 19
37 19
36 19
35 19
35 20
36 20
36 21
36 20
36 19
36 18
35 18
35 17
35 18
34 18
35 18
34 18
33 18
33 19
33 18
32 18
32 19
32 20
32 19
31 19
31 18
31 19
30 19
29 19
30 19
29 19
28 19
29 19
30 19
30 20
30 19
30 20
29 20
29 19
29 18
29 19
29 20
29 19
29 20
30 20
31 20
32 20
33 20
33 21
34 21
34 20
33 20
33 21
33 20
34 20
34 21
34 22
35 22
36 22
35 22
35 21
34 21
33 21
33 22
34 22
34 23
34 22
35 22
35 23
34 23
33 23
32 23
32 22
31 22
31 23
32 23
32 24
33 24
34 24
34 23
35 23
36 23
35 23
35 24
34 24
33 24
32 24
31 24
31 25
32 25
31 25
30 25
29 25
28 25
28 26
27 26
27 25
27 24
28 24
28 23
29 23
29 22
28 22
28 21
29 21
29 22
29 23
28 23
28 24
28 23
28 24
28 23
28 24
28 25
29 25
29 24
29 23
28 23
28 24
28 25
27 25
28 25
29 25
28 25
29 25
30 25
29 25
29 26
29 25
28 25
28 24
29 24
29 25
29 26
28 26
28 27
28 26
29 26
30 26
29 26
28 26
27 26
28 26
29 26
29 27
30 27
31 27
30 27
30 28
30 29
30 28
29 28
29 27
29 26
29 27
28 27
29 27
28 27
28 26
28 25
27 25
27 26
28 26
27 26
26 26
26 27
26 28
26 27
26 28
25 28
25 29
25 30
26 30
27 30
26 30
25 30
24 30
24 31
24 30
24 31
23 31
24 31
24 30
24 31
24 32
24 31
23 31
22 31
23 31
23 32
24 32
23 32
24 32
23 32
22 32
23 32
22 32
22 33
23 33
23 32
23 31
23 32
22 32
22 31
22 30
22 29
22 30
23 30
24 30
24 31
23 31
22 31
22 30
22 31
23 31
24 31
25 31
25 30
26 30
25 30
26 30
26 31
