0 0
1 0
2 0
1 0
0 0
0 1
1 1
1 0
1 1
0 1
0 2
1 2
1 3
0 3
0 2
0 1
0 2
1 2
2 2
2 1
2 0
3 0
3 1
2 1
3 1
4 1
3 1
3 0
4 0
4 1
5 1
4 1
4 2
4 1
5 1
6 1
6 0
7 0
7 1
7 0
8 0
8 1
9 1
9 2
10 2
10 1
10 0
10 1
10 0
10 1
10 2
9 2
8 2
8 1
9 1
9 2
9 3
9 2
8 2
8 1
8 0
8 1
8 0
7 0
7 1
7 2
7 1
8 1
7 1
8 1
8 0
8 1
9 1
9 0
8 0
8 1
8 0
8 1
7 1
7 0
8 0
9 0
9 1
10 1
10 0
10 1
9 1
9 2
9 1
8 1
7 1
8 1
9 1
9 2
8 2
9 2
8 2
9 2
10 2
10 3
9 3
8 3
9 3
9 4
9 3
10 3
10 4
11 4
11 3
11 4
11 5
12 5
12 4
12 5
12 6
13 6
13 7
12 7
11 7
11 6
11 5
11 4
12 4
12 5
13 5
13 6
13 5
14 5
15 5
15 4
16 4
15 4
16 4
16 3
15 3
16 3
15 3
16 3
15 3
15 2
15 3
15 4
15 3
14 3
13 3
13 4
12 4
12 3
11 3
12 3
13 3
13 2
13 1
13 0
13 1
14 1
14 2
14 1
13 1
13 0
13 1
13 0
13 1
13 2
13 1
14 1
15 1
14 1
14 2
14 1
14 0
15 0
15 1
15 0
15 1
15 2
15 1
15 0
16 0
15 0
14 0
14 1
15 1
15 0
15 1
15 0
15 1
14 1
13 1
13 0
13 1
13 0
13 1
13 2
13 1
13 2
12 2
12 1
11 1
10 1
10 2
10 1
11 1
11 0
11 1
11 2
11 1
11 0
10 0
9 0
10 0
10 1
9 1
9 2
10 2
11 2
11 3
10 3
10 4
9 4
9 5
8 5
7 5
7 6
7 7
7 8
8 8
8 7
8 6
8 5
7 5
8 5
7 5
6 5
5 5
5 6
5 5
5 6
5 7
5 6
5 5
6 5
7 5
8 5
8 6
9 6
9 7
9 6
9 7
9 6
9 7
8 7
7 7
8 7
8 8
7 8
6 8
6 9
5 9
5 10
5 11
5 12
4 12
5 12
6 12
7 12
6 12
6 11
5 11
5 10
5 11
5 10
5 11
5 12
5 13
5 12
5 13
5 12
6 12
6 11
6 12
6 11
6 12
6 13
5 13
5 12
5 13
5 14
4 14
3 14
3 15
3 14
4 14
3 14
3 15
3 16
4 16
4 17
4 16
4 17
4 16
4 17
4 16
5 16
5 15
5 16
6 16
6 17
5 17
4 17
4 16
3 16
3 17
3 16
3 15
4 15
5 15
5 16
6 16
6 17
5 17
6 17
7 17
6 17
5 17
6 17
6 16
5 16
5 17
5 16
5 15
6 15
6 14
6 15
6 14
7 14
8 14
8 15
8 16
7 16
7 15
7 16
7 17
6 17
5 17
4 17
3 17
3 16
3 17
3 16
3 15
3 16
3 15
4 15
3 15
2 15
2 16
3 16
3 15
4 15
3 15
2 15
3 15
2 15
2 14
2 15
3 15
3 14
3 15
2 15
1 15
1 14
1 15
0 15
1 15
1 14
2 14
1 14
0 14
1 14
0 14
1 14
2 14
3 14
2 14
1 14
2 14
1 14
2 14
1 14
0 14
0 15
0 16
1 16
2 16
2 17
2 18
2 19
3 19
3 18
2 18
3 18
3 19
3 18
3 19
4 19
4 20
5 20
6 20
7 20
7 21
8 21
9 21
10 21
10 22
10 21
10 22
11 22
11 21
11 22
11 21
10 21
9 21
9 20
9 19
10 19
9 19
8 19
8 18
8 17
8 16
8 17
8 18
8 19
8 18
7 18
7 19
7 20
7 19
7 18
7 17
8 17
8 16
8 17
9 17
9 16
9 15
10 15
11 15
12 15
13 15
14 15
14 14
14 13
14 14
15 14
16 14
16 13
17 13
16 13
16 12
17 12
18 12
17 12
18 12
18 11
18 12
17 12
17 13
18 13
17 13
17 14
18 14
18 15
17 15
17 16
17 17
18 17
19 17
18 17
19 17
18 17
18 18
17 18
16 18
16 17
15 17
15 16
15 15
16 15
16 16
16 17
15 17
16 17
15 17
14 17
15 17
15 18
15 17
16 17
16 18
16 19
15 19
15 18
15 17
15 18
16 18
16 17
17 17
17 18
18 18
18 19
18 20
17 20
18 20
17 20
17 21
17 22
18 22
18 23
18 24
17 24
17 25
18 25
19 25
19 24
18 24
18 23
17 23
17 24
17 25
16 25
16 26
16 27
16 26
15 26
14 26
14 27
14 28
14 27
14 28
14 29
13 29
14 29
14 28
13 28
13 29
13 30
14 30
15 30
16 30
16 31
16 32
15 32
14 32
14 31
15 31
14 31
15 31
15 30
15 29
15 30
15 31
16 31
16 30
15 30
14 30
14 29
15 29
15 28
16 28
17 28
17 29
17 28
17 29
17 30
17 31
18 31
18 30
18 31
18 32
19 32
20 32
20 33
20 32
21 32
20 32
19 32
19 31
18 31
18 32
17 32
16 32
15 32
15 33
15 32
15 33
15 32
15 33
14 33
15 33
15 32
16 32
17 32
16 32
16 33
16 32
15 32
14 32
14 31
14 30
14 29
13 29
13 30
13 29
13 28
13 29
14 29
15 29
16 29
16 30
17 30
16 30
16 31
15 31
14 31
14 32
13 32
13 31
13 32
14 32
13 32
13 33
14 33
13 33
13 32
13 31
14 31
13 31
12 31
12 30
13 30
13 29
13 30
12 30
12 29
13 29
13 30
12 30
13 30
14 30
14 29
14 28
15 28
15 29
15 28
15 27
15 28
16 28
16 29
16 30
17 30
17 29
16 29
15 29
15 28
15 29
15 30
16 30
16 31
17 31
16 31
16 30
15 30
15 31
15 30
16 30
15 30
15 31
14 31
15 31
15 32
15 31
15 32
14 32
14 31
14 30
13 30
13 31
13 32
13 31
12 31
12 32
12 31
13 31
13 32
14 32
14 31
14 30
14 29
15 29
15 30
16 30
16 29
15 29
16 29
16 30
17 30
17 29
18 29
18 30
18 31
18 30
18 31
17 31
16 31
15 31
16 31
15 31
15 30
14 30
14 31
13 31
12 31
11 31
11 30
11 29
12 29
12 30
11 30
12 30
13 30
12 30
12 31
13 31
13 32
12 32
12 31
12 32
12 33
13 33
13 34
14 34
14 35
14 34
13 34
13 33
13 32
12 32
12 31
13 31
13 32
14 32
14 31
13 31
13 32
14 32
13 32
13 31
14 31
15 31
14 31
14 32
15 32
16 32
16 31
17 31
17 32
18 32
18 31
19 31
20 31
21 31
21 32
22 32
21 32
21 33
21 34
20 34
20 35
19 35
19 36
20 36
20 37
21 37
21 36
21 35
22 35
22 34
22 35
22 34
22 33
22 32
22 33
23 33
23 34
23 33
23 32
24 32
23 32
23 31
24 31
24 32
24 33
24 32
25 32
26 32
26 33
26 34
25 34
24 34
25 34
26 34
26 35
26 34
27 34
27 35
26 35
25 35
24 35
24 34
25 34
25 35
24 35
25 35
25 36
25 35
26 35
26 36
27 36
28 36
29 36
29 37
28 37
29 37
30 37
30 36
30 35
30 36
30 37
31 37
32 37
31 37
31 36
30 36
30 37
30 38
31 38
31 39
30 39
29 39
29 40
29 41
29 42
29 43
29 42
29 41
30 41
30 42
31 42
30 42
30 41
30 42
31 42
31 41
32 41
31 41
31 40
32 40
33 40
32 40
32 39
33 39
33 40
32 40
32 39
33 39
34 39
35 39
34 39
34 40
35 40
35 39
34 39
34 38
33 38
32 38
31 38
30 38
30 37
30 38
30 39
31 39
31 38
32 38
33 38
33 37
34 37
34 36
35 36
36 36
37 36
37 35
37 34
37 33
36 33
37 33
36 33
36 34
37 34
37 33
37 34
38 34
39 34
40 34
40 33
40 34
39 34
38 34
39 34
39 33
38 33
38 34
39 34
39 33
39 32
38 32
38 33
38 34
39 34
38 34
38 35
37 35
37 34
37 35
38 35
38 36
38 35
38 34
39 34
38 34
38 33
39 33
39 34
39 35
38 35
38 36
39 36
39 37
40 37
40 38
41 38
42 38
42 37
42 36
41 36
42 36
43 36
42 36
41 36
42 36
43 36
44 36
44 35
44 36
44 35
43 35
43 36
42 36
42 37
42 36
43 36
42 36
42 37
42 36
41 36
41 37
41 38
41 39
41 38
41 37
42 37
42 36
43 36
43 37
43 36
43 37
43 38
44 38
44 39
45 39
44 39
44 40
45 40
45 41
44 41
45 41
45 42
44 42
44 43
