0 0
1 0
2 0
2 1
3 1
4 1
4 2
4 1
4 0
4 1
4 0
4 1
4 0
5 0
4 0
4 1
4 0
4 1
3 1
4 1
5 1
5 0
4 0
4 1
5 1
6 1
7 1
7 0
7 1
6 1
6 0
6 1
6 2
6 3
6 4
7 4
8 4
8 5
9 5
9 6
9 7
10 7
11 7
10 7
10 6
10 7
10 8
10 7
10 8
10 9
11 9
11 8
11 9
11 10
10 10
9 10
9 9
9 10
9 11
9 10
9 9
8 9
8 8
9 8
9 9
9 8
10 8
11 8
12 8
13 8
13 7
13 6
12 6
12 5
12 4
12 5
12 6
11 6
12 6
12 5
11 5
11 6
11 7
11 8
12 8
13 8
14 8
14 7
13 7
13 6
12 6
11 6
10 6
9 6
9 5
8 5
8 6
8 7
8 8
7 8
6 8
7 8
7 7
6 7
6 8
6 9
6 10
7 10
7 9
7 10
7 11
7 10
7 11
7 10
7 11
8 11
9 11
10 11
10 12
11 12
12 12
11 12
11 13
10 13
10 12
10 13
11 13
11 14
10 14
9 14
9 15
9 14
9 13
10 13
9 13
8 13
8 14
7 14
7 13
7 14
7 13
7 12
8 12
9 12
10 12
10 11
11 11
10 11
10 12
10 11
11 11
11 12
11 13
12 13
12 14
12 13
12 14
13 14
13 13
13 14
14 14
13 14
13 15
13 16
13 17
12 17
11 17
11 18
10 18
11 18
11 19
11 20
12 20
11 20
10 20
10 21
10 22
9 22
10 22
10 21
11 21
12 21
11 21
10 21
10 22
11 22
11 23
11 22
11 23
11 24
11 23
10 23
11 23
11 24
12 24
12 25
11 25
10 25
11 25
11 26
11 27
10 27
11 27
11 28
11 29
10 29
10 30
11 30
10 30
10 31
10 32
9 32
8 32
7 32
8 32
8 31
8 30
7 30
7 31
6 31
6 30
7 30
8 30
8 29
7 29
7 28
7 27
7 26
8 26
8 25
7 25
8 25
7 25
6 25
7 25
7 24
6 24
6 25
6 26
7 26
7 27
8 27
8 28
8 27
8 28
8 27
8 28
9 28
8 28
7 28
7 29
8 29
9 29
9 30
9 31
8 31
7 31
7 32
7 33
7 32
6 32
5 32
5 31
5 32
6 32
6 33
5 33
6 33
6 34
6 35
5 35
6 35
7 35
7 36
6 36
7 36
7 35
7 36
8 36
9 36
9 37
8 37
7 37
7 36
7 35
7 34
6 34
7 34
7 35
7 36
7 37
8 37
8 36
8 37
9 37
9 36
9 37
8 37
8 38
9 38
9 39
9 40
9 39
8 39
7 39
7 40
6 40
7 40
7 39
6 39
6 38
6 37
6 36
7 36
7 35
8 35
7 35
7 34
7 35
6 35
7 35
7 34
6 34
5 34
4 34
4 35
4 34
4 35
5 35
4 35
4 34
3 34
2 34
1 34
2 34
1 34
2 34
2 33
1 33
1 32
1 33
1 32
2 32
3 32
2 32
2 31
3 31
2 31
2 32
2 33
2 34
1 34
2 34
2 33
2 34
1 34
0 34
0 33
1 33
1 34
1 35
1 34
0 34
1 34
1 33
1 34
2 34
1 34
0 34
1 34
1 33
2 33
2 34
3 34
2 34
2 35
3 35
3 34
3 35
2 35
2 34
2 35
3 35
3 34
3 35
2 35
2 36
2 35
2 34
2 33
1 33
2 33
3 33
2 33
2 32
2 33
1 33
1 34
0 34
0 33
0 32
0 33
0 32
0 33
0 32
1 32
0 32
0 31
1 31
2 31
2 30
1 30
0 30
1 30
1 31
1 32
1 31
0 31
0 30
1 30
2 30
3 30
4 30
5 30
5 31
6 31
5 31
5 30
6 30
6 31
5 31
4 31
4 30
5 30
5 29
5 30
4 30
5 30
4 30
4 29
4 30
3 30
2 30
2 29
2 28
2 29
2 30
3 30
3 31
2 31
1 31
1 30
1 29
2 29
2 28
3 28
3 27
2 27
1 27
1 28
1 29
1 28
1 27
2 27
2 26
2 27
1 27
0 27
0 26
1 26
2 26
2 25
1 25
1 26
1 27
2 27
2 26
3 26
2 26
1 26
1 25
2 25
2 26
3 26
3 25
4 25
5 25
5 26
5 25
5 26
5 25
5 24
4 24
5 24
5 25
4 25
4 24
4 25
5 25
5 24
6 24
5 24
5 25
5 24
5 25
5 24
5 23
5 22
5 23
5 24
5 25
5 24
6 24
6 25
6 24
5 24
6 24
6 23
6 24
6 25
5 25
6 25
7 25
8 25
8 24
7 24
7 23
7 22
6 22
6 23
5 23
4 23
3 23
3 24
2 24
1 24
2 24
1 24
1 23
0 23
1 23
1 22
1 23
2 23
2 22
3 22
2 22
1 22
0 22
1 22
0 22
1 22
1 23
2 23
3 23
3 22
3 23
2 23
2 22
2 23
2 24
1 24
2 24
3 24
3 23
3 24
3 23
3 24
4 24
4 23
3 23
3 24
3 25
3 26
4 26
4 27
5 27
4 27
3 27
2 27
2 26
2 27
3 27
3 28
3 29
3 30
2 30
2 31
2 32
2 33
1 33
1 32
1 33
1 34
1 33
0 33
1 33
2 33
1 33
0 33
1 33
0 33
1 33
1 32
2 32
2 31
2 30
1 30
2 30
2 31
3 31
3 32
2 32
2 31
2 30
2 29
3 29
4 29
4 30
3 30
3 31
3 32
3 33
3 34
2 34
2 35
2 36
1 36
1 35
2 35
2 36
2 35
3 35
4 35
4 36
5 36
6 36
6 37
6 38
5 38
4 38
4 37
3 37
3 38
3 39
3 40
4 40
4 41
5 41
6 41
6 40
6 41
5 41
5 40
5 39
5 38
6 38
6 39
7 39
7 38
6 38
6 39
5 39
5 40
6 40
6 41
6 42
5 42
5 41
5 42
5 41
5 40
4 40
3 40
3 39
3 40
3 41
4 41
4 40
5 40
5 41
5 42
4 42
3 42
2 42
3 42
4 42
3 42
4 42
5 42
4 42
4 43
3 43
2 43
2 42
2 43
2 42
3 42
4 42
4 41
4 42
3 42
4 42
3 42
2 42
2 41
3 41
2 41
1 41
2 41
3 41
3 42
3 43
3 44
4 44
5 44
6 44
5 44
6 44
6 45
6 44
6 43
7 43
7 42
8 42
9 42
9 41
10 41
10 40
10 41
9 41
9 40
8 40
8 41
9 41
10 41
11 41
11 42
11 41
12 41
12 40
12 39
11 39
10 39
10 38
10 37
10 36
11 36
12 36
12 37
12 38
13 38
14 38
14 37
14 38
14 37
14 36
15 36
16 36
16 37
16 38
16 39
16 40
15 40
15 39
14 39
15 39
15 38
16 38
16 39
17 39
17 40
17 39
17 38
16 38
17 38
17 37
16 37
16 38
16 37
17 37
17 38
18 38
19 38
20 38
20 37
20 36
21 36
20 36
20 37
20 36
20 37
19 37
19 38
19 39
20 39
20 40
20 41
20 42
20 41
21 41
21 40
20 40
21 40
20 40
20 39
19 39
19 38
20 38
20 37
20 36
20 37
21 37
22 37
23 37
22 37
21 37
22 37
23 37
24 37
24 36
24 37
24 38
24 37
23 37
23 36
24 36
24 35
23 35
23 36
23 35
23 34
23 33
22 33
23 33
22 33
23 33
23 34
22 34
21 34
21 35
20 35
19 35
19 34
19 33
20 33
19 33
18 33
19 33
19 32
19 31
20 31
21 31
21 32
22 32
22 33
23 33
23 32
24 32
25 32
26 32
26 31
26 30
26 29
27 29
26 29
25 29
25 30
26 30
27 30
27 29
27 28
27 29
27 30
27 29
27 28
26 28
27 28
26 28
25 28
24 28
24 29
24 28
25 28
26 28
25 28
25 29
25 30
24 30
25 30
26 30
26 31
27 31
27 32
27 33
27 34
26 34
26 33
26 32
26 33
27 33
27 34
28 34
29 34
30 34
31 34
32 34
33 34
33 35
32 35
32 36
31 36
31 35
32 35
33 35
33 36
34 36
33 36
33 35
33 36
33 35
33 34
32 34
32 35
32 36
31 36
31 35
31 36
32 36
32 37
32 36
31 36
31 35
31 36
30 36
30 37
31 37
31 38
30 38
30 39
29 39
29 38
30 38
30 37
30 36
30 37
30 38
30 39
29 39
29 40
30 40
30 41
30 42
30 41
29 41
30 41
30 42
30 43
30 42
29 42
30 42
29 42
28 42
27 42
26 42
26 43
25 43
26 43
26 44
25 44
25 43
26 43
27 43
27 44
26 44
26 43
25 43
25 44
25 45
25 44
25 43
25 44
26 44
25 44
25 43
25 44
25 43
24 43
24 42
23 42
23 41
23 40
22 40
22 41
21 41
21 42
22 42
21 42
20 42
19 42
