0 0
0 1
1 1
0 1
0 0
1 0
1 1
0 1
0 2
1 2
1 1
1 2
1 3
1 4
0 4
0 5
0 6
0 7
0 6
1 6
1 7
1 8
1 7
0 7
1 7
1 8
2 8
2 9
1 9
1 10
1 11
2 11
3 11
4 11
4 12
5 12
6 12
5 12
6 12
6 11
6 12
6 13
5 13
4 13
4 12
4 13
5 13
5 12
5 13
6 13
5 13
6 13
7 13
7 12
6 12
7 12
8 12
8 13
7 13
7 14
8 14
7 14
6 14
6 15
7 15
6 15
5 15
4 15
4 14
4 15
4 16
3 16
2 16
3 16
3 17
3 18
4 18
4 17
4 18
4 17
5 17
5 18
4 18
5 18
4 18
5 18
5 17
4 17
4 16
4 17
4 18
5 18
4 18
4 19
4 18
3 18
2 18
2 19
1 19
2 19
1 19
1 18
2 18
2 17
2 18
3 18
3 19
3 20
3 19
2 19
1 19
0 19
1 19
0 19
0 18
1 18
0 18
1 18
2 18
1 18
2 18
3 18
2 18
2 19
3 19
4 19
4 20
4 19
4 18
5 18
4 18
5 18
4 18
3 18
2 18
3 18
2 18
3 18
3 19
4 19
4 20
5 20
5 21
6 21
6 20
7 20
7 19
7 18
6 18
7 18
7 19
7 20
7 19
6 19
7 19
7 18
7 17
7 18
7 17
8 17
7 17
7 18
7 17
7 16
6 16
5 16
6 16
5 16
6 16
5 16
5 15
5 14
4 14
4 13
4 12
5 12
4 12
4 11
4 10
4 11
3 11
3 12
3 13
3 12
3 11
3 12
3 11
3 12
3 11
2 11
2 12
2 13
3 13
2 13
2 14
2 13
2 12
2 13
2 14
2 15
2 16
3 16
4 16
3 16
3 15
2 15
2 16
1 16
1 17
1 18
2 18
3 18
4 18
3 18
4 18
4 17
4 16
4 17
4 16
4 17
4 16
4 17
4 18
5 18
6 18
6 19
6 18
5 18
4 18
4 19
5 19
4 19
4 18
5 18
4 18
4 17
3 17
3 16
4 16
4 15
4 14
4 13
4 14
5 14
5 13
5 12
5 13
5 12
5 11
5 10
5 11
4 11
4 10
4 11
3 11
2 11
2 12
1 12
2 12
2 13
2 12
2 13
1 13
1 14
1 15
0 15
0 14
1 14
0 14
1 14
2 14
2 13
2 14
3 14
3 15
2 15
3 15
4 15
3 15
3 16
3 15
2 15
2 16
3 16
4 16
3 16
4 16
4 17
4 16
4 15
5 15
6 15
7 15
6 15
6 16
5 16
6 16
6 17
6 18
5 18
5 19
4 19
5 19
4 19
4 20
4 21
4 20
3 20
4 20
5 20
4 20
3 20
4 20
5 20
5 19
5 20
6 20
6 21
7 21
8 21
8 20
7 20
6 20
6 21
6 22
6 23
6 22
7 22
6 22
5 22
5 23
4 23
4 24
5 24
6 24
5 24
5 25
5 26
5 27
5 26
5 25
5 24
4 24
5 24
4 24
5 24
6 24
6 25
6 26
5 26
5 27
6 27
6 26
7 26
7 25
7 24
7 23
8 23
8 22
8 23
7 23
7 24
7 25
8 25
8 24
8 23
7 23
6 23
6 24
6 25
7 25
7 24
8 24
9 24
9 23
9 22
8 22
8 23
7 23
6 23
6 22
5 22
6 22
5 22
5 23
5 24
4 24
3 24
3 23
3 24
3 25
2 25
1 25
1 26
1 27
1 28
1 29
0 29
0 30
1 30
0 30
1 30
1 31
0 31
1 31
0 31
1 31
1 30
2 30
2 31
2 30
1 30
1 31
1 32
2 32
2 33
1 33
0 33
0 34
1 34
0 34
1 34
1 33
0 33
0 34
1 34
0 34
1 34
1 33
0 33
1 33
2 33
3 33
3 34
4 34
3 34
2 34
3 34
3 33
3 34
3 33
4 33
4 34
3 34
2 34
2 33
2 34
1 34
2 34
2 33
1 33
1 32
1 33
1 34
0 34
1 34
1 33
2 33
3 33
4 33
3 33
3 34
2 34
1 34
1 35
0 35
1 35
0 35
0 36
1 36
0 36
1 36
2 36
3 36
3 37
3 38
4 38
5 38
5 37
6 37
7 37
8 37
7 37
7 38
8 38
7 38
8 38
7 38
7 37
7 36
7 37
6 37
7 37
6 37
6 38
6 39
6 38
7 38
7 39
8 39
9 39
8 39
8 38
7 38
8 38
7 38
6 38
6 39
6 38
6 37
5 37
5 38
6 38
6 37
6 36
6 35
5 35
6 35
6 34
6 33
7 33
6 33
7 33
7 34
7 33
6 33
6 34
5 34
5 35
5 34
5 35
5 34
5 33
4 33
5 33
5 32
6 32
5 32
5 33
4 33
4 34
3 34
3 33
2 33
3 33
2 33
2 32
1 32
0 32
1 32
1 33
1 32
1 31
2 31
1 31
1 32
0 32
0 33
1 33
0 33
1 33
2 33
2 34
3 34
3 35
2 35
1 35
1 34
1 35
1 34
1 33
2 33
3 33
3 34
3 35
4 35
5 35
5 34
6 34
6 35
6 36
5 36
5 35
5 34
5 35
4 35
4 34
5 34
5 35
5 36
5 35
5 36
5 37
4 37
5 37
6 37
5 37
6 37
6 36
7 36
6 36
7 36
8 36
7 36
8 36
7 36
7 37
7 36
7 37
7 36
7 35
7 36
8 36
8 35
8 34
8 33
7 33
7 34
7 35
7 36
8 36
7 36
8 36
8 35
8 34
7 34
7 35
8 35
8 36
8 35
8 34
8 35
7 35
7 34
6 34
6 33
5 33
6 33
7 33
6 33
5 33
4 33
3 33
3 34
2 34
1 34
1 35
1 36
1 37
1 38
1 37
0 37
0 38
0 39
1 39
0 39
1 39
1 40
0 40
1 40
0 40
0 39
0 40
0 39
1 39
1 40
0 40
1 40
1 39
0 39
0 38
0 37
0 38
0 37
1 37
0 37
0 36
1 36
2 36
1 36
1 37
0 37
1 37
2 37
2 38
2 39
3 39
4 39
4 38
4 39
5 39
5 38
5 39
6 39
6 40
6 41
7 41
6 41
7 41
6 41
7 41
7 42
7 43
7 44
8 44
9 44
9 45
9 44
8 44
8 43
7 43
7 42
7 43
7 44
7 45
7 46
6 46
6 45
7 45
7 44
8 44
8 45
7 45
7 46
6 46
6 47
6 46
6 45
5 45
4 45
3 45
2 45
3 45
2 45
2 44
2 43
1 43
2 43
1 43
2 43
2 44
2 45
3 45
3 44
2 44
2 43
2 44
1 44
1 43
2 43
3 43
2 43
2 42
2 41
1 41
1 42
0 42
1 42
1 43
1 44
0 44
0 43
0 44
0 43
0 42
1 42
1 41
2 41
2 40
3 40
3 41
3 40
4 40
3 40
3 39
3 40
4 40
4 39
5 39
4 39
4 38
4 37
5 37
5 36
4 36
3 36
3 35
2 35
2 36
1 36
1 37
2 37
3 37
3 36
3 37
2 37
2 36
2 35
3 35
2 35
2 36
3 36
3 35
3 36
4 36
3 36
4 36
4 37
4 36
4 37
4 38
5 38
4 38
5 38
4 38
4 39
5 39
4 39
3 39
4 39
4 40
3 40
4 40
5 40
5 39
5 38
6 38
6 39
6 40
6 41
7 41
7 42
7 41
7 40
7 39
6 39
7 39
7 38
6 38
6 39
6 38
6 39
5 39
5 38
6 38
7 38
8 38
8 37
7 37
7 38
7 39
7 38
7 37
7 38
8 38
9 38
9 39
9 40
9 39
9 40
8 40
8 39
7 39
7 38
7 37
6 37
7 37
7 36
7 35
8 35
8 36
8 37
8 36
7 36
8 36
9 36
8 36
8 37
9 37
10 37
10 36
10 37
10 36
11 36
11 35
11 36
12 36
12 37
12 38
12 39
12 38
13 38
13 39
12 39
11 39
11 38
11 39
11 38
12 38
12 37
12 36
13 36
13 37
12 37
12 38
13 38
14 38
15 38
15 39
14 39
14 38
14 39
14 40
14 41
13 41
14 41
15 41
15 42
14 42
14 41
15 41
16 41
16 42
16 41
16 40
17 40
17 39
18 39
18 38
19 38
19 39
19 40
19 41
18 41
18 40
18 41
18 42
18 41
17 41
17 40
17 39
17 38
16 38
16 39
17 39
18 39
18 38
18 39
18 38
19 38
20 38
21 38
21 39
21 38
21 37
20 37
19 37
18 37
19 37
18 37
18 38
17 38
17 37
16 37
16 36
16 37
16 36
15 36
16 36
16 37
16 36
15 36
15 37
16 37
16 36
15 36
14 36
13 36
13 35
13 36
13 35
14 35
14 36
13 36
14 36
15 36
14 36
14 37
14 38
15 38
14 38
13 38
14 38
15 38
15 37
14 37
13 37
13 38
14 38
14 39
