0 0
0 1
1 1
2 1
2 2
1 2
1 1
1 0
1 1
2 1
2 2
2 3
2 2
3 2
3 1
3 2
4 2
4 3
4 2
4 1
3 1
4 1
4 0
3 0
3 1
3 2
4 2
4 1
3 1
2 1
2 0
2 1
2 2
3 2
4 2
3 2
3 3
2 3
1 3
1 4
2 4
2 3
3 3
4 3
4 4
3 4
3 5
4 5
5 5
6 5
7 5
7 6
6 6
7 6
6 6
6 5
5 5
6 5
6 4
5 4
5 5
4 5
5 5
5 4
5 5
6 5
5 5
6 5
6 4
7 4
7 5
7 6
6 6
6 5
7 5
7 6
8 6
8 5
9 5
9 4
9 5
8 5
8 6
9 6
8 6
8 5
9 5
8 5
9 5
9 4
10 4
9 4
9 3
9 2
10 2
10 3
10 4
9 4
9 5
10 5
11 5
10 5
11 5
10 5
10 6
11 6
11 5
11 4
11 5
11 4
11 3
12 3
11 3
12 3
12 4
13 4
12 4
13 4
13 5
14 5
13 5
13 6
14 6
14 5
15 5
15 6
15 7
15 8
16 8
16 9
16 10
17 10
18 10
18 11
17 11
17 10
18 10
17 10
17 11
17 10
17 11
16 11
16 12
16 13
15 13
15 14
15 15
15 14
16 14
17 14
17 13
18 13
19 13
19 14
20 14
19 14
19 13
20 13
21 13
20 13
19 13
19 12
18 12
18 13
18 12
19 12
19 11
18 11
17 11
17 12
17 11
16 11
16 10
16 11
16 10
17 10
16 10
15 10
15 9
16 9
16 8
17 8
18 8
18 9
18 10
17 10
17 11
16 11
16 10
16 11
16 12
15 12
14 12
15 12
15 13
16 13
15 13
16 13
15 13
16 13
16 12
16 11
16 12
16 11
17 11
18 11
17 11
17 10
18 10
17 10
18 10
17 10
16 10
17 10
17 9
18 9
18 8
17 8
17 9
18 9
17 9
16 9
17 9
16 9
17 9
17 10
17 9
18 9
18 10
17 10
18 10
19 10
19 9
19 8
20 8
19 8
19 9
18 9
19 9
18 9
18 8
18 7
17 7
17 6
18 6
18 5
17 5
18 5
18 6
18 7
19 7
19 8
18 8
18 9
19 9
20 9
20 10
21 10
22 10
23 10
23 9
23 8
22 8
22 9
22 8
22 7
22 6
23 6
23 7
23 6
23 7
23 6
22 6
21 6
21 7
22 7
22 6
23 6
24 6
25 6
24 6
23 6
24 6
24 7
23 7
22 7
21 7
22 7
23 7
24 7
24 6
25 6
25 7
25 8
24 8
23 8
22 8
23 8
22 8
22 7
23 7
23 6
23 5
23 4
24 4
23 4
23 5
24 5
24 6
25 6
25 7
25 6
26 6
26 5
25 5
25 4
24 4
24 3
24 4
24 3
25 3
26 3
26 2
26 1
26 0
26 1
25 1
26 1
25 1
25 0
25 1
25 2
25 3
24 3
25 3
25 4
24 4
25 4
25 3
25 4
24 4
23 4
22 4
22 3
21 3
20 3
19 3
20 3
19 3
19 2
19 3
18 3
18 2
18 3
19 3
18 3
17 3
16 3
17 3
16 3
17 3
17 2
18 2
17 2
16 2
16 1
15 1
15 0
15 1
14 1
14 2
13 2
13 3
13 2
14 2
13 2
13 3
13 2
12 2
12 3
12 4
11 4
11 3
10 3
10 2
11 2
11 3
11 2
12 2
13 2
14 2
14 3
13 3
12 3
13 3
13 2
13 1
14 1
14 0
14 1
14 2
13 2
13 3
14 3
15 3
16 3
17 3
16 3
16 2
16 3
15 3
16 3
15 3
16 3
17 3
18 3
17 3
18 3
18 2
18 1
19 1
19 2
18 2
19 2
20 2
19 2
19 1
20 1
21 1
21 0
22 0
22 1
22 2
22 3
22 4
23 4
24 4
23 4
23 5
23 4
23 3
24 3
25 3
25 4
25 3
25 2
24 2
23 2
22 2
23 2
23 1
23 2
24 2
24 1
23 1
24 1
23 1
24 1
24 2
24 1
24 2
25 2
25 1
24 1
24 0
24 1
23 1
23 2
22 2
21 2
20 2
21 2
22 2
23 2
22 2
21 2
21 3
21 4
21 5
22 5
23 5
23 6
24 6
24 5
25 5
25 4
25 3
24 3
25 3
25 4
26 4
27 4
27 3
27 4
27 5
27 6
27 5
26 5
26 4
26 3
27 3
26 3
25 3
25 2
26 2
25 2
25 1
24 1
24 2
24 3
23 3
23 4
24 4
24 3
25 3
24 3
25 3
25 2
25 1
26 1
26 0
27 0
27 1
27 2
27 1
27 0
28 0
27 0
26 0
26 1
26 0
26 1
26 0
26 1
26 0
27 0
27 1
26 1
26 2
27 2
28 2
28 1
28 2
29 2
30 2
31 2
31 1
31 0
31 1
32 1
32 2
31 2
30 2
31 2
31 3
31 2
30 2
30 1
30 0
30 1
30 0
29 0
30 0
30 1
30 2
29 2
29 3
28 3
28 4
27 4
28 4
29 4
30 4
30 3
29 3
28 3
29 3
28 3
27 3
28 3
29 3
30 3
30 4
31 4
31 3
31 2
32 2
32 3
33 3
32 3
32 4
33 4
32 4
32 3
31 3
31 4
31 5
30 5
30 6
30 5
29 5
28 5
28 6
28 7
28 8
27 8
27 7
26 7
25 7
24 7
23 7
24 7
24 6
24 7
25 7
25 6
24 6
25 6
25 7
25 6
25 5
24 5
25 5
25 6
25 5
25 4
25 5
25 6
25 5
24 5
24 4
25 4
26 4
27 4
27 3
26 3
25 3
25 4
25 3
25 4
25 5
25 6
24 6
25 6
25 7
25 6
25 5
25 6
26 6
27 6
28 6
28 5
28 6
29 6
30 6
30 7
30 6
30 7
30 8
29 8
29 7
29 8
28 8
28 7
28 8
29 8
29 9
30 9
30 8
31 8
30 8
31 8
32 8
32 7
33 7
33 8
32 8
33 8
33 7
34 7
33 7
33 8
32 8
32 9
32 8
31 8
31 9
30 9
31 9
32 9
31 9
31 8
31 9
31 8
31 9
30 9
30 8
29 8
29 9
29 10
30 10
30 9
30 10
29 10
29 9
29 8
30 8
30 9
30 10
31 10
30 10
30 9
31 9
31 8
32 8
31 8
31 7
31 8
31 7
31 6
32 6
32 5
32 6
31 6
32 6
32 5
31 5
31 6
32 6
31 6
31 5
32 5
32 6
32 7
32 6
31 6
30 6
30 7
30 8
29 8
28 8
29 8
29 9
29 8
30 8
30 7
30 8
29 8
30 8
30 9
29 9
29 8
28 8
28 9
28 8
29 8
30 8
31 8
32 8
33 8
33 7
33 8
33 7
32 7
32 8
31 8
32 8
32 7
32 8
32 9
33 9
34 9
34 10
33 10
33 9
34 9
34 10
34 11
34 12
34 13
34 12
33 12
33 11
32 11
31 11
31 12
31 11
30 11
29 11
29 12
29 13
28 13
27 13
26 13
27 13
27 14
27 15
26 15
26 14
25 14
25 15
25 16
24 16
24 17
23 17
23 16
22 16
22 15
23 15
23 14
23 15
24 15
23 15
22 15
21 15
20 15
19 15
20 15
20 14
20 13
20 12
21 12
20 12
20 13
20 12
21 12
22 12
23 12
23 11
23 10
23 9
22 9
21 9
22 9
22 10
23 10
23 11
24 11
24 10
24 9
24 8
24 7
24 6
23 6
24 6
25 6
25 5
25 4
24 4
24 3
24 2
24 1
24 0
23 0
24 0
23 0
23 1
23 0
23 1
23 0
24 0
24 1
23 1
24 1
23 1
22 1
23 1
24 1
24 0
24 1
24 0
23 0
23 1
23 0
22 0
22 1
22 0
21 0
22 0
21 0
21 1
21 2
21 3
22 3
22 2
23 2
23 1
22 1
22 2
23 2
23 3
22 3
22 2
23 2
22 2
23 2
23 1
24 1
24 0
25 0
24 0
24 1
24 2
24 1
24 0
23 0
23 1
23 0
23 1
23 2
22 2
23 2
23 3
23 2
23 1
22 1
22 0
22 1
22 2
21 2
21 1
20 1
20 0
20 1
19 1
20 1
21 1
22 1
21 1
20 1
19 1
19 0
18 0
18 1
18 0
18 1
17 1
17 0
16 0
16 1
17 1
17 0
17 1
17 0
18 0
18 1
19 1
19 0
18 0
19 0
19 1
19 0
20 0
20 1
21 1
21 2
21 3
22 3
23 3
24 3
23 3
22 3
21 3
22 3
21 3
22 3
22 2
22 3
22 4
23 4
23 3
24 3
24 2
24 1
25 1
25 0
24 0
24 1
24 2
25 2
25 3
25 2
26 2
26 1
26 2
25 2
26 2
25 2
26 2
27 2
27 3
27 2
27 3
28 3
28 2
27 2
26 2
26 1
26 0
26 1
