0 0
1 0
2 0
3 0
3 1
3 0
2 0
3 0
4 0
5 0
6 0
6 1
5 1
5 2
5 1
6 1
5 1
6 1
6 2
6 1
5 1
4 1
4 0
4 1
4 0
4 1
5 1
5 2
4 2
5 2
5 3
6 3
7 3
7 4
6 4
5 4
5 5
5 4
4 4
4 3
4 2
5 2
5 1
6 1
6 2
6 1
6 2
6 3
6 4
5 4
5 3
5 2
6 2
5 2
6 2
7 2
8 2
7 2
7 1
8 1
8 0
8 1
8 0
8 1
8 2
7 2
6 2
6 1
6 2
6 1
5 1
5 0
4 0
3 0
3 1
2 1
3 1
3 2
2 2
2 3
2 4
3 4
2 4
2 5
1 5
2 5
2 6
1 6
1 7
2 7
2 6
2 7
2 8
1 8
1 9
0 9
0 8
0 7
1 7
0 7
1 7
1 8
1 9
2 9
2 8
2 7
2 8
2 7
1 7
0 7
1 7
1 6
2 6
1 6
0 6
1 6
2 6
2 5
2 6
2 7
2 6
3 6
2 6
2 7
1 7
0 7
1 7
1 8
0 8
1 8
1 9
1 10
1 11
2 11
3 11
3 10
3 11
3 10
3 11
2 11
2 10
1 10
1 11
1 12
1 13
0 13
1 13
1 14
0 14
0 15
1 15
1 16
1 15
0 15
0 16
0 17
0 18
0 19
1 19
1 20
1 19
2 19
3 19
3 18
3 17
3 16
3 17
3 16
3 15
3 16
3 15
3 14
3 13
3 12
3 11
4 11
4 10
4 9
3 9
2 9
3 9
3 10
3 11
3 12
2 12
2 13
1 13
1 12
1 11
1 10
2 10
1 10
2 10
3 10
2 10
2 9
3 9
4 9
5 9
5 8
5 9
6 9
6 8
6 7
6 8
6 7
7 7
8 7
7 7
6 7
6 8
5 8
5 9
5 10
4 10
3 10
3 11
4 11
4 10
4 11
4 12
4 13
3 13
3 14
3 13
4 13
5 13
6 13
5 13
6 13
6 14
7 14
7 15
8 15
7 15
7 14
7 13
7 14
6 14
5 14
5 15
5 16
5 15
6 15
6 14
6 13
5 13
4 13
3 13
3 14
3 15
3 16
4 16
4 17
4 18
3 18
3 19
4 19
4 20
3 20
3 19
2 19
2 20
2 21
2 22
3 22
3 21
2 21
2 20
2 19
2 20
1 20
0 20
1 20
2 20
3 20
2 20
1 20
2 20
1 20
1 21
1 20
1 19
1 18
1 17
0 17
0 18
1 18
0 18
1 18
1 19
2 19
2 18
2 17
2 18
2 19
2 18
1 18
1 17
2 17
2 16
2 17
3 17
2 17
2 18
1 18
1 17
0 17
1 17
0 17
1 17
2 17
2 18
3 18
4 18
4 17
5 17
4 17
5 17
5 18
5 19
4 19
5 19
4 19
4 20
4 21
4 22
3 22
2 22
1 22
1 21
2 21
3 21
3 20
3 21
3 22
2 22
3 22
3 21
4 21
4 20
4 21
4 22
4 21
4 20
5 20
5 19
5 18
5 19
5 20
5 21
4 21
4 22
5 22
4 22
4 21
3 21
3 20
4 20
4 19
4 18
3 18
2 18
2 19
1 19
2 19
2 18
1 18
1 19
1 20
1 19
2 19
1 19
2 19
2 20
1 20
2 20
2 19
1 19
1 20
0 20
1 20
0 20
0 19
1 19
1 20
1 19
2 19
2 20
2 19
3 19
2 19
3 19
4 19
5 19
5 20
6 20
6 19
6 20
5 20
6 20
6 19
7 19
8 19
8 20
8 19
7 19
7 20
7 19
7 18
6 18
7 18
8 18
8 19
8 20
9 20
9 19
9 20
10 20
11 20
12 20
13 20
13 19
13 20
14 20
15 20
15 19
15 20
16 20
17 20
17 21
17 22
16 22
16 23
16 24
17 24
18 24
17 24
16 24
16 25
17 25
16 25
16 24
15 24
15 23
15 24
15 25
14 25
15 25
16 25
17 25
17 26
18 26
18 27
18 28
19 28
19 27
19 26
19 27
18 27
18 28
17 28
17 27
18 27
18 28
18 29
19 29
19 28
20 28
19 28
20 28
20 27
20 26
20 27
21 27
20 27
20 28
19 28
19 27
19 28
19 29
18 29
17 29
17 30
16 30
15 30
16 30
15 30
14 30
13 30
14 30
13 30
12 30
12 29
11 29
11 28
11 29
12 29
12 28
11 28
12 28
12 29
13 29
14 29
14 28
14 29
14 28
13 28
14 28
14 29
13 29
13 30
13 31
12 31
13 31
14 31
15 31
15 32
15 33
16 33
16 34
16 35
17 35
16 35
16 34
17 34
17 35
16 35
15 35
15 34
15 35
14 35
14 34
14 35
15 35
15 36
16 36
16 37
17 37
16 37
15 37
16 37
16 38
16 39
15 39
15 40
15 41
15 42
15 43
15 44
15 43
15 42
14 42
14 43
14 42
14 41
13 41
13 42
13 43
12 43
13 43
12 43
11 43
11 42
12 42
13 42
13 43
13 42
12 42
12 41
12 42
11 42
10 42
10 41
10 42
10 43
9 43
8 43
9 43
10 43
10 44
11 44
12 44
12 45
13 45
14 45
15 45
16 45
16 44
16 43
16 44
16 43
16 42
16 41
16 42
15 42
14 42
13 42
13 41
14 41
15 41
15 42
16 42
15 42
15 43
15 42
15 43
15 44
16 44
15 44
15 45
15 44
15 45
15 44
14 44
14 43
15 43
16 43
17 43
17 42
16 42
17 42
16 42
15 42
14 42
15 42
15 43
15 42
15 41
14 41
13 41
12 41
12 42
11 42
10 42
9 42
9 41
8 41
7 41
6 41
7 41
8 41
8 40
9 40
9 39
9 40
10 40
9 40
9 41
8 41
9 41
9 40
9 41
9 40
10 40
11 40
11 41
11 42
11 43
11 44
10 44
11 44
10 44
10 45
9 45
10 45
11 45
11 46
12 46
12 45
12 46
12 45
11 45
12 45
12 46
12 45
12 46
12 47
12 48
11 48
11 47
12 47
12 48
12 47
12 48
12 49
12 50
11 50
11 51
12 51
12 50
12 51
11 51
11 50
11 51
12 51
12 50
11 50
10 50
11 50
11 49
11 48
11 47
12 47
12 48
12 49
13 49
12 49
12 48
11 48
11 49
11 50
11 51
11 52
12 52
13 52
13 53
13 54
13 53
13 52
14 52
14 51
15 51
15 50
15 49
16 49
16 50
16 49
15 49
14 49
13 49
13 50
12 50
12 51
12 50
12 51
12 50
11 50
11 51
11 52
10 52
10 53
10 54
10 55
10 56
11 56
10 56
9 56
8 56
9 56
9 57
9 56
9 57
9 58
8 58
7 58
7 59
7 58
8 58
8 57
7 57
7 58
6 58
7 58
6 58
6 59
5 59
5 60
4 60
4 61
5 61
5 60
5 59
6 59
7 59
7 58
8 58
9 58
10 58
9 58
9 59
10 59
10 60
10 61
11 61
11 62
10 62
11 62
11 61
10 61
10 60
9 60
8 60
9 60
10 60
10 61
11 61
10 61
10 62
10 63
10 64
11 64
10 64
11 64
10 64
10 65
9 65
10 65
10 66
11 66
12 66
12 65
12 64
13 64
12 64
12 65
12 66
12 67
11 67
12 67
11 67
10 67
10 68
10 67
10 66
11 66
12 66
12 65
12 64
13 64
13 65
13 64
13 63
13 64
13 63
12 63
12 62
12 63
12 64
11 64
11 65
11 64
11 65
12 65
11 65
12 65
11 65
11 64
12 64
13 64
14 64
14 63
15 63
14 63
15 63
15 62
15 61
16 61
17 61
17 60
17 59
18 59
19 59
18 59
18 60
19 60
20 60
19 60
20 60
21 60
21 61
20 61
20 62
20 63
20 62
20 61
20 62
19 62
19 63
19 64
19 65
20 65
20 64
21 64
21 65
22 65
22 66
22 67
22 66
22 67
22 66
22 67
23 67
22 67
22 68
22 67
22 68
22 69
22 68
22 67
23 67
24 67
23 67
24 67
24 66
23 66
22 66
21 66
21 65
21 64
20 64
20 65
20 66
20 67
19 67
18 67
18 66
18 67
19 67
19 68
19 69
18 69
17 69
17 70
16 70
16 69
15 69
16 69
15 69
14 69
15 69
16 69
15 69
15 70
15 69
15 70
14 70
13 70
12 70
12 71
12 70
13 70
12 70
13 70
12 70
12 71
13 71
12 71
13 71
13 72
12 72
11 72
11 73
10 73
10 72
10 71
9 71
9 70
9 71
8 71
7 71
6 71
6 70
6 69
5 69
4 69
3 69
3 70
4 70
3 70
3 71
4 71
3 71
3 72
3 71
3 72
3 73
3 74
2 74
1 74
1 73
2 73
2 72
3 72
4 72
4 73
5 73
4 73
4 72
4 73
3 73
2 73
2 74
1 74
1 75
1 74
1 75
1 74
0 74
1 74
