0 0
1 0
0 0
0 1
0 0
1 0
2 0
1 0
2 0
2 1
2 2
1 2
1 1
0 1
1 1
2 1
1 1
1 0
1 1
2 1
2 0
2 1
2 2
3 2
3 1
4 1
4 2
4 3
4 2
4 1
4 0
3 0
4 0
4 1
4 2
4 3
4 4
5 4
5 3
4 3
4 4
5 4
4 4
3 4
3 3
3 2
3 3
3 2
3 1
3 0
2 0
1 0
1 1
0 1
1 1
1 2
1 1
2 1
3 1
3 0
3 1
3 2
3 1
2 1
1 1
1 0
2 0
2 1
1 1
1 0
1 1
1 0
2 0
1 0
1 1
2 1
3 1
2 1
3 1
3 0
4 0
5 0
5 1
5 2
4 2
5 2
5 1
5 2
6 2
7 2
7 3
8 3
8 4
8 3
7 3
7 4
6 4
7 4
8 4
8 5
9 5
9 6
10 6
11 6
12 6
12 5
11 5
10 5
9 5
9 4
9 3
8 3
9 3
9 2
10 2
10 1
10 2
10 1
10 2
9 2
9 3
10 3
9 3
9 4
9 3
9 2
9 3
9 4
10 4
10 3
9 3
9 2
9 3
10 3
9 3
10 3
10 4
10 3
11 3
11 4
10 4
10 5
9 5
10 5
10 6
10 7
10 6
11 6
10 6
11 6
12 6
12 7
12 6
11 6
11 5
11 6
10 6
10 7
11 7
12 7
12 6
13 6
13 5
14 5
15 5
14 5
13 5
14 5
14 4
14 5
15 5
14 5
14 4
14 5
14 4
14 5
14 6
14 7
13 7
13 6
13 7
13 8
13 7
14 7
15 7
15 8
15 9
14 9
13 9
13 8
13 7
13 8
14 8
14 7
14 6
14 5
13 5
13 4
14 4
15 4
15 5
15 4
14 4
14 5
14 4
13 4
12 4
13 4
12 4
11 4
12 4
13 4
12 4
12 3
12 4
13 4
13 3
13 2
13 1
12 1
11 1
11 2
11 1
12 1
12 0
11 0
11 1
10 1
10 0
11 0
10 0
9 0
8 0
7 0
7 1
6 1
6 2
6 1
5 1
5 2
4 2
3 2
3 3
3 2
3 1
3 2
2 2
3 2
2 2
1 2
0 2
1 2
2 2
2 3
3 3
2 3
2 4
2 3
2 2
1 2
2 2
2 1
3 1
4 1
4 0
4 1
5 1
6 1
5 1
5 2
5 3
5 2
4 2
4 3
4 2
3 2
3 3
3 2
2 2
2 1
2 0
2 1
2 2
1 2
0 2
0 3
0 2
0 1
0 2
1 2
1 3
1 4
2 4
3 4
3 5
3 6
4 6
3 6
4 6
4 7
4 8
4 7
4 8
4 9
3 9
4 9
4 8
4 7
3 7
4 7
4 6
3 6
3 5
2 5
1 5
1 4
1 5
2 5
2 4
3 4
2 4
3 4
2 4
2 3
1 3
1 4
0 4
0 5
1 5
1 4
0 4
0 3
1 3
1 4
1 5
0 5
1 5
1 6
1 7
0 7
0 8
1 8
0 8
1 8
1 9
1 8
1 7
2 7
3 7
2 7
3 7
4 7
3 7
3 6
2 6
3 6
3 7
3 8
4 8
3 8
3 7
4 7
4 8
4 7
5 7
5 6
5 7
5 6
6 6
6 7
5 7
4 7
4 8
4 7
4 8
3 8
2 8
2 7
1 7
0 7
1 7
2 7
3 7
3 6
2 6
2 5
2 4
2 3
3 3
3 4
3 3
3 4
3 5
3 4
4 4
3 4
3 3
4 3
4 2
4 3
3 3
3 4
4 4
3 4
4 4
3 4
3 3
2 3
2 4
2 3
2 4
2 3
1 3
0 3
1 3
0 3
1 3
1 2
1 3
1 2
2 2
1 2
1 3
2 3
2 4
3 4
3 3
3 2
4 2
4 3
4 2
4 1
5 1
6 1
7 1
7 0
7 1
6 1
5 1
4 1
5 1
4 1
5 1
4 1
3 1
2 1
2 2
2 1
1 1
1 2
0 2
0 3
0 4
1 4
1 3
1 2
1 1
0 1
0 0
1 0
1 1
1 0
0 0
1 0
2 0
1 0
1 1
0 1
0 0
0 1
0 2
0 3
0 2
1 2
2 2
2 3
2 4
1 4
0 4
0 5
0 4
1 4
2 4
2 5
3 5
3 4
2 4
2 5
2 6
2 7
2 8
1 8
0 8
0 7
1 7
1 8
1 7
1 6
1 5
1 6
1 7
1 6
1 7
2 7
2 8
1 8
0 8
1 8
2 8
1 8
0 8
1 8
2 8
2 7
2 8
3 8
2 8
1 8
2 8
3 8
2 8
3 8
2 8
1 8
1 9
2 9
3 9
3 10
3 9
3 10
2 10
2 11
1 11
2 11
2 10
2 11
1 11
2 11
1 11
2 11
2 10
3 10
3 9
3 8
2 8
3 8
2 8
1 8
2 8
3 8
3 9
2 9
3 9
4 9
3 9
3 10
3 11
2 11
3 11
3 12
3 13
2 13
3 13
3 14
2 14
2 13
3 13
4 13
4 14
4 13
4 14
5 14
5 15
5 14
5 15
5 14
5 13
4 13
4 14
5 14
4 14
5 14
5 15
4 15
4 14
4 13
3 13
4 13
4 12
4 13
3 13
3 14
3 15
3 14
4 14
3 14
2 14
2 15
3 15
3 14
3 13
2 13
2 14
2 13
1 13
0 13
1 13
2 13
3 13
2 13
2 12
2 11
2 10
2 9
1 9
0 9
0 10
0 9
1 9
1 10
1 9
1 10
1 9
1 10
2 10
2 11
2 10
3 10
3 9
2 9
1 9
0 9
0 8
1 8
0 8
1 8
2 8
1 8
2 8
2 7
2 8
3 8
4 8
4 9
4 8
4 9
4 10
5 10
5 9
5 8
6 8
6 9
7 9
8 9
8 8
8 9
8 10
9 10
9 9
9 8
8 8
8 9
8 8
8 9
8 10
8 11
8 12
9 12
9 13
10 13
9 13
9 12
9 13
9 12
9 13
10 13
10 12
11 12
11 13
12 13
12 14
12 13
12 14
12 15
13 15
12 15
13 15
13 16
13 17
13 18
13 17
13 18
13 17
14 17
14 18
15 18
16 18
17 18
16 18
16 17
17 17
17 16
18 16
19 16
19 17
19 16
19 17
19 16
19 15
19 14
19 13
19 12
18 12
18 13
18 12
18 13
19 13
20 13
21 13
21 14
21 15
21 14
22 14
23 14
24 14
23 14
23 13
22 13
21 13
21 14
21 15
21 16
20 16
21 16
21 17
21 18
20 18
19 18
19 19
19 18
19 19
19 18
18 18
18 19
18 18
18 19
17 19
17 20
16 20
17 20
18 20
18 21
18 20
18 21
18 22
19 22
19 23
18 23
18 24
18 23
18 24
17 24
18 24
19 24
20 24
21 24
21 25
22 25
22 24
22 25
22 26
23 26
23 25
23 24
22 24
22 23
21 23
20 23
20 22
19 22
19 23
19 22
18 22
18 23
18 22
18 21
18 20
19 20
19 21
19 22
19 23
20 23
20 24
20 25
21 25
21 24
20 24
20 23
20 24
20 23
21 23
21 24
21 23
21 22
20 22
20 21
20 20
20 19
21 19
21 18
21 19
22 19
22 20
21 20
22 20
23 20
22 20
21 20
21 19
20 19
20 20
21 20
20 20
21 20
21 21
20 21
20 20
19 20
18 20
19 20
18 20
19 20
19 19
18 19
18 20
19 20
18 20
17 20
18 20
18 21
17 21
17 22
17 21
17 20
16 20
15 20
15 19
15 18
15 17
16 17
16 16
17 16
16 16
16 15
16 16
16 15
17 15
17 14
16 14
16 15
15 15
15 14
15 13
15 12
16 12
15 12
15 11
15 12
16 12
15 12
15 13
14 13
13 13
13 12
12 12
11 12
11 13
11 14
11 13
11 12
12 12
13 12
13 13
13 14
13 13
14 13
15 13
15 12
15 11
15 12
16 12
17 12
18 12
18 13
19 13
19 12
18 12
18 11
19 11
19 12
19 11
19 12
18 12
17 12
17 11
18 11
17 11
16 11
15 11
15 12
16 12
15 12
15 13
14 13
13 13
13 14
13 13
13 14
13 15
13 14
14 14
13 14
13 15
12 15
12 16
12 15
11 15
10 15
11 15
12 15
11 15
11 16
11 15
11 16
11 17
11 18
10 18
11 18
11 17
11 16
11 17
12 17
13 17
14 17
14 16
13 16
14 16
15 16
14 16
14 15
14 14
13 14
14 14
15 14
16 14
16 15
16 16
15 16
15 15
15 16
15 17
14 17
13 17
14 17
15 17
15 18
14 18
14 19
14 20
14 21
14 20
15 20
15 21
14 21
13 21
13 20
14 20
14 21
14 20
13 20
14 20
13 20
13 19
14 19
13 19
14 19
14 20
14 21
14 20
13 20
13 21
13 22
13 23
13 22
13 23
14 23
14 22
13 22
13 21
13 22
