0 0
1 0
2 0
3 0
3 1
2 1
2 2
1 2
1 3
1 4
1 5
2 5
2 4
3 4
3 5
3 4
2 4
1 4
1 3
0 3
0 4
1 4
1 3
0 3
1 3
1 2
1 3
1 2
0 2
1 2
1 1
0 1
0 0
1 0
0 0
1 0
1 1
0 1
0 0
1 0
2 0
2 1
1 1
2 1
3 1
3 0
3 1
2 1
3 1
2 1
1 1
2 1
1 1
0 1
1 1
0 1
1 1
1 2
0 2
1 2
1 3
2 3
2 2
2 1
1 1
1 0
1 1
0 1
0 0
0 1
0 2
1 2
1 3
1 4
0 4
1 4
2 4
1 4
0 4
1 4
0 4
1 4
2 4
3 4
4 4
4 5
3 5
3 4
2 4
3 4
2 4
1 4
1 5
0 5
0 4
0 3
0 4
1 4
2 4
3 4
3 5
2 5
2 6
3 6
3 7
3 6
3 7
3 6
3 7
3 6
2 6
2 5
2 6
3 6
3 5
2 5
2 6
2 5
2 4
2 5
1 5
0 5
0 4
0 5
0 4
1 4
1 3
0 3
1 3
1 4
2 4
2 5
1 5
0 5
1 5
2 5
1 5
1 6
1 5
2 5
1 5
2 5
2 4
3 4
3 5
3 6
3 7
3 6
3 5
3 6
4 6
4 5
4 4
4 3
5 3
4 3
4 2
4 3
3 3
3 4
2 4
3 4
3 5
4 5
3 5
3 6
3 7
3 8
2 8
2 7
2 6
3 6
4 6
4 7
4 6
4 7
4 8
4 9
4 8
3 8
3 9
3 10
4 10
4 11
4 10
4 9
4 10
5 10
4 10
4 11
4 10
5 10
6 10
5 10
4 10
3 10
4 10
4 9
4 10
4 9
4 10
4 11
5 11
5 10
5 9
5 8
6 8
6 7
5 7
4 7
4 6
4 5
3 5
3 4
3 3
2 3
1 3
1 4
1 5
1 6
2 6
2 7
2 6
3 6
2 6
1 6
1 5
0 5
1 5
2 5
2 6
1 6
2 6
3 6
3 7
3 6
2 6
2 5
3 5
2 5
2 6
3 6
4 6
4 5
3 5
3 4
3 3
4 3
3 3
4 3
4 4
4 3
5 3
4 3
4 2
3 2
3 3
4 3
4 4
4 3
4 2
5 2
4 2
4 3
3 3
3 4
3 5
3 4
3 3
3 4
2 4
2 5
2 4
3 4
3 5
2 5
2 4
3 4
2 4
2 3
2 4
2 5
2 4
1 4
0 4
1 4
0 4
1 4
1 5
1 6
0 6
1 6
0 6
0 7
0 8
0 9
0 8
1 8
2 8
2 9
2 10
2 11
1 11
0 11
1 11
2 11
2 12
3 12
3 13
4 13
5 13
4 13
4 14
3 14
4 14
4 13
4 12
4 13
3 13
4 13
4 14
5 14
6 14
6 13
6 12
5 12
5 13
5 12
6 12
6 11
7 11
7 10
7 11
8 11
7 11
6 11
7 11
7 10
7 9
8 9
7 9
7 10
7 9
7 10
7 11
8 11
8 12
7 12
7 13
7 14
7 15
8 15
9 15
9 16
10 16
10 15
10 16
10 17
10 16
10 15
11 15
11 16
10 16
10 17
10 18
10 19
10 20
10 19
9 19
9 20
10 20
11 20
11 21
11 20
10 20
11 20
11 21
12 21
11 21
11 22
12 22
12 23
13 23
13 24
13 25
13 24
12 24
12 23
12 22
12 21
12 22
12 21
11 21
10 21
10 22
11 22
11 21
10 21
11 21
12 21
12 20
11 20
10 20
9 20
9 19
10 19
9 19
9 18
9 19
8 19
7 19
8 19
9 19
10 19
11 19
12 19
13 19
13 20
13 19
13 20
14 20
13 20
12 20
12 21
11 21
11 22
10 22
10 23
11 23
11 24
12 24
12 25
12 24
12 25
12 26
12 25
11 25
11 26
12 26
13 26
13 25
13 24
14 24
13 24
13 25
14 25
15 25
15 24
15 23
14 23
15 23
15 24
14 24
13 24
12 24
13 24
13 25
13 26
12 26
12 27
11 27
12 27
13 27
14 27
14 26
14 25
13 25
13 24
13 25
13 26
12 26
13 26
13 25
13 24
13 25
14 25
15 25
15 26
14 26
13 26
13 27
12 27
12 28
12 27
13 27
13 28
12 28
13 28
13 29
13 30
13 31
13 30
14 30
15 30
16 30
15 30
16 30
16 29
16 30
16 29
16 30
16 29
17 29
17 30
17 31
17 32
17 31
17 32
17 33
18 33
18 32
19 32
19 31
19 30
18 30
18 29
18 30
18 29
19 29
20 29
20 28
20 27
19 27
19 28
20 28
21 28
21 27
22 27
21 27
22 27
23 27
23 26
22 26
23 26
22 26
23 26
23 27
23 26
23 27
23 26
24 26
25 26
24 26
24 27
24 26
24 27
24 26
25 26
26 26
27 26
26 26
26 25
27 25
28 25
28 24
28 25
28 26
28 25
28 24
28 25
29 25
30 25
29 25
29 26
30 26
31 26
31 27
32 27
32 28
32 27
31 27
32 27
33 27
34 27
34 26
33 26
33 25
34 25
34 26
33 26
32 26
32 25
33 25
33 26
33 27
33 26
33 27
34 27
35 27
34 27
35 27
34 27
33 27
34 27
35 27
35 26
36 26
37 26
36 26
35 26
34 26
35 26
34 26
33 26
34 26
33 26
33 25
33 26
33 27
33 26
34 26
34 25
33 25
33 24
32 24
31 24
32 24
33 24
32 24
31 24
32 24
33 24
33 25
32 25
33 25
32 25
31 25
31 24
30 24
31 24
31 25
32 25
31 25
31 24
31 25
31 24
30 24
30 23
31 23
31 22
32 22
32 23
33 23
33 22
33 23
34 23
34 24
34 23
35 23
35 22
36 22
36 21
35 21
34 21
34 22
33 22
33 23
34 23
34 22
33 22
34 22
34 21
34 22
35 22
34 22
35 22
36 22
36 23
36 24
37 24
36 24
37 24
38 24
37 24
37 23
37 22
37 21
38 21
39 21
38 21
39 21
39 20
39 19
39 20
38 20
37 20
37 19
38 19
39 19
39 18
38 18
38 19
39 19
39 20
38 20
37 20
37 19
38 19
37 19
37 20
38 20
39 20
39 19
40 19
40 20
39 20
40 20
41 20
42 20
43 20
42 20
41 20
42 20
43 20
43 21
43 22
42 22
42 23
43 23
42 23
42 22
43 22
43 23
43 24
43 23
44 23
45 23
45 24
45 23
44 23
45 23
46 23
45 23
45 24
46 24
47 24
47 23
47 22
46 22
47 22
47 23
47 24
47 25
47 24
47 25
46 25
45 25
45 24
45 25
45 26
45 27
44 27
44 28
44 27
44 26
45 26
44 26
45 26
45 27
45 28
45 29
45 28
46 28
45 28
45 27
44 27
44 26
45 26
44 26
44 27
44 26
43 26
42 26
43 26
43 27
42 27
41 27
41 28
41 27
42 27
43 27
43 26
42 26
42 27
42 28
42 29
41 29
41 28
41 29
41 28
41 29
41 30
42 30
42 31
43 31
44 31
44 32
44 31
44 30
45 30
44 30
44 31
45 31
45 32
46 32
46 33
46 34
46 33
47 33
48 33
49 33
48 33
47 33
46 33
47 33
46 33
47 33
48 33
47 33
46 33
46 32
45 32
46 32
47 32
48 32
48 31
48 32
48 31
48 32
49 32
49 31
49 32
49 31
49 30
49 31
48 31
49 31
48 31
48 30
48 29
48 28
49 28
50 28
50 29
50 30
49 30
49 29
50 29
50 30
50 31
49 31
49 32
49 33
48 33
47 33
48 33
48 34
49 34
48 34
48 35
48 36
48 35
48 36
47 36
48 36
48 37
48 38
48 39
48 38
47 38
48 38
48 37
49 37
50 37
51 37
51 36
51 35
50 35
51 35
52 35
52 34
52 33
51 33
52 33
52 34
52 35
51 35
52 35
51 35
52 35
52 36
52 35
51 35
51 36
52 36
52 35
52 34
52 35
53 35
52 35
53 35
53 36
53 37
54 37
53 37
53 36
54 36
54 37
53 37
53 38
54 38
53 38
53 39
53 40
53 41
52 41
51 41
52 41
53 41
53 42
53 43
53 42
52 42
53 42
53 43
52 43
52 44
51 44
50 44
49 44
50 44
51 44
52 44
52 43
52 44
52 45
52 44
53 44
53 45
54 45
54 44
54 43
55 43
55 42
55 41
56 41
56 42
56 43
56 44
55 44
56 44
56 45
57 45
58 45
58 44
58 43
58 44
57 44
56 44
56 45
56 44
57 44
57 43
56 43
55 43
55 42
55 43
56 43
56 42
55 42
56 42
57 42
57 41
56 41
55 41
55 40
54 40
54 39
54 38
54 39
54 38
55 38
55 37
55 38
55 39
55 38
55 37
55 38
56 38
57 38
57 39
57 40
56 40
56 39
55 39
56 39
56 40
56 41
55 41
55 42
