0 0
0 1
0 2
1 2
2 2
3 2
4 2
4 1
3 1
4 1
3 1
4 1
4 2
3 2
2 2
2 3
1 3
1 4
2 4
1 4
2 4
2 3
2 4
2 5
2 6
3 6
2 6
1 6
1 7
2 7
2 6
3 6
4 6
4 7
5 7
5 8
4 8
5 8
5 9
5 8
4 8
4 9
4 10
5 10
5 9
4 9
3 9
3 8
2 8
1 8
1 9
1 10
1 11
2 11
3 11
3 12
3 11
4 11
4 12
4 11
4 10
4 9
4 10
4 9
5 9
5 8
5 9
5 8
4 8
5 8
5 9
5 10
4 10
3 10
3 11
3 10
2 10
3 10
3 9
4 9
5 9
5 10
5 9
5 10
6 10
5 10
5 9
4 9
4 8
3 8
2 8
2 9
2 8
2 9
2 8
2 9
2 10
3 10
3 11
2 11
2 12
2 13
2 12
2 13
2 14
2 13
1 13
1 12
0 12
0 11
0 10
1 10
0 10
1 10
1 9
2 9
3 9
3 8
3 9
3 8
2 8
2 7
1 7
1 6
0 6
0 5
1 5
2 5
3 5
3 4
3 5
3 4
3 5
2 5
2 6
2 7
2 8
2 9
1 9
2 9
1 9
2 9
3 9
4 9
4 8
3 8
3 9
2 9
2 8
2 7
2 8
1 8
2 8
3 8
2 8
2 7
1 7
2 7
3 7
3 8
3 7
3 6
4 6
4 7
5 7
5 8
4 8
4 9
5 9
6 9
7 9
8 9
8 10
8 9
8 8
7 8
8 8
7 8
6 8
7 8
7 9
6 9
6 10
7 10
7 11
8 11
9 11
9 12
10 12
11 12
11 11
12 11
11 11
12 11
12 10
12 9
11 9
12 9
13 9
13 10
13 9
13 8
13 9
14 9
14 10
14 11
15 11
16 11
16 12
16 13
16 14
16 13
16 14
15 14
16 14
16 15
16 16
16 17
17 17
17 16
17 15
17 14
17 13
18 13
18 12
19 12
19 11
18 11
18 10
19 10
20 10
20 9
20 10
21 10
21 9
21 8
21 9
20 9
20 8
20 7
20 6
20 7
20 6
21 6
21 7
20 7
19 7
18 7
17 7
17 6
16 6
15 6
15 7
14 7
15 7
16 7
15 7
15 6
14 6
15 6
16 6
17 6
16 6
15 6
15 5
14 5
13 5
13 4
12 4
13 4
14 4
14 3
14 2
14 3
14 4
14 3
15 3
16 3
15 3
14 3
13 3
14 3
13 3
14 3
14 2
14 1
14 2
14 3
14 4
13 4
13 3
12 3
12 2
13 2
12 2
11 2
10 2
10 1
10 0
10 1
9 1
8 1
8 2
7 2
6 2
5 2
5 1
6 1
6 2
6 3
5 3
5 4
6 4
6 5
5 5
5 6
4 6
5 6
6 6
7 6
7 7
8 7
8 8
8 7
8 8
8 9
8 10
7 10
6 10
6 11
5 11
5 10
6 10
6 9
6 10
7 10
7 11
6 11
7 11
6 11
5 11
5 10
5 11
5 10
6 10
6 11
5 11
5 10
5 11
6 11
6 12
6 11
6 10
7 10
7 11
8 11
8 12
7 12
7 13
7 14
7 15
8 15
8 16
9 16
9 15
10 15
11 15
10 15
10 14
10 13
10 14
10 13
9 13
8 13
9 13
9 14
8 14
8 13
7 13
8 13
7 13
8 13
8 12
8 13
8 12
8 11
7 11
8 11
9 11
8 11
8 12
9 12
9 13
9 12
9 11
10 11
10 10
10 9
10 10
11 10
11 11
12 11
12 12
13 12
12 12
12 13
12 12
12 11
13 11
14 11
13 11
12 11
12 10
12 11
12 12
11 12
11 13
11 12
12 12
12 11
13 11
13 12
14 12
15 12
16 12
17 12
18 12
18 13
18 12
17 12
16 12
16 13
16 14
16 15
15 15
16 15
15 15
16 15
17 15
16 15
16 14
15 14
15 15
14 15
14 14
14 15
15 15
14 15
14 16
15 16
16 16
16 17
15 17
15 18
14 18
14 19
15 19
15 20
15 19
15 20
15 21
16 21
17 21
16 21
16 20
17 20
16 20
17 20
16 20
16 19
15 19
14 19
15 19
14 19
15 19
14 19
14 18
14 19
14 18
15 18
16 18
15 18
15 17
16 17
16 16
16 17
15 17
15 16
15 17
16 17
16 16
17 16
17 17
17 16
18 16
17 16
17 17
16 17
15 17
14 17
14 16
15 16
15 17
16 17
17 17
17 18
17 19
18 19
19 19
19 18
20 18
20 19
20 20
21 20
20 20
20 19
20 20
19 20
18 20
19 20
20 20
21 20
22 20
23 20
22 20
21 20
21 19
20 19
21 19
20 19
21 19
21 20
21 21
21 22
21 21
22 21
22 20
21 20
20 20
20 19
20 20
21 20
22 20
22 21
21 21
21 20
21 21
21 22
21 21
22 21
21 21
21 22
21 21
21 22
20 22
19 22
18 22
18 21
17 21
16 21
17 21
18 21
17 21
17 22
17 23
17 22
18 22
19 22
19 23
19 24
20 24
21 24
21 25
20 25
20 26
19 26
19 25
20 25
20 24
20 23
20 22
21 22
20 22
21 22
21 21
21 22
22 22
22 23
21 23
21 22
20 22
20 21
20 22
21 22
22 22
22 23
21 23
22 23
22 22
22 21
21 21
22 21
23 21
22 21
23 21
23 20
23 19
24 19
25 19
26 19
27 19
27 18
28 18
29 18
29 19
28 19
28 20
28 21
28 20
28 19
28 20
29 20
29 19
30 19
30 20
29 20
29 21
28 21
27 21
26 21
26 20
26 19
26 20
25 20
24 20
23 20
23 19
23 18
23 17
23 16
22 16
22 17
23 17
23 16
24 16
23 16
23 15
23 14
24 14
24 13
24 12
23 12
23 13
24 13
25 13
25 14
26 14
26 15
26 16
26 17
27 17
28 17
27 17
28 17
28 18
29 18
29 19
28 19
27 19
27 18
27 17
27 18
27 17
27 16
27 17
26 17
27 17
28 17
28 18
28 19
27 19
28 19
27 19
27 20
26 20
26 21
26 22
25 22
25 21
25 20
24 20
24 21
24 20
24 21
24 20
24 21
24 20
24 19
24 18
25 18
26 18
26 17
25 17
25 18
25 19
25 20
25 19
25 18
26 18
26 19
26 18
26 17
27 17
28 17
29 17
29 16
29 15
30 15
29 15
30 15
30 16
29 16
29 17
30 17
30 18
30 17
30 18
31 18
30 18
30 17
29 17
30 17
29 17
28 17
29 17
28 17
27 17
28 17
29 17
30 17
31 17
30 17
29 17
29 18
28 18
27 18
27 17
27 16
27 15
27 16
28 16
27 16
26 16
25 16
25 15
24 15
25 15
25 16
25 17
24 17
24 18
25 18
25 19
25 20
25 21
24 21
24 22
24 23
24 24
24 25
24 26
23 26
23 27
24 27
23 27
24 27
24 26
24 25
23 25
23 24
24 24
24 23
24 24
24 23
24 22
25 22
25 21
25 22
24 22
23 22
23 21
23 22
23 23
24 23
24 22
25 22
25 23
24 23
25 23
24 23
24 24
25 24
25 25
25 24
26 24
26 23
26 22
26 23
25 23
25 22
25 23
25 22
26 22
25 22
25 21
25 20
26 20
27 20
27 21
28 21
28 22
29 22
28 22
28 23
29 23
30 23
30 24
31 24
32 24
32 23
32 24
33 24
32 24
33 24
33 25
34 25
35 25
36 25
36 24
35 24
34 24
35 24
36 24
37 24
37 25
38 25
38 24
38 25
38 26
38 27
38 26
38 25
38 26
37 26
38 26
38 25
38 24
38 25
39 25
38 25
38 26
38 27
37 27
37 28
37 29
37 30
36 30
37 30
37 29
36 29
36 28
36 27
37 27
37 26
37 27
36 27
36 26
35 26
36 26
36 27
35 27
34 27
33 27
34 27
33 27
34 27
35 27
35 26
36 26
36 25
36 26
36 25
37 25
36 25
37 25
36 25
37 25
36 25
37 25
36 25
35 25
35 26
36 26
37 26
36 26
36 25
35 25
35 26
35 27
35 26
35 25
35 26
36 26
37 26
37 27
38 27
38 26
37 26
37 27
36 27
37 27
37 26
36 26
36 27
36 26
36 27
36 28
37 28
37 29
37 28
38 28
38 27
39 27
38 27
37 27
37 26
37 27
37 28
37 29
37 28
37 27
38 27
39 27
39 26
38 26
39 26
40 26
39 26
40 26
40 25
39 25
40 25
41 25
42 25
42 26
43 26
43 25
42 25
42 26
42 25
43 25
43 24
44 24
44 25
43 25
44 25
43 25
43 26
42 26
42 27
43 27
43 26
43 25
43 24
42 24
42 25
43 25
42 25
41 25
41 24
41 23
40 23
40 22
41 22
42 22
43 22
43 23
44 23
43 23
42 23
42 22
42 23
42 24
42 23
41 23
40 23
41 23
41 22
42 22
42 21
