0 0
1 0
0 0
0 1
0 0
1 0
0 0
0 1
0 2
1 2
0 2
0 3
1 3
1 4
1 5
1 4
1 5
1 4
0 4
0 3
1 3
1 4
1 3
0 3
0 4
1 4
0 4
1 4
0 4
1 4
1 3
0 3
0 2
1 2
1 3
2 3
2 4
1 4
0 4
1 4
2 4
1 4
0 4
0 3
1 3
0 3
1 3
2 3
2 2
2 1
2 2
3 2
2 2
1 2
1 1
0 1
0 0
1 0
0 0
0 1
0 0
1 0
0 0
0 1
0 2
1 2
1 1
1 2
0 2
0 3
1 3
0 3
1 3
1 2
0 2
0 3
0 4
0 5
1 5
1 6
1 7
2 7
1 7
1 6
1 7
0 7
1 7
2 7
2 8
3 8
2 8
2 7
2 6
2 7
1 7
2 7
2 8
2 9
2 10
3 10
3 11
3 12
3 13
3 14
3 15
3 14
3 15
2 15
1 15
2 15
3 15
4 15
5 15
6 15
6 16
6 15
7 15
7 14
6 14
6 13
6 12
5 12
5 11
4 11
5 11
6 11
5 11
5 12
5 11
5 12
6 12
6 11
5 11
6 11
6 12
6 13
6 12
6 11
6 10
7 10
7 11
6 11
6 12
7 12
7 11
7 12
8 12
7 12
7 13
7 14
7 13
8 13
8 12
8 11
7 11
6 11
7 11
8 11
7 11
6 11
6 10
6 11
7 11
8 11
9 11
9 10
9 9
9 8
9 9
10 9
10 10
11 10
10 10
10 9
11 9
12 9
12 8
12 9
12 8
11 8
10 8
11 8
10 8
9 8
10 8
10 9
11 9
12 9
13 9
12 9
12 8
13 8
12 8
11 8
12 8
11 8
11 9
10 9
10 8
10 9
10 10
9 10
8 10
8 9
9 9
10 9
10 8
11 8
11 9
10 9
10 10
11 10
12 10
11 10
10 10
10 11
10 12
10 11
10 10
10 11
9 11
9 10
10 10
10 11
10 10
10 11
10 10
11 10
12 10
12 9
12 8
12 7
11 7
12 7
11 7
11 8
12 8
11 8
10 8
11 8
10 8
11 8
11 7
11 8
10 8
9 8
10 8
10 7
10 8
10 7
10 8
9 8
10 8
9 8
9 9
9 8
9 9
9 8
9 7
9 8
9 7
9 6
9 7
10 7
10 6
9 6
9 7
9 8
10 8
10 9
9 9
10 9
9 9
9 10
10 10
10 9
11 9
10 9
10 10
9 10
10 10
10 9
10 8
11 8
10 8
10 7
11 7
12 7
13 7
14 7
13 7
12 7
13 7
13 6
13 5
13 6
13 7
12 7
12 6
12 7
11 7
11 6
10 6
9 6
9 5
10 5
9 5
9 4
8 4
9 4
9 5
9 6
10 6
9 6
10 6
11 6
11 5
11 4
11 5
12 5
12 4
11 4
12 4
11 4
12 4
12 3
13 3
14 3
13 3
12 3
12 2
11 2
11 1
12 1
12 2
12 3
13 3
13 2
13 3
12 3
13 3
13 2
12 2
12 1
13 1
13 2
12 2
11 2
12 2
12 3
11 3
11 2
10 2
10 3
10 4
10 5
9 5
8 5
7 5
7 4
7 5
7 6
7 5
7 6
7 7
6 7
6 6
6 5
6 4
6 5
7 5
6 5
6 6
6 5
6 6
6 5
6 4
6 3
6 2
6 1
6 2
5 2
5 1
6 1
7 1
8 1
8 2
8 1
9 1
9 0
10 0
9 0
9 1
9 2
10 2
10 3
10 4
10 5
10 6
11 6
11 7
10 7
11 7
11 8
11 9
11 8
12 8
12 7
13 7
14 7
13 7
13 6
13 5
14 5
14 4
15 4
15 3
15 2
14 2
14 1
14 2
15 2
15 3
15 2
15 3
15 4
15 3
15 4
15 5
15 4
15 5
15 6
16 6
16 5
15 5
16 5
16 6
15 6
15 7
16 7
16 6
15 6
15 5
14 5
14 4
14 3
14 2
14 3
13 3
12 3
12 4
11 4
10 4
10 5
11 5
10 5
10 4
10 3
11 3
11 4
11 3
10 3
11 3
10 3
10 2
10 1
10 2
10 1
11 1
12 1
11 1
11 0
11 1
12 1
13 1
13 0
13 1
14 1
14 2
14 3
13 3
14 3
13 3
13 2
12 2
12 3
12 4
12 5
12 6
12 7
13 7
12 7
13 7
14 7
13 7
13 6
13 5
12 5
13 5
14 5
14 6
13 6
13 5
12 5
12 4
11 4
11 5
11 6
11 5
11 6
10 6
10 5
11 5
12 5
11 5
11 6
11 7
12 7
12 8
13 8
12 8
11 8
11 9
11 8
11 9
10 9
10 8
9 8
9 9
10 9
10 10
9 10
10 10
11 10
12 10
12 11
12 10
12 9
12 10
11 10
12 10
12 11
12 12
13 12
13 13
14 13
15 13
14 13
14 12
13 12
13 13
14 13
15 13
14 13
15 13
16 13
16 14
15 14
15 15
15 16
15 17
15 16
14 16
13 16
12 16
12 17
12 18
12 17
12 16
11 16
12 16
12 15
13 15
14 15
13 15
12 15
13 15
12 15
13 15
13 14
12 14
11 14
11 13
10 13
10 14
11 14
11 13
11 14
10 14
9 14
8 14
8 13
8 12
7 12
7 11
8 11
7 11
7 10
7 11
7 12
7 11
7 10
8 10
8 11
8 10
7 10
7 11
7 12
7 11
8 11
8 12
8 11
9 11
9 12
8 12
7 12
7 13
7 14
6 14
6 15
7 15
8 15
8 14
7 14
7 13
6 13
5 13
5 14
4 14
5 14
5 15
5 16
5 17
4 17
5 17
5 18
5 19
6 19
6 18
6 19
5 19
6 19
5 19
5 20
6 20
7 20
7 21
7 20
7 19
6 19
7 19
8 19
9 19
8 19
9 19
9 18
9 19
9 20
9 21
10 21
11 21
12 21
12 22
12 23
11 23
11 22
10 22
10 23
11 23
12 23
12 24
12 23
12 22
12 23
11 23
11 22
12 22
13 22
12 22
13 22
13 21
12 21
11 21
11 22
11 21
11 22
10 22
10 23
10 24
10 25
10 26
10 25
10 26
10 25
10 24
10 23
11 23
11 24
11 23
11 24
11 23
11 24
11 23
12 23
12 22
12 23
12 24
12 25
12 24
11 24
12 24
12 25
11 25
10 25
9 25
8 25
8 26
8 27
8 26
8 27
8 26
8 25
9 25
9 24
9 23
10 23
11 23
12 23
12 24
12 25
12 26
13 26
12 26
13 26
13 27
12 27
12 28
12 27
12 26
12 25
12 26
12 27
12 28
13 28
12 28
13 28
13 27
13 26
13 27
14 27
14 28
14 29
13 29
13 30
12 30
13 30
13 31
14 31
14 30
13 30
12 30
12 31
13 31
13 32
14 32
15 32
16 32
16 31
16 32
17 32
17 31
18 31
18 32
18 33
18 34
19 34
20 34
20 33
19 33
19 32
20 32
20 31
20 32
19 32
20 32
20 31
19 31
19 32
19 31
18 31
19 31
19 32
19 31
18 31
17 31
18 31
18 30
19 30
19 29
20 29
20 28
19 28
19 27
19 28
18 28
18 27
17 27
17 28
17 27
17 28
18 28
18 27
19 27
19 28
19 29
19 30
19 29
20 29
21 29
21 28
21 27
20 27
21 27
22 27
23 27
23 26
23 27
23 26
23 25
22 25
23 25
23 26
23 25
22 25
22 26
21 26
22 26
22 27
23 27
23 28
23 29
24 29
23 29
23 30
24 30
23 30
23 31
24 31
25 31
24 31
25 31
24 31
24 32
23 32
22 32
22 33
23 33
23 32
23 33
22 33
21 33
20 33
21 33
21 32
21 31
21 32
21 31
20 31
19 31
19 32
20 32
20 33
20 32
20 31
19 31
19 32
19 31
18 31
18 30
18 29
19 29
19 30
19 31
19 32
18 32
19 32
19 33
18 33
18 34
18 35
18 36
18 35
18 34
18 33
18 34
18 35
18 36
18 37
18 38
17 38
18 38
17 38
17 37
17 38
17 39
18 39
18 40
19 40
18 40
18 39
17 39
18 39
18 40
18 41
18 40
18 41
17 41
18 41
18 42
19 42
19 43
19 42
19 43
19 42
19 43
18 43
18 44
19 44
18 44
18 43
18 42
18 43
18 44
18 43
19 43
20 43
21 43
20 43
20 42
20 41
20 40
21 40
20 40
19 40
19 39
18 39
18 38
19 38
19 37
20 37
21 37
21 36
21 37
20 37
19 37
20 37
19 37
20 37
21 37
21 36
20 36
19 36
20 36
20 37
20 38
20 39
19 39
19 38
20 38
19 38
19 39
20 39
20 38
20 39
20 40
20 39
20 40
20 41
21 41
21 40
22 40
22 41
22 40
22 39
22 40
22 41
22 40
21 40
22 40
22 39
21 39
20 39
19 39
18 39
18 38
19 38
20 38
19 38
20 38
20 39
