0 0
0 1
1 1
2 1
2 0
2 1
1 1
0 1
1 1
0 1
0 0
1 0
0 0
1 0
0 0
1 0
0 0
1 0
1 1
1 2
0 2
1 2
1 1
1 2
2 2
1 2
2 2
2 3
2 4
2 3
2 4
3 4
3 3
3 4
3 5
3 4
3 5
2 5
2 4
3 4
2 4
3 4
2 4
2 3
1 3
0 3
0 4
1 4
2 4
2 5
1 5
1 6
0 6
1 6
2 6
1 6
0 6
0 5
0 6
0 7
0 8
0 7
0 6
1 6
1 7
1 8
1 9
0 9
1 9
0 9
1 9
2 9
1 9
0 9
0 8
1 8
1 7
0 7
1 7
1 8
1 9
1 8
1 7
0 7
1 7
2 7
3 7
4 7
4 8
3 8
3 7
4 7
3 7
4 7
5 7
5 8
5 7
5 6
5 5
6 5
7 5
7 4
8 4
8 5
8 6
8 5
9 5
8 5
7 5
8 5
9 5
8 5
9 5
9 6
9 7
10 7
11 7
12 7
11 7
11 6
10 6
10 7
10 8
9 8
10 8
9 8
9 7
8 7
8 6
9 6
9 5
9 4
8 4
8 5
7 5
6 5
6 6
6 7
6 8
6 7
7 7
7 8
7 9
8 9
7 9
7 8
7 7
7 6
6 6
7 6
7 5
6 5
5 5
5 4
5 3
4 3
3 3
3 4
2 4
3 4
4 4
3 4
2 4
3 4
2 4
2 5
3 5
2 5
3 5
4 5
3 5
4 5
3 5
3 6
3 5
4 5
4 4
3 4
4 4
5 4
5 3
5 2
4 2
4 1
4 0
4 1
4 2
4 3
5 3
5 4
5 3
5 4
6 4
6 5
5 5
4 5
5 5
4 5
3 5
2 5
2 4
1 4
0 4
1 4
0 4
1 4
0 4
0 3
1 3
2 3
1 3
1 4
2 4
1 4
2 4
2 5
2 4
2 5
3 5
3 6
3 7
3 8
2 8
2 9
2 8
1 8
2 8
3 8
2 8
3 8
2 8
1 8
1 9
2 9
2 10
2 9
2 10
2 9
2 10
3 10
3 11
2 11
2 10
3 10
3 11
3 10
3 11
3 12
3 13
3 14
3 13
3 14
3 13
3 12
3 11
3 10
4 10
3 10
2 10
2 11
3 11
3 10
3 11
4 11
4 10
4 11
4 10
4 9
4 8
3 8
4 8
3 8
2 8
3 8
3 7
2 7
3 7
3 6
3 5
2 5
2 4
2 3
2 2
3 2
4 2
3 2
4 2
3 2
4 2
3 2
3 1
2 1
2 0
2 1
2 0
3 0
3 1
4 1
3 1
3 2
4 2
5 2
6 2
7 2
7 1
8 1
7 1
7 2
6 2
5 2
4 2
5 2
5 1
5 2
5 3
6 3
5 3
5 2
5 1
5 0
6 0
6 1
7 1
8 1
7 1
8 1
8 2
8 1
9 1
8 1
9 1
10 1
11 1
12 1
13 1
14 1
13 1
12 1
12 0
12 1
11 1
11 2
10 2
10 3
10 4
9 4
9 5
8 5
8 6
8 5
8 4
8 3
7 3
8 3
7 3
8 3
8 2
9 2
10 2
11 2
11 1
10 1
10 0
10 1
10 0
11 0
12 0
11 0
11 1
12 1
13 1
13 0
13 1
13 0
13 1
13 2
13 3
13 4
12 4
11 4
10 4
10 5
10 4
11 4
10 4
11 4
12 4
11 4
10 4
9 4
8 4
8 5
8 6
9 6
9 7
8 7
9 7
9 8
10 8
10 9
11 9
11 10
10 10
10 9
10 8
10 9
10 8
10 9
10 8
10 9
10 10
10 11
11 11
11 10
10 10
10 9
11 9
11 10
10 10
10 9
9 9
8 9
8 8
8 9
9 9
9 8
8 8
9 8
9 9
10 9
10 10
9 10
9 9
10 9
9 9
9 8
10 8
9 8
9 7
10 7
11 7
11 8
11 9
12 9
11 9
11 8
10 8
10 7
10 8
9 8
9 9
9 8
8 8
7 8
6 8
6 7
6 8
6 7
5 7
4 7
3 7
3 6
2 6
3 6
2 6
3 6
4 6
4 5
5 5
6 5
6 6
6 5
5 5
5 4
5 3
5 2
4 2
5 2
5 1
5 2
4 2
4 1
4 0
5 0
4 0
4 1
3 1
3 2
3 1
4 1
3 1
4 1
4 2
4 1
3 1
3 0
3 1
3 2
3 1
3 0
2 0
2 1
1 1
1 0
0 0
0 1
1 1
1 0
0 0
1 0
1 1
2 1
3 1
3 0
3 1
3 2
3 3
4 3
4 2
3 2
3 1
4 1
3 1
4 1
5 1
5 0
5 1
5 2
4 2
5 2
4 2
3 2
3 3
3 4
3 5
3 4
3 5
2 5
3 5
4 5
3 5
4 5
5 5
4 5
3 5
4 5
4 4
4 3
5 3
4 3
5 3
5 4
4 4
5 4
5 3
5 4
5 5
5 4
4 4
5 4
4 4
5 4
4 4
4 3
5 3
5 2
6 2
6 3
7 3
7 4
7 5
8 5
7 5
8 5
7 5
7 4
7 3
8 3
9 3
9 2
9 3
9 2
8 2
9 2
8 2
8 1
8 0
7 0
6 0
6 1
6 2
6 3
6 2
6 3
6 2
6 3
7 3
6 3
6 4
6 5
7 5
7 6
8 6
9 6
9 5
9 6
10 6
11 6
11 5
11 4
11 3
10 3
10 4
10 5
11 5
11 4
10 4
10 3
10 2
9 2
9 1
8 1
7 1
7 0
6 0
6 1
6 2
6 1
6 2
6 3
6 2
5 2
6 2
7 2
8 2
8 3
8 4
8 5
7 5
8 5
9 5
8 5
7 5
7 6
8 6
8 5
8 4
7 4
7 5
7 4
8 4
7 4
8 4
9 4
10 4
11 4
12 4
13 4
14 4
14 5
13 5
14 5
15 5
14 5
14 6
14 7
13 7
14 7
15 7
16 7
16 6
17 6
17 7
16 7
15 7
16 7
15 7
15 8
16 8
17 8
17 7
18 7
19 7
18 7
18 8
18 7
18 8
17 8
17 7
18 7
18 6
18 5
19 5
19 6
19 7
19 6
18 6
17 6
18 6
18 7
19 7
18 7
17 7
16 7
17 7
17 6
18 6
19 6
18 6
17 6
16 6
15 6
15 7
16 7
17 7
17 6
18 6
19 6
20 6
21 6
21 5
22 5
22 4
23 4
23 5
22 5
21 5
20 5
20 6
20 7
21 7
22 7
22 8
22 7
21 7
22 7
22 6
21 6
21 7
21 8
21 9
21 10
20 10
20 9
21 9
21 8
22 8
21 8
21 9
21 10
21 9
20 9
20 10
21 10
21 9
21 8
21 9
20 9
21 9
21 10
21 9
21 8
20 8
20 9
20 10
20 11
21 11
22 11
21 11
22 11
23 11
23 12
23 13
23 14
22 14
21 14
22 14
23 14
24 14
24 15
23 15
23 16
23 15
24 15
25 15
25 16
25 17
24 17
24 16
24 15
24 14
23 14
24 14
23 14
24 14
25 14
26 14
26 15
25 15
25 16
26 16
26 17
27 17
26 17
27 17
26 17
25 17
24 17
23 17
22 17
21 17
21 16
20 16
20 15
20 16
19 16
19 17
19 16
19 17
18 17
19 17
20 17
20 18
21 18
21 19
21 18
21 19
22 19
22 18
22 17
22 16
21 16
22 16
21 16
20 16
20 17
20 18
20 17
19 17
18 17
19 17
18 17
18 18
18 17
19 17
18 17
19 17
19 18
20 18
19 18
18 18
18 17
17 17
17 18
17 19
16 19
15 19
14 19
13 19
12 19
11 19
12 19
11 19
10 19
9 19
9 18
9 17
9 18
10 18
11 18
12 18
12 17
12 16
11 16
11 15
12 15
13 15
13 14
13 15
13 16
12 16
12 17
12 18
13 18
12 18
11 18
12 18
12 17
12 18
13 18
12 18
11 18
11 19
12 19
12 18
12 19
12 18
12 19
12 18
13 18
12 18
12 19
12 20
12 19
11 19
11 18
11 19
11 20
12 20
12 21
11 21
12 21
12 22
12 23
13 23
13 22
13 21
13 20
13 19
13 20
13 21
13 22
14 22
15 22
15 21
15 22
14 22
13 22
13 21
14 21
14 20
15 20
15 19
15 20
16 20
16 21
17 21
16 21
16 22
17 22
17 23
16 23
16 22
15 22
14 22
14 23
15 23
16 23
16 24
15 24
15 25
15 26
14 26
15 26
15 27
15 28
16 28
16 29
16 30
16 29
17 29
16 29
15 29
16 29
17 29
17 30
17 31
17 32
18 32
17 32
17 31
18 31
17 31
17 30
17 31
17 30
18 30
19 30
19 31
19 32
20 32
20 31
20 30
20 31
20 32
20 31
19 31
19 32
19 33
20 33
21 33
22 33
21 33
22 33
22 32
22 33
23 33
23 34
23 35
23 34
