0 0
0 1
1 1
0 1
0 2
0 1
1 1
1 2
1 3
2 3
2 2
1 2
2 2
2 3
1 3
2 3
2 2
2 1
2 0
3 0
4 0
5 0
6 0
6 1
5 1
4 1
4 0
4 1
3 1
4 1
4 2
4 1
3 1
2 1
2 0
2 1
3 1
4 1
3 1
2 1
2 0
3 0
3 1
3 0
4 0
4 1
3 1
4 1
3 1
4 1
5 1
5 2
5 1
4 1
4 2
4 1
4 2
4 1
4 2
4 3
3 3
4 3
5 3
5 4
4 4
4 3
3 3
4 3
4 2
3 2
2 2
1 2
1 3
1 4
1 3
2 3
2 4
1 4
1 5
0 5
1 5
1 4
1 3
1 2
1 3
0 3
0 4
1 4
1 5
1 4
1 3
2 3
3 3
3 4
2 4
1 4
2 4
2 3
3 3
2 3
1 3
1 2
1 3
1 4
0 4
0 5
0 6
0 7
0 6
1 6
0 6
0 5
0 6
0 7
1 7
1 8
2 8
3 8
3 9
3 8
3 9
4 9
4 10
4 11
4 12
4 11
4 10
5 10
5 9
6 9
5 9
5 8
6 8
6 7
6 8
7 8
6 8
6 7
6 8
6 9
6 10
7 10
7 11
7 12
7 13
8 13
7 13
7 12
7 13
7 14
7 15
7 14
6 14
6 13
6 14
7 14
7 15
8 15
8 14
7 14
6 14
6 13
7 13
6 13
7 13
7 14
8 14
8 13
8 12
8 11
7 11
7 12
8 12
9 12
9 11
9 10
9 11
9 10
9 11
8 11
8 10
7 10
7 9
6 9
6 10
6 11
7 11
6 11
6 10
6 11
5 11
5 10
6 10
6 11
5 11
6 11
6 10
6 9
6 10
5 10
4 10
4 9
5 9
6 9
6 8
6 9
5 9
5 8
6 8
6 7
7 7
7 8
6 8
7 8
6 8
6 9
7 9
7 10
8 10
9 10
10 10
9 10
8 10
7 10
7 11
6 11
6 12
6 11
7 11
7 12
7 13
7 14
7 15
8 15
9 15
9 16
8 16
7 16
6 16
6 15
6 14
5 14
5 13
6 13
7 13
7 14
8 14
8 13
8 12
8 11
8 12
8 13
7 13
7 14
7 13
8 13
9 13
9 12
9 11
10 11
11 11
11 10
11 9
11 8
12 8
12 7
12 6
12 7
12 8
12 7
13 7
13 6
12 6
13 6
13 7
13 6
13 7
12 7
13 7
12 7
12 6
11 6
10 6
10 5
9 5
8 5
7 5
7 6
6 6
5 6
6 6
7 6
8 6
8 5
9 5
8 5
9 5
8 5
7 5
7 6
8 6
7 6
7 7
7 6
6 6
5 6
5 7
5 6
5 5
6 5
6 6
6 5
7 5
8 5
7 5
6 5
6 6
6 7
5 7
5 8
6 8
6 7
6 8
5 8
5 7
4 7
5 7
4 7
3 7
3 8
2 8
3 8
3 9
3 10
2 10
3 10
3 11
2 11
3 11
3 10
3 11
3 10
2 10
1 10
2 10
3 10
2 10
1 10
1 11
1 12
2 12
2 13
2 12
1 12
0 12
0 13
0 14
1 14
0 14
0 15
0 16
1 16
0 16
0 17
0 16
1 16
0 16
0 17
0 18
0 19
1 19
1 18
0 18
0 19
1 19
0 19
0 20
0 19
0 20
0 21
0 20
1 20
1 19
0 19
1 19
2 19
1 19
2 19
2 20
2 21
1 21
1 22
0 22
1 22
0 22
1 22
1 23
0 23
0 24
0 25
0 24
1 24
2 24
3 24
2 24
2 25
2 24
3 24
2 24
2 25
3 25
2 25
3 25
2 25
1 25
1 26
1 25
0 25
1 25
1 26
1 27
1 28
1 29
0 29
0 30
0 31
1 31
0 31
0 32
0 33
1 33
0 33
0 32
0 33
0 34
1 34
0 34
0 33
0 34
1 34
2 34
3 34
3 35
3 36
3 37
4 37
3 37
2 37
1 37
2 37
2 36
2 35
3 35
3 34
3 33
3 32
3 31
4 31
3 31
3 32
2 32
2 31
1 31
1 32
1 31
1 32
1 31
0 31
0 32
0 31
1 31
0 31
0 30
1 30
0 30
0 31
1 31
1 32
0 32
0 33
1 33
2 33
2 34
3 34
3 35
3 36
3 37
3 36
2 36
1 36
2 36
2 37
1 37
2 37
2 36
3 36
4 36
4 35
4 34
4 35
4 36
4 35
5 35
4 35
4 34
4 33
5 33
5 34
5 33
5 34
5 33
4 33
4 34
3 34
2 34
2 33
1 33
0 33
1 33
1 34
1 33
1 32
0 32
0 31
1 31
1 30
2 30
2 29
3 29
2 29
2 30
1 30
0 30
1 30
2 30
3 30
3 31
3 32
3 33
3 34
4 34
4 35
4 34
3 34
2 34
2 35
2 34
3 34
3 35
3 34
3 33
2 33
3 33
2 33
3 33
4 33
4 34
4 33
5 33
4 33
5 33
4 33
5 33
4 33
4 32
5 32
6 32
5 32
5 33
5 32
5 33
5 32
4 32
3 32
4 32
4 31
4 32
5 32
6 32
6 33
6 32
5 32
4 32
4 31
4 32
4 31
4 32
5 32
4 32
4 33
4 32
5 32
4 32
4 31
4 32
3 32
2 32
3 32
4 32
4 33
4 32
4 33
5 33
4 33
4 32
4 31
5 31
5 30
5 29
5 28
5 29
4 29
4 28
3 28
3 29
2 29
3 29
3 30
3 31
3 32
2 32
1 32
0 32
1 32
1 33
0 33
0 34
1 34
0 34
0 35
1 35
0 35
0 36
0 37
1 37
1 38
0 38
1 38
1 39
1 40
1 39
1 38
0 38
0 37
0 36
1 36
0 36
0 35
1 35
1 36
0 36
1 36
0 36
0 35
1 35
2 35
2 36
2 37
2 36
1 36
1 37
1 38
2 38
1 38
0 38
0 39
1 39
1 38
1 37
2 37
1 37
1 38
0 38
1 38
1 39
1 38
2 38
3 38
3 37
4 37
3 37
4 37
4 38
4 39
3 39
3 40
2 40
2 41
1 41
0 41
0 40
1 40
0 40
0 41
1 41
0 41
0 40
0 41
1 41
1 42
0 42
1 42
0 42
0 41
1 41
2 41
2 42
2 43
2 44
1 44
1 45
1 46
0 46
0 45
0 44
0 45
1 45
1 44
1 43
1 42
1 41
0 41
1 41
1 42
1 41
2 41
1 41
2 41
2 42
1 42
1 43
2 43
3 43
3 44
3 45
2 45
2 44
2 43
2 44
2 43
3 43
2 43
1 43
0 43
0 44
0 45
0 46
1 46
1 47
1 46
0 46
0 47
1 47
0 47
1 47
1 46
0 46
0 47
0 48
1 48
0 48
1 48
0 48
0 49
0 50
0 51
1 51
1 50
0 50
1 50
1 51
0 51
1 51
1 50
0 50
1 50
1 51
1 52
2 52
3 52
4 52
5 52
6 52
6 51
7 51
6 51
7 51
8 51
8 50
8 51
7 51
7 52
6 52
6 51
7 51
6 51
7 51
7 50
7 49
7 50
7 51
6 51
5 51
4 51
5 51
4 51
4 50
3 50
4 50
3 50
3 49
3 50
2 50
2 49
1 49
1 48
1 47
1 46
2 46
3 46
3 47
3 48
3 49
2 49
3 49
3 50
3 49
4 49
4 48
4 49
4 50
3 50
3 49
3 50
3 49
3 48
3 49
3 48
3 49
3 48
2 48
1 48
0 48
0 47
0 46
0 47
0 48
1 48
1 47
0 47
0 48
0 47
1 47
1 48
0 48
0 49
0 50
0 51
1 51
1 52
0 52
1 52
1 51
1 52
2 52
3 52
3 51
3 50
2 50
2 49
3 49
3 48
2 48
2 47
3 47
3 48
3 49
2 49
3 49
3 50
4 50
4 51
5 51
5 52
4 52
3 52
4 52
4 51
4 52
3 52
3 51
2 51
2 52
1 52
1 53
1 54
0 54
0 53
0 52
0 51
0 52
1 52
1 53
1 54
2 54
2 55
2 54
1 54
2 54
3 54
3 55
4 55
3 55
2 55
2 54
2 55
1 55
2 55
2 54
2 55
1 55
2 55
3 55
4 55
4 54
4 55
5 55
5 54
5 53
6 53
6 54
5 54
5 55
5 56
5 55
5 56
5 57
5 58
6 58
6 57
5 57
6 57
6 56
5 56
5 55
5 54
5 53
4 53
3 53
3 52
2 52
1 52
1 51
1 52
1 53
2 53
1 53
0 53
0 54
0 53
1 53
1 52
0 52
0 53
1 53
1 52
0 52
0 53
1 53
1 52
1 53
2 53
3 53
2 53
3 53
4 53
3 53
2 53
1 53
0 53
1 53
1 54
1 55
1 54
1 55
1 56
0 56
1 56
1 55
0 55
1 55
0 55
0 54
0 53
1 53
0 53
0 52
1 52
1 51
1 52
