0 0
1 0
2 0
1 0
0 0
0 1
0 0
0 1
1 1
1 0
1 1
1 2
0 2
0 1
1 1
0 1
1 1
2 1
1 1
0 1
0 0
0 1
1 1
0 1
0 0
1 0
1 1
0 1
0 0
0 1
0 0
1 0
1 1
1 0
1 1
0 1
0 2
1 2
1 3
0 3
1 3
1 2
1 3
2 3
2 4
3 4
3 5
4 5
4 4
3 4
3 3
2 3
2 4
2 5
2 6
2 5
3 5
3 4
3 5
2 5
3 5
4 5
4 4
4 5
5 5
5 4
4 4
4 5
3 5
4 5
4 6
4 7
5 7
6 7
5 7
5 8
4 8
5 8
5 9
5 10
5 9
5 10
6 10
5 10
4 10
4 9
4 10
4 9
4 10
3 10
3 11
3 12
3 13
3 14
3 13
4 13
5 13
5 14
5 15
5 16
6 16
6 17
7 17
8 17
7 17
8 17
9 17
9 18
9 17
9 16
10 16
11 16
10 16
11 16
11 17
11 16
11 15
10 15
10 16
10 17
10 18
10 17
9 17
9 16
10 16
10 15
10 14
10 13
10 12
9 12
8 12
9 12
10 12
10 11
10 10
10 11
10 10
9 10
10 10
10 9
10 10
10 9
10 8
10 7
11 7
12 7
13 7
13 6
12 6
12 7
13 7
13 8
12 8
11 8
11 9
11 10
11 9
11 10
12 10
13 10
13 11
13 12
13 11
13 12
14 12
14 11
15 11
15 12
15 13
14 13
13 13
14 13
15 13
14 13
13 13
13 14
13 13
13 14
13 13
13 12
13 11
12 11
12 12
11 12
12 12
12 13
11 13
11 12
12 12
11 12
11 13
10 13
10 12
10 13
10 12
10 11
10 10
10 11
9 11
8 11
9 11
8 11
7 11
7 12
7 13
7 14
7 13
8 13
8 14
9 14
8 14
8 15
9 15
8 15
7 15
7 16
7 15
7 14
7 15
7 16
8 16
7 16
7 17
6 17
7 17
8 17
9 17
8 17
9 17
9 18
10 18
10 19
11 19
11 20
11 19
10 19
10 20
10 21
11 21
11 22
10 22
11 22
11 21
12 21
13 21
12 21
11 21
11 22
11 23
11 24
10 24
11 24
12 24
13 24
14 24
15 24
15 25
15 24
15 25
16 25
16 26
16 27
16 26
15 26
15 27
15 26
16 26
17 26
17 25
17 26
16 26
16 25
16 24
16 23
16 22
15 22
14 22
14 21
15 21
16 21
17 21
16 21
15 21
14 21
14 22
15 22
15 21
14 21
15 21
15 22
15 23
16 23
16 24
16 25
17 25
18 25
18 24
18 25
19 25
19 24
20 24
19 24
18 24
17 24
18 24
18 25
17 25
18 25
18 26
19 26
19 27
18 27
18 28
18 29
18 30
18 29
18 28
18 27
18 28
18 27
17 27
17 26
16 26
15 26
15 27
16 27
16 28
17 28
17 29
16 29
15 29
14 29
14 30
14 29
13 29
13 28
12 28
12 27
12 26
13 26
12 26
12 27
13 27
13 26
14 26
14 27
14 26
13 26
13 25
12 25
12 24
12 25
12 24
12 23
12 22
12 21
12 20
13 20
14 20
13 20
13 19
12 19
13 19
14 19
14 18
13 18
13 19
14 19
14 18
15 18
15 17
15 16
16 16
16 17
17 17
17 16
16 16
17 16
18 16
19 16
18 16
18 17
19 17
19 18
19 17
20 17
20 16
20 17
20 16
19 16
18 16
18 17
18 16
18 15
17 15
18 15
19 15
18 15
18 14
18 13
17 13
16 13
16 14
17 14
18 14
17 14
17 13
17 12
17 13
16 13
16 12
16 11
16 10
16 9
15 9
14 9
13 9
12 9
12 10
12 9
12 8
12 7
11 7
12 7
13 7
14 7
14 6
14 5
15 5
14 5
14 4
14 3
13 3
13 2
13 1
13 2
13 1
14 1
15 1
15 2
15 1
14 1
14 2
15 2
15 1
14 1
15 1
15 0
16 0
16 1
16 2
16 1
17 1
17 2
18 2
18 1
18 2
19 2
19 3
20 3
19 3
19 4
18 4
19 4
19 3
18 3
19 3
19 4
18 4
18 3
17 3
17 2
18 2
19 2
19 1
20 1
20 0
21 0
21 1
20 1
21 1
20 1
20 0
19 0
18 0
18 1
17 1
17 0
17 1
17 0
17 1
18 1
18 0
18 1
18 0
18 1
18 0
17 0
17 1
16 1
16 0
16 1
17 1
16 1
16 0
16 1
16 2
17 2
16 2
16 1
16 0
17 0
16 0
15 0
15 1
15 0
14 0
14 1
15 1
14 1
13 1
13 2
12 2
12 3
11 3
10 3
10 2
9 2
9 3
9 2
9 1
9 2
9 3
8 3
9 3
9 4
9 3
9 4
9 5
8 5
9 5
9 6
8 6
8 5
7 5
6 5
6 6
6 7
6 8
7 8
7 9
7 10
8 10
8 9
8 10
9 10
9 9
10 9
11 9
10 9
10 8
10 9
10 10
9 10
9 11
9 12
9 11
10 11
10 12
10 13
11 13
12 13
13 13
12 13
13 13
13 14
14 14
14 13
13 13
13 14
14 14
13 14
14 14
14 13
14 14
13 14
13 15
12 15
12 16
12 17
13 17
14 17
15 17
15 16
16 16
16 15
16 16
16 15
16 14
16 15
16 14
16 15
16 14
17 14
18 14
19 14
18 14
18 13
19 13
19 14
19 13
19 12
19 13
19 14
20 14
20 15
19 15
18 15
18 16
18 15
18 16
18 17
17 17
17 16
17 17
17 18
17 19
16 19
15 19
15 18
14 18
14 19
15 19
16 19
17 19
18 19
18 18
18 19
18 18
17 18
16 18
16 19
16 20
16 19
17 19
17 18
17 19
18 19
17 19
17 20
16 20
16 19
15 19
15 18
16 18
17 18
17 17
17 16
18 16
19 16
19 15
18 15
18 16
19 16
19 15
20 15
20 16
21 16
20 16
19 16
18 16
19 16
19 15
19 14
20 14
20 13
19 13
19 14
20 14
21 14
21 15
22 15
23 15
23 16
22 16
22 15
23 15
22 15
23 15
24 15
24 16
25 16
25 17
26 17
27 17
26 17
25 17
25 18
26 18
26 17
27 17
26 17
25 17
25 18
26 18
26 19
26 20
26 21
25 21
25 20
25 21
25 20
26 20
27 20
28 20
28 21
27 21
28 21
28 20
28 19
27 19
26 19
26 20
26 19
27 19
27 18
27 17
27 18
27 17
27 18
28 18
28 17
29 17
30 17
31 17
32 17
32 16
32 17
31 17
31 18
32 18
31 18
31 17
32 17
32 16
31 16
31 17
31 18
31 19
32 19
31 19
30 19
29 19
30 19
29 19
30 19
30 20
29 20
29 21
30 21
31 21
32 21
32 20
31 20
31 19
31 20
31 19
32 19
32 18
31 18
31 17
30 17
31 17
30 17
31 17
30 17
29 17
29 18
30 18
31 18
30 18
30 19
31 19
32 19
31 19
31 20
32 20
32 21
33 21
33 20
32 20
32 21
32 20
32 21
32 22
32 23
32 24
32 23
33 23
33 24
33 25
33 26
33 27
34 27
35 27
35 26
35 25
35 24
36 24
36 23
36 22
36 23
37 23
37 24
37 25
37 24
37 23
36 23
35 23
35 24
36 24
37 24
36 24
37 24
36 24
36 23
37 23
37 22
36 22
37 22
38 22
38 21
37 21
37 22
37 23
37 24
38 24
37 24
37 23
37 22
38 22
39 22
39 23
39 22
39 21
39 20
38 20
37 20
38 20
38 21
38 22
39 22
40 22
41 22
41 21
40 21
40 22
40 23
39 23
40 23
40 24
41 24
40 24
41 24
42 24
42 23
43 23
42 23
42 24
43 24
44 24
44 23
45 23
45 22
45 23
46 23
46 24
46 25
46 24
45 24
46 24
46 25
47 25
47 26
48 26
47 26
46 26
47 26
48 26
48 25
47 25
46 25
45 25
44 25
44 24
44 23
44 22
44 23
44 24
45 24
45 23
45 22
44 22
45 22
44 22
43 22
44 22
43 22
43 23
42 23
42 24
43 24
43 23
44 23
45 23
45 22
45 21
46 21
47 21
46 21
46 20
47 20
48 20
47 20
47 21
46 21
46 22
46 21
45 21
46 21
45 21
45 20
45 21
45 22
46 22
46 21
46 20
47 20
47 19
47 20
46 20
47 20
47 19
47 20
46 20
46 19
46 20
46 21
45 21
44 21
44 20
44 21
44 20
43 20
43 19
43 18
43 17
44 17
44 16
44 17
43 17
43 16
43 17
43 16
43 17
43 16
43 17
43 18
42 18
42 17
43 17
44 17
44 18
44 19
45 19
46 19
45 19
45 20
45 21
45 20
45 19
44 19
44 20
43 20
42 20
42 19
42 18
42 19
42 18
41 18
40 18
39 18
38 18
38 19
37 19
38 19
37 19
36 19
36 20
37 20
