0 0
1 0
1 1
1 0
2 0
2 1
3 1
3 2
4 2
3 2
3 1
2 1
2 2
2 3
2 2
2 3
2 2
3 2
3 3
3 2
2 2
2 1
2 0
2 1
2 2
1 2
1 3
1 2
1 3
2 3
1 3
1 4
2 4
2 3
2 4
1 4
0 4
1 4
1 3
1 4
1 5
1 6
0 6
1 6
1 5
1 6
2 6
2 5
2 6
2 7
2 6
2 7
2 6
3 6
4 6
4 5
4 4
5 4
5 5
4 5
4 6
5 6
4 6
3 6
3 7
2 7
3 7
3 6
3 7
3 6
3 7
3 6
4 6
4 5
4 4
5 4
4 4
3 4
3 5
2 5
2 6
2 7
2 8
3 8
3 9
3 8
3 9
4 9
5 9
5 10
5 11
4 11
4 10
3 10
3 9
3 10
3 9
3 8
4 8
4 9
5 9
5 8
5 7
4 7
3 7
4 7
3 7
4 7
5 7
4 7
4 8
5 8
5 9
5 8
6 8
6 7
6 6
6 5
6 4
5 4
6 4
6 3
6 2
5 2
5 1
4 1
5 1
6 1
6 2
6 1
5 1
5 2
6 2
6 3
7 3
7 4
6 4
6 3
6 2
6 3
6 4
7 4
8 4
8 5
7 5
7 6
6 6
5 6
4 6
4 7
5 7
5 6
6 6
6 5
6 6
5 6
4 6
3 6
3 5
3 4
2 4
2 5
3 5
4 5
3 5
3 6
2 6
2 5
1 5
2 5
3 5
2 5
2 4
2 5
2 4
3 4
4 4
5 4
4 4
3 4
3 5
4 5
4 6
4 7
4 8
3 8
4 8
4 9
5 9
5 10
5 9
4 9
5 9
4 9
5 9
6 9
6 10
6 9
6 10
5 10
4 10
5 10
5 11
5 10
5 11
5 12
5 11
6 11
6 10
6 9
7 9
8 9
9 9
8 9
8 8
9 8
8 8
9 8
9 7
8 7
9 7
9 6
10 6
10 5
9 5
9 4
8 4
8 3
7 3
7 2
8 2
8 3
9 3
10 3
10 4
10 3
10 4
10 5
10 6
10 7
9 7
9 8
9 7
9 8
9 7
8 7
8 8
7 8
8 8
7 8
6 8
6 7
7 7
8 7
9 7
8 7
9 7
9 6
10 6
10 5
9 5
9 6
9 5
8 5
7 5
6 5
5 5
5 4
6 4
7 4
8 4
8 5
8 6
8 5
8 6
8 7
9 7
10 7
9 7
9 8
10 8
10 7
9 7
10 7
10 6
11 6
10 6
10 7
10 8
11 8
11 7
11 8
12 8
12 7
12 8
11 8
10 8
10 9
9 9
9 8
10 8
10 9
10 8
11 8
11 9
11 10
10 10
10 11
11 11
11 10
10 10
11 10
11 9
11 10
11 9
11 8
12 8
12 7
12 6
13 6
14 6
14 7
15 7
16 7
16 6
17 6
16 6
15 6
15 5
15 6
15 7
14 7
14 8
14 7
13 7
14 7
14 8
14 7
14 8
15 8
14 8
15 8
16 8
16 7
16 8
15 8
16 8
16 9
17 9
17 8
17 7
18 7
19 7
20 7
20 6
19 6
20 6
21 6
21 5
21 6
21 7
21 6
22 6
21 6
22 6
21 6
20 6
19 6
20 6
20 7
20 8
20 7
20 8
20 9
21 9
20 9
20 8
20 7
21 7
21 6
20 6
20 5
19 5
19 4
19 3
19 2
19 1
19 2
20 2
19 2
20 2
21 2
22 2
22 3
22 4
23 4
23 3
23 4
22 4
22 5
21 5
20 5
20 6
21 6
22 6
23 6
23 5
24 5
24 4
24 3
25 3
26 3
25 3
24 3
24 2
23 2
24 2
24 3
23 3
23 4
23 3
24 3
25 3
26 3
25 3
25 2
24 2
24 3
23 3
22 3
21 3
21 2
21 3
21 4
21 3
22 3
23 3
23 4
22 4
21 4
21 5
21 4
22 4
21 4
21 3
22 3
22 2
23 2
23 3
24 3
24 2
23 2
22 2
22 3
22 4
22 5
22 4
22 3
23 3
23 2
22 2
21 2
22 2
23 2
23 3
23 4
24 4
23 4
23 5
22 5
22 6
22 7
23 7
23 6
24 6
24 5
25 5
25 6
24 6
23 6
24 6
25 6
24 6
25 6
25 5
26 5
27 5
27 4
26 4
25 4
26 4
26 3
26 2
26 1
26 0
26 1
26 0
25 0
25 1
26 1
25 1
24 1
24 2
24 3
23 3
23 4
24 4
24 3
24 2
24 3
24 2
25 2
25 1
26 1
26 0
26 1
26 0
25 0
24 0
25 0
25 1
25 2
25 1
25 2
26 2
25 2
25 3
24 3
24 2
25 2
24 2
23 2
23 1
23 0
24 0
25 0
26 0
25 0
25 1
26 1
26 0
26 1
27 1
27 2
27 1
28 1
27 1
27 2
26 2
26 1
26 2
27 2
27 1
26 1
26 0
26 1
27 1
27 0
27 1
28 1
27 1
26 1
27 1
28 1
29 1
29 0
28 0
28 1
29 1
28 1
28 2
28 1
28 0
29 0
29 1
29 0
28 0
28 1
29 1
30 1
29 1
29 2
29 3
30 3
31 3
32 3
32 2
31 2
31 1
30 1
30 0
29 0
29 1
29 2
30 2
29 2
28 2
28 1
29 1
29 0
28 0
28 1
27 1
28 1
28 2
28 1
28 0
27 0
27 1
27 0
28 0
29 0
29 1
30 1
31 1
31 0
30 0
29 0
28 0
29 0
30 0
30 1
31 1
32 1
33 1
33 2
34 2
35 2
35 3
34 3
33 3
33 4
34 4
35 4
36 4
35 4
35 3
36 3
36 2
37 2
38 2
38 1
39 1
38 1
38 2
39 2
40 2
40 3
40 4
41 4
40 4
41 4
40 4
41 4
40 4
39 4
38 4
37 4
38 4
37 4
37 3
37 4
37 5
38 5
39 5
38 5
38 6
38 7
39 7
39 8
39 9
39 10
40 10
41 10
42 10
42 11
42 10
43 10
43 9
44 9
45 9
45 8
45 9
44 9
45 9
45 8
44 8
43 8
44 8
44 7
45 7
45 6
46 6
45 6
46 6
45 6
46 6
45 6
45 7
45 8
44 8
44 9
45 9
45 8
46 8
46 9
46 8
47 8
46 8
46 9
47 9
46 9
46 10
46 11
47 11
48 11
49 11
49 12
49 11
49 12
49 11
48 11
48 12
49 12
48 12
48 13
47 13
46 13
47 13
46 13
46 12
46 11
47 11
46 11
46 12
45 12
45 13
45 12
45 13
44 13
44 12
45 12
46 12
45 12
45 11
45 10
45 9
45 10
44 10
45 10
45 11
45 10
45 9
44 9
44 8
43 8
43 7
44 7
44 6
45 6
45 7
45 8
44 8
45 8
45 7
45 8
45 7
45 6
46 6
46 5
47 5
46 5
47 5
47 6
48 6
48 7
48 8
48 7
49 7
49 8
50 8
51 8
50 8
51 8
52 8
52 9
51 9
51 8
51 9
52 9
52 10
51 10
50 10
50 11
49 11
50 11
50 10
51 10
52 10
51 10
51 11
50 11
49 11
49 10
49 11
49 10
48 10
48 11
47 11
46 11
46 12
47 12
46 12
47 12
47 13
46 13
47 13
48 13
48 14
47 14
47 13
47 12
48 12
48 11
48 12
49 12
49 13
49 14
50 14
51 14
50 14
50 13
50 14
49 14
48 14
48 13
47 13
46 13
46 14
46 15
45 15
45 14
46 14
46 15
46 16
45 16
45 15
46 15
46 16
45 16
46 16
47 16
47 15
46 15
45 15
46 15
47 15
48 15
48 16
48 17
48 16
47 16
47 15
46 15
45 15
45 16
44 16
44 15
43 15
44 15
43 15
43 16
43 15
43 14
44 14
44 15
44 14
43 14
43 13
43 12
43 11
42 11
41 11
41 12
42 12
42 13
41 13
40 13
39 13
38 13
39 13
40 13
41 13
40 13
39 13
38 13
38 12
39 12
39 13
38 13
38 12
37 12
37 13
36 13
37 13
38 13
38 14
38 15
38 14
38 13
38 12
38 13
38 12
39 12
38 12
37 12
37 13
36 13
36 12
37 12
38 12
39 12
40 12
40 13
40 14
40 13
40 12
39 12
38 12
38 11
38 12
38 13
39 13
39 14
38 14
39 14
40 14
40 13
41 13
41 12
41 11
42 11
43 11
43 10
43 11
43 10
43 11
43 10
43 11
43 10
43 9
44 9
45 9
44 9
43 9
42 9
42 8
42 9
43 9
43 10
43 11
44 11
43 11
43 10
44 10
44 11
44 12
44 11
44 12
45 12
45 11
45 10
45 11
45 12
45 13
45 12
45 11
45 10
45 11
45 12
45 11
45 10
44 10
44 11
44 10
44 9
44 8
44 9
44 10
45 10
45 11
45 10
46 10
45 10
44 10
44 9
44 8
44 9
45 9
46 9
