0 0
1 0
1 1
1 0
1 1
1 0
2 0
2 1
2 0
3 0
3 1
2 1
1 1
1 2
2 2
2 1
2 2
1 2
1 3
1 2
1 3
2 3
2 4
3 4
4 4
3 4
2 4
3 4
4 4
3 4
4 4
3 4
3 5
3 6
4 6
5 6
4 6
4 7
4 8
4 7
5 7
5 6
4 6
3 6
3 7
3 6
3 5
2 5
2 6
2 5
2 4
2 3
2 4
3 4
3 3
3 2
3 3
3 4
3 3
3 2
3 3
4 3
5 3
6 3
6 4
6 5
6 4
7 4
8 4
9 4
8 4
9 4
10 4
10 5
11 5
11 6
12 6
11 6
10 6
10 7
9 7
9 8
9 9
8 9
8 10
8 9
7 9
6 9
5 9
6 9
7 9
7 8
8 8
9 8
9 7
9 6
10 6
11 6
11 7
12 7
12 6
11 6
11 7
12 7
12 6
12 5
12 6
13 6
13 5
13 6
13 5
14 5
13 5
14 5
14 4
13 4
12 4
13 4
14 4
14 3
14 2
13 2
13 1
12 1
12 0
12 1
11 1
11 0
10 0
10 1
9 1
9 0
10 0
10 1
10 0
9 0
9 1
10 1
11 1
10 1
11 1
11 0
10 0
9 0
10 0
11 0
10 0
9 0
9 1
10 1
11 1
12 1
11 1
11 2
10 2
10 3
11 3
11 4
12 4
13 4
13 3
14 3
14 4
14 3
13 3
13 4
14 4
13 4
13 3
12 3
13 3
12 3
12 2
12 3
13 3
13 2
14 2
15 2
15 3
15 2
15 3
15 4
15 3
16 3
17 3
17 2
16 2
15 2
16 2
15 2
16 2
15 2
14 2
15 2
15 3
14 3
14 2
13 2
12 2
11 2
11 1
12 1
12 0
12 1
12 0
12 1
12 2
13 2
12 2
12 3
11 3
12 3
12 2
12 1
13 1
12 1
12 2
12 3
12 4
13 4
12 4
11 4
12 4
12 5
11 5
12 5
12 4
12 3
13 3
12 3
12 2
13 2
14 2
14 3
13 3
14 3
15 3
15 4
15 5
15 4
16 4
16 5
15 5
15 6
16 6
17 6
16 6
16 5
16 4
17 4
18 4
18 3
17 3
17 2
18 2
18 3
19 3
19 4
20 4
20 5
19 5
18 5
19 5
18 5
19 5
19 6
20 6
20 5
19 5
20 5
20 4
20 3
21 3
21 2
20 2
21 2
21 3
20 3
20 2
20 1
20 2
20 1
19 1
19 0
19 1
20 1
20 0
21 0
21 1
20 1
20 2
21 2
21 1
21 0
20 0
19 0
20 0
20 1
19 1
20 1
20 0
20 1
21 1
22 1
23 1
24 1
24 2
23 2
24 2
25 2
25 1
25 0
26 0
27 0
27 1
26 1
25 1
25 0
25 1
26 1
26 0
27 0
27 1
27 0
27 1
28 1
28 2
28 3
29 3
29 4
29 5
30 5
29 5
29 4
28 4
28 3
27 3
28 3
28 4
28 5
29 5
29 6
29 7
28 7
29 7
29 8
30 8
29 8
30 8
29 8
28 8
28 7
29 7
29 6
29 7
29 8
29 9
29 10
29 9
30 9
30 8
29 8
29 9
28 9
28 10
27 10
28 10
29 10
29 9
28 9
28 10
27 10
26 10
27 10
26 10
26 9
25 9
26 9
26 10
27 10
27 11
28 11
28 12
27 12
26 12
25 12
24 12
24 11
24 10
23 10
23 9
22 9
22 10
22 11
22 12
21 12
22 12
21 12
22 12
21 12
21 11
20 11
21 11
21 10
22 10
21 10
22 10
21 10
22 10
22 9
22 10
21 10
21 9
21 8
22 8
21 8
20 8
19 8
19 9
19 8
20 8
20 9
19 9
19 8
20 8
21 8
22 8
21 8
21 9
20 9
20 8
20 9
20 10
19 10
19 11
18 11
19 11
19 12
19 11
19 10
20 10
20 11
19 11
19 10
19 9
19 10
19 11
18 11
18 10
17 10
18 10
18 9
17 9
18 9
19 9
20 9
19 9
19 10
19 9
20 9
20 8
21 8
20 8
21 8
22 8
22 9
22 8
23 8
22 8
23 8
23 9
22 9
22 10
22 11
22 12
21 12
20 12
19 12
18 12
18 13
19 13
20 13
20 12
20 13
20 12
20 13
20 12
19 12
19 13
18 13
18 14
18 15
18 16
18 17
18 16
18 15
18 16
17 16
18 16
18 15
18 14
19 14
20 14
20 13
19 13
19 14
19 15
19 16
19 17
18 17
17 17
17 18
18 18
19 18
18 18
17 18
16 18
17 18
17 17
18 17
17 17
16 17
17 17
17 18
17 19
16 19
16 18
15 18
15 19
14 19
15 19
15 18
15 19
16 19
15 19
16 19
16 20
16 21
17 21
16 21
15 21
15 22
14 22
13 22
14 22
14 21
14 22
14 21
15 21
16 21
15 21
14 21
14 22
14 23
13 23
12 23
13 23
13 24
14 24
14 25
14 24
14 23
14 24
15 24
15 25
16 25
16 24
16 23
16 22
17 22
17 21
17 20
17 21
18 21
18 22
19 22
19 23
19 24
19 23
19 24
19 23
20 23
20 24
20 25
21 25
20 25
19 25
19 24
19 25
18 25
18 24
17 24
17 25
16 25
16 26
16 27
16 26
16 27
15 27
15 28
15 29
15 30
14 30
14 29
15 29
14 29
14 30
13 30
13 31
14 31
14 30
15 30
15 29
15 28
15 29
15 28
15 29
14 29
14 30
13 30
14 30
13 30
12 30
13 30
13 29
14 29
14 28
15 28
15 27
14 27
15 27
15 26
14 26
14 25
14 26
13 26
13 25
13 26
13 27
13 26
13 27
12 27
12 26
12 27
13 27
13 28
12 28
13 28
13 27
12 27
13 27
13 28
13 27
13 28
13 27
13 28
12 28
11 28
11 29
10 29
10 28
10 27
10 26
9 26
9 25
9 26
8 26
7 26
6 26
5 26
5 25
5 24
5 23
6 23
5 23
6 23
6 22
6 21
7 21
8 21
8 22
7 22
8 22
8 21
7 21
7 20
7 21
7 20
7 19
8 19
7 19
7 18
7 19
8 19
7 19
8 19
8 18
8 17
7 17
7 18
7 19
7 20
6 20
6 19
6 20
6 19
5 19
5 20
4 20
5 20
4 20
4 19
5 19
5 18
5 17
5 18
5 17
5 18
4 18
4 17
5 17
4 17
4 18
3 18
4 18
5 18
5 19
6 19
6 18
7 18
6 18
6 17
6 18
5 18
4 18
3 18
2 18
2 17
3 17
2 17
3 17
2 17
2 18
2 17
2 16
3 16
2 16
1 16
0 16
0 15
1 15
2 15
2 16
3 16
2 16
2 15
1 15
1 16
1 17
1 18
2 18
3 18
3 17
3 16
3 17
3 18
4 18
4 17
4 16
3 16
3 15
4 15
4 14
5 14
5 15
4 15
4 14
4 15
4 14
4 13
4 14
4 15
3 15
3 14
4 14
5 14
4 14
4 15
4 16
5 16
4 16
3 16
3 17
4 17
4 16
5 16
5 17
5 16
5 15
5 14
5 13
4 13
4 12
4 11
4 10
4 11
5 11
4 11
4 12
4 13
5 13
5 14
6 14
6 15
5 15
6 15
5 15
5 16
6 16
6 15
7 15
7 14
7 13
6 13
7 13
6 13
6 14
6 13
7 13
7 14
7 13
7 12
8 12
7 12
7 11
6 11
6 10
6 9
6 10
6 11
7 11
7 10
6 10
6 11
5 11
6 11
5 11
5 10
5 11
4 11
4 10
4 11
4 10
4 9
3 9
2 9
2 8
2 9
2 10
1 10
1 9
1 8
2 8
1 8
0 8
1 8
1 7
2 7
1 7
1 8
0 8
0 9
0 8
0 9
0 8
1 8
1 9
2 9
2 8
3 8
2 8
1 8
2 8
1 8
0 8
1 8
0 8
1 8
1 9
2 9
2 10
1 10
1 11
1 10
0 10
0 9
0 8
0 9
1 9
2 9
2 8
2 7
2 6
1 6
2 6
2 5
1 5
1 4
2 4
2 3
2 2
3 2
3 1
4 1
5 1
5 2
4 2
4 3
3 3
2 3
2 2
2 1
2 0
2 1
3 1
2 1
3 1
2 1
3 1
3 2
3 3
2 3
1 3
0 3
1 3
2 3
2 2
3 2
4 2
5 2
6 2
5 2
5 3
4 3
4 4
4 3
4 2
4 3
4 2
3 2
3 1
3 2
4 2
3 2
3 1
3 0
3 1
3 2
2 2
1 2
0 2
1 2
1 1
2 1
2 2
2 3
2 2
3 2
2 2
1 2
0 2
0 1
0 2
1 2
1 3
1 2
2 2
2 1
3 1
3 2
3 1
4 1
4 0
5 0
5 1
4 1
4 2
4 3
3 3
4 3
4 2
5 2
5 1
4 1
4 2
3 2
3 1
3 2
3 3
4 3
