0 0
0 1
1 1
2 1
3 1
3 2
3 1
4 1
4 0
5 0
5 1
5 2
5 1
5 0
6 0
6 1
6 2
6 3
7 3
6 3
6 4
6 3
6 4
7 4
7 5
8 5
8 4
8 5
7 5
7 6
7 5
6 5
5 5
4 5
4 6
4 5
4 6
4 5
3 5
4 5
3 5
4 5
4 4
4 5
3 5
3 4
2 4
2 3
1 3
2 3
3 3
4 3
4 4
5 4
5 5
6 5
5 5
5 6
5 5
6 5
5 5
6 5
7 5
8 5
8 4
8 5
8 6
7 6
7 7
7 6
8 6
8 7
9 7
10 7
10 6
10 7
10 8
9 8
10 8
10 9
11 9
11 10
10 10
10 9
10 8
10 9
11 9
12 9
11 9
12 9
13 9
14 9
13 9
12 9
13 9
12 9
12 10
12 9
13 9
13 10
13 11
13 10
14 10
15 10
15 9
14 9
15 9
14 9
15 9
16 9
16 8
15 8
15 9
15 10
16 10
15 10
16 10
16 9
16 10
16 9
16 8
15 8
14 8
14 7
14 6
14 7
13 7
12 7
12 6
12 5
11 5
11 4
11 5
12 5
12 6
12 7
12 8
13 8
13 9
14 9
14 10
14 11
15 11
16 11
16 12
17 12
16 12
17 12
17 13
16 13
16 14
16 13
16 14
16 15
15 15
16 15
17 15
16 15
16 16
16 15
16 16
16 17
15 17
15 18
16 18
17 18
17 17
16 17
16 16
16 17
17 17
17 16
17 17
18 17
19 17
20 17
20 18
20 17
21 17
21 18
20 18
21 18
20 18
19 18
20 18
19 18
20 18
21 18
21 19
21 18
21 17
22 17
22 18
21 18
21 19
21 18
21 19
21 18
21 17
21 18
21 17
20 17
21 17
21 16
21 15
21 14
20 14
19 14
19 15
19 14
19 13
19 12
19 13
19 12
18 12
19 12
19 13
19 14
19 15
19 14
20 14
20 13
21 13
21 12
21 13
22 13
22 14
22 15
21 15
21 16
22 16
21 16
21 17
22 17
22 18
23 18
23 17
22 17
21 17
22 17
22 16
22 15
22 16
22 17
22 16
21 16
22 16
22 17
21 17
20 17
20 16
21 16
20 16
19 16
18 16
18 17
18 16
18 15
18 16
18 15
19 15
20 15
20 16
19 16
18 16
18 15
19 15
19 14
18 14
19 14
19 15
19 16
18 16
19 16
18 16
18 15
19 15
19 14
20 14
19 14
19 13
19 14
19 15
18 15
18 16
19 16
18 16
19 16
19 17
20 17
19 17
20 17
21 17
21 16
22 16
23 16
22 16
22 15
21 15
22 15
23 15
22 15
21 15
21 16
21 15
21 14
20 14
20 13
20 12
20 13
20 14
20 15
20 16
20 17
20 18
21 18
22 18
21 18
22 18
23 18
23 19
23 20
23 21
23 20
24 20
24 21
24 20
24 21
25 21
24 21
24 20
23 20
22 20
22 21
21 21
21 20
21 21
20 21
20 22
19 22
19 21
19 22
18 22
19 22
18 22
17 22
18 22
18 21
19 21
18 21
18 20
18 19
18 20
17 20
17 19
16 19
15 19
16 19
15 19
15 18
14 18
15 18
14 18
13 18
14 18
14 19
14 18
14 19
14 20
14 19
15 19
15 20
15 19
16 19
17 19
17 20
17 19
17 20
18 20
17 20
17 19
17 18
17 19
16 19
15 19
16 19
16 20
16 19
17 19
17 20
16 20
16 19
16 20
17 20
16 20
17 20
16 20
16 21
17 21
17 22
16 22
16 21
16 20
16 21
16 22
16 23
16 24
16 23
15 23
16 23
15 23
14 23
14 22
13 22
13 23
13 24
14 24
14 23
14 22
15 22
16 22
15 22
14 22
13 22
12 22
13 22
13 23
14 23
15 23
14 23
15 23
14 23
13 23
14 23
14 22
13 22
12 22
12 23
12 22
12 21
12 22
12 23
12 22
11 22
11 23
11 22
12 22
13 22
14 22
13 22
12 22
12 23
12 24
11 24
11 23
11 22
12 22
12 23
13 23
13 24
13 23
14 23
14 24
13 24
13 25
14 25
14 24
13 24
12 24
12 23
11 23
12 23
12 24
11 24
10 24
10 25
11 25
11 26
11 25
11 24
12 24
11 24
11 25
11 26
12 26
12 27
12 26
13 26
13 27
13 26
13 25
13 26
14 26
14 27
14 26
14 27
15 27
16 27
16 28
15 28
14 28
14 27
14 28
14 27
15 27
15 26
15 27
15 26
15 25
15 24
16 24
17 24
18 24
17 24
17 25
16 25
16 24
16 25
16 26
17 26
16 26
15 26
15 27
16 27
16 28
17 28
17 29
16 29
17 29
16 29
16 30
17 30
17 31
18 31
18 32
18 33
19 33
19 34
18 34
18 35
18 36
17 36
17 35
17 34
16 34
16 35
17 35
18 35
19 35
19 36
18 36
19 36
19 37
19 36
20 36
20 37
21 37
21 36
22 36
23 36
23 37
22 37
22 36
21 36
21 37
21 36
21 35
21 34
21 33
21 34
22 34
21 34
22 34
22 33
22 32
22 33
21 33
21 34
22 34
22 33
23 33
24 33
25 33
24 33
23 33
24 33
24 34
25 34
24 34
24 33
24 32
25 32
24 32
24 31
23 31
24 31
23 31
23 32
24 32
24 33
25 33
24 33
23 33
23 34
22 34
22 33
21 33
22 33
23 33
22 33
21 33
22 33
23 33
23 34
23 33
24 33
24 32
25 32
25 31
26 31
25 31
25 30
26 30
26 29
25 29
25 28
25 27
26 27
26 28
26 29
26 30
27 30
27 29
27 28
27 27
27 26
27 27
27 28
27 29
27 28
27 29
27 30
27 29
26 29
25 29
25 28
26 28
27 28
26 28
26 29
26 28
25 28
24 28
24 27
24 28
23 28
23 27
22 27
22 28
21 28
21 27
21 28
21 29
20 29
20 30
21 30
21 31
21 32
22 32
21 32
21 31
20 31
21 31
21 32
21 31
21 30
21 31
21 30
22 30
23 30
23 31
23 30
24 30
24 31
23 31
22 31
21 31
20 31
20 32
21 32
22 32
23 32
23 33
22 33
22 32
21 32
20 32
19 32
19 31
19 30
18 30
17 30
18 30
17 30
17 31
16 31
17 31
17 32
18 32
17 32
17 33
16 33
16 34
17 34
17 33
16 33
15 33
14 33
14 34
14 33
14 34
14 35
13 35
13 34
14 34
14 35
14 34
15 34
14 34
13 34
14 34
14 33
14 34
14 33
14 34
14 35
15 35
15 36
14 36
13 36
12 36
12 35
13 35
12 35
12 34
13 34
13 35
12 35
12 34
11 34
11 35
12 35
12 34
11 34
10 34
10 33
11 33
11 32
11 31
12 31
13 31
13 30
14 30
15 30
15 29
16 29
16 28
16 29
16 30
17 30
17 29
16 29
15 29
14 29
14 28
13 28
13 27
12 27
13 27
12 27
12 28
12 27
12 26
11 26
11 25
11 24
12 24
13 24
14 24
15 24
14 24
14 23
14 22
14 21
13 21
13 20
13 19
12 19
12 20
12 19
13 19
14 19
15 19
15 18
16 18
16 19
15 19
15 20
15 19
16 19
16 18
16 19
16 18
17 18
17 17
17 18
17 17
17 18
17 17
17 18
17 19
16 19
16 18
16 19
16 20
16 19
15 19
16 19
15 19
15 20
16 20
16 21
15 21
15 22
14 22
13 22
12 22
12 23
12 24
12 23
12 24
12 25
13 25
13 24
13 25
12 25
12 26
12 27
12 28
12 29
13 29
12 29
11 29
10 29
10 28
9 28
8 28
7 28
7 29
6 29
7 29
7 30
8 30
9 30
8 30
8 29
9 29
9 30
8 30
8 29
7 29
7 28
6 28
6 27
6 26
6 27
6 28
5 28
5 29
5 28
4 28
4 27
3 27
3 28
3 29
2 29
2 30
1 30
0 30
1 30
0 30
0 29
0 28
1 28
0 28
1 28
0 28
0 29
0 28
1 28
1 29
2 29
2 28
2 27
3 27
2 27
2 26
2 25
1 25
1 26
1 27
1 28
0 28
0 29
1 29
0 29
1 29
1 30
2 30
3 30
3 29
2 29
1 29
0 29
0 30
1 30
1 29
1 30
2 30
2 29
1 29
1 28
1 27
1 26
1 27
1 28
1 29
1 30
0 30
1 30
2 30
3 30
4 30
5 30
5 29
4 29
4 30
3 30
4 30
5 30
4 30
3 30
2 30
3 30
4 30
4 31
4 32
4 31
3 31
4 31
4 30
5 30
4 30
5 30
5 31
4 31
4 32
4 33
3 33
4 33
5 33
4 33
5 33
5 34
5 35
4 35
5 35
5 34
6 34
6 33
5 33
4 33
5 33
5 32
6 32
7 32
7 31
7 32
8 32
7 32
7 31
7 30
7 29
7 28
7 27
7 26
8 26
9 26
9 27
8 27
