0 0
0 1
0 2
0 1
0 0
0 1
0 2
1 2
0 2
1 2
0 2
0 1
1 1
1 2
1 3
1 4
2 4
3 4
3 3
2 3
2 2
3 2
4 2
4 3
4 4
4 3
4 2
4 3
4 2
4 3
5 3
6 3
6 4
7 4
8 4
8 3
8 4
8 5
7 5
6 5
6 6
5 6
6 6
6 5
5 5
5 4
5 5
5 6
5 5
5 4
5 3
5 4
4 4
4 5
5 5
5 6
5 7
5 6
5 5
6 5
7 5
8 5
8 6
8 7
8 6
8 5
8 6
8 5
8 6
8 5
8 4
8 3
9 3
10 3
10 2
10 1
9 1
8 1
7 1
7 0
6 0
6 1
6 2
6 1
5 1
6 1
7 1
6 1
5 1
5 2
5 3
6 3
6 4
5 4
5 5
5 6
5 7
5 6
6 6
6 7
7 7
7 8
8 8
7 8
7 9
7 8
7 9
7 10
6 10
7 10
7 9
8 9
8 8
8 7
7 7
7 6
8 6
8 5
9 5
9 4
8 4
7 4
8 4
8 3
9 3
9 4
10 4
9 4
8 4
8 3
8 4
7 4
8 4
7 4
8 4
8 5
9 5
9 4
9 5
10 5
9 5
8 5
9 5
8 5
8 4
9 4
9 5
10 5
10 6
10 7
11 7
10 7
10 6
10 7
10 6
9 6
10 6
9 6
9 7
9 8
9 7
8 7
8 8
8 9
8 10
9 10
9 9
9 8
8 8
8 7
9 7
8 7
7 7
7 8
8 8
9 8
8 8
8 7
7 7
8 7
8 6
7 6
6 6
6 7
7 7
6 7
6 6
7 6
7 7
7 8
8 8
9 8
9 7
9 6
9 5
10 5
11 5
10 5
10 6
10 5
11 5
11 4
11 5
10 5
10 6
10 5
11 5
10 5
10 6
10 5
9 5
10 5
10 6
10 5
10 6
9 6
10 6
10 7
10 8
11 8
10 8
11 8
11 9
11 10
11 9
11 10
11 11
11 10
12 10
12 9
12 10
13 10
12 10
12 9
11 9
12 9
13 9
13 10
14 10
14 9
13 9
14 9
14 10
15 10
15 9
14 9
14 8
14 7
14 8
13 8
12 8
12 9
13 9
13 10
14 10
14 11
14 12
15 12
14 12
14 13
14 14
15 14
14 14
14 13
14 14
13 14
13 15
12 15
11 15
11 16
10 16
10 17
9 17
10 17
10 18
9 18
9 17
9 18
10 18
10 19
10 18
10 19
9 19
10 19
11 19
12 19
12 18
12 19
13 19
12 19
11 19
11 18
10 18
10 19
11 19
10 19
10 20
11 20
10 20
11 20
10 20
10 21
9 21
9 20
9 21
9 20
9 21
8 21
8 22
8 21
8 22
7 22
7 23
8 23
8 22
7 22
7 23
7 22
8 22
8 21
8 22
7 22
6 22
6 21
6 20
6 21
6 20
7 20
8 20
9 20
8 20
7 20
6 20
5 20
6 20
6 21
6 20
6 21
6 20
6 19
6 20
7 20
7 21
6 21
6 22
7 22
7 23
8 23
9 23
9 24
9 23
10 23
11 23
11 24
10 24
11 24
11 25
11 26
10 26
9 26
10 26
10 25
10 24
10 25
11 25
10 25
10 24
10 25
10 26
9 26
8 26
9 26
9 27
10 27
9 27
9 28
9 27
8 27
9 27
9 28
9 29
10 29
10 30
10 31
10 30
11 30
10 30
9 30
8 30
9 30
10 30
10 31
11 31
12 31
12 32
13 32
13 31
12 31
11 31
11 32
11 33
12 33
13 33
12 33
12 34
12 33
11 33
12 33
13 33
13 34
13 35
14 35
13 35
13 36
13 37
13 38
12 38
13 38
13 37
14 37
14 38
14 39
14 38
14 39
14 38
14 39
13 39
13 40
13 41
13 40
13 41
13 40
13 39
14 39
14 38
13 38
12 38
12 37
12 38
13 38
13 37
14 37
14 38
15 38
15 37
15 36
15 37
15 36
16 36
16 37
17 37
17 36
17 35
18 35
18 34
19 34
20 34
19 34
18 34
17 34
17 35
17 34
16 34
16 33
16 34
16 33
17 33
18 33
18 32
19 32
19 33
18 33
18 34
17 34
18 34
17 34
17 33
17 34
18 34
18 33
17 33
18 33
17 33
17 34
18 34
19 34
19 33
20 33
20 34
19 34
18 34
17 34
17 35
18 35
19 35
18 35
18 36
18 35
18 34
18 33
17 33
18 33
17 33
17 32
16 32
16 31
15 31
15 30
15 31
15 30
15 29
15 28
15 27
16 27
15 27
16 27
16 28
15 28
14 28
14 27
13 27
14 27
14 28
15 28
14 28
13 28
13 27
14 27
13 27
13 26
13 25
13 24
13 25
14 25
14 24
14 25
14 24
14 25
13 25
12 25
12 26
12 27
12 28
12 29
13 29
13 30
13 31
14 31
13 31
13 32
13 31
12 31
11 31
11 30
10 30
11 30
12 30
12 29
12 28
12 29
12 30
12 31
13 31
12 31
12 32
12 31
12 32
13 32
14 32
15 32
15 33
16 33
16 34
16 35
16 36
15 36
16 36
15 36
15 35
15 34
16 34
17 34
18 34
18 33
17 33
17 34
17 35
18 35
18 36
18 35
18 34
18 33
18 34
18 33
19 33
18 33
18 34
17 34
17 33
16 33
16 32
15 32
16 32
16 31
16 30
16 31
17 31
17 32
16 32
16 33
16 34
17 34
17 35
17 36
17 37
16 37
17 37
17 36
17 37
17 38
17 37
17 38
16 38
15 38
15 37
15 36
15 37
14 37
14 36
15 36
16 36
16 37
16 36
16 37
16 38
17 38
17 37
18 37
19 37
18 37
18 38
18 39
19 39
20 39
20 40
21 40
21 39
22 39
21 39
21 38
21 37
22 37
23 37
22 37
23 37
22 37
22 38
23 38
24 38
23 38
24 38
24 37
23 37
24 37
25 37
25 36
25 37
25 38
26 38
25 38
24 38
24 39
25 39
25 40
24 40
25 40
24 40
25 40
24 40
23 40
22 40
21 40
20 40
20 39
21 39
21 40
21 39
21 40
20 40
19 40
20 40
20 39
21 39
20 39
20 38
21 38
21 39
20 39
19 39
19 40
19 41
19 40
19 39
19 40
19 39
19 38
19 39
19 38
19 37
19 36
18 36
19 36
20 36
21 36
21 37
21 36
20 36
20 37
19 37
19 36
19 37
18 37
19 37
19 38
19 39
20 39
20 38
20 37
20 36
20 35
20 36
20 35
20 34
21 34
20 34
20 35
20 36
20 35
19 35
19 34
19 33
19 32
19 31
19 32
20 32
21 32
21 33
21 32
21 33
22 33
22 34
21 34
20 34
21 34
21 35
21 34
21 35
21 36
21 35
21 36
20 36
20 37
21 37
22 37
23 37
23 38
23 37
22 37
23 37
22 37
21 37
20 37
21 37
20 37
20 38
20 37
21 37
21 38
22 38
22 37
21 37
21 36
21 35
20 35
20 36
20 35
19 35
19 36
19 37
20 37
20 36
21 36
21 35
20 35
19 35
18 35
17 35
16 35
17 35
17 36
17 35
16 35
16 34
17 34
17 35
17 36
16 36
15 36
14 36
13 36
12 36
11 36
11 35
12 35
12 34
11 34
11 33
12 33
12 32
11 32
11 31
12 31
12 30
11 30
12 30
11 30
11 31
11 30
12 30
13 30
12 30
12 31
13 31
12 31
13 31
14 31
14 30
14 31
14 30
13 30
14 30
13 30
12 30
11 30
10 30
10 29
10 28
9 28
9 29
9 30
9 29
8 29
9 29
9 28
9 29
9 28
8 28
8 29
8 30
7 30
7 31
7 32
7 31
7 30
7 31
7 30
7 31
8 31
8 30
9 30
8 30
7 30
6 30
6 29
6 28
6 27
7 27
8 27
9 27
9 26
8 26
9 26
10 26
10 27
9 27
9 26
9 25
8 25
8 26
9 26
9 27
9 28
9 27
9 26
10 26
10 27
9 27
10 27
10 26
11 26
11 25
12 25
11 25
10 25
11 25
11 24
10 24
9 24
10 24
10 23
10 24
9 24
8 24
8 25
8 26
8 25
8 24
7 24
7 25
7 24
7 23
7 24
7 25
7 24
8 24
8 25
8 26
9 26
8 26
9 26
9 25
9 24
8 24
8 25
9 25
9 26
8 26
9 26
10 26
11 26
10 26
10 25
10 26
11 26
10 26
10 27
10 26
10 25
9 25
9 24
10 24
9 24
10 24
10 23
10 24
10 23
9 23
8 23
8 22
8 23
8 24
8 23
8 22
9 22
9 23
9 24
9 23
10 23
10 24
10 23
9 23
8 23
9 23
9 24
9 25
8 25
8 24
8 25
9 25
8 25
8 24
9 24
9 25
9 24
9 23
9 24
9 23
9 22
9 23
9 22
9 21
10 21
10 22
10 21
9 21
10 21
9 21
9 20
9 21
8 21
