0 0
1 0
0 0
0 1
1 1
2 1
1 1
1 0
2 0
1 0
0 0
0 1
0 0
1 0
1 1
2 1
2 0
1 0
0 0
0 1
1 1
1 0
1 1
1 2
1 3
2 3
2 2
1 2
0 2
1 2
0 2
0 3
0 4
1 4
0 4
1 4
1 5
2 5
2 4
1 4
1 5
2 5
3 5
3 4
4 4
4 3
5 3
5 4
4 4
4 5
3 5
2 5
2 6
2 5
2 4
3 4
2 4
1 4
0 4
1 4
1 3
1 2
1 3
1 4
0 4
1 4
0 4
0 5
1 5
0 5
0 6
1 6
2 6
2 7
3 7
3 8
3 7
2 7
1 7
2 7
2 8
1 8
1 7
1 6
2 6
2 5
2 6
2 7
1 7
1 8
0 8
0 7
1 7
2 7
2 6
2 7
1 7
2 7
2 6
3 6
3 7
3 6
4 6
4 5
5 5
4 5
5 5
5 6
5 7
5 6
5 5
4 5
4 4
5 4
4 4
4 5
3 5
2 5
1 5
1 4
0 4
1 4
1 5
1 4
1 3
1 4
2 4
2 5
2 4
3 4
3 3
4 3
5 3
5 4
4 4
4 5
5 5
5 6
5 7
5 8
6 8
6 7
5 7
6 7
5 7
6 7
7 7
6 7
5 7
5 6
6 6
6 5
6 4
7 4
7 5
8 5
7 5
7 4
6 4
5 4
6 4
5 4
5 5
5 4
6 4
5 4
4 4
3 4
2 4
2 5
3 5
3 6
3 7
3 8
3 9
3 10
3 11
3 10
2 10
2 9
1 9
1 8
2 8
3 8
2 8
3 8
2 8
2 7
1 7
1 8
1 9
1 8
0 8
0 9
0 8
1 8
0 8
1 8
1 9
1 10
1 9
0 9
1 9
1 10
1 9
2 9
1 9
1 10
2 10
3 10
4 10
4 11
3 11
4 11
4 12
4 11
3 11
3 10
4 10
4 11
3 11
4 11
3 11
3 10
3 9
4 9
3 9
3 8
3 7
3 8
3 9
4 9
4 8
4 9
5 9
5 8
4 8
4 9
4 10
4 11
5 11
6 11
6 10
6 9
6 10
6 11
6 12
7 12
8 12
8 11
8 10
8 9
8 8
8 7
8 6
7 6
6 6
6 5
7 5
6 5
6 4
6 3
6 2
6 3
6 2
6 3
6 2
7 2
8 2
9 2
10 2
11 2
11 1
12 1
11 1
12 1
12 0
12 1
12 2
11 2
11 3
10 3
9 3
10 3
9 3
10 3
10 2
10 1
9 1
8 1
9 1
9 0
9 1
9 0
9 1
9 0
10 0
9 0
8 0
7 0
7 1
8 1
7 1
6 1
5 1
5 2
6 2
5 2
6 2
6 3
6 2
6 1
7 1
7 0
8 0
8 1
9 1
8 1
7 1
8 1
8 2
7 2
8 2
7 2
7 1
7 2
8 2
8 1
8 0
8 1
8 0
8 1
7 1
8 1
9 1
8 1
8 2
7 2
7 1
8 1
8 2
7 2
8 2
8 3
7 3
8 3
7 3
8 3
7 3
7 4
8 4
9 4
10 4
9 4
10 4
9 4
8 4
8 5
8 6
7 6
8 6
7 6
7 5
7 6
7 5
6 5
5 5
5 6
5 5
6 5
7 5
6 5
7 5
7 4
6 4
5 4
6 4
6 5
6 6
5 6
6 6
5 6
6 6
6 7
7 7
7 8
7 9
8 9
8 10
9 10
10 10
9 10
10 10
10 11
10 10
9 10
8 10
8 11
7 11
7 10
7 9
6 9
6 10
5 10
4 10
3 10
3 11
2 11
3 11
3 10
4 10
4 11
4 12
4 13
4 12
4 11
5 11
5 10
5 11
6 11
6 12
5 12
5 13
4 13
4 14
4 15
5 15
5 14
5 15
6 15
7 15
7 16
8 16
8 17
7 17
7 16
6 16
5 16
6 16
7 16
8 16
8 15
7 15
6 15
7 15
7 14
7 15
7 14
8 14
9 14
9 13
10 13
10 12
10 11
11 11
11 12
10 12
10 13
10 14
11 14
10 14
9 14
9 15
9 16
8 16
8 17
9 17
9 18
9 19
9 18
8 18
8 17
8 16
9 16
8 16
8 15
9 15
9 16
9 17
10 17
11 17
10 17
11 17
12 17
11 17
12 17
13 17
14 17
14 16
15 16
14 16
14 17
14 18
14 19
13 19
13 20
13 21
14 21
13 21
14 21
15 21
16 21
16 22
15 22
16 22
16 23
16 22
16 21
17 21
18 21
17 21
16 21
17 21
18 21
19 21
20 21
20 20
20 21
21 21
20 21
20 20
20 21
19 21
19 22
18 22
18 21
18 22
18 23
19 23
20 23
19 23
20 23
21 23
21 22
22 22
23 22
24 22
24 21
24 20
24 19
25 19
25 20
25 19
24 19
24 20
24 19
24 18
23 18
23 19
22 19
23 19
24 19
24 18
24 19
25 19
25 20
25 19
26 19
26 18
26 19
26 20
27 20
28 20
28 19
27 19
28 19
29 19
29 18
29 19
29 20
29 19
29 20
29 19
30 19
29 19
30 19
29 19
28 19
28 20
27 20
26 20
26 19
27 19
26 19
25 19
25 20
26 20
26 19
27 19
27 20
28 20
27 20
27 21
27 20
26 20
26 19
26 18
27 18
27 19
26 19
26 18
26 17
26 18
26 19
25 19
25 18
26 18
25 18
24 18
24 19
23 19
24 19
24 20
24 21
24 22
23 22
23 23
24 23
25 23
26 23
25 23
25 22
25 21
25 22
25 23
25 22
26 22
25 22
26 22
27 22
27 21
26 21
26 20
25 20
26 20
27 20
27 19
27 18
28 18
29 18
28 18
28 19
27 19
28 19
28 20
28 21
28 20
28 21
27 21
27 20
27 21
27 22
27 21
27 20
28 20
29 20
29 19
28 19
29 19
29 18
30 18
29 18
30 18
30 17
31 17
31 18
31 19
30 19
29 19
29 18
29 17
30 17
30 16
30 15
29 15
28 15
28 16
27 16
27 15
26 15
27 15
28 15
29 15
28 15
29 15
29 16
29 17
30 17
31 17
31 18
31 17
31 18
31 19
32 19
32 20
33 20
34 20
33 20
34 20
35 20
36 20
35 20
34 20
34 19
35 19
35 20
35 21
34 21
33 21
33 22
33 21
32 21
33 21
33 22
34 22
35 22
35 23
35 22
35 23
36 23
36 24
37 24
37 23
38 23
37 23
38 23
39 23
40 23
39 23
38 23
38 22
37 22
37 21
38 21
38 22
38 21
39 21
38 21
38 20
38 19
38 20
38 19
38 18
37 18
37 19
36 19
36 18
36 17
35 17
36 17
37 17
38 17
38 16
39 16
39 15
38 15
38 16
37 16
37 15
37 14
36 14
37 14
37 13
38 13
39 13
39 14
38 14
38 15
37 15
37 14
38 14
37 14
37 15
38 15
39 15
38 15
37 15
37 14
37 15
38 15
37 15
37 16
36 16
36 15
36 14
35 14
35 15
35 16
34 16
35 16
35 15
35 14
35 15
36 15
35 15
35 16
36 16
35 16
36 16
35 16
36 16
36 17
37 17
36 17
36 16
37 16
37 15
36 15
35 15
34 15
35 15
34 15
34 16
34 15
34 16
34 15
35 15
36 15
35 15
36 15
36 14
35 14
35 13
34 13
35 13
35 14
36 14
36 13
36 14
35 14
35 15
34 15
35 15
36 15
37 15
36 15
37 15
37 16
38 16
39 16
39 15
39 16
40 16
39 16
39 15
39 16
39 17
39 18
39 19
39 18
39 19
40 19
39 19
38 19
39 19
39 20
39 21
39 20
38 20
38 19
39 19
39 20
39 21
38 21
38 20
39 20
39 21
40 21
40 20
40 21
40 20
40 19
40 18
40 19
39 19
39 18
39 19
39 20
38 20
38 19
39 19
39 20
40 20
39 20
39 19
40 19
41 19
41 20
41 21
42 21
43 21
43 22
43 23
42 23
41 23
41 22
42 22
42 21
42 20
42 21
42 22
42 23
42 24
43 24
43 23
43 24
44 24
44 25
44 26
44 25
44 26
44 25
43 25
43 26
44 26
44 25
44 26
44 27
45 27
45 28
45 29
46 29
45 29
45 28
46 28
46 29
46 28
46 27
47 27
46 27
47 27
47 26
47 25
48 25
48 26
48 25
48 24
48 23
49 23
50 23
50 22
50 23
50 22
50 23
51 23
51 22
51 23
51 22
50 22
50 23
50 24
50 23
50 22
50 23
49 23
50 23
49 23
49 24
48 24
49 24
49 25
49 24
48 24
49 24
48 24
49 24
49 25
49 26
50 26
51 26
51 27
52 27
52 28
51 28
51 27
51 28
51 27
51 26
51 25
50 25
50 26
50 27
49 27
50 27
49 27
50 27
49 27
49 26
49 27
49 26
49 25
48 25
48 24
48 23
47 23
48 23
48 22
48 23
48 22
49 22
