0 0
1 0
0 0
1 0
0 0
1 0
2 0
3 0
3 1
3 2
2 2
3 2
3 1
3 2
4 2
4 1
4 0
4 1
3 1
3 2
4 2
4 3
4 2
5 2
6 2
5 2
5 3
5 2
5 1
6 1
5 1
5 0
5 1
6 1
5 1
5 0
5 1
4 1
5 1
5 2
4 2
4 1
4 0
5 0
6 0
7 0
6 0
5 0
6 0
6 1
6 0
6 1
6 0
6 1
5 1
4 1
5 1
4 1
4 0
3 0
3 1
3 0
3 1
2 1
3 1
2 1
1 1
2 1
3 1
2 1
3 1
4 1
4 0
4 1
4 0
4 1
3 1
3 2
2 2
1 2
1 3
1 4
1 5
1 4
1 3
1 4
2 4
2 5
2 4
3 4
3 3
2 3
2 2
3 2
2 2
3 2
4 2
4 1
5 1
5 2
5 1
5 2
6 2
5 2
6 2
6 3
5 3
6 3
7 3
6 3
5 3
5 2
6 2
6 3
5 3
5 4
6 4
5 4
4 4
3 4
3 3
4 3
4 2
4 1
4 0
5 0
4 0
3 0
2 0
2 1
3 1
2 1
2 0
3 0
3 1
4 1
4 2
5 2
5 1
5 2
6 2
6 3
6 4
6 5
7 5
8 5
8 6
8 5
7 5
7 6
7 7
8 7
8 8
7 8
8 8
9 8
9 7
9 8
10 8
10 7
10 8
9 8
9 7
9 8
8 8
7 8
7 9
7 10
7 11
8 11
8 10
8 9
7 9
7 10
8 10
8 11
9 11
8 11
9 11
9 10
10 10
9 10
10 10
9 10
10 10
11 10
11 9
11 8
11 9
10 9
10 8
11 8
12 8
12 9
13 9
13 10
14 10
15 10
15 11
15 12
15 13
14 13
13 13
13 14
13 15
14 15
13 15
13 16
13 15
13 16
13 15
12 15
12 14
11 14
10 14
9 14
8 14
8 13
7 13
6 13
6 12
6 11
7 11
7 10
7 9
6 9
7 9
6 9
7 9
7 10
8 10
9 10
9 11
9 10
10 10
10 9
10 8
10 9
9 9
8 9
8 8
9 8
9 7
10 7
10 8
10 7
9 7
9 6
10 6
9 6
9 5
9 6
9 7
10 7
10 6
10 7
10 6
10 7
11 7
11 8
11 9
10 9
9 9
9 8
9 7
8 7
8 6
7 6
7 7
6 7
6 8
7 8
7 9
6 9
6 8
5 8
6 8
7 8
7 7
7 8
7 7
7 8
8 8
8 9
7 9
6 9
7 9
6 9
6 10
6 9
6 8
7 8
8 8
7 8
7 9
7 8
6 8
7 8
7 7
8 7
8 8
8 9
8 10
9 10
8 10
9 10
8 10
9 10
8 10
8 9
8 8
8 7
7 7
7 6
8 6
8 5
9 5
8 5
7 5
7 6
6 6
6 5
5 5
4 5
3 5
2 5
1 5
0 5
0 4
1 4
0 4
0 3
0 4
0 3
0 2
0 3
1 3
1 4
2 4
2 3
2 4
3 4
2 4
1 4
0 4
0 3
1 3
2 3
1 3
0 3
0 2
1 2
1 3
0 3
1 3
1 2
0 2
1 2
1 3
1 4
2 4
2 5
3 5
3 6
3 5
4 5
3 5
3 4
2 4
2 3
2 2
2 1
2 2
1 2
2 2
2 3
1 3
2 3
2 2
3 2
3 3
2 3
3 3
3 2
4 2
4 1
4 0
5 0
5 1
6 1
6 0
5 0
4 0
4 1
3 1
3 0
3 1
4 1
4 0
5 0
5 1
5 0
6 0
6 1
6 2
7 2
8 2
9 2
9 3
10 3
10 2
9 2
10 2
10 3
11 3
10 3
11 3
12 3
13 3
13 2
14 2
15 2
14 2
15 2
16 2
15 2
15 3
14 3
13 3
13 2
14 2
14 3
14 2
13 2
13 1
13 0
13 1
14 1
13 1
13 0
13 1
14 1
14 2
14 3
14 4
14 5
14 4
15 4
15 3
15 2
14 2
14 1
14 0
15 0
16 0
17 0
17 1
18 1
18 2
19 2
19 3
20 3
20 4
21 4
21 5
22 5
23 5
23 4
23 5
23 6
23 7
23 8
23 7
23 8
23 7
23 8
23 9
22 9
22 10
22 9
22 8
21 8
21 9
22 9
21 9
21 8
21 9
21 8
21 9
21 8
20 8
20 9
20 8
19 8
19 7
18 7
17 7
18 7
18 8
18 7
18 6
18 7
18 8
19 8
20 8
20 9
20 10
19 10
18 10
19 10
19 11
19 10
19 9
18 9
18 8
18 9
19 9
19 10
19 11
19 10
18 10
18 11
17 11
16 11
17 11
18 11
18 10
18 9
17 9
18 9
18 8
17 8
17 9
16 9
15 9
15 8
14 8
13 8
13 7
12 7
12 6
12 7
12 6
12 5
13 5
13 6
12 6
13 6
12 6
13 6
13 7
12 7
11 7
11 8
11 9
11 10
11 9
10 9
10 10
10 11
10 12
10 13
10 14
10 13
10 14
10 13
10 14
10 15
10 16
9 16
10 16
10 15
10 16
10 15
11 15
11 16
10 16
10 17
10 18
10 17
11 17
11 18
12 18
13 18
14 18
13 18
13 19
14 19
13 19
14 19
14 18
13 18
13 19
14 19
13 19
13 20
14 20
15 20
14 20
13 20
14 20
14 19
14 20
14 19
13 19
12 19
12 20
12 19
12 18
12 17
12 16
13 16
13 17
14 17
15 17
15 16
16 16
15 16
15 17
15 18
16 18
16 17
16 18
15 18
15 19
16 19
15 19
16 19
17 19
16 19
16 18
15 18
14 18
15 18
16 18
15 18
15 19
14 19
14 20
14 19
13 19
14 19
13 19
14 19
15 19
14 19
14 18
13 18
13 17
12 17
11 17
12 17
11 17
11 18
11 19
10 19
11 19
12 19
12 20
12 19
11 19
11 18
11 19
12 19
12 18
12 19
13 19
13 20
13 21
13 20
12 20
13 20
12 20
12 21
13 21
14 21
14 20
14 21
15 21
15 22
15 21
15 22
15 21
15 22
15 23
15 22
15 21
15 22
15 21
16 21
15 21
16 21
16 22
15 22
15 23
15 22
15 21
16 21
16 22
17 22
17 23
17 22
18 22
18 23
18 22
17 22
17 21
16 21
17 21
17 22
16 22
16 21
17 21
18 21
18 20
18 19
18 20
19 20
18 20
18 21
18 20
18 21
19 21
19 20
20 20
21 20
21 21
20 21
20 22
20 23
19 23
19 22
19 21
19 20
18 20
19 20
18 20
18 19
18 18
18 19
17 19
17 18
16 18
16 19
16 20
16 19
16 18
16 19
16 20
16 21
16 22
17 22
18 22
18 21
17 21
17 20
17 21
18 21
18 22
18 21
17 21
17 20
17 21
17 20
16 20
17 20
17 19
17 18
17 17
17 16
17 15
16 15
16 16
17 16
18 16
18 15
18 14
17 14
17 13
17 12
16 12
15 12
15 11
15 10
15 9
16 9
15 9
16 9
16 10
16 9
16 8
15 8
16 8
17 8
17 7
16 7
17 7
17 8
16 8
16 7
16 8
17 8
17 7
18 7
18 8
18 7
18 8
17 8
17 7
16 7
17 7
17 6
18 6
18 7
18 8
18 9
18 10
18 11
19 11
19 12
18 12
17 12
17 11
16 11
17 11
17 10
18 10
18 11
19 11
18 11
19 11
20 11
20 10
20 11
20 12
20 13
19 13
19 12
20 12
20 11
20 12
19 12
19 11
19 12
20 12
20 13
20 14
20 15
20 16
19 16
18 16
18 17
18 18
17 18
16 18
17 18
17 19
17 20
17 21
17 22
17 23
17 22
17 21
17 22
17 23
17 22
17 23
17 22
17 23
17 24
16 24
15 24
15 23
14 23
15 23
15 24
15 25
15 24
15 23
15 22
14 22
15 22
15 23
15 24
14 24
14 25
13 25
12 25
11 25
12 25
12 26
12 27
12 28
13 28
13 27
12 27
13 27
12 27
12 28
11 28
11 27
11 26
11 25
11 24
12 24
13 24
13 25
13 26
12 26
13 26
14 26
13 26
12 26
12 27
12 28
13 28
14 28
15 28
15 29
16 29
16 28
16 29
16 28
16 29
16 28
15 28
16 28
17 28
17 29
16 29
16 28
17 28
17 27
17 28
16 28
16 29
16 28
16 29
16 30
15 30
16 30
16 31
16 32
16 33
16 32
16 33
16 34
15 34
15 35
14 35
14 34
15 34
14 34
13 34
12 34
11 34
11 35
12 35
12 36
12 35
11 35
10 35
10 36
11 36
10 36
11 36
10 36
11 36
11 37
10 37
10 36
10 37
11 37
10 37
10 38
10 37
10 36
10 37
10 38
10 37
10 36
9 36
10 36
10 35
9 35
9 36
9 35
8 35
7 35
7 34
8 34
8 33
7 33
7 34
7 35
6 35
5 35
5 36
5 37
5 36
