0 0
0 1
0 2
0 3
0 4
0 5
0 4
1 4
2 4
2 3
3 3
3 2
4 2
4 3
4 4
4 5
5 5
4 5
5 5
5 6
4 6
4 7
4 6
3 6
2 6
2 7
3 7
3 8
3 9
3 8
2 8
2 7
2 6
2 7
1 7
2 7
3 7
4 7
4 6
4 5
4 6
5 6
5 7
6 7
6 8
6 9
5 9
4 9
3 9
2 9
2 8
1 8
1 7
1 8
2 8
3 8
3 7
3 8
3 9
3 10
2 10
2 11
2 12
1 12
1 13
2 13
1 13
1 12
1 11
1 10
0 10
1 10
2 10
2 9
3 9
2 9
3 9
4 9
5 9
4 9
4 8
3 8
4 8
3 8
2 8
3 8
3 9
2 9
2 10
1 10
2 10
2 9
2 8
2 7
3 7
3 8
3 9
2 9
3 9
3 10
3 9
4 9
4 10
5 10
6 10
7 10
8 10
9 10
9 11
9 10
10 10
9 10
9 9
9 8
8 8
7 8
8 8
9 8
9 7
8 7
7 7
7 6
7 7
6 7
5 7
5 8
5 7
6 7
6 6
6 5
6 6
7 6
6 6
6 5
5 5
5 6
5 5
5 4
4 4
5 4
5 5
6 5
7 5
7 4
8 4
7 4
7 5
7 6
7 5
7 4
7 5
8 5
8 6
8 7
8 6
9 6
9 5
10 5
11 5
11 6
11 5
11 6
11 5
11 4
11 3
12 3
13 3
14 3
14 4
14 5
14 6
15 6
16 6
16 7
16 6
16 7
17 7
18 7
19 7
19 6
19 5
19 6
20 6
20 5
20 4
21 4
22 4
23 4
23 5
23 4
22 4
23 4
23 5
22 5
23 5
23 4
23 5
22 5
23 5
23 6
23 5
23 6
22 6
22 5
23 5
24 5
24 6
24 5
23 5
24 5
24 6
23 6
23 7
22 7
22 6
23 6
24 6
24 5
23 5
23 4
24 4
23 4
24 4
25 4
25 5
24 5
24 6
24 5
24 6
25 6
26 6
26 7
25 7
25 6
25 7
26 7
26 8
25 8
25 7
25 8
25 7
24 7
24 8
24 7
25 7
25 6
25 7
25 6
26 6
27 6
26 6
26 5
27 5
27 4
26 4
26 5
26 6
26 5
27 5
26 5
25 5
24 5
25 5
24 5
24 4
24 3
23 3
23 2
22 2
21 2
20 2
19 2
18 2
18 3
19 3
20 3
20 4
21 4
21 5
20 5
19 5
20 5
20 6
20 7
20 6
20 7
21 7
20 7
20 8
21 8
21 9
22 9
23 9
23 8
22 8
23 8
23 9
23 8
23 7
23 8
23 7
23 8
24 8
24 7
24 6
24 5
24 4
25 4
26 4
25 4
26 4
26 3
26 4
26 5
27 5
28 5
29 5
29 6
30 6
29 6
29 5
29 4
29 3
29 2
29 3
30 3
30 2
31 2
30 2
31 2
30 2
30 1
30 0
31 0
31 1
31 0
31 1
31 2
31 3
32 3
33 3
33 2
32 2
33 2
34 2
35 2
35 3
35 2
35 1
36 1
36 2
37 2
38 2
38 3
38 2
37 2
37 3
36 3
35 3
36 3
36 2
36 3
35 3
36 3
36 4
36 5
37 5
36 5
35 5
34 5
35 5
35 6
35 7
35 6
36 6
37 6
38 6
38 5
38 4
38 3
38 2
38 1
38 0
37 0
37 1
36 1
36 0
35 0
36 0
35 0
34 0
34 1
34 0
35 0
34 0
34 1
34 2
34 3
34 4
35 4
34 4
34 3
34 2
33 2
34 2
34 3
33 3
33 2
34 2
33 2
33 1
34 1
34 0
33 0
33 1
34 1
33 1
33 2
32 2
31 2
30 2
29 2
29 3
28 3
28 4
29 4
28 4
28 3
27 3
27 2
28 2
28 1
28 0
28 1
27 1
27 2
26 2
25 2
26 2
25 2
25 3
26 3
25 3
25 4
25 5
24 5
24 4
24 5
25 5
26 5
27 5
27 6
27 5
27 6
27 7
27 6
27 5
27 6
27 7
27 6
27 7
27 8
28 8
28 7
28 8
28 7
27 7
28 7
29 7
29 6
29 7
28 7
29 7
29 8
29 9
29 10
29 9
28 9
27 9
27 8
27 7
28 7
29 7
29 8
30 8
29 8
29 7
28 7
28 6
28 7
28 8
27 8
28 8
29 8
29 9
29 8
28 8
28 9
27 9
26 9
27 9
27 10
28 10
28 9
28 8
29 8
29 9
29 10
29 9
29 10
30 10
31 10
30 10
30 9
30 10
29 10
29 11
29 12
28 12
28 13
29 13
29 14
29 13
28 13
29 13
29 14
29 15
29 14
29 15
30 15
30 16
29 16
29 15
29 14
28 14
28 15
27 15
28 15
28 16
27 16
28 16
28 17
28 16
28 15
28 14
28 13
29 13
28 13
28 14
28 13
27 13
27 12
27 11
27 10
28 10
28 9
29 9
29 8
28 8
27 8
27 9
27 10
27 11
27 10
27 11
27 10
28 10
28 11
27 11
27 12
28 12
29 12
30 12
30 13
30 14
29 14
28 14
28 13
27 13
26 13
27 13
26 13
26 14
26 15
26 16
26 15
25 15
26 15
27 15
27 16
26 16
26 17
25 17
25 18
26 18
27 18
27 19
27 20
27 21
28 21
27 21
28 21
28 20
28 21
28 20
27 20
27 21
27 22
28 22
28 21
29 21
28 21
28 20
28 19
29 19
30 19
29 19
28 19
28 20
28 21
28 20
29 20
29 21
29 22
28 22
29 22
30 22
31 22
32 22
31 22
32 22
32 23
31 23
30 23
30 24
31 24
31 25
32 25
33 25
33 26
32 26
32 27
32 26
33 26
33 27
33 26
33 27
32 27
31 27
32 27
32 28
33 28
34 28
35 28
34 28
34 29
34 30
34 29
35 29
34 29
35 29
34 29
35 29
36 29
36 28
36 27
36 26
36 27
36 26
36 25
37 25
38 25
39 25
39 26
38 26
37 26
36 26
37 26
36 26
37 26
37 25
37 26
36 26
36 27
37 27
38 27
37 27
36 27
36 28
37 28
36 28
37 28
36 28
36 27
36 26
37 26
37 25
37 26
38 26
37 26
36 26
37 26
38 26
39 26
39 25
38 25
38 24
39 24
38 24
38 25
37 25
37 26
37 27
38 27
37 27
36 27
36 28
35 28
34 28
35 28
35 27
34 27
34 26
33 26
32 26
31 26
30 26
30 25
30 26
31 26
31 27
31 26
31 27
32 27
33 27
32 27
33 27
33 26
34 26
34 27
34 26
34 27
34 28
34 29
33 29
34 29
34 30
34 29
35 29
35 30
35 31
35 32
34 32
35 32
35 33
34 33
33 33
33 32
33 31
34 31
35 31
34 31
34 32
35 32
35 33
34 33
35 33
35 34
35 35
35 36
35 37
35 36
34 36
33 36
33 37
34 37
34 38
34 39
34 38
34 39
34 38
35 38
34 38
34 39
34 38
35 38
35 37
36 37
37 37
38 37
38 36
37 36
37 35
36 35
37 35
38 35
38 36
38 37
39 37
40 37
40 38
39 38
38 38
38 37
38 38
39 38
39 37
39 36
39 35
39 36
40 36
41 36
41 37
41 38
42 38
41 38
42 38
43 38
42 38
42 37
42 38
42 37
41 37
40 37
39 37
39 36
39 37
40 37
41 37
42 37
43 37
42 37
42 36
42 35
42 34
42 35
42 36
41 36
41 37
40 37
39 37
40 37
40 38
39 38
39 37
38 37
37 37
37 38
38 38
39 38
39 37
39 36
40 36
40 37
40 36
40 35
39 35
39 36
39 35
40 35
40 34
41 34
40 34
40 35
41 35
40 35
40 34
41 34
41 35
41 36
41 35
41 36
41 35
42 35
43 35
42 35
42 36
41 36
42 36
42 37
42 36
41 36
42 36
43 36
42 36
43 36
43 37
44 37
44 36
45 36
45 37
45 38
46 38
47 38
47 37
46 37
46 36
46 35
46 34
46 33
47 33
47 34
47 33
48 33
48 34
49 34
49 35
49 34
49 35
49 34
48 34
48 33
48 32
47 32
46 32
47 32
46 32
45 32
45 31
45 32
45 33
45 32
45 31
44 31
45 31
45 30
46 30
47 30
47 29
48 29
47 29
47 28
48 28
47 28
47 27
46 27
45 27
44 27
44 28
43 28
43 29
42 29
43 29
43 30
43 31
43 32
42 32
42 31
42 32
43 32
42 32
43 32
43 33
43 32
43 33
42 33
43 33
42 33
42 32
43 32
43 33
43 32
43 33
42 33
41 33
40 33
41 33
41 32
42 32
43 32
43 33
44 33
44 32
45 32
46 32
46 33
46 34
46 33
46 34
47 34
46 34
47 34
47 33
48 33
48 34
49 34
49 33
50 33
50 32
49 32
48 32
49 32
50 32
50 33
51 33
50 33
50 34
50 35
50 34
50 35
