0 0
1 0
0 0
0 1
1 1
0 1
1 1
2 1
2 0
3 0
3 1
3 0
3 1
2 1
1 1
1 2
1 1
0 1
1 1
0 1
1 1
2 1
1 1
0 1
0 0
0 1
0 2
0 1
0 2
0 3
1 3
1 2
2 2
3 2
4 2
4 3
5 3
6 3
5 3
4 3
4 4
4 5
4 4
5 4
4 4
5 4
5 3
5 4
5 3
4 3
3 3
4 3
5 3
4 3
3 3
2 3
2 2
2 1
1 1
0 1
1 1
2 1
3 1
3 2
3 3
3 2
2 2
3 2
4 2
5 2
5 1
4 1
5 1
5 2
6 2
6 3
5 3
5 2
5 3
4 3
4 4
3 4
3 5
2 5
1 5
1 6
0 6
0 5
0 6
0 5
0 6
0 5
0 6
0 7
1 7
1 6
1 5
1 4
0 4
1 4
1 5
1 4
2 4
3 4
4 4
4 3
4 4
5 4
5 5
5 4
5 3
5 4
5 5
4 5
4 6
5 6
5 5
4 5
3 5
2 5
3 5
3 6
3 7
4 7
5 7
5 6
5 5
5 6
4 6
3 6
2 6
2 7
2 6
3 6
3 5
4 5
4 4
5 4
6 4
5 4
4 4
3 4
3 5
3 6
3 7
2 7
3 7
4 7
5 7
5 8
5 9
6 9
6 8
5 8
4 8
4 9
5 9
6 9
6 8
5 8
5 7
6 7
6 8
6 7
6 6
5 6
5 7
5 6
4 6
5 6
5 5
5 4
5 5
6 5
6 4
6 5
7 5
6 5
5 5
6 5
5 5
6 5
6 6
7 6
7 7
8 7
8 6
8 7
7 7
7 8
7 9
8 9
8 8
9 8
8 8
8 9
9 9
9 10
8 10
9 10
9 9
8 9
8 10
7 10
8 10
8 9
8 10
8 9
8 8
7 8
7 7
8 7
8 6
8 5
7 5
8 5
9 5
8 5
7 5
7 6
7 7
7 8
6 8
7 8
6 8
5 8
4 8
4 9
5 9
4 9
5 9
5 10
5 11
4 11
4 10
4 9
3 9
4 9
4 8
5 8
5 9
6 9
7 9
8 9
7 9
7 8
8 8
7 8
8 8
8 9
8 10
9 10
10 10
10 9
10 8
10 7
10 8
11 8
12 8
12 9
12 8
13 8
13 7
14 7
14 6
15 6
14 6
14 7
15 7
14 7
14 8
15 8
15 9
16 9
16 10
17 10
16 10
16 11
17 11
17 12
18 12
19 12
18 12
17 12
16 12
16 13
17 13
16 13
16 12
16 11
16 12
17 12
17 11
17 10
17 11
17 12
16 12
15 12
15 11
15 12
16 12
16 13
15 13
16 13
17 13
17 14
17 13
17 12
17 11
17 10
17 9
18 9
19 9
20 9
20 8
19 8
20 8
20 7
20 6
20 7
21 7
21 8
21 7
20 7
20 6
19 6
19 7
19 6
20 6
20 5
20 4
20 3
19 3
20 3
19 3
20 3
21 3
22 3
23 3
24 3
23 3
22 3
22 2
22 1
22 0
23 0
22 0
21 0
22 0
22 1
22 2
22 1
21 1
20 1
21 1
21 2
21 3
20 3
20 4
20 3
20 4
21 4
21 5
20 5
21 5
21 4
22 4
23 4
23 5
23 4
24 4
24 5
24 6
23 6
23 7
22 7
23 7
24 7
25 7
25 8
25 9
25 8
25 7
25 8
26 8
25 8
26 8
26 7
26 8
27 8
28 8
28 9
28 8
28 7
27 7
27 8
27 7
28 7
29 7
28 7
28 8
27 8
28 8
29 8
30 8
31 8
30 8
30 7
31 7
31 6
31 5
31 4
32 4
32 3
32 4
31 4
32 4
32 5
32 6
31 6
31 7
32 7
32 6
32 7
32 8
32 9
32 10
33 10
34 10
33 10
34 10
34 11
35 11
34 11
33 11
34 11
33 11
32 11
32 10
33 10
33 11
33 10
33 9
32 9
32 8
32 9
33 9
33 10
33 9
34 9
34 8
34 7
34 6
34 7
35 7
34 7
34 8
33 8
34 8
34 7
34 6
34 7
33 7
33 6
33 7
33 6
33 7
34 7
35 7
35 8
36 8
36 9
35 9
34 9
35 9
35 8
35 7
36 7
37 7
38 7
38 6
38 5
38 4
38 5
38 4
37 4
37 5
38 5
38 4
38 5
38 6
38 7
38 8
38 9
37 9
37 10
37 9
37 10
37 11
36 11
37 11
36 11
35 11
35 10
36 10
36 11
36 10
36 11
36 10
37 10
37 9
38 9
39 9
39 10
40 10
40 9
40 8
41 8
40 8
40 7
40 8
40 9
40 10
39 10
40 10
40 9
40 10
39 10
39 9
39 8
39 7
38 7
37 7
37 8
38 8
38 9
37 9
37 10
37 9
36 9
36 8
35 8
34 8
34 9
33 9
34 9
35 9
36 9
36 10
36 11
35 11
34 11
34 10
34 9
34 8
35 8
35 7
36 7
37 7
37 8
37 9
37 8
36 8
36 7
36 6
37 6
36 6
37 6
36 6
36 7
37 7
37 6
36 6
37 6
37 5
36 5
37 5
37 4
37 5
37 6
37 5
36 5
36 4
35 4
35 5
34 5
34 6
34 5
34 6
34 7
34 8
35 8
35 7
36 7
37 7
37 8
36 8
36 7
36 8
35 8
35 7
35 6
35 5
35 4
35 3
36 3
36 2
36 3
35 3
36 3
35 3
35 4
35 5
35 6
36 6
35 6
34 6
33 6
33 5
33 4
33 5
34 5
34 4
34 5
33 5
34 5
34 6
35 6
36 6
35 6
36 6
36 7
37 7
38 7
39 7
40 7
41 7
42 7
42 6
41 6
40 6
40 7
40 8
40 7
41 7
42 7
42 6
42 5
42 6
42 5
43 5
42 5
42 4
43 4
43 3
44 3
44 4
45 4
45 5
46 5
46 4
46 3
47 3
47 2
47 1
47 0
47 1
48 1
48 2
48 1
48 2
48 1
47 1
47 0
47 1
47 2
48 2
47 2
48 2
47 2
47 3
47 2
47 3
47 2
48 2
49 2
49 3
48 3
48 2
49 2
49 3
48 3
48 4
47 4
48 4
47 4
46 4
47 4
47 5
46 5
47 5
47 4
47 5
47 4
47 3
47 4
47 5
48 5
47 5
46 5
46 6
45 6
45 5
46 5
45 5
45 6
45 7
45 8
45 9
44 9
44 8
45 8
44 8
44 9
44 8
44 7
45 7
45 8
45 9
46 9
46 8
45 8
44 8
44 9
43 9
44 9
44 8
45 8
45 7
44 7
44 8
43 8
43 9
44 9
44 10
43 10
43 11
44 11
44 10
43 10
43 9
44 9
44 10
45 10
45 11
46 11
46 12
47 12
47 11
46 11
46 12
46 13
46 14
47 14
46 14
45 14
46 14
46 13
47 13
48 13
48 12
48 11
48 10
49 10
49 11
49 12
48 12
48 11
48 10
49 10
50 10
51 10
52 10
53 10
54 10
54 11
54 10
55 10
54 10
55 10
56 10
55 10
55 11
55 10
55 9
54 9
54 8
53 8
52 8
52 7
52 6
52 7
52 6
53 6
54 6
54 5
53 5
53 6
53 7
54 7
54 8
54 9
55 9
56 9
56 8
55 8
56 8
57 8
57 9
58 9
57 9
57 8
57 7
58 7
58 6
58 5
57 5
57 6
57 7
58 7
57 7
56 7
56 8
56 7
57 7
58 7
58 8
57 8
57 7
58 7
57 7
57 6
57 5
57 4
56 4
55 4
54 4
55 4
55 5
55 6
54 6
54 7
54 8
53 8
52 8
53 8
53 7
52 7
53 7
54 7
55 7
55 8
55 7
54 7
54 6
53 6
53 7
52 7
52 6
51 6
51 7
50 7
49 7
50 7
49 7
49 8
49 7
49 8
49 9
50 9
51 9
50 9
50 8
50 9
49 9
49 8
49 9
49 8
48 8
49 8
49 9
49 10
48 10
48 11
47 11
46 11
46 12
46 11
47 11
47 10
48 10
48 9
47 9
46 9
45 9
46 9
45 9
45 8
46 8
47 8
47 9
46 9
47 9
47 10
47 9
47 8
48 8
47 8
46 8
46 9
46 8
46 7
45 7
45 6
45 7
45 8
46 8
45 8
45 9
44 9
44 10
44 11
45 11
45 10
45 9
46 9
46 10
46 11
45 11
44 11
43 11
43 12
42 12
43 12
42 12
42 11
43 11
44 11
44 10
43 10
42 10
43 10
43 9
44 9
44 10
44 11
44 12
43 12
43 11
43 10
44 10
45 10
45 9
45 8
45 9
45 8
44 8
45 8
44 8
43 8
42 8
42 7
42 8
42 7
43 7
43 6
43 7
44 7
45 7
45 6
45 5
46 5
46 4
46 3
47 3
47 2
46 2
46 1
45 1
45 0
45 1
45 2
45 1
46 1
46 0
46 1
46 2
46 3
47 3
47 2
