0 0
0 1
1 1
0 1
1 1
0 1
1 1
1 0
0 0
1 0
1 1
1 2
1 3
1 2
1 3
1 2
1 1
2 1
2 2
2 1
2 0
2 1
2 2
1 2
1 3
0 3
0 4
0 5
0 6
1 6
1 7
1 6
2 6
2 7
2 8
3 8
3 9
4 9
4 8
4 7
4 8
4 7
4 8
4 9
3 9
3 8
3 9
3 10
3 11
3 12
4 12
4 11
4 10
4 11
5 11
6 11
7 11
6 11
7 11
7 12
7 11
7 10
7 11
7 12
7 11
7 12
6 12
6 11
7 11
7 12
8 12
9 12
9 13
9 14
9 13
9 12
9 13
10 13
10 12
11 12
10 12
11 12
12 12
12 13
11 13
10 13
11 13
11 14
11 15
11 14
12 14
12 13
11 13
11 14
12 14
11 14
10 14
9 14
9 15
9 16
8 16
9 16
9 15
8 15
9 15
9 14
9 13
10 13
10 12
10 11
11 11
10 11
10 10
10 11
11 11
12 11
11 11
10 11
9 11
10 11
10 12
11 12
10 12
11 12
11 11
11 10
11 9
12 9
11 9
11 10
10 10
10 11
10 12
10 13
10 14
9 14
9 15
10 15
9 15
8 15
9 15
9 14
8 14
7 14
6 14
6 15
7 15
7 14
8 14
8 15
7 15
7 16
7 15
8 15
8 14
9 14
9 15
9 14
9 13
9 14
10 14
10 15
10 14
9 14
10 14
10 13
11 13
10 13
9 13
9 14
9 15
9 16
9 17
9 18
9 17
9 16
8 16
8 15
8 14
9 14
10 14
11 14
11 15
11 14
11 15
11 16
11 17
11 16
12 16
12 15
12 16
11 16
11 15
12 15
13 15
12 15
12 14
11 14
12 14
12 15
11 15
12 15
12 14
13 14
13 13
13 12
14 12
14 11
14 12
14 11
15 11
15 12
14 12
13 12
13 13
13 14
13 15
14 15
14 16
15 16
14 16
15 16
15 17
16 17
17 17
17 18
17 17
16 17
16 18
16 17
16 16
17 16
17 17
18 17
18 16
18 17
18 16
18 17
19 17
19 16
19 15
20 15
21 15
20 15
19 15
19 16
18 16
19 16
18 16
18 15
18 14
19 14
19 15
19 14
19 15
20 15
19 15
18 15
17 15
17 14
17 13
17 14
17 15
17 16
17 17
18 17
17 17
17 16
16 16
15 16
15 15
15 14
16 14
16 13
17 13
16 13
15 13
15 14
16 14
17 14
18 14
18 15
18 16
17 16
18 16
17 16
18 16
19 16
18 16
19 16
20 16
20 15
19 15
18 15
18 14
19 14
19 15
19 14
18 14
17 14
17 15
16 15
17 15
17 16
18 16
18 15
19 15
20 15
20 16
20 17
20 18
20 17
19 17
20 17
20 16
19 16
18 16
18 15
18 16
18 15
18 16
18 15
18 14
19 14
19 15
19 14
20 14
20 13
20 12
20 11
20 12
19 12
19 13
20 13
20 12
21 12
21 11
21 12
21 13
21 12
20 12
20 11
20 12
20 11
19 11
19 10
19 9
19 8
20 8
20 9
19 9
18 9
19 9
20 9
21 9
20 9
19 9
20 9
21 9
21 10
22 10
23 10
23 11
23 12
24 12
24 13
24 12
23 12
23 13
23 12
22 12
22 13
23 13
23 12
23 13
23 12
23 13
23 12
23 13
23 12
23 13
24 13
24 14
23 14
24 14
24 15
24 16
24 15
24 16
24 17
23 17
24 17
24 18
24 19
23 19
23 18
22 18
21 18
20 18
21 18
21 19
21 18
22 18
22 17
22 18
21 18
21 19
21 20
21 21
20 21
19 21
19 20
19 19
18 19
19 19
18 19
18 20
17 20
17 19
18 19
18 18
19 18
18 18
19 18
19 17
19 16
19 15
20 15
20 14
20 15
20 14
21 14
20 14
19 14
19 15
18 15
18 16
18 15
19 15
19 14
20 14
20 15
19 15
19 16
18 16
18 17
17 17
18 17
18 16
19 16
19 15
19 16
19 15
19 16
20 16
19 16
19 17
20 17
20 18
21 18
21 19
21 18
20 18
21 18
21 19
20 19
19 19
20 19
20 20
20 19
19 19
19 20
19 21
19 22
19 21
20 21
20 22
20 21
20 20
20 19
19 19
18 19
19 19
19 20
19 19
19 20
18 20
18 19
19 19
19 20
19 21
20 21
20 20
19 20
20 20
20 21
19 21
19 22
19 21
18 21
18 22
18 23
18 24
18 23
18 24
18 23
18 24
19 24
18 24
18 23
19 23
19 24
18 24
17 24
17 23
17 22
17 21
18 21
19 21
19 20
19 21
19 20
19 21
18 21
18 22
19 22
18 22
18 23
17 23
17 24
17 23
17 24
17 25
17 24
18 24
19 24
19 25
18 25
18 26
18 25
17 25
18 25
19 25
20 25
21 25
20 25
21 25
21 24
21 23
22 23
23 23
22 23
22 22
22 21
22 20
22 19
21 19
21 20
20 20
21 20
22 20
21 20
20 20
20 19
19 19
19 20
20 20
19 20
20 20
20 21
20 20
21 20
21 21
21 22
20 22
20 21
19 21
19 20
19 21
18 21
17 21
17 20
17 21
16 21
16 20
16 19
16 18
15 18
16 18
17 18
17 19
17 20
17 21
17 22
18 22
19 22
20 22
21 22
20 22
19 22
19 21
20 21
20 22
20 21
19 21
18 21
19 21
18 21
19 21
18 21
17 21
17 22
17 23
16 23
15 23
16 23
17 23
16 23
17 23
17 22
18 22
18 21
18 22
18 23
17 23
17 22
18 22
19 22
20 22
20 23
19 23
19 24
20 24
20 25
20 24
19 24
20 24
20 23
20 24
20 25
20 26
20 25
19 25
18 25
17 25
18 25
19 25
18 25
17 25
16 25
17 25
16 25
15 25
15 26
15 27
16 27
16 28
16 27
16 28
16 27
17 27
17 26
17 25
17 24
18 24
17 24
17 25
17 26
16 26
17 26
16 26
17 26
17 27
18 27
19 27
18 27
18 26
17 26
16 26
16 27
16 26
16 27
15 27
16 27
16 26
15 26
15 27
15 26
15 27
16 27
17 27
16 27
15 27
15 26
16 26
15 26
15 27
14 27
15 27
14 27
14 26
13 26
13 27
12 27
11 27
10 27
11 27
11 28
10 28
10 27
10 26
10 25
10 24
10 23
10 22
9 22
8 22
8 23
9 23
9 22
8 22
8 23
8 22
9 22
9 21
9 22
9 21
8 21
9 21
8 21
9 21
9 20
10 20
10 21
10 20
9 20
9 21
8 21
8 22
9 22
10 22
10 23
11 23
11 24
11 25
10 25
10 24
10 25
10 26
10 27
10 26
10 27
11 27
11 28
10 28
9 28
10 28
11 28
10 28
11 28
11 27
12 27
11 27
12 27
11 27
12 27
11 27
10 27
10 26
10 27
10 26
11 26
11 25
12 25
13 25
14 25
15 25
15 24
16 24
16 25
16 26
16 27
17 27
16 27
16 26
16 25
16 24
15 24
16 24
15 24
15 23
16 23
15 23
15 24
15 23
15 22
15 23
15 22
14 22
14 21
15 21
15 22
15 23
15 22
16 22
15 22
14 22
14 21
15 21
14 21
15 21
14 21
15 21
16 21
15 21
15 20
14 20
14 21
15 21
15 20
15 19
15 18
16 18
16 17
15 17
15 18
15 19
15 18
15 19
14 19
15 19
15 20
15 19
15 18
15 17
15 18
14 18
15 18
15 19
15 20
15 19
16 19
15 19
16 19
16 18
16 19
15 19
15 18
16 18
17 18
17 19
16 19
17 19
17 20
16 20
15 20
14 20
14 21
14 22
14 23
13 23
14 23
14 22
15 22
16 22
17 22
17 23
17 22
18 22
18 21
19 21
19 22
20 22
20 21
20 20
21 20
21 21
22 21
22 20
21 20
21 19
21 20
20 20
20 19
20 20
20 19
21 19
21 20
20 20
20 19
19 19
19 18
18 18
18 17
18 16
17 16
17 15
17 14
18 14
18 13
19 13
19 14
19 13
19 12
19 13
20 13
21 13
21 14
22 14
22 15
21 15
22 15
22 16
22 17
22 18
22 17
22 18
22 17
21 17
22 17
23 17
22 17
22 18
21 18
20 18
19 18
20 18
21 18
21 17
21 16
21 17
21 18
22 18
21 18
21 17
20 17
20 16
20 15
20 14
21 14
21 15
20 15
19 15
20 15
19 15
19 16
19 15
20 15
20 14
20 13
20 12
21 12
21 13
20 13
19 13
19 12
18 12
19 12
18 12
17 12
17 11
17 12
17 11
17 10
17 9
18 9
18 10
17 10
16 10
16 11
16 12
16 13
17 13
17 14
17 15
16 15
17 15
16 15
16 14
16 15
17 15
17 16
17 15
16 15
17 15
16 15
16 16
15 16
15 15
14 15
15 15
15 16
15 17
15 16
14 16
14 15
14 16
13 16
13 17
14 17
