0 0
1 0
0 0
0 1
0 0
1 0
1 1
1 2
0 2
0 1
0 0
1 0
1 1
2 1
3 1
4 1
4 2
4 1
4 0
3 0
3 1
3 2
2 2
1 2
1 3
1 4
1 3
1 2
1 3
2 3
3 3
4 3
3 3
2 3
2 4
2 5
3 5
4 5
4 4
5 4
4 4
5 4
5 3
5 2
5 1
5 2
4 2
4 1
4 2
4 1
4 2
5 2
5 1
5 0
5 1
5 2
6 2
6 1
6 2
7 2
8 2
8 3
9 3
9 2
9 1
10 1
10 2
11 2
10 2
10 1
10 2
9 2
9 1
9 2
9 1
9 0
10 0
10 1
11 1
11 0
11 1
10 1
11 1
11 0
10 0
10 1
10 0
10 1
10 0
9 0
8 0
8 1
7 1
6 1
6 0
6 1
6 2
5 2
5 3
5 2
5 1
5 0
5 1
4 1
4 2
3 2
3 3
4 3
4 4
5 4
4 4
3 4
4 4
4 5
4 4
4 3
5 3
5 4
6 4
6 5
5 5
5 4
6 4
5 4
6 4
6 3
5 3
4 3
4 4
4 5
4 6
4 5
4 4
4 3
4 2
4 3
4 4
5 4
6 4
7 4
7 3
6 3
5 3
5 4
4 4
4 3
4 2
5 2
4 2
4 3
4 2
3 2
2 2
1 2
1 1
0 1
1 1
2 1
2 0
2 1
2 0
1 0
1 1
1 0
2 0
3 0
3 1
3 0
3 1
4 1
4 0
4 1
4 0
4 1
4 2
4 3
4 4
4 5
3 5
3 6
4 6
3 6
4 6
4 5
5 5
5 6
4 6
4 5
3 5
3 6
3 5
3 6
2 6
3 6
2 6
2 5
2 6
2 7
1 7
1 8
2 8
2 9
3 9
3 10
4 10
4 11
5 11
5 12
4 12
5 12
4 12
5 12
6 12
5 12
4 12
3 12
2 12
1 12
0 12
1 12
2 12
1 12
1 11
1 10
0 10
1 10
0 10
0 9
0 8
1 8
2 8
2 7
2 8
2 9
3 9
3 10
2 10
3 10
3 9
3 8
3 7
4 7
5 7
6 7
7 7
7 8
7 9
7 8
8 8
7 8
8 8
8 9
8 10
7 10
7 11
7 10
7 9
7 8
6 8
7 8
7 7
6 7
6 6
5 6
5 5
4 5
4 6
4 5
4 4
4 5
4 6
4 7
4 8
5 8
5 9
5 8
5 7
5 6
6 6
6 5
5 5
5 4
5 5
5 6
5 5
4 5
3 5
3 6
4 6
3 6
4 6
5 6
4 6
3 6
3 7
4 7
5 7
5 8
4 8
5 8
6 8
7 8
7 9
8 9
9 9
9 8
10 8
11 8
11 9
10 9
11 9
11 10
11 11
12 11
12 10
12 9
11 9
11 8
10 8
10 7
10 6
11 6
11 7
12 7
13 7
14 7
14 8
15 8
15 7
15 8
15 9
16 9
16 8
16 9
16 8
16 9
17 9
17 8
18 8
18 9
18 8
18 7
18 8
18 9
18 10
18 11
18 10
17 10
17 9
18 9
18 10
18 11
17 11
18 11
18 12
19 12
19 11
19 10
20 10
20 9
20 8
20 7
20 6
20 5
20 6
20 7
20 8
20 9
20 10
20 9
20 10
19 10
20 10
19 10
20 10
20 11
19 11
19 12
19 13
18 13
18 12
18 13
17 13
17 14
18 14
18 13
18 12
19 12
20 12
21 12
21 13
20 13
20 12
20 13
20 12
20 11
20 12
21 12
22 12
22 13
22 14
21 14
21 13
21 12
21 13
20 13
20 14
19 14
19 13
19 12
19 11
20 11
20 12
19 12
20 12
20 11
21 11
21 12
21 13
21 14
21 13
21 14
21 13
20 13
19 13
19 14
19 13
20 13
21 13
21 14
20 14
20 15
20 16
20 17
20 18
21 18
20 18
20 19
20 18
21 18
21 17
22 17
23 17
23 16
23 15
23 14
23 15
23 16
22 16
22 15
21 15
20 15
20 14
20 13
21 13
21 12
21 13
20 13
20 14
21 14
22 14
22 13
23 13
23 12
23 13
23 14
23 15
23 16
24 16
25 16
25 15
24 15
23 15
22 15
22 16
21 16
22 16
22 15
23 15
23 14
23 13
23 14
22 14
22 13
23 13
22 13
22 14
23 14
24 14
24 15
23 15
22 15
22 16
22 15
23 15
23 14
23 15
23 14
24 14
23 14
22 14
22 13
23 13
23 12
24 12
24 13
24 12
24 11
24 10
24 11
24 12
24 11
25 11
24 11
24 12
24 11
25 11
26 11
25 11
24 11
23 11
23 10
22 10
22 11
21 11
21 12
21 11
22 11
21 11
21 12
22 12
23 12
23 11
22 11
22 12
21 12
22 12
21 12
21 11
21 12
21 13
21 12
21 11
21 12
20 12
20 13
20 14
20 15
19 15
20 15
20 14
21 14
22 14
22 15
23 15
22 15
21 15
22 15
21 15
20 15
21 15
21 16
21 15
20 15
21 15
20 15
20 14
19 14
19 15
19 16
20 16
21 16
21 15
21 16
20 16
20 15
19 15
19 16
19 15
20 15
20 14
19 14
20 14
19 14
18 14
17 14
16 14
15 14
14 14
13 14
13 15
14 15
14 16
15 16
15 15
15 16
15 15
15 16
15 17
15 16
14 16
13 16
12 16
13 16
13 17
12 17
13 17
12 17
13 17
13 18
14 18
15 18
14 18
14 17
14 16
14 17
14 16
15 16
15 17
15 16
16 16
17 16
17 15
16 15
17 15
16 15
16 16
15 16
15 15
15 16
15 15
16 15
17 15
17 16
17 15
17 16
18 16
18 17
19 17
20 17
20 16
19 16
20 16
19 16
20 16
20 17
19 17
20 17
20 16
21 16
21 17
20 17
21 17
20 17
20 18
20 17
20 16
20 17
20 18
20 19
20 18
21 18
21 17
21 16
21 17
22 17
22 18
22 17
21 17
21 16
22 16
21 16
20 16
19 16
20 16
21 16
21 15
22 15
21 15
22 15
23 15
22 15
22 14
21 14
22 14
22 15
22 14
22 13
23 13
22 13
22 12
21 12
21 11
20 11
21 11
22 11
22 10
22 11
22 10
21 10
22 10
23 10
23 11
24 11
23 11
24 11
24 12
25 12
25 11
24 11
25 11
25 10
25 9
24 9
24 8
23 8
23 9
23 8
24 8
25 8
25 9
25 8
25 9
25 10
25 9
25 10
25 9
26 9
26 10
26 9
26 8
27 8
27 9
27 8
28 8
28 7
28 8
27 8
28 8
27 8
27 7
26 7
26 6
25 6
25 5
26 5
26 6
26 5
25 5
26 5
26 4
27 4
26 4
26 3
26 2
26 1
25 1
24 1
24 0
24 1
23 1
23 2
22 2
23 2
24 2
24 1
24 2
24 1
25 1
24 1
24 0
24 1
24 0
24 1
23 1
24 1
24 0
24 1
24 2
24 1
24 0
24 1
23 1
22 1
23 1
24 1
24 0
24 1
24 2
25 2
25 1
26 1
26 0
25 0
25 1
25 0
24 0
24 1
24 0
25 0
25 1
24 1
23 1
23 2
24 2
24 1
25 1
25 0
24 0
24 1
24 0
24 1
24 2
24 3
24 4
25 4
25 5
25 6
25 5
24 5
24 4
24 3
25 3
25 2
25 1
26 1
25 1
24 1
23 1
22 1
22 2
23 2
23 3
23 4
23 5
22 5
22 6
23 6
23 5
24 5
23 5
22 5
21 5
21 4
21 5
21 4
21 3
22 3
23 3
22 3
22 2
22 3
21 3
22 3
23 3
24 3
24 4
25 4
25 3
24 3
24 2
24 3
25 3
26 3
25 3
25 2
26 2
25 2
24 2
23 2
23 1
22 1
22 0
22 1
21 1
22 1
22 2
23 2
24 2
24 3
24 2
23 2
22 2
22 1
22 2
21 2
22 2
21 2
22 2
21 2
21 3
20 3
19 3
18 3
18 2
19 2
19 1
19 2
19 1
20 1
21 1
20 1
20 0
19 0
19 1
20 1
20 0
19 0
19 1
19 0
19 1
19 0
19 1
19 0
18 0
17 0
17 1
18 1
18 0
18 1
18 2
17 2
16 2
15 2
15 3
16 3
17 3
17 4
17 3
16 3
16 4
17 4
17 3
17 4
18 4
18 5
18 6
18 7
19 7
18 7
18 6
17 6
18 6
19 6
18 6
17 6
17 5
17 4
18 4
18 3
18 4
18 5
18 4
19 4
19 3
19 4
20 4
20 5
19 5
19 4
19 3
19 2
20 2
20 3
21 3
21 4
20 4
20 3
20 4
20 3
21 3
21 4
22 4
22 5
22 6
23 6
24 6
24 5
25 5
25 6
24 6
23 6
22 6
21 6
20 6
19 6
20 6
19 6
20 6
20 5
20 4
20 5
20 6
19 6
19 5
18 5
18 4
18 3
17 3
16 3
