0 0
0 1
1 1
0 1
0 2
0 1
1 1
1 2
1 1
0 1
0 0
1 0
1 1
1 0
1 1
0 1
0 0
0 1
1 1
1 0
1 1
1 0
0 0
1 0
0 0
1 0
0 0
0 1
0 2
1 2
0 2
1 2
0 2
1 2
1 1
0 1
0 2
0 1
1 1
2 1
2 0
2 1
1 1
1 0
0 0
1 0
0 0
1 0
0 0
1 0
1 1
1 2
2 2
3 2
4 2
5 2
6 2
5 2
6 2
6 1
6 0
7 0
6 0
6 1
6 0
6 1
7 1
8 1
8 2
8 1
8 0
9 0
9 1
9 2
9 3
8 3
7 3
8 3
8 4
8 5
8 6
9 6
10 6
10 7
10 8
11 8
11 7
11 6
10 6
10 7
11 7
11 6
11 5
12 5
12 6
13 6
14 6
13 6
14 6
15 6
16 6
16 7
16 8
16 9
16 8
16 9
16 8
15 8
14 8
14 7
14 6
15 6
15 5
15 4
15 5
15 6
16 6
16 5
16 4
16 5
17 5
16 5
16 6
15 6
15 7
14 7
14 8
14 7
15 7
14 7
14 6
14 5
13 5
13 4
12 4
11 4
11 5
10 5
10 6
10 7
11 7
10 7
9 7
9 8
8 8
7 8
8 8
8 7
8 8
8 9
8 10
8 11
7 11
7 12
7 11
6 11
5 11
5 10
6 10
7 10
8 10
9 10
9 9
9 8
8 8
8 9
8 10
7 10
6 10
6 11
7 11
6 11
6 12
7 12
8 12
8 11
9 11
9 10
10 10
11 10
11 9
12 9
12 8
13 8
13 9
13 8
12 8
13 8
12 8
13 8
13 7
13 6
13 5
13 4
14 4
14 5
14 6
15 6
15 5
16 5
16 6
16 5
15 5
15 6
14 6
14 5
14 6
13 6
13 7
12 7
13 7
13 6
12 6
12 5
12 4
13 4
13 5
14 5
14 6
13 6
13 7
12 7
13 7
14 7
13 7
12 7
12 6
12 5
12 6
11 6
12 6
11 6
12 6
11 6
10 6
10 5
11 5
10 5
11 5
11 4
11 5
11 6
10 6
10 5
10 4
10 5
10 4
10 5
11 5
12 5
12 4
12 3
13 3
14 3
15 3
14 3
14 4
13 4
13 5
13 4
12 4
12 5
13 5
13 4
13 3
13 2
13 1
13 2
12 2
12 3
13 3
12 3
13 3
14 3
14 2
14 3
14 4
14 5
13 5
14 5
14 4
14 3
14 4
13 4
13 3
13 2
12 2
11 2
12 2
12 1
11 1
12 1
13 1
14 1
14 0
14 1
14 2
14 1
15 1
16 1
15 1
16 1
16 2
16 1
15 1
15 2
15 1
15 0
16 0
16 1
16 0
16 1
16 0
16 1
17 1
18 1
17 1
16 1
17 1
18 1
19 1
18 1
18 0
18 1
19 1
18 1
19 1
19 0
19 1
18 1
18 0
19 0
18 0
19 0
18 0
18 1
17 1
18 1
18 0
18 1
18 2
18 1
18 2
18 3
18 4
18 5
18 6
17 6
17 7
17 8
16 8
17 8
17 7
17 6
16 6
17 6
18 6
19 6
19 5
19 4
19 5
20 5
20 6
21 6
22 6
23 6
23 7
22 7
22 6
23 6
22 6
21 6
21 5
20 5
21 5
22 5
23 5
23 6
23 5
22 5
21 5
21 6
20 6
21 6
20 6
19 6
19 5
19 6
18 6
18 7
17 7
18 7
18 6
18 7
18 8
18 7
19 7
20 7
20 6
21 6
22 6
23 6
24 6
24 5
24 6
25 6
26 6
25 6
26 6
25 6
26 6
27 6
28 6
27 6
28 6
28 5
28 4
29 4
29 3
28 3
28 2
28 1
28 2
28 3
29 3
29 2
30 2
30 1
30 0
29 0
29 1
29 0
29 1
30 1
30 0
31 0
31 1
31 2
32 2
31 2
30 2
29 2
30 2
30 3
30 2
29 2
29 3
30 3
31 3
31 4
30 4
30 5
30 6
31 6
30 6
31 6
32 6
32 5
32 6
31 6
30 6
29 6
30 6
29 6
29 5
30 5
30 6
29 6
30 6
31 6
32 6
32 7
32 8
31 8
31 9
30 9
30 10
29 10
30 10
29 10
29 11
29 12
29 11
29 10
29 9
29 10
30 10
30 9
30 8
30 9
30 10
30 9
31 9
31 8
30 8
31 8
31 9
30 9
30 8
29 8
29 9
28 9
29 9
29 8
28 8
29 8
29 7
30 7
31 7
32 7
32 6
32 7
32 8
33 8
34 8
34 9
34 10
33 10
33 9
34 9
33 9
32 9
32 8
32 9
33 9
33 10
33 9
33 10
32 10
32 11
31 11
31 12
32 12
33 12
34 12
35 12
34 12
34 11
34 10
35 10
35 11
35 12
34 12
35 12
36 12
36 13
35 13
34 13
34 14
35 14
36 14
36 13
36 14
37 14
37 15
36 15
36 16
37 16
37 15
36 15
36 16
37 16
37 15
38 15
38 14
39 14
40 14
40 15
39 15
39 16
39 17
38 17
38 16
39 16
38 16
37 16
38 16
38 15
39 15
39 14
39 13
39 12
40 12
40 11
40 12
40 11
40 12
41 12
40 12
40 13
39 13
38 13
37 13
38 13
39 13
39 12
38 12
39 12
39 13
39 12
40 12
39 12
39 13
38 13
37 13
36 13
36 14
37 14
37 15
37 16
36 16
36 15
35 15
36 15
36 14
36 13
36 12
36 11
37 11
37 12
37 13
38 13
37 13
36 13
36 14
35 14
36 14
35 14
35 13
36 13
35 13
35 12
36 12
36 11
37 11
38 11
38 10
37 10
37 11
37 10
38 10
39 10
40 10
41 10
42 10
42 9
42 10
43 10
42 10
41 10
41 9
40 9
41 9
41 10
40 10
39 10
40 10
41 10
41 9
41 8
41 9
41 10
41 11
40 11
40 12
40 13
41 13
42 13
41 13
40 13
41 13
40 13
39 13
39 12
39 13
39 14
40 14
40 13
40 14
39 14
38 14
37 14
38 14
37 14
36 14
35 14
34 14
34 15
34 16
35 16
34 16
35 16
35 17
35 18
34 18
34 19
35 19
36 19
35 19
35 20
35 21
35 20
36 20
36 21
35 21
34 21
33 21
33 22
33 21
33 20
33 21
33 22
33 23
32 23
31 23
30 23
31 23
31 22
30 22
30 21
30 22
30 21
30 20
30 19
29 19
28 19
27 19
28 19
28 18
28 17
28 16
28 15
27 15
28 15
27 15
27 14
27 13
27 14
27 15
26 15
26 14
27 14
26 14
27 14
27 13
28 13
29 13
29 14
29 13
29 14
29 13
29 14
28 14
28 13
28 14
29 14
30 14
30 13
31 13
31 14
31 13
32 13
33 13
33 12
33 11
32 11
32 12
32 11
32 10
31 10
32 10
32 11
32 10
31 10
31 9
31 10
31 11
31 12
31 13
32 13
32 14
31 14
30 14
30 15
29 15
28 15
27 15
27 14
28 14
27 14
28 14
28 15
28 16
27 16
27 17
27 16
27 15
26 15
27 15
26 15
25 15
26 15
26 16
25 16
25 15
26 15
27 15
26 15
26 16
26 17
25 17
24 17
24 18
24 17
23 17
23 16
23 15
23 16
23 17
22 17
22 18
21 18
20 18
20 17
19 17
20 17
20 18
20 19
19 19
19 20
19 19
19 18
19 17
19 18
20 18
20 17
21 17
21 16
20 16
20 15
21 15
20 15
19 15
18 15
19 15
19 14
18 14
19 14
18 14
17 14
18 14
18 13
18 12
19 12
19 11
20 11
20 10
20 11
20 10
21 10
22 10
22 9
23 9
24 9
25 9
26 9
27 9
28 9
29 9
28 9
28 10
28 11
28 10
28 9
28 8
28 9
29 9
30 9
30 8
30 7
30 8
30 9
31 9
30 9
31 9
31 10
30 10
29 10
30 10
31 10
30 10
29 10
29 9
29 8
29 9
28 9
27 9
28 9
28 8
28 7
28 8
28 9
28 8
28 7
28 8
28 7
29 7
30 7
30 8
31 8
31 9
30 9
31 9
30 9
30 8
30 9
30 8
31 8
32 8
32 7
31 7
32 7
31 7
31 8
31 9
30 9
30 10
30 9
31 9
31 10
32 10
32 11
32 12
33 12
33 11
33 10
33 11
34 11
33 11
32 11
32 12
31 12
31 11
31 12
30 12
29 12
28 12
28 11
28 12
28 13
28 12
29 12
29 13
29 12
29 11
30 11
30 12
31 12
30 12
30 13
30 14
29 14
28 14
29 14
28 14
27 14
26 14
26 15
27 15
27 14
26 14
27 14
27 13
28 13
28 14
29 14
29 13
28 13
28 12
28 13
29 13
29 14
28 14
28 15
29 15
30 15
30 16
30 17
29 17
28 17
28 16
29 16
30 16
29 16
30 16
30 17
30 16
30 17
30 16
31 16
