0 0
1 0
1 1
2 1
2 0
2 1
1 1
1 2
1 1
1 0
1 1
1 2
1 1
0 1
0 0
0 1
1 1
1 0
1 1
2 1
3 1
3 2
4 2
4 3
3 3
3 4
4 4
4 5
5 5
5 4
5 3
5 4
4 4
5 4
6 4
6 3
6 4
6 3
6 4
6 5
6 6
5 6
4 6
4 5
4 4
4 3
4 4
4 3
5 3
4 3
4 4
4 5
5 5
5 6
4 6
4 5
5 5
4 5
5 5
6 5
7 5
7 6
7 7
7 6
6 6
6 7
6 8
6 9
5 9
5 10
5 9
4 9
3 9
4 9
5 9
5 8
6 8
5 8
5 9
4 9
4 10
4 11
3 11
3 10
3 11
3 10
3 11
3 12
3 11
2 11
2 10
1 10
1 11
1 12
0 12
0 13
0 14
0 13
1 13
1 12
1 11
1 12
1 13
1 12
0 12
1 12
1 13
0 13
0 14
0 13
0 12
1 12
1 13
1 14
1 13
2 13
2 14
1 14
0 14
0 15
1 15
1 16
1 15
1 14
2 14
3 14
3 13
3 12
3 13
4 13
3 13
4 13
4 12
5 12
4 12
3 12
4 12
4 13
5 13
4 13
3 13
4 13
4 12
5 12
4 12
3 12
3 11
3 10
3 9
4 9
4 8
3 8
3 7
2 7
2 6
3 6
3 7
3 8
3 9
3 8
4 8
3 8
3 7
2 7
1 7
1 8
0 8
1 8
0 8
1 8
1 9
0 9
0 10
1 10
2 10
3 10
3 9
3 8
3 7
3 6
2 6
2 7
2 8
2 9
2 10
2 9
1 9
2 9
1 9
0 9
1 9
1 8
1 7
0 7
0 8
1 8
1 9
1 10
2 10
2 11
1 11
2 11
1 11
1 10
1 11
2 11
1 11
0 11
0 12
0 13
1 13
1 14
1 15
1 14
2 14
2 13
2 12
2 13
3 13
4 13
3 13
4 13
5 13
5 14
5 15
4 15
4 14
4 13
5 13
5 14
4 14
3 14
2 14
1 14
1 15
2 15
3 15
4 15
4 16
4 17
4 18
5 18
6 18
7 18
8 18
9 18
8 18
8 19
7 19
7 18
7 17
7 16
7 17
7 16
7 15
7 14
8 14
9 14
9 15
10 15
10 14
11 14
11 13
10 13
10 14
11 14
11 15
10 15
11 15
10 15
11 15
12 15
12 16
13 16
14 16
13 16
14 16
14 17
14 16
13 16
13 15
12 15
13 15
12 15
13 15
13 16
13 15
14 15
14 14
13 14
14 14
15 14
15 15
16 15
16 14
17 14
17 15
16 15
16 14
16 15
16 16
15 16
15 17
14 17
14 18
14 17
13 17
13 16
12 16
11 16
11 15
11 16
12 16
12 15
13 15
13 16
12 16
13 16
13 17
12 17
13 17
13 16
13 17
14 17
14 16
13 16
14 16
13 16
13 17
13 18
13 19
13 20
13 19
14 19
13 19
13 18
14 18
14 19
13 19
13 18
13 17
13 16
13 17
13 16
12 16
12 15
11 15
11 14
11 13
10 13
11 13
11 12
10 12
11 12
12 12
11 12
11 11
11 10
11 11
12 11
11 11
11 12
11 11
12 11
12 10
12 11
11 11
12 11
11 11
10 11
10 12
10 13
10 14
10 13
10 14
9 14
9 15
9 16
8 16
8 15
9 15
8 15
9 15
10 15
10 16
9 16
9 15
10 15
10 16
10 15
10 14
11 14
10 14
10 13
10 14
10 13
11 13
11 12
12 12
12 11
12 12
11 12
11 11
12 11
12 12
11 12
10 12
11 12
12 12
12 13
13 13
14 13
13 13
13 14
14 14
15 14
15 15
15 16
14 16
15 16
16 16
16 15
17 15
18 15
17 15
16 15
17 15
18 15
18 14
19 14
20 14
21 14
21 13
21 12
21 11
21 10
21 11
20 11
20 10
20 11
19 11
19 10
20 10
21 10
20 10
20 9
21 9
21 10
20 10
20 9
21 9
20 9
21 9
21 8
21 9
22 9
23 9
23 10
24 10
23 10
24 10
25 10
25 11
24 11
25 11
26 11
25 11
24 11
25 11
24 11
25 11
24 11
24 12
23 12
23 13
23 14
23 13
23 14
24 14
25 14
24 14
24 15
24 14
24 15
23 15
23 16
23 17
23 18
24 18
23 18
22 18
23 18
23 17
24 17
24 18
24 17
23 17
22 17
23 17
22 17
21 17
21 16
20 16
20 17
20 18
20 17
20 16
19 16
19 15
18 15
18 14
18 15
18 16
19 16
19 15
20 15
20 14
21 14
20 14
20 13
20 14
19 14
19 13
19 12
18 12
19 12
20 12
20 11
20 12
21 12
21 13
21 14
22 14
22 13
22 12
23 12
23 13
24 13
25 13
25 12
25 11
24 11
24 12
25 12
24 12
25 12
25 11
26 11
27 11
27 10
26 10
25 10
25 11
25 12
26 12
27 12
27 11
27 12
26 12
26 13
25 13
24 13
23 13
23 14
23 15
24 15
23 15
23 14
24 14
24 13
24 12
24 11
24 12
25 12
24 12
24 11
23 11
22 11
22 12
23 12
23 11
23 10
23 9
24 9
24 8
24 9
25 9
24 9
24 8
23 8
22 8
22 9
22 10
23 10
23 11
23 12
23 13
24 13
25 13
25 14
25 13
24 13
23 13
23 14
23 15
23 16
23 17
23 18
22 18
22 17
22 18
22 17
22 18
23 18
24 18
24 17
24 16
23 16
24 16
23 16
22 16
22 17
22 18
23 18
23 19
22 19
22 20
21 20
22 20
22 21
21 21
21 22
22 22
22 23
23 23
23 22
22 22
22 23
21 23
21 24
21 23
20 23
20 24
19 24
19 25
19 26
19 25
19 26
19 25
19 26
18 26
18 25
18 24
19 24
19 23
18 23
18 24
17 24
18 24
18 23
17 23
17 22
17 21
17 22
17 23
17 24
18 24
17 24
17 25
16 25
16 26
16 25
17 25
18 25
18 24
18 23
17 23
18 23
19 23
18 23
18 24
18 23
18 22
17 22
16 22
15 22
15 23
14 23
14 22
13 22
14 22
14 21
14 22
15 22
16 22
16 21
17 21
16 21
17 21
17 20
17 19
17 20
17 21
16 21
16 20
17 20
18 20
18 21
17 21
17 20
17 19
17 18
18 18
19 18
20 18
21 18
22 18
22 19
21 19
20 19
21 19
22 19
21 19
21 18
22 18
23 18
24 18
23 18
23 17
23 16
23 15
23 14
24 14
23 14
22 14
22 13
23 13
22 13
22 12
22 11
22 10
21 10
20 10
19 10
18 10
19 10
18 10
18 9
18 10
18 9
18 8
19 8
19 9
19 8
20 8
20 7
20 6
20 7
19 7
20 7
21 7
21 6
21 7
21 8
21 7
22 7
21 7
22 7
23 7
22 7
22 8
23 8
22 8
22 9
22 10
23 10
23 9
22 9
23 9
24 9
25 9
25 10
26 10
26 9
27 9
27 10
27 9
28 9
29 9
28 9
27 9
27 8
28 8
28 7
28 8
29 8
28 8
29 8
29 9
29 8
29 9
29 8
28 8
28 9
27 9
26 9
26 10
25 10
26 10
26 11
26 10
25 10
24 10
24 11
23 11
23 10
23 9
23 10
23 9
23 10
23 11
22 11
22 12
22 13
22 12
23 12
24 12
23 12
22 12
21 12
22 12
23 12
23 11
23 12
23 13
22 13
21 13
22 13
22 12
23 12
24 12
24 11
24 12
23 12
24 12
23 12
23 11
23 10
23 9
24 9
25 9
26 9
27 9
27 10
27 11
27 12
28 12
28 13
29 13
29 14
29 13
29 12
28 12
27 12
27 13
27 12
27 13
27 14
28 14
29 14
30 14
30 15
30 16
30 15
30 14
31 14
32 14
33 14
32 14
32 15
32 14
32 15
31 15
31 14
31 15
32 15
33 15
34 15
35 15
35 16
35 15
35 14
35 13
36 13
36 14
36 15
36 14
37 14
38 14
39 14
39 13
40 13
40 14
40 15
40 14
41 14
41 15
41 16
41 15
40 15
39 15
38 15
38 16
38 17
38 16
37 16
36 16
36 17
37 17
36 17
36 18
36 17
37 17
37 18
38 18
38 19
39 19
38 19
39 19
40 19
41 19
41 18
41 19
41 20
42 20
42 19
41 19
41 20
40 20
41 20
40 20
40 19
40 18
41 18
40 18
39 18
40 18
40 17
40 18
41 18
41 19
41 20
40 20
40 21
40 22
40 21
41 21
41 22
41 23
40 23
40 22
40 21
40 20
40 19
40 20
39 20
40 20
41 20
40 20
40 21
41 21
40 21
40 20
39 20
39 19
40 19
39 19
39 20
40 20
40 19
39 19
39 18
39 19
38 19
39 19
40 19
41 19
41 18
40 18
40 17
40 18
39 18
40 18
41 18
42 18
41 18
42 18
43 18
42 18
42 17
