0 0
0 1
1 1
2 1
3 1
3 0
4 0
4 1
3 1
3 2
2 2
2 1
2 0
2 1
3 1
2 1
3 1
3 0
4 0
4 1
5 1
4 1
3 1
2 1
2 0
2 1
2 2
1 2
0 2
0 1
1 1
0 1
0 0
1 0
0 0
0 1
0 2
1 2
1 3
0 3
0 2
0 1
1 1
1 0
1 1
2 1
2 0
1 0
1 1
1 0
2 0
3 0
3 1
4 1
4 2
4 1
5 1
5 2
6 2
6 3
7 3
7 4
8 4
7 4
7 3
7 2
8 2
8 3
9 3
8 3
8 2
9 2
9 1
8 1
7 1
6 1
6 0
7 0
7 1
8 1
7 1
8 1
8 2
9 2
9 3
10 3
9 3
9 4
9 3
10 3
9 3
9 4
8 4
9 4
9 3
10 3
11 3
11 2
12 2
13 2
14 2
13 2
13 1
12 1
12 2
12 1
13 1
12 1
12 0
11 0
10 0
10 1
10 2
11 2
12 2
12 3
12 2
12 1
12 0
11 0
12 0
13 0
13 1
13 2
13 3
14 3
13 3
12 3
11 3
12 3
11 3
12 3
12 2
11 2
11 3
12 3
13 3
12 3
12 4
13 4
12 4
11 4
12 4
12 5
13 5
12 5
12 6
13 6
13 5
12 5
12 6
12 7
13 7
13 8
14 8
15 8
16 8
17 8
18 8
17 8
16 8
15 8
16 8
17 8
17 7
18 7
18 8
18 9
18 10
19 10
20 10
20 11
21 11
20 11
19 11
20 11
20 12
20 13
20 14
20 13
19 13
18 13
18 14
19 14
19 13
20 13
20 12
21 12
21 11
20 11
20 10
21 10
21 11
20 11
21 11
21 12
22 12
22 11
22 12
22 13
21 13
21 14
21 13
21 12
20 12
20 13
21 13
21 12
22 12
22 11
21 11
22 11
22 12
22 13
22 14
22 13
22 14
23 14
22 14
21 14
22 14
23 14
22 14
22 15
22 14
23 14
24 14
23 14
24 14
25 14
26 14
26 15
25 15
26 15
27 15
28 15
29 15
30 15
30 14
30 13
29 13
30 13
30 14
29 14
28 14
28 15
29 15
29 16
29 15
30 15
29 15
30 15
30 14
29 14
30 14
30 13
29 13
28 13
27 13
26 13
27 13
27 14
28 14
28 15
28 16
29 16
30 16
30 15
30 16
29 16
28 16
27 16
27 15
27 14
26 14
27 14
27 15
27 14
27 13
28 13
28 12
28 13
28 14
29 14
29 13
30 13
30 12
30 11
30 12
30 11
30 10
30 11
31 11
31 10
30 10
30 11
31 11
31 10
31 9
32 9
32 8
31 8
30 8
30 7
30 8
30 9
31 9
32 9
32 8
32 9
32 10
31 10
31 9
31 10
30 10
31 10
32 10
33 10
34 10
33 10
32 10
32 11
32 12
32 11
33 11
33 12
33 11
32 11
31 11
31 12
30 12
31 12
32 12
32 13
32 12
33 12
33 11
32 11
31 11
31 12
31 13
32 13
32 14
31 14
32 14
31 14
31 15
30 15
30 16
31 16
31 17
32 17
32 18
33 18
32 18
32 19
32 20
32 19
32 20
32 21
32 22
32 23
32 24
33 24
33 23
33 22
33 21
34 21
33 21
34 21
34 22
35 22
35 23
35 24
34 24
34 23
33 23
34 23
34 22
34 23
35 23
36 23
35 23
35 24
34 24
35 24
34 24
35 24
36 24
36 23
35 23
35 22
35 21
35 20
36 20
37 20
36 20
36 21
37 21
37 22
36 22
35 22
35 23
36 23
35 23
35 22
34 22
35 22
34 22
35 22
35 21
35 20
36 20
36 21
36 20
35 20
35 21
36 21
36 22
36 21
35 21
34 21
35 21
35 20
36 20
35 20
36 20
35 20
35 21
34 21
35 21
36 21
35 21
35 20
34 20
33 20
32 20
31 20
31 19
31 18
31 19
31 18
31 19
31 18
32 18
31 18
31 19
32 19
32 18
31 18
32 18
32 17
33 17
34 17
35 17
34 17
34 18
33 18
33 19
33 18
33 19
33 20
33 21
34 21
34 22
35 22
36 22
36 21
37 21
37 20
37 21
37 20
37 19
37 20
38 20
38 21
37 21
36 21
35 21
34 21
34 20
33 20
33 19
34 19
33 19
34 19
34 20
34 19
34 18
33 18
32 18
32 19
33 19
33 20
32 20
32 21
32 20
33 20
33 19
34 19
35 19
35 20
35 19
35 18
34 18
33 18
34 18
35 18
35 17
35 16
36 16
36 15
36 16
37 16
37 15
38 15
37 15
38 15
39 15
39 14
39 15
39 14
39 13
40 13
40 12
40 13
40 12
39 12
38 12
38 11
38 10
38 11
38 10
37 10
37 9
37 8
37 7
37 8
37 9
38 9
38 10
38 11
39 11
39 12
38 12
38 13
38 14
39 14
38 14
39 14
40 14
41 14
40 14
40 13
40 14
39 14
39 15
38 15
39 15
39 16
40 16
39 16
38 16
38 17
38 16
37 16
36 16
37 16
36 16
37 16
36 16
36 15
36 14
37 14
36 14
36 13
35 13
36 13
37 13
36 13
37 13
37 14
38 14
39 14
39 15
40 15
40 14
41 14
42 14
43 14
43 13
43 14
43 13
43 14
42 14
41 14
42 14
42 15
43 15
42 15
43 15
43 16
43 17
43 18
44 18
44 19
44 20
45 20
44 20
43 20
44 20
43 20
43 19
43 20
43 21
44 21
44 22
44 23
44 24
43 24
42 24
42 23
41 23
42 23
42 22
42 21
42 22
42 21
42 22
42 23
42 24
41 24
40 24
39 24
39 25
39 26
39 25
39 26
39 27
40 27
41 27
41 28
42 28
42 27
42 28
41 28
41 27
41 28
40 28
40 27
40 28
40 29
40 28
41 28
41 27
42 27
43 27
43 28
44 28
44 29
45 29
45 28
46 28
47 28
47 29
46 29
46 30
47 30
48 30
48 31
47 31
48 31
48 30
49 30
48 30
48 29
48 30
48 29
47 29
46 29
46 28
45 28
46 28
46 29
45 29
46 29
47 29
48 29
49 29
50 29
51 29
51 28
51 29
51 28
52 28
52 29
53 29
52 29
52 30
52 31
53 31
54 31
55 31
55 30
55 29
55 30
56 30
55 30
55 29
55 30
56 30
57 30
57 31
57 32
58 32
58 31
59 31
58 31
58 32
59 32
58 32
57 32
57 31
57 30
56 30
55 30
55 31
54 31
54 30
53 30
52 30
52 29
53 29
54 29
55 29
54 29
54 30
55 30
56 30
57 30
57 31
56 31
57 31
57 30
57 29
57 30
57 31
56 31
55 31
55 32
54 32
54 33
54 32
54 33
55 33
55 32
54 32
54 31
54 30
54 29
55 29
54 29
53 29
53 30
53 29
53 28
53 27
53 26
54 26
55 26
54 26
53 26
53 25
54 25
54 26
54 27
54 26
55 26
55 27
54 27
53 27
54 27
55 27
55 28
55 29
55 28
54 28
54 27
53 27
53 28
54 28
55 28
56 28
56 29
56 28
57 28
57 29
57 30
57 31
56 31
57 31
57 32
57 33
58 33
59 33
59 32
58 32
58 33
58 32
58 33
57 33
57 32
57 33
57 34
56 34
56 35
56 34
56 35
57 35
57 34
57 33
57 32
57 31
57 32
57 31
58 31
58 30
58 31
59 31
58 31
58 30
59 30
59 29
59 30
59 31
59 30
58 30
58 31
57 31
58 31
58 30
58 29
58 30
58 29
59 29
58 29
59 29
58 29
58 30
58 29
58 30
58 29
59 29
59 30
59 29
59 30
58 30
58 29
59 29
59 28
59 29
60 29
60 28
59 28
59 27
60 27
61 27
61 26
60 26
60 25
59 25
59 26
59 27
60 27
60 26
60 25
61 25
61 26
61 25
61 24
60 24
60 23
59 23
60 23
60 24
60 25
60 24
60 23
61 23
61 22
60 22
60 21
61 21
61 22
61 21
62 21
62 20
62 19
63 19
64 19
64 18
64 19
64 18
64 19
63 19
62 19
61 19
61 20
61 21
60 21
60 22
60 23
60 22
60 23
60 22
60 23
59 23
60 23
60 24
60 23
61 23
61 24
61 23
60 23
60 24
61 24
62 24
63 24
63 25
62 25
62 24
62 23
62 22
62 23
63 23
63 22
63 23
64 23
64 24
63 24
63 25
64 25
63 25
63 24
63 23
64 23
64 22
63 22
63 21
64 21
63 21
64 21
63 21
62 21
61 21
61 20
60 20
59 20
60 20
60 19
59 19
59 18
59 17
60 17
60 16
61 16
62 16
63 16
63 15
63 14
63 15
63 16
62 16
62 15
61 15
61 14
62 14
63 14
62 14
62 13
63 13
64 13
64 12
63 12
63 11
62 11
62 10
61 10
61 9
61 10
62 10
62 11
61 11
61 10
61 9
62 9
62 8
62 9
62 8
63 8
