0 0
0 1
1 1
1 2
1 3
1 4
1 5
1 6
1 5
0 5
0 4
1 4
1 3
1 4
1 5
1 6
1 5
0 5
0 4
1 4
0 4
1 4
1 5
2 5
3 5
2 5
3 5
3 4
3 5
2 5
2 4
1 4
1 5
1 6
1 7
2 7
2 8
2 9
2 10
2 11
2 12
1 12
1 13
0 13
1 13
0 13
1 13
1 12
0 12
0 11
1 11
1 10
1 11
0 11
1 11
2 11
3 11
3 10
4 10
5 10
5 9
4 9
3 9
3 10
3 9
3 8
2 8
3 8
4 8
4 9
4 8
4 7
4 8
4 9
3 9
3 10
3 11
3 12
3 13
4 13
3 13
4 13
4 14
4 15
4 14
3 14
2 14
1 14
2 14
1 14
0 14
1 14
0 14
0 13
1 13
2 13
1 13
2 13
3 13
2 13
2 14
2 13
2 12
3 12
3 11
3 12
3 11
2 11
1 11
1 10
1 9
1 10
1 11
1 12
1 11
1 12
0 12
1 12
2 12
3 12
3 11
3 10
2 10
3 10
4 10
5 10
5 11
4 11
5 11
5 12
5 13
6 13
7 13
7 14
7 15
7 14
8 14
8 13
7 13
6 13
5 13
5 14
5 15
6 15
5 15
4 15
4 16
3 16
3 15
3 14
3 13
3 14
4 14
5 14
6 14
5 14
4 14
3 14
3 15
3 14
4 14
5 14
6 14
5 14
5 13
6 13
5 13
5 12
5 11
4 11
4 12
3 12
3 13
4 13
4 14
4 13
3 13
4 13
5 13
6 13
6 12
6 11
6 10
5 10
5 9
6 9
6 8
6 7
5 7
5 8
5 9
4 9
4 8
5 8
6 8
7 8
8 8
8 7
9 7
8 7
7 7
6 7
7 7
7 6
8 6
9 6
8 6
7 6
7 5
7 4
6 4
5 4
5 5
4 5
4 4
4 3
4 4
4 3
4 4
4 3
4 4
5 4
5 5
5 4
6 4
5 4
6 4
5 4
5 5
6 5
5 5
5 4
5 3
6 3
5 3
6 3
5 3
4 3
3 3
4 3
4 2
4 3
5 3
5 2
5 1
6 1
5 1
5 0
5 1
6 1
7 1
7 2
6 2
5 2
6 2
7 2
7 3
8 3
7 3
6 3
7 3
8 3
8 4
9 4
9 3
10 3
11 3
10 3
10 4
10 3
10 2
10 1
10 2
9 2
8 2
8 1
7 1
7 2
7 3
7 4
6 4
5 4
6 4
5 4
4 4
4 3
5 3
6 3
6 4
6 5
5 5
6 5
5 5
6 5
6 4
6 3
7 3
7 4
7 5
7 6
7 5
7 6
7 7
7 6
8 6
9 6
9 7
9 8
10 8
11 8
10 8
11 8
10 8
10 7
10 8
9 8
9 7
9 8
9 7
8 7
7 7
6 7
6 6
5 6
6 6
6 7
5 7
6 7
7 7
6 7
5 7
5 8
4 8
4 9
3 9
3 10
2 10
2 9
2 8
1 8
0 8
1 8
1 7
0 7
1 7
1 6
2 6
1 6
1 7
1 8
1 9
1 8
2 8
2 9
3 9
2 9
2 8
3 8
2 8
3 8
4 8
3 8
4 8
3 8
3 9
3 10
3 9
2 9
3 9
3 8
3 7
4 7
4 8
3 8
3 9
4 9
4 10
3 10
4 10
5 10
4 10
5 10
5 9
5 10
5 9
5 10
5 11
5 10
6 10
6 9
6 8
5 8
5 9
6 9
6 8
7 8
7 9
8 9
8 8
7 8
7 7
6 7
6 8
7 8
7 9
7 10
6 10
7 10
6 10
6 11
7 11
6 11
6 10
6 11
6 10
6 9
7 9
6 9
6 10
7 10
8 10
7 10
7 11
6 11
5 11
5 12
6 12
6 13
5 13
6 13
6 12
6 13
7 13
7 14
6 14
5 14
5 15
5 16
5 17
4 17
3 17
3 18
3 19
4 19
4 20
5 20
5 21
5 22
4 22
3 22
4 22
4 23
3 23
4 23
4 22
5 22
5 21
6 21
5 21
6 21
7 21
8 21
9 21
9 20
10 20
10 21
11 21
12 21
12 22
12 23
12 24
13 24
13 25
12 25
12 24
11 24
12 24
13 24
14 24
15 24
16 24
16 23
15 23
16 23
16 24
16 25
17 25
17 26
16 26
15 26
15 27
14 27
14 26
14 27
14 28
13 28
14 28
13 28
14 28
14 29
15 29
14 29
14 30
13 30
14 30
14 31
14 30
15 30
15 31
15 30
15 31
15 32
16 32
16 31
16 30
16 29
15 29
15 28
16 28
16 29
15 29
14 29
14 30
14 29
14 30
14 31
14 32
13 32
12 32
12 31
12 30
11 30
12 30
11 30
10 30
10 31
10 30
9 30
9 29
9 28
9 29
10 29
9 29
9 28
8 28
9 28
9 27
10 27
9 27
9 28
8 28
8 29
8 28
8 29
9 29
10 29
9 29
9 28
10 28
11 28
11 29
12 29
12 28
12 29
12 30
11 30
12 30
11 30
11 31
10 31
10 30
9 30
8 30
7 30
8 30
8 31
8 30
7 30
7 31
7 30
6 30
7 30
8 30
8 31
7 31
7 32
6 32
6 33
7 33
7 34
7 35
7 36
8 36
9 36
9 35
10 35
10 34
9 34
10 34
9 34
9 35
9 36
8 36
8 35
8 34
8 35
8 36
7 36
7 35
7 36
6 36
6 35
7 35
7 36
8 36
7 36
8 36
8 37
8 36
8 35
8 34
9 34
10 34
10 35
11 35
12 35
12 34
12 35
12 36
11 36
12 36
12 35
13 35
13 36
14 36
15 36
14 36
14 37
13 37
13 38
12 38
12 39
12 40
12 39
12 40
13 40
13 39
13 38
13 37
13 36
13 37
12 37
12 38
12 37
12 36
12 37
13 37
13 38
13 37
12 37
12 38
11 38
10 38
9 38
8 38
8 39
9 39
9 40
8 40
7 40
7 39
6 39
6 38
5 38
6 38
7 38
8 38
9 38
9 37
8 37
8 36
8 37
8 38
9 38
8 38
8 37
8 38
7 38
8 38
8 39
8 40
7 40
6 40
5 40
5 41
6 41
7 41
7 42
7 41
7 42
6 42
5 42
4 42
4 41
5 41
6 41
7 41
8 41
8 42
9 42
8 42
8 41
8 42
9 42
8 42
7 42
6 42
6 41
5 41
5 40
5 41
4 41
4 42
5 42
5 41
5 40
5 41
5 40
4 40
5 40
5 41
6 41
5 41
6 41
6 42
6 41
7 41
6 41
7 41
7 42
8 42
8 41
8 42
7 42
7 43
7 42
7 41
6 41
6 40
5 40
5 41
5 40
4 40
4 41
4 42
5 42
6 42
6 43
5 43
6 43
6 42
5 42
4 42
5 42
5 41
6 41
6 42
6 43
5 43
5 44
5 43
5 42
5 43
5 42
5 43
4 43
3 43
4 43
3 43
2 43
1 43
2 43
2 42
3 42
4 42
5 42
6 42
5 42
5 43
4 43
4 44
5 44
5 45
4 45
3 45
4 45
4 46
4 47
3 47
3 48
4 48
4 47
4 46
4 45
3 45
2 45
1 45
0 45
0 44
1 44
1 45
0 45
0 44
1 44
1 45
0 45
1 45
2 45
2 46
3 46
3 45
2 45
3 45
3 46
2 46
1 46
2 46
2 47
2 46
2 45
3 45
4 45
4 44
4 45
5 45
5 46
4 46
4 47
3 47
3 46
4 46
4 45
3 45
2 45
1 45
2 45
1 45
2 45
1 45
1 44
1 45
2 45
2 46
2 47
3 47
3 48
3 49
3 50
2 50
3 50
2 50
3 50
3 51
3 50
2 50
1 50
2 50
3 50
4 50
3 50
3 49
3 48
3 49
4 49
4 50
3 50
3 49
3 50
2 50
2 49
2 50
3 50
3 49
2 49
2 48
2 47
3 47
3 48
3 49
3 50
3 49
2 49
3 49
3 48
3 49
2 49
1 49
2 49
2 48
3 48
3 49
3 50
3 49
2 49
2 50
2 49
2 48
2 49
3 49
3 48
2 48
2 47
2 48
2 47
2 48
3 48
2 48
3 48
2 48
2 47
1 47
0 47
0 48
1 48
1 49
0 49
0 48
1 48
1 47
2 47
1 47
0 47
1 47
2 47
1 47
1 48
0 48
0 49
0 50
0 51
0 50
0 51
0 50
1 50
1 49
2 49
2 48
1 48
2 48
2 47
1 47
0 47
1 47
1 46
1 45
1 46
0 46
0 45
1 45
1 46
2 46
1 46
0 46
1 46
2 46
1 46
1 45
1 44
1 43
0 43
0 42
0 41
1 41
2 41
3 41
2 41
2 40
2 39
3 39
3 40
3 39
3 38
2 38
2 39
1 39
1 38
2 38
2 37
2 38
1 38
1 37
1 36
1 35
1 34
0 34
0 35
1 35
0 35
1 35
1 34
