0 0
1 0
1 1
0 1
1 1
1 0
1 1
1 2
1 1
2 1
2 0
3 0
4 0
5 0
5 1
4 1
4 0
4 1
3 1
2 1
1 1
1 0
1 1
2 1
2 2
3 2
4 2
3 2
4 2
4 1
3 1
3 0
3 1
3 0
3 1
3 0
3 1
3 0
4 0
4 1
5 1
5 2
5 3
6 3
5 3
6 3
5 3
5 2
5 3
6 3
6 4
6 3
6 4
7 4
7 5
6 5
6 6
7 6
7 7
6 7
7 7
7 6
8 6
8 5
9 5
9 6
9 5
10 5
10 4
11 4
10 4
10 5
11 5
10 5
11 5
10 5
11 5
11 6
11 7
11 8
10 8
11 8
11 9
10 9
11 9
11 10
11 11
11 12
11 13
11 14
12 14
12 15
12 16
13 16
13 17
12 17
12 16
13 16
14 16
13 16
14 16
15 16
16 16
17 16
17 15
17 16
17 15
17 14
17 15
16 15
15 15
15 16
16 16
16 17
17 17
17 16
16 16
17 16
17 17
17 18
18 18
19 18
18 18
18 17
17 17
16 17
16 18
15 18
15 17
16 17
15 17
16 17
17 17
17 16
17 15
16 15
17 15
17 16
16 16
15 16
15 17
14 17
15 17
15 18
16 18
16 19
16 18
15 18
16 18
17 18
16 18
17 18
17 17
18 17
18 18
18 19
19 19
19 18
20 18
20 19
20 20
20 21
19 21
19 20
18 20
17 20
17 21
18 21
19 21
20 21
21 21
22 21
23 21
23 22
24 22
24 21
23 21
24 21
25 21
26 21
25 21
25 20
25 19
26 19
26 20
26 21
25 21
25 20
25 19
25 20
25 19
26 19
25 19
25 18
25 19
26 19
27 19
27 18
27 19
28 19
29 19
30 19
29 19
30 19
29 19
29 18
30 18
30 17
30 16
30 17
29 17
28 17
28 18
28 17
29 17
30 17
29 17
29 18
29 17
29 16
28 16
27 16
26 16
25 16
26 16
26 17
26 16
26 15
26 14
27 14
27 13
28 13
28 14
28 15
27 15
27 14
27 15
27 16
27 15
27 14
28 14
27 14
27 13
26 13
26 14
26 15
26 14
26 13
27 13
27 12
26 12
27 12
27 13
26 13
26 12
27 12
27 11
28 11
28 10
28 9
27 9
28 9
28 10
28 11
27 11
27 10
27 9
26 9
26 10
26 11
26 12
27 12
26 12
26 11
27 11
28 11
28 12
27 12
28 12
29 12
28 12
28 13
29 13
30 13
29 13
30 13
30 14
30 15
30 14
30 15
30 14
30 15
30 16
30 17
29 17
29 16
28 16
29 16
29 17
29 16
29 15
29 14
30 14
31 14
32 14
32 15
33 15
32 15
31 15
31 16
31 17
31 16
32 16
32 15
32 14
32 15
32 14
31 14
31 15
31 14
32 14
33 14
34 14
34 15
34 14
35 14
35 15
36 15
36 16
36 15
36 14
36 13
36 12
37 12
38 12
38 11
38 10
38 11
39 11
39 12
39 13
40 13
40 12
41 12
42 12
43 12
43 13
44 13
44 12
44 11
43 11
43 12
44 12
43 12
43 13
43 12
42 12
43 12
43 11
43 10
43 9
43 8
42 8
41 8
41 7
42 7
42 8
43 8
43 7
42 7
42 8
41 8
42 8
42 7
41 7
42 7
43 7
44 7
44 6
43 6
43 7
43 6
43 5
43 6
44 6
44 7
44 6
45 6
44 6
44 7
44 8
43 8
42 8
42 7
43 7
43 6
43 5
42 5
41 5
42 5
41 5
41 4
42 4
42 5
41 5
40 5
39 5
38 5
37 5
36 5
36 6
36 5
37 5
36 5
37 5
37 6
37 5
38 5
39 5
39 6
39 7
38 7
39 7
38 7
38 8
38 9
38 10
38 9
38 8
37 8
36 8
37 8
37 7
38 7
39 7
40 7
40 6
40 5
40 6
41 6
41 7
42 7
42 6
43 6
43 5
43 6
44 6
45 6
45 5
46 5
46 6
45 6
45 5
46 5
45 5
44 5
43 5
43 6
43 7
43 6
43 7
44 7
44 6
44 5
44 4
44 5
43 5
43 4
43 5
42 5
43 5
43 4
43 5
42 5
42 6
42 7
43 7
43 8
42 8
43 8
44 8
45 8
44 8
44 9
44 8
44 9
44 8
45 8
45 7
45 6
45 7
45 8
45 7
46 7
47 7
46 7
46 8
46 9
46 10
46 11
46 10
46 9
47 9
46 9
46 10
46 11
45 11
45 12
45 11
45 12
45 13
45 14
44 14
45 14
45 13
45 12
46 12
46 13
46 14
46 13
46 14
46 15
47 15
47 16
46 16
46 17
46 16
46 15
45 15
46 15
47 15
47 16
47 15
47 14
47 15
47 14
47 15
47 16
47 15
46 15
46 16
47 16
47 15
47 16
48 16
48 17
48 16
48 17
48 18
49 18
49 19
49 18
48 18
47 18
47 19
47 18
47 17
48 17
48 18
47 18
47 19
46 19
46 18
45 18
45 19
46 19
45 19
46 19
45 19
46 19
46 18
45 18
45 19
45 20
45 21
46 21
47 21
48 21
48 20
48 19
49 19
49 20
49 21
48 21
48 22
47 22
47 21
46 21
46 20
46 19
46 18
45 18
46 18
46 17
46 16
45 16
45 15
45 16
44 16
45 16
44 16
45 16
45 17
45 18
45 17
44 17
44 18
45 18
44 18
45 18
45 17
46 17
47 17
46 17
47 17
47 18
48 18
48 17
47 17
47 18
48 18
47 18
46 18
45 18
45 17
44 17
44 16
44 15
45 15
45 14
45 13
45 14
46 14
46 13
45 13
46 13
45 13
45 14
45 15
45 16
45 17
44 17
43 17
43 18
42 18
41 18
41 19
41 20
40 20
41 20
42 20
41 20
40 20
40 19
39 19
40 19
41 19
41 20
41 19
41 18
40 18
39 18
39 17
39 18
40 18
40 19
40 18
41 18
40 18
41 18
42 18
42 17
42 18
43 18
42 18
43 18
43 17
43 18
42 18
42 17
41 17
41 16
41 15
40 15
39 15
39 14
38 14
38 15
38 16
38 17
37 17
36 17
35 17
35 18
35 19
34 19
35 19
34 19
35 19
35 20
35 21
34 21
34 20
34 19
33 19
33 20
32 20
32 19
31 19
31 18
32 18
32 19
33 19
33 20
32 20
32 19
33 19
33 20
34 20
35 20
35 21
34 21
33 21
32 21
33 21
33 22
32 22
33 22
34 22
35 22
36 22
37 22
37 23
38 23
37 23
36 23
36 24
36 23
37 23
37 22
37 23
36 23
35 23
36 23
36 22
35 22
36 22
35 22
35 23
35 24
34 24
35 24
35 23
35 22
36 22
36 23
35 23
35 24
36 24
37 24
36 24
37 24
38 24
37 24
38 24
39 24
39 23
38 23
38 24
38 23
39 23
39 22
39 21
40 21
39 21
40 21
40 20
40 21
41 21
41 20
40 20
41 20
41 19
40 19
40 18
40 19
39 19
39 18
40 18
40 19
40 20
40 21
41 21
40 21
40 20
39 20
40 20
41 20
40 20
39 20
38 20
39 20
39 21
40 21
39 21
38 21
37 21
38 21
38 22
39 22
39 23
39 24
40 24
39 24
39 23
39 24
40 24
39 24
38 24
38 23
38 24
38 23
38 24
39 24
38 24
37 24
36 24
35 24
35 23
35 24
36 24
37 24
37 23
37 24
36 24
36 25
36 26
35 26
34 26
33 26
34 26
33 26
33 27
32 27
32 28
31 28
30 28
30 29
31 29
31 28
31 29
30 29
31 29
30 29
31 29
31 28
32 28
32 29
31 29
31 30
32 30
32 31
32 32
33 32
34 32
34 33
33 33
32 33
33 33
33 32
33 33
34 33
34 34
34 33
34 32
34 33
35 33
35 32
35 31
36 31
37 31
36 31
36 32
36 31
36 30
35 30
36 30
37 30
38 30
39 30
40 30
39 30
39 29
39 28
40 28
40 29
40 28
40 29
41 29
40 29
39 29
38 29
37 29
37 30
37 31
36 31
36 30
35 30
35 29
35 30
35 29
35 30
35 29
35 30
35 31
34 31
35 31
35 32
35 31
34 31
35 31
35 32
35 33
35 32
35 33
35 34
35 33
35 34
34 34
34 35
34 36
33 36
32 36
31 36
30 36
31 36
32 36
32 37
33 37
33 38
33 39
33 38
33 39
33 38
33 37
33 36
33 35
33 34
32 34
33 34
32 34
32 35
32 34
32 35
31 35
31 36
30 36
30 35
31 35
31 36
31 35
31 36
32 36
33 36
32 36
32 37
33 37
34 37
34 38
34 39
34 38
34 37
35 37
36 37
37 37
38 37
37 37
38 37
37 37
37 38
38 38
39 38
38 38
37 38
36 38
37 38
37 39
37 38
38 38
38 39
37 39
37 40
37 41
36 41
35 41
36 41
36 40
36 41
35 41
36 41
