0 0
1 0
0 0
0 1
0 0
0 1
0 2
1 2
0 2
0 1
0 0
0 1
1 1
2 1
1 1
2 1
2 0
1 0
1 1
1 2
0 2
1 2
2 2
2 3
2 4
1 4
1 3
1 4
0 4
0 5
1 5
0 5
0 4
0 5
0 4
0 5
1 5
1 6
0 6
1 6
0 6
1 6
1 7
2 7
2 6
2 7
2 8
2 9
1 9
2 9
2 10
2 9
3 9
3 10
2 10
3 10
4 10
4 9
5 9
5 10
6 10
5 10
4 10
3 10
3 11
3 10
3 11
3 12
3 13
3 12
2 12
2 13
1 13
2 13
2 12
2 11
2 10
3 10
2 10
2 9
2 8
2 7
1 7
0 7
1 7
2 7
2 8
2 9
1 9
2 9
2 10
1 10
2 10
2 11
2 10
3 10
4 10
3 10
4 10
4 11
4 12
4 13
4 14
4 13
4 12
3 12
3 11
2 11
2 10
2 11
2 10
1 10
0 10
0 11
1 11
0 11
1 11
0 11
1 11
1 12
1 11
0 11
0 12
0 11
1 11
1 12
2 12
2 13
2 14
2 15
2 16
2 17
2 16
3 16
3 15
3 16
3 17
2 17
1 17
1 18
0 18
0 19
1 19
1 18
0 18
1 18
2 18
2 17
3 17
2 17
1 17
1 16
1 17
1 18
1 19
1 18
1 17
1 18
1 17
1 16
1 15
2 15
3 15
4 15
5 15
5 16
6 16
5 16
4 16
5 16
6 16
6 15
6 16
6 15
6 14
7 14
6 14
7 14
6 14
5 14
5 15
4 15
4 14
4 15
4 16
4 17
5 17
5 18
4 18
5 18
5 19
4 19
4 20
4 19
4 20
3 20
3 21
2 21
2 20
2 21
1 21
2 21
2 22
1 22
1 23
0 23
0 22
0 23
0 22
1 22
2 22
2 21
2 22
2 21
3 21
2 21
2 20
3 20
2 20
1 20
1 21
1 20
1 21
1 22
2 22
2 21
2 20
1 20
1 21
1 20
2 20
1 20
2 20
3 20
3 21
3 22
2 22
2 23
2 22
2 23
1 23
2 23
3 23
3 22
3 21
4 21
4 20
4 21
4 20
3 20
3 21
3 20
2 20
3 20
3 21
4 21
5 21
5 22
6 22
6 23
7 23
7 22
6 22
6 23
7 23
8 23
9 23
9 24
10 24
11 24
11 25
12 25
11 25
11 24
11 23
12 23
12 22
13 22
12 22
12 23
12 22
12 23
12 22
12 21
11 21
11 22
10 22
9 22
8 22
7 22
7 23
7 22
8 22
9 22
9 21
8 21
8 20
9 20
9 19
8 19
9 19
10 19
9 19
9 18
9 19
9 20
9 19
9 18
9 19
8 19
7 19
6 19
6 18
6 19
7 19
8 19
8 20
9 20
8 20
9 20
10 20
11 20
12 20
13 20
13 21
12 21
12 22
12 21
11 21
10 21
10 22
11 22
12 22
11 22
12 22
12 23
12 24
12 23
12 22
12 23
11 23
10 23
9 23
8 23
8 22
9 22
8 22
8 23
8 24
7 24
8 24
8 23
8 22
7 22
7 23
8 23
7 23
6 23
5 23
4 23
5 23
4 23
4 24
4 23
4 24
4 23
4 22
4 21
4 22
4 23
3 23
3 24
2 24
2 25
1 25
1 26
1 25
1 24
1 25
1 26
0 26
0 27
1 27
1 28
1 29
0 29
1 29
0 29
1 29
1 30
0 30
0 29
0 30
0 31
0 30
0 31
0 30
0 29
0 30
1 30
0 30
0 31
1 31
2 31
2 32
1 32
1 31
2 31
2 32
2 31
1 31
1 30
0 30
0 29
1 29
1 30
2 30
2 31
1 31
2 31
3 31
3 32
4 32
4 31
4 30
4 31
5 31
5 30
5 31
5 30
5 31
4 31
4 30
4 29
4 30
4 29
5 29
5 30
4 30
5 30
5 29
5 30
6 30
6 31
6 30
7 30
6 30
6 29
7 29
8 29
7 29
6 29
5 29
5 28
4 28
5 28
6 28
6 27
7 27
6 27
7 27
8 27
7 27
7 26
7 25
6 25
7 25
7 26
6 26
6 25
5 25
5 26
6 26
6 25
7 25
7 24
7 25
7 26
7 25
7 24
7 25
6 25
6 24
6 23
6 24
6 23
5 23
5 22
6 22
6 21
6 20
6 19
5 19
6 19
7 19
7 18
7 19
8 19
9 19
8 19
8 20
8 21
8 22
7 22
8 22
7 22
7 23
6 23
6 24
6 23
6 22
7 22
8 22
9 22
9 23
10 23
10 22
9 22
9 23
9 22
8 22
7 22
7 21
7 20
8 20
8 21
7 21
6 21
6 20
5 20
5 19
5 18
4 18
4 19
3 19
2 19
2 18
2 17
2 18
2 17
2 18
2 17
1 17
1 18
1 17
1 16
2 16
2 17
2 16
2 15
2 14
3 14
2 14
2 13
3 13
3 14
3 15
4 15
3 15
2 15
3 15
3 14
2 14
2 13
2 12
2 13
2 12
2 13
2 14
3 14
3 13
4 13
4 14
4 13
5 13
4 13
4 12
5 12
5 13
5 12
5 13
5 14
5 15
5 16
5 17
5 18
5 17
4 17
4 18
3 18
3 19
2 19
2 20
3 20
3 21
3 22
4 22
4 21
3 21
3 22
2 22
1 22
1 21
2 21
2 22
1 22
0 22
1 22
0 22
1 22
0 22
0 21
0 20
0 21
0 22
0 21
0 20
1 20
1 21
1 20
1 21
2 21
1 21
0 21
0 22
1 22
2 22
2 23
2 22
1 22
0 22
0 21
0 22
0 21
0 22
0 23
1 23
1 22
1 21
1 20
1 19
1 20
1 19
0 19
0 20
1 20
1 19
1 18
0 18
1 18
1 19
2 19
3 19
3 18
4 18
4 19
4 18
4 19
5 19
5 20
5 19
5 20
5 21
6 21
6 22
6 23
7 23
7 24
8 24
8 23
8 22
8 23
8 22
8 23
9 23
9 24
9 23
9 22
10 22
11 22
11 23
10 23
11 23
10 23
10 22
10 23
11 23
11 22
10 22
11 22
11 23
11 22
12 22
12 21
12 20
12 19
12 18
13 18
14 18
13 18
12 18
12 19
12 20
13 20
13 19
13 20
13 19
13 18
13 17
13 18
13 17
12 17
12 16
12 17
13 17
13 18
14 18
14 19
15 19
14 19
14 18
13 18
13 19
13 20
12 20
11 20
12 20
12 19
12 18
12 19
12 20
12 19
12 20
11 20
11 19
12 19
11 19
12 19
12 20
12 19
12 20
13 20
12 20
11 20
12 20
11 20
11 19
10 19
10 18
9 18
9 19
9 20
9 19
10 19
11 19
11 18
11 17
12 17
12 18
12 17
11 17
11 16
12 16
12 17
12 18
11 18
11 19
10 19
10 18
10 17
10 16
10 15
11 15
11 14
10 14
10 13
10 12
9 12
9 11
9 10
9 11
10 11
9 11
9 12
8 12
9 12
9 11
8 11
9 11
8 11
8 12
8 11
8 12
8 13
7 13
6 13
5 13
5 14
5 15
6 15
5 15
6 15
7 15
7 16
7 17
6 17
5 17
6 17
7 17
7 18
7 19
6 19
5 19
5 20
4 20
4 21
3 21
3 22
4 22
3 22
3 23
2 23
3 23
4 23
5 23
6 23
6 24
6 23
7 23
8 23
8 24
9 24
9 25
9 24
9 23
9 24
9 23
9 24
9 25
9 24
8 24
7 24
7 25
7 26
8 26
7 26
7 27
7 28
7 27
7 26
7 25
7 26
7 25
8 25
8 26
8 27
9 27
9 26
8 26
8 25
8 24
8 23
8 22
9 22
8 22
9 22
8 22
8 23
8 24
9 24
10 24
10 25
10 26
10 25
9 25
8 25
8 24
8 25
8 26
8 27
8 26
8 27
9 27
9 28
8 28
7 28
8 28
8 29
8 28
8 27
7 27
8 27
8 26
7 26
7 27
8 27
8 28
9 28
9 27
9 26
8 26
8 25
8 26
7 26
7 25
7 26
7 25
6 25
6 24
6 25
7 25
7 26
7 25
7 26
7 27
8 27
8 26
7 26
8 26
7 26
7 25
7 26
7 27
8 27
8 26
8 25
9 25
10 25
10 26
11 26
11 27
11 26
12 26
11 26
12 26
12 27
13 27
14 27
13 27
13 26
12 26
12 27
11 27
11 28
11 27
11 26
12 26
13 26
13 27
12 27
11 27
11 28
11 27
12 27
11 27
11 28
12 28
12 29
11 29
10 29
10 30
9 30
9 29
9 28
10 28
9 28
8 28
8 29
8 28
8 29
8 28
8 27
8 28
7 28
7 29
7 30
7 31
7 30
6 30
7 30
7 31
7 32
7 31
7 32
6 32
6 31
5 31
4 31
5 31
5 30
6 30
6 29
6 30
5 30
5 31
5 32
5 31
5 32
5 33
5 32
