0 0
1 0
1 1
1 2
1 3
1 4
1 5
1 6
1 7
1 8
1 7
1 6
1 5
1 6
1 5
1 6
2 6
1 6
1 7
2 7
2 6
1 6
1 5
1 4
1 5
1 6
1 5
1 6
1 5
1 4
2 4
3 4
4 4
4 3
5 3
5 2
5 1
5 2
5 3
5 4
6 4
7 4
6 4
6 5
6 6
5 6
6 6
7 6
6 6
6 7
7 7
7 6
7 5
7 4
7 3
7 4
7 3
8 3
9 3
8 3
8 2
7 2
7 1
7 0
6 0
6 1
7 1
8 1
7 1
6 1
6 2
6 1
7 1
8 1
9 1
9 2
9 3
8 3
7 3
7 4
6 4
5 4
5 5
4 5
4 4
5 4
4 4
4 5
3 5
3 4
2 4
3 4
2 4
2 5
3 5
4 5
4 6
4 7
5 7
5 8
5 7
6 7
5 7
4 7
5 7
5 6
5 7
6 7
6 8
7 8
8 8
9 8
9 7
10 7
11 7
11 6
11 7
11 6
12 6
13 6
13 5
13 4
13 5
13 4
13 5
13 6
14 6
15 6
16 6
16 5
16 6
17 6
18 6
18 5
19 5
19 6
19 7
18 7
18 6
18 5
18 6
18 5
19 5
19 4
20 4
21 4
21 3
20 3
20 4
19 4
19 5
20 5
21 5
22 5
21 5
22 5
23 5
23 6
23 5
23 4
22 4
22 5
21 5
22 5
21 5
22 5
21 5
21 6
21 7
21 6
21 5
22 5
21 5
21 4
20 4
19 4
18 4
19 4
19 5
18 5
17 5
17 4
18 4
18 5
19 5
20 5
19 5
19 6
18 6
18 5
17 5
17 6
17 5
17 6
17 7
17 8
16 8
15 8
14 8
13 8
13 9
12 9
12 10
11 10
12 10
12 11
11 11
12 11
13 11
13 10
13 9
14 9
15 9
15 8
16 8
16 7
16 8
16 7
16 6
16 7
16 6
16 5
17 5
17 6
16 6
16 5
15 5
16 5
16 6
16 7
17 7
17 8
18 8
18 7
17 7
17 6
16 6
16 7
16 6
15 6
15 7
16 7
15 7
16 7
16 6
15 6
15 7
14 7
14 6
14 7
15 7
15 8
16 8
16 7
16 8
15 8
15 7
15 8
15 7
16 7
16 6
17 6
18 6
18 5
17 5
17 4
17 3
17 2
18 2
18 3
18 4
17 4
17 3
17 2
16 2
17 2
17 3
16 3
15 3
16 3
16 2
17 2
17 1
18 1
18 0
18 1
18 0
17 0
16 0
15 0
15 1
15 2
16 2
17 2
16 2
16 3
17 3
18 3
18 2
18 1
17 1
17 2
17 1
17 2
17 3
18 3
19 3
18 3
19 3
19 2
19 1
18 1
19 1
19 0
19 1
18 1
18 0
18 1
19 1
20 1
21 1
21 2
21 3
22 3
22 2
22 3
22 2
22 1
21 1
21 2
20 2
19 2
19 1
19 2
19 3
19 4
20 4
20 5
20 4
20 5
20 4
20 5
20 4
21 4
22 4
23 4
22 4
22 5
22 6
22 7
22 8
21 8
21 7
21 8
21 7
22 7
22 6
23 6
24 6
24 7
24 8
24 9
24 8
24 9
24 8
23 8
22 8
21 8
22 8
22 7
21 7
21 6
20 6
19 6
19 5
19 4
19 5
20 5
20 4
20 5
20 6
21 6
21 7
22 7
21 7
20 7
20 8
20 9
21 9
21 8
22 8
21 8
22 8
21 8
21 7
20 7
20 8
19 8
18 8
19 8
19 9
18 9
18 8
18 7
19 7
20 7
19 7
19 6
19 7
19 8
19 9
20 9
20 10
21 10
21 9
21 10
22 10
22 9
23 9
24 9
24 10
24 11
23 11
23 10
24 10
25 10
25 11
26 11
27 11
26 11
25 11
25 10
25 11
24 11
24 10
23 10
23 11
23 10
22 10
22 9
22 10
22 11
22 10
22 9
22 8
22 7
22 8
21 8
20 8
20 7
21 7
21 6
21 7
21 8
22 8
23 8
24 8
23 8
22 8
22 7
23 7
23 6
23 7
23 8
22 8
23 8
22 8
23 8
23 9
23 8
23 7
24 7
24 6
24 5
25 5
25 6
26 6
25 6
26 6
27 6
27 7
26 7
27 7
27 6
27 5
26 5
25 5
26 5
25 5
26 5
26 6
26 7
26 8
27 8
27 9
27 8
27 7
27 6
27 7
26 7
26 6
27 6
28 6
29 6
29 5
28 5
29 5
30 5
30 6
31 6
31 5
30 5
29 5
29 6
28 6
27 6
27 7
26 7
25 7
25 6
25 7
26 7
25 7
24 7
24 8
23 8
23 9
23 8
24 8
24 7
24 6
24 5
25 5
25 6
24 6
24 5
24 4
23 4
23 5
24 5
23 5
23 6
23 7
24 7
24 8
23 8
22 8
22 7
23 7
22 7
22 8
22 9
22 8
21 8
22 8
22 9
23 9
24 9
23 9
24 9
23 9
23 10
24 10
25 10
25 9
25 8
25 9
25 8
24 8
24 7
24 8
24 7
25 7
25 8
26 8
26 9
26 10
26 11
26 12
25 12
26 12
27 12
26 12
26 11
27 11
27 10
28 10
28 11
28 12
29 12
29 13
30 13
29 13
30 13
30 14
30 13
29 13
29 14
30 14
31 14
30 14
29 14
30 14
30 15
30 14
29 14
29 15
29 14
29 13
29 14
28 14
27 14
26 14
26 13
26 14
26 13
26 14
26 15
27 15
26 15
26 14
27 14
26 14
25 14
25 15
25 16
25 15
25 14
26 14
26 13
25 13
26 13
26 12
26 11
26 10
25 10
26 10
26 9
26 10
26 9
26 10
27 10
27 11
27 10
28 10
28 11
29 11
29 10
29 11
29 12
29 13
30 13
29 13
29 12
28 12
27 12
27 13
27 12
27 13
28 13
28 12
27 12
28 12
29 12
30 12
29 12
30 12
31 12
31 11
31 12
32 12
32 11
33 11
34 11
34 10
34 11
34 12
33 12
33 13
32 13
32 12
32 13
33 13
33 12
34 12
33 12
33 11
32 11
33 11
33 10
32 10
33 10
34 10
35 10
35 9
35 8
36 8
35 8
36 8
37 8
37 9
37 10
38 10
38 9
38 10
38 11
37 11
36 11
35 11
34 11
35 11
36 11
36 12
35 12
35 11
35 10
36 10
36 9
36 10
36 11
37 11
38 11
38 10
38 11
37 11
37 12
38 12
37 12
38 12
38 11
37 11
37 12
37 11
38 11
39 11
39 12
39 11
38 11
39 11
38 11
38 10
37 10
37 9
37 8
37 7
37 8
38 8
38 9
39 9
39 10
39 11
40 11
40 12
40 13
40 14
39 14
39 15
39 14
40 14
40 13
39 13
39 12
40 12
40 13
40 14
40 15
40 14
40 13
40 12
39 12
39 11
39 10
39 11
38 11
38 12
37 12
38 12
39 12
39 13
40 13
39 13
39 12
39 11
39 12
39 13
39 12
38 12
38 11
37 11
36 11
35 11
35 10
34 10
34 11
35 11
34 11
35 11
36 11
35 11
36 11
35 11
34 11
34 12
33 12
33 13
33 14
33 15
32 15
31 15
32 15
33 15
33 16
33 15
33 16
33 15
32 15
31 15
31 14
30 14
31 14
32 14
31 14
30 14
30 13
30 14
30 13
30 14
30 15
31 15
30 15
31 15
31 14
32 14
32 15
33 15
33 14
33 15
33 16
32 16
32 17
32 16
32 15
31 15
30 15
30 16
30 15
30 16
30 17
30 16
30 15
29 15
28 15
29 15
29 14
28 14
28 13
28 12
28 11
29 11
29 10
30 10
29 10
29 11
29 12
28 12
28 11
28 12
27 12
28 12
29 12
28 12
27 12
28 12
27 12
27 11
27 10
27 11
27 10
27 11
28 11
27 11
27 10
27 11
28 11
29 11
29 12
29 11
29 10
30 10
30 11
30 10
31 10
31 11
32 11
32 12
31 12
32 12
32 11
32 10
31 10
31 11
30 11
31 11
32 11
33 11
33 10
33 11
32 11
31 11
31 12
32 12
32 11
32 12
32 13
31 13
30 13
30 12
30 11
29 11
29 12
29 13
29 12
29 13
29 14
29 15
29 14
29 15
30 15
29 15
28 15
28 16
29 16
30 16
30 17
30 18
30 19
30 18
30 17
31 17
30 17
30 16
31 16
31 15
32 15
31 15
32 15
33 15
32 15
33 15
32 15
31 15
32 15
32 14
32 15
33 15
33 16
34 16
33 16
34 16
34 17
35 17
36 17
36 18
35 18
35 17
34 17
34 18
34 19
33 19
34 19
33 19
34 19
34 20
33 20
33 21
32 21
31 21
32 21
32 22
33 22
33 21
34 21
33 21
33 20
32 20
32 19
31 19
30 19
30 20
30 21
31 21
31 20
31 19
32 19
33 19
32 19
32 18
31 18
31 17
32 17
