0 0
0 1
1 1
1 2
1 1
2 1
2 2
3 2
3 3
2 3
1 3
1 4
0 4
0 3
0 4
1 4
0 4
1 4
1 3
0 3
0 4
0 3
0 4
1 4
0 4
0 3
0 2
0 1
0 0
0 1
1 1
2 1
3 1
4 1
4 0
4 1
4 2
4 1
4 2
4 3
3 3
3 2
4 2
3 2
2 2
2 1
2 0
2 1
2 0
3 0
3 1
3 2
3 3
3 2
3 3
2 3
2 2
2 3
2 4
3 4
3 5
3 4
3 3
3 4
4 4
3 4
4 4
4 5
4 6
5 6
4 6
4 5
4 4
4 5
3 5
2 5
2 6
2 7
2 8
2 7
2 8
2 7
3 7
2 7
2 6
2 5
3 5
3 4
2 4
2 5
2 6
1 6
0 6
0 5
1 5
1 6
1 7
2 7
3 7
3 8
3 9
3 10
4 10
5 10
6 10
6 11
6 12
5 12
4 12
5 12
4 12
3 12
4 12
5 12
4 12
4 13
3 13
3 12
4 12
3 12
4 12
3 12
2 12
2 11
2 10
2 9
2 8
2 9
1 9
2 9
2 8
2 9
1 9
2 9
2 8
3 8
3 9
3 8
3 9
4 9
4 10
4 9
4 8
4 9
4 8
5 8
5 9
4 9
3 9
4 9
4 10
3 10
4 10
4 9
3 9
4 9
5 9
5 10
5 9
5 8
4 8
4 7
5 7
5 6
5 5
5 6
4 6
5 6
4 6
4 7
3 7
2 7
1 7
1 8
1 7
1 8
0 8
0 9
1 9
2 9
2 10
2 9
2 10
3 10
4 10
4 11
5 11
6 11
5 11
5 10
6 10
6 11
5 11
5 10
5 11
5 12
6 12
7 12
7 13
6 13
5 13
5 14
6 14
6 15
5 15
6 15
6 14
6 15
6 14
7 14
8 14
9 14
8 14
9 14
9 13
10 13
10 12
10 13
10 14
10 15
10 16
10 15
10 14
9 14
9 13
9 14
9 15
9 16
10 16
11 16
11 15
11 16
12 16
12 17
12 16
12 17
11 17
10 17
11 17
10 17
10 16
10 15
9 15
9 14
10 14
9 14
8 14
8 13
9 13
8 13
8 14
8 15
8 14
8 13
9 13
9 12
8 12
8 13
8 14
8 15
8 16
7 16
7 15
6 15
5 15
6 15
6 16
5 16
5 15
6 15
6 16
5 16
6 16
5 16
4 16
3 16
3 17
2 17
2 18
3 18
2 18
1 18
1 19
1 18
1 17
0 17
1 17
1 16
2 16
1 16
1 17
1 18
2 18
1 18
1 19
0 19
0 18
0 17
0 16
0 15
0 16
1 16
1 15
1 16
2 16
3 16
4 16
3 16
3 17
3 18
4 18
3 18
4 18
4 19
4 18
4 17
5 17
6 17
5 17
6 17
6 18
6 19
6 18
5 18
5 17
5 18
4 18
3 18
3 19
4 19
4 18
4 19
4 18
4 19
5 19
4 19
4 18
4 19
3 19
2 19
1 19
1 18
2 18
2 17
2 18
2 19
2 18
3 18
2 18
1 18
1 19
1 18
1 17
1 18
1 19
1 20
0 20
1 20
2 20
2 21
3 21
4 21
4 22
4 23
4 24
4 23
4 22
4 23
4 24
4 25
4 26
5 26
6 26
5 26
5 27
4 27
3 27
3 26
2 26
1 26
1 25
0 25
1 25
2 25
2 26
3 26
4 26
3 26
3 27
2 27
3 27
4 27
3 27
3 28
3 29
2 29
3 29
3 30
2 30
1 30
2 30
3 30
2 30
2 29
3 29
3 30
2 30
3 30
2 30
2 31
1 31
1 32
0 32
0 33
1 33
1 34
0 34
1 34
2 34
2 33
2 32
2 33
2 32
2 31
3 31
2 31
1 31
1 30
1 31
1 30
1 29
1 28
1 27
1 26
1 27
1 28
0 28
1 28
0 28
1 28
1 27
1 28
1 29
1 30
1 29
1 30
0 30
1 30
1 31
0 31
0 32
0 31
1 31
1 32
1 33
1 32
1 31
0 31
1 31
1 32
1 31
1 30
0 30
0 31
0 30
1 30
0 30
0 31
1 31
2 31
1 31
2 31
2 32
2 33
2 34
3 34
2 34
3 34
3 33
3 32
3 33
3 34
3 35
3 34
4 34
3 34
3 35
2 35
3 35
3 34
4 34
3 34
3 33
3 32
3 31
4 31
3 31
3 32
3 33
3 32
4 32
5 32
6 32
6 31
5 31
6 31
7 31
6 31
5 31
6 31
6 32
7 32
6 32
7 32
7 31
7 30
7 29
7 30
8 30
8 31
8 32
7 32
8 32
8 33
8 34
9 34
10 34
11 34
12 34
12 35
12 36
13 36
13 35
13 36
13 35
13 36
13 35
13 36
14 36
14 35
15 35
15 36
14 36
14 35
14 34
15 34
14 34
14 35
13 35
13 36
14 36
13 36
12 36
12 37
13 37
13 36
12 36
11 36
12 36
13 36
14 36
13 36
12 36
11 36
11 37
11 38
11 39
12 39
11 39
11 38
11 37
11 38
11 37
11 36
12 36
11 36
11 35
11 36
11 37
11 38
11 37
11 36
11 37
11 38
11 37
11 36
12 36
12 37
12 38
12 39
11 39
11 40
10 40
10 41
9 41
10 41
10 40
10 41
10 40
10 39
10 40
10 41
9 41
10 41
9 41
8 41
8 40
8 41
8 42
7 42
7 41
7 40
7 39
8 39
7 39
7 40
6 40
6 39
6 38
7 38
7 37
7 38
7 37
8 37
9 37
8 37
9 37
10 37
11 37
12 37
12 36
11 36
11 37
11 38
10 38
9 38
9 37
9 36
9 35
9 36
8 36
8 37
8 38
9 38
10 38
10 37
9 37
10 37
11 37
11 36
11 35
10 35
10 34
10 33
10 32
9 32
9 33
10 33
9 33
9 34
9 35
9 36
8 36
7 36
7 37
7 38
7 37
7 36
7 37
6 37
5 37
5 38
4 38
4 39
4 38
3 38
4 38
3 38
2 38
2 37
1 37
1 38
0 38
1 38
1 39
2 39
1 39
2 39
3 39
3 40
4 40
4 39
5 39
6 39
6 40
6 41
6 40
6 41
6 42
7 42
6 42
5 42
4 42
3 42
3 43
2 43
2 42
3 42
3 41
3 42
3 41
2 41
3 41
4 41
3 41
3 42
3 41
2 41
2 42
2 43
1 43
2 43
1 43
1 42
1 41
2 41
2 40
2 41
1 41
0 41
1 41
1 40
2 40
2 41
2 40
2 41
3 41
3 40
2 40
1 40
2 40
2 41
1 41
0 41
0 40
0 41
0 42
1 42
0 42
1 42
1 43
0 43
0 42
1 42
0 42
0 43
1 43
1 44
1 45
1 44
1 43
0 43
1 43
1 42
1 43
0 43
0 42
0 41
0 42
0 41
1 41
2 41
2 42
1 42
1 41
1 42
0 42
1 42
2 42
3 42
3 43
2 43
1 43
0 43
1 43
0 43
0 44
0 43
1 43
0 43
0 44
0 45
1 45
1 46
2 46
2 47
2 48
2 49
2 48
3 48
3 49
3 48
2 48
1 48
1 49
1 50
2 50
2 51
1 51
0 51
1 51
0 51
0 52
0 53
0 54
1 54
2 54
3 54
2 54
2 53
1 53
1 52
1 53
1 54
1 53
0 53
1 53
1 54
0 54
1 54
1 55
2 55
2 56
2 57
3 57
2 57
3 57
4 57
3 57
3 56
3 57
3 58
2 58
1 58
1 57
1 56
1 57
1 58
1 57
1 58
2 58
2 59
2 60
3 60
4 60
4 59
4 60
5 60
4 60
4 59
3 59
3 60
2 60
3 60
3 61
3 60
2 60
2 59
3 59
3 58
3 59
2 59
2 60
1 60
2 60
3 60
4 60
4 61
4 60
5 60
4 60
5 60
6 60
6 61
5 61
4 61
5 61
6 61
5 61
5 62
5 63
4 63
4 64
4 65
4 66
4 67
3 67
4 67
5 67
5 68
6 68
5 68
6 68
7 68
8 68
8 67
8 68
8 69
8 70
7 70
8 70
8 71
9 71
9 72
9 73
10 73
9 73
9 74
9 75
9 74
9 73
8 73
7 73
8 73
9 73
9 74
9 75
10 75
9 75
9 76
8 76
9 76
8 76
8 77
8 78
8 77
7 77
7 78
7 77
6 77
6 78
6 77
7 77
7 76
7 75
6 75
6 74
5 74
6 74
6 73
5 73
6 73
6 74
5 74
5 73
5 72
6 72
6 73
6 72
6 73
6 72
7 72
8 72
8 73
8 74
9 74
9 73
9 74
9 75
10 75
10 76
9 76
8 76
8 77
9 77
10 77
11 77
11 78
12 78
13 78
13 79
14 79
14 80
15 80
15 81
15 82
15 81
15 80
15 81
16 81
16 80
16 81
17 81
16 81
17 81
17 82
16 82
16 83
16 84
15 84
