0 0
0 1
0 2
1 2
1 3
0 3
0 4
1 4
1 5
2 5
2 4
1 4
1 5
1 6
1 7
0 7
1 7
0 7
1 7
1 8
2 8
2 7
2 8
2 9
2 10
1 10
2 10
1 10
1 9
1 8
1 9
1 10
1 11
1 12
2 12
1 12
1 13
0 13
0 12
0 13
0 14
0 15
1 15
1 14
1 15
0 15
0 14
1 14
0 14
0 13
0 14
1 14
1 13
0 13
0 12
0 13
1 13
0 13
1 13
1 14
1 15
0 15
1 15
0 15
0 16
0 15
0 16
1 16
2 16
3 16
4 16
4 17
3 17
3 16
4 16
4 15
3 15
3 16
3 15
3 16
4 16
5 16
4 16
4 15
3 15
3 14
3 15
3 16
3 15
4 15
3 15
3 16
3 15
3 14
2 14
1 14
1 15
1 14
1 15
1 14
1 13
1 12
0 12
0 11
0 10
1 10
1 9
1 8
0 8
1 8
2 8
1 8
1 9
2 9
1 9
1 8
0 8
0 7
0 8
0 7
1 7
1 8
2 8
3 8
3 7
2 7
2 8
1 8
1 7
2 7
3 7
3 6
2 6
1 6
0 6
1 6
1 7
1 6
1 5
2 5
2 4
3 4
4 4
3 4
3 3
3 4
3 3
2 3
2 4
2 3
3 3
3 2
3 3
3 2
2 2
2 3
2 4
2 3
1 3
1 2
1 3
1 2
2 2
1 2
0 2
1 2
2 2
1 2
1 1
1 2
2 2
3 2
2 2
2 1
2 2
1 2
1 3
1 4
2 4
2 3
2 4
1 4
2 4
2 5
3 5
3 4
2 4
2 5
2 6
1 6
1 7
0 7
0 6
0 7
0 8
1 8
1 9
2 9
3 9
3 8
3 7
3 6
3 7
3 6
2 6
2 7
2 8
2 7
1 7
1 8
2 8
2 9
1 9
1 8
0 8
0 9
1 9
1 8
0 8
1 8
0 8
1 8
1 7
0 7
1 7
0 7
0 8
0 7
1 7
0 7
1 7
0 7
0 8
0 7
0 6
1 6
0 6
0 5
0 6
0 5
0 6
1 6
1 7
2 7
3 7
3 6
4 6
3 6
3 7
3 6
4 6
4 5
4 6
4 7
5 7
6 7
5 7
4 7
4 6
4 7
3 7
2 7
2 6
2 5
2 4
1 4
0 4
1 4
1 5
2 5
3 5
3 6
2 6
2 5
2 6
3 6
3 5
4 5
4 4
4 3
4 4
4 5
5 5
4 5
4 6
4 5
4 4
4 3
3 3
2 3
1 3
0 3
1 3
1 4
0 4
1 4
0 4
1 4
0 4
1 4
1 5
0 5
0 4
1 4
1 3
2 3
1 3
1 4
1 3
1 4
0 4
0 3
0 2
0 1
1 1
1 2
1 3
0 3
0 4
1 4
2 4
1 4
1 3
1 4
0 4
0 3
1 3
2 3
3 3
3 4
4 4
3 4
4 4
3 4
3 5
3 4
4 4
4 3
3 3
4 3
3 3
4 3
4 2
4 3
4 4
5 4
4 4
5 4
6 4
6 5
7 5
7 4
7 3
6 3
5 3
5 2
4 2
5 2
6 2
7 2
7 3
7 4
7 3
7 4
7 3
7 4
7 5
8 5
8 4
8 5
7 5
8 5
7 5
7 6
8 6
7 6
7 5
8 5
8 6
9 6
10 6
10 5
11 5
10 5
9 5
10 5
10 4
9 4
10 4
11 4
10 4
9 4
9 5
8 5
8 6
8 7
9 7
10 7
10 8
10 9
9 9
10 9
9 9
10 9
10 10
9 10
10 10
10 11
10 10
11 10
11 9
11 10
11 11
12 11
12 10
12 11
13 11
12 11
13 11
12 11
12 10
12 9
13 9
13 10
13 11
13 12
13 11
14 11
14 12
13 12
14 12
15 12
16 12
16 13
15 13
14 13
15 13
14 13
15 13
16 13
15 13
16 13
16 14
16 13
15 13
16 13
16 12
16 11
16 12
17 12
17 11
17 12
17 13
18 13
18 12
18 13
19 13
20 13
20 12
19 12
19 11
20 11
21 11
21 12
22 12
22 11
22 12
23 12
24 12
24 13
25 13
25 12
25 11
26 11
25 11
25 12
24 12
24 11
25 11
25 12
25 11
25 10
25 9
26 9
27 9
28 9
29 9
28 9
27 9
27 8
27 7
28 7
28 6
27 6
26 6
27 6
26 6
27 6
26 6
26 5
27 5
27 6
27 7
26 7
26 8
26 7
25 7
25 6
24 6
24 7
24 6
24 5
23 5
22 5
23 5
24 5
24 6
25 6
25 5
26 5
25 5
26 5
25 5
25 4
26 4
25 4
26 4
26 3
27 3
27 2
26 2
27 2
26 2
26 3
26 2
27 2
28 2
29 2
29 3
28 3
28 2
28 1
28 2
28 3
29 3
30 3
30 2
30 1
30 0
30 1
30 2
31 2
30 2
31 2
32 2
32 3
33 3
33 2
34 2
35 2
36 2
37 2
36 2
36 3
35 3
34 3
34 2
34 3
34 4
35 4
35 3
35 4
35 3
35 2
35 3
34 3
34 2
34 1
35 1
34 1
34 2
35 2
35 3
34 3
33 3
33 4
33 3
33 2
33 1
32 1
31 1
31 2
31 3
31 2
31 1
30 1
29 1
29 0
29 1
29 2
28 2
28 3
29 3
29 2
29 3
29 4
29 3
28 3
28 2
29 2
30 2
30 1
29 1
29 0
30 0
30 1
30 0
30 1
30 0
31 0
32 0
31 0
30 0
29 0
29 1
29 2
28 2
28 3
28 4
28 3
27 3
27 2
28 2
27 2
28 2
28 3
28 2
28 3
29 3
30 3
29 3
29 4
29 3
29 4
30 4
30 3
30 4
30 3
31 3
32 3
32 2
32 1
33 1
33 0
32 0
32 1
33 1
33 0
34 0
34 1
33 1
32 1
32 0
32 1
31 1
32 1
32 0
31 0
32 0
32 1
32 0
32 1
32 2
31 2
31 1
32 1
31 1
32 1
32 0
32 1
31 1
31 2
32 2
32 3
32 2
31 2
31 3
31 2
32 2
32 3
33 3
33 2
33 1
33 2
34 2
34 3
33 3
32 3
33 3
33 4
34 4
33 4
32 4
32 5
31 5
30 5
31 5
31 4
32 4
31 4
31 3
31 2
32 2
32 3
31 3
31 4
30 4
31 4
31 3
32 3
33 3
33 4
33 5
33 6
32 6
32 5
31 5
31 6
30 6
30 7
29 7
29 6
29 7
30 7
31 7
31 8
31 7
31 8
31 7
32 7
31 7
31 6
32 6
31 6
31 5
31 6
30 6
30 5
30 4
31 4
32 4
32 5
32 6
32 5
32 4
32 3
31 3
32 3
32 4
33 4
32 4
32 3
32 2
32 3
33 3
32 3
32 2
31 2
30 2
30 1
30 0
31 0
31 1
31 0
31 1
31 2
31 3
31 4
30 4
30 3
29 3
29 2
28 2
28 1
27 1
28 1
28 2
27 2
27 3
26 3
27 3
28 3
27 3
27 4
27 5
28 5
29 5
29 6
30 6
30 7
30 6
30 5
30 4
30 3
31 3
31 2
30 2
31 2
31 1
30 1
29 1
29 2
30 2
30 3
31 3
31 4
32 4
31 4
31 5
32 5
32 4
32 5
32 6
32 7
33 7
34 7
34 8
34 7
33 7
34 7
33 7
33 8
33 7
33 8
34 8
35 8
34 8
35 8
35 7
36 7
35 7
35 8
35 9
36 9
35 9
36 9
37 9
36 9
36 8
36 9
37 9
36 9
36 8
36 7
37 7
36 7
36 8
35 8
36 8
36 9
37 9
38 9
38 8
38 9
39 9
40 9
39 9
40 9
40 8
40 9
41 9
40 9
40 8
39 8
40 8
40 9
40 8
39 8
40 8
40 9
40 10
40 11
39 11
40 11
40 12
40 13
39 13
38 13
38 14
37 14
36 14
35 14
36 14
35 14
36 14
36 13
35 13
35 14
36 14
36 15
36 14
36 15
36 14
37 14
36 14
36 15
36 16
37 16
36 16
35 16
35 15
34 15
34 16
33 16
33 15
33 16
33 15
34 15
35 15
34 15
34 16
34 15
33 15
32 15
32 14
33 14
34 14
35 14
36 14
35 14
35 15
34 15
35 15
36 15
36 14
37 14
37 15
37 16
37 17
37 18
38 18
37 18
37 19
36 19
35 19
35 18
35 17
34 17
35 17
34 17
34 18
34 17
33 17
34 17
34 16
35 16
35 15
34 15
34 16
33 16
33 15
33 14
34 14
34 15
34 16
34 15
34 14
33 14
33 15
33 14
33 15
34 15
34 16
34 17
35 17
35 18
34 18
33 18
34 18
34 17
34 16
35 16
35 15
36 15
36 14
37 14
37 13
37 14
38 14
38 15
38 16
39 16
40 16
41 16
40 16
40 17
41 17
42 17
43 17
42 17
