0 0
1 0
2 0
2 1
3 1
2 1
2 2
2 3
1 3
1 4
1 5
1 6
0 6
1 6
1 7
2 7
1 7
1 8
0 8
1 8
0 8
1 8
1 7
2 7
2 8
2 7
2 8
3 8
3 9
4 9
4 10
5 10
5 11
5 10
5 11
5 10
4 10
3 10
2 10
3 10
4 10
3 10
4 10
5 10
6 10
6 9
7 9
7 8
7 7
7 8
8 8
8 9
9 9
9 10
10 10
10 11
10 10
10 11
10 10
10 9
10 8
10 7
10 8
10 7
10 6
10 5
10 6
10 5
9 5
9 6
9 7
8 7
8 6
7 6
7 7
6 7
5 7
6 7
6 6
5 6
5 7
5 6
6 6
6 5
5 5
5 4
4 4
5 4
6 4
5 4
6 4
6 3
7 3
7 4
8 4
7 4
8 4
7 4
7 5
6 5
7 5
6 5
7 5
8 5
9 5
8 5
9 5
9 6
9 7
8 7
9 7
10 7
11 7
11 6
11 7
12 7
12 8
12 7
12 6
12 5
12 6
12 7
12 8
13 8
14 8
14 7
14 8
13 8
13 7
14 7
14 8
15 8
16 8
16 9
17 9
16 9
16 10
16 9
17 9
16 9
17 9
17 8
18 8
18 9
17 9
17 8
17 7
16 7
17 7
17 6
18 6
18 5
18 6
18 5
17 5
18 5
18 4
19 4
19 3
19 2
18 2
18 1
17 1
17 0
16 0
16 1
16 0
15 0
15 1
16 1
15 1
15 0
15 1
15 0
16 0
16 1
15 1
15 0
15 1
15 0
15 1
14 1
14 0
13 0
14 0
14 1
14 2
14 1
14 2
15 2
15 3
15 2
15 3
16 3
16 2
16 1
16 0
15 0
14 0
14 1
13 1
14 1
14 2
14 3
15 3
15 2
15 3
15 4
14 4
13 4
12 4
11 4
10 4
9 4
9 5
10 5
9 5
9 4
9 3
9 4
9 5
8 5
8 6
7 6
8 6
9 6
10 6
10 5
9 5
9 4
10 4
10 3
11 3
12 3
11 3
12 3
13 3
12 3
13 3
13 2
13 3
14 3
14 2
14 1
14 2
14 3
14 4
14 3
13 3
14 3
15 3
16 3
16 2
16 3
17 3
16 3
16 2
17 2
18 2
18 3
18 4
17 4
17 5
17 6
17 5
16 5
16 4
17 4
18 4
18 5
19 5
19 6
19 7
18 7
17 7
17 6
17 7
18 7
17 7
17 8
16 8
16 9
16 8
16 7
17 7
17 6
17 7
16 7
16 6
16 7
15 7
14 7
14 8
14 9
15 9
15 8
16 8
17 8
17 9
17 10
17 11
17 12
16 12
15 12
16 12
15 12
15 11
14 11
13 11
12 11
12 12
12 11
11 11
10 11
10 10
9 10
10 10
11 10
10 10
10 11
10 10
10 9
10 10
9 10
9 11
10 11
10 12
9 12
8 12
8 13
8 14
8 15
8 14
9 14
9 15
9 16
9 15
8 15
8 14
9 14
10 14
11 14
11 13
11 12
12 12
11 12
12 12
11 12
10 12
9 12
10 12
10 13
10 14
10 15
9 15
9 16
8 16
7 16
6 16
6 17
6 16
6 15
6 14
5 14
5 13
4 13
4 14
4 15
5 15
5 16
5 17
5 18
4 18
4 17
5 17
4 17
5 17
5 18
4 18
4 17
4 16
4 15
5 15
5 14
4 14
5 14
5 13
5 14
6 14
7 14
8 14
9 14
8 14
7 14
8 14
8 13
8 12
9 12
8 12
8 13
8 12
9 12
9 11
9 12
9 13
9 14
9 13
10 13
11 13
12 13
11 13
12 13
11 13
11 14
11 15
10 15
9 15
10 15
10 14
10 15
10 14
11 14
11 15
11 14
12 14
12 13
12 14
12 13
11 13
12 13
11 13
10 13
10 14
11 14
11 15
11 16
12 16
11 16
12 16
12 15
12 14
12 13
11 13
12 13
13 13
14 13
14 14
15 14
14 14
15 14
15 13
15 12
14 12
13 12
12 12
12 11
13 11
13 10
14 10
14 11
15 11
15 10
15 9
15 8
15 7
15 8
14 8
14 7
14 8
15 8
16 8
17 8
18 8
17 8
18 8
18 7
17 7
18 7
17 7
17 6
17 7
18 7
17 7
17 6
16 6
16 5
15 5
14 5
14 4
15 4
14 4
15 4
16 4
16 3
15 3
15 2
16 2
16 3
16 4
15 4
15 3
15 4
14 4
13 4
12 4
12 5
12 4
13 4
13 3
12 3
13 3
14 3
14 4
14 3
15 3
16 3
17 3
17 4
17 5
17 4
17 5
17 6
16 6
17 6
17 7
17 8
18 8
18 9
18 10
19 10
20 10
21 10
21 9
21 8
20 8
21 8
21 9
20 9
19 9
19 10
18 10
18 11
18 12
18 11
19 11
20 11
20 10
20 9
19 9
19 10
19 9
20 9
20 10
19 10
20 10
21 10
20 10
20 9
19 9
19 8
18 8
19 8
19 9
19 10
19 11
19 10
18 10
19 10
19 11
20 11
21 11
22 11
21 11
21 10
22 10
22 11
21 11
21 10
21 11
21 12
21 11
21 10
21 9
21 10
21 11
21 12
20 12
20 11
21 11
21 10
20 10
20 9
19 9
18 9
19 9
20 9
19 9
18 9
19 9
19 8
19 7
20 7
21 7
21 6
21 5
20 5
21 5
20 5
20 6
19 6
20 6
21 6
22 6
23 6
23 5
24 5
25 5
26 5
26 6
26 7
26 8
26 9
26 8
27 8
26 8
26 7
26 6
25 6
24 6
23 6
22 6
22 7
22 8
22 7
21 7
21 8
20 8
20 7
19 7
20 7
21 7
21 6
21 5
21 6
22 6
21 6
20 6
21 6
20 6
20 5
20 6
20 7
19 7
19 8
19 9
18 9
17 9
17 10
18 10
17 10
18 10
18 9
18 10
18 9
19 9
20 9
19 9
20 9
19 9
19 10
19 9
18 9
18 10
18 11
18 12
19 12
19 11
19 12
18 12
18 11
19 11
19 10
19 11
19 10
19 11
20 11
19 11
19 12
19 11
19 10
19 11
19 12
20 12
19 12
19 11
20 11
21 11
21 12
22 12
22 11
21 11
22 11
23 11
23 12
23 13
23 14
22 14
22 15
21 15
20 15
20 14
20 13
20 12
20 13
20 14
21 14
20 14
21 14
21 13
21 14
21 13
21 14
21 13
20 13
20 14
21 14
20 14
21 14
22 14
22 13
23 13
24 13
23 13
23 12
23 11
24 11
24 10
25 10
26 10
27 10
26 10
27 10
28 10
29 10
28 10
28 11
29 11
30 11
29 11
29 12
29 13
28 13
29 13
28 13
29 13
29 14
29 13
29 12
29 13
28 13
29 13
29 14
29 13
29 14
29 15
29 14
29 15
30 15
30 16
29 16
29 15
28 15
29 15
29 14
30 14
29 14
29 15
29 14
29 15
28 15
29 15
29 16
28 16
28 15
28 14
29 14
28 14
29 14
30 14
30 13
31 13
30 13
29 13
30 13
31 13
32 13
33 13
33 12
33 11
32 11
32 12
31 12
31 11
31 10
31 9
31 10
30 10
29 10
30 10
30 11
29 11
30 11
31 11
30 11
30 12
31 12
31 11
32 11
33 11
32 11
32 12
32 13
32 12
32 11
32 10
31 10
32 10
32 11
33 11
34 11
34 10
35 10
35 9
35 8
34 8
34 9
34 10
34 11
34 12
34 11
33 11
34 11
34 12
34 13
33 13
34 13
35 13
35 12
34 12
33 12
32 12
32 13
32 14
31 14
31 13
32 13
31 13
31 12
31 13
31 12
31 11
31 12
31 13
31 14
31 13
30 13
31 13
30 13
30 12
29 12
30 12
30 13
30 12
30 11
31 11
30 11
30 12
30 13
30 14
30 13
30 12
31 12
31 13
30 13
31 13
31 14
32 14
33 14
33 15
34 15
34 16
33 16
34 16
34 15
34 16
33 16
32 16
31 16
32 16
32 17
33 17
33 16
33 15
33 16
32 16
33 16
32 16
33 16
33 15
34 15
35 15
35 16
36 16
35 16
35 15
35 14
35 15
34 15
34 16
33 16
34 16
35 16
36 16
37 16
36 16
35 16
35 15
36 15
37 15
38 15
39 15
40 15
40 14
39 14
38 14
37 14
38 14
39 14
38 14
38 13
39 13
39 14
38 14
38 15
38 14
38 15
39 15
40 15
39 15
40 15
40 14
41 14
41 15
41 14
42 14
43 14
42 14
42 13
41 13
41 12
40 12
39 12
39 11
40 11
40 12
39 12
40 12
40 11
39 11
39 10
39 11
38 11
39 11
39 10
38 10
38 11
37 11
37 10
36 10
36 9
37 9
38 9
39 9
38 9
37 9
37 8
37 7
38 7
37 7
37 6
37 5
37 6
38 6
37 6
37 5
37 4
37 3
37 2
38 2
37 2
