0 0
1 0
2 0
1 0
0 0
0 1
1 1
0 1
1 1
1 0
0 0
1 0
2 0
2 1
2 0
1 0
0 0
1 0
2 0
3 0
2 0
2 1
2 0
2 1
3 1
2 1
1 1
1 0
1 1
0 1
1 1
1 0
2 0
2 1
1 1
0 1
1 1
2 1
2 2
3 2
3 3
2 3
3 3
3 4
3 3
3 2
4 2
3 2
3 1
2 1
2 2
2 3
3 3
3 4
3 5
3 4
2 4
2 5
3 5
2 5
3 5
4 5
4 6
5 6
5 5
4 5
3 5
3 6
3 7
4 7
3 7
3 8
2 8
2 9
2 8
3 8
3 7
3 6
4 6
4 5
4 4
5 4
4 4
5 4
6 4
5 4
5 3
5 2
6 2
6 1
6 2
6 1
5 1
6 1
6 0
6 1
6 0
5 0
4 0
4 1
4 0
5 0
5 1
5 0
4 0
4 1
3 1
2 1
3 1
3 2
3 1
3 0
3 1
2 1
2 0
2 1
3 1
3 0
2 0
1 0
1 1
1 2
1 3
2 3
2 4
2 5
2 4
1 4
1 3
1 2
1 1
0 1
0 0
1 0
2 0
3 0
3 1
2 1
1 1
2 1
1 1
0 1
1 1
0 1
1 1
1 0
1 1
0 1
1 1
1 2
0 2
0 3
0 4
1 4
1 5
2 5
2 4
3 4
4 4
3 4
3 5
4 5
5 5
6 5
6 6
6 5
6 4
7 4
8 4
8 5
8 4
8 3
7 3
6 3
5 3
5 4
4 4
3 4
3 5
3 4
3 3
3 4
3 3
3 2
4 2
5 2
6 2
5 2
6 2
6 3
6 2
5 2
4 2
4 1
4 2
3 2
4 2
5 2
4 2
4 3
4 2
3 2
4 2
5 2
5 1
4 1
4 0
3 0
2 0
2 1
3 1
3 0
3 1
3 2
4 2
5 2
5 3
5 4
4 4
4 3
4 4
3 4
2 4
2 5
2 6
3 6
3 7
3 6
3 5
4 5
4 6
4 7
4 8
4 7
5 7
5 6
5 7
5 8
5 9
6 9
5 9
5 10
5 11
5 10
5 11
5 10
4 10
4 11
4 12
4 11
4 10
4 11
3 11
2 11
2 12
1 12
2 12
2 13
3 13
2 13
2 14
1 14
2 14
2 13
3 13
3 12
3 13
4 13
5 13
4 13
4 14
3 14
4 14
3 14
3 13
3 12
4 12
5 12
5 13
5 12
5 13
6 13
5 13
5 14
5 15
4 15
5 15
6 15
7 15
7 14
6 14
7 14
6 14
5 14
4 14
5 14
5 13
5 14
5 13
6 13
5 13
5 14
4 14
5 14
6 14
7 14
7 15
6 15
6 14
6 13
6 14
6 15
7 15
6 15
6 16
6 15
6 16
7 16
7 17
7 18
7 19
6 19
6 18
5 18
5 19
5 18
6 18
7 18
7 19
8 19
9 19
9 20
9 19
9 18
9 17
9 16
9 17
9 18
8 18
8 17
8 16
7 16
6 16
7 16
7 15
8 15
9 15
8 15
9 15
8 15
7 15
6 15
6 14
6 15
6 14
7 14
6 14
7 14
7 15
7 16
7 15
7 14
7 15
8 15
9 15
9 14
10 14
9 14
10 14
9 14
9 15
9 16
9 15
8 15
7 15
6 15
5 15
5 14
6 14
5 14
5 13
4 13
4 14
3 14
4 14
4 15
5 15
5 16
5 17
4 17
3 17
3 16
3 17
2 17
2 18
2 19
2 20
2 19
2 20
2 21
2 20
1 20
1 19
1 20
1 19
1 20
0 20
0 21
0 20
1 20
2 20
2 21
3 21
2 21
2 20
2 21
1 21
1 20
1 21
1 20
2 20
2 21
2 22
2 21
2 22
3 22
2 22
2 21
2 22
2 23
3 23
2 23
3 23
4 23
4 22
4 21
4 22
4 21
4 20
5 20
5 21
5 22
5 23
5 24
4 24
4 25
4 26
4 27
4 26
4 27
4 28
5 28
4 28
4 27
3 27
2 27
3 27
4 27
4 26
5 26
6 26
6 25
5 25
6 25
7 25
7 24
7 25
7 24
8 24
9 24
9 25
8 25
7 25
8 25
8 24
8 23
9 23
10 23
10 24
11 24
12 24
11 24
11 25
11 26
11 27
12 27
12 26
12 27
12 26
13 26
12 26
13 26
12 26
13 26
14 26
14 27
14 28
14 27
15 27
14 27
14 28
13 28
13 27
14 27
14 26
13 26
13 27
13 28
13 27
12 27
13 27
13 28
13 29
13 30
13 31
13 32
12 32
12 33
13 33
12 33
11 33
11 34
11 35
11 34
11 35
10 35
10 36
10 35
10 34
11 34
11 33
12 33
12 34
12 33
13 33
12 33
11 33
12 33
12 34
13 34
12 34
12 35
11 35
11 34
11 33
12 33
11 33
11 32
11 33
11 34
11 33
12 33
12 34
12 35
12 36
13 36
13 37
13 38
13 39
12 39
11 39
11 40
10 40
11 40
11 39
12 39
11 39
12 39
12 38
12 39
12 40
13 40
14 40
14 39
13 39
14 39
13 39
12 39
12 38
13 38
12 38
13 38
14 38
14 37
15 37
15 38
15 37
16 37
15 37
16 37
16 36
17 36
17 35
16 35
17 35
17 36
17 37
17 38
17 39
17 38
16 38
17 38
16 38
17 38
18 38
19 38
19 39
18 39
18 38
19 38
19 37
19 38
20 38
20 39
20 40
20 41
21 41
21 40
22 40
23 40
24 40
24 41
24 42
25 42
24 42
23 42
23 41
24 41
25 41
25 42
24 42
24 43
24 42
24 43
24 42
25 42
25 41
25 42
25 43
25 42
25 43
26 43
25 43
25 44
24 44
25 44
25 45
24 45
23 45
23 44
24 44
25 44
25 45
26 45
25 45
25 44
26 44
26 43
26 44
25 44
25 45
24 45
24 46
24 45
24 44
23 44
23 43
24 43
23 43
24 43
24 42
23 42
24 42
24 43
24 42
25 42
24 42
23 42
24 42
25 42
25 43
26 43
25 43
26 43
25 43
26 43
26 42
26 43
26 44
26 43
26 44
26 43
27 43
26 43
27 43
28 43
28 44
27 44
27 43
27 44
28 44
29 44
29 45
30 45
31 45
30 45
30 44
31 44
30 44
29 44
30 44
29 44
29 43
29 42
29 41
30 41
30 40
29 40
30 40
29 40
30 40
30 39
31 39
30 39
29 39
28 39
27 39
28 39
28 38
28 37
28 38
28 37
27 37
28 37
28 38
27 38
26 38
25 38
24 38
25 38
25 39
25 38
25 39
25 40
26 40
26 39
25 39
25 40
26 40
26 39
25 39
26 39
26 40
26 39
26 40
26 41
26 40
25 40
25 41
25 40
24 40
24 39
23 39
22 39
22 40
22 41
22 40
22 39
22 40
22 41
22 40
21 40
22 40
21 40
21 39
20 39
20 38
19 38
20 38
20 37
20 36
19 36
18 36
18 37
19 37
19 38
19 37
20 37
21 37
21 38
20 38
20 39
20 40
21 40
22 40
23 40
23 39
23 38
24 38
23 38
23 37
22 37
21 37
21 36
21 35
20 35
20 34
20 35
19 35
19 34
20 34
21 34
22 34
21 34
21 33
21 32
22 32
23 32
23 33
23 32
24 32
24 31
25 31
24 31
23 31
23 30
24 30
23 30
22 30
23 30
24 30
24 29
24 28
23 28
23 27
22 27
23 27
22 27
21 27
21 26
20 26
20 27
21 27
20 27
19 27
19 28
18 28
18 29
18 30
18 29
17 29
18 29
17 29
17 30
18 30
18 29
18 28
17 28
17 27
18 27
18 26
18 27
17 27
16 27
17 27
17 26
18 26
19 26
19 25
20 25
20 26
21 26
21 25
21 26
20 26
20 27
20 28
19 28
19 27
18 27
17 27
17 26
17 27
16 27
16 28
17 28
17 29
16 29
15 29
14 29
14 28
14 29
13 29
13 28
13 27
14 27
13 27
13 26
13 25
13 26
12 26
12 25
12 24
11 24
10 24
9 24
10 24
10 25
10 26
11 26
11 27
10 27
11 27
10 27
9 27
10 27
9 27
9 26
8 26
8 27
7 27
6 27
6 26
6 27
7 27
8 27
8 26
9 26
10 26
11 26
11 25
12 25
12 26
12 27
11 27
11 28
12 28
11 28
12 28
12 29
11 29
12 29
13 29
14 29
14 30
14 29
13 29
13 28
13 27
14 27
14 26
13 26
14 26
14 25
14 24
14 25
14 24
13 24
13 23
13 22
13 23
14 23
14 24
14 23
14 22
13 22
13 21
13 22
14 22
14 21
14 20
13 20
14 20
14 19
13 19
13 18
13 17
14 17
13 17
14 17
14 16
14 17
14 16
15 16
14 16
15 16
15 17
15 16
14 16
14 17
15 17
16 17
15 17
16 17
15 17
14 17
14 18
13 18
14 18
13 18
