0 0
0 1
0 0
1 0
1 1
0 1
0 0
1 0
2 0
1 0
2 0
2 1
1 1
0 1
0 2
1 2
0 2
0 3
1 3
1 4
1 5
1 4
1 5
1 4
1 3
1 2
1 3
1 4
0 4
1 4
1 5
1 6
1 5
0 5
0 6
0 7
0 6
1 6
0 6
0 7
0 6
0 5
1 5
0 5
1 5
0 5
1 5
2 5
1 5
1 4
1 5
2 5
2 6
2 5
2 4
2 3
2 2
1 2
0 2
0 1
1 1
0 1
1 1
0 1
1 1
2 1
2 2
3 2
3 3
4 3
3 3
4 3
5 3
4 3
4 4
4 3
5 3
5 2
4 2
5 2
4 2
4 3
3 3
4 3
4 2
4 3
4 4
4 3
4 4
3 4
3 5
3 6
3 7
3 8
3 9
3 10
3 9
2 9
1 9
2 9
3 9
4 9
4 8
5 8
5 9
6 9
7 9
6 9
7 9
8 9
7 9
7 10
7 9
7 8
6 8
5 8
6 8
6 7
5 7
5 6
5 7
6 7
5 7
6 7
5 7
4 7
3 7
3 8
2 8
2 7
2 6
2 7
2 8
2 7
3 7
3 6
4 6
4 5
3 5
4 5
3 5
4 5
4 4
5 4
6 4
7 4
8 4
8 5
9 5
9 4
9 3
9 2
10 2
10 3
10 2
10 3
11 3
10 3
9 3
9 2
9 1
8 1
7 1
7 2
7 1
7 2
8 2
8 3
8 4
7 4
7 3
7 2
7 3
7 2
7 3
7 2
6 2
6 1
6 0
6 1
5 1
5 0
5 1
6 1
7 1
7 2
6 2
6 1
6 0
7 0
6 0
6 1
6 2
6 3
5 3
5 4
5 5
6 5
7 5
7 6
6 6
6 5
6 4
7 4
6 4
6 5
5 5
5 6
4 6
5 6
4 6
4 5
3 5
4 5
4 6
4 5
4 4
5 4
6 4
5 4
4 4
4 5
5 5
5 4
6 4
5 4
4 4
4 5
3 5
4 5
4 6
4 7
5 7
6 7
6 8
6 9
5 9
6 9
6 8
6 9
6 8
5 8
5 7
5 8
5 9
5 10
5 9
4 9
4 8
4 7
3 7
2 7
2 8
2 7
1 7
0 7
0 6
1 6
2 6
3 6
3 7
3 8
3 7
3 6
3 5
3 6
4 6
4 5
4 4
5 4
6 4
7 4
7 3
6 3
7 3
7 2
7 1
7 0
7 1
7 0
6 0
7 0
7 1
8 1
8 0
9 0
10 0
10 1
9 1
10 1
10 2
11 2
12 2
13 2
12 2
11 2
12 2
12 1
13 1
12 1
13 1
14 1
14 2
14 1
14 2
14 3
14 2
15 2
14 2
14 1
14 0
13 0
13 1
14 1
14 0
13 0
13 1
14 1
15 1
16 1
17 1
17 0
17 1
17 2
18 2
18 1
18 2
19 2
19 1
20 1
21 1
21 0
21 1
20 1
19 1
18 1
18 2
19 2
18 2
18 3
18 4
18 5
18 4
19 4
20 4
19 4
19 3
19 4
20 4
21 4
21 5
20 5
20 4
20 3
21 3
22 3
21 3
22 3
22 2
22 1
21 1
20 1
21 1
22 1
22 2
21 2
21 1
22 1
22 2
23 2
23 1
23 0
24 0
25 0
25 1
25 0
26 0
25 0
25 1
26 1
25 1
26 1
26 2
26 1
26 2
25 2
26 2
25 2
25 3
26 3
27 3
28 3
28 2
28 1
29 1
28 1
28 0
27 0
28 0
28 1
28 0
29 0
29 1
29 2
29 3
29 2
28 2
29 2
29 1
29 0
29 1
29 0
28 0
29 0
30 0
30 1
29 1
29 2
29 3
29 2
28 2
27 2
28 2
28 1
28 2
27 2
27 3
28 3
29 3
30 3
29 3
29 4
30 4
30 5
29 5
29 6
29 5
28 5
29 5
29 4
29 5
29 4
30 4
30 5
29 5
29 6
28 6
29 6
29 7
28 7
27 7
27 8
28 8
27 8
26 8
26 9
26 10
26 9
26 10
25 10
26 10
26 9
25 9
25 10
26 10
25 10
24 10
24 11
24 12
25 12
25 13
26 13
26 12
25 12
24 12
23 12
24 12
25 12
25 13
25 14
25 13
25 14
26 14
26 15
26 16
27 16
27 17
28 17
27 17
27 16
26 16
26 15
25 15
25 16
25 17
25 18
24 18
24 19
23 19
24 19
23 19
23 18
24 18
24 17
23 17
23 18
23 19
24 19
25 19
25 20
25 21
24 21
24 22
23 22
22 22
21 22
21 21
22 21
21 21
21 20
22 20
22 21
22 22
22 23
22 22
22 21
21 21
20 21
20 20
21 20
21 21
21 22
22 22
23 22
23 21
24 21
25 21
25 20
25 19
26 19
26 18
27 18
27 19
28 19
28 20
27 20
28 20
28 19
27 19
28 19
27 19
27 20
27 21
28 21
28 20
27 20
28 20
29 20
28 20
28 19
29 19
30 19
29 19
28 19
28 20
28 21
29 21
29 22
30 22
31 22
30 22
29 22
28 22
28 21
28 22
27 22
26 22
25 22
24 22
24 21
24 22
24 21
24 20
24 19
25 19
25 20
25 21
25 22
25 21
24 21
25 21
24 21
24 22
24 23
25 23
26 23
25 23
25 22
25 23
24 23
24 22
24 23
25 23
25 22
24 22
24 23
24 22
24 23
23 23
23 24
23 25
22 25
22 26
22 27
23 27
23 28
24 28
25 28
25 27
25 28
25 27
25 28
25 29
24 29
24 28
25 28
26 28
27 28
28 28
27 28
27 27
27 28
26 28
26 27
26 26
26 27
26 26
26 27
27 27
27 26
28 26
27 26
28 26
28 25
27 25
27 26
26 26
26 27
25 27
24 27
24 26
24 27
24 26
25 26
25 27
24 27
25 27
24 27
23 27
23 28
23 29
22 29
23 29
23 28
23 27
22 27
21 27
20 27
21 27
22 27
21 27
20 27
19 27
20 27
20 26
21 26
21 25
21 26
21 25
22 25
23 25
23 26
22 26
22 25
21 25
20 25
21 25
20 25
20 26
20 27
20 26
20 27
20 28
20 27
21 27
22 27
23 27
23 28
24 28
25 28
24 28
24 29
23 29
22 29
23 29
23 30
23 31
24 31
24 30
24 29
24 30
25 30
24 30
23 30
22 30
23 30
23 31
22 31
23 31
23 30
22 30
23 30
24 30
24 31
24 32
23 32
24 32
25 32
26 32
26 33
25 33
25 32
24 32
24 31
23 31
23 32
22 32
23 32
23 31
24 31
25 31
25 32
25 33
25 34
25 35
24 35
25 35
25 34
25 33
25 34
26 34
25 34
25 35
26 35
26 34
26 35
26 34
27 34
27 33
26 33
26 32
27 32
28 32
27 32
28 32
28 31
29 31
28 31
28 30
27 30
26 30
26 29
26 30
26 29
25 29
24 29
25 29
25 30
24 30
24 29
24 28
24 27
25 27
25 28
25 27
25 26
25 27
25 26
24 26
23 26
23 25
23 26
23 27
23 28
22 28
22 27
21 27
21 28
21 29
20 29
20 28
19 28
20 28
21 28
21 27
20 27
21 27
21 28
20 28
20 27
20 28
21 28
21 27
20 27
19 27
20 27
21 27
22 27
22 26
21 26
22 26
23 26
23 25
23 26
24 26
24 27
23 27
24 27
24 26
24 25
23 25
23 24
23 23
22 23
22 24
23 24
24 24
25 24
25 23
25 24
24 24
23 24
22 24
21 24
20 24
20 23
20 22
21 22
20 22
19 22
19 23
19 22
19 21
19 22
19 23
20 23
19 23
19 24
19 25
19 24
19 23
18 23
18 22
18 23
19 23
18 23
17 23
17 24
17 23
18 23
18 22
18 21
17 21
16 21
15 21
15 22
15 23
15 24
15 25
14 25
13 25
14 25
15 25
16 25
16 26
16 25
17 25
18 25
18 26
17 26
17 27
17 26
17 25
16 25
16 24
15 24
16 24
15 24
15 23
14 23
13 23
12 23
12 22
12 23
11 23
10 23
10 22
10 23
10 24
9 24
8 24
8 25
7 25
7 24
7 25
6 25
6 26
7 26
7 27
7 28
7 27
8 27
8 28
9 28
9 29
10 29
9 29
10 29
9 29
9 30
9 29
9 28
9 27
9 26
10 26
11 26
11 25
11 24
12 24
12 25
13 25
13 26
13 25
14 25
13 25
13 24
14 24
14 23
13 23
12 23
12 22
12 23
11 23
12 23
12 22
12 23
11 23
10 23
9 23
10 23
10 22
11 22
12 22
12 23
11 23
11 24
11 23
10 23
11 23
11 24
10 24
10 25
10 26
9 26
9 25
10 25
11 25
11 26
11 25
12 25
12 26
11 26
12 26
12 25
11 25
10 25
10 24
9 24
10 24
9 24
10 24
11 24
11 25
11 26
12 26
13 26
13 25
13 24
12 24
13 24
