0 0
1 0
2 0
1 0
1 1
2 1
1 1
2 1
2 2
1 2
1 1
2 1
1 1
1 2
1 3
1 4
1 5
1 6
1 5
1 6
1 5
1 6
1 5
2 5
2 6
2 7
1 7
1 6
0 6
0 5
1 5
2 5
2 6
1 6
0 6
1 6
2 6
1 6
1 5
1 4
1 5
2 5
3 5
4 5
4 6
3 6
2 6
2 5
1 5
1 6
1 7
0 7
0 8
1 8
1 9
1 10
2 10
2 9
2 8
3 8
3 9
3 8
3 9
3 10
3 9
4 9
3 9
3 8
3 7
2 7
1 7
2 7
3 7
4 7
3 7
3 8
3 9
3 10
3 11
3 12
2 12
3 12
3 11
3 10
2 10
2 9
1 9
1 10
0 10
0 11
0 12
1 12
1 13
1 12
1 13
1 14
1 15
0 15
1 15
2 15
2 14
2 15
1 15
2 15
1 15
1 16
1 15
1 16
2 16
2 15
1 15
1 14
1 15
1 14
2 14
3 14
4 14
4 15
4 16
4 15
3 15
2 15
3 15
3 16
3 17
4 17
3 17
4 17
4 16
3 16
4 16
5 16
5 15
6 15
6 16
6 15
6 14
6 15
6 14
6 13
6 14
6 13
5 13
6 13
6 14
5 14
4 14
4 13
4 14
3 14
4 14
3 14
2 14
2 15
3 15
4 15
3 15
3 16
4 16
3 16
3 15
2 15
2 16
2 15
1 15
0 15
1 15
1 14
1 13
2 13
1 13
0 13
1 13
1 14
1 15
1 14
1 13
1 12
2 12
2 11
3 11
3 10
3 11
2 11
1 11
2 11
3 11
3 10
3 9
3 10
3 9
4 9
3 9
2 9
3 9
3 8
4 8
3 8
3 7
4 7
4 6
4 7
5 7
4 7
4 8
4 7
4 6
3 6
3 5
2 5
1 5
1 6
2 6
1 6
1 7
1 6
0 6
1 6
1 5
0 5
1 5
2 5
3 5
4 5
4 6
5 6
4 6
5 6
5 5
5 6
5 5
6 5
6 4
5 4
5 5
5 6
5 5
4 5
3 5
3 4
2 4
2 5
2 6
2 5
3 5
2 5
3 5
3 6
3 7
3 8
3 7
2 7
3 7
3 6
2 6
1 6
2 6
2 7
2 8
3 8
3 9
3 10
3 9
3 8
4 8
3 8
4 8
4 9
4 8
5 8
5 9
5 8
5 9
4 9
3 9
3 10
4 10
5 10
5 11
5 12
5 13
6 13
5 13
5 12
5 11
5 12
5 13
5 14
5 13
6 13
7 13
6 13
6 12
6 11
7 11
6 11
6 10
6 9
6 10
6 9
7 9
7 8
7 7
6 7
6 6
6 7
6 6
5 6
5 7
5 6
6 6
5 6
6 6
6 5
5 5
5 6
5 7
5 8
5 7
5 6
6 6
6 5
6 6
6 7
6 6
6 7
6 6
6 7
7 7
6 7
6 8
5 8
6 8
7 8
6 8
5 8
5 7
6 7
5 7
5 8
4 8
4 7
5 7
6 7
6 6
6 5
6 6
6 7
6 8
6 7
5 7
4 7
5 7
4 7
4 8
5 8
6 8
6 7
5 7
5 8
6 8
6 7
7 7
7 6
7 5
6 5
5 5
6 5
7 5
7 6
7 7
7 8
7 9
7 8
7 9
8 9
8 8
7 8
8 8
7 8
6 8
5 8
4 8
3 8
3 9
3 8
2 8
2 9
2 10
1 10
2 10
1 10
0 10
1 10
1 11
0 11
1 11
2 11
3 11
4 11
5 11
6 11
6 10
7 10
6 10
7 10
6 10
5 10
5 11
5 12
5 11
4 11
4 12
4 13
3 13
4 13
4 14
5 14
5 15
5 14
5 13
5 14
4 14
4 13
4 12
4 11
5 11
5 10
6 10
7 10
8 10
8 11
7 11
7 12
7 13
6 13
6 12
5 12
4 12
3 12
3 11
4 11
4 12
4 11
4 10
4 11
4 12
4 11
4 12
5 12
4 12
4 11
5 11
4 11
3 11
4 11
4 12
4 11
4 10
4 9
3 9
2 9
2 10
1 10
1 11
1 12
2 12
3 12
4 12
3 12
3 13
3 14
4 14
5 14
5 15
6 15
6 14
7 14
6 14
6 15
6 14
5 14
5 15
4 15
4 16
3 16
2 16
2 17
2 18
1 18
1 17
1 16
0 16
0 15
0 16
0 17
0 18
0 17
0 18
0 19
0 20
1 20
2 20
2 19
2 18
2 17
2 18
2 19
1 19
1 20
1 21
2 21
1 21
0 21
1 21
0 21
1 21
2 21
1 21
2 21
1 21
2 21
1 21
1 22
2 22
3 22
2 22
1 22
1 23
1 24
0 24
0 25
1 25
1 24
2 24
2 23
2 22
3 22
3 23
3 22
2 22
1 22
1 21
0 21
1 21
0 21
0 20
0 21
0 20
1 20
2 20
3 20
4 20
4 21
3 21
4 21
5 21
5 22
5 21
4 21
5 21
6 21
6 22
6 21
6 20
7 20
8 20
7 20
7 19
8 19
7 19
6 19
7 19
6 19
6 18
6 19
6 18
6 19
5 19
6 19
6 18
5 18
5 19
5 20
5 21
6 21
6 20
6 19
7 19
8 19
8 20
7 20
7 19
6 19
6 20
6 19
6 18
7 18
7 19
8 19
8 18
7 18
7 17
7 18
7 19
6 19
6 20
7 20
8 20
8 19
8 20
9 20
9 21
9 22
9 21
9 22
8 22
8 23
9 23
9 24
8 24
8 23
7 23
6 23
6 22
6 21
7 21
7 22
7 23
6 23
5 23
6 23
7 23
8 23
8 24
8 23
9 23
9 24
8 24
7 24
6 24
7 24
6 24
5 24
5 25
5 24
6 24
7 24
6 24
6 23
6 24
6 23
5 23
4 23
4 24
4 23
4 24
5 24
5 23
5 22
6 22
6 21
5 21
5 22
5 21
4 21
5 21
5 20
6 20
5 20
4 20
4 19
5 19
6 19
5 19
6 19
6 20
7 20
7 19
7 20
6 20
5 20
6 20
6 21
6 22
6 21
7 21
8 21
8 20
8 19
7 19
7 18
6 18
7 18
6 18
5 18
5 19
5 20
4 20
4 21
3 21
3 20
3 19
3 20
2 20
3 20
4 20
4 19
5 19
5 20
4 20
3 20
3 21
3 22
2 22
2 21
2 22
1 22
2 22
1 22
2 22
2 21
3 21
3 20
3 21
2 21
2 22
1 22
2 22
2 23
1 23
1 22
1 23
0 23
1 23
2 23
3 23
3 24
4 24
4 23
4 22
5 22
5 21
6 21
7 21
7 22
8 22
9 22
9 21
10 21
11 21
11 22
11 21
10 21
10 20
11 20
10 20
10 21
10 20
11 20
11 19
11 20
11 21
11 20
11 19
11 20
11 21
12 21
13 21
12 21
12 22
12 23
11 23
10 23
11 23
11 24
11 25
10 25
11 25
11 24
11 23
11 22
10 22
9 22
9 23
8 23
8 22
8 21
7 21
7 22
8 22
8 23
7 23
7 24
6 24
6 25
5 25
5 24
6 24
5 24
5 25
5 26
5 27
6 27
5 27
5 26
6 26
6 27
6 28
7 28
7 29
7 30
8 30
7 30
7 31
8 31
8 30
8 31
8 30
7 30
7 29
7 28
6 28
7 28
8 28
9 28
10 28
9 28
8 28
8 29
8 30
8 29
8 30
8 29
9 29
9 28
9 29
10 29
10 28
11 28
11 29
11 28
12 28
11 28
11 27
10 27
10 26
9 26
8 26
9 26
10 26
9 26
10 26
10 27
10 28
10 27
10 26
10 27
10 26
11 26
11 27
11 26
12 26
11 26
12 26
13 26
13 25
13 26
13 27
13 26
13 27
13 26
13 27
13 28
12 28
13 28
14 28
14 27
13 27
13 26
13 25
13 26
13 25
14 25
15 25
14 25
14 26
14 27
15 27
16 27
15 27
15 28
15 27
14 27
13 27
12 27
12 26
12 25
12 24
13 24
13 25
14 25
15 25
15 26
14 26
14 25
13 25
13 26
13 27
12 27
11 27
10 27
10 28
10 29
11 29
12 29
12 30
12 31
12 32
11 32
11 33
11 34
10 34
10 33
10 34
11 34
11 35
11 34
11 33
12 33
12 32
13 32
12 32
11 32
12 32
12 31
13 31
13 30
13 31
13 30
14 30
13 30
13 31
12 31
12 30
12 29
13 29
12 29
12 28
13 28
13 29
13 28
12 28
13 28
14 28
15 28
15 29
14 29
13 29
14 29
14 30
15 30
16 30
15 30
15 31
15 30
15 29
16 29
17 29
17 28
17 27
17 26
18 26
17 26
16 26
17 26
17 27
17 26
16 26
16 25
15 25
14 25
14 26
14 25
13 25
12 25
13 25
14 25
15 25
15 26
15 27
14 27
14 26
15 26
15 25
15 24
15 23
14 23
14 22
14 21
