0 0
0 1
1 1
1 2
1 3
1 2
1 1
1 2
1 1
2 1
1 1
2 1
1 1
2 1
1 1
1 0
1 1
1 0
2 0
3 0
4 0
5 0
5 1
5 2
5 1
4 1
4 2
5 2
4 2
3 2
3 3
2 3
1 3
1 4
0 4
1 4
2 4
2 5
1 5
1 6
1 5
1 6
0 6
0 7
0 8
0 7
1 7
2 7
3 7
3 6
4 6
4 7
4 8
4 9
4 8
3 8
3 7
2 7
2 8
3 8
3 7
3 6
3 7
4 7
4 6
5 6
6 6
6 7
6 8
6 9
7 9
7 10
7 9
7 10
7 9
7 10
8 10
9 10
9 11
9 10
9 9
9 8
10 8
10 7
10 6
10 7
11 7
10 7
11 7
10 7
10 6
9 6
10 6
11 6
12 6
11 6
12 6
12 7
11 7
11 6
10 6
11 6
12 6
11 6
11 5
12 5
13 5
13 6
13 7
14 7
15 7
14 7
15 7
15 8
16 8
16 9
15 9
15 10
15 9
16 9
16 10
17 10
18 10
17 10
18 10
19 10
18 10
19 10
19 11
20 11
19 11
19 10
19 11
19 12
19 11
18 11
18 10
18 9
18 8
18 9
17 9
16 9
15 9
15 10
15 9
16 9
16 8
16 7
16 8
15 8
16 8
15 8
16 8
17 8
16 8
15 8
14 8
14 9
15 9
15 10
15 9
16 9
16 8
17 8
18 8
17 8
18 8
17 8
17 7
16 7
17 7
17 6
17 7
17 6
18 6
17 6
18 6
18 7
18 8
19 8
19 9
19 8
18 8
19 8
19 9
19 10
20 10
20 9
19 9
19 10
19 9
18 9
18 10
17 10
17 9
18 9
17 9
17 10
18 10
18 9
18 8
18 9
17 9
17 8
16 8
16 9
15 9
14 9
14 8
14 7
13 7
14 7
14 8
13 8
12 8
12 7
12 6
12 7
12 8
12 9
13 9
12 9
12 10
12 11
12 12
13 12
14 12
14 13
13 13
13 14
13 15
13 16
12 16
12 15
13 15
13 14
14 14
14 15
13 15
14 15
13 15
13 16
14 16
14 15
14 14
14 15
13 15
13 16
14 16
13 16
12 16
12 17
12 18
12 17
13 17
14 17
14 18
15 18
16 18
17 18
17 19
16 19
17 19
18 19
18 20
17 20
18 20
18 19
19 19
19 20
19 21
19 22
19 23
20 23
19 23
20 23
21 23
20 23
21 23
20 23
20 22
21 22
20 22
20 23
20 22
21 22
21 21
21 20
20 20
20 19
21 19
21 20
20 20
20 19
19 19
19 18
20 18
21 18
22 18
22 17
23 17
24 17
24 18
23 18
22 18
21 18
21 19
22 19
22 20
23 20
23 21
22 21
21 21
21 20
21 19
22 19
23 19
23 18
24 18
24 19
23 19
24 19
23 19
23 20
24 20
24 19
25 19
25 20
25 21
24 21
23 21
23 20
23 19
24 19
24 20
24 21
23 21
23 22
23 21
22 21
22 20
22 21
22 20
22 21
22 22
22 23
22 24
23 24
24 24
25 24
25 23
26 23
27 23
26 23
26 22
27 22
27 21
28 21
28 22
29 22
28 22
28 21
28 20
27 20
26 20
26 21
26 22
26 23
26 24
25 24
24 24
23 24
23 23
23 22
23 23
23 22
22 22
22 23
23 23
23 22
22 22
21 22
21 21
20 21
20 20
20 21
19 21
20 21
20 22
19 22
20 22
20 23
20 22
20 23
21 23
21 22
21 23
22 23
22 24
22 25
22 26
22 27
22 26
22 25
23 25
24 25
24 24
24 25
24 26
24 27
24 28
24 29
25 29
26 29
26 30
27 30
27 31
28 31
27 31
27 32
28 32
28 31
28 32
27 32
26 32
26 33
26 34
25 34
24 34
24 35
24 36
25 36
24 36
25 36
26 36
25 36
25 35
25 36
26 36
27 36
28 36
29 36
29 35
28 35
28 36
28 37
28 36
27 36
27 37
26 37
26 36
26 37
26 38
26 39
26 38
26 39
27 39
26 39
27 39
28 39
28 40
28 41
28 40
27 40
27 39
27 40
27 41
28 41
28 42
27 42
26 42
27 42
27 43
28 43
28 44
27 44
26 44
27 44
27 45
27 46
27 47
26 47
25 47
25 48
24 48
24 47
23 47
22 47
23 47
23 48
23 49
23 48
24 48
25 48
24 48
24 47
24 48
25 48
26 48
26 47
27 47
27 48
28 48
27 48
28 48
28 49
27 49
27 48
26 48
27 48
28 48
28 49
29 49
29 48
28 48
27 48
27 47
26 47
27 47
26 47
26 46
26 45
26 44
25 44
24 44
23 44
22 44
21 44
21 45
21 44
20 44
20 43
21 43
21 44
21 45
21 46
22 46
21 46
21 45
22 45
22 44
23 44
22 44
22 43
21 43
21 42
20 42
20 41
20 40
21 40
20 40
19 40
20 40
21 40
21 41
20 41
19 41
20 41
20 40
21 40
22 40
22 39
23 39
23 38
23 37
24 37
24 38
24 39
23 39
24 39
24 40
24 39
24 38
25 38
25 37
25 36
26 36
26 35
26 34
25 34
25 33
26 33
26 34
27 34
28 34
29 34
28 34
29 34
29 35
29 36
28 36
27 36
26 36
25 36
26 36
25 36
25 35
25 36
25 37
25 38
26 38
27 38
27 37
27 38
28 38
28 37
28 38
27 38
28 38
28 37
27 37
28 37
29 37
28 37
29 37
28 37
29 37
28 37
28 38
29 38
30 38
31 38
31 39
31 38
31 39
31 40
31 39
31 38
32 38
32 39
32 40
32 39
31 39
32 39
33 39
33 40
34 40
35 40
36 40
37 40
36 40
37 40
37 39
37 38
37 37
38 37
38 36
39 36
40 36
41 36
42 36
43 36
43 35
42 35
43 35
44 35
44 34
45 34
46 34
46 33
46 32
46 33
46 34
45 34
45 33
44 33
44 32
45 32
45 31
45 32
44 32
44 33
45 33
45 34
45 33
44 33
43 33
44 33
43 33
42 33
43 33
44 33
44 34
44 35
44 34
44 35
44 34
43 34
43 33
43 32
43 33
44 33
43 33
43 32
42 32
42 31
42 32
41 32
41 33
41 34
42 34
42 33
42 34
42 35
43 35
44 35
45 35
45 36
44 36
44 37
43 37
42 37
42 36
43 36
44 36
44 35
45 35
45 34
46 34
46 33
47 33
48 33
47 33
48 33
47 33
46 33
47 33
48 33
48 34
49 34
48 34
49 34
48 34
49 34
49 33
49 32
49 33
48 33
49 33
50 33
51 33
50 33
50 34
50 33
50 34
50 35
49 35
49 36
48 36
47 36
48 36
48 35
48 36
47 36
48 36
48 35
47 35
48 35
49 35
48 35
48 36
47 36
48 36
48 35
47 35
48 35
48 34
48 35
47 35
48 35
48 36
48 37
47 37
47 36
47 37
47 38
46 38
46 37
45 37
44 37
44 38
45 38
46 38
46 37
47 37
47 38
48 38
49 38
49 39
48 39
48 38
48 37
47 37
46 37
45 37
46 37
45 37
44 37
44 36
44 37
45 37
45 38
44 38
44 37
45 37
46 37
46 38
46 39
45 39
45 38
46 38
46 37
47 37
48 37
48 36
48 37
48 38
48 37
48 38
47 38
47 39
48 39
48 40
48 41
49 41
48 41
48 42
47 42
47 41
47 40
48 40
48 39
47 39
47 40
48 40
48 41
48 42
48 41
48 40
49 40
50 40
51 40
51 41
50 41
51 41
50 41
50 40
49 40
48 40
48 41
48 42
49 42
49 41
49 40
49 41
48 41
48 40
49 40
50 40
50 39
49 39
50 39
49 39
48 39
48 40
49 40
50 40
50 39
49 39
50 39
50 38
50 39
50 40
51 40
50 40
49 40
49 41
50 41
50 40
49 40
49 39
48 39
48 38
48 37
48 38
47 38
47 39
46 39
45 39
45 40
46 40
46 41
46 42
47 42
47 41
46 41
46 42
46 43
47 43
47 44
48 44
47 44
47 43
47 42
47 41
47 40
46 40
45 40
46 40
46 41
45 41
44 41
45 41
45 40
44 40
44 41
45 41
44 41
45 41
45 40
46 40
46 39
46 40
45 40
44 40
44 41
44 42
44 43
44 44
45 44
45 45
44 45
45 45
45 46
45 45
46 45
46 44
46 45
46 46
47 46
46 46
46 45
46 46
47 46
47 47
46 47
45 47
44 47
43 47
44 47
44 46
43 46
44 46
43 46
43 45
44 45
45 45
45 44
45 43
44 43
44 42
43 42
42 42
42 43
41 43
41 44
41 43
40 43
40 44
40 45
39 45
39 44
40 44
39 44
40 44
40 45
39 45
39 44
39 45
40 45
40 44
41 44
42 44
41 44
41 45
42 45
42 46
41 46
41 47
41 48
42 48
41 48
41 47
40 47
41 47
41 48
42 48
42 47
41 47
41 48
