0 0
1 0
0 0
1 0
2 0
3 0
2 0
2 1
3 1
2 1
1 1
1 2
1 1
1 2
2 2
3 2
3 1
3 2
3 3
4 3
4 4
4 5
4 6
4 7
4 6
4 7
3 7
4 7
5 7
4 7
4 8
4 9
3 9
4 9
4 10
5 10
4 10
3 10
2 10
2 11
3 11
4 11
3 11
3 12
4 12
4 11
3 11
3 10
3 9
2 9
1 9
1 10
0 10
0 9
0 10
1 10
0 10
0 11
0 12
1 12
1 13
1 14
2 14
2 15
2 16
3 16
4 16
3 16
3 17
3 16
2 16
2 15
1 15
2 15
1 15
1 14
2 14
3 14
3 13
4 13
5 13
4 13
4 14
3 14
3 13
3 14
4 14
3 14
4 14
3 14
4 14
4 13
5 13
6 13
6 14
5 14
4 14
5 14
6 14
6 13
6 14
6 13
7 13
7 12
6 12
5 12
5 13
5 14
4 14
4 15
5 15
6 15
6 16
6 17
7 17
7 16
7 17
7 18
8 18
8 17
8 16
7 16
7 17
7 18
6 18
6 19
7 19
7 20
7 21
7 20
7 19
8 19
7 19
7 18
7 17
6 17
6 18
7 18
7 17
8 17
9 17
9 16
9 15
10 15
9 15
9 16
8 16
9 16
9 15
9 14
9 15
8 15
7 15
7 16
7 17
7 18
6 18
6 19
7 19
7 20
6 20
7 20
7 19
6 19
7 19
7 20
7 21
7 20
7 21
6 21
6 20
7 20
7 19
6 19
7 19
7 20
7 19
7 20
8 20
8 19
9 19
9 20
8 20
8 19
8 18
8 19
7 19
8 19
9 19
8 19
8 18
8 19
8 20
8 19
8 20
8 21
7 21
8 21
8 20
9 20
9 19
9 18
8 18
8 17
8 18
8 19
7 19
7 18
6 18
7 18
7 17
7 16
7 17
7 16
6 16
5 16
6 16
6 17
6 18
7 18
7 19
7 20
6 20
5 20
5 19
5 20
4 20
4 21
4 20
4 19
4 18
4 17
4 16
5 16
5 17
5 16
4 16
3 16
3 15
4 15
5 15
5 14
4 14
5 14
6 14
6 13
7 13
8 13
8 12
9 12
10 12
9 12
10 12
11 12
11 13
10 13
9 13
9 14
9 13
8 13
8 12
7 12
7 13
8 13
7 13
7 14
8 14
9 14
9 15
10 15
10 16
11 16
11 15
11 16
12 16
13 16
14 16
14 15
14 14
15 14
15 13
15 14
15 13
14 13
14 14
14 13
14 14
14 13
14 14
14 15
14 14
15 14
15 13
14 13
15 13
15 12
15 11
15 12
15 11
14 11
14 12
13 12
13 11
14 11
14 12
15 12
15 11
15 10
14 10
14 9
14 8
13 8
13 9
14 9
13 9
12 9
11 9
10 9
10 8
11 8
11 9
11 10
11 11
11 10
11 11
11 10
11 9
11 10
11 11
12 11
12 12
13 12
13 11
14 11
14 12
13 12
12 12
11 12
12 12
11 12
11 13
11 12
11 11
11 10
10 10
11 10
10 10
9 10
9 11
9 10
8 10
7 10
7 11
7 10
8 10
8 9
9 9
10 9
10 8
10 9
11 9
12 9
11 9
10 9
10 10
10 9
10 8
9 8
9 9
10 9
9 9
9 10
8 10
7 10
7 11
8 11
7 11
7 10
8 10
8 11
7 11
6 11
7 11
8 11
7 11
8 11
9 11
10 11
11 11
11 10
12 10
12 11
12 12
11 12
11 11
11 12
10 12
11 12
12 12
11 12
12 12
11 12
12 12
12 13
12 14
12 13
12 12
12 13
11 13
11 14
10 14
10 13
10 12
10 11
11 11
12 11
12 12
12 13
12 14
12 15
11 15
12 15
13 15
13 14
12 14
11 14
11 13
12 13
12 12
13 12
13 13
13 14
13 15
12 15
12 16
12 15
12 14
12 13
13 13
12 13
13 13
13 14
12 14
12 15
12 16
12 15
13 15
13 16
14 16
14 17
14 16
14 15
15 15
14 15
14 16
14 17
13 17
14 17
14 16
14 15
13 15
12 15
13 15
13 14
12 14
11 14
10 14
10 15
10 16
11 16
10 16
10 17
9 17
8 17
9 17
9 18
9 19
10 19
11 19
11 20
12 20
12 21
13 21
12 21
11 21
12 21
11 21
11 22
10 22
10 21
11 21
11 22
11 21
12 21
12 22
13 22
14 22
13 22
13 23
14 23
15 23
16 23
15 23
14 23
14 22
15 22
15 21
16 21
15 21
14 21
14 20
13 20
12 20
11 20
12 20
12 21
12 20
11 20
11 21
11 20
11 21
12 21
12 20
13 20
13 21
12 21
11 21
11 20
11 19
10 19
10 20
10 19
9 19
8 19
7 19
7 18
7 19
7 18
6 18
6 19
6 20
6 19
7 19
7 18
7 19
7 20
6 20
6 21
5 21
5 20
6 20
7 20
8 20
8 21
9 21
9 22
9 23
9 22
8 22
9 22
10 22
9 22
9 21
9 20
10 20
10 21
10 20
10 19
10 18
10 17
11 17
10 17
9 17
10 17
10 18
10 17
11 17
11 16
12 16
11 16
11 17
12 17
13 17
13 18
12 18
12 19
11 19
11 18
11 19
11 20
12 20
12 21
13 21
12 21
12 20
12 19
12 18
12 19
11 19
10 19
9 19
8 19
7 19
7 20
7 21
6 21
7 21
7 20
6 20
5 20
5 19
4 19
5 19
4 19
4 20
3 20
4 20
5 20
5 21
5 20
4 20
3 20
3 21
3 20
2 20
3 20
2 20
3 20
2 20
3 20
4 20
5 20
5 21
4 21
4 20
4 19
5 19
5 18
5 17
6 17
5 17
4 17
3 17
3 16
2 16
3 16
3 15
4 15
3 15
2 15
2 16
3 16
4 16
5 16
5 17
5 18
6 18
6 19
6 18
5 18
5 17
5 16
5 17
4 17
4 16
3 16
3 17
4 17
4 16
4 15
5 15
6 15
6 16
7 16
6 16
7 16
7 17
8 17
8 18
8 19
8 20
8 19
8 20
9 20
9 19
10 19
10 18
11 18
11 19
12 19
12 18
11 18
11 17
11 18
11 19
11 20
11 21
11 20
11 19
11 18
11 17
12 17
12 18
12 19
11 19
12 19
13 19
13 18
12 18
12 17
12 16
12 15
13 15
13 14
13 15
13 16
13 17
14 17
15 17
15 18
16 18
17 18
16 18
15 18
16 18
16 19
15 19
15 18
14 18
14 17
14 16
14 17
14 18
13 18
13 17
13 18
13 19
13 18
12 18
12 17
12 18
12 19
13 19
13 20
12 20
13 20
14 20
14 21
13 21
13 22
14 22
15 22
16 22
15 22
15 23
16 23
15 23
15 22
15 21
16 21
16 20
15 20
15 19
15 18
15 19
15 18
14 18
14 19
15 19
16 19
16 18
16 19
15 19
15 18
15 17
14 17
13 17
14 17
15 17
15 16
16 16
15 16
14 16
13 16
14 16
14 17
14 18
14 17
15 17
14 17
14 18
13 18
13 17
14 17
13 17
13 18
13 19
14 19
14 20
14 21
14 20
13 20
13 19
14 19
14 20
13 20
13 21
13 20
14 20
13 20
14 20
13 20
13 19
13 20
13 21
14 21
14 22
15 22
16 22
17 22
18 22
19 22
20 22
21 22
22 22
23 22
24 22
25 22
26 22
26 21
26 22
26 21
26 22
27 22
26 22
26 23
27 23
28 23
29 23
30 23
30 24
30 25
29 25
29 26
29 25
29 26
29 25
29 26
28 26
27 26
27 25
27 26
27 25
27 24
28 24
27 24
27 23
28 23
28 22
28 21
28 22
28 21
29 21
29 20
29 21
29 22
30 22
30 21
30 20
29 20
30 20
31 20
31 21
31 22
32 22
33 22
32 22
31 22
32 22
32 21
33 21
33 20
34 20
33 20
32 20
33 20
33 19
32 19
31 19
31 20
31 21
30 21
30 20
30 19
30 20
30 19
31 19
32 19
33 19
33 20
33 19
34 19
34 20
34 19
33 19
34 19
35 19
36 19
37 19
37 18
38 18
39 18
39 17
39 18
39 17
39 16
39 17
39 18
39 17
39 16
39 17
39 16
39 17
39 18
40 18
41 18
42 18
42 19
42 18
42 17
42 18
42 17
42 18
43 18
43 19
42 19
41 19
41 18
41 19
41 18
41 17
42 17
41 17
41 16
41 15
42 15
42 14
41 14
40 14
40 13
41 13
41 14
41 15
40 15
39 15
40 15
40 14
41 14
41 13
40 13
39 13
40 13
41 13
42 13
42 14
42 15
43 15
43 14
43 15
44 15
44 16
43 16
42 16
42 17
42 18
43 18
43 19
43 18
43 19
42 19
41 19
41 20
41 21
40 21
40 22
41 22
42 22
41 22
41 23
41 24
41 25
41 24
41 25
41 26
40 26
40 25
39 25
38 25
39 25
39 24
