0 0
0 1
1 1
0 1
1 1
1 2
2 2
2 1
2 0
1 0
2 0
3 0
3 1
2 1
1 1
2 1
2 0
2 1
2 2
3 2
3 1
3 2
4 2
3 2
4 2
4 1
4 2
4 3
4 4
4 3
5 3
5 2
5 1
6 1
5 1
6 1
6 0
6 1
6 2
5 2
5 1
5 0
5 1
6 1
6 0
6 1
6 0
7 0
7 1
7 2
7 1
7 2
8 2
8 1
9 1
9 2
10 2
10 3
11 3
11 2
11 3
12 3
12 4
12 3
12 2
12 1
13 1
13 0
12 0
12 1
13 1
13 2
13 3
14 3
15 3
16 3
16 2
15 2
16 2
15 2
15 3
14 3
15 3
16 3
16 2
17 2
17 3
16 3
16 2
17 2
16 2
16 1
17 1
18 1
19 1
19 2
19 1
20 1
21 1
22 1
23 1
23 2
24 2
24 3
25 3
25 4
25 3
24 3
25 3
25 2
25 3
24 3
24 2
24 1
24 0
23 0
22 0
22 1
21 1
21 2
21 3
20 3
19 3
20 3
20 4
21 4
21 5
21 4
22 4
22 5
23 5
22 5
21 5
21 6
21 7
22 7
22 8
22 7
23 7
23 8
23 9
23 10
23 11
23 10
22 10
23 10
22 10
23 10
24 10
24 9
24 10
25 10
24 10
24 9
23 9
22 9
22 8
21 8
21 9
21 8
20 8
20 7
19 7
19 8
18 8
18 7
17 7
17 8
17 7
18 7
18 6
17 6
18 6
19 6
18 6
17 6
18 6
19 6
20 6
19 6
20 6
19 6
18 6
18 7
17 7
17 8
18 8
18 7
18 6
18 5
17 5
17 6
17 5
18 5
17 5
16 5
15 5
15 6
16 6
17 6
17 7
17 6
16 6
16 7
16 8
16 9
16 8
15 8
15 7
15 6
14 6
15 6
16 6
15 6
14 6
14 7
13 7
14 7
15 7
14 7
13 7
13 8
13 7
12 7
12 8
12 7
12 8
11 8
12 8
13 8
12 8
13 8
14 8
14 9
14 10
14 11
15 11
16 11
17 11
17 12
18 12
19 12
19 13
19 12
20 12
21 12
21 13
21 12
21 13
20 13
19 13
18 13
17 13
17 12
17 11
17 10
17 11
16 11
17 11
16 11
17 11
17 12
18 12
19 12
20 12
21 12
21 11
21 12
22 12
22 13
22 14
22 15
22 14
23 14
24 14
25 14
25 15
25 16
26 16
26 17
25 17
25 16
26 16
25 16
26 16
25 16
25 17
26 17
26 16
27 16
28 16
28 15
29 15
29 14
28 14
28 15
29 15
28 15
28 14
27 14
26 14
27 14
27 13
26 13
27 13
27 12
28 12
28 11
29 11
28 11
29 11
29 10
28 10
27 10
28 10
28 9
27 9
28 9
29 9
30 9
29 9
29 8
29 7
29 6
29 5
29 4
30 4
30 3
30 2
31 2
31 1
31 0
30 0
31 0
32 0
33 0
33 1
32 1
33 1
34 1
34 0
34 1
34 0
34 1
34 0
33 0
32 0
32 1
32 2
32 3
33 3
33 4
32 4
32 3
31 3
31 2
32 2
32 1
32 2
33 2
32 2
31 2
32 2
33 2
34 2
34 1
33 1
34 1
34 2
33 2
34 2
34 3
34 2
33 2
34 2
34 1
34 2
33 2
34 2
33 2
34 2
34 1
33 1
33 0
34 0
35 0
35 1
35 0
36 0
36 1
37 1
37 0
38 0
38 1
38 2
38 3
38 2
37 2
37 3
37 2
38 2
39 2
40 2
40 1
41 1
41 0
41 1
41 0
42 0
41 0
41 1
42 1
43 1
44 1
44 0
44 1
44 0
44 1
44 2
44 1
43 1
42 1
42 0
43 0
43 1
43 2
44 2
44 1
43 1
43 0
43 1
43 0
43 1
44 1
45 1
46 1
46 2
46 1
46 0
45 0
45 1
44 1
44 2
43 2
42 2
41 2
42 2
42 1
42 2
41 2
41 1
42 1
42 0
43 0
42 0
43 0
43 1
44 1
45 1
46 1
46 2
47 2
47 1
47 2
47 1
48 1
48 0
47 0
47 1
46 1
47 1
47 0
47 1
46 1
45 1
45 2
46 2
46 1
46 2
47 2
47 3
46 3
47 3
48 3
48 2
48 3
49 3
49 4
48 4
47 4
47 3
47 2
48 2
49 2
49 1
49 0
48 0
48 1
48 2
47 2
47 3
46 3
47 3
47 4
46 4
47 4
46 4
45 4
44 4
44 3
44 2
44 1
45 1
44 1
44 0
44 1
44 2
45 2
44 2
44 3
45 3
46 3
46 4
46 5
46 4
46 5
45 5
45 6
45 7
44 7
43 7
42 7
42 8
42 7
41 7
42 7
41 7
41 8
41 7
41 6
41 7
41 6
42 6
41 6
41 7
42 7
42 8
42 9
43 9
44 9
44 8
44 9
44 8
44 7
43 7
43 8
43 9
43 8
42 8
42 9
43 9
42 9
43 9
44 9
44 8
44 9
45 9
46 9
45 9
44 9
45 9
46 9
47 9
46 9
46 8
45 8
46 8
45 8
44 8
44 9
45 9
44 9
44 8
44 9
45 9
44 9
44 10
43 10
43 11
43 10
44 10
45 10
45 9
44 9
43 9
42 9
43 9
43 8
42 8
42 9
43 9
44 9
45 9
45 10
45 9
44 9
45 9
45 8
45 9
44 9
43 9
44 9
44 10
45 10
45 11
45 12
46 12
46 13
45 13
45 12
46 12
45 12
45 11
46 11
45 11
46 11
45 11
45 12
46 12
47 12
47 11
48 11
48 10
47 10
48 10
47 10
47 9
46 9
45 9
45 10
44 10
43 10
44 10
43 10
43 11
43 12
43 13
44 13
44 14
43 14
42 14
42 13
42 14
43 14
44 14
44 13
45 13
45 14
45 15
45 16
45 15
44 15
44 16
44 15
44 14
45 14
44 14
45 14
44 14
43 14
42 14
42 15
41 15
41 14
40 14
39 14
39 13
39 12
38 12
38 11
37 11
36 11
36 10
35 10
35 11
36 11
35 11
35 10
35 11
36 11
36 12
35 12
36 12
37 12
37 11
37 12
36 12
36 11
37 11
36 11
35 11
36 11
36 10
36 11
35 11
34 11
34 12
33 12
34 12
35 12
35 13
34 13
34 14
34 15
33 15
33 14
33 13
34 13
34 14
34 15
35 15
34 15
33 15
33 16
34 16
34 15
34 14
34 13
34 14
33 14
33 13
33 12
33 13
32 13
32 14
31 14
31 13
30 13
30 14
30 15
30 14
30 15
31 15
32 15
33 15
33 16
33 15
32 15
33 15
33 16
33 17
34 17
35 17
35 16
36 16
35 16
34 16
35 16
35 17
35 16
36 16
35 16
35 17
34 17
35 17
35 18
35 17
36 17
37 17
36 17
35 17
35 18
36 18
37 18
37 19
37 18
38 18
39 18
40 18
39 18
40 18
41 18
41 19
41 20
41 21
41 22
42 22
42 23
41 23
41 22
42 22
41 22
41 23
42 23
42 22
42 21
41 21
40 21
39 21
38 21
39 21
39 22
40 22
40 21
40 22
40 23
40 22
40 21
41 21
40 21
40 20
40 19
39 19
40 19
39 19
40 19
41 19
40 19
40 18
41 18
40 18
41 18
42 18
42 19
42 18
43 18
42 18
42 17
42 18
41 18
41 19
41 18
42 18
42 19
43 19
42 19
41 19
40 19
41 19
40 19
41 19
41 20
40 20
41 20
42 20
41 20
41 19
42 19
42 18
41 18
40 18
39 18
40 18
39 18
39 19
39 18
39 19
39 18
39 17
40 17
41 17
41 18
42 18
42 19
42 18
42 17
42 18
42 17
41 17
40 17
41 17
41 18
41 17
40 17
40 18
41 18
41 17
40 17
40 16
40 17
39 17
39 16
40 16
40 15
41 15
41 14
41 13
41 12
40 12
39 12
38 12
39 12
39 11
39 10
38 10
37 10
36 10
37 10
37 11
37 12
37 11
37 12
38 12
39 12
38 12
37 12
37 11
37 10
37 9
38 9
38 8
39 8
38 8
37 8
37 9
38 9
39 9
38 9
38 10
38 11
39 11
39 12
38 12
38 11
37 11
37 12
38 12
37 12
38 12
37 12
36 12
36 13
37 13
36 13
35 13
34 13
35 13
35 12
34 12
34 11
35 11
35 10
35 11
35 12
35 11
36 11
35 11
36 11
37 11
37 10
37 11
37 10
36 10
36 9
35 9
35 8
35 9
34 9
34 10
33 10
33 9
33 10
33 11
33 12
33 13
34 13
34 14
34 13
35 13
36 13
36 12
36 13
37 13
36 13
37 13
37 12
36 12
36 11
37 11
38 11
37 11
37 12
37 13
37 12
37 11
37 12
38 12
37 12
37 13
37 12
37 13
37 12
36 12
36 11
36 12
36 11
37 11
38 11
38 10
38 9
