0 0
1 0
0 0
0 1
0 0
0 1
1 1
1 0
1 1
2 1
2 2
2 1
2 0
2 1
3 1
4 1
4 0
4 1
4 0
4 1
4 2
5 2
5 3
6 3
6 2
6 3
6 4
7 4
8 4
9 4
9 5
8 5
8 6
8 7
8 6
9 6
9 5
9 4
9 5
9 4
8 4
8 3
8 2
9 2
8 2
8 3
9 3
9 4
10 4
10 5
9 5
9 6
10 6
10 5
9 5
9 4
8 4
7 4
8 4
7 4
8 4
9 4
10 4
9 4
9 5
8 5
7 5
6 5
7 5
6 5
6 4
6 5
7 5
7 6
7 5
6 5
7 5
6 5
6 4
7 4
7 3
7 2
6 2
6 3
6 4
5 4
4 4
5 4
6 4
7 4
8 4
9 4
10 4
9 4
8 4
7 4
7 3
8 3
9 3
10 3
10 2
9 2
8 2
8 3
7 3
6 3
6 2
6 3
7 3
7 4
7 5
7 6
7 7
6 7
5 7
6 7
6 6
6 5
6 6
7 6
7 5
8 5
9 5
9 4
8 4
8 5
8 4
8 3
9 3
10 3
9 3
9 2
9 1
10 1
10 0
9 0
9 1
9 0
8 0
7 0
7 1
7 2
7 1
7 0
8 0
7 0
6 0
7 0
6 0
7 0
6 0
5 0
4 0
5 0
5 1
5 2
5 1
4 1
3 1
3 0
4 0
4 1
5 1
5 0
4 0
4 1
5 1
5 2
5 1
5 0
6 0
6 1
6 0
6 1
5 1
4 1
3 1
4 1
4 2
4 3
4 4
4 5
4 6
5 6
5 7
5 6
4 6
4 5
3 5
4 5
4 6
4 5
3 5
2 5
1 5
1 4
2 4
3 4
4 4
5 4
5 3
5 2
4 2
4 1
4 0
4 1
3 1
2 1
2 0
2 1
2 2
3 2
3 3
3 2
3 3
2 3
3 3
3 2
3 1
3 0
4 0
4 1
5 1
4 1
4 2
4 3
3 3
2 3
2 2
2 1
3 1
3 2
3 3
3 4
4 4
3 4
3 5
3 4
3 5
3 4
3 5
3 6
3 7
2 7
2 6
2 7
2 8
2 9
2 8
2 7
2 8
3 8
3 9
4 9
5 9
5 8
5 9
5 10
5 11
6 11
5 11
6 11
6 12
6 11
6 12
6 13
6 14
7 14
7 15
7 14
7 15
7 14
7 13
6 13
6 14
5 14
5 13
4 13
4 14
3 14
4 14
4 15
3 15
3 16
4 16
3 16
3 15
3 14
3 13
3 14
4 14
4 13
4 12
5 12
5 13
4 13
4 14
4 13
5 13
4 13
4 12
5 12
6 12
7 12
7 13
7 14
7 13
7 14
7 13
8 13
9 13
9 14
9 15
9 16
10 16
11 16
10 16
11 16
11 17
11 18
11 17
10 17
10 18
9 18
9 19
9 20
9 19
9 18
8 18
9 18
8 18
8 19
8 18
9 18
10 18
10 17
10 18
9 18
10 18
11 18
12 18
12 17
11 17
11 18
12 18
11 18
10 18
10 17
10 16
10 15
9 15
8 15
8 14
9 14
9 13
10 13
11 13
10 13
10 12
11 12
10 12
11 12
11 11
10 11
11 11
12 11
13 11
12 11
13 11
13 10
13 9
14 9
13 9
12 9
12 8
13 8
12 8
12 7
12 8
12 9
13 9
13 10
13 11
14 11
14 12
14 13
15 13
15 12
15 13
15 12
15 11
15 12
14 12
14 13
14 12
15 12
15 11
16 11
16 12
17 12
16 12
16 13
15 13
15 14
14 14
13 14
13 15
12 15
12 14
12 13
13 13
13 14
12 14
11 14
12 14
11 14
11 15
10 15
10 14
10 13
9 13
9 14
8 14
8 13
8 12
8 11
9 11
9 10
9 9
8 9
8 8
8 7
8 6
9 6
8 6
9 6
10 6
11 6
11 5
11 6
10 6
9 6
9 5
9 4
9 5
10 5
9 5
9 6
9 5
9 4
9 3
9 4
8 4
9 4
9 3
8 3
9 3
9 2
9 1
9 2
9 3
10 3
11 3
11 2
12 2
11 2
10 2
11 2
10 2
11 2
11 3
11 4
10 4
11 4
11 5
10 5
10 6
11 6
11 5
11 6
10 6
10 5
9 5
9 6
9 5
10 5
11 5
12 5
12 6
12 7
13 7
13 6
13 7
13 8
14 8
15 8
15 9
16 9
16 8
17 8
18 8
18 7
19 7
20 7
20 8
21 8
21 9
21 10
22 10
22 11
23 11
23 10
23 11
23 10
23 11
22 11
22 10
21 10
22 10
22 9
21 9
22 9
22 8
22 9
23 9
24 9
24 10
23 10
22 10
22 9
22 8
23 8
23 9
23 8
22 8
22 7
22 6
22 7
23 7
23 6
23 5
23 6
23 7
23 8
24 8
24 7
24 8
23 8
23 7
24 7
25 7
25 8
25 9
24 9
25 9
25 8
25 7
26 7
26 6
25 6
26 6
27 6
28 6
28 7
28 6
29 6
29 7
29 6
29 5
30 5
31 5
31 6
30 6
30 5
30 6
31 6
31 7
31 8
31 7
31 8
32 8
31 8
31 9
31 10
32 10
33 10
33 11
33 10
32 10
32 11
33 11
33 12
34 12
34 11
34 12
35 12
34 12
34 13
34 12
33 12
33 13
34 13
34 12
34 11
34 12
34 13
34 12
34 13
34 14
34 15
34 16
33 16
33 15
33 14
34 14
35 14
35 13
34 13
35 13
34 13
35 13
34 13
33 13
34 13
34 14
34 13
34 14
33 14
33 13
33 12
33 13
34 13
34 12
35 12
36 12
36 13
37 13
37 14
37 13
37 12
36 12
35 12
35 13
36 13
36 12
37 12
37 13
38 13
38 14
38 15
39 15
40 15
41 15
41 14
41 13
40 13
40 14
39 14
39 15
39 14
38 14
37 14
38 14
38 13
38 12
39 12
39 13
38 13
37 13
38 13
37 13
36 13
37 13
37 14
37 15
37 14
37 15
37 16
38 16
37 16
36 16
37 16
37 15
37 16
37 15
36 15
36 16
35 16
35 17
36 17
37 17
36 17
35 17
34 17
35 17
36 17
37 17
38 17
38 16
38 17
37 17
38 17
39 17
39 18
39 17
38 17
38 16
39 16
39 17
38 17
37 17
37 16
36 16
36 15
36 14
37 14
36 14
37 14
37 13
37 14
38 14
39 14
39 13
39 12
38 12
39 12
39 13
40 13
39 13
40 13
41 13
41 12
42 12
42 11
42 10
43 10
43 9
43 8
42 8
42 9
42 8
42 7
41 7
41 8
41 7
40 7
40 8
41 8
40 8
40 9
41 9
41 10
41 9
42 9
42 10
41 10
42 10
42 9
41 9
42 9
43 9
44 9
43 9
44 9
44 10
45 10
45 11
44 11
44 12
45 12
45 11
44 11
44 10
44 9
44 10
44 9
45 9
46 9
46 10
46 11
46 10
46 9
47 9
47 8
48 8
48 9
48 8
49 8
48 8
49 8
50 8
51 8
52 8
52 9
51 9
52 9
52 10
52 11
53 11
52 11
52 10
52 9
52 8
52 9
52 10
53 10
53 9
53 10
52 10
52 11
52 10
52 9
51 9
52 9
52 8
51 8
51 7
51 6
51 5
51 4
51 5
51 4
50 4
49 4
48 4
49 4
49 5
50 5
50 6
50 5
49 5
49 4
49 5
49 6
48 6
48 7
47 7
47 8
48 8
48 7
48 6
49 6
49 7
50 7
49 7
49 8
49 7
50 7
50 8
50 7
50 6
51 6
51 7
50 7
51 7
51 8
52 8
52 9
51 9
50 9
51 9
50 9
50 8
50 9
50 8
50 7
50 6
50 7
50 8
50 9
49 9
49 8
50 8
49 8
48 8
49 8
50 8
49 8
48 8
48 7
48 6
48 5
49 5
48 5
48 4
47 4
48 4
49 4
49 3
48 3
48 4
48 5
48 6
48 5
47 5
48 5
48 6
48 5
48 4
48 5
49 5
50 5
49 5
50 5
49 5
49 4
48 4
48 5
49 5
48 5
47 5
47 4
46 4
47 4
48 4
48 5
48 6
47 6
47 5
46 5
45 5
45 6
45 7
46 7
46 8
47 8
47 7
47 6
47 7
47 8
47 7
47 8
47 7
48 7
49 7
49 8
49 7
49 6
50 6
50 7
49 7
49 6
49 5
50 5
51 5
50 5
51 5
51 4
52 4
53 4
54 4
55 4
54 4
53 4
53 5
52 5
52 6
52 7
52 8
52 9
51 9
51 10
52 10
51 10
50 10
50 9
51 9
51 8
50 8
51 8
52 8
53 8
53 7
52 7
52 8
53 8
52 8
53 8
53 7
54 7
54 6
54 7
54 8
54 7
53 7
52 7
51 7
51 8
51 7
51 8
50 8
50 7
51 7
51 8
51 7
51 6
52 6
52 7
53 7
53 8
