0 0
1 0
0 0
0 1
1 1
1 2
0 2
0 1
1 1
2 1
2 0
2 1
2 0
2 1
2 2
2 3
2 2
3 2
2 2
2 3
1 3
1 4
1 3
1 2
2 2
2 1
1 1
0 1
0 0
1 0
0 0
0 1
0 0
1 0
1 1
0 1
0 2
1 2
1 3
0 3
1 3
2 3
2 4
1 4
0 4
0 5
1 5
1 4
0 4
0 5
1 5
1 4
2 4
1 4
2 4
2 3
2 2
2 3
3 3
4 3
4 4
5 4
4 4
4 3
4 4
4 5
3 5
3 4
3 3
4 3
5 3
6 3
7 3
7 2
8 2
8 1
8 0
8 1
8 2
8 3
8 4
8 3
9 3
9 4
9 5
9 6
8 6
9 6
8 6
9 6
9 5
8 5
8 6
8 5
9 5
9 4
9 3
8 3
8 2
8 3
9 3
9 2
9 1
9 2
9 3
9 4
8 4
8 3
9 3
10 3
10 4
11 4
12 4
11 4
10 4
10 5
10 4
11 4
11 5
10 5
10 4
11 4
11 3
11 4
12 4
13 4
13 3
13 2
13 3
13 2
13 1
13 2
14 2
13 2
13 1
12 1
12 0
12 1
11 1
12 1
12 0
12 1
13 1
13 0
13 1
14 1
15 1
15 2
15 1
15 2
16 2
16 1
16 2
16 1
15 1
15 0
15 1
14 1
15 1
14 1
14 2
14 1
14 0
14 1
14 0
13 0
14 0
14 1
14 2
14 1
15 1
16 1
16 2
16 3
17 3
17 2
17 1
17 2
17 3
17 4
17 5
18 5
18 4
18 3
17 3
18 3
19 3
19 2
19 3
19 2
19 3
18 3
18 2
17 2
17 1
17 2
18 2
18 3
18 4
19 4
19 5
19 6
20 6
20 5
21 5
21 4
22 4
23 4
23 5
23 6
22 6
21 6
20 6
20 5
20 4
20 3
21 3
20 3
21 3
20 3
20 2
19 2
20 2
19 2
19 3
19 2
19 1
20 1
21 1
21 2
21 3
20 3
21 3
20 3
19 3
19 2
20 2
20 1
20 2
21 2
22 2
23 2
24 2
24 1
24 2
25 2
26 2
27 2
27 3
28 3
28 2
27 2
28 2
27 2
27 1
27 2
28 2
28 1
28 0
28 1
28 2
28 3
28 2
28 3
28 2
27 2
26 2
27 2
26 2
26 3
26 4
27 4
26 4
26 3
27 3
26 3
26 4
27 4
28 4
28 3
28 2
28 3
27 3
26 3
27 3
28 3
28 4
28 5
28 6
29 6
30 6
30 7
30 8
30 7
30 6
29 6
28 6
28 7
29 7
29 8
29 7
30 7
29 7
28 7
28 6
27 6
27 7
26 7
25 7
26 7
26 8
26 9
27 9
26 9
26 10
25 10
26 10
27 10
26 10
26 11
26 12
26 13
27 13
27 14
27 15
27 14
28 14
27 14
28 14
29 14
30 14
30 13
29 13
30 13
30 12
31 12
30 12
31 12
31 11
30 11
31 11
32 11
32 12
31 12
30 12
29 12
30 12
30 11
30 10
30 11
29 11
28 11
28 12
28 13
28 14
28 15
27 15
27 16
27 17
28 17
28 18
28 17
28 16
29 16
29 15
29 14
29 13
29 12
29 13
29 12
29 11
28 11
28 10
28 11
28 10
27 10
28 10
28 9
28 10
29 10
30 10
30 9
31 9
31 10
31 9
31 10
30 10
30 9
30 8
31 8
31 9
31 8
31 7
31 8
32 8
32 7
32 6
33 6
33 7
33 8
34 8
34 7
33 7
34 7
33 7
33 6
32 6
32 5
32 4
31 4
31 3
31 2
31 1
30 1
30 0
30 1
30 0
30 1
30 2
30 3
30 2
29 2
30 2
30 1
29 1
29 0
30 0
30 1
31 1
30 1
29 1
28 1
28 2
29 2
29 1
29 2
30 2
30 1
30 2
29 2
28 2
28 3
29 3
30 3
29 3
29 2
29 1
29 2
29 3
29 2
29 1
28 1
28 2
29 2
28 2
28 1
28 2
29 2
29 1
29 2
29 1
28 1
29 1
29 0
29 1
30 1
30 2
29 2
30 2
30 1
30 0
30 1
30 2
31 2
31 3
31 4
31 5
30 5
31 5
31 4
30 4
30 5
30 4
30 3
30 2
31 2
31 1
31 0
32 0
33 0
34 0
33 0
33 1
32 1
32 2
32 3
32 2
32 3
31 3
30 3
31 3
31 2
31 1
30 1
30 0
29 0
29 1
28 1
29 1
28 1
28 2
28 1
29 1
28 1
28 0
27 0
27 1
27 0
26 0
26 1
26 0
25 0
25 1
25 0
26 0
25 0
25 1
24 1
24 2
23 2
23 3
23 4
22 4
22 5
23 5
23 4
24 4
24 3
23 3
23 2
22 2
23 2
22 2
21 2
20 2
20 3
20 4
19 4
18 4
18 3
18 4
18 3
17 3
17 4
17 5
17 4
18 4
18 3
18 4
18 3
19 3
18 3
17 3
18 3
19 3
19 2
20 2
21 2
20 2
20 3
20 4
20 3
20 4
19 4
20 4
20 3
20 4
19 4
19 3
19 2
18 2
19 2
20 2
21 2
22 2
22 3
22 4
22 3
23 3
22 3
22 4
21 4
21 5
22 5
22 6
21 6
22 6
23 6
23 7
23 8
24 8
24 9
24 10
23 10
22 10
22 11
21 11
21 12
20 12
20 11
21 11
20 11
19 11
19 12
19 11
19 12
19 13
19 12
19 13
19 12
18 12
17 12
17 11
16 11
17 11
17 10
17 9
18 9
18 8
19 8
18 8
17 8
16 8
17 8
18 8
18 7
19 7
19 8
20 8
21 8
21 9
21 8
21 9
20 9
19 9
19 8
20 8
20 9
20 8
20 7
20 8
20 9
21 9
21 10
20 10
20 11
19 11
18 11
18 10
17 10
18 10
18 11
18 10
17 10
17 9
17 8
18 8
18 9
19 9
19 8
19 7
19 8
19 9
18 9
19 9
18 9
18 10
19 10
19 9
18 9
18 10
17 10
17 9
18 9
19 9
19 10
19 11
19 12
18 12
18 11
18 10
18 9
17 9
17 10
17 9
16 9
16 8
17 8
18 8
19 8
20 8
20 7
20 8
21 8
21 9
22 9
22 8
21 8
21 7
21 6
21 5
20 5
20 6
20 7
20 6
21 6
20 6
20 5
19 5
20 5
19 5
18 5
19 5
19 4
20 4
19 4
19 3
18 3
17 3
18 3
18 4
17 4
17 5
18 5
18 6
18 5
18 6
18 5
17 5
17 4
17 5
16 5
16 6
17 6
18 6
18 7
18 8
18 7
17 7
18 7
17 7
17 6
17 7
17 8
16 8
17 8
18 8
18 7
17 7
17 8
17 7
16 7
15 7
15 8
15 7
16 7
17 7
18 7
18 6
17 6
17 7
17 8
17 9
18 9
18 10
17 10
18 10
17 10
17 11
17 12
16 12
15 12
16 12
15 12
15 13
15 14
15 15
16 15
15 15
16 15
16 14
16 13
17 13
17 12
18 12
18 11
18 10
19 10
18 10
18 11
17 11
18 11
17 11
18 11
19 11
19 12
18 12
17 12
18 12
17 12
17 11
17 12
18 12
18 13
19 13
18 13
18 14
18 13
17 13
17 12
17 11
17 10
18 10
19 10
20 10
20 9
19 9
20 9
20 8
19 8
18 8
17 8
18 8
18 7
19 7
19 8
19 7
19 8
19 9
18 9
18 10
17 10
17 9
17 8
16 8
17 8
17 9
18 9
18 10
18 9
18 8
18 9
18 10
18 9
18 10
19 10
20 10
20 11
21 11
21 12
21 11
20 11
20 12
20 13
20 14
21 14
21 13
22 13
21 13
21 14
20 14
20 13
20 14
19 14
19 15
18 15
18 14
18 13
17 13
17 12
17 13
16 13
17 13
18 13
17 13
16 13
16 12
16 13
16 12
17 12
18 12
17 12
17 11
17 10
17 11
16 11
17 11
17 10
18 10
17 10
17 11
17 12
18 12
17 12
18 12
17 12
17 13
17 14
18 14
18 15
17 15
17 16
17 15
18 15
17 15
16 15
17 15
17 16
18 16
18 17
19 17
19 18
18 18
18 17
19 17
18 17
17 17
17 18
17 17
16 17
17 17
16 17
16 16
15 16
15 15
15 16
15 17
16 17
16 18
16 19
17 19
18 19
18 20
17 20
17 21
18 21
18 22
18 21
19 21
20 21
20 22
21 22
21 21
21 22
22 22
22 23
22 24
21 24
22 24
22 25
22 24
22 23
23 23
23 24
23 23
23 24
23 25
23 26
22 26
21 26
21 27
21 26
22 26
22 27
22 28
21 28
21 29
21 28
20 28
21 28
21 27
21 28
20 28
19 28
20 28
19 28
20 28
21 28
21 27
21 28
21 27
20 27
20 28
20 29
20 28
21 28
22 28
22 27
22 26
22 27
