0 0
1 0
2 0
2 1
2 2
2 3
1 3
2 3
3 3
2 3
2 2
2 3
2 4
2 3
3 3
2 3
1 3
2 3
2 2
2 1
2 2
3 2
4 2
3 2
2 2
2 1
3 1
2 1
2 0
1 0
1 1
1 0
1 1
0 1
1 1
1 2
1 1
0 1
1 1
1 0
1 1
2 1
3 1
3 2
2 2
2 3
1 3
1 4
1 3
2 3
2 4
2 5
1 5
1 6
2 6
2 7
3 7
3 6
2 6
2 5
1 5
1 4
0 4
1 4
1 3
2 3
3 3
2 3
2 4
2 3
2 2
2 1
2 2
1 2
0 2
1 2
0 2
1 2
0 2
0 3
1 3
1 2
1 3
2 3
2 4
1 4
1 3
0 3
1 3
0 3
1 3
1 2
1 3
0 3
0 4
1 4
1 3
0 3
0 2
0 1
0 2
0 1
0 2
0 1
0 2
0 3
1 3
2 3
2 2
3 2
2 2
2 3
1 3
0 3
1 3
2 3
2 4
3 4
3 3
3 4
2 4
2 5
2 4
2 5
1 5
0 5
1 5
1 4
1 5
1 4
1 3
2 3
1 3
2 3
1 3
0 3
0 2
1 2
1 1
0 1
1 1
2 1
1 1
0 1
1 1
1 2
1 3
0 3
1 3
1 2
2 2
3 2
4 2
5 2
6 2
5 2
5 3
5 4
6 4
7 4
8 4
7 4
7 5
8 5
9 5
9 6
10 6
11 6
12 6
12 7
12 8
12 9
12 10
12 9
11 9
11 8
11 9
11 10
11 9
11 8
10 8
10 9
11 9
11 8
12 8
12 9
13 9
12 9
11 9
12 9
11 9
12 9
13 9
14 9
13 9
13 8
14 8
13 8
14 8
14 9
15 9
16 9
17 9
16 9
16 10
15 10
14 10
14 9
14 10
15 10
14 10
14 11
15 11
16 11
17 11
18 11
18 10
17 10
18 10
18 9
19 9
18 9
17 9
17 10
17 11
17 12
16 12
15 12
15 13
14 13
15 13
15 14
14 14
15 14
16 14
17 14
18 14
18 15
18 14
18 15
18 14
18 13
19 13
19 14
18 14
18 15
18 16
18 17
19 17
19 18
18 18
18 17
17 17
18 17
17 17
17 18
17 17
18 17
18 16
19 16
20 16
20 15
21 15
22 15
21 15
20 15
20 16
21 16
21 17
20 17
20 16
19 16
19 17
19 16
20 16
21 16
21 17
21 18
21 17
21 18
20 18
19 18
20 18
20 19
20 18
19 18
19 17
19 16
20 16
20 15
20 16
21 16
21 17
22 17
23 17
23 18
23 17
24 17
25 17
25 18
25 19
26 19
25 19
26 19
27 19
28 19
29 19
29 20
30 20
29 20
30 20
30 19
29 19
29 20
29 21
29 20
30 20
29 20
30 20
31 20
30 20
29 20
29 19
30 19
30 20
30 21
30 20
30 19
30 20
30 21
31 21
32 21
32 20
33 20
33 21
33 22
34 22
34 23
35 23
35 24
34 24
35 24
35 25
35 26
34 26
34 27
34 28
33 28
34 28
34 27
34 26
35 26
36 26
37 26
37 27
36 27
37 27
37 26
36 26
36 27
36 26
36 25
35 25
35 26
36 26
36 25
37 25
37 26
38 26
38 25
38 26
38 27
37 27
37 26
38 26
39 26
38 26
38 27
39 27
39 28
39 27
40 27
40 26
41 26
40 26
41 26
41 25
41 24
42 24
42 23
41 23
41 24
41 25
40 25
40 24
39 24
39 25
38 25
39 25
39 24
39 23
39 24
38 24
37 24
38 24
38 25
37 25
36 25
36 26
36 25
36 24
36 23
36 22
35 22
34 22
35 22
34 22
35 22
35 21
35 22
36 22
36 21
35 21
34 21
33 21
33 20
33 19
33 18
33 17
32 17
33 17
33 16
33 15
32 15
32 16
32 15
31 15
31 16
31 17
31 18
31 19
32 19
33 19
32 19
32 20
31 20
32 20
32 21
32 20
32 19
32 18
31 18
31 19
32 19
32 20
32 19
33 19
34 19
33 19
33 20
34 20
33 20
33 19
33 20
33 19
34 19
34 18
34 19
33 19
34 19
34 20
35 20
35 19
35 18
36 18
36 17
35 17
36 17
35 17
36 17
35 17
35 16
35 15
35 16
35 15
35 14
35 15
35 14
35 15
34 15
33 15
32 15
32 14
31 14
31 15
30 15
31 15
31 14
30 14
29 14
28 14
29 14
28 14
28 13
27 13
27 14
27 15
26 15
26 16
25 16
24 16
23 16
23 17
24 17
25 17
25 18
25 17
25 16
25 15
26 15
26 14
26 13
25 13
24 13
23 13
23 14
22 14
21 14
20 14
20 15
20 14
19 14
19 15
20 15
19 15
18 15
19 15
19 14
20 14
21 14
22 14
22 15
22 14
22 15
23 15
22 15
21 15
21 14
21 13
20 13
21 13
22 13
21 13
20 13
21 13
20 13
20 12
21 12
21 11
20 11
19 11
18 11
18 10
17 10
17 11
17 10
16 10
16 11
16 10
17 10
17 9
18 9
18 8
18 9
17 9
16 9
17 9
18 9
19 9
20 9
20 8
20 9
20 10
20 11
19 11
20 11
19 11
18 11
18 10
18 9
17 9
16 9
16 8
15 8
15 9
15 10
15 11
16 11
16 12
16 11
16 10
16 9
16 10
15 10
15 9
15 10
15 9
15 10
15 9
15 8
15 9
15 8
16 8
16 7
17 7
18 7
19 7
19 6
18 6
18 5
18 4
18 5
19 5
19 6
19 5
20 5
21 5
21 4
21 3
22 3
22 2
22 3
22 4
23 4
24 4
23 4
24 4
24 3
23 3
23 2
23 3
23 2
24 2
24 3
25 3
25 4
25 5
25 6
26 6
27 6
26 6
25 6
24 6
24 7
25 7
24 7
25 7
24 7
24 8
24 9
24 10
25 10
26 10
26 9
27 9
27 8
27 9
26 9
26 10
26 11
26 10
25 10
26 10
26 9
26 10
27 10
27 11
27 10
27 11
27 12
28 12
28 11
28 12
27 12
28 12
29 12
30 12
30 11
29 11
29 10
28 10
28 9
27 9
26 9
26 10
26 11
26 12
27 12
28 12
28 13
28 12
28 11
28 10
28 11
29 11
28 11
27 11
27 12
26 12
26 13
26 12
27 12
28 12
28 11
27 11
27 10
26 10
27 10
28 10
28 9
28 8
28 9
27 9
27 10
28 10
29 10
28 10
27 10
26 10
26 9
27 9
28 9
28 10
28 9
29 9
30 9
30 10
29 10
30 10
30 11
30 12
30 11
29 11
28 11
29 11
29 10
29 11
28 11
29 11
28 11
29 11
29 12
29 13
29 12
30 12
31 12
32 12
32 11
32 10
32 11
32 10
31 10
32 10
32 9
32 10
32 9
33 9
33 10
33 9
33 10
34 10
35 10
36 10
36 9
35 9
34 9
33 9
32 9
32 8
33 8
32 8
32 9
32 10
31 10
32 10
31 10
30 10
30 11
30 12
30 11
30 12
30 11
30 10
31 10
31 11
32 11
32 12
31 12
31 13
30 13
29 13
29 14
28 14
29 14
29 13
29 12
29 11
29 12
28 12
28 13
29 13
29 12
29 11
28 11
27 11
27 10
27 11
26 11
27 11
26 11
27 11
26 11
26 10
27 10
26 10
25 10
26 10
25 10
24 10
24 11
25 11
26 11
25 11
25 10
25 9
25 8
25 7
25 8
24 8
25 8
25 9
25 10
24 10
24 11
23 11
24 11
24 10
25 10
24 10
23 10
23 9
23 8
22 8
23 8
23 7
22 7
22 8
22 7
22 8
21 8
21 7
22 7
22 6
22 5
23 5
23 4
24 4
23 4
23 5
22 5
23 5
24 5
23 5
24 5
25 5
25 6
24 6
24 5
24 6
24 5
23 5
24 5
24 6
25 6
26 6
26 7
26 8
26 9
25 9
24 9
24 10
24 11
24 10
23 10
23 9
22 9
23 9
22 9
23 9
23 8
23 9
24 9
24 10
24 9
24 8
23 8
23 7
24 7
24 6
23 6
23 7
22 7
22 6
22 5
22 4
21 4
22 4
22 3
22 4
21 4
21 5
22 5
21 5
20 5
20 4
19 4
20 4
21 4
21 3
20 3
20 4
19 4
20 4
20 3
20 2
19 2
19 1
18 1
18 0
19 0
20 0
20 1
21 1
22 1
23 1
24 1
25 1
26 1
25 1
24 1
24 2
24 3
24 4
24 5
23 5
24 5
25 5
24 5
23 5
23 4
22 4
21 4
22 4
22 3
22 4
22 3
21 3
22 3
23 3
24 3
23 3
22 3
22 4
22 3
22 2
22 1
21 1
22 1
21 1
21 2
21 3
22 3
23 3
22 3
22 4
22 3
22 2
22 3
21 3
22 3
22 4
22 3
22 2
23 2
23 3
22 3
22 4
23 4
23 5
24 5
