0 0
0 1
1 1
1 0
0 0
0 1
1 1
1 0
1 1
1 0
1 1
0 1
1 1
1 0
2 0
2 1
1 1
2 1
2 2
3 2
4 2
4 3
4 4
3 4
2 4
1 4
2 4
2 3
2 2
3 2
4 2
4 3
5 3
5 2
6 2
6 1
5 1
6 1
6 0
7 0
7 1
7 2
6 2
7 2
8 2
8 3
9 3
9 4
9 5
8 5
8 6
9 6
10 6
11 6
10 6
10 5
11 5
10 5
10 4
10 5
9 5
9 4
10 4
10 5
10 6
11 6
12 6
11 6
11 5
12 5
11 5
10 5
11 5
11 4
11 3
10 3
10 2
10 1
9 1
10 1
10 0
9 0
9 1
9 0
10 0
10 1
11 1
11 2
11 3
11 4
12 4
12 3
12 4
11 4
11 5
12 5
13 5
14 5
14 6
13 6
13 7
13 6
13 7
13 8
12 8
11 8
12 8
12 9
13 9
12 9
11 9
11 10
12 10
13 10
13 11
13 10
13 11
12 11
11 11
12 11
12 12
12 13
12 14
13 14
13 15
13 14
14 14
14 15
15 15
15 16
14 16
14 15
13 15
13 16
13 17
12 17
12 16
12 17
13 17
12 17
11 17
10 17
10 16
11 16
10 16
10 17
9 17
9 18
9 19
8 19
8 20
8 19
7 19
7 20
6 20
6 21
6 22
6 23
6 22
6 21
5 21
5 20
5 21
5 20
5 21
4 21
4 22
4 23
5 23
5 24
5 23
5 22
5 21
5 20
4 20
5 20
4 20
5 20
5 19
5 18
5 17
4 17
4 18
3 18
3 19
2 19
2 18
2 19
2 20
1 20
0 20
0 21
1 21
0 21
0 20
1 20
0 20
0 21
1 21
1 20
1 21
1 20
2 20
2 19
2 18
2 17
3 17
3 18
4 18
5 18
4 18
4 17
4 16
3 16
3 17
3 16
3 17
3 18
4 18
4 19
4 20
4 19
4 18
4 17
5 17
5 16
4 16
4 15
4 14
3 14
3 15
2 15
2 16
3 16
3 17
2 17
3 17
2 17
2 18
2 19
2 20
2 19
2 20
2 21
2 22
3 22
3 23
3 24
4 24
4 25
5 25
5 24
6 24
5 24
4 24
4 25
3 25
3 26
4 26
4 27
4 26
4 25
4 24
4 23
4 24
4 25
5 25
5 26
5 25
5 24
4 24
4 25
5 25
5 26
5 27
5 26
5 25
5 24
4 24
4 25
4 26
3 26
2 26
1 26
1 25
1 24
0 24
1 24
0 24
1 24
2 24
3 24
3 23
3 22
4 22
5 22
5 23
6 23
5 23
5 22
4 22
4 23
4 24
4 25
3 25
2 25
2 24
1 24
1 25
0 25
1 25
1 24
2 24
1 24
0 24
0 23
1 23
0 23
1 23
1 24
1 23
0 23
0 22
1 22
1 21
1 22
1 23
1 24
1 23
1 24
2 24
3 24
2 24
2 23
2 22
1 22
1 23
1 22
1 23
2 23
2 22
2 21
2 20
3 20
3 19
3 20
3 21
3 22
2 22
2 21
3 21
3 22
2 22
1 22
2 22
3 22
2 22
2 21
3 21
3 22
3 21
2 21
1 21
1 20
0 20
1 20
1 19
0 19
1 19
2 19
2 20
2 21
2 22
3 22
3 21
3 22
4 22
3 22
2 22
2 21
1 21
1 22
0 22
1 22
1 23
2 23
2 24
2 25
1 25
2 25
1 25
2 25
2 24
2 23
1 23
1 24
0 24
1 24
2 24
3 24
4 24
3 24
2 24
1 24
0 24
0 23
1 23
1 22
0 22
1 22
0 22
0 23
1 23
1 24
1 25
1 24
1 23
1 22
1 21
2 21
1 21
0 21
1 21
1 20
1 21
0 21
1 21
2 21
3 21
3 22
3 21
4 21
4 20
4 21
4 20
4 21
4 20
5 20
5 19
4 19
3 19
4 19
3 19
2 19
2 20
1 20
0 20
0 19
1 19
2 19
3 19
4 19
3 19
2 19
3 19
3 20
3 19
4 19
3 19
3 20
2 20
2 21
2 22
1 22
2 22
2 23
3 23
3 22
2 22
2 23
2 22
3 22
4 22
4 21
5 21
5 22
4 22
4 21
4 20
3 20
3 19
2 19
3 19
3 20
2 20
1 20
1 21
0 21
0 22
1 22
2 22
2 21
2 22
2 21
3 21
3 22
3 23
3 24
2 24
2 25
3 25
3 24
4 24
3 24
2 24
2 25
3 25
3 26
3 27
3 26
3 27
3 26
2 26
1 26
0 26
0 25
0 24
0 25
1 25
0 25
0 26
1 26
1 25
1 24
0 24
0 25
1 25
2 25
3 25
3 26
3 25
2 25
3 25
3 24
4 24
4 23
4 22
4 21
4 22
4 21
3 21
3 22
4 22
4 21
3 21
2 21
2 22
2 23
2 22
2 21
3 21
3 22
4 22
4 23
4 22
4 23
4 24
5 24
4 24
4 25
3 25
4 25
4 26
4 25
5 25
5 24
6 24
6 23
5 23
6 23
5 23
4 23
4 24
5 24
6 24
6 23
7 23
6 23
7 23
8 23
8 22
8 21
9 21
9 22
9 23
10 23
10 24
11 24
12 24
12 25
12 26
12 25
12 24
12 25
13 25
13 24
13 23
13 24
13 23
12 23
12 24
13 24
14 24
13 24
14 24
13 24
13 23
14 23
15 23
15 24
14 24
13 24
12 24
12 25
12 24
12 23
12 22
13 22
13 21
12 21
12 22
12 23
11 23
10 23
10 22
9 22
8 22
9 22
10 22
9 22
8 22
9 22
10 22
10 21
10 22
10 23
9 23
10 23
11 23
12 23
13 23
12 23
12 24
13 24
13 23
13 24
12 24
12 23
12 22
11 22
12 22
12 23
12 24
12 25
11 25
11 24
10 24
10 23
10 22
11 22
11 23
12 23
12 24
13 24
12 24
11 24
11 25
10 25
11 25
11 26
11 25
11 26
11 27
11 28
10 28
9 28
9 27
8 27
7 27
7 26
6 26
5 26
5 27
6 27
5 27
6 27
5 27
5 28
5 29
6 29
6 28
7 28
7 27
6 27
6 28
6 29
7 29
8 29
7 29
7 30
7 31
6 31
7 31
7 32
6 32
6 31
7 31
7 32
8 32
7 32
7 31
7 32
7 33
7 32
7 33
7 34
8 34
8 33
8 32
7 32
7 31
7 30
8 30
8 29
7 29
6 29
6 30
5 30
4 30
3 30
4 30
4 29
5 29
4 29
5 29
4 29
3 29
2 29
2 30
1 30
0 30
0 31
0 30
1 30
0 30
0 31
0 30
1 30
1 31
2 31
2 30
2 31
1 31
1 30
0 30
0 31
0 30
0 31
0 32
1 32
1 31
2 31
2 32
2 31
1 31
2 31
3 31
3 32
3 31
3 30
3 31
2 31
3 31
2 31
2 30
2 31
1 31
1 32
0 32
1 32
1 31
0 31
1 31
1 32
1 31
1 32
1 31
2 31
2 30
2 29
2 30
2 31
3 31
3 32
2 32
2 33
2 32
3 32
3 31
3 32
4 32
4 33
4 34
3 34
2 34
3 34
2 34
1 34
0 34
1 34
1 33
0 33
0 34
1 34
2 34
2 35
1 35
2 35
1 35
1 36
2 36
2 35
2 34
1 34
0 34
1 34
1 33
1 34
1 35
2 35
2 34
1 34
1 35
1 36
1 37
1 36
2 36
2 35
2 34
2 33
2 32
3 32
4 32
3 32
3 31
3 32
2 32
3 32
2 32
1 32
1 31
1 30
2 30
2 31
1 31
2 31
2 30
2 29
1 29
1 30
1 29
0 29
1 29
1 28
2 28
2 29
2 30
2 31
1 31
0 31
1 31
1 32
1 33
1 32
2 32
2 33
2 32
1 32
1 31
1 32
0 32
1 32
1 31
0 31
1 31
1 32
0 32
0 33
1 33
1 34
0 34
1 34
0 34
1 34
0 34
1 34
1 35
2 35
3 35
2 35
1 35
0 35
1 35
1 36
0 36
0 37
1 37
1 38
1 37
1 38
1 37
2 37
2 38
2 37
3 37
4 37
4 38
3 38
2 38
2 37
2 36
1 36
0 36
1 36
1 35
2 35
3 35
2 35
1 35
2 35
2 36
2 37
3 37
2 37
3 37
3 38
3 37
3 36
3 35
2 35
1 35
1 34
1 35
1 34
1 33
1 32
0 32
1 32
0 32
1 32
2 32
2 31
2 32
3 32
3 31
3 30
2 30
2 29
3 29
2 29
1 29
1 30
0 30
1 30
0 30
0 29
1 29
1 28
1 29
1 30
1 31
2 31
3 31
2 31
3 31
3 32
4 32
4 31
4 32
4 33
4 34
3 34
3 33
2 33
3 33
3 34
2 34
1 34
0 34
0 35
0 36
0 37
0 36
0 37
1 37
0 37
0 36
0 35
1 35
0 35
