0 0
0 1
1 1
0 1
1 1
2 1
1 1
1 2
1 3
2 3
2 4
1 4
0 4
0 3
1 3
2 3
1 3
1 4
1 5
1 6
1 7
1 8
1 7
0 7
1 7
0 7
0 8
0 7
1 7
1 6
1 7
2 7
2 6
2 5
3 5
3 6
3 5
4 5
3 5
3 6
2 6
3 6
2 6
1 6
2 6
1 6
0 6
1 6
2 6
2 7
3 7
2 7
2 8
1 8
1 7
0 7
1 7
2 7
1 7
1 6
1 5
1 6
1 5
2 5
2 4
2 3
2 4
2 3
2 2
3 2
3 1
2 1
2 0
3 0
3 1
4 1
4 2
3 2
2 2
3 2
4 2
4 1
4 0
3 0
4 0
4 1
3 1
3 2
4 2
3 2
3 3
4 3
5 3
4 3
3 3
3 4
3 3
3 2
4 2
5 2
5 3
5 4
5 3
6 3
6 2
6 3
6 4
6 5
7 5
6 5
7 5
7 4
7 5
6 5
7 5
7 6
8 6
7 6
7 5
8 5
8 4
8 5
9 5
9 6
9 7
8 7
7 7
6 7
6 6
6 5
7 5
7 6
7 5
7 6
8 6
8 7
9 7
10 7
9 7
9 6
10 6
11 6
10 6
10 5
10 6
9 6
10 6
10 5
11 5
11 4
11 5
11 4
11 5
11 6
11 7
12 7
12 6
13 6
13 5
13 6
12 6
12 5
13 5
13 6
13 7
13 8
12 8
11 8
12 8
12 7
12 8
12 7
13 7
13 8
14 8
14 7
15 7
15 6
14 6
13 6
13 5
13 4
12 4
12 3
12 4
12 3
13 3
13 4
14 4
13 4
13 3
14 3
14 4
13 4
13 5
14 5
14 6
14 5
14 4
15 4
15 5
15 6
15 5
15 6
15 5
15 6
15 7
15 6
16 6
17 6
17 5
17 6
16 6
16 5
17 5
17 4
17 3
18 3
18 4
19 4
20 4
19 4
19 5
19 4
19 3
20 3
21 3
20 3
19 3
19 4
19 3
20 3
20 2
19 2
19 1
20 1
21 1
20 1
20 2
19 2
18 2
18 3
17 3
18 3
19 3
19 2
19 1
18 1
17 1
18 1
18 2
17 2
17 3
18 3
19 3
19 2
18 2
18 3
19 3
19 2
20 2
20 1
19 1
19 2
18 2
17 2
17 1
17 0
17 1
17 0
17 1
17 2
17 3
18 3
17 3
18 3
18 2
18 3
17 3
17 4
16 4
16 3
17 3
16 3
15 3
16 3
16 2
17 2
17 1
16 1
16 0
17 0
18 0
18 1
18 0
19 0
19 1
19 0
19 1
20 1
19 1
19 2
18 2
18 1
17 1
18 1
19 1
20 1
21 1
22 1
21 1
20 1
20 2
21 2
20 2
20 3
19 3
20 3
20 4
21 4
20 4
20 3
20 4
20 5
21 5
20 5
19 5
19 4
19 5
19 4
20 4
21 4
21 3
20 3
19 3
20 3
20 4
19 4
19 3
20 3
20 4
20 3
19 3
20 3
19 3
19 4
19 5
19 4
18 4
18 5
17 5
17 6
17 7
16 7
17 7
16 7
16 6
16 7
15 7
15 8
14 8
14 9
14 10
14 11
15 11
16 11
17 11
16 11
16 12
15 12
14 12
15 12
15 11
15 10
15 9
15 10
15 11
15 10
14 10
13 10
13 11
12 11
12 10
13 10
14 10
15 10
15 9
15 8
16 8
16 9
16 8
16 7
17 7
18 7
18 8
18 7
19 7
18 7
18 6
18 7
17 7
17 6
17 7
17 6
16 6
15 6
16 6
16 5
17 5
16 5
17 5
18 5
18 4
19 4
18 4
18 3
18 4
18 3
17 3
16 3
15 3
16 3
15 3
15 4
15 3
14 3
13 3
14 3
14 4
14 5
14 4
15 4
16 4
17 4
18 4
18 5
17 5
18 5
19 5
18 5
18 4
18 5
17 5
17 4
18 4
19 4
19 5
19 4
18 4
19 4
20 4
20 5
20 4
19 4
19 3
19 2
19 3
19 2
19 3
18 3
18 2
19 2
19 1
19 0
19 1
19 0
19 1
20 1
19 1
20 1
20 0
20 1
21 1
21 0
21 1
21 2
21 3
20 3
19 3
20 3
20 4
20 3
20 2
21 2
22 2
23 2
22 2
23 2
24 2
23 2
23 3
23 2
24 2
24 3
24 4
24 5
23 5
22 5
23 5
23 6
23 7
23 6
22 6
23 6
23 7
23 6
24 6
23 6
23 7
22 7
21 7
21 6
21 7
21 8
21 7
21 6
21 5
22 5
23 5
24 5
24 4
24 3
24 2
24 1
24 0
25 0
25 1
25 0
25 1
26 1
25 1
26 1
25 1
26 1
26 0
27 0
28 0
29 0
28 0
28 1
28 2
29 2
29 3
30 3
30 2
31 2
31 3
30 3
31 3
32 3
32 4
32 5
31 5
32 5
32 4
33 4
33 3
34 3
34 4
34 5
34 6
33 6
33 7
33 6
33 7
34 7
33 7
34 7
34 6
34 7
35 7
36 7
35 7
36 7
36 8
35 8
35 9
34 9
35 9
34 9
34 10
35 10
34 10
35 10
35 9
35 8
35 9
34 9
34 8
35 8
35 9
35 8
34 8
35 8
35 9
35 10
35 9
36 9
35 9
34 9
34 10
33 10
32 10
31 10
32 10
31 10
31 11
31 10
30 10
30 11
30 12
30 11
30 10
30 11
30 12
31 12
31 13
32 13
33 13
32 13
32 14
33 14
33 15
33 14
33 13
34 13
34 14
33 14
32 14
33 14
32 14
31 14
30 14
30 13
31 13
30 13
30 12
30 11
29 11
28 11
28 10
27 10
26 10
27 10
27 9
28 9
28 8
27 8
26 8
25 8
25 7
25 8
24 8
24 7
25 7
25 8
25 7
25 6
25 7
25 8
26 8
26 9
27 9
28 9
27 9
26 9
26 8
27 8
27 7
27 8
28 8
28 7
28 8
29 8
29 7
29 6
30 6
31 6
31 5
32 5
32 4
33 4
34 4
34 3
33 3
34 3
33 3
32 3
33 3
34 3
34 2
33 2
34 2
35 2
35 3
35 2
36 2
36 1
36 2
35 2
35 3
36 3
37 3
36 3
36 4
37 4
38 4
38 3
38 4
39 4
39 3
38 3
38 4
38 3
39 3
39 2
38 2
37 2
37 1
37 2
37 3
36 3
37 3
36 3
36 2
37 2
38 2
38 1
37 1
38 1
38 2
38 1
38 2
39 2
40 2
40 3
41 3
41 2
41 3
41 2
41 1
41 2
41 3
40 3
40 2
40 3
39 3
38 3
37 3
37 2
36 2
36 3
35 3
35 2
36 2
36 3
36 4
36 3
36 4
36 3
35 3
36 3
37 3
37 2
37 1
38 1
39 1
38 1
37 1
38 1
39 1
38 1
38 0
38 1
39 1
38 1
39 1
40 1
40 0
39 0
38 0
38 1
37 1
37 2
38 2
38 3
37 3
37 2
37 3
37 4
38 4
37 4
38 4
38 3
39 3
39 2
39 1
39 0
40 0
41 0
40 0
39 0
39 1
38 1
39 1
40 1
39 1
39 0
39 1
39 2
39 1
40 1
40 2
39 2
39 1
39 2
39 1
39 0
39 1
38 1
37 1
37 0
37 1
38 1
37 1
37 0
37 1
36 1
36 2
37 2
37 3
36 3
36 4
37 4
37 5
38 5
38 6
39 6
40 6
39 6
38 6
38 5
37 5
37 4
37 3
38 3
38 4
38 3
39 3
40 3
40 4
40 3
40 2
41 2
40 2
39 2
39 1
40 1
40 2
40 1
41 1
41 2
41 3
41 2
41 3
41 4
40 4
41 4
41 5
42 5
41 5
40 5
40 4
41 4
41 3
40 3
40 4
39 4
38 4
38 3
38 2
38 3
38 4
38 3
39 3
40 3
40 2
40 3
40 4
40 3
41 3
40 3
40 2
40 1
40 0
40 1
41 1
40 1
40 2
39 2
39 3
39 4
38 4
38 3
39 3
39 4
39 5
39 4
40 4
41 4
41 3
42 3
42 4
42 3
43 3
43 2
42 2
42 3
42 4
42 3
41 3
40 3
41 3
41 4
40 4
41 4
41 3
41 2
41 3
42 3
43 3
43 2
43 3
42 3
42 2
42 1
42 2
41 2
41 3
40 3
40 4
39 4
39 5
39 6
38 6
38 5
37 5
37 4
38 4
38 5
38 4
38 3
39 3
39 2
38 2
39 2
39 3
39 2
39 1
38 1
38 0
38 1
38 2
37 2
37 3
36 3
35 3
36 3
37 3
36 3
36 4
35 4
35 3
35 4
34 4
33 4
34 4
33 4
33 3
32 3
32 2
31 2
30 2
30 1
30 0
29 0
28 0
29 0
29 1
29 0
30 0
30 1
30 0
29 0
28 0
28 1
29 1
29 2
30 2
31 2
