0 0
1 0
1 1
1 2
0 2
0 3
0 2
0 3
0 2
1 2
0 2
1 2
2 2
2 3
1 3
1 4
1 3
1 2
1 3
1 4
2 4
2 3
3 3
3 4
3 5
3 6
3 5
3 4
2 4
2 3
1 3
2 3
3 3
4 3
5 3
4 3
3 3
2 3
2 2
2 1
2 2
2 3
1 3
2 3
1 3
1 4
1 5
0 5
0 6
1 6
1 5
1 6
1 7
2 7
2 6
2 5
3 5
3 4
2 4
2 3
2 4
1 4
2 4
1 4
1 5
0 5
1 5
2 5
1 5
2 5
3 5
2 5
1 5
0 5
0 6
0 5
0 6
0 5
0 4
1 4
2 4
1 4
0 4
1 4
1 3
2 3
1 3
2 3
2 4
2 3
3 3
3 4
2 4
2 3
2 4
3 4
2 4
1 4
2 4
2 3
2 2
2 3
3 3
3 4
2 4
2 5
2 6
1 6
2 6
2 7
2 8
2 7
3 7
2 7
3 7
3 8
3 7
2 7
3 7
4 7
5 7
5 8
5 7
6 7
5 7
4 7
4 6
4 5
3 5
3 6
2 6
1 6
0 6
0 5
1 5
1 6
2 6
2 5
1 5
0 5
0 4
0 5
1 5
1 6
2 6
2 7
1 7
1 6
2 6
3 6
4 6
4 5
5 5
5 4
6 4
6 5
7 5
7 4
7 3
7 2
7 3
7 2
6 2
7 2
7 3
8 3
8 4
7 4
7 3
7 4
7 3
8 3
7 3
7 2
7 1
6 1
5 1
6 1
6 0
6 1
6 2
5 2
6 2
7 2
6 2
7 2
6 2
5 2
5 3
6 3
7 3
7 2
6 2
5 2
5 1
6 1
7 1
6 1
5 1
6 1
6 0
7 0
7 1
6 1
7 1
7 2
7 1
6 1
7 1
8 1
8 0
8 1
8 2
7 2
7 3
8 3
8 2
8 1
9 1
10 1
9 1
9 2
10 2
10 1
11 1
11 2
12 2
13 2
14 2
13 2
13 1
14 1
14 2
13 2
13 3
13 2
12 2
11 2
11 1
12 1
12 0
12 1
12 0
11 0
11 1
11 2
12 2
12 3
12 4
12 5
12 6
11 6
11 5
12 5
12 6
11 6
10 6
9 6
9 5
9 6
10 6
9 6
8 6
9 6
10 6
9 6
9 5
9 6
9 5
9 4
9 3
9 2
9 3
9 4
8 4
9 4
10 4
10 5
9 5
9 4
8 4
9 4
9 5
9 4
9 5
8 5
9 5
9 4
9 3
10 3
10 4
11 4
11 5
10 5
10 6
11 6
12 6
11 6
12 6
11 6
11 5
11 4
11 3
10 3
11 3
12 3
12 2
11 2
11 3
11 4
12 4
11 4
11 3
11 2
11 3
12 3
11 3
11 2
10 2
9 2
10 2
11 2
11 1
11 2
12 2
12 1
11 1
10 1
10 0
10 1
11 1
12 1
11 1
12 1
12 0
11 0
11 1
11 2
11 3
12 3
13 3
13 4
14 4
14 5
15 5
16 5
15 5
14 5
15 5
15 4
15 5
14 5
14 4
14 5
15 5
15 6
16 6
16 5
16 4
15 4
15 3
15 4
15 5
16 5
16 6
15 6
15 7
14 7
14 6
14 7
15 7
14 7
14 6
15 6
15 5
16 5
16 6
17 6
17 7
18 7
18 8
18 9
19 9
20 9
20 8
19 8
19 9
20 9
21 9
21 8
21 9
22 9
21 9
21 8
21 9
21 8
20 8
19 8
19 9
19 10
19 11
19 10
19 9
20 9
21 9
21 8
21 9
21 8
21 9
21 8
20 8
20 7
20 8
21 8
22 8
22 7
21 7
22 7
22 6
23 6
22 6
22 5
22 6
22 7
22 8
22 7
23 7
22 7
21 7
21 6
22 6
21 6
22 6
23 6
22 6
21 6
20 6
20 7
20 6
20 7
21 7
22 7
21 7
21 8
20 8
20 7
20 8
20 9
21 9
20 9
20 10
20 9
21 9
21 10
21 11
21 10
20 10
21 10
21 9
21 10
22 10
23 10
23 9
23 10
24 10
24 11
23 11
22 11
22 10
21 10
20 10
20 11
20 12
21 12
20 12
21 12
20 12
21 12
21 11
22 11
22 10
22 9
22 8
22 9
22 8
23 8
24 8
25 8
26 8
25 8
25 7
25 6
25 5
25 6
25 7
25 6
25 5
24 5
24 6
24 7
25 7
25 8
24 8
23 8
24 8
23 8
24 8
23 8
22 8
21 8
20 8
20 9
20 10
21 10
21 9
21 8
20 8
20 9
20 10
20 11
20 10
20 9
19 9
20 9
20 8
20 9
19 9
20 9
21 9
21 8
20 8
21 8
20 8
19 8
20 8
20 9
21 9
21 10
21 11
21 10
20 10
21 10
21 11
21 10
22 10
22 11
22 10
23 10
24 10
24 9
25 9
26 9
26 8
26 9
25 9
25 10
25 11
25 10
24 10
25 10
26 10
25 10
26 10
26 9
26 8
26 9
25 9
26 9
25 9
25 10
25 11
25 12
24 12
25 12
26 12
27 12
27 11
27 12
27 11
27 12
27 11
28 11
28 10
29 10
29 9
28 9
28 8
28 9
28 10
29 10
29 9
30 9
30 8
30 7
29 7
28 7
29 7
30 7
29 7
30 7
30 8
30 7
30 8
30 9
31 9
31 8
31 9
32 9
32 8
31 8
31 9
32 9
32 10
31 10
31 11
32 11
31 11
30 11
31 11
32 11
33 11
33 12
33 11
33 10
32 10
33 10
34 10
34 11
34 12
33 12
32 12
31 12
30 12
30 11
29 11
29 10
29 9
29 10
28 10
28 9
28 8
29 8
29 9
29 10
29 11
30 11
31 11
31 12
32 12
33 12
34 12
35 12
34 12
35 12
36 12
36 13
36 12
36 11
36 12
35 12
35 11
36 11
37 11
37 10
36 10
36 9
35 9
36 9
35 9
35 10
35 11
35 12
35 13
36 13
36 12
35 12
34 12
34 11
35 11
36 11
35 11
35 12
34 12
35 12
34 12
34 13
34 12
35 12
35 13
36 13
37 13
37 12
37 13
37 12
37 11
38 11
37 11
36 11
35 11
36 11
36 10
37 10
36 10
37 10
38 10
37 10
38 10
38 11
38 12
39 12
39 13
39 14
39 15
39 14
38 14
39 14
39 15
39 16
39 15
39 16
40 16
40 17
40 18
41 18
40 18
41 18
41 17
42 17
42 18
42 17
42 18
42 19
42 18
41 18
41 19
41 20
40 20
41 20
42 20
41 20
40 20
40 21
41 21
40 21
39 21
39 22
40 22
41 22
40 22
41 22
41 23
42 23
42 22
41 22
40 22
41 22
40 22
40 23
40 22
39 22
40 22
41 22
40 22
39 22
39 23
39 22
38 22
38 21
38 20
38 21
38 22
38 21
38 22
38 23
39 23
39 22
39 23
39 24
40 24
39 24
39 23
39 24
38 24
37 24
36 24
36 23
37 23
36 23
37 23
37 24
36 24
36 23
36 22
36 23
36 22
35 22
35 23
35 22
35 23
36 23
37 23
37 22
38 22
38 23
39 23
38 23
38 22
38 21
38 20
38 21
38 22
38 21
39 21
39 20
40 20
41 20
40 20
40 21
40 20
40 19
40 18
40 17
40 16
40 17
41 17
40 17
39 17
39 18
38 18
37 18
36 18
36 17
37 17
37 16
37 15
36 15
37 15
38 15
39 15
38 15
38 14
38 13
38 14
38 13
39 13
40 13
39 13
39 14
39 13
38 13
38 14
37 14
37 15
38 15
38 14
37 14
37 15
38 15
38 14
37 14
38 14
38 13
39 13
38 13
38 12
38 11
37 11
37 12
37 11
38 11
37 11
37 10
38 10
38 9
38 8
39 8
40 8
39 8
39 9
39 10
39 9
39 8
39 7
39 6
40 6
39 6
39 7
38 7
38 6
38 7
37 7
36 7
36 6
36 5
36 4
36 5
36 6
37 6
36 6
36 7
37 7
37 6
36 6
37 6
37 5
37 6
37 7
36 7
36 6
36 5
37 5
36 5
36 6
36 7
35 7
36 7
36 6
36 7
36 8
36 7
36 8
36 9
37 9
36 9
37 9
36 9
36 10
35 10
36 10
37 10
37 11
37 12
36 12
36 13
35 13
35 12
34 12
35 12
34 12
33 12
33 13
33 12
33 13
33 12
33 11
33 10
33 11
34 11
35 11
36 11
36 10
37 10
36 10
35 10
36 10
37 10
37 9
38 9
38 8
37 8
38 8
38 9
37 9
36 9
37 9
38 9
37 9
36 9
36 8
36 7
35 7
35 8
35 9
34 9
35 9
35 10
35 9
35 8
35 9
36 9
37 9
37 8
38 8
38 9
37 9
37 8
37 9
38 9
39 9
39 8
40 8
40 7
41 7
40 7
40 8
39 8
39 7
39 8
39 9
40 9
