0 0
0 1
1 1
1 0
1 1
0 1
1 1
2 1
3 1
2 1
3 1
3 2
3 3
2 3
1 3
0 3
0 2
1 2
0 2
0 1
0 2
0 3
1 3
2 3
1 3
0 3
0 2
1 2
2 2
1 2
1 1
1 2
2 2
2 1
2 0
2 1
2 0
1 0
2 0
2 1
2 0
2 1
1 1
1 2
0 2
1 2
0 2
0 1
0 2
1 2
1 3
2 3
1 3
1 2
1 1
1 0
1 1
0 1
1 1
1 0
0 0
0 1
0 2
0 3
1 3
0 3
1 3
2 3
3 3
4 3
4 4
4 3
4 2
5 2
6 2
7 2
7 1
8 1
7 1
6 1
5 1
5 0
5 1
6 1
5 1
6 1
6 0
6 1
7 1
7 0
6 0
7 0
6 0
7 0
8 0
7 0
6 0
5 0
5 1
4 1
3 1
3 0
4 0
3 0
3 1
3 0
2 0
2 1
2 2
2 3
1 3
2 3
1 3
1 4
1 5
1 4
1 3
2 3
2 4
2 5
1 5
1 6
0 6
0 5
0 6
1 6
1 5
2 5
1 5
2 5
2 6
1 6
2 6
2 5
2 4
2 3
1 3
0 3
0 4
0 5
1 5
2 5
2 6
2 5
2 4
3 4
3 3
3 4
2 4
3 4
4 4
4 3
5 3
5 4
6 4
6 3
5 3
5 2
6 2
6 1
5 1
4 1
5 1
5 0
4 0
4 1
4 2
4 3
5 3
6 3
7 3
7 4
7 5
7 6
6 6
6 7
7 7
7 6
7 7
6 7
5 7
5 8
4 8
4 7
4 8
4 9
4 10
4 11
4 10
4 9
4 8
3 8
2 8
3 8
3 7
4 7
5 7
4 7
3 7
4 7
4 6
4 5
4 4
3 4
3 5
3 6
4 6
4 5
5 5
4 5
4 6
5 6
5 7
5 8
6 8
5 8
5 9
5 10
5 9
4 9
4 10
3 10
4 10
4 11
3 11
2 11
2 10
2 9
1 9
0 9
0 10
1 10
0 10
0 9
0 8
1 8
1 7
1 8
2 8
2 9
2 8
2 9
1 9
1 10
1 11
1 12
1 11
1 12
1 11
2 11
2 12
2 13
1 13
1 12
0 12
0 13
0 12
1 12
1 11
1 10
0 10
0 9
0 10
0 9
1 9
2 9
1 9
0 9
0 8
0 9
1 9
0 9
0 8
0 7
1 7
2 7
1 7
2 7
3 7
3 8
3 9
2 9
1 9
0 9
1 9
2 9
1 9
1 10
2 10
3 10
3 11
3 10
3 11
2 11
3 11
4 11
5 11
6 11
5 11
6 11
6 12
6 13
6 14
6 13
6 14
5 14
4 14
3 14
4 14
4 15
4 14
3 14
3 13
2 13
3 13
2 13
3 13
3 12
4 12
4 11
4 10
3 10
2 10
2 9
3 9
3 8
3 7
4 7
4 6
5 6
4 6
4 5
5 5
4 5
3 5
3 6
3 5
3 4
3 3
4 3
3 3
3 4
4 4
3 4
4 4
3 4
3 3
4 3
3 3
3 4
3 5
4 5
4 6
3 6
4 6
3 6
4 6
5 6
5 5
4 5
5 5
6 5
6 6
7 6
7 5
7 6
7 7
6 7
6 8
7 8
6 8
5 8
6 8
6 9
6 8
6 7
6 8
6 9
6 8
5 8
6 8
6 7
6 6
5 6
5 7
5 8
6 8
5 8
6 8
6 9
6 10
6 9
7 9
7 10
6 10
6 9
5 9
4 9
3 9
3 8
3 7
3 8
3 7
2 7
3 7
4 7
4 8
4 9
4 10
4 9
3 9
3 8
2 8
3 8
3 7
3 6
3 5
3 6
3 7
3 6
3 7
3 6
3 7
3 8
2 8
2 9
3 9
4 9
4 8
4 7
5 7
6 7
6 8
5 8
6 8
5 8
5 9
5 10
6 10
6 11
6 10
6 11
7 11
7 12
8 12
9 12
9 13
10 13
11 13
12 13
12 14
11 14
11 13
11 14
11 15
10 15
9 15
9 16
9 17
10 17
10 18
11 18
10 18
9 18
9 19
8 19
7 19
7 20
8 20
8 19
7 19
6 19
6 20
6 21
5 21
6 21
5 21
6 21
7 21
6 21
7 21
7 22
6 22
6 21
6 20
6 19
7 19
7 20
7 19
7 20
6 20
6 21
5 21
4 21
4 22
3 22
3 21
4 21
5 21
6 21
6 22
6 21
5 21
5 22
6 22
5 22
5 23
5 22
6 22
5 22
5 21
5 22
6 22
6 21
6 22
6 23
6 24
6 25
6 26
5 26
6 26
6 25
7 25
7 24
7 25
7 24
7 23
7 22
8 22
7 22
7 23
7 24
6 24
7 24
6 24
7 24
6 24
5 24
6 24
5 24
4 24
5 24
4 24
5 24
5 25
6 25
5 25
6 25
7 25
7 26
7 27
8 27
8 26
8 25
9 25
9 24
9 25
8 25
8 26
8 27
8 26
7 26
7 25
6 25
6 24
7 24
7 23
7 24
6 24
6 25
7 25
8 25
8 26
9 26
8 26
8 25
8 26
8 25
8 26
7 26
7 25
7 26
7 25
7 26
7 25
8 25
8 24
8 23
8 22
8 21
9 21
9 22
8 22
8 23
9 23
9 22
9 23
8 23
8 24
8 25
9 25
8 25
8 26
8 25
9 25
10 25
10 24
10 23
11 23
11 22
11 23
11 22
11 21
11 22
12 22
11 22
11 23
11 24
11 25
12 25
13 25
13 24
13 25
14 25
14 24
14 23
13 23
13 22
14 22
14 21
14 22
14 23
13 23
13 24
13 23
14 23
14 22
13 22
12 22
11 22
12 22
12 21
12 22
12 23
12 24
12 25
12 24
12 25
12 24
12 25
12 24
12 23
12 22
12 23
12 22
11 22
11 23
12 23
13 23
13 24
13 23
13 22
13 23
14 23
15 23
15 24
15 25
16 25
15 25
14 25
14 26
15 26
16 26
16 27
17 27
16 27
16 28
17 28
18 28
18 27
18 26
18 25
17 25
17 24
18 24
18 23
18 24
17 24
17 23
16 23
16 24
15 24
16 24
16 25
16 26
15 26
16 26
16 27
16 26
16 27
15 27
16 27
17 27
18 27
19 27
20 27
20 28
20 27
20 26
21 26
21 25
21 26
20 26
20 27
20 26
21 26
22 26
23 26
23 25
24 25
23 25
24 25
24 26
25 26
26 26
27 26
28 26
28 27
27 27
28 27
27 27
26 27
27 27
27 28
27 27
27 26
28 26
27 26
26 26
27 26
27 25
26 25
27 25
26 25
25 25
25 26
24 26
25 26
25 25
26 25
25 25
25 26
25 25
25 24
26 24
25 24
26 24
25 24
24 24
23 24
23 25
23 24
23 23
22 23
22 24
23 24
23 23
24 23
25 23
26 23
27 23
27 24
27 23
27 22
27 21
27 22
27 23
27 22
27 21
27 22
28 22
28 23
28 24
28 23
28 22
27 22
27 23
26 23
25 23
25 24
26 24
27 24
26 24
26 25
26 24
27 24
28 24
27 24
27 23
27 22
27 23
28 23
27 23
27 24
27 23
26 23
26 24
27 24
27 25
28 25
29 25
28 25
29 25
30 25
30 26
30 27
30 26
30 25
30 26
30 25
30 24
30 25
30 26
30 25
29 25
29 26
28 26
29 26
29 25
28 25
28 26
28 25
29 25
29 24
30 24
29 24
30 24
30 23
31 23
30 23
29 23
28 23
28 22
27 22
26 22
25 22
24 22
24 23
23 23
23 24
23 23
23 22
23 23
23 24
24 24
23 24
24 24
24 23
25 23
25 22
25 23
24 23
24 22
24 23
24 22
24 23
25 23
26 23
27 23
26 23
27 23
28 23
29 23
29 24
29 25
28 25
27 25
27 24
27 25
27 26
27 27
28 27
28 28
29 28
29 27
30 27
30 28
31 28
31 29
31 28
32 28
32 29
33 29
33 28
32 28
32 27
31 27
31 26
32 26
31 26
31 27
31 26
32 26
33 26
33 25
33 26
32 26
31 26
31 25
30 25
29 25
29 24
30 24
29 24
29 23
29 24
30 24
30 23
29 23
28 23
28 22
28 21
27 21
27 22
26 22
25 22
26 22
26 23
26 24
27 24
26 24
27 24
28 24
28 25
27 25
27 26
26 26
25 26
24 26
24 27
25 27
24 27
24 26
23 26
24 26
25 26
26 26
27 26
28 26
28 25
29 25
28 25
28 24
29 24
29 23
29 22
29 21
29 22
30 22
30 23
30 22
29 22
29 21
29 22
29 23
28 23
28 24
28 23
29 23
30 23
29 23
28 23
28 24
28 25
29 25
28 25
28 24
27 24
26 24
26 23
26 22
26 21
25 21
25 20
24 20
25 20
25 21
24 21
24 22
24 23
24 24
25 24
25 25
25 26
24 26
23 26
24 26
24 27
24 28
25 28
