0 0
0 1
0 0
0 1
0 2
1 2
0 2
1 2
1 1
1 2
2 2
2 1
3 1
2 1
2 2
3 2
4 2
3 2
4 2
5 2
4 2
3 2
2 2
2 3
2 4
2 5
2 6
1 6
1 5
1 6
0 6
0 7
0 8
1 8
1 9
2 9
1 9
2 9
2 8
2 9
1 9
1 10
1 11
2 11
2 12
1 12
2 12
3 12
4 12
3 12
2 12
3 12
4 12
3 12
2 12
3 12
3 13
3 12
3 13
2 13
2 14
1 14
2 14
3 14
3 15
3 14
3 13
3 12
3 11
2 11
1 11
0 11
1 11
1 10
0 10
0 11
1 11
1 10
0 10
0 11
0 10
1 10
1 9
0 9
1 9
0 9
0 10
0 9
0 8
0 9
0 10
0 9
1 9
1 10
0 10
0 11
0 12
1 12
1 11
0 11
0 12
0 13
1 13
2 13
1 13
2 13
2 14
2 13
2 14
2 15
2 14
1 14
1 13
2 13
2 14
2 13
2 14
2 13
3 13
2 13
3 13
2 13
3 13
2 13
2 14
2 13
3 13
4 13
4 14
4 13
4 12
3 12
2 12
1 12
1 13
2 13
2 14
3 14
3 15
3 14
4 14
3 14
4 14
4 13
3 13
3 12
4 12
3 12
4 12
4 13
3 13
3 14
2 14
2 13
1 13
1 14
0 14
1 14
2 14
2 15
2 16
2 17
3 17
3 18
4 18
3 18
3 19
4 19
3 19
2 19
3 19
4 19
5 19
4 19
5 19
4 19
3 19
3 18
4 18
3 18
4 18
5 18
4 18
4 19
3 19
4 19
4 18
4 17
3 17
3 18
2 18
2 19
3 19
3 20
2 20
2 21
1 21
2 21
1 21
1 22
2 22
3 22
4 22
4 21
3 21
4 21
4 20
3 20
2 20
2 21
2 20
2 19
2 20
2 19
2 18
3 18
2 18
1 18
0 18
0 17
1 17
2 17
2 16
2 17
1 17
1 18
0 18
0 19
0 20
0 21
1 21
0 21
0 22
1 22
1 23
1 24
2 24
1 24
2 24
2 23
2 22
1 22
1 23
1 24
0 24
1 24
2 24
1 24
2 24
1 24
1 25
1 26
2 26
2 27
2 26
1 26
2 26
1 26
1 27
1 28
1 29
2 29
2 30
2 31
3 31
3 30
3 31
4 31
5 31
4 31
5 31
5 30
5 29
5 30
5 31
5 30
6 30
5 30
5 31
5 32
4 32
4 31
4 30
5 30
6 30
5 30
6 30
6 29
7 29
8 29
8 30
8 31
9 31
10 31
11 31
11 32
10 32
10 31
9 31
8 31
9 31
9 32
9 33
8 33
9 33
10 33
9 33
10 33
11 33
10 33
9 33
10 33
10 32
9 32
9 33
9 34
8 34
7 34
7 35
7 34
6 34
6 35
7 35
8 35
7 35
6 35
6 36
6 37
6 36
6 35
5 35
5 36
5 35
6 35
6 36
5 36
6 36
6 37
6 36
6 37
7 37
6 37
7 37
7 36
7 37
7 36
6 36
5 36
6 36
6 35
7 35
6 35
7 35
7 34
8 34
7 34
7 33
8 33
8 34
8 35
9 35
9 36
10 36
10 37
11 37
11 38
10 38
10 37
11 37
11 38
10 38
10 37
9 37
10 37
10 38
10 39
11 39
11 40
11 39
12 39
12 38
12 37
12 38
13 38
13 37
13 38
13 39
12 39
12 40
13 40
12 40
11 40
10 40
9 40
9 39
8 39
9 39
9 40
9 41
10 41
10 42
9 42
9 41
9 42
10 42
9 42
9 41
8 41
9 41
9 40
10 40
10 41
9 41
9 42
10 42
10 43
10 44
10 45
10 46
9 46
10 46
10 47
10 46
9 46
9 45
9 46
10 46
11 46
10 46
10 47
10 46
11 46
11 45
11 44
12 44
12 45
12 44
13 44
12 44
11 44
11 45
12 45
12 46
12 47
11 47
10 47
11 47
11 46
11 45
11 46
10 46
10 45
11 45
11 44
11 43
10 43
10 42
10 41
11 41
12 41
12 42
12 41
12 42
12 43
13 43
13 44
12 44
11 44
10 44
11 44
10 44
9 44
8 44
7 44
7 45
8 45
7 45
6 45
6 46
7 46
7 47
6 47
5 47
4 47
5 47
5 48
5 47
4 47
3 47
2 47
2 46
2 45
2 46
2 47
2 46
3 46
2 46
3 46
2 46
2 47
2 46
1 46
2 46
2 47
3 47
2 47
2 48
2 47
2 48
1 48
1 47
1 48
1 49
0 49
0 50
0 49
1 49
1 50
1 49
1 48
0 48
1 48
0 48
0 49
1 49
1 48
1 47
2 47
2 46
3 46
3 45
2 45
2 44
2 43
2 44
3 44
3 43
3 42
3 43
4 43
5 43
5 42
5 43
6 43
5 43
4 43
3 43
3 44
4 44
4 45
4 46
3 46
3 45
3 46
3 45
4 45
4 44
5 44
5 45
5 44
4 44
4 43
5 43
6 43
6 44
6 45
6 44
5 44
5 45
4 45
5 45
6 45
6 44
6 45
5 45
5 44
4 44
4 43
5 43
6 43
6 44
5 44
6 44
6 43
6 44
6 45
7 45
8 45
9 45
9 44
9 43
9 42
10 42
11 42
12 42
11 42
11 41
10 41
9 41
8 41
8 40
9 40
9 41
10 41
10 42
10 43
11 43
11 42
12 42
11 42
11 41
12 41
12 40
12 39
12 38
13 38
12 38
13 38
12 38
12 37
12 38
11 38
12 38
11 38
12 38
13 38
12 38
13 38
12 38
13 38
12 38
12 39
12 40
13 40
12 40
12 39
12 38
12 37
12 38
11 38
11 37
11 38
11 39
12 39
11 39
10 39
10 40
10 39
10 40
11 40
11 41
10 41
10 42
10 41
11 41
11 42
11 43
12 43
12 42
12 41
12 42
11 42
11 43
10 43
10 44
10 43
10 42
10 41
11 41
11 42
11 41
11 40
11 39
11 38
11 37
12 37
12 36
12 35
13 35
14 35
14 34
14 33
13 33
13 34
13 33
13 34
13 35
13 36
13 37
14 37
14 36
15 36
15 35
16 35
16 34
16 35
17 35
18 35
19 35
20 35
20 34
20 33
20 34
19 34
19 33
19 32
20 32
20 33
21 33
21 32
20 32
20 31
19 31
19 30
19 29
19 30
18 30
18 31
18 32
17 32
17 33
18 33
19 33
18 33
18 34
19 34
18 34
18 35
18 36
18 37
17 37
16 37
16 38
15 38
15 37
16 37
15 37
14 37
15 37
15 36
15 37
15 36
16 36
16 35
15 35
15 34
16 34
15 34
14 34
13 34
14 34
14 33
14 32
14 33
14 32
15 32
14 32
14 33
13 33
12 33
12 32
13 32
13 33
13 32
13 31
12 31
11 31
11 30
10 30
10 31
11 31
10 31
11 31
11 32
11 33
10 33
9 33
9 32
10 32
9 32
10 32
10 33
11 33
11 32
10 32
9 32
8 32
8 31
9 31
9 32
10 32
9 32
9 31
9 30
8 30
8 31
7 31
8 31
7 31
8 31
7 31
8 31
9 31
8 31
8 32
8 31
7 31
7 32
7 33
6 33
7 33
7 34
8 34
8 35
9 35
10 35
10 36
11 36
12 36
12 35
12 36
12 35
12 36
11 36
11 37
11 38
10 38
11 38
12 38
12 37
11 37
11 36
12 36
12 37
12 38
12 39
11 39
11 38
10 38
10 39
9 39
9 40
10 40
10 39
10 40
10 41
11 41
11 40
11 39
12 39
11 39
11 40
11 41
10 41
9 41
8 41
7 41
7 42
7 41
6 41
7 41
8 41
8 42
7 42
6 42
7 42
8 42
8 41
8 40
7 40
8 40
8 39
8 38
8 37
7 37
7 36
7 35
6 35
5 35
4 35
3 35
3 34
3 35
3 36
2 36
2 35
1 35
2 35
2 36
2 37
1 37
2 37
1 37
2 37
1 37
1 36
1 37
1 38
0 38
1 38
1 39
2 39
1 39
1 38
2 38
2 37
3 37
3 36
4 36
4 35
5 35
4 35
3 35
3 36
2 36
1 36
1 37
1 36
1 37
1 38
0 38
0 39
1 39
0 39
0 38
1 38
1 39
1 40
2 40
2 41
1 41
1 40
2 40
2 39
1 39
0 39
1 39
1 40
1 39
2 39
3 39
2 39
1 39
1 38
1 39
1 40
1 39
1 40
1 39
2 39
3 39
3 38
3 39
3 38
3 39
4 39
4 38
3 38
3 39
3 38
3 37
3 36
3 35
2 35
2 34
3 34
2 34
2 35
3 35
2 35
2 34
2 35
3 35
3 34
4 34
3 34
3 35
4 35
3 35
3 36
3 35
3 34
3 33
2 33
1 33
1 32
0 32
0 33
0 34
0 35
0 34
1 34
0 34
0 35
1 35
1 34
2 34
2 35
3 35
3 36
