0 0
0 1
0 2
0 3
1 3
1 4
1 3
1 4
0 4
1 4
0 4
0 3
0 4
1 4
1 5
1 6
2 6
3 6
2 6
2 7
2 8
3 8
2 8
1 8
1 7
2 7
2 6
2 5
2 6
3 6
2 6
3 6
2 6
2 7
1 7
1 6
1 5
1 6
1 7
0 7
1 7
1 8
2 8
2 9
2 10
3 10
2 10
3 10
4 10
3 10
4 10
4 11
3 11
4 11
3 11
4 11
3 11
4 11
5 11
5 10
6 10
7 10
8 10
8 11
8 10
8 9
9 9
8 9
8 8
8 7
7 7
8 7
8 6
8 7
7 7
6 7
7 7
7 6
7 7
8 7
9 7
8 7
9 7
8 7
8 8
9 8
9 9
10 9
10 8
10 9
11 9
11 10
11 9
11 10
11 11
11 10
11 11
11 10
10 10
10 9
10 10
11 10
10 10
10 9
11 9
12 9
12 8
13 8
13 7
13 8
13 9
13 10
14 10
14 9
14 8
15 8
16 8
17 8
17 9
17 8
16 8
16 9
15 9
15 8
16 8
15 8
14 8
15 8
15 7
14 7
13 7
13 6
14 6
14 7
14 6
14 5
13 5
13 4
13 3
13 4
13 5
13 4
13 5
13 4
13 3
14 3
13 3
13 2
13 1
12 1
11 1
10 1
10 0
10 1
10 0
10 1
11 1
10 1
11 1
11 0
11 1
11 0
11 1
10 1
10 2
10 1
11 1
11 0
11 1
11 2
10 2
10 3
9 3
9 4
10 4
9 4
8 4
7 4
7 5
8 5
8 6
8 7
9 7
8 7
9 7
8 7
7 7
7 6
8 6
8 7
7 7
8 7
8 6
8 7
7 7
7 6
7 5
7 6
7 7
6 7
6 8
6 9
5 9
6 9
6 8
6 9
6 8
7 8
7 7
7 6
8 6
9 6
10 6
11 6
12 6
13 6
13 7
12 7
12 6
13 6
13 5
12 5
11 5
11 6
12 6
12 7
11 7
11 8
10 8
9 8
8 8
9 8
10 8
9 8
9 9
9 10
10 10
9 10
10 10
10 11
11 11
12 11
12 10
11 10
11 11
11 12
10 12
9 12
9 13
9 12
9 13
8 13
9 13
9 14
8 14
8 15
9 15
8 15
9 15
10 15
11 15
12 15
12 16
12 17
12 16
13 16
13 15
13 14
13 13
13 14
13 13
12 13
12 14
13 14
12 14
11 14
11 13
10 13
10 14
9 14
9 15
9 14
9 13
9 14
10 14
10 13
11 13
12 13
12 14
13 14
12 14
12 13
11 13
11 12
10 12
10 13
9 13
9 12
10 12
9 12
8 12
8 13
7 13
7 14
6 14
7 14
8 14
8 13
8 12
8 13
8 12
7 12
8 12
8 11
9 11
10 11
10 10
10 11
10 12
11 12
11 11
11 10
11 9
11 8
10 8
10 9
9 9
9 10
9 9
9 10
9 11
8 11
7 11
7 10
7 9
8 9
9 9
8 9
7 9
7 8
6 8
7 8
7 7
8 7
9 7
9 6
10 6
10 7
11 7
12 7
12 8
12 7
11 7
11 6
11 5
11 6
10 6
9 6
9 5
8 5
8 4
9 4
10 4
10 5
10 4
9 4
9 5
9 4
9 5
9 6
8 6
8 5
8 4
8 5
7 5
8 5
8 6
8 5
8 4
8 5
8 6
9 6
9 5
9 4
8 4
8 5
7 5
6 5
6 4
5 4
6 4
7 4
8 4
8 5
9 5
10 5
11 5
11 4
11 3
10 3
11 3
11 4
11 5
10 5
11 5
10 5
10 6
10 5
10 6
11 6
10 6
11 6
11 7
10 7
11 7
10 7
11 7
12 7
12 6
13 6
13 5
12 5
11 5
12 5
12 6
13 6
14 6
15 6
16 6
16 7
16 6
16 5
16 4
16 5
16 4
17 4
18 4
17 4
16 4
16 5
15 5
14 5
14 6
15 6
16 6
17 6
17 5
17 6
17 5
18 5
18 4
18 5
18 4
19 4
19 3
19 2
18 2
17 2
17 1
17 0
18 0
18 1
17 1
17 0
16 0
16 1
17 1
17 2
16 2
16 1
15 1
15 2
14 2
14 3
13 3
13 4
13 3
12 3
12 2
11 2
11 3
11 2
11 3
12 3
12 2
12 3
12 4
13 4
13 5
12 5
13 5
12 5
12 6
12 7
12 6
13 6
14 6
14 5
14 6
15 6
15 7
15 8
16 8
16 9
16 10
17 10
18 10
18 9
19 9
18 9
18 8
18 7
17 7
17 6
16 6
17 6
17 7
17 8
17 9
18 9
17 9
18 9
18 8
17 8
17 7
17 8
17 7
18 7
18 6
17 6
18 6
18 7
17 7
16 7
16 8
16 9
15 9
15 10
14 10
14 9
13 9
13 8
13 9
14 9
14 8
15 8
14 8
14 7
15 7
15 6
15 7
15 6
15 5
15 6
15 7
16 7
15 7
14 7
14 8
14 7
13 7
13 8
13 9
13 10
13 11
12 11
13 11
14 11
15 11
15 12
16 12
15 12
15 11
15 10
16 10
15 10
16 10
16 11
16 12
15 12
14 12
14 11
15 11
15 10
14 10
15 10
15 11
16 11
16 12
16 11
16 12
16 11
17 11
18 11
18 12
17 12
16 12
16 11
17 11
17 12
16 12
16 11
17 11
17 12
18 12
17 12
17 13
17 14
16 14
16 13
16 12
15 12
14 12
14 13
15 13
14 13
14 14
13 14
13 15
14 15
14 14
14 15
13 15
14 15
14 16
13 16
13 17
14 17
15 17
16 17
16 18
17 18
16 18
16 17
16 18
17 18
17 19
18 19
18 20
18 21
18 20
18 21
18 20
18 19
17 19
17 18
18 18
17 18
18 18
19 18
18 18
18 17
18 18
19 18
18 18
18 19
18 18
17 18
17 19
18 19
18 18
19 18
19 17
18 17
19 17
18 17
18 18
18 19
19 19
20 19
20 18
20 19
21 19
21 20
22 20
23 20
23 21
23 20
24 20
24 21
23 21
24 21
24 20
24 19
23 19
24 19
24 20
24 21
24 22
24 21
23 21
22 21
22 22
23 22
23 23
23 22
24 22
24 23
25 23
24 23
24 22
25 22
24 22
25 22
24 22
23 22
22 22
23 22
24 22
25 22
26 22
26 21
27 21
27 22
27 21
28 21
29 21
30 21
31 21
31 22
31 21
31 22
31 23
32 23
32 22
32 21
32 22
31 22
32 22
32 21
33 21
33 20
33 21
33 20
33 21
33 20
32 20
31 20
31 19
32 19
32 18
32 17
32 16
32 17
32 16
33 16
33 15
33 16
33 15
33 14
34 14
35 14
36 14
36 15
36 16
36 17
37 17
37 16
36 16
35 16
35 15
36 15
36 14
36 15
36 14
36 15
36 14
36 15
36 14
37 14
36 14
35 14
36 14
36 13
37 13
37 12
37 11
36 11
36 10
36 11
36 10
35 10
35 11
35 10
35 11
36 11
36 12
36 13
36 14
36 13
37 13
38 13
38 12
37 12
38 12
39 12
39 13
38 13
38 14
38 13
38 14
39 14
40 14
40 13
40 14
39 14
38 14
37 14
38 14
37 14
37 13
36 13
37 13
38 13
37 13
38 13
38 14
39 14
40 14
40 13
39 13
40 13
40 12
40 11
39 11
39 12
39 13
39 14
38 14
39 14
40 14
41 14
41 13
41 14
40 14
40 13
39 13
40 13
41 13
42 13
41 13
40 13
40 12
39 12
38 12
38 13
37 13
36 13
36 14
37 14
36 14
35 14
34 14
34 15
34 14
35 14
36 14
36 15
35 15
36 15
35 15
36 15
36 14
36 15
36 16
37 16
37 17
37 16
37 15
38 15
39 15
39 16
39 17
39 16
38 16
37 16
37 17
38 17
39 17
40 17
40 16
41 16
41 15
42 15
42 14
42 15
42 16
43 16
44 16
45 16
45 17
45 18
45 17
46 17
47 17
47 18
46 18
47 18
47 17
47 16
46 16
46 15
46 16
46 15
45 15
44 15
43 15
43 14
43 13
44 13
45 13
45 14
45 15
45 14
45 15
45 16
45 17
46 17
46 16
46 17
46 16
46 15
45 15
45 14
45 13
46 13
47 13
48 13
47 13
46 13
47 13
46 13
45 13
46 13
46 12
46 11
46 10
45 10
45 9
44 9
43 9
43 8
43 7
44 7
45 7
45 6
44 6
44 5
43 5
44 5
44 4
44 3
44 2
43 2
42 2
43 2
43 1
43 0
42 0
42 1
41 1
40 1
39 1
39 0
39 1
39 2
39 1
39 2
40 2
40 3
40 2
39 2
38 2
37 2
38 2
38 3
37 3
36 3
36 2
37 2
37 1
36 1
35 1
34 1
35 1
35 2
36 2
37 2
38 2
39 2
40 2
39 2
39 1
39 0
40 0
41 0
40 0
40 1
40 2
39 2
