0 0
0 1
1 1
1 2
2 2
2 3
2 4
1 4
0 4
1 4
1 3
1 2
2 2
2 3
1 3
1 2
0 2
0 3
1 3
1 2
0 2
0 1
1 1
1 0
2 0
2 1
3 1
4 1
4 0
5 0
4 0
4 1
5 1
5 0
4 0
3 0
3 1
3 0
4 0
4 1
5 1
6 1
5 1
6 1
5 1
4 1
5 1
5 2
5 1
5 0
5 1
4 1
4 0
3 0
3 1
3 0
2 0
2 1
2 2
2 1
3 1
4 1
4 2
3 2
3 3
3 2
2 2
1 2
2 2
3 2
3 1
3 2
4 2
4 3
4 4
5 4
6 4
7 4
7 3
8 3
9 3
8 3
8 4
8 5
8 6
7 6
7 7
8 7
8 6
7 6
7 5
7 4
6 4
7 4
6 4
6 5
6 6
6 5
7 5
8 5
8 6
8 5
8 4
7 4
7 5
6 5
6 6
5 6
4 6
4 5
4 6
4 5
4 6
3 6
3 5
3 6
4 6
4 5
4 4
4 3
4 2
4 3
5 3
5 4
5 3
5 4
5 5
5 4
6 4
6 3
6 4
6 5
6 6
6 5
7 5
6 5
5 5
4 5
3 5
3 4
3 5
2 5
3 5
3 4
3 5
4 5
5 5
4 5
5 5
5 4
5 3
5 2
5 1
4 1
3 1
3 2
2 2
2 3
1 3
1 2
1 1
1 2
1 1
1 0
1 1
1 2
1 1
1 2
1 1
1 0
1 1
0 1
0 0
0 1
1 1
1 0
2 0
2 1
1 1
2 1
2 0
1 0
1 1
2 1
2 2
2 1
3 1
2 1
2 2
2 3
2 2
3 2
3 3
3 2
3 3
2 3
3 3
3 4
4 4
4 5
4 6
4 5
5 5
5 4
4 4
5 4
5 5
5 4
5 5
4 5
3 5
3 6
4 6
5 6
6 6
6 7
6 8
5 8
6 8
6 9
5 9
5 8
4 8
3 8
2 8
1 8
2 8
1 8
1 7
1 6
1 5
0 5
1 5
0 5
1 5
0 5
0 6
1 6
1 5
1 6
0 6
1 6
2 6
2 7
1 7
0 7
1 7
1 8
0 8
0 7
0 6
1 6
0 6
1 6
2 6
1 6
1 5
1 4
1 3
0 3
0 4
1 4
1 5
2 5
1 5
2 5
2 4
2 3
2 4
2 3
3 3
3 4
2 4
2 5
3 5
4 5
3 5
3 4
3 5
3 6
3 7
2 7
2 6
2 7
2 8
2 9
2 8
3 8
4 8
3 8
3 9
4 9
4 10
4 11
5 11
6 11
7 11
8 11
8 12
9 12
10 12
10 13
10 12
11 12
10 12
11 12
11 13
12 13
13 13
13 14
13 13
14 13
13 13
12 13
13 13
14 13
13 13
14 13
15 13
14 13
14 12
14 11
14 10
14 9
15 9
15 10
15 9
15 8
15 7
15 6
16 6
15 6
15 5
16 5
17 5
17 6
17 5
17 6
17 7
17 6
17 7
17 8
16 8
17 8
17 9
18 9
18 8
17 8
17 9
17 10
17 11
16 11
16 12
16 11
16 12
15 12
15 13
15 14
16 14
17 14
18 14
18 15
18 14
18 15
17 15
17 14
16 14
15 14
16 14
16 13
17 13
17 12
18 12
19 12
20 12
20 13
20 12
21 12
21 13
21 12
21 13
21 12
20 12
19 12
20 12
20 11
20 12
20 13
20 14
20 15
21 15
21 14
21 15
20 15
19 15
19 16
18 16
18 15
18 14
19 14
19 15
20 15
20 16
20 17
19 17
19 16
18 16
18 15
18 14
18 15
18 16
18 15
19 15
18 15
19 15
19 14
20 14
20 13
20 14
19 14
19 13
19 14
18 14
17 14
17 13
16 13
15 13
16 13
15 13
16 13
16 12
16 13
16 14
16 13
16 14
17 14
17 13
16 13
17 13
18 13
18 12
18 11
18 12
19 12
19 11
19 10
19 9
19 8
18 8
18 7
17 7
17 8
17 7
18 7
18 8
19 8
20 8
20 7
19 7
19 6
18 6
18 7
19 7
20 7
20 6
20 5
20 4
20 3
20 2
20 3
19 3
20 3
20 4
21 4
22 4
22 3
22 4
21 4
22 4
21 4
21 3
20 3
21 3
21 2
20 2
19 2
18 2
18 3
19 3
19 4
20 4
21 4
20 4
20 5
19 5
18 5
17 5
16 5
16 6
17 6
17 5
16 5
16 4
16 5
16 6
15 6
15 7
15 6
15 5
15 6
15 7
15 8
15 9
15 10
14 10
14 9
13 9
13 10
12 10
12 11
12 12
11 12
11 11
10 11
10 12
10 11
9 11
8 11
9 11
8 11
8 10
8 9
8 8
8 9
7 9
8 9
8 10
9 10
9 11
10 11
10 10
10 11
10 12
10 11
10 12
10 13
10 14
10 15
10 14
10 15
9 15
9 16
8 16
9 16
9 17
8 17
8 18
8 19
8 20
9 20
9 19
9 20
8 20
9 20
9 21
10 21
9 21
10 21
10 20
10 19
9 19
9 18
9 17
9 18
9 17
8 17
8 18
8 17
7 17
8 17
8 18
7 18
7 19
8 19
8 20
8 19
8 20
8 19
9 19
9 20
8 20
8 21
9 21
10 21
11 21
11 20
10 20
10 21
9 21
9 22
9 21
9 20
9 21
8 21
8 20
8 21
7 21
7 22
7 23
7 22
6 22
7 22
8 22
8 21
7 21
6 21
7 21
6 21
6 20
6 19
5 19
5 18
5 17
4 17
3 17
3 18
2 18
2 17
3 17
4 17
4 16
4 15
4 14
3 14
2 14
2 13
3 13
4 13
4 12
4 13
3 13
4 13
3 13
2 13
2 14
1 14
1 15
0 15
0 14
0 13
0 14
1 14
1 15
2 15
1 15
1 16
1 17
0 17
0 16
0 15
1 15
0 15
1 15
2 15
3 15
4 15
5 15
4 15
4 16
5 16
5 17
5 16
5 15
6 15
6 16
5 16
4 16
5 16
5 17
5 16
5 15
5 16
6 16
7 16
6 16
6 15
5 15
5 16
5 17
5 16
6 16
6 17
5 17
5 18
4 18
5 18
5 19
6 19
6 18
5 18
5 17
5 18
5 17
5 18
6 18
6 19
7 19
6 19
6 20
6 19
5 19
4 19
5 19
6 19
5 19
6 19
6 20
5 20
5 19
5 20
6 20
7 20
7 19
6 19
6 20
6 21
7 21
7 20
7 19
6 19
5 19
5 18
6 18
6 19
6 18
7 18
7 19
7 20
7 19
6 19
7 19
8 19
7 19
8 19
9 19
8 19
8 18
9 18
9 17
10 17
9 17
10 17
11 17
10 17
10 16
10 15
9 15
10 15
9 15
9 16
9 15
10 15
11 15
11 14
11 15
11 16
12 16
11 16
11 15
10 15
11 15
10 15
10 16
10 15
9 15
8 15
8 16
9 16
10 16
11 16
10 16
9 16
9 17
9 18
9 17
10 17
11 17
11 16
11 17
12 17
11 17
11 16
10 16
10 15
10 14
10 15
9 15
9 16
8 16
8 15
8 16
8 17
7 17
7 18
6 18
7 18
8 18
8 19
7 19
6 19
7 19
6 19
6 18
5 18
6 18
6 19
6 20
6 19
7 19
6 19
5 19
5 20
5 21
5 22
5 21
6 21
6 22
5 22
6 22
5 22
5 23
5 22
5 23
5 24
5 25
5 24
5 25
6 25
6 24
7 24
7 25
7 26
6 26
6 27
5 27
5 26
4 26
4 25
4 26
5 26
5 27
4 27
4 26
4 25
3 25
4 25
3 25
3 26
3 27
2 27
2 26
2 25
3 25
4 25
5 25
5 24
5 25
5 24
5 25
4 25
5 25
4 25
4 26
4 27
4 28
5 28
5 29
5 28
6 28
5 28
5 27
4 27
5 27
5 26
5 25
5 26
4 26
3 26
3 25
2 25
2 24
2 25
2 24
3 24
2 24
2 25
3 25
3 24
4 24
4 25
4 24
3 24
3 25
3 26
4 26
4 27
4 28
3 28
2 28
3 28
4 28
3 28
3 27
2 27
2 28
2 29
1 29
1 30
1 29
1 28
1 29
1 28
0 28
0 29
0 30
1 30
1 31
2 31
3 31
3 32
3 33
3 32
2 32
2 33
2 32
3 32
2 32
2 31
2 32
2 31
3 31
3 30
3 31
2 31
2 32
2 33
1 33
0 33
0 34
0 33
1 33
1 34
1 33
1 32
1 33
1 34
1 33
1 34
1 35
1 36
0 36
1 36
0 36
1 36
2 36
2 35
2 34
3 34
3 35
2 35
1 35
1 34
2 34
2 33
2 32
3 32
3 31
4 31
5 31
4 31
5 31
6 31
7 31
7 30
8 30
8 29
7 29
7 28
7 29
8 29
7 29
7 28
6 28
5 28
5 29
5 28
4 28
3 28
3 29
3 28
