0 0
0 1
0 2
1 2
0 2
0 1
1 1
0 1
1 1
2 1
2 2
1 2
0 2
1 2
1 3
1 2
1 3
1 4
2 4
2 5
2 6
2 5
1 5
0 5
1 5
1 4
2 4
2 5
2 4
2 3
3 3
4 3
3 3
3 2
2 2
3 2
3 1
3 2
3 1
2 1
1 1
0 1
0 0
1 0
1 1
0 1
0 2
1 2
1 1
0 1
0 0
0 1
0 0
0 1
1 1
2 1
1 1
2 1
3 1
4 1
5 1
5 2
5 3
5 2
5 1
5 2
5 1
5 0
5 1
5 2
5 3
6 3
7 3
7 2
6 2
5 2
6 2
7 2
8 2
9 2
9 3
10 3
10 4
10 3
9 3
9 2
8 2
9 2
10 2
10 3
10 2
11 2
12 2
12 1
13 1
14 1
14 2
14 3
15 3
15 2
14 2
14 1
14 2
15 2
15 1
15 0
16 0
15 0
14 0
14 1
15 1
15 0
16 0
17 0
18 0
18 1
18 0
18 1
18 2
19 2
20 2
19 2
18 2
19 2
19 3
18 3
17 3
18 3
17 3
18 3
17 3
17 4
16 4
17 4
17 3
17 4
17 5
18 5
18 6
18 5
18 6
18 5
17 5
18 5
18 4
17 4
17 3
17 4
17 3
17 2
17 1
17 2
18 2
17 2
17 3
17 2
17 1
16 1
17 1
17 0
18 0
17 0
16 0
15 0
14 0
15 0
16 0
15 0
14 0
15 0
16 0
16 1
15 1
15 2
14 2
14 3
14 2
14 3
14 4
13 4
13 3
14 3
13 3
13 4
13 5
13 4
13 3
12 3
13 3
14 3
14 2
13 2
14 2
15 2
15 1
16 1
17 1
17 2
18 2
17 2
16 2
16 1
16 2
15 2
15 3
15 4
15 3
16 3
16 2
15 2
14 2
14 1
15 1
16 1
17 1
16 1
16 0
17 0
18 0
19 0
19 1
18 1
18 0
18 1
19 1
20 1
19 1
20 1
20 0
19 0
20 0
19 0
19 1
20 1
21 1
20 1
20 0
20 1
21 1
21 2
21 3
20 3
20 2
21 2
22 2
22 3
21 3
21 4
21 3
22 3
23 3
23 4
23 5
23 6
23 7
23 6
22 6
21 6
22 6
23 6
22 6
22 5
23 5
24 5
24 4
25 4
26 4
25 4
24 4
24 3
25 3
26 3
26 4
26 5
26 4
26 5
25 5
24 5
23 5
23 6
23 5
23 4
22 4
21 4
20 4
20 5
20 4
19 4
19 3
19 4
19 3
19 4
20 4
19 4
18 4
17 4
17 5
18 5
19 5
19 6
19 7
20 7
19 7
19 8
19 9
18 9
17 9
17 10
17 9
17 8
17 9
17 10
17 9
17 8
16 8
16 9
17 9
18 9
18 10
18 11
18 12
18 13
19 13
19 12
19 11
20 11
20 10
19 10
19 9
20 9
19 9
19 10
20 10
21 10
20 10
20 9
20 8
20 7
20 8
20 9
20 10
19 10
19 11
18 11
17 11
17 12
16 12
16 13
16 14
16 13
17 13
18 13
18 14
19 14
19 13
20 13
20 12
20 13
19 13
19 14
19 15
20 15
20 16
21 16
20 16
19 16
19 17
19 16
19 17
19 16
18 16
19 16
19 15
20 15
20 16
20 15
20 16
20 15
20 14
19 14
20 14
19 14
18 14
18 13
18 12
19 12
19 13
20 13
20 14
20 15
19 15
20 15
21 15
21 14
22 14
23 14
23 13
22 13
23 13
24 13
24 14
23 14
23 13
23 12
24 12
24 13
24 14
25 14
26 14
25 14
24 14
24 15
24 16
24 15
23 15
23 14
22 14
23 14
23 13
23 14
23 15
22 15
22 14
22 15
23 15
23 16
22 16
21 16
20 16
20 15
20 16
21 16
21 15
21 16
21 15
22 15
22 16
22 15
21 15
21 14
22 14
22 13
21 13
21 12
20 12
20 13
19 13
19 14
18 14
19 14
19 13
19 14
19 13
19 14
18 14
18 13
18 14
19 14
18 14
18 15
17 15
17 14
17 15
17 16
17 17
18 17
19 17
19 16
20 16
19 16
19 17
19 16
20 16
19 16
18 16
17 16
17 15
17 14
18 14
19 14
19 13
18 13
18 14
18 15
18 14
19 14
18 14
18 15
18 14
17 14
18 14
18 15
17 15
16 15
16 16
16 15
17 15
17 14
17 15
17 16
17 15
16 15
17 15
17 16
17 17
17 16
17 15
17 14
17 13
18 13
17 13
18 13
19 13
20 13
21 13
21 12
21 13
21 12
21 11
20 11
19 11
20 11
20 12
21 12
20 12
20 11
19 11
18 11
18 10
18 11
18 10
19 10
19 9
18 9
19 9
18 9
18 10
17 10
17 9
18 9
18 8
19 8
19 7
18 7
19 7
19 8
19 7
18 7
18 8
19 8
20 8
20 9
20 8
21 8
21 7
20 7
21 7
21 6
21 7
20 7
19 7
20 7
19 7
20 7
20 6
20 5
19 5
19 6
19 5
20 5
20 4
20 5
20 6
20 5
21 5
21 6
20 6
21 6
22 6
22 5
23 5
23 4
23 3
23 4
23 5
23 4
23 3
23 2
24 2
24 3
24 2
25 2
26 2
27 2
28 2
29 2
30 2
29 2
28 2
28 3
28 4
29 4
29 5
29 4
30 4
29 4
28 4
27 4
27 5
27 4
27 5
26 5
25 5
24 5
24 6
23 6
23 7
24 7
24 8
24 7
24 6
24 7
23 7
23 8
22 8
23 8
24 8
24 9
23 9
23 10
23 9
24 9
25 9
24 9
24 8
23 8
23 7
23 8
22 8
21 8
20 8
20 7
19 7
19 8
18 8
17 8
16 8
15 8
16 8
17 8
17 9
17 8
17 9
18 9
18 10
18 11
18 12
18 13
19 13
19 14
20 14
19 14
18 14
18 15
19 15
20 15
21 15
20 15
19 15
19 16
20 16
20 15
19 15
19 16
19 17
18 17
19 17
19 16
18 16
18 15
19 15
20 15
21 15
20 15
21 15
21 14
22 14
22 15
22 14
23 14
23 13
24 13
23 13
22 13
23 13
22 13
21 13
22 13
21 13
22 13
21 13
20 13
19 13
19 14
18 14
19 14
20 14
20 13
19 13
19 14
19 13
19 12
19 11
20 11
20 12
19 12
18 12
19 12
18 12
17 12
18 12
18 13
17 13
17 12
18 12
18 11
19 11
19 12
19 11
19 10
20 10
20 11
19 11
19 12
19 13
18 13
19 13
18 13
19 13
20 13
21 13
21 14
22 14
22 13
22 12
23 12
24 12
25 12
24 12
25 12
26 12
26 13
26 12
27 12
28 12
28 11
27 11
27 12
27 13
28 13
29 13
28 13
28 12
28 11
29 11
30 11
29 11
29 10
28 10
29 10
30 10
30 9
30 8
30 7
30 6
30 7
31 7
32 7
32 6
32 5
33 5
33 4
33 5
33 4
32 4
33 4
33 5
33 6
33 5
33 6
32 6
32 5
31 5
30 5
30 4
30 3
31 3
31 2
31 1
31 2
31 1
32 1
31 1
32 1
32 2
33 2
33 1
33 0
33 1
32 1
33 1
33 0
33 1
33 0
33 1
33 2
32 2
33 2
33 3
34 3
35 3
36 3
36 2
36 3
36 4
37 4
36 4
37 4
36 4
36 5
36 4
37 4
38 4
38 3
38 4
39 4
38 4
39 4
39 5
39 6
38 6
39 6
38 6
37 6
36 6
37 6
37 5
37 4
36 4
36 3
37 3
36 3
37 3
37 4
36 4
36 3
37 3
36 3
36 4
36 5
35 5
36 5
36 6
37 6
37 7
37 6
37 5
38 5
38 4
38 5
38 4
37 4
36 4
35 4
34 4
34 5
34 4
35 4
34 4
34 5
34 6
34 5
35 5
35 6
35 5
36 5
35 5
34 5
34 4
35 4
35 5
34 5
33 5
33 6
33 5
33 6
32 6
31 6
31 5
31 4
32 4
33 4
34 4
33 4
33 5
33 4
34 4
34 5
34 4
34 5
35 5
36 5
36 6
36 5
37 5
38 5
38 4
38 5
38 4
38 5
38 6
37 6
37 5
37 6
37 7
38 7
38 8
37 8
36 8
36 9
37 9
38 9
37 9
37 8
37 9
36 9
36 10
36 9
35 9
35 8
36 8
35 8
34 8
33 8
34 8
34 9
34 8
34 9
34 10
33 10
33 11
33 10
33 9
34 9
34 8
34 9
35 9
35 8
36 8
36 9
36 8
37 8
38 8
38 9
39 9
38 9
38 8
39 8
40 8
40 7
39 7
39 8
39 9
38 9
38 8
38 9
39 9
38 9
39 9
39 10
38 10
38 9
38 8
38 7
38 8
38 7
37 7
37 8
36 8
35 8
34 8
35 8
35 9
34 9
34 10
34 9
34 10
33 10
34 10
33 10
