0 0
1 0
0 0
1 0
0 0
0 1
1 1
1 0
1 1
1 2
1 3
2 3
3 3
3 2
3 3
4 3
3 3
4 3
5 3
5 2
5 3
5 2
4 2
3 2
3 3
3 2
2 2
2 3
1 3
0 3
0 2
1 2
1 1
2 1
1 1
1 2
1 1
1 0
1 1
1 2
0 2
0 3
1 3
1 4
1 5
1 4
0 4
1 4
1 3
1 4
0 4
1 4
1 5
0 5
0 4
1 4
2 4
2 5
3 5
3 6
3 5
2 5
2 4
3 4
3 3
4 3
3 3
4 3
3 3
2 3
2 4
3 4
3 3
4 3
4 2
5 2
5 3
4 3
3 3
3 4
3 3
4 3
4 2
5 2
5 3
4 3
3 3
3 2
4 2
5 2
4 2
3 2
3 1
2 1
1 1
0 1
0 0
0 1
1 1
1 0
0 0
0 1
1 1
2 1
2 0
1 0
0 0
0 1
1 1
1 0
1 1
1 2
0 2
1 2
1 1
2 1
1 1
1 2
0 2
0 3
0 2
1 2
1 3
1 4
1 5
1 4
1 5
1 6
1 5
2 5
2 6
3 6
4 6
3 6
2 6
1 6
2 6
2 5
2 4
2 5
1 5
0 5
0 6
0 5
1 5
1 6
1 5
1 6
1 5
1 4
0 4
1 4
2 4
2 5
2 6
3 6
3 7
2 7
2 8
3 8
3 7
3 8
2 8
1 8
0 8
0 9
0 10
0 9
0 8
0 9
0 10
0 11
0 10
1 10
2 10
2 11
2 12
2 11
2 10
2 11
2 12
2 13
2 14
1 14
1 15
2 15
3 15
3 16
3 15
2 15
2 16
2 15
3 15
2 15
2 14
2 13
1 13
1 12
1 11
2 11
1 11
2 11
1 11
1 12
1 11
0 11
1 11
1 10
2 10
3 10
3 9
4 9
3 9
2 9
2 8
1 8
1 9
2 9
1 9
2 9
2 10
3 10
3 9
4 9
3 9
2 9
2 10
2 11
3 11
3 10
2 10
3 10
3 11
2 11
2 10
1 10
1 11
1 10
1 9
0 9
0 10
1 10
1 9
2 9
2 8
2 9
1 9
1 8
1 9
1 10
2 10
1 10
1 9
0 9
1 9
2 9
2 10
2 9
3 9
3 8
3 9
3 8
2 8
3 8
4 8
4 7
5 7
5 8
5 7
5 8
4 8
4 7
5 7
5 8
6 8
6 7
6 6
5 6
4 6
3 6
3 5
3 6
3 5
3 4
2 4
2 5
2 4
2 3
2 4
2 3
2 2
2 1
2 0
2 1
3 1
4 1
4 0
3 0
4 0
5 0
4 0
4 1
5 1
5 0
5 1
5 2
5 1
5 0
4 0
4 1
4 0
3 0
3 1
3 0
3 1
3 0
2 0
2 1
2 0
2 1
3 1
2 1
2 2
2 1
3 1
3 0
3 1
3 2
3 1
4 1
4 0
4 1
3 1
2 1
2 2
3 2
3 1
3 2
2 2
2 1
2 2
1 2
2 2
1 2
1 3
2 3
2 4
1 4
0 4
0 3
1 3
1 4
0 4
0 3
1 3
2 3
1 3
0 3
0 4
1 4
2 4
2 3
3 3
4 3
4 4
5 4
6 4
7 4
7 5
8 5
7 5
7 4
7 5
7 6
7 5
6 5
7 5
8 5
7 5
7 4
7 5
7 6
7 7
6 7
6 8
6 9
6 10
5 10
5 9
5 10
6 10
7 10
6 10
6 9
5 9
5 8
5 7
5 8
6 8
7 8
6 8
6 9
6 8
6 9
7 9
7 10
7 11
7 10
6 10
6 9
7 9
7 8
7 7
8 7
7 7
8 7
8 8
8 7
8 6
9 6
8 6
8 7
9 7
9 8
10 8
9 8
9 7
10 7
10 8
9 8
8 8
8 9
8 10
8 9
9 9
9 10
9 9
8 9
8 10
9 10
9 11
9 12
9 11
9 10
9 11
10 11
9 11
8 11
9 11
10 11
10 10
11 10
11 11
11 12
11 11
12 11
12 10
11 10
10 10
11 10
11 11
10 11
11 11
10 11
10 10
9 10
10 10
10 9
10 8
10 7
9 7
8 7
8 6
8 5
9 5
9 4
10 4
9 4
8 4
7 4
7 5
6 5
6 4
5 4
6 4
5 4
6 4
6 3
6 4
6 5
5 5
4 5
5 5
5 6
5 5
4 5
5 5
5 4
5 3
6 3
7 3
8 3
9 3
9 4
9 5
9 4
10 4
10 5
9 5
8 5
8 4
8 3
8 2
9 2
10 2
11 2
12 2
12 3
12 2
13 2
12 2
13 2
13 1
13 2
14 2
15 2
15 3
15 4
15 5
16 5
16 6
17 6
17 5
17 4
17 3
16 3
16 2
16 3
17 3
16 3
16 2
16 1
16 0
15 0
14 0
14 1
14 0
15 0
15 1
14 1
15 1
15 2
15 1
15 0
16 0
16 1
17 1
18 1
18 0
18 1
18 0
17 0
18 0
18 1
17 1
17 0
17 1
18 1
18 2
18 3
18 2
18 1
18 2
18 1
17 1
16 1
16 0
16 1
16 2
16 1
17 1
17 0
17 1
18 1
17 1
17 0
17 1
17 0
17 1
17 2
18 2
18 1
19 1
19 0
19 1
19 0
19 1
19 0
19 1
18 1
18 2
18 3
17 3
16 3
16 2
17 2
17 1
17 0
18 0
18 1
19 1
19 0
19 1
19 0
19 1
18 1
19 1
20 1
20 0
21 0
21 1
21 0
21 1
21 0
20 0
20 1
21 1
21 0
21 1
20 1
20 2
20 1
21 1
21 2
21 3
22 3
21 3
21 4
21 5
21 6
22 6
22 5
21 5
21 6
21 7
20 7
20 6
21 6
21 7
20 7
21 7
20 7
20 6
20 7
19 7
19 8
19 9
19 10
19 9
20 9
21 9
21 10
22 10
23 10
24 10
24 11
24 12
24 13
24 14
25 14
25 15
25 14
25 15
25 16
25 15
26 15
25 15
25 14
26 14
27 14
27 13
26 13
25 13
26 13
26 14
26 15
26 14
27 14
27 15
28 15
28 14
28 13
28 12
29 12
28 12
27 12
28 12
29 12
29 13
30 13
29 13
30 13
30 12
31 12
30 12
29 12
29 13
28 13
29 13
30 13
29 13
30 13
31 13
32 13
32 12
33 12
33 13
34 13
34 14
34 13
35 13
34 13
34 14
34 13
33 13
32 13
31 13
30 13
30 12
31 12
31 11
31 10
31 11
30 11
30 10
29 10
30 10
29 10
29 9
30 9
29 9
29 10
30 10
29 10
28 10
29 10
29 11
29 12
30 12
30 13
30 12
29 12
30 12
30 13
30 14
31 14
32 14
33 14
32 14
33 14
33 15
34 15
35 15
34 15
35 15
36 15
35 15
36 15
36 16
35 16
35 17
35 18
36 18
36 17
36 18
36 17
37 17
38 17
37 17
37 18
37 19
36 19
35 19
34 19
34 20
33 20
33 19
33 18
33 19
33 20
33 21
33 22
33 23
33 22
32 22
32 23
32 24
33 24
33 25
34 25
35 25
34 25
35 25
34 25
33 25
33 26
34 26
35 26
35 25
36 25
36 26
36 25
37 25
36 25
36 26
36 27
37 27
37 26
38 26
38 27
38 26
38 25
38 24
37 24
36 24
37 24
36 24
36 23
35 23
35 22
34 22
34 21
35 21
34 21
35 21
36 21
36 22
36 21
37 21
38 21
37 21
36 21
35 21
35 22
34 22
33 22
34 22
34 23
33 23
33 22
33 23
32 23
32 24
32 23
32 24
32 25
33 25
33 24
34 24
34 23
34 24
34 25
34 24
34 25
33 25
33 24
33 23
33 24
34 24
35 24
34 24
34 25
34 24
35 24
34 24
33 24
33 25
34 25
35 25
36 25
35 25
36 25
36 24
37 24
38 24
39 24
38 24
39 24
39 23
39 24
39 25
39 24
39 23
40 23
41 23
41 24
42 24
41 24
41 25
41 24
41 25
40 25
39 25
38 25
39 25
38 25
38 26
37 26
38 26
37 26
36 26
35 26
35 27
36 27
35 27
34 27
34 28
34 27
34 28
34 27
35 27
36 27
36 26
36 25
36 24
35 24
34 24
35 24
35 23
35 24
35 23
35 24
34 24
34 23
34 24
33 24
32 24
32 23
32 22
31 22
30 22
31 22
31 23
32 23
33 23
33 24
34 24
34 25
33 25
33 26
33 25
32 25
31 25
31 24
32 24
33 24
34 24
33 24
32 24
31 24
30 24
31 24
30 24
30 25
29 25
29 24
29 25
29 24
28 24
27 24
27 23
27 22
27 23
27 22
28 22
29 22
30 22
29 22
29 21
29 20
28 20
29 20
30 20
30 21
30 20
29 20
28 20
28 21
28 22
28 23
28 24
27 24
27 23
28 23
29 23
30 23
29 23
30 23
30 24
30 23
