0 0
0 1
1 1
1 2
0 2
0 1
1 1
0 1
0 2
0 1
1 1
1 0
2 0
2 1
3 1
2 1
2 0
2 1
2 0
2 1
2 2
1 2
1 3
1 2
2 2
3 2
3 3
2 3
2 2
2 3
3 3
3 4
3 3
3 4
2 4
2 5
2 6
1 6
2 6
2 5
1 5
0 5
0 6
0 7
0 6
1 6
1 7
1 6
1 7
2 7
1 7
1 6
1 7
1 8
1 7
1 6
1 7
0 7
1 7
2 7
2 8
3 8
3 9
3 10
2 10
3 10
4 10
5 10
5 9
5 10
5 11
6 11
5 11
5 10
4 10
4 11
4 10
4 11
3 11
4 11
5 11
5 10
4 10
5 10
4 10
4 11
4 12
3 12
3 13
3 12
2 12
2 11
2 10
3 10
3 9
4 9
4 8
3 8
3 9
3 8
3 9
3 10
3 11
3 10
4 10
5 10
6 10
5 10
5 11
4 11
3 11
2 11
3 11
2 11
2 10
2 9
2 8
3 8
4 8
4 9
3 9
2 9
2 10
3 10
3 11
3 10
3 11
3 12
4 12
4 13
4 14
4 15
5 15
5 16
4 16
3 16
3 17
4 17
5 17
5 18
5 17
5 18
5 19
5 18
4 18
4 17
5 17
5 18
5 17
5 18
5 19
5 18
4 18
3 18
2 18
3 18
2 18
3 18
3 17
3 16
3 17
3 16
2 16
2 17
3 17
3 18
4 18
5 18
6 18
6 17
6 16
5 16
6 16
7 16
8 16
9 16
10 16
11 16
10 16
10 15
11 15
11 14
12 14
12 13
12 14
12 13
11 13
11 12
11 13
10 13
10 14
9 14
10 14
10 15
11 15
10 15
11 15
12 15
11 15
11 16
12 16
11 16
11 15
10 15
11 15
11 14
12 14
11 14
11 15
10 15
10 14
10 15
10 16
10 15
10 16
10 17
10 18
11 18
12 18
12 19
11 19
11 18
11 19
11 20
10 20
11 20
12 20
12 21
12 20
11 20
12 20
13 20
12 20
11 20
11 21
11 22
12 22
11 22
10 22
10 21
10 20
10 21
9 21
8 21
7 21
6 21
6 22
5 22
4 22
3 22
2 22
1 22
0 22
1 22
1 21
1 20
1 19
2 19
2 20
1 20
1 21
1 20
1 19
2 19
1 19
1 18
1 19
2 19
2 18
1 18
2 18
1 18
1 17
1 16
2 16
2 17
2 16
1 16
0 16
1 16
1 17
1 16
1 15
2 15
2 16
2 15
3 15
3 16
2 16
2 17
1 17
0 17
1 17
1 16
1 17
2 17
1 17
2 17
1 17
1 16
0 16
0 17
1 17
0 17
0 18
0 19
0 18
0 17
1 17
1 18
1 19
0 19
1 19
1 18
1 19
1 20
2 20
2 21
2 20
1 20
1 21
1 20
0 20
0 19
0 20
1 20
1 21
0 21
1 21
0 21
0 22
0 21
0 22
0 21
1 21
0 21
0 22
1 22
1 21
0 21
1 21
1 20
0 20
0 19
1 19
1 20
1 21
2 21
3 21
3 22
2 22
1 22
2 22
2 23
2 22
3 22
3 23
3 22
4 22
4 21
5 21
6 21
5 21
6 21
5 21
5 22
6 22
5 22
5 23
4 23
3 23
3 22
2 22
2 23
1 23
0 23
0 22
0 23
0 24
0 25
1 25
1 24
0 24
0 25
0 26
1 26
1 27
0 27
0 28
0 27
1 27
1 28
0 28
0 29
0 28
1 28
2 28
1 28
1 29
0 29
0 30
0 29
0 30
1 30
0 30
0 29
1 29
1 28
0 28
0 27
1 27
2 27
1 27
1 26
1 27
1 28
2 28
2 27
3 27
3 26
4 26
4 27
4 26
5 26
6 26
5 26
5 25
4 25
3 25
2 25
3 25
2 25
1 25
1 24
0 24
1 24
1 23
1 22
1 23
1 22
1 21
1 22
0 22
1 22
1 21
1 22
0 22
0 23
0 22
1 22
0 22
1 22
1 23
1 22
2 22
2 23
1 23
2 23
2 22
2 23
2 24
2 25
3 25
3 24
3 23
3 24
4 24
4 23
4 22
3 22
3 23
3 24
4 24
4 23
4 24
5 24
5 23
4 23
5 23
5 22
5 21
5 20
5 19
5 18
5 17
4 17
4 18
5 18
4 18
4 17
5 17
5 18
5 19
4 19
3 19
3 20
3 21
3 22
3 21
4 21
5 21
5 20
4 20
4 19
4 18
5 18
5 19
6 19
6 18
6 17
6 18
6 19
6 18
6 19
6 18
7 18
7 19
6 19
6 20
6 19
6 18
6 19
7 19
8 19
8 20
9 20
9 19
10 19
10 18
10 17
10 18
10 19
11 19
11 18
12 18
13 18
13 17
14 17
15 17
16 17
16 18
17 18
17 17
16 17
15 17
16 17
16 16
16 15
16 16
15 16
15 17
14 17
14 18
14 19
14 20
15 20
16 20
15 20
14 20
13 20
13 21
13 20
13 21
14 21
14 22
14 21
15 21
15 22
15 23
15 24
16 24
16 23
16 24
16 23
16 24
15 24
16 24
16 23
17 23
17 24
17 23
17 24
16 24
16 23
16 24
16 23
17 23
17 24
17 23
17 22
17 23
16 23
17 23
17 24
18 24
18 23
17 23
18 23
18 24
18 23
17 23
16 23
17 23
18 23
18 24
18 23
19 23
19 24
19 25
18 25
19 25
19 24
18 24
18 25
19 25
19 26
20 26
19 26
19 25
20 25
21 25
20 25
20 24
20 23
20 22
20 21
21 21
20 21
19 21
19 20
18 20
19 20
19 19
19 20
19 21
20 21
20 22
19 22
19 21
20 21
20 22
21 22
20 22
21 22
22 22
21 22
22 22
21 22
20 22
21 22
22 22
22 21
22 22
22 23
23 23
24 23
24 22
24 23
24 22
25 22
26 22
26 21
26 22
27 22
26 22
26 23
27 23
26 23
26 22
26 23
25 23
25 22
24 22
24 21
24 22
24 23
23 23
23 24
24 24
24 23
25 23
26 23
26 24
26 25
25 25
25 26
25 25
24 25
24 26
24 27
23 27
23 26
23 27
23 26
22 26
22 25
22 24
22 25
21 25
21 24
22 24
22 23
22 22
21 22
22 22
21 22
22 22
23 22
22 22
22 21
21 21
22 21
22 22
22 21
21 21
21 22
21 23
22 23
23 23
23 24
24 24
23 24
24 24
23 24
23 25
24 25
23 25
22 25
21 25
22 25
23 25
23 26
22 26
23 26
23 25
24 25
24 26
24 25
23 25
23 26
22 26
22 27
22 26
21 26
22 26
22 25
22 24
23 24
23 23
23 24
23 25
24 25
25 25
25 24
24 24
24 23
24 24
24 25
23 25
22 25
21 25
22 25
23 25
23 24
22 24
22 25
22 26
22 27
22 28
22 27
22 28
22 29
22 30
21 30
21 29
21 30
22 30
22 31
23 31
22 31
23 31
24 31
24 30
23 30
22 30
22 31
21 31
21 30
22 30
22 31
23 31
22 31
21 31
20 31
20 30
21 30
21 31
20 31
20 32
21 32
21 31
21 32
21 31
21 30
21 31
22 31
22 32
22 33
22 34
22 33
21 33
22 33
22 34
22 35
22 36
22 35
22 34
21 34
21 35
20 35
20 34
20 33
20 34
20 33
20 32
21 32
20 32
20 33
20 34
20 33
21 33
21 32
21 33
21 32
21 31
21 32
21 31
21 32
21 33
22 33
22 32
22 31
22 30
22 29
21 29
22 29
23 29
22 29
21 29
22 29
21 29
22 29
22 30
22 29
23 29
23 30
23 29
22 29
23 29
22 29
22 30
22 29
22 28
23 28
23 29
23 30
24 30
25 30
25 31
25 30
25 29
25 28
24 28
25 28
25 29
25 30
24 30
24 31
24 30
25 30
24 30
23 30
24 30
24 31
25 31
25 32
24 32
25 32
26 32
26 31
27 31
27 30
28 30
27 30
28 30
27 30
27 31
27 30
27 29
28 29
28 30
28 31
27 31
28 31
28 32
28 33
29 33
29 34
30 34
30 33
31 33
32 33
32 32
32 31
32 32
32 33
31 33
31 32
31 33
31 34
32 34
32 35
33 35
33 36
34 36
34 37
34 36
33 36
32 36
33 36
34 36
35 36
34 36
34 37
34 38
33 38
33 37
32 37
31 37
31 36
32 36
33 36
33 35
33 34
33 35
33 34
33 35
33 34
33 35
33 34
32 34
31 34
31 35
31 36
32 36
32 37
32 36
32 37
33 37
33 38
33 37
33 38
33 37
33 36
33 35
32 35
31 35
30 35
31 35
31 36
32 36
31 36
31 35
30 35
29 35
29 36
28 36
28 35
27 35
28 35
28 36
29 36
29 35
28 35
28 36
28 37
27 37
26 37
25 37
25 38
25 37
24 37
24 38
25 38
24 38
25 38
25 37
25 36
25 35
25 36
