0 0
0 1
0 2
0 1
1 1
1 2
1 1
1 0
1 1
0 1
1 1
1 2
0 2
0 1
1 1
2 1
2 2
2 3
2 2
1 2
1 3
0 3
1 3
2 3
2 4
2 3
1 3
1 4
1 5
2 5
2 4
2 3
2 4
3 4
3 5
2 5
2 4
2 3
3 3
2 3
2 2
2 3
2 4
3 4
4 4
4 3
4 4
3 4
3 5
4 5
3 5
3 4
3 5
3 4
3 3
2 3
3 3
2 3
2 2
1 2
0 2
0 3
0 2
0 3
0 2
1 2
1 3
1 4
2 4
2 5
2 6
1 6
1 7
1 8
0 8
0 7
0 8
0 9
0 8
0 9
1 9
2 9
1 9
1 8
2 8
3 8
3 7
3 8
3 7
3 6
4 6
5 6
6 6
6 7
6 6
5 6
5 7
4 7
3 7
3 8
3 7
4 7
4 6
4 5
4 4
5 4
5 3
6 3
7 3
8 3
8 2
9 2
10 2
10 1
10 0
10 1
10 0
11 0
11 1
11 2
10 2
11 2
11 3
10 3
10 4
11 4
12 4
12 3
11 3
12 3
12 2
11 2
11 1
11 2
11 3
11 2
10 2
11 2
11 3
10 3
9 3
8 3
8 4
7 4
7 5
7 6
7 7
7 6
8 6
9 6
9 5
8 5
8 4
7 4
6 4
7 4
8 4
8 5
8 6
8 7
8 6
9 6
9 5
9 6
9 7
9 6
10 6
10 5
9 5
9 4
8 4
9 4
9 5
9 6
9 7
9 8
9 9
8 9
7 9
7 8
6 8
6 9
6 8
7 8
8 8
8 9
7 9
7 8
6 8
7 8
7 7
6 7
5 7
5 6
4 6
4 5
4 4
4 5
3 5
3 4
2 4
1 4
1 5
1 6
0 6
1 6
1 5
1 4
0 4
1 4
1 3
0 3
1 3
0 3
1 3
1 2
1 3
0 3
0 4
0 5
1 5
1 6
2 6
2 5
2 4
1 4
2 4
2 5
2 6
2 5
2 6
1 6
1 5
1 4
1 5
1 6
1 5
2 5
2 6
2 5
2 6
2 5
1 5
1 6
1 5
0 5
1 5
2 5
2 6
1 6
1 7
1 8
0 8
0 7
0 6
0 7
1 7
1 6
0 6
0 5
0 6
1 6
2 6
2 7
2 8
2 7
2 6
2 5
2 6
2 7
1 7
2 7
1 7
1 8
2 8
3 8
3 9
4 9
5 9
5 10
4 10
4 9
3 9
2 9
3 9
4 9
3 9
2 9
2 10
3 10
4 10
4 11
4 10
3 10
3 11
3 12
4 12
4 13
3 13
3 14
2 14
2 13
2 12
1 12
1 13
0 13
1 13
1 12
2 12
2 11
3 11
2 11
1 11
1 10
2 10
3 10
3 11
2 11
3 11
4 11
4 10
3 10
4 10
4 9
4 8
3 8
4 8
3 8
2 8
2 9
2 10
2 11
3 11
4 11
3 11
3 12
3 11
2 11
2 10
2 9
2 8
3 8
3 9
4 9
5 9
6 9
6 8
6 9
6 10
5 10
6 10
7 10
8 10
7 10
6 10
6 9
7 9
7 10
7 11
7 12
8 12
8 13
7 13
7 14
7 13
7 14
8 14
8 15
9 15
8 15
8 16
8 15
7 15
8 15
7 15
8 15
9 15
10 15
10 16
10 17
10 16
10 15
11 15
12 15
13 15
13 14
12 14
13 14
12 14
12 15
12 14
12 15
11 15
11 14
11 15
10 15
10 16
9 16
10 16
10 17
9 17
8 17
9 17
9 16
10 16
10 17
10 18
10 19
9 19
8 19
7 19
6 19
6 20
6 19
7 19
6 19
5 19
5 20
5 19
6 19
7 19
7 18
6 18
6 17
6 18
6 17
5 17
5 18
4 18
3 18
3 19
3 20
3 21
4 21
4 22
4 21
3 21
2 21
3 21
4 21
4 22
5 22
5 23
6 23
5 23
5 24
5 25
6 25
7 25
7 24
8 24
7 24
7 25
6 25
5 25
4 25
5 25
5 24
5 25
5 24
6 24
6 25
5 25
6 25
6 26
7 26
6 26
6 25
6 26
6 25
7 25
8 25
8 24
8 25
9 25
8 25
9 25
8 25
9 25
9 26
8 26
8 27
8 26
8 27
8 28
9 28
9 29
10 29
10 30
11 30
11 31
11 32
12 32
12 31
13 31
14 31
14 32
13 32
14 32
13 32
13 31
13 30
12 30
13 30
14 30
15 30
14 30
13 30
14 30
15 30
14 30
13 30
14 30
13 30
14 30
14 31
14 30
13 30
13 29
12 29
12 30
11 30
10 30
9 30
10 30
11 30
11 29
11 28
11 29
12 29
12 28
12 29
12 30
13 30
13 29
13 28
14 28
14 29
13 29
13 28
13 27
13 28
13 29
12 29
12 30
13 30
13 31
12 31
11 31
11 32
11 33
11 34
12 34
13 34
14 34
15 34
15 33
16 33
16 34
15 34
15 35
14 35
15 35
14 35
14 36
15 36
15 37
14 37
15 37
15 36
16 36
17 36
17 35
17 34
17 33
18 33
19 33
20 33
20 32
19 32
19 33
18 33
19 33
20 33
21 33
20 33
21 33
21 34
21 33
20 33
20 34
19 34
20 34
19 34
19 35
19 36
20 36
19 36
20 36
21 36
22 36
21 36
20 36
20 37
19 37
20 37
20 38
20 37
20 38
20 37
21 37
21 38
20 38
21 38
20 38
20 39
19 39
19 38
19 39
20 39
20 40
21 40
22 40
22 41
22 40
22 39
23 39
22 39
23 39
24 39
23 39
24 39
25 39
24 39
24 40
24 41
23 41
22 41
22 40
22 39
22 38
22 37
22 38
23 38
23 39
23 38
23 39
22 39
23 39
24 39
24 38
24 39
24 38
24 39
24 40
25 40
25 39
25 40
25 39
26 39
25 39
25 40
25 41
24 41
24 42
24 41
25 41
24 41
24 42
23 42
22 42
21 42
20 42
20 43
21 43
22 43
21 43
20 43
20 44
21 44
20 44
20 45
20 44
20 45
20 46
19 46
20 46
21 46
21 47
22 47
22 46
23 46
22 46
23 46
23 45
23 46
23 45
22 45
22 46
22 47
22 48
23 48
24 48
24 47
25 47
25 48
25 47
24 47
23 47
24 47
23 47
24 47
25 47
25 46
25 47
26 47
27 47
27 46
27 45
28 45
28 46
28 47
28 48
29 48
30 48
30 47
30 46
29 46
28 46
27 46
27 45
28 45
28 46
28 47
28 48
29 48
30 48
30 49
31 49
31 50
31 49
31 50
30 50
30 49
30 50
30 49
30 50
31 50
31 51
31 50
31 51
31 52
32 52
31 52
31 53
31 54
30 54
31 54
30 54
29 54
29 53
29 54
28 54
27 54
28 54
28 55
28 56
27 56
27 57
27 58
26 58
26 59
27 59
27 60
27 59
26 59
25 59
25 58
26 58
26 59
26 60
26 61
25 61
25 62
25 61
25 60
25 59
25 60
26 60
26 61
26 62
27 62
27 63
28 63
28 64
27 64
27 63
27 62
27 63
27 62
28 62
28 61
27 61
27 62
27 63
26 63
26 64
26 63
26 64
26 63
26 64
25 64
25 63
24 63
25 63
25 62
26 62
26 63
26 62
27 62
27 63
27 62
26 62
27 62
27 61
27 60
27 61
28 61
27 61
28 61
28 60
27 60
28 60
29 60
29 61
29 60
29 61
28 61
27 61
27 60
26 60
27 60
26 60
27 60
28 60
29 60
29 61
30 61
31 61
31 60
31 59
31 60
31 61
31 62
32 62
32 63
32 62
31 62
32 62
31 62
31 63
30 63
31 63
32 63
33 63
33 62
33 61
33 60
32 60
33 60
32 60
31 60
31 61
32 61
32 60
32 61
32 62
32 63
33 63
33 64
32 64
32 63
33 63
34 63
35 63
34 63
34 62
34 63
35 63
34 63
34 62
34 63
34 62
34 63
34 64
33 64
34 64
34 65
34 66
34 67
34 68
34 67
34 68
35 68
36 68
35 68
35 67
35 68
36 68
37 68
37 69
38 69
38 70
37 70
36 70
35 70
34 70
35 70
36 70
36 69
37 69
37 70
36 70
36 71
36 72
36 71
35 71
34 71
34 72
34 71
33 71
34 71
33 71
32 71
33 71
32 71
32 70
32 71
31 71
32 71
33 71
33 70
32 70
32 69
33 69
33 70
33 71
34 71
34 70
34 69
33 69
34 69
35 69
34 69
34 68
34 69
34 68
35 68
36 68
36 67
36 68
36 69
35 69
35 70
35 69
35 68
35 69
35 70
36 70
36 71
35 71
34 71
35 71
35 72
35 73
34 73
34 74
35 74
35 73
35 72
36 72
36 73
35 73
36 73
36 74
36 75
35 75
35 74
35 73
35 72
35 73
35 74
35 75
34 75
35 75
35 76
34 76
35 76
35 77
35 76
