0 0
1 0
0 0
0 1
0 0
0 1
0 0
0 1
1 1
2 1
2 2
1 2
0 2
1 2
0 2
1 2
0 2
1 2
0 2
0 1
0 0
0 1
1 1
1 2
1 1
0 1
0 2
0 1
1 1
0 1
1 1
1 0
1 1
0 1
1 1
0 1
1 1
0 1
1 1
1 0
0 0
0 1
0 2
1 2
1 3
2 3
2 4
2 3
2 2
2 3
3 3
3 4
3 5
4 5
4 4
5 4
5 3
5 2
5 3
6 3
6 2
7 2
7 1
7 2
8 2
9 2
8 2
7 2
6 2
6 1
7 1
8 1
8 2
9 2
9 3
9 4
9 5
8 5
8 4
8 5
8 6
8 7
8 8
8 7
7 7
7 6
8 6
8 7
8 8
8 9
7 9
7 10
8 10
8 9
8 10
8 11
8 12
8 13
7 13
7 12
7 11
8 11
9 11
10 11
11 11
11 10
12 10
11 10
11 11
11 10
11 9
11 8
10 8
10 9
9 9
10 9
10 10
10 9
10 8
10 9
11 9
11 10
11 9
11 8
11 7
11 6
11 5
11 4
11 5
12 5
12 4
13 4
13 5
14 5
14 4
14 5
15 5
15 6
14 6
14 5
14 4
13 4
12 4
13 4
14 4
15 4
15 3
15 4
14 4
14 3
14 4
14 5
14 4
15 4
16 4
16 3
15 3
16 3
15 3
15 2
16 2
17 2
17 3
18 3
18 2
17 2
17 3
17 2
17 3
16 3
16 4
15 4
15 3
15 2
15 1
15 2
15 3
16 3
16 2
17 2
17 1
16 1
16 0
16 1
17 1
18 1
18 2
19 2
18 2
18 3
18 2
17 2
17 3
17 2
17 1
17 0
16 0
16 1
17 1
17 2
16 2
17 2
16 2
17 2
16 2
17 2
16 2
17 2
17 3
17 2
16 2
16 1
16 0
17 0
18 0
17 0
16 0
16 1
17 1
16 1
16 0
16 1
17 1
17 0
17 1
18 1
19 1
19 0
20 0
21 0
22 0
22 1
22 2
22 3
22 4
23 4
24 4
24 5
25 5
25 4
24 4
23 4
24 4
24 3
24 2
25 2
25 1
24 1
24 0
23 0
23 1
23 0
23 1
22 1
22 0
21 0
21 1
20 1
20 2
19 2
19 1
19 2
20 2
19 2
19 3
19 4
19 5
19 4
18 4
18 5
18 4
18 5
18 6
17 6
16 6
17 6
18 6
18 5
18 6
19 6
19 5
18 5
18 6
18 7
18 8
18 7
18 6
18 7
18 8
18 9
19 9
18 9
18 8
17 8
17 7
17 6
18 6
17 6
17 7
17 6
17 7
17 6
18 6
18 5
18 6
19 6
18 6
18 5
19 5
20 5
20 6
20 7
21 7
21 8
21 7
20 7
20 8
19 8
20 8
21 8
21 9
21 8
22 8
21 8
20 8
19 8
19 7
19 6
20 6
20 7
19 7
20 7
20 8
21 8
20 8
20 9
20 10
20 11
21 11
20 11
20 12
19 12
19 11
19 12
20 12
20 11
20 12
21 12
21 11
22 11
21 11
21 12
20 12
20 11
20 10
20 11
21 11
21 10
22 10
23 10
22 10
23 10
23 9
22 9
22 8
22 9
21 9
22 9
21 9
22 9
23 9
22 9
21 9
22 9
22 10
23 10
22 10
21 10
21 11
21 12
20 12
20 13
20 14
19 14
18 14
17 14
16 14
15 14
15 13
15 14
16 14
16 15
16 14
15 14
15 15
15 14
16 14
16 15
15 15
16 15
16 16
16 17
16 16
16 17
16 18
17 18
17 19
18 19
19 19
19 18
19 17
18 17
18 18
17 18
18 18
19 18
18 18
19 18
19 17
18 17
18 18
17 18
17 17
18 17
19 17
19 16
20 16
21 16
21 17
22 17
23 17
22 17
22 16
22 15
21 15
21 14
22 14
22 13
21 13
21 12
21 13
21 14
20 14
21 14
21 13
20 13
20 12
21 12
21 13
21 14
21 15
20 15
21 15
22 15
21 15
21 14
21 13
21 12
21 13
21 14
21 15
22 15
22 16
23 16
22 16
23 16
24 16
24 15
25 15
25 14
24 14
25 14
25 15
25 14
26 14
26 13
26 12
26 13
26 14
26 13
27 13
28 13
28 12
28 11
29 11
30 11
30 12
30 13
30 14
31 14
32 14
31 14
31 15
30 15
29 15
29 16
30 16
31 16
31 15
32 15
33 15
34 15
35 15
35 16
34 16
35 16
36 16
36 15
36 16
36 15
35 15
36 15
37 15
37 14
37 15
37 16
38 16
38 15
39 15
38 15
38 14
37 14
38 14
39 14
38 14
38 13
38 12
38 11
39 11
39 12
38 12
38 11
39 11
39 12
40 12
41 12
41 11
42 11
43 11
44 11
44 12
44 11
44 12
45 12
45 13
45 12
45 13
46 13
45 13
45 12
44 12
44 11
44 10
43 10
42 10
41 10
42 10
43 10
44 10
43 10
43 11
43 12
42 12
42 13
43 13
42 13
42 14
43 14
43 15
43 14
44 14
44 13
44 12
44 11
44 12
44 11
45 11
46 11
46 10
45 10
46 10
46 9
47 9
48 9
47 9
47 10
46 10
45 10
45 9
45 10
45 11
45 10
46 10
45 10
46 10
47 10
46 10
45 10
45 9
45 8
46 8
47 8
48 8
47 8
48 8
48 7
47 7
47 8
48 8
48 7
47 7
47 8
47 9
48 9
49 9
48 9
48 10
47 10
47 9
47 8
47 7
46 7
46 6
46 7
46 6
45 6
44 6
44 5
44 4
45 4
45 5
45 4
45 5
45 6
45 5
44 5
45 5
45 6
45 7
44 7
44 8
43 8
44 8
45 8
45 7
45 6
44 6
45 6
46 6
45 6
44 6
45 6
44 6
44 7
44 6
44 5
45 5
44 5
44 6
44 7
44 6
44 7
44 6
44 7
44 8
45 8
44 8
43 8
43 9
44 9
45 9
46 9
46 8
45 8
44 8
44 7
43 7
43 8
43 7
42 7
43 7
43 8
44 8
45 8
45 7
45 6
44 6
44 7
44 8
44 7
44 8
45 8
44 8
43 8
44 8
43 8
43 7
42 7
42 8
41 8
41 9
41 8
41 7
41 6
40 6
40 5
40 4
39 4
39 5
39 6
39 7
38 7
37 7
37 6
38 6
38 5
38 4
38 3
39 3
40 3
40 2
40 3
41 3
42 3
41 3
41 4
40 4
40 5
40 6
40 7
41 7
40 7
40 8
40 9
40 10
40 9
40 8
39 8
39 9
39 10
40 10
41 10
41 11
40 11
39 11
39 12
40 12
39 12
38 12
38 13
38 12
39 12
38 12
38 11
37 11
38 11
37 11
37 10
37 11
38 11
38 12
38 11
39 11
38 11
39 11
38 11
39 11
39 12
40 12
39 12
38 12
38 13
39 13
39 12
40 12
41 12
40 12
41 12
41 13
41 14
41 15
41 14
40 14
39 14
40 14
40 15
39 15
39 16
39 17
38 17
39 17
38 17
37 17
38 17
38 18
37 18
38 18
38 19
39 19
40 19
39 19
40 19
40 20
41 20
41 21
41 20
41 21
42 21
42 20
42 19
43 19
43 18
43 17
43 18
42 18
42 17
41 17
42 17
41 17
42 17
42 16
42 17
42 18
43 18
43 19
44 19
44 18
44 19
44 20
44 19
45 19
45 18
46 18
47 18
47 19
47 20
48 20
48 19
49 19
49 20
48 20
48 19
49 19
50 19
50 20
50 19
50 20
50 21
49 21
49 20
48 20
49 20
48 20
49 20
48 20
48 21
48 22
48 23
47 23
46 23
46 22
45 22
45 23
46 23
45 23
46 23
45 23
45 24
45 25
46 25
47 25
47 26
47 25
46 25
46 26
46 25
46 26
45 26
44 26
44 27
45 27
44 27
45 27
45 26
46 26
47 26
47 25
47 24
48 24
47 24
47 25
47 24
48 24
48 23
47 23
48 23
48 22
48 23
49 23
49 24
49 23
49 24
49 25
50 25
50 24
49 24
49 25
48 25
49 25
50 25
49 25
48 25
49 25
48 25
47 25
46 25
46 24
46 23
47 23
48 23
48 22
48 21
49 21
49 22
49 23
49 22
49 23
48 23
47 23
47 22
47 21
47 22
48 22
48 23
48 22
48 21
48 20
48 21
48 22
47 22
46 22
46 23
46 22
45 22
44 22
45 22
45 23
46 23
45 23
44 23
44 22
44 21
44 20
44 21
44 20
43 20
44 20
44 19
43 19
43 18
43 19
43 18
43 19
42 19
41 19
41 20
42 20
43 20
43 19
43 20
44 20
44 21
43 21
43 20
42 20
43 20
43 21
43 20
42 20
43 20
42 20
42 21
42 20
41 20
42 20
42 19
42 18
43 18
42 18
41 18
42 18
42 19
42 20
41 20
41 21
41 22
41 21
41 20
41 21
41 20
