0 0
1 0
1 1
0 1
0 0
0 1
0 2
1 2
1 3
1 2
2 2
2 1
3 1
2 1
3 1
3 0
2 0
3 0
3 1
3 2
3 1
2 1
1 1
2 1
1 1
2 1
2 2
2 3
2 4
3 4
3 5
3 6
2 6
2 7
1 7
0 7
1 7
2 7
2 8
2 9
1 9
1 10
0 10
0 9
1 9
1 8
1 9
0 9
0 10
0 11
0 10
1 10
1 11
1 12
2 12
2 13
2 12
2 13
2 12
1 12
2 12
2 13
2 12
3 12
4 12
5 12
5 11
5 10
5 11
4 11
4 12
3 12
3 11
4 11
5 11
4 11
4 12
4 13
4 12
4 13
4 12
5 12
4 12
4 13
5 13
6 13
6 12
5 12
5 11
6 11
6 10
5 10
5 11
5 10
6 10
5 10
5 9
5 10
5 11
5 12
5 13
5 14
5 15
5 14
5 13
4 13
5 13
5 14
5 15
5 16
6 16
6 15
6 16
6 15
6 14
7 14
7 13
8 13
8 14
8 15
8 14
8 15
7 15
6 15
6 14
5 14
5 15
5 14
5 13
5 14
6 14
6 13
6 12
7 12
8 12
9 12
9 13
9 12
8 12
9 12
9 11
8 11
7 11
7 10
8 10
7 10
8 10
9 10
8 10
8 9
8 8
8 9
8 10
8 9
9 9
9 10
9 9
9 10
10 10
10 11
10 10
10 11
11 11
12 11
12 10
11 10
11 11
12 11
12 10
13 10
14 10
15 10
15 9
15 10
15 11
16 11
16 10
16 9
17 9
17 10
18 10
18 11
18 10
19 10
20 10
19 10
19 11
19 12
18 12
19 12
19 13
19 14
19 13
20 13
19 13
19 14
19 15
19 14
19 15
20 15
20 14
19 14
19 15
18 15
18 14
17 14
16 14
16 13
17 13
16 13
16 14
16 13
17 13
17 12
17 13
18 13
18 14
18 13
17 13
16 13
17 13
17 12
17 13
17 12
18 12
19 12
20 12
20 11
20 10
20 11
21 11
21 12
21 11
21 12
21 13
20 13
20 12
21 12
20 12
20 13
20 12
20 13
19 13
19 12
19 13
19 12
18 12
18 11
18 10
18 9
17 9
17 10
17 11
17 10
18 10
17 10
18 10
19 10
20 10
20 11
20 12
19 12
19 13
19 12
19 13
20 13
20 12
21 12
21 13
22 13
22 12
22 13
21 13
20 13
20 12
20 11
19 11
20 11
19 11
19 10
20 10
20 11
19 11
19 12
19 13
18 13
17 13
18 13
18 12
18 13
17 13
17 12
17 13
18 13
19 13
18 13
17 13
18 13
18 14
18 15
17 15
16 15
16 16
16 15
16 16
16 15
17 15
17 14
18 14
19 14
18 14
18 15
18 16
19 16
19 15
19 16
19 17
18 17
19 17
19 18
18 18
17 18
16 18
15 18
16 18
15 18
16 18
15 18
14 18
13 18
14 18
15 18
16 18
15 18
15 19
16 19
15 19
15 18
15 17
14 17
15 17
15 16
16 16
16 17
16 16
15 16
15 17
15 18
16 18
17 18
17 19
18 19
18 18
19 18
19 19
19 20
19 19
19 20
19 19
20 19
21 19
21 20
21 19
22 19
23 19
22 19
21 19
22 19
22 18
23 18
24 18
25 18
25 17
24 17
23 17
23 18
23 19
23 18
23 17
23 18
23 19
23 20
23 21
22 21
23 21
23 22
24 22
25 22
25 21
25 20
25 19
25 18
25 17
25 18
26 18
26 17
27 17
27 18
27 19
27 18
28 18
29 18
29 19
30 19
30 18
29 18
29 17
28 17
28 16
28 17
28 16
29 16
28 16
28 15
27 15
26 15
25 15
25 16
24 16
25 16
25 15
25 14
24 14
24 15
25 15
24 15
24 16
25 16
25 15
26 15
26 16
26 17
26 16
27 16
26 16
25 16
25 15
25 16
25 17
25 18
25 19
25 18
26 18
26 19
25 19
26 19
27 19
28 19
27 19
27 18
27 19
28 19
27 19
28 19
28 18
28 17
28 18
28 17
29 17
29 18
29 19
29 20
29 19
28 19
28 18
29 18
29 19
30 19
30 20
30 19
30 20
31 20
30 20
30 21
29 21
29 20
28 20
28 19
27 19
26 19
26 20
25 20
24 20
24 19
24 18
24 17
25 17
25 16
25 17
24 17
24 16
25 16
26 16
26 17
27 17
27 18
27 17
28 17
27 17
26 17
26 16
26 17
25 17
25 16
25 17
25 16
25 17
25 16
25 17
26 17
26 18
26 17
25 17
25 18
24 18
23 18
23 17
22 17
22 18
23 18
23 19
22 19
22 20
23 20
24 20
25 20
25 21
24 21
23 21
22 21
23 21
23 20
24 20
25 20
24 20
25 20
24 20
25 20
24 20
24 19
24 18
23 18
23 19
22 19
22 20
23 20
22 20
22 21
23 21
22 21
21 21
20 21
21 21
22 21
21 21
22 21
22 20
22 21
22 22
22 23
22 24
22 25
22 26
22 27
23 27
23 28
23 27
22 27
22 26
23 26
23 25
24 25
24 24
25 24
24 24
24 25
24 24
25 24
25 23
24 23
24 24
24 23
24 24
23 24
22 24
23 24
23 25
22 25
21 25
20 25
19 25
19 26
19 25
19 26
19 27
20 27
19 27
20 27
20 26
21 26
22 26
21 26
21 27
21 26
20 26
20 27
19 27
19 26
19 27
19 28
19 27
20 27
20 28
21 28
22 28
22 29
22 30
23 30
23 29
24 29
24 30
23 30
23 29
24 29
23 29
23 30
24 30
23 30
23 31
24 31
24 32
24 33
23 33
22 33
22 34
22 33
22 32
22 31
21 31
21 30
20 30
20 29
20 28
21 28
21 27
21 28
22 28
21 28
22 28
22 29
22 28
22 29
21 29
20 29
21 29
22 29
22 28
22 29
23 29
24 29
24 28
23 28
24 28
23 28
22 28
21 28
20 28
21 28
21 27
20 27
19 27
20 27
19 27
19 28
18 28
17 28
17 27
18 27
19 27
19 28
20 28
20 29
21 29
21 28
21 29
22 29
23 29
23 28
22 28
23 28
23 29
22 29
22 30
22 29
22 28
21 28
20 28
20 27
21 27
21 26
21 27
22 27
21 27
21 28
22 28
23 28
23 27
23 28
23 27
23 28
23 29
23 28
24 28
23 28
23 27
23 26
22 26
22 25
21 25
22 25
22 26
21 26
22 26
21 26
22 26
22 25
22 24
23 24
22 24
23 24
23 25
24 25
24 26
23 26
23 27
24 27
25 27
25 26
26 26
25 26
25 27
25 28
26 28
27 28
26 28
25 28
24 28
25 28
25 29
25 28
24 28
23 28
22 28
22 27
21 27
20 27
19 27
19 28
19 27
18 27
19 27
19 26
18 26
19 26
18 26
18 25
17 25
16 25
16 26
17 26
17 27
16 27
16 28
16 27
17 27
18 27
18 28
17 28
18 28
19 28
19 27
18 27
18 28
19 28
19 27
19 28
18 28
18 29
18 30
17 30
17 29
17 30
17 31
17 30
17 29
17 28
16 28
17 28
17 27
17 26
18 26
17 26
18 26
19 26
19 25
18 25
18 24
18 25
19 25
18 25
17 25
17 26
16 26
15 26
16 26
16 25
16 24
17 24
17 23
18 23
17 23
17 24
17 23
17 24
17 25
16 25
15 25
15 24
14 24
13 24
13 23
13 22
13 23
14 23
15 23
15 22
16 22
15 22
16 22
16 23
17 23
18 23
18 22
18 21
17 21
16 21
15 21
15 22
15 23
15 22
16 22
16 23
15 23
16 23
16 24
17 24
17 25
17 26
18 26
18 27
17 27
18 27
19 27
19 26
19 27
19 26
20 26
21 26
22 26
22 27
22 28
22 29
22 28
23 28
22 28
23 28
23 27
22 27
21 27
21 28
21 27
20 27
19 27
19 28
18 28
17 28
16 28
16 29
17 29
18 29
19 29
18 29
18 30
18 29
18 30
17 30
18 30
17 30
18 30
18 31
18 30
17 30
18 30
18 29
18 28
17 28
16 28
15 28
14 28
14 27
14 26
14 25
14 24
14 23
15 23
16 23
17 23
17 24
18 24
17 24
17 25
16 25
16 24
16 25
15 25
16 25
15 25
15 26
14 26
14 27
14 28
15 28
14 28
14 27
15 27
16 27
17 27
16 27
17 27
17 28
16 28
16 29
17 29
18 29
17 29
18 29
18 30
18 31
19 31
19 32
18 32
19 32
19 33
18 33
18 32
18 33
19 33
19 34
20 34
19 34
19 35
18 35
18 34
18 35
17 35
17 34
17 35
16 35
16 34
15 34
16 34
17 34
18 34
17 34
17 33
17 34
18 34
19 34
19 33
18 33
17 33
16 33
17 33
18 33
17 33
16 33
17 33
18 33
19 33
20 33
21 33
21 32
22 32
21 32
21 33
22 33
22 32
22 33
22 34
21 34
