0 0
0 1
1 1
2 1
1 1
2 1
2 0
2 1
2 0
3 0
3 1
2 1
1 1
1 2
0 2
1 2
1 1
0 1
0 2
1 2
0 2
1 2
1 3
0 3
0 4
1 4
2 4
1 4
1 5
0 5
1 5
0 5
0 6
1 6
2 6
2 5
2 4
2 3
2 4
3 4
3 5
4 5
3 5
3 4
4 4
5 4
6 4
5 4
5 5
6 5
7 5
7 6
6 6
7 6
7 7
7 8
7 7
7 8
8 8
7 8
7 9
7 10
8 10
8 9
8 10
8 9
7 9
7 8
6 8
6 7
7 7
7 8
8 8
9 8
9 7
8 7
7 7
7 6
7 7
6 7
6 8
6 7
6 6
6 7
7 7
8 7
8 6
7 6
7 7
7 8
7 9
6 9
6 10
5 10
5 11
6 11
5 11
5 12
4 12
4 13
4 14
5 14
4 14
4 15
4 16
5 16
4 16
3 16
3 17
2 17
2 18
1 18
0 18
0 19
0 20
1 20
1 19
1 20
0 20
1 20
1 21
1 20
1 21
0 21
0 20
0 19
1 19
2 19
1 19
0 19
1 19
0 19
0 18
1 18
1 19
0 19
1 19
1 20
0 20
1 20
1 19
2 19
1 19
2 19
1 19
1 18
2 18
1 18
1 17
2 17
2 18
1 18
0 18
0 17
1 17
0 17
1 17
1 18
0 18
1 18
0 18
1 18
1 19
1 20
1 21
1 22
1 23
0 23
1 23
1 24
1 25
2 25
2 24
1 24
1 25
1 24
1 25
1 26
1 27
1 28
1 27
1 28
1 27
2 27
2 28
3 28
3 29
3 28
4 28
5 28
6 28
6 29
6 30
5 30
5 31
4 31
4 30
3 30
2 30
1 30
2 30
1 30
1 29
0 29
1 29
0 29
1 29
0 29
1 29
2 29
3 29
3 28
3 27
4 27
3 27
3 28
2 28
2 29
1 29
1 28
1 29
0 29
0 30
1 30
1 29
1 30
1 29
0 29
1 29
2 29
1 29
2 29
2 28
3 28
2 28
2 29
1 29
0 29
1 29
2 29
3 29
2 29
2 28
1 28
2 28
3 28
4 28
4 29
4 30
4 29
5 29
5 28
6 28
6 27
7 27
8 27
8 28
8 27
7 27
8 27
7 27
8 27
8 26
9 26
9 25
9 24
9 25
9 26
10 26
11 26
12 26
12 27
13 27
13 26
12 26
12 27
11 27
10 27
10 28
10 29
10 28
10 29
10 30
9 30
10 30
10 31
10 30
9 30
8 30
8 29
8 30
9 30
9 29
9 30
8 30
8 29
7 29
6 29
6 28
6 29
6 28
5 28
6 28
6 27
7 27
7 26
6 26
6 27
6 26
7 26
7 27
7 26
8 26
9 26
9 27
10 27
10 28
9 28
8 28
9 28
8 28
8 29
9 29
10 29
11 29
11 28
10 28
10 29
11 29
11 30
12 30
12 31
12 32
12 31
13 31
13 32
12 32
12 33
13 33
14 33
14 34
13 34
12 34
12 33
12 34
12 33
12 32
12 33
12 34
11 34
11 33
10 33
9 33
9 32
10 32
10 33
11 33
10 33
9 33
9 34
9 35
10 35
9 35
9 34
8 34
8 33
8 32
7 32
7 33
6 33
6 32
6 33
6 32
6 31
6 32
7 32
8 32
9 32
9 33
9 32
9 33
9 32
9 31
9 30
9 29
10 29
10 30
10 29
10 30
10 29
11 29
12 29
12 30
12 29
11 29
12 29
13 29
13 30
13 29
12 29
12 28
11 28
11 27
12 27
11 27
11 26
10 26
10 27
11 27
11 28
11 29
11 28
12 28
12 29
12 30
13 30
13 31
13 32
13 31
14 31
13 31
13 32
13 33
13 32
13 31
14 31
15 31
15 30
15 31
15 30
16 30
17 30
18 30
17 30
17 31
17 30
17 29
16 29
15 29
14 29
15 29
14 29
15 29
15 30
15 29
15 28
16 28
15 28
14 28
13 28
13 29
14 29
13 29
13 30
13 31
13 30
13 29
14 29
14 28
13 28
12 28
11 28
11 29
11 30
12 30
12 29
12 30
13 30
13 31
13 30
14 30
13 30
12 30
13 30
13 31
12 31
12 32
11 32
11 33
11 32
10 32
9 32
10 32
9 32
10 32
9 32
8 32
8 33
7 33
6 33
5 33
5 34
5 35
6 35
5 35
5 34
5 35
6 35
5 35
5 34
5 35
5 36
5 37
5 36
5 37
5 38
4 38
5 38
6 38
6 37
5 37
5 36
6 36
6 37
5 37
5 38
4 38
3 38
3 37
4 37
3 37
3 38
4 38
5 38
4 38
5 38
5 39
5 40
6 40
6 41
7 41
8 41
8 42
8 41
7 41
8 41
8 40
8 39
9 39
9 38
10 38
11 38
11 37
11 38
11 39
10 39
10 38
11 38
12 38
13 38
14 38
14 39
15 39
15 40
14 40
15 40
14 40
15 40
16 40
15 40
15 39
16 39
16 38
15 38
15 37
15 36
16 36
17 36
16 36
16 35
17 35
17 36
17 35
16 35
16 36
15 36
16 36
16 37
16 38
17 38
17 39
17 38
17 37
17 38
17 37
17 38
17 39
17 38
16 38
17 38
18 38
17 38
17 39
18 39
18 40
18 39
18 38
18 39
19 39
18 39
19 39
19 40
20 40
20 41
19 41
19 40
20 40
19 40
19 41
18 41
18 40
19 40
20 40
20 41
20 40
20 41
20 40
21 40
21 41
22 41
22 40
22 41
22 40
21 40
21 41
21 42
20 42
20 43
20 42
21 42
21 43
21 44
20 44
19 44
19 45
18 45
19 45
20 45
20 46
20 45
19 45
19 46
18 46
17 46
17 47
17 46
16 46
16 47
15 47
15 48
15 49
15 50
15 51
16 51
16 52
16 51
17 51
17 50
18 50
19 50
19 49
18 49
19 49
19 48
19 47
19 46
20 46
20 45
20 46
21 46
21 47
22 47
22 48
23 48
23 47
23 48
24 48
24 49
24 48
25 48
25 47
24 47
24 48
23 48
22 48
22 49
21 49
21 50
21 49
21 48
22 48
22 49
22 50
22 49
23 49
24 49
24 48
24 49
24 48
24 49
25 49
25 50
26 50
27 50
26 50
26 51
27 51
27 52
27 53
27 54
27 55
27 54
27 55
27 54
27 53
28 53
28 54
28 53
28 54
28 55
28 56
27 56
26 56
25 56
25 57
25 56
24 56
24 57
23 57
23 58
24 58
24 57
25 57
25 56
24 56
24 55
24 54
24 55
23 55
24 55
24 54
24 55
25 55
25 54
25 53
24 53
23 53
24 53
25 53
26 53
25 53
25 54
25 53
26 53
27 53
26 53
26 52
27 52
28 52
27 52
27 51
27 50
27 51
27 52
26 52
26 51
25 51
24 51
23 51
23 50
23 51
24 51
25 51
25 50
26 50
25 50
26 50
26 51
25 51
24 51
25 51
26 51
25 51
25 52
25 51
25 52
25 53
24 53
25 53
26 53
26 52
26 51
25 51
26 51
25 51
24 51
23 51
23 50
24 50
23 50
24 50
24 49
25 49
25 48
25 47
25 46
24 46
23 46
24 46
24 45
24 46
24 45
24 44
23 44
23 45
22 45
23 45
22 45
21 45
21 44
20 44
19 44
19 43
18 43
19 43
18 43
18 44
19 44
18 44
18 45
18 44
19 44
20 44
20 45
21 45
22 45
22 46
22 47
23 47
23 46
24 46
23 46
23 45
23 46
23 45
24 45
24 44
23 44
23 45
23 44
24 44
23 44
23 43
23 44
24 44
25 44
25 43
24 43
23 43
23 44
23 43
22 43
21 43
21 44
22 44
21 44
21 43
22 43
21 43
22 43
23 43
23 44
22 44
22 45
22 44
22 45
22 44
21 44
20 44
20 45
20 44
20 45
20 46
20 47
19 47
18 47
18 48
18 47
19 47
20 47
20 48
21 48
22 48
22 49
22 50
23 50
24 50
24 49
25 49
25 50
26 50
27 50
27 51
28 51
29 51
29 52
30 52
31 52
30 52
30 51
31 51
31 50
31 49
31 48
30 48
30 47
29 47
29 48
29 49
29 50
28 50
28 49
28 48
29 48
29 49
30 49
30 48
29 48
30 48
29 48
29 49
29 50
29 49
29 48
29 47
29 46
28 46
29 46
30 46
29 46
29 47
30 47
30 46
31 46
31 47
32 47
32 48
32 47
31 47
32 47
32 46
32 47
32 48
31 48
30 48
30 47
30 46
31 46
30 46
30 47
31 47
31 48
31 47
32 47
32 46
33 46
33 45
33 46
32 46
32 45
32 46
32 47
33 47
33 48
33 49
32 49
33 49
33 48
33 47
33 48
33 47
33 48
32 48
32 49
32 48
32 47
33 47
32 47
31 47
31 48
31 47
30 47
29 47
29 48
30 48
29 48
30 48
29 48
28 48
28 49
