0 0
0 1
0 2
1 2
0 2
1 2
1 1
1 2
0 2
1 2
2 2
1 2
1 1
1 2
0 2
1 2
0 2
1 2
0 2
1 2
1 3
1 4
1 3
1 2
1 3
2 3
2 2
2 3
2 2
2 3
2 4
2 5
2 6
1 6
1 5
0 5
0 6
1 6
0 6
0 7
1 7
1 6
1 7
2 7
1 7
1 6
1 7
0 7
1 7
0 7
1 7
1 6
1 5
0 5
0 4
1 4
1 3
2 3
1 3
1 2
0 2
0 3
0 4
1 4
0 4
0 5
1 5
1 4
1 5
1 6
1 5
1 6
2 6
3 6
2 6
1 6
0 6
1 6
1 7
2 7
1 7
0 7
1 7
0 7
1 7
1 6
2 6
2 7
3 7
3 6
2 6
2 7
3 7
3 8
2 8
2 7
2 6
2 5
2 6
1 6
1 5
2 5
3 5
4 5
4 6
5 6
4 6
5 6
5 7
5 6
4 6
5 6
6 6
6 7
6 8
6 9
7 9
7 10
6 10
6 11
5 11
4 11
5 11
5 12
5 13
5 12
5 13
4 13
5 13
6 13
7 13
8 13
8 14
8 15
7 15
7 14
6 14
5 14
5 13
5 14
6 14
6 13
7 13
6 13
7 13
7 14
6 14
5 14
5 15
5 14
5 13
4 13
3 13
3 12
2 12
1 12
1 11
0 11
0 10
0 9
1 9
0 9
1 9
2 9
2 8
2 9
2 10
2 9
3 9
4 9
4 8
4 7
4 8
4 7
4 8
4 7
4 8
4 7
3 7
4 7
5 7
5 8
5 7
4 7
5 7
5 8
6 8
7 8
6 8
5 8
6 8
7 8
8 8
8 7
9 7
10 7
9 7
9 8
9 9
9 8
9 9
10 9
10 8
9 8
9 9
10 9
9 9
9 10
9 9
10 9
10 10
10 9
10 8
10 7
10 6
11 6
12 6
13 6
13 7
13 8
14 8
15 8
14 8
14 9
13 9
12 9
11 9
11 10
11 9
12 9
13 9
13 10
13 9
14 9
14 8
14 7
13 7
13 8
14 8
13 8
13 7
14 7
13 7
13 8
13 9
14 9
13 9
13 8
13 7
13 6
13 5
12 5
12 4
13 4
14 4
14 3
14 2
15 2
16 2
16 3
16 2
16 3
17 3
16 3
17 3
17 4
17 3
16 3
16 4
16 5
17 5
17 6
17 7
18 7
18 6
18 5
18 4
17 4
17 5
18 5
18 6
19 6
19 7
18 7
19 7
19 6
20 6
21 6
21 7
21 8
20 8
20 9
20 8
20 7
19 7
19 6
18 6
18 5
19 5
20 5
20 6
20 7
20 8
19 8
20 8
20 9
20 10
20 11
20 12
19 12
18 12
19 12
19 11
19 10
19 11
20 11
19 11
18 11
19 11
20 11
20 12
20 11
19 11
18 11
17 11
17 12
16 12
16 11
16 10
15 10
16 10
15 10
14 10
14 9
13 9
13 10
14 10
13 10
12 10
13 10
13 11
13 12
13 11
12 11
11 11
12 11
12 12
12 13
12 12
12 13
12 12
12 13
11 13
10 13
11 13
11 12
10 12
10 13
10 14
9 14
8 14
8 15
8 14
8 13
8 12
7 12
7 13
8 13
7 13
8 13
8 12
9 12
9 13
9 12
10 12
11 12
12 12
13 12
13 13
13 12
12 12
12 11
12 10
12 11
12 12
11 12
10 12
9 12
8 12
9 12
9 13
8 13
7 13
7 14
7 15
7 16
7 15
6 15
6 14
7 14
6 14
6 13
5 13
5 12
6 12
5 12
6 12
5 12
6 12
5 12
5 11
5 10
4 10
3 10
3 9
3 8
3 9
2 9
2 8
2 9
2 10
1 10
2 10
3 10
3 9
3 8
3 7
2 7
2 6
2 5
2 4
2 3
3 3
2 3
2 2
2 1
2 2
2 3
2 2
2 1
2 0
2 1
2 0
1 0
1 1
2 1
3 1
3 2
3 3
3 2
4 2
3 2
2 2
3 2
2 2
3 2
3 3
4 3
4 2
5 2
5 1
6 1
7 1
6 1
6 0
7 0
8 0
7 0
8 0
7 0
7 1
7 0
7 1
7 2
8 2
9 2
9 1
10 1
10 0
10 1
9 1
9 0
10 0
9 0
8 0
7 0
7 1
8 1
8 2
9 2
9 3
9 2
8 2
8 1
9 1
8 1
8 2
8 3
8 4
7 4
8 4
9 4
10 4
11 4
12 4
12 5
12 6
12 7
11 7
12 7
12 6
13 6
13 5
13 4
13 3
13 2
13 3
12 3
12 2
12 1
12 2
12 1
12 0
11 0
11 1
12 1
13 1
13 0
13 1
12 1
13 1
14 1
15 1
15 0
15 1
16 1
16 2
16 3
16 4
16 5
17 5
18 5
18 4
18 5
18 6
18 7
18 8
19 8
19 7
18 7
18 6
19 6
20 6
20 7
19 7
20 7
19 7
20 7
19 7
18 7
18 6
19 6
20 6
20 7
20 6
19 6
19 7
19 8
18 8
19 8
18 8
19 8
19 7
19 8
20 8
20 9
21 9
21 8
21 7
20 7
20 8
20 7
20 6
21 6
20 6
20 5
21 5
20 5
20 6
21 6
20 6
20 7
19 7
19 8
19 7
20 7
20 8
20 7
20 6
19 6
18 6
17 6
17 7
18 7
17 7
18 7
17 7
18 7
19 7
19 8
19 9
20 9
20 10
21 10
20 10
20 11
21 11
21 10
21 11
20 11
20 12
20 13
19 13
19 14
18 14
18 15
18 14
19 14
20 14
20 13
20 12
20 13
21 13
21 12
21 13
21 14
21 13
21 14
22 14
22 13
22 14
21 14
20 14
20 13
20 14
20 15
21 15
21 16
22 16
22 15
22 16
21 16
21 15
22 15
22 16
21 16
21 15
22 15
21 15
20 15
19 15
18 15
18 16
18 17
19 17
20 17
20 16
20 15
21 15
22 15
22 14
22 13
23 13
23 14
23 13
23 14
24 14
24 13
24 12
23 12
22 12
22 11
21 11
22 11
21 11
21 10
22 10
23 10
24 10
24 9
24 8
23 8
24 8
23 8
24 8
24 7
25 7
24 7
24 8
24 9
24 10
24 11
23 11
24 11
23 11
24 11
24 12
24 13
24 12
25 12
25 11
26 11
26 12
26 11
26 10
25 10
25 9
25 10
25 9
26 9
26 8
27 8
28 8
28 9
28 10
29 10
29 9
29 10
30 10
31 10
32 10
31 10
32 10
31 10
30 10
31 10
31 11
32 11
32 12
33 12
34 12
35 12
35 13
35 14
35 15
36 15
36 16
35 16
36 16
37 16
37 17
36 17
36 16
35 16
35 15
35 16
36 16
35 16
35 15
35 16
36 16
36 15
36 16
36 15
36 16
36 15
35 15
34 15
35 15
34 15
35 15
35 14
35 15
35 16
36 16
35 16
36 16
36 15
36 16
37 16
37 15
37 16
38 16
39 16
38 16
39 16
39 15
40 15
39 15
40 15
39 15
39 16
39 17
38 17
38 18
38 17
38 16
39 16
38 16
37 16
36 16
35 16
36 16
36 17
36 16
36 17
36 18
36 19
36 18
37 18
37 17
37 18
36 18
37 18
37 17
36 17
36 18
36 17
36 18
35 18
35 19
35 18
35 17
35 18
35 19
35 18
35 19
35 20
34 20
34 21
35 21
36 21
36 22
36 21
35 21
35 20
36 20
36 19
35 19
35 20
35 21
34 21
34 20
33 20
34 20
34 21
34 20
34 21
35 21
35 22
35 23
34 23
33 23
33 24
33 25
32 25
32 24
32 25
33 25
32 25
31 25
32 25
32 26
32 27
32 28
31 28
30 28
30 27
29 27
28 27
28 26
28 25
29 25
29 24
28 24
28 25
28 24
28 25
27 25
26 25
27 25
27 26
27 27
27 28
28 28
28 27
29 27
29 28
29 27
28 27
29 27
29 28
29 29
29 28
28 28
27 28
27 27
26 27
26 26
27 26
28 26
27 26
27 25
26 25
26 26
26 27
25 27
25 28
25 29
24 29
25 29
25 28
24 28
24 29
25 29
25 28
25 27
25 28
24 28
25 28
24 28
23 28
24 28
23 28
23 29
24 29
25 29
25 28
25 29
26 29
26 30
27 30
27 31
26 31
27 31
27 30
26 30
26 31
27 31
26 31
26 32
26 33
26 34
26 33
27 33
27 34
27 33
26 33
27 33
26 33
27 33
27 32
28 32
28 33
28 32
29 32
28 32
27 32
27 31
28 31
28 30
28 31
29 31
30 31
29 31
29 30
29 31
29 30
29 31
30 31
30 32
30 33
30 32
30 31
29 31
30 31
30 30
30 29
30 28
29 28
29 29
28 29
29 29
28 29
29 29
29 28
29 29
29 30
29 29
29 30
30 30
29 30
29 31
29 32
30 32
31 32
31 33
31 32
31 33
31 34
