0 0
1 0
1 1
0 1
0 0
1 0
2 0
2 1
1 1
0 1
0 0
0 1
0 2
1 2
1 3
0 3
1 3
2 3
2 4
2 3
2 4
2 5
1 5
1 6
1 7
0 7
1 7
1 8
0 8
1 8
0 8
1 8
1 9
1 8
2 8
1 8
1 9
0 9
0 10
1 10
2 10
3 10
4 10
4 9
3 9
3 8
4 8
4 9
4 10
5 10
5 11
4 11
4 10
4 9
3 9
2 9
2 10
3 10
3 11
3 12
4 12
5 12
4 12
3 12
4 12
4 13
4 12
4 11
4 12
3 12
2 12
3 12
2 12
3 12
4 12
5 12
4 12
3 12
3 13
3 12
2 12
3 12
2 12
2 11
2 10
2 11
2 10
2 11
2 10
1 10
0 10
1 10
0 10
0 11
1 11
1 10
0 10
1 10
1 11
0 11
0 12
1 12
0 12
1 12
1 11
2 11
2 10
2 9
2 8
1 8
0 8
1 8
0 8
1 8
1 9
1 10
0 10
1 10
1 9
1 10
1 11
0 11
1 11
1 12
2 12
2 11
3 11
4 11
3 11
4 11
3 11
3 12
3 13
3 12
3 13
3 12
4 12
3 12
3 13
3 14
3 15
3 14
3 15
2 15
3 15
4 15
5 15
6 15
6 14
7 14
8 14
7 14
7 15
7 14
8 14
8 15
9 15
9 14
8 14
8 13
8 14
9 14
10 14
10 15
10 16
11 16
11 17
11 18
11 17
11 16
12 16
11 16
12 16
11 16
10 16
10 15
10 14
10 13
11 13
12 13
13 13
13 12
13 11
13 12
12 12
11 12
11 11
12 11
13 11
12 11
11 11
12 11
12 12
12 11
12 12
13 12
12 12
11 12
10 12
10 11
9 11
8 11
9 11
9 12
9 13
8 13
7 13
7 14
6 14
6 15
5 15
5 16
5 15
4 15
4 14
4 13
4 14
5 14
5 15
4 15
3 15
4 15
4 14
4 13
4 14
5 14
5 15
5 14
5 13
6 13
5 13
5 12
5 11
5 10
5 9
4 9
3 9
3 8
3 7
3 8
2 8
2 7
2 6
2 7
2 8
2 9
1 9
1 10
1 11
1 12
2 12
2 11
1 11
2 11
2 10
2 11
2 12
1 12
2 12
3 12
2 12
2 11
1 11
2 11
2 10
2 9
1 9
0 9
1 9
1 10
1 11
1 12
1 13
1 12
1 11
2 11
3 11
3 12
2 12
1 12
2 12
1 12
2 12
1 12
2 12
2 11
2 10
2 11
2 10
3 10
3 9
2 9
2 8
2 7
2 8
2 7
1 7
0 7
0 8
1 8
2 8
1 8
1 9
2 9
3 9
4 9
4 10
3 10
3 11
2 11
3 11
4 11
5 11
6 11
6 10
6 9
6 8
7 8
7 7
8 7
7 7
6 7
6 8
5 8
5 9
6 9
6 10
7 10
6 10
5 10
4 10
4 11
4 12
5 12
5 13
6 13
6 12
7 12
8 12
7 12
6 12
5 12
5 11
4 11
4 10
4 9
4 8
3 8
4 8
4 9
4 10
3 10
3 9
4 9
5 9
4 9
4 8
3 8
3 9
2 9
1 9
1 8
1 7
1 6
1 7
1 8
1 9
1 10
1 11
1 10
1 11
2 11
2 10
1 10
1 11
1 12
1 13
1 12
1 13
2 13
2 14
2 15
3 15
2 15
1 15
1 14
2 14
2 15
1 15
2 15
1 15
0 15
1 15
0 15
1 15
1 16
1 15
1 16
0 16
1 16
2 16
2 17
1 17
1 18
0 18
1 18
2 18
3 18
3 19
3 20
4 20
4 19
3 19
4 19
5 19
5 20
6 20
5 20
5 19
5 20
6 20
7 20
6 20
6 21
5 21
4 21
5 21
5 20
5 21
4 21
5 21
5 20
5 21
5 20
5 21
6 21
6 22
6 21
6 22
6 21
6 20
7 20
6 20
6 19
6 20
6 19
6 20
7 20
8 20
8 21
7 21
6 21
7 21
7 20
7 21
8 21
7 21
6 21
6 20
7 20
6 20
5 20
4 20
5 20
5 21
5 20
5 19
4 19
5 19
4 19
3 19
3 20
2 20
3 20
4 20
4 19
4 20
5 20
5 21
5 20
4 20
4 21
3 21
3 22
2 22
3 22
3 21
4 21
4 22
3 22
4 22
4 23
4 24
4 23
4 22
3 22
2 22
3 22
3 23
2 23
3 23
3 24
3 25
2 25
3 25
3 26
3 25
2 25
3 25
3 26
3 25
4 25
3 25
4 25
4 26
4 27
4 26
4 27
4 28
3 28
2 28
2 27
1 27
0 27
0 28
0 27
1 27
2 27
1 27
0 27
1 27
2 27
2 28
1 28
2 28
2 27
1 27
1 28
1 29
2 29
2 28
2 27
2 28
1 28
0 28
0 29
1 29
2 29
2 30
2 31
2 32
1 32
1 33
1 32
1 31
1 32
2 32
3 32
3 33
3 34
4 34
4 35
5 35
4 35
5 35
5 36
6 36
5 36
4 36
5 36
5 37
5 38
6 38
6 37
5 37
6 37
5 37
5 36
5 37
4 37
3 37
3 38
3 37
3 38
2 38
1 38
1 39
1 38
0 38
1 38
2 38
1 38
2 38
2 39
3 39
2 39
3 39
4 39
3 39
3 40
3 41
3 40
3 41
4 41
4 40
4 41
5 41
6 41
5 41
5 42
6 42
7 42
7 41
7 42
7 41
6 41
7 41
8 41
7 41
7 40
8 40
8 41
7 41
7 40
7 39
6 39
5 39
5 38
4 38
5 38
5 39
5 40
5 41
5 40
4 40
5 40
6 40
6 39
7 39
6 39
7 39
8 39
9 39
9 40
9 39
8 39
8 40
8 41
7 41
7 42
8 42
9 42
9 41
9 40
9 41
9 42
9 41
8 41
9 41
8 41
9 41
9 42
8 42
8 41
7 41
8 41
9 41
9 40
10 40
10 39
10 38
9 38
10 38
10 39
10 40
10 41
11 41
11 42
11 43
10 43
11 43
11 42
11 43
11 44
11 43
11 42
11 43
10 43
10 42
10 43
11 43
11 42
12 42
11 42
12 42
12 43
12 44
13 44
12 44
12 43
12 42
11 42
12 42
11 42
12 42
11 42
11 41
11 42
10 42
10 41
10 42
10 41
9 41
8 41
8 42
9 42
8 42
8 41
8 40
7 40
7 41
7 40
7 41
8 41
8 40
7 40
7 41
8 41
8 42
7 42
7 43
6 43
6 44
6 45
6 46
6 47
6 48
6 47
6 48
6 47
5 47
5 48
5 47
5 46
6 46
5 46
6 46
6 47
6 48
6 47
7 47
6 47
5 47
5 46
6 46
5 46
6 46
6 47
6 48
6 49
6 50
5 50
5 51
4 51
4 52
4 51
5 51
6 51
6 50
6 51
6 50
6 51
5 51
6 51
6 50
7 50
8 50
7 50
7 51
8 51
8 52
8 53
9 53
9 54
10 54
10 55
11 55
12 55
12 54
12 53
11 53
11 54
11 55
12 55
12 54
12 53
12 52
13 52
12 52
12 51
11 51
11 50
11 49
11 50
11 49
12 49
11 49
10 49
11 49
12 49
12 50
13 50
12 50
13 50
14 50
15 50
15 49
15 48
14 48
13 48
12 48
12 49
12 48
11 48
10 48
9 48
10 48
11 48
12 48
11 48
12 48
13 48
14 48
14 49
15 49
16 49
16 50
15 50
14 50
13 50
13 51
13 52
14 52
13 52
13 51
13 52
13 51
13 52
13 53
12 53
12 52
12 51
12 52
13 52
14 52
13 52
13 51
12 51
12 50
12 51
12 52
13 52
14 52
15 52
16 52
16 53
16 54
17 54
17 55
16 55
17 55
16 55
16 56
17 56
16 56
15 56
15 57
16 57
15 57
14 57
14 56
14 55
14 54
14 53
15 53
14 53
15 53
16 53
16 52
16 53
17 53
17 52
17 51
18 51
17 51
17 52
17 51
17 50
16 50
16 49
17 49
17 48
17 49
17 50
17 51
17 52
18 52
19 52
19 51
19 52
20 52
20 53
19 53
19 54
18 54
18 53
17 53
17 52
16 52
15 52
15 53
14 53
15 53
15 54
15 53
14 53
15 53
15 52
15 53
15 54
15 53
16 53
17 53
18 53
18 54
18 53
17 53
17 54
16 54
16 53
16 54
15 54
14 54
14 55
14 54
14 55
15 55
14 55
15 55
16 55
16 56
17 56
18 56
18 55
18 54
18 53
17 53
18 53
18 54
18 53
18 54
19 54
19 53
19 54
20 54
21 54
21 55
21 54
21 53
22 53
23 53
23 52
23 53
24 53
23 53
24 53
24 52
24 51
24 50
24 49
25 49
25 48
24 48
24 47
24 48
24 49
24 50
25 50
24 50
25 50
26 50
26 49
26 50
26 51
25 51
25 50
25 51
25 50
25 49
24 49
