0 0
1 0
0 0
1 0
1 1
1 0
2 0
2 1
1 1
1 0
1 1
1 2
1 3
1 4
1 5
0 5
0 4
0 5
0 6
0 7
0 6
0 5
1 5
1 4
1 5
1 4
1 5
1 6
2 6
2 5
3 5
3 6
2 6
1 6
2 6
2 5
3 5
3 4
4 4
3 4
3 3
3 4
3 3
3 4
4 4
5 4
5 5
6 5
6 6
6 7
5 7
6 7
6 8
6 7
6 8
6 7
6 6
7 6
7 7
8 7
7 7
6 7
6 6
7 6
7 7
7 6
8 6
9 6
9 7
10 7
10 6
10 7
10 8
10 7
10 8
10 9
10 8
10 7
10 8
10 9
10 8
11 8
12 8
12 9
11 9
11 8
11 7
12 7
13 7
14 7
13 7
13 8
12 8
13 8
13 7
13 6
12 6
11 6
11 5
11 6
11 5
11 4
12 4
12 5
11 5
11 6
10 6
11 6
11 5
11 6
12 6
12 5
12 4
13 4
13 5
14 5
14 4
15 4
16 4
16 3
16 2
15 2
15 1
16 1
17 1
17 2
17 1
17 2
17 1
17 0
16 0
16 1
15 1
15 0
15 1
14 1
14 0
14 1
13 1
13 2
13 3
13 4
12 4
12 5
12 6
12 7
11 7
10 7
11 7
10 7
9 7
8 7
9 7
8 7
8 6
8 5
8 6
8 7
9 7
8 7
8 6
9 6
9 7
9 6
9 7
8 7
9 7
9 8
8 8
7 8
8 8
8 7
8 8
7 8
7 7
7 6
7 5
8 5
8 4
8 5
8 4
8 3
8 4
8 3
7 3
7 4
7 5
7 4
7 5
8 5
8 4
7 4
6 4
5 4
6 4
7 4
7 3
6 3
6 2
6 1
5 1
6 1
6 0
6 1
6 0
5 0
4 0
5 0
5 1
6 1
7 1
6 1
6 2
7 2
7 1
7 0
7 1
7 0
7 1
6 1
7 1
7 0
7 1
7 0
7 1
7 0
7 1
8 1
9 1
9 2
9 3
9 4
9 3
10 3
10 4
10 5
11 5
10 5
9 5
8 5
7 5
7 6
8 6
8 7
8 8
8 9
7 9
6 9
5 9
5 8
5 9
6 9
5 9
4 9
3 9
2 9
1 9
1 8
0 8
1 8
2 8
2 9
2 8
2 9
2 10
2 9
1 9
0 9
0 8
1 8
2 8
2 7
2 6
2 5
2 6
3 6
2 6
2 7
1 7
0 7
1 7
2 7
3 7
3 6
3 5
3 4
3 3
3 4
3 3
3 2
3 3
4 3
3 3
2 3
2 4
1 4
1 5
2 5
3 5
3 6
3 5
2 5
1 5
1 6
2 6
2 5
1 5
1 4
1 3
1 4
1 3
0 3
0 4
0 3
0 2
1 2
0 2
1 2
1 3
2 3
2 2
2 1
2 2
3 2
3 1
4 1
4 0
4 1
4 0
3 0
2 0
2 1
2 2
2 1
3 1
2 1
2 0
1 0
1 1
0 1
0 2
0 3
1 3
1 4
1 3
0 3
0 2
1 2
1 1
1 2
1 1
1 2
0 2
0 1
0 0
0 1
1 1
1 2
2 2
3 2
4 2
4 1
3 1
3 2
3 1
3 0
3 1
4 1
4 2
5 2
5 3
5 4
5 5
4 5
4 6
4 7
3 7
2 7
3 7
3 6
2 6
1 6
2 6
2 7
3 7
3 6
3 7
4 7
4 8
4 9
5 9
5 8
5 7
6 7
5 7
5 8
5 9
5 10
4 10
3 10
3 9
3 10
3 11
2 11
3 11
3 10
3 11
2 11
1 11
0 11
1 11
1 10
0 10
0 11
1 11
1 12
0 12
0 11
0 12
1 12
1 11
0 11
1 11
0 11
0 12
0 13
0 14
1 14
1 13
1 14
1 15
2 15
1 15
1 14
0 14
0 15
0 16
1 16
1 17
2 17
1 17
2 17
3 17
3 16
4 16
4 17
3 17
2 17
3 17
2 17
3 17
3 16
2 16
3 16
3 17
3 16
3 17
3 16
3 15
4 15
4 16
3 16
4 16
3 16
3 15
3 16
2 16
2 15
2 16
2 15
2 16
3 16
3 17
2 17
3 17
2 17
3 17
3 18
4 18
4 17
5 17
4 17
3 17
2 17
2 18
1 18
0 18
0 19
0 18
1 18
0 18
0 19
1 19
2 19
3 19
2 19
3 19
3 18
3 19
2 19
2 18
2 19
3 19
4 19
3 19
4 19
5 19
5 20
4 20
4 21
5 21
4 21
5 21
6 21
6 20
6 21
6 20
6 19
5 19
6 19
6 20
6 21
6 22
6 23
6 22
6 23
7 23
8 23
8 24
9 24
8 24
9 24
10 24
11 24
10 24
10 25
9 25
9 24
9 23
8 23
8 22
7 22
6 22
6 21
6 22
7 22
7 23
7 24
8 24
9 24
10 24
11 24
11 25
11 26
12 26
11 26
12 26
12 27
12 28
12 29
12 30
12 29
13 29
12 29
11 29
10 29
10 28
9 28
9 29
9 30
8 30
8 31
8 32
8 33
7 33
8 33
8 34
8 35
8 36
8 35
8 36
7 36
7 37
7 38
6 38
6 39
6 40
6 41
6 40
6 41
6 40
5 40
4 40
3 40
4 40
3 40
2 40
2 39
1 39
1 40
1 41
2 41
2 40
1 40
0 40
1 40
1 39
0 39
1 39
1 40
2 40
2 41
1 41
2 41
1 41
2 41
2 40
1 40
0 40
1 40
1 41
1 42
1 43
2 43
1 43
2 43
1 43
2 43
3 43
3 44
2 44
2 43
3 43
3 42
3 43
3 44
2 44
2 45
2 44
2 43
2 44
3 44
3 43
3 42
2 42
2 43
2 42
2 43
3 43
3 44
3 45
2 45
2 46
3 46
2 46
2 47
2 46
3 46
2 46
1 46
0 46
1 46
0 46
0 45
1 45
1 46
2 46
2 47
2 46
2 47
2 48
3 48
2 48
2 49
2 50
1 50
1 51
1 52
2 52
2 51
3 51
2 51
2 52
3 52
3 53
3 54
3 53
2 53
2 54
3 54
3 53
3 54
2 54
2 53
2 52
1 52
0 52
1 52
1 51
1 52
0 52
1 52
0 52
0 51
1 51
1 52
1 53
1 54
1 53
0 53
0 52
1 52
1 51
2 51
2 50
3 50
4 50
4 51
3 51
4 51
4 50
3 50
2 50
1 50
1 51
0 51
0 50
1 50
0 50
1 50
2 50
2 51
2 52
1 52
1 51
1 52
1 53
1 52
2 52
1 52
1 51
2 51
2 50
2 51
1 51
1 52
0 52
1 52
1 53
2 53
1 53
1 54
2 54
1 54
1 53
1 52
1 53
1 52
2 52
2 53
2 54
2 55
2 56
2 55
3 55
3 56
2 56
1 56
1 57
0 57
1 57
0 57
0 56
1 56
2 56
1 56
0 56
1 56
0 56
0 55
0 56
1 56
2 56
3 56
2 56
2 57
2 56
3 56
2 56
1 56
1 55
1 54
1 53
1 52
1 51
1 50
1 49
2 49
2 50
1 50
1 49
1 50
1 51
1 52
2 52
3 52
2 52
2 51
2 52
2 53
2 54
1 54
1 55
0 55
1 55
1 54
0 54
1 54
0 54
1 54
0 54
0 53
1 53
0 53
1 53
0 53
1 53
1 52
1 53
1 52
0 52
0 51
1 51
1 52
1 53
0 53
0 54
0 53
0 52
1 52
1 53
1 54
1 53
1 52
1 53
1 54
1 53
0 53
0 54
1 54
1 55
0 55
0 56
0 57
0 58
1 58
1 59
1 58
2 58
2 59
2 58
1 58
2 58
2 57
3 57
4 57
4 56
4 55
4 56
4 55
5 55
5 56
5 55
6 55
6 56
5 56
5 57
4 57
5 57
4 57
4 58
5 58
6 58
6 57
5 57
6 57
7 57
8 57
8 56
8 57
7 57
8 57
9 57
8 57
9 57
9 58
8 58
8 59
8 60
8 61
8 62
8 61
9 61
10 61
10 60
10 61
10 62
11 62
10 62
10 61
11 61
10 61
10 60
11 60
11 59
10 59
10 58
11 58
12 58
12 57
12 58
11 58
11 57
10 57
11 57
11 56
11 57
12 57
11 57
10 57
11 57
11 56
12 56
12 57
12 56
13 56
13 55
13 56
12 56
12 55
12 56
13 56
13 55
14 55
15 55
16 55
16 56
16 55
16 56
15 56
15 57
14 57
14 56
14 57
13 57
12 57
13 57
12 57
11 57
11 56
12 56
12 57
13 57
13 56
12 56
11 56
11 55
10 55
10 56
11 56
11 55
12 55
12 56
13 56
13 57
12 57
11 57
11 56
11 57
11 56
10 56
9 56
9 57
9 56
10 56
10 57
10 58
9 58
9 57
8 57
8 56
8 55
8 56
9 56
9 55
9 54
9 55
10 55
10 56
11 56
