0 0
1 0
0 0
1 0
2 0
2 1
2 0
2 1
2 2
3 2
3 3
4 3
5 3
6 3
5 3
4 3
4 2
3 2
4 2
5 2
4 2
4 1
3 1
2 1
2 0
1 0
1 1
2 1
1 1
0 1
1 1
2 1
2 0
3 0
3 1
3 0
3 1
2 1
1 1
0 1
0 2
1 2
1 3
2 3
2 4
3 4
2 4
2 3
3 3
4 3
4 4
4 3
3 3
4 3
3 3
4 3
5 3
4 3
5 3
4 3
5 3
6 3
5 3
5 2
5 3
6 3
6 2
5 2
6 2
5 2
5 3
5 4
4 4
5 4
6 4
7 4
6 4
7 4
7 3
8 3
8 2
7 2
8 2
8 3
8 4
7 4
7 5
8 5
9 5
9 6
9 7
9 8
9 7
9 6
9 5
10 5
10 6
10 7
10 8
11 8
11 9
12 9
13 9
13 8
13 7
13 6
13 7
13 6
13 5
13 6
13 7
13 8
12 8
13 8
13 9
14 9
13 9
13 8
12 8
12 9
12 8
12 7
12 8
12 7
12 6
12 7
12 8
12 9
11 9
11 8
11 7
11 6
10 6
10 5
9 5
8 5
9 5
9 4
9 3
8 3
9 3
9 2
10 2
9 2
10 2
11 2
10 2
11 2
11 1
11 0
11 1
12 1
13 1
13 0
13 1
13 0
14 0
15 0
15 1
16 1
16 0
15 0
15 1
14 1
14 0
14 1
14 2
14 3
14 2
13 2
13 3
13 4
12 4
12 5
13 5
12 5
12 4
12 3
13 3
13 2
12 2
13 2
14 2
14 3
14 4
14 3
14 2
14 3
14 2
14 1
14 2
15 2
14 2
14 3
15 3
16 3
16 4
16 5
16 6
15 6
15 7
16 7
16 6
15 6
15 7
15 6
16 6
17 6
17 5
18 5
18 6
19 6
19 5
19 4
19 3
18 3
19 3
19 2
19 1
18 1
19 1
20 1
19 1
18 1
17 1
18 1
18 2
17 2
18 2
19 2
19 1
19 2
18 2
17 2
16 2
16 3
15 3
15 2
15 3
15 2
14 2
14 3
15 3
16 3
17 3
17 4
18 4
18 3
17 3
17 4
17 3
18 3
18 4
17 4
16 4
15 4
16 4
17 4
16 4
16 3
15 3
14 3
15 3
15 2
15 3
15 2
14 2
14 3
15 3
15 2
15 3
15 2
15 3
15 4
15 5
15 4
16 4
16 5
15 5
15 6
14 6
15 6
16 6
16 7
16 6
16 7
16 8
17 8
18 8
18 7
17 7
17 8
16 8
15 8
15 9
14 9
14 10
13 10
14 10
14 11
14 10
15 10
15 9
15 10
15 11
15 12
15 11
15 10
15 11
15 10
14 10
14 9
14 8
14 9
14 10
13 10
13 11
14 11
14 12
14 13
14 14
14 13
14 14
14 13
14 14
14 13
14 12
14 13
13 13
14 13
15 13
15 12
15 11
14 11
15 11
16 11
15 11
16 11
17 11
17 12
17 13
17 14
17 13
17 12
17 11
16 11
16 12
16 13
15 13
14 13
14 12
13 12
13 11
13 10
13 11
13 10
13 9
14 9
14 8
14 9
14 10
14 11
14 12
15 12
16 12
17 12
17 13
18 13
19 13
19 12
20 12
21 12
21 13
20 13
21 13
21 12
21 13
21 14
21 15
21 16
21 17
21 18
21 17
21 18
21 17
21 18
22 18
21 18
22 18
22 17
22 18
23 18
23 17
22 17
22 18
22 17
21 17
22 17
22 18
23 18
23 19
22 19
23 19
23 18
23 17
23 16
23 15
23 16
22 16
23 16
23 15
23 14
22 14
21 14
21 15
22 15
22 14
22 13
22 12
22 13
23 13
24 13
23 13
23 14
24 14
24 13
23 13
24 13
23 13
23 12
23 11
22 11
21 11
20 11
19 11
18 11
17 11
17 12
18 12
18 13
18 14
18 13
18 12
17 12
18 12
17 12
18 12
18 11
18 10
18 9
18 10
17 10
16 10
16 9
17 9
17 10
17 11
17 12
17 13
18 13
18 12
19 12
18 12
18 11
18 10
19 10
19 11
19 10
20 10
21 10
21 9
21 10
21 9
20 9
19 9
20 9
20 10
21 10
20 10
21 10
22 10
21 10
20 10
20 11
19 11
19 12
19 13
18 13
17 13
18 13
19 13
19 14
19 13
19 12
19 13
19 14
18 14
18 15
19 15
18 15
18 16
18 17
18 16
19 16
19 17
18 17
18 16
17 16
17 17
17 16
17 17
18 17
18 18
18 19
19 19
19 18
19 19
19 20
20 20
20 21
19 21
19 22
18 22
17 22
17 23
16 23
16 24
17 24
17 25
18 25
17 25
18 25
19 25
18 25
18 24
19 24
19 23
19 22
20 22
21 22
21 23
21 22
21 23
21 24
22 24
21 24
20 24
20 25
20 26
20 27
20 26
20 25
21 25
21 26
20 26
19 26
19 27
19 28
19 29
19 28
20 28
21 28
22 28
23 28
24 28
24 29
23 29
23 30
24 30
24 31
24 30
25 30
25 31
25 30
25 31
24 31
23 31
23 30
22 30
23 30
23 31
22 31
22 32
22 31
23 31
23 30
22 30
22 31
22 32
22 31
22 32
22 33
23 33
23 32
22 32
22 33
22 32
21 32
21 31
22 31
23 31
24 31
25 31
25 30
25 31
25 30
25 31
25 30
26 30
26 29
26 28
27 28
28 28
28 27
29 27
30 27
31 27
31 28
31 27
32 27
32 28
32 29
32 30
33 30
33 29
32 29
32 30
31 30
32 30
31 30
30 30
31 30
30 30
30 29
30 28
30 29
31 29
31 28
32 28
32 29
32 28
31 28
31 27
31 26
31 25
30 25
31 25
31 24
32 24
32 25
31 25
30 25
31 25
31 26
31 25
32 25
33 25
34 25
33 25
34 25
35 25
34 25
34 26
33 26
33 27
32 27
33 27
33 28
33 27
32 27
32 28
31 28
30 28
30 29
29 29
28 29
28 30
29 30
30 30
29 30
29 29
29 28
29 29
29 28
29 29
28 29
28 30
28 31
27 31
27 32
27 33
27 32
28 32
27 32
27 31
28 31
28 32
28 31
29 31
30 31
29 31
29 30
28 30
28 29
28 28
28 29
27 29
28 29
28 28
28 29
27 29
26 29
26 28
25 28
25 27
26 27
26 28
25 28
25 27
26 27
27 27
26 27
27 27
28 27
28 28
28 27
27 27
26 27
27 27
28 27
28 26
28 25
28 24
28 25
29 25
28 25
28 24
29 24
30 24
30 23
31 23
32 23
31 23
30 23
30 24
30 25
30 24
31 24
31 25
30 25
30 24
29 24
29 23
28 23
28 22
28 21
27 21
27 22
27 21
27 22
26 22
25 22
25 21
25 22
24 22
24 21
24 22
24 21
23 21
22 21
22 22
22 21
22 20
21 20
21 19
22 19
22 18
22 17
22 16
23 16
24 16
25 16
26 16
26 15
25 15
24 15
24 14
25 14
24 14
24 15
25 15
26 15
25 15
26 15
26 14
26 15
25 15
24 15
23 15
24 15
23 15
22 15
22 16
23 16
23 17
24 17
23 17
22 17
21 17
21 18
21 17
22 17
21 17
21 16
21 15
20 15
20 14
20 13
21 13
22 13
22 14
23 14
22 14
22 13
22 12
22 11
21 11
21 10
21 9
21 8
20 8
19 8
19 7
18 7
18 8
18 9
18 8
17 8
17 9
17 8
17 9
18 9
18 10
17 10
18 10
17 10
18 10
19 10
20 10
20 9
21 9
20 9
20 10
20 11
21 11
21 12
22 12
22 13
22 12
22 11
21 11
21 12
21 11
21 12
21 11
22 11
22 10
23 10
22 10
22 11
22 10
21 10
21 11
20 11
19 11
18 11
19 11
19 12
18 12
18 11
17 11
16 11
16 12
15 12
15 11
14 11
15 11
14 11
13 11
14 11
13 11
13 12
12 12
12 13
13 13
14 13
13 13
13 14
12 14
13 14
13 15
13 14
12 14
11 14
11 13
11 14
11 15
11 16
11 15
11 14
11 13
12 13
13 13
14 13
14 14
14 15
15 15
16 15
15 15
14 15
13 15
13 16
13 17
13 18
14 18
14 17
14 16
14 17
14 16
14 15
14 14
14 15
14 14
13 14
13 13
14 13
13 13
12 13
12 14
13 14
13 15
14 15
14 14
14 13
15 13
15 12
14 12
14 11
13 11
14 11
13 11
14 11
14 12
13 12
13 13
13 12
14 12
15 12
15 11
15 12
16 12
16 11
15 11
15 12
15 11
14 11
14 10
13 10
14 10
14 11
14 12
14 11
14 12
14 11
13 11
13 12
13 11
12 11
12 12
13 12
12 12
12 11
13 11
13 10
14 10
13 10
13 9
13 10
13 9
14 9
14 8
15 8
15 9
15 10
15 11
15 12
15 13
15 12
14 12
15 12
