0 0
1 0
0 0
1 0
2 0
2 1
3 1
3 0
2 0
2 1
2 0
1 0
1 1
2 1
2 2
2 1
2 2
1 2
1 1
1 0
2 0
1 0
2 0
1 0
2 0
2 1
1 1
2 1
1 1
1 2
1 3
2 3
2 2
3 2
3 3
2 3
2 4
3 4
3 3
2 3
3 3
4 3
5 3
5 4
5 3
4 3
3 3
3 4
4 4
4 5
3 5
4 5
4 4
5 4
5 3
5 4
4 4
4 5
4 4
3 4
2 4
2 5
2 6
3 6
3 7
3 8
3 9
2 9
2 8
3 8
3 7
3 6
3 5
2 5
1 5
1 6
0 6
1 6
1 5
1 4
1 3
1 2
0 2
1 2
1 3
0 3
0 4
1 4
2 4
2 5
3 5
3 4
3 3
4 3
4 2
4 1
5 1
6 1
6 2
6 3
7 3
7 2
7 3
8 3
9 3
8 3
9 3
9 4
9 5
9 6
9 5
8 5
8 6
8 7
7 7
7 6
7 5
7 4
8 4
9 4
8 4
9 4
10 4
10 5
9 5
9 6
8 6
9 6
9 5
9 4
10 4
10 5
11 5
11 6
11 7
10 7
9 7
9 8
9 9
10 9
10 10
10 9
10 8
10 9
9 9
10 9
9 9
8 9
7 9
6 9
6 10
5 10
5 9
5 8
6 8
6 7
5 7
6 7
6 6
7 6
7 7
6 7
6 6
5 6
6 6
5 6
6 6
5 6
5 5
5 4
4 4
3 4
2 4
1 4
0 4
1 4
2 4
1 4
2 4
1 4
0 4
0 5
0 6
0 5
1 5
0 5
1 5
1 6
1 5
1 6
1 5
1 6
1 7
0 7
1 7
1 6
1 7
1 8
0 8
1 8
2 8
2 9
3 9
3 10
4 10
5 10
5 11
5 10
6 10
5 10
5 9
5 8
5 9
6 9
6 8
6 7
7 7
7 6
7 7
7 8
7 9
7 8
8 8
8 9
7 9
8 9
7 9
7 10
8 10
7 10
7 11
7 12
7 11
6 11
6 12
7 12
6 12
6 11
6 12
5 12
5 13
6 13
5 13
5 14
5 15
5 16
6 16
5 16
5 17
6 17
5 17
6 17
6 18
6 17
7 17
7 16
7 15
8 15
7 15
7 14
6 14
5 14
6 14
5 14
5 13
5 14
5 15
5 14
5 15
5 16
5 15
5 16
5 15
5 16
5 17
4 17
3 17
2 17
3 17
3 18
4 18
4 17
4 18
3 18
3 19
2 19
3 19
4 19
4 20
5 20
4 20
4 19
4 18
4 19
3 19
4 19
4 20
5 20
6 20
5 20
4 20
4 19
4 20
3 20
4 20
5 20
5 19
4 19
4 18
4 17
5 17
5 18
5 19
6 19
7 19
6 19
7 19
8 19
8 20
8 21
9 21
9 22
9 21
10 21
10 22
11 22
11 21
10 21
11 21
11 22
12 22
13 22
13 21
13 20
12 20
12 19
11 19
11 18
11 17
12 17
12 18
13 18
13 17
13 18
13 19
14 19
14 20
15 20
14 20
15 20
16 20
17 20
16 20
16 21
16 22
17 22
16 22
16 23
15 23
16 23
16 22
16 21
16 22
16 21
16 22
17 22
16 22
16 21
16 20
16 21
16 20
15 20
16 20
16 21
16 20
17 20
18 20
18 19
18 20
17 20
18 20
18 19
17 19
17 20
18 20
18 21
18 22
19 22
20 22
20 21
19 21
19 22
18 22
18 21
19 21
18 21
17 21
18 21
18 22
17 22
17 21
17 22
18 22
18 23
18 22
17 22
16 22
15 22
16 22
16 23
16 22
16 23
16 22
15 22
14 22
14 23
13 23
13 24
12 24
12 23
12 22
12 21
11 21
11 22
11 21
11 20
12 20
11 20
12 20
12 21
11 21
12 21
13 21
12 21
12 20
12 19
11 19
11 18
11 17
11 18
11 17
10 17
9 17
9 16
8 16
8 15
7 15
8 15
7 15
7 14
7 13
8 13
7 13
8 13
9 13
9 12
9 13
8 13
8 12
7 12
7 11
8 11
9 11
9 12
9 13
10 13
10 14
10 13
10 14
10 13
10 12
11 12
10 12
9 12
8 12
7 12
8 12
8 13
7 13
7 12
8 12
7 12
7 11
7 12
7 11
7 10
7 11
7 10
7 9
7 10
6 10
6 11
6 12
6 13
6 12
7 12
7 11
6 11
7 11
8 11
7 11
8 11
8 10
7 10
8 10
7 10
6 10
6 11
7 11
8 11
8 12
9 12
9 13
9 14
9 15
8 15
7 15
6 15
6 14
7 14
6 14
5 14
5 15
5 16
6 16
7 16
8 16
7 16
8 16
8 15
9 15
8 15
8 16
7 16
7 17
7 16
8 16
8 15
7 15
8 15
8 16
7 16
7 15
8 15
8 16
7 16
6 16
6 15
6 16
6 15
5 15
5 16
5 15
5 16
4 16
4 15
3 15
3 16
4 16
3 16
3 17
2 17
3 17
3 16
3 15
3 14
2 14
2 15
3 15
2 15
1 15
1 16
0 16
0 17
0 16
0 17
1 17
1 16
2 16
3 16
2 16
1 16
1 17
1 16
2 16
1 16
2 16
2 15
1 15
1 14
2 14
2 15
2 14
3 14
3 13
3 14
2 14
1 14
2 14
2 15
1 15
2 15
1 15
0 15
1 15
0 15
0 16
1 16
1 15
1 16
1 15
1 16
0 16
1 16
2 16
3 16
4 16
3 16
3 17
3 16
4 16
4 15
5 15
5 16
5 15
4 15
4 16
4 17
4 18
4 17
4 16
5 16
5 17
5 16
5 17
5 16
6 16
6 17
7 17
6 17
5 17
4 17
4 16
4 15
4 14
3 14
3 13
3 12
4 12
4 13
3 13
2 13
2 14
3 14
2 14
1 14
2 14
2 13
2 14
3 14
3 15
3 16
4 16
4 15
5 15
5 14
6 14
7 14
7 15
6 15
5 15
5 16
5 17
6 17
6 16
6 17
6 16
6 15
6 16
5 16
5 15
6 15
5 15
5 16
5 17
5 16
6 16
6 15
7 15
8 15
8 16
9 16
9 17
9 18
10 18
11 18
10 18
10 17
10 18
10 17
11 17
11 18
11 19
10 19
11 19
11 20
11 21
10 21
11 21
12 21
12 22
12 21
12 20
12 21
13 21
14 21
15 21
16 21
17 21
17 22
16 22
16 21
15 21
14 21
15 21
15 20
16 20
16 21
16 22
15 22
15 21
15 20
15 19
14 19
13 19
13 18
13 17
13 16
14 16
14 15
13 15
12 15
11 15
11 14
11 13
12 13
13 13
13 14
13 13
13 14
13 15
14 15
13 15
12 15
12 16
13 16
14 16
14 15
14 16
13 16
13 15
13 14
13 15
13 16
13 15
12 15
11 15
10 15
10 14
9 14
10 14
10 13
11 13
12 13
12 14
12 15
13 15
13 16
12 16
11 16
10 16
11 16
11 15
11 16
11 17
11 16
12 16
13 16
14 16
13 16
13 17
12 17
13 17
12 17
13 17
12 17
12 18
11 18
11 19
10 19
10 20
11 20
10 20
9 20
9 21
10 21
11 21
11 22
12 22
11 22
11 23
10 23
9 23
9 24
9 23
10 23
11 23
11 24
12 24
13 24
13 25
14 25
15 25
14 25
13 25
13 24
14 24
13 24
13 25
14 25
15 25
15 24
15 25
15 24
14 24
15 24
16 24
15 24
16 24
17 24
17 25
17 26
17 27
17 28
17 29
16 29
17 29
18 29
19 29
19 30
19 31
20 31
20 32
20 31
21 31
21 32
21 33
21 34
20 34
20 33
19 33
20 33
20 34
20 35
20 34
21 34
21 35
22 35
22 36
22 37
22 38
23 38
22 38
23 38
23 37
23 36
22 36
23 36
22 36
22 37
21 37
21 38
22 38
21 38
21 37
20 37
21 37
21 36
21 35
21 34
21 33
21 32
20 32
21 32
20 32
20 31
20 32
20 33
20 34
21 34
21 35
20 35
19 35
19 34
18 34
17 34
18 34
17 34
16 34
15 34
14 34
13 34
14 34
14 35
15 35
15 36
14 36
14 35
13 35
14 35
13 35
14 35
13 35
12 35
12 34
11 34
12 34
11 34
11 35
12 35
11 35
11 36
12 36
12 35
12 34
13 34
13 33
13 32
13 31
13 30
12 30
13 30
13 29
14 29
13 29
13 30
13 31
13 30
12 30
11 30
11 31
10 31
11 31
11 32
11 31
11 30
10 30
10 29
9 29
9 28
8 28
7 28
6 28
5 28
4 28
4 29
3 29
4 29
3 29
3 30
3 31
3 30
3 31
4 31
4 32
4 31
5 31
4 31
5 31
6 31
6 32
5 32
5 31
5 30
6 30
7 30
7 31
7 32
8 32
8 33
7 33
6 33
6 32
7 32
7 31
8 31
9 31
10 31
9 31
10 31
