0 0
0 1
1 1
1 0
0 0
0 1
1 1
2 1
1 1
0 1
0 0
0 1
0 2
1 2
0 2
0 3
1 3
0 3
1 3
1 2
1 1
1 2
1 1
1 0
0 0
0 1
1 1
2 1
1 1
0 1
0 2
0 3
1 3
1 2
2 2
3 2
3 1
2 1
1 1
1 0
1 1
2 1
1 1
2 1
1 1
0 1
1 1
1 2
2 2
1 2
2 2
1 2
1 1
1 2
1 3
1 4
1 5
1 6
1 5
1 4
0 4
1 4
0 4
0 5
1 5
1 4
1 3
0 3
1 3
1 4
1 3
1 4
0 4
1 4
1 3
1 2
0 2
0 1
0 0
1 0
1 1
2 1
1 1
0 1
0 0
0 1
0 0
1 0
2 0
3 0
2 0
2 1
2 2
2 3
1 3
0 3
1 3
2 3
2 4
1 4
1 5
2 5
1 5
1 4
2 4
2 5
1 5
0 5
0 6
1 6
1 7
2 7
3 7
2 7
3 7
3 6
3 7
2 7
1 7
1 8
1 7
1 8
0 8
0 9
1 9
1 10
1 9
0 9
0 8
1 8
1 7
1 6
2 6
2 5
1 5
0 5
0 6
1 6
0 6
1 6
1 5
0 5
1 5
1 4
0 4
1 4
1 5
1 6
1 7
1 6
1 7
1 6
2 6
1 6
1 7
1 8
2 8
3 8
3 7
3 6
4 6
5 6
6 6
7 6
7 5
6 5
5 5
5 6
5 7
4 7
5 7
5 8
4 8
4 9
4 10
4 9
5 9
4 9
3 9
2 9
1 9
0 9
0 10
1 10
0 10
0 11
1 11
0 11
0 10
0 11
0 12
0 11
1 11
1 10
1 9
1 10
1 9
0 9
1 9
1 8
1 9
1 8
1 9
2 9
1 9
0 9
1 9
1 8
1 7
1 8
1 7
1 8
1 9
0 9
0 10
0 11
1 11
2 11
2 12
3 12
4 12
3 12
4 12
3 12
4 12
5 12
4 12
3 12
3 13
3 12
2 12
1 12
2 12
1 12
2 12
1 12
2 12
2 13
2 12
2 11
2 12
2 11
1 11
2 11
2 12
3 12
4 12
3 12
3 13
4 13
4 14
4 15
3 15
4 15
4 14
4 13
4 12
5 12
5 13
5 14
5 15
5 16
6 16
6 15
6 16
6 17
6 18
7 18
7 19
7 20
6 20
6 21
6 20
5 20
5 21
5 20
4 20
4 21
5 21
5 20
4 20
4 21
3 21
3 20
3 19
4 19
5 19
5 18
4 18
4 17
4 16
3 16
3 17
4 17
4 18
4 19
4 18
4 17
5 17
6 17
6 18
7 18
8 18
9 18
9 19
9 20
10 20
11 20
11 21
12 21
12 22
12 21
12 20
11 20
10 20
11 20
11 21
10 21
11 21
11 22
11 23
10 23
9 23
9 24
10 24
10 25
10 24
11 24
10 24
10 23
9 23
10 23
11 23
10 23
9 23
8 23
7 23
6 23
7 23
8 23
7 23
8 23
9 23
8 23
8 24
9 24
8 24
8 25
8 26
9 26
9 25
8 25
8 24
8 25
9 25
10 25
10 26
11 26
11 27
11 28
11 29
11 30
12 30
11 30
10 30
10 29
11 29
12 29
11 29
11 28
11 27
11 26
11 25
10 25
9 25
10 25
10 24
10 25
11 25
10 25
9 25
8 25
9 25
10 25
10 26
10 27
10 26
10 27
10 26
9 26
10 26
10 27
10 28
10 27
10 26
10 25
11 25
11 24
11 23
11 22
11 21
10 21
9 21
10 21
11 21
12 21
11 21
10 21
9 21
10 21
11 21
11 20
10 20
10 21
10 20
9 20
8 20
8 19
9 19
9 20
10 20
10 21
11 21
11 20
12 20
12 21
12 22
12 23
12 24
12 25
12 26
12 25
13 25
13 26
14 26
14 27
14 28
15 28
16 28
17 28
18 28
18 29
18 28
18 29
18 30
19 30
20 30
20 31
19 31
18 31
18 32
18 31
19 31
19 32
19 33
18 33
18 34
17 34
16 34
16 33
16 34
17 34
16 34
16 33
16 34
15 34
15 35
14 35
14 36
15 36
14 36
14 37
14 38
14 39
14 38
13 38
14 38
14 39
14 40
14 41
14 40
14 39
15 39
15 40
15 41
14 41
14 42
14 41
13 41
13 42
12 42
13 42
12 42
11 42
11 43
10 43
11 43
11 42
11 41
11 42
10 42
9 42
8 42
8 41
8 42
9 42
10 42
10 41
9 41
9 42
9 43
10 43
11 43
11 44
10 44
11 44
10 44
9 44
8 44
8 43
7 43
7 44
8 44
8 43
9 43
10 43
11 43
12 43
11 43
12 43
13 43
13 44
14 44
15 44
15 45
16 45
17 45
17 44
17 45
16 45
15 45
16 45
16 44
17 44
18 44
19 44
20 44
20 43
20 44
20 45
21 45
22 45
23 45
23 44
22 44
21 44
21 43
22 43
23 43
23 42
23 41
24 41
24 40
25 40
24 40
24 41
24 42
25 42
26 42
26 43
25 43
25 44
25 43
25 42
25 43
25 42
25 43
26 43
27 43
26 43
25 43
26 43
25 43
25 44
26 44
26 43
27 43
26 43
25 43
25 42
25 41
24 41
23 41
24 41
24 40
25 40
25 41
26 41
27 41
27 40
28 40
27 40
26 40
25 40
26 40
26 39
25 39
25 38
25 39
25 40
25 41
25 40
25 41
25 40
26 40
26 41
26 42
26 41
27 41
27 42
26 42
26 41
26 40
26 39
27 39
27 38
27 39
26 39
25 39
25 38
25 39
26 39
26 40
26 39
25 39
24 39
24 38
24 37
24 36
24 37
24 36
24 37
24 38
23 38
22 38
22 39
22 40
22 39
22 38
21 38
21 39
20 39
19 39
18 39
18 40
17 40
17 41
18 41
17 41
17 40
18 40
19 40
19 41
19 40
20 40
21 40
21 39
22 39
21 39
21 38
21 37
22 37
21 37
21 38
21 37
20 37
20 38
19 38
18 38
18 37
17 37
17 36
18 36
18 37
19 37
18 37
17 37
16 37
17 37
17 38
16 38
16 37
16 38
16 37
16 38
16 39
17 39
18 39
19 39
18 39
19 39
19 38
18 38
18 37
17 37
18 37
18 38
18 37
18 36
18 37
18 38
18 37
17 37
17 38
17 39
16 39
16 40
16 39
16 38
15 38
16 38
15 38
14 38
14 39
14 40
15 40
14 40
14 41
15 41
15 40
15 41
15 40
14 40
14 39
13 39
12 39
11 39
11 38
10 38
10 39
10 38
10 37
10 38
10 39
10 40
11 40
12 40
13 40
14 40
14 41
14 40
13 40
13 39
14 39
15 39
14 39
13 39
13 40
14 40
14 41
13 41
13 40
14 40
15 40
15 41
16 41
15 41
14 41
13 41
14 41
14 42
14 41
14 40
14 41
13 41
13 40
14 40
13 40
13 41
13 42
14 42
14 41
14 40
14 41
14 42
13 42
12 42
13 42
12 42
11 42
12 42
12 41
13 41
13 42
13 43
14 43
14 44
15 44
15 43
15 42
16 42
15 42
14 42
13 42
13 43
12 43
13 43
13 44
12 44
12 43
12 42
12 43
13 43
13 42
14 42
14 41
15 41
14 41
14 42
15 42
15 43
15 42
15 41
16 41
15 41
15 40
15 39
14 39
13 39
14 39
14 38
14 37
14 38
14 39
15 39
16 39
15 39
15 40
15 41
15 40
15 39
14 39
13 39
13 40
13 39
12 39
12 40
12 39
12 38
12 39
12 40
12 39
13 39
13 40
14 40
15 40
15 41
14 41
13 41
12 41
12 40
13 40
14 40
14 41
13 41
14 41
13 41
14 41
14 40
14 39
14 38
15 38
16 38
16 39
16 40
16 39
17 39
17 40
17 39
17 38
16 38
17 38
16 38
17 38
16 38
16 39
16 38
17 38
18 38
18 37
18 36
18 37
17 37
17 38
16 38
16 39
15 39
16 39
16 38
16 37
15 37
16 37
15 37
15 36
15 37
16 37
17 37
18 37
18 36
18 35
17 35
18 35
17 35
18 35
18 34
17 34
17 35
18 35
18 34
19 34
18 34
18 35
17 35
17 36
17 37
18 37
18 36
18 35
19 35
19 36
18 36
18 37
18 38
19 38
19 37
20 37
20 36
19 36
20 36
20 35
20 36
20 35
20 34
19 34
18 34
18 33
17 33
18 33
19 33
18 33
19 33
19 34
19 35
20 35
19 35
18 35
18 34
18 33
18 34
17 34
18 34
18 33
18 34
17 34
17 33
17 32
17 31
17 32
17 33
18 33
19 33
19 34
19 35
20 35
19 35
18 35
18 34
18 33
17 33
17 32
18 32
18 31
18 30
18 29
17 29
17 28
17 27
18 27
18 26
17 26
18 26
18 27
18 28
17 28
16 28
16 29
17 29
16 29
15 29
16 29
