0 0
1 0
0 0
1 0
1 1
1 2
2 2
2 3
3 3
3 2
2 2
1 2
2 2
1 2
2 2
2 3
1 3
1 2
0 2
1 2
1 3
1 4
0 4
0 5
0 4
0 5
0 4
1 4
1 3
1 4
1 3
0 3
0 4
0 3
1 3
2 3
2 4
2 3
2 4
3 4
3 3
4 3
4 4
4 5
3 5
2 5
2 6
2 7
2 8
2 9
2 8
1 8
2 8
3 8
2 8
3 8
3 7
3 8
3 7
3 6
4 6
4 5
3 5
3 6
4 6
4 7
4 6
3 6
3 5
3 4
3 3
3 2
3 3
3 2
2 2
1 2
2 2
1 2
0 2
1 2
1 1
0 1
1 1
0 1
1 1
0 1
1 1
1 2
0 2
0 3
0 2
0 1
0 0
1 0
1 1
2 1
2 2
2 3
2 4
2 3
3 3
3 2
3 3
3 2
2 2
3 2
4 2
4 1
5 1
5 2
6 2
7 2
8 2
7 2
7 3
7 4
8 4
9 4
9 5
10 5
10 4
10 5
9 5
8 5
8 6
8 5
9 5
10 5
10 4
9 4
9 3
8 3
8 2
7 2
6 2
6 3
6 2
6 1
7 1
8 1
7 1
7 2
7 3
7 4
8 4
7 4
7 3
7 4
7 3
8 3
8 2
7 2
7 3
7 2
7 1
7 0
7 1
6 1
6 2
5 2
5 1
6 1
5 1
6 1
5 1
4 1
3 1
4 1
5 1
5 0
5 1
6 1
7 1
8 1
9 1
9 2
9 3
9 2
10 2
11 2
10 2
10 3
11 3
10 3
10 4
11 4
11 3
11 2
11 1
10 1
10 0
10 1
11 1
12 1
12 2
12 3
12 2
12 3
11 3
11 2
10 2
9 2
10 2
11 2
11 1
10 1
11 1
12 1
12 2
12 1
12 2
11 2
10 2
9 2
9 1
9 0
9 1
8 1
7 1
7 2
8 2
9 2
9 1
9 2
9 3
9 2
8 2
8 3
7 3
7 2
6 2
6 1
6 0
5 0
4 0
5 0
5 1
5 2
4 2
5 2
5 1
6 1
6 0
7 0
7 1
8 1
8 2
7 2
8 2
8 3
7 3
7 2
7 1
8 1
9 1
9 2
9 1
9 2
8 2
9 2
9 1
9 0
9 1
9 0
10 0
9 0
8 0
7 0
7 1
8 1
8 2
8 3
9 3
10 3
11 3
12 3
12 2
11 2
11 1
12 1
11 1
10 1
10 0
9 0
8 0
7 0
6 0
5 0
6 0
6 1
6 0
7 0
8 0
8 1
7 1
7 2
7 3
6 3
7 3
7 4
7 3
7 4
8 4
9 4
10 4
10 5
10 6
10 7
10 8
10 7
10 8
10 7
10 6
11 6
10 6
11 6
12 6
13 6
13 7
13 8
12 8
12 7
12 6
13 6
14 6
14 7
14 6
15 6
15 5
15 4
15 5
14 5
15 5
14 5
14 4
14 5
15 5
15 4
14 4
15 4
14 4
14 3
15 3
15 2
16 2
15 2
15 1
16 1
15 1
14 1
13 1
13 0
13 1
12 1
12 2
13 2
13 3
12 3
12 2
12 3
12 4
13 4
12 4
13 4
14 4
14 3
14 4
13 4
13 5
14 5
14 4
14 3
13 3
12 3
13 3
13 2
12 2
13 2
13 1
14 1
14 2
14 1
13 1
13 2
14 2
14 3
14 4
14 3
14 4
13 4
13 3
14 3
15 3
16 3
16 4
16 5
15 5
15 4
15 5
14 5
13 5
13 6
13 7
13 6
13 5
14 5
13 5
13 6
12 6
11 6
11 5
11 4
11 3
12 3
11 3
12 3
12 4
12 5
12 6
11 6
12 6
12 5
11 5
10 5
9 5
10 5
11 5
11 6
12 6
11 6
11 5
10 5
11 5
11 6
10 6
10 5
10 6
10 5
9 5
9 4
10 4
9 4
8 4
8 5
9 5
10 5
11 5
12 5
13 5
13 6
14 6
14 7
14 6
14 7
14 8
13 8
13 9
14 9
15 9
16 9
17 9
16 9
17 9
17 8
17 7
18 7
19 7
18 7
18 6
17 6
18 6
18 5
17 5
18 5
19 5
19 6
18 6
17 6
17 5
18 5
18 4
18 5
19 5
18 5
18 4
17 4
16 4
16 5
17 5
17 6
17 5
18 5
19 5
19 6
20 6
20 5
20 4
19 4
18 4
18 5
17 5
16 5
17 5
17 6
17 7
17 6
17 5
17 6
18 6
19 6
19 5
19 6
18 6
18 5
18 4
19 4
19 5
20 5
19 5
19 4
19 3
18 3
18 4
18 3
18 2
18 3
18 2
18 3
19 3
20 3
20 4
21 4
21 3
21 4
21 5
21 6
21 5
21 4
21 3
20 3
19 3
18 3
17 3
18 3
19 3
18 3
17 3
16 3
15 3
14 3
15 3
14 3
13 3
13 4
14 4
13 4
12 4
12 5
12 6
13 6
13 7
13 6
13 5
13 6
14 6
15 6
16 6
17 6
18 6
18 5
19 5
19 6
20 6
20 5
20 6
19 6
19 7
20 7
21 7
22 7
22 6
22 5
23 5
23 6
23 5
22 5
21 5
21 6
21 5
20 5
20 4
19 4
18 4
18 5
18 6
18 7
18 6
17 6
18 6
18 7
18 8
19 8
19 9
19 8
19 9
19 10
19 11
19 10
18 10
17 10
17 9
17 10
18 10
17 10
17 11
18 11
17 11
18 11
19 11
20 11
20 12
21 12
22 12
21 12
20 12
21 12
22 12
21 12
20 12
21 12
22 12
23 12
23 11
23 12
22 12
21 12
22 12
22 11
22 10
21 10
22 10
22 9
21 9
21 10
21 11
22 11
22 12
22 13
21 13
21 12
21 11
21 10
22 10
22 11
23 11
23 10
23 9
23 10
22 10
23 10
23 9
22 9
23 9
23 8
23 9
22 9
23 9
23 8
23 9
23 8
22 8
22 7
21 7
22 7
21 7
22 7
22 6
22 5
21 5
21 4
22 4
23 4
23 5
22 5
21 5
21 6
20 6
21 6
21 5
22 5
23 5
23 4
23 5
22 5
22 6
22 7
22 8
22 9
23 9
23 8
23 7
22 7
23 7
23 8
22 8
23 8
23 7
24 7
24 6
24 5
24 6
25 6
25 7
24 7
24 6
24 5
24 4
24 5
25 5
26 5
25 5
25 6
24 6
24 7
24 6
24 5
23 5
22 5
23 5
23 6
23 5
23 6
23 7
23 6
23 5
22 5
22 6
23 6
22 6
23 6
23 7
24 7
24 6
23 6
23 7
23 6
23 7
24 7
23 7
24 7
25 7
24 7
24 6
23 6
23 5
22 5
22 6
21 6
22 6
22 5
22 6
23 6
23 5
23 6
23 7
24 7
24 8
24 7
25 7
26 7
25 7
24 7
23 7
24 7
24 6
25 6
25 5
24 5
24 6
25 6
25 5
25 6
26 6
26 5
26 4
26 3
26 4
26 3
27 3
26 3
26 2
26 1
26 0
26 1
26 2
27 2
27 1
28 1
28 2
28 1
29 1
30 1
31 1
31 2
32 2
32 3
31 3
32 3
32 2
33 2
33 1
34 1
34 0
33 0
32 0
32 1
32 0
32 1
31 1
30 1
30 2
30 1
30 0
30 1
29 1
30 1
30 2
30 1
31 1
32 1
33 1
32 1
32 2
32 3
33 3
34 3
34 2
33 2
32 2
32 3
32 4
33 4
34 4
35 4
35 5
36 5
37 5
37 4
37 5
38 5
37 5
36 5
35 5
36 5
37 5
38 5
38 4
38 5
39 5
39 4
39 5
39 6
39 7
40 7
40 8
40 9
41 9
40 9
40 10
41 10
41 11
41 12
41 11
41 10
41 11
40 11
40 12
41 12
42 12
43 12
43 11
42 11
42 10
42 9
42 8
42 7
42 8
43 8
43 7
44 7
45 7
45 8
45 9
46 9
45 9
44 9
44 8
43 8
43 7
44 7
44 6
44 5
45 5
46 5
47 5
47 6
47 5
47 4
46 4
45 4
45 3
46 3
46 2
46 1
46 0
46 1
45 1
44 1
44 2
44 3
43 3
44 3
43 3
43 2
44 2
45 2
45 1
45 2
46 2
45 2
44 2
43 2
42 2
43 2
43 3
44 3
44 2
44 1
44 0
45 0
45 1
44 1
44 2
43 2
43 1
43 0
44 0
44 1
45 1
44 1
45 1
45 2
44 2
45 2
46 2
46 1
47 1
48 1
48 0
48 1
48 0
49 0
48 0
49 0
49 1
48 1
47 1
46 1
46 0
46 1
46 2
46 1
46 0
45 0
46 0
46 1
47 1
46 1
45 1
45 2
45 3
46 3
45 3
45 2
44 2
45 2
46 2
46 1
47 1
46 1
45 1
46 1
47 1
48 1
47 1
48 1
48 2
47 2
47 1
47 0
