0 0
0 1
1 1
1 2
0 2
0 3
0 2
1 2
0 2
0 1
1 1
0 1
0 0
1 0
1 1
1 0
0 0
0 1
1 1
2 1
3 1
4 1
5 1
4 1
4 2
4 3
4 4
3 4
4 4
4 3
4 2
3 2
2 2
2 1
2 0
2 1
3 1
3 2
3 1
3 2
3 3
3 4
2 4
3 4
3 3
3 4
3 3
4 3
4 4
4 5
5 5
6 5
6 6
6 5
5 5
6 5
6 6
6 7
6 8
6 9
5 9
6 9
5 9
6 9
6 8
5 8
5 9
5 8
6 8
6 7
5 7
6 7
7 7
7 8
8 8
9 8
8 8
9 8
10 8
9 8
10 8
11 8
10 8
9 8
9 7
9 8
10 8
10 7
10 8
9 8
9 9
10 9
9 9
9 10
10 10
10 9
10 10
11 10
10 10
11 10
10 10
9 10
9 9
10 9
9 9
9 10
8 10
8 9
7 9
8 9
9 9
10 9
11 9
10 9
10 8
10 7
11 7
10 7
11 7
10 7
10 6
10 7
11 7
12 7
13 7
13 8
13 9
14 9
14 8
14 7
14 8
14 7
14 6
14 5
14 4
13 4
13 3
14 3
14 2
14 3
14 4
14 3
13 3
13 4
13 5
12 5
12 4
13 4
14 4
13 4
13 3
14 3
15 3
14 3
15 3
15 2
14 2
13 2
13 1
13 2
13 1
14 1
15 1
15 0
15 1
14 1
13 1
13 2
14 2
13 2
12 2
13 2
13 1
12 1
11 1
11 2
10 2
9 2
9 1
9 2
10 2
11 2
12 2
11 2
11 3
11 2
11 3
12 3
11 3
11 2
11 1
12 1
11 1
12 1
13 1
14 1
14 2
14 3
14 2
14 3
14 2
13 2
14 2
14 3
14 2
14 3
14 4
15 4
16 4
16 5
16 6
16 5
15 5
16 5
16 4
16 5
17 5
17 6
17 5
16 5
15 5
16 5
16 6
17 6
16 6
15 6
15 5
15 4
14 4
15 4
16 4
16 3
17 3
18 3
18 2
19 2
19 1
19 2
19 1
20 1
20 2
21 2
22 2
21 2
22 2
21 2
21 3
21 2
20 2
20 1
20 2
19 2
20 2
21 2
20 2
20 1
19 1
19 2
19 3
19 2
19 1
18 1
17 1
17 0
16 0
15 0
16 0
15 0
15 1
16 1
15 1
16 1
17 1
17 2
17 3
17 2
16 2
16 1
15 1
15 0
15 1
14 1
14 2
14 1
15 1
14 1
13 1
14 1
14 0
14 1
15 1
15 2
16 2
16 1
16 2
16 1
15 1
14 1
14 2
15 2
14 2
15 2
15 1
15 2
16 2
16 1
16 2
16 3
17 3
17 4
16 4
17 4
17 3
17 2
16 2
16 3
15 3
14 3
15 3
16 3
15 3
16 3
17 3
16 3
16 2
15 2
15 3
16 3
16 4
16 5
17 5
16 5
16 6
15 6
16 6
17 6
16 6
17 6
17 5
17 6
17 7
18 7
19 7
20 7
21 7
21 8
21 9
20 9
21 9
21 8
21 7
21 8
21 7
22 7
23 7
23 6
22 6
21 6
22 6
23 6
23 5
22 5
22 6
22 5
22 6
22 5
21 5
20 5
20 4
20 3
21 3
22 3
21 3
21 2
21 3
20 3
20 2
20 1
19 1
19 0
18 0
18 1
19 1
19 2
18 2
17 2
18 2
18 1
18 2
17 2
17 3
17 2
17 1
16 1
16 2
16 1
16 2
15 2
14 2
14 1
15 1
15 2
15 1
15 2
16 2
16 3
17 3
16 3
16 4
16 5
15 5
15 6
16 6
15 6
16 6
17 6
17 5
16 5
17 5
16 5
17 5
17 4
17 5
17 6
18 6
18 5
18 4
18 3
17 3
17 4
17 3
18 3
19 3
19 4
19 5
20 5
21 5
20 5
20 4
20 5
19 5
20 5
21 5
22 5
21 5
21 6
21 5
21 4
21 3
21 4
21 3
21 2
21 1
21 0
21 1
20 1
20 0
20 1
19 1
18 1
18 2
18 1
18 2
18 3
19 3
18 3
19 3
19 2
18 2
18 3
18 4
18 3
17 3
16 3
16 4
15 4
15 5
15 4
14 4
15 4
15 5
15 6
16 6
15 6
15 5
14 5
14 4
14 5
14 6
14 5
13 5
12 5
11 5
11 6
10 6
9 6
9 7
10 7
11 7
11 8
11 7
10 7
11 7
10 7
9 7
9 8
9 9
10 9
9 9
9 8
10 8
11 8
10 8
10 7
10 6
9 6
8 6
9 6
9 7
9 6
9 5
9 4
10 4
10 3
11 3
11 2
11 1
11 2
10 2
10 1
11 1
10 1
10 0
10 1
9 1
10 1
10 0
9 0
8 0
8 1
9 1
10 1
10 2
11 2
10 2
11 2
11 3
11 2
12 2
11 2
11 3
11 2
12 2
12 1
11 1
12 1
13 1
14 1
14 0
14 1
15 1
15 2
16 2
17 2
17 1
16 1
15 1
16 1
17 1
17 0
17 1
18 1
18 2
17 2
18 2
18 1
19 1
19 2
20 2
21 2
21 1
20 1
20 0
20 1
20 2
20 3
21 3
21 2
20 2
21 2
21 3
21 4
20 4
20 3
20 4
19 4
20 4
19 4
19 3
18 3
18 4
19 4
19 5
20 5
20 6
20 5
19 5
20 5
20 6
20 7
20 8
21 8
20 8
19 8
19 7
18 7
18 8
17 8
17 7
17 8
17 9
18 9
18 10
18 9
19 9
18 9
19 9
20 9
19 9
18 9
17 9
16 9
15 9
15 8
14 8
14 7
14 8
15 8
15 9
16 9
16 8
16 9
15 9
15 10
15 11
16 11
16 12
17 12
17 13
18 13
17 13
18 13
18 12
17 12
16 12
16 11
16 10
16 11
17 11
17 10
17 9
17 8
18 8
18 9
18 8
19 8
19 7
20 7
21 7
21 8
21 9
22 9
22 8
22 7
22 8
21 8
21 9
21 10
21 11
21 12
20 12
19 12
18 12
18 13
18 12
18 13
18 14
18 15
18 16
17 16
16 16
17 16
16 16
16 17
15 17
14 17
14 16
14 17
14 16
13 16
12 16
11 16
12 16
12 17
12 18
13 18
14 18
14 17
14 16
15 16
15 17
14 17
15 17
15 16
15 15
15 16
15 15
15 14
15 15
15 14
14 14
15 14
15 15
14 15
14 16
13 16
14 16
15 16
16 16
16 17
15 17
15 18
15 17
16 17
17 17
16 17
17 17
17 18
17 19
17 18
17 19
17 20
17 21
16 21
17 21
18 21
18 20
18 21
18 20
18 21
19 21
19 22
19 23
19 22
19 23
20 23
21 23
21 22
20 22
20 23
21 23
21 22
21 23
21 24
20 24
20 25
19 25
20 25
20 24
19 24
19 25
18 25
18 26
18 27
18 26
18 27
18 26
18 25
19 25
18 25
18 26
17 26
17 27
18 27
19 27
18 27
18 26
17 26
18 26
18 27
19 27
18 27
19 27
18 27
18 28
19 28
20 28
20 29
20 30
20 31
20 30
20 31
20 32
20 31
20 32
19 32
19 31
19 30
19 31
19 32
20 32
20 33
21 33
22 33
22 32
23 32
23 31
23 32
22 32
23 32
23 31
23 30
23 31
22 31
22 30
22 29
22 30
23 30
22 30
23 30
24 30
25 30
25 29
24 29
24 28
24 29
24 28
24 29
25 29
26 29
25 29
25 30
25 29
25 30
25 29
26 29
25 29
26 29
25 29
25 28
25 29
24 29
25 29
25 30
26 30
26 31
25 31
24 31
23 31
23 30
23 29
24 29
24 28
24 29
24 28
24 29
23 29
23 30
23 29
23 28
23 29
23 30
23 29
24 29
23 29
22 29
21 29
21 28
20 28
21 28
21 27
22 27
23 27
23 28
23 27
24 27
24 26
24 25
25 25
26 25
27 25
26 25
26 24
26 23
26 24
26 23
26 22
27 22
28 22
28 21
27 21
27 22
26 22
25 22
25 23
24 23
24 24
24 25
24 24
24 23
24 22
23 22
24 22
25 22
26 22
25 22
26 22
27 22
27 23
26 23
25 23
24 23
23 23
22 23
23 23
23 22
24 22
25 22
26 22
26 21
27 21
28 21
29 21
29 22
30 22
29 22
30 22
31 22
31 21
31 20
32 20
33 20
32 20
32 19
33 19
34 19
35 19
35 18
36 18
37 18
38 18
38 19
39 19
40 19
40 20
40 21
40 22
41 22
41 23
41 24
40 24
40 25
39 25
40 25
41 25
41 24
41 25
42 25
42 24
43 24
43 23
43 22
43 23
43 22
43 21
43 22
43 23
42 23
43 23
44 23
45 23
44 23
43 23
43 22
43 23
43 24
43 25
44 25
43 25
42 25
42 26
41 26
42 26
43 26
44 26
43 26
42 26
41 26
41 25
42 25
