0 0
0 1
1 1
0 1
0 2
1 2
2 2
1 2
1 1
1 0
1 1
0 1
1 1
1 2
1 1
0 1
0 2
1 2
1 3
1 4
0 4
1 4
1 3
1 2
1 1
0 1
1 1
1 0
2 0
2 1
1 1
2 1
2 2
2 1
3 1
4 1
3 1
3 0
4 0
4 1
4 2
5 2
6 2
7 2
7 1
8 1
9 1
9 0
9 1
9 2
8 2
7 2
8 2
8 3
8 2
8 1
8 2
7 2
8 2
8 1
8 0
7 0
8 0
7 0
6 0
6 1
6 0
6 1
6 2
7 2
8 2
8 1
8 2
8 1
8 2
8 1
8 0
7 0
7 1
7 0
7 1
8 1
8 0
8 1
7 1
6 1
5 1
4 1
5 1
4 1
3 1
4 1
4 2
3 2
2 2
1 2
1 3
2 3
2 4
2 5
2 6
2 5
1 5
1 6
1 7
2 7
3 7
3 8
3 9
4 9
3 9
3 8
4 8
5 8
5 7
6 7
6 6
6 5
5 5
4 5
3 5
3 4
3 5
3 4
4 4
4 5
3 5
3 6
2 6
2 7
2 8
2 9
1 9
2 9
1 9
1 10
1 9
2 9
1 9
0 9
1 9
1 8
2 8
1 8
1 7
2 7
1 7
0 7
0 8
0 7
1 7
2 7
1 7
0 7
1 7
1 6
0 6
0 5
1 5
0 5
0 4
1 4
2 4
2 5
2 6
2 7
3 7
3 8
2 8
2 7
2 8
1 8
2 8
3 8
3 9
4 9
4 10
3 10
3 9
3 10
3 11
2 11
3 11
3 12
2 12
2 11
2 10
2 11
2 10
2 11
3 11
3 10
3 9
2 9
1 9
1 8
1 7
1 6
2 6
3 6
4 6
4 5
4 6
4 7
3 7
2 7
3 7
3 8
4 8
4 9
4 10
5 10
4 10
3 10
4 10
4 9
5 9
5 10
6 10
6 9
6 10
5 10
5 9
6 9
7 9
7 8
7 9
6 9
7 9
8 9
7 9
6 9
5 9
5 10
5 9
4 9
4 10
5 10
6 10
6 11
6 10
6 9
5 9
6 9
6 8
7 8
7 7
7 8
6 8
5 8
5 9
6 9
7 9
7 8
7 9
6 9
6 8
6 7
6 8
6 9
6 10
6 11
6 12
6 11
5 11
6 11
5 11
5 10
5 11
5 10
5 9
6 9
7 9
8 9
7 9
7 10
7 9
7 8
7 7
7 6
6 6
6 7
6 8
6 9
5 9
4 9
4 8
4 7
4 6
4 5
3 5
4 5
5 5
4 5
5 5
6 5
6 6
5 6
6 6
5 6
5 7
5 6
5 5
5 4
5 3
4 3
3 3
3 2
4 2
5 2
5 1
4 1
5 1
6 1
6 2
6 1
7 1
7 2
7 1
7 2
6 2
6 1
6 0
7 0
6 0
6 1
6 2
5 2
4 2
5 2
5 1
6 1
7 1
6 1
6 0
6 1
6 2
7 2
7 1
7 0
7 1
7 0
8 0
8 1
8 2
9 2
8 2
8 1
8 2
8 3
8 2
8 3
8 2
9 2
9 1
9 2
10 2
9 2
8 2
9 2
10 2
9 2
9 3
9 4
10 4
10 3
10 4
11 4
10 4
10 3
10 4
11 4
11 5
11 6
12 6
12 5
13 5
13 4
12 4
13 4
13 3
14 3
15 3
14 3
13 3
13 2
13 1
14 1
14 0
13 0
12 0
12 1
13 1
13 2
14 2
14 1
14 2
14 1
13 1
13 0
14 0
13 0
14 0
15 0
14 0
14 1
14 2
14 3
15 3
15 4
14 4
15 4
15 5
14 5
14 4
15 4
15 5
16 5
15 5
16 5
15 5
15 4
14 4
15 4
14 4
15 4
14 4
14 3
15 3
14 3
14 4
13 4
13 5
13 4
14 4
15 4
16 4
17 4
17 5
17 6
17 7
17 8
17 9
17 8
18 8
18 9
18 8
17 8
16 8
15 8
15 9
15 10
14 10
13 10
14 10
13 10
14 10
14 11
13 11
12 11
11 11
12 11
12 12
12 11
12 10
11 10
11 11
10 11
9 11
9 12
9 11
8 11
9 11
9 10
8 10
9 10
9 9
9 10
9 11
9 12
8 12
9 12
8 12
8 13
8 14
7 14
7 15
6 15
7 15
8 15
8 14
9 14
10 14
10 13
11 13
11 14
11 15
12 15
13 15
13 14
12 14
12 15
11 15
10 15
10 14
10 15
10 16
11 16
11 17
11 16
11 15
11 16
12 16
12 17
12 18
12 17
12 18
11 18
11 19
11 20
10 20
10 19
11 19
11 18
12 18
12 19
12 20
12 21
12 22
11 22
11 23
11 24
11 23
12 23
12 22
11 22
10 22
9 22
8 22
9 22
8 22
9 22
8 22
9 22
9 23
10 23
11 23
10 23
10 24
10 25
11 25
12 25
12 26
12 27
11 27
10 27
9 27
10 27
10 26
9 26
10 26
9 26
9 25
10 25
11 25
11 26
11 25
11 24
12 24
12 23
12 24
13 24
13 25
14 25
14 26
15 26
14 26
14 27
14 28
15 28
15 29
14 29
14 30
14 31
14 32
14 31
13 31
14 31
14 32
14 31
15 31
16 31
16 30
17 30
16 30
16 31
15 31
15 32
15 33
16 33
16 34
16 33
15 33
15 32
16 32
17 32
17 33
16 33
17 33
17 34
16 34
15 34
14 34
14 33
13 33
13 34
12 34
12 35
12 34
12 35
12 34
12 35
12 34
12 33
11 33
11 34
10 34
10 33
10 32
9 32
9 31
9 30
8 30
7 30
6 30
5 30
5 31
5 32
5 33
5 34
6 34
7 34
7 33
7 34
6 34
7 34
7 35
7 36
7 35
8 35
8 34
8 35
7 35
7 36
7 37
7 36
7 35
7 36
7 35
8 35
7 35
7 34
6 34
6 35
6 34
7 34
7 35
8 35
8 36
9 36
10 36
10 37
9 37
8 37
8 36
9 36
9 37
8 37
7 37
8 37
9 37
9 36
8 36
8 35
8 34
7 34
8 34
7 34
7 35
6 35
5 35
5 34
5 33
6 33
5 33
5 34
5 33
4 33
4 34
4 35
4 36
4 37
5 37
5 36
6 36
7 36
8 36
9 36
9 35
10 35
10 34
10 33
10 32
11 32
11 33
11 34
12 34
11 34
11 35
10 35
9 35
10 35
11 35
12 35
12 36
11 36
11 37
11 36
11 37
11 36
10 36
9 36
10 36
11 36
12 36
13 36
14 36
14 37
14 36
13 36
12 36
13 36
13 37
13 38
13 37
14 37
14 36
13 36
14 36
13 36
13 37
14 37
15 37
16 37
16 38
15 38
15 37
16 37
17 37
17 36
17 37
17 36
17 35
17 34
18 34
18 35
18 36
19 36
20 36
19 36
20 36
21 36
21 37
20 37
21 37
21 36
21 35
20 35
19 35
19 34
19 35
20 35
21 35
22 35
22 36
22 35
21 35
21 36
21 35
21 36
22 36
23 36
23 37
23 36
22 36
22 35
22 36
22 37
23 37
23 36
23 35
24 35
24 36
24 37
24 38
24 37
24 38
24 39
24 40
23 40
24 40
23 40
22 40
22 39
22 40
23 40
23 39
22 39
23 39
23 40
23 41
23 40
23 39
23 38
22 38
21 38
21 39
21 38
20 38
20 39
20 38
20 39
21 39
22 39
22 40
22 39
22 40
23 40
23 41
24 41
25 41
25 42
24 42
23 42
24 42
24 41
24 42
24 43
25 43
25 42
24 42
24 43
25 43
24 43
23 43
24 43
25 43
24 43
25 43
25 42
24 42
23 42
23 41
23 42
24 42
25 42
25 41
25 40
25 39
25 38
24 38
24 37
24 36
23 36
24 36
23 36
22 36
22 37
22 38
21 38
21 39
22 39
23 39
23 40
23 41
24 41
24 42
25 42
24 42
23 42
22 42
22 41
22 42
21 42
21 41
21 42
21 41
21 40
20 40
19 40
19 41
19 40
19 41
19 42
20 42
19 42
20 42
20 43
20 42
19 42
18 42
17 42
18 42
19 42
18 42
17 42
17 41
17 40
17 41
18 41
18 42
18 43
18 42
17 42
17 43
18 43
19 43
20 43
19 43
18 43
17 43
16 43
16 44
15 44
14 44
14 45
14 44
14 45
13 45
14 45
14 44
14 43
15 43
15 42
15 43
14 43
15 43
16 43
17 43
16 43
16 42
17 42
17 41
16 41
15 41
14 41
15 41
16 41
16 40
15 40
15 41
15 40
16 40
15 40
14 40
13 40
12 40
11 40
10 40
9 40
9 39
9 40
9 41
9 40
8 40
8 41
9 41
8 41
9 41
10 41
10 40
9 40
10 40
10 41
10 40
10 39
10 40
10 41
11 41
12 41
12 40
13 40
12 40
12 39
12 40
12 39
11 39
12 39
11 39
10 39
