0 0
0 1
0 0
0 1
1 1
1 0
1 1
2 1
2 2
2 1
3 1
2 1
2 2
1 2
2 2
2 3
2 2
2 1
2 0
1 0
2 0
2 1
3 1
3 0
2 0
3 0
3 1
3 2
4 2
3 2
3 3
3 2
2 2
1 2
1 1
2 1
2 0
2 1
1 1
2 1
2 2
2 3
2 4
3 4
4 4
4 5
4 4
3 4
3 3
2 3
1 3
2 3
2 2
2 3
3 3
3 2
3 1
2 1
3 1
3 0
4 0
3 0
3 1
2 1
2 2
3 2
4 2
4 3
4 4
4 5
5 5
6 5
7 5
7 4
7 5
7 6
6 6
6 7
6 6
5 6
4 6
4 5
4 4
4 5
4 6
5 6
5 7
5 6
5 7
5 8
6 8
5 8
5 9
5 8
5 7
5 6
4 6
3 6
2 6
2 7
2 6
2 7
2 6
3 6
2 6
2 7
2 6
2 7
3 7
2 7
2 6
3 6
2 6
2 7
3 7
3 6
3 5
4 5
3 5
3 6
4 6
3 6
3 7
4 7
5 7
5 8
4 8
4 7
4 6
4 7
3 7
3 8
3 7
4 7
4 8
5 8
5 9
5 8
5 9
5 8
5 9
5 8
5 7
5 8
6 8
5 8
4 8
5 8
4 8
5 8
4 8
3 8
3 9
4 9
4 10
4 9
4 10
3 10
2 10
1 10
0 10
1 10
2 10
1 10
0 10
1 10
0 10
0 11
0 10
1 10
2 10
2 11
2 12
1 12
2 12
1 12
2 12
2 13
2 14
1 14
0 14
1 14
2 14
2 13
1 13
1 14
0 14
1 14
2 14
1 14
1 15
1 14
2 14
1 14
1 15
1 16
1 17
1 18
1 17
0 17
1 17
1 18
0 18
0 19
1 19
1 20
0 20
0 19
1 19
2 19
2 20
1 20
1 19
0 19
0 20
0 21
0 20
1 20
1 21
0 21
0 22
1 22
1 21
1 20
1 19
1 20
0 20
1 20
1 19
1 18
1 17
2 17
1 17
1 18
1 17
0 17
1 17
1 18
0 18
0 17
0 18
0 17
1 17
1 16
0 16
0 15
1 15
1 14
0 14
0 15
0 14
0 15
0 16
1 16
2 16
3 16
3 17
3 18
2 18
1 18
0 18
1 18
2 18
2 17
2 16
2 17
3 17
3 16
3 15
2 15
3 15
4 15
5 15
5 14
4 14
3 14
3 15
3 14
3 13
4 13
4 12
3 12
3 13
2 13
3 13
3 12
3 13
4 13
4 14
5 14
4 14
3 14
3 13
4 13
5 13
6 13
7 13
6 13
7 13
6 13
6 14
6 15
6 16
7 16
7 15
6 15
5 15
4 15
5 15
6 15
6 14
7 14
7 15
7 14
8 14
8 15
7 15
8 15
8 16
7 16
7 15
6 15
6 16
7 16
8 16
7 16
8 16
7 16
7 17
7 16
8 16
7 16
7 17
8 17
9 17
9 16
9 15
9 16
8 16
8 17
8 16
8 17
8 16
7 16
8 16
8 15
9 15
10 15
11 15
11 16
12 16
12 15
13 15
13 14
13 13
14 13
14 12
15 12
15 13
16 13
15 13
15 12
15 11
16 11
16 12
15 12
15 13
14 13
15 13
14 13
15 13
15 14
15 13
14 13
14 12
14 11
14 10
15 10
15 11
15 10
14 10
14 9
13 9
13 8
13 9
12 9
12 10
12 9
12 10
13 10
13 11
13 10
13 9
12 9
13 9
13 10
13 11
12 11
12 10
11 10
11 11
12 11
12 12
12 11
13 11
12 11
12 10
12 9
13 9
13 10
13 9
14 9
14 8
14 9
14 10
15 10
16 10
17 10
16 10
17 10
17 9
17 8
16 8
16 9
16 10
15 10
15 11
15 10
15 11
14 11
15 11
14 11
13 11
13 12
13 13
14 13
14 12
13 12
12 12
11 12
11 13
10 13
9 13
9 12
8 12
8 13
7 13
6 13
6 14
7 14
7 13
6 13
6 14
6 13
6 14
6 15
6 14
6 13
7 13
7 12
6 12
5 12
5 11
4 11
5 11
5 12
6 12
6 13
6 12
6 13
6 12
6 11
5 11
6 11
5 11
6 11
7 11
7 10
6 10
7 10
7 9
7 8
7 9
7 8
6 8
5 8
5 7
5 8
5 7
6 7
7 7
8 7
8 8
9 8
10 8
11 8
11 7
11 8
12 8
12 7
13 7
13 8
13 9
13 10
14 10
14 11
14 10
15 10
16 10
16 9
15 9
15 8
15 7
16 7
17 7
17 8
16 8
16 7
15 7
15 8
15 7
14 7
14 6
15 6
14 6
13 6
12 6
11 6
12 6
12 7
13 7
14 7
14 8
14 7
15 7
15 6
16 6
17 6
16 6
17 6
17 5
17 6
17 7
18 7
18 6
19 6
19 5
18 5
19 5
18 5
18 6
17 6
16 6
16 7
16 8
15 8
15 9
15 10
14 10
14 9
13 9
14 9
14 10
13 10
13 11
14 11
13 11
14 11
14 12
14 13
14 12
13 12
13 11
13 12
12 12
11 12
11 13
12 13
13 13
13 12
13 13
12 13
12 14
12 15
12 16
11 16
11 17
10 17
10 18
9 18
10 18
10 19
11 19
11 20
11 21
11 20
10 20
10 19
10 20
10 19
10 18
9 18
8 18
8 19
8 18
7 18
8 18
7 18
6 18
7 18
7 17
7 16
6 16
6 17
7 17
7 18
6 18
6 19
7 19
7 20
7 19
7 18
8 18
9 18
9 19
9 18
8 18
8 17
7 17
6 17
7 17
6 17
7 17
7 18
7 17
8 17
8 16
8 17
7 17
6 17
5 17
6 17
7 17
8 17
9 17
10 17
11 17
12 17
11 17
11 18
11 17
11 18
11 19
11 20
10 20
9 20
9 21
9 22
9 23
9 24
8 24
8 25
8 26
9 26
10 26
10 25
11 25
12 25
12 24
12 23
13 23
12 23
12 24
11 24
11 23
11 24
11 23
11 24
10 24
9 24
9 23
9 22
8 22
8 21
8 20
8 21
8 22
9 22
8 22
9 22
9 23
9 24
10 24
11 24
12 24
11 24
11 23
11 24
11 25
11 26
11 25
12 25
13 25
14 25
14 24
13 24
13 25
14 25
14 26
15 26
16 26
15 26
15 27
15 28
15 29
15 30
14 30
14 29
13 29
13 30
14 30
13 30
13 29
13 30
14 30
13 30
14 30
13 30
13 29
12 29
11 29
11 28
11 29
11 30
10 30
11 30
10 30
10 29
11 29
11 28
11 27
11 26
11 27
12 27
11 27
11 28
10 28
10 29
10 30
10 31
11 31
10 31
10 30
10 31
11 31
11 32
11 31
11 32
11 31
11 32
11 33
10 33
11 33
11 32
12 32
12 31
12 32
13 32
14 32
14 31
15 31
15 30
15 31
15 30
15 29
15 28
15 27
15 26
15 27
16 27
17 27
16 27
17 27
17 26
17 27
18 27
18 26
18 27
18 26
17 26
17 27
16 27
16 26
17 26
17 25
18 25
18 26
18 27
17 27
17 28
16 28
15 28
15 29
15 30
16 30
17 30
17 29
18 29
18 30
18 31
18 32
18 33
18 32
19 32
19 31
18 31
19 31
19 32
18 32
17 32
16 32
15 32
15 31
16 31
16 32
15 32
16 32
17 32
16 32
15 32
14 32
14 33
13 33
14 33
13 33
13 32
13 31
13 32
14 32
14 31
15 31
14 31
15 31
15 30
15 31
15 30
15 31
15 32
14 32
15 32
15 31
15 30
14 30
13 30
12 30
12 31
11 31
11 32
10 32
9 32
9 31
8 31
7 31
7 32
6 32
6 31
6 30
6 31
6 32
7 32
7 33
7 32
6 32
7 32
7 33
7 32
7 33
8 33
8 34
9 34
9 35
8 35
9 35
8 35
9 35
9 36
9 35
10 35
11 35
10 35
11 35
11 34
10 34
10 33
10 34
9 34
8 34
7 34
7 35
6 35
7 35
7 36
7 37
7 36
6 36
7 36
7 37
8 37
9 37
9 38
8 38
7 38
7 39
6 39
7 39
8 39
9 39
9 40
9 41
10 41
11 41
11 42
11 41
10 41
11 41
10 41
9 41
8 41
7 41
7 40
7 41
7 40
6 40
7 40
8 40
7 40
6 40
6 39
7 39
7 40
8 40
8 39
9 39
10 39
11 39
10 39
10 40
10 39
11 39
10 39
9 39
10 39
10 38
9 38
9 37
9 36
9 37
10 37
10 38
11 38
11 37
12 37
12 38
11 38
11 39
11 38
12 38
12 37
12 36
13 36
14 36
13 36
13 35
13 34
13 35
12 35
12 36
13 36
13 35
12 35
12 34
12 35
12 34
12 35
11 35
10 35
11 35
10 35
10 34
9 34
9 33
10 33
10 32
11 32
11 31
12 31
12 30
11 30
11 29
10 29
