0 0
1 0
0 0
1 0
0 0
0 1
1 1
1 0
1 1
2 1
2 0
3 0
2 0
3 0
2 0
1 0
0 0
1 0
0 0
1 0
2 0
1 0
2 0
2 1
1 1
0 1
1 1
0 1
0 0
0 1
0 0
1 0
0 0
0 1
1 1
1 2
2 2
1 2
2 2
3 2
2 2
2 1
1 1
1 0
1 1
2 1
1 1
1 2
1 1
1 0
2 0
1 0
1 1
1 2
2 2
1 2
0 2
1 2
2 2
2 1
1 1
2 1
3 1
2 1
1 1
1 2
1 1
1 2
2 2
3 2
3 3
3 2
3 1
3 2
3 1
3 2
3 3
3 4
2 4
2 5
1 5
2 5
2 6
2 7
2 8
3 8
2 8
2 9
2 10
2 9
1 9
1 8
0 8
1 8
1 7
1 6
2 6
2 7
1 7
2 7
1 7
0 7
0 6
1 6
2 6
2 7
3 7
3 6
2 6
2 7
2 8
2 9
2 8
3 8
3 9
2 9
2 10
3 10
2 10
3 10
4 10
3 10
2 10
2 9
2 8
3 8
3 7
2 7
3 7
3 8
3 9
4 9
5 9
5 10
5 11
6 11
5 11
4 11
5 11
5 12
4 12
3 12
4 12
5 12
4 12
5 12
5 11
5 10
5 9
5 10
5 11
4 11
4 10
4 9
4 8
5 8
4 8
3 8
3 7
2 7
3 7
3 8
2 8
1 8
2 8
3 8
4 8
5 8
4 8
3 8
4 8
5 8
5 7
6 7
7 7
7 8
8 8
7 8
7 9
7 8
6 8
7 8
8 8
8 7
8 8
7 8
7 7
8 7
8 8
8 9
9 9
9 8
9 9
8 9
8 8
8 7
8 8
8 9
8 8
8 9
9 9
10 9
10 10
10 9
11 9
10 9
10 10
10 9
10 8
9 8
9 9
9 10
9 11
10 11
10 10
11 10
12 10
13 10
13 9
13 8
14 8
14 9
14 10
14 11
13 11
13 12
13 11
13 12
13 13
14 13
14 12
14 13
15 13
14 13
15 13
15 14
15 15
16 15
17 15
18 15
19 15
19 14
18 14
18 15
18 16
18 15
19 15
18 15
19 15
20 15
19 15
19 16
18 16
18 17
18 18
19 18
18 18
18 19
18 18
19 18
19 17
19 18
18 18
17 18
17 19
18 19
19 19
19 20
20 20
19 20
18 20
19 20
19 21
18 21
19 21
19 20
19 19
18 19
17 19
18 19
18 20
18 19
17 19
16 19
16 20
16 19
17 19
18 19
19 19
20 19
20 20
21 20
21 21
21 20
21 19
21 20
20 20
21 20
21 19
21 18
21 17
22 17
23 17
24 17
25 17
26 17
25 17
25 18
25 17
25 18
24 18
24 17
25 17
25 16
26 16
25 16
25 17
24 17
23 17
22 17
21 17
21 18
21 19
21 20
20 20
21 20
21 21
22 21
22 20
22 21
23 21
22 21
22 22
22 23
22 22
21 22
22 22
21 22
21 23
21 24
22 24
21 24
20 24
20 23
19 23
18 23
18 22
19 22
20 22
19 22
19 21
19 20
19 19
18 19
17 19
18 19
18 20
18 19
18 20
17 20
16 20
15 20
15 21
14 21
14 20
15 20
16 20
17 20
17 21
16 21
17 21
17 20
18 20
18 21
19 21
19 20
19 21
18 21
17 21
16 21
15 21
15 22
15 21
14 21
15 21
14 21
15 21
14 21
15 21
15 20
14 20
13 20
13 19
12 19
12 18
13 18
13 19
13 20
13 19
13 20
12 20
13 20
13 21
13 20
13 21
13 22
13 21
14 21
15 21
16 21
16 22
17 22
17 21
18 21
18 22
18 21
17 21
18 21
19 21
19 20
20 20
20 21
19 21
19 20
20 20
19 20
20 20
19 20
18 20
18 19
17 19
17 20
17 19
18 19
19 19
19 20
19 21
19 22
18 22
19 22
19 21
19 20
20 20
21 20
20 20
20 19
20 18
20 19
20 20
19 20
18 20
17 20
16 20
17 20
16 20
16 21
17 21
17 22
17 23
17 22
18 22
17 22
17 21
17 22
18 22
17 22
17 23
18 23
18 22
19 22
20 22
20 21
21 21
21 22
20 22
20 21
20 22
21 22
21 21
21 20
21 19
22 19
22 20
21 20
20 20
21 20
21 19
20 19
20 20
21 20
20 20
20 19
20 18
20 17
20 16
20 15
20 16
21 16
20 16
20 17
19 17
20 17
19 17
19 16
20 16
21 16
21 15
21 14
22 14
22 13
22 12
21 12
21 13
22 13
23 13
24 13
24 14
24 13
24 14
25 14
25 15
26 15
26 16
27 16
27 17
26 17
25 17
26 17
27 17
28 17
29 17
29 18
29 17
29 18
29 19
30 19
30 20
29 20
28 20
29 20
30 20
29 20
30 20
31 20
32 20
33 20
34 20
34 21
33 21
33 20
32 20
33 20
33 21
32 21
33 21
33 20
33 21
33 22
33 23
33 24
32 24
31 24
31 23
31 22
30 22
29 22
29 23
28 23
27 23
27 24
28 24
28 23
29 23
28 23
27 23
28 23
27 23
27 24
27 25
26 25
26 24
25 24
25 25
24 25
25 25
25 24
24 24
23 24
23 23
22 23
23 23
24 23
24 24
24 23
23 23
22 23
23 23
22 23
22 24
22 23
22 22
21 22
22 22
23 22
23 21
23 22
23 23
24 23
23 23
23 22
24 22
23 22
22 22
22 23
22 24
22 23
22 24
22 25
21 25
21 26
22 26
22 25
23 25
22 25
22 26
22 25
22 24
21 24
21 23
21 22
20 22
20 21
21 21
21 22
21 21
21 22
21 21
21 22
22 22
22 23
23 23
23 24
23 25
23 24
24 24
24 25
24 26
24 27
25 27
26 27
26 28
25 28
24 28
24 29
23 29
23 30
22 30
22 31
23 31
24 31
25 31
26 31
26 30
27 30
28 30
28 31
28 30
27 30
26 30
25 30
25 31
24 31
24 30
25 30
26 30
26 31
26 32
27 32
27 31
28 31
29 31
28 31
29 31
29 32
28 32
28 31
28 30
27 30
27 31
28 31
28 30
28 31
27 31
27 30
28 30
29 30
29 29
29 28
29 27
28 27
29 27
28 27
28 26
29 26
28 26
28 27
27 27
27 28
28 28
28 29
28 30
27 30
27 31
27 30
28 30
28 29
27 29
27 30
27 31
26 31
26 30
26 31
25 31
25 32
25 31
26 31
26 30
26 31
26 32
27 32
27 31
27 30
27 29
27 30
26 30
25 30
25 31
25 32
26 32
25 32
25 33
25 34
26 34
26 35
27 35
26 35
26 36
27 36
27 37
26 37
26 38
27 38
28 38
27 38
27 39
26 39
25 39
26 39
26 38
26 37
26 38
27 38
27 39
27 40
28 40
29 40
29 39
30 39
30 38
30 39
29 39
28 39
29 39
29 40
29 39
28 39
28 40
28 39
27 39
27 38
26 38
26 39
27 39
28 39
28 38
28 39
28 40
27 40
26 40
25 40
24 40
24 39
24 40
24 41
25 41
25 40
25 39
24 39
25 39
24 39
25 39
25 40
24 40
24 41
25 41
24 41
23 41
24 41
23 41
22 41
23 41
22 41
21 41
21 42
22 42
21 42
20 42
21 42
21 43
21 44
22 44
22 45
22 46
22 45
22 44
23 44
23 43
23 42
24 42
24 41
23 41
24 41
24 42
24 41
25 41
25 40
26 40
26 39
25 39
24 39
24 38
24 37
25 37
24 37
24 36
23 36
23 35
24 35
23 35
22 35
23 35
23 34
22 34
22 33
22 34
22 35
23 35
23 36
23 35
24 35
25 35
25 36
26 36
27 36
27 35
27 34
26 34
26 35
26 36
26 37
27 37
27 38
27 39
27 38
27 37
27 38
27 37
27 36
27 37
28 37
28 38
27 38
28 38
27 38
28 38
29 38
29 37
28 37
29 37
29 36
29 37
28 37
27 37
27 38
26 38
25 38
26 38
27 38
27 39
27 38
27 39
27 40
26 40
27 40
27 41
28 41
27 41
27 40
27 41
28 41
27 41
27 42
27 43
27 44
28 44
28 45
28 44
27 44
26 44
26 45
25 45
25 44
24 44
23 44
22 44
21 44
21 43
21 42
20 42
20 43
20 44
20 43
21 43
22 43
23 43
22 43
21 43
22 43
23 43
24 43
23 43
23 44
22 44
22 45
22 44
21 44
21 45
22 45
22 46
22 47
22 48
21 48
20 48
20 47
20 46
21 46
22 46
22 47
22 46
21 46
20 46
20 45
20 44
20 43
21 43
20 43
21 43
22 43
22 44
22 45
23 45
23 46
22 46
22 45
23 45
24 45
24 44
25 44
25 45
25 44
25 43
25 42
24 42
24 41
24 42
24 41
24 42
23 42
23 41
22 41
23 41
22 41
22 40
22 39
23 39
24 39
25 39
26 39
27 39
28 39
