0 0
0 1
0 0
0 1
1 1
0 1
0 2
1 2
2 2
3 2
2 2
1 2
0 2
0 1
0 0
0 1
1 1
1 2
1 3
1 4
0 4
0 3
1 3
1 2
2 2
2 3
3 3
4 3
3 3
3 2
3 1
3 2
2 2
1 2
1 1
0 1
0 2
1 2
1 1
1 0
1 1
2 1
2 2
1 2
2 2
1 2
1 3
2 3
2 4
2 5
2 6
1 6
2 6
2 7
3 7
3 6
3 5
3 4
3 5
3 6
3 7
4 7
3 7
3 6
3 5
4 5
3 5
2 5
2 4
3 4
2 4
3 4
4 4
5 4
4 4
4 3
4 2
4 3
4 2
3 2
3 1
3 0
2 0
3 0
4 0
3 0
3 1
3 2
3 3
3 4
3 5
4 5
3 5
4 5
4 4
4 5
5 5
5 4
5 5
5 6
6 6
5 6
5 7
5 8
5 9
4 9
4 10
5 10
5 9
5 10
6 10
6 11
6 12
6 11
6 12
5 12
5 13
5 14
5 15
4 15
4 16
4 17
3 17
2 17
2 16
1 16
1 17
0 17
1 17
0 17
1 17
0 17
1 17
0 17
0 16
1 16
0 16
1 16
1 17
1 16
1 15
0 15
0 14
1 14
2 14
1 14
1 15
1 14
1 15
0 15
0 16
1 16
0 16
0 15
1 15
1 16
1 17
1 16
0 16
1 16
0 16
1 16
2 16
3 16
2 16
1 16
1 15
2 15
2 16
2 17
1 17
1 18
2 18
2 19
3 19
4 19
3 19
3 20
2 20
1 20
2 20
2 21
1 21
1 20
0 20
1 20
1 19
1 20
1 19
2 19
2 18
1 18
1 17
1 16
1 15
0 15
1 15
1 14
1 13
0 13
0 14
1 14
2 14
2 15
2 14
1 14
0 14
0 13
0 14
1 14
1 13
1 12
0 12
1 12
0 12
0 11
1 11
1 12
2 12
2 13
2 14
2 13
2 12
3 12
3 11
3 10
3 11
3 12
2 12
2 13
2 14
3 14
3 15
3 14
3 13
2 13
2 12
2 13
2 12
1 12
1 11
2 11
3 11
3 12
3 13
4 13
4 12
4 11
4 12
4 11
4 12
3 12
4 12
4 11
4 10
4 11
3 11
4 11
4 12
4 13
3 13
4 13
4 12
4 11
5 11
6 11
5 11
6 11
7 11
8 11
8 12
7 12
7 13
7 14
8 14
7 14
6 14
7 14
6 14
5 14
5 15
6 15
6 16
5 16
5 15
5 14
5 15
5 16
5 17
5 18
6 18
6 17
7 17
8 17
8 16
7 16
6 16
5 16
5 15
5 16
4 16
4 15
4 14
5 14
6 14
5 14
5 15
6 15
6 16
7 16
7 17
6 17
6 18
6 17
6 16
7 16
7 15
6 15
6 14
6 13
5 13
4 13
3 13
3 14
3 15
2 15
2 16
1 16
1 17
1 18
1 17
0 17
1 17
2 17
2 18
1 18
2 18
3 18
2 18
2 19
1 19
2 19
1 19
1 20
1 19
1 18
1 19
1 20
2 20
1 20
1 19
0 19
0 18
0 19
0 20
1 20
0 20
1 20
1 21
0 21
1 21
1 22
0 22
0 23
0 24
1 24
0 24
0 25
1 25
1 26
2 26
1 26
0 26
0 27
1 27
1 28
1 29
0 29
0 28
1 28
1 29
1 28
1 27
0 27
1 27
2 27
2 26
2 25
2 26
1 26
1 25
2 25
1 25
0 25
1 25
1 24
1 23
0 23
1 23
1 24
0 24
0 23
0 22
1 22
2 22
2 21
2 22
1 22
1 21
1 20
0 20
0 21
1 21
1 20
1 19
2 19
3 19
4 19
4 18
4 19
4 18
4 17
4 16
5 16
6 16
7 16
6 16
7 16
7 15
6 15
7 15
8 15
8 14
8 15
9 15
9 14
9 15
10 15
10 16
10 15
11 15
10 15
10 16
10 17
9 17
10 17
10 18
9 18
9 17
9 18
9 19
8 19
8 18
7 18
8 18
9 18
9 19
8 19
8 18
9 18
8 18
8 19
7 19
6 19
5 19
5 18
4 18
5 18
5 19
5 18
5 17
6 17
5 17
6 17
6 18
6 19
6 20
7 20
6 20
6 19
6 18
5 18
5 19
4 19
4 20
3 20
3 19
2 19
2 20
2 21
2 20
2 21
1 21
1 20
2 20
3 20
4 20
5 20
5 19
5 20
5 21
5 22
5 21
6 21
5 21
5 20
4 20
3 20
3 21
2 21
3 21
3 22
3 21
2 21
2 20
2 21
2 20
3 20
3 21
3 20
3 21
3 22
3 23
3 22
2 22
3 22
3 21
3 22
3 23
3 22
3 21
2 21
2 22
2 21
2 20
2 19
1 19
1 18
0 18
1 18
2 18
2 19
2 18
1 18
1 19
2 19
2 18
3 18
3 17
4 17
4 16
5 16
5 17
6 17
7 17
7 16
6 16
7 16
7 17
8 17
8 18
8 17
8 18
7 18
7 19
7 18
7 17
8 17
8 18
7 18
8 18
7 18
8 18
8 17
8 16
8 15
8 14
7 14
7 15
8 15
8 14
8 15
8 16
8 15
8 16
7 16
7 15
7 14
8 14
7 14
6 14
6 13
6 14
6 13
6 14
7 14
6 14
6 15
6 16
7 16
7 17
7 18
7 17
8 17
8 18
9 18
8 18
9 18
10 18
11 18
12 18
11 18
11 17
10 17
10 18
10 19
11 19
12 19
13 19
13 20
14 20
14 21
14 20
14 19
14 20
14 21
15 21
15 20
14 20
15 20
15 19
15 18
16 18
17 18
17 17
17 16
17 15
18 15
19 15
19 16
19 17
19 16
18 16
18 15
18 16
19 16
19 17
20 17
20 16
20 17
20 16
21 16
22 16
22 15
22 16
22 15
21 15
21 16
21 15
21 16
22 16
23 16
24 16
23 16
24 16
24 15
24 14
24 13
24 14
23 14
23 15
23 14
22 14
21 14
20 14
20 13
20 14
20 15
21 15
21 16
22 16
21 16
22 16
23 16
23 17
22 17
23 17
22 17
22 18
22 19
22 18
22 19
22 20
23 20
24 20
25 20
25 19
26 19
26 18
26 19
25 19
25 18
26 18
26 19
26 18
26 17
27 17
28 17
28 18
29 18
30 18
30 17
31 17
31 18
31 19
31 20
31 21
30 21
30 20
31 20
32 20
33 20
33 21
33 20
32 20
32 19
32 20
32 21
32 22
32 21
32 22
33 22
33 21
32 21
32 20
31 20
30 20
30 21
31 21
31 20
30 20
31 20
31 19
31 18
31 19
31 18
32 18
32 19
31 19
30 19
31 19
31 20
30 20
29 20
30 20
30 19
30 18
29 18
30 18
29 18
30 18
29 18
28 18
28 19
27 19
28 19
29 19
30 19
30 20
29 20
30 20
30 21
30 20
31 20
32 20
32 21
33 21
33 22
33 21
33 22
34 22
33 22
33 23
33 24
32 24
32 25
31 25
32 25
32 24
31 24
31 25
30 25
31 25
30 25
31 25
30 25
30 24
29 24
28 24
28 23
27 23
27 22
26 22
27 22
27 23
27 22
28 22
27 22
27 23
28 23
28 22
28 21
28 20
28 21
29 21
29 22
29 21
29 20
28 20
28 21
28 22
27 22
27 23
26 23
27 23
26 23
27 23
26 23
26 22
26 23
27 23
26 23
26 22
26 21
26 20
26 19
26 18
26 19
26 18
25 18
25 19
26 19
26 18
25 18
25 17
25 18
24 18
23 18
23 17
23 18
22 18
22 17
21 17
22 17
23 17
24 17
25 17
25 18
25 19
26 19
25 19
24 19
23 19
24 19
24 18
25 18
26 18
26 17
27 17
26 17
25 17
25 16
25 15
25 16
26 16
26 15
25 15
25 14
25 13
25 12
25 13
25 14
26 14
26 15
26 16
25 16
25 15
24 15
24 16
24 15
25 15
25 14
26 14
25 14
24 14
24 13
24 12
24 13
24 12
23 12
24 12
24 11
23 11
24 11
23 11
23 10
23 11
24 11
25 11
24 11
25 11
24 11
23 11
23 10
22 10
23 10
22 10
23 10
23 11
23 12
23 13
23 14
22 14
22 15
22 16
21 16
21 17
21 16
22 16
23 16
22 16
22 15
23 15
23 14
24 14
25 14
26 14
26 15
26 14
25 14
25 13
24 13
24 14
25 14
26 14
26 13
26 12
27 12
27 11
28 11
27 11
26 11
27 11
28 11
27 11
27 12
26 12
26 13
27 13
28 13
29 13
29 14
29 15
30 15
30 14
30 15
30 14
29 14
29 15
29 14
29 13
30 13
30 14
30 15
30 16
30 15
30 16
30 17
30 18
29 18
28 18
27 18
27 19
28 19
28 18
28 19
28 18
28 17
29 17
28 17
28 16
28 17
27 17
26 17
25 17
24 17
24 18
23 18
23 17
24 17
