0 0
0 1
1 1
1 2
0 2
0 3
0 2
0 3
0 4
1 4
1 3
1 4
1 3
2 3
2 2
3 2
3 1
3 0
3 1
3 2
4 2
5 2
4 2
5 2
4 2
5 2
5 1
5 2
5 3
5 2
4 2
4 3
4 2
5 2
5 3
4 3
4 2
4 3
4 4
3 4
3 5
3 6
2 6
3 6
4 6
3 6
2 6
1 6
1 5
1 6
2 6
3 6
2 6
1 6
0 6
0 5
1 5
1 4
2 4
3 4
2 4
2 3
2 2
1 2
1 1
0 1
1 1
1 2
1 3
1 2
1 1
0 1
1 1
1 0
1 1
2 1
2 2
2 3
3 3
4 3
4 4
4 5
4 4
4 5
4 4
3 4
4 4
5 4
6 4
6 3
7 3
8 3
7 3
7 2
6 2
5 2
5 3
6 3
5 3
6 3
6 4
6 3
7 3
6 3
6 2
7 2
8 2
8 1
8 2
8 1
8 0
8 1
8 2
8 3
8 4
9 4
10 4
10 5
10 6
11 6
10 6
10 7
9 7
10 7
10 6
11 6
12 6
13 6
14 6
14 7
13 7
14 7
15 7
15 8
15 9
15 10
16 10
17 10
16 10
16 11
17 11
18 11
18 12
19 12
20 12
19 12
19 11
19 10
18 10
18 11
19 11
19 12
20 12
21 12
20 12
20 11
19 11
19 12
20 12
19 12
18 12
18 11
18 10
18 11
17 11
16 11
16 12
17 12
18 12
17 12
17 11
18 11
17 11
17 10
17 11
17 12
17 13
16 13
16 12
16 13
17 13
18 13
18 14
18 13
18 12
17 12
16 12
15 12
15 11
15 10
15 9
15 10
14 10
13 10
12 10
13 10
12 10
12 9
13 9
12 9
12 10
13 10
13 9
13 10
13 11
13 10
12 10
12 9
12 8
12 9
11 9
11 8
11 9
10 9
10 10
10 9
11 9
11 8
10 8
11 8
11 7
12 7
12 6
11 6
11 7
10 7
10 8
10 9
10 8
10 7
9 7
9 8
8 8
9 8
9 9
8 9
9 9
10 9
10 8
10 9
10 10
10 11
10 12
10 13
10 14
10 13
10 14
11 14
11 15
10 15
10 14
10 13
10 14
11 14
10 14
9 14
9 13
9 12
9 11
9 10
10 10
9 10
10 10
11 10
11 11
11 12
11 13
11 14
11 13
11 12
10 12
11 12
11 11
11 10
10 10
10 11
10 10
9 10
9 11
9 12
9 13
10 13
11 13
10 13
9 13
10 13
11 13
11 12
11 13
11 14
11 13
10 13
9 13
10 13
9 13
8 13
8 14
8 15
8 16
8 17
8 18
8 19
8 18
9 18
9 17
9 16
8 16
8 17
8 16
8 15
7 15
6 15
7 15
8 15
9 15
9 16
9 17
10 17
11 17
11 18
11 19
12 19
12 18
11 18
11 17
11 18
11 19
11 18
10 18
9 18
8 18
7 18
7 17
7 16
6 16
7 16
8 16
8 17
7 17
8 17
7 17
7 16
7 15
6 15
5 15
6 15
6 14
7 14
7 15
7 16
7 15
7 14
6 14
5 14
4 14
3 14
3 13
2 13
1 13
2 13
2 12
2 11
2 10
2 11
3 11
4 11
5 11
6 11
5 11
6 11
5 11
5 12
4 12
5 12
6 12
6 13
5 13
5 12
5 11
4 11
4 10
3 10
2 10
2 9
2 10
2 11
2 10
2 11
2 10
2 9
2 8
2 9
2 8
2 9
3 9
2 9
1 9
1 10
2 10
3 10
3 9
2 9
2 10
2 11
1 11
0 11
1 11
0 11
1 11
2 11
3 11
4 11
4 10
4 9
4 10
3 10
2 10
3 10
4 10
4 9
4 10
4 11
3 11
3 12
2 12
2 13
3 13
3 14
2 14
3 14
3 13
4 13
4 14
5 14
5 15
5 16
4 16
4 17
5 17
5 16
4 16
4 15
5 15
5 16
5 15
5 16
6 16
7 16
7 17
7 18
8 18
9 18
8 18
8 19
7 19
6 19
6 18
5 18
5 19
6 19
5 19
5 20
5 21
4 21
5 21
4 21
3 21
4 21
4 20
4 21
5 21
5 20
5 19
4 19
3 19
2 19
2 18
1 18
1 17
0 17
0 16
0 15
1 15
2 15
3 15
3 14
4 14
4 15
4 14
4 13
4 14
4 13
4 14
5 14
6 14
6 13
6 12
6 13
7 13
7 14
8 14
8 15
8 16
8 17
8 18
8 17
8 16
9 16
10 16
10 17
9 17
8 17
9 17
8 17
8 18
8 19
8 18
8 17
9 17
10 17
11 17
10 17
11 17
11 18
10 18
9 18
9 17
9 16
8 16
9 16
9 17
9 18
9 19
8 19
7 19
6 19
7 19
7 18
6 18
6 19
5 19
6 19
6 20
5 20
5 21
6 21
6 20
6 21
6 22
5 22
4 22
3 22
4 22
5 22
5 21
5 22
6 22
6 23
7 23
7 24
7 23
8 23
8 22
8 21
7 21
7 22
7 23
6 23
5 23
4 23
3 23
3 24
4 24
5 24
6 24
6 25
5 25
5 26
4 26
5 26
5 27
5 28
5 29
5 30
5 31
6 31
7 31
7 30
7 31
8 31
8 32
9 32
10 32
11 32
11 33
10 33
10 34
9 34
9 35
8 35
8 34
7 34
7 35
8 35
8 36
7 36
7 35
8 35
8 36
8 37
8 36
8 35
8 36
8 37
9 37
10 37
10 38
10 39
9 39
10 39
10 38
10 39
9 39
10 39
10 38
11 38
11 39
10 39
11 39
11 38
11 37
11 38
11 39
12 39
11 39
11 38
11 37
10 37
10 38
10 39
10 40
9 40
9 39
9 40
9 39
8 39
7 39
7 40
8 40
9 40
10 40
10 41
10 40
11 40
12 40
12 39
13 39
13 40
13 39
14 39
15 39
14 39
14 38
14 37
14 38
14 37
13 37
12 37
13 37
14 37
13 37
13 36
12 36
12 35
12 34
12 33
12 32
12 33
11 33
11 34
10 34
10 33
9 33
8 33
8 32
9 32
9 31
10 31
11 31
11 32
10 32
10 33
9 33
9 32
8 32
9 32
9 31
9 32
9 31
9 32
10 32
10 33
10 32
10 31
9 31
8 31
8 30
8 29
8 30
8 31
8 30
8 31
8 32
8 31
8 30
9 30
9 31
9 30
9 29
8 29
8 28
9 28
10 28
10 27
9 27
9 26
9 27
9 28
10 28
11 28
10 28
10 29
10 28
10 27
9 27
10 27
10 26
10 27
10 26
9 26
10 26
10 27
10 28
10 27
9 27
9 26
10 26
11 26
11 27
12 27
13 27
12 27
11 27
11 26
12 26
12 25
12 24
11 24
10 24
10 23
10 24
11 24
11 25
12 25
12 24
13 24
13 23
13 22
14 22
14 23
14 22
13 22
14 22
14 21
14 22
15 22
16 22
17 22
17 21
18 21
18 20
18 21
17 21
17 22
16 22
16 21
17 21
18 21
19 21
19 22
19 23
20 23
20 22
20 21
19 21
18 21
18 22
18 21
19 21
19 20
20 20
20 19
20 20
20 21
21 21
21 22
22 22
22 21
22 20
22 21
22 22
22 23
23 23
22 23
22 22
23 22
23 23
24 23
23 23
23 24
23 25
23 24
22 24
22 23
22 24
23 24
23 23
23 22
24 22
23 22
23 23
23 22
24 22
24 23
23 23
23 22
24 22
24 21
24 20
24 19
24 20
25 20
25 19
25 20
26 20
25 20
25 19
26 19
26 18
27 18
27 19
27 18
27 19
27 20
27 19
27 20
27 19
28 19
29 19
30 19
29 19
29 20
29 21
29 22
30 22
30 21
30 22
30 23
31 23
31 24
30 24
30 25
30 24
31 24
32 24
32 25
33 25
32 25
33 25
34 25
35 25
36 25
37 25
36 25
37 25
36 25
37 25
38 25
39 25
39 24
39 23
39 22
39 21
39 22
39 23
39 24
40 24
41 24
40 24
40 25
40 24
40 23
39 23
39 22
39 23
39 22
38 22
38 21
37 21
38 21
37 21
37 22
38 22
38 21
38 22
37 22
37 21
37 20
38 20
38 19
39 19
39 18
39 19
38 19
37 19
37 18
37 17
36 17
35 17
34 17
34 18
33 18
33 17
32 17
31 17
31 18
32 18
32 17
31 17
30 17
30 18
30 19
30 18
31 18
32 18
32 19
33 19
33 20
34 20
34 19
33 19
34 19
34 20
34 19
34 20
35 20
34 20
34 21
34 22
34 23
33 23
34 23
33 23
33 22
34 22
34 21
35 21
34 21
34 20
34 21
34 22
34 21
34 22
34 23
34 24
34 23
33 23
34 23
34 24
34 23
34 22
35 22
34 22
35 22
35 21
36 21
35 21
34 21
34 22
35 22
34 22
34 23
34 24
35 24
34 24
33 24
33 23
33 24
33 25
32 25
