0 0
1 0
1 1
1 2
0 2
1 2
2 2
2 1
1 1
1 0
1 1
1 0
1 1
0 1
0 0
0 1
1 1
2 1
3 1
4 1
5 1
5 0
5 1
5 0
5 1
4 1
4 2
4 1
5 1
6 1
6 2
5 2
6 2
6 1
5 1
6 1
5 1
5 0
5 1
6 1
5 1
5 2
5 3
5 4
5 5
5 6
6 6
6 5
5 5
5 4
5 3
6 3
5 3
5 2
4 2
3 2
3 1
3 2
3 3
2 3
2 2
2 3
2 2
1 2
1 3
2 3
3 3
4 3
5 3
6 3
7 3
6 3
7 3
7 4
6 4
7 4
7 5
8 5
8 6
8 7
9 7
10 7
10 6
11 6
11 5
11 4
11 5
10 5
10 4
10 5
9 5
8 5
7 5
8 5
7 5
6 5
7 5
7 6
7 7
7 8
7 9
8 9
9 9
10 9
9 9
10 9
11 9
10 9
10 10
10 9
9 9
9 10
9 11
9 12
9 13
9 12
8 12
7 12
6 12
7 12
7 13
7 14
7 15
7 14
6 14
6 15
5 15
5 16
6 16
5 16
5 17
6 17
6 16
6 17
5 17
6 17
7 17
6 17
7 17
7 18
7 17
6 17
6 16
5 16
6 16
5 16
6 16
6 15
7 15
7 16
6 16
5 16
5 17
4 17
5 17
5 16
5 17
4 17
4 16
5 16
5 15
5 16
4 16
4 15
3 15
3 16
4 16
3 16
2 16
1 16
1 15
1 14
2 14
2 15
2 16
3 16
2 16
2 15
2 16
2 17
1 17
2 17
2 18
2 17
3 17
3 16
3 17
2 17
2 18
2 19
2 20
1 20
2 20
3 20
4 20
5 20
6 20
7 20
6 20
6 19
6 20
7 20
8 20
9 20
9 21
10 21
9 21
10 21
9 21
9 20
9 21
10 21
9 21
8 21
8 20
8 21
7 21
6 21
6 22
7 22
6 22
6 23
5 23
6 23
7 23
8 23
7 23
8 23
8 24
7 24
8 24
7 24
8 24
8 23
8 22
7 22
7 23
8 23
8 24
8 23
7 23
6 23
6 24
6 23
6 22
6 21
5 21
6 21
5 21
4 21
4 20
4 19
4 18
4 19
4 20
3 20
3 19
4 19
3 19
4 19
5 19
5 20
5 21
6 21
6 22
6 21
6 22
7 22
8 22
8 21
7 21
6 21
5 21
6 21
7 21
8 21
9 21
8 21
9 21
9 20
9 19
9 18
10 18
9 18
10 18
9 18
10 18
10 17
10 18
10 17
10 16
11 16
10 16
10 15
10 16
9 16
9 15
9 14
8 14
7 14
6 14
7 14
8 14
9 14
10 14
9 14
8 14
7 14
8 14
8 15
9 15
9 14
9 13
9 14
9 15
9 14
8 14
8 13
8 14
8 15
9 15
9 14
9 15
9 14
10 14
11 14
11 15
11 14
11 15
10 15
10 16
10 17
9 17
9 16
9 15
8 15
8 16
8 15
8 14
7 14
7 13
6 13
5 13
5 14
5 15
5 16
5 17
5 18
4 18
4 17
4 18
5 18
4 18
3 18
3 19
2 19
3 19
3 18
3 19
2 19
2 18
1 18
1 19
1 18
0 18
0 17
0 16
0 17
0 16
0 15
1 15
1 14
2 14
3 14
4 14
3 14
3 13
3 14
2 14
2 13
2 12
2 13
3 13
2 13
2 14
1 14
1 15
2 15
2 16
2 15
1 15
1 16
1 17
0 17
1 17
0 17
1 17
2 17
1 17
2 17
1 17
1 16
0 16
0 17
1 17
1 16
1 15
2 15
3 15
3 14
3 13
3 14
4 14
4 13
5 13
6 13
5 13
6 13
6 12
6 11
7 11
7 10
7 11
8 11
8 10
7 10
7 9
7 10
7 11
7 12
6 12
5 12
4 12
3 12
3 13
2 13
2 14
2 13
2 12
1 12
1 11
0 11
1 11
0 11
0 12
0 13
1 13
1 14
0 14
0 13
1 13
1 12
2 12
2 13
2 14
3 14
3 15
4 15
3 15
3 14
2 14
1 14
2 14
1 14
2 14
1 14
0 14
1 14
1 15
1 16
2 16
1 16
0 16
1 16
0 16
1 16
0 16
0 17
1 17
0 17
0 18
0 19
1 19
0 19
0 18
1 18
1 17
2 17
2 18
2 17
2 18
1 18
1 19
0 19
1 19
1 20
1 19
2 19
2 18
1 18
1 19
2 19
3 19
4 19
4 20
3 20
3 19
3 18
4 18
5 18
5 19
5 18
4 18
4 19
3 19
4 19
3 19
4 19
4 20
3 20
3 19
3 20
3 19
3 18
4 18
3 18
2 18
3 18
4 18
3 18
4 18
3 18
2 18
2 19
3 19
3 20
3 21
4 21
4 22
3 22
3 23
2 23
3 23
3 24
3 25
3 24
3 23
4 23
4 24
5 24
6 24
5 24
6 24
7 24
7 23
7 22
8 22
9 22
8 22
7 22
6 22
5 22
6 22
6 23
7 23
8 23
7 23
6 23
6 22
7 22
7 21
8 21
9 21
9 20
10 20
11 20
12 20
12 19
13 19
14 19
14 20
14 19
13 19
13 18
14 18
14 19
15 19
16 19
16 18
16 17
15 17
15 18
14 18
14 19
13 19
13 20
14 20
13 20
13 19
12 19
11 19
10 19
9 19
9 20
8 20
8 19
8 20
7 20
6 20
6 21
7 21
6 21
6 22
7 22
7 21
8 21
8 20
8 21
8 20
8 21
9 21
8 21
7 21
7 22
7 23
7 22
8 22
9 22
8 22
8 23
7 23
7 22
7 23
6 23
6 24
7 24
6 24
7 24
6 24
7 24
8 24
8 23
9 23
10 23
10 24
10 23
11 23
10 23
10 22
10 21
11 21
11 20
12 20
13 20
12 20
12 21
12 20
11 20
12 20
12 21
12 20
11 20
11 21
10 21
9 21
8 21
8 22
7 22
8 22
8 23
8 24
8 23
7 23
8 23
9 23
9 24
9 23
9 24
9 25
10 25
9 25
10 25
10 24
9 24
10 24
11 24
12 24
12 25
12 26
12 25
12 26
13 26
14 26
15 26
15 27
15 26
15 27
16 27
15 27
15 26
14 26
15 26
15 27
16 27
16 28
17 28
18 28
17 28
17 29
17 28
16 28
17 28
17 27
17 28
17 27
18 27
17 27
18 27
19 27
18 27
17 27
18 27
18 28
18 27
19 27
19 26
19 27
18 27
18 26
19 26
19 25
18 25
18 26
17 26
17 25
16 25
17 25
18 25
18 26
19 26
20 26
20 25
20 24
20 23
21 23
22 23
23 23
24 23
25 23
25 22
24 22
24 23
24 24
25 24
25 25
26 25
26 24
25 24
26 24
27 24
28 24
29 24
30 24
29 24
29 23
28 23
29 23
30 23
31 23
31 24
31 23
30 23
31 23
31 22
30 22
30 21
30 22
30 21
30 22
30 23
30 22
30 21
31 21
30 21
31 21
31 22
31 23
32 23
32 24
32 23
33 23
33 24
33 25
34 25
34 24
34 23
33 23
33 22
33 23
34 23
34 24
34 23
35 23
34 23
34 22
34 21
33 21
32 21
33 21
32 21
32 20
31 20
31 21
31 20
31 21
32 21
32 20
32 19
31 19
31 20
32 20
32 19
32 18
31 18
32 18
31 18
31 17
30 17
30 18
29 18
30 18
31 18
30 18
30 19
31 19
32 19
32 20
32 21
32 22
32 23
32 24
31 24
31 23
31 24
32 24
33 24
33 25
32 25
32 26
31 26
30 26
30 27
30 26
30 27
31 27
32 27
32 28
33 28
34 28
35 28
35 27
35 28
35 29
35 30
34 30
35 30
35 29
34 29
33 29
34 29
35 29
36 29
36 28
36 27
36 28
36 29
35 29
34 29
34 30
35 30
34 30
34 31
34 32
34 31
34 30
35 30
35 31
35 32
36 32
36 33
36 32
36 33
36 34
36 33
36 32
35 32
35 33
36 33
37 33
37 34
36 34
36 35
37 35
36 35
37 35
37 34
36 34
35 34
35 33
34 33
34 34
34 33
33 33
32 33
33 33
33 32
33 31
34 31
34 30
34 29
34 28
33 28
33 27
33 26
33 27
32 27
33 27
33 26
34 26
33 26
34 26
34 25
35 25
35 24
36 24
36 23
37 23
38 23
38 22
38 23
38 22
39 22
39 21
39 20
39 19
38 19
37 19
36 19
36 20
36 19
36 18
36 17
36 16
36 15
36 16
35 16
35 15
36 15
37 15
37 14
38 14
38 13
38 12
39 12
38 12
37 12
37 11
36 11
37 11
38 11
37 11
36 11
35 11
35 12
35 11
36 11
36 10
36 9
36 10
36 9
36 10
36 9
36 10
36 9
36 10
36 11
37 11
36 11
36 12
37 12
36 12
36 11
36 10
35 10
35 11
35 10
35 9
35 10
35 9
36 9
