0 0
1 0
1 1
2 1
1 1
1 0
1 1
2 1
2 0
3 0
2 0
2 1
1 1
1 2
1 1
1 2
0 2
1 2
2 2
1 2
0 2
0 3
0 2
1 2
1 1
1 2
0 2
0 3
0 4
0 3
1 3
1 2
1 1
0 1
1 1
2 1
3 1
2 1
1 1
0 1
0 0
0 1
1 1
1 2
2 2
2 3
3 3
3 4
4 4
5 4
6 4
5 4
5 5
4 5
3 5
4 5
4 6
4 7
4 6
3 6
3 7
3 6
2 6
3 6
2 6
3 6
4 6
4 7
3 7
2 7
2 6
1 6
1 5
1 6
1 5
1 4
1 3
1 2
1 3
1 4
1 5
0 5
1 5
2 5
1 5
0 5
1 5
1 4
0 4
1 4
1 5
1 6
0 6
1 6
1 7
1 8
0 8
0 7
1 7
1 8
1 7
0 7
0 8
1 8
1 9
2 9
1 9
0 9
0 8
1 8
1 9
2 9
2 8
3 8
4 8
4 7
4 6
4 7
4 6
3 6
3 5
3 4
3 3
3 2
4 2
5 2
5 1
5 0
6 0
6 1
6 2
6 1
5 1
5 0
5 1
6 1
7 1
8 1
8 0
7 0
6 0
7 0
7 1
8 1
9 1
9 2
8 2
8 1
9 1
9 2
9 1
9 0
9 1
10 1
9 1
8 1
8 2
9 2
10 2
10 1
10 2
9 2
8 2
9 2
8 2
8 3
9 3
10 3
11 3
11 2
12 2
12 3
12 4
12 3
11 3
11 2
11 3
11 2
11 1
11 0
11 1
12 1
13 1
12 1
11 1
12 1
11 1
10 1
11 1
12 1
11 1
11 2
11 1
11 0
11 1
11 2
10 2
10 1
9 1
10 1
9 1
8 1
8 2
8 1
8 2
9 2
9 1
8 1
7 1
6 1
7 1
8 1
8 0
7 0
7 1
8 1
7 1
6 1
6 2
6 1
5 1
4 1
3 1
3 0
4 0
5 0
5 1
6 1
5 1
5 0
5 1
5 2
5 3
5 2
5 1
6 1
7 1
7 0
7 1
7 2
7 1
7 0
6 0
6 1
6 2
7 2
7 1
6 1
5 1
6 1
6 2
5 2
4 2
4 3
5 3
5 2
6 2
6 3
6 2
6 3
5 3
4 3
3 3
2 3
2 4
2 5
2 4
2 3
2 4
3 4
3 3
2 3
3 3
3 2
2 2
3 2
3 1
3 0
3 1
2 1
2 0
3 0
2 0
2 1
3 1
3 0
2 0
1 0
0 0
1 0
1 1
2 1
2 0
1 0
1 1
0 1
0 0
0 1
1 1
2 1
2 0
2 1
3 1
2 1
3 1
3 2
2 2
3 2
2 2
3 2
4 2
4 3
4 4
4 5
4 4
3 4
3 5
2 5
2 4
1 4
1 3
1 4
1 5
1 4
2 4
2 3
1 3
1 4
1 5
0 5
1 5
2 5
1 5
0 5
0 6
0 5
0 4
1 4
2 4
1 4
1 5
1 6
1 7
1 6
0 6
0 7
0 8
0 9
0 10
1 10
2 10
1 10
2 10
1 10
1 11
2 11
2 10
2 11
2 10
2 9
3 9
2 9
2 10
1 10
0 10
1 10
0 10
0 9
0 8
1 8
0 8
0 9
0 10
1 10
0 10
1 10
0 10
0 11
1 11
2 11
2 10
1 10
0 10
1 10
1 9
2 9
2 10
3 10
3 9
4 9
4 8
4 9
4 8
3 8
3 9
2 9
2 8
3 8
2 8
1 8
1 7
1 6
1 7
0 7
1 7
1 8
1 7
0 7
1 7
2 7
3 7
3 6
4 6
5 6
5 5
4 5
3 5
2 5
3 5
4 5
4 4
4 3
5 3
4 3
3 3
2 3
2 4
1 4
1 3
1 2
2 2
3 2
3 3
3 2
3 1
3 0
4 0
3 0
3 1
3 2
4 2
3 2
3 3
2 3
2 2
2 1
2 2
2 3
1 3
1 2
2 2
1 2
2 2
1 2
1 3
0 3
0 2
0 1
0 0
1 0
1 1
2 1
3 1
4 1
5 1
4 1
4 2
4 1
4 2
4 1
4 2
4 1
3 1
3 0
4 0
5 0
4 0
3 0
3 1
3 0
4 0
3 0
3 1
3 0
2 0
2 1
1 1
1 0
1 1
1 2
0 2
1 2
2 2
1 2
0 2
0 3
0 4
1 4
1 5
0 5
0 4
1 4
1 3
1 4
1 5
0 5
0 4
1 4
2 4
1 4
2 4
2 5
1 5
1 6
1 5
2 5
3 5
3 4
2 4
1 4
1 5
1 4
1 3
2 3
2 4
1 4
2 4
3 4
2 4
1 4
1 3
1 4
1 5
0 5
0 6
1 6
1 5
1 6
1 5
2 5
2 6
3 6
2 6
2 5
2 6
1 6
2 6
2 5
2 4
3 4
3 3
3 4
4 4
4 3
4 4
3 4
3 3
4 3
4 4
5 4
4 4
4 5
4 6
5 6
5 7
4 7
5 7
6 7
7 7
7 8
8 8
9 8
8 8
8 9
9 9
10 9
10 10
10 11
10 12
10 13
11 13
12 13
11 13
11 14
10 14
10 15
10 14
9 14
10 14
11 14
11 15
10 15
10 16
10 17
10 18
10 17
10 18
9 18
9 19
9 18
10 18
9 18
10 18
9 18
9 19
8 19
7 19
8 19
7 19
7 18
8 18
7 18
7 19
6 19
7 19
8 19
9 19
8 19
9 19
9 18
9 19
9 18
10 18
9 18
10 18
9 18
10 18
10 19
11 19
12 19
13 19
14 19
14 20
14 21
14 22
14 23
14 24
15 24
14 24
13 24
14 24
14 25
15 25
15 24
14 24
15 24
15 23
16 23
17 23
17 24
16 24
16 23
17 23
16 23
17 23
16 23
16 24
16 25
16 24
17 24
17 25
18 25
17 25
18 25
17 25
18 25
18 26
17 26
18 26
18 25
17 25
16 25
16 26
16 27
16 28
15 28
16 28
15 28
15 29
14 29
14 28
14 29
14 28
14 29
14 28
14 29
13 29
13 30
13 31
13 32
14 32
15 32
15 31
15 30
15 29
14 29
14 30
14 31
15 31
15 30
15 31
16 31
15 31
15 30
16 30
16 29
16 30
15 30
14 30
13 30
12 30
11 30
11 31
11 32
10 32
11 32
12 32
12 31
11 31
12 31
13 31
13 30
14 30
13 30
14 30
15 30
15 29
15 28
15 27
14 27
13 27
13 28
14 28
14 29
13 29
13 30
12 30
12 31
13 31
14 31
14 32
15 32
15 33
15 34
16 34
15 34
16 34
16 35
15 35
15 34
15 35
16 35
17 35
18 35
19 35
18 35
19 35
19 36
19 35
18 35
17 35
18 35
19 35
20 35
20 34
20 33
19 33
18 33
17 33
18 33
18 34
18 33
18 34
18 33
18 32
19 32
18 32
18 33
17 33
17 34
18 34
17 34
17 33
17 34
18 34
18 33
18 34
17 34
17 35
17 34
16 34
16 33
15 33
15 34
15 33
14 33
14 34
15 34
15 33
15 34
16 34
16 35
16 34
15 34
15 35
16 35
16 34
16 35
16 36
16 37
16 36
15 36
14 36
13 36
13 35
13 34
13 35
13 36
14 36
14 37
14 36
13 36
14 36
13 36
13 37
12 37
13 37
13 36
13 37
14 37
15 37
15 38
14 38
13 38
12 38
11 38
10 38
11 38
11 39
11 40
12 40
12 39
13 39
12 39
11 39
12 39
12 40
12 39
11 39
10 39
10 38
11 38
11 37
10 37
10 36
9 36
8 36
8 37
8 36
7 36
8 36
8 35
7 35
7 36
7 35
6 35
6 36
5 36
4 36
5 36
5 37
5 36
4 36
3 36
4 36
4 35
4 34
4 35
4 36
5 36
5 35
4 35
5 35
5 34
4 34
4 33
5 33
4 33
5 33
5 34
5 33
5 32
4 32
3 32
2 32
2 31
1 31
0 31
1 31
1 30
1 29
2 29
2 30
1 30
2 30
1 30
1 29
0 29
1 29
1 28
1 27
1 28
1 29
2 29
3 29
4 29
4 28
3 28
3 29
4 29
3 29
3 28
3 27
3 28
4 28
4 27
4 28
5 28
5 27
4 27
4 28
3 28
2 28
2 29
1 29
0 29
0 28
0 29
1 29
1 28
2 28
3 28
2 28
1 28
1 29
1 28
0 28
1 28
2 28
2 29
2 28
2 27
2 28
3 28
4 28
3 28
4 28
4 29
5 29
6 29
7 29
7 30
6 30
5 30
5 29
5 28
5 27
5 26
5 25
5 24
4 24
4 25
4 24
5 24
4 24
4 25
4 26
4 25
5 25
6 25
6 24
7 24
8 24
9 24
9 25
10 25
10 24
10 25
11 25
11 26
10 26
9 26
9 25
9 26
8 26
9 26
9 27
10 27
9 27
8 27
