0 0
1 0
1 1
1 2
1 3
2 3
3 3
3 2
3 3
4 3
4 4
5 4
6 4
7 4
7 3
8 3
8 2
8 1
8 2
8 3
7 3
8 3
8 2
8 3
7 3
6 3
7 3
6 3
5 3
5 2
5 3
5 2
4 2
3 2
3 1
4 1
4 0
4 1
4 0
4 1
3 1
2 1
2 0
1 0
2 0
2 1
3 1
2 1
1 1
1 2
2 2
2 3
2 2
1 2
2 2
3 2
2 2
2 3
2 4
2 3
2 2
1 2
1 1
0 1
0 0
0 1
0 0
1 0
0 0
0 1
0 2
0 1
1 1
0 1
0 0
0 1
0 0
0 1
0 0
0 1
1 1
1 2
2 2
2 1
3 1
4 1
4 2
5 2
6 2
6 1
7 1
8 1
9 1
9 2
9 3
8 3
7 3
7 2
8 2
8 1
7 1
6 1
6 0
6 1
6 0
7 0
6 0
6 1
7 1
7 0
7 1
7 2
7 3
8 3
9 3
9 4
8 4
7 4
8 4
7 4
7 3
7 4
7 3
8 3
7 3
7 2
8 2
8 1
9 1
9 0
9 1
10 1
10 2
11 2
11 3
11 2
11 1
11 2
11 3
11 4
10 4
10 5
9 5
9 4
9 5
9 4
8 4
8 5
8 4
7 4
7 5
6 5
6 6
7 6
8 6
8 7
8 6
8 5
7 5
7 6
7 5
7 6
6 6
6 7
7 7
7 6
7 7
6 7
7 7
7 6
7 5
8 5
7 5
6 5
5 5
5 4
5 5
4 5
4 4
4 3
3 3
2 3
3 3
4 3
4 2
4 3
3 3
4 3
5 3
6 3
5 3
5 4
4 4
3 4
4 4
4 5
3 5
4 5
4 4
5 4
6 4
6 5
6 4
5 4
5 3
6 3
6 4
5 4
5 3
6 3
5 3
6 3
6 4
7 4
7 5
6 5
5 5
5 6
6 6
7 6
7 5
7 6
7 5
8 5
8 4
9 4
8 4
8 5
8 6
8 5
8 6
7 6
7 7
7 6
7 7
7 8
7 9
8 9
9 9
10 9
10 8
10 7
9 7
9 6
9 7
9 8
9 9
10 9
9 9
9 8
10 8
11 8
10 8
10 9
10 8
10 9
10 10
9 10
10 10
11 10
11 9
12 9
11 9
12 9
12 10
12 9
11 9
12 9
11 9
11 8
11 7
11 6
11 7
11 8
12 8
12 7
12 8
11 8
11 7
11 8
11 9
12 9
13 9
14 9
13 9
13 10
13 11
13 10
13 11
12 11
11 11
10 11
9 11
10 11
10 10
11 10
11 9
10 9
10 8
9 8
9 7
9 6
9 5
9 4
9 3
9 4
9 3
9 4
10 4
10 5
11 5
11 6
11 7
11 8
11 7
11 6
12 6
12 7
11 7
11 6
12 6
12 7
13 7
13 6
12 6
13 6
12 6
11 6
12 6
13 6
13 7
13 8
13 9
14 9
15 9
15 8
16 8
16 9
17 9
17 8
17 9
17 10
17 9
17 10
17 9
17 10
18 10
19 10
19 11
19 12
18 12
18 13
18 12
18 13
19 13
20 13
21 13
21 12
21 11
21 12
21 13
21 14
21 15
21 14
21 13
21 12
22 12
23 12
24 12
25 12
24 12
24 13
24 12
25 12
26 12
26 13
27 13
27 12
27 11
27 10
28 10
27 10
28 10
27 10
27 9
27 8
27 7
27 6
26 6
27 6
27 7
27 6
28 6
28 7
28 8
27 8
26 8
27 8
28 8
28 9
29 9
30 9
31 9
31 10
31 11
30 11
30 10
30 9
31 9
31 10
31 11
32 11
32 10
32 11
33 11
33 10
33 9
33 10
32 10
31 10
32 10
32 9
31 9
32 9
31 9
32 9
33 9
33 10
33 9
32 9
32 10
31 10
30 10
29 10
29 11
29 10
30 10
30 11
29 11
29 10
28 10
29 10
29 9
29 8
30 8
31 8
31 9
32 9
32 10
31 10
32 10
33 10
33 11
33 10
33 9
33 10
32 10
32 9
33 9
34 9
33 9
32 9
32 8
32 7
32 8
32 9
31 9
31 10
32 10
32 9
32 10
33 10
34 10
33 10
34 10
35 10
35 11
36 11
35 11
34 11
35 11
36 11
35 11
34 11
33 11
33 10
34 10
35 10
35 11
36 11
35 11
35 12
36 12
36 11
37 11
37 12
36 12
36 11
36 10
35 10
34 10
35 10
35 11
35 12
35 11
35 10
35 9
35 8
36 8
37 8
36 8
36 9
37 9
38 9
38 8
37 8
36 8
35 8
34 8
33 8
33 7
33 8
32 8
32 9
33 9
33 10
34 10
35 10
35 9
35 10
35 11
35 12
34 12
35 12
36 12
35 12
36 12
37 12
37 13
38 13
38 14
38 15
38 16
38 15
37 15
37 16
37 17
37 16
37 17
38 17
38 18
38 19
39 19
38 19
37 19
37 18
36 18
37 18
38 18
39 18
39 19
39 18
40 18
39 18
38 18
38 17
39 17
40 17
40 18
40 17
41 17
40 17
40 18
40 19
39 19
40 19
41 19
40 19
40 18
40 17
41 17
40 17
40 16
39 16
39 17
39 16
39 15
40 15
40 14
39 14
39 13
40 13
41 13
40 13
39 13
39 12
40 12
39 12
39 13
39 14
40 14
41 14
41 13
42 13
41 13
41 14
42 14
42 15
42 16
42 17
42 16
42 15
41 15
40 15
39 15
40 15
39 15
38 15
38 14
39 14
39 13
40 13
41 13
40 13
41 13
40 13
39 13
40 13
40 12
41 12
40 12
40 11
39 11
40 11
40 12
40 13
39 13
39 14
38 14
39 14
39 15
38 15
38 16
37 16
37 15
38 15
39 15
39 16
39 15
40 15
40 14
41 14
40 14
40 15
40 14
39 14
39 15
40 15
40 16
41 16
40 16
39 16
38 16
38 15
38 16
39 16
40 16
40 15
39 15
39 16
40 16
40 17
40 18
40 19
40 18
39 18
39 19
38 19
39 19
38 19
38 18
37 18
38 18
38 19
38 18
38 17
38 18
38 17
38 18
39 18
39 17
40 17
40 18
40 19
39 19
38 19
38 18
39 18
40 18
41 18
40 18
40 17
40 16
39 16
38 16
38 15
38 14
38 13
38 14
37 14
36 14
36 13
36 12
36 13
36 14
36 15
35 15
34 15
34 16
33 16
33 17
33 16
33 15
34 15
33 15
33 14
32 14
33 14
33 13
33 12
33 11
32 11
32 10
31 10
30 10
31 10
30 10
29 10
30 10
30 11
30 12
30 13
29 13
29 12
29 11
29 12
30 12
31 12
31 11
30 11
31 11
31 10
31 9
31 10
32 10
33 10
33 9
33 8
34 8
35 8
35 9
34 9
33 9
33 8
34 8
35 8
36 8
37 8
38 8
37 8
37 9
36 9
36 10
37 10
37 9
38 9
37 9
38 9
38 10
38 11
37 11
36 11
36 10
36 11
36 12
35 12
35 11
35 12
35 13
35 12
35 11
34 11
34 12
34 11
35 11
34 11
34 12
33 12
32 12
31 12
31 11
31 10
32 10
31 10
30 10
30 9
30 8
30 9
30 8
29 8
28 8
27 8
27 9
27 10
28 10
29 10
30 10
30 11
31 11
30 11
29 11
30 11
30 12
30 11
30 10
30 9
29 9
30 9
30 10
30 9
29 9
30 9
31 9
32 9
32 10
31 10
31 9
32 9
32 8
31 8
31 7
31 6
32 6
31 6
32 6
32 5
33 5
33 6
32 6
32 5
31 5
30 5
31 5
30 5
29 5
29 4
29 3
30 3
31 3
32 3
32 2
31 2
31 1
31 2
30 2
31 2
30 2
31 2
31 3
32 3
32 2
32 1
32 0
32 1
33 1
32 1
33 1
32 1
33 1
32 1
32 2
32 3
32 4
32 5
32 4
31 4
31 5
31 4
31 5
30 5
31 5
30 5
29 5
29 6
29 5
29 4
28 4
29 4
29 5
29 6
30 6
30 7
29 7
28 7
29 7
28 7
27 7
28 7
28 6
28 7
28 6
29 6
28 6
27 6
27 7
28 7
28 8
27 8
27 9
28 9
28 10
29 10
29 9
29 8
29 9
30 9
30 8
30 9
29 9
29 10
29 9
29 8
30 8
30 9
30 10
30 9
30 8
30 9
30 10
30 9
29 9
29 8
28 8
27 8
27 9
26 9
26 8
25 8
25 9
24 9
23 9
23 10
24 10
25 10
25 11
25 10
26 10
26 11
26 10
25 10
25 9
26 9
27 9
27 8
28 8
27 8
27 9
27 10
26 10
27 10
28 10
27 10
27 9
27 10
26 10
26 11
26 12
27 12
26 12
26 13
26 12
26 11
25 11
26 11
26 12
26 11
26 12
26 13
26 14
25 14
25 13
25 12
26 12
26 11
27 11
27 10
27 11
26 11
26 12
27 12
