0 0
0 1
1 1
0 1
1 1
2 1
2 2
1 2
0 2
1 2
0 2
0 3
1 3
2 3
3 3
2 3
2 2
1 2
1 1
0 1
0 0
0 1
0 0
1 0
1 1
0 1
0 2
0 3
0 2
0 3
0 2
0 1
1 1
1 2
1 3
0 3
0 4
0 3
1 3
0 3
0 4
0 5
1 5
0 5
0 4
1 4
2 4
1 4
1 3
2 3
2 4
2 3
3 3
2 3
1 3
2 3
2 2
2 1
3 1
2 1
1 1
2 1
1 1
1 2
2 2
2 1
3 1
4 1
4 0
4 1
5 1
6 1
6 0
5 0
6 0
6 1
6 2
7 2
7 1
6 1
6 2
6 1
7 1
7 2
7 3
6 3
7 3
7 4
6 4
7 4
7 5
8 5
7 5
7 4
7 5
7 4
7 5
6 5
7 5
8 5
7 5
6 5
7 5
6 5
6 6
7 6
6 6
5 6
4 6
5 6
5 7
6 7
6 8
6 7
6 6
6 5
5 5
4 5
5 5
4 5
4 6
3 6
3 7
2 7
2 6
2 7
1 7
0 7
1 7
1 6
0 6
1 6
1 5
2 5
1 5
1 4
1 5
0 5
1 5
1 4
1 5
2 5
3 5
2 5
2 4
2 5
2 6
1 6
1 7
1 8
2 8
2 7
2 8
2 7
1 7
1 6
1 5
1 4
1 3
1 4
0 4
0 5
0 6
0 7
1 7
1 8
2 8
3 8
3 9
3 10
2 10
2 9
3 9
3 8
3 9
2 9
2 8
1 8
2 8
2 9
1 9
1 8
1 7
1 8
2 8
2 7
2 8
1 8
1 7
1 8
2 8
2 7
2 6
2 5
3 5
3 6
3 7
4 7
4 8
3 8
2 8
3 8
3 9
4 9
4 8
4 9
3 9
2 9
3 9
3 10
2 10
1 10
1 9
0 9
0 8
0 7
0 6
1 6
1 7
1 8
0 8
0 9
1 9
2 9
1 9
1 10
1 11
2 11
2 12
2 11
2 10
3 10
3 9
3 10
3 11
2 11
3 11
3 10
3 9
2 9
2 8
2 7
3 7
4 7
3 7
3 6
4 6
3 6
3 5
2 5
2 4
3 4
3 5
3 6
4 6
4 7
3 7
3 8
2 8
2 7
2 8
1 8
0 8
0 9
0 10
0 11
1 11
1 12
1 11
2 11
1 11
0 11
0 12
1 12
2 12
2 11
3 11
3 10
3 9
2 9
2 10
1 10
1 11
0 11
1 11
2 11
3 11
3 10
3 9
3 10
3 9
3 10
3 11
4 11
5 11
6 11
5 11
5 12
6 12
6 13
6 14
5 14
5 15
5 14
5 15
6 15
6 14
5 14
5 15
5 16
4 16
3 16
3 15
2 15
3 15
4 15
3 15
4 15
4 16
4 15
4 14
4 15
5 15
4 15
5 15
6 15
6 14
5 14
6 14
6 15
6 16
7 16
7 17
7 18
8 18
7 18
7 17
7 16
7 15
7 14
7 15
7 16
6 16
6 15
6 14
7 14
7 13
8 13
8 14
7 14
6 14
6 15
5 15
6 15
7 15
7 16
6 16
5 16
5 17
4 17
4 18
4 19
3 19
4 19
4 20
5 20
6 20
6 19
5 19
5 18
5 17
5 16
5 17
5 18
5 19
5 20
5 21
5 22
5 21
5 22
4 22
4 21
5 21
4 21
5 21
5 22
4 22
4 23
4 22
3 22
3 23
2 23
3 23
2 23
1 23
1 24
0 24
1 24
0 24
1 24
2 24
3 24
4 24
4 25
3 25
3 24
3 25
4 25
4 26
4 25
5 25
4 25
4 26
4 27
4 28
3 28
2 28
3 28
2 28
2 29
3 29
4 29
5 29
5 30
5 31
6 31
6 32
6 33
5 33
5 34
4 34
4 35
4 36
5 36
5 37
4 37
4 36
5 36
6 36
5 36
5 37
5 36
6 36
5 36
6 36
6 35
6 36
5 36
6 36
6 37
6 36
7 36
7 35
7 36
7 37
8 37
8 38
7 38
6 38
6 39
5 39
5 38
5 37
6 37
6 36
7 36
8 36
8 37
8 38
7 38
6 38
6 39
5 39
5 38
5 39
5 40
4 40
5 40
6 40
7 40
6 40
5 40
5 39
4 39
4 38
4 37
5 37
4 37
3 37
3 38
2 38
1 38
0 38
1 38
1 39
1 38
2 38
2 37
2 36
2 35
2 34
1 34
2 34
3 34
3 33
3 32
3 31
3 32
3 31
3 32
3 31
2 31
2 30
2 31
3 31
3 32
3 33
3 32
3 31
4 31
3 31
4 31
4 32
3 32
2 32
2 33
1 33
0 33
1 33
0 33
1 33
2 33
1 33
0 33
1 33
1 32
1 33
2 33
3 33
3 32
3 33
3 34
4 34
3 34
3 33
2 33
1 33
0 33
0 32
0 33
1 33
1 32
2 32
3 32
3 33
3 34
2 34
2 35
2 34
1 34
1 33
2 33
2 32
2 31
2 32
1 32
2 32
3 32
3 33
4 33
3 33
2 33
2 32
3 32
2 32
1 32
0 32
0 31
0 32
0 31
1 31
1 32
2 32
1 32
1 31
0 31
0 32
0 33
1 33
1 32
1 33
0 33
1 33
2 33
1 33
1 34
2 34
1 34
1 35
1 36
0 36
1 36
2 36
2 37
3 37
4 37
4 36
4 35
4 34
4 33
5 33
4 33
4 32
4 33
4 34
4 33
3 33
2 33
1 33
2 33
3 33
4 33
4 34
4 33
3 33
2 33
2 34
2 33
2 34
1 34
1 33
0 33
1 33
2 33
1 33
1 32
2 32
1 32
1 31
1 30
2 30
1 30
0 30
1 30
0 30
1 30
2 30
1 30
0 30
0 29
0 28
1 28
0 28
1 28
1 27
1 26
0 26
1 26
2 26
1 26
1 27
1 26
0 26
0 27
1 27
1 28
1 27
0 27
0 28
1 28
1 29
1 30
0 30
0 31
0 32
0 33
0 32
1 32
2 32
2 31
1 31
1 30
0 30
0 29
1 29
1 28
2 28
1 28
2 28
1 28
0 28
1 28
1 29
2 29
3 29
3 28
3 27
4 27
4 26
4 25
4 24
4 25
5 25
6 25
5 25
5 24
6 24
6 25
5 25
5 24
4 24
5 24
5 25
4 25
4 24
4 25
3 25
2 25
2 26
1 26
1 25
1 26
1 27
1 26
0 26
0 25
0 26
0 25
1 25
1 26
1 27
1 28
1 27
0 27
0 28
0 29
0 30
0 29
0 30
1 30
1 31
1 32
1 33
0 33
0 34
0 33
1 33
1 34
1 33
2 33
2 34
3 34
2 34
1 34
1 33
1 34
1 35
2 35
2 34
2 33
2 32
2 33
3 33
4 33
5 33
4 33
3 33
3 34
3 35
3 36
2 36
3 36
3 37
3 36
4 36
4 37
5 37
4 37
3 37
3 38
3 37
2 37
1 37
2 37
2 38
2 39
2 38
1 38
1 39
2 39
3 39
4 39
5 39
5 40
4 40
3 40
2 40
2 41
3 41
4 41
4 40
5 40
6 40
5 40
6 40
7 40
8 40
8 39
8 40
8 39
8 38
8 37
8 36
9 36
9 35
10 35
10 34
11 34
11 35
10 35
10 34
10 35
9 35
9 34
8 34
8 33
8 34
8 35
7 35
6 35
7 35
8 35
7 35
7 34
6 34
6 35
7 35
8 35
8 34
9 34
9 35
9 34
9 33
9 34
10 34
10 33
10 34
10 35
9 35
9 34
9 33
9 34
9 35
8 35
8 34
8 35
8 36
8 35
8 34
8 33
9 33
9 34
10 34
9 34
8 34
8 35
7 35
8 35
7 35
8 35
9 35
10 35
10 34
10 33
10 34
10 33
9 33
9 34
8 34
8 33
8 32
8 31
7 31
6 31
6 30
5 30
4 30
4 31
4 32
3 32
4 32
3 32
4 32
4 31
4 30
4 31
5 31
5 32
5 31
6 31
7 31
7 30
7 31
6 31
7 31
6 31
5 31
4 31
4 32
4 33
4 32
5 32
6 32
6 33
7 33
7 34
7 35
7 36
8 36
8 35
9 35
8 35
8 34
8 33
8 32
9 32
9 31
9 32
10 32
10 33
10 34
11 34
11 33
10 33
10 32
9 32
10 32
9 32
9 31
8 31
8 32
7 32
6 32
6 31
6 32
6 33
5 33
5 34
5 35
4 35
3 35
3 36
2 36
1 36
1 35
0 35
1 35
0 35
0 36
1 36
2 36
1 36
0 36
0 35
1 35
2 35
2 34
1 34
1 33
1 32
1 31
2 31
3 31
3 32
3 31
3 32
3 31
3 30
4 30
4 31
4 30
4 29
4 30
4 29
4 28
3 28
3 29
2 29
3 29
4 29
3 29
3 28
3 27
3 26
3 27
3 26
3 27
2 27
1 27
0 27
