0 0
1 0
1 1
0 1
1 1
2 1
1 1
2 1
2 0
1 0
2 0
3 0
2 0
2 1
2 0
2 1
3 1
3 2
3 3
4 3
3 3
2 3
3 3
3 4
4 4
3 4
4 4
4 3
4 4
4 5
3 5
4 5
5 5
4 5
5 5
5 6
4 6
4 5
4 6
3 6
2 6
2 7
2 6
2 5
1 5
1 6
1 7
2 7
2 6
3 6
3 7
3 6
2 6
2 7
2 8
2 7
2 6
2 5
3 5
3 4
3 5
3 4
2 4
2 5
2 4
1 4
1 5
2 5
3 5
3 4
4 4
3 4
2 4
2 5
1 5
0 5
1 5
1 6
1 7
2 7
1 7
0 7
0 6
0 5
0 6
0 5
0 6
1 6
1 5
2 5
2 4
2 3
2 2
3 2
4 2
3 2
4 2
4 3
5 3
5 4
4 4
4 5
4 4
5 4
6 4
7 4
7 3
7 4
7 5
7 6
6 6
6 5
6 6
6 5
6 6
7 6
8 6
7 6
8 6
8 7
9 7
9 6
10 6
9 6
9 7
9 6
9 7
8 7
8 6
8 7
7 7
7 8
8 8
7 8
7 7
6 7
6 8
7 8
8 8
8 7
7 7
7 8
8 8
8 7
9 7
9 6
9 5
8 5
7 5
6 5
6 6
6 5
6 4
5 4
4 4
4 3
3 3
4 3
4 4
3 4
3 3
2 3
3 3
2 3
2 4
2 5
2 4
2 5
2 6
3 6
4 6
3 6
3 7
3 6
2 6
1 6
1 5
2 5
1 5
0 5
0 6
1 6
1 7
0 7
0 6
1 6
1 5
0 5
0 6
1 6
0 6
0 5
1 5
2 5
2 4
1 4
0 4
0 3
1 3
0 3
1 3
1 2
2 2
2 1
2 2
2 1
1 1
2 1
2 0
2 1
2 0
2 1
3 1
3 0
4 0
5 0
6 0
6 1
6 2
6 3
6 2
5 2
5 3
4 3
4 4
4 5
4 4
4 3
5 3
4 3
5 3
6 3
7 3
7 2
6 2
6 1
6 0
7 0
7 1
7 0
6 0
5 0
6 0
6 1
6 0
6 1
6 0
6 1
6 2
7 2
6 2
7 2
7 1
8 1
7 1
7 0
7 1
7 2
8 2
8 3
7 3
7 4
7 5
7 4
7 3
6 3
7 3
7 4
7 3
7 2
8 2
8 3
9 3
9 2
8 2
8 3
8 2
9 2
9 1
8 1
9 1
9 0
9 1
8 1
7 1
7 0
7 1
7 0
7 1
8 1
8 0
9 0
9 1
9 0
10 0
9 0
10 0
9 0
9 1
9 0
8 0
8 1
8 2
7 2
8 2
9 2
8 2
8 1
9 1
9 0
9 1
10 1
9 1
10 1
11 1
11 0
12 0
12 1
11 1
11 0
11 1
11 2
12 2
11 2
12 2
11 2
11 3
11 4
11 5
11 6
12 6
13 6
14 6
14 5
15 5
14 5
14 6
13 6
12 6
12 7
13 7
12 7
12 8
12 9
12 10
12 11
12 12
13 12
14 12
13 12
12 12
12 11
11 11
11 12
12 12
11 12
10 12
11 12
10 12
11 12
10 12
10 11
10 10
10 9
11 9
10 9
10 8
10 7
11 7
11 6
11 7
10 7
10 6
10 5
9 5
9 6
10 6
10 7
11 7
10 7
10 6
10 7
10 6
10 7
9 7
8 7
8 6
8 5
9 5
8 5
7 5
7 6
7 5
6 5
6 6
5 6
5 5
5 4
4 4
3 4
3 5
2 5
1 5
2 5
3 5
3 4
4 4
4 5
4 4
5 4
6 4
6 5
5 5
5 6
4 6
4 7
5 7
4 7
4 6
4 7
4 8
5 8
5 7
5 8
6 8
5 8
5 9
5 8
4 8
4 9
4 8
4 7
5 7
6 7
5 7
5 8
5 7
5 6
5 7
6 7
6 6
5 6
5 5
6 5
6 4
5 4
5 3
6 3
7 3
6 3
6 2
7 2
8 2
9 2
9 1
10 1
10 2
10 1
9 1
10 1
10 0
10 1
10 0
9 0
9 1
8 1
7 1
7 2
6 2
6 3
6 2
6 3
5 3
5 2
5 3
5 4
6 4
6 3
6 2
6 3
6 2
6 1
7 1
8 1
8 2
7 2
6 2
6 1
5 1
4 1
4 2
4 1
3 1
2 1
2 2
1 2
2 2
2 1
2 0
2 1
2 2
1 2
2 2
2 1
1 1
1 2
1 3
2 3
2 4
3 4
2 4
1 4
1 5
2 5
2 6
2 5
2 4
2 5
3 5
2 5
1 5
2 5
2 4
2 3
3 3
3 4
2 4
1 4
0 4
1 4
2 4
2 3
2 2
3 2
4 2
5 2
5 3
5 4
4 4
4 5
4 6
4 7
3 7
3 8
3 9
3 10
3 11
2 11
1 11
1 10
0 10
1 10
1 9
2 9
2 10
2 9
2 10
1 10
1 9
0 9
0 10
0 9
1 9
1 10
1 9
1 10
1 11
0 11
1 11
2 11
2 12
2 13
1 13
2 13
2 14
2 13
2 14
1 14
1 13
1 14
1 13
2 13
1 13
0 13
1 13
1 14
1 15
0 15
1 15
0 15
0 16
1 16
1 15
0 15
1 15
1 16
1 17
1 18
0 18
1 18
1 17
1 16
1 17
0 17
1 17
1 18
0 18
0 19
1 19
1 18
0 18
0 19
0 20
1 20
1 19
1 18
2 18
2 17
3 17
2 17
2 16
1 16
0 16
1 16
1 15
0 15
1 15
1 14
1 15
1 16
1 15
0 15
0 14
1 14
2 14
3 14
3 13
3 14
3 15
3 14
3 15
3 16
4 16
4 15
4 16
3 16
3 15
4 15
3 15
2 15
3 15
3 16
3 17
3 16
2 16
2 15
1 15
1 16
1 15
1 16
0 16
1 16
2 16
3 16
4 16
3 16
3 17
3 16
4 16
5 16
5 17
5 16
6 16
6 17
6 18
6 19
6 20
6 19
6 18
6 19
6 18
5 18
4 18
4 19
3 19
2 19
3 19
4 19
3 19
2 19
1 19
2 19
1 19
2 19
2 18
1 18
0 18
0 19
0 20
0 21
1 21
0 21
0 22
0 23
0 24
1 24
2 24
2 23
2 24
2 25
2 26
3 26
2 26
2 25
2 24
2 25
3 25
3 26
2 26
3 26
3 27
3 28
4 28
4 27
3 27
3 26
3 27
2 27
2 28
2 29
2 28
1 28
2 28
1 28
2 28
2 29
3 29
2 29
2 28
3 28
3 29
3 30
2 30
2 31
1 31
1 32
1 33
0 33
0 34
0 33
0 32
0 31
0 32
0 31
1 31
2 31
2 32
1 32
1 33
1 34
0 34
1 34
1 35
1 36
2 36
1 36
1 37
1 36
1 35
1 36
1 35
1 36
0 36
0 37
0 38
0 39
1 39
1 38
1 37
1 36
1 37
2 37
3 37
2 37
2 38
2 39
1 39
2 39
3 39
3 40
3 39
3 40
2 40
3 40
3 39
3 38
2 38
2 39
2 38
2 39
2 40
2 39
2 38
2 39
2 40
2 39
1 39
1 40
2 40
1 40
1 39
1 40
2 40
3 40
3 39
3 40
3 41
2 41
2 42
3 42
2 42
2 41
2 42
2 41
2 42
2 43
2 42
3 42
3 43
4 43
4 44
5 44
5 43
6 43
6 42
6 43
7 43
6 43
6 44
5 44
4 44
4 43
4 44
4 43
5 43
4 43
3 43
4 43
5 43
6 43
5 43
5 42
4 42
4 41
4 42
4 41
5 41
5 40
5 39
4 39
3 39
2 39
1 39
0 39
0 38
0 39
0 40
0 39
0 38
1 38
1 39
2 39
2 38
1 38
1 37
1 36
2 36
2 35
1 35
0 35
0 36
0 35
1 35
1 34
1 33
1 32
2 32
2 33
2 34
1 34
2 34
2 35
1 35
1 34
1 33
2 33
1 33
2 33
2 32
1 32
1 31
1 30
0 30
1 30
1 31
1 32
1 33
1 32
1 33
0 33
0 32
1 32
1 31
1 30
2 30
2 29
2 28
2 27
2 26
2 27
1 27
2 27
2 28
2 29
1 29
1 30
0 30
1 30
2 30
2 31
2 30
3 30
3 31
2 31
1 31
0 31
1 31
0 31
1 31
0 31
1 31
2 31
3 31
3 32
4 32
3 32
3 33
4 33
5 33
6 33
6 34
7 34
8 34
8 33
8 32
8 33
9 33
9 34
9 35
9 36
8 36
7 36
7 35
7 34
7 35
7 34
7 35
7 34
7 33
7 34
7 35
6 35
7 35
7 34
7 35
7 34
6 34
6 35
6 34
7 34
7 35
6 35
5 35
5 34
4 34
5 34
4 34
5 34
5 33
5 32
5 31
6 31
6 30
6 31
7 31
6 31
6 30
6 31
5 31
5 30
