0 0
1 0
1 1
2 1
1 1
0 1
1 1
2 1
2 0
1 0
0 0
0 1
0 0
1 0
2 0
3 0
4 0
4 1
4 2
5 2
5 3
5 2
5 1
5 0
4 0
5 0
5 1
4 1
4 0
3 0
2 0
2 1
3 1
3 0
3 1
3 0
2 0
1 0
0 0
1 0
2 0
1 0
2 0
2 1
2 0
1 0
1 1
0 1
0 2
0 3
1 3
1 4
2 4
3 4
4 4
5 4
6 4
6 3
6 4
5 4
6 4
6 3
6 4
6 5
6 4
5 4
6 4
6 5
6 6
6 7
6 6
7 6
6 6
7 6
7 7
8 7
7 7
7 6
7 5
8 5
8 6
8 5
7 5
6 5
5 5
5 4
4 4
4 5
3 5
3 6
3 5
3 4
3 5
3 4
3 5
3 6
4 6
4 5
4 4
4 3
5 3
4 3
5 3
5 2
6 2
7 2
6 2
6 1
7 1
7 0
8 0
8 1
8 2
7 2
7 1
8 1
7 1
7 0
8 0
7 0
6 0
6 1
6 2
5 2
5 1
5 0
4 0
3 0
2 0
3 0
3 1
3 0
2 0
1 0
1 1
0 1
1 1
2 1
2 2
2 1
3 1
3 0
3 1
3 2
4 2
5 2
4 2
3 2
2 2
2 1
3 1
3 2
3 1
3 0
2 0
2 1
1 1
0 1
1 1
2 1
2 0
2 1
2 2
3 2
3 3
4 3
4 2
5 2
6 2
6 3
5 3
5 4
4 4
5 4
6 4
6 5
6 4
5 4
5 3
5 2
5 1
5 0
5 1
5 0
5 1
4 1
4 0
3 0
3 1
3 0
3 1
3 0
3 1
3 2
2 2
3 2
4 2
4 3
5 3
6 3
5 3
5 2
6 2
6 1
7 1
7 0
6 0
6 1
6 2
5 2
6 2
7 2
8 2
7 2
6 2
5 2
5 3
6 3
6 2
6 1
6 2
6 3
7 3
7 2
8 2
8 3
8 4
7 4
7 5
7 4
7 3
6 3
6 4
5 4
5 5
6 5
6 4
6 5
5 5
5 4
5 3
5 4
4 4
4 5
4 6
5 6
4 6
4 5
5 5
5 6
6 6
7 6
6 6
7 6
6 6
5 6
5 5
5 6
4 6
4 5
4 4
3 4
3 3
3 2
3 1
2 1
2 0
1 0
0 0
0 1
1 1
1 2
1 3
0 3
0 4
0 3
0 2
1 2
2 2
3 2
2 2
2 1
1 1
2 1
3 1
2 1
2 2
1 2
1 1
1 2
0 2
0 1
1 1
2 1
3 1
2 1
3 1
3 0
3 1
2 1
1 1
1 2
2 2
2 1
2 2
3 2
2 2
1 2
1 3
2 3
2 2
3 2
4 2
3 2
3 1
3 0
3 1
3 0
3 1
3 2
4 2
5 2
5 3
6 3
6 2
6 1
6 2
7 2
7 3
8 3
9 3
8 3
9 3
10 3
10 2
10 3
10 2
11 2
10 2
11 2
12 2
12 1
12 0
11 0
10 0
9 0
9 1
9 2
10 2
10 3
11 3
11 4
11 5
12 5
12 6
11 6
12 6
11 6
11 5
11 4
12 4
12 3
12 2
11 2
11 3
11 2
12 2
12 1
12 0
12 1
12 2
13 2
13 3
13 4
12 4
11 4
11 3
10 3
11 3
11 4
11 5
10 5
9 5
8 5
7 5
7 6
7 7
7 6
7 7
7 8
8 8
8 7
9 7
9 6
10 6
11 6
11 5
11 4
11 3
12 3
12 2
12 1
13 1
13 0
12 0
12 1
13 1
13 0
14 0
14 1
14 2
14 1
14 2
13 2
13 3
14 3
14 4
15 4
16 4
15 4
14 4
13 4
13 3
13 2
13 3
13 4
13 5
13 4
14 4
15 4
14 4
13 4
12 4
12 5
12 6
12 7
13 7
14 7
15 7
14 7
13 7
13 6
12 6
12 5
13 5
14 5
13 5
13 4
12 4
11 4
11 3
11 2
11 1
12 1
13 1
14 1
14 0
15 0
15 1
15 0
15 1
14 1
14 0
14 1
14 0
13 0
13 1
14 1
13 1
13 0
14 0
15 0
15 1
16 1
15 1
16 1
16 0
16 1
16 0
15 0
16 0
16 1
16 0
16 1
17 1
17 2
17 3
17 2
16 2
16 3
16 4
15 4
14 4
14 3
14 2
14 1
14 0
15 0
15 1
16 1
17 1
17 2
18 2
18 3
19 3
19 2
18 2
18 1
18 2
19 2
18 2
18 1
17 1
18 1
18 2
17 2
17 3
17 2
18 2
19 2
20 2
19 2
19 1
18 1
18 0
17 0
18 0
18 1
18 2
18 1
17 1
18 1
18 2
19 2
18 2
17 2
17 3
18 3
18 2
18 3
17 3
18 3
19 3
19 2
19 3
19 2
20 2
19 2
18 2
19 2
18 2
17 2
18 2
17 2
16 2
17 2
18 2
18 3
17 3
17 4
16 4
16 3
16 4
17 4
18 4
17 4
18 4
17 4
18 4
18 3
17 3
16 3
16 2
16 1
16 2
15 2
16 2
15 2
16 2
16 3
16 4
16 3
17 3
17 2
18 2
18 1
18 0
18 1
17 1
17 0
17 1
17 2
16 2
16 1
16 0
17 0
18 0
17 0
18 0
19 0
19 1
19 2
20 2
20 1
21 1
20 1
20 0
21 0
22 0
23 0
23 1
23 2
23 1
23 0
23 1
22 1
23 1
24 1
25 1
26 1
26 0
26 1
27 1
27 2
28 2
28 1
28 0
27 0
27 1
27 2
27 1
27 2
28 2
28 1
27 1
27 0
27 1
26 1
26 0
26 1
27 1
27 2
28 2
29 2
29 3
29 4
28 4
29 4
30 4
30 3
30 4
29 4
30 4
31 4
31 5
32 5
31 5
31 6
31 7
30 7
30 6
31 6
31 7
30 7
30 8
31 8
31 9
31 8
30 8
30 7
29 7
29 6
30 6
29 6
29 5
29 6
29 7
29 8
30 8
31 8
32 8
32 7
32 8
31 8
30 8
31 8
30 8
30 7
30 6
30 7
30 6
30 7
30 8
29 8
30 8
30 9
31 9
31 10
31 9
32 9
31 9
31 8
31 9
32 9
32 10
32 9
33 9
34 9
34 8
34 7
33 7
34 7
33 7
32 7
32 8
31 8
31 7
32 7
32 6
31 6
30 6
30 5
30 6
29 6
28 6
27 6
27 7
28 7
27 7
27 6
28 6
28 7
28 8
29 8
28 8
28 9
29 9
29 8
28 8
28 7
29 7
29 6
28 6
28 7
27 7
28 7
27 7
28 7
28 8
28 7
29 7
29 8
30 8
31 8
31 9
31 10
32 10
32 9
32 8
33 8
34 8
35 8
34 8
35 8
34 8
34 7
33 7
33 6
32 6
33 6
33 5
32 5
31 5
31 6
31 5
31 6
31 5
30 5
29 5
29 6
28 6
28 7
29 7
29 6
30 6
29 6
30 6
30 5
30 4
31 4
30 4
31 4
31 3
30 3
30 4
30 3
30 4
30 5
29 5
29 6
29 5
29 6
29 5
30 5
31 5
30 5
30 6
30 5
31 5
31 6
30 6
30 7
30 6
29 6
30 6
29 6
29 7
28 7
28 8
28 7
28 8
28 9
29 9
29 10
30 10
30 9
31 9
31 8
31 7
32 7
32 8
31 8
32 8
32 7
33 7
33 8
32 8
33 8
32 8
32 9
32 10
33 10
33 11
33 10
34 10
34 11
34 10
34 11
35 11
36 11
35 11
34 11
34 10
33 10
32 10
31 10
31 11
31 10
30 10
31 10
31 11
30 11
30 12
30 13
30 12
30 13
30 12
30 11
31 11
32 11
33 11
33 12
33 11
34 11
34 12
34 13
33 13
34 13
34 14
34 13
34 12
35 12
35 13
34 13
34 12
33 12
34 12
33 12
32 12
33 12
33 13
32 13
32 14
32 13
32 14
32 15
33 15
33 16
33 17
33 16
34 16
35 16
34 16
34 17
35 17
35 18
36 18
36 17
36 18
35 18
34 18
35 18
35 19
36 19
36 18
36 19
37 19
36 19
36 18
36 17
35 17
36 17
36 18
37 18
36 18
35 18
34 18
34 17
34 16
34 15
35 15
35 16
34 16
35 16
35 17
35 18
35 17
35 18
35 17
35 18
35 17
36 17
36 16
36 15
37 15
37 16
37 17
36 17
35 17
36 17
36 16
35 16
34 16
33 16
32 16
33 16
32 16
33 16
33 15
32 15
32 16
31 16
31 17
32 17
31 17
31 16
31 15
30 15
30 16
30 15
31 15
31 14
30 14
31 14
31 13
31 14
31 15
32 15
33 15
32 15
32 16
33 16
33 15
34 15
33 15
34 15
34 16
35 16
35 17
34 17
34 16
34 17
34 18
34 17
34 18
34 17
35 17
35 18
35 19
35 20
