0 0
1 0
1 1
1 2
1 1
1 0
1 1
1 0
1 1
1 0
1 1
0 1
1 1
1 0
2 0
2 1
2 0
1 0
1 1
2 1
2 0
1 0
1 1
1 2
1 3
1 4
2 4
1 4
1 5
2 5
2 6
2 5
1 5
0 5
1 5
2 5
2 6
1 6
1 7
1 6
2 6
3 6
2 6
3 6
3 5
3 6
4 6
5 6
6 6
6 7
7 7
7 6
7 7
7 8
6 8
5 8
4 8
4 7
4 6
4 5
4 6
4 7
5 7
4 7
3 7
2 7
3 7
4 7
4 6
5 6
5 5
5 4
5 5
5 4
6 4
6 5
7 5
8 5
8 4
9 4
8 4
8 5
8 4
8 3
8 2
7 2
6 2
5 2
5 3
5 2
4 2
3 2
3 1
3 2
2 2
2 1
2 2
2 3
3 3
3 2
2 2
3 2
3 3
4 3
4 2
4 1
3 1
3 0
2 0
3 0
4 0
5 0
6 0
6 1
6 0
6 1
6 2
7 2
7 1
7 0
6 0
5 0
4 0
4 1
4 2
4 3
4 4
4 3
3 3
3 2
3 1
4 1
4 0
5 0
6 0
7 0
7 1
7 0
8 0
8 1
7 1
7 0
7 1
8 1
9 1
9 0
9 1
8 1
9 1
9 0
8 0
7 0
8 0
7 0
8 0
7 0
7 1
8 1
7 1
7 2
7 3
6 3
6 2
5 2
4 2
4 3
4 2
4 3
4 4
4 3
3 3
2 3
1 3
2 3
2 2
2 3
3 3
3 4
2 4
3 4
2 4
2 3
1 3
1 4
1 5
2 5
2 4
2 5
3 5
3 4
3 5
3 6
2 6
1 6
2 6
1 6
2 6
3 6
4 6
5 6
5 5
6 5
7 5
8 5
7 5
8 5
9 5
10 5
11 5
11 4
12 4
11 4
12 4
13 4
13 3
13 2
13 3
14 3
14 4
14 3
15 3
15 4
14 4
13 4
14 4
13 4
14 4
15 4
16 4
15 4
16 4
15 4
15 3
14 3
15 3
16 3
17 3
17 4
17 3
16 3
16 4
16 5
16 6
16 5
17 5
17 6
17 7
16 7
16 8
16 7
17 7
17 8
17 9
17 8
17 9
16 9
15 9
15 8
14 8
15 8
15 7
14 7
14 6
15 6
16 6
15 6
14 6
13 6
14 6
14 5
14 6
13 6
14 6
14 5
15 5
16 5
15 5
15 4
16 4
16 3
16 4
16 3
16 2
16 3
16 4
17 4
17 3
16 3
16 2
16 3
16 4
16 3
15 3
15 2
15 3
16 3
15 3
15 2
16 2
16 1
15 1
15 2
15 1
15 0
16 0
17 0
17 1
17 2
17 3
17 4
17 3
18 3
19 3
20 3
20 2
20 1
20 2
20 3
19 3
20 3
21 3
21 4
20 4
19 4
19 3
19 4
18 4
18 5
18 6
18 5
19 5
19 4
18 4
17 4
16 4
15 4
15 3
16 3
16 2
17 2
17 1
18 1
18 2
17 2
16 2
17 2
18 2
17 2
17 3
17 2
17 1
17 2
18 2
19 2
18 2
19 2
20 2
20 3
20 4
20 3
21 3
20 3
21 3
20 3
20 2
20 3
20 2
19 2
19 3
19 4
18 4
19 4
18 4
19 4
20 4
20 5
20 6
20 7
21 7
21 8
21 9
20 9
20 8
19 8
19 9
19 8
19 7
18 7
18 8
18 7
18 6
18 7
19 7
19 8
18 8
18 9
19 9
19 10
19 9
19 8
18 8
18 7
17 7
17 6
17 7
17 6
17 5
16 5
17 5
17 6
17 7
17 8
16 8
17 8
17 7
18 7
18 8
17 8
17 7
16 7
15 7
15 8
14 8
13 8
13 7
13 6
12 6
12 7
12 8
12 7
12 6
12 5
11 5
12 5
13 5
12 5
13 5
13 4
14 4
15 4
16 4
16 3
15 3
15 4
15 5
15 6
16 6
15 6
16 6
16 5
16 6
17 6
17 5
17 4
17 3
18 3
17 3
17 4
18 4
17 4
18 4
18 3
17 3
16 3
15 3
14 3
14 4
15 4
15 3
14 3
13 3
14 3
14 2
14 3
14 4
14 3
14 4
15 4
16 4
16 3
16 2
15 2
15 1
16 1
15 1
15 0
15 1
15 0
16 0
15 0
15 1
15 2
16 2
17 2
16 2
17 2
17 3
17 4
17 5
17 6
18 6
19 6
20 6
19 6
19 5
18 5
18 4
18 5
18 4
18 5
19 5
19 6
18 6
18 5
19 5
19 4
20 4
19 4
20 4
20 5
20 4
21 4
22 4
22 3
22 4
23 4
23 5
23 6
24 6
25 6
25 7
26 7
25 7
25 8
25 9
26 9
26 10
27 10
26 10
26 11
26 10
26 9
26 8
27 8
27 7
27 8
26 8
27 8
28 8
29 8
29 7
29 8
29 7
29 8
29 9
30 9
30 10
31 10
32 10
32 9
33 9
33 8
32 8
32 9
32 8
32 9
31 9
31 8
32 8
32 7
32 6
32 5
32 6
32 7
32 6
33 6
33 5
34 5
33 5
33 4
32 4
32 3
33 3
33 2
32 2
33 2
32 2
33 2
33 1
34 1
34 0
34 1
33 1
33 0
33 1
33 2
33 1
34 1
34 0
34 1
33 1
33 2
33 1
32 1
32 0
32 1
33 1
33 2
33 1
34 1
34 0
34 1
33 1
34 1
35 1
34 1
34 2
35 2
35 3
36 3
35 3
36 3
36 2
35 2
35 3
35 2
34 2
34 3
33 3
32 3
31 3
30 3
30 2
29 2
29 3
28 3
29 3
29 2
30 2
30 1
31 1
31 2
32 2
32 1
33 1
34 1
35 1
35 2
34 2
33 2
32 2
32 1
33 1
33 0
33 1
33 2
34 2
34 3
34 2
35 2
35 1
34 1
35 1
36 1
37 1
36 1
36 0
37 0
38 0
38 1
38 2
37 2
36 2
36 1
36 2
36 3
37 3
37 2
36 2
36 1
36 2
37 2
37 3
37 4
38 4
38 3
38 4
39 4
40 4
41 4
41 3
40 3
40 2
41 2
42 2
41 2
41 1
41 2
42 2
42 3
42 2
42 1
42 0
42 1
42 0
42 1
42 2
43 2
43 3
44 3
44 2
44 3
44 4
43 4
43 5
44 5
44 4
44 5
43 5
43 4
43 3
42 3
41 3
40 3
41 3
41 2
41 3
42 3
41 3
42 3
43 3
44 3
44 4
44 5
44 6
43 6
42 6
43 6
43 7
44 7
44 6
45 6
46 6
46 5
45 5
45 4
45 5
45 6
45 5
44 5
43 5
43 4
43 3
42 3
42 4
41 4
41 3
42 3
42 2
42 1
42 0
42 1
43 1
43 0
44 0
43 0
43 1
43 2
43 1
42 1
41 1
41 2
41 1
41 0
41 1
40 1
40 0
41 0
42 0
42 1
42 2
43 2
44 2
43 2
43 1
43 2
43 1
43 0
43 1
42 1
41 1
40 1
40 0
40 1
41 1
42 1
42 2
43 2
42 2
42 1
42 0
41 0
41 1
41 2
40 2
39 2
38 2
38 1
38 0
37 0
38 0
38 1
37 1
36 1
36 0
36 1
35 1
34 1
34 2
34 1
33 1
33 0
33 1
34 1
33 1
32 1
31 1
32 1
32 2
31 2
31 1
30 1
30 0
31 0
30 0
29 0
28 0
29 0
29 1
30 1
29 1
29 2
29 3
30 3
31 3
31 2
30 2
30 1
29 1
30 1
29 1
29 2
30 2
30 3
30 4
30 5
29 5
30 5
31 5
30 5
30 6
29 6
30 6
29 6
28 6
28 7
27 7
26 7
27 7
28 7
28 8
28 9
29 9
28 9
28 8
28 7
28 8
28 7
28 8
28 9
27 9
28 9
28 10
27 10
27 9
27 10
27 11
27 10
27 11
28 11
27 11
28 11
28 12
28 11
27 11
27 12
26 12
26 13
27 13
27 14
28 14
28 15
29 15
30 15
29 15
29 16
28 16
27 16
28 16
28 15
27 15
27 14
26 14
25 14
26 14
26 13
26 14
27 14
27 13
27 14
27 15
28 15
28 16
27 16
27 15
27 14
28 14
28 13
28 14
28 15
28 14
27 14
27 13
27 12
26 12
27 12
28 12
27 12
27 13
26 13
27 13
28 13
28 14
27 14
27 13
28 13
28 14
28 13
27 13
27 14
27 15
28 15
28 14
27 14
28 14
28 13
27 13
27 14
26 14
26 13
26 12
26 11
27 11
27 10
27 9
27 8
27 7
26 7
26 8
25 8
24 8
23 8
24 8
24 9
24 10
24 11
24 12
24 13
24 14
24 15
24 14
23 14
24 14
23 14
23 13
22 13
22 12
21 12
20 12
20 11
21 11
20 11
20 12
21 12
21 13
21 14
22 14
23 14
24 14
24 13
