0 0
1 0
1 1
2 1
3 1
2 1
2 2
3 2
2 2
1 2
2 2
1 2
1 3
2 3
3 3
3 4
3 5
2 5
2 6
1 6
0 6
0 5
0 4
1 4
2 4
2 5
2 4
2 3
2 4
3 4
2 4
3 4
4 4
4 5
5 5
5 6
5 7
4 7
5 7
4 7
3 7
3 8
3 7
3 8
3 7
2 7
3 7
4 7
4 8
4 7
4 8
5 8
6 8
6 7
7 7
7 6
8 6
9 6
10 6
10 7
10 8
11 8
12 8
11 8
10 8
10 7
11 7
11 8
10 8
10 9
10 10
9 10
9 11
9 12
9 11
10 11
10 12
11 12
11 13
11 14
11 15
11 14
11 13
11 14
11 15
11 14
11 15
11 14
11 13
11 12
11 13
10 13
9 13
9 14
9 13
10 13
10 14
10 13
10 14
11 14
10 14
11 14
12 14
13 14
12 14
12 13
12 14
11 14
11 15
11 14
11 15
11 16
10 16
11 16
11 15
11 14
11 13
11 14
12 14
11 14
10 14
9 14
10 14
10 13
10 14
10 13
11 13
12 13
11 13
11 14
12 14
12 13
13 13
12 13
12 14
12 13
12 12
11 12
10 12
9 12
9 13
9 12
8 12
8 11
8 10
9 10
9 11
10 11
9 11
10 11
11 11
11 12
11 11
11 12
12 12
11 12
11 11
11 12
12 12
13 12
13 11
12 11
13 11
13 10
13 11
14 11
14 12
15 12
15 13
16 13
16 12
17 12
17 11
18 11
17 11
17 10
16 10
17 10
17 9
17 10
17 11
17 12
16 12
16 11
16 10
16 11
16 12
16 11
16 10
17 10
18 10
18 9
17 9
18 9
18 8
19 8
18 8
17 8
16 8
16 7
16 8
15 8
15 7
15 8
15 9
16 9
16 10
17 10
16 10
15 10
16 10
16 11
16 10
16 9
17 9
17 10
16 10
16 11
15 11
14 11
14 12
14 11
13 11
13 10
14 10
15 10
16 10
15 10
15 11
15 10
15 9
15 8
14 8
15 8
15 7
15 6
14 6
15 6
14 6
15 6
15 7
14 7
15 7
15 6
15 5
15 6
14 6
14 7
15 7
14 7
13 7
14 7
14 8
15 8
15 7
16 7
17 7
17 8
16 8
17 8
18 8
17 8
18 8
18 9
19 9
20 9
20 10
19 10
18 10
19 10
20 10
21 10
21 9
22 9
22 10
23 10
23 11
22 11
22 12
22 11
23 11
24 11
23 11
23 12
22 12
22 11
21 11
21 10
21 9
22 9
22 10
23 10
23 9
22 9
23 9
24 9
23 9
23 10
23 11
23 12
23 11
23 12
24 12
25 12
24 12
24 13
23 13
23 12
22 12
21 12
20 12
20 11
19 11
19 12
20 12
20 13
20 12
21 12
21 11
20 11
21 11
21 10
21 11
22 11
21 11
20 11
20 10
19 10
20 10
20 11
20 12
20 11
19 11
18 11
18 12
18 11
18 12
18 13
19 13
19 12
18 12
18 11
17 11
18 11
18 10
18 11
17 11
17 12
18 12
18 11
19 11
19 10
19 11
19 12
20 12
20 11
20 12
20 13
20 14
20 15
20 16
19 16
18 16
18 15
18 14
17 14
17 13
17 14
17 15
16 15
16 16
16 15
17 15
18 15
19 15
19 16
19 17
18 17
19 17
19 18
18 18
18 17
17 17
18 17
18 16
17 16
17 17
17 18
18 18
18 19
19 19
19 18
20 18
19 18
20 18
20 17
19 17
19 18
20 18
21 18
21 17
20 17
19 17
19 16
20 16
20 15
21 15
22 15
23 15
24 15
24 14
23 14
22 14
22 13
22 12
22 13
22 14
22 13
23 13
23 14
24 14
23 14
24 14
23 14
23 15
22 15
22 14
23 14
22 14
22 13
23 13
24 13
24 12
23 12
23 13
23 12
22 12
23 12
24 12
25 12
24 12
24 13
24 14
24 15
24 14
24 13
25 13
25 14
24 14
24 13
24 12
25 12
24 12
25 12
25 11
24 11
23 11
23 10
24 10
25 10
24 10
24 9
24 10
24 11
23 11
23 10
23 11
24 11
25 11
24 11
24 10
25 10
25 9
24 9
23 9
24 9
24 10
25 10
26 10
27 10
26 10
26 11
26 10
26 9
26 10
25 10
26 10
25 10
25 11
26 11
25 11
25 10
25 11
24 11
23 11
24 11
23 11
22 11
22 10
21 10
22 10
23 10
22 10
22 9
22 10
22 11
22 10
23 10
22 10
22 11
22 10
22 9
22 10
22 11
23 11
23 12
23 11
24 11
24 10
25 10
24 10
24 9
23 9
23 8
23 7
22 7
23 7
22 7
23 7
24 7
24 8
24 7
24 8
24 7
24 6
23 6
24 6
24 5
25 5
26 5
26 4
27 4
26 4
25 4
25 5
26 5
26 6
25 6
25 7
25 6
25 7
25 8
25 9
25 8
24 8
24 7
24 8
24 9
25 9
25 10
26 10
26 11
27 11
27 10
26 10
26 9
26 8
26 9
27 9
28 9
28 8
29 8
30 8
30 9
30 8
31 8
32 8
32 7
32 6
33 6
33 5
32 5
31 5
30 5
30 6
30 5
29 5
30 5
29 5
28 5
28 6
28 5
28 4
28 5
28 4
27 4
27 5
26 5
26 6
25 6
25 7
26 7
26 6
25 6
25 5
25 6
26 6
27 6
26 6
25 6
25 7
26 7
27 7
27 6
28 6
29 6
28 6
28 5
29 5
29 4
30 4
30 5
30 6
29 6
29 5
30 5
30 4
29 4
29 5
28 5
29 5
29 6
29 5
30 5
30 4
30 5
31 5
31 4
31 5
31 6
31 7
31 8
30 8
30 9
30 10
29 10
28 10
28 9
29 9
29 8
29 7
30 7
30 8
29 8
29 7
28 7
29 7
30 7
30 8
30 7
29 7
28 7
28 6
28 5
27 5
26 5
26 4
27 4
28 4
29 4
28 4
27 4
28 4
28 5
27 5
26 5
26 4
26 3
25 3
25 4
24 4
23 4
23 3
23 4
23 5
22 5
23 5
24 5
25 5
25 4
24 4
23 4
23 3
24 3
24 4
25 4
24 4
24 3
24 4
24 3
24 4
25 4
26 4
26 3
26 2
26 3
26 4
27 4
27 3
27 2
27 3
26 3
26 2
26 3
26 4
26 5
26 6
27 6
27 7
26 7
26 8
26 7
26 8
25 8
24 8
24 7
23 7
24 7
24 8
25 8
24 8
23 8
23 9
23 8
22 8
21 8
20 8
20 9
20 8
21 8
20 8
20 7
21 7
21 8
21 9
22 9
23 9
23 8
22 8
22 7
23 7
24 7
23 7
24 7
24 8
25 8
25 9
24 9
23 9
22 9
23 9
24 9
24 10
24 9
24 10
24 9
23 9
22 9
22 10
21 10
21 9
21 8
21 9
21 10
21 9
20 9
19 9
18 9
18 8
19 8
19 9
18 9
18 10
19 10
19 11
19 12
18 12
19 12
19 13
20 13
20 12
21 12
21 13
22 13
23 13
23 12
22 12
21 12
22 12
21 12
21 11
20 11
19 11
19 12
20 12
19 12
20 12
19 12
19 13
19 12
18 12
18 11
18 10
19 10
20 10
21 10
21 9
21 8
20 8
20 7
21 7
22 7
22 8
21 8
21 9
20 9
20 10
21 10
20 10
20 9
21 9
22 9
21 9
22 9
22 10
23 10
22 10
21 10
20 10
21 10
21 11
21 10
22 10
22 11
23 11
22 11
22 10
22 9
21 9
20 9
19 9
19 8
18 8
19 8
19 9
19 10
18 10
18 11
18 10
19 10
18 10
19 10
18 10
18 11
19 11
19 10
18 10
19 10
20 10
20 9
20 10
19 10
19 11
18 11
17 11
17 12
18 12
18 13
19 13
19 12
19 13
19 14
19 13
19 12
20 12
20 11
20 12
19 12
20 12
20 13
21 13
21 12
21 11
22 11
22 10
23 10
22 10
23 10
23 9
23 10
23 9
24 9
25 9
26 9
26 8
26 9
25 9
24 9
23 9
24 9
25 9
24 9
25 9
25 8
25 9
26 9
26 8
26 7
25 7
25 6
24 6
24 7
23 7
22 7
23 7
23 8
22 8
22 7
23 7
23 8
23 9
22 9
22 10
21 10
22 10
22 9
21 9
22 9
23 9
24 9
23 9
24 9
24 10
25 10
24 10
23 10
24 10
24 9
25 9
26 9
27 9
27 8
27 9
27 10
27 9
28 9
27 9
27 8
27 9
27 8
27 9
27 10
28 10
27 10
27 11
27 12
27 11
28 11
28 12
29 12
29 13
30 13
29 13
29 14
28 14
29 14
28 14
29 14
29 15
30 15
31 15
32 15
33 15
34 15
35 15
34 15
35 15
35 14
35 15
36 15
37 15
37 16
38 16
39 16
40 16
39 16
39 17
39 16
39 17
39 16
