0 0
1 0
1 1
1 2
0 2
0 1
0 0
1 0
0 0
1 0
0 0
0 1
1 1
1 2
1 3
1 2
0 2
1 2
1 1
1 0
2 0
3 0
2 0
2 1
2 2
2 3
2 4
2 5
3 5
3 6
3 5
3 6
2 6
1 6
1 7
1 6
1 7
1 8
0 8
1 8
2 8
2 9
2 8
2 9
2 10
3 10
2 10
3 10
4 10
3 10
3 11
4 11
4 12
4 13
4 14
3 14
4 14
3 14
4 14
4 13
3 13
3 12
4 12
3 12
2 12
2 11
3 11
3 12
4 12
3 12
4 12
4 11
5 11
6 11
6 10
6 11
6 12
6 11
6 10
6 11
6 10
6 9
7 9
7 8
7 7
7 6
8 6
8 7
8 8
9 8
9 9
9 10
10 10
10 11
10 10
11 10
10 10
9 10
9 9
10 9
10 10
10 9
10 10
11 10
11 11
10 11
9 11
9 12
8 12
8 11
8 10
9 10
10 10
10 11
10 12
11 12
12 12
11 12
12 12
11 12
11 13
12 13
13 13
14 13
14 14
13 14
13 13
14 13
14 14
13 14
14 14
14 13
14 14
14 15
13 15
14 15
15 15
15 16
14 16
13 16
13 15
12 15
12 14
12 15
11 15
11 16
12 16
11 16
12 16
11 16
11 15
11 14
11 13
11 14
12 14
13 14
12 14
12 13
12 14
13 14
13 13
14 13
15 13
15 12
15 11
15 12
16 12
15 12
14 12
14 13
15 13
15 12
14 12
15 12
16 12
16 13
15 13
15 12
14 12
15 12
15 11
14 11
14 12
13 12
13 11
13 12
13 11
13 12
14 12
14 13
14 14
14 15
14 16
14 15
13 15
13 14
13 13
14 13
15 13
16 13
17 13
16 13
15 13
14 13
15 13
15 12
16 12
16 13
16 12
16 11
16 12
16 13
16 14
16 13
15 13
15 14
15 13
15 14
15 15
15 14
15 13
16 13
16 12
17 12
17 13
16 13
15 13
15 14
14 14
14 13
13 13
12 13
12 12
12 13
12 14
11 14
10 14
11 14
12 14
11 14
10 14
10 15
11 15
10 15
10 14
10 15
10 14
11 14
12 14
12 15
12 14
11 14
10 14
9 14
10 14
10 15
10 14
11 14
11 13
10 13
9 13
9 14
10 14
11 14
10 14
9 14
8 14
8 13
9 13
9 12
10 12
9 12
10 12
10 11
10 10
11 10
11 11
11 10
10 10
9 10
8 10
9 10
10 10
10 9
10 8
10 7
10 8
11 8
12 8
12 7
12 8
12 9
12 8
12 9
12 8
13 8
12 8
12 7
13 7
14 7
13 7
13 6
14 6
14 5
15 5
15 4
15 5
14 5
15 5
15 4
14 4
14 5
14 6
14 5
14 4
13 4
13 3
13 2
13 1
13 0
13 1
13 0
12 0
11 0
10 0
9 0
9 1
8 1
9 1
8 1
9 1
9 0
10 0
10 1
11 1
11 0
11 1
11 2
11 3
12 3
13 3
12 3
12 2
12 3
13 3
12 3
13 3
13 4
13 5
13 6
13 7
12 7
12 8
12 9
12 8
13 8
13 9
13 10
13 9
12 9
12 8
12 7
12 6
13 6
14 6
15 6
14 6
14 7
14 8
14 7
13 7
13 6
12 6
12 7
12 6
12 5
11 5
11 6
12 6
12 7
11 7
12 7
11 7
11 8
11 9
11 8
11 9
10 9
10 8
9 8
8 8
8 7
8 6
9 6
10 6
10 5
11 5
10 5
9 5
9 4
10 4
10 5
9 5
9 4
10 4
10 5
10 6
10 5
9 5
10 5
10 6
10 5
10 6
9 6
9 5
10 5
11 5
11 4
11 3
12 3
13 3
13 4
13 5
13 6
14 6
13 6
13 7
13 6
14 6
15 6
15 5
15 6
15 7
16 7
15 7
16 7
15 7
14 7
13 7
13 8
14 8
13 8
13 7
13 8
12 8
11 8
12 8
13 8
13 7
13 6
12 6
11 6
11 5
11 6
10 6
10 7
10 8
10 7
10 6
10 7
11 7
12 7
11 7
11 6
10 6
11 6
12 6
13 6
14 6
15 6
16 6
16 5
16 6
15 6
14 6
14 7
13 7
13 8
13 9
14 9
14 8
15 8
14 8
14 9
14 8
14 9
14 10
13 10
13 11
13 12
13 13
14 13
13 13
14 13
14 12
14 11
14 10
14 11
15 11
15 12
15 13
14 13
14 14
14 13
15 13
14 13
15 13
15 14
14 14
14 13
15 13
15 14
14 14
13 14
13 15
13 14
12 14
12 15
12 14
11 14
12 14
13 14
12 14
12 15
11 15
11 16
11 17
10 17
9 17
9 16
9 17
9 16
9 17
8 17
8 18
9 18
8 18
8 19
7 19
7 20
6 20
5 20
5 19
6 19
6 18
6 19
6 18
7 18
7 17
6 17
5 17
5 16
6 16
6 17
6 18
6 19
7 19
6 19
7 19
8 19
8 18
8 19
8 18
7 18
7 17
8 17
9 17
10 17
11 17
11 16
11 17
12 17
13 17
14 17
14 16
14 15
14 16
15 16
14 16
15 16
15 17
15 18
14 18
13 18
14 18
14 17
13 17
14 17
15 17
15 18
15 17
15 18
16 18
17 18
16 18
16 17
15 17
15 18
14 18
13 18
13 19
14 19
15 19
16 19
17 19
18 19
18 18
19 18
18 18
17 18
18 18
19 18
19 17
20 17
19 17
19 16
20 16
21 16
22 16
22 17
22 16
23 16
23 17
24 17
24 18
23 18
23 19
23 20
23 19
23 18
23 17
24 17
24 18
24 17
23 17
24 17
24 16
23 16
23 15
24 15
24 16
23 16
23 17
23 18
24 18
25 18
25 17
24 17
23 17
23 16
23 15
22 15
22 16
22 17
23 17
22 17
23 17
23 16
23 15
24 15
23 15
23 16
23 17
24 17
25 17
26 17
26 18
25 18
24 18
24 17
24 18
25 18
26 18
26 17
26 16
25 16
25 15
25 14
26 14
27 14
27 15
28 15
28 14
28 15
28 16
28 15
28 14
28 15
28 16
28 17
29 17
29 18
28 18
28 19
28 20
29 20
29 21
29 20
29 19
29 20
30 20
30 19
30 18
30 17
29 17
30 17
29 17
29 18
29 19
28 19
28 18
29 18
29 19
28 19
28 18
28 17
28 16
29 16
30 16
31 16
32 16
32 15
33 15
34 15
34 14
34 13
34 12
35 12
35 13
35 14
35 15
36 15
36 16
36 17
36 16
35 16
35 17
35 18
35 19
35 20
36 20
36 19
36 18
36 19
36 20
36 19
35 19
36 19
35 19
34 19
34 20
35 20
36 20
35 20
35 21
34 21
35 21
35 20
35 19
36 19
36 20
36 21
37 21
38 21
38 20
38 19
37 19
37 18
37 19
38 19
39 19
38 19
38 18
39 18
39 17
40 17
39 17
38 17
39 17
39 18
38 18
38 19
38 20
38 19
38 20
37 20
38 20
38 19
38 20
38 21
39 21
38 21
38 22
39 22
40 22
40 21
40 20
39 20
38 20
38 21
38 22
38 21
39 21
38 21
39 21
40 21
39 21
40 21
39 21
38 21
38 20
38 19
37 19
38 19
37 19
37 18
37 19
37 18
37 19
38 19
39 19
39 20
39 21
39 20
40 20
41 20
40 20
39 20
38 20
38 21
38 20
39 20
38 20
38 19
39 19
39 20
39 21
38 21
37 21
38 21
37 21
37 22
38 22
38 23
38 24
37 24
37 25
36 25
35 25
34 25
35 25
35 26
35 27
34 27
34 26
34 25
34 24
34 23
35 23
34 23
35 23
34 23
33 23
33 24
33 23
32 23
32 24
32 25
32 26
32 25
31 25
31 26
30 26
29 26
29 25
30 25
29 25
28 25
29 25
28 25
28 24
29 24
28 24
28 25
28 26
29 26
28 26
28 27
27 27
26 27
25 27
25 28
24 28
23 28
23 29
24 29
24 30
24 29
24 28
24 29
25 29
24 29
23 29
23 28
22 28
21 28
21 27
21 28
21 29
20 29
20 30
21 30
22 30
21 30
22 30
23 30
23 29
22 29
22 30
23 30
22 30
23 30
22 30
22 29
21 29
22 29
21 29
20 29
19 29
20 29
20 30
20 29
20 30
20 29
19 29
19 30
18 30
18 31
17 31
17 30
18 30
17 30
17 29
18 29
18 30
19 30
19 29
19 28
19 29
19 28
20 28
20 27
20 28
20 29
19 29
20 29
20 28
21 28
22 28
23 28
23 29
22 29
21 29
20 29
20 30
21 30
20 30
19 30
18 30
17 30
16 30
16 31
15 31
16 31
17 31
17 30
18 30
17 30
17 31
17 30
16 30
17 30
18 30
19 30
20 30
21 30
22 30
21 30
20 30
20 31
21 31
22 31
21 31
22 31
23 31
23 30
22 30
21 30
21 29
21 30
