0 0
1 0
0 0
0 1
0 2
1 2
1 1
0 1
0 0
0 1
1 1
1 0
0 0
0 1
0 2
1 2
2 2
2 3
2 4
3 4
4 4
5 4
6 4
6 3
6 4
6 3
5 3
5 2
5 3
6 3
6 2
6 3
6 2
7 2
8 2
7 2
7 3
8 3
7 3
8 3
7 3
6 3
5 3
5 4
5 3
4 3
4 4
5 4
6 4
6 5
5 5
6 5
5 5
6 5
7 5
8 5
9 5
9 6
9 7
9 8
9 9
9 8
8 8
8 7
9 7
8 7
7 7
6 7
6 6
7 6
7 7
8 7
8 8
9 8
9 9
8 9
9 9
9 10
8 10
9 10
8 10
8 11
8 10
7 10
7 11
8 11
7 11
7 12
7 13
7 14
8 14
7 14
8 14
7 14
6 14
6 13
5 13
6 13
6 12
6 13
5 13
5 12
5 13
4 13
4 14
4 13
3 13
4 13
3 13
2 13
2 14
1 14
0 14
0 13
1 13
2 13
3 13
2 13
2 12
2 11
2 10
3 10
3 9
2 9
2 8
1 8
1 9
1 10
0 10
1 10
1 11
0 11
0 12
1 12
1 13
0 13
0 14
1 14
1 15
2 15
3 15
4 15
3 15
4 15
4 14
3 14
3 15
3 14
2 14
3 14
4 14
4 15
4 16
4 15
4 14
4 15
3 15
2 15
1 15
1 14
2 14
2 13
2 12
2 13
2 12
3 12
3 13
3 14
3 13
2 13
2 12
2 11
2 10
2 11
2 10
2 9
2 8
2 7
3 7
3 6
3 7
4 7
4 8
4 7
4 8
3 8
3 7
2 7
2 8
3 8
3 7
4 7
5 7
4 7
3 7
3 8
2 8
1 8
1 7
0 7
1 7
1 8
0 8
0 7
1 7
2 7
2 6
2 7
1 7
2 7
2 6
1 6
0 6
0 5
1 5
1 6
1 5
0 5
1 5
1 4
0 4
0 3
0 4
0 3
1 3
0 3
0 2
0 3
1 3
2 3
1 3
1 4
2 4
3 4
4 4
4 3
4 4
4 5
3 5
3 4
3 5
3 6
3 7
3 8
3 9
4 9
3 9
3 10
2 10
2 11
2 12
2 13
2 12
3 12
4 12
3 12
2 12
2 11
3 11
2 11
3 11
2 11
1 11
0 11
1 11
0 11
1 11
1 12
1 13
1 14
1 15
1 16
1 17
0 17
1 17
1 18
2 18
2 19
1 19
2 19
1 19
2 19
3 19
3 18
3 19
3 20
2 20
2 21
2 20
1 20
2 20
2 21
2 22
2 23
1 23
1 22
1 23
1 22
1 21
1 22
2 22
3 22
2 22
3 22
4 22
4 23
4 24
5 24
6 24
6 25
6 26
6 25
7 25
6 25
5 25
5 24
5 25
6 25
6 24
5 24
5 25
6 25
7 25
6 25
6 26
6 25
5 25
5 26
5 27
5 26
4 26
5 26
5 27
6 27
6 26
6 27
6 26
5 26
5 27
5 26
4 26
3 26
3 25
2 25
2 26
2 27
2 26
2 27
2 28
2 27
3 27
4 27
4 26
4 25
3 25
3 26
3 25
3 24
2 24
1 24
1 23
0 23
0 22
0 23
1 23
0 23
0 24
1 24
1 25
1 24
1 23
1 24
1 23
2 23
1 23
1 22
1 23
1 24
1 23
1 22
0 22
0 21
1 21
2 21
2 22
3 22
3 23
4 23
4 24
3 24
2 24
2 25
2 24
3 24
3 25
2 25
1 25
1 26
1 25
1 26
2 26
2 25
2 26
2 27
2 26
1 26
2 26
2 25
3 25
2 25
1 25
1 26
1 27
2 27
1 27
2 27
1 27
0 27
1 27
2 27
2 28
2 27
2 28
3 28
3 27
4 27
4 28
5 28
6 28
5 28
4 28
4 27
4 26
4 25
3 25
3 24
2 24
1 24
1 25
0 25
0 24
0 23
1 23
1 22
2 22
1 22
2 22
3 22
2 22
3 22
2 22
3 22
4 22
5 22
5 23
4 23
5 23
6 23
5 23
4 23
4 24
4 25
4 26
3 26
4 26
5 26
5 27
4 27
3 27
4 27
3 27
2 27
1 27
0 27
1 27
1 26
1 27
1 26
2 26
1 26
0 26
1 26
1 25
1 24
1 23
2 23
1 23
1 24
1 23
2 23
2 22
3 22
3 21
2 21
3 21
3 20
3 21
3 22
3 21
3 20
4 20
3 20
2 20
2 19
3 19
2 19
1 19
1 18
0 18
1 18
1 17
0 17
0 16
0 15
0 14
1 14
1 15
0 15
0 14
0 15
1 15
2 15
1 15
0 15
1 15
1 14
1 15
2 15
2 16
3 16
4 16
4 17
4 18
5 18
6 18
6 19
6 18
5 18
6 18
7 18
6 18
6 17
6 16
5 16
5 15
5 14
5 15
5 16
5 15
5 16
4 16
4 17
4 18
4 19
4 18
5 18
5 17
5 18
5 17
5 18
5 19
6 19
6 18
6 17
6 16
7 16
7 17
7 18
8 18
8 17
8 18
9 18
9 17
10 17
11 17
12 17
12 18
12 19
12 20
13 20
13 21
13 22
14 22
14 23
15 23
14 23
13 23
13 24
13 25
13 24
13 23
14 23
13 23
13 24
12 24
12 23
12 22
13 22
12 22
12 23
12 24
12 25
13 25
12 25
12 26
12 27
12 28
12 29
13 29
13 28
14 28
14 29
14 28
14 29
14 28
15 28
15 27
15 28
16 28
16 29
17 29
16 29
17 29
16 29
17 29
17 30
16 30
17 30
17 29
17 30
16 30
16 31
15 31
15 32
15 33
14 33
14 32
14 31
14 32
14 33
14 34
14 33
14 34
14 33
13 33
14 33
13 33
13 34
13 35
13 36
12 36
13 36
13 35
13 36
14 36
14 35
13 35
13 34
14 34
15 34
16 34
17 34
17 35
17 34
18 34
19 34
19 35
19 34
19 33
20 33
20 32
19 32
18 32
19 32
20 32
20 33
20 32
21 32
22 32
23 32
23 33
23 32
22 32
23 32
24 32
24 33
24 32
25 32
24 32
23 32
24 32
25 32
24 32
24 33
23 33
22 33
23 33
24 33
23 33
22 33
21 33
22 33
22 32
22 31
22 32
21 32
21 33
20 33
20 32
20 31
19 31
18 31
19 31
19 30
18 30
18 31
19 31
19 32
19 31
19 30
19 31
19 32
20 32
21 32
20 32
19 32
20 32
20 31
20 32
21 32
20 32
20 31
20 32
20 31
20 30
21 30
20 30
20 31
20 32
20 31
20 30
19 30
20 30
20 31
19 31
19 30
19 31
19 32
20 32
21 32
21 31
21 30
22 30
22 31
21 31
22 31
21 31
22 31
23 31
24 31
24 32
24 31
23 31
23 30
23 29
23 30
22 30
22 31
21 31
21 32
21 33
20 33
20 32
20 33
21 33
22 33
22 32
22 33
22 32
22 33
23 33
24 33
24 32
25 32
25 31
26 31
25 31
24 31
25 31
25 32
26 32
26 31
26 32
26 31
25 31
24 31
24 30
25 30
24 30
23 30
22 30
22 31
21 31
22 31
22 32
23 32
23 31
24 31
24 30
23 30
23 31
22 31
23 31
22 31
23 31
23 32
23 33
22 33
22 32
22 33
22 32
22 33
21 33
22 33
22 34
22 35
22 36
23 36
24 36
23 36
23 35
24 35
24 34
25 34
26 34
25 34
26 34
27 34
28 34
27 34
28 34
29 34
30 34
29 34
30 34
29 34
28 34
28 35
29 35
28 35
28 34
27 34
27 35
28 35
27 35
27 34
27 35
27 34
26 34
27 34
28 34
28 33
28 34
28 33
28 32
28 33
28 32
29 32
28 32
28 33
28 32
28 33
29 33
29 32
30 32
30 31
29 31
29 30
28 30
28 31
27 31
26 31
26 32
26 33
27 33
28 33
28 34
27 34
27 33
27 32
27 33
28 33
29 33
28 33
27 33
28 33
28 32
28 33
28 34
28 33
28 34
27 34
26 34
25 34
24 34
23 34
23 33
22 33
22 32
22 31
22 30
22 31
22 32
21 32
21 31
22 31
23 31
23 30
22 30
22 31
22 32
21 32
20 32
21 32
22 32
22 31
22 32
22 31
21 31
21 32
21 31
21 30
20 30
19 30
19 31
20 31
21 31
22 31
21 31
22 31
21 31
20 31
20 32
20 33
21 33
21 32
21 31
22 31
22 32
22 31
22 32
22 31
22 32
23 32
24 32
24 31
23 31
22 31
22 30
21 30
22 30
22 31
23 31
24 31
24 30
24 29
24 30
25 30
25 31
25 32
25 33
24 33
24 34
25 34
26 34
26 35
25 35
24 35
25 35
24 35
24 36
24 35
24 34
24 35
25 35
26 35
26 36
27 36
27 37
27 36
26 36
25 36
26 36
26 37
27 37
27 38
28 38
28 37
29 37
28 37
