0 0
1 0
2 0
1 0
1 1
1 2
1 3
2 3
1 3
0 3
1 3
1 2
2 2
1 2
1 3
1 4
2 4
1 4
1 5
0 5
0 4
1 4
1 3
2 3
2 4
2 5
2 4
3 4
3 5
2 5
2 6
2 7
2 8
2 7
2 8
1 8
0 8
1 8
1 9
1 10
1 9
2 9
1 9
2 9
3 9
4 9
4 8
4 9
4 10
5 10
5 11
5 12
5 13
6 13
7 13
8 13
8 12
8 11
8 10
9 10
10 10
10 9
11 9
11 10
11 11
12 11
11 11
11 12
12 12
12 11
11 11
10 11
11 11
10 11
9 11
10 11
10 10
10 11
9 11
9 12
8 12
8 11
8 10
8 9
8 8
8 9
7 9
7 10
8 10
9 10
10 10
10 9
9 9
9 8
8 8
8 9
8 10
8 11
7 11
8 11
7 11
7 12
7 13
7 14
7 15
6 15
5 15
4 15
5 15
5 14
5 15
4 15
4 14
4 13
4 14
4 15
3 15
4 15
5 15
6 15
5 15
5 14
4 14
3 14
3 15
2 15
2 16
1 16
1 17
2 17
2 18
3 18
4 18
3 18
4 18
5 18
6 18
6 19
5 19
5 20
5 19
5 18
4 18
3 18
2 18
2 19
1 19
0 19
1 19
0 19
1 19
1 18
1 17
2 17
1 17
2 17
2 18
2 19
3 19
3 20
4 20
4 19
4 20
5 20
4 20
5 20
5 19
6 19
5 19
4 19
4 20
4 21
4 20
3 20
2 20
2 19
3 19
3 18
2 18
3 18
3 19
2 19
2 20
1 20
1 19
2 19
1 19
2 19
3 19
2 19
2 20
2 19
1 19
0 19
1 19
2 19
2 18
2 19
2 20
1 20
2 20
2 19
2 18
2 19
2 20
3 20
2 20
2 21
3 21
2 21
2 22
3 22
2 22
2 23
2 22
3 22
3 21
2 21
1 21
1 20
2 20
2 19
2 20
3 20
4 20
5 20
5 19
4 19
4 18
4 17
4 16
3 16
4 16
4 17
3 17
3 18
2 18
1 18
0 18
0 19
0 18
1 18
1 19
0 19
0 20
0 21
1 21
1 22
0 22
1 22
1 21
1 22
2 22
2 21
1 21
2 21
3 21
4 21
4 22
4 21
4 20
3 20
3 21
3 22
2 22
3 22
3 23
3 24
4 24
3 24
2 24
2 23
1 23
2 23
2 22
1 22
1 23
0 23
0 22
0 21
1 21
2 21
2 20
2 21
2 20
2 19
1 19
1 18
1 19
1 18
1 19
1 20
2 20
3 20
4 20
5 20
5 19
5 20
5 21
5 22
4 22
4 23
4 24
4 25
4 26
4 25
5 25
5 24
4 24
5 24
4 24
4 25
4 26
4 25
3 25
3 26
2 26
3 26
3 27
2 27
2 26
3 26
3 27
2 27
3 27
3 28
4 28
5 28
6 28
5 28
5 29
6 29
5 29
4 29
5 29
5 30
4 30
3 30
4 30
4 29
3 29
3 30
3 31
2 31
3 31
3 30
4 30
3 30
3 29
4 29
3 29
4 29
4 30
4 31
4 30
5 30
4 30
3 30
2 30
1 30
0 30
0 29
0 28
0 27
0 26
1 26
0 26
0 25
0 26
1 26
2 26
1 26
0 26
0 25
0 26
0 27
0 28
1 28
1 29
1 28
1 27
2 27
3 27
2 27
2 28
1 28
0 28
0 27
0 28
1 28
0 28
0 27
0 26
1 26
0 26
1 26
0 26
1 26
1 25
0 25
0 26
1 26
1 25
1 26
1 25
1 24
1 23
0 23
1 23
0 23
1 23
2 23
2 22
2 23
3 23
2 23
2 22
3 22
3 21
2 21
3 21
4 21
4 20
5 20
6 20
7 20
8 20
8 19
7 19
7 20
7 21
7 20
7 21
6 21
6 20
7 20
8 20
7 20
7 19
6 19
6 20
7 20
7 19
7 18
8 18
9 18
10 18
10 17
10 16
10 17
11 17
11 16
11 17
11 16
10 16
9 16
9 15
8 15
7 15
7 16
6 16
5 16
5 15
5 14
6 14
6 13
6 14
7 14
7 15
8 15
8 16
8 17
7 17
6 17
5 17
4 17
4 18
5 18
5 19
5 20
5 21
6 21
6 20
7 20
6 20
7 20
8 20
9 20
9 19
8 19
7 19
8 19
9 19
9 18
10 18
10 19
11 19
10 19
9 19
10 19
11 19
11 20
10 20
11 20
12 20
13 20
13 21
12 21
13 21
13 20
12 20
12 21
11 21
10 21
10 20
10 21
9 21
9 22
10 22
9 22
9 21
9 22
9 21
9 20
10 20
10 21
9 21
9 20
8 20
8 19
8 18
7 18
7 19
8 19
8 20
8 19
9 19
8 19
7 19
7 18
6 18
6 19
6 18
6 17
5 17
6 17
6 16
7 16
7 17
7 16
8 16
8 15
8 14
8 13
8 14
8 15
9 15
9 16
9 15
8 15
9 15
8 15
9 15
10 15
11 15
11 16
12 16
11 16
11 17
10 17
10 16
10 17
9 17
9 16
10 16
9 16
9 15
9 14
10 14
11 14
10 14
11 14
12 14
12 15
11 15
11 16
12 16
12 17
12 18
12 17
13 17
13 16
14 16
13 16
13 17
14 17
14 18
15 18
15 19
15 20
16 20
16 19
16 20
17 20
18 20
17 20
18 20
18 19
17 19
17 20
16 20
15 20
15 21
15 20
15 21
14 21
14 20
14 21
15 21
15 22
15 23
16 23
15 23
16 23
16 24
15 24
14 24
14 25
13 25
14 25
15 25
15 24
16 24
16 23
16 24
17 24
17 23
16 23
17 23
18 23
19 23
19 24
20 24
21 24
22 24
23 24
22 24
22 25
22 26
22 27
21 27
20 27
21 27
21 28
20 28
21 28
20 28
20 29
19 29
19 28
19 27
18 27
17 27
18 27
19 27
19 28
20 28
21 28
21 29
21 30
22 30
22 31
23 31
22 31
22 30
22 29
22 28
21 28
22 28
22 29
21 29
21 28
21 27
20 27
20 26
20 27
20 26
20 25
21 25
20 25
20 24
20 25
20 26
21 26
21 25
21 26
21 27
21 28
21 29
22 29
21 29
21 30
22 30
22 29
23 29
23 30
24 30
25 30
25 29
26 29
25 29
26 29
27 29
27 28
27 27
26 27
26 28
27 28
28 28
28 29
29 29
29 30
30 30
30 29
31 29
31 30
31 29
32 29
32 28
32 29
32 28
32 29
32 28
31 28
30 28
30 27
31 27
32 27
33 27
34 27
35 27
36 27
37 27
37 28
38 28
38 27
38 28
39 28
40 28
40 29
39 29
38 29
38 30
39 30
39 29
38 29
38 28
37 28
36 28
37 28
37 29
38 29
38 30
38 31
39 31
40 31
41 31
42 31
42 32
41 32
41 33
40 33
41 33
41 32
41 33
41 34
41 33
41 32
41 31
41 32
42 32
42 31
42 30
41 30
41 31
41 30
42 30
41 30
42 30
41 30
41 31
41 30
42 30
42 31
41 31
42 31
42 30
42 29
41 29
41 28
42 28
42 27
43 27
42 27
41 27
41 28
40 28
40 29
41 29
41 30
41 31
41 32
41 33
41 34
42 34
43 34
43 33
42 33
42 34
43 34
43 33
43 34
44 34
45 34
46 34
46 33
46 34
46 35
46 36
47 36
46 36
46 37
45 37
45 36
44 36
43 36
42 36
42 35
41 35
42 35
42 34
43 34
44 34
44 33
44 34
45 34
44 34
43 34
44 34
44 35
45 35
44 35
45 35
45 36
46 36
47 36
47 37
46 37
46 38
47 38
48 38
49 38
48 38
48 37
48 38
49 38
50 38
50 37
51 37
51 38
52 38
51 38
52 38
53 38
53 39
53 40
53 41
52 41
51 41
50 41
50 42
50 41
50 42
49 42
49 43
49 42
49 43
49 44
50 44
49 44
50 44
50 45
50 46
50 47
49 47
49 46
50 46
50 45
50 46
49 46
49 45
48 45
49 45
49 44
49 43
48 43
48 44
49 44
49 45
49 46
49 47
49 46
49 45
48 45
48 46
49 46
50 46
50 45
50 44
51 44
50 44
49 44
49 45
49 46
50 46
51 46
52 46
53 46
52 46
52 47
51 47
51 46
52 46
52 45
53 45
54 45
54 46
54 45
53 45
53 44
52 44
52 43
52 42
52 41
52 40
52 39
52 40
51 40
50 40
51 40
52 40
53 40
54 40
54 39
55 39
56 39
55 39
56 39
56 40
56 41
56 40
56 39
57 39
58 39
58 38
58 39
58 38
59 38
60 38
61 38
60 38
60 37
59 37
58 37
57 37
57 38
58 38
58 39
59 39
59 40
59 39
59 38
59 37
59 38
58 38
57 38
57 37
56 37
57 37
58 37
57 37
57 38
56 38
55 38
55 39
55 38
55 37
55 38
55 39
55 38
