0 0
0 1
1 1
1 0
1 1
0 1
0 0
0 1
0 0
0 1
0 0
0 1
1 1
2 1
2 2
3 2
2 2
1 2
0 2
1 2
2 2
2 1
2 2
1 2
0 2
1 2
1 1
1 0
0 0
1 0
1 1
1 0
1 1
1 2
2 2
3 2
3 1
2 1
1 1
2 1
1 1
0 1
1 1
2 1
2 0
1 0
1 1
0 1
0 0
1 0
1 1
0 1
1 1
0 1
1 1
1 2
1 1
1 0
2 0
2 1
2 2
3 2
3 3
2 3
2 2
1 2
1 3
2 3
3 3
3 2
2 2
1 2
0 2
0 3
0 4
0 3
1 3
2 3
3 3
4 3
4 4
4 5
3 5
3 4
2 4
2 5
2 4
2 5
2 4
2 3
1 3
1 2
1 1
1 0
2 0
3 0
3 1
4 1
3 1
2 1
1 1
2 1
3 1
4 1
4 0
3 0
3 1
3 0
4 0
3 0
4 0
3 0
2 0
1 0
0 0
1 0
1 1
0 1
1 1
2 1
2 2
2 3
2 2
1 2
1 1
1 2
0 2
1 2
0 2
0 1
1 1
1 0
1 1
1 2
0 2
0 1
1 1
0 1
1 1
1 2
2 2
1 2
2 2
3 2
2 2
3 2
4 2
5 2
4 2
3 2
3 1
4 1
3 1
3 2
3 1
2 1
3 1
4 1
3 1
3 2
3 3
3 4
4 4
3 4
2 4
1 4
0 4
1 4
2 4
2 5
2 4
3 4
3 5
4 5
4 4
5 4
4 4
3 4
3 3
3 4
3 3
2 3
2 2
2 3
3 3
4 3
5 3
4 3
4 2
5 2
5 3
5 4
6 4
5 4
4 4
3 4
3 5
4 5
3 5
4 5
4 4
4 3
4 2
4 1
4 2
4 1
4 2
5 2
5 3
6 3
6 2
5 2
5 3
5 4
5 3
5 4
6 4
6 5
7 5
7 4
6 4
5 4
5 5
6 5
6 4
6 3
5 3
5 4
4 4
3 4
3 3
3 2
2 2
2 3
3 3
2 3
2 2
1 2
1 3
2 3
3 3
3 4
3 5
3 4
3 3
3 2
3 1
3 0
2 0
2 1
2 2
1 2
2 2
2 3
2 4
1 4
1 5
1 6
1 7
1 8
0 8
0 7
0 6
0 5
1 5
2 5
1 5
0 5
1 5
2 5
1 5
1 4
0 4
0 3
0 4
1 4
1 5
1 4
1 5
1 4
1 3
0 3
1 3
1 4
1 3
2 3
1 3
0 3
1 3
0 3
0 2
0 3
0 4
1 4
1 5
1 6
0 6
0 5
0 4
1 4
2 4
2 3
2 4
1 4
1 3
1 4
2 4
1 4
0 4
0 5
1 5
1 4
1 5
2 5
2 4
1 4
0 4
0 5
1 5
2 5
1 5
2 5
2 4
1 4
1 5
0 5
1 5
0 5
1 5
1 6
0 6
0 7
0 6
0 5
0 6
0 7
0 8
0 7
1 7
1 8
2 8
1 8
2 8
2 7
2 6
2 7
2 8
3 8
2 8
3 8
3 9
4 9
3 9
4 9
3 9
4 9
3 9
3 8
2 8
1 8
0 8
1 8
1 7
1 8
1 9
0 9
0 10
1 10
2 10
3 10
4 10
4 11
3 11
4 11
5 11
5 12
4 12
5 12
6 12
6 11
6 12
6 13
6 14
6 13
6 14
6 15
6 14
7 14
6 14
6 15
7 15
7 16
6 16
6 17
7 17
7 16
7 15
7 14
6 14
6 13
6 14
7 14
7 13
6 13
5 13
6 13
7 13
7 12
6 12
6 13
5 13
5 12
6 12
6 11
6 10
6 11
5 11
4 11
5 11
5 10
6 10
6 9
6 10
7 10
7 9
6 9
6 10
7 10
7 9
6 9
6 8
7 8
7 7
7 8
7 9
7 8
6 8
5 8
5 7
6 7
6 6
6 5
5 5
4 5
4 6
4 7
5 7
6 7
7 7
7 8
8 8
8 9
8 10
8 9
7 9
8 9
8 10
8 11
8 12
9 12
10 12
9 12
8 12
7 12
7 13
7 12
6 12
7 12
7 11
6 11
6 12
5 12
5 13
5 12
5 11
4 11
5 11
4 11
4 12
4 11
4 10
4 11
4 12
3 12
3 11
4 11
4 10
5 10
4 10
4 11
4 12
3 12
2 12
1 12
1 13
2 13
3 13
3 14
3 13
3 14
4 14
5 14
6 14
7 14
8 14
8 15
7 15
8 15
7 15
6 15
6 16
6 17
6 16
7 16
7 15
7 14
7 15
7 14
7 13
7 12
6 12
6 13
6 14
6 13
6 14
7 14
7 15
6 15
6 16
7 16
6 16
5 16
5 15
6 15
6 16
6 17
7 17
7 16
8 16
8 15
9 15
9 14
10 14
10 15
10 16
11 16
11 15
12 15
12 16
13 16
14 16
13 16
13 17
14 17
15 17
15 18
15 19
15 18
14 18
14 17
14 18
13 18
14 18
14 17
14 18
13 18
13 19
13 18
14 18
13 18
13 19
12 19
12 20
12 21
12 22
12 21
12 22
11 22
10 22
11 22
10 22
10 23
11 23
10 23
10 24
11 24
12 24
11 24
11 25
12 25
13 25
13 26
12 26
12 27
12 28
13 28
14 28
15 28
16 28
16 29
15 29
14 29
14 28
14 29
13 29
14 29
14 30
13 30
12 30
13 30
13 29
13 28
12 28
13 28
14 28
14 29
14 28
14 29
15 29
16 29
16 28
17 28
17 29
17 30
17 29
18 29
19 29
19 30
20 30
19 30
19 31
18 31
17 31
18 31
18 30
17 30
17 29
17 28
18 28
18 27
19 27
19 28
19 27
19 28
18 28
17 28
17 29
17 28
18 28
18 29
18 30
17 30
18 30
19 30
19 31
18 31
17 31
18 31
17 31
18 31
19 31
19 30
20 30
20 31
20 32
20 31
20 32
21 32
21 33
21 34
22 34
22 33
22 34
21 34
20 34
21 34
21 33
21 32
22 32
23 32
23 33
23 32
23 31
23 30
24 30
25 30
25 29
25 28
25 29
25 28
25 27
24 27
24 28
24 29
24 28
24 27
23 27
23 26
24 26
23 26
22 26
22 25
21 25
21 24
21 25
20 25
19 25
18 25
18 24
18 25
18 24
18 25
19 25
19 26
19 27
19 26
19 27
19 26
18 26
19 26
18 26
18 25
17 25
18 25
17 25
18 25
19 25
18 25
19 25
18 25
18 24
18 23
18 22
19 22
19 23
19 24
20 24
20 23
20 22
19 22
19 23
20 23
21 23
20 23
19 23
19 22
18 22
19 22
19 21
19 22
19 23
19 24
19 25
19 26
18 26
17 26
17 25
17 24
17 23
17 24
16 24
15 24
16 24
15 24
15 25
16 25
15 25
16 25
15 25
15 26
15 25
15 24
14 24
13 24
13 25
14 25
13 25
14 25
14 24
15 24
15 25
15 26
14 26
14 25
15 25
15 24
15 23
15 24
16 24
16 23
16 24
17 24
17 25
17 24
16 24
16 23
15 23
15 24
15 25
15 24
15 23
15 24
14 24
14 25
14 26
15 26
15 27
14 27
14 26
15 26
15 25
15 26
14 26
15 26
15 25
14 25
15 25
16 25
16 26
15 26
15 27
15 28
14 28
14 29
13 29
12 29
11 29
10 29
10 30
10 29
10 30
10 29
10 30
9 30
9 29
9 30
9 29
9 28
9 29
9 28
9 27
10 27
9 27
9 28
9 29
8 29
7 29
8 29
8 30
8 31
9 31
9 32
10 32
9 32
8 32
8 33
7 33
7 32
7 31
6 31
7 31
8 31
7 31
7 32
7 31
6 31
6 32
5 32
4 32
4 31
5 31
5 32
5 33
4 33
4 34
4 35
3 35
3 36
2 36
1 36
0 36
0 35
0 34
1 34
0 34
1 34
0 34
1 34
0 34
1 34
0 34
0 33
0 34
0 35
1 35
1 34
1 35
2 35
1 35
1 34
1 35
1 34
1 35
1 36
1 37
2 37
3 37
2 37
1 37
1 36
0 36
1 36
1 35
0 35
1 35
2 35
1 35
1 36
1 37
0 37
1 37
1 38
1 37
2 37
2 38
3 38
3 39
2 39
2 40
2 41
2 42
2 41
1 41
0 41
0 40
1 40
1 39
1 40
0 40
0 41
1 41
1 40
0 40
0 39
1 39
0 39
1 39
0 39
0 38
0 37
1 37
1 36
0 36
1 36
1 37
0 37
0 36
0 35
1 35
1 36
1 37
2 37
3 37
4 37
5 37
4 37
4 36
3 36
4 36
5 36
5 37
5 36
6 36
6 35
6 34
7 34
7 33
6 33
7 33
7 32
7 33
6 33
5 33
5 32
5 31
5 32
4 32
4 31
4 30
3 30
4 30
4 29
3 29
3 30
3 29
3 30
3 29
4 29
3 29
4 29
