0 0
1 0
1 1
0 1
1 1
1 0
2 0
2 1
2 2
1 2
1 1
2 1
2 2
2 1
2 0
2 1
2 2
2 1
1 1
2 1
1 1
2 1
3 1
3 0
3 1
3 0
2 0
1 0
2 0
3 0
2 0
1 0
1 1
2 1
2 2
3 2
3 3
4 3
4 2
3 2
4 2
4 1
4 2
4 1
3 1
3 0
2 0
3 0
3 1
4 1
4 2
5 2
4 2
5 2
4 2
5 2
4 2
4 1
4 2
3 2
3 1
4 1
3 1
4 1
4 0
4 1
4 2
4 3
4 4
5 4
6 4
7 4
7 3
7 2
8 2
8 3
9 3
8 3
9 3
9 4
8 4
7 4
7 3
7 2
8 2
8 1
8 0
7 0
7 1
6 1
5 1
5 2
5 1
6 1
6 2
7 2
7 3
7 4
8 4
8 3
9 3
9 4
10 4
9 4
8 4
8 5
8 4
9 4
10 4
10 3
9 3
9 4
9 5
10 5
11 5
11 6
12 6
11 6
12 6
12 7
12 8
13 8
14 8
15 8
15 7
16 7
17 7
18 7
19 7
18 7
19 7
19 8
19 9
19 8
19 9
18 9
19 9
19 10
19 11
19 12
20 12
20 13
20 12
20 11
21 11
20 11
20 12
19 12
19 13
19 12
19 11
20 11
20 12
21 12
21 11
21 10
20 10
20 9
20 8
21 8
21 9
22 9
21 9
21 8
21 7
20 7
19 7
18 7
18 6
19 6
19 7
20 7
19 7
19 6
19 7
20 7
20 6
20 7
20 6
19 6
18 6
19 6
18 6
17 6
16 6
15 6
16 6
16 7
16 8
16 7
16 8
16 7
15 7
15 6
15 5
15 6
14 6
14 5
14 4
13 4
12 4
12 5
13 5
13 4
13 5
13 6
12 6
11 6
11 7
11 8
11 7
11 6
11 5
10 5
9 5
10 5
11 5
11 4
11 5
11 6
11 7
11 6
10 6
10 7
11 7
11 8
10 8
10 9
11 9
12 9
13 9
13 8
14 8
14 9
14 8
13 8
14 8
14 7
13 7
12 7
12 6
12 7
12 6
12 7
12 6
13 6
13 7
14 7
14 8
14 9
13 9
13 10
13 11
12 11
11 11
11 12
10 12
10 13
10 14
10 13
10 12
9 12
9 13
9 14
9 13
9 14
9 15
8 15
9 15
9 16
8 16
8 17
8 18
8 17
7 17
7 18
6 18
6 17
7 17
6 17
7 17
7 16
8 16
8 15
8 14
9 14
9 13
9 12
9 13
10 13
10 14
10 15
10 14
11 14
10 14
11 14
10 14
11 14
12 14
13 14
14 14
14 15
15 15
14 15
14 16
15 16
15 15
15 16
15 15
15 14
15 13
14 13
15 13
14 13
14 12
13 12
13 13
12 13
13 13
13 14
14 14
14 13
14 14
14 13
14 14
14 13
14 14
15 14
14 14
15 14
15 15
14 15
15 15
15 16
15 15
14 15
13 15
13 16
13 15
13 14
13 15
13 14
14 14
14 13
14 12
14 13
14 14
13 14
12 14
11 14
11 15
10 15
10 16
10 17
10 18
9 18
9 17
9 18
8 18
8 19
9 19
9 20
8 20
7 20
7 21
7 20
6 20
6 19
6 18
6 19
5 19
6 19
5 19
5 18
6 18
5 18
5 19
4 19
4 20
5 20
4 20
4 19
3 19
2 19
3 19
2 19
1 19
2 19
2 18
2 19
2 20
3 20
4 20
4 21
4 20
3 20
3 19
3 20
3 21
3 22
3 21
2 21
1 21
0 21
1 21
0 21
1 21
0 21
0 20
0 19
0 20
1 20
0 20
1 20
0 20
1 20
1 19
1 18
0 18
1 18
1 19
1 20
0 20
1 20
2 20
3 20
3 21
2 21
1 21
0 21
1 21
1 22
0 22
1 22
0 22
0 23
1 23
1 24
0 24
0 23
0 22
0 23
0 22
0 21
1 21
0 21
0 22
1 22
0 22
0 23
1 23
1 24
2 24
3 24
3 25
3 24
2 24
2 25
3 25
2 25
2 24
3 24
3 25
4 25
5 25
5 24
6 24
5 24
6 24
5 24
5 23
4 23
5 23
5 24
5 25
5 26
4 26
4 27
5 27
4 27
4 26
5 26
5 25
5 24
5 25
6 25
5 25
6 25
6 24
5 24
4 24
5 24
5 23
6 23
7 23
8 23
8 24
8 25
9 25
8 25
8 24
8 23
7 23
7 24
7 25
8 25
8 26
8 27
8 28
8 27
7 27
6 27
7 27
6 27
5 27
4 27
3 27
3 28
2 28
2 27
2 26
2 27
1 27
1 28
2 28
2 27
1 27
0 27
0 28
1 28
2 28
3 28
3 29
4 29
3 29
2 29
3 29
3 30
4 30
4 29
5 29
4 29
4 28
3 28
2 28
1 28
0 28
1 28
2 28
2 29
2 30
1 30
1 31
2 31
2 32
2 33
3 33
2 33
3 33
3 34
3 35
3 34
4 34
3 34
3 35
2 35
3 35
3 34
3 33
3 32
4 32
5 32
5 33
6 33
6 34
6 33
6 32
5 32
5 31
4 31
4 30
5 30
5 31
6 31
6 32
6 31
6 30
6 29
6 28
6 29
6 30
6 31
7 31
6 31
6 30
6 29
6 28
7 28
6 28
5 28
6 28
6 29
7 29
7 30
7 29
7 28
6 28
6 29
5 29
5 30
5 31
5 30
6 30
5 30
4 30
5 30
6 30
5 30
5 29
4 29
4 30
4 29
5 29
6 29
7 29
7 28
8 28
7 28
8 28
8 29
8 30
8 29
7 29
8 29
7 29
8 29
8 30
8 31
8 32
7 32
7 33
7 32
7 33
6 33
6 32
5 32
5 31
4 31
4 32
3 32
3 33
2 33
1 33
2 33
2 32
2 33
2 32
2 33
2 34
1 34
1 35
1 36
0 36
1 36
2 36
3 36
3 35
2 35
1 35
1 34
1 33
1 34
1 35
1 34
0 34
1 34
1 35
1 34
1 33
1 34
1 35
0 35
0 34
1 34
0 34
0 33
1 33
0 33
0 32
0 33
1 33
2 33
2 34
2 33
1 33
1 32
2 32
2 33
2 32
3 32
2 32
3 32
4 32
4 33
4 34
4 35
4 34
5 34
6 34
6 33
5 33
4 33
3 33
4 33
4 34
3 34
3 33
2 33
2 32
1 32
0 32
1 32
1 33
0 33
1 33
2 33
2 32
1 32
2 32
3 32
4 32
4 33
4 34
5 34
5 33
5 34
6 34
6 35
6 34
6 35
5 35
4 35
5 35
5 34
5 33
6 33
5 33
5 34
6 34
6 33
5 33
5 32
6 32
6 33
6 32
7 32
6 32
5 32
5 31
5 30
5 31
5 32
6 32
7 32
8 32
7 32
8 32
9 32
9 31
9 32
8 32
7 32
7 31
7 30
7 29
8 29
9 29
9 28
8 28
9 28
10 28
11 28
11 27
10 27
11 27
12 27
12 28
13 28
14 28
15 28
15 29
15 30
15 31
15 32
16 32
17 32
18 32
19 32
20 32
20 33
20 32
20 31
21 31
21 32
21 33
20 33
21 33
21 32
21 31
21 30
22 30
22 31
22 30
22 31
22 30
21 30
22 30
22 31
23 31
22 31
21 31
21 30
21 29
21 28
21 27
22 27
21 27
21 28
22 28
22 29
21 29
21 28
21 29
21 30
22 30
22 31
22 32
22 33
22 34
22 33
21 33
20 33
20 32
21 32
21 31
21 30
22 30
23 30
23 29
22 29
21 29
22 29
23 29
24 29
25 29
25 28
24 28
24 29
24 30
23 30
23 31
22 31
21 31
21 30
21 29
21 28
21 29
22 29
22 28
22 29
22 30
21 30
20 30
20 31
20 32
19 32
18 32
19 32
19 31
19 30
18 30
18 29
18 28
18 29
18 30
18 29
17 29
16 29
16 30
15 30
16 30
16 29
15 29
15 28
14 28
14 29
14 30
14 29
14 28
14 27
14 26
15 26
15 27
16 27
16 26
16 27
17 27
17 28
18 28
18 27
18 28
19 28
20 28
20 27
19 27
19 26
19 27
19 26
20 26
21 26
20 26
20 27
21 27
21 28
21 27
21 28
21 29
21 28
22 28
23 28
23 29
23 30
24 30
25 30
24 30
23 30
23 31
22 31
22 32
21 32
21 33
20 33
19 33
19 34
18 34
18 33
18 32
18 33
17 33
17 32
17 33
17 32
17 31
17 30
18 30
19 30
19 31
19 30
19 31
19 32
19 33
19 32
19 33
18 33
18 34
18 35
18 34
18 35
18 36
17 36
17 35
17 36
16 36
17 36
16 36
16 35
15 35
16 35
15 35
15 34
15 35
14 35
14 36
13 36
14 36
14 35
15 35
14 35
14 36
14 35
14 36
14 37
15 37
14 37
13 37
13 38
13 37
14 37
13 37
13 38
