0 0
0 1
0 0
1 0
0 0
1 0
0 0
0 1
1 1
1 2
2 2
3 2
3 1
4 1
4 0
4 1
3 1
3 2
4 2
5 2
5 1
5 2
6 2
6 1
6 2
6 3
6 2
6 3
6 2
6 3
7 3
8 3
7 3
7 4
6 4
7 4
7 5
7 6
7 7
8 7
8 6
9 6
9 7
9 8
8 8
8 9
7 9
7 8
8 8
9 8
9 7
10 7
10 8
11 8
11 9
11 8
11 9
10 9
10 8
11 8
10 8
9 8
9 9
8 9
7 9
8 9
8 10
9 10
9 11
10 11
10 12
11 12
11 13
11 12
11 11
11 12
11 11
12 11
13 11
13 12
13 13
13 12
12 12
11 12
12 12
12 11
11 11
11 12
11 13
11 14
11 15
11 14
12 14
12 15
12 16
12 15
12 16
11 16
11 17
11 16
10 16
11 16
10 16
9 16
10 16
11 16
11 17
10 17
10 16
11 16
11 17
12 17
12 18
13 18
13 19
12 19
12 18
12 17
13 17
13 18
14 18
15 18
16 18
17 18
18 18
19 18
18 18
18 19
19 19
19 20
19 21
20 21
21 21
20 21
21 21
21 20
21 19
20 19
20 18
20 19
19 19
19 20
18 20
17 20
16 20
16 21
16 22
15 22
16 22
15 22
15 23
14 23
14 24
15 24
15 25
15 24
15 23
15 24
16 24
17 24
17 23
17 22
17 21
18 21
19 21
19 22
19 23
18 23
18 22
17 22
17 21
16 21
16 22
16 21
16 22
15 22
15 21
15 22
15 23
15 24
14 24
14 25
15 25
16 25
15 25
15 26
16 26
15 26
15 27
15 28
15 29
16 29
15 29
15 30
16 30
15 30
16 30
17 30
17 31
17 30
17 31
16 31
16 32
16 33
16 34
17 34
17 33
16 33
16 34
17 34
18 34
18 35
18 34
17 34
16 34
15 34
15 35
15 34
14 34
15 34
15 33
16 33
16 32
16 31
16 30
16 29
16 28
16 27
16 26
17 26
16 26
16 27
16 28
15 28
14 28
15 28
15 27
14 27
13 27
13 28
14 28
14 29
14 30
15 30
16 30
16 29
17 29
16 29
15 29
14 29
15 29
15 30
16 30
15 30
15 29
15 28
16 28
17 28
18 28
18 29
18 30
18 31
19 31
18 31
19 31
19 32
19 31
19 32
19 33
19 34
18 34
18 35
18 36
18 37
17 37
18 37
18 38
17 38
17 37
17 36
16 36
17 36
16 36
16 35
17 35
17 36
17 37
17 36
16 36
17 36
17 35
16 35
16 34
15 34
15 35
16 35
15 35
16 35
16 34
17 34
16 34
16 33
17 33
18 33
18 34
18 35
17 35
17 36
17 35
18 35
18 34
19 34
20 34
20 33
20 34
20 35
20 34
20 35
21 35
21 36
21 37
21 38
22 38
23 38
24 38
25 38
26 38
26 39
25 39
25 40
24 40
24 39
24 38
24 37
24 38
25 38
26 38
27 38
28 38
27 38
27 39
26 39
26 38
26 37
25 37
26 37
26 36
25 36
26 36
27 36
28 36
28 37
28 36
28 35
29 35
29 36
29 35
28 35
28 36
29 36
30 36
31 36
31 35
31 36
31 35
31 34
31 35
30 35
31 35
32 35
32 36
32 37
31 37
31 38
30 38
30 39
30 40
30 39
30 40
30 39
29 39
30 39
30 38
29 38
30 38
30 37
30 36
30 37
30 38
31 38
32 38
31 38
32 38
33 38
32 38
32 39
32 38
33 38
32 38
32 37
33 37
34 37
34 38
34 37
35 37
35 36
35 35
35 34
34 34
35 34
35 33
35 32
35 31
35 30
35 29
34 29
34 30
35 30
35 29
36 29
36 28
36 27
36 26
35 26
34 26
35 26
36 26
37 26
37 25
37 26
36 26
36 27
37 27
38 27
37 27
37 28
36 28
37 28
38 28
37 28
38 28
38 27
37 27
37 26
38 26
38 27
38 26
37 26
37 27
37 28
36 28
37 28
36 28
36 29
36 28
36 29
37 29
38 29
38 28
38 29
38 28
39 28
39 27
40 27
40 28
39 28
39 29
38 29
38 30
38 31
38 32
38 31
39 31
38 31
38 30
37 30
37 29
36 29
35 29
34 29
34 28
35 28
36 28
35 28
35 27
35 26
35 27
35 26
35 25
36 25
36 24
36 25
35 25
36 25
37 25
38 25
37 25
36 25
37 25
36 25
36 24
35 24
35 25
34 25
34 24
33 24
33 25
32 25
33 25
32 25
31 25
31 24
31 23
30 23
31 23
30 23
30 24
30 25
30 24
31 24
30 24
30 23
30 24
29 24
29 25
28 25
28 24
27 24
26 24
25 24
25 23
24 23
23 23
24 23
24 24
24 23
24 24
24 23
24 22
23 22
23 23
23 22
22 22
22 23
22 22
22 23
22 24
22 25
23 25
23 26
23 25
23 24
24 24
25 24
25 23
25 22
26 22
25 22
26 22
27 22
28 22
28 21
28 20
27 20
28 20
28 21
28 22
28 21
28 22
28 23
28 22
27 22
27 21
27 22
26 22
27 22
27 21
28 21
28 22
29 22
28 22
27 22
28 22
27 22
28 22
28 23
27 23
26 23
25 23
25 24
24 24
25 24
26 24
26 23
26 24
25 24
24 24
25 24
24 24
24 25
25 25
26 25
25 25
24 25
24 26
24 27
25 27
26 27
25 27
24 27
25 27
25 28
25 27
25 28
25 29
26 29
26 30
25 30
25 29
24 29
23 29
23 30
23 31
24 31
23 31
24 31
24 32
25 32
24 32
23 32
23 33
23 34
24 34
23 34
24 34
25 34
26 34
27 34
26 34
27 34
27 33
27 32
28 32
27 32
27 33
27 34
26 34
26 35
26 36
26 35
27 35
27 34
27 33
28 33
29 33
29 34
29 35
28 35
28 36
29 36
29 37
29 38
29 39
29 38
29 39
28 39
27 39
26 39
26 38
27 38
26 38
27 38
26 38
26 39
27 39
28 39
29 39
28 39
27 39
26 39
27 39
26 39
26 40
27 40
26 40
26 39
26 40
25 40
25 39
26 39
25 39
25 38
26 38
26 39
25 39
25 38
25 39
24 39
24 38
24 37
25 37
24 37
25 37
25 38
25 37
26 37
27 37
27 38
28 38
27 38
27 39
26 39
25 39
25 38
25 37
26 37
27 37
26 37
26 36
25 36
24 36
24 35
23 35
24 35
25 35
24 35
24 36
24 35
23 35
23 34
23 33
23 32
24 32
23 32
24 32
24 31
24 30
25 30
26 30
25 30
25 31
25 32
25 33
26 33
27 33
27 34
26 34
26 35
26 34
26 33
26 32
27 32
26 32
26 33
26 32
26 31
26 30
26 31
27 31
26 31
27 31
28 31
28 32
27 32
27 31
26 31
25 31
26 31
27 31
27 32
27 33
27 32
27 31
28 31
28 32
29 32
30 32
30 31
29 31
29 32
28 32
27 32
27 31
27 30
27 31
28 31
27 31
27 32
27 33
26 33
27 33
28 33
28 32
29 32
28 32
29 32
29 31
29 30
29 31
29 30
30 30
29 30
29 29
29 28
29 27
29 28
29 29
29 28
29 29
28 29
28 28
29 28
28 28
29 28
28 28
28 27
27 27
28 27
28 28
28 27
27 27
26 27
26 28
26 27
27 27
26 27
26 26
25 26
26 26
27 26
28 26
29 26
29 27
28 27
29 27
28 27
29 27
29 26
30 26
29 26
30 26
29 26
28 26
28 25
27 25
27 24
28 24
28 23
28 24
28 25
28 26
28 27
27 27
27 28
27 29
27 28
26 28
27 28
26 28
26 29
26 30
25 30
26 30
26 29
25 29
25 30
25 29
25 28
25 27
25 26
25 25
24 25
23 25
24 25
24 26
23 26
23 27
24 27
24 26
24 25
25 25
26 25
26 26
26 27
25 27
25 28
25 29
25 28
26 28
27 28
27 27
28 27
28 26
28 25
27 25
28 25
28 24
29 24
30 24
31 24
30 24
30 25
30 26
30 25
29 25
29 26
29 25
30 25
31 25
31 26
32 26
32 25
32 26
32 25
31 25
32 25
33 25
33 26
32 26
32 25
31 25
30 25
30 26
31 26
31 27
31 28
30 28
30 27
30 26
29 26
29 27
30 27
29 27
29 28
28 28
29 28
30 28
30 29
31 29
32 29
32 28
32 29
31 29
31 28
32 28
32 27
31 27
32 27
32 26
33 26
32 26
32 27
31 27
31 28
32 28
32 27
32 28
32 27
33 27
33 26
34 26
34 25
35 25
35 24
35 25
35 24
35 25
35 26
36 26
35 26
35 27
34 27
34 28
33 28
33 27
32 27
32 28
32 29
32 28
31 28
31 29
31 30
32 30
31 30
30 30
29 30
30 30
30 29
31 29
30 29
30 30
30 31
30 30
29 30
29 31
30 31
31 31
30 31
30 30
29 30
