0 0
1 0
2 0
3 0
3 1
4 1
4 2
4 1
4 2
4 3
4 4
4 3
5 3
6 3
6 4
7 4
7 3
8 3
9 3
9 2
9 1
9 0
10 0
10 1
11 1
11 0
12 0
12 1
13 1
13 2
13 1
12 1
13 1
13 2
12 2
12 1
11 1
11 0
11 1
11 0
11 1
12 1
11 1
12 1
12 2
12 3
12 2
13 2
14 2
14 3
15 3
15 2
16 2
16 1
16 0
15 0
15 1
14 1
13 1
12 1
12 0
11 0
11 1
11 0
11 1
10 1
9 1
10 1
11 1
12 1
12 2
11 2
11 3
11 4
11 3
12 3
12 2
12 3
11 3
12 3
12 4
12 5
12 6
11 6
10 6
10 7
11 7
12 7
13 7
13 8
12 8
12 9
12 10
12 9
13 9
12 9
13 9
13 10
12 10
11 10
11 11
10 11
10 10
11 10
11 11
10 11
10 12
10 11
9 11
9 10
10 10
10 11
10 12
10 11
9 11
8 11
8 10
9 10
10 10
11 10
11 9
11 8
12 8
13 8
13 9
13 10
14 10
14 11
15 11
14 11
15 11
16 11
16 12
17 12
17 13
18 13
19 13
19 12
18 12
19 12
19 11
19 12
19 13
19 14
19 15
18 15
19 15
19 16
19 15
19 14
19 15
19 14
19 15
18 15
19 15
20 15
20 16
20 17
21 17
21 18
20 18
19 18
20 18
20 19
21 19
20 19
20 18
20 17
20 18
20 19
21 19
20 19
19 19
19 18
19 17
19 18
20 18
20 19
19 19
20 19
21 19
21 20
21 21
21 22
21 23
20 23
20 24
21 24
20 24
19 24
19 25
18 25
17 25
18 25
19 25
20 25
20 26
21 26
21 27
20 27
20 26
19 26
19 25
19 26
19 25
20 25
20 24
19 24
18 24
19 24
20 24
19 24
18 24
18 25
17 25
18 25
19 25
19 24
18 24
19 24
20 24
20 25
21 25
21 24
21 23
20 23
21 23
21 24
22 24
22 23
22 22
21 22
20 22
20 21
20 22
21 22
20 22
20 23
20 24
19 24
18 24
19 24
19 23
19 24
19 25
18 25
19 25
18 25
18 24
18 23
18 24
18 23
19 23
20 23
20 24
20 23
21 23
20 23
20 22
19 22
18 22
17 22
16 22
15 22
14 22
13 22
12 22
12 21
11 21
12 21
13 21
13 20
13 19
14 19
14 18
14 17
14 18
15 18
16 18
16 19
15 19
16 19
17 19
18 19
18 20
18 19
18 20
17 20
17 21
16 21
15 21
16 21
17 21
17 22
17 23
17 24
18 24
17 24
16 24
16 25
15 25
14 25
14 24
14 23
15 23
15 22
15 21
15 20
16 20
16 19
17 19
16 19
15 19
15 20
14 20
14 19
14 18
13 18
13 17
13 18
13 17
14 17
14 18
13 18
13 17
13 18
12 18
11 18
12 18
13 18
12 18
12 19
12 18
12 17
12 16
11 16
11 17
11 18
12 18
13 18
12 18
13 18
13 19
14 19
14 18
15 18
16 18
16 19
16 20
17 20
17 19
16 19
16 20
17 20
18 20
19 20
18 20
18 21
18 22
17 22
17 23
17 24
16 24
16 25
16 24
15 24
16 24
17 24
16 24
16 25
16 24
17 24
18 24
19 24
18 24
18 23
18 24
17 24
18 24
17 24
17 23
16 23
16 22
16 21
15 21
14 21
15 21
15 20
16 20
16 19
16 20
16 19
16 20
16 21
16 20
17 20
17 19
18 19
18 18
17 18
16 18
15 18
16 18
15 18
14 18
15 18
15 17
15 18
14 18
14 19
14 18
14 19
14 20
14 21
14 20
14 21
13 21
13 22
14 22
15 22
15 21
15 20
15 19
16 19
17 19
17 20
17 19
18 19
18 20
18 19
17 19
18 19
17 19
16 19
17 19
16 19
17 19
18 19
18 18
18 17
18 16
18 17
17 17
17 18
18 18
19 18
19 19
19 20
20 20
19 20
19 21
20 21
20 20
20 19
21 19
20 19
20 20
20 21
19 21
18 21
17 21
17 20
16 20
15 20
15 19
14 19
14 18
14 19
14 20
14 19
13 19
13 18
12 18
13 18
13 17
13 16
13 15
13 16
13 15
13 16
14 16
14 17
14 18
15 18
14 18
14 19
15 19
15 20
16 20
16 21
15 21
16 21
15 21
14 21
13 21
13 20
12 20
11 20
11 21
11 20
10 20
9 20
10 20
11 20
11 21
10 21
10 20
9 20
9 21
9 22
10 22
9 22
8 22
8 23
9 23
10 23
9 23
10 23
11 23
11 24
11 25
11 26
11 25
11 24
12 24
12 25
11 25
11 26
11 25
12 25
12 24
12 23
12 24
12 23
12 22
12 23
12 22
11 22
12 22
12 23
12 24
11 24
11 25
11 24
11 23
11 24
10 24
10 25
11 25
11 24
12 24
11 24
10 24
11 24
10 24
10 23
10 24
10 25
10 26
9 26
8 26
7 26
7 27
7 28
7 29
7 30
8 30
8 29
8 28
8 27
9 27
9 28
9 29
10 29
10 28
10 29
11 29
11 28
10 28
11 28
11 29
12 29
12 30
13 30
13 29
13 28
14 28
13 28
13 29
12 29
11 29
11 30
11 29
10 29
9 29
10 29
9 29
9 30
10 30
11 30
11 29
10 29
9 29
10 29
9 29
9 30
8 30
8 31
9 31
8 31
9 31
8 31
7 31
7 32
7 31
8 31
8 30
8 31
8 32
8 33
9 33
10 33
9 33
9 34
9 33
9 32
8 32
7 32
6 32
7 32
8 32
8 31
9 31
10 31
11 31
11 30
11 29
10 29
11 29
11 30
11 29
10 29
10 30
10 31
10 30
10 31
11 31
11 30
12 30
12 29
12 30
12 29
12 28
12 27
11 27
10 27
11 27
12 27
12 28
11 28
12 28
12 27
12 26
11 26
11 25
11 24
12 24
12 23
11 23
10 23
10 24
10 25
9 25
10 25
11 25
10 25
11 25
11 24
12 24
13 24
13 25
13 26
12 26
11 26
10 26
10 27
9 27
8 27
8 26
9 26
10 26
11 26
10 26
10 25
10 26
10 25
9 25
9 26
10 26
11 26
12 26
13 26
13 25
14 25
14 26
15 26
14 26
14 27
13 27
14 27
14 28
14 29
14 30
13 30
12 30
13 30
14 30
15 30
15 31
15 32
15 31
15 32
15 33
16 33
17 33
17 34
18 34
19 34
19 33
19 34
18 34
17 34
16 34
16 33
16 32
17 32
17 33
17 34
17 35
17 34
16 34
16 35
16 34
16 35
15 35
16 35
15 35
15 36
15 35
16 35
17 35
18 35
18 34
17 34
16 34
16 35
15 35
15 34
15 33
16 33
17 33
18 33
18 34
18 33
17 33
16 33
16 34
16 35
17 35
17 36
17 37
16 37
15 37
15 38
14 38
14 39
14 40
14 41
15 41
16 41
15 41
15 42
16 42
15 42
15 41
15 42
15 43
14 43
14 42
15 42
14 42
15 42
15 41
15 40
15 39
15 40
14 40
14 39
14 40
14 41
15 41
14 41
14 42
14 41
14 42
14 41
15 41
15 40
15 41
16 41
16 40
16 39
16 40
15 40
15 41
15 42
14 42
15 42
15 43
15 44
15 45
15 46
15 45
14 45
13 45
13 46
13 45
14 45
14 44
14 43
13 43
13 42
14 42
13 42
13 43
12 43
11 43
12 43
13 43
14 43
15 43
15 44
15 45
15 46
14 46
13 46
13 45
12 45
11 45
12 45
12 44
12 45
11 45
11 46
12 46
12 45
13 45
13 44
12 44
13 44
13 43
12 43
11 43
11 42
11 41
10 41
11 41
10 41
10 40
10 41
11 41
12 41
11 41
12 41
12 40
12 39
12 38
13 38
13 37
14 37
15 37
15 38
14 38
15 38
15 39
15 40
15 41
16 41
17 41
17 42
16 42
16 41
15 41
16 41
16 42
17 42
16 42
17 42
17 41
18 41
17 41
18 41
19 41
20 41
20 40
20 39
20 40
19 40
20 40
20 41
19 41
19 40
20 40
20 41
20 40
20 39
20 40
20 41
21 41
20 41
20 42
19 42
19 41
18 41
19 41
20 41
21 41
22 41
22 42
22 41
21 41
20 41
19 41
19 40
19 39
19 38
20 38
20 39
20 38
19 38
19 39
19 40
18 40
18 39
18 38
18 37
17 37
16 37
15 37
15 36
14 36
15 36
15 37
16 37
15 37
14 37
13 37
13 38
14 38
15 38
14 38
14 37
13 37
13 38
14 38
14 39
13 39
13 40
13 41
14 41
14 40
13 40
13 39
13 40
13 39
13 40
13 39
13 38
12 38
12 39
12 40
11 40
12 40
13 40
12 40
12 41
13 41
12 41
11 41
11 42
10 42
10 43
10 44
10 43
10 42
11 42
11 43
10 43
10 42
11 42
