0 0
0 1
1 1
0 1
1 1
1 2
1 1
0 1
1 1
1 0
1 1
0 1
1 1
2 1
2 2
2 1
3 1
4 1
4 2
3 2
3 3
2 3
1 3
2 3
2 4
3 4
3 3
3 2
4 2
3 2
3 1
2 1
1 1
0 1
0 0
0 1
0 0
0 1
0 0
0 1
0 2
1 2
2 2
3 2
4 2
5 2
4 2
4 3
3 3
3 2
3 1
4 1
3 1
3 0
3 1
2 1
3 1
2 1
1 1
1 2
1 3
0 3
1 3
1 4
0 4
1 4
2 4
3 4
3 3
3 2
3 3
3 4
3 5
4 5
5 5
5 4
6 4
6 5
7 5
8 5
9 5
9 4
10 4
11 4
11 5
12 5
12 6
12 7
12 6
11 6
12 6
12 7
12 6
11 6
12 6
13 6
14 6
14 7
13 7
12 7
13 7
12 7
12 8
12 9
12 8
12 9
11 9
11 10
12 10
13 10
13 9
12 9
11 9
11 10
11 11
10 11
10 10
10 11
10 10
9 10
9 11
8 11
8 12
7 12
8 12
8 13
8 12
8 11
8 10
8 11
8 12
8 13
8 12
7 12
6 12
5 12
4 12
4 13
3 13
3 12
4 12
4 13
5 13
6 13
6 14
5 14
5 15
6 15
6 16
6 17
6 18
7 18
7 19
8 19
8 18
9 18
9 17
10 17
10 16
10 17
10 16
10 17
9 17
9 16
9 15
9 16
9 15
10 15
11 15
12 15
13 15
13 14
12 14
13 14
12 14
12 15
13 15
13 16
13 15
12 15
12 16
13 16
12 16
13 16
14 16
14 15
15 15
15 14
14 14
14 13
13 13
13 14
12 14
13 14
12 14
13 14
13 15
13 16
13 17
12 17
11 17
11 16
12 16
11 16
10 16
11 16
10 16
9 16
8 16
8 15
7 15
7 14
7 15
8 15
8 16
7 16
7 15
7 14
8 14
9 14
9 13
9 14
9 13
10 13
11 13
11 14
11 13
11 14
11 15
11 14
12 14
12 15
12 14
12 15
11 15
12 15
12 16
11 16
12 16
13 16
12 16
12 17
12 18
12 19
12 20
11 20
11 21
11 22
11 23
12 23
12 24
12 23
11 23
11 24
10 24
11 24
11 23
11 24
11 25
10 25
10 26
10 27
10 26
9 26
9 25
9 24
9 25
9 26
8 26
9 26
8 26
7 26
6 26
6 25
7 25
7 24
8 24
8 23
7 23
7 24
6 24
5 24
6 24
6 25
5 25
6 25
7 25
7 24
6 24
5 24
6 24
7 24
7 23
7 22
7 21
7 22
7 21
7 22
7 21
7 22
6 22
7 22
7 21
7 20
6 20
5 20
4 20
4 21
5 21
5 20
5 21
6 21
6 22
6 21
7 21
8 21
8 20
7 20
7 19
6 19
5 19
4 19
5 19
5 18
5 17
6 17
5 17
4 17
4 18
4 19
4 18
5 18
4 18
5 18
6 18
5 18
5 19
4 19
4 20
4 19
4 18
4 19
4 20
5 20
5 21
5 20
5 19
5 18
5 19
4 19
3 19
4 19
3 19
2 19
2 18
3 18
3 17
2 17
2 16
3 16
3 17
3 18
4 18
5 18
5 19
5 18
4 18
3 18
3 17
3 18
3 19
4 19
4 20
5 20
5 19
5 20
4 20
4 21
5 21
4 21
5 21
4 21
4 20
4 21
3 21
2 21
1 21
2 21
1 21
2 21
2 20
3 20
4 20
5 20
4 20
4 19
4 20
3 20
3 19
4 19
4 18
4 19
5 19
4 19
3 19
3 20
4 20
3 20
2 20
3 20
3 21
4 21
4 20
3 20
3 19
2 19
2 18
2 17
3 17
3 16
3 15
4 15
4 14
5 14
5 13
4 13
5 13
6 13
5 13
5 12
5 11
5 12
5 13
5 12
5 13
5 14
5 13
5 12
5 11
6 11
5 11
5 10
5 11
5 12
5 13
6 13
5 13
5 14
4 14
3 14
3 13
3 14
3 13
4 13
5 13
5 12
6 12
6 13
7 13
8 13
8 12
8 11
7 11
7 12
8 12
8 11
8 10
7 10
7 11
7 12
7 11
6 11
6 12
6 13
6 14
6 15
6 16
5 16
6 16
6 15
6 16
6 17
5 17
5 16
5 17
5 18
5 19
4 19
5 19
5 20
5 21
4 21
4 22
4 21
4 22
5 22
5 21
6 21
6 20
6 21
7 21
7 22
6 22
5 22
5 21
5 20
5 19
5 20
6 20
6 21
5 21
5 22
4 22
4 23
5 23
6 23
6 24
5 24
5 23
5 24
4 24
5 24
6 24
6 25
5 25
4 25
5 25
5 24
4 24
3 24
4 24
5 24
5 25
5 26
5 27
4 27
4 26
3 26
2 26
2 27
1 27
2 27
1 27
0 27
0 28
1 28
0 28
0 27
0 28
0 29
0 28
1 28
1 29
1 30
1 31
1 32
1 33
2 33
2 34
2 35
1 35
1 36
1 35
1 34
1 35
0 35
1 35
2 35
3 35
3 36
3 35
2 35
1 35
1 36
1 37
2 37
1 37
1 38
0 38
0 39
1 39
1 38
2 38
1 38
2 38
2 39
3 39
4 39
4 38
4 37
4 38
3 38
2 38
2 39
2 38
2 39
2 38
1 38
1 39
1 38
1 37
2 37
2 36
2 37
2 38
3 38
2 38
3 38
4 38
5 38
5 39
5 38
6 38
5 38
4 38
3 38
2 38
2 37
2 38
2 37
1 37
1 36
1 37
1 36
0 36
1 36
2 36
1 36
1 37
0 37
0 38
0 37
1 37
1 36
1 37
1 38
2 38
3 38
3 39
3 38
3 39
2 39
3 39
3 38
3 39
4 39
3 39
3 40
4 40
5 40
4 40
4 39
4 40
4 41
4 40
4 39
5 39
5 38
4 38
4 37
5 37
5 36
5 37
4 37
4 38
5 38
5 39
4 39
3 39
3 38
2 38
2 39
2 38
1 38
1 39
1 40
0 40
0 41
1 41
0 41
1 41
1 40
1 41
0 41
1 41
2 41
2 40
2 41
2 42
1 42
0 42
1 42
1 43
1 44
0 44
1 44
2 44
1 44
0 44
0 45
1 45
0 45
0 44
0 45
1 45
2 45
1 45
1 46
2 46
3 46
4 46
4 47
5 47
5 46
4 46
4 45
5 45
5 46
6 46
5 46
4 46
5 46
6 46
6 47
5 47
5 48
6 48
6 47
6 48
5 48
5 49
4 49
3 49
3 48
3 47
3 48
2 48
2 49
2 48
2 47
1 47
1 46
0 46
0 45
1 45
2 45
3 45
3 46
2 46
2 47
1 47
2 47
2 48
3 48
3 47
4 47
4 46
4 47
5 47
5 46
4 46
5 46
6 46
7 46
6 46
5 46
6 46
5 46
6 46
6 47
6 48
6 47
6 46
6 47
7 47
8 47
8 48
8 49
8 48
7 48
7 47
7 46
7 47
7 48
7 47
8 47
8 46
8 45
9 45
10 45
9 45
9 46
10 46
10 45
10 46
10 47
11 47
10 47
11 47
11 46
12 46
11 46
11 45
10 45
10 44
10 43
10 44
10 45
11 45
12 45
11 45
12 45
11 45
11 46
10 46
11 46
12 46
12 47
13 47
14 47
14 46
14 45
14 46
15 46
14 46
14 45
13 45
14 45
13 45
13 46
12 46
12 45
12 44
11 44
12 44
12 43
11 43
10 43
10 44
10 43
10 42
10 43
10 44
10 43
11 43
11 42
11 43
11 44
10 44
10 43
10 44
9 44
8 44
9 44
9 45
9 46
10 46
11 46
11 45
11 44
12 44
12 43
12 42
12 41
12 42
13 42
14 42
14 43
15 43
15 42
16 42
17 42
16 42
16 41
17 41
17 42
17 43
16 43
17 43
16 43
17 43
17 44
18 44
18 45
17 45
17 44
18 44
18 43
18 42
18 43
18 44
18 43
17 43
17 44
17 45
17 46
17 47
16 47
17 47
16 47
17 47
18 47
18 46
18 45
18 44
17 44
17 43
16 43
16 42
16 41
16 40
15 40
14 40
14 41
13 41
13 40
13 39
13 38
13 39
13 40
13 41
13 42
13 43
13 44
13 43
13 44
13 45
14 45
13 45
13 44
12 44
12 45
12 46
13 46
12 46
12 45
13 45
13 44
13 43
14 43
14 44
14 43
14 44
14 45
15 45
15 44
15 45
15 44
15 45
15 46
14 46
14 45
13 45
13 44
14 44
15 44
16 44
17 44
16 44
17 44
16 44
16 45
15 45
15 44
15 43
15 42
15 41
15 40
16 40
17 40
17 39
17 38
17 39
17 40
18 40
18 41
18 40
18 41
18 42
18 43
19 43
19 42
18 42
17 42
17 41
17 42
17 41
18 41
18 40
18 39
18 40
18 39
19 39
19 38
19 39
18 39
17 39
17 40
16 40
17 40
