0 0
0 1
0 0
1 0
2 0
2 1
2 0
2 1
3 1
2 1
2 0
1 0
1 1
0 1
0 2
0 3
0 2
1 2
0 2
1 2
1 3
0 3
1 3
2 3
1 3
0 3
1 3
1 4
1 3
1 2
2 2
3 2
4 2
5 2
5 3
6 3
6 2
6 3
6 4
6 3
6 2
6 3
6 2
6 1
6 2
7 2
7 1
6 1
6 0
6 1
6 2
6 1
5 1
6 1
7 1
7 2
7 1
7 0
8 0
8 1
9 1
8 1
7 1
7 2
8 2
8 1
7 1
8 1
8 0
8 1
8 2
8 3
7 3
8 3
7 3
7 4
8 4
9 4
9 5
10 5
11 5
10 5
10 4
10 3
10 4
11 4
10 4
11 4
11 5
10 5
11 5
11 4
11 3
11 4
12 4
13 4
13 3
13 2
13 3
12 3
11 3
12 3
12 4
12 5
11 5
12 5
13 5
13 6
14 6
14 7
13 7
13 8
12 8
12 7
12 8
11 8
11 7
11 6
11 7
11 8
11 7
12 7
12 8
12 9
13 9
14 9
14 10
14 9
14 10
14 11
14 12
14 13
13 13
14 13
15 13
15 14
16 14
16 13
16 14
15 14
16 14
16 15
16 16
16 17
16 18
16 17
15 17
15 18
15 17
15 16
16 16
15 16
15 17
15 16
15 17
14 17
15 17
15 16
14 16
14 15
14 14
13 14
12 14
11 14
11 15
10 15
11 15
11 14
11 15
12 15
12 14
12 13
11 13
11 12
10 12
10 13
10 14
10 13
10 14
9 14
10 14
10 13
10 12
10 11
9 11
8 11
9 11
9 12
9 11
9 10
9 11
9 10
8 10
8 11
8 10
7 10
7 9
7 8
7 9
8 9
9 9
9 8
10 8
10 9
10 8
10 7
10 8
11 8
10 8
10 7
9 7
9 8
10 8
10 7
10 8
10 9
11 9
10 9
10 8
10 9
10 10
9 10
9 9
10 9
10 8
10 7
10 6
11 6
11 5
11 4
10 4
10 3
11 3
11 2
12 2
12 3
12 4
12 3
12 2
12 3
12 2
11 2
11 1
12 1
13 1
12 1
13 1
13 0
14 0
15 0
14 0
14 1
14 2
13 2
13 3
12 3
12 4
13 4
14 4
15 4
14 4
13 4
13 3
13 4
13 3
13 4
12 4
11 4
11 3
11 4
10 4
10 5
9 5
9 6
10 6
10 5
11 5
10 5
10 6
10 7
10 8
9 8
9 9
9 10
10 10
9 10
8 10
7 10
8 10
8 9
8 10
8 11
8 10
8 9
8 8
8 9
7 9
8 9
8 8
7 8
7 9
7 10
8 10
9 10
9 11
9 10
8 10
8 9
8 10
9 10
9 11
9 12
8 12
8 13
8 14
8 15
7 15
8 15
8 16
8 17
8 18
7 18
7 19
8 19
9 19
8 19
8 20
9 20
9 19
10 19
10 20
10 21
10 20
10 21
9 21
9 22
8 22
9 22
10 22
9 22
9 21
9 22
9 23
9 22
10 22
10 23
9 23
9 22
8 22
8 23
7 23
7 24
7 23
7 22
7 21
8 21
8 22
8 21
8 22
8 21
8 22
9 22
8 22
8 23
8 24
7 24
7 25
6 25
5 25
4 25
3 25
3 24
2 24
3 24
3 23
4 23
5 23
5 22
6 22
5 22
4 22
3 22
3 21
3 20
4 20
3 20
3 19
3 20
3 19
4 19
5 19
5 18
4 18
3 18
3 17
2 17
2 18
3 18
2 18
1 18
1 17
1 18
1 19
2 19
2 20
2 19
1 19
1 18
0 18
0 19
0 18
0 19
0 18
0 19
1 19
1 20
2 20
1 20
1 19
1 18
1 19
1 18
1 17
1 18
1 17
1 18
1 19
2 19
2 20
2 21
3 21
3 20
3 21
2 21
1 21
2 21
3 21
3 20
4 20
4 19
3 19
3 18
4 18
4 17
4 16
4 15
5 15
5 16
4 16
4 17
5 17
5 18
4 18
3 18
2 18
1 18
0 18
1 18
1 17
1 16
2 16
2 15
1 15
2 15
3 15
4 15
4 16
4 17
5 17
4 17
5 17
4 17
4 18
4 17
4 18
5 18
4 18
5 18
6 18
6 19
7 19
7 18
7 17
7 16
8 16
8 15
9 15
8 15
9 15
10 15
10 14
11 14
12 14
11 14
11 15
10 15
10 16
10 15
10 16
10 17
9 17
8 17
8 18
8 19
8 20
7 20
7 19
6 19
5 19
5 20
6 20
7 20
7 19
7 18
7 19
8 19
9 19
9 20
10 20
9 20
9 21
10 21
10 20
9 20
10 20
11 20
11 19
11 20
12 20
12 21
12 22
12 23
11 23
12 23
12 22
11 22
12 22
13 22
13 21
14 21
14 20
14 21
15 21
15 20
14 20
15 20
14 20
13 20
14 20
14 21
13 21
13 22
14 22
14 21
14 20
14 21
15 21
16 21
16 22
17 22
18 22
18 21
17 21
17 22
18 22
18 21
19 21
19 22
18 22
18 21
19 21
19 22
19 21
19 20
20 20
21 20
20 20
20 19
19 19
18 19
18 20
18 21
18 22
19 22
19 21
20 21
21 21
21 22
22 22
23 22
23 21
23 20
23 19
23 20
22 20
23 20
23 21
24 21
25 21
25 22
25 23
25 24
25 23
24 23
23 23
23 24
22 24
22 23
22 24
22 23
21 23
21 22
21 23
21 22
21 23
21 24
20 24
19 24
20 24
20 25
20 26
21 26
20 26
20 27
21 27
21 26
22 26
22 25
21 25
20 25
21 25
21 26
20 26
21 26
20 26
19 26
20 26
20 25
20 24
20 25
20 26
19 26
18 26
19 26
19 25
18 25
18 26
17 26
17 25
18 25
19 25
18 25
18 24
18 25
19 25
18 25
18 26
19 26
19 27
19 26
20 26
21 26
22 26
23 26
22 26
22 27
22 26
22 25
22 24
22 23
21 23
21 22
20 22
19 22
19 21
20 21
20 20
21 20
21 21
22 21
22 20
22 19
22 20
22 21
23 21
23 22
22 22
22 23
23 23
22 23
22 22
23 22
23 21
23 20
23 21
23 22
24 22
25 22
26 22
27 22
27 21
27 22
28 22
29 22
30 22
30 21
30 22
29 22
30 22
30 23
30 24
29 24
28 24
28 25
28 26
29 26
30 26
31 26
32 26
32 25
32 26
32 25
32 24
31 24
31 25
31 26
32 26
32 27
33 27
33 28
33 27
33 26
33 25
34 25
35 25
35 24
36 24
35 24
34 24
33 24
33 25
32 25
31 25
30 25
29 25
29 24
29 23
30 23
29 23
29 24
29 25
28 25
28 24
29 24
30 24
30 25
29 25
30 25
30 26
31 26
30 26
30 27
30 28
29 28
28 28
28 27
27 27
27 26
27 25
27 26
27 25
28 25
29 25
29 24
28 24
27 24
28 24
27 24
26 24
26 25
26 24
26 23
27 23
28 23
27 23
28 23
28 24
28 23
27 23
27 22
28 22
28 23
29 23
29 24
28 24
28 25
27 25
28 25
29 25
29 26
29 27
30 27
29 27
29 28
29 29
28 29
29 29
30 29
29 29
30 29
30 28
31 28
30 28
30 27
31 27
31 26
32 26
31 26
32 26
31 26
31 25
31 26
30 26
31 26
31 25
30 25
30 26
29 26
28 26
29 26
28 26
27 26
28 26
27 26
27 27
27 26
27 25
26 25
26 24
27 24
27 23
27 24
26 24
26 23
26 24
25 24
26 24
26 23
27 23
26 23
26 22
26 21
27 21
26 21
27 21
28 21
27 21
27 22
27 21
27 22
28 22
28 21
28 20
27 20
27 21
27 20
28 20
28 21
27 21
26 21
26 22
27 22
27 21
27 22
27 21
27 22
27 23
26 23
27 23
27 22
28 22
27 22
28 22
27 22
27 21
26 21
26 22
26 23
25 23
25 24
25 23
26 23
25 23
26 23
26 24
25 24
24 24
23 24
23 23
23 24
23 23
23 24
23 25
23 26
23 27
23 26
24 26
23 26
24 26
23 26
24 26
25 26
25 25
25 26
25 27
25 26
26 26
26 25
26 26
26 25
26 24
26 23
25 23
25 24
26 24
26 25
26 26
25 26
25 27
26 27
26 28
26 29
27 29
27 28
27 27
28 27
27 27
28 27
28 26
28 25
28 24
29 24
29 23
29 24
29 23
30 23
31 23
31 22
30 22
30 23
29 23
30 23
31 23
31 24
31 25
32 25
31 25
32 25
33 25
32 25
33 25
34 25
34 24
34 25
34 24
34 25
33 25
33 24
33 25
33 26
33 25
32 25
32 24
33 24
33 25
32 25
32 26
31 26
31 27
31 28
31 27
32 27
33 27
33 26
32 26
32 27
33 27
34 27
34 26
33 26
34 26
33 26
33 25
32 25
32 26
32 27
31 27
31 28
32 28
32 27
