0 0
0 1
1 1
1 0
0 0
0 1
0 2
1 2
2 2
3 2
3 1
3 0
2 0
2 1
3 1
4 1
4 2
3 2
3 1
3 0
3 1
4 1
4 2
3 2
2 2
1 2
1 3
1 4
1 5
2 5
1 5
1 6
1 5
1 4
1 5
1 6
1 5
1 6
0 6
0 5
0 6
1 6
2 6
3 6
4 6
4 5
4 6
4 5
3 5
3 6
4 6
4 5
4 4
5 4
5 3
4 3
3 3
2 3
3 3
3 4
4 4
4 3
5 3
5 4
5 5
6 5
6 4
7 4
7 5
8 5
7 5
7 6
8 6
7 6
7 7
7 6
8 6
9 6
9 7
8 7
8 6
8 7
9 7
9 8
9 9
8 9
8 8
8 9
7 9
7 8
7 9
7 10
7 9
6 9
7 9
8 9
8 8
8 7
8 6
9 6
8 6
9 6
8 6
8 5
8 4
8 5
7 5
7 4
7 3
6 3
7 3
8 3
7 3
7 2
7 3
7 2
6 2
6 1
7 1
6 1
6 2
7 2
7 3
7 4
8 4
7 4
7 5
8 5
8 4
8 5
7 5
7 6
8 6
9 6
9 7
8 7
9 7
8 7
9 7
10 7
10 8
9 8
8 8
8 9
8 8
7 8
7 7
6 7
6 8
5 8
4 8
4 7
3 7
4 7
3 7
2 7
2 8
2 7
3 7
3 8
3 7
4 7
4 8
4 7
5 7
5 8
5 7
5 8
4 8
4 9
3 9
2 9
2 10
3 10
4 10
4 9
3 9
3 10
2 10
3 10
3 11
4 11
4 12
4 13
5 13
4 13
4 12
4 11
4 10
5 10
6 10
6 11
6 12
6 13
6 12
5 12
6 12
6 13
6 12
5 12
5 13
6 13
5 13
5 14
4 14
3 14
3 13
4 13
3 13
3 12
3 11
3 10
3 9
2 9
3 9
4 9
5 9
6 9
7 9
6 9
6 8
7 8
7 9
8 9
8 8
9 8
9 7
9 6
9 7
9 6
8 6
8 7
8 8
7 8
6 8
6 9
6 10
6 11
6 10
6 9
7 9
8 9
9 9
9 10
9 11
9 12
10 12
9 12
9 13
8 13
8 12
7 12
7 13
8 13
8 14
9 14
10 14
10 15
11 15
11 16
11 15
12 15
12 16
12 17
12 18
12 19
12 18
13 18
12 18
13 18
13 19
14 19
14 20
15 20
16 20
15 20
15 21
14 21
14 22
13 22
12 22
12 23
13 23
14 23
15 23
16 23
16 22
16 21
16 20
15 20
16 20
16 19
15 19
16 19
15 19
16 19
16 18
15 18
15 19
15 18
15 17
15 18
14 18
13 18
13 19
13 20
12 20
13 20
14 20
14 19
14 18
14 19
14 20
14 21
14 20
14 19
14 20
14 19
13 19
13 18
13 17
13 18
12 18
11 18
10 18
10 19
11 19
10 19
10 18
10 19
10 18
10 17
10 18
9 18
8 18
7 18
8 18
8 19
8 18
8 17
8 18
9 18
10 18
10 19
9 19
9 20
10 20
10 19
10 18
11 18
12 18
12 19
12 20
12 21
12 20
12 21
13 21
12 21
12 20
12 19
12 20
11 20
12 20
11 20
12 20
11 20
11 19
11 18
11 17
11 18
12 18
12 17
12 16
12 17
12 18
12 19
12 20
13 20
12 20
11 20
10 20
11 20
12 20
12 19
12 20
12 19
11 19
12 19
12 20
12 19
12 20
12 19
12 18
13 18
13 17
12 17
12 16
11 16
11 17
11 16
11 15
12 15
13 15
13 16
12 16
12 17
13 17
13 18
12 18
12 17
12 16
13 16
13 15
14 15
14 14
13 14
13 13
12 13
12 14
13 14
14 14
13 14
13 15
13 16
13 17
13 18
13 17
14 17
14 16
13 16
12 16
12 17
11 17
12 17
12 18
11 18
11 19
11 18
11 17
10 17
11 17
11 16
10 16
11 16
12 16
12 15
11 15
12 15
11 15
11 16
11 17
11 18
11 19
11 20
10 20
11 20
10 20
9 20
8 20
7 20
7 21
8 21
8 22
7 22
7 23
7 24
7 23
7 22
6 22
6 23
6 24
5 24
5 23
6 23
5 23
4 23
3 23
3 22
3 21
3 22
2 22
1 22
2 22
3 22
3 23
3 22
4 22
5 22
5 21
5 22
6 22
6 23
5 23
5 22
5 21
4 21
5 21
5 22
5 21
4 21
4 20
3 20
3 21
2 21
1 21
1 22
2 22
1 22
1 23
1 24
1 25
1 26
2 26
1 26
0 26
1 26
1 25
2 25
3 25
3 26
2 26
1 26
0 26
0 25
0 26
0 27
1 27
0 27
1 27
2 27
3 27
3 26
4 26
4 27
5 27
5 26
4 26
3 26
4 26
5 26
4 26
5 26
6 26
6 25
7 25
7 26
6 26
6 27
6 26
7 26
8 26
8 25
7 25
7 24
7 23
7 24
6 24
6 25
6 26
6 27
6 26
6 25
6 24
7 24
7 25
7 24
8 24
9 24
10 24
9 24
8 24
8 25
7 25
7 26
8 26
7 26
7 25
7 26
8 26
7 26
6 26
5 26
5 25
5 24
5 25
6 25
6 24
7 24
6 24
7 24
6 24
6 23
7 23
7 22
6 22
6 21
6 22
5 22
6 22
7 22
7 23
6 23
5 23
4 23
4 24
4 23
5 23
4 23
4 22
5 22
6 22
5 22
4 22
3 22
4 22
5 22
5 21
5 22
5 21
6 21
5 21
5 20
5 21
4 21
4 20
4 19
3 19
3 20
4 20
4 21
4 20
4 19
5 19
5 18
5 17
5 18
5 17
5 18
4 18
3 18
4 18
3 18
3 19
3 18
3 19
3 20
3 21
2 21
2 22
2 23
3 23
4 23
5 23
6 23
6 24
5 24
5 25
5 26
4 26
3 26
4 26
5 26
4 26
5 26
6 26
6 27
6 28
6 27
6 26
6 27
5 27
4 27
4 26
4 25
4 24
4 25
3 25
2 25
1 25
2 25
2 26
2 27
2 28
2 27
2 26
2 27
2 26
2 25
3 25
3 24
3 25
3 24
3 25
4 25
4 24
3 24
2 24
3 24
2 24
2 25
2 26
3 26
3 25
3 26
3 25
3 24
2 24
2 25
1 25
0 25
1 25
1 26
1 27
1 28
0 28
0 29
1 29
1 28
0 28
0 29
0 28
1 28
0 28
0 27
0 26
0 27
0 28
1 28
1 27
1 26
2 26
3 26
3 25
3 26
3 27
3 28
2 28
2 29
2 28
1 28
0 28
0 27
0 26
0 27
1 27
0 27
0 28
1 28
1 29
1 28
1 29
0 29
1 29
0 29
1 29
2 29
3 29
3 30
2 30
2 31
2 30
2 29
2 30
2 29
1 29
0 29
1 29
1 28
1 27
1 26
2 26
2 25
1 25
0 25
0 26
1 26
1 27
0 27
1 27
1 26
1 25
1 26
1 27
2 27
3 27
4 27
4 28
3 28
2 28
2 29
2 30
2 29
3 29
2 29
2 30
3 30
2 30
2 29
2 28
1 28
0 28
1 28
0 28
1 28
0 28
1 28
1 27
1 26
1 25
0 25
0 26
1 26
2 26
3 26
3 25
4 25
5 25
5 24
5 23
5 22
5 23
4 23
4 24
5 24
5 25
5 26
4 26
3 26
3 25
3 24
3 25
2 25
1 25
0 25
1 25
2 25
2 26
2 27
3 27
3 28
4 28
4 29
4 30
4 31
4 30
4 29
4 28
3 28
3 29
4 29
3 29
2 29
3 29
4 29
5 29
6 29
6 30
5 30
5 31
6 31
5 31
4 31
4 30
5 30
5 31
5 30
6 30
5 30
5 31
5 32
5 33
6 33
5 33
5 34
5 35
4 35
4 36
4 35
4 34
4 33
3 33
3 34
4 34
3 34
3 33
3 34
3 35
3 36
4 36
4 37
5 37
5 36
4 36
3 36
2 36
2 35
1 35
1 36
1 35
1 34
1 35
0 35
1 35
0 35
1 35
0 35
1 35
1 36
1 35
2 35
1 35
2 35
2 36
2 37
1 37
1 38
1 39
0 39
1 39
2 39
1 39
1 40
2 40
1 40
0 40
0 41
0 40
1 40
1 41
1 40
1 41
1 42
2 42
3 42
4 42
4 41
4 40
5 40
5 41
5 40
4 40
4 39
3 39
3 40
3 41
3 40
4 40
3 40
3 39
2 39
3 39
2 39
2 40
1 40
0 40
1 40
1 41
1 42
2 42
2 41
2 40
1 40
1 39
2 39
2 40
2 39
2 38
2 37
1 37
0 37
1 37
0 37
1 37
1 38
1 39
1 40
0 40
1 40
1 39
2 39
1 39
2 39
1 39
1 38
2 38
2 39
3 39
3 38
3 37
2 37
2 36
2 35
3 35
3 36
3 37
2 37
2 38
1 38
1 39
2 39
