0 0
0 1
1 1
0 1
1 1
1 0
0 0
1 0
1 1
0 1
0 0
1 0
2 0
2 1
2 0
2 1
2 2
2 3
1 3
2 3
1 3
1 2
1 3
1 2
0 2
1 2
2 2
2 3
2 4
2 5
1 5
1 4
1 5
1 4
0 4
0 5
1 5
1 6
1 7
1 8
2 8
1 8
1 9
1 10
2 10
2 11
2 12
2 13
3 13
2 13
3 13
2 13
3 13
3 12
2 12
2 11
2 10
2 11
1 11
1 12
0 12
1 12
1 11
2 11
3 11
3 10
4 10
5 10
6 10
6 9
6 10
6 11
5 11
5 12
4 12
5 12
6 12
5 12
6 12
7 12
6 12
6 13
5 13
4 13
3 13
3 12
4 12
4 13
4 14
4 13
5 13
5 14
6 14
7 14
7 13
8 13
8 12
9 12
10 12
9 12
8 12
8 13
9 13
9 14
9 13
9 14
9 13
9 14
10 14
11 14
11 13
10 13
10 12
10 13
10 12
10 11
9 11
9 12
9 13
10 13
9 13
8 13
9 13
9 14
8 14
7 14
7 15
7 16
7 17
8 17
8 16
9 16
9 17
9 18
9 17
10 17
10 18
11 18
11 19
11 18
10 18
10 19
9 19
9 20
10 20
10 21
10 20
9 20
10 20
10 21
9 21
8 21
8 20
8 19
8 20
9 20
10 20
9 20
9 19
10 19
9 19
9 20
9 19
9 18
9 17
10 17
11 17
11 18
10 18
11 18
11 19
11 20
11 21
12 21
11 21
11 20
11 21
12 21
12 20
11 20
10 20
9 20
9 21
8 21
9 21
8 21
8 22
8 21
7 21
6 21
5 21
6 21
6 22
5 22
5 23
5 24
4 24
3 24
2 24
2 25
3 25
2 25
2 24
1 24
0 24
0 23
0 22
0 23
0 24
1 24
1 25
1 26
2 26
3 26
2 26
2 27
1 27
1 26
1 25
0 25
1 25
1 26
0 26
1 26
2 26
2 27
2 26
1 26
1 27
1 28
1 27
1 26
2 26
2 25
1 25
2 25
2 24
2 25
2 26
3 26
2 26
2 27
2 26
3 26
2 26
3 26
2 26
2 25
3 25
3 26
3 25
2 25
1 25
2 25
1 25
0 25
1 25
0 25
0 26
0 27
0 28
0 27
1 27
2 27
2 26
2 27
3 27
3 26
4 26
3 26
2 26
2 27
1 27
1 26
2 26
3 26
4 26
3 26
3 25
3 26
4 26
5 26
5 27
4 27
4 28
4 29
4 28
5 28
4 28
4 27
3 27
4 27
5 27
5 26
5 27
5 28
5 29
6 29
7 29
8 29
8 28
9 28
9 27
8 27
8 28
7 28
7 29
8 29
7 29
7 28
7 27
6 27
6 26
6 25
7 25
7 26
7 25
7 26
6 26
6 27
6 26
5 26
5 27
5 26
5 27
5 28
5 27
4 27
5 27
4 27
4 28
5 28
4 28
4 29
4 28
3 28
4 28
5 28
5 29
4 29
4 28
4 29
3 29
3 28
4 28
3 28
3 29
2 29
2 30
3 30
2 30
2 29
1 29
0 29
1 29
1 30
1 31
1 32
2 32
2 31
3 31
3 32
3 31
3 32
2 32
1 32
1 31
1 30
0 30
0 31
0 32
0 33
1 33
1 34
1 35
1 36
1 35
2 35
2 34
1 34
1 35
0 35
0 36
0 37
0 36
0 37
0 36
1 36
0 36
1 36
1 37
0 37
1 37
1 36
0 36
1 36
1 35
0 35
1 35
1 34
0 34
0 35
0 36
0 35
1 35
0 35
0 34
0 35
1 35
0 35
0 36
0 37
1 37
0 37
1 37
1 36
2 36
1 36
1 37
2 37
2 36
3 36
3 37
2 37
1 37
1 36
1 35
1 34
0 34
0 35
1 35
2 35
2 36
2 35
2 34
2 35
1 35
1 36
1 35
1 34
1 33
1 32
0 32
1 32
1 33
0 33
1 33
2 33
2 32
3 32
2 32
2 33
2 32
2 31
2 30
2 29
2 28
2 27
1 27
2 27
2 26
1 26
2 26
1 26
2 26
2 25
1 25
1 26
1 27
0 27
0 26
1 26
1 25
1 24
2 24
3 24
3 23
4 23
4 22
4 21
4 20
3 20
4 20
4 19
4 20
3 20
2 20
2 19
3 19
4 19
4 20
5 20
4 20
4 21
5 21
6 21
6 20
6 19
6 18
7 18
7 17
6 17
6 18
5 18
6 18
6 19
6 20
6 21
6 20
7 20
8 20
9 20
9 19
9 20
10 20
9 20
10 20
10 21
11 21
10 21
11 21
11 22
11 23
12 23
11 23
11 24
12 24
12 23
13 23
14 23
14 24
13 24
13 25
13 26
14 26
14 27
14 28
15 28
16 28
15 28
15 29
14 29
15 29
14 29
14 28
13 28
14 28
15 28
16 28
17 28
18 28
18 27
18 28
17 28
18 28
19 28
19 29
18 29
18 30
17 30
17 29
17 28
17 27
18 27
19 27
18 27
18 26
17 26
16 26
16 25
16 26
16 25
16 26
15 26
14 26
14 25
14 26
14 27
13 27
12 27
13 27
13 28
14 28
14 29
13 29
14 29
15 29
14 29
13 29
13 28
14 28
15 28
15 27
15 26
14 26
14 25
14 24
14 23
14 22
15 22
14 22
13 22
13 23
13 24
13 25
14 25
15 25
14 25
15 25
15 24
16 24
16 23
15 23
15 24
15 25
15 24
14 24
15 24
16 24
16 25
15 25
15 26
15 27
16 27
16 28
15 28
16 28
15 28
15 27
15 28
14 28
14 29
13 29
13 28
13 27
13 28
13 27
13 28
12 28
12 29
12 30
13 30
13 31
13 32
13 31
14 31
13 31
13 32
13 31
14 31
15 31
15 32
14 32
14 33
14 34
15 34
15 33
14 33
15 33
16 33
16 34
17 34
18 34
18 35
19 35
18 35
18 36
18 37
19 37
20 37
19 37
18 37
18 38
18 39
19 39
19 40
19 41
19 42
19 43
20 43
21 43
21 42
21 41
21 42
21 41
22 41
22 40
22 41
23 41
22 41
23 41
23 42
22 42
21 42
21 41
22 41
22 40
21 40
21 39
22 39
22 40
21 40
21 41
20 41
20 40
20 41
20 40
20 39
20 40
19 40
19 39
19 38
20 38
21 38
21 39
22 39
23 39
24 39
23 39
23 40
22 40
22 39
22 40
22 39
22 38
21 38
22 38
23 38
24 38
24 39
25 39
25 38
24 38
23 38
22 38
23 38
22 38
22 39
22 40
22 39
22 38
21 38
21 39
21 38
21 39
22 39
22 38
22 39
22 38
21 38
21 37
21 36
22 36
22 37
23 37
23 36
24 36
25 36
25 35
25 36
25 37
24 37
24 36
23 36
24 36
24 35
24 36
23 36
23 35
23 36
23 37
22 37
23 37
23 38
24 38
25 38
25 37
24 37
23 37
23 36
22 36
22 35
22 36
21 36
22 36
22 37
22 38
22 37
23 37
22 37
21 37
20 37
19 37
20 37
19 37
19 36
20 36
21 36
21 35
20 35
19 35
18 35
19 35
19 36
20 36
19 36
18 36
17 36
16 36
16 35
17 35
17 36
17 35
17 36
16 36
16 37
16 36
15 36
16 36
16 35
15 35
14 35
13 35
12 35
11 35
11 34
12 34
12 35
11 35
11 34
10 34
11 34
11 35
10 35
11 35
10 35
10 36
10 35
10 36
11 36
11 37
12 37
12 36
13 36
14 36
14 37
14 36
14 35
15 35
15 36
15 35
14 35
15 35
15 36
15 35
14 35
14 36
14 35
14 34
15 34
15 35
15 36
15 37
15 38
15 37
15 36
15 35
15 34
16 34
15 34
16 34
15 34
15 35
15 34
15 35
15 34
16 34
17 34
16 34
16 33
16 32
15 32
15 33
14 33
14 34
15 34
15 33
16 33
15 33
15 32
15 31
16 31
15 31
15 32
15 31
14 31
14 32
13 32
13 33
14 33
13 33
12 33
11 33
10 33
10 32
9 32
8 32
7 32
8 32
8 33
7 33
6 33
5 33
5 32
5 31
5 32
5 31
5 32
5 33
6 33
5 33
4 33
5 33
6 33
6 32
6 33
7 33
7 34
7 33
6 33
5 33
5 32
4 32
5 32
6 32
7 32
6 32
5 32
6 32
6 33
7 33
6 33
5 33
4 33
4 34
3 34
3 33
4 33
3 33
3 34
3 35
2 35
3 35
4 35
4 34
3 34
3 35
3 34
4 34
5 34
6 34
6 33
7 33
7 32
7 33
7 34
7 33
8 33
8 32
8 31
8 32
7 32
6 32
7 32
7 31
7 30
7 29
8 29
7 29
8 29
8 30
9 30
9 29
9 30
8 30
9 30
8 30
8 29
7 29
7 28
8 28
7 28
7 29
7 30
7 31
6 31
6 30
5 30
6 30
7 30
