0 0
0 1
1 1
2 1
2 0
1 0
2 0
3 0
3 1
3 2
3 3
3 2
3 1
2 1
3 1
2 1
2 0
2 1
2 2
1 2
1 1
2 1
2 2
1 2
1 3
0 3
0 4
1 4
2 4
1 4
1 3
1 2
2 2
2 1
2 2
3 2
2 2
2 1
2 0
1 0
1 1
1 0
2 0
3 0
4 0
5 0
5 1
4 1
5 1
5 0
4 0
5 0
6 0
6 1
7 1
7 2
8 2
8 3
7 3
8 3
8 2
7 2
6 2
7 2
7 3
8 3
8 2
9 2
9 3
8 3
8 4
7 4
8 4
9 4
8 4
8 5
8 4
9 4
10 4
10 3
10 2
10 1
10 2
9 2
8 2
8 3
9 3
9 4
10 4
10 5
9 5
9 4
9 5
9 6
9 5
8 5
7 5
7 4
7 5
8 5
9 5
9 4
9 5
9 6
9 5
9 4
9 3
9 4
9 5
8 5
8 4
8 5
8 4
9 4
9 3
9 4
9 5
9 4
8 4
7 4
6 4
6 5
6 6
6 5
7 5
7 6
7 5
6 5
7 5
7 6
6 6
7 6
7 5
8 5
7 5
6 5
5 5
4 5
3 5
3 4
2 4
1 4
0 4
1 4
1 3
2 3
3 3
4 3
3 3
4 3
3 3
3 2
3 3
3 4
2 4
3 4
3 3
4 3
3 3
3 4
4 4
3 4
3 3
3 2
3 1
4 1
4 2
3 2
3 3
2 3
2 2
1 2
0 2
1 2
2 2
3 2
4 2
4 1
4 2
3 2
4 2
4 1
4 2
4 3
3 3
3 4
4 4
5 4
4 4
3 4
2 4
2 3
3 3
3 2
4 2
4 1
4 0
3 0
4 0
4 1
3 1
2 1
2 0
2 1
1 1
1 2
1 1
2 1
3 1
4 1
3 1
3 0
3 1
3 2
3 3
4 3
3 3
3 2
2 2
2 1
2 2
2 1
3 1
2 1
3 1
4 1
4 2
4 1
4 2
3 2
2 2
3 2
3 3
2 3
2 2
3 2
3 3
3 4
4 4
5 4
5 3
6 3
6 2
6 3
5 3
5 4
5 3
5 4
4 4
3 4
2 4
2 3
2 4
2 3
3 3
3 4
3 5
2 5
1 5
1 4
0 4
1 4
0 4
0 5
0 6
0 7
1 7
0 7
0 6
1 6
2 6
2 5
2 6
3 6
4 6
4 7
4 8
3 8
3 7
3 8
3 9
3 10
4 10
4 11
4 10
4 11
5 11
4 11
4 12
5 12
5 13
5 14
5 15
5 16
6 16
5 16
6 16
7 16
7 17
8 17
8 16
9 16
9 15
9 14
9 13
8 13
9 13
9 14
8 14
9 14
9 13
9 14
8 14
8 15
7 15
8 15
8 16
8 17
8 18
8 19
8 20
8 19
7 19
6 19
5 19
4 19
5 19
4 19
3 19
4 19
4 20
5 20
5 19
5 18
5 17
6 17
5 17
5 18
5 17
4 17
3 17
3 18
2 18
1 18
0 18
1 18
1 17
1 16
1 17
1 16
1 17
2 17
2 18
2 17
3 17
3 18
4 18
4 17
4 18
4 19
5 19
5 20
4 20
4 19
3 19
3 20
4 20
5 20
4 20
4 19
3 19
4 19
4 20
3 20
2 20
2 21
1 21
1 22
0 22
1 22
0 22
0 23
1 23
1 22
1 21
1 20
0 20
1 20
2 20
3 20
3 21
4 21
4 22
4 21
4 20
5 20
6 20
5 20
5 21
6 21
6 22
6 21
6 20
5 20
6 20
6 19
6 20
6 19
5 19
4 19
5 19
4 19
5 19
4 19
4 20
4 21
3 21
3 22
4 22
5 22
6 22
5 22
4 22
5 22
4 22
3 22
3 23
2 23
2 24
1 24
2 24
2 25
3 25
2 25
2 24
1 24
1 23
0 23
1 23
2 23
3 23
3 24
3 25
3 26
2 26
2 25
1 25
1 26
1 27
1 26
2 26
2 27
2 28
3 28
4 28
3 28
2 28
2 29
1 29
2 29
2 28
2 29
2 30
1 30
2 30
2 31
3 31
2 31
2 32
3 32
2 32
1 32
1 33
2 33
1 33
1 34
1 35
0 35
0 36
1 36
1 35
1 34
1 35
0 35
0 36
1 36
0 36
1 36
1 35
2 35
2 36
3 36
3 37
3 36
3 37
2 37
2 36
2 37
1 37
1 38
0 38
0 37
1 37
0 37
0 36
1 36
0 36
1 36
1 35
1 34
0 34
1 34
2 34
2 35
2 36
3 36
4 36
4 37
4 38
4 39
3 39
3 38
4 38
3 38
3 37
4 37
5 37
6 37
5 37
5 36
5 37
6 37
7 37
7 38
8 38
9 38
9 37
10 37
11 37
10 37
10 36
10 37
9 37
10 37
9 37
9 38
9 37
10 37
9 37
9 38
9 39
8 39
8 38
7 38
7 37
7 38
7 39
7 40
7 41
8 41
7 41
8 41
8 40
7 40
8 40
9 40
10 40
10 41
11 41
10 41
10 42
10 43
10 42
11 42
11 43
12 43
12 44
13 44
13 45
13 46
13 45
13 44
14 44
14 43
15 43
16 43
15 43
15 44
15 45
14 45
14 44
13 44
12 44
13 44
12 44
13 44
13 45
12 45
12 46
11 46
11 45
11 46
11 47
11 46
12 46
11 46
11 47
12 47
12 46
13 46
13 45
12 45
12 44
12 43
12 42
12 43
12 44
12 43
13 43
14 43
15 43
16 43
15 43
14 43
13 43
12 43
12 44
11 44
11 45
12 45
12 46
13 46
13 45
13 46
13 47
12 47
12 46
12 47
12 48
11 48
11 49
10 49
11 49
12 49
11 49
11 50
12 50
12 49
12 50
12 49
12 48
11 48
11 49
11 48
10 48
9 48
8 48
7 48
7 47
6 47
7 47
8 47
8 46
9 46
9 47
9 46
8 46
8 45
8 44
8 45
7 45
6 45
6 46
6 47
7 47
8 47
8 46
9 46
8 46
8 47
7 47
7 48
7 49
6 49
5 49
5 48
5 47
4 47
4 48
4 47
4 48
5 48
6 48
7 48
7 47
7 46
7 45
8 45
8 46
7 46
7 47
6 47
7 47
7 48
6 48
7 48
6 48
7 48
6 48
6 49
6 50
7 50
6 50
5 50
6 50
7 50
7 49
6 49
6 50
6 49
6 48
6 49
5 49
5 50
5 51
5 52
6 52
5 52
4 52
4 51
4 52
4 51
4 50
4 51
4 50
3 50
3 51
3 52
4 52
3 52
2 52
2 51
1 51
1 50
1 49
1 50
0 50
1 50
1 51
0 51
1 51
1 52
2 52
2 51
3 51
3 52
3 53
2 53
2 54
1 54
1 53
0 53
0 54
0 53
1 53
2 53
2 54
1 54
1 55
2 55
1 55
2 55
2 56
2 57
1 57
1 58
2 58
2 57
2 56
1 56
2 56
2 55
2 54
3 54
3 53
2 53
2 52
2 51
2 50
2 51
1 51
0 51
0 50
1 50
1 51
0 51
1 51
2 51
3 51
3 50
3 51
2 51
2 50
3 50
2 50
2 51
3 51
4 51
4 52
3 52
3 51
4 51
4 52
4 53
4 54
4 53
3 53
4 53
3 53
3 52
2 52
3 52
3 51
3 52
3 51
4 51
4 52
4 53
5 53
6 53
6 52
6 51
6 52
5 52
6 52
5 52
5 53
6 53
7 53
7 54
8 54
7 54
7 53
7 54
8 54
7 54
7 55
7 56
7 57
8 57
8 58
8 57
9 57
9 58
9 57
8 57
8 58
8 59
7 59
7 60
8 60
7 60
7 59
7 60
7 61
6 61
6 60
6 61
6 60
7 60
6 60
7 60
7 61
7 62
6 62
6 63
7 63
6 63
6 64
6 65
6 64
6 63
7 63
7 62
6 62
6 61
5 61
5 60
6 60
7 60
7 59
7 60
7 59
6 59
6 60
7 60
7 59
6 59
6 60
7 60
7 59
6 59
6 60
6 59
6 60
5 60
5 61
6 61
7 61
6 61
7 61
6 61
5 61
5 60
6 60
5 60
4 60
5 60
5 59
6 59
5 59
5 58
4 58
3 58
3 57
4 57
4 56
5 56
4 56
5 56
5 55
5 56
5 55
5 56
5 57
6 57
6 56
6 55
6 56
6 57
7 57
7 58
8 58
8 59
7 59
8 59
8 58
9 58
9 59
9 58
10 58
11 58
11 57
11 56
12 56
12 57
11 57
10 57
10 58
11 58
10 58
10 57
9 57
10 57
11 57
10 57
11 57
10 57
11 57
10 57
11 57
10 57
10 58
9 58
8 58
8 57
8 58
9 58
9 59
9 60
10 60
10 59
10 60
9 60
8 60
7 60
6 60
5 60
5 61
5 62
6 62
6 63
7 63
7 64
7 65
7 64
7 65
6 65
6 66
7 66
