0 0
0 1
0 2
0 1
1 1
2 1
1 1
0 1
0 0
0 1
1 1
1 2
2 2
2 1
2 0
2 1
3 1
3 0
2 0
2 1
2 2
1 2
2 2
2 1
2 0
3 0
3 1
3 2
2 2
3 2
3 1
4 1
4 0
3 0
3 1
3 0
3 1
3 0
3 1
3 2
3 3
4 3
3 3
3 4
2 4
2 5
2 4
2 3
3 3
3 2
3 1
3 0
3 1
3 0
4 0
3 0
2 0
2 1
3 1
4 1
4 0
5 0
5 1
4 1
4 0
4 1
4 2
3 2
2 2
1 2
0 2
1 2
1 1
2 1
1 1
2 1
2 0
2 1
2 2
3 2
3 3
2 3
2 4
2 3
1 3
1 4
2 4
2 3
2 4
2 3
2 2
2 3
2 2
2 1
1 1
0 1
1 1
2 1
2 2
3 2
3 3
3 4
4 4
5 4
5 3
6 3
6 4
7 4
6 4
7 4
6 4
7 4
6 4
6 3
6 2
5 2
4 2
3 2
2 2
2 1
2 2
3 2
2 2
3 2
2 2
2 3
3 3
2 3
2 4
1 4
1 5
2 5
3 5
3 6
3 7
2 7
3 7
4 7
4 8
5 8
5 9
5 8
5 9
6 9
6 8
6 9
7 9
8 9
8 8
9 8
10 8
10 7
11 7
12 7
13 7
13 8
14 8
13 8
14 8
14 7
14 8
14 9
13 9
14 9
14 10
14 11
14 12
15 12
14 12
14 11
13 11
13 12
13 11
13 10
13 11
13 10
13 9
12 9
11 9
11 8
12 8
13 8
12 8
12 9
12 10
13 10
13 11
13 10
12 10
13 10
14 10
15 10
15 9
15 8
15 9
15 8
16 8
17 8
17 7
18 7
18 6
19 6
19 7
18 7
19 7
20 7
20 8
20 7
19 7
19 6
18 6
18 7
18 8
18 7
18 6
18 5
18 4
19 4
18 4
18 3
18 2
17 2
17 1
18 1
18 2
17 2
18 2
18 1
18 0
17 0
16 0
17 0
16 0
15 0
16 0
17 0
18 0
18 1
18 0
17 0
17 1
16 1
16 2
17 2
17 3
18 3
18 4
18 3
18 4
17 4
18 4
17 4
18 4
18 5
19 5
18 5
19 5
18 5
19 5
18 5
18 4
18 5
17 5
16 5
16 4
16 5
16 6
16 5
16 6
15 6
14 6
15 6
15 7
15 8
15 7
15 8
16 8
15 8
14 8
14 7
15 7
15 6
14 6
13 6
13 7
14 7
14 6
14 7
13 7
13 6
13 7
14 7
13 7
13 6
13 7
13 8
12 8
13 8
14 8
14 7
14 8
13 8
13 7
12 7
12 8
13 8
14 8
13 8
13 7
14 7
14 6
15 6
16 6
17 6
17 7
18 7
18 6
18 7
19 7
20 7
21 7
22 7
21 7
22 7
21 7
20 7
19 7
20 7
20 6
20 5
20 4
21 4
22 4
22 5
22 6
22 5
23 5
22 5
22 4
22 3
21 3
20 3
20 2
21 2
22 2
22 1
22 2
21 2
21 3
21 4
22 4
22 3
22 2
23 2
22 2
23 2
23 1
22 1
23 1
22 1
22 0
22 1
21 1
22 1
22 0
22 1
22 0
22 1
22 2
21 2
22 2
21 2
21 3
21 4
22 4
23 4
22 4
23 4
22 4
21 4
20 4
19 4
19 3
19 2
19 1
20 1
20 2
21 2
21 3
20 3
19 3
19 2
19 3
19 4
19 3
18 3
19 3
19 2
18 2
18 3
18 4
18 5
18 6
18 5
18 6
17 6
18 6
19 6
18 6
18 7
18 6
17 6
18 6
19 6
18 6
17 6
18 6
18 7
17 7
16 7
16 6
16 5
16 6
16 5
16 6
15 6
14 6
13 6
13 7
13 6
12 6
12 7
11 7
12 7
13 7
14 7
13 7
13 6
14 6
13 6
13 5
13 4
14 4
14 3
14 4
14 5
13 5
13 4
13 3
12 3
11 3
11 4
11 5
11 4
11 5
10 5
11 5
11 6
12 6
12 7
12 8
11 8
11 9
11 10
11 9
11 10
12 10
11 10
12 10
12 11
11 11
11 12
12 12
11 12
11 13
10 13
10 12
11 12
11 13
11 14
12 14
12 15
12 16
11 16
11 15
11 16
12 16
13 16
12 16
11 16
11 15
11 14
12 14
13 14
13 13
12 13
13 13
13 12
13 13
14 13
14 12
14 11
15 11
16 11
16 12
15 12
15 11
15 10
14 10
14 11
13 11
13 12
14 12
13 12
12 12
13 12
14 12
14 11
14 10
13 10
14 10
15 10
14 10
14 9
13 9
13 10
14 10
14 11
13 11
13 12
13 13
13 12
12 12
13 12
13 13
12 13
13 13
12 13
12 14
12 15
12 16
13 16
13 17
13 18
13 17
13 16
12 16
12 15
12 16
11 16
10 16
11 16
11 17
11 18
12 18
12 19
12 18
12 17
11 17
12 17
13 17
12 17
12 18
13 18
13 19
14 19
14 18
14 17
13 17
13 18
12 18
11 18
11 19
12 19
12 18
11 18
11 19
10 19
11 19
11 18
10 18
11 18
11 19
11 18
12 18
11 18
10 18
11 18
11 17
11 16
11 17
11 18
10 18
10 17
10 18
9 18
10 18
11 18
11 17
12 17
13 17
14 17
13 17
13 18
13 19
13 20
14 20
14 19
14 18
15 18
15 19
15 20
15 19
15 18
15 19
16 19
16 20
16 19
16 18
16 19
17 19
18 19
17 19
16 19
16 18
15 18
15 17
15 18
14 18
13 18
14 18
14 19
15 19
16 19
15 19
16 19
16 20
17 20
16 20
15 20
15 21
16 21
15 21
15 20
16 20
16 19
17 19
16 19
16 20
17 20
16 20
15 20
15 21
15 22
16 22
16 21
16 22
15 22
16 22
17 22
16 22
16 21
16 20
16 21
16 22
16 23
16 24
15 24
16 24
16 25
16 26
17 26
17 27
17 26
17 27
16 27
16 26
16 27
16 28
16 29
15 29
14 29
14 28
14 29
13 29
13 28
13 29
13 28
12 28
12 27
12 28
12 29
12 30
12 31
12 32
12 33
13 33
13 34
13 33
12 33
11 33
11 34
11 33
12 33
12 32
12 33
12 32
12 33
11 33
11 34
11 35
11 36
11 35
11 34
12 34
11 34
11 35
12 35
11 35
11 36
11 37
12 37
12 38
13 38
14 38
14 39
13 39
13 40
13 39
14 39
13 39
14 39
13 39
14 39
15 39
16 39
16 38
17 38
16 38
15 38
15 39
16 39
16 40
15 40
14 40
13 40
13 41
14 41
14 42
14 41
15 41
15 40
15 39
15 40
14 40
14 41
14 42
14 41
15 41
16 41
16 42
16 43
16 42
17 42
16 42
16 43
16 44
16 45
16 44
16 45
16 44
17 44
17 45
17 44
17 43
17 42
18 42
19 42
20 42
20 41
19 41
19 40
19 41
18 41
19 41
18 41
17 41
18 41
18 40
19 40
20 40
19 40
19 41
19 42
19 41
19 40
18 40
18 41
17 41
17 42
17 41
17 42
17 43
16 43
16 42
16 41
16 42
16 41
17 41
17 40
18 40
19 40
18 40
18 39
18 38
18 39
18 38
18 37
18 36
18 37
19 37
18 37
18 38
17 38
16 38
16 37
16 38
17 38
18 38
19 38
19 39
20 39
19 39
19 38
19 37
20 37
19 37
19 38
19 37
19 36
20 36
20 37
20 38
21 38
21 37
21 38
21 37
21 38
21 37
22 37
21 37
20 37
19 37
18 37
18 36
18 35
17 35
18 35
18 34
18 35
18 34
18 35
19 35
18 35
19 35
20 35
20 34
20 33
20 34
21 34
20 34
19 34
19 33
19 34
19 33
18 33
17 33
17 32
16 32
15 32
15 31
14 31
14 30
14 29
14 28
14 29
13 29
13 30
14 30
13 30
12 30
12 31
11 31
11 32
10 32
9 32
9 31
9 32
9 33
10 33
11 33
10 33
11 33
10 33
10 32
10 31
10 32
11 32
11 31
12 31
12 30
12 31
11 31
10 31
9 31
9 32
9 31
9 30
9 29
9 30
9 29
9 30
9 31
10 31
10 30
11 30
11 31
11 32
11 33
10 33
10 32
9 32
9 33
9 32
10 32
10 31
11 31
11 30
12 30
12 31
13 31
14 31
14 32
15 32
16 32
16 33
17 33
16 33
17 33
17 32
18 32
18 33
19 33
19 32
19 33
19 32
18 32
18 33
18 32
17 32
18 32
18 33
17 33
16 33
16 32
17 32
17 31
18 31
18 30
18 31
19 31
18 31
19 31
20 31
20 32
19 32
19 33
19 34
19 33
18 33
17 33
17 32
18 32
19 32
19 31
19 30
19 31
19 32
19 31
18 31
19 31
19 30
18 30
18 29
17 29
17 28
17 27
17 26
17 27
18 27
