0 0
0 1
1 1
1 0
1 1
2 1
1 1
1 0
2 0
3 0
3 1
3 0
4 0
4 1
5 1
4 1
4 0
4 1
3 1
3 0
3 1
3 0
4 0
3 0
3 1
2 1
1 1
0 1
1 1
0 1
1 1
1 2
1 3
2 3
2 4
3 4
3 3
3 4
3 3
4 3
5 3
6 3
7 3
8 3
9 3
10 3
10 4
9 4
8 4
9 4
8 4
9 4
9 3
9 4
10 4
11 4
10 4
10 5
10 6
10 7
9 7
9 8
9 7
8 7
7 7
6 7
6 6
7 6
7 5
6 5
6 6
5 6
5 7
6 7
7 7
7 6
6 6
6 7
5 7
5 8
5 7
6 7
5 7
4 7
3 7
3 6
4 6
4 5
4 4
3 4
4 4
4 5
5 5
5 6
6 6
6 5
5 5
5 4
5 5
6 5
6 6
5 6
4 6
3 6
2 6
2 7
2 8
1 8
1 7
1 6
2 6
2 5
3 5
2 5
2 6
3 6
3 7
2 7
3 7
3 8
3 7
3 6
3 7
2 7
1 7
2 7
2 8
2 9
3 9
3 10
3 11
3 10
4 10
4 9
5 9
5 8
4 8
4 7
5 7
5 6
6 6
6 7
7 7
6 7
6 8
5 8
4 8
4 9
4 8
3 8
3 9
4 9
4 8
4 9
4 8
3 8
3 7
2 7
1 7
1 6
0 6
1 6
2 6
1 6
2 6
3 6
2 6
2 7
3 7
2 7
1 7
1 6
1 7
1 8
0 8
0 9
0 8
1 8
2 8
2 7
1 7
2 7
1 7
0 7
0 6
0 7
0 8
0 7
1 7
2 7
1 7
1 8
1 9
1 10
1 9
1 8
1 9
1 10
0 10
1 10
0 10
0 11
1 11
1 12
0 12
1 12
2 12
2 13
2 14
2 13
2 12
2 13
3 13
2 13
3 13
2 13
1 13
1 14
2 14
1 14
1 15
0 15
0 14
0 15
1 15
1 14
1 15
0 15
1 15
1 16
1 17
2 17
2 16
2 15
2 14
1 14
0 14
1 14
1 13
1 14
2 14
2 13
2 14
2 15
1 15
2 15
3 15
2 15
1 15
0 15
0 16
1 16
1 15
1 14
1 15
0 15
0 14
1 14
1 13
0 13
1 13
1 14
1 15
1 16
1 15
1 14
1 15
1 14
2 14
2 15
3 15
3 16
2 16
1 16
0 16
1 16
1 17
1 18
2 18
1 18
1 17
2 17
3 17
3 16
3 17
3 18
3 17
3 18
3 19
2 19
2 20
2 19
2 20
2 19
1 19
0 19
1 19
1 18
1 19
1 18
1 19
2 19
3 19
3 20
3 19
2 19
2 20
3 20
3 19
3 18
3 17
3 18
2 18
2 17
3 17
2 17
2 16
1 16
0 16
1 16
1 17
1 16
2 16
2 15
1 15
1 16
1 15
1 16
0 16
0 15
1 15
1 16
0 16
1 16
2 16
2 17
2 18
2 19
2 18
2 17
3 17
3 18
2 18
3 18
3 19
2 19
2 20
2 21
2 20
2 19
2 18
2 17
2 18
2 17
2 18
2 19
2 18
2 19
3 19
2 19
1 19
1 20
1 19
1 20
0 20
1 20
1 19
2 19
2 18
1 18
2 18
1 18
2 18
3 18
3 19
4 19
3 19
4 19
4 20
4 19
4 18
4 19
3 19
2 19
1 19
1 20
1 19
1 20
1 21
0 21
1 21
1 20
0 20
0 19
0 18
1 18
1 19
1 18
2 18
2 17
2 16
2 15
3 15
2 15
1 15
1 16
1 17
1 18
1 17
1 18
1 17
1 18
2 18
3 18
2 18
2 19
1 19
2 19
2 18
2 19
3 19
3 18
2 18
2 19
2 20
2 21
2 22
2 23
3 23
3 22
4 22
4 23
4 24
4 25
3 25
2 25
2 26
2 27
3 27
4 27
4 28
5 28
5 27
5 26
4 26
4 27
4 26
3 26
4 26
3 26
2 26
2 27
2 28
1 28
2 28
3 28
3 27
2 27
2 28
1 28
1 29
1 28
1 27
1 26
1 27
1 28
1 29
1 30
0 30
0 29
1 29
1 28
1 27
0 27
0 28
1 28
2 28
2 29
3 29
4 29
4 30
4 29
3 29
3 30
3 29
3 30
4 30
4 29
4 28
4 29
4 30
4 31
5 31
5 30
5 31
6 31
5 31
6 31
6 30
7 30
8 30
8 31
7 31
7 32
8 32
7 32
7 31
7 30
7 29
7 30
7 29
6 29
7 29
7 30
6 30
5 30
5 29
5 30
4 30
4 31
5 31
6 31
5 31
4 31
5 31
6 31
6 32
5 32
5 33
6 33
5 33
6 33
6 34
7 34
8 34
8 33
9 33
10 33
10 32
10 31
10 32
10 33
10 34
11 34
11 33
12 33
11 33
11 34
10 34
10 33
10 34
10 33
10 34
9 34
8 34
8 35
8 36
8 37
7 37
7 36
7 35
7 34
8 34
8 33
8 34
8 33
8 34
8 33
8 34
9 34
10 34
11 34
10 34
11 34
11 35
11 36
11 37
11 36
12 36
12 37
12 38
12 37
13 37
13 36
12 36
11 36
11 37
11 38
11 37
11 36
10 36
11 36
11 35
11 36
11 37
12 37
11 37
11 38
12 38
11 38
11 39
10 39
10 40
10 41
11 41
12 41
13 41
13 40
13 39
12 39
13 39
13 40
13 41
13 42
14 42
14 41
14 42
15 42
14 42
14 43
15 43
15 42
16 42
16 41
17 41
16 41
16 40
17 40
16 40
15 40
15 39
15 38
15 39
15 40
14 40
13 40
13 39
14 39
14 38
15 38
14 38
13 38
13 37
14 37
15 37
16 37
15 37
16 37
16 38
17 38
17 37
18 37
18 36
17 36
17 35
17 36
16 36
16 37
16 38
15 38
15 37
16 37
16 38
16 37
16 38
17 38
17 37
17 38
17 39
17 38
17 39
17 40
17 41
17 42
17 41
17 40
18 40
18 39
17 39
18 39
18 38
19 38
19 39
20 39
20 38
21 38
21 39
22 39
21 39
21 38
22 38
23 38
23 39
24 39
24 38
24 37
25 37
25 38
24 38
24 37
25 37
25 36
26 36
26 35
26 36
27 36
28 36
28 35
28 36
29 36
29 37
29 38
28 38
27 38
27 37
27 38
27 37
28 37
28 36
28 37
28 36
28 35
29 35
29 36
28 36
29 36
29 37
28 37
28 36
29 36
30 36
30 35
30 36
30 37
30 36
29 36
30 36
30 37
30 36
31 36
30 36
30 35
30 36
31 36
31 37
31 38
31 37
31 36
31 37
31 38
30 38
30 37
30 38
29 38
29 37
30 37
31 37
31 36
31 35
30 35
30 34
31 34
32 34
32 33
31 33
30 33
31 33
32 33
32 32
33 32
33 31
34 31
34 30
35 30
35 29
35 28
35 29
35 28
36 28
35 28
36 28
35 28
35 29
35 28
36 28
35 28
34 28
33 28
32 28
32 29
32 28
32 27
31 27
31 28
31 29
31 28
32 28
31 28
31 29
32 29
33 29
34 29
34 30
35 30
35 29
36 29
36 30
35 30
35 31
36 31
36 32
37 32
38 32
37 32
38 32
38 33
38 34
38 35
37 35
36 35
36 34
35 34
35 33
34 33
35 33
35 32
35 33
35 32
36 32
35 32
34 32
33 32
33 33
33 34
33 35
33 36
33 35
33 34
33 33
33 34
34 34
34 35
34 34
33 34
32 34
32 33
32 34
31 34
32 34
32 33
33 33
34 33
33 33
34 33
34 32
33 32
32 32
32 33
32 32
31 32
31 33
31 32
32 32
31 32
31 31
32 31
31 31
32 31
31 31
30 31
31 31
30 31
30 30
29 30
28 30
28 31
28 30
29 30
29 31
29 32
28 32
28 33
28 34
27 34
27 35
26 35
27 35
26 35
27 35
27 36
26 36
27 36
27 35
26 35
25 35
24 35
23 35
24 35
23 35
22 35
23 35
24 35
24 36
23 36
24 36
23 36
23 35
22 35
22 34
22 33
23 33
24 33
25 33
25 34
26 34
26 35
25 35
26 35
25 35
24 35
24 34
24 33
23 33
22 33
22 34
23 34
22 34
23 34
22 34
23 34
22 34
21 34
20 34
20 33
20 32
21 32
21 33
21 34
22 34
22 33
22 34
21 34
20 34
21 34
20 34
21 34
22 34
21 34
21 33
21 32
21 31
21 30
21 31
21 32
22 32
22 31
21 31
20 31
20 30
20 31
21 31
20 31
21 31
21 32
20 32
19 32
19 33
20 33
20 34
20 35
19 35
19 34
19 33
19 34
19 33
20 33
19 33
19 32
19 33
18 33
18 32
18 31
18 30
18 31
18 30
18 29
18 28
18 29
18 30
17 30
17 29
17 28
18 28
19 28
19 29
19 28
20 28
21 28
21 27
20 27
