0 0
1 0
1 1
1 2
0 2
0 1
1 1
0 1
0 2
0 1
0 2
1 2
1 3
1 4
2 4
2 5
2 4
2 3
2 2
1 2
2 2
2 3
3 3
3 2
2 2
2 1
1 1
2 1
3 1
3 0
4 0
3 0
2 0
3 0
3 1
3 2
3 3
2 3
3 3
3 2
3 1
2 1
1 1
2 1
1 1
0 1
0 0
1 0
1 1
0 1
0 2
1 2
1 3
0 3
1 3
2 3
1 3
0 3
1 3
1 2
1 3
1 2
1 1
1 0
2 0
2 1
2 0
1 0
2 0
3 0
2 0
1 0
1 1
1 0
1 1
0 1
0 2
0 1
1 1
1 2
1 1
1 0
1 1
0 1
0 0
1 0
1 1
2 1
1 1
1 2
1 1
2 1
2 0
1 0
1 1
1 0
1 1
2 1
2 0
2 1
3 1
4 1
5 1
5 2
4 2
3 2
3 3
3 2
3 1
3 2
2 2
1 2
1 3
0 3
0 2
1 2
1 3
1 4
1 3
0 3
0 2
0 1
1 1
1 0
0 0
0 1
1 1
1 0
1 1
1 0
1 1
2 1
1 1
0 1
1 1
0 1
0 2
0 1
1 1
2 1
3 1
3 2
4 2
4 3
4 2
5 2
5 1
6 1
7 1
7 2
7 3
6 3
7 3
8 3
7 3
7 2
7 1
6 1
6 2
6 1
6 2
7 2
7 3
7 2
6 2
6 3
6 4
6 5
5 5
4 5
4 6
5 6
5 5
5 4
4 4
4 3
3 3
4 3
5 3
6 3
7 3
7 2
7 3
6 3
5 3
5 2
4 2
4 3
4 2
4 3
4 4
5 4
6 4
7 4
8 4
8 5
8 4
7 4
6 4
7 4
7 5
7 6
7 7
6 7
7 7
7 6
8 6
8 7
8 6
9 6
8 6
7 6
6 6
6 5
6 4
7 4
6 4
6 5
7 5
8 5
9 5
8 5
8 4
9 4
9 3
10 3
10 2
9 2
8 2
8 1
7 1
7 0
8 0
9 0
10 0
10 1
11 1
11 0
11 1
11 0
10 0
11 0
11 1
11 2
10 2
10 1
10 2
10 3
11 3
11 2
10 2
10 3
11 3
12 3
13 3
13 4
13 5
13 4
12 4
13 4
13 5
13 6
12 6
11 6
11 7
12 7
12 6
12 7
12 6
12 7
12 8
13 8
13 9
13 10
13 11
14 11
14 10
14 9
13 9
13 8
13 9
14 9
13 9
13 10
12 10
12 11
12 12
11 12
11 13
12 13
13 13
13 14
13 15
13 14
13 13
14 13
13 13
14 13
15 13
15 14
16 14
17 14
16 14
15 14
14 14
14 15
13 15
12 15
12 14
12 15
12 16
12 15
12 14
11 14
11 13
11 12
11 11
12 11
13 11
12 11
12 10
13 10
12 10
13 10
13 9
13 10
13 11
13 10
13 11
12 11
13 11
13 12
12 12
12 13
13 13
12 13
11 13
10 13
10 12
9 12
8 12
9 12
9 13
9 12
10 12
11 12
11 11
11 12
11 13
10 13
10 12
9 12
10 12
11 12
11 11
12 11
12 10
13 10
12 10
11 10
10 10
10 9
11 9
11 10
12 10
13 10
14 10
13 10
13 11
13 12
12 12
12 11
11 11
11 12
12 12
13 12
13 13
14 13
14 14
15 14
15 13
15 14
16 14
15 14
16 14
15 14
14 14
15 14
16 14
16 15
17 15
18 15
18 14
18 15
19 15
19 16
19 17
20 17
20 16
20 15
20 16
20 15
21 15
20 15
19 15
19 14
19 15
19 16
18 16
19 16
20 16
21 16
22 16
22 15
21 15
20 15
20 16
20 17
21 17
20 17
21 17
21 16
22 16
22 17
22 16
23 16
24 16
25 16
26 16
27 16
27 15
27 16
27 17
27 18
28 18
28 17
27 17
27 16
27 17
26 17
27 17
27 16
28 16
28 17
29 17
29 18
30 18
30 17
31 17
31 18
31 19
31 18
31 19
31 20
32 20
31 20
31 21
31 22
30 22
30 21
29 21
29 20
30 20
31 20
31 19
31 20
30 20
30 21
30 20
31 20
31 19
32 19
32 18
32 17
33 17
32 17
31 17
31 16
30 16
31 16
31 15
30 15
30 14
30 15
30 16
30 17
31 17
32 17
32 18
33 18
32 18
32 19
32 20
33 20
34 20
34 21
35 21
34 21
33 21
33 22
34 22
33 22
33 21
32 21
31 21
31 22
32 22
33 22
33 23
32 23
32 22
32 21
31 21
31 22
31 23
30 23
30 24
30 23
31 23
30 23
29 23
29 22
29 21
30 21
31 21
30 21
30 20
31 20
31 19
31 20
30 20
31 20
30 20
31 20
30 20
29 20
29 21
29 22
29 23
29 24
28 24
27 24
26 24
26 25
27 25
28 25
28 24
28 25
29 25
28 25
28 24
29 24
29 25
29 26
28 26
28 27
29 27
29 26
29 25
30 25
29 25
29 24
29 25
30 25
30 26
30 25
31 25
31 26
31 25
30 25
30 24
29 24
30 24
29 24
28 24
29 24
29 25
29 26
30 26
30 25
30 26
30 27
29 27
29 28
28 28
28 29
28 30
29 30
29 31
29 32
30 32
30 31
30 30
29 30
29 31
30 31
30 30
30 29
30 30
30 29
29 29
29 30
29 29
29 28
29 29
29 28
29 27
28 27
29 27
28 27
28 26
28 25
29 25
28 25
29 25
29 26
29 25
30 25
31 25
30 25
30 26
31 26
30 26
30 25
30 26
29 26
30 26
31 26
31 25
31 26
30 26
29 26
28 26
28 25
27 25
26 25
26 24
26 25
26 26
26 25
27 25
27 24
27 25
28 25
28 24
28 25
28 26
29 26
29 25
29 24
30 24
30 25
31 25
30 25
30 26
30 25
31 25
31 26
32 26
32 27
32 28
31 28
30 28
29 28
28 28
28 29
29 29
29 30
28 30
28 29
28 28
28 29
28 28
28 29
29 29
30 29
31 29
31 30
30 30
29 30
30 30
29 30
28 30
29 30
28 30
28 29
29 29
28 29
28 28
28 29
27 29
28 29
29 29
28 29
28 28
28 27
29 27
29 26
29 25
29 24
29 25
30 25
31 25
30 25
31 25
30 25
31 25
31 24
31 25
32 25
31 25
31 24
31 23
32 23
33 23
32 23
32 22
32 23
33 23
33 22
33 23
34 23
33 23
32 23
32 24
32 23
32 24
31 24
32 24
32 23
32 22
33 22
33 21
33 22
32 22
31 22
32 22
32 21
32 22
32 21
32 20
32 19
32 20
33 20
33 21
32 21
33 21
33 20
34 20
34 19
34 20
34 21
33 21
33 22
33 21
32 21
32 22
31 22
31 21
30 21
29 21
28 21
27 21
28 21
27 21
27 20
26 20
27 20
27 21
28 21
29 21
30 21
30 20
29 20
28 20
27 20
27 21
27 22
28 22
28 23
29 23
28 23
28 22
28 21
29 21
29 20
28 20
28 19
28 20
28 21
28 20
28 21
28 20
29 20
29 21
29 20
28 20
27 20
27 19
26 19
26 20
26 21
27 21
28 21
28 20
27 20
27 19
27 18
27 17
27 16
26 16
27 16
27 17
27 16
26 16
26 15
27 15
27 14
26 14
26 13
26 14
27 14
27 13
28 13
28 14
28 15
28 16
29 16
29 15
29 14
30 14
30 13
29 13
29 12
30 12
30 13
31 13
31 14
31 15
31 14
32 14
32 15
32 14
33 14
33 13
33 14
32 14
31 14
31 13
31 14
31 15
30 15
30 16
31 16
30 16
31 16
31 17
30 17
29 17
29 18
28 18
27 18
28 18
28 19
28 20
28 19
27 19
26 19
26 18
27 18
26 18
26 17
26 16
26 17
26 16
26 15
26 16
27 16
27 15
27 16
27 17
27 18
26 18
27 18
27 17
27 18
26 18
26 17
25 17
24 17
25 17
25 16
25 17
25 16
25 15
25 16
25 17
25 16
26 16
25 16
25 15
26 15
26 16
25 16
26 16
26 15
26 14
27 14
26 14
27 14
28 14
29 14
29 13
29 14
30 14
31 14
32 14
31 14
31 13
32 13
31 13
31 14
32 14
32 15
31 15
30 15
30 14
30 15
30 14
31 14
30 14
31 14
31 15
31 14
30 14
30 13
29 13
30 13
30 12
29 12
28 12
28 11
27 11
27 10
26 10
26 9
26 10
27 10
27 9
28 9
28 8
27 8
28 8
29 8
29 7
29 6
30 6
29 6
29 7
30 7
29 7
30 7
30 6
30 7
31 7
31 8
30 8
30 7
30 8
30 9
29 9
30 9
31 9
32 9
32 10
32 9
31 9
30 9
31 9
30 9
29 9
29 8
29 9
29 8
29 7
29 8
28 8
27 8
26 8
27 8
26 8
27 8
28 8
28 9
29 9
29 8
29 7
29 8
30 8
30 7
