0 0
1 0
0 0
0 1
1 1
1 0
1 1
1 0
1 1
2 1
3 1
3 0
4 0
4 1
4 2
3 2
3 3
3 4
2 4
2 5
2 4
2 3
1 3
1 4
0 4
0 5
0 4
0 5
0 4
1 4
0 4
1 4
2 4
2 3
2 4
3 4
3 5
3 4
3 5
2 5
3 5
3 6
4 6
3 6
3 7
4 7
4 6
4 7
3 7
2 7
1 7
2 7
2 6
3 6
4 6
4 5
4 6
5 6
4 6
3 6
4 6
3 6
3 5
3 6
4 6
3 6
2 6
1 6
0 6
0 7
0 8
1 8
1 9
2 9
3 9
3 10
2 10
1 10
0 10
0 11
0 10
1 10
1 9
0 9
0 8
0 9
0 10
1 10
1 11
1 12
1 13
0 13
1 13
1 14
1 13
1 12
1 13
1 14
0 14
0 13
1 13
1 14
1 13
0 13
0 14
1 14
1 15
2 15
2 14
1 14
2 14
2 15
2 16
2 17
1 17
2 17
3 17
2 17
2 18
3 18
4 18
5 18
6 18
6 19
7 19
8 19
9 19
9 20
8 20
8 21
7 21
7 22
7 21
7 22
8 22
7 22
7 23
7 24
7 23
7 24
7 23
6 23
7 23
7 24
7 23
6 23
6 22
7 22
8 22
8 23
8 24
8 23
9 23
10 23
9 23
9 24
9 23
10 23
10 22
10 23
10 24
10 25
10 26
10 25
9 25
10 25
9 25
9 26
10 26
11 26
11 27
12 27
11 27
10 27
11 27
10 27
10 26
10 25
10 26
10 27
10 28
10 27
11 27
11 28
11 27
12 27
13 27
13 28
13 27
13 28
13 27
12 27
11 27
10 27
10 28
9 28
8 28
7 28
8 28
8 27
9 27
9 26
9 25
9 24
9 25
9 26
9 25
10 25
10 26
10 27
10 26
10 27
9 27
9 28
9 29
9 30
9 31
10 31
11 31
12 31
13 31
13 30
12 30
12 29
12 30
12 31
11 31
12 31
13 31
12 31
12 32
13 32
12 32
12 31
13 31
12 31
11 31
11 30
11 31
11 32
12 32
12 33
13 33
12 33
13 33
14 33
15 33
14 33
14 34
13 34
13 33
13 34
12 34
13 34
12 34
12 35
12 34
13 34
14 34
15 34
15 33
16 33
15 33
15 32
16 32
15 32
15 33
15 34
15 33
16 33
16 32
16 33
17 33
17 34
18 34
17 34
17 33
16 33
16 32
16 33
16 34
16 33
15 33
15 34
15 35
14 35
13 35
13 36
12 36
11 36
11 37
11 38
11 39
11 40
11 41
11 42
12 42
12 41
12 40
11 40
11 41
10 41
10 42
9 42
10 42
9 42
10 42
10 43
10 42
10 41
11 41
11 42
11 43
10 43
9 43
9 44
8 44
7 44
7 43
7 42
7 41
7 40
6 40
5 40
5 39
5 38
5 37
5 36
5 35
5 36
5 37
5 38
5 37
5 36
6 36
6 35
5 35
6 35
5 35
4 35
4 36
3 36
3 37
3 38
3 37
4 37
5 37
5 38
6 38
6 39
7 39
7 38
7 37
8 37
8 36
7 36
7 37
8 37
7 37
6 37
7 37
6 37
7 37
8 37
8 36
7 36
7 35
7 36
8 36
8 37
7 37
6 37
6 38
7 38
8 38
8 39
7 39
7 38
7 39
8 39
8 40
9 40
10 40
11 40
11 41
12 41
13 41
13 40
13 39
12 39
12 40
12 41
11 41
11 40
11 39
10 39
10 40
9 40
8 40
8 39
8 40
8 39
8 40
8 41
7 41
7 40
6 40
6 41
6 40
6 41
6 40
6 39
7 39
7 40
8 40
8 39
8 38
7 38
8 38
8 37
9 37
9 36
8 36
8 37
9 37
9 38
9 37
8 37
8 36
7 36
7 35
7 34
7 35
7 36
6 36
6 37
6 36
5 36
5 35
5 34
6 34
5 34
4 34
4 33
3 33
3 32
4 32
4 33
4 32
5 32
5 31
5 30
5 29
4 29
3 29
3 28
3 27
3 26
3 25
2 25
1 25
0 25
0 24
1 24
2 24
1 24
1 23
1 24
1 23
1 24
2 24
3 24
4 24
4 25
4 24
5 24
5 23
5 24
4 24
4 23
3 23
4 23
4 24
4 25
4 24
5 24
6 24
6 23
6 24
6 23
6 24
7 24
7 23
6 23
6 24
6 23
7 23
8 23
8 22
7 22
7 21
6 21
6 20
5 20
5 21
6 21
5 21
6 21
6 22
5 22
5 21
5 20
4 20
5 20
5 21
5 20
4 20
4 21
5 21
6 21
6 22
6 23
6 24
5 24
4 24
3 24
3 25
2 25
3 25
4 25
3 25
2 25
2 24
2 23
3 23
3 22
4 22
4 21
4 22
3 22
3 21
4 21
4 22
4 21
4 20
4 21
4 22
4 21
5 21
6 21
6 20
5 20
5 21
5 20
6 20
5 20
4 20
3 20
3 19
2 19
1 19
1 18
1 19
1 20
2 20
2 21
3 21
2 21
2 20
2 21
1 21
1 22
2 22
2 23
2 24
1 24
2 24
3 24
4 24
4 25
4 26
4 25
4 24
3 24
3 25
3 24
3 23
3 22
3 21
3 20
4 20
3 20
4 20
4 21
4 22
4 21
4 20
3 20
3 21
4 21
4 22
3 22
4 22
3 22
3 21
4 21
5 21
5 20
4 20
4 19
4 18
4 17
3 17
3 18
4 18
5 18
5 17
6 17
7 17
6 17
6 18
6 17
6 16
5 16
4 16
5 16
6 16
6 17
6 16
6 15
5 15
5 14
6 14
6 15
7 15
8 15
9 15
10 15
11 15
10 15
11 15
12 15
12 14
11 14
10 14
11 14
12 14
13 14
12 14
11 14
10 14
11 14
11 13
12 13
11 13
10 13
9 13
9 12
9 13
8 13
7 13
6 13
5 13
4 13
4 12
5 12
4 12
4 13
3 13
3 12
3 13
3 12
3 13
2 13
2 14
2 15
3 15
4 15
3 15
3 14
2 14
2 15
3 15
4 15
3 15
2 15
2 14
1 14
1 15
1 16
1 15
1 14
1 13
2 13
2 12
1 12
0 12
0 11
0 10
1 10
1 11
1 12
0 12
0 13
0 14
1 14
0 14
1 14
1 13
2 13
1 13
1 12
1 11
1 10
2 10
1 10
2 10
2 11
1 11
1 12
1 13
2 13
2 14
2 13
2 14
2 15
1 15
1 14
1 13
0 13
0 14
0 13
0 14
1 14
1 13
0 13
1 13
1 14
2 14
2 13
1 13
1 14
1 13
0 13
1 13
2 13
1 13
1 14
1 15
0 15
0 14
1 14
1 13
1 14
0 14
0 13
1 13
2 13
1 13
1 14
1 15
1 16
0 16
0 17
1 17
1 16
2 16
3 16
3 17
3 18
3 19
3 18
3 19
4 19
5 19
6 19
6 18
6 17
6 18
5 18
6 18
6 19
7 19
7 18
8 18
8 17
8 16
7 16
6 16
5 16
4 16
4 17
5 17
5 16
5 15
5 16
4 16
4 15
5 15
6 15
6 14
5 14
4 14
5 14
5 13
4 13
3 13
2 13
2 12
2 11
2 12
2 13
3 13
4 13
4 14
3 14
3 15
3 16
4 16
5 16
6 16
7 16
7 17
6 17
6 18
7 18
7 17
7 18
7 17
7 18
6 18
6 17
6 16
5 16
5 15
5 14
5 15
4 15
4 16
4 17
3 17
2 17
2 18
2 19
1 19
0 19
1 19
1 18
2 18
3 18
2 18
2 19
2 20
3 20
4 20
4 21
4 20
4 19
3 19
4 19
5 19
5 18
6 18
6 17
6 16
6 17
6 18
6 17
6 18
6 17
5 17
6 17
6 18
7 18
6 18
7 18
7 19
6 19
6 20
7 20
6 20
6 21
7 21
7 22
7 21
7 22
7 23
6 23
6 22
6 21
6 22
7 22
6 22
6 21
6 20
6 19
6 18
7 18
6 18
7 18
7 17
7 18
6 18
6 19
7 19
6 19
6 20
6 19
7 19
7 20
7 19
7 18
7 17
8 17
9 17
10 17
9 17
8 17
9 17
9 18
10 18
10 19
9 19
10 19
10 20
9 20
9 21
9 20
10 20
10 21
10 22
11 22
10 22
10 23
9 23
9 24
8 24
7 24
6 24
5 24
5 23
5 24
5 23
4 23
5 23
4 23
3 23
3 22
4 22
5 22
4 22
3 22
3 23
3 22
3 21
3 20
2 20
2 21
1 21
0 21
1 21
2 21
3 21
4 21
3 21
4 21
4 20
3 20
2 20
3 20
4 20
5 20
5 19
5 20
5 19
5 20
4 20
3 20
3 19
2 19
1 19
1 18
0 18
1 18
1 17
2 17
2 18
3 18
2 18
2 19
2 18
3 18
2 18
2 17
1 17
1 18
1 17
1 16
1 15
2 15
