0 0
0 1
0 0
0 1
0 0
0 1
1 1
1 2
2 2
1 2
1 3
2 3
2 4
1 4
2 4
1 4
2 4
2 3
1 3
0 3
0 2
1 2
2 2
2 3
1 3
2 3
2 2
1 2
1 3
2 3
2 2
3 2
4 2
4 3
3 3
3 2
3 3
3 2
2 2
2 3
2 2
3 2
4 2
4 3
4 4
4 3
3 3
4 3
4 4
5 4
5 5
5 6
4 6
4 5
4 4
5 4
5 3
4 3
4 4
4 5
3 5
4 5
5 5
6 5
5 5
6 5
6 4
5 4
5 5
4 5
4 6
4 7
4 6
3 6
3 7
4 7
3 7
3 6
3 7
3 8
4 8
5 8
5 7
5 6
5 5
6 5
7 5
7 6
6 6
7 6
6 6
6 7
6 6
5 6
5 5
6 5
7 5
6 5
5 5
6 5
6 4
7 4
6 4
7 4
8 4
7 4
6 4
6 5
6 4
6 5
6 6
7 6
6 6
7 6
6 6
5 6
4 6
3 6
4 6
4 5
3 5
4 5
4 4
4 3
3 3
4 3
5 3
5 2
6 2
6 1
7 1
7 2
8 2
7 2
7 3
8 3
8 4
7 4
7 5
7 4
6 4
7 4
8 4
9 4
10 4
11 4
11 5
10 5
11 5
10 5
11 5
11 4
11 5
12 5
12 4
13 4
13 5
13 6
13 5
14 5
13 5
13 4
13 3
12 3
12 4
12 3
12 4
12 5
13 5
13 4
14 4
14 5
13 5
13 4
13 3
12 3
12 4
12 5
13 5
12 5
13 5
14 5
14 6
14 5
14 4
14 3
13 3
13 4
12 4
13 4
12 4
13 4
12 4
13 4
14 4
15 4
16 4
17 4
18 4
19 4
19 3
19 2
20 2
19 2
19 3
19 2
19 1
20 1
20 2
20 3
20 4
19 4
20 4
20 3
20 2
19 2
19 1
19 2
19 3
19 4
20 4
20 5
20 6
21 6
20 6
19 6
20 6
19 6
19 5
20 5
21 5
20 5
19 5
19 6
19 5
19 6
20 6
21 6
21 7
21 8
21 7
21 8
21 9
22 9
23 9
23 10
24 10
24 11
24 10
23 10
23 11
23 10
23 11
23 12
22 12
23 12
24 12
24 13
24 14
24 13
24 12
25 12
24 12
25 12
24 12
25 12
25 11
26 11
26 12
26 11
25 11
26 11
26 12
26 13
25 13
26 13
25 13
24 13
23 13
23 12
23 11
23 12
23 11
22 11
23 11
23 10
24 10
23 10
24 10
25 10
25 9
26 9
26 10
26 9
26 10
26 11
26 10
26 9
25 9
26 9
26 8
26 7
26 6
26 7
26 8
25 8
26 8
26 9
26 8
25 8
24 8
25 8
26 8
26 9
27 9
27 8
26 8
27 8
26 8
26 9
26 8
26 9
25 9
24 9
24 8
25 8
25 9
25 8
26 8
27 8
26 8
25 8
25 9
25 10
24 10
23 10
24 10
24 11
24 12
23 12
24 12
24 13
24 12
23 12
23 13
23 14
24 14
24 15
24 16
24 17
25 17
24 17
23 17
23 18
23 17
23 16
22 16
23 16
24 16
23 16
24 16
23 16
22 16
23 16
22 16
22 17
22 16
23 16
24 16
24 17
24 16
25 16
25 17
26 17
26 18
26 19
27 19
26 19
26 18
25 18
26 18
26 17
26 18
25 18
26 18
25 18
25 17
26 17
25 17
25 16
26 16
26 15
27 15
28 15
27 15
27 16
26 16
26 17
27 17
28 17
28 16
29 16
30 16
30 17
31 17
31 16
30 16
30 15
30 14
30 15
29 15
29 14
28 14
28 15
28 16
29 16
30 16
30 17
30 16
29 16
29 17
29 18
30 18
29 18
30 18
29 18
29 19
28 19
28 18
28 17
29 17
29 18
28 18
27 18
27 17
27 18
28 18
28 17
27 17
27 16
28 16
27 16
28 16
29 16
29 15
28 15
29 15
28 15
29 15
29 14
30 14
29 14
29 15
29 16
29 17
30 17
29 17
30 17
30 16
29 16
29 17
29 16
29 15
30 15
30 16
30 17
31 17
31 18
31 19
32 19
32 20
31 20
31 19
31 20
32 20
31 20
30 20
29 20
29 21
28 21
28 22
28 21
27 21
28 21
29 21
29 20
30 20
30 19
29 19
30 19
31 19
31 20
31 21
32 21
32 22
33 22
34 22
35 22
35 21
34 21
34 22
35 22
34 22
33 22
34 22
34 21
34 20
34 21
34 22
33 22
34 22
33 22
34 22
34 23
35 23
34 23
35 23
36 23
36 22
36 23
35 23
35 22
34 22
34 23
34 24
34 25
35 25
36 25
37 25
38 25
38 24
37 24
37 25
38 25
38 24
38 23
38 22
38 21
38 22
38 21
39 21
39 22
39 23
40 23
39 23
39 24
38 24
39 24
39 25
39 26
39 25
39 26
40 26
39 26
39 25
39 26
39 27
40 27
40 26
39 26
40 26
39 26
39 25
39 26
39 27
39 28
38 28
38 27
38 28
38 29
39 29
38 29
38 28
38 29
38 30
39 30
38 30
38 29
39 29
39 30
39 29
40 29
40 30
39 30
39 31
39 32
39 31
39 30
38 30
38 29
38 28
39 28
39 29
38 29
39 29
39 30
39 29
39 30
39 29
40 29
40 28
40 29
40 28
41 28
41 29
42 29
42 30
43 30
42 30
42 31
43 31
44 31
44 32
44 31
45 31
45 32
46 32
47 32
46 32
46 31
46 32
45 32
44 32
45 32
46 32
45 32
45 33
46 33
46 32
46 33
47 33
47 34
46 34
47 34
46 34
46 33
46 34
47 34
48 34
47 34
47 33
46 33
47 33
48 33
48 34
48 35
47 35
46 35
47 35
47 36
47 37
48 37
49 37
50 37
51 37
51 38
52 38
53 38
53 37
54 37
54 36
55 36
56 36
57 36
56 36
55 36
55 37
55 36
55 35
55 34
54 34
54 33
54 32
54 33
55 33
55 32
56 32
55 32
55 33
55 32
55 33
54 33
55 33
56 33
56 32
56 33
57 33
57 32
57 33
56 33
55 33
55 34
55 33
54 33
53 33
53 32
52 32
51 32
51 33
51 32
51 31
51 32
51 31
50 31
51 31
51 30
50 30
49 30
49 31
48 31
48 32
48 31
48 32
48 33
48 34
48 33
49 33
49 32
50 32
49 32
49 33
50 33
51 33
51 32
51 33
51 32
50 32
51 32
51 31
51 32
52 32
53 32
54 32
54 31
53 31
53 32
53 33
54 33
55 33
54 33
55 33
55 32
55 31
55 32
54 32
55 32
54 32
54 33
54 32
54 31
54 30
54 29
55 29
54 29
54 28
55 28
55 29
56 29
56 30
55 30
54 30
54 29
53 29
54 29
54 30
54 31
54 30
53 30
53 29
52 29
52 28
52 27
52 26
52 25
52 24
52 23
52 22
53 22
53 23
53 24
53 25
53 26
52 26
52 27
52 28
53 28
53 29
53 30
53 31
52 31
51 31
51 30
52 30
53 30
54 30
54 31
54 30
53 30
54 30
54 29
53 29
54 29
55 29
55 30
55 31
56 31
56 30
57 30
57 31
57 32
57 33
58 33
58 32
58 31
59 31
59 32
58 32
58 31
59 31
58 31
58 32
59 32
59 31
60 31
61 31
61 30
61 29
61 28
60 28
60 29
60 30
59 30
58 30
59 30
59 29
58 29
58 30
58 29
59 29
58 29
57 29
57 30
56 30
57 30
57 29
56 29
55 29
55 30
55 31
54 31
53 31
53 30
54 30
55 30
55 29
55 30
56 30
55 30
54 30
55 30
54 30
54 31
54 30
54 31
55 31
55 30
55 29
54 29
55 29
56 29
55 29
54 29
54 28
54 29
55 29
55 30
54 30
54 29
53 29
54 29
53 29
52 29
52 30
53 30
53 29
52 29
51 29
51 28
51 27
51 28
50 28
51 28
51 27
51 28
51 27
51 26
52 26
52 25
52 26
52 25
52 26
53 26
53 25
53 24
52 24
52 25
51 25
51 24
51 23
52 23
51 23
52 23
52 24
52 23
52 24
51 24
51 25
51 26
52 26
52 25
53 25
52 25
53 25
53 24
52 24
53 24
52 24
51 24
51 23
50 23
50 24
50 25
50 26
50 25
50 24
50 23
51 23
52 23
53 23
54 23
54 22
53 22
54 22
53 22
54 22
54 23
53 23
54 23
54 24
54 25
55 25
56 25
56 24
55 24
55 23
55 22
56 22
56 21
56 20
55 20
55 19
55 18
56 18
56 17
56 16
56 15
55 15
55 14
56 14
56 15
55 15
54 15
54 14
54 15
54 16
55 16
55 15
56 15
56 14
56 13
56 12
57 12
58 12
57 12
56 12
55 12
56 12
57 12
56 12
55 12
56 12
55 12
55 13
55 12
56 12
56 13
56 14
55 14
55 15
55 14
