0 0
1 0
0 0
0 1
0 2
1 2
1 3
1 2
1 3
0 3
0 4
0 5
0 6
1 6
1 5
2 5
2 4
2 3
2 4
2 3
2 4
2 3
2 4
1 4
2 4
3 4
3 5
2 5
2 6
2 5
2 6
2 7
1 7
2 7
2 8
2 7
2 8
2 7
1 7
0 7
0 8
1 8
1 7
2 7
2 6
2 7
2 6
2 5
1 5
1 6
1 5
1 4
0 4
1 4
1 5
1 4
1 3
1 4
1 5
0 5
1 5
1 6
1 7
1 6
2 6
1 6
0 6
1 6
1 5
1 4
1 3
0 3
0 4
1 4
1 3
0 3
0 4
1 4
1 5
2 5
2 4
2 5
3 5
3 4
3 3
2 3
1 3
0 3
1 3
1 4
1 5
1 6
1 5
0 5
0 4
0 5
0 4
1 4
1 3
0 3
1 3
1 2
1 3
1 2
0 2
0 1
0 0
0 1
0 2
0 3
1 3
2 3
2 4
3 4
2 4
2 5
3 5
3 4
3 3
3 2
3 1
3 2
4 2
3 2
3 3
4 3
4 4
4 3
4 2
4 1
3 1
4 1
4 0
4 1
3 1
3 0
4 0
5 0
4 0
4 1
3 1
3 0
3 1
3 0
2 0
3 0
3 1
3 0
3 1
4 1
4 2
5 2
5 3
6 3
5 3
5 2
5 1
5 2
4 2
4 1
4 0
4 1
3 1
3 0
3 1
3 2
2 2
1 2
0 2
0 3
0 2
0 1
0 0
1 0
1 1
0 1
1 1
2 1
1 1
1 0
1 1
0 1
0 2
0 3
1 3
1 4
1 5
1 4
0 4
1 4
1 3
1 2
1 3
2 3
2 2
3 2
2 2
2 1
2 2
2 1
2 0
3 0
3 1
4 1
4 2
5 2
5 3
5 2
5 1
5 2
5 3
5 2
6 2
5 2
4 2
4 1
5 1
5 0
5 1
5 0
5 1
6 1
6 0
5 0
6 0
7 0
6 0
6 1
6 2
7 2
7 3
8 3
8 2
8 1
7 1
8 1
7 1
7 2
7 1
7 2
8 2
8 1
8 2
8 3
8 4
8 3
9 3
9 2
8 2
8 3
8 2
7 2
7 3
7 4
6 4
7 4
7 5
6 5
6 6
5 6
4 6
3 6
3 5
3 6
4 6
4 5
4 4
4 3
4 4
4 3
4 2
3 2
3 1
3 0
4 0
3 0
2 0
2 1
2 2
2 1
2 0
2 1
1 1
2 1
2 0
2 1
3 1
3 2
4 2
4 3
3 3
3 4
3 3
4 3
4 4
5 4
5 3
6 3
6 2
6 3
6 2
6 1
6 2
6 1
6 2
7 2
7 1
7 2
8 2
8 3
7 3
7 2
7 1
7 0
8 0
8 1
8 0
8 1
8 2
9 2
8 2
8 1
8 2
9 2
10 2
10 3
9 3
9 4
8 4
9 4
8 4
9 4
8 4
8 5
9 5
10 5
10 6
10 7
10 6
9 6
8 6
7 6
7 5
8 5
7 5
7 4
6 4
6 5
5 5
6 5
7 5
6 5
7 5
7 4
6 4
7 4
7 5
8 5
9 5
8 5
9 5
8 5
8 6
8 5
8 6
9 6
9 5
9 4
10 4
10 3
10 2
9 2
10 2
9 2
9 3
10 3
11 3
11 2
11 3
10 3
10 2
11 2
11 1
10 1
11 1
11 2
11 3
10 3
10 4
9 4
9 3
8 3
7 3
7 2
7 1
7 2
8 2
7 2
6 2
5 2
5 1
5 2
5 1
5 0
4 0
3 0
3 1
3 0
4 0
5 0
5 1
4 1
3 1
2 1
2 2
1 2
1 3
1 2
0 2
0 3
0 4
1 4
1 5
1 4
0 4
1 4
2 4
2 5
2 6
2 7
2 8
2 7
2 8
2 7
1 7
1 8
1 7
1 8
1 7
2 7
2 8
3 8
3 9
2 9
3 9
3 8
3 9
2 9
2 10
1 10
1 11
1 10
1 11
1 10
1 11
1 10
1 9
0 9
1 9
1 8
1 9
1 8
0 8
1 8
0 8
1 8
0 8
0 9
0 8
0 7
0 6
0 5
1 5
0 5
0 4
0 5
0 6
0 5
1 5
0 5
0 4
0 3
0 2
1 2
0 2
0 3
0 2
1 2
1 1
1 0
2 0
1 0
2 0
2 1
3 1
3 0
4 0
4 1
5 1
6 1
6 0
6 1
5 1
4 1
4 2
4 3
5 3
5 2
5 1
5 2
5 3
6 3
6 2
6 3
7 3
7 4
6 4
7 4
7 5
8 5
7 5
7 6
6 6
6 5
5 5
5 4
5 3
4 3
3 3
2 3
2 4
3 4
3 3
3 2
3 3
3 4
3 5
3 4
3 3
4 3
5 3
5 4
5 3
5 2
5 1
6 1
7 1
6 1
5 1
6 1
6 0
5 0
6 0
6 1
7 1
7 0
7 1
8 1
9 1
10 1
10 2
9 2
9 3
9 4
10 4
9 4
8 4
9 4
9 5
9 6
9 5
10 5
9 5
9 4
10 4
11 4
12 4
12 5
12 4
11 4
11 5
12 5
13 5
14 5
15 5
16 5
16 4
16 3
16 4
16 5
16 6
17 6
16 6
16 5
16 4
16 5
17 5
16 5
15 5
16 5
16 4
17 4
17 5
16 5
15 5
15 6
16 6
17 6
17 5
17 4
16 4
17 4
18 4
19 4
20 4
21 4
22 4
22 3
23 3
24 3
23 3
22 3
22 4
22 3
22 2
23 2
23 3
24 3
24 4
23 4
23 5
22 5
22 6
22 7
22 6
22 7
22 6
21 6
22 6
21 6
21 5
20 5
20 4
20 3
21 3
22 3
23 3
23 4
23 3
23 4
22 4
23 4
23 3
23 4
24 4
24 5
24 6
25 6
26 6
26 5
26 6
26 5
25 5
25 6
25 7
24 7
25 7
26 7
26 6
25 6
26 6
25 6
24 6
24 7
24 6
25 6
25 7
25 8
25 9
26 9
26 10
25 10
25 9
25 8
26 8
26 9
27 9
26 9
26 8
27 8
26 8
25 8
25 9
25 8
26 8
26 7
26 8
26 7
26 6
26 5
26 6
25 6
24 6
25 6
24 6
25 6
24 6
24 7
24 8
23 8
23 7
24 7
24 6
24 7
24 6
25 6
24 6
23 6
22 6
21 6
22 6
22 7
22 6
22 7
22 6
22 5
23 5
23 6
22 6
21 6
21 7
21 8
21 7
21 6
21 5
21 6
22 6
22 5
21 5
22 5
21 5
22 5
23 5
23 4
23 5
24 5
25 5
25 6
25 7
25 6
25 7
25 8
26 8
26 9
25 9
24 9
25 9
24 9
23 9
23 10
23 9
23 8
23 9
23 10
23 11
23 12
23 11
23 10
23 11
23 10
23 11
22 11
23 11
23 12
23 13
23 14
23 15
23 14
23 13
23 12
24 12
24 13
25 13
24 13
24 14
24 15
24 14
24 13
24 14
24 15
23 15
24 15
24 16
24 17
23 17
22 17
22 18
23 18
24 18
24 19
25 19
24 19
24 18
24 17
23 17
24 17
25 17
25 18
25 17
25 16
24 16
24 15
24 14
25 14
24 14
23 14
23 15
24 15
24 14
25 14
25 15
25 14
24 14
24 15
23 15
23 14
22 14
21 14
20 14
20 13
21 13
22 13
22 14
21 14
21 15
21 14
22 14
22 13
22 14
23 14
23 15
22 15
22 14
21 14
21 15
20 15
21 15
20 15
20 14
20 13
21 13
22 13
22 14
22 15
22 14
21 14
22 14
22 13
21 13
22 13
23 13
23 12
22 12
21 12
21 11
21 10
21 9
22 9
21 9
20 9
20 8
21 8
21 7
21 6
21 5
21 6
22 6
22 5
22 4
23 4
22 4
23 4
23 5
24 5
25 5
25 6
26 6
27 6
28 6
28 7
27 7
27 8
27 9
27 8
28 8
28 9
29 9
29 8
29 9
28 9
29 9
28 9
29 9
28 9
28 8
28 7
27 7
27 6
26 6
26 5
25 5
24 5
24 6
24 5
24 6
24 7
25 7
24 7
24 6
25 6
24 6
23 6
23 5
22 5
22 4
22 3
21 3
20 3
21 3
21 2
21 3
20 3
21 3
21 2
22 2
22 1
23 1
22 1
22 2
23 2
24 2
24 1
23 1
22 1
22 2
23 2
23 1
23 0
23 1
22 1
23 1
23 2
23 3
24 3
24 2
24 3
23 3
23 4
23 3
22 3
21 3
21 4
20 4
20 5
20 6
19 6
19 7
18 7
18 6
19 6
19 7
19 8
18 8
18 9
18 10
18 11
19 11
18 11
19 11
20 11
20 12
21 12
22 12
23 12
23 11
23 12
24 12
25 12
25 13
25 12
25 11
25 10
26 10
26 9
25 9
24 9
23 9
23 8
23 7
22 7
