0 0
0 1
0 2
1 2
0 2
1 2
1 1
0 1
1 1
0 1
0 0
1 0
2 0
3 0
2 0
2 1
3 1
2 1
3 1
3 0
3 1
3 0
4 0
5 0
6 0
5 0
6 0
7 0
7 1
7 0
6 0
6 1
6 2
6 1
5 1
4 1
3 1
4 1
4 2
4 3
4 2
5 2
6 2
7 2
7 3
7 2
7 1
8 1
8 0
9 0
10 0
11 0
12 0
13 0
13 1
13 0
13 1
14 1
14 2
14 1
14 2
13 2
12 2
11 2
12 2
12 1
12 2
13 2
14 2
14 3
14 4
15 4
15 5
15 6
15 7
15 6
16 6
16 5
17 5
18 5
18 6
17 6
17 5
17 4
16 4
16 5
15 5
15 6
15 5
15 6
16 6
17 6
18 6
19 6
20 6
21 6
20 6
20 5
19 5
20 5
20 6
19 6
18 6
18 7
18 8
17 8
16 8
15 8
15 7
14 7
14 6
15 6
14 6
14 7
14 6
14 7
15 7
15 8
14 8
13 8
12 8
13 8
13 7
12 7
13 7
13 8
14 8
14 9
13 9
13 10
12 10
11 10
11 11
11 10
12 10
12 11
12 12
12 11
13 11
12 11
12 12
12 13
11 13
10 13
11 13
11 12
10 12
10 13
10 14
9 14
9 15
9 14
9 15
10 15
9 15
8 15
8 14
9 14
10 14
11 14
10 14
9 14
9 15
9 14
9 13
8 13
7 13
6 13
6 14
5 14
5 15
5 16
4 16
3 16
4 16
3 16
3 15
3 14
3 13
4 13
3 13
3 12
4 12
4 11
4 12
3 12
3 13
3 14
3 13
3 14
2 14
2 13
2 14
1 14
0 14
1 14
2 14
3 14
3 15
4 15
4 16
4 17
4 16
4 17
3 17
3 16
4 16
5 16
5 15
6 15
7 15
8 15
9 15
9 16
10 16
10 17
10 18
9 18
8 18
8 19
8 20
8 21
7 21
8 21
7 21
8 21
9 21
8 21
8 20
9 20
10 20
9 20
8 20
7 20
6 20
6 21
5 21
6 21
5 21
4 21
4 22
3 22
3 21
3 22
4 22
4 23
4 22
3 22
3 23
4 23
4 22
4 21
4 20
5 20
6 20
7 20
7 21
7 22
7 23
7 22
6 22
6 21
6 22
7 22
7 21
7 20
8 20
9 20
9 19
8 19
8 18
9 18
10 18
9 18
10 18
9 18
10 18
9 18
9 17
10 17
11 17
10 17
10 16
11 16
11 15
11 14
11 15
10 15
11 15
10 15
10 16
10 15
9 15
8 15
8 14
9 14
9 15
10 15
10 16
10 17
10 18
10 19
10 20
11 20
10 20
10 21
11 21
10 21
10 22
9 22
9 21
10 21
10 22
11 22
11 21
12 21
11 21
11 22
12 22
12 23
13 23
13 22
14 22
15 22
15 21
14 21
14 22
14 23
15 23
14 23
14 24
14 25
15 25
16 25
16 26
17 26
17 25
17 26
16 26
17 26
16 26
16 27
16 28
15 28
15 29
15 28
15 27
15 28
16 28
15 28
14 28
14 29
14 28
14 29
13 29
13 30
14 30
14 31
14 30
15 30
15 31
15 30
16 30
17 30
16 30
15 30
15 29
15 28
15 27
16 27
17 27
17 28
16 28
16 27
16 28
15 28
15 27
15 28
15 29
15 30
15 31
14 31
15 31
15 32
15 31
16 31
16 32
16 33
15 33
15 34
16 34
17 34
17 33
17 32
17 33
17 34
17 33
17 32
17 33
17 34
17 35
17 34
17 35
18 35
17 35
16 35
16 34
16 35
15 35
16 35
16 34
16 35
17 35
17 36
17 37
18 37
17 37
17 36
17 37
16 37
16 38
16 37
16 36
16 37
15 37
15 36
14 36
14 37
14 36
15 36
15 35
15 36
14 36
14 35
14 34
14 35
14 36
14 37
15 37
15 38
16 38
15 38
15 39
16 39
15 39
15 38
15 37
14 37
13 37
14 37
14 38
14 37
14 36
14 35
13 35
14 35
14 34
13 34
12 34
13 34
14 34
14 35
14 34
14 33
14 34
13 34
14 34
14 35
15 35
15 34
15 33
15 34
14 34
14 35
15 35
15 36
15 35
16 35
17 35
16 35
15 35
14 35
13 35
13 34
13 35
12 35
12 36
13 36
13 37
13 38
13 37
14 37
13 37
13 38
13 37
13 38
12 38
12 37
11 37
12 37
13 37
14 37
13 37
14 37
15 37
16 37
16 36
17 36
18 36
18 37
18 38
19 38
18 38
17 38
17 37
17 38
16 38
16 37
16 36
17 36
18 36
19 36
20 36
20 37
19 37
19 36
20 36
20 35
19 35
19 34
18 34
18 33
18 32
19 32
18 32
19 32
18 32
18 31
18 32
18 33
18 32
19 32
20 32
19 32
19 33
18 33
18 34
17 34
17 35
16 35
16 34
17 34
17 33
16 33
16 34
16 35
15 35
15 36
15 35
16 35
16 36
16 37
16 36
16 35
17 35
16 35
16 34
16 33
15 33
15 34
16 34
16 35
17 35
18 35
18 34
18 35
19 35
19 36
20 36
20 35
20 34
19 34
20 34
20 35
19 35
19 36
20 36
20 37
19 37
19 38
18 38
18 37
18 36
18 35
17 35
18 35
17 35
17 34
17 35
17 36
17 37
16 37
16 38
15 38
15 39
14 39
13 39
13 38
14 38
14 37
15 37
14 37
14 36
15 36
14 36
13 36
12 36
13 36
13 35
13 34
13 33
12 33
12 32
11 32
12 32
12 31
12 30
12 31
12 32
13 32
14 32
14 31
15 31
15 30
14 30
14 31
15 31
15 30
15 29
16 29
15 29
16 29
15 29
15 28
15 29
16 29
15 29
15 30
15 29
15 30
15 31
14 31
13 31
13 32
14 32
13 32
14 32
14 33
15 33
14 33
15 33
14 33
14 34
15 34
15 35
15 36
15 35
16 35
16 34
16 33
15 33
15 32
16 32
15 32
15 33
16 33
16 34
16 35
17 35
18 35
17 35
18 35
18 36
18 35
18 36
19 36
19 35
20 35
21 35
22 35
23 35
23 36
24 36
23 36
23 37
23 36
23 35
23 36
24 36
23 36
24 36
25 36
26 36
27 36
26 36
26 37
25 37
26 37
27 37
27 38
27 39
28 39
28 40
29 40
30 40
30 41
29 41
30 41
30 42
31 42
32 42
31 42
31 43
30 43
29 43
29 44
29 45
28 45
27 45
27 44
27 43
26 43
27 43
27 42
27 41
28 41
28 40
29 40
29 41
29 42
29 43
29 44
29 45
30 45
31 45
31 46
31 45
31 46
32 46
31 46
30 46
29 46
29 47
29 46
29 47
28 47
28 46
28 47
28 46
29 46
28 46
28 47
27 47
27 48
26 48
26 47
27 47
27 46
27 47
26 47
26 48
26 47
26 46
26 47
26 48
25 48
24 48
24 49
24 50
23 50
23 51
23 50
23 49
22 49
22 50
22 49
22 50
22 51
22 52
21 52
22 52
22 51
22 52
22 51
22 52
22 53
22 54
21 54
20 54
19 54
19 55
18 55
18 54
19 54
19 55
19 54
18 54
17 54
16 54
17 54
16 54
16 53
15 53
15 54
15 55
15 56
16 56
16 57
16 56
15 56
15 57
16 57
15 57
14 57
14 56
14 57
15 57
15 58
16 58
16 57
15 57
15 58
15 59
15 60
16 60
15 60
16 60
17 60
17 61
17 62
17 63
17 62
17 61
16 61
16 62
16 63
16 64
16 63
15 63
16 63
16 62
16 63
16 62
17 62
16 62
17 62
16 62
17 62
17 63
17 62
18 62
17 62
17 61
16 61
17 61
17 62
17 61
17 62
18 62
18 63
19 63
20 63
20 62
20 63
20 62
20 61
21 61
21 60
21 59
21 58
21 57
21 58
20 58
20 59
21 59
21 58
22 58
21 58
21 59
21 60
20 60
20 61
20 62
19 62
19 61
20 61
21 61
22 61
22 60
21 60
22 60
22 61
21 61
20 61
20 62
20 61
21 61
20 61
20 62
20 63
20 62
21 62
21 61
20 61
19 61
20 61
20 60
20 59
20 58
19 58
20 58
19 58
19 57
18 57
19 57
19 58
19 57
19 58
19 57
19 58
19 57
20 57
21 57
21 58
21 57
22 57
23 57
23 58
23 59
22 59
23 59
22 59
22 60
22 61
21 61
21 60
21 59
22 59
22 58
21 58
21 57
22 57
22 58
22 59
22 58
23 58
24 58
24 57
25 57
26 57
26 56
26 55
27 55
27 56
27 57
27 58
26 58
25 58
26 58
26 59
26 58
26 59
26 58
26 59
27 59
27 60
27 59
26 59
27 59
27 60
28 60
28 59
28 58
28 57
28 56
27 56
27 57
27 56
26 56
27 56
26 56
25 56
26 56
27 56
27 57
28 57
27 57
28 57
28 58
28 57
