0 0
1 0
1 1
1 0
0 0
1 0
0 0
0 1
0 2
0 3
1 3
1 2
1 3
0 3
0 2
0 3
1 3
1 4
1 3
1 4
0 4
1 4
1 3
1 2
0 2
1 2
0 2
0 1
0 2
1 2
0 2
0 1
1 1
0 1
1 1
0 1
0 0
1 0
1 1
1 0
0 0
1 0
2 0
3 0
3 1
3 0
3 1
3 2
2 2
2 3
3 3
2 3
1 3
0 3
1 3
1 4
1 3
1 4
1 3
2 3
1 3
1 2
1 3
0 3
1 3
1 4
0 4
0 5
1 5
2 5
1 5
1 4
1 3
1 4
1 3
1 4
2 4
2 3
2 2
3 2
2 2
3 2
2 2
1 2
1 1
2 1
2 2
1 2
1 1
1 2
0 2
1 2
1 3
1 4
1 5
2 5
2 4
1 4
0 4
0 5
1 5
1 6
1 5
1 4
0 4
0 5
0 6
0 5
0 4
0 3
0 4
0 3
1 3
1 2
1 1
1 2
2 2
2 3
2 4
1 4
2 4
1 4
1 3
1 2
1 3
0 3
0 4
0 3
0 2
1 2
2 2
3 2
3 1
3 2
2 2
3 2
3 1
4 1
5 1
5 2
6 2
7 2
6 2
5 2
6 2
6 3
5 3
5 2
6 2
6 1
7 1
7 0
8 0
8 1
7 1
6 1
6 2
6 1
5 1
4 1
5 1
5 0
5 1
5 2
6 2
6 1
7 1
6 1
6 2
6 1
6 0
5 0
6 0
7 0
7 1
6 1
7 1
6 1
7 1
6 1
5 1
6 1
6 2
5 2
4 2
4 1
4 0
4 1
5 1
6 1
7 1
6 1
6 0
6 1
6 2
7 2
8 2
8 3
7 3
8 3
8 4
9 4
10 4
10 5
10 6
10 7
10 8
10 9
9 9
9 10
8 10
9 10
10 10
9 10
8 10
8 11
9 11
8 11
8 10
9 10
9 11
9 10
9 11
9 10
9 11
10 11
9 11
8 11
8 12
9 12
9 13
10 13
9 13
9 14
9 15
9 16
9 17
9 18
8 18
9 18
9 19
8 19
8 18
9 18
8 18
7 18
7 19
7 20
7 19
7 18
7 17
6 17
7 17
7 18
6 18
5 18
5 17
5 16
6 16
5 16
6 16
6 15
6 14
6 15
6 16
6 17
7 17
7 16
8 16
8 17
9 17
9 16
9 15
10 15
10 16
10 17
10 18
9 18
9 17
8 17
8 16
8 15
8 14
8 13
8 14
7 14
7 13
6 13
7 13
7 12
7 13
7 14
8 14
8 13
9 13
8 13
9 13
10 13
10 14
11 14
11 15
11 16
10 16
11 16
11 15
12 15
13 15
12 15
12 16
11 16
12 16
11 16
10 16
10 15
10 16
9 16
8 16
9 16
8 16
8 17
8 18
9 18
8 18
8 17
9 17
9 18
9 19
9 20
10 20
11 20
12 20
12 19
13 19
13 18
13 17
13 18
13 17
12 17
11 17
10 17
11 17
11 18
11 19
10 19
11 19
11 20
12 20
12 21
12 20
13 20
13 21
14 21
13 21
13 22
12 22
12 23
12 24
13 24
13 25
13 26
13 27
14 27
14 26
13 26
12 26
12 25
12 24
11 24
11 25
11 26
10 26
10 27
11 27
12 27
11 27
11 26
11 27
11 28
11 27
11 28
11 29
11 28
11 29
11 28
11 29
10 29
10 28
10 29
10 28
10 29
11 29
10 29
9 29
8 29
8 28
9 28
10 28
11 28
10 28
11 28
11 29
10 29
10 30
11 30
11 29
10 29
10 28
11 28
11 27
10 27
11 27
11 28
12 28
12 27
12 28
13 28
12 28
11 28
12 28
13 28
13 27
14 27
14 26
15 26
15 27
15 28
16 28
16 29
16 28
17 28
18 28
18 27
19 27
19 26
19 25
18 25
18 26
18 25
19 25
20 25
19 25
20 25
20 26
21 26
21 27
22 27
23 27
23 26
23 25
22 25
21 25
21 24
21 25
20 25
21 25
20 25
19 25
18 25
18 26
19 26
20 26
21 26
21 25
21 24
21 23
21 24
20 24
21 24
21 23
22 23
22 22
22 21
22 22
23 22
24 22
25 22
25 23
25 24
25 25
25 26
25 25
25 24
25 25
25 24
25 25
24 25
25 25
25 26
26 26
27 26
27 25
26 25
25 25
24 25
24 26
24 27
23 27
22 27
21 27
21 28
21 29
20 29
20 30
20 31
20 32
20 31
19 31
20 31
21 31
20 31
19 31
18 31
18 30
18 29
19 29
19 28
19 27
19 26
20 26
20 25
19 25
19 26
20 26
20 25
21 25
22 25
22 24
22 23
21 23
21 22
21 21
21 20
21 21
22 21
22 22
23 22
23 21
23 20
22 20
22 21
23 21
23 20
22 20
22 19
23 19
22 19
22 20
23 20
22 20
22 21
21 21
20 21
21 21
20 21
20 20
20 21
20 20
20 21
21 21
21 22
20 22
20 21
20 20
21 20
22 20
22 21
21 21
20 21
20 22
19 22
18 22
19 22
19 23
19 24
19 23
20 23
20 22
21 22
21 23
21 24
22 24
23 24
23 23
24 23
25 23
26 23
26 24
25 24
24 24
23 24
23 23
22 23
23 23
23 22
24 22
25 22
25 23
26 23
27 23
28 23
27 23
26 23
26 24
26 23
26 22
27 22
27 23
27 22
27 23
27 22
26 22
26 23
25 23
26 23
26 24
27 24
27 25
27 26
26 26
26 25
27 25
26 25
26 26
26 27
26 28
25 28
26 28
26 27
26 28
26 27
26 28
26 29
26 28
25 28
25 29
25 28
25 27
26 27
26 28
25 28
25 29
25 28
24 28
24 29
24 30
25 30
25 29
24 29
24 28
24 29
23 29
23 28
23 27
22 27
22 28
22 29
23 29
23 30
22 30
23 30
24 30
24 29
24 28
23 28
22 28
23 28
23 29
24 29
24 28
23 28
23 29
24 29
24 30
24 31
25 31
25 30
26 30
26 29
26 28
25 28
25 29
25 30
25 31
25 32
24 32
23 32
24 32
24 31
24 32
24 31
25 31
25 32
25 33
24 33
23 33
23 34
23 33
23 32
23 31
22 31
22 30
21 30
22 30
21 30
20 30
21 30
21 31
21 32
22 32
22 33
23 33
23 32
24 32
23 32
24 32
23 32
22 32
22 31
21 31
20 31
20 30
19 30
20 30
20 29
20 28
20 27
21 27
20 27
20 28
21 28
21 27
22 27
23 27
23 26
22 26
22 27
22 28
23 28
23 27
23 26
24 26
23 26
24 26
25 26
26 26
26 27
25 27
26 27
25 27
24 27
25 27
24 27
25 27
24 27
24 28
23 28
23 27
22 27
23 27
22 27
22 26
21 26
21 25
22 25
22 24
22 23
22 24
21 24
21 25
20 25
20 24
20 25
19 25
19 26
19 27
19 28
19 29
18 29
18 30
18 31
17 31
16 31
17 31
16 31
16 32
15 32
16 32
16 31
16 30
16 31
16 32
15 32
14 32
14 31
13 31
12 31
13 31
13 30
12 30
12 29
13 29
14 29
14 30
14 31
14 30
14 31
14 32
15 32
15 33
14 33
14 32
13 32
13 31
13 30
14 30
14 31
13 31
14 31
13 31
14 31
13 31
14 31
13 31
13 30
13 29
13 30
13 29
14 29
13 29
13 28
12 28
12 29
12 28
12 27
12 26
13 26
13 27
12 27
12 28
13 28
13 27
13 28
13 29
13 30
14 30
14 31
15 31
15 30
14 30
13 30
12 30
13 30
14 30
15 30
16 30
16 31
15 31
14 31
13 31
12 31
13 31
13 32
13 31
13 32
14 32
14 33
15 33
15 32
15 31
15 32
14 32
15 32
15 33
14 33
13 33
12 33
13 33
13 34
14 34
13 34
14 34
15 34
14 34
15 34
15 35
15 34
15 35
16 35
16 36
16 35
16 36
17 36
17 35
17 36
16 36
16 37
15 37
14 37
14 38
15 38
14 38
14 37
15 37
16 37
15 37
15 36
15 35
14 35
13 35
13 34
12 34
13 34
14 34
13 34
13 33
12 33
13 33
13 34
13 35
12 35
11 35
11 36
12 36
11 36
11 37
10 37
9 37
8 37
8 36
8 37
8 38
9 38
9 39
9 40
9 41
9 42
9 43
10 43
11 43
11 44
11 43
11 42
11 41
12 41
12 42
12 43
12 42
13 42
14 42
14 43
15 43
16 43
16 42
16 41
15 41
16 41
16 42
17 42
16 42
16 41
16 42
16 41
15 41
16 41
17 41
18 41
18 42
18 41
18 42
19 42
19 43
19 42
19 41
19 42
20 42
19 42
19 41
20 41
20 42
20 41
20 42
21 42
20 42
20 43
20 42
21 42
22 42
22 43
22 44
22 43
22 44
23 44
23 43
23 44
22 44
23 44
22 44
22 45
22 44
23 44
