0 0
0 1
0 2
1 2
0 2
0 1
1 1
1 2
2 2
2 3
1 3
2 3
1 3
1 2
0 2
1 2
1 1
2 1
2 2
3 2
3 1
3 0
2 0
3 0
3 1
2 1
3 1
4 1
3 1
4 1
5 1
5 2
5 1
6 1
5 1
4 1
3 1
2 1
2 2
3 2
4 2
4 3
4 2
5 2
5 1
4 1
3 1
2 1
2 2
1 2
2 2
3 2
3 1
3 2
4 2
3 2
4 2
4 1
4 2
3 2
3 3
2 3
1 3
2 3
2 2
1 2
1 3
1 2
1 3
2 3
3 3
3 2
3 3
2 3
1 3
0 3
0 4
0 5
1 5
1 6
0 6
1 6
0 6
1 6
0 6
1 6
1 5
1 4
2 4
2 5
2 6
1 6
2 6
2 7
2 8
3 8
4 8
5 8
5 7
4 7
5 7
5 6
5 5
5 4
4 4
4 3
3 3
4 3
4 4
4 5
4 4
4 5
4 6
5 6
6 6
5 6
5 5
5 6
5 5
6 5
6 6
5 6
4 6
3 6
2 6
2 7
1 7
1 6
2 6
2 7
2 8
2 9
1 9
1 8
1 9
2 9
2 8
2 7
2 8
2 7
3 7
2 7
3 7
3 6
4 6
4 5
4 6
4 5
4 6
4 5
4 4
3 4
3 5
4 5
3 5
3 6
4 6
3 6
3 7
3 8
4 8
3 8
2 8
2 9
3 9
4 9
5 9
5 8
4 8
3 8
3 9
4 9
5 9
5 10
5 9
6 9
6 10
6 11
6 12
7 12
8 12
8 11
9 11
9 12
8 12
8 11
8 12
9 12
9 11
9 12
8 12
9 12
8 12
8 11
8 10
8 11
8 10
9 10
9 11
10 11
9 11
8 11
7 11
7 12
7 11
6 11
6 12
6 11
6 10
6 11
6 10
7 10
7 9
7 8
6 8
7 8
8 8
8 9
8 10
8 9
9 9
9 10
9 11
9 12
8 12
7 12
7 11
6 11
6 12
5 12
5 11
6 11
6 10
6 11
7 11
6 11
5 11
5 10
4 10
4 9
4 8
4 9
3 9
3 10
3 11
3 10
3 9
3 8
3 9
2 9
2 8
3 8
3 9
3 8
3 9
4 9
3 9
2 9
2 10
2 9
1 9
2 9
3 9
2 9
1 9
1 8
1 9
2 9
2 8
1 8
1 7
0 7
1 7
1 8
1 7
2 7
3 7
4 7
3 7
3 6
2 6
2 7
1 7
1 6
1 7
2 7
2 6
3 6
3 7
3 8
3 9
3 10
4 10
4 9
5 9
4 9
3 9
3 10
4 10
5 10
6 10
6 9
5 9
5 8
5 7
6 7
7 7
6 7
6 6
6 7
6 6
7 6
8 6
7 6
7 7
8 7
7 7
6 7
6 8
6 7
6 6
5 6
5 7
5 8
6 8
6 7
6 6
6 5
6 6
7 6
7 7
8 7
9 7
10 7
10 6
10 5
9 5
9 6
8 6
8 5
8 4
9 4
8 4
9 4
9 3
8 3
8 4
7 4
8 4
8 3
9 3
9 2
9 3
8 3
8 2
8 3
8 2
8 1
9 1
8 1
8 0
8 1
7 1
6 1
6 2
6 3
6 2
5 2
4 2
4 3
4 2
3 2
4 2
4 3
4 4
4 3
4 2
4 3
4 2
4 3
4 2
4 3
5 3
6 3
5 3
6 3
6 4
6 3
6 4
7 4
7 3
7 2
6 2
6 3
6 4
6 3
7 3
8 3
7 3
7 2
7 1
8 1
8 0
9 0
10 0
10 1
11 1
10 1
11 1
12 1
11 1
10 1
11 1
12 1
13 1
14 1
14 2
15 2
14 2
14 1
13 1
12 1
11 1
10 1
9 1
9 2
9 1
8 1
7 1
7 2
8 2
8 1
8 0
7 0
8 0
7 0
7 1
7 2
8 2
8 1
7 1
7 0
7 1
7 0
6 0
6 1
6 0
6 1
5 1
5 0
6 0
6 1
7 1
7 2
7 1
8 1
7 1
7 2
7 3
6 3
6 4
7 4
7 3
6 3
6 4
6 3
5 3
4 3
3 3
3 4
3 3
4 3
4 4
5 4
6 4
6 5
6 4
6 3
6 4
6 5
6 6
6 7
6 6
5 6
4 6
5 6
5 5
5 4
5 5
4 5
3 5
2 5
2 4
3 4
2 4
3 4
3 5
2 5
2 6
2 7
3 7
3 6
4 6
4 5
3 5
2 5
3 5
3 4
2 4
2 3
2 2
3 2
2 2
1 2
2 2
3 2
4 2
4 3
4 2
4 3
4 2
5 2
4 2
4 3
5 3
6 3
6 2
6 3
6 2
6 1
6 0
7 0
7 1
7 0
7 1
8 1
8 2
8 1
8 0
7 0
8 0
8 1
8 2
8 3
9 3
9 2
9 3
9 2
8 2
9 2
9 1
10 1
9 1
8 1
9 1
9 2
9 1
9 2
9 1
9 2
9 1
9 2
9 3
10 3
9 3
8 3
9 3
9 2
9 3
8 3
9 3
9 4
8 4
9 4
9 5
8 5
7 5
7 6
6 6
7 6
8 6
7 6
8 6
8 5
7 5
6 5
7 5
7 6
7 7
7 6
7 7
6 7
6 6
6 7
5 7
4 7
3 7
4 7
4 6
5 6
4 6
5 6
6 6
7 6
7 7
7 6
6 6
6 5
5 5
4 5
4 6
4 7
4 6
5 6
5 7
4 7
5 7
5 6
5 5
5 6
5 5
5 4
6 4
7 4
6 4
6 5
5 5
4 5
4 4
4 3
4 4
3 4
3 5
4 5
4 4
5 4
5 5
5 6
4 6
4 7
5 7
5 8
5 9
5 8
5 7
5 8
6 8
7 8
7 9
6 9
6 8
5 8
4 8
4 9
4 10
5 10
6 10
6 11
7 11
7 12
8 12
8 11
8 10
8 11
8 12
9 12
9 11
10 11
10 12
10 13
10 14
10 15
11 15
10 15
10 14
9 14
8 14
9 14
10 14
10 15
9 15
9 14
9 13
8 13
8 12
7 12
7 13
8 13
8 12
8 13
7 13
6 13
7 13
6 13
5 13
5 12
5 13
5 12
4 12
5 12
6 12
5 12
5 11
6 11
6 10
7 10
7 11
7 10
8 10
8 9
8 10
7 10
8 10
7 10
8 10
7 10
8 10
8 11
8 10
8 9
9 9
8 9
8 8
7 8
8 8
9 8
9 9
8 9
8 10
7 10
7 11
7 10
6 10
6 11
7 11
8 11
8 12
9 12
9 11
10 11
10 12
10 11
10 10
10 9
10 10
10 9
11 9
11 10
10 10
10 9
11 9
11 8
12 8
12 9
12 8
11 8
11 7
11 6
10 6
10 5
9 5
9 4
9 5
9 4
10 4
10 3
11 3
12 3
11 3
11 2
10 2
10 1
10 2
10 1
9 1
10 1
10 0
10 1
10 2
11 2
11 3
12 3
12 2
11 2
11 3
12 3
12 4
12 5
12 6
12 7
13 7
14 7
15 7
16 7
16 6
17 6
18 6
17 6
17 7
17 8
17 9
17 8
18 8
19 8
20 8
20 7
21 7
22 7
22 6
22 5
21 5
21 4
21 5
21 6
21 7
21 8
21 9
22 9
21 9
22 9
21 9
22 9
22 8
22 7
22 8
23 8
24 8
24 9
23 9
24 9
24 10
24 9
24 8
24 9
25 9
25 10
25 11
25 10
25 11
26 11
25 11
25 10
24 10
24 9
24 10
24 11
23 11
23 10
22 10
23 10
23 11
22 11
22 12
23 12
23 11
23 10
23 11
24 11
25 11
25 10
25 11
24 11
25 11
25 12
25 11
26 11
25 11
25 10
25 11
24 11
23 11
22 11
21 11
21 12
21 13
22 13
22 12
23 12
24 12
25 12
25 11
24 11
23 11
22 11
22 10
21 10
20 10
20 9
21 9
22 9
23 9
22 9
22 10
22 9
23 9
23 10
23 11
22 11
22 12
22 11
23 11
23 12
23 11
23 12
23 13
24 13
24 14
25 14
26 14
26 13
25 13
25 12
25 11
25 10
25 9
24 9
23 9
22 9
22 8
22 7
23 7
24 7
24 8
24 9
24 8
25 8
25 7
24 7
25 7
25 6
25 5
25 6
25 5
25 6
25 5
26 5
25 5
25 4
25 3
26 3
26 4
27 4
27 3
28 3
29 3
30 3
31 3
32 3
32 4
32 5
31 5
31 4
30 4
30 3
30 4
30 5
31 5
31 4
32 4
31 4
31 3
30 3
30 4
29 4
30 4
30 3
30 4
30 5
31 5
32 5
31 5
31 6
32 6
32 5
33 5
33 6
33 5
34 5
34 6
34 5
33 5
33 4
34 4
34 3
35 3
35 2
36 2
37 2
38 2
39 2
38 2
37 2
37 3
37 2
36 2
35 2
35 3
35 4
35 3
35 2
