0 0
1 0
2 0
2 1
3 1
3 2
2 2
1 2
2 2
3 2
3 1
3 2
2 2
2 3
2 4
2 5
3 5
4 5
4 6
4 5
4 6
4 5
5 5
5 4
5 3
5 2
5 3
5 2
5 3
5 2
5 3
4 3
4 4
4 3
4 2
5 2
5 1
5 0
5 1
5 2
5 1
5 0
6 0
6 1
6 2
6 1
6 0
5 0
6 0
6 1
6 2
7 2
7 3
6 3
7 3
6 3
7 3
7 4
8 4
7 4
6 4
6 5
5 5
5 4
5 5
6 5
5 5
5 6
5 7
5 6
6 6
6 7
6 8
7 8
8 8
7 8
7 7
6 7
6 6
6 7
6 6
6 5
7 5
6 5
6 6
5 6
5 5
4 5
3 5
3 6
4 6
4 5
3 5
4 5
3 5
4 5
5 5
6 5
7 5
6 5
6 6
7 6
7 5
6 5
6 4
6 5
6 6
5 6
5 5
6 5
6 4
7 4
6 4
6 5
6 4
6 5
7 5
7 6
7 7
7 6
8 6
8 7
8 8
8 9
8 10
8 9
7 9
6 9
5 9
6 9
6 8
7 8
8 8
7 8
6 8
7 8
7 7
7 6
6 6
6 7
5 7
6 7
7 7
7 8
8 8
7 8
7 7
8 7
8 6
8 5
7 5
8 5
8 6
7 6
6 6
5 6
5 5
6 5
6 6
7 6
8 6
7 6
8 6
8 5
8 4
8 3
8 2
8 1
9 1
8 1
8 0
8 1
8 2
7 2
8 2
8 3
7 3
6 3
5 3
5 4
5 5
4 5
4 4
4 3
4 4
3 4
3 3
4 3
4 2
4 1
4 2
4 1
5 1
5 0
4 0
4 1
3 1
4 1
4 0
5 0
5 1
6 1
7 1
6 1
5 1
6 1
6 0
6 1
7 1
7 2
8 2
8 1
7 1
7 0
7 1
7 2
6 2
6 1
6 0
5 0
5 1
4 1
5 1
5 2
4 2
5 2
5 3
5 4
5 3
5 4
4 4
3 4
2 4
2 3
2 2
1 2
1 3
0 3
1 3
0 3
0 2
0 1
1 1
2 1
2 2
2 3
2 2
2 1
3 1
2 1
1 1
1 2
0 2
0 3
1 3
0 3
0 2
1 2
1 1
1 2
2 2
2 1
2 0
1 0
2 0
2 1
3 1
3 0
2 0
2 1
1 1
1 0
0 0
0 1
1 1
2 1
2 0
2 1
2 2
3 2
3 3
2 3
1 3
1 4
2 4
2 5
2 6
1 6
0 6
0 5
1 5
1 6
1 7
0 7
1 7
1 8
2 8
1 8
2 8
2 9
2 10
3 10
4 10
3 10
4 10
4 11
4 12
3 12
3 13
2 13
3 13
4 13
5 13
5 14
5 15
5 16
5 15
6 15
6 14
6 13
6 12
6 13
6 14
6 13
6 12
6 11
6 10
6 11
6 10
5 10
5 11
4 11
5 11
6 11
5 11
5 12
4 12
4 13
4 14
5 14
6 14
6 15
6 14
5 14
4 14
5 14
6 14
6 15
6 16
5 16
6 16
6 17
5 17
4 17
4 18
5 18
5 19
5 18
5 17
5 18
5 17
5 16
5 17
5 16
6 16
6 17
5 17
4 17
5 17
5 16
5 17
6 17
6 16
6 17
6 16
6 15
6 14
5 14
4 14
3 14
3 13
3 14
3 13
4 13
5 13
6 13
7 13
7 12
7 13
7 14
6 14
6 13
5 13
5 12
4 12
4 13
3 13
3 12
3 13
4 13
4 14
4 13
5 13
4 13
5 13
4 13
4 14
4 15
4 16
5 16
5 17
4 17
3 17
3 18
4 18
3 18
3 19
2 19
2 18
1 18
0 18
1 18
1 19
1 20
1 21
1 20
1 19
2 19
1 19
1 20
1 21
1 20
0 20
1 20
1 21
1 22
1 23
1 22
0 22
0 21
1 21
1 20
2 20
2 21
3 21
3 22
3 21
2 21
2 22
3 22
2 22
3 22
2 22
2 23
2 22
2 23
2 22
2 21
2 22
2 23
3 23
3 22
3 23
4 23
3 23
3 22
2 22
2 21
2 20
2 19
3 19
3 18
3 17
3 16
4 16
4 17
4 18
4 19
4 20
5 20
5 21
5 22
4 22
4 23
5 23
4 23
3 23
3 24
3 23
4 23
4 22
4 23
4 24
4 25
4 26
3 26
3 25
2 25
1 25
2 25
2 26
2 25
2 26
3 26
3 27
4 27
5 27
4 27
3 27
3 28
4 28
3 28
3 27
2 27
3 27
3 26
2 26
2 25
2 24
2 23
2 24
2 25
2 26
2 25
2 26
1 26
2 26
2 27
2 26
2 27
3 27
4 27
5 27
5 28
5 27
5 26
4 26
5 26
5 27
5 26
6 26
5 26
5 25
4 25
5 25
5 24
5 23
6 23
6 22
5 22
4 22
4 21
4 22
3 22
2 22
1 22
0 22
1 22
0 22
0 23
0 24
1 24
1 23
1 24
2 24
3 24
3 23
3 22
2 22
2 23
2 24
3 24
2 24
2 25
3 25
3 26
4 26
4 27
3 27
4 27
5 27
5 26
5 27
4 27
3 27
3 28
3 29
2 29
2 30
1 30
1 31
1 30
0 30
1 30
1 29
2 29
2 30
1 30
2 30
2 29
1 29
0 29
1 29
1 28
1 27
2 27
1 27
1 28
1 29
1 28
2 28
1 28
0 28
0 29
1 29
2 29
2 28
2 27
3 27
3 26
3 27
3 26
3 27
3 28
2 28
2 27
2 28
3 28
4 28
4 29
5 29
4 29
3 29
3 30
3 29
3 28
4 28
3 28
3 27
2 27
3 27
3 28
3 27
2 27
1 27
1 28
1 29
2 29
2 28
1 28
0 28
0 29
1 29
1 30
1 29
2 29
3 29
3 30
4 30
4 29
3 29
4 29
4 30
4 29
5 29
5 30
5 29
5 28
4 28
5 28
4 28
4 29
4 30
5 30
5 31
6 31
6 32
6 33
5 33
6 33
5 33
5 32
5 33
4 33
5 33
4 33
4 32
5 32
5 31
5 32
5 31
5 32
5 33
5 34
4 34
5 34
5 35
5 36
4 36
4 35
4 34
4 33
3 33
2 33
1 33
0 33
1 33
0 33
0 34
1 34
1 35
2 35
2 36
1 36
0 36
0 37
0 38
1 38
2 38
2 39
3 39
3 38
3 37
2 37
2 36
3 36
4 36
4 37
5 37
5 38
6 38
6 37
5 37
5 36
6 36
6 35
5 35
5 34
5 33
5 34
4 34
3 34
3 33
3 34
2 34
1 34
2 34
2 33
3 33
3 32
3 33
3 34
3 35
2 35
1 35
1 36
0 36
0 35
0 36
1 36
1 37
2 37
3 37
3 36
3 37
4 37
5 37
4 37
4 36
4 37
5 37
6 37
6 36
7 36
7 37
7 38
7 39
7 38
6 38
7 38
7 39
7 40
7 41
7 42
7 43
7 44
8 44
8 43
9 43
8 43
8 44
8 45
8 46
9 46
8 46
8 45
7 45
7 46
8 46
8 45
8 44
9 44
9 45
8 45
9 45
9 46
8 46
8 47
8 46
8 47
7 47
7 46
7 47
8 47
8 48
9 48
8 48
9 48
9 47
10 47
9 47
9 48
8 48
7 48
8 48
8 47
7 47
8 47
7 47
7 46
6 46
6 47
6 48
7 48
6 48
6 47
7 47
7 46
8 46
8 45
8 46
7 46
8 46
8 45
8 46
7 46
7 45
7 44
8 44
9 44
10 44
10 43
11 43
10 43
11 43
11 42
10 42
10 43
11 43
11 44
10 44
9 44
9 45
10 45
10 46
10 47
11 47
11 46
12 46
12 45
13 45
13 44
14 44
15 44
15 43
15 42
15 43
15 44
15 43
14 43
14 42
14 43
15 43
15 44
15 45
14 45
14 46
15 46
14 46
13 46
12 46
13 46
13 47
13 48
13 49
14 49
13 49
14 49
13 49
13 48
12 48
12 47
12 48
12 47
11 47
11 48
12 48
13 48
13 49
12 49
12 48
11 48
11 49
10 49
10 50
10 49
10 48
10 47
11 47
10 47
10 48
10 49
9 49
8 49
8 50
8 51
9 51
9 52
8 52
8 51
7 51
6 51
7 51
7 50
7 51
6 51
5 51
5 50
4 50
3 50
3 49
3 48
3 49
3 50
4 50
3 50
3 51
4 51
3 51
2 51
3 51
2 51
2 50
2 51
2 52
2 51
2 50
1 50
2 50
1 50
2 50
2 49
2 48
1 48
1 49
1 50
2 50
3 50
3 51
4 51
5 51
6 51
6 50
7 50
7 49
7 48
8 48
7 48
8 48
7 48
8 48
9 48
8 48
7 48
7 47
6 47
7 47
6 47
7 47
6 47
6 48
7 48
8 48
8 49
7 49
6 49
5 49
5 48
5 47
5 46
