0 0
0 1
0 0
0 1
1 1
1 0
1 1
2 1
1 1
0 1
1 1
2 1
3 1
2 1
2 0
3 0
3 1
3 2
3 3
3 2
2 2
2 1
3 1
3 2
3 3
4 3
3 3
4 3
3 3
2 3
1 3
2 3
2 2
1 2
2 2
3 2
4 2
3 2
2 2
3 2
3 1
3 0
3 1
3 0
3 1
4 1
5 1
5 0
6 0
6 1
5 1
4 1
4 2
3 2
4 2
4 3
3 3
2 3
2 4
3 4
3 3
2 3
2 4
2 5
3 5
3 4
3 5
2 5
2 6
2 5
3 5
3 6
2 6
2 5
2 6
3 6
3 5
3 6
3 5
4 5
4 4
4 3
4 2
3 2
3 3
3 2
3 1
3 2
3 1
3 2
4 2
4 1
4 2
3 2
4 2
4 1
4 2
3 2
3 3
3 4
4 4
4 3
5 3
6 3
6 2
6 3
5 3
5 2
6 2
6 1
6 2
6 3
6 4
5 4
5 3
5 2
4 2
4 1
3 1
4 1
5 1
6 1
5 1
5 0
4 0
3 0
2 0
3 0
3 1
3 2
3 3
2 3
2 4
2 5
1 5
0 5
0 6
0 7
0 6
0 7
1 7
2 7
2 6
2 5
3 5
4 5
4 4
5 4
5 3
5 2
6 2
5 2
6 2
6 1
5 1
5 2
5 1
5 2
5 3
4 3
5 3
6 3
6 4
5 4
5 5
6 5
7 5
7 4
8 4
9 4
8 4
8 5
9 5
10 5
10 6
11 6
12 6
12 7
13 7
14 7
15 7
14 7
14 6
14 7
14 8
14 9
15 9
15 10
14 10
13 10
14 10
14 9
13 9
13 8
13 9
13 10
13 11
13 12
14 12
14 11
15 11
16 11
17 11
16 11
17 11
18 11
19 11
19 10
19 9
19 10
19 9
20 9
19 9
20 9
19 9
19 10
20 10
19 10
20 10
19 10
19 11
20 11
21 11
22 11
23 11
22 11
22 10
23 10
22 10
21 10
22 10
22 9
23 9
23 10
23 9
22 9
23 9
22 9
22 10
21 10
20 10
20 9
21 9
20 9
20 10
20 9
20 8
21 8
21 9
21 8
21 7
22 7
23 7
23 8
23 7
23 8
23 7
22 7
23 7
23 6
24 6
23 6
23 7
23 6
23 5
24 5
23 5
23 4
23 3
23 4
22 4
22 3
22 2
23 2
24 2
24 1
23 1
23 0
24 0
24 1
25 1
24 1
23 1
24 1
24 2
24 1
24 2
23 2
24 2
25 2
25 3
25 2
25 3
25 2
25 3
26 3
26 2
25 2
25 1
24 1
24 0
25 0
25 1
26 1
25 1
25 2
25 1
25 2
25 3
25 2
26 2
26 1
26 0
27 0
28 0
28 1
28 0
28 1
28 2
29 2
28 2
28 3
29 3
29 4
30 4
31 4
31 3
31 4
31 5
30 5
29 5
28 5
28 4
28 5
27 5
27 4
27 3
27 4
27 5
27 6
26 6
26 7
27 7
26 7
27 7
28 7
28 6
27 6
28 6
27 6
28 6
27 6
28 6
28 5
28 6
27 6
27 5
26 5
26 4
26 5
26 6
26 7
27 7
26 7
27 7
26 7
27 7
27 8
26 8
26 9
26 8
25 8
25 7
25 6
24 6
24 7
23 7
23 8
22 8
22 7
22 8
22 7
22 8
21 8
22 8
23 8
22 8
22 7
22 8
22 7
23 7
24 7
23 7
23 6
24 6
25 6
25 7
25 6
25 5
24 5
24 4
24 3
24 2
24 3
25 3
24 3
24 2
24 1
25 1
26 1
26 0
26 1
26 0
26 1
27 1
28 1
28 0
29 0
29 1
30 1
31 1
31 0
31 1
31 2
32 2
32 3
32 4
31 4
30 4
31 4
31 5
31 4
31 5
31 6
31 7
30 7
30 6
31 6
31 5
30 5
29 5
29 6
28 6
28 7
28 8
29 8
29 7
28 7
28 6
29 6
29 7
29 6
30 6
30 7
30 8
31 8
32 8
32 9
31 9
31 10
31 9
30 9
31 9
30 9
30 8
29 8
29 9
29 8
29 9
29 10
29 11
30 11
30 12
29 12
28 12
29 12
30 12
30 11
31 11
31 12
31 13
31 14
32 14
32 13
33 13
33 14
34 14
34 15
33 15
33 14
33 13
33 14
34 14
34 15
33 15
33 14
33 13
33 12
32 12
33 12
34 12
34 11
35 11
34 11
35 11
36 11
36 10
36 9
36 8
36 7
35 7
35 6
34 6
34 7
34 6
33 6
33 7
34 7
33 7
33 6
33 5
33 6
34 6
34 5
35 5
35 6
34 6
34 7
34 8
34 9
34 8
35 8
36 8
37 8
36 8
36 9
36 10
35 10
35 9
36 9
35 9
35 8
35 9
35 8
35 9
35 8
34 8
34 9
34 8
34 9
35 9
34 9
35 9
35 8
34 8
35 8
35 7
35 8
35 9
34 9
33 9
33 10
34 10
34 9
34 10
34 9
34 10
34 11
35 11
36 11
35 11
35 12
35 13
35 14
36 14
37 14
37 15
37 14
38 14
38 13
38 12
38 13
38 12
39 12
40 12
40 11
40 10
41 10
41 11
40 11
41 11
42 11
43 11
43 10
43 11
43 10
43 9
42 9
42 10
42 9
41 9
41 10
41 11
41 10
42 10
41 10
40 10
40 9
40 8
39 8
39 7
39 6
40 6
40 5
40 4
40 5
40 6
40 5
39 5
39 4
40 4
40 3
40 2
40 1
40 0
40 1
40 2
41 2
40 2
39 2
39 3
39 2
39 3
38 3
39 3
39 4
38 4
38 5
39 5
40 5
40 4
40 5
39 5
39 6
38 6
38 5
38 6
37 6
37 7
38 7
38 6
37 6
37 5
36 5
37 5
37 4
38 4
39 4
38 4
38 5
38 6
37 6
38 6
39 6
40 6
40 5
40 4
41 4
40 4
41 4
41 5
40 5
41 5
41 4
40 4
39 4
39 3
38 3
38 4
39 4
38 4
38 3
38 4
38 5
37 5
36 5
36 6
35 6
34 6
34 5
35 5
35 6
36 6
35 6
36 6
37 6
37 5
37 6
37 5
37 6
37 5
36 5
36 6
36 5
35 5
35 6
35 7
35 8
36 8
35 8
34 8
33 8
32 8
33 8
33 7
32 7
31 7
30 7
30 8
29 8
30 8
30 9
31 9
31 8
31 7
30 7
30 8
31 8
31 7
32 7
32 8
31 8
32 8
32 7
32 8
31 8
30 8
30 7
31 7
31 8
32 8
31 8
32 8
31 8
31 7
32 7
32 8
32 7
31 7
31 6
31 7
31 8
32 8
33 8
32 8
32 9
32 8
32 9
32 10
33 10
33 11
32 11
32 12
31 12
32 12
33 12
34 12
35 12
35 13
36 13
36 14
35 14
35 15
34 15
34 14
34 15
35 15
34 15
34 14
34 13
34 12
35 12
35 13
35 12
36 12
36 11
36 12
36 13
36 14
36 15
35 15
36 15
35 15
35 14
35 13
35 12
36 12
37 12
38 12
39 12
40 12
39 12
38 12
37 12
36 12
36 11
35 11
35 10
35 9
35 10
35 9
36 9
35 9
35 8
34 8
34 9
34 8
35 8
36 8
36 9
36 8
36 7
36 6
36 5
35 5
35 4
35 3
35 4
36 4
37 4
36 4
36 5
36 4
35 4
34 4
35 4
35 5
34 5
34 4
33 4
33 3
32 3
32 2
33 2
33 3
32 3
31 3
31 2
30 2
30 3
30 2
30 1
30 2
30 3
29 3
29 4
28 4
28 3
28 2
27 2
26 2
25 2
25 1
24 1
24 0
24 1
24 2
25 2
24 2
25 2
26 2
26 1
26 0
26 1
27 1
28 1
27 1
27 0
27 1
27 0
26 0
27 0
27 1
28 1
28 2
27 2
28 2
27 2
28 2
27 2
26 2
26 3
26 2
25 2
25 3
26 3
26 4
26 5
25 5
24 5
24 6
24 5
25 5
26 5
26 4
27 4
26 4
26 3
27 3
27 2
26 2
26 1
26 0
26 1
26 0
26 1
26 0
27 0
28 0
27 0
26 0
27 0
26 0
26 1
26 0
26 1
27 1
28 1
29 1
29 0
29 1
29 2
29 3
29 4
30 4
29 4
29 3
28 3
28 2
27 2
26 2
25 2
24 2
24 1
25 1
25 0
26 0
26 1
25 1
25 2
25 3
25 2
26 2
25 2
25 1
25 2
25 1
26 1
26 0
26 1
25 1
25 2
24 2
24 1
24 2
24 1
24 2
25 2
25 3
24 3
24 4
24 3
24 2
23 2
23 3
22 3
21 3
21 4
21 5
21 4
21 5
21 4
22 4
22 5
22 6
23 6
23 5
22 5
21 5
21 6
21 5
20 5
21 5
21 4
21 5
22 5
22 6
22 5
22 4
23 4
