0 0
1 0
1 1
2 1
2 0
2 1
2 0
2 1
2 0
2 1
2 2
2 1
1 1
1 0
0 0
1 0
0 0
1 0
1 1
0 1
0 0
0 1
1 1
1 0
2 0
2 1
1 1
1 2
1 3
1 4
0 4
0 3
0 2
1 2
1 3
0 3
0 4
0 3
0 4
1 4
0 4
1 4
2 4
3 4
4 4
4 5
4 4
4 5
4 6
4 5
4 4
4 5
4 6
4 5
3 5
3 4
3 3
3 4
4 4
4 5
4 6
5 6
5 5
6 5
6 6
6 5
6 4
7 4
7 5
8 5
8 6
9 6
8 6
9 6
9 5
10 5
10 4
9 4
10 4
11 4
12 4
11 4
12 4
11 4
12 4
11 4
12 4
12 3
12 4
12 3
13 3
12 3
13 3
12 3
11 3
10 3
11 3
10 3
10 4
9 4
9 5
8 5
7 5
7 4
7 5
7 6
7 7
6 7
6 8
5 8
5 7
5 8
6 8
6 7
6 8
5 8
5 7
6 7
6 8
6 7
6 8
6 9
6 10
6 11
7 11
6 11
6 12
6 13
6 14
5 14
5 13
6 13
5 13
5 14
5 13
5 14
5 15
5 16
4 16
4 17
3 17
2 17
2 18
3 18
3 17
3 18
3 19
4 19
4 18
3 18
2 18
2 19
3 19
3 20
3 19
3 18
3 19
3 18
2 18
3 18
2 18
3 18
3 19
4 19
3 19
4 19
4 20
4 19
4 18
4 19
5 19
4 19
4 18
3 18
3 17
2 17
1 17
2 17
3 17
4 17
4 18
3 18
4 18
4 19
4 20
4 21
4 20
4 19
5 19
6 19
6 18
6 17
6 18
7 18
7 19
8 19
8 20
8 21
7 21
7 22
6 22
5 22
6 22
6 23
5 23
5 24
5 25
4 25
4 24
4 25
4 26
4 27
4 28
3 28
3 27
2 27
3 27
4 27
3 27
2 27
2 28
1 28
1 29
2 29
1 29
2 29
3 29
4 29
4 30
5 30
5 31
5 32
5 33
4 33
4 32
4 33
4 32
4 33
3 33
2 33
2 32
2 31
3 31
4 31
5 31
4 31
4 30
4 29
4 28
4 27
4 26
4 25
3 25
2 25
2 26
1 26
2 26
2 25
2 26
2 25
2 26
2 27
3 27
2 27
3 27
3 28
3 27
3 28
2 28
3 28
4 28
4 27
3 27
3 28
4 28
3 28
2 28
2 29
2 30
2 29
1 29
0 29
0 28
0 29
0 28
1 28
1 27
2 27
3 27
2 27
3 27
2 27
1 27
1 28
1 29
1 30
1 29
0 29
1 29
1 30
1 31
0 31
0 30
0 31
0 32
1 32
0 32
1 32
1 31
1 30
1 29
1 30
2 30
1 30
1 31
1 32
1 33
1 34
0 34
1 34
0 34
0 35
0 36
0 37
0 38
0 39
0 40
0 39
0 38
1 38
1 37
1 38
2 38
3 38
4 38
4 37
4 36
4 37
4 38
5 38
5 39
6 39
6 40
6 39
6 38
5 38
4 38
4 39
3 39
3 40
4 40
4 41
4 40
4 41
3 41
2 41
2 42
2 43
1 43
1 44
1 43
1 44
1 43
0 43
0 42
1 42
1 43
0 43
1 43
2 43
2 42
2 43
1 43
1 44
2 44
1 44
1 45
2 45
1 45
1 44
2 44
2 43
3 43
3 44
4 44
4 45
5 45
5 46
5 47
5 48
4 48
3 48
3 49
4 49
4 48
4 49
3 49
3 48
4 48
4 49
3 49
2 49
2 48
3 48
4 48
4 49
4 48
3 48
3 49
3 50
4 50
3 50
4 50
4 51
3 51
3 50
4 50
4 49
4 48
4 47
5 47
5 48
5 49
5 50
5 49
5 48
5 49
5 50
6 50
6 49
5 49
5 48
5 47
5 46
5 47
5 46
4 46
3 46
2 46
2 45
2 46
2 45
2 44
1 44
0 44
1 44
2 44
2 43
3 43
4 43
3 43
4 43
3 43
3 42
3 41
3 42
3 41
4 41
5 41
5 40
5 41
4 41
5 41
4 41
3 41
3 40
3 39
3 38
2 38
3 38
4 38
5 38
6 38
5 38
4 38
4 39
5 39
4 39
3 39
2 39
2 38
1 38
1 39
1 38
0 38
0 39
0 40
0 39
1 39
2 39
3 39
4 39
4 40
5 40
6 40
6 39
7 39
7 40
8 40
8 39
8 40
7 40
7 39
7 38
8 38
9 38
9 37
8 37
7 37
7 38
8 38
8 37
9 37
8 37
8 36
9 36
10 36
10 37
10 38
9 38
9 37
9 38
9 37
8 37
8 38
7 38
7 39
8 39
8 40
8 41
9 41
8 41
7 41
7 42
7 43
8 43
9 43
8 43
8 42
9 42
8 42
7 42
8 42
7 42
8 42
9 42
9 43
9 44
8 44
8 43
8 42
8 43
7 43
6 43
7 43
6 43
6 42
7 42
6 42
5 42
5 41
4 41
4 42
5 42
5 43
4 43
4 42
4 41
4 42
4 43
5 43
5 42
6 42
6 43
6 42
5 42
5 41
5 40
5 39
5 38
4 38
4 37
3 37
3 38
2 38
2 37
1 37
1 38
2 38
1 38
1 39
0 39
1 39
0 39
1 39
1 38
1 39
1 38
2 38
2 37
2 38
2 37
3 37
3 36
2 36
3 36
4 36
3 36
2 36
2 37
3 37
4 37
3 37
2 37
3 37
2 37
1 37
0 37
1 37
1 38
1 37
0 37
1 37
1 38
1 37
1 38
1 39
2 39
2 38
2 39
2 40
3 40
2 40
2 39
2 40
2 41
3 41
3 40
2 40
2 39
3 39
2 39
1 39
2 39
1 39
1 40
1 41
1 42
2 42
2 43
1 43
2 43
2 44
2 45
3 45
3 46
3 47
3 48
3 49
3 48
2 48
3 48
4 48
4 49
4 50
4 49
4 48
4 49
5 49
5 50
5 49
4 49
4 50
5 50
5 49
5 50
5 51
5 52
5 51
6 51
6 52
5 52
5 53
6 53
5 53
5 52
5 53
5 52
5 53
6 53
6 54
7 54
8 54
8 53
9 53
8 53
9 53
9 54
8 54
8 53
9 53
9 52
10 52
10 51
11 51
11 50
11 51
12 51
13 51
14 51
14 50
14 51
13 51
13 52
14 52
14 53
13 53
13 52
13 53
13 54
14 54
15 54
16 54
16 53
17 53
17 54
17 53
18 53
18 52
18 51
19 51
19 50
19 49
19 48
19 49
19 50
20 50
19 50
19 51
19 50
18 50
18 51
19 51
20 51
21 51
21 52
22 52
23 52
23 51
23 50
23 49
22 49
21 49
21 50
21 51
22 51
22 52
21 52
20 52
21 52
21 51
22 51
22 50
23 50
23 51
22 51
21 51
20 51
21 51
22 51
22 50
22 51
23 51
24 51
23 51
22 51
23 51
23 50
24 50
24 51
24 52
24 53
25 53
25 54
25 55
26 55
25 55
25 56
24 56
24 55
24 56
25 56
24 56
24 57
25 57
25 56
26 56
25 56
25 57
26 57
25 57
25 58
24 58
25 58
26 58
25 58
25 59
25 58
25 57
26 57
25 57
26 57
26 58
26 59
27 59
26 59
27 59
26 59
25 59
26 59
27 59
27 58
28 58
28 57
28 58
28 59
28 60
27 60
27 61
28 61
27 61
27 62
27 63
26 63
26 62
27 62
27 61
26 61
26 60
26 61
25 61
26 61
26 62
26 63
26 62
26 63
27 63
27 62
28 62
28 61
29 61
29 60
29 59
29 58
28 58
28 57
28 56
28 57
27 57
27 56
27 55
27 54
27 55
27 56
28 56
29 56
29 55
28 55
28 54
28 53
28 54
29 54
29 53
29 54
30 54
30 53
30 52
31 52
32 52
33 52
34 52
35 52
35 51
35 50
35 49
35 50
35 51
36 51
36 50
36 49
36 50
36 51
36 52
35 52
35 53
35 54
35 53
34 53
33 53
33 54
34 54
35 54
35 55
34 55
33 55
33 54
33 55
33 56
32 56
33 56
34 56
35 56
35 55
35 56
35 57
35 58
35 57
34 57
35 57
35 56
36 56
37 56
38 56
39 56
39 57
39 58
39 57
40 57
39 57
39 58
40 58
41 58
41 57
42 57
42 58
41 58
40 58
39 58
38 58
38 59
38 60
37 60
37 59
37 58
37 57
36 57
35 57
34 57
34 56
35 56
34 56
34 57
33 57
33 58
33 57
33 56
33 57
32 57
31 57
30 57
30 58
30 57
31 57
32 57
33 57
32 57
33 57
33 58
33 57
33 56
34 56
33 56
33 57
33 56
33 57
34 57
34 58
33 58
33 57
34 57
35 57
35 56
35 55
35 56
35 57
34 57
35 57
36 57
36 58
36 59
35 59
35 58
34 58
34 57
34 56
34 55
35 55
36 55
36 54
36 53
