0 0
1 0
0 0
0 1
0 2
0 3
1 3
2 3
3 3
3 4
2 4
2 3
3 3
3 2
4 2
5 2
6 2
6 1
5 1
5 0
5 1
4 1
5 1
6 1
6 0
6 1
7 1
6 1
6 2
6 1
6 2
6 3
6 2
6 3
6 2
6 3
6 2
6 1
6 0
7 0
7 1
6 1
5 1
6 1
7 1
8 1
8 2
8 3
9 3
9 2
8 2
8 3
8 4
8 3
9 3
9 2
10 2
10 3
9 3
9 2
9 1
8 1
8 2
9 2
9 3
10 3
10 2
9 2
9 3
9 2
9 3
9 4
8 4
7 4
7 5
6 5
6 4
5 4
5 5
6 5
5 5
6 5
7 5
6 5
5 5
6 5
7 5
6 5
7 5
6 5
6 4
6 5
6 4
6 3
6 2
5 2
6 2
6 1
5 1
5 2
5 3
6 3
5 3
5 2
4 2
4 1
4 0
4 1
4 0
5 0
5 1
5 0
5 1
5 2
4 2
4 1
3 1
3 0
3 1
2 1
1 1
2 1
2 2
1 2
1 3
2 3
3 3
4 3
3 3
3 4
3 5
4 5
4 4
3 4
2 4
3 4
3 5
2 5
1 5
1 4
1 5
0 5
1 5
0 5
0 6
1 6
0 6
1 6
1 7
0 7
0 6
1 6
0 6
0 5
0 6
0 7
0 8
0 7
1 7
1 6
2 6
1 6
1 7
1 8
1 9
2 9
3 9
4 9
4 8
3 8
3 7
4 7
4 6
4 5
4 4
4 5
3 5
2 5
2 4
1 4
0 4
0 3
1 3
1 2
0 2
0 1
0 2
1 2
1 1
1 0
2 0
2 1
3 1
2 1
3 1
3 2
4 2
5 2
4 2
5 2
4 2
4 1
5 1
6 1
7 1
6 1
6 2
6 1
5 1
5 0
5 1
5 0
6 0
6 1
5 1
4 1
4 0
4 1
4 2
4 1
4 2
3 2
3 3
2 3
3 3
4 3
5 3
6 3
7 3
7 2
6 2
7 2
7 3
6 3
5 3
5 4
4 4
4 3
4 4
3 4
3 3
2 3
1 3
1 4
1 5
2 5
2 4
3 4
4 4
4 5
4 6
4 5
4 4
3 4
2 4
1 4
1 3
2 3
3 3
2 3
2 4
1 4
2 4
2 5
2 6
2 5
2 6
1 6
1 7
1 8
2 8
3 8
3 9
2 9
3 9
4 9
5 9
5 8
5 9
6 9
5 9
5 10
6 10
6 9
6 10
7 10
7 11
7 10
7 9
7 10
8 10
7 10
7 9
7 8
7 7
6 7
6 6
6 5
7 5
8 5
7 5
7 6
6 6
6 7
6 6
6 7
7 7
8 7
8 6
7 6
6 6
7 6
8 6
7 6
7 7
7 6
7 5
6 5
5 5
5 6
5 7
5 8
5 7
5 8
4 8
5 8
4 8
4 7
4 8
4 9
3 9
4 9
4 10
5 10
5 11
6 11
6 12
6 13
7 13
8 13
9 13
9 14
8 14
9 14
10 14
10 15
10 16
10 17
10 16
11 16
12 16
11 16
11 15
11 16
12 16
12 15
12 16
13 16
12 16
11 16
10 16
11 16
11 15
11 14
12 14
13 14
13 13
12 13
12 12
13 12
13 13
13 12
12 12
13 12
13 13
13 12
13 11
12 11
12 10
11 10
11 11
12 11
13 11
13 12
14 12
13 12
12 12
12 13
12 14
13 14
13 13
13 14
13 15
13 16
13 17
12 17
12 18
13 18
14 18
13 18
13 19
13 20
13 19
13 20
13 21
12 21
12 22
13 22
13 23
12 23
12 22
12 23
13 23
13 24
14 24
14 25
14 24
15 24
14 24
14 23
15 23
14 23
15 23
15 24
16 24
16 25
17 25
17 26
16 26
16 27
17 27
17 28
17 27
17 26
18 26
19 26
19 25
18 25
18 26
18 27
17 27
16 27
15 27
16 27
17 27
18 27
18 26
18 27
17 27
16 27
15 27
16 27
15 27
15 26
15 25
16 25
16 24
16 23
15 23
16 23
15 23
14 23
14 24
15 24
14 24
14 25
14 26
14 27
15 27
16 27
16 28
16 27
17 27
16 27
15 27
16 27
17 27
18 27
18 26
18 27
18 28
17 28
18 28
19 28
19 29
20 29
19 29
19 28
18 28
19 28
18 28
18 27
19 27
18 27
18 26
19 26
20 26
21 26
21 27
20 27
20 28
20 27
21 27
22 27
23 27
23 26
24 26
24 25
24 24
24 23
24 22
25 22
24 22
25 22
25 23
25 24
24 24
24 25
25 25
24 25
24 24
24 23
23 23
22 23
22 24
22 25
22 26
22 27
21 27
20 27
21 27
20 27
20 28
20 27
21 27
20 27
21 27
21 26
22 26
22 25
23 25
23 24
24 24
25 24
25 23
25 22
25 21
26 21
26 22
25 22
24 22
23 22
22 22
21 22
21 21
21 20
22 20
23 20
24 20
24 19
23 19
23 20
22 20
22 19
22 20
22 21
22 20
22 21
23 21
23 20
22 20
22 21
22 20
22 21
22 20
23 20
23 19
23 18
23 17
24 17
24 18
23 18
24 18
23 18
22 18
21 18
20 18
19 18
19 17
19 18
19 19
19 20
19 19
19 20
20 20
20 19
20 18
20 19
20 20
19 20
19 21
18 21
18 22
18 21
18 22
19 22
20 22
19 22
19 23
20 23
21 23
21 22
22 22
22 23
22 22
22 23
23 23
23 24
23 23
23 22
23 23
24 23
23 23
23 24
23 25
23 24
24 24
24 25
25 25
24 25
23 25
22 25
22 26
21 26
21 25
22 25
22 24
23 24
22 24
22 23
21 23
22 23
21 23
22 23
22 22
22 23
21 23
22 23
21 23
21 24
21 23
21 22
21 23
20 23
19 23
18 23
18 24
19 24
19 25
19 26
18 26
19 26
20 26
21 26
22 26
22 25
23 25
24 25
23 25
23 26
24 26
23 26
23 25
24 25
25 25
24 25
24 24
24 23
24 22
25 22
26 22
25 22
25 23
25 22
25 23
25 24
25 25
25 26
26 26
26 25
27 25
27 24
27 23
27 24
28 24
28 23
29 23
30 23
30 22
29 22
30 22
30 23
31 23
31 22
31 21
32 21
31 21
31 20
30 20
30 21
29 21
28 21
27 21
27 20
27 19
28 19
27 19
26 19
25 19
25 18
26 18
25 18
26 18
25 18
26 18
27 18
28 18
28 19
28 20
29 20
29 19
30 19
30 20
30 19
30 20
30 19
29 19
29 18
30 18
31 18
31 19
31 18
30 18
29 18
30 18
31 18
30 18
31 18
31 17
31 18
32 18
32 19
31 19
31 18
32 18
33 18
33 17
33 16
32 16
32 15
32 14
32 15
31 15
32 15
33 15
33 16
33 15
33 16
33 15
32 15
33 15
33 16
32 16
32 17
32 18
32 19
32 18
32 17
32 18
33 18
32 18
33 18
33 19
32 19
31 19
31 20
32 20
31 20
31 19
32 19
33 19
33 18
33 19
33 20
33 19
33 18
33 19
34 19
33 19
33 18
33 19
33 18
33 17
33 16
34 16
35 16
36 16
37 16
36 16
36 17
37 17
37 16
37 17
36 17
36 18
37 18
37 19
37 20
36 20
36 21
36 22
36 23
37 23
37 24
36 24
36 25
36 26
36 27
36 28
35 28
35 29
34 29
35 29
35 28
35 29
36 29
36 30
37 30
36 30
36 29
35 29
35 28
35 29
36 29
36 28
36 27
35 27
35 26
36 26
36 25
37 25
36 25
36 24
35 24
36 24
36 23
35 23
35 22
34 22
33 22
32 22
31 22
31 23
30 23
31 23
31 24
31 25
31 24
30 24
30 25
30 24
29 24
30 24
30 25
31 25
31 24
31 25
32 25
33 25
34 25
33 25
33 26
32 26
32 27
33 27
33 28
34 28
34 27
35 27
36 27
36 28
35 28
36 28
36 29
35 29
35 28
34 28
35 28
35 27
35 28
36 28
36 29
36 28
37 28
37 27
37 26
37 25
38 25
38 24
39 24
38 24
38 25
38 24
38 25
37 25
37 24
37 25
36 25
36 24
36 23
35 23
35 24
34 24
35 24
35 25
34 25
35 25
34 25
34 26
33 26
32 26
33 26
32 26
32 25
32 26
31 26
30 26
30 25
29 25
28 25
28 24
27 24
26 24
26 23
26 24
27 24
27 23
26 23
27 23
28 23
28 22
27 22
26 22
25 22
24 22
24 21
24 20
24 21
24 22
23 22
23 23
23 24
24 24
23 24
23 25
23 26
23 25
23 26
24 26
24 25
24 24
23 24
23 25
24 25
23 25
24 25
24 26
24 27
23 27
22 27
22 26
23 26
22 26
22 25
22 26
23 26
23 27
23 26
23 27
23 28
24 28
24 27
25 27
25 28
25 27
25 28
25 29
25 30
24 30
24 29
