0 0
1 0
1 1
1 2
0 2
0 1
1 1
0 1
0 0
0 1
1 1
2 1
2 0
1 0
1 1
1 0
1 1
0 1
1 1
0 1
0 0
1 0
2 0
2 1
2 0
2 1
2 0
1 0
2 0
2 1
3 1
4 1
4 0
4 1
3 1
2 1
1 1
1 0
0 0
1 0
1 1
1 0
0 0
0 1
1 1
0 1
1 1
1 2
1 1
1 2
1 3
2 3
2 4
3 4
3 5
4 5
5 5
5 4
5 5
5 6
5 5
4 5
5 5
6 5
5 5
6 5
5 5
4 5
3 5
3 4
2 4
2 5
2 6
1 6
1 5
2 5
2 4
1 4
0 4
0 5
0 6
0 5
1 5
1 6
2 6
1 6
1 5
1 6
2 6
3 6
2 6
1 6
1 5
1 6
2 6
2 5
2 4
3 4
3 3
2 3
2 4
2 3
2 2
3 2
3 1
4 1
4 2
4 1
3 1
4 1
4 2
4 3
5 3
5 4
6 4
6 5
6 4
5 4
6 4
7 4
6 4
6 3
6 4
7 4
6 4
5 4
6 4
5 4
4 4
4 3
5 3
4 3
4 4
4 5
4 6
3 6
3 7
4 7
5 7
5 8
6 8
6 9
7 9
8 9
7 9
7 10
8 10
9 10
9 9
10 9
10 10
11 10
10 10
10 9
10 8
10 7
11 7
10 7
10 8
10 7
10 6
11 6
11 7
11 8
10 8
9 8
9 7
9 6
10 6
11 6
11 5
12 5
13 5
13 4
13 3
13 4
13 3
14 3
15 3
15 4
15 3
14 3
14 4
15 4
15 5
15 4
15 5
16 5
17 5
16 5
16 4
17 4
18 4
19 4
20 4
20 3
21 3
20 3
21 3
22 3
21 3
22 3
23 3
23 4
23 5
23 6
24 6
24 5
25 5
25 4
25 5
25 6
25 5
25 6
26 6
27 6
27 7
26 7
26 6
26 5
26 4
26 5
26 4
27 4
27 5
26 5
25 5
25 4
24 4
23 4
23 5
22 5
23 5
24 5
25 5
25 6
25 5
24 5
24 6
24 5
25 5
25 4
25 5
25 4
24 4
24 5
25 5
25 4
24 4
24 3
24 4
24 5
24 6
24 7
24 6
24 5
23 5
22 5
22 4
22 5
22 4
23 4
23 5
22 5
22 6
22 7
22 6
23 6
24 6
24 5
24 4
23 4
22 4
22 3
22 4
23 4
23 5
24 5
24 6
23 6
24 6
25 6
25 7
24 7
25 7
26 7
26 6
25 6
24 6
25 6
26 6
27 6
27 7
28 7
28 6
28 5
27 5
26 5
27 5
27 4
28 4
28 5
27 5
27 4
27 3
28 3
27 3
28 3
28 2
27 2
28 2
29 2
29 3
28 3
28 2
27 2
27 3
27 2
28 2
28 3
27 3
27 4
26 4
25 4
25 3
24 3
23 3
24 3
24 4
23 4
22 4
22 3
22 4
22 3
21 3
20 3
19 3
19 2
18 2
17 2
16 2
16 1
16 0
16 1
15 1
15 2
16 2
16 3
16 4
17 4
17 5
16 5
15 5
15 6
16 6
16 5
16 4
15 4
15 3
14 3
13 3
12 3
12 2
12 3
13 3
13 4
13 3
13 4
12 4
11 4
10 4
10 3
10 2
10 1
9 1
8 1
8 2
9 2
9 1
10 1
11 1
12 1
12 0
12 1
12 2
12 3
12 4
11 4
12 4
12 3
13 3
14 3
14 2
14 3
15 3
16 3
15 3
15 4
16 4
16 3
16 2
16 3
15 3
16 3
17 3
18 3
18 2
19 2
19 3
18 3
19 3
18 3
17 3
18 3
19 3
20 3
21 3
22 3
21 3
21 2
22 2
22 1
23 1
23 0
22 0
23 0
22 0
22 1
23 1
23 2
24 2
24 1
25 1
25 0
24 0
24 1
24 2
24 1
24 2
25 2
24 2
24 3
23 3
23 4
24 4
24 5
23 5
22 5
23 5
22 5
21 5
21 6
22 6
23 6
23 7
23 8
23 7
23 6
23 7
23 8
23 9
23 10
23 9
22 9
23 9
23 8
23 7
22 7
23 7
22 7
21 7
21 6
21 7
20 7
20 6
20 5
19 5
20 5
20 6
21 6
22 6
23 6
23 7
24 7
25 7
25 8
25 9
24 9
23 9
23 10
24 10
25 10
25 11
26 11
26 12
26 13
26 12
26 11
27 11
26 11
27 11
26 11
26 12
26 11
25 11
25 10
25 9
25 10
25 11
26 11
27 11
26 11
25 11
26 11
27 11
27 12
27 11
28 11
28 12
28 13
29 13
28 13
28 12
28 13
27 13
26 13
27 13
26 13
25 13
26 13
25 13
26 13
26 12
26 11
27 11
26 11
26 10
26 9
26 10
27 10
27 9
26 9
27 9
28 9
28 10
28 11
29 11
28 11
28 10
28 11
28 12
28 11
27 11
27 10
26 10
26 9
26 8
26 9
27 9
27 8
26 8
26 7
27 7
27 8
28 8
29 8
29 9
30 9
30 8
30 9
31 9
31 10
31 9
30 9
30 10
31 10
31 11
31 12
30 12
30 13
31 13
31 14
31 15
30 15
31 15
32 15
32 14
33 14
33 13
33 14
33 13
33 14
32 14
31 14
31 15
31 14
32 14
32 15
32 16
33 16
33 17
34 17
33 17
32 17
32 16
32 15
33 15
33 14
33 13
32 13
33 13
33 12
32 12
32 13
32 14
31 14
32 14
31 14
31 15
30 15
30 14
29 14
28 14
28 13
29 13
29 14
29 15
30 15
31 15
31 14
32 14
32 13
32 12
32 13
32 14
32 13
32 14
32 15
33 15
33 16
33 15
32 15
33 15
33 14
34 14
35 14
36 14
36 15
35 15
35 16
34 16
34 15
35 15
36 15
36 16
35 16
36 16
36 17
36 16
36 15
36 14
35 14
36 14
37 14
38 14
38 13
39 13
39 12
38 12
38 11
38 10
38 11
37 11
38 11
38 10
38 9
39 9
39 10
39 11
39 12
40 12
40 11
41 11
41 12
42 12
42 13
42 14
42 15
42 14
42 15
43 15
43 14
43 13
43 14
44 14
43 14
43 15
43 14
42 14
43 14
42 14
42 15
41 15
41 16
41 15
41 14
42 14
42 13
43 13
43 12
44 12
43 12
44 12
45 12
45 13
44 13
44 14
43 14
43 13
44 13
43 13
43 14
44 14
44 15
43 15
44 15
45 15
45 14
46 14
47 14
47 13
48 13
48 12
48 13
47 13
47 14
46 14
46 13
45 13
45 12
45 11
45 10
45 11
45 12
44 12
44 11
45 11
45 10
46 10
45 10
45 9
45 8
44 8
44 7
45 7
45 6
45 7
44 7
44 8
44 9
45 9
45 10
44 10
43 10
44 10
43 10
42 10
43 10
43 11
43 12
43 11
42 11
42 12
43 12
43 13
43 14
44 14
44 13
43 13
43 12
43 13
44 13
44 12
45 12
44 12
45 12
44 12
43 12
43 13
43 14
42 14
42 13
41 13
42 13
43 13
43 12
44 12
44 11
44 10
43 10
43 11
44 11
44 12
45 12
45 13
45 12
45 11
45 12
44 12
44 13
44 14
45 14
45 13
45 14
45 13
45 12
44 12
44 11
44 12
44 13
44 14
45 14
45 15
45 14
45 13
44 13
44 12
43 12
43 13
44 13
44 14
43 14
42 14
41 14
41 15
41 16
41 17
41 18
41 17
42 17
41 17
41 16
40 16
40 17
40 18
40 19
40 18
40 17
39 17
39 18
38 18
37 18
37 17
38 17
39 17
40 17
41 17
42 17
42 16
43 16
42 16
43 16
42 16
41 16
42 16
43 16
43 17
43 18
44 18
44 17
45 17
45 16
44 16
44 17
45 17
46 17
46 18
46 17
46 18
45 18
44 18
45 18
44 18
44 19
44 18
43 18
42 18
42 19
43 19
42 19
41 19
42 19
41 19
41 18
42 18
43 18
44 18
43 18
42 18
42 17
42 18
42 19
41 19
40 19
40 20
39 20
38 20
37 20
38 20
37 20
36 20
36 21
36 20
35 20
35 21
36 21
35 21
34 21
34 22
35 22
34 22
33 22
32 22
33 22
34 22
34 23
34 22
34 21
35 21
35 20
35 21
34 21
34 22
33 22
33 23
33 24
32 24
32 23
32 24
32 23
33 23
34 23
35 23
35 24
34 24
34 23
35 23
34 23
34 22
34 21
35 21
35 20
36 20
37 20
37 21
37 22
37 21
38 21
38 20
37 20
37 19
36 19
37 19
36 19
36 20
35 20
35 21
36 21
36 20
37 20
38 20
38 21
38 22
38 21
39 21
38 21
39 21
40 21
40 22
41 22
42 22
43 22
43 23
44 23
43 23
42 23
42 22
43 22
43 23
43 24
43 23
43 22
42 22
42 21
42 20
41 20
42 20
41 20
41 21
41 22
