0 0
1 0
0 0
1 0
1 1
0 1
1 1
1 0
2 0
2 1
2 0
1 0
1 1
0 1
1 1
0 1
1 1
2 1
3 1
4 1
4 2
4 1
4 0
4 1
4 2
4 1
4 2
4 3
5 3
5 2
6 2
7 2
7 1
8 1
8 2
7 2
8 2
7 2
7 3
7 4
6 4
6 3
6 2
5 2
5 3
4 3
3 3
3 2
2 2
1 2
1 1
1 0
0 0
1 0
1 1
0 1
0 0
1 0
1 1
2 1
2 2
2 3
2 2
2 3
2 2
3 2
3 3
3 4
2 4
1 4
0 4
1 4
1 3
0 3
1 3
0 3
1 3
1 4
1 5
2 5
1 5
1 4
2 4
2 3
3 3
3 4
3 3
3 4
2 4
2 3
2 4
3 4
2 4
1 4
1 3
0 3
1 3
1 2
1 3
0 3
0 2
0 1
0 0
0 1
0 2
1 2
1 3
1 2
1 1
0 1
1 1
2 1
2 2
3 2
2 2
3 2
4 2
4 3
4 4
4 3
5 3
4 3
3 3
3 4
3 3
4 3
3 3
2 3
3 3
3 2
4 2
4 1
5 1
6 1
6 0
5 0
4 0
4 1
3 1
4 1
4 2
5 2
6 2
6 1
7 1
7 0
7 1
8 1
8 2
9 2
9 3
9 2
8 2
8 3
7 3
7 4
6 4
6 3
5 3
5 2
5 3
6 3
6 2
6 3
6 2
6 3
6 2
5 2
5 3
5 4
4 4
4 5
5 5
5 6
5 5
5 4
4 4
5 4
5 5
5 4
6 4
6 5
6 6
7 6
7 5
6 5
7 5
7 4
6 4
6 3
6 4
6 5
5 5
5 6
5 7
4 7
4 8
4 9
5 9
4 9
3 9
2 9
2 10
3 10
4 10
4 9
5 9
4 9
5 9
5 8
6 8
5 8
5 7
6 7
5 7
5 8
5 9
5 10
5 11
4 11
4 12
4 13
5 13
4 13
4 14
5 14
5 15
5 14
5 13
6 13
6 12
7 12
8 12
8 11
8 12
8 13
9 13
9 12
9 13
9 14
9 15
10 15
11 15
12 15
12 14
12 13
12 12
12 13
11 13
10 13
9 13
10 13
11 13
12 13
12 14
13 14
13 15
13 16
13 17
13 18
13 19
13 18
13 17
12 17
12 18
12 19
12 20
12 19
12 20
11 20
12 20
11 20
12 20
12 21
12 22
12 21
12 20
12 19
13 19
12 19
11 19
10 19
11 19
11 18
10 18
11 18
10 18
9 18
8 18
9 18
9 17
8 17
9 17
9 18
10 18
10 19
10 20
10 19
10 20
10 21
11 21
12 21
11 21
10 21
10 22
9 22
9 21
9 20
9 19
8 19
7 19
8 19
7 19
6 19
6 20
6 19
7 19
8 19
8 18
8 17
7 17
7 18
6 18
6 17
6 16
5 16
4 16
4 15
4 16
4 15
4 14
4 15
5 15
5 16
5 15
5 14
4 14
5 14
5 13
4 13
4 12
5 12
4 12
3 12
3 13
3 12
2 12
1 12
1 11
0 11
0 10
0 9
1 9
1 8
1 7
2 7
3 7
3 8
3 9
4 9
4 10
5 10
5 11
6 11
7 11
6 11
6 10
5 10
4 10
5 10
5 11
6 11
5 11
6 11
7 11
7 10
6 10
6 9
7 9
7 8
7 7
7 8
7 9
7 10
6 10
6 9
6 10
5 10
6 10
5 10
4 10
3 10
3 11
3 10
4 10
4 9
4 8
3 8
2 8
1 8
0 8
0 7
1 7
0 7
0 8
1 8
1 7
1 8
0 8
0 9
0 8
1 8
2 8
3 8
4 8
4 7
4 6
5 6
6 6
7 6
7 7
6 7
6 6
6 5
6 6
5 6
5 7
5 6
5 5
6 5
6 6
5 6
5 5
6 5
7 5
6 5
7 5
7 6
7 7
8 7
8 6
7 6
8 6
8 7
7 7
8 7
8 6
9 6
10 6
11 6
11 7
10 7
11 7
10 7
11 7
10 7
11 7
11 6
10 6
10 7
11 7
11 6
11 7
11 8
11 9
10 9
9 9
9 8
9 7
8 7
7 7
7 6
6 6
5 6
6 6
5 6
6 6
6 5
6 4
5 4
5 5
5 6
5 5
6 5
6 4
7 4
8 4
7 4
6 4
6 5
6 6
7 6
7 7
8 7
7 7
7 6
7 5
6 5
6 6
6 5
6 6
7 6
7 5
8 5
8 6
7 6
6 6
7 6
8 6
8 7
8 6
8 7
7 7
7 8
8 8
9 8
9 7
9 8
9 9
9 10
8 10
8 9
7 9
7 10
6 10
7 10
7 11
7 12
7 13
7 12
8 12
8 13
8 14
8 13
7 13
7 14
7 13
7 14
6 14
6 15
7 15
7 14
7 15
7 16
7 17
7 16
7 15
7 16
6 16
5 16
5 17
6 17
5 17
5 18
6 18
5 18
5 19
6 19
6 18
6 17
6 18
6 17
6 16
5 16
6 16
6 17
7 17
6 17
7 17
8 17
8 16
8 17
7 17
7 18
7 19
7 20
8 20
8 19
8 20
8 21
7 21
7 20
7 19
7 20
8 20
8 21
8 22
7 22
8 22
8 23
9 23
8 23
9 23
8 23
8 24
8 25
8 26
7 26
6 26
6 27
6 28
6 27
6 26
5 26
4 26
3 26
3 25
3 26
3 25
3 26
3 25
3 24
3 23
2 23
1 23
2 23
2 24
1 24
2 24
3 24
2 24
2 25
2 26
2 27
3 27
3 28
2 28
1 28
0 28
0 27
1 27
1 26
1 27
1 26
1 27
1 26
1 25
1 26
1 25
2 25
1 25
1 24
1 25
1 24
1 23
1 22
0 22
0 23
0 24
0 25
0 24
0 25
1 25
2 25
2 24
2 23
2 22
2 21
1 21
0 21
0 22
0 23
1 23
2 23
2 24
1 24
0 24
0 25
0 24
0 23
1 23
1 24
1 25
1 24
1 23
1 22
1 23
0 23
0 24
0 25
1 25
1 26
2 26
2 27
2 26
1 26
0 26
1 26
1 25
2 25
2 26
2 25
2 24
1 24
1 23
2 23
2 24
2 23
2 22
1 22
0 22
1 22
2 22
1 22
1 23
0 23
0 24
0 23
0 24
0 23
0 24
1 24
0 24
1 24
1 23
0 23
0 24
0 25
1 25
1 24
2 24
2 23
1 23
0 23
1 23
2 23
1 23
2 23
1 23
1 24
0 24
1 24
2 24
3 24
3 23
2 23
2 22
1 22
1 21
0 21
1 21
1 22
0 22
0 21
0 20
0 21
1 21
0 21
1 21
2 21
3 21
4 21
5 21
6 21
6 20
7 20
6 20
6 19
6 20
6 21
6 20
6 21
5 21
4 21
3 21
3 22
4 22
5 22
6 22
6 21
6 20
5 20
4 20
4 21
4 22
4 23
4 24
4 23
5 23
4 23
4 22
3 22
2 22
1 22
0 22
0 21
0 22
0 23
0 24
0 23
1 23
1 22
1 21
0 21
0 20
0 21
0 22
0 21
0 22
1 22
1 23
0 23
0 24
1 24
1 23
1 24
2 24
3 24
2 24
2 25
2 26
3 26
2 26
3 26
2 26
2 25
3 25
3 26
3 27
4 27
5 27
5 28
5 27
5 26
6 26
6 25
6 26
6 27
6 26
5 26
6 26
6 27
7 27
7 26
8 26
8 25
8 26
9 26
10 26
11 26
12 26
12 27
13 27
12 27
12 28
11 28
12 28
11 28
10 28
10 29
11 29
10 29
10 28
11 28
12 28
12 29
12 30
12 31
13 31
14 31
15 31
15 30
16 30
16 31
16 30
16 31
16 30
15 30
16 30
16 31
15 31
16 31
15 31
15 30
16 30
17 30
17 31
16 31
16 30
16 29
16 28
16 29
15 29
16 29
17 29
16 29
17 29
16 29
15 29
15 30
16 30
15 30
16 30
17 30
17 31
18 31
19 31
19 30
19 31
19 32
19 31
19 32
20 32
20 31
20 32
21 32
21 31
20 31
21 31
21 32
21 31
21 32
20 32
19 32
19 31
19 30
19 29
19 28
19 29
19 28
20 28
21 28
21 29
20 29
19 29
19 30
19 31
20 31
20 30
21 30
21 31
21 32
21 33
21 32
20 32
20 33
20 34
21 34
21 33
21 34
21 35
22 35
23 35
22 35
22 36
21 36
22 36
22 37
22 38
23 38
22 38
22 39
21 39
22 39
21 39
20 39
19 39
19 38
18 38
18 39
17 39
17 40
18 40
18 41
17 41
17 42
17 43
17 44
17 43
17 44
17 43
17 42
17 41
16 41
17 41
17 42
18 42
17 42
17 43
17 42
17 41
17 40
17 39
17 38
17 39
17 38
16 38
15 38
15 39
16 39
16 38
16 37
15 37
15 36
15 35
14 35
15 35
15 36
15 35
14 35
