0 0
0 1
1 1
1 0
0 0
1 0
0 0
1 0
2 0
1 0
2 0
3 0
3 1
3 2
3 1
3 2
3 3
3 2
2 2
3 2
2 2
3 2
2 2
1 2
1 1
1 2
1 1
1 2
2 2
1 2
0 2
0 3
1 3
1 4
1 3
1 4
1 5
1 6
0 6
0 5
0 4
0 5
1 5
0 5
0 4
1 4
2 4
3 4
3 5
3 4
4 4
4 3
5 3
6 3
7 3
6 3
7 3
8 3
9 3
10 3
11 3
11 4
11 5
11 4
10 4
9 4
8 4
7 4
7 5
7 4
6 4
7 4
7 3
7 4
8 4
8 3
8 2
7 2
8 2
8 3
9 3
8 3
8 2
7 2
7 3
7 2
7 1
8 1
8 2
8 3
8 4
8 5
7 5
7 6
7 7
8 7
7 7
7 6
6 6
6 5
6 6
7 6
6 6
7 6
7 7
7 8
7 9
8 9
9 9
10 9
10 10
9 10
9 9
9 10
8 10
8 11
7 11
7 10
8 10
8 11
9 11
9 12
8 12
8 11
8 10
7 10
6 10
7 10
7 9
8 9
9 9
9 10
9 11
9 10
9 11
9 12
9 11
9 12
10 12
11 12
10 12
10 11
10 12
10 11
11 11
10 11
10 10
9 10
10 10
9 10
10 10
10 11
9 11
9 10
10 10
11 10
11 11
11 12
12 12
12 13
11 13
11 14
11 15
10 15
10 16
9 16
8 16
8 15
9 15
8 15
8 14
9 14
9 15
10 15
11 15
11 14
10 14
10 15
10 14
10 15
11 15
10 15
10 16
11 16
11 17
11 18
11 19
12 19
12 20
12 19
12 20
12 21
12 20
12 21
11 21
11 20
12 20
13 20
12 20
12 21
12 22
13 22
13 21
12 21
12 20
12 19
12 20
12 21
12 20
13 20
14 20
15 20
15 19
15 20
14 20
15 20
15 21
14 21
14 20
15 20
14 20
13 20
12 20
13 20
13 21
13 22
14 22
14 23
14 24
13 24
13 25
14 25
15 25
14 25
14 26
14 27
13 27
13 28
14 28
15 28
15 29
15 28
14 28
15 28
15 29
15 30
15 31
15 30
16 30
16 31
16 30
16 31
17 31
18 31
18 32
17 32
17 33
16 33
16 34
16 33
15 33
14 33
15 33
16 33
17 33
17 34
18 34
17 34
17 35
16 35
16 34
16 35
16 34
16 35
17 35
18 35
18 34
18 35
18 36
18 35
19 35
19 36
18 36
17 36
17 35
16 35
16 34
16 33
16 34
17 34
16 34
15 34
14 34
14 35
13 35
12 35
11 35
11 36
11 37
11 38
11 39
11 38
10 38
9 38
9 39
8 39
7 39
7 38
8 38
9 38
9 39
8 39
9 39
9 40
9 39
9 40
8 40
8 39
8 40
8 39
7 39
7 40
7 41
8 41
8 40
9 40
9 41
10 41
10 40
11 40
10 40
10 41
9 41
8 41
8 42
7 42
6 42
6 43
5 43
6 43
6 44
7 44
7 45
6 45
6 44
6 45
6 44
7 44
8 44
7 44
8 44
8 43
8 42
8 43
9 43
10 43
11 43
11 42
10 42
10 43
10 42
10 43
10 44
10 45
10 44
10 45
10 44
9 44
9 45
9 46
9 45
10 45
10 44
10 45
9 45
9 44
10 44
9 44
8 44
8 43
7 43
8 43
8 44
7 44
8 44
8 45
8 44
8 45
8 44
9 44
9 45
10 45
10 46
10 45
11 45
12 45
12 46
12 47
11 47
10 47
11 47
11 46
12 46
13 46
12 46
11 46
11 45
11 46
11 45
10 45
11 45
11 46
11 47
11 46
12 46
11 46
11 47
11 46
12 46
12 45
12 44
11 44
11 45
11 44
12 44
12 45
12 46
12 45
13 45
14 45
13 45
13 44
14 44
15 44
16 44
17 44
16 44
16 45
17 45
17 44
18 44
18 43
18 44
19 44
19 45
18 45
17 45
18 45
17 45
17 44
17 45
17 44
17 43
18 43
18 44
18 45
18 46
17 46
17 47
17 46
16 46
15 46
14 46
14 45
14 44
14 45
14 44
13 44
13 43
14 43
14 44
13 44
13 45
14 45
13 45
14 45
15 45
15 46
15 45
15 46
15 45
14 45
14 46
14 45
13 45
13 46
12 46
12 45
11 45
10 45
11 45
10 45
9 45
9 44
9 45
10 45
9 45
9 46
10 46
10 47
10 48
9 48
8 48
9 48
10 48
11 48
11 47
11 46
12 46
12 45
12 46
13 46
13 47
13 46
14 46
14 47
14 48
15 48
15 49
15 50
16 50
16 51
16 52
16 51
16 52
15 52
15 51
14 51
13 51
13 52
12 52
13 52
12 52
12 53
12 52
11 52
12 52
12 51
11 51
11 52
12 52
13 52
13 51
13 50
13 51
13 50
13 51
12 51
11 51
10 51
10 50
11 50
10 50
10 51
9 51
8 51
9 51
8 51
9 51
10 51
10 50
11 50
12 50
12 51
11 51
11 52
11 51
10 51
10 50
11 50
12 50
11 50
11 51
12 51
12 50
12 49
12 48
12 49
11 49
11 48
12 48
12 49
13 49
13 50
14 50
13 50
12 50
12 51
11 51
11 52
12 52
11 52
11 53
11 52
12 52
13 52
13 53
12 53
13 53
13 52
14 52
13 52
12 52
13 52
12 52
12 53
12 52
13 52
12 52
12 53
12 54
12 55
11 55
12 55
11 55
10 55
10 56
10 57
10 58
9 58
9 59
9 60
9 59
9 58
9 57
8 57
8 58
8 57
7 57
7 58
6 58
7 58
7 57
6 57
7 57
6 57
7 57
6 57
6 58
6 57
6 58
6 59
5 59
4 59
5 59
5 60
5 61
6 61
6 60
6 59
5 59
6 59
6 58
5 58
6 58
5 58
6 58
6 59
5 59
5 60
5 61
5 60
4 60
4 61
3 61
4 61
5 61
5 62
5 61
4 61
3 61
3 62
3 63
4 63
5 63
4 63
4 64
3 64
3 65
4 65
4 66
4 67
3 67
3 66
4 66
5 66
5 67
4 67
4 66
4 65
5 65
4 65
4 64
4 63
5 63
5 64
4 64
4 65
4 66
3 66
3 67
4 67
5 67
5 66
5 67
4 67
5 67
5 68
5 69
5 70
6 70
7 70
6 70
6 71
7 71
7 70
7 71
7 70
7 71
7 72
7 73
7 72
7 73
6 73
6 74
5 74
4 74
3 74
4 74
4 73
5 73
5 74
4 74
4 75
5 75
5 74
4 74
4 73
5 73
4 73
4 72
4 71
4 72
3 72
4 72
4 73
5 73
5 72
6 72
6 71
6 70
5 70
5 71
6 71
7 71
7 70
7 69
7 68
7 67
8 67
9 67
9 68
9 67
9 66
10 66
10 65
10 66
11 66
11 67
11 66
10 66
10 65
11 65
10 65
10 66
10 67
11 67
10 67
10 68
9 68
10 68
10 67
9 67
10 67
10 66
10 67
10 66
9 66
9 67
10 67
11 67
10 67
11 67
12 67
12 66
11 66
11 65
12 65
11 65
12 65
12 64
12 63
12 64
13 64
12 64
13 64
14 64
15 64
15 65
15 64
16 64
16 65
17 65
17 64
17 63
16 63
15 63
14 63
14 64
14 63
14 64
15 64
15 65
14 65
14 66
13 66
14 66
14 67
14 66
14 65
14 66
14 67
14 66
15 66
15 65
15 64
15 65
14 65
13 65
13 66
13 65
13 64
13 65
12 65
13 65
13 64
13 63
14 63
15 63
15 64
14 64
14 63
13 63
14 63
14 64
14 63
14 64
14 65
13 65
13 64
14 64
14 65
15 65
14 65
14 64
14 63
14 64
15 64
16 64
16 63
16 64
16 65
15 65
15 64
16 64
15 64
16 64
17 64
17 63
18 63
17 63
17 62
17 63
18 63
18 64
18 65
18 66
19 66
19 67
19 66
19 67
18 67
18 68
18 69
18 70
19 70
20 70
20 71
20 70
19 70
19 71
20 71
19 71
19 72
19 73
20 73
21 73
22 73
22 74
22 73
23 73
23 72
23 73
22 73
23 73
22 73
23 73
23 74
23 75
23 76
23 75
23 76
23 77
22 77
22 78
23 78
23 77
24 77
24 78
24 77
25 77
26 77
26 78
26 79
25 79
26 79
26 80
26 81
27 81
28 81
29 81
28 81
28 82
28 83
27 83
27 82
27 81
27 80
27 81
26 81
27 81
27 80
28 80
29 80
29 81
29 80
30 80
29 80
28 80
28 79
29 79
28 79
28 78
29 78
28 78
28 77
28 76
27 76
27 77
27 78
27 79
28 79
28 80
29 80
30 80
30 79
30 78
31 78
31 77
31 76
31 75
31 76
30 76
30 77
29 77
29 78
29 79
30 79
30 78
30 79
31 79
31 80
32 80
32 79
31 79
31 78
32 78
31 78
30 78
31 78
