0 0
1 0
2 0
2 1
1 1
2 1
1 1
0 1
1 1
1 0
1 1
1 0
2 0
2 1
3 1
2 1
2 0
2 1
2 0
3 0
3 1
3 2
2 2
2 1
1 1
2 1
3 1
3 0
3 1
2 1
1 1
2 1
2 0
1 0
1 1
0 1
0 2
0 1
0 0
0 1
1 1
1 2
1 3
1 2
1 1
1 2
0 2
1 2
2 2
2 3
2 2
1 2
1 3
1 4
0 4
0 5
0 6
1 6
1 5
1 4
1 3
1 4
0 4
1 4
1 3
1 4
1 3
0 3
0 2
0 1
1 1
0 1
1 1
0 1
0 2
0 3
0 2
1 2
0 2
1 2
1 1
1 0
1 1
0 1
0 2
0 1
0 0
0 1
0 2
0 3
0 4
1 4
0 4
1 4
1 5
1 6
1 7
0 7
0 6
0 7
1 7
2 7
1 7
2 7
3 7
2 7
3 7
3 8
4 8
4 9
5 9
5 8
5 7
4 7
3 7
2 7
3 7
3 6
3 7
3 6
3 7
2 7
1 7
2 7
2 6
2 7
2 6
2 7
1 7
0 7
1 7
1 6
1 5
1 4
1 5
0 5
0 6
0 5
0 4
1 4
1 3
0 3
0 4
1 4
1 3
1 4
2 4
2 5
3 5
2 5
2 6
2 7
2 6
2 5
2 4
3 4
3 3
4 3
5 3
6 3
5 3
5 4
5 3
6 3
6 2
7 2
6 2
6 1
6 2
7 2
7 3
7 4
7 5
7 6
8 6
7 6
6 6
7 6
7 5
7 4
7 5
7 6
7 7
7 6
7 5
7 4
8 4
8 3
8 4
7 4
6 4
6 3
6 4
5 4
4 4
4 5
4 6
4 5
3 5
4 5
4 4
3 4
4 4
4 5
5 5
6 5
6 6
7 6
8 6
9 6
10 6
9 6
9 7
10 7
9 7
9 8
10 8
10 7
10 8
11 8
11 9
10 9
9 9
10 9
11 9
11 8
12 8
11 8
10 8
11 8
12 8
12 7
13 7
12 7
13 7
13 6
14 6
13 6
14 6
13 6
12 6
12 7
13 7
14 7
14 6
15 6
15 5
16 5
16 4
16 3
16 4
15 4
16 4
15 4
15 3
15 2
15 1
14 1
14 2
14 1
13 1
13 2
13 1
14 1
14 2
14 1
14 0
15 0
15 1
15 0
15 1
15 0
16 0
16 1
16 0
17 0
18 0
18 1
18 2
18 3
19 3
18 3
17 3
16 3
15 3
15 2
15 3
14 3
14 2
15 2
15 3
15 2
15 1
15 0
15 1
15 0
15 1
15 2
16 2
17 2
18 2
17 2
18 2
18 1
18 2
19 2
18 2
17 2
16 2
17 2
17 1
17 2
18 2
19 2
18 2
19 2
19 3
19 2
19 1
19 2
20 2
20 3
21 3
21 2
21 1
20 1
20 2
20 3
19 3
19 4
20 4
21 4
22 4
21 4
21 3
21 2
21 1
22 1
22 0
21 0
22 0
21 0
22 0
22 1
21 1
20 1
20 0
19 0
18 0
18 1
18 0
18 1
18 0
18 1
18 0
17 0
17 1
17 2
17 3
17 4
17 5
17 6
18 6
17 6
16 6
17 6
17 7
16 7
16 8
15 8
16 8
17 8
18 8
19 8
19 7
20 7
19 7
19 8
20 8
21 8
21 9
22 9
22 10
22 11
22 12
23 12
23 13
24 13
25 13
25 14
25 15
24 15
23 15
22 15
21 15
21 16
22 16
22 15
22 14
23 14
22 14
23 14
23 15
22 15
23 15
23 16
23 15
22 15
22 14
22 15
21 15
21 16
22 16
22 17
22 18
21 18
21 17
21 16
20 16
20 17
20 18
19 18
18 18
19 18
19 17
20 17
21 17
21 16
22 16
22 17
22 18
23 18
23 19
23 20
23 21
23 22
23 21
23 22
23 21
22 21
22 22
22 23
21 23
21 24
21 25
21 24
22 24
23 24
22 24
22 23
22 24
21 24
21 23
21 22
20 22
20 23
20 22
21 22
21 21
21 22
20 22
21 22
20 22
20 23
21 23
21 24
21 25
22 25
22 24
22 25
23 25
24 25
24 26
23 26
24 26
25 26
26 26
26 25
27 25
26 25
25 25
25 26
26 26
26 25
26 24
26 25
25 25
25 26
26 26
26 27
25 27
26 27
25 27
24 27
24 26
25 26
25 27
25 28
25 29
25 28
24 28
24 29
24 28
25 28
25 29
25 28
24 28
24 29
24 28
24 29
24 30
24 29
25 29
25 28
25 27
25 28
24 28
25 28
25 29
26 29
26 30
27 30
27 31
27 30
27 29
26 29
27 29
27 30
27 31
28 31
28 30
29 30
28 30
27 30
26 30
27 30
28 30
28 29
29 29
29 28
29 29
29 30
28 30
28 29
28 28
27 28
27 29
26 29
25 29
24 29
23 29
24 29
24 30
25 30
25 31
24 31
25 31
26 31
26 32
26 33
26 34
26 35
26 34
26 33
26 34
25 34
24 34
24 35
24 36
25 36
26 36
26 35
26 36
26 37
25 37
25 38
25 37
25 36
25 35
24 35
23 35
22 35
22 34
22 35
22 34
23 34
24 34
24 35
25 35
25 36
25 37
25 36
26 36
25 36
25 37
24 37
25 37
26 37
25 37
24 37
23 37
23 36
22 36
21 36
21 37
20 37
21 37
21 36
21 37
22 37
22 38
22 37
23 37
22 37
22 38
23 38
23 37
23 38
22 38
21 38
21 37
21 36
20 36
20 35
20 36
20 37
19 37
20 37
19 37
20 37
20 36
20 35
20 36
19 36
20 36
19 36
20 36
20 35
21 35
22 35
21 35
21 34
22 34
23 34
22 34
22 33
23 33
22 33
22 32
22 31
21 31
21 32
21 31
21 32
20 32
20 31
19 31
19 30
19 29
20 29
20 28
21 28
21 27
21 26
21 27
22 27
22 26
22 25
21 25
20 25
20 24
19 24
19 23
20 23
21 23
22 23
22 22
22 23
21 23
22 23
21 23
21 22
21 23
20 23
19 23
20 23
19 23
20 23
21 23
20 23
20 22
19 22
18 22
17 22
17 23
17 22
17 21
18 21
17 21
17 20
17 19
17 18
18 18
17 18
16 18
16 17
16 18
15 18
15 19
14 19
14 20
14 21
14 22
14 21
14 20
15 20
14 20
15 20
14 20
14 21
13 21
13 20
12 20
11 20
11 19
12 19
12 20
11 20
12 20
12 21
11 21
11 22
11 21
10 21
11 21
12 21
12 22
13 22
14 22
15 22
14 22
15 22
15 23
16 23
16 22
17 22
16 22
16 21
17 21
17 20
16 20
17 20
16 20
16 21
16 20
16 19
16 20
17 20
18 20
19 20
20 20
21 20
22 20
22 19
22 18
21 18
22 18
23 18
24 18
23 18
23 19
22 19
23 19
23 18
23 19
24 19
24 18
23 18
22 18
21 18
21 19
20 19
19 19
19 20
20 20
20 21
20 20
19 20
19 21
19 22
19 21
19 20
19 19
19 20
20 20
20 21
20 20
21 20
22 20
22 19
22 18
21 18
22 18
22 17
23 17
23 16
24 16
24 15
24 16
25 16
25 17
25 18
26 18
27 18
27 19
28 19
29 19
29 20
30 20
31 20
30 20
31 20
31 19
31 20
31 19
31 18
31 19
31 20
30 20
31 20
31 21
31 20
30 20
29 20
28 20
28 21
28 22
28 21
27 21
28 21
28 22
28 21
28 20
29 20
28 20
27 20
27 19
26 19
26 20
26 21
25 21
24 21
24 22
25 22
26 22
26 23
26 22
27 22
27 23
26 23
27 23
27 22
28 22
28 23
29 23
28 23
27 23
27 24
28 24
29 24
30 24
31 24
32 24
33 24
32 24
33 24
34 24
34 23
33 23
34 23
33 23
33 22
33 21
33 20
33 21
33 22
34 22
33 22
34 22
34 21
33 21
32 21
31 21
31 22
31 21
30 21
30 22
30 23
29 23
29 24
28 24
27 24
26 24
26 23
25 23
25 24
24 24
25 24
26 24
26 23
26 24
25 24
24 24
23 24
23 25
23 24
23 23
22 23
23 23
23 22
23 23
23 24
24 24
24 23
24 24
23 24
22 24
23 24
23 25
23 24
24 24
23 24
22 24
23 24
23 25
22 25
22 26
22 25
23 25
23 26
23 25
24 25
25 25
25 26
24 26
24 27
25 27
25 28
25 27
25 26
24 26
25 26
25 27
25 28
24 28
24 29
24 30
25 30
25 31
25 32
24 32
24 33
23 33
23 32
23 31
22 31
23 31
23 32
23 31
24 31
23 31
22 31
22 30
22 29
22 30
22 29
21 29
21 30
21 29
21 28
21 29
21 28
22 28
23 28
24 28
25 28
25 29
24 29
24 28
24 29
23 29
22 29
22 28
23 28
23 27
23 28
23 27
22 27
23 27
23 26
