0 0
0 1
1 1
2 1
1 1
1 0
1 1
1 2
2 2
2 1
2 0
3 0
3 1
4 1
4 0
4 1
5 1
6 1
6 0
6 1
7 1
7 0
8 0
8 1
7 1
8 1
8 2
8 1
7 1
6 1
5 1
4 1
3 1
2 1
2 2
2 3
2 4
1 4
1 3
1 2
2 2
1 2
2 2
2 1
2 2
2 1
2 2
2 3
2 2
2 1
2 2
2 3
2 2
2 1
2 2
2 1
2 2
2 3
2 4
2 5
2 4
3 4
2 4
3 4
3 5
2 5
2 4
2 5
2 6
2 7
2 6
2 7
2 8
2 7
1 7
1 6
2 6
1 6
1 7
0 7
1 7
1 6
2 6
2 7
1 7
1 8
1 9
1 10
0 10
1 10
1 9
1 8
1 9
1 8
0 8
1 8
0 8
1 8
1 9
1 8
2 8
3 8
4 8
4 9
4 10
3 10
3 11
4 11
3 11
4 11
3 11
3 10
2 10
1 10
1 11
2 11
1 11
1 12
1 11
1 12
2 12
2 13
3 13
2 13
2 14
2 13
3 13
3 14
3 13
4 13
4 14
4 15
5 15
4 15
4 16
4 15
3 15
3 16
2 16
2 17
2 18
1 18
2 18
2 19
2 20
3 20
3 19
3 18
2 18
3 18
3 19
2 19
1 19
0 19
1 19
2 19
2 20
2 21
3 21
3 22
3 23
2 23
2 24
2 25
2 24
2 25
3 25
3 24
2 24
2 25
3 25
4 25
5 25
5 24
6 24
6 23
6 24
7 24
6 24
5 24
5 25
5 24
5 23
5 24
5 25
5 26
5 27
5 28
6 28
5 28
5 27
5 26
4 26
5 26
4 26
3 26
4 26
4 27
5 27
6 27
6 28
7 28
8 28
9 28
9 29
10 29
11 29
11 28
12 28
12 29
11 29
10 29
10 28
9 28
8 28
7 28
7 29
7 30
8 30
7 30
7 29
7 28
6 28
6 29
6 28
6 29
5 29
4 29
4 28
4 27
4 26
4 27
5 27
5 28
4 28
3 28
4 28
4 29
4 28
5 28
6 28
6 29
6 30
6 31
7 31
7 30
6 30
7 30
7 29
7 28
6 28
6 29
5 29
5 30
6 30
6 31
6 32
6 31
5 31
5 30
6 30
7 30
6 30
6 29
6 28
6 27
7 27
8 27
8 28
8 29
7 29
7 28
8 28
8 27
8 28
8 27
9 27
9 28
8 28
8 27
9 27
10 27
10 26
10 27
10 28
11 28
11 29
11 28
10 28
10 27
10 28
9 28
9 29
9 30
9 29
9 28
10 28
10 27
10 26
11 26
12 26
12 27
13 27
13 28
13 27
14 27
15 27
15 26
15 27
14 27
14 26
14 25
13 25
12 25
12 26
12 25
12 26
13 26
13 25
12 25
11 25
11 24
10 24
10 23
9 23
9 24
9 25
9 26
10 26
9 26
9 27
8 27
8 26
8 27
8 26
8 25
8 26
7 26
8 26
7 26
7 25
7 26
7 27
7 26
7 25
7 26
7 27
8 27
8 26
7 26
7 25
7 26
6 26
5 26
6 26
6 25
5 25
6 25
6 24
6 25
7 25
6 25
6 24
6 25
6 24
6 25
6 24
7 24
6 24
5 24
4 24
4 23
4 24
4 23
4 22
3 22
4 22
5 22
4 22
5 22
5 21
6 21
7 21
8 21
8 22
7 22
7 23
7 22
7 23
7 22
6 22
7 22
7 23
7 24
8 24
8 23
8 24
8 23
8 24
7 24
7 25
7 26
7 25
7 24
8 24
8 23
8 24
9 24
10 24
10 23
9 23
9 24
9 25
10 25
11 25
11 24
11 25
12 25
13 25
14 25
13 25
13 26
13 27
13 28
12 28
13 28
12 28
12 27
13 27
12 27
11 27
10 27
10 26
10 27
11 27
11 28
12 28
12 27
11 27
11 28
11 29
10 29
11 29
12 29
12 30
12 31
11 31
11 32
11 31
12 31
11 31
12 31
12 30
11 30
10 30
10 31
10 30
10 31
10 30
10 29
11 29
12 29
12 28
12 29
12 30
12 31
11 31
10 31
11 31
12 31
11 31
11 32
11 33
11 34
11 35
10 35
11 35
11 34
11 35
11 34
11 35
12 35
12 34
12 35
12 36
13 36
12 36
11 36
11 35
10 35
10 34
10 35
10 34
9 34
8 34
8 33
8 32
7 32
7 33
8 33
8 34
7 34
6 34
5 34
5 33
4 33
5 33
6 33
6 34
7 34
7 35
6 35
7 35
7 36
7 37
6 37
6 36
7 36
6 36
6 37
6 36
5 36
5 35
5 36
6 36
5 36
6 36
5 36
5 37
4 37
4 38
4 37
5 37
5 38
5 37
5 36
6 36
6 35
7 35
6 35
7 35
7 36
7 37
6 37
5 37
5 36
6 36
5 36
4 36
5 36
6 36
6 35
7 35
8 35
8 34
8 35
8 34
7 34
7 35
7 34
7 33
6 33
7 33
7 32
6 32
6 33
5 33
5 32
6 32
6 31
6 32
6 33
6 32
6 31
6 32
6 33
7 33
7 32
8 32
8 33
7 33
7 34
7 33
7 34
7 35
7 36
7 37
6 37
6 36
6 37
6 38
5 38
6 38
7 38
7 37
7 38
6 38
6 37
6 38
7 38
8 38
8 39
9 39
9 38
10 38
10 39
10 40
10 39
10 40
9 40
9 39
8 39
8 38
8 37
8 38
7 38
6 38
6 37
6 36
5 36
6 36
6 35
7 35
6 35
6 36
7 36
6 36
7 36
7 35
6 35
6 36
6 37
7 37
6 37
5 37
5 38
5 37
4 37
5 37
4 37
4 38
4 39
4 40
4 41
4 42
4 41
4 40
4 41
4 42
4 43
4 44
3 44
3 43
4 43
3 43
2 43
2 42
1 42
2 42
1 42
2 42
3 42
3 43
3 42
3 41
3 42
3 43
2 43
1 43
1 44
1 45
1 44
1 43
0 43
1 43
0 43
1 43
2 43
2 44
3 44
3 45
2 45
2 46
2 45
2 46
2 45
3 45
2 45
1 45
0 45
1 45
1 44
2 44
1 44
1 45
2 45
2 44
3 44
3 45
4 45
4 46
4 45
3 45
2 45
1 45
1 46
0 46
0 47
1 47
2 47
3 47
3 46
4 46
5 46
5 45
5 44
4 44
5 44
5 43
5 44
6 44
7 44
6 44
6 45
6 46
7 46
7 45
7 46
7 45
7 46
7 47
7 46
6 46
5 46
5 45
6 45
6 44
7 44
6 44
6 45
6 46
6 47
7 47
7 48
8 48
8 47
9 47
8 47
9 47
9 46
8 46
8 45
9 45
8 45
8 46
7 46
6 46
7 46
6 46
7 46
7 45
7 44
7 45
6 45
7 45
8 45
8 46
9 46
9 47
9 46
9 47
9 48
9 49
9 50
9 49
8 49
7 49
6 49
6 48
7 48
8 48
8 49
8 48
8 47
8 48
7 48
8 48
9 48
9 47
10 47
11 47
11 48
12 48
12 49
13 49
13 48
12 48
12 49
12 48
11 48
10 48
10 47
10 48
11 48
10 48
10 47
10 48
9 48
8 48
8 49
7 49
6 49
6 48
5 48
5 49
4 49
3 49
4 49
4 48
3 48
3 47
3 46
3 47
3 48
2 48
3 48
3 47
2 47
1 47
1 48
0 48
0 49
1 49
1 50
1 51
1 50
2 50
2 51
2 50
2 49
2 50
1 50
0 50
0 51
1 51
1 50
2 50
3 50
4 50
4 49
3 49
3 48
2 48
2 47
2 46
2 47
2 48
3 48
4 48
4 47
5 47
6 47
5 47
5 48
5 49
5 48
4 48
5 48
5 47
5 46
5 45
5 46
4 46
4 45
4 44
5 44
5 43
5 44
5 45
4 45
5 45
6 45
7 45
7 44
8 44
8 43
9 43
9 44
9 43
9 44
8 44
7 44
7 45
7 44
7 43
6 43
7 43
6 43
6 44
6 43
7 43
7 42
7 43
7 42
8 42
8 43
9 43
10 43
10 44
10 45
9 45
8 45
8 46
9 46
10 46
10 47
10 46
10 45
11 45
11 44
11 45
10 45
11 45
12 45
12 46
12 47
11 47
10 47
11 47
10 47
9 47
9 46
10 46
11 46
11 47
10 47
10 46
11 46
10 46
10 45
9 45
9 46
8 46
9 46
9 45
8 45
8 46
7 46
8 46
8 45
8 46
9 46
9 45
10 45
10 44
10 45
9 45
9 46
9 45
10 45
10 44
9 44
8 44
9 44
9 45
10 45
10 46
10 45
9 45
8 45
8 44
8 45
7 45
6 45
5 45
5 46
6 46
6 47
6 46
7 46
6 46
6 45
6 46
5 46
5 47
4 47
3 47
3 46
2 46
2 47
3 47
2 47
1 47
1 48
0 48
1 48
2 48
2 47
2 46
3 46
