0 0
0 1
0 2
0 1
0 2
1 2
0 2
1 2
1 1
1 2
1 3
0 3
1 3
1 4
1 3
1 4
1 3
1 4
0 4
1 4
2 4
2 3
3 3
3 4
3 5
2 5
3 5
3 6
2 6
2 5
1 5
0 5
0 4
0 5
0 6
0 5
1 5
1 4
2 4
3 4
4 4
4 3
5 3
4 3
5 3
6 3
6 2
6 3
6 4
6 5
6 6
5 6
4 6
4 7
4 8
4 9
3 9
3 10
3 11
3 10
3 9
2 9
2 10
2 9
1 9
1 10
1 11
2 11
2 12
2 11
1 11
1 10
1 9
1 10
2 10
2 11
3 11
3 10
4 10
4 9
4 10
4 11
4 12
4 13
4 12
3 12
4 12
4 11
4 10
4 11
4 12
4 11
3 11
3 10
3 11
3 12
2 12
1 12
2 12
2 13
2 12
3 12
4 12
4 13
3 13
3 14
3 13
3 14
4 14
5 14
6 14
7 14
6 14
7 14
7 13
7 14
6 14
6 15
7 15
8 15
9 15
8 15
9 15
8 15
8 16
9 16
9 17
10 17
10 18
10 19
10 18
9 18
8 18
8 17
8 16
7 16
6 16
7 16
7 15
6 15
7 15
7 14
7 13
6 13
7 13
7 14
8 14
8 13
9 13
10 13
9 13
9 14
8 14
9 14
9 13
10 13
11 13
11 14
12 14
12 15
11 15
11 14
11 15
10 15
10 16
11 16
11 15
11 16
11 15
10 15
10 14
11 14
12 14
12 13
11 13
11 14
11 15
11 14
11 15
12 15
13 15
12 15
13 15
12 15
13 15
14 15
14 14
13 14
13 13
14 13
14 14
15 14
16 14
15 14
15 13
15 14
14 14
13 14
14 14
15 14
15 13
14 13
14 14
14 15
15 15
16 15
16 16
17 16
16 16
17 16
16 16
15 16
16 16
17 16
17 17
16 17
16 18
16 19
16 18
16 19
16 18
17 18
17 19
17 18
18 18
17 18
17 17
18 17
19 17
19 18
19 19
19 18
19 17
19 16
20 16
19 16
18 16
17 16
17 17
17 16
17 17
17 16
18 16
19 16
18 16
19 16
18 16
18 17
19 17
18 17
19 17
20 17
19 17
18 17
18 16
18 15
17 15
17 14
17 13
18 13
18 14
19 14
19 13
20 13
19 13
19 14
19 15
18 15
19 15
19 16
20 16
20 17
21 17
20 17
20 16
21 16
20 16
20 17
20 16
21 16
21 17
21 16
22 16
22 17
23 17
24 17
24 16
25 16
24 16
24 17
23 17
23 16
24 16
25 16
26 16
25 16
26 16
26 15
27 15
26 15
25 15
25 14
26 14
26 15
25 15
25 16
24 16
25 16
25 15
26 15
26 14
26 15
26 16
26 17
26 16
25 16
26 16
26 15
26 16
27 16
28 16
28 15
27 15
26 15
27 15
27 14
26 14
26 15
26 16
26 17
26 18
26 19
26 18
26 17
26 18
27 18
27 17
27 18
27 19
28 19
29 19
29 20
30 20
31 20
31 21
30 21
29 21
29 22
29 23
29 22
29 21
30 21
31 21
32 21
31 21
32 21
32 20
31 20
30 20
29 20
30 20
29 20
28 20
28 21
28 20
29 20
29 19
30 19
30 20
30 19
29 19
28 19
28 20
28 19
29 19
29 20
29 21
28 21
29 21
29 22
28 22
28 21
29 21
29 20
29 19
29 18
29 17
29 16
28 16
28 15
28 14
28 13
27 13
27 12
26 12
26 13
27 13
27 14
26 14
25 14
26 14
26 13
25 13
24 13
25 13
25 12
25 11
25 10
26 10
25 10
25 9
24 9
25 9
26 9
25 9
24 9
24 10
24 9
24 10
25 10
26 10
26 11
26 12
26 11
26 12
27 12
28 12
29 12
28 12
28 11
29 11
29 12
30 12
31 12
31 11
31 12
31 13
32 13
31 13
31 12
31 11
31 12
31 13
32 13
33 13
33 14
33 15
32 15
31 15
32 15
33 15
32 15
32 16
31 16
31 17
30 17
31 17
31 18
32 18
32 17
33 17
33 16
32 16
33 16
33 17
34 17
34 16
34 17
34 18
34 17
34 16
35 16
34 16
35 16
35 17
34 17
34 18
33 18
34 18
33 18
33 19
33 18
33 17
34 17
34 16
34 17
33 17
32 17
31 17
32 17
32 16
32 15
33 15
32 15
32 16
32 17
33 17
34 17
33 17
32 17
32 18
31 18
31 19
30 19
30 20
31 20
31 21
31 22
30 22
30 23
30 22
30 21
30 22
29 22
28 22
27 22
27 23
26 23
27 23
26 23
27 23
28 23
27 23
27 24
27 25
27 26
27 27
27 28
27 29
26 29
27 29
27 30
27 31
27 32
27 33
26 33
26 34
26 35
25 35
26 35
26 36
25 36
25 37
24 37
24 38
24 39
24 38
25 38
24 38
24 37
23 37
23 36
23 35
23 34
22 34
21 34
21 33
21 34
20 34
19 34
20 34
20 35
20 36
19 36
20 36
21 36
22 36
21 36
21 35
21 36
21 35
21 36
21 35
21 34
22 34
22 33
21 33
20 33
20 32
21 32
22 32
22 33
22 34
21 34
21 33
22 33
21 33
21 34
22 34
22 35
22 36
22 37
21 37
22 37
23 37
23 36
23 37
23 36
22 36
23 36
23 35
24 35
24 36
24 35
23 35
23 34
23 35
22 35
22 36
22 35
22 34
21 34
20 34
20 33
19 33
18 33
18 34
19 34
19 33
19 34
18 34
18 35
19 35
20 35
21 35
21 36
22 36
21 36
20 36
19 36
19 35
19 34
19 35
19 36
20 36
20 35
19 35
20 35
21 35
22 35
23 35
22 35
22 34
22 35
22 34
23 34
23 35
23 36
23 35
23 36
22 36
21 36
22 36
22 35
22 36
22 37
22 36
23 36
24 36
24 35
23 35
22 35
23 35
24 35
24 34
23 34
24 34
23 34
23 35
23 36
22 36
22 35
21 35
21 36
22 36
23 36
23 35
23 34
24 34
23 34
23 33
24 33
24 32
25 32
25 33
25 32
24 32
23 32
24 32
24 31
24 32
24 31
25 31
25 30
26 30
26 29
26 28
25 28
25 29
24 29
24 28
23 28
23 29
23 30
23 29
23 30
24 30
24 31
24 32
25 32
26 32
26 31
26 30
25 30
25 29
24 29
25 29
25 30
25 31
25 32
26 32
26 31
25 31
24 31
23 31
23 32
23 31
22 31
22 30
21 30
21 31
21 30
22 30
21 30
22 30
23 30
22 30
23 30
23 31
24 31
25 31
26 31
25 31
25 32
25 31
25 30
25 31
24 31
25 31
25 30
25 29
24 29
24 28
25 28
24 28
24 29
23 29
23 28
23 27
23 26
23 27
24 27
25 27
25 26
25 25
24 25
24 24
25 24
26 24
27 24
28 24
28 23
27 23
28 23
28 22
29 22
29 21
28 21
28 22
29 22
29 21
28 21
29 21
28 21
27 21
26 21
27 21
27 20
27 21
28 21
28 22
28 21
29 21
29 20
29 19
28 19
29 19
29 18
29 19
29 18
29 17
29 18
29 17
29 16
28 16
27 16
27 17
27 16
27 15
26 15
26 14
26 15
25 15
25 16
26 16
25 16
25 15
25 14
24 14
24 15
24 14
24 15
25 15
26 15
26 16
27 16
28 16
29 16
30 16
30 17
29 17
29 18
29 17
28 17
28 18
29 18
28 18
28 17
28 16
27 16
27 15
27 14
28 14
27 14
27 15
27 16
26 16
27 16
26 16
26 15
26 16
25 16
24 16
24 17
24 18
25 18
25 19
25 18
25 17
24 17
24 18
24 17
24 18
24 19
23 19
24 19
25 19
24 19
24 20
24 19
25 19
25 18
26 18
26 17
27 17
28 17
29 17
29 16
29 17
29 16
30 16
30 15
30 14
29 14
29 13
28 13
28 14
29 14
30 14
30 15
31 15
30 15
29 15
30 15
30 14
30 13
30 12
30 13
31 13
31 12
31 13
32 13
33 13
33 14
33 15
34 15
34 16
34 17
34 18
34 19
34 18
35 18
35 17
35 18
36 18
36 17
36 18
36 19
35 19
36 19
35 19
35 20
36 20
37 20
36 20
36 19
35 19
34 19
34 20
34 21
34 22
34 23
35 23
35 24
35 23
35 22
35 23
35 24
35 23
35 24
36 24
36 23
35 23
35 22
35 23
36 23
37 23
36 23
36 24
37 24
37 25
37 26
36 26
37 26
37 25
36 25
36 26
36 27
36 28
35 28
35 27
36 27
37 27
37 28
37 29
36 29
37 29
37 28
37 29
36 29
36 28
37 28
36 28
37 28
36 28
35 28
36 28
36 29
37 29
36 29
36 30
36 31
36 30
36 29
36 30
37 30
37 29
37 30
38 30
39 30
39 31
40 31
41 31
42 31
41 31
41 30
42 30
42 29
43 29
43 28
