0 0
0 1
0 2
0 1
1 1
0 1
0 2
1 2
2 2
3 2
3 1
4 1
4 0
4 1
4 0
4 1
3 1
3 2
4 2
3 2
3 3
2 3
2 4
2 5
2 4
3 4
3 3
2 3
1 3
1 2
1 1
1 2
1 3
1 4
1 5
1 4
1 3
1 4
2 4
2 5
2 4
2 5
2 4
2 5
2 4
1 4
1 5
2 5
3 5
4 5
4 6
4 5
5 5
6 5
6 4
6 3
5 3
5 4
6 4
6 3
6 2
5 2
5 3
5 4
6 4
6 3
7 3
6 3
6 4
6 3
6 4
7 4
8 4
9 4
8 4
9 4
10 4
9 4
9 5
9 6
10 6
10 7
10 6
10 7
10 8
9 8
9 9
8 9
7 9
7 10
6 10
6 11
6 12
7 12
7 13
7 14
8 14
9 14
10 14
11 14
11 13
10 13
10 14
9 14
10 14
9 14
8 14
8 13
8 12
8 11
7 11
8 11
7 11
7 12
8 12
8 13
7 13
7 14
8 14
9 14
9 15
10 15
11 15
11 14
10 14
11 14
12 14
11 14
12 14
12 13
11 13
10 13
11 13
11 14
12 14
12 13
12 12
12 13
12 12
12 13
11 13
11 12
12 12
12 11
12 12
11 12
11 11
11 12
10 12
11 12
12 12
12 11
13 11
13 10
14 10
15 10
14 10
15 10
16 10
16 11
16 12
15 12
14 12
14 13
15 13
15 14
15 15
14 15
15 15
14 15
14 16
14 17
14 16
14 15
14 16
14 15
15 15
14 15
15 15
15 14
15 13
16 13
17 13
17 12
16 12
15 12
16 12
17 12
16 12
16 13
16 14
15 14
15 15
16 15
17 15
17 14
18 14
19 14
19 13
19 14
19 13
18 13
18 14
18 13
18 12
18 11
18 10
18 9
18 8
17 8
18 8
18 9
18 10
18 11
19 11
20 11
21 11
20 11
20 10
20 9
20 10
21 10
20 10
21 10
21 9
21 8
21 9
21 10
21 11
20 11
21 11
21 12
21 13
22 13
23 13
23 14
24 14
24 13
24 12
24 11
23 11
24 11
24 10
24 9
23 9
24 9
23 9
22 9
21 9
21 8
22 8
22 9
23 9
22 9
23 9
22 9
21 9
21 8
22 8
22 7
22 8
22 9
23 9
23 10
23 9
22 9
21 9
22 9
22 8
22 9
22 10
22 9
23 9
22 9
21 9
21 8
20 8
21 8
21 7
20 7
21 7
21 6
22 6
22 7
22 6
22 5
22 4
23 4
22 4
22 3
23 3
23 2
23 1
22 1
23 1
23 0
22 0
23 0
22 0
21 0
21 1
21 0
21 1
21 0
21 1
20 1
19 1
19 0
18 0
17 0
17 1
17 0
17 1
17 0
17 1
17 0
18 0
17 0
16 0
16 1
16 2
17 2
18 2
19 2
19 3
20 3
21 3
20 3
19 3
19 4
19 5
18 5
19 5
19 6
19 7
18 7
18 8
17 8
17 7
17 6
17 5
17 4
17 5
18 5
18 6
19 6
19 7
18 7
18 8
17 8
16 8
16 7
15 7
16 7
17 7
18 7
17 7
17 6
18 6
17 6
17 7
17 8
18 8
18 7
17 7
17 8
17 9
17 8
18 8
18 9
19 9
18 9
18 10
19 10
20 10
20 11
20 10
21 10
22 10
23 10
22 10
22 11
22 10
22 11
23 11
22 11
22 10
22 11
21 11
22 11
21 11
20 11
19 11
19 10
18 10
19 10
20 10
21 10
22 10
22 11
22 12
23 12
24 12
24 11
23 11
22 11
23 11
23 12
22 12
23 12
24 12
24 11
23 11
24 11
25 11
25 10
26 10
26 9
27 9
27 8
28 8
29 8
29 9
29 8
29 7
29 6
28 6
28 7
28 8
28 7
27 7
28 7
28 8
28 9
27 9
26 9
26 8
27 8
27 7
27 6
28 6
27 6
27 5
26 5
26 4
26 3
26 2
27 2
27 1
27 0
27 1
27 2
26 2
26 1
26 2
27 2
27 3
27 4
28 4
27 4
28 4
27 4
27 3
27 2
28 2
28 1
27 1
27 0
27 1
28 1
28 2
28 3
28 4
28 3
28 2
27 2
26 2
26 1
25 1
25 2
25 1
25 2
25 1
24 1
25 1
25 2
25 3
24 3
24 4
24 3
24 4
24 3
25 3
25 2
25 3
26 3
26 4
26 3
27 3
28 3
28 2
28 1
28 0
28 1
28 0
28 1
27 1
27 0
28 0
28 1
28 0
28 1
29 1
28 1
28 0
28 1
28 0
28 1
29 1
29 0
28 0
28 1
28 0
29 0
28 0
27 0
27 1
26 1
26 2
25 2
25 3
25 2
26 2
27 2
28 2
29 2
28 2
28 3
27 3
26 3
26 2
26 3
27 3
26 3
27 3
27 2
27 1
26 1
27 1
26 1
26 2
25 2
25 3
25 4
24 4
25 4
26 4
27 4
27 5
28 5
29 5
29 4
29 5
29 4
30 4
31 4
32 4
32 5
32 6
32 5
33 5
32 5
31 5
31 4
30 4
29 4
29 3
29 4
30 4
30 3
30 2
31 2
31 1
31 2
31 3
31 4
32 4
32 5
31 5
32 5
32 4
32 3
32 2
33 2
33 1
32 1
32 0
33 0
32 0
32 1
33 1
33 2
33 3
32 3
32 4
32 5
33 5
33 4
32 4
33 4
32 4
32 3
31 3
31 4
31 5
31 6
31 5
32 5
33 5
33 6
33 5
34 5
33 5
33 6
32 6
32 7
33 7
34 7
34 8
34 9
33 9
34 9
35 9
35 10
35 11
36 11
36 12
36 11
36 10
36 9
36 10
37 10
36 10
35 10
34 10
33 10
34 10
35 10
36 10
36 11
37 11
36 11
36 12
37 12
38 12
38 13
39 13
39 14
39 15
38 15
37 15
37 14
38 14
39 14
40 14
39 14
39 15
40 15
39 15
39 16
39 15
39 14
38 14
37 14
37 15
36 15
37 15
36 15
36 16
37 16
37 17
37 18
36 18
37 18
37 17
37 18
36 18
37 18
37 19
37 20
36 20
36 21
36 22
36 21
36 20
35 20
35 21
36 21
37 21
36 21
36 22
36 21
35 21
36 21
36 20
36 19
36 18
37 18
37 17
37 16
37 17
37 16
36 16
35 16
34 16
33 16
33 17
32 17
31 17
31 18
30 18
31 18
31 19
32 19
33 19
34 19
33 19
33 20
34 20
34 21
34 22
34 23
35 23
35 24
35 25
34 25
34 26
34 27
33 27
34 27
34 26
33 26
33 25
33 24
32 24
31 24
31 23
32 23
33 23
33 22
33 21
33 20
33 21
33 20
34 20
34 21
34 22
35 22
35 23
35 22
35 23
36 23
36 22
36 21
36 20
35 20
34 20
34 19
34 20
33 20
33 19
33 18
34 18
33 18
34 18
34 19
35 19
34 19
33 19
33 20
33 21
32 21
32 20
32 21
32 20
32 19
33 19
33 18
34 18
34 19
34 18
33 18
33 19
34 19
35 19
36 19
36 18
36 17
35 17
35 18
36 18
37 18
38 18
39 18
39 19
39 18
40 18
39 18
39 19
39 20
39 19
38 19
39 19
39 20
39 19
39 18
39 17
40 17
40 18
40 17
39 17
39 16
39 15
40 15
40 16
40 17
39 17
40 17
40 18
41 18
41 17
41 16
41 15
41 14
41 15
42 15
41 15
41 16
42 16
41 16
41 17
40 17
40 16
41 16
41 15
42 15
42 16
41 16
41 15
42 15
43 15
44 15
44 16
44 17
44 16
43 16
42 16
43 16
44 16
44 15
44 16
44 17
44 16
44 15
44 16
43 16
42 16
42 17
42 16
42 15
41 15
42 15
42 14
41 14
42 14
42 15
43 15
43 14
43 13
44 13
44 14
44 13
44 14
44 15
45 15
45 14
44 14
45 14
46 14
46 13
46 14
46 13
47 13
48 13
48 14
47 14
48 14
48 15
49 15
48 15
48 14
49 14
50 14
49 14
50 14
51 14
52 14
51 14
52 14
52 15
52 16
51 16
51 17
50 17
51 17
50 17
51 17
50 17
50 16
50 15
51 15
51 14
52 14
52 13
52 12
53 12
54 12
54 13
53 13
53 14
54 14
55 14
56 14
56 13
55 13
54 13
54 14
54 13
54 14
55 14
54 14
53 14
54 14
54 15
55 15
56 15
55 15
54 15
53 15
54 15
54 14
55 14
54 14
54 13
54 14
54 13
54 14
53 14
53 15
53 16
52 16
52 17
52 16
51 16
51 15
51 14
52 14
52 13
52 14
52 15
51 15
51 16
51 15
52 15
53 15
53 16
54 16
54 17
54 16
54 15
55 15
56 15
57 15
56 15
57 15
57 14
58 14
58 15
59 15
60 15
60 16
60 15
61 15
61 16
62 16
63 16
63 17
64 17
64 18
63 18
