0 0
1 0
1 1
0 1
1 1
1 0
2 0
2 1
2 2
2 3
2 4
2 3
3 3
4 3
4 2
4 1
3 1
3 0
3 1
4 1
5 1
6 1
6 0
5 0
5 1
6 1
7 1
6 1
7 1
8 1
8 0
8 1
8 2
8 1
8 0
9 0
10 0
10 1
10 0
10 1
10 2
9 2
10 2
10 1
10 0
10 1
10 2
9 2
10 2
9 2
10 2
11 2
11 1
11 0
12 0
13 0
12 0
12 1
12 2
12 1
11 1
11 0
12 0
11 0
10 0
9 0
9 1
10 1
10 0
11 0
11 1
11 0
10 0
10 1
9 1
9 0
10 0
10 1
10 2
10 3
9 3
8 3
8 4
9 4
8 4
9 4
9 5
9 6
10 6
10 5
10 6
10 5
10 6
10 5
10 4
10 5
10 6
10 7
10 6
11 6
10 6
9 6
9 5
8 5
8 6
7 6
6 6
6 7
7 7
7 6
8 6
9 6
9 7
8 7
9 7
9 8
9 9
9 8
9 9
8 9
9 9
10 9
10 10
10 11
9 11
9 12
8 12
8 13
9 13
10 13
10 14
9 14
10 14
10 15
10 14
11 14
11 15
10 15
10 14
9 14
10 14
10 13
10 12
9 12
9 13
9 12
9 11
9 12
9 11
8 11
8 12
8 11
8 12
8 13
7 13
7 14
7 15
8 15
7 15
6 15
6 16
5 16
6 16
6 15
6 14
6 15
6 14
7 14
6 14
6 13
5 13
6 13
7 13
8 13
7 13
7 14
8 14
9 14
10 14
10 13
11 13
11 12
10 12
11 12
12 12
13 12
14 12
15 12
14 12
14 13
15 13
14 13
13 13
13 14
13 15
14 15
15 15
15 16
14 16
14 15
14 14
14 15
14 16
14 17
13 17
13 16
14 16
14 15
13 15
14 15
14 14
14 15
14 14
13 14
14 14
13 14
13 13
14 13
14 14
13 14
13 13
12 13
12 12
13 12
12 12
12 11
12 10
12 11
13 11
12 11
13 11
14 11
14 10
13 10
13 9
12 9
11 9
11 8
12 8
12 9
11 9
10 9
11 9
11 8
12 8
13 8
13 7
13 6
13 5
12 5
13 5
13 4
13 3
13 4
12 4
11 4
11 5
10 5
10 4
10 3
10 4
10 3
10 4
10 3
9 3
8 3
9 3
9 2
9 3
8 3
8 4
8 5
9 5
10 5
11 5
11 4
12 4
12 5
12 4
12 3
12 4
11 4
10 4
9 4
8 4
8 5
9 5
9 6
9 7
10 7
10 8
11 8
11 9
11 10
12 10
13 10
13 11
13 12
12 12
11 12
11 11
11 10
11 11
11 12
10 12
11 12
11 11
12 11
12 10
12 9
13 9
13 8
13 9
12 9
12 10
13 10
12 10
13 10
14 10
13 10
12 10
12 11
12 10
13 10
13 11
12 11
12 10
12 11
12 10
12 11
13 11
13 12
12 12
11 12
11 11
11 12
11 13
12 13
12 14
12 15
12 16
12 17
12 16
11 16
11 15
10 15
9 15
10 15
11 15
11 16
12 16
12 15
13 15
13 14
12 14
12 15
12 16
13 16
13 15
13 14
12 14
11 14
11 13
11 14
12 14
12 15
12 16
12 15
12 16
11 16
12 16
12 15
13 15
13 16
12 16
11 16
11 15
10 15
11 15
12 15
12 14
12 13
13 13
12 13
11 13
10 13
11 13
11 14
12 14
13 14
13 15
13 14
14 14
14 15
14 14
15 14
14 14
14 15
14 16
14 15
15 15
15 16
15 17
15 18
15 17
15 16
15 17
15 18
14 18
14 19
14 20
15 20
16 20
17 20
18 20
19 20
19 21
20 21
21 21
20 21
19 21
19 22
19 21
19 22
19 23
20 23
19 23
19 24
18 24
19 24
18 24
19 24
20 24
19 24
19 25
18 25
17 25
18 25
18 24
18 23
17 23
18 23
18 24
18 23
17 23
18 23
18 24
18 25
18 26
18 27
17 27
17 26
16 26
16 27
16 26
16 27
15 27
15 28
15 29
15 28
15 29
14 29
14 28
14 27
14 26
14 27
14 26
14 25
13 25
12 25
12 24
12 25
12 26
12 25
11 25
10 25
9 25
9 24
10 24
10 23
11 23
11 22
11 21
10 21
10 20
10 21
9 21
10 21
11 21
11 20
12 20
12 21
13 21
13 22
14 22
15 22
15 23
15 22
16 22
17 22
18 22
19 22
19 21
19 20
19 19
19 20
19 19
18 19
19 19
19 20
20 20
21 20
21 19
21 18
20 18
20 19
20 20
20 21
19 21
18 21
18 22
17 22
18 22
18 23
18 22
17 22
17 21
17 20
16 20
17 20
18 20
18 19
18 18
18 17
18 18
18 19
18 20
19 20
19 21
18 21
18 22
17 22
17 23
18 23
18 22
18 23
18 24
19 24
19 23
20 23
19 23
19 24
18 24
18 25
17 25
17 24
17 25
16 25
16 24
17 24
17 25
17 24
16 24
17 24
17 25
16 25
15 25
15 24
16 24
15 24
16 24
15 24
14 24
14 23
14 24
13 24
12 24
13 24
14 24
14 23
14 22
15 22
16 22
17 22
17 23
16 23
15 23
15 24
16 24
17 24
16 24
16 23
16 22
16 23
15 23
15 24
15 25
15 26
15 25
14 25
14 26
14 27
13 27
14 27
14 26
14 27
13 27
13 28
13 29
12 29
12 30
11 30
11 31
11 32
11 31
11 30
12 30
13 30
13 31
13 30
13 31
13 32
14 32
13 32
13 33
14 33
14 32
15 32
16 32
17 32
17 31
18 31
18 30
19 30
20 30
19 30
18 30
17 30
17 29
16 29
17 29
17 30
16 30
17 30
18 30
17 30
17 29
16 29
16 30
15 30
15 29
14 29
14 30
13 30
13 31
13 32
13 33
14 33
13 33
13 34
12 34
13 34
14 34
13 34
13 33
14 33
14 34
14 35
14 34
15 34
15 33
15 34
15 35
15 36
16 36
17 36
18 36
18 37
18 38
18 39
17 39
17 40
17 39
17 38
17 37
17 36
16 36
15 36
16 36
17 36
18 36
19 36
19 37
19 36
19 37
20 37
21 37
21 38
22 38
21 38
21 37
20 37
20 36
21 36
22 36
22 35
22 36
22 35
23 35
24 35
23 35
23 34
24 34
24 35
24 34
25 34
24 34
25 34
25 33
25 34
25 35
26 35
27 35
28 35
29 35
29 36
29 35
30 35
31 35
31 34
32 34
31 34
31 35
31 34
31 33
31 32
32 32
32 31
32 30
33 30
33 29
34 29
34 30
35 30
34 30
34 29
35 29
36 29
37 29
37 30
36 30
35 30
34 30
34 29
34 30
35 30
35 31
35 32
34 32
34 31
35 31
35 30
34 30
34 31
34 32
34 31
35 31
35 32
35 31
36 31
35 31
35 30
35 29
34 29
35 29
36 29
36 30
37 30
36 30
36 31
36 32
37 32
36 32
36 33
37 33
36 33
35 33
35 32
34 32
35 32
34 32
35 32
35 31
36 31
36 30
36 31
36 30
35 30
35 29
35 30
35 29
36 29
36 28
36 27
36 28
36 29
36 30
36 29
37 29
36 29
35 29
34 29
35 29
34 29
33 29
33 30
33 29
32 29
33 29
34 29
34 30
33 30
33 29
33 30
32 30
33 30
33 31
32 31
32 32
33 32
33 31
33 30
33 29
32 29
33 29
33 28
33 29
33 28
33 29
34 29
34 30
34 31
35 31
35 32
34 32
35 32
35 31
35 32
36 32
36 33
35 33
35 34
35 35
35 34
36 34
35 34
35 33
35 32
35 31
35 32
35 33
35 32
35 31
36 31
36 32
36 33
35 33
36 33
35 33
34 33
35 33
35 32
36 32
37 32
38 32
37 32
36 32
36 31
37 31
37 32
36 32
36 33
36 34
36 33
36 34
37 34
36 34
36 33
36 32
35 32
35 31
35 30
35 29
34 29
35 29
35 28
34 28
35 28
35 27
34 27
34 26
34 25
34 24
34 25
33 25
32 25
31 25
31 24
32 24
33 24
32 24
32 23
31 23
31 24
31 23
30 23
29 23
29 24
28 24
28 25
27 25
28 25
28 26
29 26
29 25
30 25
29 25
29 26
29 25
30 25
30 24
30 25
29 25
28 25
29 25
29 26
30 26
30 27
30 26
31 26
31 27
31 26
32 26
32 25
32 26
32 27
32 26
32 25
33 25
33 26
33 25
32 25
32 24
32 23
32 24
31 24
31 23
31 24
31 25
30 25
30 24
30 25
30 24
30 25
31 25
32 25
32 24
33 24
32 24
32 23
33 23
33 24
32 24
32 25
32 24
32 25
32 24
31 24
30 24
30 23
29 23
29 22
30 22
30 21
29 21
28 21
29 21
30 21
31 21
31 20
32 20
31 20
30 20
30 19
29 19
30 19
30 20
30 21
29 21
29 20
