0 0
0 1
0 2
1 2
2 2
2 1
2 0
1 0
1 1
2 1
1 1
0 1
1 1
1 2
1 1
1 2
0 2
0 3
1 3
2 3
2 2
1 2
1 3
1 2
1 3
0 3
1 3
2 3
2 2
1 2
1 3
1 2
1 1
1 0
1 1
0 1
0 2
1 2
2 2
3 2
4 2
5 2
5 3
5 4
6 4
6 5
6 6
6 5
7 5
7 4
7 5
8 5
7 5
6 5
7 5
7 4
6 4
5 4
5 3
5 2
6 2
6 1
6 2
7 2
8 2
7 2
7 1
6 1
7 1
6 1
5 1
5 0
6 0
5 0
5 1
5 0
6 0
6 1
6 0
6 1
6 2
7 2
8 2
8 3
7 3
7 2
8 2
8 3
9 3
10 3
9 3
10 3
10 2
9 2
9 1
10 1
10 0
10 1
10 0
9 0
9 1
9 0
9 1
9 0
9 1
10 1
11 1
11 2
12 2
13 2
13 3
12 3
13 3
12 3
12 4
11 4
10 4
9 4
8 4
8 3
7 3
6 3
6 2
6 3
6 2
6 1
6 2
7 2
8 2
8 3
7 3
7 2
8 2
8 1
8 2
7 2
8 2
8 1
9 1
9 0
10 0
10 1
9 1
8 1
7 1
7 0
8 0
8 1
9 1
8 1
8 2
7 2
7 3
8 3
8 2
8 3
7 3
6 3
6 4
6 5
5 5
5 4
4 4
4 5
3 5
2 5
3 5
4 5
4 6
4 5
4 6
4 5
4 6
4 5
4 6
4 7
3 7
3 6
4 6
3 6
2 6
1 6
0 6
0 5
1 5
1 4
1 3
1 4
1 5
1 4
0 4
1 4
1 3
1 2
0 2
0 1
1 1
1 2
0 2
1 2
1 3
1 2
2 2
3 2
3 1
3 0
3 1
3 2
3 3
3 4
3 3
4 3
4 2
4 1
4 2
4 3
4 2
5 2
6 2
5 2
6 2
6 3
6 4
5 4
5 5
5 4
4 4
3 4
3 3
2 3
3 3
4 3
4 4
3 4
2 4
2 5
2 4
1 4
2 4
2 5
2 4
2 3
3 3
3 2
3 1
4 1
3 1
2 1
1 1
0 1
1 1
0 1
0 0
0 1
1 1
1 2
0 2
0 3
1 3
1 2
1 3
1 4
1 5
0 5
0 6
1 6
1 7
1 6
1 7
1 8
1 9
0 9
0 8
0 9
1 9
2 9
2 10
2 11
2 12
1 12
1 13
1 14
0 14
1 14
2 14
1 14
1 13
2 13
1 13
1 12
1 11
0 11
0 10
0 9
0 8
0 7
1 7
1 6
1 5
1 6
0 6
1 6
0 6
0 7
0 8
1 8
0 8
1 8
0 8
1 8
0 8
0 9
1 9
1 8
2 8
1 8
1 9
1 8
0 8
0 7
1 7
1 8
1 9
1 10
0 10
0 9
1 9
0 9
0 10
1 10
1 11
2 11
3 11
4 11
3 11
2 11
1 11
1 10
0 10
1 10
1 9
1 8
1 7
0 7
1 7
1 6
1 7
2 7
1 7
0 7
0 6
1 6
1 5
2 5
2 6
3 6
3 7
4 7
4 6
4 5
3 5
3 6
4 6
4 7
3 7
2 7
2 6
2 7
1 7
2 7
2 6
3 6
2 6
2 7
3 7
4 7
5 7
5 6
4 6
5 6
5 7
5 6
6 6
7 6
6 6
7 6
6 6
5 6
5 5
6 5
6 6
6 7
6 6
6 5
6 4
6 3
7 3
7 2
7 1
8 1
8 2
7 2
6 2
5 2
5 3
6 3
5 3
5 2
5 1
6 1
6 2
6 3
6 2
5 2
4 2
3 2
4 2
4 1
4 2
4 3
5 3
5 2
6 2
5 2
4 2
5 2
5 1
6 1
5 1
5 0
5 1
4 1
4 0
4 1
3 1
4 1
4 2
4 1
3 1
2 1
3 1
3 0
3 1
2 1
1 1
0 1
1 1
1 0
2 0
2 1
1 1
1 0
0 0
0 1
0 2
0 3
1 3
2 3
3 3
3 2
4 2
4 1
3 1
2 1
3 1
4 1
5 1
5 0
5 1
6 1
7 1
8 1
7 1
7 2
7 3
7 4
6 4
5 4
6 4
7 4
7 3
7 4
7 5
7 4
6 4
7 4
8 4
8 5
8 6
8 7
8 8
8 7
9 7
9 6
9 7
9 8
10 8
9 8
9 9
10 9
10 10
10 11
10 12
9 12
9 11
10 11
9 11
8 11
7 11
6 11
6 12
5 12
5 11
6 11
6 12
6 13
5 13
4 13
4 12
5 12
6 12
6 13
6 14
6 15
6 16
6 17
6 18
5 18
4 18
4 17
4 18
4 17
4 18
4 19
4 20
5 20
5 19
5 18
6 18
6 19
7 19
8 19
7 19
7 20
8 20
8 19
9 19
9 20
9 19
8 19
8 20
8 19
8 18
8 17
8 16
7 16
7 15
7 14
7 13
7 12
6 12
6 11
7 11
7 12
7 13
8 13
9 13
9 12
9 13
10 13
9 13
9 12
9 11
9 10
9 9
10 9
10 10
11 10
12 10
12 11
13 11
12 11
11 11
10 11
9 11
8 11
7 11
7 12
8 12
8 13
9 13
10 13
9 13
8 13
9 13
8 13
8 12
8 13
9 13
9 12
8 12
8 13
8 14
8 13
8 12
7 12
7 11
8 11
8 12
9 12
10 12
9 12
9 13
10 13
11 13
12 13
12 14
12 13
13 13
14 13
13 13
13 14
13 13
12 13
11 13
11 14
11 15
12 15
13 15
13 14
14 14
14 15
13 15
13 14
13 13
12 13
12 12
12 13
12 14
12 15
13 15
14 15
13 15
13 14
13 13
13 14
14 14
15 14
14 14
14 13
13 13
12 13
12 14
12 15
13 15
14 15
14 14
14 13
13 13
12 13
11 13
11 14
12 14
12 15
12 14
12 13
12 12
11 12
10 12
9 12
9 11
10 11
9 11
10 11
11 11
11 10
12 10
13 10
14 10
14 11
14 12
15 12
15 11
15 10
16 10
16 9
17 9
18 9
17 9
16 9
16 10
17 10
16 10
15 10
14 10
13 10
13 9
13 8
13 9
13 10
12 10
12 11
12 10
13 10
13 9
13 8
13 9
14 9
13 9
14 9
13 9
14 9
14 8
15 8
14 8
13 8
12 8
12 7
12 8
11 8
11 7
12 7
13 7
14 7
14 6
15 6
15 5
15 4
16 4
15 4
15 5
16 5
16 4
15 4
15 5
16 5
15 5
15 4
15 5
16 5
17 5
17 6
17 5
17 4
16 4
16 3
17 3
16 3
15 3
16 3
16 4
16 5
17 5
18 5
19 5
20 5
21 5
22 5
21 5
22 5
21 5
22 5
22 4
22 3
23 3
24 3
25 3
24 3
24 2
25 2
25 1
26 1
27 1
28 1
28 2
29 2
29 1
29 2
30 2
31 2
31 1
30 1
30 2
29 2
29 1
29 2
29 1
29 0
29 1
28 1
29 1
29 2
29 1
29 2
29 3
29 4
29 5
28 5
28 6
28 7
29 7
29 8
29 7
28 7
29 7
29 8
28 8
28 7
28 6
29 6
30 6
30 7
30 6
31 6
32 6
31 6
32 6
32 7
33 7
33 6
32 6
32 7
32 8
32 7
33 7
33 6
33 7
33 8
33 9
34 9
35 9
34 9
34 8
34 9
35 9
34 9
34 10
33 10
33 11
33 12
32 12
32 13
32 12
32 11
33 11
32 11
32 10
31 10
32 10
33 10
33 11
33 12
34 12
35 12
35 11
34 11
35 11
36 11
37 11
38 11
38 12
38 13
38 14
38 15
38 14
38 15
38 14
39 14
40 14
39 14
39 15
39 14
39 13
40 13
39 13
38 13
38 14
37 14
38 14
37 14
37 15
37 14
36 14
35 14
35 15
35 14
35 15
36 15
37 15
36 15
36 14
37 14
37 15
37 14
37 13
37 14
38 14
38 15
37 15
38 15
38 14
38 15
37 15
38 15
37 15
38 15
39 15
39 16
39 17
39 18
40 18
40 17
40 16
40 17
40 18
40 19
39 19
38 19
39 19
38 19
39 19
40 19
40 20
40 19
40 18
40 19
40 20
41 20
40 20
40 19
39 19
39 20
39 19
40 19
40 18
40 17
40 16
40 15
40 16
40 15
41 15
42 15
42 14
42 15
42 14
43 14
43 15
43 14
44 14
44 13
45 13
45 12
46 12
46 13
46 14
45 14
45 15
46 15
47 15
48 15
48 16
48 17
48 18
48 19
48 20
47 20
48 20
49 20
48 20
48 19
49 19
49 20
49 19
49 20
48 20
48 19
49 19
49 18
49 17
48 17
49 17
50 17
51 17
51 18
51 17
51 16
50 16
51 16
52 16
52 15
51 15
51 16
50 16
50 15
51 15
51 14
51 15
51 14
50 14
50 13
