0 0
1 0
1 1
1 0
0 0
0 1
1 1
0 1
0 0
0 1
0 0
0 1
1 1
1 0
0 0
1 0
1 1
1 2
1 3
2 3
2 2
2 1
1 1
0 1
1 1
1 0
1 1
1 2
0 2
0 3
0 4
1 4
0 4
1 4
1 5
0 5
0 4
0 5
0 6
0 5
0 6
0 5
0 4
0 5
1 5
0 5
0 6
0 7
0 8
1 8
1 7
1 6
1 7
0 7
1 7
1 6
2 6
3 6
3 7
4 7
5 7
4 7
3 7
4 7
4 6
4 5
5 5
5 6
6 6
5 6
5 7
6 7
7 7
7 8
6 8
6 7
7 7
7 8
7 9
7 10
7 11
8 11
9 11
10 11
10 12
11 12
12 12
12 13
13 13
13 14
13 15
14 15
14 14
14 15
15 15
14 15
14 14
13 14
13 15
13 16
13 17
12 17
11 17
11 18
11 19
11 18
11 17
12 17
12 16
12 15
11 15
12 15
12 16
12 17
11 17
11 18
11 19
11 18
12 18
12 17
11 17
11 16
11 15
11 14
10 14
9 14
9 15
8 15
8 16
7 16
8 16
9 16
10 16
10 15
9 15
8 15
9 15
8 15
8 16
7 16
8 16
7 16
7 17
6 17
5 17
6 17
6 18
6 17
6 16
7 16
7 17
6 17
7 17
8 17
8 16
8 15
8 16
9 16
10 16
9 16
9 17
9 16
9 17
10 17
9 17
9 16
9 17
9 18
9 17
8 17
9 17
8 17
9 17
8 17
9 17
9 18
9 17
10 17
10 18
10 19
10 20
10 21
10 22
10 23
11 23
11 22
12 22
11 22
11 21
10 21
11 21
12 21
12 20
11 20
11 21
11 22
12 22
12 21
12 22
13 22
12 22
12 21
11 21
11 20
11 21
12 21
12 20
12 19
12 20
12 19
11 19
12 19
12 20
12 21
13 21
12 21
13 21
13 20
13 19
13 18
12 18
11 18
11 17
11 18
10 18
9 18
9 19
10 19
11 19
11 18
12 18
11 18
11 19
11 18
11 17
10 17
9 17
8 17
9 17
8 17
8 16
9 16
9 17
8 17
8 16
8 17
9 17
8 17
7 17
8 17
8 16
8 15
8 14
9 14
9 13
10 13
10 12
10 13
10 14
11 14
10 14
10 15
9 15
9 16
9 15
8 15
7 15
8 15
8 16
9 16
9 17
10 17
10 18
11 18
11 19
12 19
12 18
11 18
11 17
11 16
10 16
9 16
9 17
10 17
9 17
9 18
8 18
8 17
8 16
8 15
9 15
8 15
8 14
8 15
9 15
9 16
9 17
8 17
8 18
8 19
7 19
8 19
9 19
9 18
9 17
9 16
8 16
8 15
8 14
9 14
10 14
10 13
11 13
11 14
11 15
11 14
11 15
10 15
9 15
10 15
9 15
9 16
9 15
9 16
8 16
8 15
9 15
9 14
10 14
10 15
10 14
11 14
11 13
11 14
12 14
12 15
12 16
11 16
12 16
12 17
11 17
10 17
9 17
8 17
9 17
10 17
10 16
10 17
11 17
10 17
11 17
11 16
11 15
11 16
11 15
12 15
13 15
14 15
14 16
15 16
15 17
15 18
15 19
15 20
16 20
17 20
18 20
19 20
18 20
19 20
19 21
20 21
21 21
21 20
20 20
21 20
21 19
21 18
20 18
19 18
19 17
20 17
21 17
20 17
20 18
20 17
19 17
18 17
19 17
20 17
20 16
20 15
20 16
19 16
19 15
19 14
19 13
19 14
19 15
19 16
20 16
20 15
20 14
20 13
20 14
20 13
20 14
20 13
20 14
20 15
20 14
20 15
19 15
20 15
20 16
19 16
20 16
20 15
19 15
20 15
19 15
18 15
19 15
19 16
19 15
20 15
20 16
21 16
21 15
21 16
20 16
19 16
19 17
19 16
18 16
19 16
20 16
20 15
20 16
21 16
21 15
21 14
21 13
21 12
22 12
23 12
24 12
24 13
24 14
24 13
23 13
23 14
24 14
24 13
23 13
23 14
24 14
24 15
25 15
24 15
24 14
23 14
23 13
24 13
24 12
24 13
24 14
24 13
25 13
24 13
24 12
25 12
25 13
25 12
24 12
24 11
24 12
24 11
24 12
23 12
24 12
24 11
25 11
26 11
25 11
26 11
26 12
25 12
26 12
25 12
24 12
25 12
25 11
25 10
25 11
25 12
26 12
27 12
28 12
28 11
28 10
29 10
30 10
31 10
32 10
31 10
32 10
31 10
31 9
30 9
29 9
29 10
30 10
30 11
30 12
29 12
28 12
27 12
28 12
27 12
27 13
26 13
27 13
27 12
27 11
27 12
27 11
28 11
28 10
29 10
29 11
30 11
31 11
32 11
33 11
33 10
33 11
33 12
33 11
33 10
33 9
33 8
32 8
31 8
31 9
32 9
31 9
30 9
30 8
30 7
31 7
32 7
32 6
32 5
33 5
33 6
34 6
34 7
33 7
34 7
34 6
33 6
34 6
34 7
34 6
35 6
36 6
36 7
36 6
36 5
36 6
36 7
36 8
35 8
34 8
34 9
33 9
33 8
33 7
33 8
33 9
34 9
34 10
34 9
35 9
35 8
35 9
36 9
37 9
36 9
36 8
36 9
37 9
38 9
37 9
37 8
36 8
35 8
36 8
35 8
35 7
35 6
36 6
35 6
35 7
35 8
35 7
35 6
35 7
34 7
34 8
34 7
34 6
35 6
36 6
37 6
38 6
38 7
39 7
38 7
38 6
38 7
39 7
39 6
40 6
41 6
40 6
41 6
40 6
40 7
39 7
38 7
37 7
36 7
35 7
36 7
36 6
35 6
36 6
37 6
37 7
37 6
37 7
36 7
36 6
35 6
35 5
35 6
34 6
34 7
35 7
36 7
36 8
36 9
37 9
36 9
35 9
35 8
35 9
34 9
34 8
33 8
33 9
33 10
33 9
32 9
33 9
32 9
32 8
33 8
32 8
32 7
31 7
30 7
29 7
29 8
29 7
30 7
30 8
31 8
31 7
30 7
29 7
28 7
29 7
29 8
30 8
31 8
30 8
30 7
30 6
29 6
29 5
29 6
29 5
28 5
28 6
27 6
26 6
27 6
28 6
28 5
29 5
29 4
29 5
29 4
29 3
30 3
29 3
28 3
28 4
27 4
26 4
27 4
27 3
27 2
28 2
27 2
28 2
28 3
27 3
26 3
25 3
26 3
26 2
27 2
27 3
27 2
26 2
26 3
25 3
25 4
25 3
24 3
23 3
22 3
23 3
23 2
23 3
23 2
24 2
25 2
26 2
27 2
28 2
28 1
29 1
29 2
30 2
29 2
28 2
28 3
28 4
29 4
30 4
30 3
31 3
31 4
31 5
31 4
31 3
31 2
31 1
32 1
33 1
33 2
32 2
32 1
31 1
30 1
29 1
28 1
28 2
28 1
29 1
29 0
30 0
29 0
28 0
29 0
29 1
29 0
29 1
30 1
29 1
30 1
31 1
31 0
32 0
32 1
32 0
32 1
33 1
33 2
34 2
33 2
33 1
33 0
33 1
33 2
33 3
34 3
34 4
35 4
36 4
36 5
36 4
36 3
36 2
36 1
36 2
35 2
34 2
35 2
35 1
36 1
35 1
34 1
33 1
33 0
32 0
32 1
33 1
34 1
33 1
34 1
34 0
34 1
35 1
34 1
33 1
32 1
33 1
34 1
34 2
35 2
36 2
36 1
37 1
37 2
37 3
37 2
37 1
37 2
36 2
37 2
38 2
38 3
37 3
37 2
37 1
37 0
37 1
37 0
37 1
36 1
36 2
35 2
35 1
34 1
33 1
32 1
33 1
34 1
35 1
35 2
35 3
35 4
36 4
35 4
34 4
33 4
33 5
34 5
33 5
34 5
34 4
34 3
34 2
35 2
35 3
36 3
36 2
37 2
38 2
39 2
39 3
39 4
40 4
40 5
39 5
38 5
38 4
37 4
38 4
38 5
38 4
39 4
40 4
40 5
40 6
40 7
40 8
40 7
39 7
39 8
39 7
39 8
39 7
38 7
39 7
40 7
41 7
42 7
42 8
42 7
41 7
40 7
39 7
38 7
38 6
39 6
39 5
39 4
39 3
39 2
40 2
39 2
40 2
40 1
41 1
40 1
39 1
39 0
39 1
39 2
39 1
39 0
39 1
40 1
41 1
41 0
40 0
40 1
39 1
39 2
39 3
38 3
38 2
37 2
36 2
35 2
36 2
36 1
36 0
36 1
36 2
36 1
35 1
34 1
33 1
32 1
31 1
30 1
29 1
28 1
27 1
28 1
29 1
28 1
28 0
28 1
27 1
27 2
28 2
28 3
28 2
28 3
29 3
28 3
28 2
28 3
29 3
30 3
29 3
28 3
29 3
29 2
29 1
28 1
28 0
28 1
28 2
28 1
29 1
29 0
29 1
29 0
28 0
28 1
