0 0
1 0
0 0
1 0
0 0
1 0
1 1
0 1
1 1
0 1
0 2
0 3
0 2
1 2
2 2
1 2
1 3
1 4
1 3
1 2
1 1
0 1
0 2
1 2
0 2
0 3
1 3
1 2
0 2
1 2
2 2
2 3
1 3
1 4
1 5
2 5
2 6
3 6
3 7
3 6
2 6
3 6
2 6
2 7
3 7
3 6
4 6
4 7
5 7
5 8
5 7
6 7
7 7
7 8
7 9
8 9
7 9
7 8
7 7
8 7
8 6
8 5
8 4
9 4
10 4
11 4
11 5
10 5
9 5
9 6
10 6
10 5
9 5
8 5
7 5
7 4
7 5
7 6
7 7
7 6
6 6
6 5
6 4
6 5
6 6
6 7
7 7
6 7
6 6
6 5
6 4
6 3
6 4
6 3
6 2
5 2
4 2
4 3
4 2
5 2
5 3
4 3
4 2
3 2
4 2
3 2
2 2
2 3
1 3
0 3
0 2
0 1
0 2
1 2
2 2
2 1
3 1
3 0
3 1
2 1
2 0
2 1
2 0
1 0
0 0
1 0
0 0
1 0
0 0
0 1
0 0
1 0
1 1
1 2
1 3
1 4
1 3
2 3
2 4
2 5
3 5
3 6
2 6
3 6
4 6
3 6
4 6
4 5
4 4
5 4
5 5
5 4
4 4
5 4
4 4
5 4
5 5
5 4
6 4
7 4
8 4
9 4
9 3
10 3
10 4
9 4
9 5
9 4
10 4
9 4
9 3
10 3
11 3
10 3
11 3
10 3
10 2
10 1
9 1
10 1
10 2
10 1
10 0
10 1
11 1
10 1
9 1
8 1
8 2
9 2
10 2
11 2
11 3
12 3
11 3
11 2
10 2
11 2
11 3
12 3
12 2
12 3
12 2
12 3
12 2
12 3
12 2
13 2
14 2
13 2
14 2
13 2
13 3
13 2
13 1
12 1
12 2
13 2
13 1
14 1
14 2
14 3
15 3
16 3
16 4
15 4
14 4
14 3
13 3
14 3
14 2
14 1
15 1
15 0
16 0
16 1
16 2
15 2
15 3
15 2
15 3
15 4
15 5
16 5
15 5
15 6
15 5
14 5
15 5
16 5
16 4
16 5
16 6
15 6
14 6
14 7
13 7
13 6
14 6
14 5
14 6
13 6
14 6
14 7
15 7
14 7
13 7
14 7
13 7
12 7
13 7
12 7
13 7
12 7
12 8
12 9
12 10
12 9
11 9
11 8
11 7
11 6
11 5
12 5
13 5
13 6
14 6
14 7
13 7
13 8
13 7
13 8
14 8
13 8
13 9
13 8
13 7
13 8
14 8
14 7
14 8
13 8
13 7
13 8
14 8
13 8
13 7
13 8
13 7
13 8
14 8
14 7
13 7
12 7
12 6
12 7
13 7
14 7
13 7
13 8
12 8
12 9
12 10
12 11
12 12
12 11
13 11
12 11
13 11
13 10
12 10
11 10
12 10
13 10
12 10
12 11
11 11
11 10
12 10
12 11
11 11
12 11
11 11
10 11
10 12
11 12
10 12
11 12
10 12
10 11
10 12
11 12
12 12
12 13
13 13
12 13
12 12
12 13
13 13
14 13
15 13
16 13
16 12
16 13
16 14
17 14
17 13
17 14
18 14
18 15
18 14
18 13
19 13
19 14
19 15
19 16
19 17
18 17
19 17
20 17
21 17
22 17
23 17
23 18
23 17
23 16
22 16
22 17
22 16
23 16
23 17
23 16
23 15
22 15
21 15
22 15
21 15
21 14
21 15
22 15
23 15
24 15
25 15
26 15
26 14
26 13
26 14
26 15
25 15
25 16
25 15
25 16
24 16
24 15
25 15
25 14
25 13
25 12
26 12
26 13
26 14
26 15
25 15
25 16
26 16
27 16
27 17
27 16
27 15
26 15
25 15
26 15
25 15
25 14
25 15
25 14
25 15
26 15
26 16
25 16
24 16
23 16
23 17
24 17
23 17
23 18
23 17
23 16
23 17
23 16
24 16
23 16
22 16
21 16
20 16
20 17
20 18
20 19
21 19
21 18
22 18
21 18
21 19
21 18
22 18
22 19
22 18
22 17
22 18
22 19
23 19
22 19
23 19
23 18
22 18
23 18
24 18
24 19
24 18
23 18
23 19
23 18
23 17
23 18
22 18
21 18
21 17
21 18
21 19
21 20
21 19
21 20
21 19
22 19
21 19
22 19
23 19
23 20
22 20
21 20
21 19
21 20
21 19
20 19
20 18
20 19
20 20
19 20
20 20
20 19
19 19
18 19
18 18
18 17
17 17
17 18
16 18
15 18
16 18
16 17
17 17
17 18
17 17
17 18
16 18
15 18
15 17
16 17
17 17
17 18
18 18
18 17
19 17
20 17
21 17
20 17
20 16
20 17
20 16
21 16
20 16
19 16
18 16
18 15
18 14
19 14
20 14
20 15
20 14
21 14
20 14
20 13
20 14
20 13
20 12
20 13
19 13
18 13
18 14
18 15
17 15
17 14
18 14
18 13
18 12
19 12
19 13
19 12
19 11
20 11
19 11
19 12
19 11
20 11
19 11
19 10
19 9
20 9
20 8
21 8
20 8
20 7
20 8
20 7
21 7
21 8
21 9
21 8
21 7
22 7
22 8
21 8
20 8
19 8
20 8
21 8
21 7
21 8
21 7
20 7
21 7
21 6
21 7
22 7
22 8
22 7
23 7
23 8
24 8
23 8
24 8
23 8
24 8
23 8
23 9
22 9
21 9
22 9
21 9
20 9
19 9
19 8
20 8
20 9
21 9
21 8
20 8
20 9
19 9
19 8
19 9
19 8
18 8
18 9
19 9
19 8
18 8
18 9
18 8
18 9
18 8
18 9
19 9
19 8
20 8
20 7
20 6
21 6
22 6
22 5
23 5
23 6
24 6
25 6
24 6
23 6
24 6
24 5
24 4
23 4
23 5
23 6
24 6
24 5
25 5
24 5
23 5
24 5
23 5
22 5
23 5
23 6
23 7
22 7
22 6
22 7
23 7
22 7
22 6
22 7
22 8
23 8
22 8
22 9
22 8
21 8
21 7
21 8
22 8
21 8
21 7
20 7
19 7
18 7
18 8
17 8
17 7
17 8
17 9
16 9
16 8
16 9
16 10
15 10
15 9
15 10
15 9
14 9
13 9
13 8
14 8
13 8
13 7
12 7
13 7
13 8
13 7
14 7
15 7
14 7
14 6
13 6
13 7
13 6
13 7
12 7
13 7
13 6
12 6
12 5
11 5
12 5
13 5
14 5
14 6
15 6
15 7
14 7
14 6
13 6
13 5
13 6
12 6
13 6
14 6
14 7
14 8
14 7
14 6
14 7
14 6
14 7
14 6
13 6
13 7
13 6
13 5
13 4
13 5
14 5
15 5
16 5
17 5
16 5
16 6
17 6
17 5
17 4
17 5
17 6
17 5
17 6
18 6
18 5
19 5
19 6
20 6
20 7
21 7
20 7
21 7
21 6
22 6
22 7
21 7
20 7
20 6
21 6
20 6
20 5
20 4
19 4
18 4
17 4
17 3
18 3
19 3
20 3
20 4
20 5
20 6
20 5
21 5
20 5
19 5
19 4
19 3
19 4
20 4
20 3
19 3
19 4
20 4
20 5
21 5
21 4
21 5
21 4
20 4
20 3
20 2
21 2
21 3
22 3
23 3
24 3
23 3
24 3
24 2
23 2
23 1
23 2
24 2
24 3
23 3
23 4
22 4
23 4
22 4
22 3
22 2
21 2
22 2
23 2
22 2
22 1
22 2
23 2
23 1
23 0
24 0
23 0
24 0
25 0
25 1
26 1
27 1
27 0
28 0
28 1
29 1
30 1
29 1
28 1
28 2
28 3
27 3
27 4
27 5
28 5
28 4
27 4
27 3
27 2
27 1
27 0
26 0
26 1
26 2
26 3
27 3
27 2
27 3
28 3
29 3
29 2
28 2
29 2
29 3
29 4
29 5
29 6
29 5
30 5
31 5
32 5
32 6
31 6
30 6
30 5
29 5
29 6
29 7
29 6
28 6
28 5
27 5
26 5
25 5
25 4
25 3
25 4
26 4
26 3
25 3
25 4
26 4
25 4
26 4
26 5
25 5
25 6
26 6
27 6
27 5
28 5
29 5
28 5
28 4
29 4
28 4
29 4
28 4
29 4
28 4
28 3
27 3
28 3
28 2
29 2
28 2
28 1
28 2
28 3
29 3
28 3
28 4
28 3
28 4
28 3
28 4
28 5
29 5
30 5
29 5
29 4
30 4
30 3
30 4
29 4
28 4
28 3
28 2
28 1
29 1
30 1
30 2
31 2
32 2
32 1
32 0
32 1
32 2
32 3
31 3
31 2
30 2
30 3
30 4
30 3
29 3
29 2
29 3
30 3
30 4
30 3
31 3
31 4
30 4
31 4
32 4
33 4
33 5
33 4
32 4
33 4
34 4
34 5
35 5
34 5
