0 0
0 1
1 1
2 1
1 1
2 1
2 0
2 1
1 1
0 1
1 1
1 0
1 1
0 1
1 1
0 1
0 0
0 1
0 2
0 1
1 1
1 0
1 1
1 0
2 0
3 0
4 0
4 1
3 1
4 1
4 0
3 0
2 0
3 0
4 0
5 0
6 0
5 0
5 1
6 1
7 1
6 1
6 2
7 2
6 2
6 1
6 0
5 0
6 0
6 1
6 2
5 2
5 3
5 2
6 2
7 2
6 2
5 2
4 2
4 1
4 2
4 3
4 4
4 3
4 2
3 2
4 2
3 2
3 1
2 1
2 2
2 3
3 3
3 4
2 4
1 4
1 3
1 2
2 2
2 1
2 2
2 1
3 1
2 1
3 1
4 1
4 2
4 1
5 1
5 2
6 2
6 3
6 2
5 2
4 2
3 2
4 2
4 1
5 1
4 1
4 2
4 3
4 2
5 2
6 2
5 2
5 1
6 1
6 0
6 1
6 2
6 3
7 3
8 3
8 2
8 1
7 1
6 1
6 2
6 3
5 3
4 3
4 4
5 4
6 4
7 4
8 4
9 4
8 4
8 3
7 3
6 3
5 3
4 3
4 2
4 3
3 3
4 3
4 4
4 5
4 6
3 6
2 6
2 5
3 5
2 5
2 6
2 5
1 5
1 4
0 4
1 4
0 4
0 3
0 2
0 1
1 1
1 0
1 1
1 2
0 2
0 1
1 1
1 0
1 1
1 0
1 1
1 2
2 2
2 3
2 2
2 3
2 2
2 1
2 2
2 1
2 0
1 0
0 0
0 1
1 1
2 1
1 1
1 0
0 0
1 0
1 1
1 0
0 0
1 0
1 1
1 0
1 1
2 1
1 1
1 2
2 2
1 2
0 2
0 3
1 3
0 3
0 2
0 1
1 1
1 2
2 2
1 2
1 1
2 1
2 0
2 1
2 0
2 1
2 2
2 3
3 3
3 4
3 3
4 3
4 4
5 4
4 4
4 3
3 3
3 4
3 5
4 5
3 5
2 5
2 4
2 5
2 4
3 4
4 4
5 4
5 3
4 3
3 3
3 2
3 1
3 0
3 1
3 2
2 2
3 2
4 2
5 2
5 1
5 0
6 0
7 0
7 1
6 1
7 1
8 1
9 1
9 0
8 0
8 1
8 0
8 1
9 1
9 0
9 1
10 1
10 0
11 0
11 1
10 1
11 1
10 1
10 0
10 1
10 2
11 2
12 2
12 1
13 1
12 1
12 0
13 0
13 1
14 1
14 2
15 2
16 2
16 3
16 4
15 4
15 3
15 2
15 1
16 1
16 0
17 0
17 1
16 1
15 1
15 2
14 2
14 3
14 2
15 2
16 2
16 3
16 4
16 3
16 4
16 5
16 6
15 6
15 5
16 5
16 6
16 5
16 4
17 4
17 5
17 4
17 3
16 3
16 2
16 1
15 1
16 1
16 0
16 1
16 0
16 1
15 1
14 1
14 0
15 0
16 0
15 0
15 1
16 1
15 1
16 1
16 0
16 1
15 1
15 2
15 3
16 3
17 3
17 4
18 4
17 4
18 4
18 5
17 5
16 5
16 6
16 7
15 7
15 6
15 5
15 4
15 3
14 3
14 4
14 3
14 4
14 5
14 6
14 7
14 8
14 9
13 9
13 8
13 9
12 9
11 9
11 8
11 7
10 7
9 7
9 8
9 9
10 9
9 9
10 9
10 10
10 11
9 11
9 10
9 9
10 9
10 10
10 11
11 11
12 11
12 10
11 10
11 11
12 11
12 10
13 10
14 10
13 10
13 9
13 8
13 9
13 8
12 8
11 8
10 8
10 7
9 7
9 6
8 6
7 6
6 6
7 6
7 5
6 5
7 5
7 4
7 3
7 4
7 5
7 6
7 5
7 6
7 7
7 8
8 8
7 8
8 8
8 9
8 8
8 7
7 7
7 8
6 8
6 7
6 6
6 7
5 7
5 8
5 9
6 9
7 9
8 9
9 9
8 9
8 10
8 11
8 10
8 11
9 11
9 10
10 10
9 10
10 10
10 11
10 10
9 10
10 10
11 10
11 11
11 12
12 12
12 13
12 12
11 12
12 12
13 12
14 12
13 12
13 11
13 12
14 12
13 12
13 11
13 12
13 11
12 11
12 10
13 10
14 10
14 11
14 10
13 10
13 9
13 10
14 10
14 9
15 9
14 9
13 9
13 10
12 10
12 11
11 11
11 12
12 12
12 13
13 13
12 13
13 13
13 12
12 12
12 11
13 11
13 10
14 10
13 10
12 10
12 11
12 12
12 13
12 14
13 14
13 15
13 16
14 16
13 16
13 17
14 17
13 17
13 18
13 17
13 18
14 18
14 19
13 19
13 18
14 18
15 18
16 18
16 17
15 17
16 17
16 18
16 17
16 16
17 16
18 16
17 16
16 16
17 16
17 17
18 17
17 17
16 17
16 16
17 16
17 17
18 17
17 17
17 18
18 18
17 18
16 18
16 19
17 19
17 20
18 20
17 20
16 20
17 20
16 20
16 19
15 19
16 19
16 20
16 21
15 21
16 21
16 22
17 22
16 22
17 22
17 21
18 21
18 22
19 22
18 22
18 21
18 22
17 22
17 21
17 20
18 20
19 20
19 19
19 20
20 20
19 20
19 19
19 20
19 19
19 18
20 18
20 17
19 17
19 18
20 18
20 19
19 19
18 19
17 19
16 19
15 19
16 19
16 18
16 17
16 16
16 15
16 16
16 15
17 15
16 15
15 15
15 14
15 13
15 12
15 13
15 14
14 14
14 13
13 13
14 13
14 14
14 13
14 12
15 12
15 11
16 11
17 11
17 10
16 10
15 10
16 10
16 11
15 11
14 11
15 11
15 12
15 13
15 14
14 14
14 15
13 15
14 15
14 14
14 15
15 15
14 15
14 14
13 14
13 15
13 14
12 14
12 13
12 12
11 12
12 12
12 13
11 13
11 14
10 14
10 15
10 14
11 14
11 15
11 16
11 17
10 17
10 16
10 15
10 14
11 14
11 15
11 16
12 16
12 17
11 17
10 17
11 17
12 17
12 18
12 17
12 18
12 19
13 19
13 20
14 20
13 20
12 20
11 20
11 19
11 20
10 20
11 20
11 21
10 21
9 21
8 21
8 22
7 22
8 22
7 22
8 22
8 21
7 21
6 21
6 20
5 20
5 21
5 22
5 23
5 22
5 21
5 22
5 21
5 20
6 20
6 21
6 20
6 21
6 20
6 19
5 19
5 20
6 20
7 20
7 21
6 21
7 21
7 20
8 20
8 21
8 22
9 22
9 21
9 20
10 20
10 21
10 22
11 22
11 23
11 24
12 24
12 25
13 25
14 25
14 26
15 26
16 26
16 27
16 28
16 27
16 28
15 28
16 28
16 29
16 28
16 29
16 28
16 27
16 28
16 29
15 29
14 29
14 30
14 31
13 31
14 31
14 32
15 32
15 31
15 32
15 31
16 31
16 30
16 31
16 30
17 30
16 30
16 31
16 32
16 31
16 32
15 32
16 32
16 33
17 33
17 34
18 34
17 34
18 34
18 33
17 33
18 33
18 32
17 32
18 32
18 33
18 32
18 33
18 32
19 32
19 31
19 30
19 29
18 29
18 28
18 27
17 27
17 26
17 27
18 27
17 27
16 27
15 27
14 27
15 27
15 26
14 26
13 26
13 25
14 25
13 25
13 24
12 24
12 25
11 25
10 25
9 25
10 25
10 24
10 25
11 25
11 24
11 23
11 24
12 24
12 23
11 23
11 22
11 21
10 21
11 21
11 22
11 21
11 22
12 22
12 23
12 24
11 24
11 23
11 24
11 23
11 22
10 22
10 23
9 23
8 23
8 22
8 23
8 24
8 23
9 23
9 24
10 24
9 24
8 24
8 25
9 25
9 26
10 26
11 26
10 26
11 26
11 25
11 24
11 23
11 22
12 22
12 23
12 22
12 23
11 23
11 22
11 23
11 24
11 23
10 23
9 23
8 23
8 22
8 21
9 21
9 20
9 21
9 20
9 21
8 21
9 21
10 21
10 22
11 22
11 21
11 22
11 21
10 21
10 22
10 23
11 23
11 22
11 21
11 20
11 21
11 22
11 21
11 22
11 23
12 23
13 23
13 24
13 23
13 24
13 25
14 25
13 25
13 24
13 25
13 26
14 26
14 27
13 27
12 27
13 27
13 26
13 25
14 25
13 25
13 24
12 24
11 24
10 24
11 24
11 25
12 25
12 24
13 24
13 25
13 26
13 25
12 25
12 24
13 24
13 25
14 25
14 24
15 24
16 24
16 23
15 23
16 23
16 22
15 22
15 21
15 20
15 19
14 19
15 19
16 19
16 20
16 19
16 18
16 19
15 19
14 19
15 19
15 18
14 18
15 18
14 18
13 18
12 18
11 18
12 18
11 18
11 17
10 17
9 17
9 18
9 17
8 17
7 17
6 17
5 17
5 16
5 15
5 14
