0 0
0 1
1 1
2 1
1 1
0 1
1 1
0 1
0 2
1 2
2 2
2 1
1 1
0 1
1 1
1 0
0 0
0 1
0 0
0 1
0 2
1 2
0 2
0 1
0 2
0 3
1 3
1 4
0 4
1 4
1 3
2 3
2 2
1 2
1 1
2 1
2 0
1 0
2 0
2 1
2 2
2 1
1 1
0 1
0 2
0 1
1 1
1 2
1 1
1 2
0 2
1 2
0 2
0 3
1 3
1 2
0 2
1 2
1 3
1 2
1 3
2 3
2 4
3 4
2 4
3 4
4 4
5 4
5 5
6 5
7 5
6 5
5 5
5 4
5 3
5 2
5 1
4 1
4 2
5 2
5 1
5 2
4 2
4 3
4 2
4 3
4 4
4 3
5 3
4 3
3 3
3 2
2 2
1 2
1 1
1 0
0 0
1 0
0 0
0 1
0 2
1 2
0 2
1 2
0 2
0 3
0 2
1 2
0 2
1 2
1 3
1 4
0 4
0 3
1 3
2 3
2 2
1 2
2 2
3 2
2 2
2 1
2 0
2 1
3 1
3 0
3 1
4 1
5 1
6 1
6 0
6 1
6 2
7 2
8 2
9 2
10 2
10 3
10 2
11 2
10 2
11 2
11 1
11 2
12 2
11 2
11 3
11 4
10 4
9 4
10 4
11 4
11 5
11 6
11 7
11 6
11 7
12 7
11 7
10 7
10 8
10 9
11 9
11 8
11 9
12 9
13 9
14 9
13 9
13 10
14 10
13 10
13 11
14 11
14 12
15 12
15 11
15 12
14 12
14 11
14 10
15 10
16 10
16 9
15 9
15 8
15 9
15 8
15 9
14 9
14 8
13 8
14 8
13 8
12 8
11 8
11 9
12 9
12 8
12 9
12 8
13 8
13 9
12 9
13 9
13 10
14 10
14 11
15 11
16 11
16 10
15 10
15 11
14 11
15 11
16 11
17 11
18 11
18 12
18 11
19 11
19 10
20 10
19 10
19 11
18 11
17 11
18 11
19 11
19 12
20 12
20 13
19 13
18 13
17 13
18 13
18 12
18 13
18 14
17 14
18 14
19 14
18 14
17 14
17 15
18 15
17 15
17 16
16 16
16 17
16 18
17 18
18 18
18 19
17 19
17 18
17 19
16 19
17 19
16 19
16 18
16 19
15 19
15 20
15 21
14 21
15 21
15 20
15 21
15 20
15 21
15 22
14 22
14 23
15 23
14 23
15 23
16 23
15 23
15 22
14 22
14 21
13 21
13 22
13 21
14 21
14 22
14 23
14 22
14 23
13 23
13 24
12 24
12 25
11 25
10 25
9 25
9 26
9 27
8 27
8 28
7 28
8 28
7 28
7 27
7 28
7 27
7 28
6 28
6 27
5 27
6 27
6 26
7 26
6 26
7 26
8 26
7 26
6 26
5 26
4 26
3 26
3 27
4 27
4 26
5 26
4 26
3 26
2 26
2 27
1 27
0 27
0 28
0 27
0 28
1 28
1 27
2 27
1 27
1 26
2 26
2 27
1 27
0 27
0 28
1 28
0 28
0 27
0 28
0 29
1 29
1 30
1 31
0 31
0 30
1 30
1 29
1 30
1 31
0 31
0 30
1 30
1 31
2 31
1 31
1 32
1 33
1 32
0 32
1 32
0 32
0 31
0 30
0 31
1 31
0 31
1 31
1 30
0 30
1 30
0 30
0 29
1 29
0 29
0 30
0 31
0 32
1 32
1 31
1 32
2 32
2 33
2 32
2 31
2 30
1 30
0 30
1 30
0 30
1 30
2 30
3 30
3 29
3 30
4 30
3 30
4 30
4 31
4 30
3 30
4 30
5 30
5 29
5 28
6 28
6 29
6 28
6 27
5 27
4 27
4 28
3 28
3 29
2 29
3 29
3 30
4 30
4 29
4 30
3 30
3 29
3 28
3 27
3 28
3 29
2 29
2 30
3 30
3 31
3 30
3 31
4 31
3 31
4 31
3 31
2 31
3 31
3 32
3 33
3 32
2 32
2 33
2 32
2 33
2 32
2 33
1 33
2 33
3 33
2 33
1 33
1 34
0 34
0 33
1 33
1 32
0 32
0 31
1 31
1 30
1 31
2 31
1 31
1 30
1 31
1 32
1 33
0 33
1 33
0 33
1 33
2 33
2 34
2 33
3 33
2 33
2 34
2 35
1 35
0 35
0 34
0 35
0 36
1 36
1 35
1 34
1 33
2 33
2 34
2 33
1 33
0 33
0 34
0 33
1 33
0 33
1 33
2 33
3 33
3 32
3 31
3 32
2 32
2 33
1 33
1 34
2 34
2 33
2 34
2 33
3 33
2 33
2 32
3 32
2 32
1 32
0 32
0 33
0 32
0 33
0 32
0 31
1 31
2 31
3 31
3 32
4 32
4 31
4 30
4 29
3 29
3 30
3 31
3 30
2 30
2 31
2 32
1 32
1 31
0 31
1 31
0 31
1 31
1 32
0 32
0 31
1 31
2 31
1 31
2 31
2 30
2 31
2 32
3 32
4 32
4 33
4 32
4 31
3 31
3 30
3 31
3 30
3 29
4 29
4 28
3 28
4 28
4 27
4 26
5 26
5 27
4 27
3 27
2 27
2 28
1 28
0 28
1 28
0 28
0 29
0 28
1 28
0 28
0 29
0 30
0 31
1 31
0 31
1 31
0 31
0 30
1 30
1 29
1 30
1 31
1 30
1 29
2 29
1 29
0 29
1 29
1 30
1 31
2 31
1 31
0 31
1 31
1 32
0 32
1 32
2 32
3 32
3 33
3 34
3 35
4 35
4 36
4 37
4 36
3 36
4 36
4 37
5 37
5 36
5 35
6 35
5 35
5 36
5 35
5 36
5 35
5 34
5 33
5 34
6 34
6 35
6 36
7 36
7 37
7 38
7 37
7 38
6 38
6 39
6 40
6 41
6 42
6 43
6 44
5 44
4 44
5 44
4 44
4 45
5 45
4 45
4 44
4 45
4 46
4 47
4 46
4 47
5 47
5 46
4 46
5 46
5 47
5 46
4 46
4 47
4 46
4 47
3 47
3 46
4 46
3 46
2 46
2 45
2 44
3 44
3 45
3 46
3 45
4 45
5 45
6 45
6 44
6 43
6 42
6 43
6 42
7 42
7 41
7 42
7 41
6 41
6 42
5 42
5 41
5 42
5 41
5 42
5 43
5 44
6 44
7 44
6 44
7 44
7 43
8 43
8 42
8 43
9 43
9 44
9 45
9 46
8 46
9 46
9 47
9 48
8 48
8 47
8 46
9 46
10 46
9 46
8 46
7 46
8 46
8 47
8 48
9 48
9 47
8 47
7 47
7 46
7 45
6 45
6 44
6 43
5 43
5 44
5 43
5 42
5 43
5 44
5 43
5 44
5 43
5 42
4 42
3 42
4 42
4 41
5 41
5 42
6 42
7 42
6 42
6 41
6 42
6 43
5 43
5 42
4 42
3 42
3 41
3 40
2 40
2 39
1 39
2 39
2 38
2 37
2 36
3 36
2 36
1 36
1 37
1 38
1 39
1 40
2 40
3 40
4 40
4 41
4 42
3 42
3 43
3 42
4 42
4 41
4 40
5 40
4 40
4 39
4 40
4 41
3 41
3 42
4 42
4 43
4 44
4 45
3 45
4 45
3 45
2 45
2 44
2 45
2 44
3 44
4 44
4 45
4 44
4 45
4 46
3 46
4 46
4 47
5 47
5 48
4 48
3 48
3 49
3 50
3 49
4 49
5 49
5 50
5 51
5 52
4 52
4 51
5 51
6 51
6 52
6 53
6 52
7 52
6 52
5 52
4 52
4 51
4 52
3 52
4 52
5 52
5 51
6 51
5 51
5 52
6 52
6 53
7 53
7 52
6 52
5 52
5 53
6 53
7 53
8 53
8 54
8 53
8 54
9 54
9 55
9 54
9 53
8 53
8 52
9 52
9 53
9 52
9 51
9 50
10 50
10 49
11 49
11 48
11 49
11 50
10 50
10 49
10 50
11 50
11 49
11 50
11 49
10 49
10 48
10 49
10 50
9 50
10 50
10 51
9 51
9 50
8 50
8 51
8 50
9 50
9 49
8 49
8 50
7 50
6 50
7 50
6 50
6 49
6 48
6 47
7 47
7 48
8 48
8 49
7 49
7 48
7 47
6 47
7 47
8 47
9 47
9 46
9 45
9 46
9 47
9 46
8 46
9 46
8 46
8 47
8 46
9 46
10 46
11 46
11 45
11 44
11 45
12 45
13 45
14 45
14 46
15 46
15 45
15 46
16 46
15 46
14 46
14 45
14 46
15 46
14 46
14 47
15 47
14 47
15 47
14 47
13 47
12 47
12 46
11 46
11 47
11 46
12 46
11 46
11 47
10 47
10 48
9 48
10 48
11 48
11 47
11 46
10 46
10 47
11 47
12 47
12 46
13 46
14 46
15 46
14 46
13 46
13 47
12 47
13 47
12 47
12 48
12 47
