0 0
1 0
1 1
2 1
3 1
2 1
1 1
2 1
1 1
1 2
2 2
1 2
1 3
2 3
2 4
3 4
2 4
1 4
1 3
1 4
1 3
1 2
2 2
1 2
0 2
0 1
1 1
1 0
1 1
1 0
1 1
0 1
0 0
1 0
0 0
0 1
1 1
1 0
1 1
1 0
1 1
1 2
1 1
2 1
1 1
2 1
2 2
2 3
2 4
1 4
1 5
1 4
1 5
0 5
0 6
1 6
1 7
0 7
0 8
0 7
0 6
1 6
1 7
2 7
1 7
2 7
2 8
1 8
2 8
2 9
2 8
3 8
2 8
1 8
0 8
0 7
0 6
0 7
1 7
0 7
0 6
0 7
0 6
1 6
0 6
0 7
0 8
1 8
0 8
0 9
0 8
0 7
0 6
1 6
1 7
0 7
0 6
0 5
0 4
1 4
0 4
1 4
1 3
1 2
0 2
1 2
1 1
1 0
1 1
1 0
1 1
1 0
1 1
0 1
1 1
1 2
1 1
2 1
2 2
3 2
3 3
3 4
3 3
3 2
2 2
3 2
3 1
2 1
2 0
3 0
3 1
2 1
3 1
4 1
4 0
5 0
5 1
5 0
5 1
6 1
6 0
6 1
7 1
7 0
7 1
7 0
7 1
7 2
8 2
8 3
8 2
9 2
9 3
8 3
7 3
8 3
9 3
10 3
10 4
11 4
11 5
12 5
12 6
11 6
12 6
12 5
13 5
12 5
12 4
12 3
12 2
11 2
12 2
11 2
11 1
12 1
12 0
12 1
11 1
10 1
9 1
9 2
8 2
7 2
8 2
8 1
8 0
7 0
8 0
8 1
9 1
10 1
9 1
10 1
9 1
9 0
8 0
8 1
9 1
8 1
7 1
7 2
6 2
7 2
7 1
7 2
8 2
7 2
7 3
6 3
6 2
6 3
6 4
7 4
7 3
8 3
8 4
8 3
8 2
8 1
9 1
9 2
8 2
7 2
7 3
7 2
7 3
7 2
7 1
8 1
9 1
9 2
9 3
8 3
9 3
10 3
9 3
9 2
9 1
9 2
8 2
8 3
9 3
9 4
8 4
8 5
8 6
8 5
9 5
9 4
9 3
10 3
10 2
10 1
10 0
10 1
10 0
10 1
10 0
10 1
10 0
11 0
10 0
9 0
10 0
10 1
11 1
11 2
10 2
9 2
9 1
9 2
8 2
7 2
7 3
8 3
9 3
10 3
11 3
10 3
11 3
10 3
10 2
10 1
10 0
11 0
11 1
11 2
10 2
10 1
11 1
11 2
11 1
11 2
11 1
12 1
12 2
13 2
13 1
12 1
11 1
10 1
10 2
10 1
10 2
10 3
11 3
11 2
12 2
11 2
11 1
11 0
11 1
10 1
11 1
12 1
13 1
12 1
12 2
11 2
11 1
11 2
12 2
13 2
13 3
13 4
12 4
12 5
12 6
12 7
12 6
12 7
13 7
14 7
14 6
14 5
14 6
14 7
14 8
15 8
15 9
15 8
15 9
15 10
16 10
16 11
15 11
15 10
14 10
14 9
13 9
12 9
12 10
12 9
13 9
13 8
14 8
14 9
14 10
14 11
13 11
14 11
14 10
14 9
15 9
16 9
15 9
15 10
15 11
15 10
15 11
15 12
15 11
15 12
14 12
15 12
14 12
14 11
13 11
13 12
13 11
12 11
12 12
13 12
13 13
13 14
13 13
12 13
12 14
12 15
11 15
10 15
10 14
9 14
8 14
8 15
7 15
7 16
6 16
7 16
7 15
7 16
8 16
8 17
7 17
8 17
7 17
7 18
8 18
8 19
8 20
8 21
7 21
6 21
5 21
6 21
6 20
7 20
7 21
7 22
6 22
6 21
7 21
8 21
8 20
8 21
7 21
8 21
8 20
7 20
6 20
5 20
5 21
5 20
4 20
4 21
4 20
4 19
3 19
3 20
3 19
3 20
4 20
4 19
4 18
4 17
3 17
3 18
3 17
4 17
3 17
2 17
3 17
3 18
4 18
4 19
5 19
5 20
5 21
6 21
7 21
6 21
7 21
6 21
5 21
5 20
4 20
5 20
6 20
6 19
6 18
6 17
6 18
7 18
6 18
5 18
4 18
5 18
5 17
5 18
4 18
4 19
4 20
4 21
5 21
5 22
4 22
4 23
4 22
4 21
4 20
5 20
5 21
5 20
5 19
5 20
5 21
5 20
6 20
6 21
6 20
7 20
8 20
9 20
10 20
10 21
11 21
12 21
12 20
13 20
13 21
12 21
11 21
12 21
12 22
13 22
13 23
12 23
11 23
12 23
12 22
13 22
13 21
13 22
13 23
13 22
13 21
14 21
14 20
14 21
13 21
14 21
13 21
13 22
13 21
13 22
13 21
12 21
11 21
10 21
9 21
9 22
9 23
9 24
8 24
8 25
7 25
7 24
6 24
5 24
6 24
7 24
6 24
6 23
5 23
5 24
4 24
5 24
5 25
6 25
6 26
5 26
4 26
5 26
4 26
4 27
3 27
4 27
5 27
5 26
5 25
4 25
4 26
3 26
4 26
4 27
4 26
3 26
4 26
4 27
5 27
6 27
5 27
6 27
7 27
7 26
8 26
8 27
8 28
8 29
8 30
9 30
8 30
8 31
8 30
7 30
8 30
7 30
7 29
7 30
7 29
6 29
6 30
6 29
6 30
5 30
5 29
4 29
5 29
6 29
5 29
5 30
4 30
4 29
5 29
5 30
5 31
6 31
7 31
8 31
9 31
10 31
10 30
9 30
9 31
8 31
8 32
9 32
9 31
10 31
11 31
11 30
11 29
11 30
12 30
13 30
12 30
11 30
11 29
10 29
10 28
10 29
10 30
9 30
9 29
10 29
10 30
10 31
9 31
9 32
8 32
8 33
7 33
6 33
6 34
6 35
6 36
5 36
6 36
6 35
7 35
8 35
9 35
10 35
10 36
9 36
9 35
9 34
9 33
9 34
9 35
9 36
8 36
7 36
7 35
7 34
7 35
7 36
8 36
9 36
9 35
10 35
11 35
11 34
11 33
11 34
11 35
11 34
10 34
11 34
10 34
10 33
9 33
10 33
9 33
9 32
8 32
7 32
6 32
7 32
6 32
6 31
6 30
7 30
6 30
6 29
7 29
8 29
7 29
6 29
7 29
7 30
7 31
7 32
6 32
6 31
7 31
8 31
8 30
9 30
9 29
10 29
9 29
10 29
10 30
9 30
9 31
8 31
8 32
8 31
7 31
7 32
7 31
7 30
7 31
7 32
6 32
7 32
7 31
6 31
5 31
5 30
5 31
6 31
6 30
6 31
5 31
4 31
5 31
6 31
5 31
4 31
5 31
4 31
4 32
4 31
3 31
4 31
4 32
5 32
5 31
4 31
4 32
4 31
4 32
5 32
4 32
4 33
5 33
5 32
5 33
5 32
5 31
6 31
6 30
5 30
5 31
5 32
6 32
6 31
5 31
5 30
5 31
5 32
4 32
4 31
4 32
3 32
4 32
3 32
2 32
2 33
2 34
1 34
1 35
2 35
2 34
2 33
3 33
3 34
4 34
5 34
5 35
4 35
5 35
4 35
5 35
5 34
4 34
4 33
4 32
3 32
4 32
5 32
5 31
6 31
6 30
5 30
5 29
6 29
6 28
6 27
6 26
5 26
5 25
5 26
6 26
7 26
7 25
6 25
7 25
6 25
6 24
6 23
6 22
7 22
8 22
8 23
7 23
8 23
9 23
9 22
10 22
10 23
9 23
8 23
9 23
9 22
9 21
9 20
8 20
7 20
7 19
6 19
6 20
6 19
6 18
6 19
6 18
7 18
6 18
5 18
5 19
4 19
4 20
5 20
5 19
5 20
5 19
5 20
5 19
5 20
6 20
7 20
6 20
6 19
7 19
6 19
6 20
7 20
7 19
7 18
7 19
7 18
6 18
7 18
7 19
7 18
6 18
6 17
6 18
5 18
5 19
5 18
4 18
4 17
5 17
5 18
5 17
5 16
4 16
4 17
4 16
3 16
3 17
2 17
2 18
3 18
3 17
2 17
3 17
3 16
4 16
3 16
3 15
3 14
3 15
2 15
2 14
2 15
3 15
4 15
5 15
6 15
7 15
8 15
8 14
8 15
9 15
8 15
8 16
9 16
10 16
11 16
11 15
12 15
13 15
14 15
14 16
13 16
13 15
14 15
15 15
15 16
16 16
16 17
16 16
15 16
14 16
14 17
14 16
13 16
13 15
14 15
15 15
15 16
15 17
16 17
17 17
16 17
17 17
16 17
16 16
16 15
16 16
15 16
14 16
14 17
13 17
14 17
14 18
14 17
15 17
14 17
15 17
15 18
16 18
15 18
15 19
16 19
16 18
16 19
15 19
15 20
14 20
15 20
15 21
15 20
15 19
14 19
13 19
12 19
12 20
11 20
11 21
10 21
11 21
11 22
12 22
12 23
