0 0
1 0
2 0
2 1
2 0
1 0
0 0
0 1
0 2
1 2
1 3
1 2
1 1
1 2
1 3
1 4
2 4
2 5
3 5
2 5
3 5
2 5
3 5
2 5
2 4
1 4
0 4
0 5
0 6
0 7
0 6
1 6
1 7
2 7
1 7
2 7
3 7
3 8
3 9
4 9
5 9
5 10
5 11
6 11
5 11
5 12
5 11
5 10
5 11
6 11
6 12
5 12
5 13
4 13
5 13
5 14
6 14
5 14
5 15
5 14
5 15
4 15
4 14
3 14
2 14
1 14
2 14
2 15
1 15
2 15
1 15
0 15
1 15
0 15
0 16
0 15
1 15
1 14
1 15
0 15
1 15
1 14
1 15
0 15
1 15
2 15
1 15
0 15
0 16
0 17
1 17
2 17
3 17
4 17
5 17
6 17
7 17
8 17
8 18
7 18
7 17
6 17
5 17
6 17
6 18
6 19
6 20
6 21
6 20
6 21
7 21
8 21
7 21
6 21
6 20
7 20
6 20
6 21
5 21
5 20
5 21
5 22
5 21
6 21
7 21
8 21
7 21
7 20
7 19
7 20
8 20
7 20
7 19
8 19
8 18
7 18
7 17
8 17
8 16
7 16
6 16
6 17
6 18
5 18
6 18
7 18
8 18
8 19
8 20
9 20
9 19
8 19
7 19
7 20
6 20
7 20
6 20
7 20
7 19
8 19
8 18
7 18
7 19
6 19
7 19
7 18
6 18
7 18
7 19
7 20
7 21
6 21
5 21
4 21
4 20
5 20
5 21
4 21
4 20
3 20
3 19
2 19
3 19
3 20
3 21
3 20
4 20
4 21
4 22
5 22
6 22
5 22
5 21
5 20
4 20
5 20
5 19
5 20
5 21
5 22
5 23
5 24
5 25
5 26
5 27
6 27
6 26
6 25
5 25
5 24
5 25
5 24
6 24
5 24
4 24
4 23
4 22
4 21
3 21
4 21
5 21
5 20
5 19
5 20
5 21
5 22
4 22
4 21
3 21
3 20
3 21
4 21
3 21
3 22
3 23
3 24
3 25
3 24
3 23
3 22
2 22
2 21
3 21
3 20
2 20
3 20
4 20
4 21
4 20
4 21
4 22
4 21
4 20
4 21
4 22
3 22
2 22
3 22
4 22
3 22
4 22
5 22
6 22
5 22
5 21
4 21
5 21
5 22
4 22
4 21
5 21
6 21
6 20
7 20
7 21
7 20
7 21
7 20
8 20
7 20
6 20
6 21
7 21
7 22
7 21
6 21
6 22
5 22
5 23
5 22
5 21
5 20
5 21
5 20
4 20
5 20
6 20
6 21
5 21
4 21
4 20
4 19
3 19
4 19
4 18
4 19
3 19
2 19
1 19
1 18
1 19
2 19
2 20
2 21
1 21
0 21
1 21
1 20
2 20
3 20
4 20
5 20
5 19
4 19
4 18
5 18
6 18
6 19
6 18
6 19
7 19
7 20
6 20
7 20
6 20
5 20
5 21
5 20
5 19
4 19
4 20
4 21
4 20
4 21
4 20
4 21
4 20
4 19
5 19
6 19
6 18
7 18
7 17
6 17
5 17
5 18
6 18
5 18
5 19
5 18
6 18
5 18
5 19
4 19
4 20
5 20
5 21
6 21
6 22
6 23
5 23
4 23
4 24
5 24
6 24
6 23
5 23
5 24
5 25
6 25
6 24
7 24
8 24
8 23
8 22
7 22
8 22
7 22
7 23
8 23
8 24
8 23
8 24
8 25
7 25
8 25
8 26
9 26
9 27
10 27
9 27
8 27
8 28
9 28
9 27
10 27
9 27
8 27
8 26
9 26
8 26
7 26
6 26
6 27
6 28
5 28
6 28
6 27
5 27
6 27
6 28
5 28
6 28
5 28
5 27
5 28
4 28
4 27
5 27
5 28
6 28
7 28
7 29
7 30
7 29
7 28
6 28
6 29
5 29
6 29
6 30
6 29
6 30
6 29
7 29
8 29
8 28
8 27
8 28
8 29
8 28
8 29
8 28
9 28
10 28
11 28
12 28
12 27
12 26
12 25
11 25
12 25
13 25
13 26
14 26
14 25
14 26
13 26
12 26
12 27
12 26
13 26
12 26
13 26
13 25
14 25
15 25
15 24
15 25
15 24
16 24
16 23
16 22
15 22
16 22
17 22
18 22
17 22
17 21
16 21
17 21
17 20
17 19
17 20
16 20
16 21
15 21
16 21
17 21
18 21
18 22
17 22
18 22
18 21
17 21
17 20
17 21
16 21
16 22
17 22
18 22
17 22
17 21
17 22
16 22
16 23
16 24
17 24
16 24
16 23
17 23
17 24
18 24
17 24
18 24
18 25
17 25
18 25
18 24
19 24
20 24
20 23
19 23
19 22
18 22
19 22
20 22
20 21
21 21
21 22
21 21
20 21
19 21
19 20
20 20
20 21
21 21
21 20
21 21
21 20
22 20
23 20
24 20
24 19
24 20
25 20
25 21
24 21
24 22
24 23
25 23
24 23
23 23
24 23
24 22
25 22
26 22
26 21
26 22
26 21
27 21
26 21
26 20
26 19
27 19
27 20
27 19
26 19
27 19
27 18
27 17
26 17
26 18
26 17
26 18
26 17
26 18
26 19
26 20
27 20
26 20
27 20
27 19
27 18
28 18
29 18
29 19
29 20
29 19
28 19
28 20
28 19
29 19
30 19
31 19
32 19
32 20
33 20
34 20
33 20
33 21
34 21
34 22
34 21
34 22
35 22
34 22
34 23
33 23
33 22
34 22
34 23
34 24
34 25
34 24
33 24
33 23
34 23
33 23
34 23
33 23
32 23
31 23
31 22
31 23
32 23
32 24
31 24
32 24
31 24
32 24
33 24
32 24
32 23
31 23
31 24
31 25
31 26
31 27
31 26
32 26
33 26
34 26
34 25
33 25
32 25
32 24
33 24
32 24
31 24
31 23
32 23
32 24
33 24
32 24
31 24
30 24
30 25
29 25
30 25
30 24
31 24
30 24
30 25
30 24
29 24
30 24
31 24
31 25
31 24
32 24
33 24
33 23
33 22
32 22
33 22
32 22
33 22
33 21
33 22
33 21
34 21
34 22
35 22
35 23
35 22
36 22
36 21
37 21
37 20
36 20
36 21
37 21
37 22
37 23
38 23
38 22
38 23
38 24
38 23
37 23
38 23
37 23
38 23
38 22
38 23
39 23
40 23
41 23
40 23
41 23
40 23
40 24
41 24
40 24
41 24
41 25
41 26
40 26
40 27
41 27
41 26
40 26
40 25
40 24
41 24
40 24
41 24
42 24
41 24
41 25
40 25
39 25
39 24
40 24
40 23
40 24
40 25
41 25
41 26
40 26
40 27
39 27
39 26
39 27
39 26
40 26
41 26
42 26
43 26
42 26
43 26
42 26
42 25
41 25
41 26
42 26
43 26
44 26
44 27
43 27
44 27
44 26
43 26
42 26
42 27
43 27
44 27
43 27
43 26
43 27
43 26
44 26
43 26
42 26
41 26
42 26
42 25
41 25
40 25
41 25
41 24
42 24
43 24
43 23
44 23
45 23
45 22
45 21
45 22
44 22
43 22
43 23
43 24
44 24
44 23
44 22
44 21
45 21
45 20
46 20
46 21
46 20
46 21
45 21
45 22
46 22
47 22
47 23
48 23
48 22
49 22
48 22
48 23
48 24
48 23
48 24
48 25
47 25
46 25
45 25
45 26
45 25
44 25
43 25
43 26
44 26
44 25
44 24
44 25
43 25
44 25
44 24
44 25
44 24
44 25
43 25
43 24
43 25
44 25
45 25
45 24
45 23
44 23
43 23
44 23
45 23
46 23
46 22
46 23
46 24
45 24
45 25
45 24
44 24
43 24
43 23
43 22
42 22
42 23
41 23
40 23
40 24
40 25
40 26
39 26
39 27
39 28
38 28
39 28
39 29
39 30
39 31
39 32
39 31
39 32
39 31
38 31
38 30
39 30
38 30
38 31
39 31
40 31
39 31
39 30
38 30
38 29
38 30
38 29
38 30
37 30
37 29
36 29
36 30
35 30
35 29
36 29
36 28
37 28
38 28
39 28
40 28
39 28
39 29
39 28
40 28
40 29
40 30
40 29
41 29
42 29
42 30
41 30
41 29
42 29
42 28
41 28
41 27
42 27
42 28
43 28
43 29
43 28
42 28
43 28
43 27
43 28
44 28
44 29
44 30
44 29
44 28
45 28
44 28
43 28
43 27
42 27
42 26
43 26
44 26
43 26
43 25
43 26
43 25
43 24
43 23
44 23
45 23
45 22
44 22
44 21
43 21
43 22
44 22
45 22
45 21
45 20
45 19
45 18
44 18
43 18
44 18
43 18
42 18
43 18
43 17
42 17
43 17
44 17
44 16
44 15
43 15
43 16
42 16
43 16
42 16
42 17
42 18
42 19
42 20
42 19
42 20
42 19
42 20
43 20
44 20
45 20
44 20
45 20
