0 0
0 1
1 1
2 1
2 0
2 1
3 1
4 1
5 1
5 2
4 2
4 3
4 4
4 3
5 3
5 4
6 4
5 4
4 4
3 4
3 5
3 4
2 4
2 3
2 2
2 1
2 0
2 1
3 1
4 1
5 1
5 0
5 1
5 2
5 3
4 3
5 3
5 2
6 2
6 3
6 2
5 2
5 1
6 1
6 2
6 3
7 3
8 3
7 3
7 4
8 4
8 5
7 5
8 5
9 5
9 6
8 6
7 6
7 7
6 7
6 6
7 6
8 6
8 7
8 8
9 8
9 7
10 7
11 7
11 8
10 8
10 9
9 9
8 9
7 9
8 9
9 9
10 9
11 9
12 9
12 8
12 7
12 6
13 6
14 6
15 6
14 6
14 7
14 8
13 8
14 8
14 7
13 7
12 7
12 6
12 5
13 5
13 6
12 6
13 6
14 6
15 6
14 6
14 7
14 6
15 6
14 6
15 6
15 7
16 7
17 7
17 8
18 8
18 9
19 9
20 9
21 9
21 8
20 8
19 8
19 9
18 9
19 9
19 10
19 11
19 12
19 11
19 10
19 11
20 11
21 11
21 12
20 12
20 13
20 14
21 14
20 14
21 14
21 13
21 12
21 13
22 13
23 13
23 14
23 15
23 16
24 16
23 16
23 15
24 15
23 15
22 15
23 15
23 16
24 16
24 17
24 18
24 17
23 17
24 17
23 17
23 18
23 19
22 19
21 19
21 20
20 20
20 19
20 20
19 20
18 20
18 21
19 21
19 20
18 20
19 20
18 20
18 21
19 21
19 22
20 22
21 22
22 22
22 21
22 20
22 19
22 20
21 20
21 19
21 18
22 18
22 19
22 20
22 19
21 19
21 18
21 19
21 18
20 18
20 19
20 20
19 20
19 19
19 18
19 17
20 17
20 16
19 16
19 17
19 18
19 17
19 18
20 18
20 17
21 17
21 18
20 18
21 18
21 19
20 19
21 19
22 19
23 19
22 19
22 20
22 21
22 22
23 22
24 22
24 23
24 22
24 21
23 21
23 22
24 22
23 22
22 22
23 22
22 22
21 22
21 21
21 22
21 23
21 22
21 23
20 23
20 24
21 24
22 24
21 24
20 24
20 25
21 25
20 25
20 24
20 25
19 25
19 24
19 23
18 23
17 23
17 22
18 22
18 23
19 23
18 23
17 23
16 23
16 22
16 21
16 22
15 22
14 22
14 21
14 20
15 20
15 21
16 21
16 20
15 20
16 20
15 20
15 21
15 20
15 19
16 19
16 18
16 19
16 20
17 20
16 20
16 19
16 20
16 21
17 21
17 22
18 22
18 23
19 23
19 24
19 23
18 23
19 23
20 23
20 22
20 23
19 23
20 23
20 24
20 25
20 26
20 25
20 26
21 26
21 25
21 24
20 24
19 24
19 25
18 25
17 25
18 25
19 25
18 25
19 25
18 25
18 26
19 26
18 26
18 27
17 27
17 28
18 28
18 29
18 28
19 28
18 28
19 28
19 27
18 27
19 27
18 27
18 26
19 26
20 26
19 26
19 25
20 25
20 26
19 26
19 25
18 25
18 26
19 26
19 25
20 25
19 25
19 24
19 23
18 23
17 23
18 23
17 23
18 23
19 23
20 23
21 23
22 23
21 23
22 23
21 23
20 23
19 23
19 24
19 23
19 24
18 24
18 25
18 24
18 23
18 24
19 24
18 24
19 24
18 24
18 25
18 24
18 25
18 24
18 25
19 25
20 25
20 24
21 24
21 25
22 25
21 25
22 25
23 25
22 25
21 25
21 26
22 26
21 26
21 27
20 27
20 26
20 27
19 27
19 26
19 25
18 25
19 25
19 26
19 25
18 25
18 24
19 24
20 24
21 24
20 24
19 24
18 24
18 25
17 25
18 25
18 26
19 26
19 25
20 25
19 25
20 25
19 25
19 24
19 23
20 23
20 24
19 24
18 24
19 24
18 24
17 24
17 25
17 26
16 26
16 27
16 26
16 27
16 26
15 26
15 25
15 26
14 26
15 26
15 25
15 24
15 25
15 24
15 23
15 24
15 23
15 24
14 24
13 24
12 24
12 25
11 25
12 25
12 26
12 27
12 28
11 28
12 28
12 29
11 29
11 28
11 29
11 30
11 29
11 28
12 28
13 28
14 28
14 29
14 28
13 28
12 28
13 28
14 28
14 27
14 26
15 26
16 26
16 25
15 25
16 25
16 26
16 25
15 25
15 26
14 26
14 25
14 26
14 27
13 27
13 28
12 28
12 27
13 27
13 26
12 26
12 27
13 27
13 28
13 27
13 28
14 28
14 29
13 29
14 29
14 30
14 29
14 28
15 28
15 27
16 27
15 27
15 28
15 27
14 27
14 28
14 29
14 30
14 31
15 31
15 30
16 30
15 30
16 30
16 29
16 28
16 27
16 26
15 26
14 26
15 26
15 27
15 26
16 26
15 26
14 26
15 26
14 26
13 26
12 26
11 26
10 26
9 26
8 26
8 27
7 27
7 28
7 29
7 28
6 28
6 29
7 29
6 29
5 29
6 29
6 30
6 29
5 29
4 29
5 29
4 29
4 28
3 28
3 29
4 29
5 29
5 30
5 29
5 28
5 27
5 26
4 26
4 27
4 26
3 26
3 25
3 24
3 23
4 23
5 23
5 22
5 23
6 23
7 23
6 23
5 23
5 22
6 22
6 21
7 21
6 21
5 21
4 21
3 21
4 21
5 21
5 22
4 22
4 23
4 22
4 23
3 23
3 24
3 25
3 26
2 26
2 27
1 27
1 26
0 26
0 25
0 26
1 26
1 27
1 28
1 27
1 28
1 27
1 28
2 28
2 29
2 28
3 28
4 28
5 28
5 29
5 28
6 28
5 28
6 28
6 27
7 27
7 26
6 26
6 25
6 24
6 23
6 24
5 24
6 24
7 24
7 25
6 25
7 25
7 24
7 23
6 23
5 23
5 22
5 21
4 21
4 20
4 19
5 19
6 19
7 19
7 18
6 18
6 17
6 18
6 17
6 16
6 17
6 16
6 15
7 15
8 15
8 16
9 16
9 17
8 17
8 16
7 16
6 16
6 17
7 17
6 17
7 17
6 17
7 17
7 18
8 18
8 19
8 20
7 20
8 20
7 20
7 21
7 20
6 20
5 20
5 21
6 21
7 21
7 22
8 22
9 22
10 22
10 21
9 21
10 21
10 22
9 22
9 23
9 24
8 24
7 24
7 25
7 24
7 25
6 25
6 24
7 24
6 24
7 24
6 24
7 24
7 23
6 23
7 23
7 24
7 25
7 24
7 23
7 24
7 25
8 25
8 24
8 25
8 24
9 24
10 24
9 24
10 24
10 25
9 25
9 24
9 25
9 26
9 27
9 26
9 25
9 24
9 25
8 25
7 25
6 25
6 26
7 26
7 25
8 25
8 26
7 26
7 25
6 25
7 25
7 26
7 25
6 25
7 25
8 25
9 25
9 26
10 26
10 27
10 26
9 26
9 27
8 27
7 27
7 26
6 26
6 27
5 27
5 26
5 27
5 26
4 26
4 25
3 25
2 25
1 25
2 25
3 25
4 25
4 24
3 24
3 23
3 24
3 23
2 23
2 24
2 25
3 25
3 24
3 25
3 24
3 23
4 23
4 24
4 23
4 24
4 23
3 23
3 22
3 21
2 21
2 22
2 21
3 21
4 21
3 21
3 22
3 23
3 24
3 23
2 23
2 24
3 24
3 25
3 26
4 26
4 27
4 26
4 27
4 26
5 26
5 27
5 26
6 26
5 26
6 26
7 26
7 25
8 25
8 24
8 25
8 24
8 23
7 23
7 22
6 22
6 23
6 22
6 23
5 23
5 22
5 21
5 22
4 22
4 21
5 21
5 22
4 22
3 22
3 21
3 22
2 22
3 22
4 22
3 22
2 22
1 22
0 22
0 23
1 23
1 22
2 22
1 22
1 21
1 20
0 20
1 20
1 19
1 18
2 18
3 18
3 17
3 16
2 16
1 16
1 15
0 15
0 16
0 17
1 17
1 18
2 18
3 18
3 19
2 19
1 19
1 18
2 18
1 18
1 17
1 16
2 16
1 16
1 17
0 17
0 16
0 15
1 15
1 14
1 15
0 15
0 14
1 14
1 13
1 12
1 13
0 13
0 12
0 11
1 11
1 12
1 11
1 12
1 13
1 14
0 14
0 15
1 15
1 14
1 15
1 16
0 16
0 17
0 18
0 19
0 18
0 17
0 18
0 17
0 16
1 16
1 17
1 16
1 15
0 15
0 14
1 14
0 14
1 14
1 13
0 13
0 14
1 14
2 14
1 14
0 14
0 15
0 14
1 14
1 15
0 15
0 16
1 16
0 16
0 15
0 16
1 16
2 16
2 15
2 14
2 15
1 15
1 14
1 13
1 14
2 14
2 15
3 15
3 14
4 14
4 15
5 15
4 15
4 16
3 16
4 16
4 15
3 15
3 16
