0 0
1 0
1 1
0 1
1 1
2 1
2 0
2 1
2 2
1 2
2 2
2 1
3 1
3 0
3 1
3 0
2 0
1 0
1 1
1 2
1 1
2 1
2 2
3 2
4 2
4 3
4 4
4 5
3 5
4 5
4 4
5 4
4 4
3 4
2 4
1 4
1 5
2 5
1 5
2 5
3 5
3 6
2 6
2 7
2 8
2 9
1 9
1 10
2 10
2 11
2 10
2 9
3 9
3 10
2 10
3 10
2 10
1 10
0 10
0 9
0 8
1 8
0 8
0 9
0 8
0 9
1 9
1 10
0 10
1 10
1 9
0 9
0 8
1 8
2 8
2 7
1 7
1 8
2 8
2 9
2 8
1 8
1 7
2 7
1 7
1 6
0 6
0 7
0 8
0 7
1 7
2 7
1 7
2 7
1 7
1 8
0 8
0 7
1 7
1 8
1 9
1 10
2 10
2 11
2 10
3 10
2 10
1 10
1 11
1 10
2 10
2 11
2 12
2 13
2 14
2 15
2 14
2 13
2 12
3 12
2 12
1 12
2 12
2 11
1 11
1 12
1 13
0 13
1 13
1 14
1 15
1 14
1 15
1 14
1 13
2 13
3 13
2 13
1 13
1 12
1 11
1 12
2 12
3 12
2 12
2 13
3 13
3 14
4 14
4 13
5 13
5 14
4 14
5 14
5 13
5 12
5 13
4 13
4 14
4 13
3 13
4 13
5 13
5 12
4 12
4 13
4 14
4 15
5 15
6 15
6 14
7 14
6 14
5 14
5 13
5 12
5 11
6 11
6 10
6 11
7 11
7 12
7 11
6 11
7 11
6 11
7 11
7 12
7 13
7 12
7 13
8 13
8 12
9 12
10 12
11 12
12 12
12 13
13 13
13 14
13 13
12 13
12 14
12 15
11 15
10 15
10 16
10 17
10 16
10 17
11 17
12 17
12 16
13 16
12 16
13 16
14 16
13 16
14 16
14 17
14 16
15 16
14 16
15 16
15 15
14 15
14 14
14 13
13 13
13 12
13 13
12 13
13 13
13 14
12 14
13 14
12 14
11 14
11 13
11 14
10 14
10 15
10 16
10 15
9 15
9 14
10 14
9 14
9 15
8 15
9 15
9 14
8 14
9 14
9 13
10 13
10 14
10 15
9 15
8 15
8 14
8 15
9 15
10 15
10 14
10 15
11 15
10 15
9 15
10 15
10 16
11 16
10 16
10 15
9 15
9 16
9 17
8 17
8 18
8 17
8 16
9 16
9 15
8 15
9 15
10 15
10 16
10 15
9 15
8 15
8 16
7 16
6 16
6 17
6 16
7 16
6 16
5 16
5 15
6 15
6 14
7 14
6 14
6 15
6 16
7 16
7 17
7 16
7 15
6 15
7 15
6 15
5 15
5 16
5 15
5 16
5 17
5 18
4 18
4 19
4 20
4 21
5 21
6 21
6 20
6 21
6 20
7 20
8 20
8 19
7 19
7 20
7 21
7 20
6 20
5 20
4 20
4 21
4 20
4 21
4 20
5 20
4 20
4 21
3 21
4 21
3 21
3 22
3 21
3 20
3 21
2 21
2 20
3 20
2 20
2 19
3 19
3 20
3 19
3 18
4 18
4 19
3 19
3 20
2 20
1 20
2 20
2 19
1 19
0 19
0 18
1 18
1 19
1 18
2 18
2 19
3 19
2 19
2 20
1 20
2 20
3 20
3 21
2 21
2 20
2 19
2 20
1 20
1 19
1 20
0 20
1 20
1 21
0 21
1 21
1 20
1 21
0 21
1 21
1 22
1 21
1 20
2 20
3 20
2 20
3 20
3 19
4 19
4 20
5 20
5 19
5 20
4 20
4 19
4 18
4 19
3 19
4 19
4 18
4 17
5 17
4 17
4 16
3 16
3 17
3 18
3 17
2 17
3 17
3 18
2 18
3 18
2 18
2 19
2 18
3 18
3 19
4 19
4 18
4 17
4 16
4 15
4 14
4 15
3 15
2 15
1 15
1 16
1 17
0 17
0 16
0 17
0 18
0 17
0 16
0 15
1 15
1 14
2 14
1 14
0 14
1 14
1 15
2 15
1 15
0 15
1 15
1 14
1 15
1 16
0 16
1 16
1 17
1 18
2 18
3 18
3 19
3 20
2 20
1 20
1 21
0 21
1 21
1 22
2 22
1 22
1 23
2 23
1 23
1 22
1 23
0 23
1 23
1 22
0 22
1 22
1 23
1 24
1 25
1 26
0 26
1 26
1 27
0 27
1 27
0 27
1 27
1 26
2 26
1 26
1 25
1 26
1 27
2 27
2 26
1 26
2 26
2 27
3 27
3 28
3 29
3 30
3 29
3 30
3 31
3 32
4 32
4 31
4 30
3 30
3 29
3 30
4 30
4 31
3 31
2 31
3 31
4 31
4 30
3 30
3 31
3 30
2 30
2 31
2 30
1 30
2 30
2 29
1 29
1 30
1 31
0 31
1 31
0 31
1 31
1 30
1 29
2 29
1 29
1 28
1 27
1 26
1 27
1 26
0 26
0 27
0 26
0 27
0 26
0 27
1 27
2 27
1 27
0 27
0 28
0 27
1 27
1 28
0 28
1 28
1 29
1 28
2 28
3 28
2 28
1 28
1 27
0 27
1 27
2 27
2 26
1 26
0 26
0 27
0 26
0 25
0 26
1 26
1 25
0 25
1 25
2 25
2 26
2 27
2 28
1 28
1 27
1 28
2 28
2 29
2 30
2 31
2 30
2 29
2 30
3 30
2 30
1 30
2 30
1 30
1 29
2 29
2 30
2 29
3 29
4 29
5 29
5 30
5 31
5 30
5 29
4 29
4 30
4 31
4 32
4 31
4 32
3 32
2 32
1 32
1 31
1 30
1 31
0 31
0 30
1 30
1 29
1 28
0 28
1 28
2 28
1 28
1 29
2 29
2 28
2 29
2 30
1 30
0 30
1 30
1 31
2 31
2 32
2 31
2 30
3 30
2 30
3 30
3 29
3 28
3 29
3 28
3 27
3 28
3 27
3 28
2 28
3 28
2 28
3 28
3 29
2 29
3 29
3 28
3 29
4 29
3 29
3 28
3 29
2 29
2 30
2 29
3 29
3 28
2 28
2 27
1 27
0 27
0 28
1 28
1 29
1 30
0 30
0 29
1 29
1 30
2 30
3 30
3 29
3 30
3 29
3 28
2 28
2 29
1 29
1 28
2 28
3 28
3 29
4 29
4 30
3 30
4 30
5 30
5 31
5 32
5 31
5 32
5 31
4 31
4 32
4 33
5 33
5 34
4 34
5 34
5 33
4 33
3 33
4 33
3 33
4 33
4 34
5 34
5 35
4 35
4 36
3 36
4 36
4 37
4 36
5 36
5 35
5 36
5 35
5 34
4 34
5 34
5 33
6 33
6 34
5 34
6 34
6 33
5 33
6 33
5 33
4 33
3 33
3 34
4 34
4 35
4 36
4 37
4 38
3 38
4 38
4 37
4 38
5 38
4 38
3 38
2 38
2 39
1 39
1 38
1 39
1 40
1 39
0 39
0 38
0 39
1 39
1 38
1 37
0 37
1 37
0 37
1 37
1 38
0 38
1 38
0 38
1 38
2 38
1 38
2 38
1 38
1 39
0 39
1 39
1 38
1 37
1 38
1 39
0 39
0 40
1 40
1 39
0 39
1 39
1 40
0 40
0 41
0 40
1 40
1 39
0 39
0 40
0 41
1 41
0 41
1 41
1 42
1 43
0 43
0 44
1 44
1 45
1 44
2 44
1 44
2 44
2 43
2 42
2 41
3 41
3 40
3 39
3 38
2 38
3 38
3 39
4 39
4 38
3 38
3 39
4 39
5 39
5 38
5 37
5 36
5 37
6 37
7 37
7 38
7 39
8 39
7 39
7 38
7 37
6 37
6 38
6 37
7 37
8 37
7 37
8 37
9 37
10 37
10 36
11 36
11 35
10 35
10 34
10 35
11 35
11 34
11 33
11 32
11 33
12 33
13 33
13 34
13 35
13 36
13 35
12 35
13 35
14 35
14 36
13 36
14 36
13 36
13 37
13 38
12 38
11 38
11 39
11 40
12 40
11 40
10 40
9 40
9 39
8 39
8 38
8 37
8 36
8 37
8 36
8 35
8 36
9 36
9 37
8 37
8 36
9 36
10 36
9 36
8 36
8 35
7 35
8 35
9 35
9 34
9 33
8 33
8 32
7 32
7 31
7 32
7 31
7 32
7 33
7 34
8 34
9 34
9 35
9 36
9 37
9 38
9 39
8 39
7 39
7 40
7 39
7 38
8 38
8 37
9 37
9 36
9 37
10 37
11 37
11 38
11 39
11 38
12 38
12 39
13 39
14 39
15 39
16 39
16 38
16 39
17 39
17 40
16 40
15 40
16 40
16 39
16 40
16 41
16 40
16 39
16 38
16 37
15 37
16 37
16 38
17 38
16 38
16 39
15 39
16 39
15 39
15 38
14 38
14 39
