0 0
0 1
1 1
0 1
0 2
1 2
2 2
1 2
1 3
2 3
3 3
3 4
2 4
2 5
3 5
2 5
1 5
1 6
1 7
0 7
1 7
0 7
0 6
1 6
1 7
1 6
2 6
1 6
1 5
2 5
2 6
2 7
2 6
3 6
3 7
4 7
4 8
4 7
3 7
4 7
4 8
3 8
2 8
2 7
2 8
2 7
2 6
2 7
2 8
3 8
3 7
4 7
4 6
4 5
4 6
4 7
5 7
6 7
6 6
6 7
5 7
4 7
4 8
5 8
4 8
4 9
4 10
4 11
4 12
3 12
3 13
2 13
1 13
0 13
1 13
0 13
1 13
0 13
0 12
0 11
1 11
1 10
0 10
0 11
0 10
0 11
1 11
1 10
2 10
2 9
2 10
1 10
1 9
1 10
0 10
0 11
0 12
0 13
0 14
0 13
1 13
2 13
2 12
1 12
0 12
0 13
1 13
2 13
2 14
1 14
1 15
1 14
0 14
1 14
1 15
2 15
1 15
2 15
2 16
2 15
1 15
1 16
1 15
0 15
0 14
1 14
1 13
1 14
0 14
1 14
0 14
1 14
0 14
0 15
1 15
1 16
0 16
1 16
2 16
1 16
1 15
0 15
1 15
1 16
2 16
1 16
1 15
2 15
3 15
3 14
2 14
2 15
1 15
0 15
0 16
1 16
1 17
2 17
2 16
2 17
1 17
2 17
2 18
2 17
2 16
1 16
0 16
0 17
1 17
1 16
2 16
1 16
1 17
0 17
1 17
0 17
0 16
1 16
0 16
0 17
0 18
1 18
1 17
1 18
0 18
1 18
1 19
1 20
0 20
1 20
2 20
1 20
2 20
2 21
3 21
3 20
3 19
4 19
4 20
5 20
6 20
7 20
8 20
7 20
6 20
5 20
4 20
4 21
4 20
3 20
3 21
3 22
4 22
3 22
2 22
2 23
2 22
1 22
1 21
1 22
1 23
1 24
1 23
0 23
0 24
0 23
1 23
1 22
2 22
2 23
1 23
0 23
0 24
0 23
1 23
2 23
2 22
2 21
3 21
3 20
2 20
2 19
2 18
1 18
1 19
2 19
2 20
2 21
1 21
1 22
1 23
0 23
1 23
1 24
0 24
0 23
0 22
0 21
0 20
0 21
1 21
1 20
0 20
0 21
0 20
1 20
0 20
0 21
0 22
0 23
1 23
1 22
1 23
2 23
1 23
2 23
2 24
3 24
2 24
2 25
3 25
4 25
5 25
6 25
7 25
8 25
8 24
8 23
8 22
9 22
8 22
7 22
6 22
6 21
6 22
6 23
6 24
5 24
5 25
5 26
5 27
5 28
5 27
5 28
4 28
5 28
5 27
4 27
3 27
3 26
3 27
3 28
2 28
3 28
2 28
2 29
2 30
2 31
3 31
3 30
3 31
2 31
2 30
2 29
2 30
3 30
3 31
2 31
2 30
2 29
3 29
4 29
4 30
4 29
4 30
3 30
3 31
3 32
3 31
4 31
4 32
4 31
3 31
4 31
4 32
4 33
3 33
4 33
5 33
4 33
4 34
3 34
3 33
2 33
1 33
1 34
1 33
0 33
1 33
0 33
1 33
1 32
1 33
0 33
1 33
1 32
0 32
0 33
0 32
0 31
1 31
0 31
0 30
0 29
0 30
1 30
2 30
3 30
4 30
4 29
4 28
4 29
3 29
4 29
3 29
2 29
3 29
4 29
4 28
5 28
5 29
4 29
4 28
5 28
5 27
5 28
5 29
6 29
6 30
7 30
6 30
6 29
6 28
6 27
5 27
4 27
4 26
5 26
4 26
5 26
4 26
4 25
4 24
5 24
6 24
7 24
8 24
8 25
8 26
8 25
8 26
9 26
8 26
8 25
7 25
8 25
8 26
8 27
8 28
9 28
9 27
8 27
8 28
9 28
10 28
10 27
10 28
10 29
10 30
10 29
11 29
11 30
12 30
12 31
13 31
13 32
12 32
12 31
12 30
13 30
13 31
13 32
13 33
13 32
14 32
15 32
14 32
13 32
13 33
13 32
12 32
13 32
14 32
14 31
14 32
13 32
14 32
14 33
14 34
14 33
14 34
14 35
13 35
12 35
13 35
12 35
12 36
12 35
12 34
11 34
10 34
9 34
9 35
9 34
9 33
9 32
10 32
10 31
9 31
8 31
7 31
7 30
7 31
6 31
6 32
7 32
7 33
7 34
7 33
6 33
6 34
6 33
7 33
7 34
8 34
9 34
10 34
11 34
11 35
11 34
11 35
12 35
12 36
11 36
11 37
11 36
11 37
10 37
10 36
10 37
10 38
10 37
10 36
11 36
12 36
13 36
14 36
15 36
15 35
16 35
16 36
15 36
15 35
14 35
14 34
15 34
15 33
14 33
13 33
13 34
13 33
14 33
14 32
14 31
14 30
14 31
14 30
14 29
13 29
14 29
14 30
14 31
14 32
15 32
16 32
17 32
17 31
17 30
18 30
17 30
17 31
16 31
15 31
16 31
15 31
16 31
15 31
14 31
13 31
13 30
13 31
14 31
13 31
12 31
11 31
11 30
11 29
11 30
12 30
12 29
13 29
14 29
13 29
12 29
12 30
11 30
12 30
12 31
12 32
13 32
14 32
14 31
14 30
13 30
13 29
13 30
13 29
12 29
13 29
14 29
15 29
15 30
15 31
16 31
17 31
17 30
18 30
18 31
18 32
17 32
18 32
19 32
18 32
18 33
17 33
18 33
18 32
19 32
18 32
19 32
19 33
20 33
20 32
21 32
21 33
21 34
21 35
21 36
21 35
22 35
21 35
22 35
21 35
20 35
20 34
19 34
20 34
20 35
21 35
21 34
21 33
21 34
21 35
22 35
23 35
23 34
24 34
24 33
25 33
24 33
24 34
23 34
24 34
23 34
23 33
23 34
23 33
22 33
22 34
21 34
22 34
22 33
23 33
23 32
23 33
22 33
22 32
23 32
23 33
24 33
25 33
25 34
26 34
27 34
27 35
27 36
28 36
29 36
29 35
29 34
29 33
29 34
28 34
27 34
26 34
25 34
25 35
24 35
23 35
22 35
22 34
23 34
23 35
23 34
24 34
24 33
25 33
25 34
26 34
27 34
28 34
27 34
26 34
27 34
27 35
28 35
29 35
30 35
31 35
31 36
32 36
33 36
32 36
32 35
32 36
32 37
33 37
33 36
34 36
34 35
34 34
34 33
35 33
35 32
35 31
34 31
35 31
36 31
36 32
37 32
37 31
37 30
36 30
36 31
36 32
36 31
36 32
35 32
35 33
36 33
35 33
36 33
36 32
36 33
36 34
36 35
36 34
37 34
37 35
37 34
38 34
37 34
38 34
39 34
39 35
39 34
38 34
39 34
38 34
39 34
38 34
38 33
37 33
38 33
38 34
37 34
36 34
37 34
38 34
39 34
40 34
40 35
39 35
38 35
37 35
36 35
36 34
36 33
36 34
37 34
36 34
37 34
37 35
38 35
39 35
40 35
41 35
41 34
41 35
42 35
41 35
40 35
41 35
42 35
42 36
42 37
42 36
42 37
42 36
41 36
41 37
41 36
40 36
39 36
40 36
40 35
39 35
40 35
41 35
41 36
41 35
41 34
41 33
40 33
40 32
40 31
40 32
40 31
40 30
39 30
40 30
40 31
40 30
40 31
40 30
41 30
40 30
41 30
41 29
41 30
41 29
40 29
41 29
40 29
41 29
41 30
41 31
42 31
43 31
44 31
44 30
43 30
44 30
45 30
45 31
46 31
46 30
46 29
45 29
45 30
46 30
47 30
47 31
46 31
46 32
47 32
46 32
45 32
46 32
46 33
45 33
44 33
45 33
44 33
43 33
42 33
42 34
41 34
40 34
40 33
39 33
39 34
38 34
38 35
37 35
37 34
38 34
37 34
36 34
35 34
35 33
34 33
34 34
35 34
34 34
33 34
33 33
34 33
34 32
34 33
35 33
34 33
34 34
35 34
36 34
36 33
36 32
36 31
36 32
36 33
36 32
37 32
36 32
37 32
38 32
38 31
39 31
40 31
40 32
40 31
39 31
40 31
41 31
42 31
43 31
43 32
42 32
41 32
41 33
42 33
41 33
41 34
41 33
41 34
40 34
40 35
41 35
41 34
41 33
41 32
41 33
41 34
41 33
40 33
40 32
41 32
40 32
39 32
39 33
39 34
39 35
40 35
40 36
40 37
41 37
42 37
41 37
41 36
42 36
42 35
42 36
43 36
43 35
44 35
43 35
42 35
42 36
42 37
41 37
41 36
41 37
41 36
40 36
40 37
39 37
39 38
40 38
41 38
41 37
41 36
42 36
42 35
41 35
41 36
41 37
41 36
40 36
39 36
40 36
40 35
41 35
42 35
43 35
42 35
42 36
43 36
42 36
42 35
42 34
42 35
42 34
42 35
43 35
42 35
42 36
43 36
43 35
42 35
42 34
42 33
