0 0
0 1
0 2
0 1
0 0
1 0
1 1
2 1
1 1
2 1
1 1
0 1
1 1
1 2
1 1
2 1
3 1
3 2
3 1
2 1
1 1
0 1
0 2
0 3
0 4
0 3
1 3
1 4
0 4
0 3
1 3
1 2
0 2
1 2
1 3
0 3
0 4
0 3
0 4
1 4
2 4
2 5
2 4
2 3
2 2
2 1
2 2
2 1
3 1
3 0
3 1
3 2
2 2
3 2
3 3
3 4
3 5
3 6
2 6
2 7
2 8
3 8
3 7
2 7
1 7
1 6
1 7
2 7
3 7
2 7
2 8
3 8
4 8
5 8
5 9
6 9
6 8
5 8
6 8
5 8
5 7
5 8
5 7
4 7
4 8
4 7
4 6
5 6
4 6
3 6
3 5
4 5
5 5
5 6
6 6
5 6
4 6
5 6
5 5
5 4
5 3
4 3
5 3
6 3
5 3
6 3
7 3
6 3
6 2
7 2
7 3
8 3
8 4
9 4
9 5
10 5
11 5
11 6
12 6
12 7
13 7
13 6
13 5
14 5
13 5
13 4
13 5
13 6
12 6
11 6
11 7
11 6
12 6
13 6
13 5
13 6
13 7
13 8
13 9
13 8
13 9
13 8
13 7
14 7
14 6
14 5
15 5
15 4
14 4
14 5
15 5
15 4
14 4
13 4
12 4
13 4
14 4
15 4
16 4
16 3
17 3
17 4
18 4
18 3
17 3
17 4
17 5
16 5
16 4
17 4
18 4
17 4
16 4
17 4
17 3
17 4
16 4
16 5
16 4
16 5
16 4
15 4
14 4
13 4
12 4
12 5
12 6
12 7
12 6
13 6
13 5
13 4
12 4
11 4
10 4
9 4
10 4
9 4
9 3
8 3
8 4
8 3
9 3
10 3
10 4
11 4
11 3
11 4
11 3
11 2
10 2
9 2
10 2
9 2
8 2
8 3
9 3
9 4
8 4
7 4
8 4
8 5
9 5
10 5
10 4
10 3
9 3
10 3
9 3
9 4
10 4
10 5
10 6
10 5
10 4
10 3
9 3
10 3
11 3
10 3
9 3
9 2
9 1
9 0
8 0
8 1
8 0
8 1
9 1
8 1
8 2
9 2
10 2
10 1
9 1
9 2
10 2
10 1
9 1
9 0
9 1
10 1
10 0
9 0
8 0
9 0
9 1
10 1
10 2
10 3
9 3
9 4
10 4
11 4
11 3
11 4
11 3
10 3
10 2
11 2
12 2
12 3
11 3
11 4
11 3
11 4
11 3
12 3
12 4
12 5
13 5
14 5
14 4
15 4
14 4
14 3
15 3
14 3
14 2
14 3
13 3
13 4
13 5
13 4
13 3
14 3
14 4
13 4
12 4
11 4
11 3
11 2
12 2
11 2
11 3
11 4
12 4
13 4
12 4
12 5
12 6
13 6
13 7
12 7
12 8
12 9
11 9
10 9
11 9
11 10
11 11
11 10
10 10
11 10
10 10
9 10
8 10
9 10
8 10
8 9
8 8
8 9
8 8
9 8
10 8
10 7
10 6
10 7
11 7
11 8
12 8
13 8
14 8
14 9
14 10
14 11
13 11
14 11
14 12
14 11
15 11
16 11
15 11
15 12
14 12
15 12
15 13
15 12
14 12
14 13
15 13
15 12
15 13
15 14
15 13
15 12
15 11
15 12
16 12
17 12
17 13
18 13
18 12
17 12
16 12
15 12
15 11
14 11
14 10
14 9
15 9
14 9
15 9
15 10
15 9
15 10
14 10
15 10
15 9
14 9
14 8
14 7
15 7
16 7
17 7
17 8
18 8
18 9
19 9
18 9
18 8
19 8
19 9
18 9
18 8
17 8
17 9
16 9
17 9
17 8
18 8
17 8
18 8
18 7
18 6
19 6
19 7
19 8
19 9
19 8
18 8
17 8
18 8
18 9
18 8
17 8
18 8
19 8
19 7
20 7
21 7
21 6
20 6
20 7
19 7
19 8
19 7
19 8
20 8
20 9
20 8
21 8
21 7
20 7
20 8
21 8
21 9
22 9
22 10
23 10
24 10
24 9
25 9
25 10
25 9
25 10
25 9
25 10
24 10
25 10
25 9
24 9
24 10
24 9
24 8
23 8
24 8
25 8
25 7
26 7
27 7
27 6
28 6
29 6
29 7
29 8
29 9
29 8
29 7
30 7
30 8
30 9
30 8
31 8
31 7
30 7
30 8
31 8
31 9
31 10
30 10
30 11
31 11
31 12
32 12
33 12
33 11
33 12
32 12
33 12
33 11
32 11
31 11
32 11
32 12
31 12
31 13
31 12
31 11
30 11
30 12
31 12
31 11
31 12
30 12
29 12
29 13
29 14
29 13
29 12
29 11
29 12
28 12
28 13
28 12
28 13
27 13
27 12
28 12
28 11
28 10
27 10
27 11
27 10
27 11
27 12
26 12
26 11
27 11
27 12
28 12
29 12
28 12
28 13
27 13
28 13
29 13
28 13
29 13
29 14
29 13
29 14
29 15
29 14
29 15
30 15
30 16
30 17
30 16
30 15
30 14
30 13
31 13
32 13
31 13
32 13
33 13
34 13
34 12
34 13
35 13
35 14
35 15
36 15
35 15
35 16
36 16
36 17
35 17
35 18
36 18
36 19
36 18
37 18
36 18
36 17
37 17
37 18
37 17
37 16
36 16
35 16
35 17
35 16
34 16
34 15
33 15
33 16
33 17
33 16
33 17
34 17
34 18
34 17
34 16
35 16
34 16
34 15
33 15
32 15
31 15
30 15
30 14
30 15
31 15
31 14
31 13
31 12
32 12
33 12
32 12
32 11
31 11
30 11
29 11
28 11
28 10
28 9
28 10
27 10
27 9
26 9
25 9
26 9
25 9
24 9
23 9
22 9
23 9
23 10
24 10
23 10
24 10
24 11
25 11
26 11
26 10
27 10
27 11
28 11
28 12
28 11
28 12
28 13
29 13
28 13
29 13
29 12
30 12
30 13
31 13
30 13
30 12
29 12
30 12
29 12
29 11
30 11
31 11
32 11
32 10
32 9
31 9
31 8
31 7
31 6
31 7
31 8
32 8
33 8
34 8
35 8
34 8
34 7
33 7
33 6
34 6
33 6
33 7
33 6
34 6
33 6
33 7
33 8
33 7
33 8
34 8
34 7
33 7
34 7
34 6
33 6
32 6
33 6
32 6
33 6
33 5
32 5
32 6
32 7
32 6
31 6
31 5
31 4
31 5
30 5
31 5
31 4
30 4
30 3
30 4
29 4
29 3
28 3
28 2
28 3
27 3
26 3
26 2
26 3
27 3
27 4
26 4
26 5
25 5
24 5
25 5
26 5
26 4
26 5
27 5
28 5
28 4
28 3
29 3
29 4
28 4
28 5
29 5
30 5
31 5
31 4
30 4
29 4
30 4
29 4
30 4
30 5
31 5
31 6
31 5
31 4
32 4
32 5
32 6
33 6
34 6
34 5
35 5
35 4
35 5
34 5
35 5
35 6
35 7
35 8
35 7
36 7
36 6
37 6
36 6
36 7
36 8
37 8
38 8
37 8
37 7
36 7
36 8
37 8
36 8
37 8
37 9
37 8
37 7
37 8
37 7
38 7
38 8
37 8
38 8
37 8
36 8
35 8
36 8
36 7
36 6
36 7
37 7
38 7
38 6
37 6
37 7
38 7
37 7
37 8
37 7
37 6
37 7
36 7
35 7
35 8
35 9
35 8
35 9
36 9
36 8
36 7
35 7
36 7
36 8
37 8
37 9
37 8
37 9
36 9
36 10
35 10
36 10
37 10
37 11
37 10
38 10
38 11
38 12
37 12
37 13
37 12
36 12
35 12
35 13
35 12
35 11
34 11
33 11
34 11
34 12
34 11
35 11
36 11
36 10
35 10
36 10
35 10
36 10
35 10
34 10
34 11
33 11
34 11
33 11
33 12
32 12
32 13
32 12
32 11
32 12
31 12
31 11
30 11
29 11
30 11
30 10
31 10
31 11
31 10
31 11
31 10
31 11
30 11
29 11
29 12
29 11
29 10
30 10
30 11
30 10
30 9
31 9
31 8
31 9
31 8
31 7
30 7
29 7
29 6
29 7
30 7
30 6
30 7
30 6
30 5
30 4
31 4
31 5
31 6
31 7
30 7
31 7
31 6
32 6
32 7
32 8
32 7
32 8
32 9
32 10
32 9
31 9
32 9
33 9
32 9
33 9
32 9
32 10
32 9
32 10
33 10
32 10
31 10
31 11
31 12
31 13
30 13
30 14
29 14
29 13
30 13
30 14
31 14
30 14
31 14
30 14
31 14
31 15
32 15
32 14
31 14
30 14
29 14
29 15
28 15
28 16
28 15
29 15
29 16
29 17
29 18
28 18
28 17
27 17
26 17
27 17
28 17
27 17
26 17
26 16
26 15
27 15
27 14
27 15
27 14
27 13
27 14
27 13
28 13
29 13
28 13
28 14
29 14
