0 0
0 1
0 0
1 0
2 0
2 1
2 2
2 1
2 2
1 2
0 2
0 1
0 2
1 2
1 3
1 4
1 5
0 5
0 4
1 4
1 3
1 2
0 2
1 2
0 2
0 3
0 2
1 2
2 2
3 2
2 2
1 2
1 3
1 4
2 4
1 4
1 3
1 4
2 4
3 4
3 3
2 3
1 3
2 3
2 4
2 5
2 6
2 5
3 5
4 5
3 5
3 4
3 5
3 6
4 6
4 5
4 6
4 5
4 6
5 6
5 7
4 7
5 7
5 8
6 8
7 8
7 9
7 10
8 10
8 11
9 11
10 11
10 12
11 12
12 12
12 13
12 12
11 12
10 12
10 13
11 13
10 13
10 12
11 12
10 12
10 11
10 12
10 11
11 11
11 12
10 12
10 11
9 11
9 12
9 13
9 12
9 11
10 11
11 11
10 11
11 11
12 11
13 11
14 11
15 11
16 11
15 11
14 11
15 11
14 11
14 10
13 10
12 10
13 10
12 10
13 10
13 11
12 11
13 11
13 10
12 10
12 9
11 9
11 8
11 9
10 9
9 9
9 8
10 8
11 8
12 8
12 7
11 7
11 8
12 8
11 8
11 9
10 9
10 8
9 8
10 8
11 8
12 8
11 8
11 9
11 10
11 9
11 10
11 11
11 10
11 9
11 8
10 8
10 9
10 8
9 8
8 8
7 8
8 8
8 9
9 9
10 9
11 9
12 9
12 8
12 9
11 9
11 10
12 10
12 11
12 12
12 11
12 12
12 11
12 12
12 13
13 13
13 12
13 13
13 12
13 13
14 13
14 12
14 11
13 11
12 11
11 11
11 10
10 10
10 9
9 9
9 8
8 8
9 8
9 9
10 9
11 9
11 10
11 11
12 11
12 10
12 11
11 11
11 10
10 10
11 10
10 10
10 9
10 10
9 10
10 10
11 10
11 9
11 10
10 10
10 11
11 11
11 12
11 13
12 13
12 12
11 12
11 13
11 12
11 11
10 11
10 12
10 13
9 13
10 13
9 13
8 13
8 12
9 12
10 12
9 12
10 12
10 11
10 12
10 11
11 11
10 11
10 12
10 13
10 12
9 12
10 12
11 12
11 11
11 10
12 10
11 10
11 11
11 12
12 12
12 11
13 11
13 10
13 9
13 8
12 8
13 8
13 9
12 9
12 8
13 8
14 8
14 7
14 6
15 6
15 7
15 8
15 9
16 9
17 9
16 9
16 8
16 7
16 8
15 8
16 8
16 9
16 10
17 10
17 9
17 10
17 11
17 12
18 12
19 12
20 12
20 11
20 10
19 10
19 11
19 10
19 9
20 9
20 10
19 10
18 10
18 9
18 8
18 9
18 10
17 10
16 10
16 11
16 10
17 10
16 10
16 11
16 10
15 10
14 10
14 9
14 8
14 7
14 8
14 7
14 6
15 6
15 7
14 7
14 6
13 6
13 7
13 8
12 8
11 8
10 8
10 7
9 7
9 6
8 6
7 6
7 5
7 4
7 5
7 6
7 5
6 5
7 5
7 6
7 7
8 7
7 7
7 8
7 7
7 6
7 5
6 5
7 5
8 5
8 6
8 7
8 6
7 6
6 6
6 7
6 8
5 8
5 7
5 8
5 9
6 9
6 10
6 9
6 8
5 8
6 8
6 9
5 9
4 9
3 9
2 9
2 10
3 10
4 10
5 10
5 11
4 11
5 11
6 11
5 11
4 11
5 11
5 12
5 13
6 13
6 12
5 12
5 11
5 10
4 10
4 11
5 11
4 11
3 11
2 11
2 10
3 10
4 10
5 10
4 10
5 10
5 11
4 11
3 11
4 11
3 11
4 11
4 10
4 9
4 8
4 7
4 6
3 6
4 6
4 5
3 5
2 5
2 6
2 7
3 7
3 6
3 7
4 7
4 6
5 6
5 7
5 8
6 8
6 9
5 9
4 9
4 10
5 10
5 11
5 12
4 12
4 13
3 13
3 12
3 11
2 11
2 12
1 12
1 11
1 10
1 9
1 8
1 9
0 9
0 8
0 7
1 7
2 7
3 7
2 7
2 8
1 8
0 8
1 8
2 8
2 9
3 9
4 9
5 9
4 9
4 10
5 10
4 10
4 9
5 9
5 10
5 11
5 10
5 11
5 10
5 9
5 10
5 9
4 9
5 9
6 9
7 9
7 10
7 9
8 9
8 8
7 8
7 9
6 9
5 9
5 8
4 8
3 8
3 9
2 9
1 9
2 9
1 9
1 10
2 10
1 10
1 11
2 11
1 11
0 11
1 11
0 11
0 12
0 13
0 14
0 13
1 13
1 14
1 13
0 13
1 13
2 13
3 13
2 13
2 12
1 12
1 11
2 11
2 12
1 12
1 13
0 13
1 13
1 12
0 12
1 12
1 13
2 13
2 14
2 15
1 15
1 16
1 17
1 18
2 18
2 17
2 18
1 18
0 18
0 19
1 19
2 19
2 18
3 18
4 18
4 19
4 20
4 19
4 20
5 20
5 21
5 22
6 22
6 21
5 21
4 21
4 20
5 20
5 19
6 19
7 19
8 19
7 19
8 19
8 18
9 18
9 19
9 20
9 19
8 19
8 20
9 20
8 20
9 20
9 21
9 22
9 21
8 21
8 22
8 23
8 22
7 22
6 22
7 22
8 22
9 22
9 21
9 22
9 21
9 22
9 21
8 21
8 22
7 22
7 23
6 23
6 22
7 22
6 22
5 22
6 22
6 21
6 20
6 21
6 22
7 22
6 22
5 22
6 22
6 23
6 24
7 24
7 23
8 23
8 22
9 22
10 22
11 22
12 22
12 21
12 20
13 20
12 20
12 19
12 20
11 20
11 19
12 19
12 18
13 18
13 19
12 19
13 19
12 19
11 19
10 19
10 18
10 19
9 19
9 20
9 21
9 22
9 23
9 22
9 23
8 23
9 23
8 23
8 24
8 25
8 26
7 26
8 26
9 26
9 25
8 25
7 25
7 24
8 24
7 24
7 23
7 24
7 25
7 26
7 27
6 27
5 27
6 27
5 27
5 28
6 28
6 27
6 28
7 28
7 27
8 27
7 27
7 26
8 26
9 26
10 26
10 27
10 28
11 28
11 29
11 28
11 29
11 30
11 29
10 29
10 30
10 29
9 29
10 29
11 29
12 29
12 28
11 28
11 29
12 29
12 28
12 27
12 26
12 27
13 27
12 27
12 28
11 28
11 27
11 26
12 26
11 26
12 26
12 27
11 27
10 27
10 28
11 28
11 27
12 27
11 27
10 27
10 28
10 29
9 29
9 30
9 31
8 31
8 30
7 30
7 31
7 30
6 30
7 30
8 30
7 30
6 30
7 30
7 29
7 30
8 30
7 30
6 30
6 31
6 30
7 30
7 29
7 28
7 27
6 27
6 26
7 26
8 26
9 26
9 25
10 25
9 25
9 26
10 26
9 26
9 27
8 27
8 26
8 27
8 28
8 27
9 27
9 28
10 28
9 28
9 29
9 30
9 31
9 30
8 30
8 31
7 31
7 30
7 31
7 30
7 29
8 29
9 29
9 28
8 28
8 27
9 27
9 28
9 29
8 29
8 28
8 29
8 30
9 30
10 30
9 30
10 30
11 30
10 30
11 30
11 31
11 32
11 33
11 34
11 35
12 35
12 36
11 36
11 37
11 38
11 39
12 39
11 39
11 40
10 40
9 40
9 39
8 39
7 39
6 39
7 39
7 40
7 39
7 40
7 39
7 38
6 38
6 39
7 39
7 38
8 38
8 37
7 37
8 37
8 36
8 35
8 34
9 34
9 35
10 35
10 34
9 34
9 35
10 35
10 36
11 36
11 37
11 38
11 37
10 37
10 36
9 36
10 36
11 36
12 36
12 35
11 35
10 35
10 36
9 36
10 36
11 36
11 37
10 37
11 37
11 38
11 39
11 38
10 38
10 37
9 37
8 37
8 36
9 36
10 36
10 35
9 35
8 35
8 34
9 34
8 34
8 35
7 35
7 34
8 34
8 33
8 32
7 32
6 32
7 32
6 32
7 32
7 31
8 31
7 31
7 30
6 30
5 30
4 30
5 30
5 29
5 28
5 27
4 27
4 26
4 27
3 27
3 26
3 25
2 25
2 24
1 24
2 24
1 24
2 24
1 24
0 24
1 24
2 24
2 23
2 24
2 23
1 23
0 23
1 23
0 23
0 24
0 25
0 26
0 25
0 24
1 24
1 23
2 23
1 23
2 23
2 22
3 22
4 22
3 22
3 23
3 24
3 23
2 23
1 23
1 24
1 23
1 24
0 24
0 25
0 24
0 25
0 24
1 24
0 24
1 24
1 23
0 23
1 23
2 23
2 24
2 25
2 26
2 27
3 27
4 27
4 26
4 25
3 25
3 26
2 26
2 25
2 24
2 25
2 24
2 23
2 24
2 23
3 23
4 23
5 23
4 23
4 22
4 21
5 21
5 20
4 20
5 20
4 20
3 20
