0 0
1 0
2 0
3 0
3 1
2 1
2 2
1 2
0 2
1 2
2 2
2 1
2 0
2 1
2 2
3 2
3 3
4 3
3 3
2 3
2 4
2 3
1 3
1 2
1 1
2 1
1 1
2 1
1 1
2 1
2 2
2 1
2 2
2 3
1 3
2 3
2 4
3 4
4 4
3 4
2 4
2 5
3 5
2 5
1 5
2 5
3 5
2 5
2 4
3 4
3 3
2 3
1 3
2 3
3 3
3 4
3 3
2 3
3 3
4 3
5 3
5 2
4 2
3 2
3 3
3 2
3 1
3 0
4 0
4 1
4 2
4 1
4 2
3 2
3 3
2 3
3 3
3 2
2 2
2 3
2 2
2 1
2 2
2 1
2 0
3 0
4 0
3 0
2 0
3 0
3 1
4 1
4 2
4 1
3 1
4 1
3 1
2 1
3 1
4 1
5 1
4 1
3 1
3 2
3 3
3 2
4 2
5 2
4 2
4 3
4 2
4 1
5 1
5 0
4 0
4 1
3 1
2 1
3 1
2 1
3 1
3 2
4 2
5 2
6 2
6 3
5 3
6 3
6 2
5 2
5 3
5 2
4 2
3 2
3 3
4 3
4 4
5 4
5 3
4 3
4 4
5 4
5 3
5 4
5 5
5 6
5 5
4 5
4 6
3 6
3 7
3 6
3 7
4 7
4 8
5 8
5 9
4 9
4 10
4 11
4 12
3 12
3 11
3 10
4 10
4 9
4 10
4 11
4 10
5 10
5 9
4 9
5 9
6 9
7 9
7 10
6 10
6 9
7 9
7 10
8 10
9 10
10 10
9 10
8 10
7 10
6 10
7 10
7 11
8 11
8 10
8 11
8 12
7 12
7 13
7 14
8 14
8 13
8 12
7 12
7 13
6 13
7 13
6 13
7 13
8 13
9 13
8 13
7 13
8 13
9 13
10 13
9 13
9 12
9 11
8 11
9 11
9 10
9 11
10 11
10 12
10 13
9 13
8 13
8 12
8 11
7 11
8 11
7 11
7 12
7 11
7 10
7 11
7 10
7 11
7 10
6 10
6 9
5 9
5 8
6 8
6 9
5 9
5 10
4 10
3 10
3 11
3 12
3 13
4 13
3 13
3 12
3 11
2 11
2 10
2 9
2 8
2 9
2 8
2 9
3 9
3 10
2 10
3 10
3 11
3 10
3 11
3 12
3 13
2 13
1 13
0 13
0 12
0 11
1 11
1 10
2 10
2 11
2 12
1 12
1 13
0 13
0 14
1 14
2 14
2 15
1 15
0 15
1 15
1 14
2 14
2 13
3 13
4 13
4 12
4 13
3 13
3 14
3 13
3 14
3 13
4 13
4 12
5 12
5 13
5 14
5 15
6 15
7 15
7 14
7 15
7 16
7 17
6 17
6 16
5 16
4 16
3 16
2 16
2 17
2 18
3 18
2 18
2 17
1 17
2 17
3 17
4 17
5 17
5 16
4 16
4 17
5 17
5 18
6 18
5 18
5 17
4 17
5 17
6 17
5 17
5 18
5 19
5 18
5 17
6 17
7 17
8 17
8 16
9 16
9 17
9 16
9 17
9 16
10 16
10 15
10 16
10 15
11 15
11 14
10 14
11 14
11 15
11 16
12 16
12 15
12 14
12 15
13 15
12 15
12 16
11 16
12 16
12 17
12 16
11 16
11 17
11 16
11 15
11 14
11 13
11 12
11 13
11 14
10 14
10 15
11 15
11 14
11 13
10 13
11 13
11 12
12 12
12 11
12 12
12 11
13 11
13 10
13 11
12 11
13 11
12 11
11 11
10 11
10 10
10 11
9 11
9 10
8 10
9 10
9 9
9 10
10 10
11 10
11 11
10 11
10 12
10 13
10 14
11 14
11 13
10 13
9 13
8 13
9 13
8 13
7 13
7 14
7 13
7 14
7 13
8 13
7 13
7 12
7 13
7 12
7 13
7 14
8 14
8 15
8 14
8 15
7 15
7 16
7 17
7 18
8 18
8 19
9 19
9 20
9 21
9 20
9 19
10 19
10 20
10 19
11 19
11 18
12 18
13 18
13 17
13 16
14 16
15 16
15 15
14 15
14 16
14 17
14 18
13 18
13 17
14 17
14 16
14 17
14 18
15 18
15 19
15 20
15 21
15 20
15 21
16 21
15 21
15 20
14 20
14 21
14 20
14 21
15 21
14 21
14 20
15 20
16 20
15 20
16 20
16 19
17 19
17 20
18 20
18 21
18 22
19 22
19 21
20 21
20 20
21 20
21 21
21 20
22 20
22 21
23 21
23 22
24 22
23 22
24 22
24 23
23 23
24 23
23 23
24 23
24 22
24 23
24 24
24 23
25 23
24 23
24 22
25 22
24 22
24 23
25 23
25 22
25 23
26 23
27 23
27 24
28 24
27 24
26 24
25 24
24 24
24 23
24 22
23 22
23 21
22 21
22 20
22 19
23 19
22 19
22 20
22 21
23 21
24 21
23 21
23 22
23 21
23 20
23 21
23 22
23 23
22 23
22 22
22 21
21 21
22 21
23 21
22 21
22 20
21 20
20 20
19 20
18 20
18 19
18 18
18 17
18 16
17 16
16 16
17 16
17 17
17 18
18 18
18 19
19 19
19 18
19 17
20 17
20 18
20 19
20 20
21 20
21 19
22 19
22 18
21 18
21 17
21 16
21 17
21 16
21 17
21 18
20 18
20 17
20 16
21 16
21 15
20 15
20 16
21 16
21 17
21 18
21 17
21 16
21 15
21 14
21 15
20 15
20 14
20 15
20 16
19 16
20 16
20 15
20 14
21 14
20 14
19 14
19 13
18 13
18 12
19 12
19 13
20 13
20 14
21 14
21 13
20 13
21 13
22 13
23 13
23 14
22 14
22 13
21 13
20 13
19 13
18 13
19 13
19 14
20 14
20 15
20 14
20 13
21 13
22 13
23 13
23 14
22 14
22 13
21 13
21 12
21 11
22 11
22 10
22 11
22 10
21 10
20 10
20 11
19 11
20 11
19 11
19 10
19 11
18 11
17 11
17 10
18 10
18 11
19 11
20 11
21 11
21 10
20 10
20 9
21 9
21 8
22 8
23 8
24 8
25 8
26 8
26 7
25 7
25 6
25 5
26 5
26 6
27 6
28 6
28 7
28 8
28 7
28 8
27 8
27 9
28 9
27 9
27 8
27 7
27 8
27 9
26 9
27 9
27 8
28 8
28 7
27 7
26 7
25 7
26 7
26 6
26 5
26 4
26 5
27 5
28 5
27 5
27 4
28 4
28 5
27 5
27 6
27 7
28 7
28 8
27 8
27 9
27 10
28 10
28 11
28 10
28 9
27 9
28 9
29 9
29 8
28 8
28 9
28 8
28 7
27 7
27 6
26 6
27 6
27 7
26 7
27 7
26 7
27 7
28 7
28 6
29 6
28 6
28 7
27 7
27 6
28 6
27 6
27 5
26 5
26 6
26 7
26 8
26 9
26 10
27 10
28 10
28 9
28 8
27 8
27 9
26 9
26 8
25 8
26 8
27 8
26 8
27 8
28 8
27 8
28 8
28 7
28 6
29 6
30 6
31 6
31 5
32 5
32 6
32 5
32 6
32 7
32 8
31 8
30 8
31 8
32 8
32 9
32 8
33 8
33 9
32 9
31 9
32 9
32 10
33 10
32 10
32 9
31 9
30 9
29 9
29 10
28 10
28 11
27 11
28 11
27 11
28 11
27 11
27 12
27 13
27 12
28 12
27 12
28 12
28 11
27 11
27 10
27 9
28 9
28 10
27 10
28 10
27 10
26 10
25 10
25 9
25 10
26 10
25 10
24 10
24 11
24 12
25 12
25 11
25 12
26 12
26 13
26 14
25 14
25 13
25 12
25 13
24 13
23 13
22 13
21 13
21 12
20 12
20 13
19 13
19 14
18 14
19 14
19 15
19 14
19 13
19 14
19 15
19 16
18 16
19 16
19 15
19 14
20 14
21 14
22 14
22 13
22 12
22 11
22 10
23 10
22 10
23 10
22 10
23 10
22 10
23 10
23 11
23 12
22 12
22 13
22 12
22 13
23 13
23 12
22 12
23 12
23 11
22 11
22 10
21 10
21 9
22 9
23 9
23 10
22 10
22 9
21 9
21 8
20 8
21 8
22 8
22 9
21 9
22 9
21 9
21 8
21 7
21 6
20 6
20 7
20 6
21 6
22 6
22 7
22 8
22 7
22 8
22 9
23 9
24 9
23 9
23 8
22 8
22 9
22 10
23 10
22 10
22 11
22 12
22 13
21 13
21 12
21 11
21 10
20 10
20 11
20 12
20 13
20 14
20 15
21 15
20 15
20 16
20 17
21 17
21 18
22 18
21 18
20 18
21 18
22 18
22 19
22 20
22 21
21 21
21 22
21 23
20 23
19 23
19 22
19 23
19 22
18 22
18 23
19 23
18 23
17 23
16 23
17 23
17 24
17 23
17 24
16 24
16 23
17 23
17 22
