0 0
1 0
0 0
0 1
1 1
1 0
2 0
1 0
1 1
2 1
3 1
2 1
1 1
2 1
3 1
2 1
1 1
1 2
1 1
2 1
2 2
3 2
3 3
2 3
1 3
1 2
1 3
2 3
2 4
2 3
2 2
1 2
2 2
2 3
2 2
1 2
2 2
2 3
2 2
2 3
2 4
2 3
2 2
2 1
2 2
1 2
2 2
3 2
2 2
2 3
1 3
0 3
0 4
0 5
0 6
0 7
1 7
0 7
0 6
1 6
2 6
3 6
4 6
4 5
5 5
6 5
5 5
5 4
5 3
5 4
4 4
5 4
6 4
6 5
6 6
6 7
7 7
7 6
7 5
8 5
9 5
10 5
10 6
9 6
9 7
8 7
9 7
9 6
8 6
8 7
8 8
9 8
10 8
10 9
11 9
11 10
10 10
10 11
11 11
12 11
12 12
11 12
12 12
12 11
12 12
13 12
12 12
13 12
13 13
12 13
12 12
13 12
12 12
12 13
13 13
14 13
14 12
13 12
13 13
14 13
15 13
15 14
14 14
13 14
13 15
13 14
12 14
11 14
12 14
12 13
13 13
13 14
14 14
14 15
14 14
14 15
15 15
15 14
14 14
14 15
14 14
14 15
14 16
14 15
13 15
14 15
14 14
14 13
15 13
14 13
14 14
13 14
13 13
12 13
12 12
12 13
11 13
10 13
10 14
10 15
10 14
10 15
9 15
9 14
10 14
10 15
11 15
10 15
9 15
10 15
9 15
9 16
9 15
9 16
9 17
10 17
10 18
10 17
10 16
11 16
10 16
9 16
10 16
9 16
9 15
9 14
9 15
8 15
8 16
8 15
8 14
8 15
8 16
7 16
8 16
8 15
9 15
10 15
10 14
9 14
9 15
9 14
9 15
9 16
8 16
9 16
10 16
10 15
10 14
10 15
9 15
9 14
10 14
10 15
11 15
10 15
11 15
11 16
10 16
11 16
12 16
11 16
12 16
12 15
12 14
13 14
13 13
13 14
13 15
14 15
14 16
13 16
14 16
14 17
13 17
13 16
12 16
12 15
12 14
12 15
12 14
12 15
11 15
11 14
10 14
9 14
9 15
10 15
10 14
9 14
9 15
10 15
10 16
9 16
9 15
10 15
10 14
9 14
9 15
10 15
11 15
11 14
12 14
12 15
11 15
10 15
10 14
10 15
9 15
8 15
9 15
8 15
8 14
8 13
9 13
10 13
10 12
10 13
10 12
10 11
9 11
9 10
10 10
10 9
10 8
11 8
12 8
12 7
12 8
13 8
13 7
13 8
13 7
13 8
13 7
12 7
13 7
12 7
13 7
12 7
12 8
13 8
13 7
13 6
13 5
14 5
15 5
15 4
15 5
15 6
14 6
14 5
15 5
15 6
16 6
15 6
15 5
15 6
14 6
14 7
14 8
13 8
12 8
13 8
13 7
14 7
14 8
15 8
15 7
14 7
14 6
14 7
13 7
13 6
14 6
15 6
15 5
15 6
15 7
16 7
17 7
17 6
17 7
17 6
17 7
17 8
17 9
17 10
17 9
18 9
18 8
19 8
19 7
20 7
21 7
21 6
22 6
21 6
22 6
23 6
23 5
24 5
24 6
25 6
25 7
25 6
26 6
26 7
27 7
27 6
26 6
27 6
26 6
26 5
26 6
26 5
26 6
26 7
26 6
25 6
26 6
26 5
26 4
25 4
25 5
25 6
25 5
25 6
25 5
25 6
25 7
26 7
26 8
26 9
26 8
27 8
28 8
27 8
28 8
28 7
29 7
29 6
28 6
29 6
29 5
28 5
28 6
27 6
27 7
26 7
27 7
28 7
28 6
28 7
28 8
27 8
28 8
28 9
27 9
27 10
27 9
27 8
26 8
27 8
28 8
27 8
28 8
27 8
28 8
28 9
28 8
29 8
30 8
29 8
30 8
31 8
30 8
30 9
31 9
30 9
30 10
30 11
30 10
29 10
29 11
29 10
28 10
27 10
27 11
27 10
27 11
28 11
28 10
27 10
28 10
29 10
29 11
29 12
30 12
31 12
31 11
30 11
29 11
30 11
29 11
29 10
29 9
30 9
30 10
30 11
30 12
30 11
30 12
29 12
28 12
29 12
28 12
27 12
27 13
27 14
26 14
25 14
26 14
26 15
27 15
28 15
28 14
27 14
27 15
26 15
26 14
26 15
26 14
26 15
25 15
24 15
25 15
25 14
26 14
26 15
26 16
25 16
24 16
24 15
24 16
25 16
26 16
25 16
26 16
27 16
27 17
27 18
28 18
29 18
28 18
27 18
26 18
26 17
26 16
25 16
25 17
26 17
25 17
26 17
26 18
25 18
24 18
23 18
23 17
23 18
24 18
24 19
24 20
24 21
24 20
24 19
24 20
25 20
26 20
27 20
28 20
28 21
28 20
27 20
26 20
26 19
26 20
27 20
26 20
27 20
26 20
26 21
26 22
26 23
27 23
27 22
26 22
26 23
26 22
26 21
26 20
26 19
27 19
26 19
25 19
25 20
25 21
24 21
24 22
23 22
23 21
23 20
22 20
21 20
22 20
22 19
23 19
22 19
22 20
21 20
22 20
23 20
23 21
23 20
23 19
23 18
24 18
23 18
24 18
25 18
25 17
24 17
24 18
24 17
23 17
22 17
22 18
23 18
22 18
22 19
21 19
21 20
22 20
22 21
21 21
21 20
20 20
20 19
20 20
21 20
21 21
21 22
22 22
22 23
22 24
23 24
23 25
24 25
24 26
24 25
24 24
24 25
24 26
23 26
23 25
22 25
21 25
22 25
21 25
22 25
21 25
21 26
21 25
22 25
21 25
21 26
21 25
20 25
19 25
19 24
20 24
20 23
20 22
20 23
20 22
20 21
20 20
20 19
19 19
19 18
19 17
18 17
18 18
18 17
18 16
18 17
18 18
19 18
18 18
18 17
18 18
18 17
18 18
18 19
18 20
18 21
18 22
19 22
20 22
19 22
19 23
20 23
21 23
20 23
20 22
21 22
21 21
20 21
19 21
19 20
19 21
19 20
18 20
17 20
17 21
16 21
15 21
15 22
14 22
14 21
15 21
14 21
14 22
14 23
14 22
13 22
13 23
12 23
13 23
12 23
12 24
13 24
14 24
13 24
13 25
13 26
13 27
12 27
12 26
13 26
14 26
14 25
14 24
13 24
13 25
13 26
14 26
14 27
13 27
12 27
11 27
10 27
10 28
10 29
9 29
9 30
8 30
8 29
9 29
9 30
8 30
9 30
10 30
11 30
11 29
11 28
10 28
9 28
9 27
8 27
9 27
9 26
8 26
8 27
9 27
10 27
11 27
10 27
9 27
9 28
10 28
10 27
10 26
10 27
10 28
10 29
10 28
11 28
11 27
11 28
10 28
11 28
12 28
13 28
14 28
15 28
16 28
15 28
15 29
14 29
14 30
14 31
13 31
13 30
12 30
12 31
11 31
12 31
13 31
14 31
14 32
15 32
14 32
13 32
13 33
12 33
12 32
12 31
12 32
12 33
13 33
14 33
13 33
13 34
13 33
13 34
13 33
13 32
13 31
13 30
14 30
13 30
13 31
14 31
13 31
12 31
13 31
13 32
13 33
12 33
13 33
14 33
14 34
13 34
13 35
14 35
14 34
13 34
12 34
12 33
11 33
12 33
11 33
12 33
11 33
10 33
11 33
11 34
11 35
11 36
12 36
11 36
11 35
11 34
12 34
12 35
12 36
12 37
13 37
12 37
13 37
14 37
14 36
15 36
14 36
13 36
13 35
13 36
13 37
12 37
11 37
10 37
10 38
9 38
9 37
8 37
8 36
9 36
8 36
8 37
8 36
9 36
10 36
9 36
9 35
8 35
8 34
8 35
8 36
7 36
7 35
8 35
8 36
9 36
8 36
9 36
9 37
8 37
8 36
7 36
7 37
7 38
6 38
5 38
4 38
4 39
4 38
5 38
5 37
6 37
6 36
6 35
6 34
5 34
4 34
4 35
4 36
4 35
3 35
3 34
2 34
2 33
2 34
2 33
3 33
3 32
4 32
3 32
4 32
5 32
5 31
6 31
6 32
6 31
6 32
7 32
7 33
7 34
8 34
8 35
7 35
8 35
9 35
9 36
10 36
9 36
8 36
8 35
9 35
9 34
9 33
9 32
8 32
9 32
8 32
8 31
7 31
7 32
8 32
8 31
9 31
9 30
9 29
10 29
10 30
9 30
10 30
10 29
10 28
10 29
10 28
11 28
10 28
10 27
9 27
9 28
9 27
8 27
7 27
7 28
8 28
9 28
8 28
7 28
6 28
7 28
6 28
6 29
5 29
5 30
4 30
4 29
3 29
3 28
4 28
3 28
4 28
5 28
5 27
6 27
6 28
7 28
7 27
6 27
5 27
4 27
3 27
3 26
3 27
4 27
4 28
4 29
3 29
4 29
3 29
2 29
2 30
2 29
2 28
2 27
