0 0
0 1
1 1
1 0
1 1
2 1
3 1
4 1
4 2
5 2
5 1
5 2
5 3
5 4
5 5
5 4
6 4
5 4
4 4
4 5
4 4
5 4
6 4
6 5
5 5
6 5
7 5
7 4
8 4
7 4
7 5
6 5
5 5
5 6
5 5
5 6
5 7
5 8
6 8
6 9
7 9
8 9
8 8
8 9
8 8
9 8
9 9
10 9
10 10
10 9
9 9
8 9
8 8
8 7
8 6
7 6
7 7
7 8
7 7
8 7
9 7
9 6
8 6
8 7
9 7
9 6
9 5
9 6
10 6
10 7
10 6
11 6
11 5
11 6
11 7
11 6
11 7
11 8
12 8
12 9
11 9
11 10
12 10
12 11
13 11
13 12
13 13
13 14
14 14
15 14
14 14
15 14
14 14
13 14
13 15
13 16
13 15
13 14
14 14
14 15
14 14
14 15
14 14
15 14
15 15
15 14
14 14
14 15
15 15
14 15
15 15
15 14
16 14
16 15
16 16
17 16
18 16
19 16
20 16
20 15
19 15
19 14
20 14
20 13
20 12
20 13
19 13
20 13
20 12
20 11
19 11
19 12
20 12
20 11
20 10
21 10
21 11
22 11
22 10
23 10
24 10
24 9
24 8
24 7
25 7
25 6
25 5
25 4
26 4
26 3
25 3
25 2
25 1
25 2
25 1
25 0
26 0
26 1
27 1
27 0
27 1
26 1
26 2
26 1
26 0
25 0
25 1
25 2
25 1
26 1
26 2
26 1
26 2
26 3
25 3
26 3
25 3
26 3
27 3
28 3
28 2
29 2
29 1
29 0
29 1
29 2
28 2
29 2
29 3
29 4
29 3
30 3
29 3
28 3
28 4
29 4
30 4
30 5
30 6
30 7
30 6
30 5
30 4
30 3
29 3
28 3
28 4
28 3
29 3
29 4
29 3
29 4
30 4
30 5
30 4
30 5
29 5
29 6
30 6
29 6
29 7
30 7
30 8
30 7
29 7
29 6
30 6
29 6
30 6
31 6
31 5
31 4
31 5
32 5
33 5
34 5
35 5
36 5
36 6
35 6
34 6
33 6
34 6
35 6
35 7
36 7
37 7
38 7
39 7
39 8
39 7
39 6
39 5
39 4
39 5
38 5
38 6
38 5
39 5
38 5
38 6
38 7
38 8
38 9
38 8
39 8
40 8
40 7
40 6
41 6
42 6
42 7
42 8
43 8
44 8
45 8
45 9
44 9
44 10
45 10
45 11
44 11
44 10
44 11
45 11
46 11
45 11
44 11
44 12
44 13
44 14
45 14
45 15
45 16
46 16
46 15
45 15
44 15
43 15
43 14
43 13
43 14
43 13
44 13
44 12
44 11
45 11
44 11
43 11
43 10
42 10
43 10
43 9
44 9
44 10
44 11
44 10
44 9
43 9
44 9
44 8
45 8
44 8
43 8
42 8
42 9
43 9
43 10
43 11
43 12
42 12
42 11
41 11
40 11
39 11
40 11
40 10
39 10
39 11
40 11
40 12
40 13
40 14
40 15
40 16
39 16
38 16
39 16
38 16
39 16
39 15
40 15
41 15
41 16
40 16
41 16
42 16
42 17
41 17
40 17
40 16
41 16
41 17
42 17
43 17
43 18
43 19
44 19
43 19
43 18
43 17
42 17
42 18
42 19
42 18
42 17
42 18
42 19
42 18
41 18
42 18
41 18
41 17
42 17
42 16
43 16
43 17
42 17
41 17
41 18
40 18
40 19
41 19
41 20
41 21
41 22
42 22
42 23
43 23
44 23
44 22
44 21
44 20
43 20
42 20
42 19
41 19
41 18
41 19
40 19
40 18
40 17
39 17
39 18
40 18
41 18
41 17
41 18
42 18
42 17
42 16
42 17
43 17
43 16
43 15
44 15
44 14
45 14
45 13
45 14
46 14
47 14
47 15
47 14
46 14
45 14
44 14
45 14
46 14
45 14
44 14
44 15
44 16
45 16
45 15
45 16
46 16
45 16
45 15
45 14
46 14
46 13
47 13
46 13
47 13
46 13
45 13
46 13
47 13
46 13
46 14
47 14
48 14
49 14
48 14
48 15
49 15
49 14
49 15
49 16
48 16
48 15
47 15
48 15
49 15
49 16
49 15
48 15
47 15
47 14
46 14
46 15
46 16
47 16
47 15
46 15
46 16
46 17
46 18
47 18
48 18
49 18
48 18
48 19
49 19
49 18
48 18
48 17
47 17
48 17
48 18
48 19
48 18
49 18
50 18
50 17
51 17
51 16
51 15
51 16
52 16
52 15
52 16
53 16
52 16
51 16
50 16
50 15
50 16
50 17
50 18
49 18
48 18
48 17
48 18
47 18
46 18
47 18
48 18
48 19
48 20
48 21
49 21
50 21
51 21
51 22
51 21
51 20
51 19
51 18
52 18
52 17
52 18
52 17
53 17
52 17
52 16
52 17
52 16
53 16
54 16
54 17
53 17
54 17
54 16
54 15
54 16
54 17
54 16
55 16
54 16
54 15
54 14
55 14
54 14
54 15
53 15
53 16
53 17
53 16
54 16
55 16
56 16
56 15
56 14
56 13
57 13
57 12
57 13
57 14
57 15
57 16
58 16
58 17
57 17
58 17
59 17
60 17
60 16
61 16
61 15
62 15
61 15
61 14
62 14
61 14
61 13
60 13
60 14
61 14
60 14
60 15
61 15
60 15
59 15
60 15
60 16
61 16
61 17
60 17
61 17
61 16
61 15
61 16
61 15
62 15
62 14
62 15
63 15
62 15
62 14
63 14
62 14
61 14
62 14
62 15
62 16
61 16
61 15
62 15
62 14
63 14
62 14
62 15
61 15
61 14
61 15
61 16
60 16
60 17
60 16
60 17
60 16
59 16
60 16
59 16
59 17
59 16
60 16
59 16
60 16
60 17
60 18
60 19
59 19
60 19
60 20
59 20
60 20
59 20
58 20
58 19
57 19
57 18
56 18
56 17
57 17
57 18
58 18
59 18
59 17
59 16
60 16
59 16
58 16
59 16
59 17
58 17
58 18
58 19
57 19
57 20
56 20
56 21
57 21
58 21
58 20
58 19
59 19
59 18
59 17
59 18
59 19
59 18
58 18
58 19
59 19
59 18
59 17
58 17
58 18
58 17
58 18
57 18
57 17
58 17
57 17
58 17
57 17
56 17
56 18
55 18
56 18
57 18
56 18
55 18
55 19
55 18
56 18
56 17
56 16
57 16
57 17
56 17
56 16
57 16
57 17
56 17
56 16
56 15
55 15
55 14
54 14
54 15
53 15
52 15
51 15
52 15
52 14
51 14
52 14
52 15
51 15
50 15
50 14
49 14
49 15
48 15
48 14
48 13
48 14
47 14
47 15
47 14
48 14
48 15
47 15
47 16
47 15
46 15
46 14
46 15
46 14
46 13
45 13
44 13
43 13
44 13
43 13
43 12
43 11
43 12
43 13
44 13
44 12
44 13
43 13
43 12
44 12
44 13
43 13
43 14
43 13
43 12
43 11
43 10
43 11
43 10
42 10
43 10
43 11
42 11
42 10
41 10
42 10
43 10
44 10
43 10
43 11
43 12
44 12
44 11
45 11
44 11
43 11
42 11
42 10
42 9
41 9
42 9
43 9
44 9
43 9
43 10
43 11
44 11
45 11
45 12
44 12
45 12
45 11
44 11
44 10
43 10
43 9
43 8
43 9
42 9
42 10
42 11
42 10
42 9
42 8
41 8
41 9
41 10
41 9
42 9
42 8
43 8
44 8
45 8
44 8
43 8
44 8
44 9
45 9
45 8
46 8
46 7
46 8
46 9
46 8
47 8
46 8
46 7
46 8
47 8
46 8
46 7
47 7
47 6
46 6
47 6
47 5
47 6
47 7
48 7
49 7
49 6
49 7
49 6
48 6
49 6
49 7
49 8
50 8
49 8
48 8
49 8
49 9
48 9
49 9
50 9
50 8
49 8
48 8
49 8
48 8
48 9
47 9
47 8
47 7
47 6
47 5
46 5
45 5
46 5
47 5
47 6
47 7
47 6
48 6
48 7
47 7
46 7
46 8
47 8
47 9
48 9
48 8
48 9
49 9
49 10
49 11
48 11
47 11
46 11
47 11
46 11
46 12
46 13
46 12
46 13
45 13
44 13
43 13
44 13
44 12
45 12
46 12
46 11
46 10
46 11
47 11
46 11
46 12
47 12
46 12
45 12
46 12
47 12
46 12
47 12
46 12
47 12
47 13
47 12
47 11
47 12
46 12
45 12
46 12
45 12
44 12
45 12
45 11
45 12
45 13
45 12
45 13
44 13
43 13
42 13
41 13
40 13
39 13
40 13
40 12
40 13
39 13
40 13
41 13
40 13
41 13
42 13
42 14
42 15
43 15
43 14
43 15
43 16
43 15
42 15
42 16
42 15
41 15
42 15
43 15
44 15
45 15
46 15
46 16
45 16
46 16
45 16
44 16
43 16
44 16
44 15
