0 0
1 0
1 1
1 2
2 2
3 2
2 2
1 2
2 2
2 1
2 0
1 0
1 1
2 1
2 0
2 1
2 2
2 1
1 1
1 2
2 2
3 2
3 3
2 3
1 3
2 3
2 2
1 2
2 2
2 1
3 1
3 0
4 0
4 1
4 2
4 3
4 2
3 2
4 2
4 3
5 3
4 3
3 3
3 2
3 1
3 2
4 2
3 2
4 2
3 2
2 2
2 3
3 3
4 3
4 4
5 4
4 4
5 4
4 4
4 5
4 4
4 3
4 4
5 4
4 4
4 5
3 5
2 5
2 6
3 6
3 5
4 5
4 6
3 6
4 6
3 6
4 6
5 6
6 6
5 6
6 6
6 5
6 6
6 5
5 5
4 5
5 5
4 5
4 4
3 4
2 4
3 4
4 4
3 4
3 5
4 5
5 5
6 5
6 6
6 7
5 7
5 8
6 8
7 8
6 8
6 7
5 7
6 7
7 7
7 8
7 9
8 9
7 9
8 9
8 8
8 9
7 9
8 9
7 9
7 10
6 10
5 10
6 10
6 11
7 11
7 12
6 12
7 12
8 12
8 13
7 13
7 12
7 13
8 13
8 14
8 15
7 15
8 15
7 15
6 15
5 15
5 16
6 16
6 15
6 16
6 15
6 14
7 14
7 15
7 14
8 14
7 14
8 14
9 14
9 15
9 14
9 13
10 13
10 14
9 14
10 14
9 14
9 15
10 15
10 16
10 17
10 16
11 16
12 16
12 17
12 16
13 16
14 16
14 17
14 18
14 17
15 17
15 18
16 18
17 18
17 17
18 17
18 18
17 18
18 18
19 18
19 19
18 19
17 19
18 19
18 20
17 20
18 20
18 21
18 20
17 20
17 19
16 19
15 19
15 20
15 21
15 20
16 20
16 19
16 20
15 20
15 19
14 19
14 20
13 20
13 21
13 20
13 21
13 22
14 22
14 23
14 22
15 22
15 21
15 22
14 22
14 23
15 23
15 24
14 24
14 25
14 26
14 25
14 24
13 24
13 25
12 25
13 25
13 24
12 24
12 25
13 25
13 26
13 27
13 26
13 25
14 25
14 24
15 24
15 23
14 23
14 24
15 24
15 23
14 23
14 24
14 25
15 25
15 26
14 26
15 26
16 26
16 27
17 27
18 27
17 27
18 27
19 27
19 28
20 28
21 28
21 27
22 27
22 26
23 26
22 26
22 25
22 24
22 23
23 23
23 22
23 21
23 22
23 23
23 24
23 25
24 25
24 26
23 26
23 27
23 26
23 27
23 26
24 26
24 25
24 24
23 24
22 24
23 24
24 24
25 24
26 24
26 23
26 24
26 25
25 25
24 25
23 25
24 25
24 24
24 23
25 23
24 23
23 23
23 22
23 23
23 22
24 22
24 23
24 24
24 25
24 24
24 23
25 23
25 24
25 23
26 23
26 22
25 22
24 22
24 21
24 20
23 20
22 20
22 21
22 22
21 22
21 23
21 24
22 24
22 25
23 25
22 25
23 25
22 25
22 26
22 27
22 28
23 28
23 29
23 30
24 30
24 29
25 29
25 28
24 28
25 28
25 27
24 27
25 27
25 26
26 26
26 27
25 27
24 27
24 28
24 29
25 29
25 30
25 31
26 31
25 31
25 32
26 32
26 31
27 31
26 31
26 30
27 30
26 30
27 30
28 30
27 30
27 29
28 29
29 29
29 30
28 30
28 29
28 28
27 28
27 29
26 29
25 29
24 29
24 28
25 28
25 29
26 29
27 29
26 29
26 28
27 28
26 28
26 29
26 30
26 31
27 31
27 30
27 29
28 29
28 30
29 30
29 31
29 32
28 32
28 31
27 31
27 32
27 31
27 32
27 33
27 34
27 33
26 33
26 34
26 35
27 35
27 34
26 34
26 33
26 34
26 33
26 34
25 34
26 34
26 35
25 35
26 35
26 34
26 33
27 33
28 33
27 33
27 34
26 34
27 34
27 35
27 36
27 37
27 38
26 38
26 37
26 36
26 37
27 37
28 37
27 37
26 37
27 37
27 38
26 38
26 37
27 37
26 37
27 37
27 38
27 39
27 40
27 41
28 41
28 40
28 39
27 39
27 38
28 38
28 37
28 36
28 35
27 35
28 35
28 34
28 35
29 35
29 36
29 37
29 38
28 38
29 38
29 39
29 38
29 37
29 36
28 36
27 36
28 36
29 36
29 35
29 34
29 35
28 35
28 36
28 35
27 35
28 35
28 36
28 35
29 35
28 35
27 35
27 36
28 36
28 37
29 37
30 37
31 37
31 38
31 39
30 39
30 40
30 41
30 40
30 39
30 40
29 40
29 41
29 40
28 40
29 40
30 40
30 39
30 40
30 39
30 40
30 39
30 38
31 38
30 38
30 37
31 37
30 37
31 37
32 37
32 36
32 35
32 34
33 34
33 35
33 36
34 36
35 36
35 35
35 34
36 34
36 35
36 36
36 37
36 36
36 37
37 37
37 38
37 37
37 36
37 35
36 35
36 36
35 36
36 36
35 36
35 35
35 34
34 34
34 33
35 33
34 33
33 33
34 33
34 32
34 33
33 33
33 32
33 33
33 32
33 31
33 30
33 31
32 31
31 31
30 31
30 30
30 31
29 31
29 32
28 32
27 32
27 31
28 31
28 30
27 30
27 31
27 30
27 29
27 28
26 28
26 27
27 27
28 27
27 27
26 27
26 26
26 25
25 25
25 24
25 25
26 25
27 25
27 26
27 27
28 27
27 27
26 27
26 26
26 25
26 24
27 24
26 24
26 25
26 24
25 24
25 25
26 25
27 25
28 25
29 25
30 25
29 25
30 25
30 24
30 23
29 23
28 23
27 23
27 24
27 25
27 26
26 26
27 26
27 27
26 27
27 27
28 27
29 27
29 28
29 27
28 27
27 27
26 27
27 27
27 26
28 26
28 25
28 24
29 24
29 23
28 23
27 23
27 24
27 23
27 22
26 22
26 21
27 21
26 21
27 21
26 21
27 21
28 21
29 21
28 21
27 21
26 21
27 21
26 21
26 20
27 20
26 20
26 21
27 21
27 22
26 22
27 22
26 22
27 22
26 22
26 23
26 22
25 22
26 22
26 23
26 22
25 22
25 21
26 21
26 20
26 21
26 20
27 20
28 20
29 20
28 20
28 19
27 19
28 19
28 18
27 18
28 18
27 18
28 18
27 18
28 18
28 19
28 18
28 19
28 18
29 18
30 18
29 18
28 18
28 17
28 16
28 17
28 18
28 19
27 19
27 18
27 19
26 19
27 19
28 19
28 20
28 19
28 18
29 18
29 17
30 17
30 18
30 19
30 20
29 20
30 20
30 21
31 21
31 22
31 23
32 23
31 23
32 23
32 22
31 22
30 22
30 21
30 20
31 20
30 20
30 19
29 19
30 19
29 19
30 19
31 19
30 19
29 19
28 19
27 19
28 19
28 18
28 17
28 16
27 16
27 15
27 16
27 17
27 18
28 18
29 18
28 18
28 17
27 17
26 17
25 17
26 17
26 18
26 19
26 18
26 19
26 20
26 19
27 19
27 18
27 19
26 19
26 20
27 20
28 20
27 20
28 20
28 19
28 18
27 18
27 17
26 17
26 16
27 16
27 15
26 15
26 16
25 16
25 15
26 15
26 16
26 15
25 15
24 15
23 15
22 15
22 16
22 15
23 15
23 16
24 16
24 17
24 16
23 16
23 17
22 17
21 17
21 18
22 18
22 17
23 17
23 18
23 17
22 17
22 16
23 16
23 15
24 15
25 15
24 15
24 16
23 16
23 17
23 16
23 15
23 14
23 13
22 13
22 12
22 13
23 13
23 12
22 12
21 12
21 11
21 10
22 10
21 10
20 10
20 9
21 9
21 10
20 10
20 9
20 10
19 10
20 10
20 9
20 8
21 8
21 7
20 7
20 8
20 9
21 9
22 9
22 10
22 11
22 12
22 13
23 13
22 13
21 13
20 13
19 13
20 13
19 13
20 13
20 12
20 13
20 14
20 13
21 13
22 13
21 13
22 13
23 13
24 13
24 14
24 13
25 13
25 12
26 12
27 12
26 12
26 11
25 11
26 11
26 10
26 11
27 11
28 11
28 10
28 9
29 9
29 8
29 9
29 10
30 10
30 11
30 10
29 10
29 9
28 9
28 8
28 7
28 6
29 6
29 7
30 7
30 6
30 5
29 5
29 6
29 7
28 7
28 6
28 5
28 6
28 5
29 5
29 4
30 4
30 5
29 5
29 4
30 4
31 4
32 4
31 4
32 4
32 5
31 5
31 6
31 5
30 5
30 6
31 6
31 7
30 7
29 7
30 7
29 7
30 7
30 8
31 8
31 7
31 6
30 6
31 6
32 6
32 5
31 5
31 4
31 3
32 3
32 4
33 4
32 4
32 5
31 5
31 4
32 4
31 4
32 4
32 3
33 3
32 3
32 2
31 2
31 3
31 2
32 2
32 3
32 2
32 3
