0 0
1 0
0 0
1 0
0 0
1 0
1 1
1 2
2 2
1 2
2 2
3 2
3 1
4 1
3 1
3 2
3 1
3 0
2 0
2 1
3 1
3 0
3 1
4 1
4 2
5 2
4 2
5 2
6 2
7 2
7 1
7 2
6 2
6 3
6 4
6 5
5 5
5 6
6 6
7 6
7 5
7 6
7 5
6 5
6 4
5 4
4 4
3 4
2 4
3 4
2 4
2 5
2 4
2 3
3 3
4 3
4 4
4 5
4 6
5 6
4 6
3 6
3 7
3 6
4 6
4 5
4 4
4 3
4 4
4 3
4 4
4 3
3 3
3 2
2 2
2 3
2 2
2 3
3 3
3 2
2 2
2 3
1 3
0 3
1 3
1 4
1 3
1 2
1 1
2 1
3 1
4 1
4 0
4 1
4 0
3 0
4 0
3 0
4 0
4 1
3 1
3 2
2 2
3 2
3 3
3 2
3 3
3 4
2 4
3 4
4 4
4 5
4 4
5 4
6 4
5 4
5 5
5 4
4 4
4 3
4 2
3 2
4 2
5 2
5 3
5 4
4 4
4 3
5 3
6 3
6 4
7 4
7 3
6 3
6 2
6 1
6 0
7 0
7 1
6 1
6 0
6 1
5 1
6 1
7 1
7 2
8 2
7 2
7 3
8 3
8 4
9 4
9 3
8 3
7 3
8 3
7 3
7 2
6 2
7 2
7 3
8 3
8 4
7 4
7 3
8 3
9 3
9 4
10 4
10 3
9 3
8 3
9 3
9 4
9 3
9 4
8 4
8 3
7 3
7 2
7 1
8 1
9 1
9 2
8 2
7 2
6 2
5 2
4 2
3 2
2 2
3 2
3 1
3 2
3 3
4 3
3 3
2 3
2 2
2 3
3 3
4 3
3 3
2 3
1 3
1 2
1 1
2 1
2 2
3 2
2 2
3 2
3 3
2 3
2 4
2 3
1 3
2 3
2 2
2 3
1 3
0 3
1 3
0 3
1 3
1 2
0 2
1 2
2 2
3 2
3 1
4 1
5 1
4 1
4 2
4 1
5 1
6 1
6 2
5 2
6 2
5 2
5 1
5 0
5 1
5 2
4 2
5 2
5 3
5 2
4 2
4 1
4 2
5 2
4 2
4 1
3 1
4 1
4 2
3 2
3 1
3 2
3 3
4 3
5 3
6 3
7 3
6 3
5 3
6 3
6 2
6 1
5 1
5 2
4 2
5 2
6 2
5 2
4 2
4 3
3 3
4 3
4 4
5 4
6 4
7 4
7 3
6 3
6 4
6 5
7 5
7 4
7 3
7 4
8 4
7 4
6 4
6 3
5 3
6 3
6 2
6 3
6 4
6 3
5 3
4 3
3 3
3 4
2 4
3 4
3 5
3 6
4 6
5 6
5 7
5 8
5 7
4 7
5 7
6 7
6 8
6 9
5 9
5 10
6 10
6 9
6 8
7 8
6 8
7 8
8 8
7 8
7 9
7 10
7 9
7 10
8 10
9 10
9 11
9 12
8 12
8 11
8 10
9 10
10 10
10 11
10 12
10 13
10 12
10 11
11 11
11 10
11 11
10 11
10 10
9 10
8 10
9 10
8 10
7 10
6 10
6 9
6 10
5 10
5 11
5 10
6 10
6 11
7 11
7 10
7 11
6 11
7 11
8 11
8 10
8 9
8 10
9 10
8 10
8 11
9 11
10 11
9 11
9 10
9 11
9 12
9 13
9 12
9 11
9 12
10 12
10 11
11 11
12 11
13 11
14 11
14 10
13 10
13 9
14 9
13 9
13 8
13 9
12 9
11 9
11 8
11 7
11 8
10 8
10 9
11 9
11 10
11 11
11 12
11 11
10 11
11 11
12 11
12 12
12 13
13 13
13 14
12 14
12 15
12 16
11 16
10 16
9 16
9 17
10 17
10 18
9 18
10 18
10 19
11 19
11 20
11 19
10 19
10 20
10 19
10 20
9 20
8 20
7 20
8 20
7 20
7 21
8 21
9 21
10 21
9 21
8 21
8 22
8 21
9 21
9 20
10 20
10 19
9 19
10 19
10 20
9 20
9 19
9 20
9 21
9 20
8 20
8 21
9 21
9 20
8 20
8 19
7 19
7 20
7 21
6 21
7 21
8 21
8 22
9 22
8 22
8 21
8 22
8 21
9 21
8 21
8 22
9 22
9 23
8 23
9 23
10 23
11 23
10 23
11 23
12 23
13 23
13 24
13 23
13 24
13 25
12 25
12 26
12 27
13 27
12 27
12 28
12 27
13 27
12 27
11 27
11 28
12 28
12 29
13 29
14 29
14 28
13 28
13 27
13 26
13 27
12 27
12 28
12 27
11 27
11 28
11 27
10 27
10 28
11 28
10 28
10 27
10 26
10 27
10 28
10 29
9 29
10 29
10 28
10 29
10 28
10 27
10 26
10 25
9 25
9 26
10 26
11 26
12 26
12 27
12 28
13 28
13 27
13 28
12 28
12 29
11 29
10 29
9 29
9 28
9 29
10 29
11 29
11 30
11 31
12 31
12 32
12 31
11 31
12 31
12 30
12 31
12 30
13 30
13 29
12 29
11 29
12 29
12 30
12 29
11 29
11 28
11 27
12 27
12 26
12 27
12 28
13 28
14 28
14 29
14 28
14 29
14 30
13 30
13 31
13 32
12 32
12 31
11 31
11 30
11 31
12 31
12 30
12 29
11 29
12 29
12 30
13 30
12 30
11 30
12 30
13 30
13 29
13 28
14 28
13 28
14 28
14 27
14 26
15 26
14 26
14 25
14 24
14 25
13 25
14 25
14 24
14 23
14 22
13 22
13 23
14 23
13 23
14 23
15 23
15 22
16 22
17 22
18 22
18 21
19 21
19 22
19 23
19 24
20 24
21 24
20 24
20 23
19 23
20 23
21 23
22 23
21 23
21 22
21 23
21 22
21 21
21 20
21 19
22 19
22 18
22 17
22 18
22 17
22 18
22 17
21 17
20 17
20 18
20 19
20 18
21 18
21 19
20 19
20 20
20 21
21 21
22 21
23 21
23 22
23 21
23 20
24 20
24 21
24 20
23 20
23 21
24 21
24 20
23 20
22 20
22 19
23 19
24 19
24 20
24 21
24 20
24 21
25 21
26 21
26 22
26 21
27 21
28 21
28 20
28 19
28 18
28 19
29 19
29 20
28 20
27 20
26 20
26 19
26 20
25 20
25 21
26 21
27 21
27 20
27 19
28 19
29 19
28 19
29 19
29 18
28 18
27 18
27 19
28 19
29 19
30 19
30 20
30 21
30 22
31 22
31 23
32 23
31 23
31 24
30 24
29 24
28 24
29 24
29 23
29 24
29 25
29 26
29 27
28 27
28 26
29 26
30 26
30 25
30 26
30 25
29 25
29 24
28 24
27 24
27 23
28 23
29 23
29 24
28 24
28 25
29 25
29 24
29 23
28 23
28 24
28 25
28 26
29 26
30 26
31 26
31 25
30 25
30 26
30 25
30 24
31 24
31 25
30 25
29 25
30 25
31 25
31 24
32 24
31 24
31 25
32 25
32 26
32 25
31 25
31 26
30 26
31 26
32 26
32 27
32 28
33 28
33 27
32 27
31 27
30 27
31 27
31 28
32 28
32 29
32 30
32 29
31 29
30 29
30 28
30 27
30 26
30 27
31 27
31 28
31 27
31 28
32 28
32 27
33 27
34 27
34 26
34 27
34 26
34 25
33 25
33 24
33 25
34 25
34 26
35 26
34 26
34 25
34 26
33 26
33 27
34 27
34 28
35 28
35 29
35 30
35 29
35 30
34 30
33 30
32 30
32 31
31 31
31 32
31 31
30 31
30 30
31 30
30 30
30 31
29 31
29 30
28 30
28 31
28 32
29 32
30 32
31 32
31 31
31 30
32 30
32 29
33 29
33 28
33 27
32 27
33 27
33 28
32 28
31 28
30 28
30 29
31 29
31 30
31 29
32 29
32 30
32 29
33 29
32 29
32 30
31 30
30 30
29 30
28 30
27 30
27 29
27 30
26 30
26 29
26 30
27 30
27 31
27 32
28 32
28 33
27 33
26 33
26 34
26 35
26 36
25 36
24 36
23 36
24 36
23 36
22 36
22 35
22 34
23 34
23 33
22 33
22 32
22 31
23 31
23 30
22 30
22 29
22 30
22 29
23 29
24 29
23 29
24 29
24 30
25 30
25 29
25 28
25 27
26 27
25 27
25 28
25 27
25 28
24 28
25 28
25 29
24 29
25 29
26 29
27 29
27 28
27 29
28 29
28 30
27 30
27 31
26 31
26 30
27 30
27 31
27 30
28 30
28 29
27 29
27 30
26 30
27 30
28 30
28 31
29 31
28 31
27 31
27 32
26 32
26 33
26 34
26 33
25 33
26 33
25 33
25 32
25 31
24 31
24 30
25 30
24 30
23 30
23 29
24 29
24 28
23 28
23 27
23 28
23 27
23 26
23 25
23 24
24 24
23 24
