0 0
1 0
0 0
1 0
0 0
0 1
0 2
0 3
1 3
0 3
0 4
1 4
0 4
1 4
1 5
0 5
1 5
0 5
0 6
0 7
0 8
0 7
0 8
1 8
0 8
1 8
0 8
1 8
0 8
0 9
0 10
1 10
2 10
3 10
3 11
3 10
2 10
1 10
1 9
2 9
3 9
2 9
3 9
3 10
4 10
4 9
4 10
4 9
4 8
3 8
4 8
5 8
4 8
4 9
4 10
4 11
4 12
5 12
5 11
6 11
5 11
4 11
4 10
5 10
6 10
6 11
6 12
5 12
5 13
5 12
5 11
5 12
4 12
5 12
5 11
5 12
5 13
5 12
5 11
5 12
5 11
6 11
6 10
7 10
6 10
6 11
5 11
6 11
6 12
6 11
5 11
6 11
6 10
6 11
5 11
5 10
5 11
5 10
6 10
7 10
7 9
8 9
7 9
7 8
7 7
8 7
7 7
8 7
7 7
8 7
8 6
8 7
7 7
7 8
7 9
7 10
7 11
7 10
7 9
7 10
8 10
9 10
10 10
10 11
9 11
10 11
10 10
11 10
11 9
11 10
10 10
9 10
10 10
10 9
9 9
9 8
8 8
8 7
7 7
6 7
6 6
6 7
6 8
6 7
6 6
5 6
5 7
4 7
4 6
4 7
4 6
4 5
4 6
3 6
3 7
3 6
4 6
4 5
3 5
3 6
4 6
3 6
3 5
3 4
2 4
3 4
3 5
2 5
3 5
4 5
3 5
2 5
2 4
2 5
2 6
2 5
3 5
3 4
3 5
3 4
3 3
4 3
5 3
6 3
6 4
6 3
6 4
6 3
6 4
5 4
6 4
5 4
5 3
6 3
6 2
6 3
6 4
6 3
6 4
6 3
6 2
5 2
6 2
6 1
5 1
5 2
6 2
6 1
7 1
6 1
6 0
6 1
7 1
7 2
6 2
6 1
6 0
6 1
6 2
6 3
7 3
7 2
6 2
7 2
6 2
7 2
6 2
6 3
6 4
6 5
5 5
5 4
4 4
3 4
3 5
3 6
3 7
3 6
4 6
5 6
5 5
5 4
6 4
6 3
6 2
7 2
7 3
7 2
7 1
7 0
8 0
8 1
9 1
8 1
7 1
8 1
7 1
7 2
8 2
9 2
9 1
10 1
10 2
10 3
10 2
9 2
9 1
8 1
8 2
8 1
8 2
9 2
8 2
8 3
8 2
8 3
8 4
8 3
7 3
8 3
8 2
8 1
8 2
7 2
7 1
6 1
6 2
6 1
6 2
6 3
5 3
5 2
6 2
5 2
4 2
5 2
5 3
5 4
5 5
6 5
5 5
6 5
5 5
6 5
6 4
6 5
6 6
7 6
7 7
7 8
7 7
7 8
8 8
8 9
7 9
7 8
6 8
6 7
6 6
6 7
6 6
7 6
8 6
9 6
9 7
9 8
9 9
10 9
11 9
11 8
10 8
9 8
10 8
11 8
12 8
11 8
11 9
12 9
12 8
12 7
13 7
12 7
11 7
11 8
11 7
11 6
11 5
11 6
11 7
10 7
10 8
11 8
12 8
11 8
11 9
11 8
10 8
11 8
12 8
11 8
12 8
12 9
12 10
11 10
10 10
10 9
11 9
11 10
11 9
12 9
11 9
10 9
9 9
8 9
8 8
9 8
10 8
11 8
10 8
11 8
11 9
11 10
11 9
11 10
12 10
11 10
11 9
10 9
11 9
12 9
12 8
12 7
12 6
12 7
12 8
11 8
11 9
10 9
9 9
10 9
10 8
11 8
10 8
9 8
8 8
7 8
7 7
6 7
6 8
7 8
7 7
6 7
6 8
5 8
5 7
4 7
3 7
3 6
3 5
4 5
5 5
5 4
5 3
4 3
4 2
4 3
4 4
5 4
4 4
5 4
4 4
4 5
4 6
3 6
2 6
1 6
2 6
1 6
2 6
2 7
1 7
0 7
1 7
1 8
0 8
1 8
1 9
1 10
2 10
2 11
3 11
3 12
3 13
4 13
4 14
5 14
6 14
5 14
5 13
5 14
5 15
5 14
4 14
3 14
2 14
1 14
2 14
1 14
1 13
2 13
1 13
1 14
1 13
1 14
0 14
1 14
2 14
1 14
1 15
1 16
1 17
1 16
0 16
0 17
0 16
0 17
0 18
1 18
1 19
1 20
0 20
1 20
2 20
3 20
2 20
2 19
3 19
3 20
3 21
3 22
3 23
4 23
3 23
3 24
2 24
2 25
2 24
1 24
1 25
1 26
1 25
2 25
1 25
0 25
0 24
0 25
0 26
1 26
0 26
0 25
1 25
1 24
0 24
1 24
1 23
1 22
2 22
3 22
3 23
2 23
3 23
2 23
2 24
2 23
2 22
2 21
1 21
2 21
2 20
1 20
1 21
2 21
2 22
3 22
3 21
3 22
4 22
5 22
4 22
3 22
4 22
4 23
5 23
6 23
6 24
7 24
6 24
7 24
8 24
9 24
8 24
8 25
8 24
7 24
7 23
8 23
8 24
7 24
7 25
8 25
9 25
8 25
8 24
8 23
8 24
8 25
7 25
6 25
7 25
7 24
8 24
8 23
8 24
8 23
7 23
6 23
6 22
5 22
5 21
5 22
6 22
7 22
8 22
7 22
7 23
8 23
8 24
8 23
8 22
8 21
8 20
8 21
9 21
10 21
10 20
11 20
11 21
10 21
10 22
10 21
10 22
11 22
10 22
10 23
10 24
9 24
9 23
10 23
10 24
10 23
10 22
10 21
9 21
9 20
8 20
7 20
7 19
8 19
8 18
9 18
8 18
8 17
9 17
10 17
9 17
9 18
8 18
8 17
8 18
7 18
7 17
8 17
9 17
8 17
8 16
9 16
9 17
9 18
9 17
8 17
8 16
9 16
8 16
9 16
10 16
10 17
11 17
11 18
11 19
10 19
11 19
11 20
11 19
11 20
11 19
12 19
13 19
12 19
11 19
10 19
10 18
10 19
10 18
10 19
10 20
9 20
9 21
9 20
10 20
11 20
11 21
12 21
12 20
12 21
11 21
12 21
12 22
12 23
12 24
12 23
13 23
14 23
14 24
13 24
12 24
11 24
10 24
9 24
10 24
10 23
11 23
11 24
11 25
12 25
12 26
13 26
12 26
11 26
12 26
13 26
14 26
13 26
13 25
13 24
12 24
12 23
12 24
12 23
13 23
13 22
14 22
14 21
14 22
13 22
12 22
12 23
11 23
12 23
12 24
12 23
12 22
12 21
12 20
12 19
12 20
12 21
12 22
12 23
12 24
12 23
13 23
14 23
13 23
12 23
11 23
12 23
11 23
12 23
12 24
11 24
11 25
11 24
11 25
12 25
13 25
13 26
12 26
12 27
13 27
14 27
14 28
14 27
15 27
14 27
14 28
15 28
15 29
15 30
14 30
14 31
14 32
14 31
14 32
13 32
13 31
13 32
14 32
14 31
13 31
14 31
15 31
16 31
16 32
16 33
15 33
15 32
16 32
17 32
17 31
16 31
16 32
16 33
17 33
17 34
18 34
18 33
18 34
19 34
19 33
18 33
18 34
18 35
17 35
17 34
17 35
17 34
17 35
16 35
16 36
15 36
15 37
16 37
17 37
16 37
17 37
18 37
19 37
20 37
19 37
18 37
18 36
18 35
18 34
18 33
18 32
18 33
18 34
19 34
20 34
20 33
21 33
21 32
20 32
21 32
21 33
21 34
21 33
21 34
21 33
21 32
21 31
22 31
21 31
22 31
21 31
21 32
20 32
19 32
20 32
20 33
21 33
22 33
23 33
23 34
22 34
23 34
24 34
23 34
24 34
24 33
24 32
25 32
25 31
24 31
24 32
24 31
24 30
24 29
24 28
24 29
23 29
24 29
24 28
24 27
23 27
24 27
25 27
26 27
25 27
24 27
24 26
25 26
26 26
25 26
25 27
25 26
25 27
26 27
25 27
25 28
25 29
26 29
27 29
27 28
27 29
27 28
28 28
27 28
27 29
26 29
26 28
27 28
27 29
28 29
27 29
27 28
27 29
28 29
28 30
28 29
27 29
26 29
26 30
25 30
26 30
27 30
28 30
28 31
28 30
27 30
26 30
25 30
25 31
25 32
24 32
25 32
25 31
24 31
24 32
23 32
24 32
23 32
23 33
24 33
24 32
23 32
23 33
24 33
25 33
24 33
24 32
25 32
26 32
26 31
26 30
27 30
27 29
28 29
28 30
29 30
30 30
30 31
31 31
30 31
30 30
30 31
31 31
31 30
31 31
31 30
31 31
32 31
32 32
33 32
34 32
34 33
34 34
34 33
34 34
34 35
34 34
35 34
35 35
34 35
35 35
36 35
35 35
35 36
35 37
36 37
36 36
35 36
35 37
36 37
37 37
36 37
35 37
34 37
34 38
33 38
32 38
32 39
31 39
30 39
29 39
29 38
28 38
28 37
28 38
27 38
