0 0
0 1
0 2
1 2
2 2
3 2
2 2
2 1
2 2
2 1
2 2
1 2
1 3
1 4
1 3
2 3
2 4
2 5
3 5
4 5
3 5
3 6
4 6
3 6
3 7
4 7
5 7
4 7
3 7
2 7
2 8
2 7
1 7
1 8
2 8
2 7
1 7
1 6
2 6
2 7
3 7
3 8
3 7
3 8
2 8
2 9
2 8
2 9
2 8
2 9
2 10
3 10
3 11
2 11
1 11
2 11
2 12
2 11
2 12
1 12
1 11
1 10
1 9
0 9
1 9
0 9
0 10
1 10
1 11
1 12
0 12
0 11
0 12
0 13
0 14
1 14
1 13
0 13
0 12
0 11
0 10
0 11
1 11
2 11
1 11
0 11
0 12
1 12
1 11
1 12
1 13
0 13
0 12
1 12
2 12
2 13
1 13
0 13
0 12
0 13
0 14
0 13
0 12
0 11
1 11
1 10
0 10
0 9
0 10
1 10
1 11
2 11
1 11
1 10
2 10
2 9
2 8
3 8
3 9
4 9
4 8
4 7
3 7
3 8
4 8
3 8
3 7
2 7
2 8
2 7
1 7
1 6
0 6
0 7
1 7
0 7
0 6
0 7
0 6
0 7
0 8
1 8
0 8
0 7
1 7
1 8
1 9
1 8
1 9
1 10
0 10
1 10
2 10
2 11
3 11
2 11
2 10
1 10
2 10
1 10
0 10
0 9
0 10
0 11
0 10
1 10
1 9
2 9
2 10
1 10
1 9
1 8
1 9
0 9
1 9
0 9
0 10
1 10
0 10
0 9
0 8
1 8
2 8
1 8
2 8
3 8
3 7
4 7
5 7
5 8
6 8
5 8
5 9
4 9
4 10
4 11
3 11
4 11
4 10
3 10
2 10
2 9
2 10
2 11
2 12
1 12
2 12
2 13
2 14
2 13
2 14
1 14
1 13
1 14
0 14
1 14
1 13
1 12
1 13
0 13
1 13
2 13
2 12
1 12
0 12
1 12
2 12
2 11
2 12
2 11
2 10
3 10
3 11
4 11
4 10
5 10
5 11
5 12
5 13
5 12
4 12
4 11
3 11
2 11
3 11
3 10
4 10
5 10
4 10
5 10
4 10
3 10
3 9
3 8
2 8
2 7
3 7
3 8
4 8
4 7
5 7
4 7
4 6
4 7
3 7
3 6
2 6
2 7
1 7
1 6
0 6
0 5
1 5
1 6
1 5
0 5
0 6
1 6
2 6
2 7
1 7
0 7
1 7
0 7
0 8
1 8
1 9
1 8
1 9
2 9
3 9
3 10
3 9
2 9
2 10
2 9
2 10
3 10
3 11
3 12
4 12
4 13
4 12
3 12
3 13
2 13
2 12
2 11
3 11
3 12
2 12
2 13
2 14
2 13
2 14
2 15
2 14
1 14
2 14
3 14
4 14
4 15
3 15
4 15
4 16
4 17
5 17
6 17
6 18
5 18
6 18
6 17
7 17
8 17
8 18
9 18
8 18
9 18
10 18
10 19
11 19
11 20
10 20
9 20
9 19
10 19
11 19
10 19
11 19
11 20
12 20
12 21
12 20
11 20
11 21
10 21
10 20
10 21
10 20
11 20
10 20
10 19
9 19
8 19
8 20
8 21
8 20
8 21
8 20
9 20
9 21
9 22
9 21
9 20
10 20
11 20
10 20
10 19
10 20
11 20
11 19
11 20
11 19
10 19
9 19
9 18
8 18
8 19
7 19
7 18
7 19
6 19
6 20
6 19
6 20
5 20
5 21
5 22
5 21
5 20
5 21
5 20
5 21
5 20
5 19
6 19
6 18
7 18
6 18
6 19
6 18
5 18
4 18
5 18
4 18
3 18
2 18
1 18
1 17
2 17
1 17
1 18
1 19
2 19
3 19
2 19
1 19
0 19
0 18
1 18
1 17
0 17
1 17
1 16
1 17
2 17
2 18
2 19
2 20
3 20
3 21
4 21
5 21
6 21
7 21
6 21
6 22
6 21
6 22
7 22
6 22
7 22
7 21
7 20
7 21
8 21
7 21
8 21
8 22
7 22
7 23
8 23
9 23
10 23
10 22
10 23
11 23
11 22
12 22
12 21
11 21
12 21
12 22
13 22
14 22
14 21
14 20
14 19
15 19
16 19
16 18
15 18
15 19
15 18
15 19
14 19
14 18
13 18
13 17
12 17
13 17
13 18
13 19
12 19
11 19
11 20
11 21
11 22
11 21
12 21
13 21
13 22
14 22
13 22
14 22
14 23
13 23
13 22
12 22
12 21
12 22
13 22
14 22
15 22
14 22
15 22
15 23
14 23
14 22
13 22
13 23
12 23
13 23
12 23
12 22
12 23
12 24
13 24
12 24
11 24
11 23
10 23
10 24
9 24
9 25
9 26
9 27
9 28
9 29
9 28
9 27
9 28
9 29
9 30
8 30
8 31
9 31
8 31
8 30
8 31
9 31
9 32
9 33
9 32
9 33
8 33
8 34
8 35
7 35
8 35
8 36
9 36
10 36
9 36
9 35
10 35
11 35
11 36
12 36
12 37
11 37
11 36
11 35
10 35
10 34
10 35
9 35
9 36
9 37
9 36
8 36
8 37
8 36
9 36
9 37
9 36
10 36
10 35
10 34
10 33
10 34
10 33
11 33
10 33
10 34
10 33
9 33
9 32
9 33
9 32
9 33
8 33
7 33
8 33
9 33
9 32
10 32
10 33
11 33
11 34
11 35
12 35
12 36
11 36
12 36
11 36
12 36
12 37
12 36
13 36
12 36
12 37
11 37
11 36
10 36
9 36
8 36
9 36
10 36
9 36
10 36
9 36
9 35
9 36
9 37
9 38
10 38
10 39
10 40
10 39
11 39
10 39
10 40
10 41
10 40
9 40
10 40
10 41
10 40
11 40
12 40
12 41
12 40
13 40
12 40
11 40
10 40
11 40
11 39
11 38
11 37
11 38
10 38
11 38
12 38
12 39
12 38
12 37
13 37
13 36
13 35
12 35
12 34
13 34
13 35
12 35
12 36
11 36
10 36
10 35
9 35
8 35
8 36
8 35
9 35
8 35
7 35
8 35
7 35
7 36
8 36
8 35
8 36
9 36
10 36
10 35
9 35
9 34
9 33
10 33
9 33
8 33
7 33
7 32
6 32
7 32
6 32
6 31
5 31
6 31
6 30
7 30
7 29
7 28
8 28
8 29
7 29
6 29
5 29
5 30
4 30
4 29
4 28
3 28
3 29
3 30
3 31
2 31
3 31
2 31
1 31
1 32
1 33
1 34
2 34
2 35
2 34
2 35
2 36
3 36
4 36
5 36
5 37
4 37
5 37
4 37
4 36
5 36
6 36
6 37
5 37
4 37
5 37
4 37
4 36
4 35
5 35
6 35
6 34
5 34
5 33
5 34
6 34
6 33
6 34
6 35
5 35
4 35
4 34
4 33
5 33
6 33
6 34
6 33
6 32
6 31
6 32
6 31
6 32
7 32
7 33
8 33
9 33
9 32
9 31
10 31
11 31
10 31
10 30
9 30
9 31
9 32
10 32
11 32
11 31
11 30
11 29
11 28
12 28
11 28
11 29
12 29
13 29
13 30
12 30
12 29
12 28
13 28
13 29
13 28
13 29
13 28
14 28
15 28
15 29
15 28
15 29
15 30
16 30
16 31
16 30
15 30
15 31
14 31
15 31
14 31
14 30
14 29
13 29
13 28
14 28
15 28
16 28
16 27
17 27
17 26
18 26
17 26
17 25
16 25
16 26
16 27
16 28
17 28
17 29
16 29
16 30
16 31
16 30
16 29
15 29
14 29
14 30
14 31
14 32
14 31
14 32
14 33
14 32
15 32
15 33
16 33
15 33
15 34
15 35
15 34
15 33
15 34
15 33
15 32
15 33
15 32
15 31
15 32
14 32
13 32
14 32
13 32
13 33
12 33
13 33
13 32
13 31
13 30
13 31
14 31
14 32
14 31
15 31
15 32
14 32
14 33
14 32
15 32
15 31
15 30
14 30
15 30
14 30
13 30
12 30
12 29
12 30
13 30
12 30
13 30
13 29
13 28
13 27
12 27
12 28
13 28
13 27
12 27
12 28
12 27
12 26
13 26
14 26
14 25
14 24
15 24
15 23
16 23
15 23
14 23
14 22
13 22
13 21
12 21
13 21
12 21
12 22
11 22
12 22
13 22
13 23
12 23
12 22
12 21
12 20
11 20
12 20
11 20
10 20
11 20
11 19
11 20
12 20
11 20
11 19
11 18
11 17
12 17
13 17
12 17
12 16
12 17
13 17
13 18
14 18
14 17
15 17
16 17
15 17
15 18
16 18
15 18
15 17
14 17
14 18
15 18
16 18
15 18
16 18
15 18
14 18
14 17
13 17
13 16
13 15
14 15
15 15
16 15
16 14
16 13
16 14
15 14
15 15
16 15
15 15
16 15
16 16
15 16
14 16
13 16
13 15
12 15
13 15
12 15
