0 0
1 0
1 1
1 2
1 3
1 2
1 1
1 2
1 1
2 1
3 1
3 2
4 2
3 2
4 2
3 2
2 2
2 1
3 1
2 1
2 2
2 1
1 1
1 0
0 0
1 0
1 1
1 2
2 2
2 3
3 3
3 2
4 2
3 2
4 2
4 1
4 2
4 1
4 2
5 2
6 2
6 1
5 1
6 1
7 1
7 0
8 0
8 1
7 1
6 1
5 1
4 1
4 0
5 0
6 0
7 0
6 0
6 1
7 1
6 1
6 2
7 2
8 2
7 2
7 1
8 1
7 1
7 0
8 0
8 1
9 1
9 0
9 1
10 1
9 1
8 1
7 1
8 1
8 0
9 0
10 0
10 1
11 1
10 1
10 0
10 1
9 1
10 1
11 1
12 1
13 1
12 1
13 1
13 2
13 3
13 4
13 3
13 4
13 5
14 5
14 6
15 6
16 6
17 6
16 6
16 7
16 6
15 6
16 6
16 5
16 4
16 5
16 6
15 6
16 6
17 6
17 5
17 6
18 6
19 6
20 6
19 6
19 5
20 5
20 4
19 4
18 4
17 4
16 4
15 4
15 3
15 4
16 4
15 4
14 4
15 4
15 5
16 5
16 4
17 4
16 4
16 3
16 4
16 5
16 6
16 7
15 7
16 7
16 8
17 8
18 8
17 8
16 8
16 9
16 10
16 9
16 8
16 9
17 9
17 8
17 9
17 10
18 10
19 10
19 9
19 8
18 8
17 8
17 9
17 8
17 7
16 7
15 7
15 6
15 7
15 8
14 8
14 9
14 10
15 10
15 11
15 12
14 12
15 12
15 13
14 13
14 14
14 15
15 15
14 15
13 15
12 15
11 15
12 15
11 15
11 14
11 13
10 13
11 13
10 13
11 13
11 14
10 14
10 15
10 16
10 17
9 17
8 17
7 17
6 17
7 17
7 18
8 18
9 18
9 19
9 18
8 18
8 19
8 20
9 20
10 20
9 20
10 20
10 19
10 18
10 19
10 20
11 20
11 21
12 21
12 20
13 20
14 20
14 19
13 19
13 20
13 21
14 21
14 22
13 22
12 22
11 22
11 21
11 20
11 19
12 19
12 20
12 21
13 21
13 22
13 21
13 20
13 21
13 22
14 22
13 22
12 22
11 22
10 22
9 22
8 22
8 23
7 23
8 23
8 22
9 22
8 22
7 22
7 21
8 21
8 20
9 20
8 20
9 20
9 21
9 20
8 20
8 21
9 21
9 22
9 21
10 21
11 21
10 21
10 22
10 23
9 23
9 22
8 22
8 23
8 24
8 23
7 23
7 22
7 23
7 22
7 23
6 23
5 23
6 23
6 24
6 25
7 25
7 24
7 25
8 25
7 25
8 25
8 26
9 26
10 26
11 26
11 25
11 26
11 27
10 27
10 26
11 26
11 27
11 26
11 27
12 27
12 26
13 26
13 25
14 25
13 25
14 25
13 25
13 24
13 23
12 23
11 23
11 22
10 22
9 22
9 21
10 21
11 21
11 22
10 22
9 22
9 23
9 24
10 24
10 25
9 25
8 25
9 25
9 26
8 26
7 26
8 26
7 26
8 26
8 27
8 28
8 27
7 27
8 27
8 28
8 29
8 28
7 28
8 28
7 28
6 28
6 29
6 30
6 29
6 30
5 30
4 30
4 31
3 31
3 32
2 32
2 31
2 32
1 32
1 31
0 31
0 32
1 32
1 33
2 33
1 33
1 32
2 32
2 31
2 32
2 31
1 31
2 31
3 31
2 31
2 30
2 29
2 30
1 30
2 30
3 30
4 30
3 30
3 31
3 30
3 29
3 28
3 27
3 28
3 27
3 28
3 27
2 27
3 27
2 27
1 27
2 27
1 27
2 27
2 28
2 29
2 28
1 28
1 27
2 27
3 27
2 27
2 26
2 25
3 25
3 24
3 25
2 25
2 24
2 23
2 22
2 21
3 21
2 21
2 20
1 20
1 21
1 20
0 20
1 20
2 20
3 20
3 19
4 19
5 19
6 19
5 19
4 19
4 18
3 18
4 18
4 19
3 19
3 20
3 19
2 19
3 19
4 19
5 19
5 20
5 19
5 18
6 18
7 18
6 18
6 19
6 18
7 18
7 19
7 20
8 20
9 20
10 20
9 20
10 20
9 20
10 20
11 20
11 21
11 22
10 22
10 21
10 20
9 20
9 19
8 19
7 19
6 19
6 20
6 19
6 20
6 19
6 20
6 21
7 21
7 22
7 23
7 22
7 23
7 24
6 24
7 24
7 25
6 25
5 25
5 24
5 23
4 23
4 24
5 24
6 24
5 24
4 24
4 23
4 24
3 24
3 25
3 26
3 27
4 27
3 27
4 27
4 26
4 25
3 25
3 24
3 25
4 25
4 24
3 24
3 25
2 25
1 25
1 24
2 24
3 24
3 25
3 26
4 26
4 25
4 24
4 25
4 24
5 24
4 24
5 24
5 25
5 26
5 27
5 26
5 27
4 27
4 28
5 28
5 27
4 27
5 27
4 27
4 28
5 28
4 28
4 27
4 28
5 28
4 28
4 29
4 28
3 28
3 29
2 29
2 30
3 30
3 31
3 30
2 30
2 31
2 32
2 33
2 32
3 32
4 32
4 31
4 30
5 30
5 31
4 31
4 32
3 32
2 32
1 32
2 32
1 32
1 31
2 31
2 32
1 32
2 32
2 31
3 31
4 31
4 32
5 32
5 33
4 33
3 33
2 33
2 34
2 33
2 32
1 32
2 32
2 31
1 31
1 32
1 33
1 32
0 32
1 32
0 32
1 32
1 33
1 32
0 32
0 33
0 32
1 32
2 32
2 33
2 32
3 32
4 32
3 32
4 32
4 33
3 33
4 33
5 33
5 32
4 32
3 32
3 31
4 31
5 31
5 32
5 31
5 32
6 32
7 32
7 33
7 32
7 33
7 34
7 33
8 33
8 34
9 34
8 34
7 34
8 34
7 34
6 34
6 33
5 33
5 34
5 33
5 32
6 32
5 32
5 31
4 31
5 31
5 30
6 30
6 29
7 29
6 29
7 29
7 28
7 27
8 27
8 26
8 25
8 26
8 27
8 28
8 29
8 28
8 27
7 27
8 27
9 27
9 26
9 25
9 24
10 24
9 24
9 23
9 24
8 24
8 25
7 25
7 24
7 25
7 26
7 27
6 27
6 28
6 27
6 26
6 25
6 26
5 26
4 26
3 26
4 26
4 27
3 27
3 26
3 27
4 27
4 26
4 25
4 26
3 26
3 25
3 26
3 27
3 28
3 27
3 26
4 26
4 25
5 25
5 24
4 24
3 24
3 23
4 23
4 24
4 23
5 23
6 23
6 24
5 24
5 23
5 22
5 23
5 24
6 24
7 24
7 25
7 24
7 25
7 26
8 26
7 26
6 26
5 26
6 26
7 26
7 25
7 24
8 24
7 24
7 23
7 22
7 21
7 20
7 19
7 18
6 18
7 18
7 17
8 17
8 18
8 17
9 17
8 17
9 17
8 17
8 18
7 18
7 19
7 20
7 21
8 21
8 20
8 19
8 18
9 18
9 19
9 20
9 21
9 22
10 22
10 23
10 22
11 22
11 23
12 23
13 23
13 24
14 24
14 25
14 26
14 25
15 25
15 26
15 27
15 28
15 29
14 29
13 29
14 29
13 29
14 29
14 30
15 30
14 30
14 29
14 30
14 29
13 29
14 29
14 28
15 28
14 28
15 28
15 27
14 27
14 26
14 27
14 28
14 27
13 27
13 26
12 26
12 27
11 27
11 26
11 27
10 27
11 27
11 26
11 27
10 27
11 27
11 26
11 25
10 25
11 25
12 25
11 25
12 25
12 26
11 26
11 25
11 24
12 24
13 24
12 24
13 24
13 23
13 22
14 22
14 23
15 23
16 23
16 22
17 22
18 22
17 22
17 23
17 24
16 24
16 23
16 22
16 23
16 22
16 23
16 24
16 23
16 24
16 25
15 25
15 24
15 23
16 23
16 22
16 23
16 22
16 23
17 23
16 23
17 23
17 22
18 22
19 22
19 23
18 23
18 24
19 24
19 25
18 25
18 24
18 23
18 24
18 23
18 24
18 23
17 23
17 22
16 22
16 23
17 23
17 24
17 25
17 26
17 27
16 27
17 27
17 26
17 27
18 27
19 27
19 26
18 26
18 27
18 26
18 27
19 27
18 27
18 26
18 27
18 28
18 29
18 28
18 29
18 30
19 30
20 30
19 30
18 30
17 30
18 30
18 29
18 28
18 29
18 30
18 31
19 31
19 32
19 33
19 34
19 35
20 35
19 35
19 34
18 34
18 33
18 34
19 34
19 33
20 33
20 32
20 31
21 31
21 32
21 33
21 32
22 32
21 32
20 32
19 32
19 31
19 32
19 31
19 30
18 30
18 31
18 32
18 31
18 30
18 31
19 31
18 31
18 30
18 31
19 31
19 32
18 32
19 32
20 32
21 32
