0 0
0 1
0 2
1 2
0 2
0 1
0 0
1 0
2 0
2 1
3 1
4 1
4 2
4 3
4 2
3 2
3 1
2 1
1 1
0 1
1 1
2 1
2 2
3 2
3 1
3 2
4 2
3 2
3 3
2 3
2 4
1 4
1 5
2 5
2 4
2 5
2 4
2 3
2 4
1 4
1 5
1 6
1 7
0 7
0 8
0 9
1 9
2 9
3 9
2 9
1 9
1 10
2 10
2 11
2 12
1 12
2 12
2 11
2 10
1 10
2 10
2 9
3 9
4 9
4 10
5 10
6 10
6 9
6 10
6 11
6 10
7 10
8 10
7 10
6 10
6 9
5 9
4 9
3 9
4 9
4 10
4 9
4 10
4 11
4 12
4 13
4 14
3 14
2 14
1 14
0 14
0 15
0 16
0 17
1 17
1 18
2 18
2 17
2 16
1 16
1 17
0 17
0 16
0 15
1 15
1 14
1 15
0 15
1 15
1 16
0 16
1 16
1 17
1 16
2 16
2 17
2 16
2 17
2 16
2 17
3 17
3 18
3 19
4 19
4 18
4 19
3 19
3 20
2 20
3 20
4 20
4 19
3 19
3 18
4 18
4 17
3 17
3 16
3 15
4 15
5 15
4 15
3 15
3 16
2 16
2 17
3 17
2 17
3 17
2 17
1 17
1 18
1 17
2 17
1 17
0 17
1 17
0 17
1 17
0 17
1 17
1 16
1 15
2 15
3 15
3 14
3 13
3 14
4 14
4 15
5 15
6 15
6 16
6 15
6 14
6 15
6 14
6 15
6 14
6 15
6 16
7 16
7 15
7 16
7 17
7 18
7 17
7 18
7 17
8 17
8 16
7 16
6 16
5 16
6 16
6 17
7 17
8 17
9 17
8 17
8 18
8 19
7 19
7 18
8 18
9 18
9 19
9 18
10 18
11 18
11 19
12 19
12 18
13 18
12 18
12 17
11 17
12 17
11 17
10 17
10 18
10 17
10 16
10 17
10 16
11 16
11 15
11 16
11 15
11 14
11 13
10 13
11 13
11 12
10 12
10 13
10 12
10 13
10 12
11 12
10 12
9 12
8 12
8 13
8 14
8 15
7 15
6 15
5 15
5 14
4 14
5 14
4 14
3 14
2 14
2 15
2 16
2 17
2 16
2 17
2 16
2 15
2 16
2 15
2 14
2 13
3 13
3 12
3 11
4 11
3 11
3 12
3 13
2 13
3 13
2 13
2 14
1 14
2 14
1 14
2 14
3 14
3 13
3 12
4 12
5 12
5 13
5 12
4 12
5 12
5 13
6 13
6 14
6 13
7 13
8 13
8 14
7 14
8 14
7 14
7 15
8 15
8 16
7 16
8 16
8 17
8 18
8 19
7 19
6 19
5 19
5 20
4 20
4 19
4 20
4 21
5 21
4 21
5 21
5 22
4 22
3 22
3 21
2 21
2 20
1 20
1 19
2 19
2 18
2 17
2 16
1 16
2 16
1 16
2 16
3 16
2 16
2 15
2 16
3 16
4 16
3 16
3 17
2 17
2 16
2 15
1 15
1 14
1 13
1 14
0 14
1 14
0 14
0 15
1 15
0 15
1 15
0 15
0 16
1 16
1 15
2 15
2 16
2 15
3 15
2 15
3 15
4 15
5 15
6 15
6 14
6 15
6 16
7 16
6 16
6 15
6 16
5 16
5 17
6 17
6 18
6 17
6 18
6 17
7 17
7 18
8 18
8 19
8 20
9 20
10 20
9 20
10 20
9 20
10 20
11 20
12 20
13 20
13 21
12 21
12 20
12 19
13 19
12 19
12 18
12 17
12 16
12 17
13 17
14 17
13 17
13 18
13 17
13 16
12 16
12 17
13 17
12 17
13 17
12 17
11 17
10 17
9 17
9 16
8 16
9 16
9 15
9 14
9 13
9 14
10 14
10 13
10 14
11 14
11 13
10 13
9 13
9 14
10 14
10 13
11 13
11 14
11 15
11 16
12 16
13 16
14 16
13 16
13 17
12 17
12 16
12 17
11 17
10 17
9 17
9 16
9 17
9 16
9 17
9 16
9 17
9 16
9 17
9 16
8 16
7 16
7 17
8 17
8 16
8 17
7 17
7 18
8 18
8 17
8 18
9 18
8 18
9 18
9 17
9 16
8 16
8 17
7 17
7 18
8 18
9 18
8 18
8 19
7 19
8 19
8 20
8 19
9 19
9 18
10 18
10 19
9 19
10 19
9 19
9 20
9 21
9 20
9 21
9 20
9 19
9 18
9 17
9 16
9 17
10 17
11 17
11 16
11 15
11 14
11 15
12 15
12 14
12 13
12 12
12 13
13 13
14 13
13 13
13 12
14 12
14 11
15 11
16 11
15 11
15 12
14 12
14 11
13 11
13 12
13 11
13 10
13 11
13 10
13 11
13 12
12 12
11 12
11 13
11 12
12 12
12 11
12 12
13 12
13 11
13 12
12 12
12 13
11 13
10 13
11 13
11 14
11 15
11 16
12 16
13 16
13 17
14 17
15 17
15 16
15 15
15 16
15 15
15 16
14 16
14 17
14 18
14 19
13 19
12 19
11 19
10 19
10 20
9 20
8 20
7 20
8 20
9 20
9 19
9 18
8 18
8 19
7 19
8 19
9 19
10 19
11 19
12 19
12 18
12 17
11 17
10 17
10 18
10 19
10 20
11 20
11 21
11 20
12 20
12 21
12 22
11 22
12 22
13 22
13 23
13 24
12 24
13 24
14 24
15 24
14 24
14 23
15 23
15 22
14 22
14 23
14 22
14 23
15 23
16 23
16 22
15 22
15 23
14 23
14 22
15 22
16 22
16 21
16 20
17 20
18 20
19 20
18 20
18 19
18 20
18 19
17 19
16 19
16 20
15 20
15 19
14 19
15 19
14 19
13 19
13 20
13 19
13 20
14 20
15 20
15 19
15 20
16 20
17 20
17 21
17 20
17 19
16 19
15 19
14 19
14 18
14 17
15 17
15 16
16 16
16 15
16 14
15 14
15 15
15 14
16 14
15 14
14 14
14 15
13 15
13 16
13 17
14 17
14 18
14 17
14 16
13 16
13 15
12 15
12 14
12 13
12 14
12 15
13 15
13 14
13 15
14 15
14 16
14 17
14 18
13 18
13 19
13 18
14 18
15 18
15 19
16 19
17 19
17 20
17 21
17 22
16 22
17 22
16 22
15 22
14 22
13 22
14 22
14 21
13 21
12 21
11 21
10 21
9 21
9 22
10 22
11 22
11 23
11 22
12 22
12 21
12 22
11 22
12 22
12 21
13 21
14 21
13 21
13 22
14 22
14 23
14 24
15 24
15 23
16 23
17 23
16 23
15 23
16 23
16 22
16 23
16 24
16 23
17 23
18 23
17 23
18 23
18 24
17 24
17 25
17 24
16 24
15 24
14 24
13 24
12 24
12 23
12 24
11 24
11 25
11 26
10 26
10 27
9 27
8 27
8 26
9 26
8 26
8 25
8 26
8 27
8 26
9 26
9 25
9 26
9 25
8 25
8 26
8 27
9 27
9 28
9 27
9 28
9 29
9 30
9 31
10 31
10 32
11 32
11 33
10 33
10 32
10 33
10 34
9 34
8 34
8 35
8 36
9 36
8 36
7 36
7 35
8 35
8 36
8 37
8 36
7 36
7 37
7 36
7 35
7 34
7 33
7 34
7 35
7 34
7 35
8 35
8 36
8 37
8 38
7 38
7 39
7 40
8 40
8 41
8 42
7 42
6 42
6 43
5 43
4 43
4 44
3 44
4 44
4 43
3 43
4 43
4 42
4 41
5 41
4 41
5 41
4 41
5 41
6 41
5 41
5 42
6 42
5 42
5 41
6 41
6 40
7 40
6 40
7 40
7 41
8 41
8 42
8 41
8 42
8 43
9 43
9 42
8 42
7 42
7 41
8 41
8 40
8 39
7 39
8 39
7 39
8 39
8 40
8 41
8 40
9 40
10 40
9 40
9 41
9 40
8 40
7 40
8 40
7 40
7 39
8 39
8 40
9 40
9 41
8 41
7 41
7 40
7 39
7 38
8 38
8 39
9 39
9 38
10 38
10 37
9 37
10 37
9 37
9 38
9 37
9 38
8 38
8 37
8 36
8 37
7 37
7 38
7 39
7 40
7 39
6 39
6 38
5 38
6 38
7 38
7 39
8 39
7 39
7 38
8 38
8 37
7 37
7 38
8 38
8 39
8 38
8 37
8 36
8 37
9 37
8 37
7 37
7 38
8 38
8 37
8 36
7 36
7 35
7 34
7 35
7 34
7 35
8 35
8 34
8 33
8 32
9 32
9 31
10 31
10 32
10 33
9 33
9 32
10 32
10 31
11 31
11 30
11 31
11 32
11 31
12 31
12 32
12 31
11 31
10 31
11 31
11 32
11 31
12 31
13 31
14 31
13 31
12 31
12 32
13 32
13 31
13 32
13 33
13 32
13 31
14 31
14 30
13 30
14 30
14 31
