0 0
0 1
0 0
1 0
1 1
2 1
2 0
3 0
2 0
2 1
3 1
2 1
3 1
4 1
5 1
5 0
5 1
6 1
7 1
7 2
6 2
6 3
7 3
6 3
7 3
7 2
7 3
6 3
7 3
7 2
7 1
7 2
6 2
6 3
6 4
5 4
4 4
3 4
2 4
2 5
3 5
4 5
4 4
4 3
5 3
6 3
6 4
7 4
7 3
7 4
7 5
7 6
8 6
8 7
7 7
8 7
8 6
7 6
7 5
7 4
6 4
6 5
7 5
6 5
6 4
6 5
6 6
6 7
5 7
5 6
6 6
6 5
6 4
7 4
7 5
6 5
5 5
4 5
5 5
6 5
6 4
5 4
4 4
5 4
6 4
5 4
5 3
5 4
6 4
7 4
6 4
6 3
7 3
7 4
6 4
6 3
5 3
5 4
5 3
5 2
5 3
5 2
5 1
6 1
5 1
5 0
5 1
5 2
4 2
4 3
4 2
5 2
5 1
5 0
5 1
5 0
4 0
5 0
5 1
6 1
6 0
6 1
5 1
6 1
6 2
7 2
7 3
6 3
5 3
5 4
6 4
7 4
7 5
7 6
6 6
5 6
5 7
5 6
5 5
5 4
6 4
6 3
6 2
7 2
7 1
7 2
6 2
7 2
8 2
7 2
8 2
9 2
9 1
10 1
11 1
11 0
11 1
11 2
11 3
10 3
10 2
9 2
8 2
7 2
7 3
7 4
7 3
6 3
6 2
6 1
5 1
5 0
6 0
7 0
7 1
7 0
8 0
8 1
8 0
9 0
8 0
9 0
9 1
8 1
7 1
7 0
7 1
8 1
9 1
9 2
8 2
9 2
9 3
9 2
10 2
11 2
12 2
13 2
13 1
13 0
14 0
14 1
14 0
15 0
16 0
15 0
16 0
16 1
17 1
17 0
18 0
17 0
18 0
18 1
18 2
17 2
16 2
16 1
16 2
15 2
16 2
16 3
17 3
18 3
19 3
19 4
18 4
18 3
18 4
19 4
19 3
19 4
19 3
18 3
17 3
18 3
17 3
18 3
19 3
19 4
20 4
21 4
22 4
21 4
21 3
20 3
20 2
20 3
21 3
21 4
21 5
21 4
22 4
22 5
21 5
21 4
20 4
19 4
20 4
21 4
22 4
22 5
21 5
21 4
22 4
21 4
21 3
21 2
21 1
22 1
21 1
21 2
21 3
22 3
22 4
22 3
23 3
22 3
22 2
21 2
21 3
20 3
19 3
19 2
19 1
19 2
19 3
19 2
20 2
20 1
20 2
20 1
19 1
18 1
18 2
18 1
17 1
16 1
17 1
17 2
18 2
17 2
18 2
18 1
17 1
18 1
18 0
17 0
17 1
17 0
18 0
17 0
17 1
17 2
17 3
18 3
18 4
18 3
19 3
20 3
20 4
20 5
20 4
21 4
21 3
20 3
21 3
20 3
21 3
21 2
21 1
22 1
21 1
21 0
22 0
21 0
20 0
21 0
21 1
21 0
20 0
21 0
22 0
22 1
21 1
20 1
21 1
20 1
21 1
21 0
21 1
21 0
20 0
21 0
22 0
22 1
22 0
21 0
20 0
20 1
19 1
19 2
19 3
18 3
19 3
18 3
17 3
16 3
16 2
16 1
16 2
17 2
18 2
19 2
19 3
19 4
19 3
19 2
18 2
19 2
19 3
20 3
19 3
19 4
18 4
18 3
17 3
17 2
16 2
17 2
16 2
17 2
17 3
17 2
17 3
17 4
16 4
17 4
18 4
17 4
17 3
18 3
18 2
18 3
19 3
20 3
20 2
20 1
20 2
21 2
22 2
23 2
24 2
25 2
24 2
24 3
25 3
24 3
24 2
24 1
24 2
24 3
24 4
23 4
23 3
22 3
21 3
22 3
22 4
23 4
23 5
23 4
24 4
24 3
23 3
23 2
24 2
24 3
24 4
24 3
24 4
23 4
24 4
24 5
24 4
25 4
26 4
26 5
26 4
26 5
26 4
27 4
26 4
26 3
26 4
26 3
27 3
28 3
28 2
28 3
28 4
28 3
28 2
28 1
28 2
29 2
29 1
29 2
29 1
29 0
28 0
28 1
28 0
28 1
27 1
28 1
28 0
27 0
27 1
27 2
27 1
27 2
28 2
29 2
30 2
30 1
29 1
30 1
29 1
30 1
30 2
29 2
29 3
28 3
27 3
27 2
28 2
29 2
30 2
31 2
32 2
32 1
32 0
33 0
34 0
35 0
34 0
35 0
35 1
35 2
35 3
35 4
36 4
36 3
35 3
35 4
34 4
35 4
35 5
36 5
36 4
37 4
37 3
37 4
36 4
36 3
36 2
35 2
35 3
34 3
35 3
34 3
33 3
32 3
33 3
33 4
33 5
33 6
34 6
33 6
33 7
33 8
32 8
31 8
31 7
32 7
33 7
33 8
33 7
34 7
33 7
33 6
33 5
32 5
33 5
32 5
32 4
32 5
32 6
32 7
33 7
33 6
33 5
34 5
34 4
34 3
34 4
33 4
34 4
33 4
34 4
34 3
34 2
34 1
34 2
35 2
35 1
35 0
36 0
36 1
37 1
36 1
36 2
35 2
35 3
34 3
33 3
33 4
32 4
31 4
31 5
32 5
32 4
33 4
32 4
32 5
32 6
31 6
32 6
32 5
33 5
32 5
31 5
32 5
33 5
33 4
33 5
32 5
32 4
32 5
32 4
32 3
31 3
31 4
32 4
31 4
30 4
30 3
29 3
29 2
29 1
29 0
29 1
30 1
31 1
30 1
31 1
31 2
30 2
31 2
30 2
30 3
29 3
29 4
30 4
30 5
31 5
32 5
31 5
32 5
33 5
34 5
34 6
34 5
34 4
35 4
35 5
36 5
36 6
37 6
36 6
36 5
35 5
34 5
34 6
33 6
34 6
34 7
34 8
35 8
34 8
33 8
34 8
34 7
34 6
34 5
35 5
36 5
37 5
37 4
37 3
37 2
36 2
36 1
36 0
36 1
36 2
37 2
36 2
36 1
37 1
37 0
37 1
37 2
37 3
38 3
37 3
38 3
38 4
38 5
38 4
38 5
38 6
38 5
39 5
38 5
39 5
39 4
39 3
40 3
40 4
40 3
41 3
41 4
40 4
40 3
39 3
39 4
38 4
39 4
39 3
40 3
40 2
40 1
39 1
39 0
38 0
39 0
39 1
39 2
39 3
38 3
38 2
39 2
39 1
39 0
38 0
38 1
37 1
38 1
38 2
39 2
39 1
39 2
39 3
39 2
38 2
38 3
39 3
39 2
39 3
39 2
38 2
38 3
38 2
38 1
39 1
40 1
41 1
40 1
40 0
41 0
40 0
40 1
41 1
42 1
42 0
42 1
43 1
44 1
43 1
43 2
43 1
42 1
43 1
43 0
42 0
42 1
42 0
41 0
41 1
41 2
41 1
41 0
42 0
42 1
43 1
42 1
42 2
43 2
42 2
42 3
42 4
42 5
42 6
42 5
43 5
43 4
42 4
42 5
43 5
44 5
44 6
44 5
44 4
44 3
45 3
45 2
46 2
47 2
46 2
45 2
45 1
45 0
45 1
44 1
44 0
44 1
43 1
44 1
43 1
44 1
44 2
45 2
44 2
45 2
46 2
47 2
46 2
47 2
46 2
46 1
45 1
46 1
47 1
47 2
46 2
47 2
48 2
48 1
48 0
48 1
49 1
50 1
50 2
50 1
51 1
51 2
52 2
51 2
51 1
51 2
51 3
50 3
49 3
49 4
49 5
50 5
49 5
48 5
48 4
48 3
49 3
49 4
49 5
50 5
49 5
50 5
50 6
50 5
50 6
50 5
51 5
51 4
52 4
53 4
54 4
54 3
53 3
53 2
52 2
51 2
52 2
52 1
52 2
53 2
52 2
52 1
52 0
52 1
52 2
51 2
52 2
51 2
50 2
51 2
51 3
51 4
51 3
50 3
49 3
49 4
50 4
50 3
50 4
50 5
49 5
50 5
50 6
49 6
49 5
49 4
48 4
49 4
48 4
48 5
48 6
47 6
48 6
48 7
48 8
47 8
47 9
46 9
46 8
45 8
46 8
47 8
46 8
45 8
44 8
45 8
46 8
46 7
46 6
46 5
46 4
46 3
46 4
45 4
45 5
45 4
44 4
44 3
45 3
45 4
45 3
46 3
46 2
46 3
46 4
45 4
46 4
46 3
46 4
47 4
48 4
48 3
48 4
48 5
47 5
47 6
46 6
46 7
47 7
47 8
47 7
48 7
49 7
49 8
48 8
47 8
46 8
45 8
44 8
44 9
44 8
44 9
44 8
45 8
45 7
45 8
44 8
44 9
44 8
43 8
43 7
42 7
43 7
42 7
41 7
41 6
41 5
40 5
40 6
39 6
39 7
40 7
40 8
40 7
41 7
42 7
42 6
42 7
43 7
43 6
43 5
42 5
42 4
42 5
