0 0
1 0
2 0
2 1
1 1
1 0
0 0
0 1
0 0
0 1
0 0
0 1
0 2
1 2
0 2
0 1
0 2
1 2
0 2
0 1
0 2
0 1
0 2
0 3
1 3
1 4
1 3
2 3
2 4
3 4
3 5
4 5
5 5
5 6
5 7
4 7
4 8
5 8
5 7
6 7
5 7
5 8
5 7
6 7
6 8
6 7
6 6
6 7
7 7
7 8
8 8
8 7
8 8
7 8
7 7
6 7
6 8
6 7
7 7
7 8
7 7
8 7
8 8
9 8
10 8
11 8
12 8
12 9
13 9
13 10
14 10
14 9
14 10
14 9
14 8
14 7
13 7
14 7
13 7
13 6
14 6
15 6
15 5
16 5
15 5
15 4
15 3
15 2
14 2
15 2
15 3
16 3
16 4
15 4
16 4
17 4
17 5
17 6
18 6
19 6
19 7
19 8
19 7
19 6
20 6
20 7
19 7
19 8
19 7
19 6
19 7
20 7
19 7
18 7
19 7
19 8
19 9
19 8
19 9
19 10
20 10
19 10
18 10
18 11
19 11
20 11
19 11
19 12
20 12
19 12
20 12
21 12
22 12
22 13
22 14
21 14
21 15
22 15
23 15
23 16
23 15
23 16
23 15
23 14
23 13
24 13
24 14
25 14
25 13
25 14
26 14
26 13
27 13
27 12
27 11
27 10
27 9
27 10
27 9
27 10
27 9
27 8
28 8
27 8
26 8
26 7
26 8
25 8
26 8
25 8
25 9
24 9
25 9
25 8
25 7
25 8
26 8
25 8
25 7
26 7
27 7
26 7
26 6
27 6
27 7
27 8
26 8
26 9
26 10
25 10
25 9
24 9
25 9
26 9
25 9
25 10
24 10
23 10
22 10
21 10
20 10
20 11
20 12
19 12
19 13
19 12
19 11
20 11
20 12
20 11
20 12
20 11
20 10
21 10
21 9
22 9
21 9
20 9
19 9
20 9
19 9
19 10
19 9
19 10
19 9
19 8
20 8
20 7
20 6
20 5
19 5
18 5
17 5
18 5
18 4
18 3
18 4
19 4
19 5
20 5
19 5
18 5
17 5
17 4
18 4
18 3
18 4
18 5
18 6
17 6
18 6
17 6
17 5
18 5
19 5
19 6
19 7
18 7
18 8
18 9
18 8
19 8
20 8
19 8
19 9
19 10
19 11
20 11
21 11
21 10
21 11
21 12
22 12
23 12
22 12
23 12
24 12
24 11
23 11
23 12
22 12
21 12
22 12
23 12
23 11
24 11
24 12
23 12
22 12
22 13
22 14
22 15
22 16
21 16
22 16
21 16
22 16
21 16
22 16
22 15
23 15
24 15
25 15
26 15
26 16
26 15
25 15
26 15
25 15
25 14
24 14
24 15
23 15
23 14
23 13
23 12
24 12
25 12
25 13
25 12
25 11
26 11
26 12
25 12
24 12
24 13
25 13
26 13
26 12
26 11
27 11
26 11
27 11
27 12
27 13
28 13
27 13
27 14
28 14
28 15
28 16
28 15
28 14
28 15
27 15
27 14
26 14
27 14
27 15
27 14
27 15
26 15
26 14
27 14
26 14
25 14
24 14
24 15
23 15
23 14
24 14
24 13
24 12
23 12
23 13
24 13
24 12
24 13
24 14
25 14
25 13
26 13
26 12
25 12
26 12
25 12
26 12
25 12
25 11
24 11
23 11
23 12
24 12
25 12
24 12
24 13
23 13
22 13
23 13
23 14
24 14
24 15
23 15
24 15
23 15
23 16
22 16
22 15
22 14
21 14
21 13
21 12
21 13
22 13
21 13
22 13
23 13
23 14
23 15
23 14
23 13
23 14
23 13
22 13
23 13
23 14
23 15
23 14
23 13
23 12
22 12
23 12
24 12
25 12
26 12
26 13
26 12
26 11
26 10
26 9
26 8
26 7
26 8
25 8
26 8
25 8
26 8
27 8
27 9
28 9
28 10
28 9
27 9
27 8
27 7
27 6
26 6
27 6
26 6
26 5
26 6
26 7
26 8
26 9
27 9
27 10
27 11
27 10
26 10
25 10
24 10
23 10
24 10
24 11
24 12
24 13
25 13
26 13
27 13
27 12
28 12
27 12
26 12
26 13
25 13
25 14
25 15
25 14
24 14
25 14
25 15
25 14
25 13
24 13
25 13
25 14
25 15
26 15
26 14
26 13
25 13
26 13
26 14
26 15
26 16
25 16
25 15
25 16
25 15
25 16
26 16
26 17
26 16
27 16
28 16
27 16
28 16
27 16
27 15
27 16
26 16
25 16
24 16
25 16
26 16
26 17
27 17
27 16
26 16
26 15
26 16
27 16
26 16
25 16
24 16
23 16
23 15
24 15
24 14
24 15
24 16
25 16
25 15
26 15
25 15
24 15
25 15
25 14
25 13
24 13
24 12
24 13
23 13
22 13
23 13
22 13
22 12
23 12
24 12
23 12
23 11
23 10
23 9
23 8
24 8
25 8
26 8
26 9
27 9
27 10
27 11
28 11
28 10
29 10
29 11
29 10
30 10
30 9
29 9
29 8
30 8
31 8
31 9
31 10
31 9
30 9
30 10
29 10
30 10
31 10
31 9
32 9
33 9
32 9
31 9
31 10
31 11
31 10
31 9
30 9
30 10
29 10
29 11
29 12
28 12
28 13
28 12
28 13
27 13
27 12
28 12
28 11
29 11
29 10
30 10
29 10
30 10
31 10
32 10
31 10
32 10
32 11
33 11
34 11
34 10
35 10
35 9
36 9
37 9
37 8
36 8
35 8
35 7
34 7
34 8
34 9
34 8
33 8
33 7
33 8
33 9
34 9
34 8
33 8
34 8
34 9
35 9
34 9
33 9
32 9
32 8
32 9
32 10
31 10
32 10
32 9
32 8
32 9
31 9
31 10
32 10
32 11
32 12
31 12
30 12
30 11
30 12
30 11
30 12
30 13
31 13
31 12
31 11
32 11
32 10
32 9
33 9
32 9
31 9
32 9
32 10
32 9
32 10
33 10
33 11
33 10
33 9
33 10
33 9
33 8
32 8
31 8
32 8
31 8
31 7
31 6
31 7
31 6
30 6
30 5
30 4
31 4
32 4
31 4
31 3
30 3
31 3
32 3
32 4
32 5
32 6
32 7
33 7
32 7
32 8
31 8
31 7
31 8
30 8
30 9
29 9
29 8
29 7
28 7
29 7
29 6
28 6
29 6
30 6
31 6
30 6
30 7
31 7
30 7
31 7
30 7
29 7
29 8
30 8
30 7
31 7
30 7
30 8
31 8
31 9
30 9
30 10
30 11
30 10
30 9
30 8
30 9
30 8
30 7
30 6
30 5
29 5
30 5
30 4
30 3
31 3
31 2
32 2
31 2
31 3
31 4
31 5
31 6
30 6
29 6
28 6
29 6
28 6
28 5
29 5
29 4
28 4
28 3
29 3
28 3
29 3
29 2
29 3
29 4
28 4
27 4
28 4
28 5
28 6
27 6
27 7
27 6
27 7
28 7
28 8
28 9
28 8
28 7
28 8
27 8
27 7
27 6
26 6
27 6
27 7
27 6
27 7
27 6
28 6
28 5
28 4
28 3
28 4
28 5
28 6
28 5
29 5
30 5
29 5
28 5
28 6
27 6
26 6
27 6
28 6
28 5
27 5
27 6
27 7
27 8
28 8
28 7
28 6
28 5
28 6
29 6
29 5
30 5
31 5
32 5
32 4
33 4
33 3
32 3
31 3
31 2
32 2
32 3
32 4
32 5
32 4
33 4
33 3
33 2
33 1
34 1
34 0
33 0
33 1
33 2
34 2
34 1
35 1
35 0
36 0
36 1
37 1
36 1
36 2
36 3
36 2
36 3
36 4
36 5
36 6
37 6
38 6
38 7
38 8
38 9
38 8
38 7
38 8
38 7
39 7
39 6
40 6
40 7
41 7
40 7
40 8
40 7
39 7
39 8
39 9
40 9
40 8
40 9
39 9
38 9
38 10
38 11
37 11
37 12
37 13
37 12
36 12
36 11
35 11
35 10
35 11
35 12
36 12
36 11
36 10
36 11
35 11
35 10
35 11
35 10
36 10
37 10
38 10
37 10
37 9
38 9
38 10
37 10
37 9
38 9
37 9
37 8
37 9
36 9
36 10
36 9
36 8
37 8
36 8
36 7
36 8
37 8
38 8
38 9
37 9
37 10
38 10
38 9
39 9
39 10
39 9
38 9
39 9
39 8
38 8
38 9
38 8
39 8
39 9
38 9
37 9
36 9
36 10
36 11
36 12
36 13
35 13
35 12
36 12
37 12
38 12
38 11
39 11
39 10
40 10
39 10
38 10
39 10
40 10
40 11
39 11
40 11
41 11
41 10
41 9
42 9
43 9
43 10
44 10
45 10
45 11
44 11
43 11
44 11
45 11
46 11
45 11
45 10
46 10
45 10
45 9
44 9
44 10
44 9
44 10
44 9
45 9
45 8
46 8
47 8
