0 0
1 0
2 0
1 0
0 0
1 0
1 1
1 2
1 3
1 2
0 2
1 2
0 2
0 3
1 3
2 3
1 3
1 4
0 4
0 3
0 2
1 2
0 2
0 1
1 1
1 0
1 1
2 1
3 1
3 0
4 0
4 1
4 0
3 0
2 0
1 0
2 0
2 1
1 1
1 2
1 1
2 1
1 1
1 0
1 1
0 1
1 1
0 1
1 1
1 2
1 1
0 1
0 0
0 1
0 0
0 1
0 2
1 2
1 3
0 3
1 3
2 3
3 3
2 3
2 2
2 3
1 3
0 3
1 3
1 4
1 3
1 2
1 3
2 3
3 3
3 2
2 2
1 2
1 3
2 3
3 3
2 3
2 4
1 4
1 5
1 6
2 6
3 6
3 7
3 8
3 7
3 6
4 6
4 7
5 7
5 6
6 6
5 6
6 6
6 5
6 4
6 3
7 3
8 3
8 4
8 5
8 4
7 4
8 4
8 3
9 3
9 2
8 2
9 2
10 2
10 3
11 3
12 3
13 3
13 2
13 1
13 2
13 3
12 3
12 2
13 2
12 2
13 2
14 2
15 2
15 1
15 2
15 1
15 2
16 2
17 2
17 1
17 2
18 2
17 2
16 2
16 1
15 1
16 1
16 2
15 2
15 1
15 2
16 2
17 2
17 1
16 1
17 1
18 1
17 1
18 1
18 0
17 0
16 0
17 0
17 1
17 0
17 1
17 2
16 2
15 2
15 1
15 2
15 3
16 3
17 3
18 3
17 3
17 4
16 4
15 4
14 4
13 4
13 5
12 5
12 4
11 4
11 5
12 5
12 4
11 4
12 4
12 5
13 5
13 4
13 3
14 3
14 4
14 3
14 2
14 3
15 3
14 3
15 3
15 2
14 2
14 1
15 1
15 2
14 2
13 2
13 1
14 1
14 0
13 0
13 1
13 2
13 3
14 3
14 4
14 3
14 2
14 1
15 1
14 1
14 2
14 1
15 1
15 0
15 1
14 1
13 1
13 0
14 0
14 1
14 0
13 0
14 0
14 1
14 2
14 3
15 3
14 3
14 2
15 2
15 3
15 4
16 4
16 3
16 4
15 4
15 3
15 2
16 2
16 3
17 3
17 4
18 4
18 3
18 4
18 5
19 5
19 4
19 5
19 6
19 7
19 8
20 8
21 8
22 8
23 8
22 8
22 7
22 8
21 8
21 7
21 6
20 6
21 6
20 6
20 5
21 5
20 5
20 6
19 6
19 5
18 5
18 6
17 6
17 7
17 6
16 6
17 6
18 6
18 5
19 5
20 5
19 5
19 4
19 5
19 6
20 6
19 6
19 7
20 7
19 7
19 6
18 6
17 6
18 6
18 5
18 6
17 6
16 6
15 6
15 7
16 7
17 7
18 7
18 8
18 7
18 8
18 7
19 7
20 7
21 7
22 7
22 6
23 6
23 5
22 5
21 5
22 5
22 6
23 6
23 5
22 5
22 6
22 5
22 4
23 4
23 3
24 3
24 4
25 4
25 5
26 5
27 5
27 4
26 4
27 4
26 4
27 4
27 3
26 3
26 2
26 1
25 1
24 1
25 1
24 1
24 2
24 3
24 2
23 2
23 1
24 1
24 2
24 1
25 1
24 1
24 0
24 1
23 1
23 2
22 2
22 3
22 4
22 5
22 4
22 5
23 5
23 4
23 5
24 5
24 6
25 6
25 5
24 5
23 5
24 5
24 4
24 3
24 4
24 5
25 5
25 6
26 6
27 6
26 6
26 5
27 5
26 5
26 6
25 6
24 6
24 7
24 6
24 7
25 7
25 6
25 7
24 7
25 7
25 8
26 8
26 9
27 9
27 8
26 8
26 9
26 10
26 11
26 12
25 12
24 12
24 11
25 11
25 12
25 13
25 12
25 11
26 11
27 11
26 11
26 10
26 11
27 11
26 11
25 11
25 10
25 9
26 9
26 8
26 7
27 7
27 8
27 7
28 7
29 7
30 7
29 7
29 6
28 6
28 5
27 5
27 6
28 6
28 5
27 5
26 5
27 5
27 6
27 5
28 5
29 5
28 5
29 5
28 5
27 5
28 5
29 5
28 5
28 6
27 6
28 6
28 5
28 6
27 6
27 5
27 4
27 5
28 5
29 5
29 6
29 7
29 6
30 6
31 6
31 7
32 7
31 7
31 8
31 9
30 9
30 10
30 9
30 10
29 10
28 10
29 10
29 9
29 8
29 7
30 7
29 7
29 6
28 6
29 6
29 7
28 7
28 6
28 7
29 7
28 7
28 6
27 6
27 5
27 4
26 4
26 5
27 5
27 6
27 5
27 4
26 4
26 3
25 3
24 3
24 4
23 4
22 4
21 4
21 3
21 4
22 4
21 4
21 3
20 3
20 4
21 4
21 3
20 3
21 3
22 3
21 3
21 2
20 2
20 1
20 2
19 2
18 2
18 3
17 3
18 3
18 2
18 3
18 2
17 2
16 2
15 2
15 1
15 0
15 1
15 2
16 2
16 3
16 4
16 5
17 5
18 5
19 5
20 5
21 5
22 5
21 5
21 4
21 5
21 4
20 4
20 5
20 4
21 4
20 4
20 5
19 5
19 4
18 4
19 4
19 3
19 4
19 3
20 3
19 3
20 3
20 2
21 2
21 1
22 1
22 2
21 2
22 2
22 3
23 3
23 2
24 2
23 2
22 2
22 3
23 3
23 2
22 2
21 2
20 2
20 1
20 0
21 0
22 0
21 0
21 1
20 1
20 2
19 2
19 3
19 2
20 2
20 1
19 1
18 1
18 0
18 1
17 1
17 2
18 2
18 1
19 1
20 1
21 1
20 1
20 2
21 2
20 2
20 3
20 2
20 1
20 0
20 1
19 1
20 1
19 1
18 1
19 1
19 0
18 0
17 0
16 0
17 0
17 1
17 0
17 1
17 2
17 3
16 3
15 3
15 4
15 3
15 4
15 5
15 4
15 3
15 4
15 3
15 4
16 4
17 4
17 5
16 5
15 5
14 5
14 6
13 6
13 5
12 5
12 4
13 4
12 4
13 4
13 5
13 6
13 5
13 4
13 5
13 4
14 4
14 5
14 6
14 7
15 7
16 7
16 8
17 8
18 8
18 7
17 7
16 7
15 7
16 7
16 6
16 5
17 5
17 6
16 6
17 6
16 6
17 6
17 7
17 6
17 7
17 8
18 8
18 7
17 7
18 7
18 8
19 8
19 9
20 9
19 9
20 9
19 9
18 9
18 10
19 10
20 10
21 10
20 10
20 9
20 8
20 9
20 10
20 9
20 8
19 8
18 8
18 9
19 9
19 8
20 8
20 9
21 9
21 10
21 9
20 9
20 10
19 10
19 11
18 11
18 12
18 11
19 11
20 11
20 12
20 13
20 14
19 14
19 15
19 16
19 15
18 15
17 15
18 15
19 15
20 15
20 16
20 17
20 16
20 15
21 15
22 15
23 15
23 16
24 16
23 16
24 16
24 15
24 14
25 14
25 15
26 15
27 15
27 16
26 16
26 17
25 17
25 16
26 16
27 16
27 15
27 14
27 15
26 15
27 15
26 15
26 16
25 16
24 16
23 16
22 16
21 16
21 17
21 16
21 17
22 17
22 16
22 17
23 17
23 18
23 19
22 19
23 19
22 19
21 19
20 19
19 19
18 19
17 19
17 18
18 18
18 19
18 20
18 19
17 19
18 19
19 19
19 20
19 19
19 20
18 20
18 21
17 21
18 21
17 21
16 21
17 21
17 22
18 22
18 21
17 21
18 21
18 22
19 22
18 22
18 21
18 20
18 21
19 21
18 21
18 20
18 21
17 21
16 21
17 21
17 20
16 20
16 19
16 18
17 18
17 17
16 17
15 17
14 17
15 17
15 18
16 18
15 18
16 18
16 17
15 17
16 17
16 16
16 17
17 17
17 18
17 17
17 16
17 15
16 15
16 16
16 17
17 17
16 17
16 16
16 15
16 16
17 16
18 16
18 17
18 18
17 18
18 18
17 18
17 19
17 20
17 19
18 19
17 19
16 19
17 19
16 19
16 20
17 20
17 19
16 19
16 18
15 18
16 18
15 18
15 17
16 17
15 17
16 17
16 16
15 16
15 17
15 18
15 19
14 19
14 20
15 20
15 21
14 21
15 21
16 21
16 20
17 20
17 21
16 21
16 20
16 19
16 20
15 20
16 20
17 20
16 20
16 19
17 19
18 19
19 19
18 19
17 19
17 18
18 18
17 18
16 18
16 17
17 17
18 17
18 16
18 17
17 17
17 16
17 17
17 16
17 17
18 17
19 17
19 18
19 17
18 17
19 17
18 17
18 18
19 18
19 19
19 20
19 19
19 20
20 20
20 21
21 21
22 21
22 22
22 23
22 24
22 25
22 26
21 26
22 26
21 26
21 25
21 26
22 26
21 26
21 27
21 28
21 29
21 30
20 30
21 30
21 29
20 29
20 30
19 30
19 29
18 29
