0 0
0 1
1 1
2 1
1 1
1 0
1 1
1 2
2 2
2 3
3 3
2 3
1 3
0 3
0 4
0 5
1 5
1 4
0 4
0 3
1 3
2 3
2 4
2 3
3 3
2 3
3 3
3 2
3 1
4 1
3 1
3 0
3 1
4 1
3 1
4 1
4 0
3 0
3 1
3 2
4 2
4 3
4 2
5 2
4 2
5 2
5 3
6 3
6 2
6 1
5 1
5 2
4 2
5 2
5 3
6 3
7 3
7 2
7 3
7 2
7 1
7 0
6 0
6 1
7 1
7 0
7 1
8 1
9 1
9 2
8 2
8 1
7 1
8 1
8 2
8 3
8 2
9 2
9 3
8 3
7 3
6 3
6 2
5 2
4 2
4 3
3 3
4 3
5 3
5 4
5 3
5 4
6 4
6 3
5 3
5 4
5 3
5 2
6 2
7 2
8 2
8 1
8 0
8 1
9 1
9 0
9 1
8 1
8 2
7 2
7 3
7 4
7 3
7 2
8 2
7 2
8 2
8 3
8 2
8 3
7 3
6 3
6 4
5 4
5 3
4 3
4 2
3 2
3 1
3 2
2 2
1 2
0 2
0 3
0 4
0 5
1 5
1 4
0 4
1 4
0 4
1 4
1 3
0 3
0 2
1 2
2 2
3 2
3 3
4 3
4 4
3 4
2 4
1 4
0 4
1 4
1 5
0 5
1 5
2 5
3 5
3 6
4 6
4 5
4 6
4 5
4 4
5 4
5 5
5 6
5 7
4 7
3 7
4 7
3 7
3 6
3 7
3 8
4 8
4 7
4 6
4 7
4 8
3 8
3 7
3 8
2 8
2 7
2 8
3 8
2 8
2 9
2 10
2 9
2 8
2 9
2 10
2 11
3 11
2 11
2 10
1 10
2 10
1 10
2 10
2 9
2 10
2 9
3 9
3 10
4 10
4 11
3 11
4 11
3 11
3 10
4 10
3 10
4 10
4 9
4 8
3 8
4 8
5 8
4 8
4 9
4 10
3 10
3 9
4 9
4 10
4 9
4 10
4 9
4 10
5 10
5 11
5 10
4 10
3 10
4 10
4 11
4 10
3 10
3 9
4 9
3 9
2 9
1 9
0 9
1 9
0 9
1 9
1 10
2 10
2 9
2 10
1 10
1 11
0 11
1 11
0 11
0 10
0 9
0 8
0 9
1 9
1 10
1 9
1 10
1 9
0 9
0 10
1 10
1 9
0 9
0 8
0 7
0 6
1 6
2 6
3 6
4 6
4 5
4 4
4 3
4 4
4 5
4 6
5 6
5 5
6 5
7 5
7 6
8 6
8 7
8 6
8 5
7 5
8 5
8 6
8 5
8 4
7 4
7 5
6 5
7 5
7 6
8 6
9 6
9 7
10 7
9 7
10 7
11 7
10 7
10 8
11 8
11 9
12 9
13 9
12 9
12 10
11 10
10 10
10 9
11 9
12 9
12 8
12 7
12 6
12 7
12 6
11 6
12 6
12 7
13 7
14 7
13 7
13 8
14 8
14 9
14 8
15 8
15 9
14 9
14 10
14 11
15 11
14 11
14 12
15 12
14 12
15 12
16 12
17 12
16 12
16 11
17 11
18 11
19 11
20 11
21 11
20 11
20 10
20 9
20 8
20 7
21 7
22 7
21 7
21 8
21 7
20 7
21 7
20 7
20 8
20 9
19 9
19 8
20 8
19 8
20 8
20 7
19 7
20 7
20 6
21 6
20 6
20 7
21 7
22 7
22 8
22 7
21 7
21 6
22 6
22 7
22 8
22 7
23 7
24 7
24 8
24 9
23 9
23 10
24 10
24 11
25 11
26 11
26 10
27 10
27 11
28 11
27 11
27 10
27 9
27 8
27 7
27 6
27 7
26 7
26 8
26 7
26 6
27 6
26 6
27 6
27 7
27 8
27 9
26 9
25 9
26 9
25 9
24 9
25 9
25 8
25 9
24 9
24 10
23 10
23 11
23 10
24 10
24 9
25 9
25 8
24 8
25 8
25 7
25 8
25 9
26 9
25 9
25 8
26 8
26 9
26 10
25 10
25 9
25 8
26 8
26 7
25 7
25 6
26 6
26 5
27 5
27 6
26 6
25 6
24 6
24 5
23 5
24 5
24 6
24 5
25 5
25 6
25 5
24 5
24 6
24 5
25 5
25 4
26 4
26 5
27 5
27 6
27 5
28 5
28 4
29 4
29 3
28 3
27 3
27 2
26 2
26 1
27 1
27 2
26 2
26 1
27 1
28 1
28 2
28 1
29 1
29 2
29 3
29 2
28 2
27 2
26 2
26 3
25 3
26 3
27 3
28 3
27 3
28 3
28 2
29 2
28 2
29 2
29 3
29 2
30 2
30 3
29 3
29 4
28 4
28 3
27 3
28 3
27 3
26 3
25 3
24 3
24 2
23 2
23 3
24 3
25 3
24 3
24 2
23 2
24 2
24 1
25 1
26 1
25 1
25 2
24 2
23 2
23 1
22 1
22 0
21 0
21 1
21 2
22 2
22 1
21 1
20 1
20 2
21 2
22 2
22 3
23 3
24 3
24 4
25 4
26 4
27 4
28 4
29 4
30 4
31 4
31 5
31 4
30 4
30 5
30 4
31 4
31 3
30 3
31 3
32 3
32 4
31 4
31 3
30 3
31 3
32 3
32 2
32 1
32 2
31 2
31 1
31 0
30 0
29 0
29 1
28 1
29 1
29 2
30 2
29 2
29 1
28 1
28 2
28 3
27 3
28 3
28 2
28 1
28 2
29 2
29 1
29 0
28 0
27 0
28 0
27 0
28 0
27 0
26 0
27 0
26 0
26 1
26 0
25 0
24 0
25 0
25 1
25 0
25 1
25 2
25 3
25 4
25 3
26 3
26 2
26 1
27 1
26 1
26 0
26 1
26 0
27 0
27 1
27 2
26 2
27 2
26 2
25 2
24 2
24 3
23 3
23 4
23 5
24 5
24 6
25 6
24 6
23 6
23 7
24 7
24 6
24 7
24 8
24 9
24 8
25 8
24 8
24 9
24 8
25 8
25 7
24 7
25 7
26 7
26 6
25 6
25 5
26 5
27 5
27 4
26 4
26 5
25 5
25 4
24 4
24 5
24 4
24 3
24 4
24 3
24 2
23 2
22 2
23 2
24 2
23 2
22 2
23 2
23 3
23 4
23 3
24 3
23 3
23 4
24 4
25 4
25 5
24 5
23 5
24 5
24 6
24 7
25 7
25 6
25 5
25 4
26 4
27 4
26 4
26 3
25 3
26 3
26 4
25 4
26 4
25 4
25 3
25 2
25 1
25 2
26 2
25 2
25 3
25 2
26 2
27 2
28 2
28 3
28 4
27 4
27 5
27 4
27 5
26 5
27 5
27 4
27 3
27 4
27 5
27 4
28 4
29 4
28 4
27 4
28 4
29 4
28 4
28 5
28 6
28 7
28 8
27 8
27 7
27 6
27 7
27 6
27 7
27 8
27 7
26 7
27 7
27 6
27 7
28 7
28 6
28 5
28 6
28 5
29 5
28 5
28 4
28 3
27 3
26 3
25 3
26 3
27 3
27 4
27 5
27 4
27 5
28 5
29 5
28 5
28 4
29 4
28 4
29 4
29 3
30 3
30 2
29 2
29 1
30 1
31 1
30 1
31 1
32 1
32 0
32 1
32 0
32 1
32 2
33 2
32 2
32 3
32 4
31 4
31 5
32 5
31 5
31 6
30 6
30 5
30 4
29 4
29 3
28 3
28 2
28 3
28 4
29 4
29 3
29 2
30 2
30 1
30 0
31 0
31 1
32 1
32 0
33 0
32 0
32 1
31 1
31 2
31 3
32 3
32 4
32 3
31 3
31 2
30 2
30 3
30 4
30 5
30 6
30 5
29 5
28 5
29 5
28 5
27 5
26 5
26 6
26 7
25 7
25 6
26 6
26 7
25 7
24 7
24 6
24 5
24 6
23 6
24 6
25 6
26 6
26 5
26 6
26 5
26 4
26 5
27 5
27 4
27 3
27 4
26 4
25 4
25 3
25 4
25 5
25 6
25 5
24 5
25 5
25 6
25 7
26 7
26 6
26 7
27 7
26 7
26 8
26 9
26 8
26 7
27 7
27 6
28 6
28 7
28 8
29 8
29 7
29 6
30 6
31 6
30 6
31 6
30 6
31 6
32 6
32 5
31 5
31 4
31 3
31 4
31 3
31 2
31 1
30 1
31 1
32 1
31 1
31 2
30 2
31 2
30 2
29 2
29 3
28 3
28 4
29 4
29 5
29 4
29 5
29 4
29 5
29 4
29 5
28 5
28 4
29 4
30 4
30 3
30 4
31 4
31 3
31 4
32 4
33 4
32 4
31 4
31 3
31 2
31 3
31 2
31 3
32 3
32 2
32 1
32 0
32 1
32 2
31 2
30 2
31 2
31 1
32 1
31 1
31 2
30 2
29 2
29 1
29 0
29 1
29 2
30 2
30 3
