0 0
0 1
0 2
0 3
1 3
1 4
0 4
1 4
1 5
2 5
2 6
1 6
0 6
1 6
1 5
2 5
2 4
2 5
2 6
1 6
0 6
0 7
1 7
1 8
0 8
0 7
1 7
1 6
2 6
2 7
2 8
2 7
2 8
2 9
2 8
2 7
3 7
2 7
3 7
2 7
1 7
1 8
1 9
2 9
2 8
3 8
4 8
5 8
5 7
5 8
5 9
4 9
4 10
5 10
4 10
5 10
5 11
5 10
4 10
4 9
4 10
5 10
5 11
4 11
5 11
6 11
6 12
5 12
4 12
3 12
3 13
3 14
2 14
3 14
2 14
2 15
2 16
1 16
0 16
0 15
0 14
0 13
1 13
1 12
1 11
1 10
1 11
2 11
2 10
3 10
4 10
3 10
2 10
1 10
1 11
2 11
1 11
0 11
0 10
0 11
1 11
1 12
1 13
1 14
0 14
1 14
1 13
1 12
2 12
2 11
2 12
2 13
2 12
2 11
3 11
3 10
3 11
3 10
2 10
2 11
3 11
2 11
1 11
0 11
1 11
2 11
3 11
3 12
4 12
4 13
5 13
5 14
5 15
6 15
7 15
7 16
6 16
5 16
5 15
4 15
3 15
3 14
3 13
4 13
5 13
5 12
5 11
6 11
6 10
6 11
6 10
5 10
4 10
3 10
4 10
3 10
3 9
4 9
4 8
4 7
3 7
2 7
1 7
1 8
2 8
1 8
0 8
1 8
1 9
1 10
2 10
3 10
2 10
3 10
3 9
3 10
3 9
3 10
4 10
4 9
4 10
4 11
3 11
2 11
2 10
2 11
1 11
1 12
1 11
1 12
2 12
2 13
2 12
2 11
3 11
3 10
2 10
1 10
1 11
0 11
0 10
0 9
1 9
0 9
1 9
0 9
1 9
1 8
0 8
1 8
0 8
1 8
0 8
0 9
1 9
2 9
2 10
3 10
2 10
3 10
3 9
4 9
3 9
4 9
5 9
5 10
4 10
3 10
4 10
4 11
4 10
5 10
5 9
6 9
5 9
4 9
4 8
4 9
3 9
4 9
4 10
4 11
4 12
4 13
5 13
5 14
5 15
5 14
5 15
5 16
5 15
6 15
6 14
7 14
6 14
6 15
6 14
7 14
6 14
6 15
7 15
6 15
7 15
7 16
7 17
8 17
8 18
8 17
8 18
8 17
8 18
8 19
7 19
7 20
6 20
5 20
5 21
5 22
5 23
5 24
5 25
6 25
5 25
5 24
5 25
6 25
6 26
6 25
6 26
6 25
5 25
6 25
5 25
4 25
4 24
5 24
6 24
6 25
6 24
5 24
5 23
6 23
5 23
6 23
6 22
5 22
6 22
7 22
7 21
7 22
8 22
7 22
6 22
6 21
5 21
5 20
6 20
6 21
6 20
6 21
5 21
5 20
4 20
4 19
3 19
3 20
4 20
3 20
3 21
2 21
2 20
3 20
2 20
2 19
2 18
2 19
2 18
3 18
4 18
4 19
4 18
4 17
4 18
4 19
5 19
4 19
3 19
2 19
3 19
4 19
5 19
6 19
6 20
6 19
6 20
7 20
7 21
8 21
7 21
7 20
7 21
7 22
7 21
7 22
6 22
5 22
6 22
6 23
6 24
5 24
4 24
4 25
3 25
4 25
4 24
5 24
4 24
4 25
4 24
4 25
4 24
5 24
5 23
5 24
4 24
4 23
5 23
6 23
5 23
5 22
5 21
4 21
4 22
5 22
6 22
7 22
6 22
7 22
7 23
8 23
9 23
9 22
9 23
9 22
10 22
9 22
9 21
9 22
9 21
8 21
8 20
8 19
7 19
7 18
7 17
6 17
7 17
6 17
7 17
8 17
8 18
8 17
9 17
9 18
9 17
9 18
9 17
8 17
9 17
8 17
7 17
8 17
8 16
9 16
8 16
9 16
9 17
9 16
9 17
10 17
10 16
9 16
10 16
10 17
10 16
9 16
9 17
9 18
8 18
7 18
6 18
7 18
8 18
8 17
9 17
8 17
8 16
8 15
7 15
7 16
6 16
7 16
6 16
5 16
6 16
5 16
5 15
5 16
6 16
6 15
5 15
6 15
7 15
7 16
7 17
8 17
7 17
7 16
7 17
8 17
7 17
8 17
8 18
8 19
7 19
7 18
8 18
8 17
7 17
7 16
7 17
7 16
7 17
7 18
8 18
8 19
8 18
8 17
8 18
9 18
10 18
10 19
10 20
9 20
9 19
9 20
9 21
8 21
7 21
8 21
8 22
8 23
9 23
9 24
10 24
10 25
10 24
11 24
12 24
13 24
13 25
13 24
14 24
14 25
15 25
15 26
14 26
14 27
15 27
14 27
15 27
15 28
15 27
14 27
14 26
13 26
14 26
13 26
14 26
13 26
13 25
14 25
14 26
15 26
16 26
16 27
15 27
14 27
14 26
14 25
13 25
14 25
15 25
15 24
15 25
14 25
13 25
13 26
13 27
13 26
13 25
13 26
14 26
14 27
14 26
14 27
14 26
14 27
13 27
14 27
15 27
14 27
15 27
16 27
16 28
16 27
16 26
16 25
16 24
15 24
14 24
14 25
14 26
14 25
13 25
13 26
13 25
12 25
12 24
12 23
11 23
12 23
12 24
13 24
12 24
13 24
13 23
14 23
15 23
15 22
15 21
16 21
17 21
16 21
16 22
16 21
15 21
14 21
14 22
15 22
15 23
15 24
16 24
17 24
18 24
18 25
18 26
17 26
17 25
18 25
18 24
18 25
17 25
18 25
19 25
19 24
19 23
20 23
20 22
20 21
20 22
21 22
22 22
22 21
22 20
22 21
23 21
24 21
23 21
24 21
24 22
25 22
26 22
27 22
27 21
27 20
26 20
27 20
27 19
27 18
26 18
25 18
26 18
26 17
26 18
26 17
27 17
26 17
27 17
28 17
28 18
27 18
26 18
27 18
27 17
27 18
28 18
27 18
27 19
27 20
27 21
27 22
27 23
27 22
27 23
27 22
27 23
27 24
28 24
29 24
29 23
29 22
30 22
30 23
30 24
29 24
29 25
29 26
28 26
28 25
28 26
29 26
30 26
30 25
30 26
29 26
29 27
30 27
31 27
30 27
30 28
29 28
29 29
29 28
29 27
29 28
29 29
30 29
30 30
31 30
31 31
31 32
31 31
32 31
32 32
31 32
30 32
30 31
30 32
31 32
32 32
32 33
32 32
31 32
32 32
32 33
32 32
32 33
33 33
33 34
33 35
34 35
35 35
36 35
35 35
34 35
33 35
33 36
33 37
33 36
33 35
33 36
34 36
34 35
33 35
32 35
32 36
32 35
32 36
31 36
30 36
31 36
31 35
31 34
30 34
31 34
30 34
30 33
29 33
29 32
30 32
29 32
30 32
31 32
31 31
31 32
31 31
30 31
30 30
29 30
30 30
31 30
31 29
31 28
31 27
31 26
32 26
32 27
33 27
33 28
33 29
32 29
33 29
33 30
33 29
33 28
32 28
33 28
34 28
33 28
34 28
34 29
35 29
36 29
35 29
35 28
34 28
33 28
33 27
32 27
31 27
30 27
30 26
31 26
31 27
30 27
31 27
30 27
30 26
29 26
29 27
29 28
29 27
30 27
30 26
30 25
30 24
30 25
30 24
29 24
29 25
29 24
28 24
28 23
28 22
28 21
28 20
28 19
29 19
29 18
28 18
28 17
29 17
29 18
29 17
30 17
31 17
32 17
32 18
31 18
31 17
31 16
30 16
29 16
28 16
28 17
28 18
27 18
28 18
28 19
27 19
26 19
26 18
25 18
25 17
25 18
24 18
24 19
25 19
24 19
25 19
26 19
27 19
28 19
28 18
28 17
27 17
27 16
26 16
27 16
27 17
28 17
27 17
28 17
27 17
27 18
27 19
27 18
28 18
28 19
27 19
27 20
27 21
28 21
28 20
29 20
29 19
29 20
29 19
29 20
30 20
30 21
31 21
30 21
30 22
29 22
30 22
30 23
30 22
31 22
31 23
30 23
30 22
30 21
30 20
30 19
30 18
30 17
31 17
31 18
31 17
31 18
31 17
31 18
31 17
31 16
31 15
31 14
31 15
31 16
32 16
32 15
32 16
31 16
32 16
32 15
32 14
33 14
32 14
32 15
33 15
33 14
34 14
35 14
35 13
34 13
35 13
35 14
34 14
33 14
34 14
33 14
32 14
32 13
33 13
33 12
34 12
34 13
33 13
32 13
33 13
33 14
32 14
31 14
32 14
33 14
33 15
34 15
35 15
35 14
36 14
35 14
35 15
36 15
37 15
37 16
37 17
38 17
38 18
37 18
37 19
37 18
37 17
37 16
37 15
36 15
36 16
37 16
37 15
37 16
38 16
37 16
37 17
36 17
35 17
36 17
37 17
36 17
36 18
37 18
37 19
36 19
36 20
36 19
36 20
37 20
37 21
36 21
37 21
37 22
