0 0
1 0
2 0
2 1
1 1
1 2
2 2
2 3
1 3
1 4
1 5
1 4
1 3
1 2
1 1
1 2
1 1
1 0
2 0
2 1
1 1
1 0
1 1
1 2
1 3
0 3
1 3
2 3
3 3
3 4
2 4
3 4
3 3
3 4
3 3
2 3
1 3
0 3
0 4
1 4
2 4
3 4
3 3
3 4
2 4
1 4
1 3
2 3
2 2
2 1
2 0
3 0
4 0
5 0
4 0
4 1
5 1
6 1
7 1
7 2
7 3
7 4
7 5
6 5
5 5
5 6
5 5
4 5
4 4
4 5
5 5
5 6
5 5
5 6
5 7
5 8
6 8
7 8
6 8
6 7
6 8
6 9
6 10
5 10
5 9
6 9
6 10
5 10
5 9
6 9
5 9
5 10
6 10
7 10
7 11
8 11
8 10
7 10
8 10
9 10
10 10
10 11
11 11
11 10
11 11
12 11
12 10
12 9
12 8
12 7
12 6
11 6
11 5
11 6
12 6
11 6
10 6
11 6
10 6
9 6
9 7
9 6
9 7
9 8
8 8
7 8
8 8
9 8
9 9
8 9
7 9
7 8
8 8
9 8
10 8
9 8
8 8
8 9
9 9
10 9
10 10
9 10
9 9
8 9
7 9
7 8
7 7
8 7
7 7
7 6
6 6
5 6
6 6
6 5
5 5
5 4
4 4
4 3
3 3
2 3
2 4
3 4
3 3
4 3
4 4
4 3
5 3
4 3
3 3
3 4
3 5
4 5
4 6
3 6
4 6
4 5
5 5
4 5
4 4
5 4
4 4
3 4
2 4
2 3
2 4
2 3
1 3
0 3
0 2
0 3
0 2
1 2
1 3
1 4
2 4
3 4
3 5
4 5
4 4
4 5
3 5
2 5
3 5
4 5
5 5
6 5
6 6
7 6
8 6
7 6
7 7
7 6
7 5
6 5
6 6
5 6
4 6
4 7
3 7
3 8
3 7
3 6
3 7
3 8
3 9
3 10
3 11
3 12
3 13
2 13
2 14
2 15
3 15
4 15
4 16
3 16
3 17
2 17
2 18
1 18
0 18
0 19
1 19
2 19
3 19
3 18
4 18
4 17
5 17
6 17
5 17
6 17
6 16
6 15
6 16
6 17
6 16
7 16
8 16
7 16
8 16
9 16
9 17
9 18
9 17
9 18
10 18
11 18
11 17
11 16
12 16
11 16
11 17
10 17
11 17
12 17
12 16
13 16
13 17
13 18
12 18
11 18
10 18
9 18
10 18
9 18
9 19
9 18
10 18
10 19
10 20
11 20
11 21
11 20
10 20
9 20
10 20
11 20
11 19
12 19
11 19
10 19
10 18
10 17
10 18
11 18
12 18
13 18
14 18
15 18
15 17
15 18
16 18
16 19
17 19
18 19
18 18
19 18
19 17
18 17
19 17
19 16
20 16
20 15
21 15
22 15
22 14
22 13
22 14
22 15
22 16
21 16
21 17
20 17
20 16
20 15
21 15
21 14
21 15
22 15
23 15
23 16
24 16
24 17
25 17
24 17
24 16
24 15
23 15
22 15
22 14
23 14
23 13
24 13
24 14
24 15
23 15
24 15
25 15
24 15
23 15
23 16
23 15
23 16
23 15
22 15
23 15
24 15
24 14
23 14
23 15
22 15
22 14
22 13
22 14
22 15
22 14
22 15
23 15
23 16
23 17
24 17
25 17
25 16
26 16
26 17
26 16
26 17
26 16
25 16
26 16
25 16
24 16
23 16
23 17
23 18
24 18
25 18
25 17
25 18
24 18
25 18
25 17
25 18
26 18
26 17
26 18
27 18
27 19
26 19
26 20
25 20
24 20
23 20
22 20
22 19
22 18
21 18
22 18
23 18
23 17
23 16
23 15
23 16
24 16
25 16
25 17
25 18
25 17
24 17
24 18
24 17
25 17
24 17
25 17
25 18
25 17
25 18
25 19
25 20
26 20
26 19
27 19
27 18
26 18
26 17
26 16
27 16
28 16
29 16
29 15
28 15
27 15
28 15
28 14
28 15
27 15
26 15
26 16
27 16
27 17
27 18
28 18
28 17
28 16
28 15
29 15
28 15
28 14
28 15
28 14
28 13
28 12
27 12
27 13
28 13
28 14
29 14
28 14
27 14
27 15
27 14
26 14
25 14
24 14
24 15
24 14
24 15
24 16
24 15
24 14
24 15
24 16
25 16
25 17
24 17
23 17
23 16
23 17
23 16
23 15
22 15
23 15
24 15
24 16
25 16
26 16
26 17
25 17
26 17
25 17
25 18
24 18
24 19
24 20
25 20
24 20
24 21
24 22
25 22
25 21
25 20
25 21
26 21
27 21
27 22
28 22
28 23
28 24
28 23
28 22
28 21
27 21
26 21
26 22
26 23
25 23
26 23
27 23
26 23
26 24
26 23
27 23
26 23
26 22
25 22
26 22
27 22
26 22
26 23
26 24
25 24
25 23
26 23
26 22
26 21
26 22
27 22
27 21
27 22
27 23
28 23
27 23
28 23
28 22
29 22
30 22
29 22
28 22
28 23
28 22
28 23
29 23
28 23
29 23
30 23
31 23
32 23
31 23
31 24
32 24
31 24
31 25
30 25
30 26
29 26
30 26
30 27
30 26
30 27
30 28
31 28
31 27
32 27
32 26
31 26
30 26
30 25
30 24
30 23
30 22
30 21
30 22
29 22
30 22
30 23
31 23
31 22
30 22
29 22
30 22
31 22
30 22
30 21
29 21
28 21
27 21
27 22
28 22
28 21
29 21
28 21
27 21
27 20
27 21
28 21
29 21
30 21
31 21
31 20
31 21
31 22
31 23
31 22
30 22
29 22
30 22
30 21
30 22
31 22
32 22
33 22
33 21
33 20
33 21
34 21
33 21
33 20
32 20
31 20
32 20
31 20
30 20
29 20
28 20
28 21
27 21
28 21
27 21
26 21
25 21
25 22
26 22
26 21
26 22
26 23
26 22
26 21
26 20
26 21
26 20
27 20
27 21
27 20
26 20
27 20
27 19
27 18
28 18
27 18
26 18
26 19
25 19
26 19
26 20
27 20
28 20
29 20
28 20
28 21
28 20
28 21
29 21
29 22
29 21
28 21
27 21
26 21
26 22
26 23
25 23
24 23
25 23
26 23
26 24
26 23
25 23
26 23
26 24
27 24
27 25
28 25
27 25
26 25
25 25
25 24
24 24
24 25
25 25
26 25
26 24
27 24
26 24
25 24
25 25
26 25
27 25
28 25
29 25
28 25
28 24
27 24
26 24
25 24
24 24
24 23
25 23
25 24
26 24
26 23
26 24
26 25
25 25
24 25
23 25
23 26
23 25
23 26
23 25
22 25
21 25
21 26
20 26
19 26
19 25
18 25
19 25
20 25
19 25
19 24
20 24
19 24
19 23
19 22
18 22
18 21
17 21
18 21
19 21
20 21
19 21
18 21
17 21
17 20
17 19
18 19
17 19
17 18
17 17
18 17
19 17
19 16
19 17
19 16
20 16
19 16
19 17
18 17
18 18
17 18
16 18
16 17
16 18
17 18
18 18
18 19
19 19
19 20
20 20
21 20
21 21
20 21
21 21
21 20
21 19
20 19
20 18
20 17
20 16
19 16
18 16
19 16
19 15
19 16
19 17
18 17
18 18
18 19
19 19
19 18
18 18
17 18
17 19
18 19
18 20
19 20
19 21
18 21
18 20
18 19
19 19
18 19
18 20
17 20
17 19
16 19
17 19
17 18
17 19
17 20
16 20
16 19
16 20
16 19
16 20
16 19
15 19
15 20
15 19
14 19
15 19
16 19
16 18
17 18
18 18
17 18
17 19
16 19
17 19
16 19
16 18
16 19
16 18
16 19
16 20
16 19
17 19
18 19
17 19
18 19
19 19
20 19
19 19
20 19
20 18
21 18
22 18
22 19
23 19
23 20
24 20
24 21
23 21
23 20
23 19
24 19
24 20
24 19
23 19
23 18
22 18
23 18
22 18
22 19
22 18
21 18
21 17
22 17
23 17
24 17
24 16
24 17
24 18
24 17
25 17
26 17
26 16
26 17
25 17
24 17
25 17
25 16
25 17
25 16
25 15
25 16
25 17
26 17
26 18
26 17
27 17
26 17
26 18
25 18
26 18
25 18
24 18
25 18
25 19
26 19
26 18
25 18
24 18
24 17
24 16
24 15
23 15
22 15
22 16
23 16
23 15
23 16
24 16
24 17
24 18
24 17
24 18
23 18
24 18
24 19
24 20
23 20
23 21
23 20
24 20
25 20
26 20
25 20
25 21
26 21
25 21
25 22
25 21
25 22
25 21
26 21
26 22
26 21
26 20
27 20
28 20
27 20
27 21
27 20
28 20
27 20
27 19
27 18
26 18
25 18
25 17
26 17
25 17
24 17
23 17
23 18
22 18
23 18
22 18
22 17
22 18
23 18
22 18
22 19
21 19
22 19
22 20
21 20
22 20
22 19
