0 0
1 0
1 1
1 0
1 1
2 1
1 1
1 0
2 0
1 0
0 0
0 1
1 1
1 2
1 1
2 1
2 2
1 2
2 2
1 2
0 2
1 2
1 1
1 2
2 2
2 1
2 0
2 1
3 1
3 2
4 2
4 1
4 2
4 3
5 3
6 3
7 3
8 3
8 4
7 4
6 4
6 3
6 4
6 3
7 3
6 3
6 4
7 4
8 4
9 4
9 5
10 5
9 5
9 6
10 6
11 6
11 5
10 5
9 5
8 5
8 6
8 7
9 7
9 6
10 6
10 5
9 5
9 6
10 6
9 6
9 5
9 6
8 6
7 6
8 6
9 6
9 7
10 7
9 7
8 7
8 6
8 5
7 5
7 6
7 5
7 4
6 4
5 4
5 3
5 2
6 2
6 3
6 4
5 4
6 4
7 4
7 3
7 4
6 4
6 5
6 4
5 4
5 5
5 6
6 6
6 5
6 4
7 4
8 4
9 4
9 3
8 3
7 3
6 3
5 3
6 3
5 3
6 3
6 2
6 3
5 3
5 4
6 4
5 4
5 5
5 6
6 6
7 6
7 5
6 5
6 6
5 6
5 7
6 7
6 8
5 8
6 8
6 9
7 9
6 9
6 10
5 10
4 10
3 10
3 9
2 9
1 9
0 9
1 9
2 9
2 8
2 9
1 9
1 8
2 8
2 7
1 7
1 8
0 8
1 8
2 8
2 9
1 9
2 9
2 8
2 9
2 8
2 7
3 7
4 7
3 7
3 8
3 9
2 9
2 8
1 8
1 9
1 8
0 8
0 7
1 7
1 8
1 9
0 9
1 9
0 9
1 9
1 10
1 9
2 9
2 10
1 10
1 9
1 8
1 9
2 9
2 8
1 8
2 8
2 7
2 6
2 7
2 8
2 9
2 10
1 10
0 10
1 10
0 10
0 11
0 12
0 11
1 11
1 10
2 10
2 11
1 11
1 10
2 10
3 10
3 9
3 8
4 8
3 8
2 8
3 8
2 8
2 7
2 6
1 6
1 7
0 7
1 7
1 6
0 6
1 6
1 7
1 8
0 8
1 8
1 7
0 7
0 8
1 8
0 8
1 8
1 9
2 9
2 8
1 8
0 8
0 9
1 9
1 8
1 7
2 7
3 7
2 7
2 8
2 7
3 7
3 8
2 8
2 9
2 8
3 8
2 8
3 8
3 7
4 7
4 8
4 9
4 10
4 9
5 9
5 8
5 9
6 9
6 8
6 9
7 9
7 10
7 9
7 10
7 9
8 9
8 8
8 9
9 9
8 9
7 9
7 8
8 8
8 7
8 6
8 5
9 5
8 5
8 4
8 5
8 4
9 4
10 4
9 4
8 4
8 5
9 5
8 5
8 4
8 5
7 5
8 5
9 5
10 5
10 6
10 7
10 8
10 7
10 6
10 7
9 7
9 8
10 8
11 8
11 7
11 8
10 8
11 8
12 8
11 8
12 8
12 7
12 8
12 9
13 9
13 8
13 9
12 9
12 8
13 8
13 7
13 8
12 8
11 8
11 7
11 8
12 8
12 7
13 7
12 7
12 6
11 6
12 6
12 5
12 6
12 5
13 5
13 6
12 6
12 5
13 5
14 5
14 4
14 3
13 3
12 3
13 3
13 4
13 5
14 5
14 4
14 3
14 4
14 3
15 3
14 3
15 3
15 2
15 3
15 2
16 2
16 1
16 0
16 1
16 2
17 2
18 2
17 2
16 2
16 1
17 1
18 1
18 2
17 2
17 3
18 3
17 3
18 3
19 3
19 4
19 3
18 3
18 2
18 1
18 2
18 3
18 4
17 4
17 5
16 5
16 6
15 6
16 6
17 6
17 5
18 5
19 5
18 5
18 6
19 6
18 6
18 5
17 5
16 5
17 5
17 4
17 3
16 3
16 4
16 3
17 3
16 3
17 3
17 4
18 4
18 5
17 5
16 5
16 6
16 5
16 4
17 4
16 4
17 4
18 4
19 4
19 3
19 2
20 2
20 3
20 2
20 1
20 2
21 2
21 1
22 1
22 0
22 1
23 1
22 1
21 1
22 1
22 0
23 0
22 0
21 0
21 1
22 1
21 1
21 2
20 2
19 2
19 1
18 1
19 1
20 1
20 0
20 1
20 0
20 1
21 1
22 1
22 2
22 3
21 3
21 2
21 3
21 2
20 2
20 3
19 3
19 4
19 5
19 6
19 7
20 7
20 8
21 8
20 8
21 8
20 8
20 9
20 10
20 11
19 11
20 11
21 11
21 10
21 11
22 11
23 11
24 11
25 11
25 10
26 10
26 9
25 9
24 9
24 8
25 8
25 9
25 8
26 8
26 9
26 10
27 10
27 11
27 10
28 10
27 10
28 10
27 10
28 10
28 11
27 11
28 11
27 11
26 11
26 10
26 9
26 10
26 11
27 11
27 10
28 10
27 10
27 9
28 9
28 10
27 10
28 10
29 10
29 11
30 11
29 11
29 10
29 11
29 10
30 10
30 11
30 10
29 10
29 9
28 9
27 9
27 8
28 8
27 8
28 8
27 8
28 8
28 7
29 7
29 6
28 6
28 7
27 7
28 7
29 7
30 7
30 8
29 8
30 8
30 9
29 9
29 8
28 8
28 7
27 7
28 7
28 8
27 8
26 8
25 8
25 7
25 8
25 9
26 9
26 10
27 10
28 10
27 10
28 10
28 9
29 9
30 9
30 10
30 11
30 12
31 12
30 12
31 12
32 12
31 12
31 13
31 14
31 13
32 13
32 12
31 12
30 12
30 11
30 12
31 12
31 11
32 11
32 10
32 11
32 12
32 13
32 12
32 13
33 13
34 13
34 14
34 13
33 13
33 14
33 13
32 13
32 14
33 14
32 14
33 14
33 13
33 14
34 14
35 14
35 13
36 13
36 14
37 14
37 13
37 12
38 12
37 12
36 12
36 11
35 11
34 11
34 10
33 10
32 10
33 10
33 9
33 8
32 8
32 7
33 7
33 6
33 7
33 6
33 5
32 5
32 6
32 5
32 4
32 3
32 2
33 2
33 3
34 3
33 3
32 3
32 4
32 3
31 3
31 2
31 3
32 3
31 3
32 3
31 3
32 3
32 4
32 3
31 3
31 4
31 3
31 2
31 1
31 2
31 3
32 3
31 3
31 4
31 3
30 3
31 3
32 3
32 2
33 2
34 2
34 1
35 1
35 0
36 0
36 1
37 1
36 1
36 2
35 2
34 2
34 3
33 3
33 2
33 1
33 2
33 1
32 1
32 2
32 1
33 1
34 1
35 1
35 2
34 2
35 2
35 3
35 4
36 4
37 4
37 5
37 4
38 4
38 3
38 2
37 2
37 1
38 1
38 2
37 2
38 2
38 3
38 2
38 3
38 2
39 2
40 2
39 2
39 1
38 1
38 2
38 3
38 2
38 3
39 3
40 3
40 4
40 3
41 3
41 4
41 3
41 4
41 5
41 6
41 7
41 6
41 5
41 4
40 4
40 3
40 2
41 2
41 1
40 1
40 0
41 0
40 0
41 0
41 1
40 1
39 1
39 2
39 1
40 1
40 2
41 2
41 1
42 1
43 1
43 0
42 0
42 1
42 0
42 1
43 1
42 1
42 0
43 0
44 0
44 1
44 2
44 1
44 0
44 1
43 1
44 1
43 1
43 0
44 0
44 1
44 2
43 2
44 2
45 2
45 1
44 1
44 2
45 2
46 2
45 2
46 2
46 3
47 3
46 3
47 3
47 4
47 3
47 2
47 1
47 0
47 1
48 1
47 1
48 1
48 0
48 1
49 1
49 2
49 1
49 0
50 0
50 1
50 2
51 2
51 3
52 3
51 3
51 2
51 3
51 4
51 3
51 2
52 2
53 2
53 3
53 4
53 3
52 3
53 3
54 3
54 4
54 5
54 4
53 4
53 3
53 2
52 2
51 2
50 2
51 2
51 1
52 1
51 1
51 2
52 2
53 2
53 1
52 1
52 2
53 2
53 3
53 4
52 4
51 4
51 5
52 5
52 4
53 4
54 4
54 3
53 3
53 4
54 4
54 5
53 5
52 5
53 5
52 5
52 6
53 6
53 5
54 5
54 4
53 4
53 5
53 6
54 6
54 7
55 7
56 7
56 6
56 7
57 7
57 8
56 8
57 8
56 8
56 9
57 9
58 9
59 9
58 9
58 8
58 7
58 6
57 6
56 6
57 6
57 7
57 6
56 6
56 5
55 5
54 5
53 5
53 4
53 5
52 5
51 5
50 5
49 5
50 5
51 5
50 5
49 5
49 6
50 6
49 6
48 6
48 5
48 4
48 3
48 4
47 4
47 3
47 4
47 5
47 4
48 4
47 4
47 5
48 5
48 4
49 4
50 4
49 4
48 4
48 3
47 3
47 2
47 1
47 2
47 1
46 1
45 1
44 1
45 1
45 2
45 1
44 1
45 1
45 2
45 1
45 2
45 1
44 1
44 0
44 1
