0 0
1 0
2 0
2 1
1 1
1 2
0 2
1 2
0 2
1 2
1 3
2 3
2 4
2 3
3 3
2 3
1 3
1 2
2 2
2 1
1 1
1 2
1 3
1 2
2 2
2 3
2 4
1 4
0 4
0 5
0 6
1 6
1 5
1 6
0 6
0 7
1 7
2 7
2 8
2 9
2 10
1 10
0 10
1 10
2 10
1 10
1 9
2 9
2 8
3 8
4 8
3 8
4 8
4 9
4 10
5 10
5 11
5 12
4 12
5 12
5 11
4 11
3 11
3 10
3 11
3 12
2 12
2 11
2 12
1 12
1 11
1 12
1 11
1 10
0 10
0 9
1 9
2 9
3 9
2 9
1 9
1 10
2 10
3 10
3 11
3 10
3 11
3 12
4 12
3 12
3 13
4 13
4 14
4 15
5 15
5 16
6 16
5 16
5 15
5 16
4 16
4 15
3 15
3 14
3 15
3 14
2 14
1 14
1 15
2 15
2 16
2 17
1 17
1 16
1 17
2 17
2 18
1 18
2 18
3 18
2 18
2 19
3 19
3 18
4 18
5 18
5 19
6 19
6 20
5 20
6 20
6 19
6 18
7 18
7 19
7 18
7 19
8 19
9 19
9 18
10 18
11 18
12 18
12 17
12 18
13 18
14 18
15 18
14 18
15 18
15 17
14 17
14 16
14 17
14 16
14 17
13 17
12 17
11 17
10 17
10 18
10 17
10 16
9 16
8 16
8 15
9 15
8 15
8 14
7 14
6 14
7 14
6 14
7 14
7 15
7 14
7 15
7 14
6 14
6 13
6 14
5 14
4 14
3 14
4 14
4 15
3 15
3 14
3 15
3 16
3 15
3 16
3 17
4 17
3 17
3 16
3 15
3 16
4 16
3 16
3 17
3 18
4 18
4 19
5 19
5 20
5 21
5 20
4 20
4 21
5 21
6 21
5 21
5 22
5 23
5 24
5 25
6 25
6 24
7 24
7 25
7 24
8 24
9 24
10 24
10 25
11 25
11 26
10 26
11 26
11 27
12 27
13 27
13 26
13 27
12 27
11 27
10 27
10 28
10 27
10 26
10 25
10 26
9 26
8 26
8 25
9 25
9 24
9 23
9 22
8 22
8 21
8 22
9 22
9 23
9 24
8 24
7 24
7 25
6 25
7 25
7 26
6 26
6 25
6 26
7 26
6 26
6 25
5 25
5 24
4 24
4 25
4 24
4 23
3 23
2 23
1 23
1 22
2 22
3 22
2 22
3 22
2 22
1 22
0 22
0 21
1 21
1 22
1 21
2 21
3 21
3 20
3 21
2 21
2 20
2 19
3 19
3 20
3 19
3 20
3 21
3 20
3 21
3 20
4 20
3 20
2 20
2 19
3 19
4 19
4 20
4 19
3 19
4 19
4 20
4 21
4 20
3 20
4 20
4 19
4 18
4 19
5 19
5 18
4 18
3 18
3 19
2 19
3 19
3 20
2 20
1 20
2 20
2 21
2 22
2 21
2 22
2 21
3 21
2 21
3 21
2 21
2 22
1 22
1 21
1 20
1 19
2 19
2 18
2 17
2 18
2 19
1 19
1 18
2 18
1 18
2 18
1 18
1 17
0 17
0 18
1 18
2 18
1 18
1 17
1 18
0 18
1 18
2 18
2 17
3 17
3 16
3 15
3 14
2 14
1 14
2 14
1 14
2 14
3 14
3 13
4 13
4 12
4 13
4 12
5 12
4 12
4 13
4 14
4 13
4 14
4 13
5 13
5 12
5 11
5 10
5 11
5 12
6 12
6 13
6 14
6 15
6 14
5 14
6 14
6 15
6 16
5 16
5 17
5 16
6 16
6 15
6 16
7 16
7 17
7 18
8 18
8 17
8 18
8 17
8 16
9 16
8 16
8 15
8 14
9 14
9 15
9 16
9 15
8 15
7 15
7 16
7 17
8 17
7 17
6 17
6 16
6 17
7 17
7 16
6 16
6 17
6 18
5 18
5 17
5 18
4 18
5 18
4 18
4 19
4 20
5 20
5 19
5 20
4 20
4 19
5 19
5 18
4 18
4 19
4 20
4 21
4 22
4 21
5 21
6 21
7 21
7 22
7 21
8 21
8 22
8 23
8 22
9 22
10 22
10 21
10 20
10 19
9 19
10 19
11 19
10 19
9 19
9 18
9 19
9 18
9 17
10 17
10 18
10 19
11 19
11 18
12 18
12 19
12 20
12 19
13 19
14 19
13 19
12 19
12 20
12 21
12 20
13 20
14 20
14 19
14 20
14 21
13 21
13 22
13 23
13 24
12 24
12 25
13 25
12 25
13 25
14 25
14 24
14 23
13 23
12 23
12 24
12 23
11 23
12 23
12 24
12 25
12 26
12 27
12 26
11 26
11 25
10 25
9 25
8 25
8 26
8 25
9 25
8 25
8 26
8 25
8 26
9 26
10 26
9 26
8 26
8 25
8 26
7 26
6 26
7 26
7 25
6 25
7 25
7 26
8 26
7 26
7 27
8 27
8 26
9 26
10 26
11 26
12 26
13 26
13 27
12 27
12 26
13 26
14 26
13 26
14 26
14 27
15 27
15 26
14 26
13 26
13 27
13 26
13 27
13 28
14 28
14 29
15 29
15 30
16 30
15 30
16 30
16 31
15 31
16 31
16 32
16 33
16 34
17 34
17 35
16 35
15 35
15 34
15 33
15 34
15 33
15 34
15 33
14 33
15 33
14 33
14 34
14 35
13 35
14 35
14 36
13 36
14 36
13 36
12 36
11 36
11 37
10 37
10 38
10 39
9 39
9 40
9 41
9 40
9 39
9 38
9 37
10 37
11 37
12 37
12 36
12 35
13 35
13 36
14 36
14 37
14 36
15 36
16 36
15 36
15 37
16 37
16 38
15 38
15 37
16 37
16 36
15 36
15 37
16 37
16 38
17 38
17 37
17 36
17 35
16 35
15 35
14 35
14 36
14 35
13 35
12 35
11 35
12 35
12 36
12 37
13 37
13 36
12 36
13 36
13 37
12 37
12 36
13 36
12 36
11 36
11 37
12 37
12 36
12 37
12 36
12 35
13 35
13 34
13 35
14 35
15 35
15 34
15 33
15 34
14 34
13 34
13 35
14 35
14 36
14 37
15 37
14 37
14 38
13 38
13 39
13 40
14 40
13 40
12 40
12 41
12 40
12 39
12 40
12 41
11 41
10 41
10 42
10 43
10 44
9 44
9 45
9 46
10 46
9 46
9 47
9 46
9 45
9 44
9 43
10 43
10 42
11 42
11 41
12 41
12 40
12 41
11 41
10 41
9 41
9 42
9 43
9 42
8 42
8 41
9 41
9 42
9 41
9 42
8 42
8 43
7 43
7 44
7 45
7 44
7 45
6 45
6 44
7 44
7 43
6 43
6 44
6 45
6 46
6 47
6 48
7 48
6 48
6 49
6 50
6 49
7 49
7 48
7 47
7 46
8 46
8 45
7 45
7 44
6 44
7 44
8 44
9 44
9 43
9 44
9 43
9 44
8 44
8 45
7 45
8 45
9 45
9 44
8 44
7 44
8 44
9 44
9 45
9 44
9 45
8 45
9 45
9 44
10 44
10 43
10 42
10 43
9 43
9 42
10 42
10 43
10 42
11 42
10 42
10 41
11 41
12 41
12 42
13 42
14 42
14 41
15 41
15 40
15 39
16 39
15 39
15 40
16 40
16 39
16 38
17 38
16 38
17 38
17 39
16 39
17 39
17 40
17 41
16 41
17 41
18 41
18 42
17 42
16 42
16 43
16 44
17 44
18 44
18 43
18 42
19 42
18 42
19 42
19 43
20 43
20 42
19 42
19 41
20 41
20 40
20 41
21 41
21 40
21 41
20 41
21 41
21 40
21 39
22 39
22 40
22 41
22 42
22 41
22 40
22 41
22 40
23 40
23 41
23 40
23 39
22 39
22 38
22 39
21 39
21 38
21 37
21 36
21 35
21 34
20 34
19 34
18 34
18 33
17 33
17 32
18 32
17 32
16 32
16 33
15 33
16 33
17 33
18 33
17 33
17 34
17 33
18 33
19 33
20 33
19 33
19 32
19 31
20 31
19 31
19 30
19 31
19 30
18 30
18 31
17 31
17 30
18 30
17 30
18 30
17 30
17 29
16 29
15 29
14 29
14 30
14 31
15 31
15 30
15 29
14 29
14 30
13 30
13 31
13 30
13 29
12 29
13 29
14 29
14 30
13 30
14 30
14 31
14 30
15 30
15 31
16 31
16 32
15 32
15 31
15 32
14 32
14 33
13 33
13 34
13 35
13 36
12 36
11 36
12 36
11 36
12 36
11 36
11 35
12 35
12 36
12 37
12 36
12 35
13 35
14 35
14 36
13 36
13 35
13 36
12 36
11 36
10 36
10 35
10 36
9 36
9 35
10 35
9 35
9 34
10 34
10 33
11 33
10 33
9 33
8 33
9 33
10 33
11 33
12 33
12 32
13 32
13 31
12 31
