0 0
1 0
1 1
0 1
0 0
1 0
1 1
2 1
1 1
1 0
2 0
1 0
2 0
2 1
3 1
2 1
2 0
2 1
1 1
2 1
3 1
4 1
4 0
5 0
6 0
5 0
6 0
6 1
5 1
5 0
5 1
5 0
4 0
4 1
5 1
5 0
4 0
5 0
5 1
5 0
5 1
5 2
6 2
7 2
8 2
8 1
8 2
9 2
10 2
10 1
10 0
9 0
10 0
9 0
9 1
9 0
10 0
10 1
11 1
12 1
12 2
12 1
12 0
12 1
12 2
12 3
13 3
13 4
12 4
11 4
12 4
11 4
11 3
11 2
11 3
11 4
10 4
9 4
10 4
9 4
10 4
11 4
11 5
11 6
11 5
12 5
12 6
11 6
11 5
10 5
10 6
9 6
9 5
10 5
10 6
9 6
9 7
9 6
10 6
10 5
11 5
11 6
11 7
11 6
10 6
10 5
10 6
9 6
9 5
9 4
8 4
8 5
7 5
6 5
6 6
5 6
6 6
5 6
5 5
6 5
7 5
8 5
7 5
6 5
7 5
7 4
7 5
7 6
8 6
9 6
9 7
9 6
9 5
8 5
7 5
6 5
5 5
6 5
7 5
7 6
7 5
6 5
6 4
6 5
6 4
7 4
6 4
5 4
5 3
5 2
4 2
3 2
3 1
3 2
2 2
1 2
1 1
2 1
2 2
1 2
0 2
1 2
1 1
1 0
0 0
0 1
0 2
0 3
0 4
1 4
1 5
0 5
0 4
1 4
1 3
2 3
2 2
3 2
4 2
4 1
4 0
5 0
4 0
4 1
4 0
3 0
3 1
4 1
4 0
4 1
5 1
6 1
7 1
8 1
7 1
7 0
7 1
8 1
9 1
9 2
9 3
8 3
7 3
7 2
7 3
7 2
6 2
5 2
6 2
7 2
7 1
6 1
6 0
7 0
8 0
8 1
8 2
9 2
9 1
9 0
8 0
7 0
7 1
7 2
6 2
6 3
6 2
7 2
8 2
8 3
8 2
8 1
7 1
8 1
7 1
6 1
6 2
5 2
5 1
6 1
6 2
6 3
6 2
6 3
6 2
6 1
6 2
7 2
6 2
7 2
7 3
6 3
6 2
6 3
6 2
5 2
5 1
5 0
4 0
4 1
4 0
5 0
5 1
5 2
5 3
5 2
5 1
6 1
6 2
6 3
7 3
6 3
7 3
7 4
7 3
8 3
8 4
9 4
8 4
8 5
7 5
7 4
6 4
7 4
6 4
6 5
7 5
6 5
6 6
6 7
6 6
6 5
7 5
7 4
8 4
8 3
7 3
7 4
8 4
9 4
8 4
9 4
10 4
10 5
10 6
10 7
10 6
10 7
9 7
9 6
9 7
9 8
10 8
11 8
11 7
11 6
12 6
11 6
10 6
10 7
10 8
9 8
9 9
8 9
7 9
6 9
7 9
8 9
9 9
8 9
7 9
7 10
7 11
8 11
9 11
9 12
10 12
9 12
9 11
8 11
8 12
8 13
8 12
7 12
8 12
9 12
8 12
8 11
8 12
9 12
9 11
10 11
10 12
10 11
10 10
11 10
10 10
11 10
11 9
11 10
11 11
10 11
10 12
9 12
9 13
8 13
8 14
8 15
8 16
8 17
8 18
7 18
8 18
7 18
6 18
6 19
7 19
8 19
7 19
6 19
6 18
5 18
5 19
6 19
5 19
5 20
6 20
6 19
5 19
5 18
6 18
5 18
4 18
5 18
6 18
6 19
5 19
5 20
5 21
5 22
6 22
5 22
5 23
6 23
6 24
6 25
5 25
4 25
3 25
4 25
4 26
4 25
4 24
5 24
5 23
5 24
6 24
5 24
5 23
5 22
6 22
6 21
7 21
6 21
6 22
5 22
5 21
5 20
5 19
4 19
4 18
4 17
4 18
5 18
5 17
6 17
7 17
7 18
7 19
8 19
7 19
8 19
8 18
8 17
9 17
8 17
8 18
7 18
7 19
8 19
7 19
7 20
8 20
8 21
8 20
9 20
8 20
8 21
9 21
8 21
8 20
8 19
8 18
8 19
7 19
7 20
7 19
8 19
8 20
8 19
7 19
6 19
6 20
7 20
7 21
6 21
5 21
6 21
6 22
6 23
6 22
6 21
5 21
6 21
6 22
6 21
5 21
5 20
4 20
4 21
4 20
4 21
4 22
3 22
2 22
2 23
3 23
3 24
3 23
3 22
2 22
3 22
4 22
4 23
3 23
4 23
3 23
2 23
2 22
2 21
1 21
2 21
2 22
3 22
3 21
2 21
2 22
3 22
3 23
3 22
2 22
1 22
0 22
0 23
1 23
0 23
0 24
0 25
1 25
0 25
1 25
1 24
1 23
1 24
1 25
1 26
1 25
2 25
1 25
0 25
0 24
0 23
1 23
1 22
1 21
1 20
1 21
1 20
0 20
1 20
0 20
1 20
0 20
0 21
1 21
2 21
1 21
1 22
1 23
0 23
0 24
1 24
0 24
0 25
1 25
1 24
1 23
2 23
1 23
0 23
0 22
1 22
1 21
2 21
2 20
2 21
3 21
3 20
4 20
4 21
3 21
3 22
3 21
2 21
1 21
0 21
1 21
2 21
3 21
2 21
2 22
2 23
1 23
2 23
2 22
2 23
3 23
3 22
2 22
1 22
0 22
0 21
0 22
0 21
1 21
2 21
2 20
2 21
1 21
1 20
0 20
1 20
2 20
1 20
1 19
0 19
1 19
1 20
2 20
3 20
3 21
2 21
3 21
3 22
3 21
4 21
4 22
4 23
3 23
3 24
3 25
3 26
3 25
4 25
4 24
3 24
3 25
4 25
4 26
3 26
4 26
3 26
4 26
5 26
5 27
5 28
6 28
7 28
7 27
8 27
9 27
9 26
10 26
9 26
9 27
10 27
9 27
9 28
8 28
8 29
7 29
6 29
7 29
7 30
7 31
8 31
8 30
9 30
8 30
8 31
8 32
8 33
8 32
7 32
7 33
7 32
7 33
7 34
7 33
7 34
7 33
6 33
5 33
4 33
4 34
3 34
4 34
4 35
4 36
4 35
4 34
3 34
4 34
3 34
4 34
4 35
5 35
6 35
5 35
6 35
7 35
6 35
6 36
7 36
7 35
6 35
6 34
6 33
6 34
6 35
5 35
4 35
3 35
3 36
3 35
2 35
2 36
3 36
3 35
3 34
3 35
2 35
3 35
3 34
4 34
5 34
5 35
6 35
6 34
5 34
4 34
4 33
4 34
3 34
3 33
4 33
5 33
4 33
3 33
2 33
3 33
2 33
2 34
3 34
2 34
3 34
3 35
3 34
3 33
2 33
3 33
4 33
4 34
5 34
5 35
5 36
5 37
5 36
5 37
4 37
3 37
2 37
2 36
2 37
1 37
2 37
3 37
4 37
4 38
4 37
3 37
3 36
2 36
3 36
4 36
4 37
5 37
5 36
5 35
6 35
7 35
6 35
6 34
5 34
4 34
4 33
3 33
3 34
4 34
5 34
4 34
5 34
5 33
5 32
5 31
5 32
5 33
5 34
5 33
4 33
4 34
4 35
3 35
4 35
5 35
5 36
6 36
6 37
5 37
6 37
6 36
6 35
6 36
5 36
4 36
3 36
4 36
5 36
5 37
6 37
6 38
5 38
4 38
5 38
6 38
6 39
5 39
5 40
5 39
4 39
4 38
4 37
4 36
5 36
4 36
4 35
4 36
4 37
5 37
6 37
6 38
7 38
6 38
7 38
6 38
7 38
7 37
6 37
7 37
7 38
7 37
7 38
7 39
6 39
6 40
5 40
5 39
5 40
6 40
5 40
6 40
6 41
6 40
7 40
8 40
8 39
9 39
9 38
9 37
10 37
10 38
9 38
9 37
8 37
8 38
7 38
8 38
8 37
8 36
8 37
7 37
7 38
8 38
7 38
8 38
9 38
8 38
8 37
7 37
7 38
7 37
7 36
7 37
7 38
7 37
7 36
7 35
8 35
9 35
9 34
9 35
8 35
9 35
9 36
9 35
9 36
9 35
10 35
11 35
11 34
11 33
11 32
12 32
11 32
11 33
10 33
11 33
11 32
10 32
9 32
9 33
8 33
8 34
8 35
8 34
9 34
9 35
10 35
9 35
9 34
10 34
9 34
8 34
8 35
7 35
7 34
8 34
8 33
8 34
7 34
7 33
8 33
7 33
6 33
5 33
6 33
6 32
5 32
5 31
5 32
5 33
6 33
6 34
6 35
6 36
6 37
6 38
5 38
6 38
6 37
6 38
5 38
5 39
4 39
3 39
3 40
2 40
3 40
3 39
3 38
3 37
3 36
2 36
2 37
2 38
3 38
3 37
4 37
5 37
4 37
4 38
5 38
5 37
6 37
6 36
6 37
7 37
7 38
6 38
6 39
7 39
6 39
5 39
4 39
3 39
3 40
2 40
1 40
1 39
1 38
