0 0
0 1
0 0
0 1
0 0
0 1
0 2
1 2
1 3
0 3
0 2
1 2
1 1
1 2
2 2
2 1
1 1
1 0
2 0
2 1
3 1
3 0
2 0
2 1
2 0
3 0
2 0
2 1
2 0
2 1
2 0
2 1
3 1
2 1
3 1
3 2
3 3
3 4
4 4
4 3
5 3
4 3
5 3
6 3
5 3
5 4
6 4
6 5
6 6
7 6
8 6
8 5
9 5
9 6
10 6
10 5
10 4
9 4
9 3
10 3
11 3
10 3
11 3
12 3
12 2
13 2
13 3
12 3
12 4
12 5
12 6
11 6
12 6
13 6
14 6
14 5
15 5
15 6
14 6
14 7
14 8
13 8
13 7
14 7
14 8
13 8
13 9
13 10
13 9
13 8
12 8
12 7
11 7
11 6
12 6
13 6
14 6
13 6
12 6
12 5
12 6
13 6
14 6
15 6
16 6
16 5
17 5
17 4
16 4
17 4
17 5
16 5
16 4
16 3
16 2
16 3
16 4
17 4
17 3
18 3
17 3
17 4
18 4
18 3
17 3
17 4
18 4
19 4
18 4
19 4
19 3
18 3
18 4
19 4
20 4
20 3
19 3
18 3
19 3
19 4
20 4
19 4
19 3
20 3
20 2
20 1
19 1
19 2
18 2
17 2
17 1
18 1
19 1
19 0
20 0
21 0
21 1
20 1
20 2
21 2
20 2
20 1
19 1
19 0
20 0
21 0
22 0
22 1
21 1
20 1
20 0
21 0
21 1
21 2
21 3
21 4
21 3
21 4
21 5
21 4
21 3
21 4
21 5
21 4
21 3
21 2
20 2
20 1
20 2
21 2
20 2
20 1
20 0
21 0
21 1
21 2
21 3
21 2
22 2
22 1
21 1
22 1
21 1
22 1
23 1
22 1
22 2
22 3
22 2
21 2
20 2
20 3
19 3
20 3
20 4
20 3
20 4
20 3
20 4
19 4
19 3
19 4
20 4
21 4
21 3
21 2
20 2
20 3
20 4
20 5
20 6
19 6
18 6
17 6
17 7
18 7
18 8
17 8
16 8
16 9
16 10
16 9
16 8
16 7
15 7
15 6
15 7
15 6
14 6
15 6
14 6
14 5
13 5
13 4
12 4
13 4
13 5
12 5
11 5
12 5
12 6
12 5
13 5
14 5
14 6
13 6
14 6
13 6
12 6
12 5
11 5
10 5
10 4
11 4
11 5
10 5
10 6
9 6
9 7
9 6
9 5
8 5
7 5
8 5
7 5
8 5
9 5
8 5
8 6
8 7
9 7
10 7
10 6
10 7
10 6
11 6
11 7
11 8
10 8
11 8
10 8
11 8
11 9
12 9
13 9
13 10
12 10
13 10
13 9
12 9
13 9
13 8
13 7
14 7
13 7
13 6
12 6
12 5
13 5
13 6
14 6
14 5
14 6
14 5
14 6
14 7
14 8
13 8
12 8
12 9
11 9
12 9
12 8
11 8
11 9
11 10
11 11
12 11
12 10
11 10
10 10
10 11
11 11
10 11
9 11
8 11
8 12
8 13
7 13
8 13
9 13
10 13
10 14
9 14
8 14
8 15
8 16
8 17
8 18
9 18
9 17
10 17
9 17
10 17
10 18
9 18
9 17
9 18
10 18
9 18
9 19
9 18
10 18
9 18
10 18
9 18
10 18
9 18
9 19
10 19
10 18
10 19
11 19
11 20
12 20
12 19
12 18
13 18
13 17
12 17
12 16
12 17
11 17
11 16
11 15
12 15
13 15
13 16
12 16
13 16
13 15
13 16
14 16
15 16
15 15
15 14
16 14
16 15
17 15
16 15
16 14
17 14
18 14
19 14
19 15
18 15
18 14
19 14
20 14
20 15
19 15
19 14
18 14
18 15
17 15
17 16
18 16
19 16
19 15
19 16
19 17
20 17
20 16
20 15
20 16
21 16
22 16
22 15
21 15
20 15
20 14
20 13
20 14
20 13
20 14
21 14
22 14
22 15
22 14
22 13
23 13
23 12
22 12
22 11
23 11
23 10
23 9
23 8
23 7
23 8
23 7
23 8
23 7
23 8
24 8
23 8
23 7
23 6
22 6
23 6
23 5
23 4
24 4
25 4
25 3
26 3
25 3
25 4
26 4
26 5
27 5
27 4
28 4
28 3
28 2
28 1
29 1
28 1
29 1
30 1
30 2
30 3
31 3
30 3
30 4
29 4
29 3
30 3
30 4
30 5
30 4
30 5
30 4
30 5
31 5
32 5
32 6
33 6
33 7
34 7
33 7
32 7
33 7
32 7
32 8
32 9
32 8
32 9
32 10
31 10
30 10
29 10
29 9
29 10
30 10
31 10
32 10
31 10
31 9
31 8
31 7
32 7
33 7
33 6
32 6
31 6
31 5
30 5
29 5
29 6
29 7
28 7
27 7
26 7
26 6
26 7
26 8
27 8
27 7
26 7
25 7
24 7
24 8
23 8
22 8
23 8
24 8
25 8
25 9
25 10
26 10
27 10
26 10
26 11
26 12
27 12
28 12
29 12
29 11
28 11
28 10
29 10
30 10
30 9
30 10
31 10
32 10
32 11
32 12
31 12
30 12
30 13
29 13
29 12
29 11
28 11
28 10
28 9
29 9
30 9
30 8
31 8
30 8
29 8
28 8
29 8
30 8
30 9
30 8
29 8
30 8
30 9
30 10
31 10
31 11
32 11
33 11
32 11
33 11
34 11
35 11
34 11
35 11
34 11
33 11
34 11
33 11
33 10
33 9
33 8
34 8
35 8
35 9
34 9
34 10
34 9
34 8
34 7
34 8
34 7
34 8
34 7
35 7
36 7
35 7
36 7
37 7
36 7
35 7
35 8
35 7
35 6
35 5
35 6
36 6
35 6
34 6
33 6
34 6
34 5
33 5
33 4
34 4
35 4
36 4
35 4
35 5
34 5
34 4
35 4
36 4
35 4
34 4
34 3
33 3
33 2
33 1
33 2
33 1
34 1
35 1
35 2
36 2
36 1
36 0
37 0
36 0
37 0
38 0
37 0
36 0
36 1
36 0
37 0
38 0
39 0
39 1
40 1
39 1
40 1
39 1
39 0
39 1
39 2
39 3
39 2
40 2
39 2
40 2
40 1
40 2
40 3
40 4
39 4
39 5
38 5
38 6
37 6
37 5
37 6
37 7
38 7
38 6
37 6
38 6
37 6
38 6
38 5
37 5
37 4
37 3
37 2
38 2
37 2
38 2
39 2
40 2
40 1
41 1
41 0
41 1
41 0
41 1
41 2
40 2
40 1
39 1
39 0
39 1
39 2
38 2
39 2
40 2
40 3
39 3
39 4
39 3
38 3
37 3
38 3
37 3
36 3
35 3
35 2
35 3
35 4
35 3
34 3
34 2
33 2
33 3
33 2
34 2
33 2
33 1
33 0
33 1
33 0
33 1
34 1
35 1
35 0
36 0
36 1
36 0
36 1
36 2
36 1
35 1
35 0
35 1
35 0
34 0
33 0
32 0
31 0
30 0
30 1
31 1
32 1
31 1
30 1
29 1
28 1
29 1
30 1
31 1
31 2
31 1
30 1
30 0
31 0
31 1
32 1
31 1
30 1
31 1
31 0
30 0
30 1
30 0
29 0
29 1
28 1
28 2
28 3
29 3
29 4
28 4
29 4
29 5
29 4
30 4
30 3
31 3
31 2
31 1
32 1
33 1
34 1
35 1
35 2
36 2
35 2
35 1
34 1
34 2
35 2
35 1
34 1
33 1
32 1
33 1
33 2
34 2
34 1
34 2
34 1
34 0
34 1
34 0
34 1
34 2
33 2
33 1
32 1
32 0
32 1
32 2
32 3
32 4
31 4
31 5
32 5
32 4
31 4
31 5
30 5
29 5
28 5
28 4
27 4
28 4
28 3
28 2
29 2
30 2
30 3
30 4
31 4
30 4
30 3
29 3
30 3
30 4
30 5
30 4
29 4
28 4
28 5
29 5
29 4
29 3
29 2
28 2
28 1
28 0
27 0
27 1
27 2
27 3
27 4
26 4
27 4
28 4
29 4
30 4
30 3
31 3
32 3
32 4
32 5
33 5
33 6
34 6
33 6
32 6
31 6
30 6
29 6
30 6
30 5
31 5
30 5
30 6
30 7
30 6
31 6
31 5
32 5
31 5
31 4
30 4
30 5
31 5
31 4
31 3
31 2
30 2
29 2
29 3
30 3
29 3
28 3
28 4
28 3
27 3
27 4
27 5
28 5
29 5
29 4
28 4
27 4
28 4
28 3
28 4
28 3
29 3
29 2
30 2
30 1
30 0
30 1
30 0
30 1
30 0
29 0
28 0
29 0
29 1
29 0
30 0
30 1
29 1
30 1
31 1
31 2
31 1
31 0
32 0
31 0
32 0
33 0
34 0
35 0
34 0
35 0
35 1
35 2
35 1
35 0
34 0
35 0
35 1
35 0
35 1
34 1
34 2
34 1
