0 0
1 0
1 1
1 0
2 0
3 0
4 0
4 1
3 1
3 2
2 2
1 2
1 3
2 3
2 2
3 2
3 3
3 2
4 2
4 1
5 1
5 2
4 2
4 1
4 2
3 2
3 1
2 1
3 1
4 1
5 1
5 2
5 3
5 4
6 4
6 5
7 5
7 6
7 7
7 8
7 7
6 7
6 8
6 9
6 8
6 9
7 9
7 8
8 8
9 8
10 8
11 8
11 9
12 9
13 9
14 9
15 9
14 9
14 10
14 11
14 12
13 12
14 12
14 13
14 12
14 13
14 14
13 14
13 15
14 15
15 15
15 16
16 16
15 16
16 16
16 17
15 17
15 18
16 18
16 17
16 18
16 19
16 20
17 20
16 20
17 20
17 21
17 22
17 21
16 21
17 21
17 22
18 22
18 21
18 20
17 20
18 20
18 21
18 20
19 20
19 19
19 18
19 19
20 19
20 18
20 19
21 19
22 19
23 19
22 19
21 19
22 19
22 18
22 19
23 19
23 18
23 17
22 17
21 17
20 17
20 16
20 15
20 16
20 15
20 16
21 16
21 17
22 17
22 16
23 16
22 16
23 16
23 15
24 15
25 15
25 14
26 14
26 13
26 12
26 11
26 12
26 11
25 11
26 11
26 10
26 11
26 12
26 11
25 11
25 10
25 9
25 10
24 10
24 11
24 12
25 12
26 12
26 13
26 14
26 15
25 15
26 15
26 16
25 16
26 16
26 17
27 17
27 16
26 16
26 15
26 16
25 16
25 15
25 16
25 17
25 18
25 17
26 17
26 16
26 17
25 17
24 17
24 18
23 18
24 18
24 19
24 18
25 18
26 18
26 19
26 20
26 19
26 18
26 17
27 17
27 18
27 19
26 19
25 19
25 18
25 17
26 17
26 16
27 16
26 16
27 16
28 16
28 15
27 15
27 16
28 16
27 16
27 15
26 15
26 16
26 17
26 18
26 17
25 17
25 18
24 18
24 19
24 18
25 18
24 18
23 18
23 17
24 17
25 17
25 18
25 19
24 19
23 19
24 19
24 20
25 20
26 20
26 21
25 21
26 21
27 21
27 20
27 21
28 21
28 20
27 20
28 20
29 20
29 19
30 19
30 20
30 19
29 19
29 20
30 20
31 20
32 20
32 19
31 19
31 18
31 17
31 16
31 17
30 17
30 18
31 18
30 18
31 18
31 19
32 19
31 19
30 19
29 19
29 18
30 18
29 18
29 19
29 20
29 19
28 19
28 18
28 19
29 19
29 20
28 20
29 20
29 21
30 21
30 20
30 21
30 22
30 21
30 20
30 19
30 20
30 21
29 21
29 20
30 20
30 19
31 19
30 19
31 19
30 19
31 19
31 18
32 18
32 19
32 18
32 19
31 19
31 20
32 20
31 20
32 20
31 20
32 20
33 20
32 20
32 19
32 20
31 20
31 21
31 20
31 21
30 21
29 21
30 21
30 22
29 22
29 21
30 21
31 21
32 21
32 20
32 19
33 19
33 18
33 17
32 17
32 16
32 17
33 17
33 16
33 15
32 15
33 15
34 15
33 15
34 15
35 15
36 15
37 15
36 15
36 16
37 16
37 17
36 17
36 18
35 18
36 18
36 17
36 16
36 15
37 15
37 16
37 15
37 14
37 13
38 13
37 13
38 13
39 13
38 13
38 14
37 14
38 14
38 15
38 16
38 15
38 16
39 16
39 17
39 16
38 16
38 15
38 16
39 16
39 17
39 16
39 17
40 17
40 16
40 17
40 18
40 17
41 17
42 17
41 17
40 17
40 16
39 16
39 17
39 16
40 16
40 15
39 15
39 16
38 16
38 15
38 14
37 14
37 13
36 13
35 13
36 13
36 14
36 15
37 15
38 15
39 15
39 16
40 16
40 15
39 15
39 16
39 15
40 15
40 14
40 13
39 13
38 13
38 14
38 15
39 15
39 14
39 15
38 15
38 16
38 15
38 14
38 15
39 15
40 15
40 16
41 16
41 15
41 16
41 15
40 15
41 15
41 16
41 17
41 18
40 18
40 17
40 18
39 18
40 18
40 19
40 18
40 17
39 17
39 18
39 19
39 20
39 21
40 21
41 21
42 21
43 21
43 22
42 22
43 22
43 21
43 22
43 21
43 22
44 22
45 22
45 23
45 24
45 25
45 24
46 24
46 25
46 24
47 24
48 24
48 23
48 22
48 23
49 23
49 24
50 24
50 25
50 24
51 24
51 25
51 26
52 26
52 25
53 25
53 24
52 24
52 25
51 25
52 25
51 25
51 26
51 25
51 24
51 23
51 22
51 21
51 20
51 19
52 19
52 20
53 20
53 19
54 19
54 20
54 21
55 21
55 22
56 22
56 23
56 24
57 24
58 24
59 24
59 23
58 23
58 24
58 25
59 25
59 26
58 26
59 26
60 26
60 27
61 27
62 27
62 28
62 27
63 27
63 28
63 29
63 28
63 29
63 30
64 30
64 31
65 31
65 30
65 29
66 29
67 29
67 30
67 31
66 31
66 30
66 31
65 31
66 31
67 31
67 32
68 32
67 32
67 33
67 34
68 34
68 33
69 33
70 33
70 32
69 32
68 32
68 33
67 33
67 32
68 32
67 32
66 32
66 31
65 31
66 31
65 31
66 31
66 30
66 29
66 28
66 29
67 29
67 30
67 31
67 30
67 31
68 31
68 30
67 30
67 31
67 30
66 30
65 30
65 29
64 29
63 29
63 28
63 27
63 26
64 26
63 26
63 25
63 26
63 27
63 28
62 28
61 28
61 29
61 28
62 28
61 28
61 29
62 29
61 29
61 28
61 27
62 27
61 27
60 27
60 26
60 27
59 27
59 26
59 27
59 26
60 26
59 26
59 27
59 28
58 28
58 27
58 28
59 28
60 28
59 28
60 28
60 27
61 27
61 26
61 25
60 25
61 25
60 25
61 25
60 25
61 25
60 25
59 25
60 25
61 25
61 24
61 23
62 23
62 22
61 22
60 22
60 23
60 22
60 23
60 22
60 23
61 23
61 24
62 24
61 24
60 24
60 23
59 23
59 22
59 23
60 23
59 23
59 24
60 24
60 23
60 24
60 23
61 23
61 22
60 22
60 23
61 23
62 23
62 22
63 22
63 23
63 22
63 21
63 22
63 21
63 22
63 23
64 23
64 24
65 24
66 24
66 25
67 25
67 24
66 24
65 24
65 23
65 22
65 21
66 21
67 21
67 20
68 20
68 19
69 19
69 20
69 21
68 21
68 22
69 22
70 22
71 22
72 22
71 22
72 22
71 22
70 22
70 21
71 21
72 21
72 22
73 22
73 21
73 20
72 20
73 20
72 20
72 19
72 20
72 19
72 20
71 20
71 19
70 19
69 19
68 19
68 18
67 18
66 18
65 18
64 18
64 17
65 17
64 17
64 18
63 18
62 18
62 19
63 19
63 18
64 18
64 19
64 20
64 21
64 20
64 21
65 21
65 20
65 19
64 19
63 19
62 19
62 20
61 20
62 20
62 21
61 21
61 20
60 20
60 21
60 20
60 19
60 20
60 21
60 20
59 20
60 20
61 20
60 20
60 19
61 19
62 19
62 18
61 18
60 18
59 18
59 19
60 19
60 18
59 18
59 19
60 19
60 18
61 18
60 18
61 18
61 17
60 17
60 16
59 16
59 17
59 16
59 17
58 17
59 17
59 18
58 18
57 18
58 18
58 19
57 19
57 20
57 21
56 21
57 21
57 22
56 22
56 21
56 20
56 19
55 19
56 19
56 18
56 17
56 18
56 17
55 17
55 18
55 19
56 19
56 20
57 20
56 20
56 19
55 19
54 19
54 18
54 17
55 17
55 16
56 16
56 17
55 17
54 17
55 17
56 17
55 17
55 16
55 17
55 16
55 17
55 18
55 19
54 19
54 18
55 18
55 19
56 19
56 18
55 18
54 18
54 17
53 17
53 16
53 17
53 16
53 15
54 15
53 15
52 15
51 15
51 16
50 16
50 15
51 15
50 15
51 15
51 16
51 17
50 17
49 17
49 18
49 17
50 17
49 17
49 16
48 16
47 16
47 15
47 16
46 16
45 16
45 15
45 16
45 15
46 15
45 15
44 15
45 15
45 16
45 15
45 16
46 16
45 16
45 15
45 14
45 13
45 14
46 14
45 14
45 13
45 12
45 13
46 13
46 12
46 11
45 11
45 10
46 10
46 11
46 12
46 13
47 13
46 13
45 13
45 12
45 13
44 13
44 12
43 12
44 12
43 12
44 12
45 12
45 13
45 14
46 14
45 14
44 14
45 14
45 13
45 14
44 14
43 14
44 14
43 14
43 13
42 13
42 12
42 13
41 13
40 13
39 13
40 13
41 13
42 13
43 13
44 13
45 13
45 14
45 13
44 13
45 13
45 14
44 14
44 15
45 15
45 16
46 16
45 16
44 16
44 17
45 17
44 17
43 17
42 17
43 17
44 17
44 16
45 16
45 17
46 17
