0 0
1 0
1 1
2 1
3 1
3 0
3 1
2 1
3 1
4 1
5 1
5 0
5 1
5 0
5 1
5 2
6 2
6 3
6 4
5 4
6 4
6 5
5 5
5 4
4 4
3 4
3 3
3 2
2 2
2 3
2 2
1 2
1 3
0 3
0 4
1 4
1 3
2 3
3 3
3 4
2 4
2 5
2 6
2 5
3 5
2 5
2 4
3 4
4 4
4 5
5 5
5 6
4 6
4 7
3 7
3 6
2 6
2 5
1 5
0 5
0 4
0 5
1 5
2 5
2 4
3 4
3 3
4 3
5 3
5 4
5 3
5 2
6 2
7 2
8 2
8 1
8 2
8 3
8 2
8 3
7 3
7 4
7 5
6 5
6 6
5 6
4 6
4 7
5 7
4 7
4 6
5 6
5 7
5 8
5 9
4 9
5 9
5 8
5 9
4 9
4 8
3 8
4 8
5 8
5 9
4 9
5 9
5 8
6 8
7 8
8 8
9 8
10 8
9 8
8 8
9 8
8 8
9 8
9 7
9 8
10 8
11 8
11 7
12 7
11 7
12 7
12 8
12 7
12 6
11 6
12 6
12 5
12 6
12 5
12 6
11 6
11 5
11 6
11 5
12 5
11 5
11 4
11 3
11 4
11 5
11 6
12 6
12 7
12 8
11 8
11 7
11 8
12 8
13 8
13 7
13 8
14 8
14 9
15 9
15 8
14 8
14 7
14 6
14 5
15 5
14 5
14 6
15 6
16 6
16 5
16 4
16 3
16 4
17 4
18 4
17 4
18 4
19 4
18 4
18 5
18 6
17 6
18 6
19 6
18 6
17 6
16 6
16 7
16 6
16 7
16 8
17 8
18 8
19 8
19 7
20 7
21 7
21 8
20 8
21 8
20 8
21 8
20 8
21 8
22 8
22 9
22 10
23 10
22 10
22 11
22 12
22 13
23 13
22 13
21 13
20 13
20 12
20 13
20 14
20 15
20 16
19 16
18 16
18 17
17 17
18 17
18 16
19 16
18 16
19 16
19 17
20 17
20 18
20 17
20 18
19 18
20 18
21 18
21 17
22 17
22 18
21 18
21 19
21 18
21 19
20 19
21 19
21 18
22 18
22 19
22 20
21 20
22 20
22 19
23 19
24 19
24 18
25 18
25 17
25 16
25 15
26 15
25 15
24 15
24 14
25 14
25 13
25 14
26 14
26 13
25 13
25 12
25 13
25 12
25 11
25 10
24 10
25 10
25 11
25 10
24 10
24 9
23 9
24 9
24 10
24 9
25 9
25 10
26 10
26 9
26 10
27 10
28 10
29 10
28 10
28 9
28 8
27 8
28 8
29 8
28 8
29 8
30 8
31 8
31 7
31 6
31 5
31 4
32 4
31 4
32 4
33 4
33 3
33 2
33 3
32 3
32 2
32 3
32 4
32 3
33 3
34 3
34 4
33 4
33 3
32 3
33 3
33 2
33 3
34 3
34 2
35 2
35 1
35 2
35 1
34 1
34 0
33 0
32 0
32 1
33 1
34 1
33 1
32 1
31 1
31 0
32 0
33 0
32 0
32 1
33 1
33 2
33 1
32 1
33 1
33 0
32 0
33 0
33 1
33 0
33 1
33 0
34 0
35 0
35 1
36 1
35 1
34 1
33 1
34 1
33 1
34 1
34 0
33 0
33 1
32 1
32 0
31 0
30 0
30 1
30 2
30 1
31 1
32 1
31 1
32 1
32 0
33 0
34 0
35 0
35 1
36 1
37 1
36 1
35 1
36 1
36 0
36 1
37 1
38 1
38 0
39 0
40 0
41 0
42 0
43 0
42 0
43 0
43 1
43 0
42 0
41 0
42 0
42 1
42 2
43 2
44 2
44 1
43 1
43 2
43 1
44 1
43 1
43 0
43 1
43 0
43 1
43 0
44 0
45 0
45 1
46 1
46 0
47 0
48 0
47 0
48 0
49 0
49 1
48 1
47 1
47 2
46 2
45 2
46 2
45 2
44 2
44 1
44 2
44 1
44 0
44 1
44 2
45 2
45 1
45 0
46 0
46 1
46 0
46 1
47 1
48 1
48 0
47 0
47 1
47 0
46 0
46 1
46 2
46 3
47 3
47 4
47 5
46 5
47 5
46 5
45 5
44 5
45 5
45 4
45 3
45 4
44 4
43 4
44 4
45 4
45 3
45 4
45 5
45 6
45 5
44 5
43 5
43 6
43 7
42 7
42 6
42 7
42 8
42 7
42 6
42 7
41 7
41 8
42 8
42 7
41 7
41 6
42 6
42 5
43 5
43 4
42 4
41 4
42 4
42 5
41 5
41 6
41 5
40 5
41 5
42 5
42 4
41 4
41 3
41 2
41 3
42 3
42 2
41 2
42 2
41 2
42 2
42 1
42 0
43 0
42 0
41 0
42 0
43 0
44 0
44 1
45 1
45 2
44 2
45 2
45 3
45 4
45 5
45 6
45 7
45 6
44 6
44 7
44 8
44 7
43 7
44 7
45 7
45 8
46 8
45 8
46 8
46 7
45 7
46 7
46 8
46 7
46 8
46 9
46 8
46 9
46 10
46 11
47 11
47 12
48 12
48 13
47 13
47 12
46 12
46 13
47 13
48 13
47 13
48 13
49 13
50 13
50 14
50 13
50 12
50 13
50 14
49 14
49 15
49 16
49 15
49 16
49 17
48 17
47 17
47 18
47 17
48 17
47 17
48 17
49 17
48 17
47 17
47 16
48 16
47 16
47 17
47 18
46 18
45 18
44 18
44 19
43 19
43 20
43 21
42 21
42 22
42 21
42 20
42 19
43 19
43 20
42 20
42 19
42 20
41 20
40 20
41 20
41 19
41 18
40 18
40 19
40 20
40 21
40 20
41 20
40 20
41 20
42 20
41 20
40 20
39 20
39 21
39 22
39 23
40 23
40 24
39 24
38 24
38 23
38 24
37 24
38 24
38 25
38 24
39 24
39 25
39 24
40 24
41 24
42 24
42 23
42 24
42 23
42 22
41 22
41 23
40 23
40 24
41 24
42 24
41 24
41 25
41 24
41 23
40 23
40 22
40 21
40 22
40 23
40 24
40 23
40 24
39 24
39 23
38 23
38 24
38 25
39 25
40 25
39 25
39 24
38 24
39 24
39 25
39 26
38 26
38 25
38 26
37 26
37 25
37 26
36 26
35 26
36 26
36 25
36 26
37 26
38 26
39 26
38 26
37 26
37 25
36 25
36 24
37 24
38 24
39 24
38 24
38 25
37 25
37 26
37 27
38 27
38 26
37 26
37 25
37 26
37 27
37 26
38 26
38 27
39 27
39 26
39 27
38 27
38 26
38 27
38 26
38 25
38 24
37 24
37 25
37 26
36 26
37 26
38 26
38 25
38 24
38 25
39 25
39 24
39 25
38 25
38 26
37 26
36 26
35 26
35 27
34 27
33 27
33 28
32 28
32 27
31 27
31 28
31 29
31 30
30 30
31 30
32 30
32 31
31 31
30 31
31 31
32 31
32 32
33 32
32 32
33 32
33 33
33 34
32 34
33 34
33 35
32 35
32 36
33 36
33 37
33 36
33 35
34 35
34 34
34 35
33 35
33 36
33 37
34 37
34 36
34 37
35 37
36 37
37 37
36 37
36 38
36 37
36 38
35 38
35 37
34 37
34 36
35 36
36 36
36 37
36 36
36 37
36 38
35 38
35 37
34 37
33 37
34 37
34 36
34 37
33 37
32 37
31 37
31 38
30 38
30 39
29 39
29 40
29 39
29 38
29 39
30 39
29 39
28 39
27 39
27 38
28 38
28 37
28 38
28 37
28 38
28 37
29 37
29 38
30 38
30 39
29 39
29 40
28 40
27 40
28 40
28 39
28 38
27 38
26 38
26 39
26 40
25 40
25 39
25 40
24 40
24 39
24 38
23 38
23 37
23 38
24 38
23 38
24 38
25 38
24 38
25 38
25 37
25 38
24 38
24 37
24 36
24 35
23 35
23 34
22 34
22 33
21 33
21 34
21 35
20 35
20 36
21 36
20 36
19 36
18 36
18 35
19 35
19 36
19 37
18 37
18 38
18 37
18 36
19 36
18 36
19 36
20 36
21 36
21 37
21 36
21 35
21 36
21 35
20 35
21 35
20 35
21 35
21 36
20 36
19 36
20 36
21 36
21 37
20 37
19 37
20 37
19 37
19 38
18 38
18 37
19 37
19 36
18 36
18 37
18 36
19 36
20 36
20 37
21 37
21 36
20 36
19 36
19 35
19 34
19 35
20 35
20 36
21 36
21 37
21 36
21 37
21 38
21 37
22 37
23 37
23 38
24 38
23 38
24 38
23 38
24 38
25 38
25 39
24 39
24 40
23 40
23 39
24 39
24 38
25 38
25 39
24 39
24 40
23 40
23 39
23 38
22 38
22 39
22 38
23 38
23 39
22 39
23 39
23 40
23 39
23 38
23 37
23 36
24 36
23 36
23 37
23 36
23 35
23 36
