0 0
0 1
1 1
2 1
3 1
3 2
2 2
3 2
3 3
4 3
4 4
5 4
5 5
4 5
3 5
4 5
4 4
4 5
5 5
6 5
6 6
6 7
5 7
5 6
5 7
5 8
5 7
5 6
6 6
6 7
7 7
7 6
7 5
7 4
8 4
9 4
9 5
8 5
8 4
7 4
7 3
8 3
9 3
9 4
8 4
8 3
8 4
9 4
9 5
9 6
9 7
9 8
9 7
8 7
9 7
9 6
9 7
10 7
10 6
10 5
11 5
10 5
9 5
10 5
10 6
11 6
11 5
12 5
13 5
12 5
13 5
14 5
14 6
14 7
14 6
13 6
14 6
14 7
14 6
14 7
13 7
13 8
14 8
14 7
14 8
15 8
15 7
16 7
15 7
14 7
14 8
14 9
14 8
13 8
13 9
13 10
13 11
13 12
12 12
13 12
12 12
13 12
12 12
12 13
11 13
10 13
9 13
9 12
9 13
9 14
10 14
9 14
9 15
10 15
11 15
12 15
13 15
13 16
14 16
14 17
13 17
14 17
14 18
15 18
15 19
14 19
13 19
12 19
12 18
11 18
11 19
12 19
12 18
12 17
12 18
12 17
11 17
11 18
10 18
9 18
8 18
8 19
7 19
8 19
8 18
8 17
8 18
8 17
7 17
7 16
6 16
5 16
6 16
6 15
7 15
8 15
7 15
6 15
6 16
5 16
5 17
4 17
5 17
5 16
6 16
6 15
6 16
5 16
4 16
5 16
5 15
5 14
5 15
5 16
4 16
4 17
4 18
4 17
4 16
5 16
6 16
6 15
6 16
6 17
5 17
5 18
4 18
4 17
3 17
4 17
5 17
5 16
6 16
5 16
5 15
5 14
4 14
4 15
4 14
4 13
3 13
3 14
2 14
1 14
2 14
1 14
2 14
2 15
3 15
2 15
3 15
3 16
3 17
2 17
2 18
2 17
1 17
2 17
1 17
1 16
1 15
2 15
2 16
3 16
3 17
3 18
3 19
4 19
4 20
3 20
3 19
4 19
4 20
5 20
6 20
5 20
4 20
3 20
3 19
3 20
4 20
3 20
4 20
5 20
5 19
6 19
5 19
5 18
4 18
3 18
2 18
2 17
2 18
3 18
2 18
3 18
4 18
5 18
5 19
4 19
3 19
3 18
2 18
1 18
1 19
1 20
0 20
1 20
1 19
2 19
2 20
3 20
4 20
3 20
2 20
1 20
1 19
1 20
1 19
1 18
2 18
3 18
4 18
4 19
5 19
4 19
5 19
5 20
5 21
4 21
4 22
4 23
4 24
4 25
3 25
2 25
3 25
2 25
2 26
1 26
0 26
0 25
0 26
0 25
0 26
0 25
1 25
1 24
2 24
3 24
4 24
4 23
4 22
5 22
6 22
5 22
5 23
5 22
5 21
5 20
5 21
6 21
6 20
7 20
7 21
8 21
8 20
8 21
8 22
8 21
7 21
6 21
5 21
6 21
7 21
8 21
8 20
8 21
7 21
6 21
7 21
7 20
7 19
7 18
7 19
8 19
8 20
8 21
7 21
7 22
6 22
6 21
7 21
7 20
7 21
7 20
7 21
8 21
8 22
7 22
6 22
6 21
7 21
8 21
8 22
7 22
8 22
9 22
9 23
8 23
8 24
9 24
10 24
11 24
10 24
10 25
10 26
9 26
8 26
7 26
7 25
6 25
6 26
6 27
6 26
6 25
5 25
5 26
5 25
4 25
3 25
2 25
3 25
3 24
2 24
2 23
1 23
1 22
2 22
3 22
3 21
2 21
1 21
1 20
0 20
0 21
0 22
1 22
2 22
3 22
3 21
2 21
2 22
1 22
0 22
0 23
0 24
0 23
0 24
0 23
0 22
1 22
1 23
1 24
0 24
1 24
0 24
1 24
2 24
3 24
2 24
2 23
2 24
2 25
2 26
2 27
2 28
2 27
2 28
1 28
1 27
1 28
1 27
1 28
0 28
1 28
1 27
0 27
1 27
1 26
1 27
1 26
1 27
0 27
0 28
1 28
2 28
3 28
3 29
3 28
2 28
3 28
4 28
4 27
3 27
3 26
4 26
5 26
6 26
7 26
7 27
8 27
7 27
7 28
7 29
8 29
8 30
7 30
8 30
9 30
8 30
8 29
8 30
9 30
9 29
8 29
8 30
9 30
10 30
10 31
9 31
10 31
9 31
9 30
9 31
9 32
9 33
10 33
11 33
12 33
12 34
12 35
12 34
12 35
12 36
12 35
13 35
12 35
11 35
11 36
11 35
10 35
10 36
9 36
10 36
11 36
11 37
11 36
10 36
9 36
9 37
8 37
7 37
6 37
6 36
5 36
6 36
6 35
6 36
6 37
6 36
6 37
5 37
5 38
5 37
5 38
5 39
6 39
6 40
5 40
5 41
6 41
5 41
5 40
5 41
6 41
7 41
8 41
8 40
7 40
8 40
8 39
8 38
8 39
8 40
8 39
8 40
7 40
7 39
8 39
7 39
6 39
7 39
8 39
8 40
7 40
7 39
7 40
7 39
7 40
7 39
8 39
8 40
8 39
7 39
7 40
8 40
9 40
9 39
10 39
11 39
12 39
11 39
12 39
13 39
14 39
14 40
14 39
13 39
14 39
13 39
12 39
12 40
12 39
12 40
12 41
11 41
12 41
12 42
12 43
12 42
11 42
12 42
11 42
10 42
10 43
9 43
9 42
9 43
9 44
8 44
8 45
9 45
10 45
10 44
10 43
9 43
9 42
9 43
9 42
10 42
10 41
9 41
9 40
8 40
9 40
9 41
8 41
7 41
7 42
6 42
6 41
7 41
6 41
6 42
7 42
8 42
7 42
8 42
9 42
10 42
9 42
9 41
10 41
10 40
11 40
10 40
10 41
10 42
10 43
10 42
10 43
9 43
9 42
10 42
9 42
8 42
8 41
9 41
10 41
9 41
9 40
9 41
10 41
10 40
11 40
12 40
11 40
11 41
11 40
11 41
11 40
10 40
9 40
8 40
8 41
8 42
7 42
7 41
7 42
6 42
7 42
7 41
7 40
7 39
7 38
7 39
7 40
7 41
8 41
7 41
7 40
7 39
6 39
6 40
6 39
7 39
7 38
7 37
7 36
6 36
6 37
6 38
6 37
5 37
5 36
5 37
5 36
5 35
6 35
5 35
5 34
6 34
6 33
7 33
7 34
7 35
7 36
7 37
7 36
6 36
5 36
5 37
5 36
4 36
4 35
4 36
4 37
4 36
5 36
4 36
5 36
4 36
4 35
5 35
5 34
4 34
4 35
4 36
4 35
4 36
4 37
5 37
6 37
5 37
5 38
4 38
4 39
4 40
4 41
5 41
5 40
5 39
5 40
5 41
5 40
4 40
3 40
4 40
3 40
4 40
4 39
3 39
4 39
5 39
6 39
6 40
7 40
7 39
7 40
8 40
9 40
8 40
9 40
10 40
9 40
10 40
9 40
9 39
9 38
10 38
10 39
11 39
10 39
11 39
11 38
11 39
11 40
11 39
12 39
12 38
12 37
12 38
12 37
11 37
11 38
10 38
10 39
10 38
10 37
10 38
10 37
10 38
10 39
10 40
10 41
10 42
10 43
9 43
10 43
10 44
10 45
11 45
10 45
11 45
10 45
10 46
10 45
10 44
10 45
10 44
10 45
9 45
10 45
11 45
12 45
12 46
12 47
11 47
11 46
12 46
12 47
11 47
10 47
10 48
10 47
9 47
8 47
8 46
7 46
6 46
6 45
6 44
7 44
8 44
7 44
7 43
8 43
9 43
9 44
8 44
9 44
9 43
10 43
10 44
10 43
10 44
11 44
12 44
13 44
12 44
13 44
14 44
15 44
14 44
14 45
14 46
15 46
16 46
16 47
16 48
16 49
16 50
15 50
14 50
14 49
14 48
13 48
14 48
14 47
15 47
14 47
15 47
14 47
13 47
14 47
14 48
14 49
14 48
14 47
14 48
14 49
14 50
15 50
15 51
15 52
15 53
15 52
14 52
15 52
15 51
15 52
14 52
15 52
14 52
13 52
14 52
14 51
15 51
16 51
16 52
17 52
17 53
18 53
18 54
18 55
18 56
19 56
19 57
20 57
20 58
20 59
19 59
18 59
19 59
19 60
19 59
19 60
19 59
19 60
19 61
19 62
18 62
18 63
18 62
18 63
19 63
19 62
18 62
17 62
17 61
17 60
16 60
15 60
14 60
13 60
13 59
14 59
14 58
14 59
14 60
13 60
14 60
14 59
13 59
13 60
13 61
14 61
14 62
14 63
15 63
15 64
15 63
15 62
15 61
16 61
15 61
15 60
15 61
15 62
14 62
15 62
15 63
14 63
15 63
16 63
16 64
16 65
16 64
15 64
14 64
13 64
14 64
15 64
15 65
14 65
14 66
14 65
13 65
13 64
14 64
14 65
14 66
14 67
13 67
12 67
12 66
11 66
11 67
11 68
