0 0
0 1
0 0
0 1
0 0
0 1
1 1
1 0
2 0
3 0
2 0
2 1
3 1
3 2
3 1
3 2
4 2
4 3
3 3
2 3
1 3
1 4
0 4
0 5
1 5
1 4
2 4
1 4
1 5
0 5
0 4
0 3
1 3
0 3
0 2
1 2
2 2
2 3
3 3
2 3
1 3
1 4
0 4
0 5
0 4
0 5
1 5
0 5
1 5
1 4
2 4
1 4
0 4
0 3
1 3
1 2
1 1
1 0
1 1
1 2
2 2
2 1
1 1
1 0
1 1
0 1
1 1
0 1
0 2
0 1
0 0
1 0
1 1
1 0
2 0
3 0
3 1
3 0
3 1
2 1
2 0
1 0
1 1
1 0
1 1
2 1
2 0
2 1
1 1
1 2
0 2
1 2
1 3
1 4
2 4
1 4
1 3
1 4
0 4
0 3
0 2
1 2
2 2
3 2
3 3
2 3
2 2
2 3
3 3
2 3
1 3
2 3
2 2
2 3
3 3
2 3
2 2
3 2
2 2
2 3
2 2
1 2
2 2
2 1
2 0
2 1
3 1
3 0
4 0
3 0
4 0
5 0
5 1
5 2
6 2
7 2
7 1
7 0
6 0
6 1
7 1
8 1
7 1
6 1
5 1
4 1
5 1
5 2
5 3
5 4
4 4
5 4
6 4
7 4
6 4
7 4
7 3
7 2
8 2
8 3
8 4
7 4
8 4
8 5
8 6
7 6
7 5
7 6
6 6
7 6
8 6
8 5
9 5
10 5
10 4
10 5
11 5
10 5
9 5
10 5
10 6
10 7
11 7
10 7
10 6
11 6
11 7
12 7
13 7
13 6
13 7
14 7
15 7
15 8
14 8
13 8
13 9
13 8
13 7
13 8
13 9
13 8
14 8
14 9
14 10
14 11
13 11
13 12
12 12
12 11
12 10
12 9
12 8
12 9
11 9
11 10
11 11
10 11
11 11
12 11
12 10
12 11
12 12
13 12
14 12
14 11
14 10
15 10
15 9
15 10
15 9
15 10
15 9
16 9
17 9
17 8
17 9
18 9
17 9
18 9
19 9
18 9
18 8
17 8
16 8
15 8
15 9
14 9
14 10
14 9
14 8
14 9
14 10
14 9
14 8
13 8
14 8
14 9
15 9
15 8
14 8
14 9
13 9
12 9
13 9
12 9
12 8
13 8
12 8
11 8
10 8
11 8
12 8
11 8
12 8
11 8
12 8
11 8
11 9
10 9
9 9
10 9
10 8
10 9
10 10
10 11
10 10
11 10
11 9
10 9
10 8
9 8
9 7
8 7
8 8
9 8
10 8
11 8
11 7
11 8
10 8
11 8
12 8
12 7
12 8
12 9
12 10
12 9
11 9
12 9
13 9
12 9
11 9
10 9
10 10
10 9
11 9
10 9
10 8
10 9
11 9
10 9
9 9
8 9
8 8
8 7
8 8
8 9
7 9
7 10
7 9
7 8
8 8
9 8
8 8
7 8
7 7
7 6
7 7
8 7
8 8
8 7
7 7
7 8
8 8
8 7
8 6
8 7
8 8
8 9
8 8
9 8
8 8
7 8
7 9
8 9
8 8
8 7
7 7
7 6
7 5
8 5
8 6
9 6
9 7
10 7
10 8
9 8
8 8
8 7
8 8
8 9
8 8
7 8
6 8
6 7
6 8
6 9
6 10
5 10
5 9
5 10
4 10
4 11
5 11
4 11
5 11
5 12
5 13
4 13
3 13
3 14
3 13
3 14
3 13
2 13
1 13
1 12
1 13
1 14
1 15
1 14
2 14
1 14
1 15
0 15
0 14
1 14
1 15
1 14
1 13
1 12
1 13
1 14
0 14
1 14
2 14
1 14
2 14
3 14
4 14
3 14
3 13
3 12
4 12
4 13
5 13
5 14
5 13
4 13
5 13
4 13
4 14
5 14
5 13
5 14
4 14
3 14
2 14
1 14
0 14
0 15
1 15
1 16
2 16
2 17
2 18
2 17
2 18
1 18
0 18
0 19
1 19
1 20
1 21
1 22
0 22
0 23
1 23
1 22
1 23
0 23
1 23
1 22
0 22
0 23
0 22
0 23
0 22
1 22
0 22
0 23
0 22
0 23
0 22
1 22
0 22
0 23
1 23
2 23
2 24
1 24
0 24
0 23
1 23
1 24
0 24
1 24
2 24
2 23
2 22
2 21
2 20
1 20
0 20
1 20
2 20
2 21
1 21
2 21
1 21
1 20
1 19
2 19
2 18
2 19
3 19
2 19
3 19
4 19
5 19
4 19
4 18
4 19
4 18
5 18
6 18
6 17
5 17
6 17
6 18
6 17
6 18
7 18
6 18
5 18
6 18
5 18
4 18
3 18
3 19
4 19
4 20
4 21
3 21
4 21
4 22
4 23
5 23
5 22
6 22
7 22
8 22
8 23
7 23
7 22
6 22
5 22
4 22
5 22
4 22
3 22
2 22
3 22
3 21
4 21
4 22
3 22
2 22
3 22
4 22
4 21
4 20
3 20
3 21
3 22
3 23
2 23
2 22
2 21
2 20
1 20
2 20
2 21
2 20
3 20
3 19
4 19
4 18
4 19
4 18
4 19
3 19
3 20
3 19
3 20
3 19
3 18
4 18
3 18
4 18
5 18
5 19
4 19
5 19
5 20
4 20
5 20
6 20
7 20
6 20
6 19
7 19
7 20
6 20
5 20
6 20
6 21
5 21
6 21
5 21
5 20
5 19
4 19
5 19
4 19
5 19
4 19
5 19
6 19
7 19
6 19
6 18
6 17
6 18
5 18
4 18
4 19
4 20
4 21
3 21
2 21
2 22
2 23
1 23
0 23
0 24
0 23
1 23
0 23
1 23
2 23
3 23
3 24
3 25
3 26
4 26
3 26
2 26
2 27
1 27
2 27
3 27
2 27
1 27
2 27
2 26
2 27
1 27
1 26
2 26
1 26
2 26
3 26
3 25
4 25
4 26
5 26
6 26
6 25
6 26
6 25
5 25
5 24
5 25
4 25
5 25
5 26
5 25
5 26
4 26
4 27
3 27
4 27
4 28
4 29
4 28
5 28
5 29
4 29
5 29
6 29
6 28
6 29
7 29
7 30
8 30
7 30
8 30
8 31
8 30
7 30
6 30
5 30
5 29
5 28
5 29
5 28
6 28
7 28
7 27
6 27
6 26
6 25
6 26
6 25
7 25
8 25
7 25
6 25
6 26
6 25
6 26
6 27
7 27
6 27
7 27
8 27
8 28
8 27
7 27
8 27
8 26
8 25
8 24
8 25
7 25
7 24
7 23
7 24
6 24
5 24
4 24
5 24
6 24
6 25
7 25
7 26
8 26
8 27
8 26
9 26
9 25
9 24
8 24
9 24
8 24
8 25
9 25
9 24
9 23
8 23
8 24
9 24
8 24
8 25
7 25
8 25
8 24
7 24
8 24
7 24
7 25
8 25
9 25
8 25
8 24
7 24
6 24
6 23
6 24
6 23
5 23
6 23
6 24
5 24
6 24
5 24
5 23
5 22
5 21
5 22
6 22
6 23
5 23
5 22
4 22
3 22
2 22
3 22
4 22
5 22
4 22
4 21
4 22
3 22
3 21
3 22
3 21
3 22
3 23
3 24
4 24
4 25
3 25
3 26
3 27
3 26
4 26
4 27
3 27
4 27
3 27
3 26
4 26
5 26
5 27
5 28
5 29
6 29
6 28
5 28
5 29
6 29
5 29
4 29
4 30
4 31
5 31
6 31
6 32
7 32
6 32
5 32
6 32
5 32
5 33
5 34
5 35
6 35
6 34
6 33
5 33
4 33
4 32
5 32
6 32
7 32
8 32
7 32
8 32
7 32
8 32
8 33
8 34
7 34
6 34
7 34
7 35
8 35
8 36
7 36
7 37
7 36
7 37
7 38
7 37
7 36
7 37
8 37
8 38
9 38
8 38
7 38
7 37
7 38
7 37
8 37
8 38
8 37
8 38
8 37
9 37
9 38
9 39
8 39
8 38
8 37
8 38
8 37
8 38
8 39
8 38
8 37
9 37
9 38
10 38
10 37
10 38
10 39
9 39
9 38
9 39
9 40
10 40
9 40
9 41
8 41
8 42
8 41
7 41
8 41
8 40
9 40
9 41
8 41
7 41
7 40
8 40
9 40
9 39
9 38
9 39
8 39
9 39
10 39
10 40
10 41
9 41
8 41
8 40
8 41
8 42
8 41
8 42
9 42
10 42
11 42
11 41
11 42
11 41
10 41
9 41
9 42
9 43
9 42
9 43
9 44
9 45
10 45
10 44
9 44
9 45
8 45
8 46
8 47
8 46
9 46
9 47
9 46
8 46
8 45
7 45
7 46
8 46
8 45
9 45
10 45
10 44
9 44
8 44
8 45
7 45
7 44
7 45
7 46
7 47
7 48
7 47
6 47
7 47
8 47
8 46
9 46
8 46
9 46
10 46
10 45
10 44
9 44
