0 0
1 0
1 1
1 2
2 2
2 3
2 2
2 1
2 0
1 0
0 0
0 1
0 0
0 1
1 1
2 1
1 1
1 2
1 1
0 1
1 1
1 2
0 2
1 2
2 2
1 2
2 2
2 3
3 3
3 4
2 4
2 3
3 3
4 3
4 4
4 5
5 5
5 6
5 7
6 7
6 6
6 5
7 5
7 4
6 4
6 5
6 4
7 4
6 4
5 4
4 4
5 4
4 4
3 4
3 5
4 5
5 5
4 5
3 5
2 5
2 4
3 4
3 5
3 4
3 5
2 5
3 5
3 6
3 7
3 8
4 8
3 8
4 8
5 8
4 8
3 8
4 8
5 8
6 8
5 8
5 9
5 10
6 10
6 11
6 10
6 9
5 9
5 10
5 9
5 10
6 10
6 9
6 8
6 9
6 8
7 8
6 8
6 7
7 7
7 6
8 6
9 6
10 6
11 6
11 5
11 6
11 5
10 5
11 5
10 5
11 5
11 4
12 4
12 3
13 3
13 4
13 3
13 2
12 2
12 3
12 4
12 3
12 2
12 1
13 1
13 2
13 3
12 3
13 3
14 3
14 4
15 4
16 4
17 4
16 4
16 3
15 3
15 4
16 4
15 4
15 5
14 5
15 5
15 6
15 7
15 6
14 6
14 5
13 5
13 4
14 4
14 5
13 5
13 4
13 5
14 5
15 5
16 5
15 5
16 5
17 5
17 6
17 7
17 6
16 6
16 7
16 6
16 7
16 6
16 5
17 5
16 5
15 5
16 5
15 5
16 5
16 6
16 7
16 8
16 9
16 8
16 7
17 7
17 8
18 8
18 7
17 7
17 6
18 6
18 7
18 6
18 7
18 6
17 6
17 5
16 5
16 6
17 6
16 6
15 6
16 6
15 6
15 5
15 6
15 5
14 5
14 6
14 5
13 5
13 6
13 7
12 7
13 7
13 8
13 7
12 7
12 6
12 7
12 8
12 7
12 8
13 8
14 8
14 9
14 10
14 9
15 9
15 10
15 9
15 10
16 10
15 10
14 10
14 9
14 10
15 10
15 9
15 10
16 10
16 9
17 9
18 9
17 9
18 9
18 8
17 8
17 9
17 8
17 9
17 10
16 10
15 10
15 11
15 12
14 12
13 12
13 11
14 11
14 10
13 10
13 9
14 9
14 10
15 10
15 11
15 10
15 11
15 10
15 9
15 10
15 11
15 10
15 11
15 10
15 11
15 10
14 10
14 11
14 12
13 12
12 12
11 12
10 12
9 12
10 12
9 12
9 13
8 13
8 12
9 12
8 12
8 13
7 13
6 13
7 13
7 12
7 11
7 12
8 12
8 13
8 12
8 13
9 13
10 13
9 13
9 14
10 14
11 14
11 13
11 14
12 14
11 14
10 14
11 14
12 14
11 14
12 14
11 14
12 14
12 13
12 14
12 15
12 14
13 14
14 14
14 15
15 15
16 15
16 14
16 13
15 13
15 12
15 13
15 14
15 13
15 12
15 13
14 13
14 12
15 12
15 11
14 11
13 11
13 10
13 9
13 10
12 10
12 11
13 11
12 11
13 11
13 10
14 10
13 10
13 11
14 11
15 11
15 12
15 11
15 12
15 13
15 12
14 12
14 13
15 13
14 13
15 13
15 14
15 15
15 16
14 16
14 15
14 14
14 15
13 15
12 15
12 16
13 16
13 15
14 15
15 15
15 14
16 14
16 15
15 15
15 16
16 16
15 16
15 17
15 18
15 19
15 18
15 19
15 18
15 17
16 17
16 16
16 17
16 18
16 17
16 16
16 15
17 15
17 16
16 16
15 16
15 17
15 18
15 17
16 17
17 17
16 17
17 17
17 16
16 16
16 15
16 16
15 16
15 15
15 14
15 13
14 13
15 13
14 13
14 12
14 11
14 10
14 11
15 11
15 12
16 12
16 13
15 13
15 14
15 13
15 14
15 13
14 13
13 13
13 14
12 14
12 15
12 14
12 15
13 15
14 15
14 16
14 17
15 17
16 17
15 17
16 17
15 17
15 16
15 15
14 15
13 15
13 16
13 15
14 15
14 14
14 13
14 12
14 13
13 13
14 13
14 12
14 13
14 14
14 15
15 15
15 14
14 14
15 14
14 14
14 15
13 15
13 14
13 15
12 15
13 15
13 16
14 16
14 15
14 16
13 16
12 16
13 16
12 16
11 16
12 16
12 17
11 17
12 17
12 18
13 18
13 17
13 16
13 17
13 18
14 18
14 17
14 16
14 15
14 14
14 15
15 15
16 15
16 14
16 13
15 13
14 13
14 12
14 11
14 10
15 10
15 9
14 9
15 9
14 9
15 9
14 9
14 10
15 10
15 11
16 11
16 12
16 13
15 13
15 14
15 13
14 13
13 13
13 12
14 12
15 12
16 12
15 12
16 12
15 12
15 11
15 10
15 11
15 12
15 13
16 13
15 13
14 13
13 13
14 13
14 12
15 12
14 12
13 12
14 12
14 13
15 13
14 13
15 13
16 13
15 13
15 12
15 11
16 11
16 12
16 11
16 12
16 11
17 11
17 10
17 11
17 12
17 13
18 13
19 13
19 12
18 12
19 12
19 11
19 12
18 12
19 12
19 13
19 14
19 13
18 13
17 13
16 13
15 13
16 13
15 13
14 13
15 13
16 13
16 14
15 14
14 14
14 13
14 12
14 13
15 13
15 14
14 14
15 14
15 13
16 13
17 13
17 12
17 11
17 12
18 12
18 13
18 14
18 13
18 12
18 11
17 11
18 11
19 11
20 11
20 10
20 11
20 10
20 11
20 10
20 11
21 11
22 11
21 11
22 11
22 10
21 10
21 9
20 9
21 9
20 9
19 9
19 10
20 10
20 11
20 12
19 12
18 12
19 12
18 12
18 13
18 14
19 14
19 15
19 14
20 14
20 13
19 13
19 12
19 13
19 12
18 12
18 11
18 10
18 11
17 11
16 11
16 10
17 10
17 9
17 10
16 10
15 10
15 11
14 11
14 10
14 11
13 11
14 11
14 10
15 10
15 11
14 11
14 10
14 11
14 12
14 11
14 10
15 10
15 11
15 10
15 11
14 11
15 11
14 11
14 10
14 9
14 8
14 7
14 8
14 9
15 9
16 9
15 9
15 8
15 7
15 8
15 7
15 8
15 9
14 9
14 10
14 9
14 10
13 10
12 10
12 11
12 12
12 13
11 13
10 13
10 14
9 14
10 14
11 14
12 14
12 13
11 13
12 13
13 13
13 12
13 11
13 10
12 10
11 10
11 11
10 11
9 11
9 12
8 12
7 12
6 12
5 12
5 11
5 10
5 9
6 9
5 9
5 8
5 9
6 9
6 10
7 10
8 10
8 9
7 9
7 10
7 11
7 10
8 10
8 11
7 11
8 11
9 11
10 11
11 11
12 11
11 11
11 10
11 9
12 9
13 9
12 9
11 9
10 9
10 10
10 11
10 12
10 13
10 14
10 15
9 15
9 16
9 15
10 15
10 14
9 14
9 15
10 15
10 14
10 15
9 15
9 16
9 17
9 16
10 16
11 16
12 16
12 17
13 17
13 16
13 17
12 17
13 17
14 17
15 17
14 17
13 17
13 18
12 18
12 17
12 16
12 17
13 17
12 17
11 17
10 17
9 17
10 17
10 18
10 19
11 19
11 20
10 20
9 20
9 19
9 18
10 18
10 17
10 16
9 16
10 16
10 17
9 17
9 16
9 17
9 18
9 19
9 18
10 18
10 19
10 20
11 20
11 19
11 20
11 21
11 22
12 22
12 23
12 22
12 21
13 21
13 20
12 20
11 20
11 19
11 20
11 19
12 19
12 20
13 20
14 20
14 21
14 22
14 23
13 23
12 23
11 23
11 22
11 21
12 21
12 22
13 22
14 22
14 23
13 23
12 23
11 23
10 23
10 24
9 24
9 23
10 23
9 23
10 23
11 23
10 23
10 24
10 25
9 25
9 26
8 26
8 27
8 26
7 26
7 25
7 26
7 27
6 27
6 28
6 29
6 30
5 30
5 29
4 29
4 28
5 28
5 27
5 26
4 26
5 26
4 26
4 25
4 26
4 27
4 28
5 28
5 29
4 29
4 30
5 30
5 29
6 29
5 29
6 29
7 29
8 29
9 29
8 29
8 30
9 30
8 30
9 30
8 30
8 31
9 31
8 31
8 32
8 31
8 32
8 31
7 31
6 31
6 30
6 29
7 29
7 30
8 30
7 30
8 30
8 31
9 31
10 31
10 30
11 30
10 30
10 29
10 28
10 27
9 27
10 27
9 27
8 27
8 28
8 27
8 28
8 29
7 29
6 29
6 30
6 29
7 29
6 29
7 29
8 29
8 28
8 27
9 27
9 26
10 26
10 27
10 28
11 28
11 27
11 26
11 27
11 26
12 26
13 26
12 26
13 26
12 26
13 26
14 26
14 27
14 28
14 29
14 30
15 30
16 30
15 30
16 30
16 31
15 31
15 30
