0 0
1 0
2 0
3 0
4 0
3 0
4 0
5 0
4 0
4 1
4 2
4 3
5 3
6 3
7 3
8 3
8 4
9 4
9 3
10 3
11 3
11 2
11 3
11 4
11 3
10 3
10 2
9 2
9 1
9 2
9 3
8 3
8 4
9 4
10 4
9 4
8 4
9 4
8 4
8 3
8 4
9 4
8 4
8 3
7 3
7 2
7 3
6 3
5 3
6 3
6 4
6 5
7 5
6 5
5 5
6 5
6 4
7 4
7 5
7 6
7 5
8 5
8 4
9 4
9 3
9 2
8 2
8 1
7 1
6 1
7 1
6 1
7 1
7 2
8 2
7 2
6 2
6 1
5 1
6 1
6 0
6 1
5 1
5 2
6 2
5 2
6 2
7 2
6 2
6 3
6 4
7 4
6 4
6 3
6 2
5 2
5 3
6 3
6 2
6 1
5 1
6 1
6 2
6 1
6 0
5 0
5 1
5 0
6 0
6 1
5 1
5 2
4 2
4 1
3 1
3 0
2 0
2 1
1 1
0 1
1 1
0 1
0 0
0 1
0 0
0 1
1 1
0 1
1 1
2 1
2 2
2 1
3 1
4 1
5 1
5 0
4 0
5 0
5 1
4 1
4 2
4 1
4 0
4 1
4 0
3 0
3 1
4 1
3 1
4 1
5 1
4 1
4 2
4 3
4 4
5 4
6 4
5 4
5 3
6 3
6 2
7 2
6 2
7 2
7 3
6 3
6 2
6 3
6 4
6 5
7 5
7 6
7 7
6 7
7 7
7 8
7 9
8 9
7 9
7 10
8 10
8 11
8 12
8 11
7 11
8 11
8 12
9 12
10 12
10 11
10 12
9 12
9 11
9 10
9 11
8 11
8 10
8 9
7 9
7 8
6 8
6 9
6 8
7 8
6 8
6 7
7 7
7 8
7 9
7 8
7 9
7 8
8 8
8 7
9 7
9 6
9 7
9 8
9 9
9 10
9 9
8 9
9 9
10 9
11 9
11 10
11 9
11 10
11 11
11 10
11 9
10 9
9 9
10 9
9 9
8 9
9 9
10 9
10 8
11 8
11 9
12 9
12 10
13 10
13 11
13 10
12 10
12 11
12 12
13 12
13 11
12 11
13 11
14 11
13 11
13 12
13 13
13 12
13 11
14 11
13 11
13 10
13 9
13 8
13 9
13 8
12 8
13 8
12 8
11 8
11 9
11 8
11 9
10 9
11 9
10 9
11 9
11 10
12 10
12 11
11 11
11 10
12 10
13 10
13 11
14 11
13 11
13 10
14 10
14 11
15 11
14 11
14 12
13 12
13 13
13 14
12 14
13 14
13 15
14 15
13 15
12 15
13 15
12 15
12 16
11 16
11 15
11 16
11 17
11 18
11 19
11 20
12 20
11 20
11 19
10 19
10 20
10 21
9 21
9 22
10 22
10 21
10 20
9 20
9 19
9 18
9 17
10 17
10 16
10 17
11 17
10 17
11 17
11 16
10 16
11 16
11 15
11 16
12 16
12 15
13 15
14 15
13 15
13 16
12 16
12 17
13 17
13 16
13 15
13 16
13 15
12 15
13 15
13 14
14 14
15 14
14 14
13 14
13 15
14 15
14 14
14 15
13 15
14 15
15 15
15 14
14 14
13 14
14 14
13 14
13 13
12 13
11 13
12 13
13 13
14 13
14 14
14 13
13 13
14 13
14 12
14 13
13 13
14 13
14 12
13 12
13 13
13 12
13 11
13 10
13 11
14 11
14 10
15 10
14 10
13 10
13 11
14 11
13 11
12 11
12 12
12 13
12 12
12 11
12 12
13 12
13 13
13 12
12 12
12 11
12 12
12 11
12 10
11 10
12 10
12 9
12 10
13 10
13 11
14 11
15 11
14 11
14 12
15 12
15 11
15 10
16 10
16 11
16 12
17 12
17 11
17 12
16 12
15 12
15 13
15 14
15 13
15 14
14 14
15 14
16 14
16 13
17 13
16 13
16 12
15 12
14 12
14 11
14 12
15 12
15 11
14 11
15 11
16 11
16 10
16 9
15 9
15 8
15 7
16 7
16 6
15 6
15 7
15 6
15 5
16 5
17 5
18 5
18 4
18 3
18 4
17 4
18 4
18 3
18 2
19 2
20 2
20 1
20 0
21 0
21 1
20 1
19 1
19 2
19 1
20 1
20 2
21 2
21 1
20 1
19 1
19 0
20 0
21 0
21 1
21 0
21 1
21 2
21 1
20 1
19 1
19 0
19 1
19 2
20 2
21 2
20 2
20 1
20 0
20 1
21 1
20 1
21 1
22 1
23 1
23 0
23 1
24 1
23 1
22 1
22 2
22 3
23 3
23 2
23 3
23 2
23 3
23 2
22 2
23 2
22 2
22 1
21 1
22 1
21 1
21 2
21 3
21 2
21 3
21 2
20 2
20 3
20 4
20 3
20 4
20 5
20 6
19 6
19 7
18 7
17 7
17 6
17 7
16 7
17 7
18 7
17 7
18 7
18 6
17 6
17 5
17 4
18 4
18 5
17 5
17 4
17 5
17 6
18 6
18 5
18 4
17 4
18 4
18 3
18 2
18 1
18 2
19 2
19 3
18 3
18 4
17 4
16 4
15 4
16 4
16 3
15 3
15 4
14 4
13 4
14 4
14 3
13 3
13 2
13 1
13 0
13 1
14 1
14 2
15 2
15 1
15 0
14 0
14 1
13 1
14 1
14 0
13 0
13 1
13 0
13 1
14 1
14 0
15 0
16 0
16 1
16 0
16 1
17 1
17 0
17 1
16 1
17 1
16 1
16 0
16 1
16 2
16 1
16 2
16 1
17 1
16 1
15 1
16 1
16 0
16 1
15 1
16 1
16 0
17 0
16 0
15 0
15 1
14 1
14 2
14 1
13 1
13 2
12 2
13 2
12 2
12 3
12 4
12 3
12 4
12 3
12 4
13 4
13 3
13 4
14 4
15 4
14 4
14 5
15 5
16 5
16 6
15 6
15 5
16 5
17 5
17 4
17 3
17 2
18 2
19 2
18 2
17 2
16 2
16 1
17 1
17 2
17 3
18 3
19 3
19 4
19 5
20 5
20 4
21 4
21 3
20 3
21 3
20 3
20 2
21 2
21 1
21 0
20 0
20 1
20 0
21 0
20 0
21 0
20 0
21 0
21 1
21 2
22 2
21 2
21 1
22 1
21 1
22 1
21 1
20 1
21 1
22 1
22 2
22 1
23 1
22 1
23 1
22 1
22 0
22 1
21 1
21 2
21 1
21 0
22 0
22 1
22 2
23 2
23 3
24 3
25 3
25 2
25 1
25 2
25 1
25 0
26 0
27 0
27 1
27 0
27 1
28 1
29 1
29 2
30 2
29 2
30 2
30 3
30 4
30 5
30 6
29 6
29 7
29 6
29 7
29 6
30 6
31 6
30 6
31 6
31 5
30 5
31 5
31 6
30 6
31 6
31 5
31 4
31 3
30 3
31 3
32 3
32 2
33 2
33 3
34 3
33 3
33 4
34 4
33 4
33 5
34 5
35 5
36 5
36 6
37 6
37 5
36 5
36 4
37 4
37 3
36 3
36 4
35 4
35 5
35 4
35 5
35 6
35 7
35 8
36 8
35 8
36 8
37 8
38 8
39 8
40 8
40 7
41 7
41 6
42 6
41 6
41 5
41 6
41 5
40 5
39 5
40 5
40 4
39 4
39 3
40 3
40 2
40 1
40 0
40 1
40 2
41 2
40 2
40 3
40 2
41 2
40 2
41 2
41 1
41 0
42 0
42 1
42 0
43 0
43 1
44 1
45 1
45 2
46 2
46 1
46 2
45 2
44 2
44 1
44 2
43 2
44 2
44 3
44 4
43 4
43 3
43 2
43 1
43 2
43 3
43 2
42 2
41 2
40 2
40 3
40 2
40 1
40 2
39 2
40 2
39 2
39 3
39 2
40 2
40 3
39 3
40 3
40 4
40 5
40 6
40 7
41 7
42 7
42 8
43 8
43 7
44 7
44 6
44 7
45 7
44 7
43 7
43 6
43 7
44 7
44 6
43 6
43 5
43 4
43 5
44 5
45 5
44 5
45 5
44 5
44 4
44 3
44 4
45 4
45 5
45 6
44 6
44 7
44 6
44 7
44 8
44 9
45 9
45 8
45 9
44 9
43 9
43 8
44 8
44 9
44 10
45 10
44 10
45 10
44 10
45 10
46 10
47 10
48 10
47 10
46 10
46 11
46 12
46 11
46 10
45 10
46 10
47 10
48 10
49 10
49 9
49 10
49 11
49 12
49 11
48 11
48 12
47 12
46 12
46 13
47 13
47 14
47 13
46 13
47 13
47 14
47 13
46 13
45 13
45 12
46 12
46 13
47 13
47 14
47 15
47 16
47 15
47 14
47 13
47 14
48 14
48 15
49 15
49 14
48 14
48 13
47 13
48 13
49 13
48 13
47 13
47 14
47 13
46 13
47 13
47 14
47 13
47 14
