0 0
0 1
0 2
0 1
0 0
1 0
0 0
1 0
0 0
1 0
0 0
1 0
1 1
2 1
3 1
3 0
2 0
2 1
2 2
2 1
3 1
3 0
3 1
3 2
2 2
1 2
0 2
0 3
0 4
0 3
0 4
1 4
1 3
1 4
0 4
0 5
0 6
0 7
1 7
2 7
2 6
3 6
3 7
4 7
4 8
4 9
5 9
6 9
5 9
5 8
4 8
4 7
4 8
4 7
5 7
5 6
6 6
6 5
6 6
6 5
6 4
6 3
7 3
7 4
7 3
6 3
6 2
6 1
5 1
5 2
5 1
4 1
3 1
4 1
3 1
3 0
3 1
2 1
2 0
3 0
2 0
3 0
2 0
2 1
3 1
3 2
3 3
2 3
1 3
0 3
0 4
1 4
2 4
1 4
1 5
1 4
0 4
1 4
1 5
2 5
2 6
2 7
2 8
1 8
2 8
2 9
3 9
4 9
4 10
5 10
6 10
6 11
7 11
7 12
8 12
9 12
9 13
10 13
11 13
12 13
12 14
13 14
14 14
15 14
15 15
15 14
15 15
15 14
15 15
15 14
16 14
17 14
17 15
17 14
17 13
17 14
16 14
17 14
17 13
17 12
17 13
17 14
18 14
18 13
17 13
16 13
16 12
16 13
16 12
16 13
16 14
16 15
16 14
17 14
16 14
16 13
15 13
16 13
16 12
16 11
15 11
16 11
15 11
15 12
15 11
16 11
15 11
15 10
15 9
15 10
15 9
16 9
17 9
17 10
17 11
18 11
17 11
17 10
17 9
18 9
18 8
18 9
17 9
18 9
17 9
18 9
18 10
18 9
19 9
19 10
19 11
18 11
18 10
19 10
19 11
19 10
20 10
21 10
22 10
21 10
21 9
22 9
22 8
22 7
22 8
21 8
21 7
20 7
19 7
20 7
19 7
19 8
19 9
19 10
19 9
19 8
20 8
20 7
20 6
19 6
19 5
18 5
17 5
16 5
16 6
16 5
15 5
16 5
16 4
16 5
17 5
17 4
16 4
16 5
16 4
15 4
15 3
14 3
15 3
16 3
17 3
17 4
17 5
16 5
16 6
15 6
16 6
17 6
16 6
16 7
16 8
17 8
16 8
16 9
15 9
15 8
16 8
16 7
16 6
16 5
16 4
17 4
17 5
18 5
19 5
20 5
21 5
20 5
21 5
21 6
22 6
22 7
23 7
23 6
23 7
23 8
24 8
25 8
24 8
24 9
24 10
25 10
25 9
26 9
26 10
26 11
25 11
24 11
25 11
25 10
25 9
24 9
24 10
24 11
25 11
26 11
25 11
24 11
25 11
25 10
25 9
24 9
23 9
22 9
22 8
21 8
21 7
22 7
22 8
22 9
21 9
22 9
22 10
22 9
22 8
23 8
23 9
23 10
22 10
21 10
22 10
22 9
21 9
22 9
22 10
21 10
22 10
22 9
22 10
22 11
21 11
22 11
22 10
22 9
22 8
21 8
22 8
22 9
21 9
21 10
22 10
23 10
23 9
23 10
22 10
21 10
22 10
22 9
23 9
23 8
22 8
21 8
22 8
22 9
21 9
21 8
21 9
20 9
20 10
21 10
22 10
21 10
21 11
21 10
22 10
21 10
21 9
22 9
21 9
21 8
21 7
21 8
21 9
20 9
19 9
19 10
20 10
20 9
20 10
19 10
19 9
19 10
19 11
18 11
17 11
18 11
19 11
19 10
19 11
19 12
19 13
19 14
19 15
19 14
19 13
19 14
20 14
21 14
21 13
21 14
21 13
20 13
21 13
21 12
21 11
21 10
21 11
22 11
22 12
23 12
23 13
23 12
22 12
22 13
22 12
21 12
21 11
20 11
19 11
18 11
18 12
18 11
18 10
18 11
18 10
18 11
17 11
17 12
16 12
15 12
14 12
14 13
15 13
14 13
15 13
16 13
15 13
15 14
16 14
15 14
16 14
16 15
17 15
16 15
16 16
16 17
17 17
16 17
15 17
16 17
16 16
16 17
17 17
18 17
18 18
18 19
18 20
19 20
19 21
20 21
20 20
19 20
19 19
19 18
19 19
20 19
20 18
21 18
22 18
23 18
22 18
23 18
23 19
24 19
25 19
26 19
25 19
25 20
25 19
25 20
25 19
25 20
26 20
27 20
28 20
27 20
28 20
28 21
27 21
27 22
28 22
28 21
27 21
28 21
28 22
28 21
27 21
27 22
28 22
29 22
29 21
29 20
29 21
29 20
30 20
30 21
29 21
29 22
30 22
30 23
30 24
30 25
30 24
31 24
32 24
33 24
33 25
33 24
34 24
34 23
34 22
35 22
36 22
36 21
36 20
36 19
36 20
35 20
35 21
35 20
35 19
35 20
34 20
34 21
34 22
33 22
32 22
33 22
33 23
33 24
33 25
33 24
34 24
34 23
34 24
33 24
33 25
32 25
32 26
32 27
33 27
32 27
31 27
31 28
30 28
30 27
29 27
29 26
29 27
30 27
31 27
32 27
33 27
32 27
32 26
33 26
33 27
34 27
33 27
32 27
32 28
32 29
33 29
33 30
34 30
34 29
33 29
33 30
34 30
34 29
33 29
34 29
35 29
34 29
33 29
33 28
34 28
35 28
34 28
35 28
35 27
34 27
33 27
34 27
35 27
35 28
35 29
36 29
37 29
38 29
38 28
37 28
37 27
37 28
37 27
36 27
36 26
35 26
35 25
35 24
35 23
34 23
34 24
34 23
33 23
33 24
32 24
32 23
31 23
31 22
31 21
31 20
31 21
32 21
32 20
31 20
30 20
30 19
30 18
29 18
30 18
30 17
30 16
29 16
28 16
29 16
30 16
30 15
31 15
30 15
30 16
29 16
28 16
27 16
28 16
28 17
27 17
27 16
28 16
29 16
29 15
29 14
29 15
28 15
27 15
26 15
26 14
26 13
26 12
26 11
25 11
25 10
25 9
24 9
24 10
24 11
23 11
22 11
21 11
22 11
22 10
21 10
20 10
20 9
21 9
20 9
20 10
19 10
20 10
20 9
19 9
20 9
20 8
20 9
20 8
21 8
20 8
19 8
19 9
18 9
18 10
18 9
18 8
19 8
19 7
19 8
19 9
18 9
18 10
19 10
19 11
19 12
19 13
19 12
19 11
18 11
18 12
19 12
19 13
19 14
20 14
21 14
22 14
21 14
20 14
19 14
19 13
19 14
20 14
21 14
20 14
19 14
20 14
20 15
21 15
21 16
20 16
19 16
18 16
19 16
19 15
18 15
18 14
18 13
18 12
18 11
18 10
17 10
16 10
16 9
16 8
16 7
17 7
18 7
19 7
18 7
18 6
17 6
17 5
17 6
18 6
18 7
17 7
17 8
17 7
16 7
16 8
16 9
17 9
17 8
17 7
16 7
17 7
18 7
17 7
16 7
17 7
18 7
18 6
19 6
20 6
20 5
20 6
21 6
21 5
21 4
22 4
23 4
22 4
22 3
22 2
23 2
22 2
22 1
22 2
23 2
24 2
24 1
24 0
24 1
24 2
23 2
22 2
22 1
23 1
23 2
23 1
23 2
23 3
23 4
22 4
22 3
21 3
22 3
23 3
23 2
23 1
23 2
24 2
25 2
25 1
25 2
24 2
24 1
23 1
23 2
22 2
23 2
22 2
22 3
22 2
22 1
22 0
23 0
24 0
25 0
25 1
25 2
25 3
25 4
24 4
23 4
24 4
24 5
23 5
22 5
22 6
22 7
21 7
20 7
21 7
21 6
21 5
20 5
21 5
22 5
22 6
22 5
22 6
22 5
22 4
22 5
23 5
22 5
21 5
20 5
20 4
21 4
21 5
21 6
22 6
21 6
22 6
21 6
21 7
21 6
20 6
20 7
19 7
19 6
20 6
21 6
20 6
20 5
20 4
21 4
22 4
23 4
23 3
22 3
23 3
23 4
23 5
22 5
22 4
22 5
21 5
21 4
22 4
22 3
21 3
21 4
21 3
22 3
22 4
23 4
24 4
23 4
23 5
23 6
22 6
23 6
24 6
25 6
25 5
24 5
24 4
24 3
25 3
25 2
25 3
25 4
24 4
24 5
25 5
25 6
25 5
26 5
25 5
25 6
25 5
25 6
25 7
26 7
26 8
25 8
25 9
26 9
27 9
28 9
29 9
28 9
27 9
28 9
29 9
29 10
28 10
28 11
29 11
30 11
30 10
29 10
30 10
30 9
29 9
28 9
29 9
30 9
31 9
31 8
30 8
29 8
29 7
28 7
27 7
27 6
27 7
27 8
27 7
27 8
26 8
27 8
27 9
26 9
26 10
25 10
25 11
25 10
24 10
25 10
25 9
26 9
27 9
26 9
26 8
27 8
28 8
29 8
29 9
30 9
29 9
30 9
30 10
29 10
29 11
30 11
30 12
31 12
30 12
30 11
30 12
30 11
31 11
32 11
33 11
32 11
32 10
33 10
32 10
31 10
