0 0
1 0
1 1
1 0
1 1
1 0
0 0
0 1
1 1
1 0
2 0
2 1
1 1
1 2
0 2
1 2
0 2
0 1
0 2
1 2
2 2
2 1
1 1
1 2
0 2
1 2
1 3
2 3
2 2
2 1
2 0
1 0
1 1
1 0
1 1
1 0
2 0
2 1
1 1
1 2
2 2
1 2
2 2
2 3
1 3
0 3
0 4
1 4
0 4
1 4
0 4
1 4
1 3
0 3
1 3
2 3
1 3
1 4
2 4
3 4
3 5
4 5
4 6
4 7
5 7
6 7
7 7
7 6
7 5
6 5
6 6
7 6
6 6
6 7
7 7
6 7
7 7
6 7
6 8
7 8
7 7
8 7
7 7
7 8
7 7
6 7
7 7
6 7
6 8
5 8
5 9
5 8
4 8
4 9
4 10
3 10
3 11
3 10
3 9
3 8
2 8
2 9
2 10
1 10
0 10
0 11
1 11
1 12
1 11
2 11
1 11
1 10
2 10
3 10
3 11
3 12
2 12
2 13
2 14
1 14
2 14
3 14
3 15
2 15
2 14
3 14
4 14
3 14
3 15
3 14
3 15
4 15
3 15
3 16
3 17
2 17
2 18
1 18
0 18
1 18
1 19
1 18
0 18
0 17
1 17
2 17
3 17
3 16
3 15
3 14
3 13
2 13
1 13
0 13
1 13
2 13
1 13
2 13
2 14
3 14
4 14
4 13
4 12
4 13
5 13
5 12
6 12
7 12
7 13
7 12
7 13
8 13
9 13
8 13
8 14
7 14
7 15
7 14
7 15
6 15
6 16
6 17
6 16
5 16
5 15
6 15
5 15
6 15
5 15
4 15
4 16
3 16
2 16
3 16
3 15
4 15
5 15
5 14
6 14
6 13
6 14
7 14
7 15
7 16
7 17
7 18
7 19
8 19
7 19
7 18
8 18
8 19
9 19
10 19
10 18
10 17
10 18
11 18
11 17
12 17
12 16
12 17
12 18
11 18
11 17
11 16
12 16
11 16
11 17
11 18
10 18
10 17
11 17
11 18
10 18
9 18
8 18
9 18
8 18
7 18
7 19
7 20
8 20
8 21
9 21
10 21
10 20
10 21
11 21
11 20
11 21
10 21
9 21
8 21
8 20
7 20
7 19
7 18
8 18
7 18
8 18
9 18
9 19
9 20
9 21
9 22
9 21
9 22
9 23
10 23
10 22
10 23
10 24
10 25
10 24
11 24
10 24
11 24
11 23
10 23
11 23
12 23
12 24
13 24
13 25
12 25
13 25
14 25
13 25
13 24
12 24
11 24
10 24
9 24
9 23
8 23
7 23
6 23
6 22
7 22
7 23
6 23
5 23
5 24
5 25
4 25
3 25
2 25
3 25
4 25
3 25
3 26
2 26
2 27
2 26
2 25
2 26
2 27
2 26
2 27
2 28
3 28
2 28
3 28
3 27
4 27
4 28
4 27
5 27
5 28
6 28
6 27
7 27
6 27
6 28
6 27
5 27
5 28
5 27
6 27
6 28
6 27
6 26
5 26
5 27
5 26
4 26
3 26
3 27
3 26
3 25
3 26
4 26
4 25
4 24
3 24
4 24
4 25
4 26
5 26
6 26
6 27
6 26
5 26
4 26
5 26
5 25
6 25
7 25
8 25
7 25
8 25
8 24
8 25
9 25
10 25
9 25
8 25
7 25
8 25
9 25
10 25
9 25
9 26
9 27
8 27
8 28
8 29
8 30
8 29
9 29
8 29
8 30
8 31
8 30
8 29
9 29
9 30
8 30
8 29
9 29
10 29
10 30
11 30
11 29
12 29
12 28
12 27
12 28
12 27
13 27
13 26
12 26
13 26
13 27
14 27
13 27
14 27
15 27
15 28
14 28
14 29
15 29
14 29
14 30
13 30
13 29
12 29
13 29
13 30
14 30
13 30
13 29
14 29
13 29
13 30
13 29
13 30
12 30
12 31
11 31
11 32
11 33
11 32
11 31
10 31
9 31
8 31
7 31
7 32
7 31
6 31
6 30
5 30
5 29
4 29
4 28
3 28
3 29
3 28
4 28
4 27
5 27
5 28
5 27
6 27
5 27
6 27
7 27
7 26
6 26
6 27
7 27
6 27
6 26
6 25
5 25
4 25
3 25
4 25
4 26
3 26
2 26
3 26
2 26
2 27
2 26
2 25
3 25
4 25
4 26
5 26
6 26
5 26
5 25
5 26
5 27
5 28
5 27
5 28
5 29
5 30
6 30
7 30
7 31
6 31
6 30
7 30
7 31
6 31
5 31
5 32
4 32
4 33
3 33
3 34
2 34
1 34
0 34
1 34
1 35
1 36
1 37
1 36
2 36
2 35
2 36
2 37
1 37
2 37
2 36
2 35
1 35
1 36
2 36
3 36
3 35
4 35
5 35
6 35
5 35
6 35
5 35
5 36
6 36
6 35
6 36
7 36
7 35
6 35
5 35
5 36
4 36
4 37
4 38
4 39
3 39
4 39
4 38
4 37
4 36
4 35
5 35
5 36
4 36
3 36
3 37
2 37
3 37
3 36
3 35
2 35
2 34
2 33
3 33
3 34
2 34
2 35
2 36
2 35
1 35
2 35
2 36
2 37
2 38
1 38
1 39
2 39
1 39
0 39
0 40
0 41
1 41
1 40
1 39
1 38
2 38
3 38
4 38
3 38
3 37
2 37
3 37
2 37
2 38
1 38
2 38
1 38
2 38
2 37
2 38
3 38
2 38
3 38
2 38
3 38
4 38
5 38
6 38
7 38
6 38
6 39
6 40
7 40
8 40
9 40
9 41
9 42
8 42
9 42
8 42
9 42
10 42
10 41
9 41
8 41
8 40
7 40
8 40
8 41
8 42
8 43
7 43
8 43
7 43
6 43
5 43
4 43
4 42
4 43
4 44
4 45
4 46
4 47
4 48
3 48
3 47
3 48
3 49
4 49
4 48
4 47
4 48
4 49
4 48
5 48
5 47
6 47
7 47
6 47
7 47
7 48
7 49
7 48
8 48
9 48
8 48
9 48
9 49
9 50
9 51
8 51
7 51
7 52
7 51
6 51
7 51
7 52
6 52
7 52
7 51
6 51
7 51
7 52
8 52
7 52
8 52
8 53
8 54
9 54
10 54
11 54
12 54
13 54
12 54
12 55
13 55
12 55
12 56
13 56
13 57
13 58
14 58
13 58
12 58
13 58
14 58
14 57
15 57
16 57
17 57
17 56
16 56
16 55
17 55
17 56
18 56
18 57
19 57
19 56
19 57
19 58
20 58
20 57
19 57
19 58
19 57
20 57
20 56
20 55
20 54
19 54
18 54
19 54
20 54
19 54
19 55
19 54
19 55
19 56
18 56
18 57
18 58
17 58
17 57
18 57
18 56
17 56
18 56
18 55
18 56
18 55
19 55
20 55
21 55
21 56
22 56
22 55
21 55
21 54
22 54
22 53
23 53
22 53
21 53
22 53
22 52
21 52
21 51
20 51
21 51
21 50
21 49
22 49
21 49
21 50
20 50
21 50
21 51
21 50
21 51
22 51
23 51
24 51
23 51
22 51
22 52
22 51
21 51
22 51
22 52
21 52
20 52
20 53
20 54
20 53
20 54
20 55
20 56
21 56
21 55
21 54
21 53
21 54
21 53
21 54
22 54
22 53
21 53
21 52
21 53
22 53
23 53
23 52
23 53
24 53
25 53
26 53
27 53
27 52
27 51
27 50
27 51
28 51
28 50
29 50
30 50
29 50
28 50
29 50
29 49
29 50
29 51
28 51
28 52
27 52
26 52
26 51
26 50
26 51
26 50
27 50
28 50
28 51
27 51
28 51
27 51
28 51
29 51
30 51
30 52
29 52
29 53
28 53
29 53
29 54
29 53
30 53
30 54
30 55
30 56
29 56
30 56
31 56
32 56
32 55
32 54
32 53
32 52
31 52
31 51
32 51
32 52
31 52
31 51
31 52
31 51
30 51
29 51
30 51
31 51
30 51
30 50
29 50
29 51
29 50
30 50
30 51
30 52
30 51
30 52
30 51
31 51
30 51
29 51
30 51
30 52
29 52
28 52
27 52
27 51
27 52
26 52
26 53
26 52
26 51
25 51
25 52
25 51
26 51
27 51
27 50
27 51
27 50
26 50
26 51
25 51
24 51
24 50
24 51
24 52
25 52
26 52
26 51
25 51
26 51
26 50
25 50
25 51
25 52
25 51
24 51
23 51
24 51
23 51
24 51
23 51
24 51
25 51
24 51
24 52
24 53
24 52
24 53
23 53
24 53
24 52
25 52
26 52
25 52
24 52
23 52
23 53
23 52
24 52
24 53
24 52
24 51
25 51
24 51
24 52
25 52
25 53
25 52
26 52
26 53
26 52
26 51
26 50
26 49
26 50
25 50
25 49
24 49
24 50
23 50
23 49
22 49
23 49
24 49
24 48
23 48
23 47
23 48
23 47
23 48
22 48
23 48
23 49
23 48
