0 0
0 1
1 1
0 1
1 1
2 1
1 1
2 1
3 1
3 0
2 0
3 0
3 1
2 1
1 1
1 2
2 2
3 2
2 2
2 1
2 0
2 1
1 1
0 1
1 1
0 1
1 1
2 1
3 1
3 2
3 1
2 1
1 1
1 0
0 0
0 1
1 1
2 1
2 0
2 1
2 0
1 0
1 1
1 2
1 3
0 3
1 3
1 4
1 3
0 3
1 3
1 4
0 4
1 4
2 4
3 4
3 3
3 2
4 2
5 2
6 2
6 3
6 4
7 4
7 5
7 4
8 4
7 4
6 4
6 5
7 5
6 5
6 4
5 4
5 5
4 5
3 5
4 5
5 5
5 4
4 4
5 4
4 4
4 3
4 2
5 2
5 1
5 2
5 1
6 1
6 2
6 1
5 1
4 1
4 2
4 1
4 2
4 1
5 1
6 1
6 2
7 2
6 2
5 2
6 2
6 3
5 3
5 4
5 3
5 2
5 3
6 3
7 3
7 4
8 4
7 4
6 4
6 5
6 6
7 6
7 5
7 6
7 5
7 6
6 6
7 6
7 7
8 7
8 8
9 8
9 7
9 6
9 5
9 6
9 5
8 5
7 5
7 4
7 3
8 3
7 3
6 3
7 3
7 4
7 5
8 5
8 6
9 6
9 5
10 5
10 6
11 6
11 7
10 7
10 8
10 9
10 10
10 11
9 11
9 10
9 11
10 11
9 11
9 10
8 10
8 11
7 11
7 12
6 12
7 12
7 13
7 12
8 12
8 11
8 10
7 10
6 10
5 10
6 10
6 11
5 11
6 11
7 11
6 11
7 11
6 11
5 11
5 12
5 11
4 11
4 12
4 11
4 10
5 10
6 10
5 10
5 9
4 9
4 10
5 10
4 10
3 10
2 10
2 9
2 8
2 9
3 9
3 10
2 10
2 9
1 9
0 9
1 9
1 8
2 8
3 8
3 7
4 7
5 7
5 8
5 7
6 7
6 6
5 6
6 6
7 6
7 7
8 7
8 8
7 8
7 7
7 8
8 8
7 8
8 8
7 8
6 8
6 9
5 9
5 10
5 11
6 11
5 11
6 11
5 11
5 12
4 12
5 12
6 12
5 12
4 12
4 11
4 10
4 9
4 8
4 7
3 7
3 6
4 6
4 5
3 5
3 6
3 5
3 6
3 5
2 5
3 5
3 4
3 3
3 4
3 5
3 4
3 5
3 6
4 6
4 5
4 4
5 4
5 5
5 6
5 7
5 6
6 6
6 7
6 6
6 5
5 5
5 6
5 5
5 6
5 7
5 6
5 5
5 6
5 7
4 7
4 6
4 7
4 6
3 6
4 6
4 5
4 4
4 5
4 6
4 5
5 5
6 5
5 5
6 5
5 5
5 6
5 5
5 4
5 3
5 4
5 5
5 4
5 3
5 2
5 1
5 2
5 1
6 1
6 0
7 0
7 1
8 1
9 1
9 0
9 1
8 1
8 2
9 2
10 2
9 2
8 2
8 1
7 1
8 1
8 0
9 0
9 1
8 1
7 1
8 1
9 1
9 2
10 2
9 2
9 1
8 1
9 1
9 2
8 2
8 3
8 2
9 2
8 2
8 1
8 2
8 1
8 0
8 1
8 0
9 0
8 0
9 0
9 1
10 1
9 1
8 1
8 0
8 1
7 1
7 2
7 1
8 1
7 1
7 2
8 2
8 1
8 2
7 2
7 1
6 1
7 1
7 2
8 2
9 2
10 2
10 1
10 0
10 1
10 0
10 1
10 2
11 2
11 1
11 0
11 1
12 1
13 1
13 0
13 1
13 0
13 1
13 2
13 3
13 2
14 2
14 1
14 2
14 1
13 1
12 1
12 0
12 1
12 2
12 3
12 2
12 1
11 1
10 1
9 1
8 1
8 2
9 2
9 3
9 2
8 2
9 2
9 3
10 3
10 2
11 2
10 2
9 2
9 3
9 4
9 5
8 5
8 4
7 4
7 5
7 6
7 7
6 7
6 6
7 6
6 6
6 7
7 7
7 6
7 5
7 4
7 5
8 5
9 5
9 6
10 6
10 5
11 5
10 5
10 4
10 5
11 5
10 5
9 5
9 6
9 5
10 5
10 4
10 3
11 3
11 4
11 5
11 6
11 7
11 6
11 7
10 7
10 6
10 7
11 7
10 7
11 7
12 7
12 8
13 8
13 9
14 9
15 9
14 9
15 9
14 9
14 8
14 9
13 9
12 9
12 8
13 8
13 7
13 8
12 8
11 8
12 8
13 8
13 9
13 8
13 7
13 6
12 6
13 6
14 6
14 7
13 7
13 8
13 9
12 9
12 10
13 10
14 10
14 11
15 11
14 11
14 12
14 11
14 12
13 12
13 13
12 13
12 14
13 14
14 14
15 14
15 13
14 13
15 13
16 13
16 12
17 12
17 13
17 12
18 12
19 12
19 13
19 14
20 14
20 15
19 15
19 16
19 17
20 17
20 16
19 16
20 16
20 17
21 17
20 17
20 18
20 19
20 20
19 20
20 20
21 20
22 20
23 20
23 19
24 19
24 20
25 20
24 20
23 20
23 19
24 19
25 19
24 19
23 19
23 20
23 21
23 20
23 19
24 19
23 19
23 20
22 20
23 20
24 20
24 19
24 18
25 18
25 17
26 17
27 17
27 16
27 15
26 15
27 15
27 16
26 16
26 15
27 15
26 15
27 15
27 16
27 15
26 15
26 16
27 16
26 16
26 15
27 15
26 15
26 16
27 16
26 16
26 17
26 18
26 19
27 19
28 19
28 18
28 19
27 19
27 18
28 18
28 17
27 17
28 17
28 18
27 18
27 17
28 17
27 17
27 16
26 16
27 16
28 16
29 16
28 16
28 17
28 16
29 16
29 15
29 14
29 15
29 14
30 14
30 15
29 15
29 16
29 17
29 18
30 18
30 17
29 17
30 17
30 18
31 18
31 17
31 18
31 17
32 17
33 17
34 17
34 18
33 18
32 18
32 17
32 18
33 18
34 18
34 19
35 19
35 20
35 19
34 19
35 19
34 19
33 19
33 18
33 17
33 18
34 18
34 17
33 17
32 17
32 16
33 16
32 16
32 15
33 15
33 16
34 16
34 17
34 16
34 15
34 14
34 13
34 14
33 14
32 14
31 14
32 14
33 14
33 13
33 12
32 12
32 11
32 12
32 13
33 13
34 13
34 12
34 11
35 11
35 10
36 10
36 9
37 9
38 9
38 8
38 7
39 7
40 7
41 7
40 7
39 7
38 7
39 7
38 7
38 6
38 5
37 5
37 4
36 4
36 5
36 6
35 6
36 6
36 7
36 8
37 8
38 8
38 9
38 10
38 9
39 9
39 10
39 11
39 12
40 12
40 13
41 13
40 13
41 13
42 13
42 14
42 13
41 13
41 14
41 13
41 14
41 13
41 14
41 15
42 15
41 15
40 15
41 15
40 15
40 14
40 15
41 15
41 16
41 17
41 16
42 16
42 15
42 14
41 14
40 14
41 14
40 14
39 14
39 13
38 13
39 13
39 14
40 14
41 14
42 14
43 14
44 14
45 14
45 13
45 12
46 12
46 11
46 12
46 11
47 11
47 10
48 10
48 9
49 9
49 8
48 8
49 8
49 9
48 9
48 8
48 9
48 8
48 9
49 9
50 9
50 10
51 10
51 9
51 8
50 8
50 7
49 7
49 6
48 6
49 6
48 6
47 6
47 5
47 6
46 6
47 6
47 7
47 8
47 7
48 7
48 8
48 7
49 7
49 8
49 9
48 9
48 10
47 10
46 10
47 10
46 10
45 10
45 11
44 11
44 10
43 10
43 11
44 11
44 10
44 9
44 10
44 9
45 9
45 10
45 11
45 12
45 11
44 11
44 10
44 9
44 10
44 9
45 9
44 9
45 9
44 9
43 9
42 9
43 9
43 8
43 9
44 9
44 10
44 11
44 12
44 13
43 13
44 13
44 12
44 13
45 13
45 12
44 12
44 11
44 12
44 11
44 10
43 10
42 10
42 9
42 8
42 9
41 9
41 10
41 9
40 9
41 9
41 8
42 8
41 8
41 9
41 8
41 9
42 9
41 9
41 10
42 10
41 10
41 9
42 9
43 9
42 9
42 8
41 8
41 9
41 10
40 10
41 10
41 9
41 10
41 11
42 11
42 12
43 12
44 12
43 12
43 11
43 10
44 10
45 10
45 9
45 10
45 11
44 11
45 11
45 10
46 10
46 11
46 10
45 10
45 9
45 8
46 8
46 7
45 7
46 7
45 7
46 7
46 8
47 8
46 8
46 7
47 7
47 6
47 7
47 6
46 6
45 6
44 6
45 6
45 7
45 6
44 6
44 5
45 5
46 5
46 6
46 7
46 8
47 8
47 7
47 6
47 5
48 5
47 5
48 5
47 5
48 5
48 4
48 5
48 4
48 3
49 3
49 2
49 3
49 2
48 2
48 3
48 4
49 4
49 3
49 4
