0 0
1 0
0 0
1 0
1 1
1 2
1 3
1 2
1 3
0 3
1 3
1 4
1 5
2 5
2 6
1 6
1 7
1 6
1 5
0 5
1 5
1 6
0 6
0 5
1 5
0 5
0 4
0 5
1 5
1 6
0 6
1 6
1 5
2 5
2 4
1 4
1 3
1 4
2 4
2 3
1 3
0 3
1 3
1 2
2 2
2 1
2 0
1 0
0 0
1 0
0 0
0 1
1 1
2 1
3 1
2 1
2 2
2 3
1 3
2 3
3 3
3 2
3 3
2 3
1 3
1 4
1 5
2 5
2 6
2 5
1 5
0 5
1 5
1 6
0 6
1 6
0 6
1 6
2 6
1 6
1 5
1 6
2 6
1 6
1 7
0 7
0 8
0 9
1 9
1 8
0 8
1 8
1 9
2 9
1 9
0 9
1 9
0 9
0 10
0 11
1 11
1 10
2 10
2 9
2 8
2 7
2 8
1 8
0 8
0 7
0 8
1 8
0 8
0 9
0 10
1 10
2 10
1 10
1 11
1 12
1 11
1 10
1 11
0 11
0 12
1 12
0 12
1 12
0 12
0 13
1 13
0 13
1 13
1 14
1 15
1 16
2 16
2 15
3 15
2 15
1 15
1 16
0 16
0 17
0 16
1 16
2 16
2 17
1 17
0 17
1 17
0 17
0 18
0 17
0 18
1 18
0 18
1 18
2 18
2 17
3 17
3 16
2 16
3 16
4 16
4 15
4 14
4 15
4 14
3 14
2 14
3 14
3 15
3 14
2 14
2 13
2 14
1 14
0 14
1 14
0 14
1 14
2 14
1 14
1 13
1 14
0 14
1 14
2 14
2 15
3 15
3 14
4 14
4 15
5 15
6 15
6 14
6 15
7 15
8 15
8 16
8 15
8 16
9 16
10 16
10 15
9 15
8 15
7 15
7 14
8 14
8 15
8 16
8 15
8 14
9 14
9 13
10 13
9 13
9 14
8 14
8 13
9 13
9 12
10 12
10 11
11 11
12 11
12 12
12 13
13 13
14 13
14 12
15 12
15 13
16 13
16 12
16 11
16 12
16 11
16 10
17 10
18 10
17 10
16 10
17 10
18 10
18 9
18 10
19 10
20 10
20 11
21 11
21 10
21 11
21 10
22 10
23 10
24 10
24 11
25 11
25 10
24 10
24 9
24 8
24 9
25 9
26 9
27 9
27 10
28 10
28 11
28 12
27 12
27 11
28 11
28 10
29 10
30 10
31 10
31 9
30 9
30 8
31 8
31 9
32 9
32 8
32 9
31 9
32 9
31 9
31 10
31 9
30 9
30 8
30 7
30 8
29 8
29 9
29 8
29 7
29 8
29 7
28 7
27 7
28 7
29 7
30 7
31 7
31 8
32 8
31 8
30 8
29 8
28 8
27 8
28 8
28 7
28 8
27 8
27 7
27 6
27 7
27 8
28 8
27 8
27 7
26 7
26 6
26 5
26 4
26 3
26 2
26 3
26 4
27 4
28 4
27 4
27 5
26 5
25 5
26 5
27 5
27 4
28 4
29 4
28 4
27 4
26 4
26 3
26 4
26 5
26 6
25 6
25 7
26 7
27 7
27 8
26 8
26 9
26 8
26 7
27 7
26 7
26 6
27 6
27 7
27 8
26 8
27 8
27 7
27 8
26 8
27 8
27 7
27 6
27 7
28 7
29 7
28 7
27 7
27 6
27 5
27 6
27 5
26 5
26 4
26 3
26 4
27 4
27 5
27 4
26 4
26 3
26 4
27 4
27 3
26 3
27 3
27 4
27 3
26 3
26 4
26 5
27 5
27 6
27 5
26 5
25 5
25 4
25 3
24 3
24 2
24 3
23 3
23 4
24 4
24 5
25 5
25 6
25 7
24 7
24 8
23 8
24 8
24 7
24 6
24 5
24 4
25 4
24 4
24 3
24 4
25 4
24 4
24 3
24 4
25 4
25 5
25 6
25 7
25 8
26 8
25 8
24 8
25 8
25 7
25 6
26 6
25 6
26 6
26 5
27 5
28 5
29 5
29 6
29 7
29 6
29 7
30 7
30 6
30 5
29 5
29 4
29 3
30 3
30 2
30 1
30 2
30 1
30 0
30 1
31 1
32 1
31 1
31 0
30 0
30 1
30 2
30 3
30 4
30 3
30 4
29 4
29 5
30 5
30 6
30 7
30 8
30 7
29 7
28 7
29 7
30 7
30 6
30 7
30 6
30 7
30 8
31 8
31 7
32 7
33 7
32 7
32 8
33 8
32 8
33 8
32 8
33 8
33 9
34 9
33 9
33 10
33 9
33 10
32 10
32 9
33 9
32 9
32 8
33 8
33 9
33 10
33 9
33 8
32 8
32 7
32 8
32 9
32 10
33 10
33 11
34 11
34 10
35 10
35 9
34 9
34 10
34 11
33 11
32 11
33 11
34 11
33 11
33 12
32 12
31 12
31 11
31 10
31 11
31 10
31 9
32 9
33 9
33 10
32 10
33 10
34 10
35 10
35 11
34 11
34 10
33 10
34 10
35 10
35 11
35 12
34 12
35 12
35 11
36 11
36 10
35 10
34 10
34 11
34 12
33 12
33 13
33 14
33 15
34 15
34 14
34 15
34 14
34 13
33 13
32 13
33 13
33 14
34 14
34 13
34 14
34 13
33 13
32 13
31 13
30 13
31 13
31 14
30 14
30 15
29 15
28 15
29 15
30 15
31 15
32 15
31 15
31 14
32 14
31 14
31 13
31 14
32 14
32 13
33 13
32 13
33 13
33 14
34 14
33 14
33 15
34 15
34 16
34 17
35 17
35 16
34 16
35 16
35 17
34 17
34 16
34 15
34 16
33 16
33 15
33 14
32 14
32 15
32 14
32 13
31 13
31 12
32 12
32 13
31 13
31 12
31 13
30 13
30 12
31 12
31 13
30 13
30 14
30 13
30 12
30 13
30 14
31 14
31 13
31 12
30 12
30 13
30 12
31 12
31 13
31 12
30 12
30 11
31 11
30 11
30 10
29 10
29 9
29 10
29 9
29 10
28 10
28 11
29 11
28 11
29 11
29 10
29 9
30 9
31 9
32 9
31 9
30 9
30 10
31 10
30 10
30 9
29 9
29 8
28 8
29 8
28 8
27 8
28 8
29 8
29 7
29 6
30 6
30 7
30 6
30 5
30 6
31 6
30 6
29 6
29 5
28 5
28 6
28 5
29 5
29 4
29 3
28 3
29 3
30 3
29 3
30 3
29 3
29 4
28 4
27 4
27 5
26 5
27 5
27 4
26 4
26 5
26 6
25 6
25 7
25 8
25 7
25 8
25 9
24 9
24 10
23 10
22 10
22 11
21 11
20 11
20 10
20 11
21 11
21 10
20 10
21 10
21 11
21 10
21 11
22 11
22 10
22 11
22 12
22 11
21 11
21 12
20 12
20 13
20 14
19 14
18 14
18 15
18 14
17 14
18 14
17 14
16 14
16 15
16 16
17 16
18 16
18 17
18 18
18 17
19 17
19 16
18 16
18 15
18 14
18 15
17 15
17 14
17 15
18 15
19 15
18 15
18 14
18 13
18 12
19 12
19 13
19 12
19 11
20 11
20 10
20 9
21 9
21 8
21 7
22 7
21 7
20 7
21 7
22 7
23 7
22 7
21 7
21 6
22 6
23 6
23 5
23 6
22 6
22 7
23 7
24 7
25 7
25 8
25 9
24 9
24 8
24 9
24 10
24 9
25 9
25 8
26 8
26 7
26 6
27 6
27 5
26 5
25 5
25 4
25 5
24 5
23 5
22 5
23 5
23 6
23 5
22 5
22 6
22 5
22 6
23 6
23 5
23 6
22 6
21 6
20 6
19 6
19 5
20 5
20 6
19 6
19 5
19 4
20 4
19 4
20 4
20 3
20 2
20 1
20 2
20 3
20 4
20 3
21 3
21 2
21 3
22 3
22 2
22 3
22 4
23 4
22 4
21 4
21 5
22 5
22 6
21 6
21 7
21 6
20 6
20 5
21 5
22 5
22 4
23 4
23 3
22 3
22 4
22 3
23 3
23 4
22 4
21 4
21 3
21 2
22 2
22 3
22 4
21 4
21 5
20 5
20 6
20 5
20 6
20 5
20 6
19 6
18 6
17 6
16 6
16 5
16 4
17 4
18 4
18 3
19 3
18 3
19 3
18 3
19 3
18 3
18 2
18 1
18 0
17 0
18 0
19 0
19 1
20 1
19 1
18 1
18 0
19 0
20 0
19 0
19 1
19 0
19 1
20 1
20 0
20 1
19 1
18 1
18 2
17 2
17 1
17 0
18 0
18 1
19 1
20 1
19 1
18 1
19 1
19 2
19 3
20 3
20 2
20 1
21 1
21 0
21 1
20 1
21 1
20 1
20 0
21 0
20 0
19 0
18 0
18 1
17 1
16 1
16 0
17 0
17 1
18 1
18 0
17 0
17 1
16 1
15 1
16 1
15 1
15 0
15 1
15 0
