0 0
0 1
0 2
0 3
0 4
0 3
0 4
0 3
1 3
1 4
1 5
0 5
0 6
0 5
0 6
0 7
0 6
0 5
0 4
1 4
0 4
0 3
0 4
0 3
0 4
0 3
1 3
0 3
0 2
0 1
1 1
1 0
2 0
2 1
2 2
1 2
0 2
0 3
1 3
1 2
0 2
0 1
1 1
0 1
1 1
1 0
1 1
2 1
2 0
1 0
1 1
1 0
1 1
1 2
0 2
0 1
0 2
0 3
0 4
1 4
1 3
1 2
1 3
1 2
1 1
2 1
2 2
3 2
4 2
4 1
3 1
3 0
3 1
3 2
3 3
3 4
2 4
3 4
3 3
3 4
3 5
3 6
3 7
3 8
3 9
3 8
4 8
3 8
3 7
3 8
3 7
4 7
4 8
3 8
2 8
2 9
2 10
1 10
0 10
1 10
1 11
1 10
2 10
2 11
1 11
2 11
2 12
2 13
3 13
3 14
4 14
4 15
3 15
4 15
3 15
3 16
3 15
3 14
2 14
1 14
1 15
0 15
1 15
1 14
1 13
2 13
3 13
3 12
4 12
4 11
4 12
3 12
4 12
4 11
4 10
4 9
5 9
6 9
7 9
7 10
6 10
7 10
7 11
6 11
6 12
6 13
6 12
6 13
6 14
7 14
7 15
6 15
5 15
5 14
6 14
6 15
6 16
6 15
6 16
7 16
7 17
7 18
7 17
8 17
8 18
8 19
9 19
9 20
9 19
9 18
9 17
8 17
7 17
6 17
6 18
6 17
6 16
6 15
6 14
7 14
8 14
8 15
9 15
9 14
8 14
7 14
8 14
8 15
8 14
7 14
7 13
6 13
7 13
7 12
7 13
7 14
7 13
8 13
7 13
7 12
8 12
7 12
6 12
6 13
6 12
5 12
6 12
6 11
6 12
6 13
6 14
5 14
5 15
4 15
4 16
5 16
5 17
6 17
6 18
7 18
7 17
6 17
6 18
7 18
6 18
5 18
5 17
5 18
4 18
4 19
4 20
4 21
5 21
5 20
6 20
6 21
6 20
6 21
5 21
5 20
5 21
6 21
6 22
5 22
5 23
5 22
5 21
5 22
5 23
6 23
7 23
7 24
8 24
8 23
8 24
9 24
10 24
10 23
10 24
9 24
9 23
9 22
9 23
9 24
9 23
9 24
9 23
8 23
8 24
9 24
8 24
9 24
10 24
9 24
9 23
9 24
8 24
7 24
8 24
8 25
7 25
7 24
7 23
6 23
5 23
6 23
7 23
7 24
7 23
6 23
6 22
6 23
6 24
6 23
7 23
8 23
7 23
6 23
5 23
4 23
4 24
4 23
3 23
2 23
3 23
4 23
5 23
5 24
5 23
4 23
5 23
5 22
6 22
7 22
7 23
7 24
7 25
7 24
6 24
5 24
5 23
5 24
5 25
6 25
7 25
8 25
7 25
8 25
8 26
8 27
8 28
9 28
9 27
9 26
8 26
9 26
9 27
9 28
8 28
7 28
7 27
8 27
7 27
6 27
6 28
6 27
6 28
6 29
6 28
6 29
6 28
6 27
6 28
6 27
5 27
4 27
3 27
3 26
3 27
3 28
4 28
4 27
4 28
5 28
4 28
4 27
4 28
3 28
2 28
2 27
3 27
3 28
2 28
2 29
2 30
2 31
1 31
0 31
1 31
1 30
0 30
0 29
0 30
1 30
2 30
2 31
2 30
2 29
2 30
1 30
2 30
2 31
2 32
3 32
2 32
2 33
1 33
1 34
1 33
1 32
1 33
1 32
0 32
0 33
1 33
0 33
1 33
1 32
0 32
1 32
0 32
0 33
0 34
1 34
1 35
1 34
2 34
1 34
1 33
1 34
0 34
1 34
1 35
0 35
1 35
1 36
0 36
1 36
2 36
2 37
2 38
2 37
3 37
4 37
5 37
4 37
4 38
5 38
5 39
6 39
5 39
4 39
4 40
4 41
3 41
2 41
2 42
1 42
1 41
0 41
0 42
1 42
2 42
1 42
2 42
1 42
2 42
3 42
4 42
3 42
4 42
3 42
4 42
4 41
3 41
3 42
2 42
1 42
1 43
1 42
0 42
0 41
1 41
2 41
3 41
3 42
2 42
3 42
4 42
4 43
5 43
5 42
5 41
6 41
6 40
6 39
7 39
8 39
7 39
6 39
5 39
5 38
4 38
3 38
3 37
3 38
2 38
3 38
3 39
2 39
2 38
2 39
2 38
2 37
1 37
0 37
0 38
1 38
1 37
1 36
1 35
2 35
2 34
1 34
1 35
1 34
1 33
1 34
0 34
0 33
1 33
0 33
0 34
0 33
1 33
0 33
0 32
0 33
1 33
1 34
0 34
1 34
1 35
1 36
0 36
1 36
1 37
2 37
1 37
1 38
2 38
1 38
2 38
2 37
3 37
3 38
4 38
3 38
4 38
3 38
2 38
3 38
4 38
4 37
4 36
3 36
4 36
3 36
4 36
4 37
4 38
4 39
5 39
4 39
4 38
4 37
3 37
2 37
2 38
1 38
2 38
3 38
3 37
2 37
2 38
2 37
2 38
1 38
1 39
1 40
0 40
1 40
2 40
3 40
3 41
2 41
2 40
3 40
3 41
2 41
3 41
3 40
3 41
3 40
3 41
3 42
2 42
2 41
3 41
2 41
1 41
1 40
1 39
2 39
1 39
1 38
2 38
2 39
3 39
2 39
2 38
1 38
1 37
2 37
2 36
2 37
2 36
2 37
2 38
2 37
3 37
2 37
3 37
3 36
3 37
2 37
3 37
4 37
3 37
3 36
3 35
3 34
2 34
3 34
2 34
2 33
2 32
1 32
1 33
0 33
0 34
1 34
1 35
2 35
1 35
0 35
1 35
1 36
1 35
0 35
0 34
1 34
1 35
1 36
1 35
1 34
1 35
0 35
0 36
1 36
0 36
1 36
0 36
1 36
0 36
0 37
0 36
1 36
1 37
1 36
1 35
2 35
2 36
3 36
3 37
4 37
4 38
4 39
3 39
3 38
4 38
5 38
5 39
4 39
5 39
5 40
4 40
4 39
3 39
4 39
5 39
5 38
4 38
4 37
4 38
5 38
5 37
5 38
5 39
4 39
5 39
5 40
5 41
5 42
5 43
5 44
6 44
6 43
6 44
7 44
7 43
8 43
8 42
7 42
8 42
9 42
9 41
10 41
10 40
9 40
9 41
9 40
8 40
8 41
7 41
8 41
8 40
8 39
9 39
10 39
10 38
10 39
9 39
10 39
11 39
10 39
10 40
9 40
9 41
8 41
9 41
9 40
10 40
10 41
10 42
10 43
10 44
11 44
10 44
11 44
11 45
11 44
10 44
11 44
10 44
10 45
11 45
11 46
12 46
13 46
13 45
13 46
13 47
12 47
13 47
12 47
12 46
13 46
13 47
13 48
14 48
13 48
13 47
13 48
13 49
13 48
13 49
14 49
13 49
12 49
11 49
10 49
10 50
10 49
9 49
9 50
8 50
8 49
8 50
8 49
8 48
9 48
8 48
9 48
9 47
10 47
11 47
10 47
11 47
12 47
12 48
12 47
13 47
13 46
14 46
15 46
16 46
16 45
15 45
15 44
15 43
14 43
14 42
14 43
14 42
14 41
13 41
14 41
14 42
14 41
13 41
12 41
12 42
11 42
12 42
12 43
12 44
11 44
12 44
12 45
12 44
12 45
11 45
11 44
12 44
12 43
12 44
13 44
12 44
12 43
12 42
11 42
10 42
11 42
11 41
12 41
12 42
12 43
13 43
13 42
14 42
13 42
14 42
14 41
14 40
13 40
13 41
12 41
12 40
13 40
14 40
15 40
16 40
16 39
16 38
16 39
15 39
16 39
16 40
15 40
15 41
15 40
15 41
15 40
16 40
16 39
15 39
15 38
16 38
16 37
16 36
15 36
16 36
17 36
17 35
18 35
19 35
19 36
20 36
20 35
21 35
22 35
23 35
23 36
24 36
25 36
25 37
26 37
26 36
25 36
24 36
25 36
25 35
25 34
25 35
25 36
26 36
27 36
28 36
28 35
28 36
28 37
27 37
27 36
27 37
26 37
25 37
25 38
25 39
26 39
26 38
26 37
27 37
27 36
26 36
27 36
27 37
26 37
25 37
25 36
24 36
23 36
23 35
23 34
23 35
23 34
22 34
22 35
22 34
23 34
22 34
22 33
22 32
23 32
22 32
22 33
23 33
22 33
22 32
22 31
23 31
24 31
23 31
23 30
23 31
23 30
23 29
22 29
22 28
22 29
22 30
22 31
22 30
23 30
23 29
23 28
23 27
24 27
24 28
24 27
23 27
23 28
22 28
22 27
22 26
22 27
23 27
23 28
22 28
23 28
23 29
22 29
21 29
22 29
23 29
24 29
23 29
22 29
23 29
24 29
24 30
24 29
25 29
24 29
23 29
22 29
22 28
22 27
22 26
21 26
