0 0
0 1
1 1
0 1
1 1
2 1
1 1
1 2
2 2
3 2
4 2
4 1
4 0
4 1
4 2
3 2
2 2
2 3
2 4
2 5
2 4
2 5
2 4
2 5
2 4
3 4
4 4
4 5
3 5
4 5
4 4
4 5
5 5
5 4
5 5
6 5
6 4
6 5
5 5
5 6
6 6
7 6
7 7
7 8
8 8
8 9
8 8
9 8
8 8
7 8
8 8
9 8
10 8
10 9
11 9
11 10
12 10
12 9
13 9
12 9
12 8
12 9
13 9
12 9
11 9
10 9
10 10
11 10
11 11
11 10
10 10
9 10
9 9
9 8
10 8
9 8
9 7
8 7
9 7
9 6
8 6
9 6
9 5
9 6
9 5
10 5
9 5
9 4
8 4
8 5
9 5
8 5
8 6
9 6
9 7
10 7
11 7
10 7
9 7
8 7
8 6
7 6
7 7
8 7
7 7
7 8
8 8
8 9
7 9
6 9
6 10
7 10
8 10
9 10
10 10
11 10
10 10
9 10
10 10
9 10
9 9
10 9
11 9
11 8
12 8
13 8
12 8
12 9
12 10
12 9
11 9
10 9
10 10
10 11
10 12
9 12
9 13
10 13
10 14
10 13
10 12
10 11
10 12
10 11
9 11
9 12
9 11
10 11
11 11
11 10
11 11
11 12
12 12
12 11
11 11
10 11
9 11
9 12
8 12
9 12
10 12
10 13
11 13
10 13
9 13
9 12
10 12
11 12
10 12
11 12
11 13
11 12
11 11
11 12
10 12
10 13
11 13
10 13
11 13
11 14
12 14
13 14
12 14
12 15
13 15
12 15
11 15
10 15
11 15
10 15
10 14
10 13
10 12
9 12
9 11
9 10
10 10
11 10
11 11
11 10
12 10
12 9
13 9
13 10
13 11
14 11
13 11
12 11
11 11
11 10
11 11
10 11
10 12
11 12
12 12
13 12
13 11
12 11
12 12
11 12
12 12
12 11
11 11
11 10
11 11
11 10
11 9
11 10
10 10
11 10
10 10
11 10
12 10
11 10
11 9
10 9
10 8
10 7
9 7
9 8
9 7
10 7
11 7
11 8
10 8
10 7
10 6
10 5
11 5
12 5
12 6
13 6
13 5
14 5
13 5
13 6
13 5
14 5
15 5
15 6
16 6
15 6
14 6
14 5
14 4
14 5
14 6
14 5
14 4
13 4
13 5
13 6
13 5
14 5
14 6
14 7
14 8
15 8
15 9
16 9
17 9
17 10
17 9
17 10
17 11
17 12
16 12
15 12
14 12
14 13
14 14
14 15
15 15
15 14
14 14
14 13
13 13
12 13
11 13
11 12
11 13
10 13
11 13
11 14
12 14
12 13
13 13
13 14
13 13
13 14
12 14
12 15
12 16
13 16
13 17
14 17
14 16
14 15
14 16
13 16
12 16
12 15
13 15
13 14
13 13
14 13
15 13
14 13
15 13
16 13
17 13
17 14
18 14
17 14
16 14
16 15
16 14
17 14
16 14
16 15
15 15
16 15
15 15
15 14
16 14
15 14
16 14
15 14
14 14
15 14
16 14
16 15
16 14
17 14
18 14
18 15
18 14
18 13
18 14
19 14
19 13
19 14
19 15
19 14
19 15
18 15
18 16
19 16
18 16
19 16
19 15
19 16
20 16
19 16
18 16
19 16
19 15
19 16
20 16
20 15
20 14
21 14
22 14
22 15
22 14
23 14
23 15
22 15
22 14
22 15
23 15
22 15
23 15
24 15
24 14
23 14
22 14
22 13
22 12
22 11
23 11
22 11
21 11
21 12
20 12
20 13
21 13
20 13
19 13
20 13
20 14
19 14
20 14
20 15
20 16
19 16
20 16
19 16
18 16
19 16
18 16
18 17
18 16
19 16
19 15
20 15
19 15
19 14
20 14
19 14
18 14
18 15
17 15
17 14
16 14
16 13
16 14
16 15
16 16
16 17
16 18
17 18
17 17
17 16
16 16
16 17
17 17
17 16
16 16
15 16
15 17
15 16
15 15
15 16
14 16
13 16
12 16
11 16
12 16
12 17
12 18
13 18
13 19
14 19
14 20
15 20
15 21
14 21
14 22
13 22
13 23
13 24
13 23
12 23
12 22
12 21
13 21
14 21
14 22
13 22
13 23
14 23
15 23
16 23
15 23
16 23
17 23
17 24
17 23
18 23
19 23
18 23
18 22
19 22
19 23
19 24
18 24
19 24
20 24
19 24
18 24
17 24
18 24
19 24
19 23
20 23
21 23
20 23
19 23
19 24
19 25
18 25
18 24
19 24
18 24
18 25
18 24
18 25
18 26
18 27
18 28
19 28
19 29
18 29
18 30
19 30
19 29
20 29
21 29
20 29
21 29
22 29
22 30
22 29
22 28
23 28
22 28
22 29
22 28
22 27
21 27
21 26
21 27
21 26
21 25
21 24
20 24
19 24
20 24
20 25
21 25
21 26
22 26
22 27
22 28
21 28
20 28
20 29
21 29
22 29
22 30
23 30
22 30
23 30
23 29
22 29
21 29
21 28
21 29
21 28
22 28
23 28
23 27
23 28
22 28
22 27
22 28
23 28
22 28
22 27
21 27
21 26
21 27
22 27
22 28
23 28
23 29
22 29
23 29
23 28
23 29
23 28
22 28
22 29
21 29
21 30
20 30
21 30
22 30
21 30
21 29
20 29
19 29
19 28
20 28
20 29
19 29
19 30
19 31
19 32
20 32
19 32
19 33
19 32
19 33
18 33
18 32
18 31
17 31
16 31
15 31
14 31
14 30
13 30
14 30
13 30
14 30
14 31
15 31
15 30
14 30
14 31
13 31
14 31
13 31
14 31
14 30
15 30
15 31
15 30
15 31
15 30
14 30
15 30
16 30
17 30
17 31
17 30
18 30
17 30
18 30
18 31
19 31
18 31
17 31
18 31
17 31
17 30
16 30
16 29
15 29
14 29
14 28
14 27
14 26
15 26
14 26
14 27
15 27
16 27
17 27
17 26
18 26
18 27
17 27
17 26
16 26
16 25
16 26
16 27
16 28
16 27
16 26
16 25
17 25
18 25
18 26
19 26
19 25
19 24
19 23
19 22
20 22
20 23
19 23
18 23
19 23
19 24
19 23
19 22
18 22
19 22
19 23
20 23
20 24
19 24
18 24
18 25
18 26
18 27
19 27
18 27
18 28
18 29
17 29
17 30
17 29
17 30
17 31
16 31
15 31
16 31
16 30
15 30
16 30
16 29
17 29
17 30
17 31
16 31
15 31
15 30
15 31
15 32
15 33
16 33
16 34
16 35
16 36
17 36
18 36
17 36
17 37
17 36
17 35
16 35
15 35
15 36
14 36
13 36
12 36
13 36
13 37
12 37
12 36
11 36
11 37
12 37
11 37
10 37
10 38
10 39
11 39
11 40
11 39
10 39
11 39
10 39
11 39
12 39
11 39
11 38
11 39
11 38
11 37
11 38
10 38
10 37
10 36
10 35
10 34
9 34
9 33
9 34
9 35
10 35
9 35
9 36
8 36
8 35
7 35
7 36
6 36
6 37
6 38
5 38
5 37
5 36
5 35
6 35
6 34
5 34
6 34
6 33
6 34
6 33
7 33
6 33
7 33
7 34
7 33
6 33
5 33
6 33
7 33
8 33
8 32
8 31
9 31
9 32
10 32
11 32
11 31
10 31
9 31
9 30
10 30
10 31
10 32
10 33
9 33
9 34
9 35
10 35
10 34
10 35
10 36
10 37
10 36
11 36
11 37
11 38
10 38
10 39
9 39
10 39
11 39
11 40
11 39
10 39
9 39
9 40
9 39
9 40
9 39
8 39
7 39
7 38
8 38
9 38
8 38
8 39
8 40
8 41
8 40
7 40
7 39
7 40
7 39
8 39
9 39
10 39
11 39
11 38
11 39
11 40
12 40
13 40
13 41
13 40
13 41
14 41
13 41
12 41
12 42
11 42
11 43
10 43
10 44
10 43
9 43
9 42
10 42
9 42
9 43
8 43
7 43
6 43
5 43
5 44
4 44
4 45
4 46
3 46
4 46
5 46
4 46
4 45
4 46
3 46
3 45
3 44
3 45
3 46
3 47
2 47
1 47
1 48
2 48
2 47
2 48
2 47
2 46
3 46
2 46
3 46
4 46
4 45
4 46
5 46
5 45
6 45
7 45
8 45
9 45
10 45
9 45
9 46
9 45
9 46
9 47
10 47
9 47
8 47
7 47
6 47
7 47
7 48
8 48
8 47
8 48
8 47
8 48
8 49
9 49
9 48
10 48
11 48
11 49
11 48
10 48
11 48
10 48
10 47
11 47
11 48
12 48
13 48
12 48
12 47
12 48
12 49
12 50
12 51
13 51
12 51
12 52
12 53
12 52
11 52
10 52
10 53
11 53
11 54
11 53
11 52
11 53
11 54
11 53
11 52
10 52
10 51
11 51
12 51
13 51
13 52
14 52
14 53
14 54
14 53
