0 0
1 0
1 1
1 2
1 3
1 4
1 5
2 5
2 4
2 5
3 5
2 5
1 5
1 4
1 3
1 4
1 3
1 4
1 3
0 3
1 3
1 2
0 2
1 2
1 3
1 4
0 4
0 5
0 6
1 6
1 7
1 6
2 6
2 5
2 6
2 5
3 5
3 6
3 5
2 5
3 5
3 4
3 5
4 5
4 4
4 3
3 3
4 3
3 3
3 2
3 3
3 4
2 4
2 3
2 4
3 4
3 3
2 3
2 2
3 2
4 2
5 2
6 2
5 2
5 1
5 0
5 1
5 0
6 0
5 0
4 0
3 0
2 0
1 0
1 1
1 2
1 1
0 1
1 1
2 1
1 1
0 1
1 1
1 2
1 3
1 4
1 3
2 3
1 3
0 3
1 3
1 2
0 2
1 2
0 2
1 2
0 2
0 3
0 4
1 4
1 3
1 4
2 4
2 3
3 3
4 3
4 4
4 5
4 4
5 4
5 3
4 3
4 2
4 3
3 3
3 2
2 2
1 2
1 1
2 1
1 1
1 2
2 2
2 1
3 1
2 1
2 2
3 2
4 2
5 2
4 2
4 1
3 1
3 0
3 1
3 0
3 1
2 1
2 2
2 1
2 2
2 1
3 1
4 1
3 1
2 1
2 0
2 1
2 2
1 2
1 1
1 0
1 1
2 1
3 1
3 0
3 1
4 1
4 2
3 2
3 1
4 1
3 1
3 2
4 2
5 2
5 1
5 2
6 2
6 3
7 3
7 4
7 5
8 5
7 5
8 5
8 4
9 4
9 5
9 4
9 3
10 3
9 3
9 4
9 3
9 4
10 4
10 3
11 3
12 3
12 2
12 1
12 2
13 2
13 1
14 1
13 1
13 2
14 2
15 2
16 2
15 2
14 2
14 1
13 1
12 1
13 1
12 1
11 1
10 1
11 1
10 1
10 2
10 3
10 2
9 2
8 2
9 2
9 3
9 2
9 3
9 4
9 5
10 5
11 5
10 5
10 4
10 3
10 4
10 3
9 3
10 3
9 3
9 2
9 1
8 1
9 1
9 0
10 0
10 1
10 2
11 2
10 2
10 3
9 3
10 3
11 3
10 3
11 3
10 3
9 3
10 3
9 3
10 3
11 3
12 3
12 4
12 3
12 2
12 1
13 1
12 1
13 1
14 1
13 1
14 1
13 1
14 1
14 2
14 1
15 1
15 0
14 0
13 0
13 1
14 1
14 0
14 1
14 2
15 2
14 2
14 3
13 3
13 4
13 3
13 4
13 3
13 2
14 2
14 1
14 2
15 2
15 3
15 4
15 5
15 6
15 5
15 6
16 6
16 7
16 6
15 6
15 7
16 7
15 7
15 8
15 7
15 8
14 8
14 7
13 7
13 8
13 7
13 6
13 7
12 7
12 8
12 9
11 9
10 9
9 9
9 10
8 10
7 10
7 9
6 9
5 9
4 9
4 8
4 7
5 7
5 8
5 9
5 10
5 11
5 10
6 10
6 11
6 10
5 10
5 11
5 10
4 10
4 11
5 11
5 12
5 11
5 12
5 11
4 11
4 12
4 13
5 13
5 12
5 11
4 11
3 11
3 10
3 11
4 11
3 11
3 10
3 9
3 8
2 8
3 8
2 8
2 9
3 9
3 10
2 10
2 11
3 11
2 11
3 11
4 11
5 11
5 10
5 11
4 11
3 11
4 11
4 12
3 12
4 12
5 12
6 12
6 11
5 11
4 11
3 11
2 11
3 11
2 11
2 12
3 12
2 12
1 12
1 11
1 12
1 11
1 12
1 13
1 14
2 14
1 14
1 15
2 15
1 15
2 15
2 16
2 17
2 16
3 16
2 16
2 17
1 17
1 18
0 18
0 19
0 20
1 20
1 21
1 20
1 21
1 20
2 20
3 20
3 19
3 18
3 19
3 20
4 20
4 21
3 21
3 22
2 22
1 22
2 22
3 22
4 22
5 22
5 23
4 23
3 23
2 23
1 23
1 22
2 22
2 21
1 21
2 21
3 21
2 21
2 20
2 21
2 20
2 21
2 20
3 20
3 19
4 19
4 18
4 19
5 19
6 19
6 18
5 18
4 18
5 18
4 18
3 18
4 18
5 18
6 18
7 18
7 17
7 18
6 18
6 17
5 17
5 18
5 19
5 18
4 18
4 17
4 16
5 16
6 16
7 16
7 17
7 18
7 19
7 18
7 17
6 17
6 16
6 15
5 15
5 14
6 14
7 14
7 15
7 16
7 17
7 18
7 17
7 18
7 17
6 17
6 18
7 18
6 18
7 18
7 17
6 17
7 17
7 18
7 19
6 19
7 19
7 20
6 20
6 19
6 18
7 18
6 18
6 17
6 16
7 16
7 15
7 16
7 15
6 15
6 16
6 17
6 16
7 16
7 17
8 17
9 17
8 17
8 18
9 18
9 17
10 17
11 17
12 17
12 18
12 17
12 18
12 19
12 18
13 18
12 18
12 19
11 19
10 19
10 18
9 18
10 18
11 18
11 19
11 20
11 19
11 18
11 17
12 17
11 17
11 16
10 16
9 16
9 15
9 14
8 14
8 15
8 14
7 14
6 14
6 15
5 15
5 14
6 14
5 14
6 14
6 15
7 15
6 15
5 15
4 15
5 15
5 14
6 14
7 14
8 14
8 15
8 16
8 17
9 17
8 17
9 17
9 16
9 15
9 16
10 16
10 15
11 15
11 16
12 16
12 17
12 16
12 15
12 14
12 13
12 14
13 14
12 14
13 14
13 15
14 15
15 15
16 15
16 16
16 17
17 17
17 16
17 17
17 18
18 18
18 19
18 20
18 19
18 20
18 19
19 19
20 19
19 19
19 18
19 17
19 16
20 16
19 16
19 17
18 17
17 17
17 18
17 19
17 20
16 20
16 21
15 21
14 21
14 22
13 22
13 23
13 22
14 22
14 21
13 21
13 20
14 20
14 19
14 20
15 20
15 21
16 21
17 21
16 21
15 21
15 20
14 20
15 20
15 19
16 19
16 18
16 17
15 17
15 18
14 18
15 18
16 18
16 17
16 16
17 16
16 16
16 15
16 16
17 16
17 15
18 15
19 15
19 16
18 16
18 15
18 16
18 17
17 17
16 17
16 16
16 17
16 18
16 19
15 19
15 18
14 18
15 18
15 19
15 18
16 18
17 18
17 17
18 17
19 17
20 17
21 17
22 17
22 18
23 18
22 18
23 18
23 17
22 17
22 16
23 16
22 16
23 16
23 15
23 16
24 16
23 16
22 16
22 15
22 14
22 13
22 14
23 14
23 15
24 15
25 15
25 16
25 15
25 16
24 16
24 17
23 17
23 18
23 17
24 17
25 17
26 17
25 17
25 16
25 15
24 15
24 16
24 17
24 16
23 16
24 16
24 15
24 14
24 15
23 15
23 14
23 15
22 15
23 15
22 15
21 15
21 14
21 15
20 15
21 15
21 16
22 16
22 17
23 17
23 18
23 17
24 17
24 18
23 18
23 17
23 18
23 19
23 20
23 21
23 20
23 21
24 21
23 21
24 21
23 21
22 21
22 22
23 22
23 21
23 22
24 22
24 23
25 23
24 23
24 24
24 25
23 25
23 24
22 24
22 25
22 24
23 24
23 23
22 23
22 24
21 24
22 24
23 24
22 24
22 25
23 25
23 26
24 26
24 25
23 25
22 25
23 25
23 24
23 25
23 26
23 25
24 25
24 26
25 26
26 26
26 25
26 24
25 24
25 23
26 23
25 23
25 22
26 22
26 23
25 23
26 23
25 23
26 23
26 24
26 23
26 22
26 21
26 20
26 19
26 20
25 20
26 20
26 21
26 20
25 20
25 19
25 20
24 20
25 20
26 20
26 21
26 20
26 19
26 20
26 19
25 19
25 18
25 17
25 18
25 19
26 19
27 19
27 18
26 18
25 18
26 18
27 18
26 18
26 19
26 18
27 18
27 19
27 20
27 21
27 20
28 20
29 20
29 19
28 19
27 19
27 18
27 17
27 18
26 18
27 18
27 17
28 17
27 17
26 17
27 17
27 18
26 18
27 18
28 18
28 19
29 19
29 20
30 20
31 20
31 21
31 22
30 22
29 22
30 22
30 21
30 20
29 20
28 20
27 20
27 19
28 19
27 19
27 18
28 18
29 18
30 18
29 18
29 17
28 17
27 17
26 17
25 17
24 17
24 16
25 16
24 16
25 16
26 16
27 16
27 15
26 15
26 14
26 13
26 14
26 15
27 15
27 16
26 16
27 16
28 16
28 15
28 16
28 15
29 15
30 15
30 14
29 14
30 14
30 15
31 15
31 16
32 16
32 17
31 17
31 16
31 15
32 15
33 15
32 15
32 16
32 15
33 15
34 15
34 16
35 16
34 16
33 16
34 16
34 17
33 17
33 18
33 19
33 18
33 17
33 16
34 16
34 17
34 18
33 18
33 19
32 19
33 19
33 20
34 20
35 20
36 20
35 20
