0 0
1 0
1 1
1 0
1 1
1 0
2 0
3 0
3 1
3 2
2 2
2 1
3 1
4 1
5 1
4 1
5 1
6 1
6 2
6 1
7 1
8 1
7 1
7 2
7 3
8 3
8 2
9 2
10 2
10 1
9 1
10 1
10 2
10 3
10 2
11 2
11 1
10 1
10 0
11 0
11 1
12 1
12 2
13 2
13 3
14 3
13 3
12 3
13 3
14 3
14 2
14 3
15 3
15 2
15 3
15 4
16 4
16 3
16 4
15 4
15 3
16 3
15 3
15 4
15 5
15 6
15 7
15 8
15 7
14 7
14 6
13 6
13 5
13 6
13 5
14 5
14 4
14 3
14 2
13 2
12 2
11 2
10 2
10 1
10 0
10 1
10 0
11 0
11 1
11 2
12 2
12 1
12 2
13 2
12 2
12 1
13 1
14 1
14 0
14 1
15 1
15 0
16 0
17 0
18 0
18 1
19 1
19 2
18 2
18 1
17 1
16 1
16 0
17 0
16 0
15 0
16 0
17 0
17 1
17 2
17 1
17 0
17 1
16 1
16 2
15 2
16 2
16 1
16 2
15 2
15 1
15 0
15 1
15 0
16 0
17 0
16 0
17 0
16 0
15 0
15 1
15 0
16 0
15 0
15 1
16 1
17 1
16 1
16 0
15 0
15 1
15 2
15 3
16 3
17 3
18 3
18 4
17 4
16 4
17 4
17 3
17 2
18 2
18 3
18 4
18 5
18 4
18 3
19 3
19 2
20 2
20 3
19 3
19 2
19 1
18 1
19 1
20 1
19 1
19 0
18 0
18 1
18 0
18 1
18 0
18 1
18 2
18 3
19 3
20 3
19 3
20 3
20 2
21 2
20 2
21 2
22 2
22 1
23 1
23 0
23 1
23 0
24 0
24 1
23 1
24 1
24 2
23 2
23 1
23 0
23 1
22 1
23 1
23 0
24 0
24 1
24 2
24 3
23 3
22 3
22 2
22 1
22 2
23 2
23 3
24 3
25 3
26 3
26 4
26 3
26 4
26 5
26 4
26 5
26 4
25 4
24 4
24 5
23 5
24 5
24 6
24 7
25 7
24 7
23 7
22 7
23 7
23 6
22 6
23 6
23 7
23 8
22 8
21 8
21 7
21 6
21 5
21 4
22 4
23 4
22 4
21 4
20 4
21 4
21 3
22 3
22 2
21 2
20 2
19 2
18 2
18 3
18 2
18 3
18 2
18 3
19 3
19 4
20 4
19 4
19 3
20 3
19 3
18 3
17 3
17 2
17 1
17 0
17 1
18 1
18 2
19 2
18 2
18 3
18 4
18 3
18 4
18 5
18 4
17 4
18 4
18 5
17 5
17 6
18 6
18 7
19 7
18 7
17 7
17 8
16 8
17 8
17 7
16 7
15 7
14 7
13 7
13 8
12 8
12 9
11 9
10 9
11 9
12 9
12 10
11 10
11 9
12 9
12 8
11 8
11 7
11 6
12 6
12 7
11 7
10 7
9 7
9 8
9 9
9 8
9 9
9 8
9 9
9 10
8 10
9 10
9 11
10 11
11 11
11 12
10 12
9 12
9 13
8 13
8 14
8 13
8 14
7 14
8 14
8 13
8 12
9 12
9 13
9 14
10 14
9 14
10 14
10 15
10 16
11 16
10 16
11 16
10 16
11 16
11 15
12 15
11 15
11 16
10 16
9 16
10 16
10 17
11 17
12 17
11 17
11 18
11 19
12 19
13 19
13 18
12 18
12 19
11 19
11 20
12 20
11 20
12 20
11 20
12 20
13 20
13 19
13 20
13 19
13 18
13 19
14 19
15 19
15 18
14 18
14 19
14 18
15 18
16 18
16 17
15 17
15 18
16 18
16 19
16 18
16 19
15 19
14 19
14 20
14 21
15 21
14 21
14 22
14 21
15 21
15 20
16 20
16 21
16 22
17 22
16 22
17 22
18 22
18 23
18 24
18 25
19 25
19 26
18 26
19 26
18 26
19 26
19 25
18 25
19 25
18 25
17 25
16 25
16 26
15 26
15 27
16 27
17 27
17 28
18 28
19 28
19 27
19 28
18 28
18 27
18 26
19 26
20 26
20 25
19 25
19 26
19 25
18 25
17 25
18 25
19 25
18 25
18 26
19 26
18 26
19 26
20 26
19 26
18 26
17 26
18 26
17 26
16 26
15 26
16 26
17 26
17 25
18 25
18 24
18 25
17 25
16 25
17 25
17 26
16 26
16 25
16 26
16 27
16 26
17 26
18 26
18 27
19 27
20 27
20 26
21 26
22 26
21 26
20 26
19 26
18 26
18 25
17 25
17 24
18 24
19 24
18 24
19 24
19 25
19 24
20 24
21 24
22 24
23 24
23 25
24 25
24 24
24 23
24 22
24 23
23 23
23 24
24 24
24 25
24 24
24 25
23 25
23 24
22 24
21 24
21 25
21 26
21 27
21 28
20 28
20 29
19 29
19 30
19 31
18 31
17 31
17 30
17 31
17 32
17 31
17 32
18 32
18 31
19 31
20 31
20 32
20 31
19 31
19 32
18 32
18 31
18 32
18 31
18 32
19 32
19 33
20 33
20 34
19 34
18 34
17 34
17 33
16 33
16 34
17 34
16 34
15 34
16 34
17 34
17 35
16 35
16 34
15 34
15 33
16 33
15 33
15 32
15 33
14 33
15 33
15 34
15 33
15 32
16 32
16 33
17 33
17 32
16 32
16 33
15 33
14 33
14 32
13 32
12 32
12 31
12 32
13 32
13 33
12 33
12 34
12 35
11 35
11 36
11 35
11 36
11 35
10 35
10 36
10 37
11 37
11 36
10 36
9 36
10 36
11 36
11 37
11 36
10 36
10 37
11 37
10 37
10 38
10 37
11 37
11 38
10 38
10 37
9 37
9 36
9 35
9 36
9 35
8 35
8 36
7 36
6 36
6 35
5 35
6 35
6 34
6 33
7 33
7 32
6 32
7 32
8 32
9 32
8 32
7 32
7 33
8 33
9 33
10 33
10 34
10 35
10 36
10 35
10 34
10 33
10 34
11 34
10 34
10 33
9 33
10 33
9 33
8 33
8 34
9 34
9 33
9 32
8 32
8 33
9 33
10 33
10 32
11 32
11 33
12 33
12 32
11 32
12 32
11 32
11 33
12 33
13 33
12 33
11 33
11 34
10 34
10 33
10 32
10 33
10 32
11 32
12 32
11 32
11 33
11 32
11 33
12 33
12 34
12 35
11 35
11 34
10 34
11 34
11 35
10 35
11 35
10 35
10 36
11 36
11 37
12 37
11 37
11 36
12 36
13 36
13 35
13 36
13 37
13 38
14 38
14 37
14 38
13 38
13 39
13 40
14 40
15 40
14 40
13 40
13 39
14 39
13 39
12 39
13 39
13 40
13 41
12 41
12 42
12 41
13 41
14 41
13 41
12 41
11 41
11 42
11 41
11 42
11 41
11 42
11 43
10 43
10 42
9 42
9 43
9 44
8 44
9 44
10 44
10 43
10 42
11 42
11 43
11 44
11 43
11 42
12 42
12 43
11 43
11 42
12 42
12 43
12 42
11 42
10 42
9 42
9 43
8 43
7 43
7 44
7 45
8 45
8 46
8 47
9 47
8 47
9 47
9 48
9 47
9 48
8 48
8 47
8 46
8 45
9 45
9 44
8 44
9 44
10 44
10 45
9 45
10 45
10 44
10 45
10 46
10 45
11 45
11 44
10 44
10 45
11 45
10 45
9 45
9 46
8 46
8 47
9 47
9 48
10 48
10 49
10 50
11 50
12 50
13 50
13 49
12 49
12 48
13 48
14 48
13 48
12 48
11 48
10 48
9 48
8 48
7 48
6 48
5 48
4 48
3 48
3 47
3 46
2 46
1 46
0 46
0 47
1 47
0 47
1 47
2 47
2 46
2 47
3 47
4 47
4 48
4 47
4 48
4 49
4 50
4 49
3 49
3 50
3 51
4 51
5 51
5 50
5 49
4 49
3 49
3 50
3 49
3 48
3 49
2 49
2 50
2 49
1 49
2 49
2 48
2 47
3 47
3 46
4 46
3 46
3 47
2 47
2 48
1 48
2 48
2 49
2 48
2 49
2 50
2 49
2 48
2 49
1 49
1 48
2 48
3 48
3 49
3 48
3 47
2 47
2 46
2 47
1 47
1 48
2 48
2 47
1 47
2 47
1 47
1 48
1 47
2 47
2 48
1 48
1 49
0 49
1 49
1 50
1 51
0 51
1 51
1 52
1 53
1 54
1 53
2 53
2 52
2 51
3 51
2 51
3 51
2 51
2 52
3 52
2 52
3 52
3 53
3 52
3 51
3 50
2 50
2 49
1 49
2 49
1 49
1 50
1 51
0 51
1 51
0 51
0 50
1 50
2 50
2 51
1 51
0 51
1 51
1 50
0 50
1 50
1 51
0 51
0 52
1 52
2 52
2 53
1 53
0 53
1 53
2 53
2 52
2 51
2 50
1 50
