0 0
0 1
0 0
1 0
0 0
0 1
0 0
0 1
0 2
1 2
1 3
0 3
0 4
1 4
0 4
1 4
0 4
1 4
1 3
1 2
1 3
0 3
0 4
0 3
0 2
0 1
1 1
1 2
1 3
1 2
0 2
1 2
1 1
1 2
1 3
0 3
1 3
1 2
2 2
2 1
2 0
2 1
1 1
0 1
1 1
0 1
1 1
1 0
1 1
0 1
1 1
0 1
1 1
1 2
0 2
0 3
1 3
1 4
0 4
1 4
0 4
1 4
0 4
0 3
1 3
1 2
2 2
3 2
3 3
2 3
2 4
1 4
1 5
2 5
1 5
2 5
2 4
2 3
2 2
3 2
4 2
3 2
3 3
4 3
3 3
4 3
5 3
5 2
5 3
5 2
6 2
5 2
6 2
5 2
6 2
7 2
8 2
8 1
9 1
9 2
9 3
9 4
8 4
8 5
8 4
8 3
8 2
8 3
7 3
6 3
5 3
5 4
5 3
5 2
4 2
5 2
5 3
6 3
6 2
6 1
6 2
7 2
6 2
6 1
5 1
5 0
5 1
4 1
4 0
4 1
4 0
4 1
5 1
4 1
5 1
5 0
4 0
4 1
4 2
4 3
3 3
4 3
4 2
4 1
5 1
6 1
7 1
7 2
7 3
7 2
7 1
6 1
6 2
6 1
6 2
5 2
5 1
4 1
4 0
4 1
3 1
3 2
3 1
4 1
5 1
5 2
5 1
5 2
5 3
5 2
5 1
4 1
4 2
4 1
4 2
5 2
4 2
5 2
6 2
7 2
8 2
7 2
6 2
6 1
6 2
6 3
5 3
4 3
4 4
3 4
3 5
4 5
4 6
4 5
5 5
5 4
5 3
4 3
5 3
5 2
5 1
4 1
4 0
5 0
5 1
5 2
5 3
4 3
4 4
5 4
5 5
6 5
5 5
4 5
4 4
5 4
4 4
4 3
3 3
2 3
1 3
1 2
2 2
2 3
1 3
1 2
1 3
1 4
1 5
1 4
1 5
0 5
0 4
0 5
1 5
0 5
0 4
0 5
1 5
1 6
2 6
2 7
2 8
2 7
3 7
3 8
2 8
2 7
1 7
0 7
1 7
0 7
1 7
2 7
1 7
0 7
0 6
1 6
0 6
0 5
1 5
2 5
2 6
1 6
2 6
3 6
3 5
2 5
2 4
3 4
3 5
4 5
4 6
3 6
2 6
1 6
1 5
1 6
0 6
0 7
1 7
2 7
1 7
1 8
0 8
1 8
1 9
1 8
2 8
2 9
2 8
3 8
3 9
3 10
2 10
3 10
3 11
3 10
4 10
3 10
3 11
3 12
4 12
3 12
3 11
4 11
4 10
3 10
3 9
3 10
3 9
4 9
4 10
3 10
2 10
2 11
2 12
1 12
1 13
1 12
1 11
1 10
1 9
0 9
1 9
2 9
1 9
1 10
2 10
2 11
3 11
2 11
1 11
1 12
2 12
2 11
2 10
1 10
0 10
1 10
1 9
2 9
1 9
1 8
0 8
1 8
1 7
0 7
0 8
0 9
1 9
1 8
1 9
0 9
1 9
0 9
1 9
2 9
3 9
4 9
4 10
4 11
4 12
4 13
4 12
4 11
4 12
4 11
4 10
3 10
2 10
2 11
2 12
3 12
3 13
4 13
5 13
6 13
6 14
7 14
8 14
8 15
9 15
9 14
9 15
10 15
10 16
11 16
12 16
13 16
13 15
13 16
13 15
13 14
12 14
12 15
11 15
12 15
12 14
12 13
13 13
13 12
13 13
13 14
12 14
12 13
12 12
13 12
13 11
13 12
12 12
13 12
13 11
14 11
13 11
14 11
14 10
15 10
15 9
15 8
14 8
14 7
14 6
13 6
13 5
12 5
11 5
10 5
10 6
10 7
11 7
10 7
10 6
9 6
10 6
11 6
12 6
13 6
13 5
13 4
14 4
13 4
13 5
13 6
13 7
13 6
13 7
13 8
13 9
14 9
13 9
14 9
13 9
14 9
13 9
14 9
14 8
15 8
15 9
14 9
13 9
13 10
14 10
15 10
15 9
15 8
15 7
14 7
14 8
13 8
13 9
13 8
13 9
13 10
14 10
13 10
13 11
13 12
13 11
14 11
15 11
16 11
15 11
14 11
14 12
14 11
14 10
15 10
15 11
15 12
16 12
15 12
15 13
15 14
15 15
15 16
16 16
15 16
15 17
16 17
15 17
14 17
13 17
13 18
12 18
12 19
12 18
11 18
12 18
11 18
11 17
10 17
9 17
10 17
10 16
9 16
10 16
10 17
10 16
10 15
9 15
8 15
9 15
10 15
11 15
11 16
11 17
11 18
12 18
12 17
12 16
13 16
13 15
13 16
12 16
12 17
11 17
11 16
11 17
11 16
10 16
11 16
11 15
12 15
12 14
11 14
11 13
12 13
11 13
12 13
13 13
14 13
15 13
14 13
14 12
14 13
14 14
14 15
15 15
15 14
14 14
14 13
14 12
14 11
14 12
13 12
13 13
13 14
13 15
12 15
11 15
11 14
12 14
12 13
13 13
12 13
12 12
11 12
11 11
11 12
11 13
12 13
11 13
12 13
12 14
12 15
11 15
12 15
11 15
10 15
11 15
12 15
13 15
12 15
12 14
12 13
13 13
14 13
15 13
15 12
14 12
13 12
13 11
14 11
15 11
15 12
15 11
15 12
14 12
13 12
14 12
13 12
13 11
13 10
12 10
13 10
14 10
13 10
14 10
14 9
15 9
16 9
17 9
16 9
16 8
15 8
16 8
16 9
16 10
16 9
16 10
16 11
16 12
16 13
16 14
16 15
15 15
15 16
16 16
16 15
15 15
16 15
16 16
16 17
16 18
16 17
17 17
18 17
19 17
19 18
18 18
17 18
17 19
17 20
16 20
16 19
16 20
15 20
16 20
15 20
14 20
14 19
14 18
14 19
14 20
14 19
15 19
15 20
14 20
15 20
16 20
16 21
17 21
17 22
18 22
18 23
18 24
19 24
19 25
19 26
18 26
17 26
17 27
17 26
17 27
18 27
19 27
20 27
20 26
20 27
19 27
18 27
18 26
19 26
20 26
19 26
18 26
19 26
19 27
18 27
19 27
19 26
20 26
20 25
19 25
19 24
19 25
19 26
19 25
19 26
19 25
19 24
18 24
17 24
17 25
17 24
18 24
17 24
17 25
16 25
17 25
18 25
18 24
18 23
18 22
19 22
19 23
18 23
19 23
19 24
18 24
18 25
19 25
19 26
19 27
18 27
18 28
18 29
18 30
18 31
17 31
16 31
16 32
16 31
16 32
16 31
16 30
16 31
16 32
16 31
16 30
17 30
17 31
18 31
18 30
18 29
18 30
19 30
20 30
21 30
21 31
21 30
22 30
21 30
22 30
23 30
23 29
23 30
23 29
22 29
22 30
22 29
22 28
22 29
23 29
23 28
23 27
23 26
24 26
24 25
24 26
23 26
23 25
23 26
23 27
23 26
23 27
22 27
21 27
20 27
20 28
19 28
18 28
19 28
18 28
18 27
18 26
18 27
18 26
19 26
19 25
19 24
19 25
20 25
19 25
19 26
19 27
20 27
19 27
20 27
19 27
18 27
17 27
16 27
16 26
15 26
14 26
15 26
16 26
16 27
16 28
16 27
17 27
17 28
16 28
16 27
16 28
17 28
18 28
18 27
18 28
17 28
17 27
17 28
17 29
16 29
17 29
17 30
16 30
15 30
16 30
17 30
16 30
16 31
16 32
16 33
16 34
15 34
14 34
14 35
14 34
13 34
14 34
14 35
14 34
14 33
14 34
14 35
13 35
12 35
13 35
12 35
11 35
10 35
10 34
10 35
10 34
9 34
9 35
9 36
10 36
9 36
9 37
9 38
9 39
9 40
9 39
8 39
8 40
8 41
8 40
8 41
9 41
8 41
7 41
8 41
7 41
6 41
5 41
6 41
5 41
5 40
5 41
6 41
5 41
5 42
4 42
3 42
4 42
4 43
4 42
5 42
5 43
6 43
6 42
5 42
5 43
6 43
7 43
7 44
8 44
8 43
8 42
9 42
9 43
9 42
9 41
8 41
8 40
9 40
9 41
9 42
9 41
9 42
10 42
10 41
9 41
9 42
10 42
9 42
9 43
9 42
9 43
8 43
7 43
6 43
5 43
6 43
6 44
6 43
5 43
6 43
6 42
7 42
6 42
5 42
5 43
5 42
6 42
5 42
4 42
4 41
4 42
4 41
4 42
5 42
5 43
5 44
5 43
4 43
5 43
4 43
4 42
4 41
5 41
5 42
5 43
4 43
4 42
5 42
6 42
6 41
7 41
8 41
7 41
6 41
6 42
6 43
5 43
5 42
4 42
5 42
4 42
3 42
4 42
5 42
5 41
6 41
6 42
6 41
6 40
5 40
4 40
5 40
6 40
5 40
5 41
5 42
5 43
5 42
