0 0
0 1
1 1
2 1
2 2
3 2
3 1
2 1
1 1
2 1
1 1
1 0
1 1
2 1
3 1
3 0
2 0
2 1
2 2
1 2
1 1
0 1
0 0
0 1
1 1
1 0
1 1
0 1
0 2
0 3
1 3
0 3
0 4
0 5
1 5
2 5
3 5
3 6
4 6
3 6
4 6
5 6
5 7
5 8
4 8
4 9
3 9
3 8
3 7
3 8
3 7
3 6
4 6
4 5
5 5
4 5
3 5
3 6
2 6
3 6
4 6
5 6
6 6
5 6
5 7
6 7
5 7
6 7
6 8
6 9
5 9
5 10
5 9
5 8
5 9
4 9
5 9
6 9
6 10
6 9
6 8
5 8
5 7
5 8
5 7
5 8
6 8
7 8
8 8
8 9
8 10
8 11
7 11
7 12
6 12
6 11
7 11
6 11
6 12
6 11
5 11
4 11
4 12
5 12
5 11
6 11
6 10
7 10
7 9
7 10
7 9
8 9
9 9
10 9
11 9
12 9
11 9
11 8
11 9
11 8
11 9
10 9
9 9
8 9
9 9
8 9
7 9
7 8
8 8
9 8
8 8
8 7
9 7
9 6
9 7
9 8
10 8
10 9
9 9
10 9
10 8
10 7
9 7
10 7
11 7
12 7
13 7
14 7
14 6
13 6
12 6
13 6
12 6
11 6
12 6
11 6
10 6
11 6
10 6
9 6
10 6
11 6
11 5
12 5
12 6
12 5
12 6
11 6
12 6
11 6
12 6
12 5
12 4
11 4
12 4
11 4
10 4
11 4
12 4
12 5
12 6
12 5
12 4
11 4
11 3
11 2
11 1
11 2
12 2
13 2
14 2
14 1
15 1
15 0
16 0
16 1
15 1
14 1
14 0
14 1
14 0
13 0
12 0
12 1
12 0
12 1
12 2
12 3
13 3
13 4
14 4
14 5
13 5
13 6
14 6
14 5
14 6
15 6
16 6
16 5
17 5
17 6
17 7
17 6
18 6
18 5
18 4
17 4
18 4
19 4
18 4
18 3
18 2
19 2
19 1
20 1
21 1
21 2
21 1
22 1
21 1
21 0
22 0
23 0
22 0
23 0
24 0
25 0
25 1
26 1
26 2
26 3
26 4
26 5
26 6
25 6
25 5
24 5
24 6
23 6
23 5
24 5
24 4
25 4
26 4
25 4
24 4
24 3
24 4
25 4
25 3
25 4
25 3
26 3
27 3
26 3
26 2
26 3
27 3
28 3
27 3
28 3
28 2
28 1
28 2
28 3
28 4
27 4
26 4
26 5
26 6
25 6
24 6
23 6
23 7
23 6
22 6
22 7
22 6
23 6
24 6
23 6
23 5
22 5
22 4
22 5
21 5
20 5
21 5
22 5
23 5
24 5
24 6
24 5
25 5
26 5
25 5
26 5
25 5
25 6
26 6
25 6
25 5
25 6
25 5
25 6
25 7
24 7
24 6
24 7
24 8
23 8
23 7
23 6
22 6
22 7
22 8
21 8
20 8
19 8
19 7
19 6
19 5
20 5
20 6
19 6
18 6
19 6
19 7
20 7
21 7
20 7
21 7
21 6
22 6
22 7
22 8
21 8
20 8
19 8
19 9
18 9
18 8
17 8
16 8
16 7
16 6
16 5
15 5
16 5
16 6
16 7
16 8
15 8
14 8
14 7
15 7
14 7
14 8
13 8
14 8
14 9
13 9
14 9
13 9
14 9
15 9
15 8
15 9
16 9
15 9
15 8
14 8
14 9
15 9
16 9
16 8
15 8
15 7
15 8
16 8
16 9
15 9
16 9
16 10
16 11
15 11
16 11
16 12
15 12
15 11
14 11
14 12
14 11
14 12
13 12
12 12
11 12
11 11
11 10
11 11
12 11
11 11
10 11
10 12
11 12
11 13
10 13
10 12
10 13
11 13
10 13
9 13
10 13
11 13
12 13
12 14
12 15
13 15
13 16
14 16
14 17
13 17
12 17
12 18
12 19
12 20
12 19
11 19
10 19
10 18
9 18
8 18
8 19
9 19
9 20
10 20
10 21
9 21
9 20
9 19
9 18
10 18
11 18
12 18
13 18
13 17
12 17
13 17
13 18
13 19
13 20
14 20
14 19
14 20
13 20
14 20
14 19
14 20
14 21
15 21
15 20
14 20
15 20
14 20
13 20
13 21
14 21
15 21
16 21
16 20
16 19
17 19
17 18
17 19
16 19
16 20
15 20
16 20
16 19
16 20
15 20
16 20
16 21
16 22
16 21
16 22
15 22
16 22
15 22
14 22
13 22
14 22
14 21
15 21
16 21
17 21
16 21
15 21
14 21
13 21
12 21
11 21
11 20
10 20
9 20
9 21
9 20
10 20
10 19
10 18
11 18
10 18
11 18
10 18
11 18
11 19
10 19
10 18
10 17
9 17
9 16
10 16
9 16
10 16
10 17
10 18
11 18
11 19
10 19
10 18
9 18
10 18
10 19
11 19
11 20
11 19
10 19
11 19
10 19
10 20
10 19
9 19
9 18
9 19
10 19
10 20
10 19
11 19
11 20
12 20
12 21
12 22
13 22
13 23
14 23
13 23
12 23
11 23
12 23
12 24
12 25
12 24
13 24
12 24
12 23
11 23
10 23
10 24
9 24
8 24
9 24
8 24
8 23
8 24
8 23
9 23
10 23
10 22
9 22
9 21
8 21
9 21
9 22
10 22
11 22
11 23
10 23
10 22
11 22
12 22
11 22
10 22
11 22
12 22
13 22
14 22
14 23
14 22
14 21
13 21
12 21
12 22
13 22
13 23
12 23
12 24
11 24
11 23
12 23
13 23
13 24
13 25
13 26
12 26
13 26
13 27
13 28
13 27
12 27
12 26
11 26
10 26
11 26
11 25
12 25
13 25
12 25
11 25
10 25
10 24
10 25
11 25
11 26
12 26
13 26
13 25
12 25
12 26
12 25
12 26
13 26
13 25
13 24
14 24
13 24
14 24
14 23
15 23
16 23
16 24
15 24
15 25
16 25
17 25
17 26
17 27
18 27
17 27
17 28
16 28
17 28
17 29
17 28
18 28
19 28
18 28
18 27
17 27
18 27
17 27
18 27
19 27
19 28
19 27
19 26
19 25
19 24
19 25
20 25
19 25
19 26
19 27
20 27
20 28
19 28
18 28
17 28
17 29
16 29
16 30
16 31
17 31
18 31
18 32
18 31
19 31
18 31
19 31
19 32
20 32
19 32
19 33
19 34
19 33
19 34
18 34
17 34
18 34
17 34
17 35
17 36
16 36
16 37
16 38
17 38
16 38
16 37
17 37
17 38
17 37
16 37
16 36
16 37
16 36
17 36
16 36
16 37
15 37
15 38
15 39
15 38
15 37
16 37
16 38
15 38
15 39
15 38
15 39
14 39
13 39
13 40
12 40
12 39
13 39
13 38
13 37
14 37
15 37
15 38
16 38
16 39
15 39
15 38
15 37
14 37
14 36
13 36
13 37
13 38
14 38
13 38
13 39
13 40
12 40
13 40
13 41
12 41
13 41
12 41
12 40
13 40
13 41
13 42
13 41
12 41
12 40
12 39
12 38
13 38
13 39
13 40
13 39
12 39
13 39
12 39
13 39
14 39
13 39
13 40
14 40
14 41
15 41
16 41
16 40
17 40
18 40
19 40
19 41
19 42
18 42
19 42
19 41
20 41
20 42
20 43
20 42
21 42
21 41
20 41
19 41
19 42
19 43
20 43
20 44
19 44
19 43
18 43
18 44
18 43
18 44
17 44
17 45
17 44
16 44
16 43
16 42
17 42
17 43
18 43
19 43
19 44
19 45
19 44
19 45
19 44
20 44
20 43
19 43
19 44
19 45
20 45
21 45
20 45
20 44
21 44
20 44
19 44
20 44
19 44
19 43
19 42
18 42
18 43
17 43
16 43
17 43
17 42
16 42
16 43
17 43
17 44
16 44
16 45
17 45
16 45
15 45
15 44
15 45
14 45
14 46
13 46
12 46
13 46
13 47
12 47
11 47
12 47
13 47
13 48
13 47
14 47
15 47
15 48
14 48
13 48
13 49
13 50
14 50
14 51
15 51
14 51
14 52
14 51
15 51
15 50
14 50
14 49
13 49
14 49
15 49
16 49
16 48
17 48
16 48
17 48
18 48
19 48
18 48
19 48
20 48
20 49
20 48
19 48
19 49
20 49
20 48
20 47
20 48
20 49
21 49
21 48
20 48
19 48
19 47
18 47
17 47
17 46
16 46
17 46
18 46
17 46
17 45
17 46
18 46
18 45
18 44
18 45
17 45
16 45
15 45
14 45
15 45
16 45
17 45
17 46
18 46
17 46
18 46
18 47
18 46
18 47
18 48
18 49
19 49
19 50
20 50
21 50
21 51
21 50
21 49
21 50
22 50
22 49
22 48
22 47
22 46
22 45
23 45
23 46
23 45
22 45
22 44
21 44
21 43
22 43
22 42
23 42
23 41
22 41
