0 0
0 1
1 1
1 0
2 0
2 1
1 1
0 1
1 1
2 1
1 1
1 0
2 0
1 0
0 0
0 1
1 1
1 2
2 2
1 2
1 3
2 3
2 2
1 2
1 3
2 3
2 4
1 4
0 4
1 4
1 3
0 3
1 3
0 3
1 3
0 3
1 3
2 3
2 2
2 3
2 4
2 5
1 5
1 6
1 7
0 7
1 7
1 6
0 6
0 5
0 6
1 6
1 5
1 6
1 7
0 7
1 7
0 7
0 8
0 9
1 9
1 10
1 11
0 11
0 12
1 12
1 11
1 10
1 11
1 12
1 11
2 11
3 11
3 10
3 9
4 9
4 10
4 9
5 9
6 9
6 10
5 10
4 10
4 11
5 11
5 10
6 10
7 10
7 11
8 11
8 10
9 10
8 10
7 10
6 10
7 10
7 11
6 11
6 10
7 10
6 10
5 10
5 9
4 9
3 9
3 8
4 8
4 7
4 8
3 8
4 8
3 8
3 7
3 6
4 6
4 7
4 8
5 8
6 8
6 9
6 8
5 8
6 8
6 9
7 9
8 9
8 8
9 8
10 8
11 8
12 8
13 8
12 8
11 8
11 7
11 8
11 7
10 7
10 6
9 6
10 6
10 5
11 5
12 5
12 6
11 6
11 7
11 6
11 5
12 5
13 5
14 5
13 5
12 5
11 5
12 5
12 4
11 4
11 3
12 3
11 3
10 3
9 3
10 3
11 3
10 3
10 4
10 5
10 6
11 6
10 6
9 6
10 6
10 7
10 6
10 5
9 5
9 6
9 7
8 7
7 7
7 8
7 7
8 7
8 8
7 8
7 9
7 10
8 10
7 10
8 10
8 9
8 8
9 8
9 7
10 7
9 7
10 7
9 7
9 6
10 6
10 7
11 7
10 7
10 8
9 8
9 7
8 7
9 7
9 8
9 7
9 8
9 9
10 9
10 10
10 11
10 10
9 10
9 9
10 9
9 9
9 8
10 8
10 7
10 8
10 7
11 7
11 6
12 6
12 5
12 4
12 3
12 2
13 2
14 2
13 2
13 3
13 4
13 3
13 2
13 1
13 0
14 0
14 1
13 1
12 1
12 2
13 2
13 1
13 2
14 2
14 3
14 4
15 4
15 3
14 3
14 4
15 4
15 5
15 6
15 5
15 4
15 5
14 5
13 5
13 4
13 3
13 2
12 2
11 2
10 2
9 2
10 2
10 1
11 1
10 1
9 1
10 1
11 1
10 1
10 0
10 1
10 0
10 1
11 1
11 0
10 0
10 1
9 1
9 0
9 1
9 0
8 0
8 1
8 0
8 1
8 0
9 0
10 0
10 1
11 1
11 2
11 1
11 2
11 3
11 4
11 5
12 5
12 6
13 6
14 6
15 6
15 7
14 7
13 7
14 7
14 6
14 5
13 5
14 5
15 5
15 6
15 5
15 4
15 3
14 3
14 2
14 1
14 2
15 2
15 3
14 3
15 3
14 3
14 2
15 2
14 2
14 1
15 1
16 1
16 0
17 0
17 1
16 1
17 1
17 0
17 1
17 0
17 1
16 1
16 0
17 0
17 1
16 1
16 2
17 2
18 2
19 2
20 2
21 2
21 1
21 2
20 2
20 3
20 4
19 4
20 4
19 4
20 4
20 3
20 4
20 5
19 5
19 6
19 7
20 7
21 7
21 6
21 5
22 5
21 5
20 5
20 4
20 5
20 4
21 4
21 5
20 5
20 6
21 6
20 6
21 6
21 5
20 5
19 5
18 5
18 6
19 6
19 7
20 7
21 7
20 7
21 7
21 6
20 6
20 5
20 4
21 4
21 3
21 4
21 5
22 5
23 5
23 6
23 7
24 7
25 7
25 6
24 6
23 6
24 6
25 6
25 7
25 8
24 8
24 7
23 7
23 8
24 8
24 7
23 7
23 8
23 7
23 8
23 7
22 7
22 6
23 6
23 7
24 7
24 8
25 8
25 9
25 10
26 10
27 10
27 11
26 11
26 12
25 12
24 12
24 11
24 10
24 9
25 9
25 10
25 11
25 12
26 12
26 11
26 10
25 10
26 10
27 10
27 11
26 11
25 11
24 11
24 10
24 9
24 10
23 10
23 9
23 10
23 11
23 10
23 11
23 10
23 11
23 10
24 10
24 11
23 11
23 10
23 11
23 12
24 12
24 11
23 11
23 10
24 10
23 10
24 10
24 11
24 12
25 12
25 11
25 12
24 12
24 13
25 13
24 13
24 14
24 15
24 16
24 17
25 17
24 17
24 18
24 19
25 19
26 19
26 18
25 18
26 18
25 18
25 17
26 17
25 17
25 16
25 17
26 17
25 17
26 17
25 17
25 18
24 18
23 18
24 18
24 19
25 19
24 19
23 19
23 18
22 18
22 19
22 18
22 17
21 17
21 18
21 19
20 19
20 18
21 18
21 19
20 19
21 19
22 19
22 18
23 18
24 18
23 18
22 18
23 18
23 17
24 17
25 17
25 16
26 16
26 15
25 15
26 15
26 14
27 14
28 14
27 14
28 14
28 15
28 14
29 14
29 13
29 12
28 12
28 11
28 12
28 13
28 14
29 14
28 14
28 15
28 14
28 13
28 14
29 14
28 14
29 14
29 15
30 15
29 15
29 16
29 15
29 16
29 15
30 15
30 16
30 17
31 17
31 16
31 17
31 18
30 18
29 18
29 17
29 16
28 16
28 15
28 14
27 14
28 14
28 15
29 15
29 14
30 14
30 15
30 14
29 14
28 14
27 14
27 13
27 12
28 12
29 12
29 11
29 12
28 12
28 11
28 12
29 12
30 12
30 13
31 13
32 13
32 14
32 13
32 12
33 12
34 12
33 12
33 11
32 11
31 11
31 12
30 12
30 13
30 12
30 13
29 13
29 14
28 14
29 14
30 14
29 14
30 14
30 13
30 12
31 12
32 12
31 12
32 12
31 12
32 12
32 13
32 14
33 14
33 13
32 13
31 13
31 14
31 13
32 13
33 13
33 14
34 14
34 13
34 14
33 14
32 14
31 14
32 14
32 15
31 15
32 15
32 16
32 17
31 17
30 17
30 16
30 17
30 18
30 19
29 19
28 19
29 19
29 20
28 20
29 20
29 19
28 19
28 20
27 20
27 21
26 21
26 20
25 20
25 19
25 20
25 21
25 20
25 19
25 18
24 18
23 18
22 18
22 17
23 17
22 17
21 17
20 17
19 17
18 17
18 16
17 16
17 15
17 14
16 14
16 13
15 13
14 13
14 12
14 13
13 13
13 12
14 12
13 12
13 11
12 11
11 11
11 12
12 12
12 11
12 10
13 10
12 10
12 11
12 12
12 13
13 13
14 13
14 14
14 15
13 15
12 15
12 16
11 16
11 17
11 16
11 17
11 18
12 18
12 17
12 18
13 18
13 17
13 18
12 18
12 19
11 19
12 19
12 20
13 20
14 20
14 21
14 20
13 20
13 21
13 22
14 22
14 23
14 22
15 22
16 22
17 22
18 22
17 22
16 22
15 22
15 21
15 20
14 20
14 19
14 20
14 21
15 21
15 20
16 20
15 20
14 20
15 20
14 20
13 20
13 21
14 21
15 21
14 21
14 22
13 22
14 22
14 21
13 21
13 20
13 21
14 21
15 21
15 22
15 23
14 23
14 22
13 22
13 23
14 23
15 23
14 23
15 23
15 22
16 22
16 21
15 21
15 22
15 21
15 20
15 19
14 19
14 18
14 17
14 18
14 17
14 18
13 18
12 18
11 18
12 18
12 19
11 19
10 19
10 18
9 18
9 19
9 18
9 19
9 20
9 21
8 21
8 22
8 23
8 24
8 25
9 25
9 26
10 26
9 26
9 27
9 28
8 28
8 27
8 28
9 28
9 27
9 28
9 29
9 30
10 30
10 29
10 30
10 31
11 31
11 30
11 29
11 28
10 28
10 27
10 26
11 26
12 26
11 26
11 27
11 26
12 26
11 26
10 26
11 26
11 27
10 27
10 28
10 29
10 30
11 30
12 30
12 31
12 30
12 31
11 31
11 32
12 32
11 32
12 32
12 33
12 32
12 33
11 33
11 32
12 32
13 32
14 32
15 32
15 33
14 33
13 33
14 33
14 32
13 32
12 32
12 33
13 33
12 33
13 33
14 33
14 32
13 32
13 33
12 33
13 33
14 33
15 33
14 33
15 33
15 32
14 32
13 32
13 31
13 32
13 31
14 31
15 31
15 30
16 30
17 30
18 30
18 31
19 31
19 32
20 32
21 32
21 33
22 33
22 32
22 33
22 34
21 34
20 34
19 34
19 33
20 33
19 33
20 33
20 34
20 33
21 33
20 33
20 32
19 32
20 32
21 32
21 33
22 33
23 33
24 33
23 33
22 33
22 32
21 32
21 33
20 33
21 33
20 33
20 34
20 35
21 35
22 35
23 35
22 35
23 35
22 35
23 35
22 35
23 35
24 35
24 34
23 34
23 33
23 32
