0 0
1 0
1 1
1 2
0 2
0 3
0 4
0 5
0 6
0 5
0 4
1 4
1 3
2 3
3 3
3 2
2 2
2 3
2 2
3 2
4 2
4 3
4 2
4 1
5 1
5 2
4 2
4 3
4 4
4 3
5 3
4 3
4 2
4 3
4 4
5 4
6 4
6 5
5 5
5 6
4 6
3 6
3 5
4 5
4 4
5 4
5 3
6 3
7 3
8 3
9 3
9 4
9 5
9 6
10 6
10 7
9 7
8 7
8 8
7 8
7 9
7 10
7 9
8 9
8 8
8 9
8 8
8 9
8 10
9 10
10 10
10 11
10 10
11 10
11 9
11 8
11 9
11 8
12 8
13 8
13 7
13 8
12 8
12 9
11 9
11 8
10 8
10 9
9 9
9 10
10 10
10 11
11 11
12 11
13 11
12 11
11 11
11 10
12 10
12 9
11 9
12 9
12 10
11 10
10 10
9 10
9 9
9 8
9 9
9 8
10 8
9 8
10 8
10 7
10 8
10 9
11 9
11 8
11 7
12 7
11 7
11 6
10 6
10 5
10 6
10 5
10 4
10 3
9 3
9 2
9 3
8 3
8 4
8 5
8 6
8 7
7 7
7 6
7 7
6 7
5 7
5 8
5 9
4 9
4 10
3 10
3 11
4 11
4 12
4 13
3 13
2 13
3 13
4 13
4 12
4 13
4 12
4 11
3 11
3 10
2 10
1 10
1 11
0 11
1 11
0 11
1 11
2 11
3 11
2 11
3 11
3 10
2 10
2 9
2 8
3 8
3 7
2 7
2 8
2 9
2 8
1 8
1 9
0 9
0 8
0 7
1 7
1 6
0 6
0 5
1 5
1 6
0 6
0 7
0 8
0 9
0 10
1 10
0 10
0 11
1 11
1 12
1 13
1 14
1 15
0 15
1 15
1 16
1 17
1 18
1 19
0 19
0 20
0 21
1 21
1 22
2 22
2 23
2 24
2 23
2 22
3 22
4 22
4 23
4 24
5 24
4 24
5 24
5 25
6 25
5 25
4 25
5 25
6 25
6 26
5 26
5 27
6 27
7 27
8 27
9 27
9 28
9 29
8 29
8 28
7 28
7 29
7 30
7 29
8 29
7 29
7 28
7 29
8 29
9 29
10 29
9 29
9 30
10 30
10 29
10 28
9 28
10 28
10 29
9 29
8 29
9 29
9 28
10 28
10 29
9 29
8 29
8 30
7 30
8 30
7 30
8 30
8 31
9 31
9 30
10 30
10 31
9 31
9 30
9 31
8 31
7 31
7 32
6 32
7 32
8 32
8 31
9 31
10 31
10 32
10 33
10 34
11 34
11 33
12 33
11 33
10 33
10 32
10 31
10 30
9 30
9 31
9 32
10 32
9 32
8 32
8 33
7 33
7 32
7 31
7 30
7 31
8 31
9 31
8 31
8 32
9 32
9 33
9 34
9 35
9 36
8 36
8 35
9 35
10 35
11 35
11 34
11 33
11 32
11 31
11 30
12 30
11 30
10 30
10 29
11 29
11 30
10 30
9 30
10 30
10 29
11 29
10 29
10 28
9 28
9 29
9 28
9 29
8 29
8 28
8 29
9 29
9 28
10 28
9 28
9 27
9 26
8 26
7 26
7 27
8 27
8 28
7 28
7 27
7 26
7 25
6 25
6 24
5 24
6 24
5 24
5 25
5 26
6 26
6 25
6 26
7 26
8 26
8 27
8 26
7 26
8 26
7 26
7 25
7 24
6 24
5 24
5 25
4 25
4 26
4 25
4 24
3 24
3 23
3 22
2 22
2 23
1 23
1 24
1 25
1 24
0 24
0 23
0 22
1 22
2 22
3 22
2 22
2 23
2 24
1 24
0 24
1 24
1 25
2 25
2 26
3 26
4 26
3 26
2 26
2 27
2 26
3 26
3 27
3 28
3 29
3 30
3 31
4 31
5 31
5 30
4 30
3 30
3 29
3 30
3 31
2 31
3 31
4 31
5 31
5 32
5 33
5 32
5 33
5 34
5 33
4 33
3 33
4 33
4 32
4 33
5 33
5 34
5 35
6 35
6 34
6 33
7 33
7 34
8 34
7 34
6 34
6 35
6 36
5 36
4 36
4 37
4 36
4 35
5 35
6 35
5 35
5 36
4 36
5 36
6 36
5 36
4 36
4 37
3 37
3 36
3 37
3 38
2 38
3 38
3 37
3 38
3 39
3 38
2 38
2 39
1 39
0 39
0 40
1 40
1 41
2 41
3 41
2 41
1 41
1 40
2 40
2 41
2 40
2 39
1 39
1 38
1 39
0 39
0 38
0 37
0 36
1 36
0 36
1 36
2 36
2 37
2 36
3 36
3 37
2 37
3 37
2 37
1 37
1 36
1 37
2 37
2 38
1 38
0 38
0 39
1 39
0 39
0 40
1 40
1 41
1 42
1 41
1 42
2 42
2 41
2 42
1 42
1 41
0 41
0 40
0 39
0 40
0 41
0 42
1 42
1 43
0 43
1 43
2 43
2 42
3 42
3 43
2 43
1 43
2 43
2 44
2 43
2 42
2 43
2 42
1 42
0 42
0 43
0 42
1 42
0 42
0 43
0 44
0 45
1 45
0 45
0 44
1 44
1 45
1 46
2 46
1 46
1 45
1 44
1 45
1 44
2 44
2 45
2 44
3 44
4 44
5 44
4 44
4 45
5 45
5 46
5 45
5 46
6 46
5 46
6 46
7 46
7 47
6 47
6 48
5 48
5 49
5 48
5 47
5 46
6 46
5 46
5 47
4 47
5 47
5 46
4 46
3 46
2 46
2 47
2 46
2 47
1 47
1 48
1 47
1 48
1 47
0 47
0 48
1 48
1 49
0 49
1 49
1 50
2 50
2 49
2 50
1 50
0 50
1 50
1 49
0 49
1 49
2 49
2 50
2 51
2 50
2 49
3 49
3 48
3 49
2 49
3 49
3 48
3 49
4 49
5 49
6 49
6 48
6 49
5 49
5 48
6 48
6 49
5 49
5 48
6 48
7 48
7 47
7 48
6 48
7 48
7 49
6 49
6 50
6 51
6 50
6 51
6 52
6 51
5 51
5 50
4 50
5 50
4 50
4 51
3 51
2 51
3 51
3 50
2 50
2 51
2 50
1 50
1 49
2 49
2 50
3 50
3 51
4 51
4 50
5 50
6 50
7 50
7 51
7 52
7 51
8 51
7 51
7 52
8 52
9 52
9 51
10 51
10 52
9 52
9 53
8 53
8 54
8 53
9 53
9 52
9 51
10 51
10 52
10 53
9 53
10 53
9 53
10 53
10 54
10 55
10 56
9 56
9 55
9 54
8 54
9 54
9 53
8 53
8 54
9 54
10 54
10 55
10 54
10 55
10 56
11 56
11 55
12 55
11 55
11 54
12 54
12 53
12 52
12 53
13 53
13 52
14 52
14 53
14 54
13 54
13 53
13 52
13 51
14 51
14 52
15 52
15 53
15 54
14 54
13 54
13 53
14 53
15 53
15 52
16 52
17 52
17 51
17 50
17 49
18 49
19 49
19 50
19 49
18 49
18 48
19 48
19 49
19 50
18 50
18 49
17 49
17 50
17 51
18 51
17 51
17 50
18 50
18 51
18 52
17 52
18 52
18 51
19 51
18 51
17 51
16 51
16 50
17 50
17 49
16 49
16 48
16 49
15 49
15 48
16 48
16 49
16 48
15 48
15 47
15 48
15 49
15 48
15 49
15 48
14 48
15 48
15 47
15 46
14 46
14 45
14 44
15 44
15 43
15 44
15 45
15 46
15 47
16 47
15 47
14 47
15 47
14 47
14 46
15 46
16 46
16 45
17 45
18 45
19 45
19 44
18 44
18 43
17 43
18 43
18 42
19 42
19 41
19 40
18 40
19 40
20 40
20 39
20 40
21 40
21 39
21 38
22 38
23 38
23 37
23 36
24 36
24 37
25 37
25 36
25 35
24 35
23 35
23 36
23 35
22 35
23 35
22 35
21 35
22 35
23 35
22 35
22 36
22 37
22 36
23 36
22 36
21 36
22 36
22 35
22 34
22 35
22 36
23 36
23 37
23 38
24 38
23 38
23 37
23 38
24 38
24 37
23 37
23 36
23 37
23 36
24 36
23 36
24 36
25 36
24 36
24 37
24 38
24 39
24 40
23 40
23 39
24 39
24 38
24 37
24 38
24 39
24 40
25 40
24 40
25 40
25 39
25 38
25 39
26 39
25 39
25 40
24 40
24 39
24 38
25 38
24 38
23 38
24 38
25 38
25 37
24 37
24 36
24 35
24 34
25 34
26 34
27 34
26 34
27 34
27 33
26 33
26 34
26 35
26 34
25 34
25 35
25 34
25 33
26 33
26 32
26 31
25 31
26 31
26 30
26 31
27 31
26 31
27 31
27 32
28 32
28 33
28 32
28 33
28 34
28 33
29 33
29 34
28 34
29 34
30 34
30 35
29 35
28 35
29 35
29 36
30 36
29 36
