0 0
0 1
0 0
1 0
2 0
3 0
3 1
2 1
1 1
2 1
2 2
2 1
2 0
2 1
2 2
2 3
3 3
4 3
5 3
4 3
5 3
5 4
5 5
4 5
3 5
4 5
4 4
4 5
4 6
5 6
4 6
5 6
4 6
5 6
5 7
5 6
5 7
5 8
4 8
3 8
3 7
3 8
4 8
4 7
4 8
3 8
4 8
5 8
6 8
5 8
5 7
6 7
6 6
6 5
6 4
6 3
6 2
5 2
5 3
5 4
6 4
6 5
7 5
7 4
6 4
7 4
6 4
6 3
7 3
8 3
9 3
10 3
10 4
10 3
10 2
11 2
11 3
12 3
12 2
13 2
14 2
13 2
12 2
12 3
12 2
13 2
14 2
15 2
14 2
13 2
13 3
12 3
13 3
13 4
12 4
12 3
12 4
12 5
11 5
12 5
13 5
13 6
13 7
13 6
12 6
11 6
12 6
13 6
14 6
14 7
14 8
13 8
14 8
14 7
14 6
14 7
15 7
15 6
14 6
15 6
15 7
14 7
15 7
16 7
17 7
17 6
18 6
17 6
18 6
18 7
17 7
17 8
17 9
17 10
17 11
17 12
18 12
18 11
18 10
18 11
18 12
18 11
18 10
18 11
18 12
18 13
17 13
17 12
18 12
19 12
20 12
20 11
21 11
21 12
22 12
21 12
21 11
22 11
22 12
23 12
23 11
23 12
24 12
24 13
23 13
24 13
24 14
24 15
25 15
24 15
25 15
25 16
25 17
26 17
26 16
27 16
27 17
26 17
26 16
25 16
24 16
23 16
24 16
23 16
24 16
24 15
25 15
25 14
26 14
27 14
27 15
27 14
26 14
26 15
27 15
28 15
28 14
28 15
28 16
27 16
26 16
26 15
27 15
28 15
28 14
28 15
27 15
28 15
27 15
27 14
26 14
26 15
26 14
25 14
25 13
25 12
25 11
25 12
24 12
23 12
24 12
23 12
22 12
21 12
21 11
20 11
21 11
21 10
21 11
21 12
22 12
23 12
23 11
23 12
23 11
23 12
22 12
22 11
22 12
21 12
21 13
21 12
21 13
21 14
21 13
22 13
22 14
23 14
22 14
22 15
21 15
21 16
21 17
22 17
22 16
21 16
22 16
23 16
24 16
24 17
24 16
24 15
25 15
26 15
27 15
28 15
27 15
27 16
27 15
26 15
26 14
26 15
25 15
24 15
24 16
24 15
25 15
25 16
25 17
25 16
24 16
24 15
23 15
24 15
23 15
24 15
24 14
24 13
24 14
24 15
23 15
24 15
24 14
24 15
24 14
23 14
23 15
23 14
23 15
24 15
24 16
24 15
24 16
25 16
25 17
25 18
25 19
26 19
27 19
27 18
27 19
27 20
26 20
26 21
27 21
28 21
29 21
28 21
28 22
27 22
27 23
27 22
28 22
28 23
28 22
28 21
29 21
28 21
28 20
27 20
27 19
28 19
28 20
27 20
26 20
26 19
27 19
27 18
27 17
28 17
28 16
27 16
27 15
27 16
27 15
27 16
27 17
28 17
29 17
30 17
31 17
32 17
32 16
31 16
31 17
31 16
31 17
32 17
33 17
33 18
33 19
33 20
33 21
34 21
33 21
34 21
34 22
35 22
35 21
34 21
33 21
33 22
33 23
34 23
33 23
34 23
34 24
34 25
34 24
35 24
36 24
36 23
36 22
37 22
36 22
37 22
36 22
36 23
36 24
37 24
37 25
38 25
38 26
38 27
37 27
36 27
35 27
34 27
35 27
35 26
36 26
37 26
37 27
37 26
36 26
37 26
37 25
37 24
37 25
38 25
38 26
37 26
37 27
38 27
38 26
38 25
38 24
37 24
36 24
37 24
36 24
36 25
36 24
35 24
35 25
36 25
37 25
37 24
38 24
39 24
39 25
39 26
39 27
40 27
41 27
40 27
40 28
40 27
40 28
40 29
40 28
39 28
39 29
38 29
37 29
36 29
35 29
35 30
35 29
35 28
36 28
37 28
38 28
37 28
37 29
37 28
36 28
35 28
35 29
35 30
35 31
36 31
36 30
36 29
35 29
36 29
36 30
35 30
35 29
35 30
34 30
33 30
33 31
34 31
34 32
33 32
33 33
34 33
34 34
34 33
35 33
35 34
34 34
34 35
33 35
32 35
32 36
32 35
32 36
31 36
31 35
30 35
29 35
28 35
28 36
29 36
29 35
29 34
28 34
29 34
29 35
28 35
27 35
26 35
26 36
26 35
25 35
26 35
25 35
24 35
24 36
25 36
24 36
24 37
24 36
24 35
25 35
25 36
25 37
26 37
26 36
26 37
25 37
25 38
25 37
25 36
25 35
26 35
26 34
26 35
27 35
27 36
27 35
28 35
28 34
28 35
29 35
29 34
30 34
31 34
31 33
32 33
33 33
33 32
34 32
34 33
34 32
34 33
34 32
34 31
35 31
35 30
36 30
35 30
34 30
33 30
32 30
31 30
31 29
31 28
31 29
31 30
31 29
30 29
30 30
30 31
29 31
30 31
30 32
31 32
32 32
31 32
30 32
29 32
30 32
29 32
28 32
29 32
30 32
30 33
30 32
29 32
28 32
29 32
30 32
30 31
30 30
29 30
28 30
28 31
27 31
27 30
27 31
28 31
28 32
28 31
29 31
29 30
30 30
30 29
31 29
32 29
33 29
33 30
32 30
31 30
32 30
33 30
32 30
33 30
32 30
32 31
33 31
34 31
33 31
34 31
35 31
35 32
35 33
35 34
36 34
36 35
35 35
36 35
36 34
37 34
37 35
36 35
37 35
36 35
35 35
34 35
35 35
35 34
35 33
34 33
34 32
34 31
34 32
33 32
33 33
33 32
32 32
33 32
32 32
32 33
31 33
31 32
30 32
30 31
30 32
31 32
31 33
32 33
33 33
33 34
33 35
32 35
32 34
32 35
31 35
31 36
31 35
32 35
32 36
32 37
33 37
33 36
33 37
32 37
32 38
32 39
32 38
31 38
30 38
30 39
30 40
29 40
29 39
28 39
27 39
27 40
28 40
27 40
28 40
27 40
27 39
26 39
26 40
26 41
26 42
25 42
25 43
25 44
24 44
24 43
24 42
24 43
24 44
23 44
24 44
24 43
23 43
23 42
23 41
23 42
22 42
21 42
21 41
21 40
21 39
20 39
21 39
21 40
21 41
21 42
21 41
21 40
21 39
21 38
20 38
20 39
20 38
20 39
20 40
21 40
21 39
22 39
21 39
21 40
21 39
21 38
20 38
20 39
20 38
21 38
21 39
22 39
22 40
21 40
20 40
21 40
21 41
21 40
21 39
20 39
20 40
19 40
20 40
21 40
21 39
21 38
21 39
21 38
22 38
21 38
21 39
22 39
22 38
22 39
22 38
21 38
21 37
22 37
21 37
21 38
21 39
20 39
20 38
21 38
20 38
20 37
20 38
20 39
19 39
19 38
19 37
18 37
18 36
18 35
18 36
18 37
17 37
18 37
18 36
18 35
18 36
17 36
17 35
17 36
17 37
16 37
16 36
16 35
16 34
15 34
15 33
16 33
15 33
16 33
16 32
15 32
15 33
15 34
15 35
16 35
15 35
14 35
13 35
13 34
14 34
13 34
14 34
14 33
13 33
12 33
11 33
11 34
11 35
12 35
13 35
14 35
15 35
14 35
15 35
14 35
15 35
16 35
16 34
16 35
16 34
17 34
17 35
18 35
18 36
19 36
19 37
19 36
20 36
20 35
19 35
18 35
17 35
17 36
16 36
16 35
16 34
16 35
17 35
18 35
18 34
19 34
18 34
18 33
18 32
19 32
20 32
20 33
20 32
19 32
18 32
18 33
18 34
17 34
16 34
16 33
16 34
17 34
16 34
15 34
15 35
14 35
15 35
15 34
14 34
14 33
13 33
13 34
13 33
13 32
13 31
14 31
14 32
15 32
15 33
14 33
15 33
16 33
17 33
18 33
18 32
18 33
18 32
17 32
17 33
16 33
15 33
14 33
13 33
13 34
13 35
13 34
13 33
14 33
14 34
15 34
16 34
16 35
15 35
14 35
15 35
14 35
13 35
14 35
14 36
13 36
13 35
13 34
13 35
12 35
13 35
14 35
13 35
12 35
13 35
12 35
12 34
11 34
10 34
11 34
10 34
11 34
11 35
11 34
10 34
11 34
12 34
12 33
12 32
12 33
11 33
11 32
11 33
10 33
9 33
8 33
7 33
7 32
6 32
5 32
5 33
5 34
6 34
6 33
6 34
6 35
6 36
7 36
7 35
7 34
8 34
8 33
8 32
8 33
8 32
8 33
7 33
7 34
8 34
9 34
10 34
10 33
10 32
10 31
10 30
11 30
12 30
12 31
11 31
11 32
11 31
10 31
10 30
10 31
11 31
11 32
12 32
11 32
12 32
12 31
13 31
14 31
14 30
15 30
14 30
15 30
15 29
14 29
14 30
15 30
