0 0
1 0
2 0
1 0
1 1
0 1
0 2
1 2
0 2
0 3
0 2
0 1
1 1
2 1
3 1
2 1
3 1
3 0
2 0
2 1
1 1
2 1
2 2
2 1
2 0
2 1
2 2
2 1
3 1
3 0
4 0
4 1
5 1
4 1
4 0
3 0
2 0
3 0
2 0
2 1
1 1
0 1
1 1
1 2
1 1
1 2
1 3
1 2
2 2
2 1
3 1
3 2
2 2
3 2
2 2
1 2
0 2
0 1
0 2
0 1
1 1
1 2
0 2
0 1
1 1
1 0
1 1
2 1
3 1
3 2
4 2
4 3
5 3
5 4
4 4
3 4
4 4
4 3
4 4
4 5
4 4
4 5
3 5
3 4
2 4
2 5
1 5
1 4
2 4
3 4
2 4
2 5
2 6
2 7
3 7
3 8
3 7
4 7
4 8
5 8
6 8
5 8
6 8
7 8
7 9
7 8
8 8
7 8
7 9
6 9
5 9
6 9
6 10
6 9
7 9
8 9
9 9
9 10
8 10
8 9
7 9
7 10
7 9
7 10
6 10
5 10
5 11
5 12
5 11
4 11
4 12
4 11
4 12
3 12
4 12
4 11
4 12
5 12
5 11
6 11
5 11
6 11
6 12
6 13
6 14
7 14
7 13
7 14
7 13
8 13
9 13
8 13
7 13
7 12
8 12
9 12
9 11
9 10
10 10
9 10
9 9
10 9
10 10
10 11
10 12
10 11
10 12
10 11
10 10
9 10
8 10
8 11
8 12
7 12
8 12
8 11
8 12
8 11
8 10
7 10
7 9
8 9
9 9
9 8
10 8
10 7
10 8
10 7
10 8
9 8
10 8
10 9
10 8
10 9
10 8
11 8
12 8
12 9
13 9
13 10
13 9
13 10
14 10
14 9
15 9
16 9
16 10
17 10
17 9
18 9
18 8
17 8
16 8
17 8
17 9
17 8
18 8
19 8
18 8
18 7
19 7
19 6
18 6
18 5
19 5
19 4
18 4
18 5
17 5
17 4
17 5
17 4
17 5
17 4
17 5
17 4
17 5
17 6
16 6
17 6
17 7
17 8
17 9
18 9
18 10
18 11
17 11
18 11
17 11
18 11
18 10
17 10
18 10
18 11
19 11
18 11
18 12
17 12
16 12
17 12
17 11
17 12
16 12
16 11
17 11
16 11
16 10
16 11
17 11
17 12
17 13
17 12
18 12
18 13
18 12
18 13
17 13
18 13
17 13
17 14
18 14
17 14
16 14
16 15
16 14
17 14
16 14
16 13
15 13
14 13
13 13
13 14
13 15
13 14
13 15
13 16
13 17
13 18
12 18
12 19
12 18
12 17
13 17
14 17
15 17
15 16
16 16
16 15
16 16
16 17
15 17
15 16
15 15
14 15
13 15
13 14
14 14
14 15
15 15
15 16
16 16
16 17
17 17
18 17
18 18
17 18
17 17
18 17
18 16
17 16
17 15
17 14
18 14
18 15
18 14
18 15
18 14
17 14
16 14
17 14
17 15
17 14
16 14
16 13
17 13
17 12
17 11
17 10
17 9
17 10
16 10
16 11
16 10
17 10
16 10
16 9
16 10
17 10
16 10
17 10
17 11
16 11
17 11
18 11
18 12
19 12
19 11
19 10
19 9
20 9
20 10
20 11
21 11
21 10
21 11
20 11
20 10
21 10
20 10
20 9
20 8
20 7
21 7
21 6
22 6
22 7
22 6
22 5
23 5
22 5
22 6
22 5
21 5
21 4
21 5
21 4
21 5
21 4
22 4
22 3
23 3
24 3
24 2
23 2
22 2
22 1
23 1
23 2
23 1
23 2
23 1
22 1
21 1
21 0
22 0
22 1
23 1
24 1
25 1
24 1
24 2
24 1
24 2
24 1
24 2
24 1
25 1
25 0
25 1
25 0
24 0
23 0
24 0
24 1
24 2
23 2
23 3
23 4
23 3
22 3
23 3
23 4
23 3
24 3
23 3
23 4
23 5
23 4
23 3
23 4
23 5
22 5
22 6
23 6
23 5
24 5
25 5
25 4
26 4
26 5
25 5
25 6
26 6
26 5
27 5
28 5
27 5
27 4
28 4
28 3
28 4
28 3
29 3
29 4
29 3
29 2
29 3
29 2
30 2
29 2
28 2
28 1
29 1
29 2
28 2
28 1
28 2
28 1
28 2
28 1
28 2
28 3
27 3
27 4
28 4
29 4
28 4
28 5
27 5
28 5
29 5
29 6
28 6
29 6
29 7
30 7
29 7
29 8
28 8
29 8
29 9
29 8
29 9
29 10
29 9
28 9
27 9
28 9
27 9
28 9
28 10
28 11
29 11
29 10
29 11
29 12
28 12
28 11
28 12
29 12
30 12
30 11
30 10
30 11
29 11
28 11
28 12
27 12
28 12
28 11
28 12
28 11
28 12
27 12
27 13
27 12
28 12
29 12
28 12
28 13
28 14
27 14
26 14
27 14
27 13
28 13
28 12
28 13
28 14
27 14
28 14
27 14
26 14
27 14
28 14
28 13
28 14
28 13
29 13
29 14
30 14
30 13
30 14
31 14
32 14
31 14
30 14
30 13
29 13
29 14
30 14
29 14
28 14
29 14
29 15
30 15
31 15
31 16
31 15
31 14
30 14
30 15
30 16
30 17
29 17
29 18
30 18
29 18
29 17
29 18
29 19
28 19
28 20
27 20
26 20
26 21
25 21
26 21
27 21
28 21
28 22
28 21
28 20
28 19
28 20
27 20
27 19
26 19
26 20
27 20
27 19
27 18
26 18
25 18
25 17
25 18
25 19
25 18
26 18
27 18
27 19
26 19
25 19
24 19
25 19
24 19
23 19
23 20
23 19
23 18
22 18
21 18
21 17
21 18
22 18
21 18
21 17
20 17
20 18
20 19
20 18
21 18
20 18
20 19
19 19
19 20
19 21
20 21
20 22
20 21
20 20
21 20
21 21
21 22
21 21
21 20
21 21
20 21
20 20
20 19
20 18
21 18
21 19
22 19
22 18
23 18
24 18
25 18
25 19
25 20
26 20
27 20
28 20
28 21
28 20
29 20
29 19
29 18
29 17
29 16
30 16
31 16
32 16
32 17
31 17
31 18
31 19
31 18
31 19
32 19
32 20
33 20
34 20
33 20
33 19
33 20
33 21
34 21
34 20
34 19
34 18
35 18
35 19
36 19
35 19
36 19
35 19
35 20
34 20
33 20
33 19
32 19
31 19
31 18
31 17
31 18
32 18
32 17
31 17
31 18
31 17
32 17
32 18
32 19
32 20
32 21
31 21
31 22
31 23
31 24
31 23
30 23
31 23
31 22
31 21
31 20
31 21
30 21
29 21
30 21
29 21
29 22
30 22
30 23
30 24
29 24
30 24
30 23
30 22
29 22
29 21
28 21
28 20
29 20
29 21
29 22
28 22
29 22
29 23
28 23
28 24
27 24
27 25
26 25
26 26
25 26
24 26
25 26
25 27
25 26
24 26
25 26
24 26
23 26
23 27
23 26
23 25
23 24
23 23
23 24
23 23
24 23
24 22
24 21
23 21
23 22
22 22
22 21
22 22
22 21
21 21
21 22
21 21
20 21
20 22
19 22
19 23
19 22
20 22
20 23
20 22
21 22
21 21
22 21
23 21
24 21
23 21
22 21
21 21
20 21
20 20
20 21
19 21
19 20
20 20
20 21
20 22
20 21
19 21
18 21
18 22
19 22
20 22
20 21
20 20
20 19
19 19
18 19
18 18
19 18
20 18
19 18
20 18
20 19
20 18
20 17
20 16
21 16
22 16
23 16
22 16
22 15
22 16
22 17
23 17
22 17
23 17
23 16
23 15
22 15
21 15
21 16
20 16
20 15
20 16
19 16
18 16
19 16
18 16
17 16
16 16
16 17
16 16
17 16
18 16
18 15
18 16
19 16
20 16
20 15
20 16
19 16
20 16
20 17
21 17
21 18
20 18
21 18
21 19
21 18
22 18
21 18
22 18
22 19
22 20
22 21
22 20
22 21
23 21
23 22
24 22
24 23
24 22
24 23
24 22
23 22
23 21
22 21
22 20
23 20
24 20
24 19
23 19
24 19
25 19
25 20
24 20
24 19
24 20
23 20
23 19
22 19
22 18
23 18
22 18
22 19
23 19
22 19
22 20
22 19
22 18
22 19
23 19
23 18
23 19
23 18
24 18
23 18
23 19
23 18
23 19
23 18
24 18
25 18
25 19
25 18
25 19
26 19
26 18
27 18
27 19
28 19
28 18
28 17
28 18
28 19
29 19
29 18
30 18
31 18
31 19
31 18
30 18
31 18
31 17
31 18
30 18
29 18
30 18
30 19
31 19
32 19
32 18
33 18
32 18
33 18
34 18
34 17
35 17
34 17
35 17
35 16
35 17
36 17
36 18
37 18
37 17
38 17
39 17
39 18
39 19
38 19
38 18
39 18
39 17
40 17
40 16
40 15
41 15
41 16
