0 0
0 1
0 0
0 1
0 0
1 0
1 1
0 1
0 2
0 1
1 1
2 1
2 0
2 1
3 1
3 2
3 1
4 1
5 1
5 0
5 1
6 1
6 0
5 0
6 0
6 1
5 1
6 1
6 2
5 2
5 1
5 2
5 3
5 2
4 2
4 1
3 1
3 0
2 0
3 0
4 0
5 0
5 1
4 1
4 0
4 1
4 0
5 0
5 1
5 0
4 0
4 1
4 2
4 1
5 1
4 1
4 2
4 3
4 2
3 2
2 2
3 2
4 2
4 1
5 1
5 0
5 1
5 2
6 2
7 2
7 3
8 3
9 3
8 3
7 3
7 2
7 3
8 3
7 3
8 3
8 4
7 4
7 5
7 4
8 4
8 5
9 5
9 6
9 7
9 6
8 6
9 6
9 5
9 6
8 6
7 6
6 6
6 5
6 6
5 6
6 6
6 5
6 4
6 5
7 5
7 4
6 4
5 4
5 5
5 4
5 3
6 3
5 3
6 3
6 4
5 4
6 4
5 4
4 4
4 3
5 3
5 2
5 1
6 1
6 0
7 0
8 0
8 1
9 1
10 1
9 1
10 1
10 2
9 2
8 2
8 1
7 1
7 0
8 0
8 1
8 0
8 1
9 1
8 1
8 0
9 0
9 1
9 0
9 1
10 1
10 2
9 2
8 2
7 2
8 2
8 3
8 2
9 2
9 1
9 0
10 0
11 0
11 1
11 0
11 1
11 2
10 2
9 2
9 3
8 3
9 3
10 3
10 2
10 3
10 4
9 4
9 5
9 6
8 6
9 6
9 7
9 6
9 7
10 7
11 7
10 7
10 8
10 9
10 8
10 7
10 6
11 6
11 5
11 6
10 6
10 7
11 7
12 7
11 7
11 6
12 6
13 6
14 6
14 7
15 7
15 8
16 8
15 8
15 9
15 10
14 10
15 10
14 10
14 11
15 11
16 11
17 11
16 11
17 11
17 10
17 11
17 10
16 10
17 10
17 11
16 11
16 12
15 12
15 13
16 13
16 12
17 12
17 13
16 13
15 13
15 14
15 15
15 14
15 15
15 16
14 16
13 16
13 15
14 15
15 15
16 15
15 15
14 15
13 15
12 15
13 15
13 16
14 16
14 17
14 18
14 17
15 17
15 18
16 18
15 18
15 19
16 19
17 19
18 19
18 20
18 21
18 22
18 23
19 23
20 23
20 24
20 25
20 26
20 27
21 27
21 26
20 26
21 26
21 27
20 27
20 28
20 27
19 27
19 26
19 27
19 26
20 26
19 26
20 26
19 26
19 27
18 27
19 27
18 27
18 26
19 26
20 26
19 26
18 26
17 26
16 26
15 26
15 27
16 27
16 26
15 26
16 26
16 27
15 27
15 28
15 27
14 27
14 28
15 28
16 28
16 29
16 30
15 30
15 31
16 31
16 30
15 30
15 31
15 32
16 32
15 32
16 32
15 32
15 31
15 32
15 33
15 34
14 34
14 35
15 35
15 34
15 33
15 34
15 35
15 34
15 33
16 33
17 33
18 33
18 34
18 33
18 32
18 33
17 33
16 33
17 33
17 34
18 34
18 33
19 33
20 33
21 33
20 33
21 33
21 32
21 33
21 32
21 31
21 30
22 30
22 31
22 30
22 31
21 31
22 31
21 31
22 31
23 31
23 32
23 33
22 33
22 34
23 34
22 34
21 34
21 35
22 35
23 35
23 34
23 35
24 35
24 36
24 35
24 34
24 35
24 36
24 35
23 35
23 36
23 37
23 38
23 37
23 38
23 37
24 37
24 38
25 38
26 38
26 37
25 37
25 36
25 35
25 36
25 37
24 37
24 38
23 38
24 38
24 39
24 40
24 39
23 39
23 38
23 39
23 40
23 39
22 39
21 39
20 39
20 38
20 39
19 39
18 39
18 40
18 39
19 39
18 39
19 39
20 39
19 39
19 38
19 39
20 39
20 40
21 40
20 40
20 39
20 38
20 37
21 37
21 36
21 35
22 35
22 34
22 35
22 34
23 34
22 34
21 34
22 34
21 34
22 34
23 34
23 33
22 33
22 32
22 33
22 32
23 32
22 32
22 31
21 31
21 30
21 31
20 31
19 31
18 31
19 31
19 30
19 29
18 29
18 28
17 28
17 27
16 27
17 27
17 28
18 28
17 28
16 28
16 29
15 29
14 29
15 29
16 29
16 28
16 29
16 30
16 29
17 29
16 29
16 30
16 31
16 30
16 31
16 30
16 29
16 28
17 28
17 27
18 27
17 27
17 28
16 28
17 28
17 27
16 27
16 28
15 28
15 29
15 30
16 30
17 30
17 31
17 32
18 32
17 32
18 32
19 32
19 33
18 33
19 33
19 34
18 34
17 34
17 33
16 33
15 33
14 33
14 34
15 34
16 34
16 33
16 34
15 34
16 34
16 35
15 35
16 35
15 35
15 36
15 35
14 35
15 35
16 35
16 34
16 33
15 33
15 32
16 32
15 32
15 31
15 32
14 32
13 32
14 32
14 31
13 31
13 30
12 30
13 30
13 29
12 29
12 28
13 28
12 28
12 27
12 26
13 26
13 25
13 24
13 23
12 23
11 23
10 23
9 23
9 22
9 23
9 22
10 22
10 21
10 20
10 21
11 21
11 20
12 20
12 21
12 22
11 22
12 22
12 21
13 21
13 22
14 22
15 22
16 22
15 22
16 22
16 21
16 22
17 22
18 22
18 23
19 23
19 24
18 24
17 24
16 24
16 25
16 26
16 27
16 26
15 26
16 26
16 27
16 28
16 29
16 28
16 29
16 30
15 30
14 30
14 29
13 29
13 30
13 29
14 29
13 29
14 29
15 29
16 29
16 28
16 27
16 26
16 25
15 25
14 25
14 26
15 26
15 27
16 27
15 27
14 27
13 27
14 27
14 28
15 28
14 28
14 29
15 29
16 29
16 28
16 29
17 29
17 28
17 27
18 27
19 27
18 27
18 28
18 29
18 28
18 27
19 27
18 27
18 26
18 25
18 24
18 25
17 25
17 26
17 25
18 25
18 26
18 25
17 25
16 25
17 25
18 25
17 25
16 25
16 24
15 24
15 25
16 25
17 25
17 26
18 26
17 26
17 25
17 26
17 27
16 27
16 28
17 28
17 29
17 30
17 31
18 31
17 31
18 31
19 31
19 32
19 31
18 31
19 31
19 32
19 31
20 31
20 32
19 32
18 32
19 32
19 33
20 33
19 33
19 34
20 34
20 35
21 35
22 35
21 35
21 36
21 35
21 36
20 36
20 37
21 37
21 36
20 36
19 36
19 37
19 38
18 38
18 37
17 37
17 36
17 35
16 35
16 36
15 36
16 36
17 36
16 36
17 36
17 35
16 35
15 35
15 34
14 34
13 34
14 34
14 35
15 35
15 34
16 34
16 33
17 33
17 32
16 32
16 33
15 33
14 33
14 34
13 34
13 33
13 34
12 34
13 34
13 35
13 36
14 36
14 37
13 37
14 37
14 36
14 35
15 35
15 36
15 37
15 36
16 36
16 35
16 36
17 36
17 35
18 35
19 35
18 35
19 35
19 36
18 36
18 37
17 37
17 38
16 38
16 37
17 37
17 38
18 38
17 38
17 39
17 38
16 38
16 39
16 38
16 37
16 38
15 38
16 38
17 38
16 38
16 37
16 36
16 35
16 34
16 33
15 33
16 33
16 34
17 34
17 35
17 34
16 34
16 33
16 32
17 32
17 31
17 30
17 31
17 30
17 29
17 28
17 29
17 30
16 30
16 29
16 30
17 30
18 30
18 29
18 30
17 30
16 30
16 31
16 30
17 30
18 30
19 30
20 30
20 31
20 32
19 32
19 31
18 31
18 32
18 33
18 34
19 34
18 34
17 34
17 33
17 32
17 33
16 33
17 33
17 32
16 32
17 32
17 31
17 30
18 30
18 31
19 31
19 30
18 30
18 31
17 31
18 31
19 31
19 30
19 31
20 31
19 31
18 31
18 30
19 30
19 29
19 30
19 29
18 29
19 29
20 29
21 29
22 29
22 28
22 27
21 27
20 27
20 26
19 26
20 26
21 26
20 26
21 26
20 26
19 26
18 26
18 25
19 25
19 24
19 25
18 25
18 26
18 27
18 28
19 28
19 29
19 30
19 29
18 29
19 29
20 29
20 28
20 29
20 30
21 30
20 30
19 30
19 29
18 29
18 28
19 28
19 27
19 26
19 25
18 25
19 25
19 24
19 23
19 22
19 21
18 21
17 21
17 20
17 19
17 18
18 18
18 17
18 18
18 17
19 17
19 16
19 15
19 16
19 15
19 14
19 13
19 14
18 14
18 15
17 15
18 15
18 16
17 16
18 16
19 16
19 17
19 16
19 15
19 16
18 16
19 16
19 17
20 17
21 17
21 16
21 15
21 16
20 16
19 16
19 17
18 17
17 17
17 16
18 16
19 16
18 16
18 15
18 14
19 14
20 14
21 14
20 14
21 14
