0 0
1 0
2 0
1 0
1 1
2 1
2 0
2 1
2 0
3 0
3 1
3 0
4 0
4 1
3 1
2 1
2 2
1 2
0 2
0 1
1 1
2 1
2 2
1 2
1 1
2 1
1 1
1 0
1 1
0 1
1 1
1 0
1 1
2 1
2 2
2 1
1 1
1 2
2 2
2 3
2 2
1 2
1 1
1 2
2 2
3 2
3 3
2 3
2 2
1 2
2 2
1 2
1 3
0 3
1 3
1 4
1 5
1 4
2 4
3 4
3 3
3 2
3 1
2 1
1 1
2 1
3 1
4 1
5 1
6 1
5 1
4 1
5 1
5 2
6 2
5 2
5 3
6 3
6 2
6 1
5 1
5 0
4 0
3 0
3 1
3 2
3 1
3 2
4 2
3 2
2 2
1 2
1 1
0 1
0 0
0 1
1 1
1 2
1 1
1 0
1 1
0 1
0 0
0 1
1 1
0 1
1 1
1 2
1 1
1 0
1 1
0 1
1 1
2 1
1 1
0 1
1 1
0 1
1 1
1 0
0 0
0 1
1 1
1 2
1 1
0 1
1 1
0 1
1 1
2 1
3 1
4 1
5 1
4 1
4 0
4 1
4 0
5 0
5 1
5 0
4 0
5 0
6 0
6 1
6 2
6 3
5 3
6 3
6 4
7 4
6 4
5 4
6 4
6 5
5 5
5 6
4 6
4 7
4 8
4 9
4 10
4 11
4 12
5 12
6 12
5 12
5 13
6 13
6 12
7 12
6 12
6 11
6 10
5 10
5 11
5 10
4 10
4 9
4 10
3 10
2 10
2 9
2 10
1 10
2 10
2 11
2 12
2 11
1 11
0 11
0 10
0 11
1 11
1 10
0 10
1 10
1 11
2 11
2 12
3 12
4 12
3 12
3 11
4 11
4 12
3 12
4 12
3 12
3 13
2 13
2 12
1 12
2 12
2 11
2 12
2 13
3 13
4 13
4 14
3 14
4 14
3 14
3 13
3 12
3 13
3 12
3 11
4 11
4 12
4 13
4 14
5 14
6 14
6 13
6 12
6 11
6 10
6 11
6 10
6 9
7 9
7 10
7 9
8 9
8 8
8 9
7 9
8 9
8 8
8 9
9 9
8 9
8 10
7 10
7 9
8 9
8 8
8 7
7 7
6 7
6 6
5 6
5 5
5 4
6 4
6 5
6 6
7 6
7 5
7 4
7 5
8 5
9 5
9 6
9 5
8 5
9 5
9 4
9 5
9 6
9 7
9 8
9 9
9 8
8 8
9 8
10 8
11 8
11 9
11 8
10 8
9 8
9 7
9 8
10 8
11 8
11 9
10 9
10 8
11 8
11 9
11 8
12 8
11 8
10 8
11 8
11 7
12 7
11 7
10 7
11 7
11 8
12 8
12 9
12 8
12 9
12 8
12 7
11 7
11 6
12 6
11 6
11 7
12 7
11 7
11 8
11 9
11 8
11 7
11 6
12 6
11 6
10 6
10 5
11 5
11 6
11 5
12 5
13 5
14 5
14 4
13 4
12 4
11 4
11 5
11 6
11 5
10 5
10 6
10 5
11 5
11 4
10 4
10 3
11 3
11 4
12 4
11 4
11 5
12 5
13 5
13 4
12 4
12 3
12 2
11 2
11 1
10 1
10 0
10 1
10 0
11 0
11 1
11 2
12 2
13 2
14 2
15 2
14 2
13 2
13 1
13 0
13 1
13 0
12 0
11 0
11 1
12 1
12 2
12 1
12 2
13 2
13 3
13 2
12 2
13 2
12 2
11 2
11 3
11 4
12 4
12 5
12 6
12 5
13 5
13 6
13 5
13 6
12 6
13 6
13 7
14 7
14 8
14 7
14 8
14 9
14 8
13 8
12 8
12 9
11 9
11 10
10 10
10 11
10 12
11 12
12 12
12 13
13 13
14 13
15 13
14 13
13 13
12 13
12 14
12 15
12 16
11 16
10 16
9 16
9 17
9 16
9 17
9 18
8 18
8 17
9 17
9 18
8 18
8 19
9 19
8 19
8 20
9 20
8 20
9 20
9 21
9 20
9 19
9 18
9 19
10 19
10 20
9 20
8 20
8 21
8 20
8 21
8 22
8 21
8 22
9 22
10 22
9 22
10 22
10 23
10 22
11 22
11 21
11 20
11 19
10 19
10 18
10 19
10 18
10 19
9 19
9 18
10 18
10 19
10 20
10 21
10 22
10 23
11 23
10 23
9 23
9 24
8 24
8 23
9 23
10 23
9 23
8 23
8 24
7 24
6 24
5 24
5 25
5 24
5 25
5 24
5 25
6 25
6 26
6 27
7 27
6 27
6 26
5 26
5 25
4 25
5 25
5 26
4 26
4 27
4 28
3 28
4 28
4 29
3 29
4 29
4 30
5 30
5 29
6 29
7 29
7 30
6 30
6 31
7 31
8 31
7 31
8 31
9 31
9 30
9 29
10 29
10 30
10 31
9 31
9 30
9 31
10 31
10 30
10 29
10 28
10 27
9 27
8 27
8 26
8 25
9 25
9 24
8 24
8 25
9 25
9 26
8 26
8 25
8 26
8 25
9 25
8 25
8 26
8 27
8 28
9 28
8 28
7 28
6 28
5 28
4 28
5 28
5 27
5 26
4 26
5 26
5 25
4 25
4 24
4 25
5 25
5 24
5 23
4 23
4 22
4 23
4 24
3 24
3 23
3 24
3 25
4 25
4 26
3 26
4 26
4 25
5 25
4 25
4 26
3 26
3 27
4 27
3 27
3 28
3 29
4 29
4 30
4 31
5 31
5 30
4 30
3 30
4 30
5 30
5 31
4 31
5 31
5 32
6 32
7 32
7 33
7 32
7 33
7 34
6 34
5 34
5 33
5 32
6 32
7 32
7 31
8 31
8 32
7 32
8 32
7 32
7 31
6 31
6 32
5 32
5 33
4 33
4 34
4 33
4 34
3 34
4 34
3 34
3 35
2 35
1 35
1 36
1 37
1 36
1 35
1 36
2 36
1 36
2 36
2 37
3 37
2 37
1 37
0 37
0 36
0 35
0 36
1 36
2 36
1 36
1 37
1 38
0 38
0 37
0 36
1 36
1 37
2 37
1 37
1 38
1 39
1 38
2 38
3 38
2 38
1 38
1 39
1 38
0 38
0 37
1 37
1 36
1 35
2 35
1 35
0 35
1 35
1 36
1 35
1 36
2 36
2 35
2 34
2 35
2 34
3 34
2 34
1 34
1 35
2 35
2 34
2 33
1 33
1 34
2 34
1 34
2 34
1 34
0 34
0 35
0 34
0 33
1 33
1 34
1 33
1 34
1 35
1 34
2 34
2 35
2 36
3 36
2 36
2 37
2 38
3 38
2 38
2 39
1 39
2 39
3 39
3 40
3 41
3 42
4 42
4 41
4 40
3 40
3 39
3 40
3 41
3 42
3 43
2 43
2 44
3 44
4 44
4 45
4 44
3 44
2 44
1 44
2 44
3 44
2 44
2 45
1 45
1 46
0 46
0 47
0 48
1 48
0 48
1 48
1 49
2 49
1 49
1 50
1 49
0 49
0 48
0 49
0 50
1 50
2 50
1 50
2 50
2 49
2 48
2 47
2 48
2 47
2 48
2 47
1 47
1 46
1 45
2 45
1 45
0 45
0 44
0 45
1 45
0 45
0 46
1 46
0 46
1 46
0 46
0 47
1 47
1 46
1 47
1 46
0 46
1 46
2 46
2 45
2 46
3 46
3 45
2 45
2 46
2 45
3 45
3 46
3 45
4 45
4 44
5 44
5 43
4 43
4 44
5 44
5 43
5 44
5 45
5 44
5 43
6 43
5 43
5 44
4 44
5 44
5 43
5 42
6 42
5 42
4 42
3 42
3 41
3 40
3 41
3 42
3 41
3 42
4 42
4 43
5 43
4 43
4 42
4 43
3 43
2 43
2 42
1 42
2 42
3 42
3 41
3 40
3 39
3 40
3 39
4 39
4 40
4 41
3 41
3 42
3 43
3 42
4 42
4 41
4 42
3 42
3 41
2 41
1 41
0 41
1 41
2 41
3 41
3 42
2 42
2 41
1 41
1 40
0 40
1 40
1 39
2 39
1 39
2 39
3 39
3 38
3 37
4 37
5 37
4 37
3 37
4 37
4 36
4 37
3 37
4 37
4 36
4 35
4 36
4 35
3 35
2 35
2 36
3 36
3 35
3 34
4 34
4 35
5 35
4 35
4 36
4 35
4 36
5 36
4 36
4 37
4 38
4 39
3 39
3 38
4 38
5 38
4 38
3 38
4 38
4 39
3 39
3 40
3 39
3 40
3 39
2 39
3 39
3 40
3 39
3 38
2 38
1 38
0 38
0 37
0 38
0 37
1 37
0 37
1 37
2 37
3 37
3 36
4 36
3 36
4 36
4 35
3 35
2 35
3 35
4 35
3 35
2 35
3 35
2 35
1 35
1 36
1 35
0 35
1 35
0 35
0 34
1 34
1 35
1 36
