0 0
1 0
1 1
1 0
1 1
2 1
3 1
3 0
4 0
4 1
4 0
4 1
5 1
6 1
6 2
7 2
8 2
9 2
9 3
10 3
9 3
9 2
9 3
9 4
8 4
7 4
7 3
7 4
7 3
8 3
8 4
8 3
8 2
8 1
8 0
7 0
6 0
5 0
4 0
5 0
5 1
6 1
7 1
8 1
8 0
9 0
9 1
8 1
7 1
7 0
6 0
6 1
7 1
7 0
7 1
8 1
8 0
8 1
7 1
8 1
7 1
8 1
8 0
9 0
9 1
8 1
8 0
9 0
10 0
9 0
8 0
8 1
8 0
8 1
9 1
9 2
8 2
7 2
7 1
7 2
7 1
7 2
8 2
9 2
9 3
9 2
8 2
9 2
10 2
9 2
10 2
10 3
11 3
11 4
11 3
10 3
11 3
11 2
11 3
10 3
11 3
11 4
10 4
9 4
10 4
9 4
9 3
9 2
8 2
7 2
8 2
8 1
8 2
8 1
9 1
9 0
9 1
10 1
10 0
10 1
9 1
10 1
10 0
10 1
9 1
9 0
8 0
8 1
9 1
9 2
9 1
9 0
9 1
9 2
10 2
10 1
10 0
10 1
11 1
11 0
11 1
12 1
12 0
13 0
13 1
12 1
12 2
11 2
11 1
12 1
11 1
10 1
11 1
11 0
12 0
13 0
13 1
12 1
12 0
12 1
13 1
14 1
14 2
14 3
14 4
14 5
14 4
14 3
13 3
14 3
14 4
14 3
14 2
14 3
13 3
13 4
14 4
15 4
14 4
14 5
14 6
14 5
14 6
15 6
15 5
15 6
15 5
15 4
15 3
16 3
15 3
15 4
14 4
15 4
14 4
13 4
14 4
14 5
13 5
13 6
13 5
13 6
13 7
13 8
12 8
12 7
11 7
11 6
11 7
10 7
11 7
11 6
11 7
11 6
12 6
12 5
12 4
13 4
14 4
14 3
15 3
16 3
17 3
16 3
16 4
17 4
17 5
17 4
17 5
17 6
17 7
17 6
16 6
16 7
16 8
16 9
16 8
16 9
16 10
15 10
14 10
15 10
15 11
15 12
15 13
16 13
16 14
16 13
17 13
17 14
16 14
16 15
16 16
17 16
17 15
16 15
17 15
16 15
16 16
17 16
17 17
18 17
19 17
18 17
18 18
17 18
17 17
18 17
18 16
19 16
18 16
17 16
18 16
18 17
18 16
17 16
16 16
15 16
16 16
16 15
16 16
16 15
16 14
16 13
15 13
15 12
14 12
14 13
13 13
13 14
13 15
12 15
11 15
12 15
12 14
12 15
12 16
12 15
12 14
12 13
11 13
11 12
10 12
11 12
12 12
12 11
11 11
11 10
12 10
12 11
13 11
13 12
13 13
14 13
13 13
12 13
12 12
11 12
10 12
11 12
11 11
11 10
11 9
10 9
11 9
11 8
11 9
10 9
11 9
11 10
10 10
10 9
9 9
9 10
8 10
8 11
7 11
8 11
9 11
10 11
10 12
10 11
10 10
9 10
8 10
8 9
9 9
10 9
10 10
11 10
11 11
10 11
11 11
11 10
12 10
13 10
13 11
13 12
12 12
12 13
12 14
11 14
12 14
13 14
12 14
12 13
11 13
11 12
10 12
9 12
10 12
11 12
11 11
11 12
10 12
10 11
9 11
9 12
10 12
10 13
10 14
11 14
10 14
9 14
9 15
8 15
8 16
9 16
8 16
9 16
10 16
10 15
11 15
11 16
11 15
11 16
12 16
13 16
13 15
13 14
13 13
13 14
12 14
11 14
11 15
11 14
11 15
11 16
11 17
12 17
12 16
12 17
11 17
11 16
11 17
10 17
10 18
11 18
10 18
10 17
10 16
9 16
9 17
9 16
9 15
9 16
9 17
8 17
8 16
7 16
8 16
7 16
7 15
7 14
7 13
8 13
8 14
8 15
8 14
7 14
8 14
8 15
8 16
8 17
8 18
9 18
9 19
9 18
8 18
9 18
8 18
8 17
8 16
8 15
7 15
6 15
7 15
7 14
6 14
6 15
6 16
5 16
6 16
6 17
6 18
7 18
8 18
8 17
8 18
8 17
9 17
9 16
10 16
11 16
10 16
10 15
10 14
10 13
10 12
10 13
11 13
11 14
10 14
11 14
10 14
9 14
8 14
9 14
8 14
9 14
8 14
8 13
8 14
8 15
8 14
8 13
8 12
9 12
8 12
8 13
8 14
8 13
8 12
9 12
9 13
9 12
9 13
9 12
10 12
10 11
9 11
10 11
11 11
11 12
11 11
11 10
10 10
9 10
9 9
9 10
8 10
8 11
7 11
8 11
8 10
8 9
7 9
7 8
7 7
6 7
7 7
8 7
9 7
9 8
9 9
9 8
10 8
10 7
9 7
9 8
8 8
8 9
7 9
8 9
7 9
6 9
7 9
8 9
9 9
8 9
9 9
10 9
9 9
8 9
8 10
9 10
9 11
9 12
8 12
9 12
9 11
8 11
7 11
8 11
8 10
7 10
7 11
8 11
9 11
8 11
9 11
8 11
7 11
6 11
6 12
7 12
7 13
6 13
6 12
7 12
6 12
5 12
5 11
4 11
4 10
5 10
5 9
5 8
6 8
6 9
5 9
5 10
5 11
5 10
5 9
5 8
5 9
5 10
4 10
4 11
4 10
3 10
3 9
3 10
4 10
4 11
5 11
4 11
5 11
5 10
4 10
3 10
3 9
4 9
4 10
4 11
3 11
2 11
2 12
1 12
1 13
2 13
1 13
2 13
3 13
2 13
3 13
3 12
3 11
3 12
4 12
4 11
5 11
4 11
5 11
4 11
4 12
3 12
3 11
3 12
3 13
3 14
3 15
3 16
3 17
3 16
3 15
4 15
4 16
5 16
5 17
5 18
5 19
4 19
4 18
4 17
3 17
3 18
3 19
4 19
4 20
3 20
3 19
3 20
2 20
2 21
2 22
1 22
1 23
1 22
0 22
1 22
1 23
0 23
0 22
0 23
1 23
1 24
1 25
1 26
2 26
1 26
1 27
1 28
2 28
2 27
3 27
3 26
4 26
3 26
2 26
1 26
2 26
1 26
1 25
1 26
1 27
1 26
1 25
0 25
0 24
0 25
0 26
0 27
1 27
1 28
1 29
0 29
0 30
1 30
0 30
1 30
1 31
0 31
0 30
0 31
0 30
1 30
2 30
2 31
1 31
2 31
2 32
2 33
1 33
0 33
0 32
1 32
1 31
0 31
0 30
0 31
1 31
1 32
2 32
2 33
2 34
2 35
3 35
3 34
3 35
4 35
4 34
4 35
3 35
2 35
1 35
0 35
1 35
1 34
0 34
0 35
0 34
1 34
2 34
1 34
2 34
2 33
2 34
3 34
3 33
3 34
2 34
1 34
1 35
1 34
1 33
0 33
1 33
2 33
2 34
2 33
2 32
1 32
1 33
1 34
1 35
0 35
1 35
0 35
1 35
2 35
2 34
3 34
3 33
3 32
3 31
3 30
3 31
3 32
3 33
3 32
4 32
4 33
4 32
4 33
4 32
4 31
5 31
5 32
4 32
5 32
6 32
6 33
5 33
5 34
5 35
5 36
5 35
4 35
3 35
3 34
4 34
3 34
2 34
2 35
2 36
1 36
0 36
1 36
0 36
0 35
0 36
0 35
1 35
1 34
1 33
1 32
1 31
2 31
2 30
3 30
3 29
2 29
2 30
3 30
3 29
3 28
2 28
1 28
1 29
0 29
1 29
0 29
1 29
1 30
1 29
1 28
1 27
2 27
2 26
2 27
3 27
4 27
4 28
3 28
3 27
3 26
3 27
3 28
2 28
3 28
2 28
2 29
1 29
2 29
2 28
3 28
4 28
5 28
5 29
4 29
4 28
4 27
4 26
3 26
3 25
3 26
4 26
5 26
6 26
7 26
7 27
8 27
7 27
7 28
7 27
7 26
7 27
8 27
8 26
9 26
9 25
9 26
10 26
9 26
10 26
9 26
9 25
8 25
7 25
7 24
7 23
6 23
5 23
6 23
6 24
6 23
6 22
5 22
5 23
6 23
5 23
5 24
4 24
5 24
5 25
4 25
3 25
4 25
4 24
5 24
6 24
6 25
6 24
6 25
7 25
7 24
6 24
6 25
7 25
8 25
8 26
8 27
9 27
10 27
10 26
9 26
9 27
9 28
10 28
10 29
10 28
10 29
11 29
10 29
11 29
12 29
12 30
13 30
12 30
13 30
14 30
13 30
13 31
13 32
12 32
12 33
12 32
11 32
11 33
12 33
13 33
12 33
12 34
12 33
13 33
13 34
14 34
14 35
14 34
14 33
13 33
13 32
14 32
15 32
15 31
16 31
16 32
17 32
18 32
18 31
18 30
18 29
18 28
18 27
18 26
18 25
18 26
18 27
18 26
17 26
16 26
15 26
14 26
14 27
13 27
14 27
14 28
13 28
