0 0
1 0
1 1
1 2
1 3
1 2
1 3
2 3
2 2
2 3
1 3
1 4
1 5
1 6
2 6
2 5
2 6
2 5
2 4
2 5
2 6
1 6
1 7
2 7
3 7
4 7
5 7
4 7
3 7
2 7
2 6
2 7
2 6
1 6
2 6
1 6
0 6
0 7
0 8
1 8
1 9
0 9
1 9
0 9
0 8
1 8
0 8
0 7
0 8
1 8
1 7
0 7
0 8
1 8
0 8
1 8
1 7
1 6
2 6
2 5
2 4
2 3
2 4
3 4
4 4
4 3
5 3
6 3
5 3
5 4
5 5
5 4
6 4
6 3
6 2
6 3
6 4
6 5
5 5
5 4
4 4
5 4
6 4
6 3
6 2
6 3
5 3
4 3
3 3
4 3
5 3
6 3
6 2
5 2
5 3
6 3
5 3
4 3
4 4
4 5
5 5
6 5
6 4
6 3
5 3
5 2
4 2
4 1
5 1
5 0
6 0
6 1
7 1
7 0
7 1
7 2
7 1
8 1
9 1
10 1
11 1
12 1
11 1
11 2
11 3
10 3
9 3
9 2
10 2
11 2
11 3
12 3
11 3
12 3
12 4
12 5
12 4
13 4
12 4
11 4
12 4
12 5
13 5
13 4
13 5
13 4
13 5
13 6
13 7
14 7
15 7
16 7
16 6
16 5
17 5
16 5
17 5
18 5
18 6
19 6
20 6
20 7
21 7
20 7
20 8
20 7
21 7
22 7
23 7
23 6
24 6
24 5
23 5
24 5
25 5
25 4
24 4
23 4
23 3
23 4
22 4
23 4
22 4
22 3
22 4
22 5
22 4
23 4
24 4
25 4
25 3
25 2
26 2
25 2
26 2
25 2
26 2
25 2
26 2
25 2
26 2
25 2
25 1
26 1
27 1
28 1
28 0
28 1
28 2
29 2
28 2
27 2
27 1
27 0
26 0
25 0
25 1
25 0
24 0
23 0
23 1
23 2
24 2
25 2
25 3
25 2
26 2
26 1
26 0
26 1
26 2
25 2
25 1
26 1
25 1
25 2
26 2
26 1
26 2
26 1
27 1
26 1
26 0
26 1
27 1
27 2
27 3
26 3
26 4
25 4
24 4
25 4
24 4
24 5
23 5
24 5
24 6
23 6
23 7
23 8
23 9
24 9
25 9
25 10
26 10
25 10
25 9
26 9
26 10
25 10
26 10
27 10
28 10
28 9
28 8
28 9
27 9
26 9
26 8
25 8
25 9
25 10
26 10
27 10
27 9
26 9
26 8
27 8
26 8
26 9
26 10
27 10
27 9
26 9
26 10
27 10
27 11
27 10
28 10
29 10
30 10
29 10
28 10
29 10
29 9
28 9
28 10
28 9
29 9
28 9
28 10
27 10
27 9
27 10
28 10
28 11
27 11
27 10
27 11
28 11
27 11
27 10
27 9
27 8
27 9
28 9
28 8
29 8
28 8
27 8
28 8
29 8
29 9
30 9
29 9
29 10
28 10
29 10
29 9
28 9
29 9
30 9
31 9
31 8
31 9
31 10
31 9
32 9
32 10
32 11
33 11
33 12
33 11
32 11
33 11
32 11
32 12
31 12
32 12
33 12
34 12
33 12
33 13
33 14
33 15
34 15
34 16
35 16
34 16
33 16
33 15
34 15
33 15
33 14
33 15
33 14
33 15
32 15
32 14
32 15
31 15
31 14
31 15
32 15
32 16
32 15
32 16
31 16
31 17
32 17
32 18
31 18
31 19
32 19
31 19
30 19
30 20
30 19
30 20
30 19
30 18
30 19
30 18
31 18
31 19
30 19
29 19
30 19
31 19
31 20
31 21
32 21
33 21
32 21
31 21
31 22
31 23
31 22
30 22
30 23
30 22
30 23
30 22
30 21
30 22
29 22
28 22
28 21
27 21
26 21
27 21
27 22
27 21
27 20
28 20
28 19
29 19
29 18
30 18
30 17
30 16
31 16
31 15
30 15
29 15
29 14
30 14
29 14
29 15
29 16
29 15
29 16
28 16
28 15
28 16
28 17
28 18
28 17
28 16
28 15
28 14
28 15
27 15
26 15
25 15
25 14
24 14
24 15
23 15
24 15
24 14
25 14
26 14
25 14
24 14
24 15
23 15
23 16
23 15
23 14
22 14
23 14
23 13
23 14
24 14
23 14
23 13
23 12
24 12
24 13
25 13
25 12
26 12
25 12
25 13
26 13
26 14
27 14
26 14
25 14
26 14
26 15
27 15
27 14
27 15
28 15
28 16
29 16
30 16
30 15
29 15
29 16
29 15
29 16
29 15
28 15
29 15
28 15
28 14
29 14
30 14
30 13
31 13
32 13
31 13
30 13
29 13
30 13
30 12
29 12
29 11
29 12
29 11
29 10
30 10
29 10
29 9
30 9
30 8
29 8
28 8
28 7
27 7
27 8
28 8
28 9
28 10
27 10
27 9
28 9
28 10
28 11
27 11
27 10
27 11
26 11
25 11
24 11
24 12
23 12
23 13
22 13
21 13
21 12
21 11
21 10
21 9
21 8
21 9
21 10
21 11
22 11
23 11
23 12
23 13
24 13
24 14
23 14
22 14
22 13
21 13
21 12
21 13
21 12
21 13
20 13
20 12
20 11
20 12
19 12
19 13
19 12
19 13
18 13
18 14
18 13
17 13
16 13
17 13
16 13
17 13
17 12
17 11
18 11
18 10
19 10
20 10
20 9
20 10
21 10
22 10
21 10
20 10
20 11
20 10
20 9
20 10
19 10
20 10
20 9
20 10
20 9
20 8
20 7
19 7
19 8
19 9
20 9
20 8
19 8
18 8
19 8
19 7
19 8
18 8
17 8
16 8
16 7
17 7
17 6
18 6
18 7
18 6
18 5
18 6
18 7
17 7
16 7
17 7
17 8
17 7
16 7
16 6
16 5
17 5
17 4
18 4
19 4
20 4
21 4
21 3
20 3
20 4
19 4
18 4
18 3
18 2
18 3
18 2
18 3
17 3
18 3
17 3
18 3
17 3
17 4
18 4
17 4
18 4
19 4
19 3
19 4
19 5
19 6
18 6
17 6
17 5
16 5
16 6
15 6
16 6
17 6
17 5
18 5
18 4
18 3
18 2
19 2
19 3
19 2
19 3
18 3
18 4
17 4
17 3
17 2
17 1
18 1
18 2
19 2
19 3
20 3
20 4
19 4
19 3
18 3
18 4
17 4
18 4
19 4
19 3
18 3
19 3
18 3
17 3
16 3
16 2
16 1
16 2
16 1
15 1
15 0
15 1
15 2
15 3
15 4
14 4
14 3
13 3
14 3
14 4
13 4
12 4
11 4
12 4
12 3
13 3
12 3
12 2
12 1
12 2
13 2
12 2
12 3
13 3
13 4
13 3
12 3
12 4
12 5
12 6
12 7
12 8
12 7
11 7
11 6
11 5
10 5
9 5
8 5
8 4
7 4
6 4
6 3
6 4
7 4
6 4
6 3
7 3
6 3
6 2
5 2
5 3
6 3
7 3
6 3
7 3
7 2
7 1
7 2
7 3
7 2
8 2
9 2
8 2
7 2
8 2
9 2
9 1
9 2
9 1
10 1
9 1
9 0
8 0
8 1
8 0
8 1
7 1
7 0
7 1
7 2
7 3
7 2
7 3
8 3
9 3
10 3
10 2
10 1
11 1
11 2
11 3
10 3
11 3
12 3
12 4
12 3
11 3
10 3
11 3
12 3
13 3
13 2
13 1
14 1
13 1
14 1
15 1
14 1
14 2
14 1
14 0
13 0
13 1
13 0
13 1
13 0
13 1
13 2
12 2
11 2
10 2
10 3
9 3
8 3
9 3
9 4
9 3
9 2
8 2
9 2
10 2
9 2
9 3
9 2
8 2
9 2
9 1
9 2
8 2
8 3
8 2
9 2
9 1
9 0
9 1
8 1
7 1
8 1
9 1
10 1
9 1
8 1
7 1
6 1
6 0
6 1
5 1
5 2
5 1
5 2
5 3
5 2
4 2
4 1
4 0
4 1
4 0
4 1
4 2
4 1
3 1
2 1
1 1
2 1
2 0
2 1
2 0
2 1
1 1
1 0
1 1
1 2
0 2
0 1
0 0
1 0
0 0
1 0
1 1
0 1
1 1
0 1
0 2
1 2
0 2
0 3
1 3
2 3
2 2
2 1
2 2
2 3
3 3
2 3
2 2
1 2
2 2
3 2
3 3
3 4
4 4
3 4
3 3
3 4
3 5
3 4
2 4
1 4
1 5
2 5
3 5
4 5
4 4
3 4
3 5
3 6
3 5
4 5
3 5
4 5
4 6
4 5
4 4
4 3
5 3
5 4
6 4
7 4
7 3
7 2
6 2
5 2
4 2
3 2
3 3
4 3
5 3
4 3
4 4
4 3
4 2
4 3
4 4
4 5
5 5
5 6
4 6
5 6
5 5
5 4
6 4
6 3
7 3
7 4
7 3
7 4
7 5
6 5
