0 0
0 1
0 0
1 0
1 1
0 1
1 1
2 1
1 1
1 0
0 0
0 1
0 0
0 1
0 2
0 1
0 0
0 1
0 0
1 0
1 1
1 0
1 1
1 2
0 2
1 2
0 2
0 1
1 1
1 2
1 1
1 2
0 2
0 3
0 2
0 1
0 2
1 2
1 1
0 1
0 0
0 1
1 1
1 0
0 0
0 1
1 1
1 2
0 2
1 2
1 3
2 3
1 3
1 2
1 3
2 3
1 3
0 3
1 3
1 4
0 4
1 4
2 4
3 4
4 4
5 4
4 4
4 5
3 5
2 5
2 4
1 4
2 4
2 3
1 3
0 3
1 3
0 3
0 4
0 5
0 4
0 3
1 3
0 3
1 3
0 3
1 3
1 4
1 3
1 2
1 3
0 3
1 3
1 2
0 2
0 3
1 3
1 2
2 2
3 2
4 2
3 2
4 2
3 2
4 2
4 3
4 4
5 4
4 4
5 4
4 4
3 4
3 3
3 2
4 2
4 1
5 1
5 2
6 2
5 2
6 2
5 2
6 2
7 2
6 2
6 3
6 2
6 3
6 2
7 2
7 3
7 2
7 3
7 4
8 4
8 5
9 5
9 6
9 7
8 7
8 8
7 8
6 8
5 8
5 9
5 8
5 7
4 7
3 7
4 7
3 7
3 6
2 6
3 6
2 6
2 7
2 6
2 5
2 6
1 6
0 6
1 6
1 5
2 5
1 5
1 4
1 5
1 4
2 4
1 4
1 5
1 6
0 6
1 6
1 7
1 8
1 9
1 8
2 8
2 7
2 8
2 9
3 9
3 10
3 9
2 9
2 10
1 10
1 11
1 12
1 13
2 13
2 14
2 15
2 14
1 14
1 15
0 15
1 15
1 16
2 16
3 16
2 16
3 16
3 15
3 16
3 15
3 16
3 15
3 14
3 13
3 14
3 13
2 13
2 14
2 15
2 16
2 15
3 15
3 16
3 15
3 14
2 14
2 15
2 14
2 13
3 13
3 14
3 13
4 13
3 13
4 13
4 14
4 13
5 13
6 13
5 13
4 13
4 12
3 12
4 12
3 12
3 11
3 10
3 11
2 11
1 11
1 10
0 10
0 9
1 9
1 8
1 7
0 7
0 6
0 5
1 5
1 4
1 5
1 4
2 4
3 4
4 4
4 5
4 6
4 5
4 4
4 3
3 3
4 3
5 3
5 4
6 4
5 4
5 5
5 4
5 5
4 5
5 5
4 5
5 5
6 5
7 5
8 5
8 4
7 4
8 4
8 3
8 2
8 3
7 3
8 3
8 4
9 4
8 4
9 4
8 4
7 4
7 5
7 4
7 5
8 5
8 4
8 3
9 3
9 2
10 2
11 2
11 3
12 3
11 3
11 4
11 3
10 3
9 3
10 3
10 4
10 5
10 6
10 7
10 6
11 6
10 6
10 7
10 8
10 9
10 10
11 10
12 10
12 9
12 8
11 8
11 9
10 9
9 9
8 9
9 9
9 10
9 9
9 8
9 7
9 6
9 7
9 6
9 5
10 5
10 4
10 3
10 2
11 2
11 1
10 1
9 1
9 0
9 1
10 1
11 1
10 1
10 0
9 0
9 1
9 0
9 1
10 1
10 0
9 0
8 0
9 0
9 1
10 1
11 1
11 2
10 2
9 2
10 2
10 1
11 1
11 2
12 2
12 1
13 1
13 2
12 2
11 2
11 3
11 2
10 2
10 1
9 1
10 1
11 1
10 1
10 2
9 2
10 2
10 3
10 2
10 3
10 4
10 5
11 5
11 6
11 7
11 8
11 9
11 8
10 8
10 9
10 8
10 9
9 9
10 9
11 9
12 9
12 10
12 9
11 9
12 9
13 9
14 9
14 8
13 8
14 8
13 8
12 8
12 9
12 10
13 10
13 9
13 10
13 9
13 8
12 8
11 8
12 8
13 8
13 7
13 8
13 7
13 8
12 8
12 9
11 9
11 8
10 8
10 7
10 8
9 8
9 9
8 9
8 10
8 11
8 10
8 9
9 9
10 9
9 9
9 10
8 10
8 11
8 10
9 10
10 10
10 9
9 9
10 9
9 9
9 10
9 11
9 12
8 12
8 13
9 13
9 12
10 12
11 12
11 13
11 12
10 12
10 11
10 10
11 10
11 11
10 11
10 12
10 11
10 10
9 10
9 9
10 9
10 10
9 10
8 10
8 11
9 11
8 11
9 11
10 11
9 11
8 11
9 11
9 12
9 13
9 12
10 12
10 13
10 12
11 12
12 12
11 12
11 11
12 11
12 10
13 10
14 10
14 11
13 11
13 10
13 9
13 10
12 10
12 9
12 10
11 10
11 9
11 10
12 10
11 10
12 10
11 10
12 10
13 10
13 9
13 10
13 11
13 12
13 13
14 13
14 14
14 15
15 15
14 15
15 15
16 15
16 14
16 15
15 15
16 15
15 15
15 14
15 13
15 12
14 12
14 13
13 13
13 12
13 13
14 13
14 14
14 15
14 14
15 14
15 13
15 12
16 12
16 11
15 11
15 10
16 10
17 10
16 10
16 11
16 12
16 13
17 13
17 14
18 14
18 13
19 13
20 13
19 13
20 13
20 12
20 11
21 11
21 12
20 12
19 12
20 12
20 11
21 11
21 10
22 10
22 9
23 9
23 8
23 9
24 9
24 10
24 11
25 11
26 11
27 11
27 10
26 10
26 9
26 8
25 8
26 8
27 8
27 9
27 8
26 8
25 8
24 8
25 8
26 8
26 7
26 6
26 7
25 7
26 7
26 8
26 9
27 9
27 10
26 10
27 10
27 11
27 12
27 13
28 13
29 13
28 13
27 13
27 12
26 12
25 12
25 11
25 12
24 12
24 11
25 11
26 11
26 12
27 12
26 12
26 11
25 11
25 10
25 11
25 12
25 13
26 13
26 12
26 13
26 14
26 15
26 14
26 13
26 14
26 15
25 15
25 16
26 16
26 15
27 15
27 16
26 16
26 15
27 15
28 15
28 14
28 15
27 15
28 15
28 14
29 14
30 14
30 15
30 16
30 15
31 15
30 15
29 15
30 15
30 16
31 16
30 16
30 15
30 14
30 15
30 14
30 15
30 16
30 17
30 18
29 18
28 18
28 17
28 18
27 18
27 17
27 16
27 15
27 14
26 14
26 13
25 13
25 14
25 13
26 13
25 13
24 13
25 13
24 13
24 12
25 12
26 12
27 12
28 12
28 13
28 14
27 14
26 14
26 13
27 13
27 14
27 15
28 15
28 16
28 17
27 17
27 18
26 18
26 19
26 20
26 19
26 18
27 18
27 19
27 20
26 20
26 21
26 20
27 20
27 21
26 21
25 21
25 20
25 21
25 22
25 23
25 22
26 22
26 21
27 21
26 21
25 21
25 22
24 22
25 22
25 23
25 24
24 24
24 25
24 24
24 23
25 23
26 23
27 23
27 22
28 22
28 21
28 22
28 21
28 20
27 20
27 21
27 22
28 22
29 22
30 22
30 23
29 23
28 23
29 23
29 22
29 21
29 20
28 20
28 21
27 21
27 20
27 19
28 19
28 18
27 18
28 18
27 18
27 19
27 20
28 20
28 21
28 20
27 20
26 20
25 20
26 20
25 20
24 20
23 20
22 20
22 21
22 20
22 21
22 22
22 21
23 21
23 20
22 20
22 21
21 21
21 22
21 23
21 22
22 22
23 22
23 23
24 23
25 23
25 22
24 22
24 21
24 20
23 20
23 19
23 20
24 20
24 19
23 19
22 19
22 18
21 18
20 18
19 18
18 18
19 18
19 19
19 18
20 18
21 18
22 18
21 18
21 17
20 17
21 17
22 17
21 17
22 17
21 17
21 18
21 17
21 18
22 18
22 17
22 18
23 18
22 18
22 19
22 20
22 21
22 20
21 20
21 21
20 21
19 21
19 20
19 21
19 22
18 22
19 22
18 22
18 23
18 24
18 23
17 23
18 23
19 23
19 24
19 25
19 26
19 27
19 28
18 28
19 28
20 28
19 28
20 28
21 28
21 27
21 26
20 26
20 27
20 28
19 28
19 29
19 30
19 31
19 32
19 33
19 32
19 33
18 33
17 33
17 34
17 33
17 34
17 33
16 33
15 33
14 33
14 34
15 34
15 33
14 33
13 33
14 33
14 34
14 35
15 35
14 35
13 35
12 35
12 34
13 34
13 35
12 35
13 35
14 35
13 35
12 35
13 35
13 36
14 36
14 35
14 36
14 35
14 36
15 36
16 36
16 37
16 36
16 37
16 36
15 36
14 36
15 36
14 36
14 37
13 37
14 37
13 37
14 37
13 37
13 38
13 37
12 37
12 38
13 38
14 38
15 38
15 39
15 38
15 39
15 40
15 41
16 41
16 42
15 42
14 42
15 42
14 42
15 42
14 42
14 41
14 40
14 39
13 39
14 39
13 39
13 40
14 40
14 39
14 40
14 41
14 40
15 40
15 41
14 41
