0 0
0 1
0 2
1 2
0 2
0 3
1 3
0 3
1 3
0 3
1 3
2 3
2 4
2 5
2 4
3 4
2 4
3 4
2 4
2 3
2 2
1 2
0 2
1 2
1 3
1 2
0 2
0 3
0 2
1 2
0 2
0 1
0 0
1 0
1 1
1 2
1 3
1 2
0 2
1 2
2 2
3 2
4 2
4 3
4 2
4 1
5 1
5 2
4 2
4 3
4 4
3 4
3 5
3 6
3 5
3 4
3 3
2 3
2 2
1 2
1 3
1 4
0 4
0 5
0 6
1 6
1 7
1 8
0 8
1 8
0 8
0 7
0 6
1 6
1 7
2 7
2 8
2 9
1 9
0 9
1 9
1 10
0 10
0 9
0 8
1 8
1 7
1 8
2 8
2 9
1 9
1 8
0 8
1 8
0 8
0 9
0 10
0 9
1 9
2 9
3 9
3 8
3 7
3 8
2 8
3 8
2 8
2 9
2 10
2 9
1 9
0 9
0 10
0 11
0 12
0 11
1 11
1 12
1 13
2 13
1 13
1 12
1 11
2 11
2 10
2 11
2 12
3 12
3 11
3 12
3 13
4 13
3 13
2 13
2 12
1 12
2 12
2 11
2 12
1 12
2 12
2 13
2 12
3 12
3 11
3 12
3 13
2 13
1 13
1 12
0 12
1 12
2 12
3 12
2 12
2 13
2 14
2 15
2 14
2 15
3 15
2 15
3 15
4 15
4 14
4 15
4 14
3 14
3 15
3 16
2 16
2 15
1 15
1 14
0 14
0 13
0 12
0 11
0 10
1 10
0 10
1 10
2 10
2 11
2 10
3 10
2 10
3 10
3 11
3 10
2 10
2 9
2 10
2 9
2 8
2 9
1 9
2 9
1 9
0 9
1 9
1 8
2 8
2 7
1 7
1 6
0 6
0 5
0 6
0 7
0 6
0 7
1 7
1 6
1 5
1 4
1 5
0 5
1 5
0 5
1 5
2 5
3 5
3 4
3 3
2 3
1 3
1 4
1 5
1 4
0 4
0 3
0 2
0 1
1 1
1 2
0 2
1 2
0 2
0 3
1 3
2 3
2 2
2 3
3 3
2 3
2 2
3 2
4 2
5 2
5 3
4 3
3 3
4 3
4 2
5 2
4 2
4 3
3 3
3 2
4 2
4 3
4 2
4 3
4 2
4 1
5 1
6 1
7 1
7 0
6 0
5 0
4 0
5 0
6 0
6 1
7 1
6 1
6 2
5 2
5 1
5 0
5 1
6 1
6 0
6 1
5 1
5 2
6 2
6 3
7 3
8 3
8 2
8 1
8 0
8 1
8 2
8 1
8 2
8 1
9 1
9 0
10 0
10 1
10 2
10 1
9 1
8 1
8 2
7 2
8 2
8 3
8 4
9 4
8 4
7 4
7 3
6 3
5 3
6 3
7 3
8 3
8 2
8 1
8 2
7 2
7 3
8 3
9 3
9 2
10 2
11 2
10 2
11 2
11 3
12 3
12 2
12 3
12 2
13 2
13 3
13 2
13 1
13 2
14 2
14 1
15 1
15 2
15 1
14 1
15 1
14 1
14 2
13 2
13 1
12 1
12 0
12 1
12 0
12 1
12 2
11 2
11 1
10 1
10 2
9 2
9 1
10 1
9 1
9 2
8 2
8 3
8 4
8 5
7 5
8 5
8 6
8 7
9 7
9 8
10 8
11 8
11 9
12 9
11 9
10 9
10 10
11 10
11 9
11 10
10 10
11 10
11 11
11 10
11 9
12 9
12 8
12 9
13 9
13 10
14 10
14 9
15 9
15 8
15 7
16 7
16 6
17 6
17 7
17 6
17 5
17 4
16 4
16 5
16 4
16 5
16 6
16 5
16 4
15 4
15 5
15 6
14 6
14 7
14 6
13 6
13 5
13 4
12 4
13 4
14 4
15 4
16 4
17 4
17 3
16 3
15 3
15 4
16 4
17 4
16 4
16 3
16 4
17 4
16 4
16 3
16 4
17 4
17 5
16 5
16 4
17 4
17 3
18 3
19 3
19 4
19 5
20 5
19 5
19 4
18 4
18 5
19 5
18 5
17 5
17 4
17 3
17 4
17 5
18 5
17 5
18 5
18 6
18 7
18 6
18 5
18 6
17 6
17 5
16 5
17 5
16 5
15 5
15 6
14 6
13 6
13 7
12 7
11 7
12 7
12 6
13 6
12 6
11 6
11 7
11 6
12 6
11 6
10 6
9 6
10 6
11 6
12 6
11 6
12 6
13 6
12 6
12 7
12 8
12 7
11 7
11 8
11 7
11 6
10 6
9 6
9 7
8 7
8 8
9 8
9 9
10 9
11 9
10 9
10 8
10 7
9 7
10 7
11 7
10 7
9 7
8 7
8 8
8 7
8 6
7 6
8 6
8 7
8 6
9 6
8 6
7 6
7 7
7 6
6 6
7 6
8 6
8 5
7 5
7 4
7 5
7 6
7 7
7 6
6 6
5 6
4 6
4 5
4 4
4 3
4 4
3 4
4 4
4 3
4 4
3 4
3 5
4 5
4 4
4 5
5 5
5 4
5 5
5 6
5 5
4 5
5 5
6 5
6 6
6 5
6 6
7 6
7 7
8 7
8 6
9 6
8 6
9 6
9 7
9 6
8 6
8 5
8 6
9 6
9 5
10 5
11 5
10 5
9 5
9 4
9 5
8 5
8 6
7 6
8 6
9 6
8 6
9 6
9 7
10 7
10 6
11 6
10 6
9 6
9 7
10 7
11 7
12 7
11 7
10 7
10 8
11 8
10 8
10 9
9 9
10 9
9 9
8 9
9 9
10 9
11 9
10 9
10 8
10 9
10 10
11 10
10 10
11 10
10 10
10 11
9 11
9 10
9 11
9 12
10 12
10 13
9 13
9 12
10 12
10 13
9 13
10 13
10 12
10 11
9 11
9 12
10 12
10 11
11 11
10 11
10 12
10 13
9 13
10 13
9 13
9 14
9 15
9 16
9 15
9 16
9 15
10 15
9 15
10 15
10 16
10 17
9 17
10 17
11 17
11 18
12 18
13 18
14 18
14 17
13 17
12 17
12 18
12 17
12 16
13 16
13 17
13 16
13 15
13 14
13 15
14 15
15 15
15 14
16 14
16 13
16 12
16 13
15 13
14 13
14 12
13 12
12 12
13 12
14 12
14 11
15 11
15 10
15 11
15 12
15 11
15 10
14 10
15 10
15 9
14 9
14 10
14 9
15 9
15 10
15 11
15 10
14 10
14 9
14 10
15 10
15 11
14 11
15 11
14 11
13 11
12 11
13 11
12 11
11 11
11 12
11 11
12 11
13 11
12 11
13 11
14 11
14 10
13 10
12 10
12 11
13 11
14 11
14 10
15 10
14 10
15 10
16 10
15 10
16 10
16 11
15 11
15 10
14 10
14 9
14 8
15 8
16 8
16 7
17 7
17 6
18 6
18 7
19 7
18 7
18 6
17 6
17 5
18 5
19 5
19 6
19 7
19 6
20 6
20 5
20 6
21 6
22 6
23 6
22 6
22 7
23 7
23 8
24 8
25 8
26 8
26 9
26 10
26 9
26 8
27 8
27 9
27 8
27 9
27 8
26 8
27 8
28 8
28 9
28 10
29 10
30 10
30 9
30 10
29 10
29 11
30 11
31 11
31 12
32 12
31 12
32 12
32 11
32 10
33 10
33 9
32 9
33 9
32 9
32 10
32 11
33 11
33 12
32 12
32 13
32 14
31 14
32 14
32 15
32 16
31 16
30 16
29 16
29 15
30 15
31 15
30 15
30 14
30 15
29 15
29 14
29 15
30 15
31 15
32 15
31 15
32 15
32 14
32 13
31 13
31 14
32 14
33 14
33 13
34 13
34 12
34 11
35 11
35 12
36 12
35 12
34 12
35 12
35 13
35 14
36 14
35 14
36 14
36 15
36 16
35 16
35 17
36 17
36 18
37 18
37 19
36 19
36 20
35 20
35 19
35 18
35 17
34 17
34 16
34 17
34 18
33 18
33 17
33 16
32 16
32 17
33 17
34 17
34 18
35 18
35 19
35 20
36 20
36 21
36 20
35 20
36 20
37 20
37 21
38 21
38 22
37 22
38 22
37 22
38 22
38 23
38 24
39 24
39 25
40 25
41 25
41 24
40 24
40 23
39 23
39 24
40 24
40 25
40 24
40 25
39 25
39 24
40 24
41 24
40 24
39 24
39 23
38 23
37 23
37 24
37 23
37 24
38 24
37 24
36 24
36 25
37 25
38 25
37 25
37 26
38 26
39 26
40 26
40 25
41 25
41 26
41 27
40 27
40 26
39 26
39 25
39 24
38 24
39 24
40 24
41 24
41 23
42 23
42 22
43 22
43 21
43 20
43 19
42 19
41 19
42 19
41 19
40 19
39 19
39 20
38 20
38 21
38 20
39 20
39 21
40 21
40 20
39 20
39 21
39 20
39 19
39 20
38 20
37 20
37 19
38 19
