0 0
0 1
0 0
0 1
0 0
0 1
0 2
1 2
0 2
1 2
1 1
1 2
0 2
0 1
1 1
1 0
0 0
0 1
1 1
2 1
3 1
4 1
4 2
5 2
5 1
6 1
6 2
7 2
7 1
7 0
7 1
7 0
8 0
8 1
8 0
9 0
8 0
8 1
7 1
7 2
7 3
6 3
6 4
6 3
5 3
5 4
5 5
4 5
3 5
3 4
4 4
3 4
2 4
3 4
4 4
4 5
4 6
4 7
4 8
4 7
4 8
3 8
4 8
4 7
5 7
4 7
4 8
4 7
4 8
5 8
4 8
5 8
5 7
5 8
6 8
6 7
6 6
6 7
6 6
7 6
6 6
5 6
5 5
6 5
7 5
8 5
9 5
10 5
10 4
10 3
10 4
10 3
10 4
11 4
12 4
12 5
11 5
11 6
10 6
9 6
8 6
8 5
8 4
7 4
6 4
6 3
7 3
8 3
8 2
8 3
8 4
8 5
7 5
8 5
9 5
9 4
8 4
8 5
7 5
8 5
8 6
8 5
7 5
6 5
6 4
7 4
8 4
8 3
8 2
8 1
8 0
8 1
9 1
9 2
9 1
10 1
10 2
11 2
10 2
11 2
10 2
11 2
11 1
11 0
11 1
11 0
11 1
11 2
12 2
12 1
12 0
12 1
12 0
12 1
11 1
11 0
12 0
11 0
12 0
12 1
11 1
11 2
10 2
9 2
9 3
9 4
10 4
10 5
10 4
10 5
9 5
9 4
9 5
8 5
8 6
7 6
7 7
8 7
7 7
7 8
6 8
5 8
5 9
6 9
5 9
6 9
7 9
8 9
8 8
9 8
9 9
8 9
9 9
9 8
8 8
8 9
9 9
9 8
9 7
10 7
9 7
9 8
10 8
9 8
9 7
9 8
8 8
8 9
8 10
9 10
9 11
9 10
9 11
9 12
8 12
8 11
9 11
8 11
8 10
8 9
9 9
9 10
8 10
8 9
7 9
6 9
5 9
4 9
5 9
5 8
5 7
6 7
6 8
6 9
6 8
5 8
4 8
4 9
4 10
4 9
3 9
4 9
3 9
2 9
1 9
0 9
1 9
1 8
0 8
1 8
2 8
3 8
3 7
3 6
3 5
3 4
3 5
2 5
2 6
1 6
1 5
0 5
0 6
1 6
1 5
0 5
0 4
0 5
1 5
0 5
1 5
2 5
3 5
4 5
4 4
3 4
4 4
5 4
5 3
5 2
5 1
4 1
5 1
4 1
3 1
3 2
3 1
3 0
3 1
2 1
2 0
2 1
2 2
2 3
3 3
4 3
5 3
6 3
7 3
7 4
6 4
7 4
8 4
7 4
7 5
7 6
7 5
7 6
7 5
7 6
8 6
9 6
8 6
8 5
7 5
6 5
5 5
6 5
5 5
6 5
6 6
7 6
6 6
5 6
5 5
6 5
5 5
5 6
5 5
5 4
5 3
4 3
5 3
6 3
6 2
6 3
7 3
7 4
6 4
6 3
5 3
6 3
6 2
6 1
6 2
6 1
6 0
6 1
6 2
6 3
6 2
5 2
5 3
4 3
4 2
4 3
5 3
5 4
4 4
5 4
6 4
6 3
5 3
6 3
6 4
6 3
5 3
6 3
6 4
7 4
6 4
6 3
5 3
5 2
6 2
6 3
6 2
6 1
6 0
6 1
6 2
7 2
7 1
6 1
6 2
6 3
6 4
5 4
6 4
5 4
6 4
6 3
7 3
8 3
9 3
10 3
9 3
8 3
9 3
9 4
8 4
8 3
9 3
9 4
9 3
9 2
9 1
9 2
8 2
8 3
8 4
8 3
9 3
9 2
9 3
10 3
9 3
8 3
7 3
6 3
7 3
7 4
6 4
7 4
7 5
7 4
6 4
6 5
5 5
5 6
5 5
5 6
5 7
6 7
7 7
6 7
5 7
5 6
6 6
5 6
4 6
5 6
4 6
3 6
3 5
2 5
2 6
2 5
2 6
1 6
0 6
1 6
2 6
1 6
1 5
0 5
0 4
1 4
0 4
1 4
0 4
0 5
1 5
1 4
1 3
2 3
2 2
1 2
2 2
1 2
2 2
2 1
3 1
3 2
4 2
3 2
3 3
3 2
2 2
3 2
3 1
2 1
2 0
2 1
2 2
2 1
2 0
2 1
2 2
2 3
1 3
1 4
2 4
1 4
0 4
0 3
0 4
0 3
1 3
2 3
2 2
1 2
0 2
1 2
0 2
1 2
1 1
2 1
1 1
0 1
1 1
1 0
0 0
0 1
0 2
0 3
0 2
1 2
1 1
1 2
1 1
2 1
1 1
1 0
2 0
2 1
2 0
2 1
2 2
2 1
2 0
2 1
2 2
1 2
2 2
2 3
3 3
2 3
3 3
2 3
3 3
2 3
1 3
1 2
1 1
2 1
1 1
2 1
2 0
2 1
3 1
3 0
3 1
2 1
2 2
1 2
1 3
1 2
2 2
3 2
4 2
4 1
4 0
4 1
5 1
6 1
6 2
7 2
7 3
7 2
8 2
8 1
9 1
9 2
8 2
9 2
9 3
9 4
8 4
9 4
9 5
10 5
9 5
9 6
9 7
9 6
9 7
10 7
10 8
10 9
11 9
11 8
11 9
11 8
11 7
10 7
10 8
10 7
10 6
10 5
10 6
10 5
10 6
11 6
10 6
10 5
11 5
11 6
10 6
10 7
10 6
10 5
11 5
11 6
11 7
11 6
11 7
12 7
13 7
13 8
14 8
15 8
16 8
16 9
16 10
16 11
15 11
15 10
14 10
13 10
13 11
12 11
12 12
11 12
11 11
12 11
12 10
11 10
11 9
11 10
12 10
13 10
13 11
13 12
12 12
12 11
13 11
12 11
12 10
12 11
13 11
14 11
14 12
15 12
14 12
14 13
14 12
14 13
14 12
14 11
14 12
13 12
14 12
15 12
16 12
16 13
15 13
15 14
16 14
17 14
17 15
17 16
16 16
16 15
15 15
14 15
15 15
14 15
15 15
15 16
15 17
16 17
15 17
14 17
14 18
14 17
15 17
16 17
16 18
16 17
17 17
17 18
17 17
17 18
17 17
16 17
16 16
15 16
15 17
14 17
15 17
14 17
14 16
13 16
13 17
14 17
14 16
14 17
15 17
16 17
16 16
16 17
16 16
16 17
16 18
16 19
16 18
16 19
15 19
15 18
15 17
16 17
16 18
16 19
17 19
17 18
17 17
18 17
17 17
17 16
17 15
16 15
15 15
14 15
14 16
13 16
13 15
13 16
13 17
13 16
13 17
12 17
12 18
12 19
11 19
11 20
11 19
12 19
11 19
11 20
11 19
12 19
11 19
11 20
11 21
11 20
12 20
11 20
11 19
11 18
10 18
10 19
10 20
11 20
11 19
10 19
10 20
10 21
10 22
10 23
10 24
10 25
10 24
9 24
9 23
10 23
10 22
10 23
10 22
10 21
11 21
11 22
11 23
11 24
11 23
11 24
12 24
11 24
12 24
11 24
11 23
12 23
12 24
13 24
12 24
12 25
12 26
12 27
12 28
12 27
13 27
13 26
13 27
13 28
13 29
12 29
12 30
12 29
12 28
12 29
13 29
13 30
14 30
13 30
13 31
13 30
12 30
13 30
13 31
14 31
15 31
15 32
16 32
16 33
16 34
17 34
17 35
16 35
15 35
14 35
14 36
13 36
13 35
14 35
15 35
15 36
15 37
16 37
16 38
16 39
17 39
17 38
18 38
18 37
18 36
18 35
18 34
17 34
16 34
15 34
15 33
15 34
15 35
15 34
14 34
14 35
15 35
16 35
16 34
15 34
14 34
13 34
14 34
13 34
14 34
15 34
15 35
15 36
16 36
16 35
16 34
17 34
18 34
17 34
16 34
15 34
15 33
15 34
15 35
14 35
13 35
13 34
13 33
13 32
13 31
14 31
14 32
14 33
13 33
14 33
14 32
14 33
13 33
12 33
13 33
13 32
12 32
11 32
11 33
12 33
12 34
11 34
12 34
12 35
12 34
12 35
11 35
11 34
11 35
11 36
11 35
12 35
13 35
14 35
14 34
15 34
15 35
15 34
14 34
15 34
15 35
14 35
14 36
13 36
13 37
14 37
14 36
15 36
14 36
14 37
15 37
14 37
13 37
14 37
13 37
13 38
13 37
12 37
13 37
13 36
12 36
12 37
12 38
11 38
10 38
11 38
12 38
11 38
11 37
11 38
11 37
10 37
9 37
9 36
9 35
9 36
8 36
7 36
7 35
8 35
9 35
9 34
8 34
8 33
7 33
6 33
6 34
7 34
8 34
7 34
7 35
6 35
6 34
6 33
6 34
5 34
5 33
4 33
3 33
4 33
4 34
3 34
3 35
3 36
3 35
3 34
2 34
1 34
0 34
1 34
1 33
1 32
1 33
1 34
1 35
2 35
3 35
3 34
3 33
3 34
