0 0
1 0
2 0
2 1
2 2
3 2
3 1
4 1
4 0
3 0
3 1
4 1
4 2
4 3
3 3
3 2
4 2
4 1
3 1
3 2
3 1
2 1
1 1
2 1
1 1
0 1
0 0
1 0
0 0
1 0
1 1
1 2
1 3
1 4
1 3
0 3
0 4
0 5
0 4
0 3
0 4
0 3
1 3
0 3
0 4
0 3
1 3
0 3
0 4
0 5
0 4
1 4
0 4
0 5
1 5
1 4
1 3
1 2
2 2
3 2
2 2
1 2
1 3
0 3
1 3
2 3
3 3
3 4
3 3
4 3
5 3
6 3
7 3
8 3
8 4
8 5
8 4
9 4
9 3
10 3
9 3
9 4
8 4
9 4
10 4
10 3
11 3
11 4
11 5
10 5
10 6
11 6
12 6
13 6
13 5
13 4
13 3
13 2
12 2
12 3
12 2
12 1
12 2
11 2
11 3
12 3
13 3
14 3
15 3
14 3
14 2
13 2
12 2
12 3
13 3
13 4
13 3
13 4
14 4
13 4
12 4
13 4
12 4
11 4
12 4
12 5
12 4
12 3
13 3
12 3
13 3
12 3
11 3
11 2
12 2
13 2
13 3
12 3
11 3
11 4
10 4
10 5
11 5
10 5
10 6
10 7
10 8
9 8
9 7
10 7
9 7
10 7
11 7
12 7
13 7
13 8
13 9
12 9
13 9
13 10
13 11
13 12
13 13
13 12
13 11
13 10
12 10
13 10
12 10
11 10
10 10
11 10
12 10
11 10
11 11
12 11
12 12
12 13
12 14
12 13
12 12
12 11
12 10
13 10
12 10
12 9
12 8
12 7
11 7
12 7
12 8
11 8
11 7
11 8
10 8
11 8
11 7
11 8
11 7
11 6
11 5
11 6
11 5
12 5
12 6
11 6
10 6
10 7
10 6
10 5
10 4
11 4
11 5
11 4
12 4
11 4
11 3
12 3
12 4
13 4
13 3
13 2
13 3
13 2
13 3
14 3
15 3
16 3
15 3
16 3
16 4
17 4
16 4
16 5
17 5
17 4
16 4
16 3
17 3
17 2
17 3
17 4
18 4
19 4
20 4
19 4
18 4
18 3
19 3
18 3
18 4
19 4
20 4
20 5
21 5
21 6
22 6
21 6
20 6
21 6
22 6
21 6
20 6
20 5
21 5
20 5
20 4
19 4
19 5
19 6
20 6
21 6
20 6
21 6
21 5
21 4
21 3
21 2
20 2
20 3
21 3
21 2
20 2
20 1
19 1
19 2
19 1
19 2
19 1
18 1
18 0
18 1
18 2
19 2
19 1
19 2
19 3
20 3
21 3
22 3
22 4
23 4
23 3
24 3
23 3
23 2
24 2
24 3
24 4
25 4
25 5
25 4
25 3
26 3
27 3
26 3
26 2
26 3
25 3
25 2
25 3
25 2
25 3
24 3
24 4
24 5
24 4
24 5
25 5
26 5
27 5
27 4
27 5
27 4
26 4
26 5
27 5
27 6
28 6
27 6
26 6
25 6
25 7
26 7
27 7
26 7
25 7
26 7
26 6
25 6
24 6
25 6
25 7
26 7
25 7
26 7
27 7
28 7
28 6
28 5
27 5
27 4
28 4
28 3
27 3
26 3
27 3
28 3
28 2
27 2
28 2
29 2
29 3
29 2
28 2
28 1
29 1
28 1
27 1
26 1
26 2
26 1
25 1
26 1
25 1
26 1
27 1
27 0
28 0
29 0
29 1
30 1
30 0
30 1
31 1
30 1
30 0
29 0
30 0
29 0
29 1
30 1
31 1
30 1
30 2
30 3
29 3
30 3
29 3
29 4
29 3
29 4
29 3
30 3
30 4
31 4
31 5
31 4
31 5
30 5
30 4
30 5
31 5
31 6
31 7
31 8
31 7
31 8
30 8
29 8
29 7
30 7
30 6
30 5
30 4
30 5
29 5
29 6
29 7
28 7
28 8
28 7
28 6
27 6
27 5
28 5
28 4
28 5
28 6
28 7
28 6
28 7
28 8
29 8
30 8
30 9
31 9
32 9
31 9
31 10
31 11
32 11
31 11
31 12
30 12
30 13
30 14
30 15
30 16
30 15
31 15
31 16
32 16
33 16
33 15
34 15
34 14
34 15
34 16
34 17
33 17
32 17
32 16
31 16
31 17
31 16
30 16
31 16
31 17
30 17
29 17
29 18
28 18
29 18
30 18
30 19
30 20
29 20
29 21
29 22
29 21
29 22
30 22
30 23
29 23
29 24
29 25
30 25
30 24
29 24
29 23
29 24
30 24
31 24
31 25
30 25
31 25
30 25
31 25
31 26
30 26
30 27
31 27
30 27
30 28
30 29
31 29
31 28
30 28
30 29
30 28
30 29
30 30
31 30
30 30
31 30
32 30
33 30
34 30
34 31
34 32
33 32
33 33
34 33
34 34
34 35
33 35
33 36
34 36
34 35
34 36
33 36
34 36
34 35
34 36
33 36
33 35
34 35
34 34
33 34
34 34
34 35
33 35
32 35
32 34
32 35
32 36
31 36
32 36
32 35
32 36
32 35
31 35
30 35
30 36
29 36
30 36
30 37
30 38
30 37
29 37
29 36
29 35
29 34
29 35
28 35
29 35
29 36
28 36
29 36
29 35
29 36
30 36
29 36
29 35
29 34
28 34
27 34
27 33
28 33
29 33
30 33
30 32
30 31
31 31
31 32
32 32
33 32
34 32
35 32
35 31
35 32
35 33
35 32
36 32
36 31
35 31
36 31
35 31
36 31
37 31
37 30
37 29
36 29
36 28
37 28
37 29
38 29
38 28
37 28
37 29
37 28
36 28
36 27
36 26
37 26
37 27
37 28
37 29
36 29
36 28
35 28
36 28
36 27
36 26
37 26
38 26
37 26
37 25
37 26
37 27
37 28
37 29
37 28
36 28
35 28
35 29
35 28
35 29
34 29
35 29
34 29
34 30
34 31
35 31
35 30
36 30
36 29
36 30
36 31
36 30
36 31
35 31
35 30
35 29
34 29
35 29
36 29
37 29
36 29
35 29
34 29
35 29
36 29
36 28
36 27
36 28
36 27
36 28
35 28
35 29
34 29
34 28
34 27
34 26
33 26
33 25
33 26
33 25
33 26
33 25
33 24
33 23
33 24
34 24
34 25
34 26
33 26
33 25
33 26
32 26
32 25
32 26
32 27
31 27
31 28
31 29
30 29
31 29
31 28
31 29
31 28
30 28
31 28
31 27
32 27
33 27
34 27
35 27
35 28
36 28
36 29
37 29
38 29
38 28
39 28
40 28
40 27
41 27
41 28
42 28
41 28
41 27
42 27
41 27
40 27
40 28
40 27
41 27
40 27
40 28
40 29
40 30
39 30
39 29
39 30
40 30
40 29
39 29
39 28
39 27
39 28
38 28
37 28
38 28
38 27
38 28
38 29
38 30
38 29
38 30
37 30
37 29
36 29
35 29
35 28
35 27
35 28
35 27
35 26
35 27
35 28
35 27
35 28
35 29
35 28
36 28
37 28
37 29
36 29
36 28
36 29
36 30
37 30
37 31
37 32
37 33
36 33
36 34
37 34
37 33
37 32
37 33
37 34
38 34
39 34
39 33
40 33
41 33
41 32
42 32
41 32
41 33
40 33
40 32
41 32
42 32
42 31
41 31
40 31
40 32
40 31
40 30
41 30
41 31
41 32
41 31
41 32
40 32
40 33
40 32
39 32
38 32
37 32
36 32
35 32
36 32
36 33
35 33
35 32
36 32
36 31
36 30
36 29
35 29
35 30
35 29
35 28
35 29
35 28
35 29
34 29
34 28
34 29
34 30
35 30
36 30
36 29
36 30
35 30
35 29
35 28
35 29
36 29
35 29
35 28
34 28
34 29
34 28
35 28
36 28
35 28
36 28
37 28
36 28
36 27
37 27
37 28
36 28
36 27
37 27
37 28
38 28
39 28
39 29
39 28
38 28
37 28
36 28
37 28
37 29
38 29
38 28
37 28
37 27
36 27
37 27
38 27
37 27
38 27
37 27
38 27
38 26
37 26
37 25
36 25
36 26
35 26
35 27
35 28
34 28
34 27
35 27
35 26
36 26
36 27
35 27
34 27
34 26
35 26
35 27
35 28
36 28
36 27
37 27
37 28
37 27
37 26
38 26
37 26
37 27
37 28
37 29
37 28
38 28
38 29
37 29
38 29
39 29
40 29
40 28
40 29
40 28
40 29
40 28
41 28
41 27
41 26
40 26
41 26
42 26
42 25
41 25
42 25
41 25
41 24
41 23
41 22
41 23
42 23
42 22
43 22
43 21
43 20
43 19
43 18
43 19
43 18
44 18
43 18
42 18
42 17
42 16
41 16
42 16
43 16
43 15
43 14
44 14
43 14
44 14
44 13
43 13
43 14
43 13
44 13
43 13
43 12
43 11
43 10
43 9
43 10
43 11
42 11
41 11
42 11
43 11
44 11
43 11
43 12
