0 0
0 1
1 1
1 0
0 0
1 0
0 0
1 0
2 0
3 0
4 0
4 1
5 1
5 0
5 1
4 1
4 2
4 3
4 4
3 4
2 4
1 4
1 3
1 2
1 1
1 2
1 3
0 3
0 4
1 4
2 4
1 4
1 5
2 5
2 6
2 7
1 7
2 7
3 7
3 6
4 6
4 5
4 6
4 7
5 7
5 6
5 7
6 7
7 7
7 6
7 5
6 5
7 5
7 4
7 3
7 2
8 2
8 1
7 1
7 2
7 1
6 1
5 1
4 1
3 1
4 1
4 2
4 1
4 2
4 3
4 4
5 4
4 4
3 4
4 4
4 5
4 4
3 4
3 5
2 5
2 6
3 6
2 6
1 6
0 6
1 6
1 7
1 6
2 6
2 5
1 5
1 4
2 4
2 3
1 3
0 3
0 4
1 4
2 4
2 5
2 4
2 5
3 5
3 6
3 5
3 4
3 5
2 5
1 5
1 4
0 4
0 3
0 4
1 4
2 4
3 4
3 3
3 2
2 2
2 3
2 4
2 3
2 4
2 5
2 6
3 6
2 6
2 7
2 8
2 9
3 9
4 9
4 8
4 7
4 6
3 6
3 5
3 4
2 4
1 4
0 4
0 5
0 6
0 5
1 5
1 4
0 4
1 4
1 3
1 4
1 5
1 4
2 4
2 3
2 4
3 4
4 4
5 4
4 4
3 4
3 3
4 3
4 2
4 3
4 2
4 3
4 2
4 1
4 0
4 1
3 1
2 1
1 1
2 1
3 1
4 1
4 2
5 2
4 2
3 2
2 2
1 2
2 2
2 3
1 3
0 3
0 2
0 3
1 3
1 2
2 2
2 3
1 3
0 3
0 2
1 2
2 2
2 1
1 1
2 1
2 0
2 1
2 0
2 1
2 2
1 2
1 3
0 3
1 3
1 4
2 4
2 3
2 2
2 3
2 4
2 5
1 5
1 4
0 4
1 4
0 4
0 3
1 3
0 3
0 2
0 1
0 2
1 2
1 3
1 2
0 2
1 2
0 2
0 3
0 4
0 3
0 2
0 3
1 3
2 3
2 2
2 3
2 4
3 4
3 5
4 5
5 5
5 6
6 6
5 6
5 5
6 5
7 5
7 6
6 6
6 7
5 7
6 7
6 6
5 6
4 6
5 6
6 6
6 5
6 6
6 5
6 6
6 5
6 4
5 4
5 3
4 3
4 2
4 3
5 3
5 2
5 1
4 1
3 1
3 0
2 0
1 0
1 1
1 0
1 1
1 0
1 1
1 0
0 0
0 1
1 1
0 1
1 1
0 1
0 2
0 3
1 3
1 4
0 4
1 4
2 4
1 4
2 4
1 4
2 4
2 5
2 6
2 7
1 7
1 8
2 8
3 8
4 8
3 8
4 8
3 8
4 8
3 8
4 8
5 8
6 8
6 7
6 6
5 6
6 6
6 5
7 5
8 5
8 4
7 4
7 3
7 2
6 2
6 1
6 2
7 2
8 2
8 3
8 4
7 4
8 4
8 3
8 2
8 3
8 2
8 1
7 1
7 0
7 1
6 1
6 0
6 1
7 1
6 1
6 0
6 1
6 2
7 2
8 2
8 3
8 4
8 5
8 6
9 6
9 5
8 5
8 6
9 6
10 6
10 7
10 6
10 7
9 7
10 7
10 8
10 9
10 8
10 9
10 8
9 8
10 8
10 9
11 9
11 8
12 8
12 7
12 6
11 6
12 6
13 6
14 6
15 6
16 6
15 6
15 7
15 8
15 7
15 8
14 8
15 8
15 7
15 8
16 8
17 8
16 8
16 9
17 9
17 10
16 10
16 11
17 11
17 10
17 11
17 10
18 10
17 10
16 10
16 9
16 8
16 9
16 8
17 8
17 9
17 8
16 8
16 7
16 6
16 7
16 6
16 7
16 8
17 8
16 8
16 7
15 7
14 7
14 8
15 8
15 9
16 9
17 9
17 10
16 10
16 11
17 11
16 11
16 10
16 11
17 11
16 11
16 12
15 12
15 13
15 14
15 13
15 14
15 15
16 15
17 15
17 16
18 16
18 17
17 17
17 18
17 17
17 16
17 17
16 17
16 18
16 19
16 18
15 18
15 17
16 17
15 17
15 18
16 18
16 19
16 18
15 18
15 19
15 20
16 20
16 19
16 20
17 20
17 19
17 20
17 19
18 19
17 19
16 19
17 19
17 18
16 18
15 18
14 18
14 19
14 18
14 17
13 17
13 16
12 16
12 17
12 18
13 18
14 18
15 18
15 17
14 17
15 17
15 18
15 17
16 17
16 18
16 19
15 19
14 19
14 18
15 18
15 17
16 17
15 17
16 17
16 18
16 19
17 19
17 20
18 20
17 20
16 20
17 20
17 21
17 22
17 21
17 20
17 21
16 21
16 20
16 19
16 20
16 19
16 20
16 19
17 19
16 19
15 19
16 19
15 19
15 20
15 21
14 21
14 20
14 21
14 22
14 21
14 20
15 20
15 21
14 21
15 21
14 21
15 21
15 20
16 20
17 20
17 19
16 19
16 18
16 19
15 19
16 19
17 19
16 19
15 19
15 18
15 17
14 17
14 16
13 16
14 16
15 16
14 16
14 17
14 16
14 15
13 15
13 16
12 16
12 15
12 16
13 16
12 16
11 16
12 16
13 16
12 16
13 16
14 16
14 17
13 17
14 17
13 17
14 17
14 16
14 17
15 17
16 17
16 16
17 16
18 16
18 17
17 17
17 18
17 19
17 20
17 21
17 20
17 21
16 21
16 22
15 22
15 23
15 22
14 22
14 21
15 21
15 20
14 20
14 21
15 21
16 21
16 20
17 20
17 19
16 19
16 18
15 18
14 18
14 17
14 18
14 17
14 18
13 18
12 18
12 19
13 19
12 19
12 18
12 19
13 19
12 19
12 20
13 20
13 19
13 18
14 18
15 18
15 19
15 20
15 21
15 20
14 20
15 20
16 20
16 19
16 18
16 19
15 19
16 19
15 19
15 18
15 17
15 16
15 17
14 17
14 18
14 17
15 17
15 16
15 17
15 16
15 17
15 18
16 18
16 19
16 18
17 18
17 17
18 17
18 18
17 18
17 17
17 18
18 18
18 19
17 19
17 20
17 19
17 20
18 20
18 21
19 21
20 21
21 21
21 20
20 20
19 20
19 21
18 21
18 22
18 21
17 21
18 21
19 21
20 21
20 20
20 21
19 21
18 21
18 22
19 22
19 21
20 21
19 21
18 21
19 21
19 20
20 20
20 19
21 19
21 20
20 20
20 19
20 18
20 17
20 16
20 17
19 17
19 16
19 15
19 16
19 15
20 15
21 15
21 16
22 16
22 17
22 16
23 16
23 15
24 15
25 15
24 15
25 15
25 16
26 16
27 16
26 16
27 16
26 16
26 17
26 18
27 18
27 17
27 16
28 16
27 16
27 17
27 16
27 15
27 16
27 15
28 15
28 16
28 15
28 14
28 13
27 13
27 12
28 12
29 12
29 11
29 12
28 12
29 12
30 12
30 13
29 13
30 13
29 13
28 13
28 14
29 14
29 15
28 15
28 14
27 14
26 14
26 13
26 14
26 13
26 12
26 11
26 12
25 12
24 12
25 12
25 11
26 11
27 11
27 12
26 12
25 12
26 12
25 12
25 11
25 10
24 10
24 9
25 9
25 8
25 9
26 9
25 9
25 10
25 11
25 10
24 10
24 9
24 10
24 9
25 9
24 9
24 10
24 11
23 11
23 12
22 12
22 11
22 10
22 9
22 10
22 9
23 9
23 10
23 11
23 10
24 10
24 11
25 11
24 11
25 11
25 10
24 10
23 10
24 10
24 11
24 12
24 11
24 12
25 12
26 12
26 13
27 13
28 13
27 13
28 13
27 13
27 12
27 11
28 11
29 11
28 11
27 11
27 10
27 9
28 9
28 10
28 9
28 8
27 8
28 8
29 8
29 9
30 9
30 8
30 9
30 10
31 10
30 10
29 10
30 10
30 11
29 11
29 10
29 11
29 12
29 13
29 14
29 13
30 13
31 13
31 14
32 14
31 14
31 13
32 13
33 13
34 13
33 13
33 14
33 13
34 13
34 12
34 13
33 13
34 13
35 13
34 13
34 12
33 12
34 12
33 12
34 12
35 12
35 13
34 13
33 13
32 13
31 13
31 12
32 12
33 12
32 12
32 11
32 10
33 10
33 11
33 12
32 12
32 13
32 14
32 13
32 14
32 15
32 14
33 14
34 14
35 14
35 15
34 15
35 15
36 15
36 14
37 14
36 14
35 14
34 14
34 13
34 14
34 15
35 15
35 14
34 14
35 14
35 15
35 16
34 16
34 17
33 17
32 17
31 17
32 17
33 17
34 17
33 17
33 18
33 17
32 17
31 17
31 18
31 17
31 18
31 17
30 17
30 16
29 16
30 16
31 16
32 16
32 17
33 17
33 18
32 18
32 19
32 20
32 21
32 22
31 22
