0 0
0 1
0 2
1 2
2 2
2 3
1 3
2 3
2 4
3 4
3 3
4 3
4 4
4 3
3 3
3 4
2 4
2 3
2 4
3 4
3 5
3 6
3 7
3 8
3 9
4 9
4 10
3 10
4 10
4 9
4 10
4 11
3 11
3 12
2 12
1 12
1 13
2 13
1 13
1 14
2 14
3 14
3 13
3 14
3 13
3 14
2 14
1 14
1 13
2 13
2 12
1 12
1 11
1 12
1 13
1 12
1 13
2 13
1 13
2 13
3 13
3 14
3 13
3 12
3 11
3 12
2 12
3 12
3 11
3 12
4 12
4 11
4 12
5 12
5 13
4 13
5 13
5 12
5 11
6 11
6 12
6 11
6 12
6 13
6 14
6 13
6 14
6 13
6 12
5 12
4 12
5 12
4 12
3 12
3 13
3 12
4 12
4 11
3 11
3 12
3 13
3 14
4 14
5 14
5 13
5 14
5 13
4 13
4 12
5 12
4 12
3 12
3 11
3 10
3 11
3 12
4 12
4 13
3 13
2 13
2 14
3 14
4 14
4 13
5 13
5 14
4 14
4 15
5 15
5 14
4 14
3 14
4 14
4 15
3 15
3 14
4 14
3 14
3 15
3 14
2 14
1 14
0 14
0 13
1 13
1 14
1 13
0 13
1 13
1 14
0 14
0 15
1 15
1 14
0 14
0 13
1 13
2 13
3 13
2 13
1 13
2 13
2 12
1 12
1 11
1 12
1 13
1 12
2 12
2 11
1 11
1 12
1 11
0 11
0 12
1 12
0 12
1 12
2 12
2 11
2 12
3 12
3 11
3 10
3 11
3 12
3 13
2 13
2 14
2 15
3 15
2 15
2 16
3 16
3 15
3 14
3 13
4 13
5 13
5 14
4 14
3 14
2 14
1 14
0 14
1 14
0 14
1 14
1 15
2 15
1 15
2 15
3 15
4 15
3 15
2 15
2 16
2 17
1 17
2 17
2 18
1 18
2 18
3 18
3 17
4 17
4 18
4 19
4 20
3 20
2 20
2 21
3 21
3 20
2 20
2 19
3 19
4 19
3 19
4 19
4 20
4 21
4 20
4 19
4 18
4 17
3 17
3 18
2 18
2 19
2 18
3 18
2 18
2 17
2 18
2 17
3 17
3 16
4 16
5 16
4 16
4 15
4 16
4 17
5 17
4 17
4 18
5 18
4 18
5 18
4 18
4 19
3 19
3 18
3 19
3 20
3 19
4 19
3 19
3 20
3 21
4 21
4 22
5 22
5 21
5 22
5 21
6 21
6 22
6 23
7 23
8 23
7 23
7 22
7 23
6 23
5 23
5 22
6 22
6 21
5 21
4 21
4 22
4 21
4 22
4 21
4 20
3 20
3 19
3 20
3 19
4 19
4 20
4 19
3 19
3 20
4 20
4 19
4 18
4 17
4 18
4 19
3 19
2 19
3 19
2 19
2 20
2 19
2 18
3 18
3 17
3 16
3 17
4 17
4 18
5 18
5 19
6 19
6 18
5 18
6 18
5 18
4 18
4 19
4 18
3 18
3 17
4 17
4 16
3 16
2 16
2 17
2 18
1 18
1 17
1 16
1 15
0 15
0 16
1 16
1 17
1 16
1 17
1 16
1 17
0 17
1 17
1 18
2 18
2 17
3 17
2 17
3 17
2 17
1 17
0 17
0 16
1 16
2 16
2 15
3 15
4 15
5 15
4 15
3 15
4 15
5 15
4 15
3 15
4 15
4 16
3 16
3 15
3 16
3 15
3 16
3 15
2 15
2 14
2 15
3 15
3 16
2 16
1 16
1 15
1 16
0 16
1 16
1 15
0 15
0 16
0 17
0 16
0 17
1 17
0 17
0 16
1 16
2 16
2 15
3 15
2 15
3 15
3 16
3 17
3 18
3 19
4 19
5 19
5 18
5 17
5 18
5 17
6 17
7 17
8 17
8 16
8 15
7 15
8 15
9 15
10 15
11 15
10 15
10 14
9 14
9 13
10 13
10 14
10 15
10 14
10 13
10 14
9 14
8 14
9 14
9 15
9 14
10 14
11 14
12 14
11 14
12 14
12 15
12 14
12 15
12 16
11 16
11 15
10 15
9 15
8 15
9 15
10 15
10 16
9 16
9 17
9 18
8 18
8 19
8 20
8 21
8 22
7 22
7 23
6 23
6 22
7 22
8 22
9 22
9 21
9 22
9 21
9 20
10 20
10 19
11 19
11 18
10 18
9 18
9 19
9 18
10 18
10 17
10 18
11 18
10 18
9 18
9 19
10 19
10 18
10 17
9 17
10 17
11 17
10 17
10 18
9 18
9 17
9 18
8 18
7 18
6 18
7 18
8 18
8 17
8 16
8 15
8 16
9 16
9 17
8 17
9 17
9 16
8 16
8 15
9 15
9 14
9 15
9 14
9 13
10 13
11 13
11 14
11 13
11 14
10 14
11 14
10 14
9 14
9 15
9 14
8 14
8 15
9 15
8 15
8 16
8 15
9 15
10 15
10 16
11 16
12 16
12 17
12 18
12 19
13 19
13 18
14 18
15 18
16 18
16 19
16 18
17 18
17 17
17 16
17 17
18 17
18 18
18 19
18 20
18 21
18 20
18 19
17 19
18 19
19 19
19 18
20 18
21 18
20 18
21 18
21 17
20 17
19 17
18 17
17 17
16 17
16 16
15 16
14 16
15 16
16 16
15 16
15 15
15 14
15 15
15 14
16 14
17 14
17 15
17 14
17 15
18 15
18 16
17 16
18 16
17 16
17 17
17 18
16 18
16 19
16 20
16 19
16 20
17 20
16 20
16 19
16 20
16 19
16 20
17 20
17 19
17 20
18 20
17 20
17 21
16 21
16 20
15 20
15 19
14 19
14 18
14 19
14 20
14 21
15 21
16 21
15 21
15 22
14 22
14 23
14 22
14 23
13 23
14 23
14 22
15 22
16 22
17 22
17 23
16 23
16 24
15 24
15 23
14 23
13 23
13 22
13 21
13 20
13 19
13 20
14 20
15 20
15 21
15 22
15 23
14 23
14 24
14 23
14 24
15 24
14 24
14 23
15 23
15 24
15 25
14 25
13 25
13 26
12 26
12 27
12 28
11 28
11 29
10 29
9 29
9 28
10 28
10 27
11 27
12 27
12 26
13 26
14 26
14 25
13 25
14 25
15 25
15 26
15 25
16 25
17 25
16 25
16 26
16 27
16 28
16 27
15 27
16 27
16 28
16 29
15 29
16 29
17 29
16 29
16 30
17 30
16 30
16 31
16 32
16 33
15 33
16 33
17 33
16 33
15 33
14 33
13 33
12 33
12 32
12 31
13 31
13 30
13 29
13 28
12 28
12 27
12 26
12 25
12 24
11 24
10 24
9 24
9 23
10 23
10 24
11 24
12 24
12 25
13 25
13 26
12 26
11 26
10 26
9 26
9 25
10 25
10 24
11 24
10 24
11 24
12 24
12 23
11 23
11 22
12 22
11 22
11 23
12 23
13 23
12 23
11 23
10 23
10 22
11 22
10 22
10 23
11 23
11 24
12 24
13 24
12 24
12 25
11 25
12 25
12 24
12 25
12 26
12 27
13 27
12 27
12 28
13 28
14 28
15 28
14 28
13 28
14 28
13 28
14 28
13 28
13 27
13 28
13 29
13 30
13 31
13 30
13 29
13 30
13 29
13 30
13 31
14 31
14 30
14 31
13 31
13 30
14 30
13 30
12 30
13 30
12 30
12 29
12 28
13 28
13 29
12 29
12 30
13 30
14 30
13 30
12 30
11 30
11 31
11 32
10 32
10 33
11 33
11 34
11 33
11 32
11 31
12 31
11 31
10 31
11 31
10 31
10 30
10 29
9 29
10 29
11 29
12 29
12 28
13 28
12 28
13 28
14 28
14 29
14 30
14 31
14 32
13 32
12 32
12 33
11 33
12 33
12 32
12 31
13 31
13 32
13 33
13 32
12 32
13 32
14 32
15 32
15 33
16 33
16 32
16 31
16 32
16 33
16 32
15 32
16 32
16 31
17 31
16 31
17 31
16 31
15 31
16 31
16 32
16 31
16 30
16 29
16 30
17 30
16 30
16 31
16 32
17 32
17 31
18 31
19 31
19 32
19 31
19 30
20 30
21 30
21 31
21 30
20 30
20 31
21 31
20 31
20 30
19 30
18 30
18 29
18 28
18 27
18 28
19 28
19 29
19 30
19 31
19 30
18 30
18 31
18 30
17 30
18 30
18 31
19 31
20 31
21 31
21 32
22 32
21 32
21 33
21 32
20 32
20 33
20 32
21 32
20 32
21 32
21 31
21 30
22 30
22 31
21 31
21 30
21 29
21 30
21 29
21 30
21 31
22 31
23 31
24 31
23 31
22 31
22 32
22 33
23 33
24 33
25 33
26 33
27 33
27 32
26 32
26 33
26 32
26 33
26 32
25 32
24 32
23 32
24 32
24 31
23 31
24 31
24 32
24 33
24 34
23 34
