0 0
0 1
1 1
1 2
1 3
1 4
1 3
1 4
1 5
2 5
3 5
3 6
4 6
3 6
3 7
2 7
2 6
2 7
2 6
2 5
3 5
3 6
4 6
4 7
4 8
4 7
4 6
5 6
4 6
4 7
4 6
3 6
2 6
2 5
1 5
0 5
0 6
1 6
2 6
3 6
3 5
3 4
2 4
1 4
2 4
2 5
2 4
2 5
1 5
0 5
1 5
1 6
2 6
2 7
2 6
3 6
3 5
3 4
3 3
3 2
4 2
5 2
5 1
5 2
6 2
6 3
6 4
6 5
7 5
8 5
8 6
7 6
8 6
9 6
9 5
10 5
10 6
10 7
10 8
10 7
11 7
10 7
10 8
10 9
10 8
10 7
10 8
9 8
10 8
11 8
11 7
10 7
10 6
9 6
9 7
10 7
10 6
11 6
11 7
11 8
12 8
12 7
12 8
12 7
12 6
13 6
12 6
13 6
13 5
13 4
13 3
13 4
12 4
12 5
12 4
13 4
13 5
13 6
13 5
12 5
12 4
12 5
11 5
11 4
11 5
11 6
11 5
12 5
12 4
12 5
11 5
12 5
12 6
12 5
12 4
11 4
11 3
12 3
13 3
13 4
12 4
13 4
13 5
14 5
15 5
16 5
16 4
16 3
16 4
17 4
16 4
17 4
17 3
17 4
16 4
17 4
18 4
18 5
18 4
18 3
18 4
17 4
17 3
17 2
17 1
17 0
17 1
18 1
18 2
19 2
20 2
21 2
20 2
20 1
20 2
21 2
21 3
21 4
21 3
22 3
22 2
22 3
21 3
21 4
21 5
20 5
20 6
19 6
18 6
17 6
16 6
16 7
17 7
17 6
17 7
17 6
18 6
18 7
18 8
19 8
19 9
19 8
19 7
18 7
18 8
19 8
20 8
20 7
19 7
19 8
19 7
20 7
19 7
18 7
18 8
18 7
18 6
19 6
20 6
20 7
21 7
21 8
21 7
20 7
20 8
19 8
19 9
18 9
17 9
18 9
18 8
18 9
17 9
16 9
16 10
16 11
16 12
15 12
15 13
14 13
14 14
13 14
14 14
13 14
14 14
15 14
15 15
16 15
16 16
16 17
17 17
18 17
19 17
19 16
18 16
17 16
17 17
17 16
17 17
17 18
17 19
16 19
16 20
17 20
17 19
16 19
16 20
15 20
15 21
15 22
15 23
16 23
15 23
16 23
15 23
15 24
15 25
14 25
13 25
13 24
14 24
13 24
13 23
14 23
13 23
13 22
12 22
12 21
11 21
11 22
12 22
11 22
10 22
10 23
11 23
11 22
12 22
12 23
12 24
13 24
13 23
12 23
11 23
12 23
12 24
13 24
13 25
12 25
12 26
12 25
11 25
11 24
12 24
12 23
12 22
12 23
12 22
13 22
14 22
14 23
14 22
13 22
13 23
12 23
12 24
12 23
11 23
12 23
11 23
11 24
10 24
9 24
10 24
10 23
10 24
10 23
11 23
12 23
11 23
11 22
11 21
12 21
13 21
13 20
14 20
13 20
12 20
11 20
11 19
12 19
13 19
13 18
13 17
13 18
13 19
14 19
15 19
16 19
16 20
16 19
16 18
15 18
16 18
16 17
16 18
17 18
18 18
17 18
16 18
16 19
15 19
15 18
15 19
14 19
14 20
14 19
14 18
15 18
16 18
17 18
18 18
19 18
19 17
19 18
18 18
18 19
18 18
18 19
18 18
19 18
19 17
20 17
21 17
21 16
20 16
21 16
21 17
22 17
21 17
20 17
20 16
19 16
20 16
21 16
22 16
22 15
22 16
21 16
21 15
20 15
19 15
20 15
20 16
20 17
20 18
19 18
19 19
19 18
20 18
20 17
20 16
19 16
18 16
18 15
18 16
19 16
19 17
19 16
19 17
18 17
17 17
17 16
17 17
17 16
17 17
17 16
16 16
16 17
17 17
18 17
18 18
17 18
16 18
15 18
14 18
14 17
14 16
14 15
13 15
14 15
14 16
15 16
15 17
14 17
14 18
15 18
15 19
15 18
15 19
15 18
15 19
15 20
15 19
15 20
16 20
17 20
17 21
18 21
18 22
18 23
18 22
17 22
17 23
16 23
16 24
16 25
17 25
17 26
16 26
15 26
15 25
15 24
14 24
14 25
14 24
14 25
13 25
13 24
13 25
13 24
13 25
12 25
12 26
12 27
12 26
11 26
11 25
10 25
11 25
11 24
10 24
9 24
8 24
7 24
6 24
7 24
6 24
7 24
7 25
8 25
8 24
9 24
8 24
9 24
10 24
9 24
9 25
10 25
10 24
9 24
9 23
10 23
10 22
10 23
11 23
10 23
10 22
11 22
10 22
10 23
10 22
11 22
11 23
12 23
12 22
12 21
12 20
11 20
11 19
10 19
11 19
11 20
11 21
12 21
13 21
13 22
14 22
15 22
15 21
15 20
16 20
15 20
15 19
16 19
16 20
17 20
18 20
17 20
18 20
18 21
18 22
18 23
17 23
16 23
16 22
17 22
18 22
18 23
17 23
17 24
17 25
16 25
16 24
15 24
15 23
15 24
14 24
14 25
15 25
14 25
14 24
14 25
13 25
13 24
13 23
14 23
15 23
14 23
14 24
14 23
14 24
13 24
14 24
13 24
13 25
14 25
14 26
14 25
15 25
16 25
17 25
17 24
16 24
15 24
16 24
16 23
17 23
17 24
17 25
16 25
17 25
16 25
16 24
16 25
16 26
16 27
17 27
18 27
17 27
16 27
16 28
16 29
15 29
15 30
16 30
15 30
16 30
16 31
16 30
15 30
15 31
15 30
14 30
14 29
13 29
13 30
12 30
12 31
13 31
14 31
14 32
14 33
13 33
14 33
14 32
15 32
14 32
13 32
14 32
14 33
15 33
15 34
16 34
15 34
15 33
15 34
15 33
15 34
15 35
16 35
17 35
16 35
16 34
16 35
16 34
17 34
16 34
15 34
14 34
13 34
13 33
13 34
12 34
12 33
12 34
13 34
14 34
14 35
14 34
13 34
13 35
13 36
13 37
14 37
14 36
15 36
15 35
15 34
15 33
14 33
14 32
14 33
14 32
14 33
14 32
14 33
13 33
14 33
15 33
15 34
15 35
15 36
15 35
16 35
16 34
16 33
16 34
16 33
16 34
17 34
18 34
19 34
20 34
19 34
19 33
18 33
18 32
19 32
20 32
21 32
22 32
23 32
22 32
21 32
21 33
20 33
20 32
21 32
21 33
22 33
22 34
23 34
23 35
23 36
23 35
24 35
25 35
26 35
26 34
27 34
26 34
27 34
27 33
27 32
28 32
28 31
28 32
28 33
27 33
27 34
26 34
25 34
24 34
25 34
25 33
25 34
26 34
25 34
25 35
25 36
25 37
25 38
26 38
27 38
27 37
27 38
28 38
29 38
30 38
30 37
30 38
31 38
32 38
33 38
33 37
32 37
32 38
32 37
31 37
31 38
31 39
31 40
32 40
32 41
32 40
32 39
33 39
32 39
32 38
31 38
30 38
30 39
30 38
30 37
30 38
30 39
30 38
30 37
31 37
32 37
32 36
32 35
32 36
31 36
31 37
30 37
31 37
31 38
30 38
30 37
30 36
31 36
30 36
31 36
30 36
30 35
29 35
29 34
30 34
30 35
31 35
32 35
32 34
33 34
33 35
32 35
33 35
32 35
33 35
34 35
35 35
34 35
34 36
35 36
35 37
35 38
35 39
35 40
35 41
35 42
36 42
36 41
36 42
35 42
35 41
35 42
35 43
34 43
35 43
35 42
36 42
35 42
35 41
35 40
34 40
34 39
34 40
34 41
33 41
32 41
31 41
31 40
32 40
32 39
33 39
33 38
32 38
33 38
34 38
35 38
35 37
36 37
37 37
38 37
38 38
37 38
37 37
38 37
39 37
40 37
39 37
39 38
40 38
40 39
39 39
39 40
39 41
38 41
38 42
38 41
39 41
39 42
39 43
39 44
39 43
38 43
38 42
39 42
40 42
40 43
39 43
38 43
38 44
37 44
36 44
35 44
34 44
34 43
34 44
34 43
34 44
34 43
33 43
33 42
33 43
34 43
35 43
35 42
35 41
35 40
34 40
33 40
33 41
33 42
33 41
33 42
34 42
34 41
35 41
35 42
36 42
36 43
35 43
36 43
37 43
36 43
35 43
34 43
35 43
35 42
35 43
36 43
36 42
36 41
35 41
36 41
37 41
37 42
36 42
35 42
35 41
34 41
35 41
35 40
34 40
34 41
34 40
33 40
33 41
33 42
34 42
34 41
34 40
35 40
36 40
35 40
35 41
34 41
34 42
33 42
34 42
33 42
33 41
33 40
33 41
34 41
34 42
33 42
33 41
33 42
33 43
33 42
33 43
32 43
32 44
33 44
33 43
33 44
32 44
32 45
32 44
32 43
31 43
31 44
32 44
32 43
32 44
31 44
31 45
31 44
