0 0
0 1
1 1
0 1
1 1
0 1
0 2
0 1
1 1
0 1
0 0
0 1
0 2
0 3
1 3
1 2
2 2
2 1
1 1
0 1
1 1
0 1
1 1
1 2
0 2
1 2
0 2
0 1
1 1
1 0
0 0
1 0
2 0
1 0
1 1
1 0
1 1
1 0
0 0
1 0
1 1
1 0
1 1
0 1
0 2
0 1
1 1
0 1
0 0
1 0
1 1
0 1
1 1
0 1
1 1
2 1
2 0
2 1
2 0
2 1
1 1
0 1
0 2
0 3
1 3
1 2
0 2
1 2
0 2
0 3
0 2
0 3
1 3
1 4
2 4
2 3
3 3
3 4
3 5
3 4
4 4
4 5
3 5
3 4
3 3
3 4
3 5
2 5
1 5
0 5
0 6
0 7
0 6
1 6
1 7
0 7
0 8
0 7
1 7
1 6
2 6
2 5
2 4
2 3
3 3
3 4
2 4
3 4
4 4
5 4
6 4
7 4
6 4
7 4
6 4
7 4
7 3
8 3
8 2
8 1
9 1
9 2
9 3
8 3
9 3
9 2
9 1
9 0
8 0
7 0
7 1
8 1
8 2
8 1
9 1
10 1
10 0
9 0
9 1
9 0
9 1
10 1
11 1
12 1
11 1
11 2
10 2
11 2
11 1
12 1
12 2
12 1
12 0
13 0
13 1
14 1
14 2
15 2
14 2
15 2
16 2
16 3
17 3
16 3
15 3
15 4
15 5
16 5
17 5
17 4
17 3
17 2
16 2
16 3
15 3
15 4
16 4
17 4
18 4
18 5
19 5
19 4
19 3
19 4
19 3
20 3
21 3
20 3
21 3
20 3
21 3
21 4
20 4
20 3
20 2
20 1
20 0
19 0
19 1
19 0
20 0
20 1
20 2
20 1
19 1
19 2
19 3
20 3
19 3
19 2
19 1
18 1
19 1
19 2
20 2
19 2
18 2
17 2
16 2
17 2
17 3
18 3
18 2
18 3
18 2
18 1
17 1
17 0
17 1
17 2
18 2
19 2
20 2
19 2
20 2
20 1
21 1
21 2
21 1
22 1
21 1
21 2
22 2
22 3
22 4
21 4
20 4
20 5
19 5
18 5
17 5
18 5
17 5
17 6
17 7
17 8
16 8
16 7
16 8
15 8
16 8
16 9
16 10
16 11
15 11
14 11
13 11
13 10
12 10
11 10
11 9
11 8
11 9
11 10
11 9
11 10
11 11
10 11
10 12
9 12
9 13
8 13
7 13
8 13
7 13
7 14
7 15
7 16
8 16
8 15
9 15
9 16
9 15
9 14
9 15
8 15
9 15
8 15
8 16
8 17
9 17
8 17
9 17
9 16
9 15
9 16
9 17
8 17
8 18
8 17
8 18
8 19
8 20
9 20
8 20
8 21
8 20
8 19
7 19
7 18
7 17
8 17
8 18
8 17
7 17
7 16
7 15
7 14
7 15
6 15
6 16
7 16
7 17
8 17
7 17
8 17
7 17
6 17
7 17
7 18
7 17
8 17
7 17
7 18
7 19
7 18
7 17
7 16
6 16
6 15
6 14
7 14
6 14
7 14
7 15
8 15
8 14
7 14
6 14
7 14
7 15
8 15
9 15
8 15
9 15
10 15
10 16
10 15
11 15
10 15
10 14
9 14
9 15
9 16
10 16
10 17
9 17
9 16
10 16
10 17
11 17
11 18
11 19
10 19
11 19
11 18
10 18
10 19
9 19
8 19
8 20
7 20
7 19
6 19
7 19
7 20
6 20
5 20
5 21
6 21
5 21
4 21
4 20
4 21
3 21
3 22
2 22
2 21
3 21
2 21
3 21
4 21
4 20
4 19
5 19
6 19
7 19
7 20
8 20
8 21
9 21
9 20
10 20
9 20
9 21
10 21
9 21
10 21
10 22
9 22
9 23
8 23
8 24
9 24
10 24
11 24
10 24
9 24
9 25
9 26
9 27
9 28
9 29
10 29
10 30
11 30
10 30
10 31
10 32
9 32
9 31
9 32
9 33
9 32
9 31
9 32
9 31
10 31
9 31
10 31
10 32
9 32
8 32
8 33
7 33
8 33
9 33
9 34
9 35
8 35
7 35
7 34
7 33
7 32
6 32
7 32
6 32
7 32
6 32
6 33
7 33
8 33
8 32
9 32
8 32
8 31
9 31
8 31
8 30
7 30
6 30
7 30
7 31
7 32
7 31
8 31
7 31
7 32
7 31
7 32
6 32
6 31
5 31
4 31
5 31
5 30
5 31
5 32
5 33
5 34
5 33
5 34
4 34
4 35
4 36
4 35
4 36
5 36
6 36
6 37
6 36
5 36
6 36
6 35
6 36
5 36
6 36
5 36
4 36
5 36
5 35
4 35
5 35
5 36
4 36
3 36
3 37
4 37
5 37
4 37
4 36
5 36
5 37
4 37
5 37
5 38
4 38
4 39
3 39
3 40
2 40
2 41
2 40
2 39
2 38
3 38
3 39
3 40
2 40
1 40
1 39
2 39
3 39
2 39
3 39
2 39
3 39
2 39
2 40
2 39
2 38
1 38
2 38
1 38
1 37
2 37
3 37
3 36
2 36
3 36
3 35
2 35
2 36
1 36
1 37
2 37
2 38
3 38
2 38
1 38
2 38
1 38
2 38
2 37
1 37
2 37
3 37
3 38
3 37
4 37
3 37
3 38
3 39
2 39
2 38
3 38
3 39
2 39
1 39
1 40
1 39
0 39
0 38
1 38
1 39
1 38
2 38
1 38
1 37
0 37
0 36
1 36
2 36
2 35
2 34
2 35
2 36
3 36
4 36
5 36
6 36
6 35
7 35
8 35
8 36
8 35
9 35
10 35
10 34
10 35
9 35
8 35
8 36
7 36
7 35
7 34
8 34
7 34
6 34
7 34
7 35
6 35
6 36
6 37
7 37
7 38
6 38
6 37
5 37
6 37
6 38
7 38
8 38
9 38
9 37
8 37
7 37
6 37
5 37
4 37
5 37
6 37
5 37
5 36
5 37
6 37
6 38
6 39
5 39
5 40
4 40
5 40
4 40
4 41
4 40
5 40
4 40
5 40
5 41
4 41
4 42
3 42
3 41
3 40
4 40
5 40
5 41
5 42
5 41
4 41
5 41
6 41
5 41
5 42
6 42
5 42
4 42
3 42
3 43
3 42
3 41
3 40
3 41
2 41
3 41
3 42
3 41
3 42
3 41
3 40
2 40
1 40
1 41
1 42
2 42
2 41
1 41
1 42
1 41
1 40
1 41
1 42
0 42
0 41
1 41
0 41
0 42
0 43
0 42
0 41
0 40
0 41
1 41
1 42
2 42
2 43
2 44
3 44
2 44
3 44
4 44
4 43
4 44
5 44
5 43
5 42
5 41
5 42
4 42
3 42
2 42
2 43
2 42
3 42
3 43
2 43
1 43
0 43
0 44
1 44
2 44
3 44
2 44
3 44
2 44
3 44
2 44
3 44
2 44
2 43
3 43
4 43
5 43
5 44
6 44
5 44
5 45
5 44
4 44
4 45
5 45
5 44
5 43
5 42
4 42
3 42
4 42
4 43
4 42
3 42
3 43
3 44
4 44
4 45
5 45
5 44
5 43
6 43
6 42
7 42
7 41
8 41
7 41
6 41
6 42
7 42
7 41
7 40
6 40
7 40
8 40
8 41
8 42
8 43
8 42
8 41
8 40
7 40
7 39
7 40
6 40
5 40
4 40
4 41
4 40
4 39
4 40
3 40
3 41
3 42
2 42
2 41
1 41
1 42
0 42
1 42
0 42
0 41
1 41
1 42
0 42
0 41
1 41
1 40
2 40
3 40
3 39
3 38
4 38
5 38
5 37
4 37
4 36
5 36
4 36
5 36
5 37
5 36
4 36
4 35
4 34
3 34
3 35
3 34
2 34
2 33
2 32
1 32
2 32
3 32
3 33
3 32
4 32
5 32
5 33
6 33
6 32
5 32
6 32
7 32
6 32
5 32
4 32
4 31
3 31
3 30
4 30
3 30
2 30
1 30
1 29
0 29
0 28
0 29
1 29
0 29
1 29
2 29
2 28
3 28
3 29
4 29
4 28
4 29
4 30
5 30
4 30
4 31
4 30
5 30
6 30
5 30
5 31
5 32
6 32
6 31
6 30
6 31
7 31
7 32
8 32
9 32
8 32
7 32
7 31
8 31
8 32
9 32
8 32
8 31
9 31
9 32
9 31
9 32
10 32
9 32
9 33
9 34
8 34
9 34
8 34
8 35
7 35
7 36
7 35
7 34
7 35
7 34
6 34
6 33
7 33
7 32
6 32
6 33
5 33
5 34
4 34
3 34
3 35
4 35
3 35
3 36
3 37
3 36
3 37
4 37
4 36
4 37
4 36
3 36
3 37
3 36
3 35
3 34
3 33
2 33
1 33
0 33
1 33
1 34
0 34
0 33
1 33
2 33
2 34
1 34
1 35
0 35
1 35
0 35
