0 0
0 1
0 0
1 0
1 1
1 0
2 0
2 1
1 1
1 2
0 2
0 1
0 0
0 1
1 1
0 1
0 0
1 0
0 0
0 1
1 1
1 0
2 0
2 1
3 1
3 2
2 2
3 2
3 3
3 2
4 2
4 3
4 2
4 3
4 4
5 4
4 4
5 4
6 4
7 4
6 4
6 3
7 3
6 3
5 3
6 3
7 3
7 2
6 2
6 3
6 2
5 2
5 1
5 0
5 1
4 1
4 2
5 2
6 2
5 2
6 2
6 3
6 4
6 5
7 5
8 5
8 4
8 3
9 3
9 2
9 1
9 2
9 1
8 1
8 0
7 0
7 1
6 1
5 1
5 2
5 3
5 2
5 1
4 1
5 1
5 0
5 1
6 1
6 0
6 1
6 0
6 1
7 1
6 1
6 0
6 1
6 2
7 2
6 2
6 1
7 1
7 2
6 2
5 2
5 3
5 4
5 5
5 6
5 5
5 4
5 5
5 6
5 5
5 4
5 3
5 4
5 5
4 5
3 5
2 5
3 5
2 5
1 5
2 5
2 4
3 4
4 4
4 5
4 4
4 5
4 4
3 4
3 5
4 5
4 6
5 6
6 6
6 7
5 7
5 8
5 7
5 6
6 6
6 5
5 5
4 5
3 5
4 5
4 4
4 5
5 5
4 5
5 5
5 4
6 4
5 4
4 4
4 3
3 3
2 3
2 4
2 3
1 3
1 4
2 4
2 5
3 5
3 4
3 3
2 3
3 3
2 3
2 2
2 3
3 3
3 4
4 4
4 3
4 2
4 3
5 3
5 2
6 2
6 1
6 0
7 0
7 1
7 2
7 3
7 4
7 3
7 2
7 3
7 2
7 1
7 2
6 2
6 1
6 0
6 1
6 0
6 1
7 1
7 0
6 0
6 1
7 1
6 1
6 2
5 2
6 2
7 2
6 2
6 1
5 1
6 1
5 1
5 0
4 0
5 0
5 1
5 0
5 1
5 0
5 1
5 0
5 1
6 1
6 2
5 2
5 3
5 4
5 3
5 2
6 2
6 1
5 1
4 1
4 2
4 3
3 3
3 4
3 3
3 2
3 1
2 1
2 2
1 2
2 2
3 2
2 2
2 3
2 2
2 1
2 2
1 2
1 1
1 0
1 1
0 1
1 1
2 1
2 0
2 1
1 1
1 0
1 1
2 1
2 2
1 2
0 2
1 2
0 2
0 3
1 3
1 4
1 5
2 5
3 5
2 5
2 4
3 4
2 4
3 4
3 5
3 6
3 7
2 7
2 8
1 8
0 8
1 8
1 9
0 9
0 8
1 8
1 9
1 8
1 9
2 9
2 8
1 8
0 8
0 9
0 8
0 7
0 8
1 8
1 7
2 7
1 7
1 8
1 9
1 10
0 10
0 11
0 10
0 11
1 11
0 11
1 11
1 12
1 13
0 13
0 14
1 14
1 15
2 15
2 16
2 17
3 17
2 17
3 17
4 17
5 17
6 17
5 17
5 16
6 16
7 16
8 16
9 16
9 17
10 17
10 18
11 18
11 17
11 18
10 18
10 17
10 18
10 19
10 18
10 17
10 18
10 19
11 19
11 20
11 21
10 21
11 21
11 22
11 21
12 21
11 21
11 22
10 22
9 22
10 22
9 22
10 22
9 22
10 22
9 22
10 22
10 23
11 23
12 23
11 23
11 24
11 25
11 26
12 26
13 26
14 26
14 25
14 26
13 26
13 27
13 28
13 27
13 28
13 29
12 29
13 29
13 28
13 27
13 26
14 26
15 26
15 27
15 28
14 28
13 28
13 29
12 29
12 30
12 31
11 31
10 31
10 32
9 32
8 32
8 33
8 34
8 33
8 34
8 35
8 34
8 35
9 35
9 34
9 35
8 35
9 35
8 35
8 34
7 34
7 35
7 36
6 36
6 37
6 38
6 37
6 38
6 37
6 38
6 39
6 40
7 40
6 40
6 41
7 41
7 40
6 40
6 39
6 40
5 40
6 40
7 40
6 40
5 40
6 40
7 40
7 39
8 39
9 39
10 39
9 39
9 38
9 39
9 40
8 40
8 41
8 40
8 41
9 41
8 41
8 42
7 42
6 42
7 42
7 41
7 40
7 41
6 41
5 41
5 40
5 39
6 39
6 38
7 38
7 37
7 38
6 38
5 38
5 39
4 39
3 39
2 39
2 38
3 38
4 38
3 38
3 39
3 40
2 40
1 40
0 40
0 39
1 39
0 39
0 40
1 40
0 40
0 39
1 39
1 40
2 40
2 39
1 39
0 39
1 39
0 39
1 39
2 39
2 40
2 41
1 41
1 40
2 40
2 41
2 40
3 40
3 39
3 40
3 41
2 41
3 41
3 40
3 39
3 38
2 38
1 38
0 38
1 38
2 38
3 38
4 38
5 38
5 37
5 38
5 37
6 37
6 38
6 39
6 40
7 40
8 40
8 39
8 40
8 39
8 40
8 39
8 38
7 38
6 38
5 38
5 37
6 37
5 37
5 36
4 36
3 36
3 35
2 35
2 36
2 37
2 38
2 37
2 38
2 39
1 39
1 40
1 39
1 38
1 37
2 37
2 38
3 38
3 39
2 39
1 39
1 38
1 39
1 40
1 39
1 38
0 38
0 37
1 37
2 37
1 37
1 38
1 39
1 38
1 39
0 39
1 39
1 40
1 39
0 39
1 39
2 39
3 39
3 40
4 40
3 40
3 41
3 42
2 42
2 41
2 40
2 41
2 40
1 40
1 39
2 39
1 39
2 39
2 38
2 39
2 38
2 39
2 38
2 39
1 39
1 38
1 39
1 38
1 37
0 37
1 37
1 38
1 37
0 37
1 37
0 37
0 38
0 39
0 40
1 40
2 40
1 40
1 39
0 39
0 40
0 41
1 41
1 42
1 43
2 43
1 43
1 44
1 45
1 46
2 46
3 46
3 45
3 44
4 44
4 45
4 46
4 47
5 47
5 46
6 46
6 47
6 46
7 46
7 47
7 48
7 49
7 50
8 50
8 51
8 50
8 51
7 51
7 52
7 51
7 52
7 53
7 52
7 53
7 52
7 53
7 52
8 52
8 53
9 53
8 53
8 54
8 53
8 54
8 53
8 52
9 52
10 52
11 52
11 51
11 52
11 53
11 52
11 51
11 52
10 52
11 52
11 51
11 50
10 50
10 49
11 49
11 50
10 50
9 50
9 51
9 50
9 49
9 48
10 48
11 48
10 48
10 47
9 47
9 46
9 45
10 45
10 46
9 46
8 46
8 47
9 47
8 47
9 47
10 47
9 47
8 47
8 46
8 45
9 45
10 45
9 45
9 44
10 44
10 45
11 45
11 44
10 44
10 45
10 46
11 46
12 46
13 46
12 46
12 47
11 47
12 47
12 48
13 48
13 49
14 49
14 48
14 49
13 49
14 49
14 50
15 50
15 51
16 51
16 50
15 50
15 49
15 48
15 47
14 47
14 46
15 46
15 45
15 44
15 43
16 43
16 44
17 44
17 43
17 44
17 43
17 44
18 44
17 44
16 44
16 45
16 44
16 45
15 45
14 45
14 44
15 44
15 45
15 44
16 44
15 44
14 44
13 44
14 44
14 43
14 42
14 41
14 42
13 42
14 42
14 41
14 42
14 41
14 40
14 39
14 40
15 40
15 39
15 38
16 38
17 38
18 38
18 39
18 40
18 39
17 39
17 40
17 41
17 42
17 41
17 42
17 41
17 40
17 41
18 41
19 41
19 40
18 40
18 39
19 39
19 38
19 39
19 38
20 38
20 37
19 37
19 36
19 37
20 37
20 36
19 36
19 37
19 36
18 36
18 37
17 37
17 38
17 39
18 39
19 39
19 40
20 40
20 41
20 42
19 42
19 41
20 41
20 42
20 43
20 44
20 45
20 44
20 43
20 42
20 41
21 41
20 41
21 41
21 40
21 39
22 39
22 40
23 40
23 41
22 41
22 42
22 43
23 43
23 44
23 45
23 44
22 44
21 44
21 43
21 44
20 44
20 43
20 42
20 41
19 41
18 41
18 42
18 41
17 41
16 41
16 40
16 39
16 40
15 40
15 39
16 39
15 39
14 39
15 39
15 40
15 41
15 42
16 42
17 42
17 43
18 43
18 44
19 44
19 43
20 43
20 42
19 42
18 42
18 43
18 44
18 45
18 44
18 43
17 43
16 43
16 42
16 41
16 42
15 42
14 42
14 43
14 42
15 42
16 42
16 41
16 40
16 39
15 39
15 38
16 38
16 37
16 38
15 38
16 38
16 39
15 39
14 39
14 38
15 38
16 38
15 38
15 39
15 40
15 39
16 39
16 38
15 38
16 38
16 37
16 38
15 38
16 38
15 38
15 37
15 38
15 39
15 38
15 37
15 36
15 37
15 38
16 38
16 39
16 40
16 39
15 39
14 39
14 38
13 38
14 38
15 38
15 37
15 38
16 38
16 39
16 38
15 38
15 39
15 38
