0 0
1 0
1 1
1 0
1 1
2 1
3 1
2 1
1 1
0 1
1 1
2 1
2 2
2 1
2 2
2 1
2 2
2 1
3 1
3 2
3 3
3 2
3 1
3 0
2 0
2 1
1 1
1 2
1 1
0 1
1 1
1 2
0 2
1 2
0 2
0 3
1 3
1 2
1 1
1 0
1 1
2 1
2 2
3 2
3 3
3 4
3 5
3 6
2 6
3 6
3 7
2 7
2 6
1 6
0 6
1 6
2 6
3 6
2 6
2 5
1 5
1 4
2 4
2 5
2 6
1 6
1 7
0 7
0 6
1 6
0 6
0 7
0 8
1 8
0 8
1 8
1 9
2 9
1 9
1 10
2 10
1 10
0 10
0 11
1 11
1 10
2 10
3 10
3 11
3 10
2 10
2 11
3 11
4 11
3 11
4 11
4 12
5 12
4 12
4 11
4 10
4 11
3 11
3 12
3 13
2 13
2 14
1 14
0 14
0 13
1 13
1 14
1 15
1 14
1 13
1 14
1 15
1 14
2 14
3 14
3 15
3 16
4 16
4 15
4 16
3 16
3 15
4 15
4 16
4 17
5 17
5 16
6 16
7 16
8 16
9 16
8 16
7 16
7 15
7 16
7 15
8 15
8 14
7 14
7 13
7 14
6 14
5 14
5 15
6 15
5 15
5 16
6 16
6 17
5 17
6 17
6 16
7 16
7 17
7 18
8 18
9 18
10 18
11 18
11 19
11 18
10 18
11 18
11 17
11 16
10 16
10 17
11 17
11 18
11 19
11 20
12 20
12 19
12 18
12 19
12 18
13 18
14 18
14 19
15 19
15 20
16 20
15 20
15 19
15 18
16 18
17 18
17 17
17 16
16 16
16 15
15 15
15 16
14 16
14 17
15 17
16 17
15 17
15 16
16 16
15 16
15 15
15 16
15 15
15 14
15 15
15 14
15 15
15 16
15 15
15 14
14 14
14 15
15 15
14 15
14 14
15 14
16 14
16 15
16 14
17 14
18 14
19 14
20 14
21 14
22 14
21 14
21 13
21 14
21 13
21 12
22 12
22 13
21 13
21 14
22 14
22 13
21 13
20 13
19 13
18 13
17 13
18 13
19 13
18 13
18 14
18 15
19 15
19 14
19 13
19 14
19 13
19 12
19 13
20 13
20 14
19 14
18 14
18 13
17 13
17 12
16 12
17 12
17 11
17 10
16 10
17 10
18 10
18 9
19 9
18 9
18 8
17 8
16 8
15 8
15 9
16 9
17 9
17 8
17 9
18 9
18 8
18 7
17 7
17 6
17 5
17 4
17 5
17 6
18 6
18 7
18 6
17 6
16 6
16 7
17 7
18 7
17 7
17 6
17 7
17 8
18 8
18 9
19 9
19 10
19 11
19 12
18 12
18 11
19 11
18 11
18 12
17 12
16 12
15 12
14 12
13 12
12 12
13 12
13 13
13 14
13 15
12 15
13 15
13 14
13 15
14 15
15 15
15 14
16 14
16 15
16 14
16 13
15 13
16 13
16 14
15 14
14 14
14 15
15 15
15 16
14 16
13 16
13 15
12 15
12 16
13 16
13 17
13 18
12 18
12 17
11 17
10 17
10 18
9 18
10 18
10 17
10 18
11 18
11 17
11 16
10 16
11 16
10 16
9 16
9 15
10 15
10 16
10 15
9 15
9 16
9 15
10 15
10 14
9 14
8 14
7 14
7 13
7 12
6 12
7 12
7 11
7 12
8 12
9 12
9 13
10 13
10 14
11 14
12 14
12 15
12 14
13 14
13 13
13 12
14 12
15 12
15 13
14 13
14 12
13 12
13 13
12 13
12 14
12 13
12 14
13 14
14 14
14 15
13 15
13 14
12 14
13 14
14 14
14 15
14 16
14 17
13 17
12 17
11 17
11 16
11 15
11 14
10 14
10 15
10 14
10 13
9 13
10 13
10 14
9 14
8 14
9 14
9 15
9 16
9 15
9 16
9 17
9 16
9 17
8 17
8 16
9 16
10 16
9 16
8 16
9 16
9 15
10 15
10 16
10 15
10 14
10 13
9 13
8 13
8 12
8 11
8 10
8 9
8 8
7 8
7 9
7 8
6 8
6 7
6 8
6 7
7 7
6 7
7 7
8 7
7 7
7 8
8 8
7 8
7 9
7 8
7 9
7 10
8 10
8 9
8 8
8 7
9 7
9 6
9 5
10 5
11 5
10 5
10 4
10 3
9 3
9 2
10 2
9 2
10 2
11 2
11 1
12 1
12 0
11 0
12 0
12 1
11 1
10 1
9 1
8 1
8 2
7 2
7 1
6 1
7 1
6 1
6 0
5 0
5 1
5 0
6 0
5 0
5 1
5 0
4 0
4 1
4 0
3 0
3 1
3 2
4 2
5 2
5 1
6 1
6 0
6 1
7 1
7 2
8 2
8 1
9 1
10 1
11 1
11 2
10 2
10 1
10 2
10 1
10 0
10 1
10 2
11 2
12 2
11 2
11 1
11 0
11 1
10 1
10 0
10 1
10 2
9 2
9 3
10 3
10 2
10 1
10 2
11 2
11 1
12 1
13 1
13 0
13 1
13 0
14 0
13 0
12 0
12 1
12 2
12 1
11 1
12 1
12 0
11 0
10 0
11 0
10 0
9 0
8 0
9 0
9 1
9 0
9 1
10 1
10 0
9 0
9 1
10 1
10 2
9 2
9 3
10 3
9 3
10 3
10 2
10 3
10 4
11 4
11 5
12 5
12 6
12 5
13 5
13 6
14 6
14 5
14 4
13 4
14 4
13 4
13 5
14 5
14 4
13 4
12 4
12 3
12 2
12 1
12 2
11 2
12 2
13 2
13 1
13 2
13 1
13 2
13 1
14 1
14 0
14 1
14 2
13 2
13 3
14 3
13 3
13 2
13 1
13 2
14 2
13 2
12 2
12 1
13 1
13 2
13 1
12 1
13 1
13 0
14 0
14 1
15 1
15 0
14 0
14 1
13 1
14 1
13 1
13 2
12 2
13 2
13 3
12 3
11 3
12 3
12 4
12 3
13 3
13 4
13 5
13 6
12 6
12 7
13 7
14 7
14 8
14 9
15 9
16 9
15 9
15 8
16 8
17 8
17 7
17 6
17 7
17 8
16 8
16 7
16 8
17 8
17 7
16 7
15 7
15 6
16 6
17 6
17 7
17 6
16 6
15 6
16 6
15 6
15 7
16 7
16 6
15 6
14 6
14 7
14 6
14 5
13 5
13 6
13 7
13 8
13 9
13 8
13 9
13 8
13 7
13 8
14 8
14 9
14 8
14 9
13 9
13 10
14 10
14 11
14 10
15 10
15 11
16 11
17 11
17 10
18 10
18 11
18 12
18 13
19 13
19 14
20 14
21 14
21 15
22 15
21 15
20 15
21 15
21 14
21 15
20 15
21 15
21 14
20 14
20 13
21 13
22 13
22 14
22 13
22 14
23 14
23 13
24 13
24 12
23 12
23 11
23 10
23 9
23 10
23 9
24 9
24 10
24 9
24 10
25 10
26 10
26 11
26 12
26 11
26 10
26 9
27 9
27 10
28 10
29 10
28 10
27 10
27 11
27 12
27 13
28 13
28 12
29 12
30 12
30 11
30 12
30 11
31 11
30 11
30 10
30 11
30 12
30 13
30 14
29 14
30 14
31 14
31 13
32 13
32 14
32 15
32 16
31 16
30 16
29 16
28 16
29 16
29 15
30 15
29 15
29 14
30 14
30 15
30 14
30 13
31 13
32 13
32 14
32 13
32 14
33 14
33 13
33 12
32 12
32 13
31 13
30 13
30 14
30 15
30 16
29 16
29 17
29 18
30 18
30 17
30 18
31 18
30 18
29 18
29 19
29 18
29 17
28 17
27 17
27 16
27 17
27 16
28 16
29 16
30 16
30 17
31 17
30 17
30 18
30 19
30 20
30 21
30 20
29 20
28 20
28 21
28 22
27 22
27 21
27 20
28 20
28 19
28 20
28 19
29 19
28 19
28 18
28 19
27 19
27 20
26 20
27 20
27 21
28 21
27 21
28 21
29 21
29 20
29 19
29 18
29 19
29 18
29 17
30 17
29 17
30 17
31 17
31 16
31 15
32 15
33 15
33 14
34 14
34 15
34 14
35 14
35 15
36 15
36 16
35 16
35 17
34 17
34 16
34 15
34 16
35 16
35 15
35 16
34 16
33 16
33 17
33 18
32 18
33 18
32 18
32 17
32 16
32 17
32 18
33 18
33 19
32 19
33 19
33 20
33 19
34 19
34 18
34 17
35 17
34 17
33 17
33 18
32 18
31 18
32 18
31 18
31 17
30 17
31 17
31 16
31 17
31 18
32 18
32 17
32 18
31 18
31 17
32 17
32 16
32 17
32 16
32 15
32 14
32 15
31 15
31 14
31 15
30 15
29 15
28 15
27 15
27 16
26 16
25 16
25 15
24 15
25 15
24 15
24 14
25 14
24 14
24 13
23 13
22 13
