0 0
0 1
0 0
0 1
0 2
1 2
1 3
0 3
0 2
1 2
1 3
1 2
1 1
1 2
1 3
2 3
3 3
3 2
3 3
2 3
2 2
1 2
0 2
0 3
1 3
1 4
1 5
1 6
1 7
1 8
0 8
0 7
0 8
1 8
1 7
0 7
1 7
2 7
2 8
2 7
3 7
3 6
3 7
4 7
3 7
3 8
4 8
4 9
4 10
4 9
5 9
6 9
5 9
5 8
5 7
5 8
5 9
6 9
6 8
5 8
5 9
4 9
5 9
4 9
5 9
5 10
4 10
3 10
3 9
4 9
5 9
6 9
7 9
7 8
8 8
7 8
7 9
7 8
7 7
7 6
6 6
5 6
4 6
4 7
4 8
3 8
3 9
3 8
3 9
2 9
2 10
1 10
1 11
1 10
1 9
1 10
1 9
0 9
0 10
0 9
0 8
1 8
0 8
0 7
1 7
0 7
0 6
0 5
1 5
1 4
2 4
2 5
1 5
2 5
2 6
3 6
3 7
3 8
2 8
1 8
2 8
1 8
1 9
0 9
1 9
1 10
0 10
1 10
2 10
1 10
1 9
1 10
0 10
1 10
2 10
2 9
1 9
1 8
0 8
1 8
1 9
1 8
0 8
0 9
1 9
1 10
1 11
0 11
1 11
1 12
1 11
2 11
1 11
0 11
0 10
0 9
0 10
1 10
2 10
1 10
2 10
2 9
3 9
3 10
4 10
4 11
5 11
6 11
5 11
5 10
6 10
6 11
6 10
6 9
6 10
7 10
8 10
7 10
7 11
7 12
6 12
7 12
7 11
7 12
8 12
7 12
6 12
6 11
6 10
7 10
7 9
7 10
6 10
6 9
6 10
6 9
6 8
6 9
5 9
5 10
5 11
4 11
4 10
4 9
4 8
4 9
4 10
5 10
5 11
4 11
3 11
3 10
3 11
3 12
3 11
2 11
3 11
2 11
2 12
2 13
2 12
3 12
2 12
2 11
2 12
2 11
2 12
2 13
2 12
2 11
1 11
1 12
1 11
1 12
1 13
2 13
1 13
0 13
1 13
1 14
1 13
1 14
2 14
1 14
1 15
1 16
1 17
1 18
1 19
0 19
1 19
0 19
0 20
1 20
1 21
1 22
1 23
0 23
0 24
0 23
1 23
2 23
2 22
2 21
2 22
3 22
2 22
2 23
2 24
3 24
4 24
4 23
4 24
4 23
5 23
5 24
5 25
5 24
6 24
5 24
6 24
5 24
5 25
4 25
4 24
4 23
3 23
3 22
3 21
3 22
4 22
4 23
3 23
2 23
1 23
0 23
0 22
0 21
0 20
1 20
1 19
1 20
0 20
1 20
2 20
2 21
2 22
3 22
2 22
1 22
1 23
2 23
3 23
2 23
2 24
1 24
1 25
1 24
0 24
0 23
0 22
1 22
2 22
3 22
4 22
3 22
2 22
3 22
2 22
1 22
1 21
1 20
1 19
1 20
1 21
1 22
2 22
1 22
1 23
2 23
2 24
1 24
2 24
1 24
1 25
2 25
3 25
4 25
3 25
2 25
3 25
4 25
5 25
5 26
6 26
7 26
7 25
8 25
8 24
7 24
8 24
7 24
6 24
6 25
6 26
6 27
6 28
6 29
6 30
7 30
7 31
6 31
7 31
6 31
5 31
5 30
5 31
4 31
4 30
4 29
4 30
3 30
4 30
4 31
3 31
4 31
3 31
3 32
3 31
3 30
4 30
4 31
4 30
4 29
3 29
4 29
4 30
3 30
3 29
3 28
4 28
4 29
3 29
3 30
3 29
3 28
3 27
3 26
2 26
3 26
3 27
4 27
4 26
4 25
4 26
5 26
5 27
6 27
6 26
7 26
7 27
6 27
6 26
7 26
7 25
6 25
5 25
4 25
4 24
4 25
3 25
3 26
4 26
3 26
3 27
2 27
2 26
2 27
3 27
3 26
2 26
2 25
3 25
2 25
3 25
4 25
4 24
4 23
4 24
5 24
4 24
3 24
3 23
2 23
2 24
1 24
2 24
3 24
2 24
2 23
2 22
2 23
3 23
2 23
1 23
2 23
2 22
2 23
3 23
2 23
2 22
2 21
2 22
2 21
3 21
2 21
2 20
2 19
1 19
1 18
0 18
0 19
0 18
1 18
1 19
1 20
2 20
1 20
1 21
2 21
2 22
1 22
1 21
1 22
2 22
2 23
2 22
2 23
1 23
0 23
1 23
2 23
2 24
2 25
2 26
1 26
2 26
1 26
0 26
0 25
1 25
0 25
1 25
1 26
0 26
1 26
2 26
2 25
3 25
4 25
4 26
3 26
2 26
3 26
4 26
3 26
3 27
3 26
3 25
2 25
1 25
0 25
0 24
0 25
1 25
0 25
0 24
0 23
1 23
2 23
2 22
2 23
2 24
2 23
1 23
1 22
1 21
1 22
0 22
1 22
1 21
1 20
1 21
1 22
1 23
1 24
1 23
2 23
2 24
2 25
2 26
1 26
1 25
0 25
1 25
0 25
0 24
0 23
0 22
1 22
0 22
0 23
0 24
0 25
0 26
0 25
0 24
0 25
1 25
0 25
0 24
0 25
1 25
1 26
1 27
2 27
2 26
3 26
2 26
2 27
3 27
2 27
1 27
0 27
0 26
0 27
0 28
0 27
1 27
2 27
3 27
2 27
2 26
2 25
1 25
2 25
3 25
4 25
5 25
5 26
6 26
5 26
4 26
5 26
5 27
5 28
4 28
4 27
4 28
5 28
5 27
5 26
5 27
5 28
5 27
6 27
6 28
5 28
4 28
5 28
6 28
5 28
6 28
6 27
6 28
6 29
5 29
6 29
5 29
5 30
6 30
7 30
7 29
8 29
8 30
8 31
9 31
10 31
10 30
10 31
10 32
10 33
11 33
10 33
9 33
10 33
10 34
10 35
9 35
9 34
10 34
10 35
10 34
10 35
10 36
11 36
11 37
12 37
12 38
12 37
12 38
13 38
12 38
12 39
12 40
13 40
13 41
12 41
12 40
12 39
12 40
11 40
12 40
12 41
12 40
12 41
12 40
13 40
13 39
13 40
12 40
13 40
13 41
13 40
13 41
12 41
13 41
13 40
13 39
13 40
13 39
13 38
13 39
12 39
11 39
12 39
12 40
11 40
10 40
11 40
10 40
11 40
11 39
10 39
10 38
9 38
9 37
8 37
8 36
8 35
8 34
7 34
8 34
9 34
10 34
10 33
10 34
11 34
12 34
12 33
11 33
11 34
11 35
11 36
10 36
9 36
8 36
8 37
8 36
8 37
7 37
7 36
6 36
6 37
6 36
6 37
7 37
7 38
8 38
8 37
7 37
7 36
8 36
8 35
7 35
6 35
6 34
6 33
7 33
7 32
6 32
6 33
7 33
6 33
7 33
8 33
8 34
8 33
8 34
8 35
7 35
7 34
6 34
7 34
7 35
8 35
8 36
7 36
6 36
5 36
5 35
4 35
3 35
3 34
3 35
2 35
2 34
1 34
1 35
2 35
3 35
3 36
2 36
2 35
2 36
2 35
3 35
3 36
2 36
3 36
4 36
4 35
5 35
6 35
6 34
7 34
7 33
7 32
7 33
7 34
8 34
7 34
6 34
6 33
6 32
6 31
6 32
6 31
6 30
6 31
5 31
5 30
4 30
4 31
4 30
5 30
5 29
5 30
4 30
3 30
3 29
3 28
4 28
5 28
4 28
4 27
3 27
3 26
3 25
4 25
3 25
2 25
3 25
3 24
2 24
2 25
1 25
2 25
3 25
2 25
1 25
1 24
2 24
2 23
1 23
1 22
1 23
1 24
1 23
1 24
2 24
2 23
1 23
1 22
2 22
2 21
3 21
3 22
3 21
2 21
1 21
1 20
1 21
1 20
2 20
3 20
3 21
2 21
3 21
4 21
5 21
5 20
5 19
6 19
6 20
6 19
6 18
6 19
7 19
6 19
6 18
6 19
5 19
6 19
6 20
6 21
7 21
7 22
6 22
7 22
8 22
7 22
8 22
9 22
8 22
9 22
8 22
7 22
6 22
6 21
5 21
6 21
7 21
8 21
8 20
9 20
9 21
8 21
7 21
8 21
7 21
6 21
5 21
6 21
7 21
7 20
7 19
6 19
7 19
6 19
7 19
7 18
7 17
8 17
8 16
8 15
9 15
9 14
10 14
10 15
11 15
11 16
10 16
10 15
9 15
10 15
11 15
11 14
11 15
11 14
11 13
10 13
10 12
9 12
8 12
8 13
8 14
8 15
9 15
9 14
9 13
8 13
7 13
8 13
8 12
9 12
10 12
9 12
9 13
10 13
9 13
10 13
10 12
10 11
10 10
10 11
10 10
10 9
9 9
8 9
9 9
9 10
10 10
9 10
9 11
8 11
9 11
8 11
9 11
8 11
7 11
7 10
6 10
6 9
7 9
7 8
6 8
5 8
6 8
6 7
