0 0
0 1
0 0
1 0
1 1
2 1
3 1
3 2
3 1
2 1
2 2
2 3
2 4
3 4
3 5
4 5
4 6
4 5
4 6
5 6
4 6
3 6
3 5
3 4
4 4
4 5
4 6
4 5
3 5
3 4
4 4
4 5
5 5
4 5
5 5
5 6
5 5
5 6
5 5
5 6
6 6
5 6
5 5
5 4
6 4
7 4
8 4
9 4
9 5
10 5
9 5
9 6
9 7
9 6
9 5
9 4
9 5
8 5
9 5
8 5
8 4
7 4
7 3
6 3
5 3
5 4
6 4
6 5
5 5
6 5
7 5
7 6
8 6
9 6
8 6
8 7
9 7
8 7
8 8
7 8
8 8
8 9
7 9
7 8
7 9
8 9
7 9
7 8
7 7
7 8
6 8
6 7
6 6
6 5
7 5
7 4
6 4
6 5
6 4
6 3
6 2
5 2
5 3
4 3
5 3
4 3
4 2
5 2
5 3
6 3
6 4
6 3
7 3
7 2
6 2
7 2
8 2
8 1
8 2
8 3
8 2
8 3
9 3
8 3
8 4
8 3
8 2
8 1
7 1
7 2
6 2
6 3
6 2
6 3
6 2
6 3
5 3
6 3
7 3
6 3
6 4
6 3
5 3
4 3
4 4
3 4
3 5
4 5
5 5
5 4
5 5
5 4
6 4
6 3
6 2
5 2
6 2
5 2
5 1
5 2
4 2
5 2
5 1
5 2
5 3
6 3
5 3
5 4
4 4
4 3
3 3
3 4
3 5
2 5
1 5
1 4
0 4
1 4
1 5
0 5
0 6
0 5
0 4
1 4
0 4
0 5
1 5
1 4
0 4
0 5
0 6
0 7
1 7
1 6
0 6
0 5
0 6
0 7
0 6
0 7
1 7
2 7
3 7
2 7
2 6
3 6
3 7
3 8
4 8
4 7
5 7
4 7
5 7
5 6
6 6
6 7
6 6
6 7
7 7
6 7
5 7
5 6
6 6
6 5
6 6
7 6
7 7
7 6
7 7
6 7
6 8
6 9
7 9
8 9
8 10
8 11
8 10
7 10
7 9
8 9
7 9
7 8
7 7
7 6
6 6
6 5
6 4
5 4
5 5
6 5
5 5
4 5
4 4
4 5
5 5
5 4
5 5
5 4
6 4
5 4
6 4
6 5
5 5
5 6
5 7
5 6
4 6
4 7
4 8
5 8
5 7
5 8
4 8
3 8
2 8
3 8
4 8
4 7
5 7
6 7
6 6
5 6
6 6
7 6
7 5
7 6
7 5
7 4
8 4
8 5
9 5
10 5
9 5
9 4
9 3
9 2
10 2
9 2
9 1
10 1
10 2
10 3
10 2
10 3
11 3
12 3
12 4
12 3
12 4
12 5
12 6
12 5
13 5
14 5
15 5
15 6
16 6
15 6
14 6
15 6
15 7
16 7
17 7
17 8
18 8
18 9
18 10
17 10
18 10
18 11
18 10
18 11
17 11
18 11
17 11
17 10
16 10
16 11
16 10
16 11
16 10
16 9
15 9
15 8
16 8
16 7
16 6
17 6
16 6
15 6
15 7
16 7
15 7
16 7
15 7
16 7
16 8
15 8
16 8
17 8
16 8
15 8
15 9
14 9
13 9
13 10
14 10
15 10
15 11
16 11
17 11
18 11
17 11
17 12
18 12
19 12
20 12
20 13
19 13
18 13
18 12
17 12
16 12
17 12
17 11
16 11
16 12
16 13
16 14
16 15
17 15
18 15
18 14
19 14
20 14
19 14
19 13
20 13
20 12
21 12
21 11
21 12
22 12
22 11
22 12
23 12
22 12
21 12
21 11
22 11
23 11
24 11
24 10
24 9
25 9
26 9
25 9
24 9
24 10
24 11
23 11
24 11
25 11
25 10
24 10
24 9
25 9
24 9
24 10
24 9
24 10
24 9
24 10
25 10
24 10
24 11
24 10
24 11
24 10
25 10
26 10
26 11
27 11
27 10
27 9
27 8
27 9
28 9
27 9
27 8
27 7
26 7
26 8
26 9
25 9
26 9
27 9
27 8
26 8
25 8
25 7
24 7
24 6
23 6
24 6
24 5
24 6
25 6
26 6
26 5
27 5
27 6
27 5
27 6
27 7
28 7
28 6
27 6
27 7
28 7
27 7
26 7
26 8
27 8
27 7
26 7
26 8
25 8
24 8
24 7
24 6
24 7
24 8
24 7
24 6
24 5
24 4
23 4
23 3
24 3
24 4
23 4
22 4
23 4
23 5
23 6
22 6
21 6
20 6
19 6
20 6
21 6
22 6
22 5
23 5
23 4
24 4
23 4
23 3
22 3
22 4
22 5
22 6
22 7
21 7
22 7
23 7
24 7
25 7
25 8
25 9
25 8
25 9
25 8
26 8
26 7
25 7
26 7
27 7
27 8
26 8
27 8
27 9
27 10
27 11
28 11
28 10
28 11
28 12
28 11
27 11
27 12
26 12
26 13
25 13
26 13
26 12
26 11
27 11
27 10
28 10
27 10
27 11
27 12
28 12
29 12
30 12
31 12
32 12
32 13
32 14
31 14
32 14
32 15
31 15
32 15
31 15
32 15
32 14
32 13
31 13
31 12
31 13
32 13
32 12
32 13
33 13
32 13
33 13
34 13
35 13
34 13
33 13
33 12
32 12
32 13
32 12
32 13
32 14
31 14
32 14
32 15
32 14
32 13
32 14
31 14
31 13
30 13
30 12
30 13
29 13
30 13
31 13
31 12
30 12
30 11
30 12
30 13
30 14
30 13
30 12
29 12
29 11
29 12
29 11
29 12
28 12
27 12
27 13
26 13
27 13
26 13
26 12
26 11
26 12
25 12
26 12
27 12
26 12
25 12
25 13
25 12
26 12
26 13
26 12
27 12
26 12
27 12
28 12
29 12
30 12
30 11
29 11
29 12
29 13
30 13
31 13
30 13
29 13
28 13
28 14
28 15
28 14
28 15
27 15
27 16
27 15
27 14
27 13
28 13
28 12
27 12
27 13
28 13
27 13
26 13
25 13
25 12
25 13
26 13
27 13
27 14
27 13
28 13
28 14
28 15
28 16
28 17
28 16
28 15
28 16
28 15
28 16
27 16
26 16
26 15
26 14
25 14
26 14
27 14
27 15
27 16
27 17
27 18
27 17
26 17
26 16
26 15
27 15
27 16
27 15
27 14
26 14
27 14
28 14
28 13
28 12
28 13
27 13
27 14
28 14
27 14
26 14
25 14
24 14
24 15
24 16
24 15
24 16
24 17
25 17
24 17
24 18
24 17
24 18
25 18
25 19
25 20
25 21
25 20
26 20
26 21
25 21
26 21
26 22
27 22
27 21
27 20
28 20
28 21
28 22
28 23
29 23
29 24
29 25
30 25
31 25
32 25
32 24
31 24
32 24
32 23
32 22
33 22
33 23
34 23
33 23
32 23
33 23
34 23
34 22
34 21
35 21
34 21
35 21
35 22
34 22
34 21
35 21
35 20
36 20
36 21
36 20
36 19
35 19
34 19
35 19
36 19
35 19
35 20
35 19
35 20
36 20
37 20
38 20
39 20
39 21
40 21
41 21
40 21
39 21
40 21
39 21
38 21
38 22
38 23
39 23
39 22
40 22
41 22
41 21
41 22
40 22
40 23
39 23
39 22
39 23
39 24
40 24
39 24
39 25
39 24
39 23
38 23
37 23
37 24
36 24
35 24
35 25
35 24
34 24
34 23
34 24
34 23
34 24
35 24
35 23
35 24
34 24
35 24
34 24
35 24
35 23
34 23
34 24
34 25
33 25
33 26
33 27
32 27
32 28
32 29
33 29
34 29
34 30
34 31
34 30
34 29
34 30
35 30
35 29
34 29
34 30
35 30
35 29
35 28
34 28
34 27
34 28
34 29
33 29
33 30
33 31
33 32
32 32
31 32
30 32
29 32
28 32
28 33
28 34
28 35
29 35
29 34
28 34
28 35
28 34
29 34
30 34
29 34
30 34
29 34
28 34
28 35
27 35
26 35
25 35
25 36
24 36
25 36
26 36
26 37
26 38
26 37
25 37
25 36
24 36
24 37
24 36
24 35
25 35
25 36
25 35
25 34
25 33
24 33
23 33
24 33
24 34
23 34
24 34
23 34
24 34
24 35
24 34
23 34
22 34
23 34
22 34
21 34
20 34
20 35
20 36
21 36
21 37
21 38
21 39
21 38
21 37
21 36
20 36
20 37
19 37
20 37
19 37
19 38
19 39
18 39
19 39
18 39
17 39
17 40
16 40
17 40
17 39
18 39
18 38
19 38
19 37
18 37
18 38
19 38
19 37
19 36
19 37
18 37
18 36
17 36
17 37
16 37
16 36
16 37
16 36
17 36
18 36
18 35
18 34
18 33
19 33
19 34
20 34
20 33
19 33
19 32
18 32
17 32
17 31
17 30
17 31
17 30
17 29
18 29
19 29
19 28
19 27
19 28
19 29
18 29
17 29
16 29
