0 0
1 0
2 0
1 0
2 0
3 0
4 0
5 0
5 1
5 0
4 0
4 1
5 1
5 0
5 1
6 1
7 1
7 2
7 3
8 3
9 3
8 3
8 4
8 5
7 5
6 5
7 5
7 6
6 6
5 6
5 5
6 5
5 5
4 5
3 5
2 5
2 6
2 7
1 7
1 6
1 5
1 6
1 7
1 8
1 7
1 8
1 7
1 8
2 8
1 8
0 8
1 8
1 9
1 10
0 10
0 9
0 10
0 9
1 9
0 9
1 9
0 9
1 9
2 9
3 9
4 9
3 9
4 9
3 9
2 9
2 8
1 8
2 8
2 7
2 8
3 8
4 8
4 7
3 7
4 7
4 6
5 6
4 6
5 6
4 6
4 5
4 6
5 6
5 7
5 8
5 7
4 7
5 7
6 7
6 6
5 6
4 6
5 6
5 7
5 8
6 8
7 8
7 9
7 10
7 9
7 10
7 9
8 9
7 9
8 9
8 10
9 10
10 10
10 11
11 11
10 11
10 10
11 10
11 11
11 12
12 12
12 13
11 13
11 14
10 14
9 14
9 15
9 14
9 15
8 15
7 15
7 14
8 14
9 14
10 14
10 13
10 14
10 13
10 14
9 14
9 15
9 14
9 15
9 14
10 14
11 14
11 15
11 14
10 14
9 14
9 15
8 15
9 15
8 15
7 15
8 15
7 15
8 15
7 15
7 14
8 14
8 13
8 12
8 11
8 10
8 11
8 12
8 11
8 12
8 13
8 12
7 12
7 13
6 13
5 13
6 13
5 13
6 13
7 13
6 13
5 13
6 13
5 13
5 12
6 12
6 11
5 11
5 10
5 11
6 11
6 12
5 12
5 13
5 14
6 14
5 14
4 14
4 15
3 15
2 15
3 15
2 15
2 16
1 16
1 17
1 18
2 18
2 17
1 17
1 18
0 18
0 19
0 20
0 21
0 20
0 21
0 22
0 23
1 23
1 22
1 23
1 24
0 24
1 24
1 25
1 24
0 24
0 25
0 26
0 25
0 24
0 23
1 23
0 23
1 23
2 23
2 22
3 22
3 21
3 22
4 22
5 22
6 22
6 21
6 20
6 19
6 20
6 19
5 19
4 19
5 19
6 19
6 20
7 20
7 19
8 19
8 18
9 18
9 17
9 16
9 15
9 16
8 16
9 16
9 17
8 17
7 17
8 17
8 16
8 17
7 17
7 16
6 16
5 16
5 15
6 15
6 16
6 17
7 17
8 17
9 17
9 18
10 18
11 18
11 17
11 18
10 18
10 17
10 16
10 15
10 16
10 15
10 14
10 15
10 14
10 13
10 14
10 13
11 13
12 13
12 14
12 13
12 12
13 12
13 13
12 13
13 13
13 14
13 15
12 15
11 15
10 15
9 15
10 15
10 16
9 16
9 17
9 16
9 17
9 18
9 19
8 19
8 18
8 19
7 19
7 20
8 20
8 19
8 18
8 19
8 20
8 21
9 21
8 21
8 20
8 21
8 22
7 22
7 21
7 22
7 23
8 23
7 23
8 23
8 24
8 25
7 25
6 25
6 24
5 24
4 24
3 24
3 23
3 24
4 24
4 23
4 22
5 22
5 23
6 23
6 24
7 24
8 24
8 25
7 25
8 25
9 25
9 26
9 27
8 27
8 28
9 28
8 28
8 29
7 29
8 29
8 30
9 30
9 29
10 29
11 29
11 28
10 28
10 27
10 28
10 27
9 27
9 28
10 28
11 28
11 27
12 27
13 27
13 26
14 26
14 27
14 28
14 29
14 28
14 27
14 26
14 27
14 28
15 28
14 28
14 29
15 29
15 30
16 30
16 29
16 28
15 28
16 28
15 28
16 28
17 28
17 29
17 28
17 29
17 30
17 31
17 32
17 33
17 32
17 31
16 31
17 31
18 31
18 30
18 29
18 30
17 30
16 30
17 30
18 30
19 30
20 30
20 31
21 31
21 30
20 30
20 29
19 29
20 29
19 29
19 30
18 30
18 29
19 29
18 29
18 30
18 31
18 32
18 31
18 32
18 33
18 34
18 33
17 33
17 34
17 35
17 34
16 34
16 33
16 34
16 35
15 35
15 36
16 36
16 37
17 37
17 36
17 35
17 36
17 37
18 37
19 37
18 37
18 36
19 36
20 36
20 35
19 35
20 35
20 34
20 33
20 32
21 32
21 33
20 33
20 34
20 35
20 34
21 34
20 34
21 34
20 34
19 34
20 34
19 34
18 34
17 34
17 33
18 33
19 33
18 33
17 33
17 34
16 34
16 33
17 33
17 32
17 33
17 32
17 33
18 33
18 34
18 35
19 35
19 36
18 36
18 35
18 36
17 36
17 37
17 36
16 36
16 35
15 35
14 35
15 35
14 35
13 35
12 35
13 35
12 35
12 36
12 37
12 38
13 38
13 37
12 37
12 36
11 36
10 36
10 37
11 37
12 37
13 37
14 37
14 38
14 39
14 40
14 39
14 40
15 40
15 39
14 39
15 39
16 39
15 39
14 39
13 39
13 38
13 39
13 38
14 38
15 38
15 39
16 39
17 39
17 38
18 38
19 38
19 37
19 38
20 38
20 37
20 36
19 36
19 35
18 35
18 36
17 36
18 36
17 36
16 36
16 37
15 37
15 36
16 36
16 37
17 37
17 38
17 39
16 39
17 39
17 40
18 40
18 41
17 41
18 41
19 41
20 41
21 41
21 42
21 41
20 41
19 41
20 41
21 41
21 40
21 39
20 39
19 39
19 40
20 40
19 40
19 41
18 41
19 41
19 42
19 43
18 43
18 42
17 42
17 43
17 44
16 44
16 45
16 46
17 46
18 46
17 46
17 45
16 45
16 46
16 45
16 46
16 45
15 45
14 45
14 46
14 45
13 45
13 46
13 45
14 45
14 46
15 46
14 46
14 45
14 44
13 44
13 45
13 44
13 45
12 45
13 45
13 44
14 44
13 44
13 45
13 46
13 45
13 46
13 45
13 44
12 44
12 43
13 43
12 43
13 43
14 43
14 44
14 43
15 43
14 43
15 43
15 42
14 42
14 43
14 42
14 43
15 43
14 43
14 42
14 41
14 40
13 40
13 39
12 39
11 39
10 39
11 39
11 38
10 38
10 37
9 37
9 38
9 39
10 39
9 39
9 40
9 39
9 38
8 38
7 38
6 38
6 37
7 37
8 37
8 36
7 36
7 37
8 37
7 37
7 36
6 36
5 36
5 35
5 34
5 35
4 35
4 36
3 36
2 36
2 37
3 37
3 36
3 37
3 36
4 36
4 35
4 34
4 33
3 33
3 32
3 31
3 32
3 33
3 32
3 33
3 34
3 35
4 35
3 35
4 35
5 35
4 35
3 35
3 34
3 33
3 32
2 32
3 32
3 33
3 34
2 34
2 33
3 33
4 33
5 33
5 32
5 33
5 34
5 33
6 33
6 32
5 32
5 31
4 31
4 30
4 29
3 29
2 29
2 28
2 27
1 27
2 27
1 27
1 28
0 28
0 27
1 27
1 26
0 26
0 25
1 25
1 24
2 24
2 23
2 22
1 22
0 22
1 22
2 22
2 21
2 20
3 20
2 20
2 19
3 19
3 20
3 19
3 18
3 19
3 20
2 20
2 19
1 19
1 20
0 20
1 20
1 19
0 19
1 19
2 19
1 19
2 19
2 18
2 19
2 20
2 21
1 21
1 20
2 20
2 19
3 19
2 19
2 20
2 19
3 19
3 18
4 18
5 18
5 17
5 16
4 16
3 16
3 15
3 14
3 15
3 14
3 15
2 15
3 15
2 15
1 15
2 15
1 15
1 14
1 15
0 15
1 15
1 14
1 15
1 14
1 13
2 13
1 13
2 13
3 13
3 14
3 13
2 13
2 12
1 12
0 12
0 11
1 11
1 10
1 9
2 9
1 9
1 10
1 11
2 11
3 11
4 11
5 11
6 11
6 10
6 11
7 11
6 11
6 12
5 12
5 13
4 13
4 14
3 14
3 15
2 15
3 15
3 16
2 16
3 16
3 15
4 15
4 16
4 15
3 15
3 16
3 17
4 17
4 16
4 15
4 14
4 13
3 13
2 13
1 13
2 13
2 14
2 15
3 15
3 14
2 14
2 15
2 14
1 14
1 13
1 12
0 12
0 11
1 11
1 12
1 11
1 12
0 12
0 11
1 11
0 11
0 10
1 10
0 10
0 9
1 9
1 10
1 11
2 11
2 12
2 13
2 14
2 13
1 13
0 13
1 13
1 14
1 13
2 13
1 13
1 14
2 14
3 14
3 15
3 14
4 14
5 14
4 14
5 14
5 13
5 12
5 13
5 14
6 14
5 14
6 14
5 14
5 15
6 15
7 15
7 16
8 16
8 15
7 15
7 14
7 15
8 15
8 16
8 15
9 15
10 15
9 15
8 15
7 15
7 16
6 16
5 16
5 15
5 14
6 14
5 14
6 14
7 14
8 14
8 13
8 14
8 15
