0 0
0 1
1 1
0 1
1 1
0 1
1 1
1 2
1 3
1 2
2 2
2 1
3 1
4 1
3 1
2 1
2 2
2 3
1 3
1 4
0 4
1 4
1 5
0 5
1 5
2 5
2 4
3 4
3 3
2 3
2 4
2 3
1 3
1 4
1 3
2 3
3 3
4 3
4 4
5 4
5 5
5 6
5 7
5 6
6 6
5 6
4 6
5 6
5 7
4 7
3 7
4 7
5 7
5 6
6 6
5 6
5 7
4 7
4 8
4 7
5 7
5 8
4 8
3 8
3 7
3 6
3 5
2 5
1 5
0 5
1 5
1 6
0 6
1 6
2 6
1 6
0 6
0 5
1 5
2 5
3 5
4 5
4 6
4 5
3 5
3 6
4 6
3 6
3 7
2 7
2 8
2 7
1 7
1 6
2 6
3 6
3 5
3 4
2 4
3 4
3 5
3 6
2 6
1 6
0 6
0 7
1 7
0 7
1 7
0 7
1 7
1 6
0 6
1 6
1 7
1 8
2 8
2 7
3 7
3 8
2 8
2 9
3 9
2 9
2 10
3 10
2 10
2 11
2 12
1 12
0 12
0 11
0 10
0 9
1 9
1 10
1 11
1 10
1 9
1 10
2 10
3 10
3 11
3 12
3 13
4 13
3 13
3 12
4 12
4 13
3 13
2 13
2 14
1 14
0 14
0 15
1 15
1 14
1 13
1 12
1 11
1 10
1 11
1 12
2 12
2 13
2 14
1 14
2 14
2 15
3 15
3 14
2 14
1 14
2 14
2 13
2 12
1 12
0 12
0 13
1 13
1 14
1 13
2 13
1 13
2 13
2 14
2 15
3 15
3 14
3 15
3 16
3 17
3 18
4 18
3 18
4 18
3 18
3 19
2 19
2 18
1 18
0 18
0 17
0 16
1 16
1 15
1 16
2 16
2 15
2 14
2 13
3 13
3 14
4 14
4 13
5 13
5 12
5 13
6 13
7 13
7 12
7 11
8 11
8 12
7 12
8 12
7 12
7 13
7 14
6 14
7 14
7 15
8 15
8 16
9 16
9 15
9 16
9 15
10 15
10 14
10 15
9 15
9 16
10 16
9 16
9 17
8 17
8 18
7 18
7 17
7 18
8 18
7 18
6 18
7 18
6 18
7 18
7 17
7 18
8 18
8 17
9 17
10 17
11 17
10 17
11 17
10 17
10 18
10 19
10 20
11 20
12 20
11 20
10 20
10 19
11 19
10 19
10 18
10 19
10 20
11 20
11 21
11 22
12 22
13 22
12 22
12 23
13 23
13 22
13 21
13 20
13 21
14 21
13 21
13 22
12 22
13 22
13 21
12 21
12 22
11 22
11 21
10 21
10 22
11 22
11 23
12 23
12 22
13 22
12 22
11 22
12 22
12 23
12 24
11 24
10 24
10 25
11 25
11 24
11 25
12 25
12 26
11 26
10 26
11 26
10 26
9 26
9 27
9 28
8 28
8 29
8 30
9 30
10 30
10 29
10 28
10 27
10 28
10 29
10 28
10 27
9 27
9 28
8 28
7 28
6 28
6 29
6 28
6 27
7 27
6 27
5 27
5 28
4 28
5 28
6 28
7 28
8 28
8 29
9 29
10 29
11 29
12 29
13 29
13 30
14 30
14 29
14 30
15 30
14 30
15 30
14 30
14 31
14 30
13 30
12 30
12 31
11 31
12 31
12 32
11 32
11 31
11 30
11 31
11 32
11 33
12 33
13 33
13 34
13 33
12 33
13 33
13 32
14 32
13 32
13 33
13 34
14 34
14 35
15 35
16 35
16 36
16 35
15 35
15 34
14 34
14 33
15 33
16 33
16 32
17 32
16 32
16 31
15 31
16 31
16 32
15 32
16 32
17 32
17 33
18 33
18 34
18 33
17 33
17 32
17 33
18 33
18 34
18 33
17 33
17 34
16 34
15 34
14 34
13 34
13 33
14 33
15 33
16 33
16 32
16 33
16 32
16 31
16 30
16 31
15 31
16 31
17 31
17 32
16 32
16 33
17 33
16 33
16 34
16 35
16 36
16 37
15 37
16 37
17 37
17 36
16 36
15 36
15 37
14 37
14 36
13 36
12 36
12 35
12 36
12 35
13 35
13 36
13 35
13 34
14 34
14 33
14 32
13 32
13 31
12 31
13 31
13 30
14 30
15 30
15 29
14 29
15 29
15 30
14 30
15 30
15 31
15 32
14 32
14 33
14 32
15 32
15 31
15 30
15 29
15 30
14 30
14 31
15 31
15 30
15 29
15 30
14 30
14 29
14 28
15 28
15 27
16 27
16 28
15 28
14 28
13 28
14 28
13 28
14 28
15 28
15 29
16 29
15 29
14 29
15 29
15 30
16 30
15 30
15 29
16 29
15 29
15 30
15 29
16 29
16 30
16 29
15 29
16 29
16 30
16 29
17 29
17 30
17 31
17 32
18 32
18 33
18 32
18 31
18 32
19 32
20 32
20 31
20 30
19 30
19 29
18 29
18 30
18 29
17 29
16 29
17 29
17 28
17 29
16 29
17 29
18 29
18 28
18 29
19 29
20 29
21 29
21 30
21 31
22 31
23 31
23 32
23 31
22 31
23 31
23 30
22 30
22 31
22 30
22 31
21 31
21 30
22 30
23 30
23 31
24 31
24 30
24 31
23 31
24 31
24 32
25 32
26 32
26 33
26 32
26 33
26 32
26 33
26 34
26 35
26 34
26 35
27 35
27 34
28 34
28 33
28 34
27 34
28 34
28 35
29 35
30 35
30 36
30 35
29 35
29 34
29 35
29 34
30 34
30 35
30 34
29 34
30 34
29 34
28 34
29 34
29 35
28 35
28 34
28 35
27 35
27 36
27 35
27 34
27 35
27 34
27 35
26 35
26 36
26 35
25 35
24 35
23 35
23 36
22 36
22 35
22 36
22 37
22 36
22 37
23 37
23 38
22 38
22 37
21 37
21 38
21 39
21 38
21 39
21 38
21 37
21 38
21 37
21 38
22 38
22 37
22 36
21 36
21 35
21 36
21 37
21 38
20 38
19 38
18 38
17 38
17 37
16 37
16 38
16 37
17 37
18 37
19 37
19 36
19 35
19 36
18 36
17 36
17 35
18 35
18 34
18 33
18 32
19 32
20 32
20 33
20 34
20 33
19 33
20 33
20 32
20 31
20 30
20 29
20 28
21 28
20 28
20 29
20 28
20 27
20 28
19 28
20 28
19 28
19 29
20 29
19 29
20 29
19 29
18 29
18 28
18 29
17 29
18 29
17 29
17 30
17 31
17 32
17 31
16 31
15 31
14 31
13 31
13 32
13 33
13 32
13 31
13 32
12 32
12 33
13 33
12 33
12 34
13 34
13 35
13 36
14 36
14 35
14 34
14 33
15 33
16 33
16 32
17 32
17 33
16 33
15 33
16 33
17 33
17 32
16 32
16 33
15 33
16 33
16 34
17 34
17 35
17 34
17 35
17 36
17 37
18 37
19 37
19 38
18 38
18 37
17 37
17 38
17 37
16 37
17 37
18 37
18 36
18 35
18 34
19 34
20 34
20 35
20 36
21 36
21 35
21 36
21 37
21 38
21 37
21 38
21 39
21 40
21 39
21 40
21 39
21 38
22 38
22 39
21 39
20 39
20 38
21 38
20 38
21 38
20 38
20 37
20 38
20 39
19 39
19 38
20 38
19 38
19 39
20 39
19 39
19 40
19 41
20 41
19 41
20 41
20 40
20 39
20 40
19 40
20 40
20 39
21 39
22 39
22 38
23 38
24 38
24 37
24 38
24 37
23 37
23 36
24 36
23 36
23 35
23 36
23 35
23 34
22 34
23 34
23 33
23 32
23 31
23 30
23 31
23 30
22 30
21 30
22 30
22 31
22 30
22 31
22 30
22 29
21 29
20 29
21 29
21 30
21 29
20 29
19 29
19 28
18 28
17 28
18 28
18 27
18 26
18 25
19 25
19 26
20 26
20 25
21 25
20 25
20 24
21 24
20 24
21 24
21 23
21 22
22 22
23 22
22 22
22 23
22 24
22 23
22 24
21 24
21 25
20 25
20 26
20 27
21 27
21 26
21 25
22 25
21 25
21 24
22 24
22 25
22 26
21 26
22 26
23 26
24 26
23 26
24 26
25 26
26 26
26 25
27 25
27 26
28 26
28 25
28 26
28 27
29 27
30 27
29 27
30 27
30 28
29 28
29 29
29 30
29 31
29 30
28 30
28 31
28 30
28 29
27 29
28 29
28 28
28 27
27 27
27 26
27 25
28 25
28 24
28 23
28 24
29 24
30 24
29 24
29 25
28 25
29 25
30 25
29 25
30 25
30 26
31 26
31 27
32 27
31 27
31 28
30 28
30 29
30 30
31 30
31 31
31 32
31 31
31 32
31 31
31 32
31 33
30 33
31 33
32 33
32 32
32 33
32 32
32 31
32 32
33 32
32 32
33 32
33 33
34 33
34 34
35 34
35 35
34 35
