0 0
1 0
0 0
0 1
0 2
0 3
1 3
1 4
1 5
0 5
0 6
1 6
1 7
0 7
1 7
2 7
2 8
2 9
2 8
2 9
2 8
2 9
3 9
4 9
5 9
5 8
5 7
5 6
6 6
6 7
7 7
7 8
6 8
6 9
6 8
6 9
6 8
6 7
7 7
7 6
7 7
7 8
8 8
9 8
9 7
8 7
8 6
8 7
8 6
9 6
8 6
7 6
7 5
6 5
6 6
7 6
6 6
5 6
6 6
6 5
7 5
7 6
7 7
6 7
6 6
6 5
6 4
6 3
6 2
7 2
7 1
8 1
7 1
7 2
6 2
5 2
4 2
5 2
4 2
4 1
5 1
5 2
5 1
4 1
4 0
4 1
4 0
5 0
5 1
4 1
3 1
3 0
3 1
3 0
3 1
2 1
3 1
2 1
3 1
3 0
4 0
5 0
6 0
5 0
5 1
6 1
6 0
7 0
6 0
6 1
5 1
5 0
5 1
4 1
4 0
4 1
4 2
4 3
5 3
5 2
5 1
5 2
6 2
5 2
6 2
5 2
5 3
5 2
5 1
6 1
5 1
5 0
5 1
4 1
3 1
3 0
3 1
3 0
2 0
2 1
3 1
4 1
4 0
4 1
5 1
6 1
6 0
7 0
7 1
6 1
6 0
6 1
6 2
6 1
7 1
6 1
6 0
6 1
6 2
7 2
8 2
9 2
9 1
9 0
9 1
8 1
8 0
7 0
7 1
7 2
7 1
6 1
6 2
6 1
6 0
5 0
5 1
6 1
7 1
8 1
8 0
8 1
8 2
8 3
8 4
7 4
8 4
8 5
8 4
7 4
7 5
6 5
5 5
4 5
4 4
3 4
3 3
4 3
5 3
4 3
4 4
3 4
3 5
2 5
3 5
2 5
2 6
3 6
4 6
5 6
6 6
7 6
7 7
7 6
7 7
7 8
7 7
6 7
6 6
6 5
5 5
6 5
6 6
5 6
6 6
7 6
7 5
8 5
8 6
7 6
6 6
6 7
6 8
6 9
7 9
8 9
7 9
7 8
6 8
6 9
5 9
4 9
4 8
5 8
5 9
4 9
4 10
4 9
3 9
3 10
3 11
4 11
4 10
5 10
6 10
6 11
6 12
7 12
8 12
8 11
9 11
9 10
9 11
8 11
9 11
9 10
8 10
9 10
9 9
9 10
9 9
10 9
10 10
9 10
9 11
9 10
8 10
8 9
8 8
9 8
8 8
7 8
7 9
6 9
6 8
6 9
7 9
6 9
6 8
5 8
6 8
6 9
6 8
6 7
7 7
7 6
6 6
5 6
6 6
6 5
6 4
6 5
6 4
7 4
7 3
7 2
6 2
7 2
8 2
8 3
8 2
8 1
8 0
7 0
8 0
8 1
8 2
7 2
8 2
8 3
8 4
7 4
7 5
7 6
6 6
7 6
7 5
8 5
8 6
7 6
7 7
6 7
7 7
7 6
7 5
8 5
7 5
7 6
6 6
6 5
5 5
4 5
4 6
4 5
4 6
3 6
2 6
1 6
1 7
2 7
2 6
1 6
1 7
1 8
2 8
2 7
2 8
1 8
2 8
3 8
4 8
4 7
4 6
5 6
5 7
4 7
3 7
3 8
3 7
2 7
3 7
3 6
2 6
3 6
4 6
4 5
4 4
3 4
2 4
2 5
3 5
2 5
3 5
3 4
3 5
2 5
2 6
2 5
2 6
2 7
3 7
3 6
2 6
1 6
0 6
0 5
1 5
2 5
2 4
1 4
2 4
1 4
1 5
0 5
1 5
2 5
3 5
3 6
2 6
2 5
1 5
0 5
0 4
0 5
0 4
1 4
2 4
2 5
1 5
1 6
1 5
2 5
2 6
2 7
1 7
1 8
0 8
0 9
1 9
0 9
0 8
0 9
1 9
0 9
0 10
0 11
1 11
1 10
1 11
1 10
2 10
3 10
2 10
2 9
2 8
3 8
3 7
3 8
3 9
3 8
4 8
5 8
5 7
6 7
6 8
6 9
5 9
5 8
5 7
5 6
5 5
5 4
5 3
6 3
5 3
4 3
4 4
5 4
4 4
5 4
5 3
5 4
4 4
4 3
4 2
4 3
3 3
2 3
2 2
1 2
2 2
1 2
1 3
1 2
1 3
2 3
3 3
3 2
2 2
2 3
2 4
2 3
2 2
3 2
4 2
5 2
4 2
4 3
4 2
4 3
3 3
4 3
4 4
5 4
4 4
4 3
5 3
4 3
4 4
4 5
3 5
4 5
3 5
2 5
2 6
3 6
2 6
2 5
3 5
3 4
4 4
3 4
2 4
2 5
2 6
2 5
3 5
2 5
3 5
3 6
2 6
2 7
2 6
2 7
3 7
4 7
4 8
5 8
5 7
6 7
5 7
4 7
3 7
2 7
1 7
2 7
1 7
1 8
1 7
1 6
2 6
1 6
2 6
1 6
1 5
0 5
1 5
1 6
0 6
1 6
0 6
1 6
1 5
0 5
1 5
0 5
1 5
1 6
0 6
1 6
2 6
3 6
4 6
4 5
4 4
5 4
5 3
6 3
7 3
8 3
8 4
8 5
8 4
8 5
7 5
8 5
8 6
9 6
8 6
8 5
8 6
7 6
7 7
7 6
6 6
6 5
6 6
7 6
7 7
7 6
6 6
6 5
6 6
6 7
6 6
5 6
5 5
5 4
4 4
5 4
6 4
6 5
6 4
6 3
5 3
4 3
4 4
4 5
5 5
5 4
5 3
6 3
6 2
5 2
4 2
5 2
4 2
3 2
2 2
2 1
2 0
3 0
3 1
3 2
4 2
5 2
4 2
4 3
3 3
3 2
3 3
3 2
3 3
3 4
2 4
1 4
1 5
1 4
1 5
2 5
2 4
1 4
2 4
2 5
2 6
2 7
1 7
1 6
1 5
2 5
3 5
3 4
4 4
4 3
4 2
4 3
5 3
6 3
7 3
7 4
6 4
5 4
6 4
6 5
6 6
7 6
7 7
7 8
8 8
8 9
7 9
7 10
7 11
6 11
6 10
6 9
5 9
4 9
4 8
5 8
4 8
4 9
3 9
4 9
3 9
4 9
3 9
3 10
4 10
3 10
3 11
4 11
4 12
5 12
5 13
5 14
5 15
5 14
5 15
6 15
5 15
5 14
4 14
4 15
4 14
3 14
3 13
4 13
4 14
4 15
5 15
5 16
5 15
5 16
6 16
6 15
6 16
5 16
6 16
6 15
6 16
6 15
6 14
7 14
8 14
8 15
7 15
6 15
5 15
5 16
5 15
4 15
4 14
3 14
3 13
3 12
2 12
2 11
3 11
3 12
4 12
4 13
5 13
5 14
6 14
6 13
5 13
6 13
6 14
7 14
8 14
7 14
7 13
6 13
6 14
6 13
7 13
6 13
6 14
5 14
6 14
7 14
7 15
7 14
7 15
8 15
8 16
9 16
10 16
10 17
10 18
10 17
10 16
10 17
11 17
11 16
10 16
11 16
11 15
11 16
11 17
12 17
13 17
13 18
14 18
15 18
15 19
15 20
14 20
13 20
13 21
14 21
14 22
15 22
16 22
16 21
16 20
16 21
16 22
17 22
17 23
17 24
17 25
16 25
16 26
16 25
16 24
17 24
16 24
15 24
15 23
14 23
15 23
15 24
14 24
15 24
14 24
13 24
13 23
12 23
13 23
13 22
14 22
15 22
15 21
15 22
16 22
16 23
17 23
18 23
18 24
18 23
18 22
19 22
18 22
17 22
18 22
19 22
19 23
20 23
19 23
18 23
19 23
18 23
18 24
18 23
18 22
18 21
19 21
19 20
19 21
19 22
18 22
18 23
18 24
17 24
16 24
17 24
17 23
18 23
17 23
18 23
19 23
18 23
18 24
18 25
18 26
19 26
18 26
19 26
18 26
19 26
19 25
20 25
20 24
20 25
20 24
20 25
21 25
21 24
20 24
21 24
21 23
22 23
21 23
22 23
23 23
24 23
24 22
23 22
22 22
22 23
23 23
23 24
23 25
22 25
23 25
23 24
22 24
22 25
22 26
22 27
22 28
22 27
21 27
21 26
21 27
21 26
21 27
21 28
21 27
20 27
20 26
21 26
22 26
22 25
22 26
22 25
22 24
23 24
22 24
23 24
23 25
23 26
24 26
25 26
25 25
26 25
25 25
24 25
23 25
22 25
22 24
22 23
21 23
22 23
23 23
22 23
21 23
20 23
20 24
19 24
18 24
19 24
19 23
18 23
17 23
16 23
15 23
14 23
14 24
13 24
13 23
13 24
13 23
12 23
12 22
11 22
10 22
11 22
11 21
12 21
13 21
14 21
14 20
15 20
15 21
15 22
14 22
14 21
14 22
13 22
13 21
12 21
12 20
13 20
13 19
12 19
12 20
12 19
11 19
11 20
11 19
12 19
12 20
12 21
11 21
12 21
12 22
11 22
