0 0
1 0
2 0
2 1
3 1
3 2
2 2
2 3
1 3
0 3
0 4
1 4
0 4
0 5
0 4
0 3
1 3
2 3
2 4
2 3
2 4
2 5
2 6
1 6
2 6
1 6
2 6
1 6
1 7
1 8
0 8
0 7
0 8
1 8
1 9
0 9
0 8
1 8
2 8
2 7
3 7
3 8
3 7
3 6
4 6
3 6
4 6
4 7
5 7
4 7
4 8
3 8
3 7
2 7
3 7
3 8
3 9
3 8
3 9
2 9
3 9
3 10
4 10
4 9
4 8
4 9
4 8
4 7
3 7
3 6
2 6
2 5
1 5
1 4
1 3
1 4
0 4
0 3
1 3
2 3
1 3
1 4
0 4
0 5
0 4
1 4
0 4
1 4
1 3
1 4
0 4
1 4
1 5
1 6
1 7
2 7
1 7
0 7
0 8
1 8
1 9
1 10
1 9
2 9
3 9
2 9
3 9
2 9
2 10
3 10
3 11
2 11
1 11
1 12
0 12
0 13
0 14
1 14
1 15
2 15
1 15
1 14
2 14
1 14
1 13
0 13
1 13
0 13
0 14
1 14
1 13
0 13
1 13
0 13
0 12
0 13
1 13
0 13
1 13
2 13
3 13
3 12
2 12
2 13
1 13
2 13
2 12
2 13
3 13
2 13
2 12
2 11
2 12
2 11
2 10
1 10
2 10
2 11
2 10
2 11
2 12
3 12
3 13
3 12
3 11
2 11
3 11
2 11
3 11
2 11
1 11
1 12
1 13
0 13
0 12
0 11
0 12
1 12
1 13
0 13
1 13
1 14
0 14
1 14
0 14
0 13
0 12
0 11
1 11
1 10
2 10
2 11
3 11
3 10
3 11
3 12
2 12
2 13
2 14
2 13
1 13
1 14
2 14
2 15
2 16
2 15
2 14
2 13
1 13
0 13
1 13
1 12
0 12
0 11
0 10
1 10
0 10
1 10
1 9
0 9
1 9
0 9
1 9
0 9
1 9
0 9
1 9
0 9
1 9
1 10
1 11
0 11
1 11
0 11
0 10
0 11
0 12
0 11
1 11
1 10
2 10
2 9
2 10
1 10
0 10
0 11
0 10
1 10
1 9
0 9
1 9
0 9
1 9
1 10
0 10
0 9
0 10
1 10
0 10
0 9
1 9
2 9
1 9
0 9
0 10
0 11
0 10
1 10
1 9
1 10
1 11
2 11
2 10
2 11
2 12
2 11
2 10
3 10
3 9
3 10
3 11
3 12
3 11
4 11
4 12
3 12
4 12
3 12
3 13
3 14
4 14
4 15
5 15
5 16
4 16
3 16
3 15
3 16
3 17
2 17
3 17
3 18
3 19
2 19
2 18
2 17
2 16
2 15
1 15
2 15
3 15
4 15
5 15
6 15
6 14
6 13
6 12
5 12
4 12
4 11
4 12
4 13
4 14
4 15
5 15
4 15
4 14
4 15
5 15
5 16
4 16
5 16
4 16
3 16
3 17
4 17
4 16
4 15
5 15
5 14
4 14
5 14
5 13
4 13
4 12
4 11
5 11
5 12
5 13
6 13
5 13
4 13
4 12
4 13
4 12
4 13
4 12
3 12
4 12
5 12
5 11
5 10
5 9
6 9
6 10
7 10
7 9
6 9
5 9
4 9
3 9
3 8
2 8
2 7
2 8
2 9
1 9
0 9
1 9
1 8
2 8
3 8
2 8
3 8
3 9
2 9
3 9
3 8
3 9
2 9
2 10
2 9
3 9
4 9
4 8
4 9
3 9
3 8
4 8
4 9
3 9
2 9
2 10
3 10
4 10
4 9
4 8
3 8
3 7
4 7
4 8
4 9
4 10
4 11
4 12
4 13
5 13
6 13
5 13
6 13
7 13
7 12
6 12
7 12
6 12
6 11
7 11
7 10
8 10
8 9
9 9
8 9
9 9
10 9
10 10
9 10
9 9
9 8
9 9
9 8
8 8
8 9
7 9
7 10
7 11
7 10
7 9
7 10
6 10
6 9
5 9
5 8
5 9
5 10
5 9
5 10
5 9
5 10
5 9
6 9
5 9
4 9
4 8
4 9
4 8
5 8
5 7
6 7
5 7
4 7
5 7
6 7
7 7
8 7
9 7
9 6
9 5
9 6
8 6
7 6
8 6
7 6
7 5
8 5
7 5
7 6
6 6
6 5
5 5
4 5
4 4
4 3
4 4
5 4
5 3
4 3
5 3
5 2
6 2
6 3
6 4
6 3
6 2
6 3
5 3
6 3
6 2
7 2
8 2
9 2
9 1
8 1
8 2
9 2
10 2
11 2
10 2
9 2
9 1
9 2
8 2
9 2
9 1
9 0
10 0
10 1
9 1
9 0
10 0
11 0
11 1
12 1
12 2
12 3
13 3
13 2
13 3
13 4
14 4
15 4
16 4
16 3
15 3
14 3
13 3
13 4
12 4
13 4
13 5
12 5
12 4
12 3
11 3
10 3
9 3
8 3
8 4
9 4
8 4
7 4
6 4
6 3
7 3
7 2
7 1
8 1
8 2
7 2
6 2
5 2
4 2
5 2
5 3
4 3
4 4
4 3
5 3
5 2
4 2
5 2
6 2
6 1
6 2
7 2
8 2
8 1
9 1
8 1
9 1
8 1
8 0
9 0
10 0
11 0
11 1
11 0
12 0
12 1
12 0
11 0
10 0
9 0
8 0
7 0
7 1
7 2
6 2
6 3
6 2
6 1
6 0
6 1
6 0
6 1
6 2
5 2
5 1
4 1
4 0
3 0
3 1
3 0
3 1
3 0
3 1
3 2
3 1
3 0
2 0
1 0
2 0
1 0
0 0
1 0
1 1
2 1
3 1
3 0
2 0
2 1
2 0
1 0
0 0
0 1
1 1
2 1
2 0
3 0
2 0
2 1
3 1
3 2
4 2
4 3
5 3
5 4
4 4
4 3
3 3
3 4
2 4
1 4
2 4
1 4
1 5
1 6
0 6
1 6
1 7
1 8
1 7
1 8
1 9
2 9
2 10
2 9
1 9
2 9
2 10
3 10
2 10
2 11
2 12
2 11
2 10
3 10
2 10
2 11
3 11
3 12
3 11
4 11
5 11
6 11
5 11
5 10
6 10
6 9
5 9
5 10
5 11
5 12
4 12
4 11
3 11
4 11
3 11
3 12
3 11
2 11
2 12
1 12
1 11
0 11
1 11
1 10
1 11
2 11
2 10
1 10
0 10
0 11
1 11
2 11
2 12
1 12
1 11
2 11
2 12
2 11
3 11
3 12
2 12
1 12
0 12
1 12
1 11
1 12
0 12
0 13
1 13
1 14
2 14
2 15
2 14
2 13
3 13
3 12
3 13
3 14
2 14
2 13
2 14
1 14
1 13
1 12
2 12
2 13
1 13
0 13
1 13
1 12
1 13
2 13
2 14
2 15
2 14
3 14
3 15
4 15
5 15
6 15
6 16
7 16
7 17
8 17
9 17
9 16
10 16
10 15
10 16
9 16
9 17
9 16
8 16
9 16
10 16
10 15
9 15
10 15
10 16
9 16
8 16
7 16
7 15
7 14
6 14
6 13
7 13
7 12
6 12
6 13
7 13
6 13
6 12
5 12
5 13
5 14
5 15
6 15
7 15
7 16
6 16
5 16
6 16
7 16
7 15
7 16
8 16
8 17
8 18
9 18
10 18
10 17
9 17
10 17
11 17
11 16
11 15
10 15
9 15
9 16
9 17
10 17
10 18
10 19
9 19
9 18
9 17
10 17
11 17
12 17
11 17
11 18
12 18
11 18
12 18
12 19
11 19
11 20
11 21
10 21
9 21
9 22
9 21
9 20
9 19
10 19
10 20
10 19
10 20
10 21
11 21
12 21
13 21
13 22
14 22
13 22
14 22
14 23
14 24
14 23
14 24
15 24
15 25
16 25
16 26
17 26
18 26
19 26
18 26
19 26
20 26
20 27
21 27
22 27
21 27
21 26
22 26
22 25
23 25
22 25
21 25
21 26
20 26
20 25
20 26
20 25
19 25
19 26
20 26
21 26
21 27
21 28
20 28
19 28
19 29
20 29
20 30
20 29
20 30
20 31
21 31
20 31
21 31
21 30
21 29
21 30
21 31
22 31
21 31
20 31
20 30
21 30
21 31
21 32
21 33
21 34
20 34
20 33
19 33
19 32
18 32
17 32
16 32
15 32
15 31
15 32
14 32
13 32
12 32
11 32
12 32
13 32
13 31
13 30
12 30
13 30
13 31
13 30
14 30
13 30
13 29
13 30
13 31
13 30
12 30
13 30
13 31
12 31
12 30
11 30
11 29
10 29
10 30
10 31
11 31
12 31
12 32
12 33
12 34
12 33
12 32
11 32
12 32
12 33
12 34
11 34
10 34
11 34
12 34
11 34
11 33
10 33
9 33
8 33
8 34
8 35
8 36
8 35
8 36
8 37
9 37
10 37
11 37
11 38
11 39
10 39
10 38
10 39
