0 0
1 0
0 0
0 1
0 0
1 0
1 1
1 2
1 3
2 3
2 2
1 2
1 3
1 4
1 3
0 3
1 3
2 3
1 3
0 3
1 3
0 3
1 3
2 3
3 3
3 4
2 4
2 5
2 4
1 4
1 5
1 4
0 4
1 4
2 4
1 4
0 4
1 4
2 4
3 4
2 4
1 4
0 4
0 5
1 5
2 5
3 5
4 5
4 4
4 3
3 3
3 4
3 3
2 3
3 3
2 3
2 4
1 4
0 4
1 4
1 3
1 2
1 1
0 1
1 1
0 1
1 1
1 0
1 1
1 2
1 3
1 2
1 1
1 0
2 0
2 1
2 0
1 0
0 0
1 0
1 1
1 0
2 0
1 0
1 1
1 2
1 1
2 1
3 1
2 1
2 2
3 2
2 2
3 2
3 3
3 2
2 2
1 2
0 2
0 3
1 3
2 3
1 3
0 3
1 3
0 3
1 3
2 3
2 4
2 3
2 4
3 4
3 5
3 6
2 6
2 5
3 5
3 6
2 6
1 6
1 7
0 7
1 7
0 7
0 6
0 7
0 6
0 5
1 5
2 5
2 4
3 4
3 5
3 6
2 6
3 6
2 6
2 5
2 4
2 3
1 3
1 2
2 2
2 1
1 1
1 0
2 0
2 1
2 2
2 1
1 1
2 1
2 2
2 1
2 2
3 2
4 2
4 1
4 0
5 0
5 1
5 2
4 2
4 1
4 2
4 3
3 3
2 3
1 3
1 4
2 4
1 4
1 3
1 2
2 2
2 3
1 3
1 2
1 3
2 3
3 3
2 3
2 4
2 3
2 2
1 2
2 2
1 2
1 1
2 1
1 1
0 1
0 0
1 0
0 0
1 0
2 0
2 1
3 1
2 1
2 0
3 0
4 0
3 0
4 0
4 1
3 1
2 1
3 1
2 1
2 2
2 1
1 1
0 1
0 2
1 2
1 3
1 2
0 2
0 3
0 2
1 2
1 1
1 0
0 0
0 1
1 1
0 1
0 2
0 1
0 0
0 1
1 1
2 1
1 1
2 1
1 1
0 1
1 1
0 1
0 2
1 2
0 2
0 3
0 2
0 3
1 3
1 4
2 4
2 5
3 5
2 5
2 6
3 6
3 7
3 8
3 7
3 8
3 9
2 9
2 8
1 8
1 7
2 7
2 8
2 7
2 6
1 6
2 6
3 6
3 7
4 7
3 7
4 7
5 7
4 7
4 6
4 7
4 6
3 6
4 6
4 5
3 5
2 5
2 6
2 5
2 4
2 3
2 4
1 4
1 5
2 5
2 6
1 6
0 6
0 7
1 7
1 6
2 6
2 5
2 6
1 6
2 6
3 6
3 5
3 4
3 3
4 3
4 4
4 5
5 5
4 5
5 5
5 4
5 5
6 5
7 5
7 6
7 5
6 5
5 5
6 5
7 5
8 5
8 4
8 3
8 2
8 3
9 3
8 3
8 2
9 2
9 1
9 2
8 2
7 2
7 1
8 1
9 1
9 0
8 0
8 1
7 1
8 1
7 1
7 0
7 1
8 1
7 1
7 2
7 3
6 3
7 3
6 3
5 3
6 3
6 2
6 3
7 3
8 3
7 3
7 4
7 3
7 4
8 4
8 3
7 3
8 3
7 3
7 2
7 1
8 1
8 2
8 3
9 3
9 2
8 2
8 1
8 2
8 3
7 3
8 3
7 3
6 3
6 4
6 3
7 3
8 3
8 2
8 3
7 3
7 4
8 4
9 4
8 4
9 4
9 3
9 4
9 5
9 4
10 4
10 3
10 4
9 4
8 4
8 3
9 3
9 2
8 2
8 1
8 2
7 2
7 3
7 4
8 4
8 3
8 2
9 2
8 2
7 2
7 3
7 4
6 4
6 5
6 6
5 6
6 6
6 7
6 8
6 7
5 7
6 7
5 7
5 8
6 8
6 9
5 9
6 9
6 10
6 11
6 10
5 10
5 9
5 8
5 9
6 9
6 8
6 9
6 10
6 9
5 9
5 10
5 11
5 12
6 12
6 11
7 11
6 11
7 11
7 10
8 10
9 10
10 10
11 10
12 10
13 10
14 10
13 10
14 10
13 10
14 10
14 9
14 10
13 10
13 9
12 9
12 8
12 7
12 6
12 7
11 7
10 7
10 8
10 9
11 9
11 8
11 7
12 7
12 8
12 7
12 6
11 6
10 6
10 5
11 5
10 5
10 4
11 4
11 3
11 4
10 4
11 4
10 4
10 3
11 3
12 3
13 3
12 3
13 3
14 3
14 2
13 2
13 3
12 3
12 4
13 4
13 3
13 2
14 2
14 3
14 2
15 2
15 3
15 2
16 2
15 2
15 3
15 2
15 3
15 4
15 5
14 5
15 5
15 6
16 6
15 6
15 7
14 7
15 7
15 6
15 7
14 7
13 7
13 8
12 8
12 7
11 7
12 7
13 7
12 7
12 8
13 8
13 9
14 9
14 10
14 11
15 11
15 12
16 12
17 12
17 13
17 14
17 15
17 16
17 15
16 15
15 15
15 14
15 13
15 12
16 12
16 11
17 11
18 11
17 11
18 11
19 11
19 12
19 13
18 13
17 13
16 13
15 13
15 14
16 14
17 14
16 14
17 14
18 14
19 14
19 15
19 16
18 16
19 16
20 16
21 16
21 15
22 15
23 15
23 16
23 15
24 15
24 16
23 16
22 16
22 17
23 17
23 18
22 18
22 19
22 20
21 20
21 19
20 19
19 19
20 19
21 19
21 18
22 18
22 19
21 19
22 19
22 18
21 18
21 19
20 19
20 18
21 18
22 18
21 18
22 18
22 17
23 17
22 17
23 17
24 17
24 18
23 18
23 17
23 16
23 17
22 17
22 18
21 18
20 18
20 19
20 18
20 17
19 17
19 16
19 15
19 16
20 16
20 17
20 18
20 17
21 17
20 17
20 18
20 19
21 19
20 19
19 19
19 18
19 17
18 17
19 17
19 16
19 15
18 15
17 15
18 15
18 16
19 16
19 17
19 16
19 17
19 18
19 19
19 18
19 17
19 18
19 17
18 17
19 17
19 18
19 17
19 16
18 16
19 16
19 17
19 18
19 17
20 17
20 18
21 18
21 19
21 20
22 20
23 20
24 20
24 19
25 19
26 19
26 18
27 18
27 19
26 19
26 18
27 18
27 19
28 19
28 18
29 18
28 18
28 19
28 18
28 17
29 17
29 16
29 15
29 14
29 13
29 14
30 14
30 13
30 12
29 12
29 13
29 12
28 12
27 12
28 12
28 13
27 13
27 14
28 14
28 15
28 14
29 14
29 15
30 15
29 15
30 15
29 15
29 16
30 16
30 17
31 17
31 18
32 18
31 18
31 19
31 20
31 21
31 22
30 22
29 22
28 22
29 22
30 22
30 23
30 24
29 24
30 24
30 25
31 25
31 26
30 26
30 25
31 25
30 25
30 26
30 27
30 26
30 27
29 27
29 26
30 26
30 27
30 28
30 29
31 29
31 30
31 31
31 30
31 31
30 31
30 32
30 33
30 32
30 31
30 32
29 32
28 32
28 31
27 31
26 31
26 32
25 32
25 33
24 33
23 33
24 33
23 33
22 33
21 33
22 33
22 34
22 33
22 34
22 33
22 32
22 31
21 31
21 30
22 30
22 29
22 30
22 31
22 32
22 31
21 31
21 32
20 32
20 31
19 31
19 32
20 32
20 31
19 31
19 30
18 30
18 31
18 32
18 33
18 32
19 32
20 32
20 33
21 33
22 33
22 32
23 32
22 32
21 32
20 32
20 33
19 33
19 32
20 32
20 33
19 33
19 32
19 33
18 33
18 32
17 32
16 32
16 31
15 31
14 31
14 32
15 32
15 33
15 34
16 34
16 33
17 33
16 33
17 33
17 32
17 31
17 32
17 33
18 33
19 33
19 34
20 34
20 35
20 36
21 36
21 37
22 37
23 37
23 36
23 37
23 36
23 35
23 36
23 37
23 38
22 38
22 39
23 39
23 40
22 40
21 40
22 40
21 40
20 40
21 40
20 40
19 40
19 39
19 40
18 40
18 41
19 41
19 40
19 39
20 39
21 39
21 40
20 40
20 39
20 40
20 39
21 39
22 39
21 39
21 40
21 39
21 38
21 39
21 40
20 40
20 41
20 40
20 41
20 40
21 40
20 40
21 40
22 40
23 40
24 40
25 40
25 39
26 39
26 40
27 40
28 40
29 40
28 40
29 40
30 40
30 39
30 40
31 40
32 40
33 40
32 40
32 39
31 39
31 38
30 38
29 38
28 38
28 37
27 37
28 37
28 38
27 38
26 38
26 37
27 37
28 37
28 36
29 36
30 36
30 35
29 35
29 36
30 36
30 37
30 36
31 36
30 36
30 35
30 36
30 37
30 38
31 38
31 37
31 36
31 35
31 36
30 36
31 36
31 35
32 35
33 35
32 35
32 36
32 35
33 35
34 35
34 34
34 33
