0 0
1 0
2 0
1 0
2 0
3 0
3 1
3 0
3 1
4 1
4 0
3 0
3 1
2 1
2 2
1 2
1 3
1 4
0 4
0 5
1 5
0 5
0 4
1 4
1 3
1 2
2 2
3 2
4 2
3 2
4 2
4 1
3 1
4 1
4 2
3 2
3 1
2 1
3 1
2 1
1 1
1 0
2 0
2 1
1 1
1 2
0 2
0 1
0 0
1 0
2 0
2 1
2 2
2 3
2 2
2 3
2 2
2 1
2 2
3 2
4 2
4 3
3 3
3 4
3 5
4 5
5 5
5 6
5 5
5 4
4 4
4 3
5 3
6 3
6 4
6 3
7 3
6 3
6 2
7 2
7 1
7 0
6 0
7 0
6 0
5 0
5 1
6 1
7 1
7 0
7 1
6 1
6 0
5 0
6 0
7 0
6 0
6 1
7 1
8 1
7 1
7 2
7 3
7 2
6 2
6 3
7 3
7 2
6 2
6 3
5 3
6 3
6 4
6 3
6 2
7 2
7 3
8 3
8 4
8 3
8 4
9 4
9 5
10 5
11 5
12 5
12 4
12 5
11 5
12 5
12 6
12 7
12 8
13 8
13 9
13 10
14 10
14 9
13 9
12 9
13 9
13 8
13 7
14 7
13 7
14 7
14 8
14 9
15 9
15 10
15 9
15 10
14 10
14 9
14 8
14 7
14 8
14 9
14 8
13 8
12 8
13 8
14 8
15 8
14 8
13 8
14 8
14 7
14 8
14 7
15 7
16 7
16 8
16 7
15 7
14 7
14 8
14 9
14 8
15 8
16 8
17 8
18 8
18 9
18 10
18 11
18 12
18 13
17 13
17 12
16 12
17 12
18 12
18 13
18 14
19 14
19 15
19 16
19 15
19 14
19 13
19 12
19 13
19 12
20 12
20 13
20 12
20 13
20 14
20 13
21 13
22 13
23 13
23 12
23 13
22 13
23 13
23 14
23 13
23 12
22 12
23 12
22 12
21 12
20 12
21 12
20 12
19 12
18 12
18 13
19 13
19 14
19 13
19 12
19 13
18 13
18 14
17 14
17 15
17 16
17 17
16 17
15 17
14 17
15 17
16 17
16 18
15 18
14 18
13 18
13 19
14 19
13 19
14 19
13 19
12 19
12 20
13 20
14 20
14 21
14 22
14 23
15 23
15 24
16 24
16 25
17 25
18 25
18 26
17 26
17 25
18 25
17 25
17 26
17 25
17 24
17 25
16 25
17 25
17 26
17 27
16 27
15 27
16 27
16 28
16 27
17 27
18 27
18 28
19 28
20 28
21 28
21 29
21 28
20 28
19 28
18 28
19 28
19 29
19 28
19 29
18 29
18 30
17 30
16 30
17 30
17 31
17 30
18 30
19 30
20 30
20 31
20 30
20 31
21 31
21 30
21 29
21 30
20 30
21 30
22 30
23 30
24 30
24 31
23 31
23 32
24 32
24 31
25 31
25 32
24 32
24 33
24 32
25 32
26 32
26 33
26 32
25 32
26 32
27 32
28 32
27 32
27 31
27 32
28 32
28 33
28 32
28 33
27 33
27 32
26 32
27 32
27 33
28 33
28 32
28 31
28 32
27 32
27 33
27 34
27 33
26 33
26 32
25 32
24 32
24 31
24 32
24 33
25 33
24 33
24 32
25 32
25 33
26 33
25 33
25 32
25 33
25 32
25 31
24 31
25 31
25 30
24 30
25 30
25 29
26 29
26 28
25 28
24 28
24 27
23 27
23 26
22 26
22 25
21 25
22 25
22 26
23 26
23 25
23 24
23 25
22 25
23 25
23 24
24 24
23 24
23 23
22 23
21 23
21 22
20 22
21 22
21 21
20 21
20 20
20 21
20 22
19 22
19 23
18 23
19 23
20 23
20 24
20 25
19 25
19 24
18 24
17 24
18 24
17 24
17 25
17 26
16 26
16 27
17 27
18 27
19 27
19 26
20 26
20 25
21 25
21 24
20 24
21 24
21 23
21 22
21 23
20 23
20 22
20 23
20 24
21 24
20 24
21 24
20 24
19 24
20 24
21 24
22 24
22 25
22 26
21 26
22 26
21 26
21 27
21 26
21 27
22 27
21 27
21 26
22 26
22 27
21 27
20 27
19 27
18 27
19 27
19 26
20 26
20 25
20 26
20 25
19 25
19 26
19 25
19 26
20 26
19 26
19 25
20 25
20 26
19 26
19 25
19 24
19 25
18 25
19 25
19 24
19 23
19 24
19 23
19 24
19 23
19 22
18 22
18 21
19 21
18 21
18 20
18 21
19 21
20 21
21 21
20 21
21 21
21 20
21 21
21 20
21 19
22 19
23 19
22 19
21 19
20 19
20 20
20 19
21 19
20 19
19 19
19 18
20 18
19 18
19 17
19 18
20 18
21 18
22 18
22 17
22 16
21 16
21 15
22 15
23 15
22 15
22 16
22 17
22 18
22 19
23 19
22 19
22 18
22 19
21 19
20 19
19 19
20 19
20 18
21 18
20 18
19 18
18 18
19 18
19 17
20 17
20 18
20 17
21 17
21 18
20 18
20 19
21 19
21 20
22 20
21 20
22 20
21 20
20 20
20 19
20 20
20 19
20 20
20 21
20 22
21 22
22 22
21 22
21 21
21 22
22 22
22 21
21 21
22 21
23 21
23 20
23 21
23 20
23 21
22 21
22 20
21 20
22 20
21 20
21 19
22 19
23 19
22 19
22 18
22 17
22 16
22 15
23 15
23 14
23 13
24 13
24 12
24 11
24 10
24 9
25 9
25 10
25 9
25 8
25 7
26 7
26 8
26 9
26 10
27 10
26 10
26 9
26 8
26 9
26 10
26 9
25 9
24 9
23 9
24 9
24 10
24 9
24 10
24 11
24 12
23 12
22 12
22 13
22 12
22 13
22 14
21 14
22 14
21 14
21 13
20 13
19 13
19 14
18 14
17 14
18 14
17 14
18 14
18 15
19 15
18 15
19 15
18 15
18 16
17 16
17 17
17 18
17 17
17 18
18 18
17 18
17 17
18 17
19 17
18 17
18 18
18 19
18 20
18 19
19 19
18 19
18 20
18 19
17 19
18 19
19 19
20 19
21 19
20 19
19 19
20 19
20 20
19 20
19 19
20 19
19 19
19 18
20 18
19 18
20 18
21 18
20 18
19 18
18 18
19 18
18 18
19 18
18 18
17 18
17 19
16 19
16 20
16 21
15 21
15 22
16 22
15 22
15 21
16 21
17 21
18 21
19 21
18 21
18 20
18 21
18 20
18 19
17 19
17 20
17 21
17 20
17 19
18 19
19 19
18 19
18 18
18 17
17 17
17 18
17 17
17 18
18 18
17 18
17 17
16 17
15 17
15 16
15 15
15 16
14 16
15 16
15 17
16 17
16 16
17 16
18 16
17 16
17 15
17 14
17 13
17 12
16 12
16 11
16 12
17 12
17 13
18 13
18 14
18 15
18 14
19 14
18 14
18 15
19 15
20 15
20 14
19 14
19 15
19 14
19 15
18 15
18 16
18 15
17 15
16 15
17 15
16 15
15 15
14 15
15 15
16 15
16 14
16 15
17 15
17 14
18 14
18 13
19 13
19 12
18 12
19 12
18 12
19 12
18 12
17 12
17 13
17 14
17 13
17 12
17 13
18 13
19 13
19 14
20 14
21 14
21 15
20 15
20 14
20 15
21 15
20 15
19 15
20 15
19 15
20 15
20 14
21 14
22 14
23 14
23 15
23 16
22 16
23 16
23 17
23 18
23 17
22 17
22 18
22 17
23 17
22 17
22 18
23 18
22 18
23 18
24 18
24 17
24 16
24 15
25 15
25 16
26 16
25 16
25 17
24 17
24 18
24 19
24 20
25 20
25 19
24 19
24 18
23 18
23 17
22 17
22 18
22 19
21 19
22 19
22 18
22 19
22 20
21 20
21 19
22 19
21 19
21 20
21 19
22 19
22 20
21 20
20 20
19 20
20 20
19 20
19 21
19 22
18 22
18 23
18 22
17 22
17 23
17 22
18 22
18 23
18 22
18 21
19 21
19 22
19 23
19 24
19 23
20 23
19 23
19 22
18 22
18 23
18 22
18 21
19 21
18 21
18 20
18 21
17 21
17 22
17 21
18 21
19 21
19 20
18 20
18 19
18 18
18 17
17 17
17 16
16 16
15 16
14 16
15 16
14 16
14 17
15 17
15 18
15 17
15 16
14 16
13 16
13 17
13 18
14 18
14 17
13 17
13 16
13 15
12 15
11 15
11 16
10 16
10 17
10 18
10 19
11 19
11 18
11 19
12 19
13 19
14 19
14 18
15 18
16 18
16 17
17 17
18 17
19 17
19 16
19 17
19 16
18 16
18 17
17 17
17 18
16 18
16 17
16 18
16 19
16 18
16 19
17 19
17 20
18 20
19 20
19 19
19 20
20 20
20 19
19 19
18 19
17 19
18 19
18 18
17 18
17 17
16 17
16 18
17 18
17 19
18 19
