0 0
1 0
1 1
2 1
1 1
0 1
0 2
1 2
1 3
0 3
0 4
0 3
1 3
1 4
1 3
1 4
2 4
2 3
1 3
1 4
2 4
2 3
2 2
2 1
3 1
2 1
2 2
2 1
1 1
1 0
2 0
1 0
2 0
2 1
1 1
2 1
2 2
2 1
2 2
1 2
0 2
0 1
1 1
0 1
1 1
2 1
3 1
4 1
4 0
3 0
4 0
4 1
4 2
4 1
4 0
3 0
2 0
2 1
1 1
0 1
1 1
0 1
1 1
0 1
1 1
2 1
3 1
3 0
3 1
3 2
3 1
4 1
4 2
4 1
5 1
5 2
5 1
5 2
5 3
6 3
6 4
6 5
5 5
6 5
6 4
5 4
6 4
7 4
7 5
7 4
7 3
8 3
8 4
8 3
7 3
7 4
8 4
8 3
8 4
7 4
7 3
8 3
7 3
7 2
8 2
8 1
9 1
10 1
10 0
10 1
10 2
10 3
11 3
10 3
9 3
9 2
8 2
7 2
8 2
9 2
9 3
8 3
9 3
9 4
8 4
7 4
6 4
6 3
6 4
7 4
7 3
8 3
8 4
9 4
10 4
9 4
8 4
9 4
9 3
9 2
8 2
9 2
10 2
11 2
10 2
11 2
11 1
11 2
11 1
10 1
11 1
11 2
12 2
12 1
12 0
11 0
10 0
10 1
11 1
11 0
10 0
10 1
11 1
12 1
12 2
12 3
12 2
13 2
13 3
12 3
12 2
12 1
11 1
11 2
11 1
11 0
10 0
10 1
9 1
8 1
7 1
6 1
6 0
5 0
4 0
4 1
4 0
4 1
4 0
4 1
4 2
4 3
4 2
5 2
6 2
7 2
6 2
5 2
4 2
4 1
3 1
3 0
3 1
2 1
2 0
2 1
2 2
2 1
3 1
3 2
4 2
5 2
6 2
6 1
5 1
5 0
4 0
4 1
3 1
4 1
3 1
3 0
3 1
4 1
3 1
2 1
2 0
2 1
1 1
1 0
2 0
3 0
3 1
2 1
3 1
3 2
2 2
3 2
2 2
3 2
4 2
3 2
4 2
4 3
4 4
4 3
4 2
5 2
6 2
5 2
5 1
4 1
4 2
4 1
4 2
4 3
5 3
4 3
4 4
3 4
3 3
4 3
3 3
3 2
3 3
3 2
3 1
3 2
2 2
2 1
2 2
2 3
2 4
3 4
3 3
2 3
3 3
4 3
4 4
3 4
3 3
2 3
3 3
3 2
4 2
3 2
3 1
4 1
3 1
2 1
1 1
0 1
0 0
1 0
1 1
2 1
2 2
1 2
2 2
2 1
1 1
0 1
0 2
0 1
0 2
1 2
1 3
1 2
0 2
0 3
0 4
0 3
1 3
1 2
1 3
1 2
1 3
2 3
3 3
4 3
4 2
4 1
4 2
5 2
6 2
5 2
5 3
6 3
7 3
6 3
6 4
6 3
7 3
6 3
6 4
5 4
5 5
6 5
6 6
6 7
7 7
8 7
8 8
8 9
7 9
8 9
7 9
7 10
6 10
6 9
6 10
5 10
6 10
6 11
5 11
5 10
5 9
6 9
6 10
6 11
6 10
6 9
6 10
5 10
5 11
5 12
4 12
4 13
4 12
3 12
4 12
3 12
4 12
5 12
4 12
3 12
4 12
5 12
4 12
3 12
3 11
2 11
2 10
1 10
1 11
0 11
0 12
0 11
1 11
0 11
0 12
1 12
1 11
2 11
2 12
2 11
3 11
3 12
2 12
3 12
2 12
2 11
2 10
2 9
1 9
1 8
1 9
1 8
1 7
1 6
0 6
1 6
2 6
3 6
3 5
3 4
2 4
1 4
0 4
0 3
1 3
1 4
0 4
0 3
1 3
1 2
1 3
1 2
2 2
2 3
2 2
3 2
3 3
2 3
2 4
2 5
2 6
2 7
3 7
3 8
3 9
2 9
2 10
2 11
2 10
2 11
2 12
1 12
0 12
1 12
1 13
2 13
2 12
1 12
1 11
1 12
0 12
1 12
1 11
2 11
2 10
2 11
3 11
3 10
3 11
2 11
2 10
3 10
2 10
1 10
0 10
1 10
1 9
2 9
2 10
2 11
1 11
1 10
0 10
1 10
1 9
1 10
1 9
1 8
1 7
2 7
2 6
1 6
0 6
1 6
1 5
1 6
2 6
1 6
0 6
1 6
2 6
2 7
2 8
2 7
2 6
1 6
1 7
1 8
2 8
2 9
2 10
2 11
3 11
3 12
3 13
3 14
2 14
1 14
2 14
1 14
1 13
2 13
3 13
4 13
4 12
3 12
3 13
3 14
3 13
4 13
4 12
4 13
3 13
2 13
3 13
4 13
4 14
4 15
4 14
4 13
3 13
4 13
5 13
6 13
7 13
6 13
5 13
5 12
4 12
4 11
4 10
5 10
4 10
4 11
5 11
5 12
5 11
5 12
6 12
6 11
5 11
5 12
6 12
5 12
5 11
6 11
5 11
5 12
5 13
5 12
4 12
3 12
2 12
2 11
3 11
3 10
3 11
3 10
3 11
2 11
2 12
2 11
2 10
2 11
2 12
2 13
2 12
3 12
4 12
5 12
6 12
7 12
7 13
8 13
9 13
10 13
11 13
12 13
12 12
12 13
12 14
11 14
12 14
12 13
12 14
12 15
11 15
12 15
11 15
10 15
11 15
11 14
10 14
11 14
11 15
11 14
12 14
11 14
11 13
11 14
11 13
11 14
11 15
12 15
13 15
14 15
13 15
14 15
14 14
14 13
13 13
13 14
14 14
14 13
13 13
12 13
11 13
10 13
9 13
8 13
8 12
8 11
8 12
9 12
8 12
9 12
9 11
8 11
7 11
7 10
6 10
6 11
6 10
6 11
5 11
5 12
4 12
4 13
3 13
4 13
4 12
3 12
3 11
4 11
4 12
4 11
5 11
5 12
5 11
6 11
6 12
6 13
6 12
6 13
6 14
6 13
5 13
4 13
4 12
4 13
4 14
5 14
4 14
3 14
4 14
5 14
6 14
6 15
7 15
6 15
7 15
7 14
7 13
6 13
6 14
5 14
6 14
6 15
5 15
5 14
5 15
5 16
5 17
5 16
5 15
5 16
6 16
6 17
6 18
5 18
5 17
4 17
5 17
5 16
5 15
6 15
6 14
7 14
7 15
7 16
7 17
6 17
7 17
7 18
7 19
7 20
7 19
7 20
6 20
6 21
5 21
6 21
7 21
8 21
7 21
8 21
8 20
8 21
7 21
8 21
7 21
6 21
5 21
4 21
4 22
4 21
4 22
4 21
3 21
2 21
2 22
3 22
3 21
2 21
2 20
2 21
2 22
2 21
2 20
2 21
2 20
3 20
4 20
3 20
4 20
5 20
6 20
7 20
8 20
8 21
8 22
8 21
8 22
9 22
10 22
10 23
11 23
11 24
11 23
11 24
11 25
11 26
10 26
10 27
10 26
10 27
11 27
10 27
10 28
9 28
9 27
9 26
8 26
7 26
7 25
6 25
5 25
5 24
4 24
4 25
4 24
4 25
4 24
3 24
3 23
3 24
3 23
2 23
2 22
1 22
2 22
3 22
2 22
2 23
2 22
2 21
3 21
2 21
2 20
2 19
2 20
2 21
3 21
4 21
5 21
5 20
5 21
4 21
5 21
4 21
5 21
6 21
6 20
7 20
6 20
7 20
8 20
8 19
9 19
9 18
8 18
8 19
9 19
8 19
8 18
8 17
7 17
7 18
7 19
7 18
7 19
7 20
7 21
6 21
6 22
7 22
8 22
8 21
8 22
7 22
8 22
8 23
8 24
8 25
8 26
9 26
8 26
8 27
7 27
8 27
7 27
7 28
7 29
7 30
6 30
6 31
7 31
7 30
8 30
7 30
6 30
6 29
6 30
7 30
6 30
7 30
7 31
7 30
7 29
6 29
7 29
6 29
5 29
5 30
5 31
6 31
7 31
7 32
6 32
7 32
8 32
8 33
8 34
9 34
10 34
10 33
9 33
10 33
10 32
10 31
9 31
9 32
10 32
10 33
10 32
10 31
11 31
10 31
11 31
11 32
12 32
11 32
11 33
11 34
11 35
11 34
11 35
11 36
12 36
12 37
13 37
13 38
13 39
13 38
13 39
13 40
13 41
14 41
14 40
14 41
15 41
15 40
14 40
15 40
16 40
17 40
16 40
16 39
17 39
17 38
17 39
17 38
16 38
16 39
16 40
16 39
17 39
18 39
19 39
18 39
17 39
18 39
19 39
19 38
19 37
19 36
19 37
18 37
19 37
19 36
20 36
20 35
19 35
20 35
20 36
21 36
21 35
20 35
20 34
20 35
20 34
21 34
21 35
21 34
22 34
23 34
23 35
24 35
24 34
23 34
24 34
24 33
24 32
24 31
25 31
26 31
25 31
25 32
25 33
26 33
25 33
24 33
23 33
23 34
