0 0
1 0
1 1
0 1
1 1
0 1
0 0
1 0
2 0
2 1
3 1
4 1
3 1
3 2
3 1
2 1
1 1
2 1
2 2
1 2
1 1
1 2
2 2
3 2
2 2
1 2
1 1
1 2
2 2
3 2
2 2
1 2
0 2
1 2
1 1
0 1
1 1
2 1
3 1
3 0
3 1
3 0
3 1
4 1
3 1
3 2
2 2
2 1
1 1
0 1
1 1
0 1
0 2
0 3
1 3
0 3
0 4
0 3
1 3
2 3
2 4
1 4
1 5
2 5
2 6
1 6
1 7
2 7
2 6
2 5
3 5
2 5
2 4
1 4
0 4
1 4
1 3
2 3
3 3
4 3
4 4
5 4
6 4
7 4
8 4
8 3
9 3
9 4
9 3
10 3
9 3
8 3
7 3
8 3
9 3
9 4
9 3
8 3
8 4
7 4
7 3
7 4
7 3
6 3
5 3
6 3
7 3
8 3
7 3
8 3
8 4
8 3
9 3
9 2
8 2
7 2
8 2
8 3
7 3
6 3
6 4
6 5
7 5
7 6
8 6
8 5
9 5
10 5
9 5
8 5
8 6
9 6
9 7
9 8
8 8
8 7
7 7
6 7
7 7
7 6
8 6
9 6
9 7
10 7
9 7
9 8
10 8
11 8
11 7
11 8
12 8
12 7
12 6
11 6
11 7
10 7
11 7
11 6
11 5
10 5
10 4
9 4
9 3
10 3
11 3
11 2
10 2
11 2
12 2
11 2
12 2
11 2
11 3
11 2
12 2
11 2
11 3
11 4
12 4
13 4
13 5
13 6
12 6
13 6
13 7
13 6
13 7
14 7
14 6
14 5
14 6
15 6
15 7
16 7
17 7
16 7
16 6
15 6
16 6
15 6
15 5
14 5
13 5
14 5
13 5
14 5
14 4
14 3
13 3
14 3
14 2
14 3
15 3
14 3
13 3
14 3
15 3
15 2
16 2
16 1
16 2
17 2
17 1
16 1
16 2
17 2
18 2
17 2
16 2
17 2
17 3
17 2
18 2
18 1
18 2
19 2
19 3
18 3
18 2
18 3
18 2
18 1
17 1
18 1
19 1
19 2
20 2
19 2
19 1
19 0
18 0
18 1
18 2
18 3
17 3
17 4
18 4
18 5
18 6
17 6
17 7
18 7
19 7
18 7
19 7
18 7
17 7
18 7
19 7
19 8
18 8
18 7
18 8
18 9
17 9
17 8
17 7
17 8
16 8
17 8
17 7
17 8
18 8
18 7
19 7
18 7
19 7
19 8
18 8
18 9
17 9
17 10
18 10
18 9
19 9
18 9
19 9
19 10
19 9
19 10
20 10
20 9
21 9
21 10
21 11
22 11
21 11
20 11
21 11
21 10
22 10
21 10
21 11
20 11
19 11
20 11
19 11
19 10
18 10
18 11
18 12
18 13
18 12
19 12
19 13
19 12
19 13
19 12
19 13
19 14
19 15
20 15
19 15
20 15
20 14
19 14
19 15
19 14
18 14
18 15
19 15
19 16
19 17
19 18
18 18
18 19
17 19
18 19
17 19
17 18
17 17
18 17
17 17
16 17
15 17
14 17
14 16
14 17
14 18
13 18
12 18
12 17
12 18
13 18
14 18
14 17
15 17
15 16
16 16
16 17
15 17
15 18
15 19
15 20
16 20
16 21
16 22
16 23
15 23
14 23
13 23
13 24
14 24
15 24
15 25
15 26
14 26
14 25
14 26
14 27
13 27
13 26
13 27
13 28
13 29
13 30
14 30
13 30
13 31
14 31
15 31
14 31
14 32
14 33
14 32
14 33
14 32
15 32
14 32
14 33
15 33
16 33
16 32
16 33
16 32
16 33
17 33
17 32
17 31
17 32
18 32
17 32
16 32
15 32
14 32
14 33
15 33
14 33
14 34
14 33
14 34
14 35
13 35
12 35
13 35
12 35
13 35
14 35
14 36
14 35
14 36
14 37
14 36
14 35
13 35
12 35
12 34
13 34
14 34
14 33
14 34
14 35
14 34
13 34
13 33
13 32
14 32
13 32
13 33
13 34
13 33
13 32
12 32
12 31
12 30
12 29
12 28
13 28
13 27
12 27
12 28
13 28
14 28
14 29
15 29
14 29
14 30
14 31
13 31
13 30
13 29
14 29
14 30
14 29
14 28
13 28
13 29
13 30
13 31
13 32
14 32
14 33
14 32
14 31
14 30
14 31
14 30
13 30
13 29
14 29
14 30
14 31
14 30
13 30
12 30
13 30
12 30
13 30
14 30
14 29
14 28
14 29
14 30
14 29
13 29
13 28
14 28
15 28
14 28
13 28
13 29
13 30
14 30
14 31
15 31
15 32
15 31
14 31
13 31
14 31
14 30
15 30
16 30
15 30
14 30
14 29
13 29
14 29
14 30
13 30
13 29
14 29
15 29
16 29
16 30
15 30
16 30
15 30
15 29
14 29
15 29
14 29
15 29
14 29
14 28
15 28
15 27
15 28
14 28
14 29
14 28
13 28
14 28
14 29
13 29
14 29
14 30
15 30
15 31
16 31
15 31
15 32
14 32
15 32
14 32
14 33
14 34
14 33
13 33
14 33
14 34
14 33
13 33
13 34
13 35
14 35
14 36
13 36
12 36
13 36
13 37
14 37
15 37
15 38
15 37
14 37
15 37
15 36
15 37
15 38
15 37
14 37
13 37
13 36
13 37
14 37
14 36
13 36
14 36
15 36
14 36
14 37
14 38
15 38
15 39
15 38
15 39
15 40
15 41
14 41
14 40
14 39
14 40
13 40
14 40
14 39
14 40
14 41
13 41
13 40
13 41
13 42
14 42
14 41
13 41
12 41
13 41
13 40
13 39
12 39
12 40
11 40
12 40
12 41
12 40
11 40
10 40
10 39
10 40
10 41
10 40
9 40
9 41
10 41
9 41
9 40
9 39
9 40
8 40
8 41
7 41
7 42
7 43
7 42
8 42
7 42
6 42
6 43
6 42
6 41
5 41
5 42
5 41
5 42
4 42
3 42
4 42
4 41
3 41
2 41
2 42
3 42
4 42
3 42
3 43
3 42
3 41
2 41
2 40
1 40
1 41
2 41
2 42
3 42
3 43
3 44
3 43
4 43
4 42
4 41
4 42
3 42
3 43
2 43
2 42
2 43
1 43
0 43
1 43
0 43
0 44
0 45
1 45
1 44
1 45
1 44
1 45
0 45
1 45
1 46
2 46
2 47
2 46
2 45
1 45
1 46
2 46
3 46
3 45
4 45
5 45
4 45
5 45
5 44
6 44
6 45
6 46
6 45
5 45
5 44
6 44
6 43
6 42
6 41
5 41
5 40
5 39
5 38
4 38
3 38
2 38
3 38
3 39
2 39
2 38
2 39
2 38
2 39
1 39
1 38
1 39
0 39
0 38
0 39
0 38
1 38
1 37
2 37
2 38
1 38
0 38
1 38
2 38
2 39
1 39
1 38
0 38
1 38
0 38
1 38
2 38
3 38
4 38
3 38
2 38
3 38
3 37
3 36
3 35
4 35
3 35
3 34
3 35
4 35
5 35
5 34
6 34
5 34
5 35
4 35
4 36
4 35
4 34
4 35
4 36
5 36
5 35
5 34
5 35
5 36
4 36
4 35
5 35
5 34
4 34
3 34
4 34
4 35
4 36
4 35
5 35
5 36
6 36
7 36
7 35
7 36
7 35
7 36
8 36
8 35
8 36
7 36
8 36
7 36
7 37
8 37
8 38
8 37
8 36
7 36
6 36
5 36
6 36
6 37
6 36
6 37
6 38
7 38
7 37
7 36
8 36
9 36
8 36
8 37
9 37
9 38
9 37
9 38
9 37
10 37
10 38
10 37
10 36
10 35
10 34
10 33
10 32
10 33
10 32
11 32
11 31
11 32
10 32
10 33
10 34
10 33
10 34
9 34
10 34
9 34
10 34
10 35
10 36
10 35
10 34
10 35
10 34
11 34
11 35
11 36
11 37
11 38
10 38
11 38
11 37
11 38
11 37
10 37
11 37
12 37
13 37
13 36
13 35
14 35
14 36
14 35
14 36
14 35
14 36
13 36
13 37
13 36
14 36
15 36
14 36
14 35
14 36
14 37
13 37
13 38
13 37
13 36
13 37
13 36
14 36
13 36
12 36
13 36
13 37
14 37
13 37
13 36
13 35
14 35
14 34
13 34
13 35
13 34
13 35
12 35
12 36
12 37
13 37
13 38
13 39
12 39
11 39
11 38
10 38
10 39
10 38
10 37
9 37
9 36
8 36
8 37
8 38
9 38
9 39
10 39
10 40
10 39
10 38
10 39
10 38
10 37
11 37
11 36
10 36
10 35
10 34
11 34
11 35
11 36
11 35
12 35
13 35
13 34
13 33
14 33
14 34
14 35
13 35
14 35
15 35
14 35
15 35
16 35
16 34
15 34
15 33
15 32
15 33
14 33
14 34
14 33
15 33
14 33
13 33
13 34
