0 0
1 0
1 1
1 2
1 1
2 1
2 0
3 0
4 0
4 1
3 1
2 1
1 1
1 0
1 1
1 2
1 1
0 1
1 1
2 1
1 1
0 1
0 2
0 3
1 3
1 2
0 2
0 1
1 1
2 1
3 1
3 2
4 2
4 1
4 0
3 0
3 1
4 1
4 0
5 0
5 1
5 2
4 2
4 3
4 2
4 1
3 1
4 1
4 0
3 0
4 0
3 0
4 0
4 1
3 1
2 1
2 0
3 0
3 1
3 2
4 2
5 2
5 1
5 0
6 0
7 0
7 1
7 2
7 3
7 4
8 4
8 3
9 3
9 4
9 3
10 3
9 3
10 3
10 4
10 3
10 4
10 5
11 5
10 5
11 5
11 6
11 5
11 6
11 7
11 6
11 7
11 8
10 8
9 8
10 8
10 7
10 6
10 5
11 5
11 4
12 4
12 3
12 2
12 1
11 1
11 0
12 0
12 1
11 1
11 2
10 2
10 1
10 2
9 2
9 1
8 1
8 0
9 0
10 0
10 1
11 1
12 1
12 0
11 0
11 1
11 0
10 0
9 0
10 0
9 0
8 0
8 1
7 1
8 1
9 1
8 1
7 1
7 0
7 1
7 2
6 2
6 3
6 4
5 4
4 4
4 5
4 6
3 6
3 7
2 7
2 8
2 9
2 8
1 8
2 8
2 7
2 6
2 5
1 5
0 5
0 6
1 6
1 7
0 7
1 7
0 7
0 8
0 7
1 7
0 7
1 7
2 7
2 6
2 7
2 6
2 5
1 5
1 6
1 5
0 5
1 5
0 5
0 4
1 4
1 3
0 3
0 2
0 1
1 1
2 1
1 1
1 2
1 1
0 1
0 2
1 2
1 1
2 1
2 2
2 1
2 2
2 1
3 1
3 0
4 0
3 0
3 1
3 2
3 1
4 1
5 1
5 2
5 3
4 3
4 4
3 4
3 5
3 4
3 5
3 6
4 6
3 6
2 6
2 7
1 7
0 7
1 7
1 6
1 5
1 4
0 4
0 3
0 4
1 4
0 4
0 3
1 3
0 3
1 3
1 4
0 4
1 4
2 4
2 5
1 5
2 5
1 5
0 5
1 5
2 5
3 5
3 4
3 5
4 5
5 5
5 6
4 6
5 6
6 6
7 6
7 5
6 5
5 5
4 5
5 5
5 6
6 6
6 5
7 5
6 5
5 5
5 6
5 7
5 6
5 7
5 6
5 5
5 6
5 7
6 7
6 6
6 5
6 4
5 4
6 4
5 4
5 5
4 5
4 6
5 6
5 5
4 5
4 6
3 6
4 6
4 7
4 8
4 7
5 7
5 6
4 6
5 6
6 6
5 6
5 7
6 7
5 7
5 8
4 8
4 7
4 6
4 7
4 6
5 6
5 7
4 7
4 8
4 7
5 7
4 7
3 7
4 7
4 8
4 9
4 10
3 10
3 11
2 11
1 11
2 11
2 10
2 9
2 10
2 11
1 11
1 10
0 10
1 10
2 10
2 11
2 12
2 11
2 12
3 12
3 11
3 12
3 11
2 11
2 12
2 11
2 12
3 12
3 13
3 14
2 14
2 13
3 13
4 13
4 12
4 11
4 10
5 10
5 9
5 10
5 9
4 9
5 9
5 8
4 8
3 8
3 7
2 7
2 6
2 7
1 7
2 7
2 6
2 7
2 8
2 9
1 9
1 8
1 9
1 10
0 10
1 10
0 10
0 11
0 10
1 10
1 9
1 10
2 10
3 10
4 10
4 11
4 10
4 9
5 9
4 9
4 10
3 10
4 10
3 10
3 9
3 8
4 8
3 8
2 8
3 8
4 8
4 7
4 8
4 9
5 9
5 10
5 11
6 11
7 11
7 10
7 9
8 9
7 9
6 9
5 9
6 9
5 9
4 9
5 9
4 9
3 9
3 10
3 11
2 11
3 11
2 11
1 11
1 10
1 11
1 10
1 11
0 11
0 12
1 12
1 11
1 10
1 9
2 9
3 9
3 8
2 8
2 7
1 7
1 8
0 8
0 7
0 8
0 9
1 9
1 10
2 10
1 10
1 11
2 11
2 12
2 13
2 12
1 12
1 11
1 12
1 13
0 13
1 13
1 12
2 12
1 12
2 12
3 12
3 13
4 13
3 13
3 14
3 13
2 13
1 13
0 13
1 13
1 12
1 13
1 14
1 13
0 13
0 14
1 14
2 14
1 14
1 15
0 15
1 15
1 14
1 15
1 14
2 14
2 15
2 16
2 15
3 15
3 16
4 16
3 16
2 16
1 16
0 16
0 17
1 17
1 16
2 16
3 16
3 17
3 18
2 18
3 18
3 17
2 17
1 17
1 18
2 18
1 18
1 17
2 17
2 18
1 18
1 19
0 19
1 19
2 19
1 19
1 18
0 18
1 18
2 18
2 19
3 19
2 19
1 19
1 18
1 17
0 17
1 17
2 17
2 16
2 17
2 18
1 18
1 19
0 19
1 19
2 19
3 19
2 19
1 19
1 20
1 21
0 21
0 22
1 22
1 23
2 23
1 23
1 24
0 24
1 24
1 25
2 25
1 25
1 24
1 25
2 25
2 26
2 25
3 25
4 25
3 25
4 25
4 26
3 26
3 25
2 25
2 24
2 25
3 25
3 26
3 27
3 28
3 27
3 26
2 26
1 26
1 27
1 28
2 28
2 29
3 29
4 29
4 28
5 28
4 28
3 28
2 28
3 28
3 27
2 27
3 27
3 28
3 29
4 29
5 29
6 29
5 29
5 28
4 28
4 29
3 29
2 29
2 28
2 27
2 26
1 26
2 26
2 27
2 28
2 29
1 29
0 29
1 29
1 28
1 27
0 27
0 26
1 26
0 26
0 25
0 24
0 25
1 25
1 26
2 26
2 25
3 25
3 26
3 27
3 26
3 27
3 28
3 27
3 28
3 29
3 28
4 28
3 28
3 27
4 27
3 27
4 27
3 27
3 28
3 29
4 29
4 30
4 29
5 29
5 30
5 29
6 29
6 28
6 29
6 30
7 30
8 30
8 29
7 29
7 30
6 30
5 30
6 30
6 31
5 31
4 31
5 31
5 32
4 32
4 33
4 34
4 33
5 33
5 34
5 33
5 34
6 34
6 33
6 32
6 33
7 33
7 34
6 34
5 34
5 33
6 33
6 32
5 32
5 31
4 31
4 30
5 30
6 30
5 30
5 29
5 30
5 31
4 31
4 32
4 31
4 30
3 30
4 30
4 29
3 29
3 30
3 31
3 30
3 31
3 30
4 30
3 30
3 31
3 30
2 30
2 29
3 29
2 29
2 30
1 30
1 31
0 31
1 31
0 31
0 32
0 33
1 33
1 34
2 34
2 33
2 32
3 32
3 33
2 33
2 34
3 34
3 33
3 32
4 32
3 32
3 33
3 34
3 33
2 33
3 33
4 33
4 34
4 33
5 33
6 33
6 34
7 34
7 33
7 34
7 33
6 33
6 32
7 32
8 32
8 31
9 31
8 31
8 30
7 30
7 31
8 31
7 31
6 31
6 32
7 32
8 32
9 32
9 31
9 32
9 33
10 33
11 33
11 32
12 32
12 31
12 32
13 32
13 33
13 32
13 33
13 34
14 34
13 34
13 35
14 35
14 36
14 37
13 37
13 36
13 35
13 34
13 35
13 36
12 36
12 37
13 37
13 38
14 38
14 37
13 37
13 38
13 37
12 37
12 36
12 35
11 35
11 34
11 33
11 34
11 35
10 35
9 35
10 35
11 35
11 36
11 37
11 36
12 36
11 36
10 36
11 36
11 35
11 34
11 33
10 33
9 33
8 33
8 32
8 33
8 34
8 33
7 33
6 33
6 34
5 34
5 35
4 35
5 35
5 34
5 35
6 35
7 35
8 35
9 35
10 35
9 35
8 35
8 34
7 34
6 34
6 33
6 34
5 34
6 34
5 34
6 34
6 33
7 33
6 33
7 33
7 32
6 32
6 31
6 30
7 30
8 30
8 29
9 29
8 29
9 29
9 30
10 30
10 29
11 29
11 28
11 29
10 29
9 29
9 28
9 29
9 30
9 31
10 31
10 32
10 33
11 33
11 34
11 33
11 32
11 33
11 32
11 31
11 30
10 30
11 30
11 29
10 29
11 29
10 29
10 30
9 30
10 30
9 30
9 29
9 28
9 27
8 27
8 26
9 26
10 26
11 26
10 26
10 25
10 26
10 25
11 25
11 24
12 24
13 24
12 24
12 23
11 23
11 24
12 24
11 24
11 25
11 26
11 27
12 27
13 27
12 27
11 27
12 27
11 27
11 28
12 28
12 29
12 28
11 28
11 27
11 26
12 26
13 26
13 25
13 26
14 26
14 25
14 26
13 26
12 26
12 25
12 26
12 27
12 26
13 26
13 27
14 27
14 26
13 26
14 26
13 26
13 25
13 26
13 25
13 26
12 26
11 26
11 27
12 27
12 26
12 25
13 25
13 26
