0 0
0 1
0 2
1 2
1 1
1 0
0 0
1 0
1 1
1 2
1 3
0 3
1 3
1 4
1 5
1 6
1 7
2 7
2 8
1 8
2 8
1 8
1 7
0 7
0 8
1 8
1 9
2 9
3 9
3 10
3 9
4 9
4 10
5 10
6 10
7 10
7 9
8 9
8 8
7 8
7 7
7 6
8 6
8 7
8 8
8 7
8 8
8 7
8 6
9 6
8 6
8 7
8 6
8 5
7 5
7 4
6 4
6 3
7 3
7 2
6 2
6 3
7 3
7 2
6 2
6 3
6 4
5 4
4 4
3 4
3 5
2 5
2 4
2 5
3 5
3 6
3 5
3 6
4 6
5 6
5 5
6 5
6 6
7 6
7 5
6 5
6 6
6 5
6 6
7 6
7 5
8 5
8 4
8 5
8 4
8 3
8 2
8 3
8 2
8 1
8 0
9 0
10 0
9 0
9 1
9 2
8 2
9 2
8 2
9 2
10 2
10 3
10 2
9 2
10 2
9 2
10 2
9 2
8 2
8 1
7 1
7 0
6 0
7 0
8 0
8 1
8 2
7 2
6 2
6 3
7 3
6 3
6 2
6 1
6 0
6 1
6 2
6 3
6 2
7 2
6 2
6 1
7 1
8 1
8 2
8 1
7 1
6 1
7 1
6 1
6 2
5 2
4 2
4 1
5 1
4 1
4 0
4 1
4 0
4 1
4 2
4 3
5 3
5 2
5 1
6 1
5 1
5 0
5 1
5 0
5 1
5 2
5 1
5 0
5 1
6 1
5 1
6 1
6 2
7 2
6 2
6 3
7 3
8 3
7 3
7 2
7 3
8 3
8 2
7 2
6 2
5 2
4 2
4 3
4 2
5 2
5 3
4 3
4 2
4 1
5 1
5 2
6 2
7 2
8 2
9 2
8 2
7 2
7 3
7 4
6 4
7 4
7 5
7 4
6 4
6 5
6 4
6 5
5 5
6 5
6 6
6 7
6 6
6 5
6 4
6 3
6 4
6 5
6 6
6 7
5 7
5 8
5 9
5 8
5 7
4 7
5 7
5 6
4 6
3 6
3 5
4 5
5 5
6 5
6 4
6 3
6 4
7 4
7 3
7 4
7 5
6 5
5 5
4 5
5 5
5 4
5 5
5 4
4 4
5 4
5 3
6 3
5 3
4 3
4 4
4 3
5 3
6 3
6 4
6 3
5 3
5 4
4 4
3 4
2 4
2 5
1 5
1 6
1 7
1 8
0 8
0 7
0 8
1 8
1 7
0 7
0 8
1 8
1 7
2 7
2 6
2 5
3 5
3 6
4 6
3 6
3 7
3 8
2 8
2 9
2 10
3 10
4 10
4 9
5 9
5 10
4 10
5 10
5 11
4 11
5 11
6 11
7 11
7 12
7 13
6 13
5 13
4 13
3 13
3 14
4 14
4 13
4 12
4 13
4 12
3 12
3 13
4 13
5 13
5 12
5 13
5 14
5 13
5 14
6 14
6 13
7 13
8 13
7 13
7 12
8 12
9 12
8 12
7 12
8 12
8 11
8 12
8 13
8 12
9 12
9 13
9 14
8 14
8 13
8 14
8 15
8 16
9 16
8 16
8 17
8 16
8 15
8 14
7 14
6 14
6 15
6 16
6 17
5 17
5 18
6 18
6 17
6 18
7 18
8 18
8 19
8 18
8 19
8 20
8 21
8 22
8 23
8 24
8 25
9 25
9 26
9 25
9 26
9 27
10 27
10 28
11 28
11 29
12 29
13 29
13 28
12 28
12 29
12 30
13 30
13 31
13 32
12 32
12 33
13 33
12 33
13 33
12 33
12 34
11 34
10 34
9 34
9 35
8 35
8 34
8 35
7 35
7 34
8 34
7 34
7 35
7 36
7 35
7 34
8 34
7 34
8 34
8 35
8 36
9 36
9 35
9 34
10 34
10 35
11 35
12 35
13 35
13 36
13 37
14 37
13 37
14 37
15 37
15 38
15 39
15 40
15 39
16 39
17 39
17 38
16 38
15 38
15 39
15 40
16 40
16 39
17 39
17 40
17 39
18 39
17 39
16 39
16 40
15 40
14 40
15 40
15 41
15 40
14 40
13 40
13 39
14 39
14 38
15 38
16 38
15 38
16 38
16 39
16 38
16 39
17 39
18 39
18 40
18 41
18 40
18 41
18 42
19 42
19 43
19 44
19 43
20 43
20 44
21 44
21 45
21 46
21 47
22 47
22 48
21 48
22 48
22 49
22 48
22 49
23 49
23 48
24 48
23 48
23 47
22 47
23 47
23 46
23 45
22 45
22 44
22 43
21 43
22 43
22 42
22 41
21 41
21 42
22 42
22 43
21 43
22 43
23 43
24 43
23 43
22 43
23 43
24 43
25 43
24 43
24 44
24 43
24 42
25 42
25 41
24 41
24 40
25 40
24 40
24 41
24 42
24 41
23 41
23 40
24 40
24 41
24 40
23 40
23 39
23 38
23 39
23 38
22 38
22 39
22 38
22 39
21 39
22 39
21 39
20 39
21 39
20 39
20 40
21 40
20 40
19 40
19 41
18 41
18 42
18 43
18 44
18 45
17 45
16 45
16 46
16 45
15 45
15 44
15 45
15 46
15 45
15 44
14 44
14 45
14 44
15 44
16 44
16 45
15 45
14 45
14 44
14 43
15 43
15 44
16 44
15 44
16 44
17 44
16 44
16 43
15 43
15 44
15 43
14 43
13 43
13 42
12 42
12 41
12 42
13 42
14 42
13 42
14 42
14 43
15 43
15 42
15 43
16 43
15 43
15 44
15 45
15 44
14 44
14 45
14 46
14 47
14 48
15 48
15 49
15 48
15 47
15 48
15 47
14 47
13 47
13 46
13 45
13 44
13 45
13 46
14 46
13 46
12 46
11 46
11 45
11 44
11 43
11 42
11 43
10 43
9 43
8 43
7 43
7 42
7 43
8 43
8 42
8 43
7 43
7 42
7 43
6 43
6 44
7 44
7 45
6 45
7 45
7 44
7 43
6 43
5 43
5 44
4 44
5 44
6 44
6 43
6 42
6 43
6 44
7 44
7 45
7 44
7 43
8 43
8 42
8 43
9 43
8 43
8 44
8 43
9 43
9 44
10 44
9 44
9 45
10 45
10 44
10 43
10 42
10 43
10 42
10 43
10 44
10 45
11 45
12 45
12 44
13 44
13 43
13 44
13 45
12 45
12 46
13 46
14 46
13 46
13 45
14 45
15 45
15 44
15 45
14 45
15 45
15 44
15 45
15 44
15 43
15 44
16 44
16 43
17 43
18 43
17 43
17 44
17 43
17 44
16 44
15 44
15 43
15 42
16 42
15 42
15 41
15 42
15 41
16 41
16 42
16 41
15 41
14 41
13 41
13 40
13 41
13 40
12 40
12 41
13 41
14 41
15 41
15 42
16 42
17 42
17 41
17 40
17 41
17 40
17 41
16 41
16 42
15 42
16 42
17 42
16 42
15 42
16 42
16 43
16 44
15 44
15 43
14 43
15 43
15 42
15 41
15 40
16 40
16 39
15 39
16 39
17 39
17 40
17 41
16 41
17 41
18 41
18 42
18 43
19 43
18 43
18 44
18 43
18 44
19 44
18 44
19 44
19 45
20 45
19 45
18 45
19 45
20 45
19 45
18 45
18 46
17 46
18 46
17 46
17 47
18 47
18 48
18 47
18 48
18 49
19 49
19 50
18 50
19 50
18 50
17 50
17 49
16 49
16 48
16 47
16 46
16 45
16 44
15 44
16 44
16 45
16 44
16 45
16 44
17 44
17 43
17 42
17 41
16 41
17 41
17 40
16 40
15 40
14 40
13 40
14 40
14 39
15 39
16 39
16 40
17 40
18 40
18 39
17 39
16 39
15 39
15 38
14 38
14 39
14 40
13 40
14 40
15 40
16 40
17 40
16 40
15 40
14 40
14 41
13 41
12 41
11 41
10 41
9 41
10 41
10 42
11 42
12 42
12 41
13 41
13 42
13 41
12 41
12 42
13 42
12 42
11 42
12 42
12 41
12 42
13 42
12 42
13 42
13 43
13 42
14 42
14 43
15 43
16 43
16 44
16 43
16 42
17 42
16 42
15 42
14 42
13 42
12 42
11 42
11 41
11 40
11 41
11 40
11 39
10 39
10 40
10 39
10 40
10 41
9 41
9 40
8 40
9 40
9 39
10 39
10 38
10 39
11 39
12 39
13 39
13 40
14 40
14 39
15 39
15 40
15 39
16 39
16 38
16 39
17 39
18 39
18 40
18 39
18 40
19 40
18 40
19 40
19 41
18 41
19 41
20 41
19 41
19 42
19 41
19 42
19 43
19 44
20 44
20 45
19 45
20 45
20 44
19 44
19 43
19 42
20 42
20 43
19 43
19 42
20 42
20 43
20 44
19 44
19 45
18 45
18 46
19 46
19 47
19 48
20 48
20 47
21 47
20 47
20 46
19 46
19 47
18 47
18 46
17 46
