0 0
1 0
0 0
0 1
1 1
1 2
1 3
0 3
0 2
0 3
1 3
2 3
3 3
2 3
2 4
2 5
2 4
2 3
2 4
2 3
1 3
1 2
1 3
0 3
0 4
1 4
1 5
1 6
1 7
2 7
3 7
2 7
1 7
0 7
0 6
0 5
1 5
0 5
0 4
1 4
1 5
1 6
2 6
1 6
2 6
3 6
4 6
4 7
3 7
4 7
5 7
6 7
7 7
7 6
6 6
6 5
7 5
8 5
7 5
6 5
7 5
6 5
6 4
5 4
6 4
6 3
6 2
6 3
6 4
6 3
5 3
6 3
6 4
6 3
6 2
5 2
4 2
5 2
5 3
5 4
4 4
3 4
3 5
3 4
3 3
4 3
4 2
4 3
5 3
5 2
5 3
5 4
6 4
6 3
6 2
7 2
6 2
5 2
5 1
4 1
3 1
4 1
4 0
4 1
4 0
4 1
4 2
5 2
4 2
4 1
4 0
4 1
4 2
5 2
5 1
4 1
5 1
5 0
4 0
3 0
3 1
2 1
2 0
1 0
0 0
1 0
1 1
1 2
0 2
0 1
0 0
1 0
1 1
2 1
2 0
3 0
3 1
3 0
2 0
2 1
3 1
4 1
4 2
4 1
4 2
4 3
4 4
3 4
4 4
4 5
4 4
4 3
4 2
4 3
4 2
5 2
5 1
6 1
7 1
8 1
8 2
7 2
7 1
7 0
6 0
6 1
5 1
5 2
5 1
6 1
6 0
7 0
7 1
7 2
7 3
8 3
8 2
9 2
9 3
9 4
9 3
9 2
8 2
8 1
8 0
8 1
8 0
9 0
9 1
9 0
9 1
10 1
9 1
8 1
8 2
8 3
8 4
8 3
7 3
7 4
6 4
6 3
6 2
6 1
7 1
7 2
6 2
5 2
5 3
5 2
4 2
4 1
5 1
5 2
4 2
4 3
5 3
6 3
5 3
5 4
4 4
3 4
4 4
5 4
6 4
5 4
5 5
5 6
6 6
5 6
5 5
4 5
5 5
4 5
5 5
4 5
4 6
3 6
2 6
2 7
2 8
2 7
2 8
3 8
2 8
1 8
1 9
1 10
2 10
3 10
3 9
3 10
4 10
3 10
4 10
3 10
4 10
4 11
4 10
4 9
3 9
3 10
4 10
5 10
5 9
6 9
5 9
5 8
4 8
3 8
3 7
4 7
5 7
5 6
6 6
6 7
5 7
5 6
5 7
6 7
6 6
6 7
6 8
6 7
5 7
4 7
4 6
4 7
4 6
4 7
5 7
5 6
5 7
5 8
6 8
6 7
7 7
7 8
6 8
7 8
7 7
8 7
9 7
8 7
7 7
7 6
6 6
7 6
7 7
6 7
6 8
6 9
7 9
6 9
7 9
6 9
6 10
6 9
5 9
5 10
5 11
4 11
5 11
5 12
5 11
5 12
6 12
6 11
5 11
6 11
6 12
7 12
7 13
7 12
8 12
8 13
8 14
7 14
8 14
7 14
8 14
9 14
10 14
11 14
10 14
11 14
11 13
11 14
11 15
12 15
11 15
11 14
10 14
10 15
10 14
10 15
10 14
10 15
10 16
9 16
9 17
8 17
9 17
9 16
10 16
10 17
10 16
11 16
11 17
12 17
12 16
13 16
13 17
14 17
15 17
15 18
16 18
16 17
17 17
16 17
17 17
18 17
19 17
20 17
20 16
20 15
20 14
20 15
21 15
21 14
22 14
22 15
23 15
23 14
24 14
25 14
25 13
26 13
26 12
25 12
25 11
25 10
25 11
26 11
26 10
27 10
27 9
28 9
27 9
26 9
26 10
25 10
24 10
24 9
25 9
25 8
26 8
26 7
27 7
28 7
27 7
27 8
27 7
27 8
28 8
28 7
29 7
29 8
28 8
29 8
30 8
30 7
31 7
31 8
32 8
32 7
31 7
31 6
32 6
31 6
31 7
31 8
30 8
29 8
30 8
30 9
30 10
31 10
32 10
33 10
33 9
34 9
34 10
34 11
34 12
35 12
36 12
36 13
36 14
35 14
35 13
36 13
37 13
37 12
36 12
37 12
37 11
36 11
37 11
38 11
38 12
38 13
37 13
37 12
37 11
37 12
37 13
37 14
37 13
36 13
37 13
37 12
36 12
35 12
35 13
36 13
36 14
35 14
34 14
34 15
34 16
34 15
34 14
35 14
35 13
35 12
35 11
35 12
35 13
35 12
34 12
33 12
32 12
33 12
33 11
33 12
34 12
35 12
34 12
34 11
35 11
35 12
36 12
37 12
38 12
38 13
38 12
38 11
38 10
38 9
38 10
38 11
37 11
37 10
36 10
36 9
37 9
37 8
38 8
38 9
38 8
38 9
38 10
38 9
37 9
37 8
36 8
35 8
35 9
35 10
36 10
36 9
36 8
37 8
37 7
37 8
37 7
37 6
36 6
36 7
35 7
35 6
34 6
33 6
32 6
33 6
32 6
32 7
33 7
34 7
34 6
35 6
34 6
33 6
34 6
33 6
34 6
34 7
33 7
33 8
34 8
35 8
35 9
36 9
37 9
37 8
36 8
35 8
35 7
35 6
36 6
36 5
35 5
36 5
35 5
35 6
35 5
34 5
34 4
34 3
34 2
34 1
34 0
33 0
34 0
33 0
33 1
33 2
33 3
32 3
32 2
33 2
32 2
32 3
33 3
33 4
32 4
33 4
33 5
32 5
33 5
33 4
32 4
33 4
33 5
33 6
33 7
32 7
33 7
33 6
33 7
32 7
31 7
32 7
33 7
34 7
33 7
33 8
33 7
33 6
34 6
35 6
34 6
34 5
34 4
33 4
33 5
32 5
32 6
32 5
32 6
33 6
34 6
34 5
33 5
33 4
33 5
33 6
33 5
34 5
35 5
36 5
36 6
36 5
37 5
36 5
37 5
37 6
38 6
39 6
38 6
38 5
38 4
37 4
37 5
36 5
35 5
34 5
34 4
33 4
33 3
34 3
34 4
34 3
34 4
34 3
33 3
33 4
32 4
31 4
32 4
31 4
32 4
32 3
31 3
30 3
31 3
32 3
33 3
32 3
31 3
31 2
30 2
30 3
30 4
29 4
28 4
28 3
29 3
30 3
30 2
31 2
30 2
29 2
28 2
27 2
28 2
28 3
29 3
30 3
29 3
30 3
30 2
29 2
28 2
28 1
29 1
28 1
29 1
29 0
30 0
29 0
30 0
30 1
30 2
31 2
31 1
32 1
32 2
32 3
32 2
32 1
33 1
34 1
34 2
34 1
33 1
34 1
33 1
32 1
32 2
33 2
33 3
32 3
33 3
32 3
32 4
31 4
32 4
31 4
32 4
33 4
34 4
33 4
33 3
33 4
33 5
34 5
33 5
33 6
33 5
33 4
32 4
32 3
31 3
30 3
30 4
29 4
28 4
28 5
29 5
28 5
28 6
29 6
30 6
30 7
30 6
31 6
31 7
32 7
31 7
32 7
32 6
32 5
32 4
32 3
31 3
31 4
32 4
32 3
32 4
32 3
31 3
31 4
31 5
30 5
30 6
31 6
32 6
32 7
33 7
33 6
32 6
33 6
32 6
33 6
33 7
32 7
32 8
31 8
32 8
31 8
32 8
32 9
32 10
33 10
34 10
35 10
36 10
36 11
36 10
36 9
35 9
34 9
34 10
34 11
35 11
35 10
36 10
35 10
36 10
35 10
34 10
34 11
33 11
32 11
32 12
33 12
33 11
34 11
33 11
34 11
34 12
33 12
33 13
32 13
33 13
32 13
33 13
34 13
34 14
34 13
34 12
35 12
36 12
35 12
34 12
34 13
34 14
33 14
33 13
33 12
33 11
33 10
32 10
32 9
32 8
32 9
32 8
32 9
31 9
31 10
32 10
32 11
32 12
32 13
31 13
31 14
31 15
30 15
30 14
31 14
32 14
32 15
32 14
32 13
32 12
31 12
30 12
31 12
30 12
30 13
31 13
31 12
30 12
30 13
29 13
29 12
29 13
30 13
31 13
32 13
32 14
31 14
31 15
32 15
31 15
31 16
31 17
32 17
31 17
30 17
30 16
30 15
29 15
28 15
27 15
28 15
29 15
30 15
29 15
30 15
29 15
29 14
30 14
30 15
30 16
30 15
30 16
30 15
30 14
30 15
29 15
30 15
31 15
31 16
31 15
30 15
29 15
29 14
30 14
30 13
29 13
29 14
29 13
29 14
29 13
29 14
29 15
29 16
28 16
29 16
28 16
28 17
27 17
26 17
27 17
27 16
27 15
27 16
27 15
26 15
27 15
28 15
28 14
29 14
28 14
27 14
28 14
28 15
27 15
28 15
28 16
28 17
27 17
27 16
27 15
27 14
27 13
26 13
26 14
26 15
26 16
25 16
24 16
24 17
24 16
23 16
23 17
24 17
25 17
25 18
25 17
25 18
26 18
25 18
24 18
23 18
24 18
23 18
