0 0
0 1
1 1
2 1
3 1
3 2
3 3
3 4
4 4
5 4
4 4
4 3
5 3
4 3
5 3
5 4
5 3
4 3
3 3
4 3
4 2
3 2
3 3
3 2
3 1
2 1
3 1
3 2
2 2
2 3
1 3
1 4
1 5
1 6
1 5
1 6
0 6
1 6
1 7
2 7
2 8
2 7
3 7
3 6
4 6
4 7
4 8
5 8
5 9
4 9
3 9
3 10
2 10
2 9
3 9
2 9
2 8
1 8
0 8
0 7
1 7
1 6
0 6
0 7
0 8
0 7
1 7
1 8
0 8
0 7
0 8
0 9
0 8
1 8
1 7
2 7
1 7
2 7
1 7
0 7
1 7
0 7
1 7
1 8
0 8
1 8
1 9
0 9
1 9
1 10
0 10
1 10
1 11
0 11
1 11
1 10
2 10
2 9
3 9
3 10
4 10
3 10
3 9
3 8
4 8
5 8
5 9
5 8
5 7
5 8
4 8
4 7
4 8
4 9
3 9
3 8
4 8
3 8
3 7
2 7
2 8
2 9
2 10
3 10
4 10
5 10
6 10
6 9
5 9
4 9
5 9
6 9
6 10
7 10
8 10
7 10
8 10
8 9
7 9
8 9
9 9
9 8
9 7
9 6
9 5
8 5
9 5
9 6
10 6
9 6
9 5
9 4
9 3
9 2
8 2
8 1
8 2
9 2
8 2
7 2
8 2
8 1
8 0
9 0
9 1
9 0
10 0
10 1
10 2
10 1
10 2
9 2
9 3
9 4
8 4
9 4
9 3
10 3
11 3
10 3
10 2
10 3
10 2
10 3
10 4
10 3
10 2
10 1
9 1
10 1
11 1
11 0
11 1
12 1
13 1
13 2
12 2
13 2
12 2
13 2
13 1
14 1
14 0
13 0
13 1
12 1
13 1
14 1
14 0
14 1
15 1
14 1
15 1
16 1
16 2
17 2
16 2
16 1
16 0
15 0
15 1
14 1
14 0
15 0
15 1
15 2
15 1
16 1
17 1
17 0
18 0
18 1
19 1
18 1
17 1
17 0
18 0
18 1
18 0
19 0
18 0
18 1
19 1
20 1
20 0
19 0
18 0
19 0
20 0
20 1
20 2
20 1
20 0
20 1
21 1
22 1
22 0
22 1
23 1
23 2
23 3
23 2
23 1
23 2
24 2
24 3
25 3
25 2
24 2
24 1
23 1
23 2
24 2
25 2
26 2
27 2
27 1
26 1
26 0
26 1
25 1
25 0
25 1
26 1
26 0
26 1
25 1
25 0
26 0
26 1
26 0
27 0
27 1
27 2
27 1
26 1
26 0
25 0
26 0
25 0
25 1
26 1
26 2
25 2
26 2
25 2
24 2
24 3
23 3
23 2
23 3
22 3
23 3
23 2
22 2
22 1
22 0
21 0
22 0
22 1
22 2
23 2
23 3
22 3
22 2
22 1
21 1
20 1
20 0
20 1
21 1
21 0
21 1
20 1
20 0
20 1
20 2
20 3
21 3
22 3
21 3
22 3
22 4
22 5
23 5
22 5
23 5
22 5
23 5
24 5
23 5
23 6
24 6
23 6
23 7
23 6
23 7
24 7
24 6
24 5
25 5
25 4
25 5
26 5
26 4
26 5
26 6
27 6
26 6
26 7
26 6
27 6
27 5
26 5
25 5
26 5
25 5
25 6
24 6
24 7
23 7
24 7
24 8
25 8
25 7
25 8
25 9
25 8
25 7
24 7
24 6
24 7
24 8
25 8
25 9
25 8
25 9
25 8
24 8
24 7
24 6
24 5
24 6
23 6
22 6
22 5
21 5
21 4
22 4
22 3
22 2
21 2
22 2
22 3
22 4
21 4
21 3
22 3
21 3
21 2
21 3
22 3
22 2
22 1
22 0
23 0
23 1
23 0
24 0
24 1
24 0
24 1
25 1
25 0
24 0
24 1
24 2
24 3
25 3
26 3
26 4
26 5
25 5
24 5
25 5
24 5
23 5
22 5
22 4
23 4
23 5
22 5
21 5
22 5
21 5
20 5
21 5
22 5
21 5
20 5
21 5
21 4
20 4
20 5
19 5
18 5
17 5
17 6
18 6
19 6
19 7
20 7
20 6
21 6
21 5
20 5
20 6
20 7
19 7
19 6
19 7
19 8
18 8
17 8
18 8
17 8
17 9
17 8
17 7
17 6
18 6
18 7
17 7
17 8
17 9
16 9
16 10
16 11
17 11
18 11
19 11
19 10
19 9
19 10
19 9
19 8
19 9
19 10
18 10
19 10
19 11
18 11
18 12
19 12
19 13
18 13
17 13
17 14
17 13
18 13
19 13
19 12
19 13
18 13
19 13
18 13
18 14
18 13
18 14
17 14
17 15
17 14
16 14
16 15
16 16
16 17
16 18
17 18
17 17
18 17
18 18
18 17
18 18
18 17
18 18
19 18
18 18
18 17
18 18
18 19
18 18
18 17
17 17
16 17
16 18
17 18
17 19
17 20
16 20
16 21
16 20
16 19
16 20
17 20
18 20
19 20
19 19
20 19
20 20
20 21
19 21
20 21
21 21
22 21
23 21
24 21
25 21
24 21
24 22
25 22
25 23
25 24
25 23
25 24
25 25
26 25
27 25
26 25
25 25
25 26
24 26
23 26
23 27
24 27
24 26
24 27
24 26
24 27
23 27
24 27
24 28
25 28
25 29
25 28
25 29
25 30
26 30
27 30
28 30
28 31
28 30
27 30
26 30
27 30
27 31
27 32
26 32
26 33
27 33
27 34
27 33
27 34
27 35
27 34
27 33
27 32
26 32
27 32
26 32
27 32
26 32
26 31
26 30
26 31
27 31
28 31
27 31
26 31
27 31
27 32
28 32
27 32
27 33
26 33
26 32
26 31
26 30
26 31
26 32
25 32
25 33
24 33
24 34
24 35
23 35
23 34
24 34
24 35
24 36
24 35
23 35
22 35
22 34
21 34
21 33
20 33
21 33
21 34
21 35
22 35
23 35
22 35
22 34
21 34
21 35
22 35
23 35
24 35
23 35
23 36
23 37
24 37
23 37
23 36
23 37
24 37
25 37
24 37
24 36
24 35
23 35
23 34
23 35
22 35
21 35
20 35
21 35
22 35
21 35
21 36
21 35
20 35
20 34
21 34
22 34
22 33
23 33
23 34
24 34
23 34
22 34
23 34
23 33
23 34
23 33
24 33
24 32
23 32
22 32
22 31
22 32
22 31
22 30
22 29
21 29
21 28
21 29
20 29
19 29
19 30
19 31
18 31
18 32
17 32
17 33
16 33
15 33
15 34
14 34
14 33
14 32
13 32
14 32
13 32
12 32
12 33
11 33
11 34
10 34
10 33
10 32
10 31
11 31
10 31
10 32
10 33
9 33
8 33
8 32
7 32
7 33
6 33
5 33
5 32
5 31
5 30
5 29
5 30
5 31
4 31
5 31
5 32
4 32
5 32
5 31
4 31
5 31
4 31
4 32
5 32
5 31
5 30
5 29
5 28
5 27
5 26
6 26
5 26
4 26
4 27
4 26
3 26
3 25
3 24
2 24
2 23
2 24
1 24
1 25
1 24
0 24
1 24
0 24
1 24
0 24
1 24
1 23
0 23
1 23
1 24
1 25
0 25
0 24
1 24
2 24
2 25
2 26
2 25
3 25
3 24
3 25
4 25
3 25
2 25
1 25
1 26
0 26
0 25
0 24
1 24
1 23
1 24
1 25
1 26
1 25
0 25
1 25
1 24
1 23
1 22
1 23
2 23
3 23
3 22
3 23
3 22
4 22
4 23
3 23
3 24
2 24
2 23
1 23
1 22
0 22
1 22
0 22
1 22
1 23
1 24
1 23
1 24
2 24
1 24
1 23
2 23
1 23
2 23
3 23
3 24
4 24
5 24
5 23
4 23
3 23
3 24
3 23
4 23
4 22
5 22
4 22
4 21
4 22
5 22
6 22
6 21
6 20
6 19
6 18
5 18
6 18
7 18
6 18
7 18
8 18
8 19
9 19
9 18
9 17
9 16
10 16
10 17
10 16
10 17
10 18
10 19
10 20
11 20
10 20
11 20
12 20
12 21
13 21
14 21
14 22
14 21
14 22
15 22
16 22
17 22
17 23
18 23
18 24
18 23
18 24
19 24
20 24
21 24
21 23
20 23
21 23
21 24
21 25
22 25
23 25
23 24
23 23
23 22
24 22
25 22
24 22
25 22
25 21
25 22
25 21
24 21
25 21
24 21
23 21
23 22
24 22
24 21
24 20
24 19
23 19
23 20
23 19
22 19
22 20
22 21
23 21
23 22
22 22
22 21
22 20
23 20
22 20
22 21
23 21
24 21
23 21
24 21
24 22
24 23
23 23
22 23
21 23
21 22
21 21
22 21
21 21
22 21
22 20
22 19
22 18
22 19
22 20
21 20
20 20
21 20
20 20
20 21
20 20
20 19
20 20
20 19
21 19
20 19
21 19
22 19
