0 0
1 0
1 1
1 2
1 1
1 0
0 0
1 0
0 0
0 1
1 1
0 1
0 2
0 3
0 2
1 2
2 2
2 1
2 0
3 0
4 0
3 0
3 1
4 1
4 2
5 2
5 3
5 4
4 4
4 5
5 5
5 6
4 6
3 6
4 6
3 6
3 7
2 7
3 7
4 7
5 7
4 7
4 6
3 6
3 7
2 7
2 6
3 6
3 5
4 5
4 6
4 7
3 7
4 7
5 7
4 7
3 7
3 8
4 8
5 8
5 7
4 7
4 8
3 8
3 9
3 10
3 9
3 10
2 10
2 11
1 11
1 12
1 11
1 10
1 11
2 11
1 11
2 11
3 11
4 11
5 11
4 11
4 10
3 10
3 11
3 12
3 11
3 10
3 9
2 9
3 9
3 8
2 8
1 8
1 7
0 7
1 7
1 8
1 7
0 7
0 6
1 6
1 7
2 7
1 7
0 7
1 7
2 7
2 6
2 5
1 5
2 5
2 4
2 3
2 4
2 3
2 4
2 3
2 2
2 1
1 1
0 1
0 0
1 0
1 1
1 0
0 0
0 1
0 2
1 2
1 3
1 2
1 3
2 3
2 2
2 3
3 3
3 4
4 4
5 4
5 5
6 5
6 6
5 6
4 6
4 7
4 6
3 6
3 7
3 6
3 5
3 4
3 5
4 5
5 5
5 4
5 5
5 6
5 7
5 6
4 6
4 5
4 4
4 3
5 3
5 2
4 2
4 1
5 1
5 0
5 1
5 2
6 2
6 1
5 1
5 2
5 1
5 2
6 2
7 2
8 2
8 3
8 4
7 4
6 4
5 4
4 4
3 4
3 5
3 6
2 6
1 6
0 6
1 6
1 7
2 7
3 7
3 6
3 7
4 7
3 7
3 8
3 7
4 7
4 8
5 8
4 8
3 8
4 8
4 9
3 9
4 9
3 9
2 9
3 9
2 9
3 9
3 8
3 9
2 9
1 9
0 9
0 10
0 11
0 12
0 13
0 12
0 11
0 10
1 10
1 11
2 11
3 11
3 10
3 11
4 11
4 10
5 10
6 10
6 11
6 10
5 10
4 10
3 10
3 9
3 8
2 8
3 8
2 8
1 8
2 8
2 7
2 6
2 7
1 7
1 8
2 8
3 8
3 9
4 9
4 10
4 9
4 10
4 11
3 11
4 11
4 12
4 13
5 13
5 14
4 14
3 14
3 13
3 14
3 13
3 12
3 13
4 13
4 14
5 14
4 14
4 13
5 13
5 12
5 11
6 11
6 10
6 11
5 11
6 11
5 11
4 11
4 10
4 11
4 12
5 12
6 12
6 11
6 10
7 10
7 11
6 11
7 11
7 12
6 12
6 13
5 13
5 14
6 14
6 13
7 13
7 12
7 11
7 12
6 12
6 13
6 14
5 14
6 14
7 14
6 14
5 14
6 14
5 14
5 15
4 15
3 15
3 16
2 16
2 17
1 17
1 16
2 16
3 16
2 16
1 16
2 16
2 15
2 14
2 13
2 14
1 14
2 14
2 15
3 15
3 14
3 13
4 13
5 13
5 12
6 12
7 12
7 11
7 10
7 9
6 9
6 8
7 8
8 8
8 9
8 8
7 8
7 7
8 7
8 8
9 8
8 8
7 8
7 7
6 7
6 8
5 8
5 9
6 9
7 9
6 9
5 9
6 9
6 8
7 8
7 9
7 8
7 9
6 9
5 9
5 10
4 10
5 10
5 9
5 8
5 9
5 10
4 10
4 9
5 9
6 9
7 9
7 8
8 8
9 8
8 8
9 8
10 8
11 8
11 9
11 10
11 11
12 11
12 12
11 12
11 13
11 12
11 13
11 12
11 11
10 11
10 10
9 10
9 9
9 8
10 8
9 8
9 9
9 8
10 8
10 9
10 10
11 10
11 9
10 9
10 10
10 11
11 11
12 11
13 11
14 11
14 12
13 12
13 13
14 13
14 14
14 13
14 12
14 11
14 12
15 12
14 12
13 12
13 13
13 12
12 12
12 11
11 11
10 11
11 11
12 11
13 11
13 12
13 11
13 10
12 10
12 9
13 9
12 9
12 10
12 9
13 9
13 10
13 9
13 8
12 8
11 8
10 8
10 7
11 7
11 8
11 9
12 9
12 10
13 10
13 9
13 10
12 10
12 9
12 10
12 9
12 10
12 9
12 10
12 11
13 11
13 10
12 10
12 11
12 12
12 13
12 12
12 13
13 13
13 14
12 14
13 14
14 14
13 14
12 14
13 14
13 13
14 13
14 14
14 15
14 16
14 15
15 15
15 14
16 14
16 15
15 15
16 15
16 16
16 17
17 17
17 16
18 16
17 16
16 16
16 17
17 17
16 17
17 17
18 17
18 16
17 16
17 17
17 18
17 17
17 16
17 17
17 16
16 16
15 16
15 15
15 16
15 17
16 17
17 17
17 16
17 17
16 17
17 17
17 16
16 16
16 17
16 18
15 18
14 18
14 19
15 19
15 18
15 19
15 20
16 20
15 20
14 20
15 20
16 20
15 20
15 21
15 20
15 19
16 19
16 18
15 18
14 18
14 19
14 20
14 21
15 21
15 20
14 20
13 20
14 20
15 20
16 20
17 20
17 19
18 19
18 18
19 18
18 18
18 17
19 17
18 17
18 16
17 16
17 17
16 17
16 16
16 15
16 16
16 17
17 17
18 17
18 18
17 18
17 19
16 19
17 19
17 18
16 18
17 18
18 18
18 19
19 19
19 20
18 20
18 21
17 21
17 22
18 22
17 22
16 22
16 23
16 24
16 25
16 26
15 26
15 27
14 27
14 28
13 28
12 28
13 28
14 28
14 29
15 29
15 28
15 29
16 29
16 30
16 31
17 31
18 31
18 32
18 33
19 33
20 33
20 32
21 32
21 33
20 33
20 32
19 32
20 32
20 33
20 32
19 32
18 32
19 32
19 33
19 32
19 31
18 31
18 32
18 33
17 33
17 34
17 35
17 34
18 34
18 33
18 34
18 35
18 34
17 34
18 34
18 33
17 33
17 34
17 33
16 33
16 34
15 34
15 33
14 33
15 33
15 32
16 32
16 31
15 31
16 31
16 30
15 30
16 30
15 30
14 30
14 31
14 32
13 32
13 31
14 31
15 31
15 30
15 31
15 30
16 30
16 31
17 31
17 30
18 30
18 29
18 28
18 29
18 30
18 29
18 30
17 30
17 31
17 32
17 31
17 30
17 29
17 30
17 29
18 29
19 29
20 29
21 29
22 29
22 30
23 30
23 31
23 32
22 32
22 31
21 31
20 31
20 30
19 30
19 29
19 28
19 27
20 27
20 26
19 26
19 27
19 28
19 29
18 29
18 30
18 29
19 29
18 29
18 30
17 30
17 29
17 28
17 27
17 26
17 25
18 25
17 25
17 24
18 24
18 23
19 23
19 24
19 25
19 26
19 27
18 27
17 27
17 26
17 25
17 24
17 23
18 23
17 23
18 23
17 23
17 24
18 24
18 23
19 23
18 23
17 23
17 22
18 22
17 22
18 22
19 22
18 22
18 23
19 23
19 22
19 21
20 21
19 21
18 21
18 22
18 23
18 24
18 25
18 24
19 24
19 25
18 25
18 24
18 25
19 25
20 25
20 24
20 23
21 23
21 24
21 25
22 25
22 24
22 25
23 25
22 25
23 25
23 26
22 26
22 25
22 24
22 23
22 22
23 22
22 22
23 22
23 23
23 22
24 22
25 22
25 21
26 21
25 21
26 21
27 21
28 21
28 20
28 21
27 21
27 22
27 23
28 23
29 23
29 22
28 22
29 22
29 21
29 20
29 21
28 21
27 21
27 22
26 22
26 21
26 20
26 21
25 21
24 21
24 20
24 19
25 19
26 19
27 19
27 20
28 20
29 20
30 20
30 19
30 20
31 20
31 21
32 21
32 20
32 19
32 18
32 19
31 19
31 20
30 20
29 20
28 20
28 21
29 21
28 21
27 21
28 21
29 21
28 21
28 20
28 19
29 19
29 18
30 18
31 18
31 17
31 18
32 18
33 18
32 18
32 17
32 16
31 16
32 16
32 15
31 15
32 15
32 16
32 17
33 17
32 17
32 16
32 15
31 15
31 16
31 15
31 14
31 13
32 13
31 13
30 13
30 14
29 14
28 14
29 14
28 14
27 14
28 14
28 15
27 15
27 16
27 17
27 16
27 17
27 16
28 16
28 17
27 17
27 16
26 16
25 16
26 16
26 17
25 17
26 17
26 18
25 18
25 19
25 20
24 20
24 19
24 18
24 17
23 17
23 18
24 18
24 19
24 18
25 18
25 19
26 19
26 20
27 20
27 21
28 21
27 21
28 21
27 21
27 22
27 21
27 22
28 22
28 21
29 21
30 21
30 20
30 19
31 19
32 19
33 19
32 19
32 20
33 20
32 20
32 19
31 19
31 20
31 19
31 18
32 18
32 17
33 17
32 17
32 16
32 17
33 17
33 18
