0 0
0 1
0 0
0 1
1 1
0 1
1 1
0 1
0 0
1 0
1 1
1 0
1 1
2 1
2 0
3 0
3 1
4 1
3 1
4 1
5 1
4 1
5 1
6 1
6 2
6 1
6 0
6 1
5 1
6 1
7 1
7 0
6 0
7 0
6 0
7 0
8 0
8 1
7 1
7 0
6 0
5 0
4 0
5 0
5 1
5 2
5 1
6 1
6 2
7 2
7 3
7 4
7 5
8 5
7 5
7 6
6 6
7 6
7 7
8 7
8 6
8 5
7 5
6 5
7 5
8 5
8 4
8 5
8 6
8 7
7 7
8 7
9 7
9 6
10 6
9 6
8 6
8 5
8 6
8 7
8 8
8 7
8 6
7 6
6 6
5 6
4 6
4 5
4 6
4 7
4 8
4 9
3 9
4 9
3 9
4 9
4 10
3 10
4 10
5 10
5 9
5 10
4 10
5 10
6 10
5 10
4 10
5 10
5 9
5 10
5 11
5 12
4 12
4 11
4 12
4 11
4 12
4 13
5 13
4 13
4 14
4 15
5 15
5 14
5 13
6 13
6 14
6 15
6 14
6 15
7 15
8 15
8 14
8 15
9 15
8 15
9 15
9 16
9 17
8 17
8 18
9 18
10 18
9 18
8 18
8 19
9 19
9 18
9 17
10 17
10 16
9 16
10 16
9 16
9 17
9 16
9 15
8 15
8 16
9 16
10 16
9 16
10 16
10 17
11 17
10 17
11 17
10 17
10 16
10 17
11 17
11 16
11 15
12 15
12 16
13 16
13 17
13 16
12 16
11 16
12 16
13 16
13 15
12 15
12 14
13 14
14 14
14 15
14 14
13 14
13 15
14 15
14 14
15 14
15 13
16 13
16 14
16 15
16 16
16 15
15 15
16 15
16 16
17 16
16 16
16 17
16 18
16 19
16 18
17 18
16 18
15 18
15 19
15 18
15 19
16 19
16 18
17 18
17 19
17 20
16 20
15 20
16 20
17 20
17 21
16 21
17 21
17 20
18 20
17 20
16 20
16 19
17 19
18 19
17 19
17 20
16 20
16 19
16 20
16 19
16 20
17 20
18 20
17 20
16 20
17 20
16 20
16 21
15 21
15 20
14 20
13 20
13 19
14 19
14 20
15 20
15 21
16 21
17 21
17 20
16 20
17 20
16 20
16 21
16 22
16 23
16 22
16 23
16 24
15 24
16 24
17 24
17 25
17 24
17 25
17 26
17 27
16 27
16 28
16 29
16 28
17 28
17 29
16 29
16 30
15 30
15 31
15 32
14 32
13 32
13 33
13 32
14 32
13 32
13 33
13 34
13 33
13 32
14 32
14 31
14 30
14 29
14 30
14 31
14 32
13 32
13 31
14 31
14 30
15 30
15 29
15 30
15 29
15 30
16 30
17 30
17 31
17 32
16 32
16 33
16 32
17 32
18 32
18 33
19 33
19 34
18 34
18 33
19 33
19 34
19 33
18 33
18 32
19 32
18 32
18 33
17 33
17 34
18 34
18 35
18 34
18 35
17 35
16 35
16 36
17 36
16 36
16 35
17 35
17 36
17 37
17 38
17 39
18 39
18 38
17 38
17 39
18 39
18 40
18 39
17 39
16 39
16 38
17 38
16 38
15 38
16 38
17 38
17 37
18 37
18 38
18 39
17 39
17 40
17 41
17 42
17 43
16 43
16 44
16 43
16 42
16 41
16 42
16 43
16 44
16 43
15 43
15 44
16 44
15 44
14 44
13 44
14 44
14 45
14 44
14 43
14 44
15 44
16 44
15 44
16 44
17 44
16 44
15 44
14 44
14 45
13 45
12 45
12 44
13 44
14 44
15 44
15 45
15 44
15 43
15 42
15 41
16 41
15 41
15 42
15 43
14 43
13 43
14 43
13 43
12 43
13 43
14 43
13 43
13 42
12 42
11 42
12 42
13 42
12 42
12 43
13 43
13 42
13 43
14 43
15 43
15 44
16 44
17 44
18 44
18 45
19 45
18 45
17 45
17 46
17 45
17 44
18 44
18 45
18 46
17 46
17 47
18 47
18 46
18 45
19 45
18 45
17 45
17 44
16 44
16 45
15 45
15 46
14 46
15 46
15 47
15 46
16 46
17 46
16 46
17 46
17 47
17 48
16 48
17 48
17 47
17 48
17 49
16 49
15 49
16 49
15 49
14 49
14 50
14 51
15 51
14 51
13 51
12 51
13 51
13 52
12 52
11 52
11 51
11 52
10 52
9 52
9 53
10 53
10 54
10 53
9 53
9 52
8 52
7 52
6 52
7 52
6 52
5 52
6 52
7 52
8 52
7 52
7 53
7 52
6 52
5 52
5 51
5 52
6 52
6 53
7 53
6 53
5 53
5 54
5 53
5 54
6 54
6 53
6 52
6 51
7 51
7 50
7 51
6 51
7 51
6 51
6 52
5 52
5 53
5 52
4 52
3 52
4 52
4 51
4 52
5 52
6 52
6 53
7 53
8 53
7 53
7 54
8 54
8 53
9 53
9 52
8 52
9 52
9 51
10 51
9 51
8 51
8 52
8 51
7 51
6 51
6 52
6 53
7 53
8 53
7 53
8 53
7 53
8 53
8 54
9 54
10 54
11 54
10 54
10 55
9 55
9 54
8 54
8 55
7 55
7 56
7 57
7 58
8 58
8 59
9 59
10 59
11 59
11 60
12 60
12 61
12 62
13 62
13 61
14 61
15 61
14 61
14 62
14 61
13 61
14 61
14 60
15 60
15 61
16 61
16 60
17 60
17 61
18 61
19 61
20 61
19 61
18 61
18 62
18 63
19 63
18 63
17 63
16 63
16 62
16 61
16 62
17 62
17 61
16 61
17 61
18 61
18 60
18 59
18 60
18 59
18 60
17 60
16 60
16 61
17 61
17 62
16 62
16 63
17 63
16 63
16 62
16 61
16 60
17 60
16 60
16 59
15 59
16 59
16 58
16 59
16 60
17 60
17 61
17 62
18 62
19 62
18 62
18 61
18 60
19 60
18 60
17 60
17 59
17 58
17 57
17 58
17 57
17 56
17 55
16 55
16 56
17 56
16 56
16 55
15 55
15 54
14 54
14 53
14 52
13 52
14 52
14 53
14 52
13 52
13 51
12 51
12 50
12 49
11 49
11 48
11 47
12 47
13 47
14 47
13 47
13 48
13 49
12 49
12 48
11 48
12 48
13 48
12 48
12 47
12 46
13 46
13 47
13 48
12 48
12 49
13 49
13 48
13 49
12 49
13 49
14 49
14 48
13 48
12 48
12 47
12 48
11 48
11 49
12 49
13 49
13 48
13 49
14 49
13 49
12 49
13 49
14 49
14 48
13 48
14 48
14 47
14 48
15 48
16 48
15 48
16 48
16 47
16 46
15 46
15 47
14 47
15 47
15 46
15 47
16 47
16 46
17 46
17 47
18 47
19 47
19 48
18 48
19 48
20 48
19 48
20 48
20 49
21 49
22 49
23 49
23 48
23 47
24 47
25 47
25 46
25 47
26 47
25 47
25 46
25 47
25 46
25 45
25 46
24 46
23 46
24 46
25 46
26 46
27 46
27 45
26 45
26 46
25 46
25 47
24 47
24 48
24 49
25 49
26 49
26 50
25 50
25 51
24 51
25 51
25 52
26 52
27 52
27 51
28 51
27 51
27 50
26 50
26 49
26 48
26 47
25 47
25 46
25 47
25 46
24 46
23 46
24 46
24 47
24 48
25 48
25 49
24 49
25 49
25 48
25 47
24 47
23 47
22 47
21 47
21 48
21 49
21 50
21 51
21 50
21 51
20 51
21 51
21 50
20 50
19 50
20 50
19 50
20 50
19 50
19 51
18 51
17 51
17 50
17 51
18 51
17 51
16 51
16 52
16 51
16 50
16 49
16 48
16 49
15 49
16 49
17 49
16 49
15 49
16 49
15 49
15 48
15 49
15 48
15 47
15 46
16 46
17 46
17 47
16 47
16 46
16 45
15 45
15 46
14 46
15 46
14 46
13 46
13 45
14 45
14 44
14 43
15 43
15 44
15 45
14 45
14 44
15 44
15 45
14 45
13 45
13 44
12 44
13 44
14 44
15 44
15 43
16 43
17 43
17 44
17 45
18 45
18 46
17 46
17 47
16 47
16 48
15 48
16 48
16 49
16 48
15 48
15 49
16 49
16 48
16 49
16 48
17 48
17 49
18 49
17 49
17 48
17 49
16 49
15 49
14 49
13 49
13 50
13 51
13 50
14 50
14 49
14 50
15 50
15 51
15 52
15 51
16 51
16 52
15 52
16 52
15 52
16 52
16 51
16 52
16 51
17 51
18 51
19 51
18 51
17 51
17 50
17 49
16 49
15 49
15 50
15 51
14 51
13 51
14 51
13 51
13 52
13 53
13 54
12 54
12 53
11 53
11 52
12 52
11 52
12 52
13 52
14 52
14 53
14 52
14 53
14 54
15 54
15 55
15 54
15 55
14 55
13 55
13 54
