0 0
1 0
1 1
0 1
1 1
0 1
1 1
2 1
2 0
2 1
1 1
1 2
1 3
0 3
0 4
1 4
1 3
0 3
0 2
0 3
1 3
1 2
2 2
2 1
2 0
1 0
1 1
1 2
1 1
1 0
0 0
0 1
1 1
1 0
1 1
1 0
0 0
1 0
1 1
1 0
1 1
0 1
1 1
2 1
3 1
4 1
5 1
4 1
4 2
4 3
4 4
5 4
6 4
5 4
5 3
6 3
6 2
6 3
6 2
6 1
6 0
7 0
7 1
8 1
7 1
7 2
6 2
5 2
4 2
3 2
4 2
4 1
3 1
2 1
1 1
1 0
2 0
3 0
2 0
2 1
2 0
2 1
1 1
1 0
2 0
2 1
3 1
3 0
3 1
3 2
2 2
2 3
2 4
2 5
2 4
2 3
2 4
1 4
0 4
0 5
0 6
0 7
0 8
0 7
1 7
1 6
2 6
2 7
3 7
4 7
4 8
3 8
2 8
1 8
1 7
1 8
1 7
1 6
1 5
2 5
2 6
1 6
1 5
0 5
1 5
1 6
2 6
2 5
1 5
1 4
0 4
1 4
2 4
2 3
2 2
2 1
3 1
4 1
3 1
3 0
2 0
1 0
2 0
2 1
2 2
1 2
0 2
1 2
1 1
1 2
1 1
1 2
1 3
1 4
2 4
3 4
3 3
4 3
5 3
4 3
4 4
3 4
2 4
2 3
2 4
2 3
3 3
3 4
4 4
4 3
4 2
4 1
3 1
3 0
2 0
2 1
3 1
3 0
3 1
4 1
3 1
4 1
4 0
3 0
2 0
3 0
3 1
3 2
3 3
3 4
2 4
1 4
2 4
1 4
2 4
1 4
1 5
0 5
1 5
1 4
2 4
2 5
2 6
3 6
4 6
3 6
4 6
4 7
5 7
4 7
3 7
3 8
3 9
3 8
3 7
4 7
5 7
5 6
5 7
5 6
5 7
4 7
4 6
4 7
4 8
3 8
2 8
3 8
3 9
3 8
2 8
3 8
3 9
2 9
2 10
2 9
3 9
4 9
5 9
5 8
6 8
5 8
4 8
5 8
6 8
6 7
5 7
6 7
7 7
7 8
8 8
9 8
9 7
9 8
10 8
10 7
10 6
10 5
11 5
11 6
10 6
10 5
9 5
9 4
8 4
9 4
9 5
9 4
8 4
9 4
8 4
8 3
9 3
9 4
9 5
9 4
9 5
10 5
11 5
12 5
11 5
10 5
10 4
11 4
11 3
10 3
11 3
10 3
9 3
10 3
9 3
9 4
10 4
10 5
9 5
9 6
9 7
8 7
7 7
8 7
8 8
9 8
9 9
8 9
8 8
8 9
9 9
9 8
8 8
9 8
9 9
8 9
9 9
9 8
10 8
9 8
8 8
8 9
9 9
8 9
9 9
9 10
9 9
9 10
9 11
9 10
8 10
7 10
8 10
8 9
8 10
7 10
6 10
5 10
6 10
6 9
6 8
7 8
6 8
6 9
6 10
5 10
4 10
5 10
4 10
3 10
3 11
3 10
3 11
3 10
3 9
3 8
4 8
4 7
4 8
5 8
5 9
5 10
4 10
4 11
3 11
2 11
1 11
2 11
3 11
3 10
3 9
4 9
5 9
4 9
4 10
5 10
6 10
6 11
7 11
8 11
8 12
8 13
8 14
8 13
8 12
8 11
9 11
10 11
9 11
9 12
8 12
8 13
8 12
8 13
8 12
8 11
9 11
9 10
8 10
8 9
7 9
7 8
6 8
7 8
6 8
7 8
7 9
7 10
7 9
6 9
5 9
5 10
6 10
6 11
7 11
8 11
7 11
7 12
6 12
6 13
5 13
5 12
6 12
6 11
5 11
5 10
4 10
4 9
4 8
4 9
3 9
4 9
5 9
5 10
4 10
5 10
4 10
4 9
4 8
3 8
3 7
3 6
3 7
3 6
3 7
3 8
3 7
2 7
2 8
1 8
1 9
0 9
0 10
0 9
1 9
2 9
2 10
3 10
2 10
3 10
3 11
2 11
3 11
3 10
2 10
2 9
2 8
2 7
3 7
2 7
3 7
3 8
3 9
3 8
2 8
2 9
2 10
2 9
2 8
3 8
4 8
4 9
4 8
3 8
2 8
2 7
1 7
1 6
2 6
1 6
1 5
2 5
3 5
4 5
5 5
5 4
6 4
6 5
5 5
5 6
5 7
5 8
6 8
7 8
7 9
8 9
8 10
8 11
8 10
9 10
10 10
10 11
9 11
9 10
9 11
9 10
9 9
8 9
8 8
9 8
10 8
9 8
9 9
10 9
9 9
9 8
9 9
9 8
9 9
10 9
10 8
10 7
11 7
12 7
12 6
12 7
13 7
12 7
12 8
11 8
11 9
11 10
11 11
11 12
10 12
10 11
11 11
11 12
11 11
10 11
9 11
9 12
8 12
9 12
10 12
10 11
9 11
9 10
9 11
9 10
10 10
11 10
12 10
11 10
11 11
12 11
12 12
12 13
13 13
14 13
15 13
15 12
14 12
14 13
15 13
15 14
16 14
17 14
17 13
18 13
17 13
16 13
16 14
15 14
15 13
15 12
16 12
15 12
14 12
13 12
14 12
13 12
13 11
13 10
13 11
13 10
12 10
12 11
12 10
12 9
13 9
12 9
12 8
13 8
13 7
14 7
15 7
15 6
16 6
15 6
15 7
15 6
15 5
14 5
14 6
14 7
14 8
14 7
14 8
13 8
12 8
12 9
12 10
11 10
11 9
12 9
12 10
13 10
13 11
12 11
13 11
13 12
13 11
13 10
12 10
12 9
11 9
12 9
13 9
14 9
14 8
13 8
13 9
13 10
12 10
12 9
12 8
13 8
13 7
12 7
13 7
14 7
15 7
16 7
16 6
16 7
15 7
14 7
15 7
15 6
14 6
15 6
15 5
15 6
15 7
15 8
14 8
14 7
15 7
14 7
14 6
15 6
15 5
14 5
14 6
13 6
13 7
14 7
14 8
14 7
14 6
14 7
15 7
16 7
16 6
16 5
17 5
17 4
16 4
16 3
15 3
15 4
15 5
16 5
16 6
16 7
16 6
15 6
15 7
14 7
14 6
14 5
15 5
14 5
15 5
15 6
14 6
14 7
13 7
13 6
13 7
13 8
12 8
13 8
14 8
13 8
13 9
13 8
13 9
12 9
12 10
12 11
12 12
11 12
12 12
13 12
12 12
12 11
12 10
12 11
13 11
13 10
13 9
13 8
12 8
12 7
12 6
12 5
13 5
13 6
13 5
13 4
12 4
12 3
12 2
13 2
13 1
13 2
14 2
15 2
14 2
13 2
13 1
12 1
12 2
12 1
12 0
13 0
14 0
14 1
14 2
14 1
15 1
15 0
14 0
13 0
13 1
12 1
13 1
14 1
14 2
15 2
15 3
15 2
15 3
15 4
16 4
17 4
17 5
18 5
17 5
17 4
18 4
18 5
19 5
19 6
18 6
19 6
20 6
20 7
21 7
21 6
22 6
21 6
21 7
22 7
22 6
23 6
24 6
25 6
25 7
24 7
25 7
25 8
25 9
25 10
25 11
25 10
25 11
25 10
25 11
25 12
24 12
25 12
25 11
26 11
27 11
27 10
27 11
27 10
27 11
27 10
28 10
29 10
30 10
29 10
30 10
30 9
31 9
32 9
31 9
31 8
31 9
31 8
31 7
32 7
32 8
33 8
33 9
33 8
33 9
33 10
33 11
32 11
32 10
31 10
32 10
33 10
33 11
33 10
34 10
34 9
34 10
34 11
33 11
33 10
34 10
35 10
34 10
34 9
34 10
35 10
34 10
35 10
34 10
35 10
36 10
36 11
36 10
37 10
37 9
38 9
39 9
39 8
39 7
39 6
40 6
40 5
41 5
41 6
41 5
41 6
41 5
40 5
40 6
41 6
41 7
41 8
41 9
41 10
40 10
40 9
40 10
40 11
41 11
42 11
43 11
43 12
44 12
45 12
45 11
46 11
45 11
45 10
46 10
45 10
46 10
47 10
47 11
48 11
49 11
49 12
49 11
49 10
49 9
49 10
49 11
49 10
49 9
49 8
49 9
49 8
49 7
49 8
49 9
49 10
48 10
49 10
50 10
51 10
52 10
51 10
51 11
51 10
51 9
51 8
51 7
50 7
51 7
51 8
51 7
51 6
51 7
51 8
51 7
50 7
50 8
51 8
50 8
49 8
49 9
50 9
50 10
49 10
48 10
49 10
49 11
50 11
50 10
50 11
49 11
48 11
48 10
49 10
49 9
49 10
50 10
50 9
51 9
51 8
52 8
53 8
53 7
52 7
53 7
52 7
52 8
52 7
53 7
54 7
53 7
53 6
53 5
54 5
53 5
54 5
54 6
54 5
55 5
54 5
55 5
55 6
55 5
55 4
55 3
54 3
55 3
56 3
56 4
56 5
56 6
55 6
55 5
55 4
