0 0
0 1
1 1
0 1
1 1
1 2
2 2
2 3
2 2
1 2
2 2
2 3
2 2
2 1
2 2
1 2
2 2
2 1
1 1
1 0
1 1
1 0
2 0
2 1
2 2
2 3
1 3
0 3
1 3
0 3
0 4
0 3
1 3
0 3
0 4
0 3
0 4
0 3
1 3
1 4
1 3
0 3
0 2
0 3
0 4
0 5
0 4
0 3
1 3
2 3
2 4
1 4
1 5
2 5
2 4
2 5
3 5
3 4
3 5
2 5
2 4
2 3
1 3
2 3
3 3
3 4
3 3
3 2
4 2
3 2
3 1
3 0
4 0
4 1
4 2
4 3
3 3
4 3
5 3
6 3
7 3
7 4
7 3
6 3
6 4
6 3
5 3
4 3
4 4
3 4
3 5
2 5
1 5
2 5
2 6
3 6
4 6
5 6
5 5
6 5
6 4
6 3
7 3
6 3
7 3
8 3
8 4
8 5
7 5
6 5
6 4
7 4
8 4
9 4
9 5
9 6
9 7
10 7
9 7
10 7
10 6
10 7
11 7
11 8
11 7
10 7
10 8
10 9
9 9
9 10
9 9
10 9
9 9
9 8
10 8
11 8
11 7
12 7
12 8
11 8
12 8
12 9
13 9
13 8
14 8
13 8
12 8
12 9
12 8
12 7
12 6
13 6
12 6
13 6
14 6
14 7
13 7
12 7
13 7
14 7
14 6
15 6
16 6
15 6
15 7
15 6
14 6
14 5
14 6
14 5
13 5
14 5
13 5
14 5
14 6
14 7
14 8
15 8
15 9
16 9
16 8
16 7
16 8
16 7
16 6
17 6
17 5
16 5
16 6
16 5
16 6
17 6
17 7
18 7
18 8
18 9
18 10
18 11
19 11
19 12
19 13
20 13
20 14
19 14
19 15
18 15
18 14
18 13
17 13
17 14
16 14
16 13
15 13
16 13
16 14
17 14
18 14
18 15
18 14
19 14
18 14
19 14
18 14
19 14
19 15
20 15
21 15
21 16
21 15
20 15
20 14
20 13
20 12
20 11
19 11
19 12
18 12
18 11
18 12
18 13
17 13
18 13
18 12
17 12
17 11
16 11
16 12
16 13
17 13
18 13
19 13
20 13
19 13
19 12
20 12
20 13
21 13
22 13
23 13
23 14
22 14
21 14
20 14
21 14
22 14
21 14
21 13
21 14
21 15
21 14
21 13
22 13
21 13
21 12
22 12
22 13
23 13
23 14
24 14
24 15
24 14
23 14
23 13
23 14
24 14
24 13
24 14
25 14
25 15
26 15
26 16
26 15
27 15
27 16
27 15
26 15
26 14
26 15
26 14
26 13
26 12
26 13
26 14
26 13
27 13
26 13
27 13
27 14
27 13
28 13
27 13
27 14
27 15
26 15
26 16
25 16
25 17
25 16
26 16
25 16
25 15
26 15
26 14
25 14
25 13
24 13
24 12
24 13
23 13
23 12
22 12
21 12
22 12
23 12
24 12
24 13
23 13
22 13
22 14
22 15
21 15
20 15
21 15
22 15
21 15
21 14
22 14
22 13
23 13
24 13
23 13
24 13
25 13
24 13
24 12
23 12
23 11
23 10
24 10
24 9
24 8
24 9
24 8
25 8
26 8
26 7
25 7
25 8
24 8
23 8
23 9
24 9
24 10
24 9
24 10
24 11
23 11
23 12
22 12
23 12
24 12
23 12
24 12
25 12
26 12
25 12
25 11
25 10
25 11
24 11
25 11
26 11
25 11
25 12
24 12
24 11
23 11
22 11
22 12
23 12
23 11
23 12
23 11
24 11
24 10
23 10
23 11
22 11
23 11
23 12
22 12
21 12
21 11
21 12
22 12
23 12
23 13
23 14
24 14
23 14
23 15
23 14
23 15
24 15
24 14
24 13
24 14
25 14
26 14
27 14
27 15
26 15
26 16
26 15
27 15
26 15
27 15
27 16
28 16
28 17
28 16
28 15
28 16
28 17
29 17
28 17
27 17
27 18
27 17
27 18
27 19
28 19
28 20
27 20
26 20
26 19
27 19
27 18
28 18
29 18
28 18
27 18
27 19
28 19
28 18
28 19
28 20
27 20
28 20
29 20
29 19
28 19
28 18
28 19
28 20
29 20
28 20
28 21
29 21
29 22
30 22
30 21
29 21
28 21
29 21
30 21
30 22
30 23
29 23
28 23
29 23
29 22
30 22
30 23
30 24
31 24
30 24
30 25
30 26
30 25
31 25
31 26
32 26
32 27
33 27
33 28
33 29
32 29
31 29
31 28
32 28
33 28
32 28
32 27
32 26
33 26
33 27
34 27
35 27
35 26
36 26
36 27
35 27
35 28
35 29
35 28
35 27
34 27
34 28
35 28
35 27
35 26
36 26
36 27
36 26
37 26
37 27
37 28
38 28
39 28
39 27
39 28
38 28
38 27
38 26
37 26
37 25
36 25
37 25
37 24
37 25
38 25
39 25
40 25
41 25
40 25
39 25
39 26
39 25
39 26
38 26
37 26
37 27
37 28
37 29
36 29
36 28
35 28
35 27
36 27
35 27
34 27
35 27
35 28
34 28
33 28
34 28
33 28
34 28
35 28
36 28
37 28
37 29
37 28
37 27
38 27
37 27
37 28
37 27
38 27
38 26
37 26
37 25
38 25
37 25
37 24
36 24
37 24
37 23
37 22
36 22
36 21
35 21
34 21
35 21
35 22
36 22
36 21
37 21
37 22
37 23
38 23
39 23
40 23
40 24
41 24
40 24
40 23
41 23
41 22
42 22
42 21
43 21
43 20
44 20
45 20
44 20
45 20
46 20
46 19
45 19
45 20
44 20
43 20
42 20
42 19
42 20
43 20
43 21
43 22
43 21
44 21
44 22
44 21
44 22
45 22
44 22
44 23
44 24
45 24
45 23
45 22
45 21
45 22
45 21
45 20
46 20
45 20
45 19
44 19
44 18
45 18
45 17
45 16
45 15
45 16
44 16
43 16
43 15
44 15
43 15
44 15
45 15
45 14
45 15
45 16
46 16
47 16
47 15
47 16
46 16
46 15
46 16
45 16
45 17
44 17
45 17
45 16
46 16
45 16
44 16
43 16
43 17
44 17
45 17
44 17
45 17
46 17
46 16
45 16
44 16
43 16
43 17
43 16
42 16
42 15
42 16
42 17
42 18
42 17
42 16
41 16
41 17
42 17
42 16
43 16
42 16
43 16
42 16
42 17
43 17
42 17
42 18
42 17
42 18
41 18
42 18
43 18
43 19
44 19
45 19
44 19
44 20
44 19
45 19
45 18
45 17
45 18
45 17
45 18
44 18
44 17
43 17
42 17
41 17
41 18
40 18
39 18
39 19
39 20
40 20
40 21
40 22
40 23
39 23
39 24
39 25
39 24
39 25
38 25
37 25
36 25
36 26
36 25
36 26
37 26
36 26
36 27
36 26
36 27
37 27
37 28
38 28
37 28
37 27
36 27
37 27
37 28
37 29
38 29
39 29
39 28
38 28
38 27
38 28
38 29
38 30
38 31
38 30
37 30
37 31
37 30
36 30
36 31
37 31
37 30
37 31
38 31
38 32
37 32
38 32
37 32
37 31
37 30
37 31
37 32
36 32
36 31
35 31
35 30
34 30
33 30
32 30
32 29
32 28
32 29
33 29
33 30
34 30
34 29
35 29
36 29
37 29
37 30
36 30
36 31
36 30
37 30
38 30
37 30
36 30
36 31
37 31
37 30
37 31
37 30
37 29
37 28
37 27
36 27
37 27
37 28
36 28
35 28
35 27
35 28
35 29
35 28
36 28
37 28
37 29
37 28
37 29
37 28
37 27
37 28
36 28
36 27
36 26
36 25
36 24
37 24
37 23
37 24
37 23
37 24
37 23
37 24
38 24
39 24
39 23
39 24
39 23
40 23
40 22
41 22
40 22
40 21
41 21
42 21
41 21
42 21
42 20
42 21
42 22
41 22
41 21
40 21
41 21
42 21
42 20
42 21
42 20
42 21
42 22
43 22
44 22
44 21
44 22
45 22
45 23
46 23
45 23
44 23
44 22
44 23
45 23
44 23
43 23
42 23
42 22
43 22
44 22
43 22
42 22
42 23
42 24
42 25
42 24
41 24
40 24
39 24
39 25
38 25
39 25
39 24
39 25
39 26
39 27
40 27
41 27
40 27
40 26
40 25
40 24
40 25
40 24
41 24
42 24
42 25
42 26
41 26
40 26
40 25
41 25
41 24
41 23
41 24
42 24
43 24
44 24
44 25
43 25
42 25
42 26
41 26
42 26
41 26
42 26
41 26
42 26
41 26
41 27
40 27
41 27
41 28
41 29
40 29
40 30
40 29
41 29
41 30
42 30
42 29
42 30
42 31
41 31
41 32
40 32
41 32
40 32
41 32
40 32
40 31
41 31
42 31
42 32
42 33
42 34
41 34
42 34
43 34
43 33
42 33
43 33
43 34
43 33
43 34
43 33
43 34
