0 0
0 1
1 1
0 1
1 1
0 1
1 1
0 1
0 0
1 0
2 0
2 1
3 1
4 1
4 0
3 0
3 1
2 1
2 2
2 3
2 2
1 2
2 2
3 2
3 1
3 0
4 0
3 0
3 1
3 2
3 1
3 2
3 1
3 2
3 1
2 1
3 1
2 1
2 2
2 3
2 2
2 1
2 0
1 0
1 1
1 2
0 2
0 3
1 3
1 4
1 5
1 4
1 3
1 2
1 1
1 0
2 0
2 1
1 1
0 1
0 0
0 1
0 0
0 1
1 1
2 1
3 1
2 1
2 0
1 0
2 0
2 1
2 0
1 0
1 1
2 1
1 1
0 1
1 1
0 1
0 0
1 0
1 1
0 1
1 1
1 2
1 1
0 1
0 2
0 3
0 2
0 1
1 1
1 2
2 2
2 1
1 1
0 1
1 1
1 0
1 1
2 1
1 1
1 2
1 3
2 3
1 3
0 3
0 4
1 4
1 5
2 5
2 4
2 3
2 4
1 4
1 3
1 4
1 5
0 5
1 5
2 5
2 6
1 6
0 6
1 6
1 7
0 7
0 8
1 8
1 7
2 7
2 6
2 5
3 5
2 5
2 4
2 3
1 3
0 3
0 4
0 3
1 3
2 3
2 4
3 4
2 4
1 4
1 5
2 5
3 5
4 5
3 5
3 4
3 5
4 5
3 5
2 5
2 6
3 6
4 6
4 5
4 4
4 5
4 6
4 5
4 6
3 6
4 6
3 6
2 6
3 6
2 6
3 6
4 6
3 6
3 7
3 6
2 6
2 7
2 6
1 6
1 7
2 7
3 7
2 7
2 8
3 8
3 9
2 9
2 8
3 8
2 8
3 8
2 8
2 7
1 7
0 7
1 7
0 7
0 6
1 6
2 6
1 6
1 7
1 6
1 7
1 6
2 6
3 6
3 7
2 7
2 6
2 5
2 6
1 6
2 6
1 6
1 5
0 5
0 4
1 4
0 4
0 5
1 5
1 4
0 4
1 4
1 5
0 5
1 5
0 5
1 5
1 6
2 6
2 7
1 7
1 8
1 7
2 7
1 7
0 7
1 7
2 7
2 6
3 6
2 6
3 6
3 7
2 7
1 7
1 6
2 6
2 5
3 5
4 5
3 5
2 5
2 6
2 5
2 6
2 5
3 5
3 4
4 4
4 5
3 5
3 4
3 5
3 4
3 5
4 5
4 4
4 5
4 6
3 6
3 5
3 6
4 6
4 5
4 4
3 4
3 3
4 3
4 2
4 1
4 2
4 3
5 3
4 3
4 4
4 5
4 6
3 6
2 6
2 5
1 5
1 4
0 4
1 4
2 4
3 4
3 3
2 3
3 3
2 3
3 3
2 3
1 3
2 3
1 3
0 3
1 3
1 4
2 4
2 3
2 2
1 2
1 1
2 1
3 1
3 2
4 2
5 2
5 3
4 3
3 3
3 4
2 4
1 4
1 5
0 5
1 5
1 6
2 6
2 5
3 5
4 5
4 4
3 4
4 4
4 3
4 2
4 1
3 1
3 2
3 3
3 2
3 1
3 0
2 0
2 1
1 1
1 0
2 0
2 1
2 0
2 1
1 1
1 0
0 0
1 0
0 0
1 0
1 1
2 1
2 0
2 1
2 0
3 0
3 1
2 1
2 2
2 1
1 1
0 1
0 0
0 1
0 2
0 1
1 1
2 1
2 0
2 1
1 1
0 1
0 2
1 2
1 1
1 0
1 1
0 1
1 1
1 0
0 0
1 0
1 1
1 2
0 2
1 2
1 1
2 1
2 0
2 1
1 1
0 1
0 2
0 3
1 3
1 4
0 4
0 3
1 3
2 3
1 3
1 2
1 1
2 1
2 0
2 1
2 2
3 2
2 2
2 3
2 4
2 3
2 2
2 1
2 2
3 2
3 3
3 4
2 4
2 5
3 5
3 4
3 5
4 5
4 4
5 4
5 5
5 4
5 3
5 4
4 4
5 4
5 5
4 5
4 6
4 5
4 6
5 6
4 6
4 7
4 6
4 5
3 5
4 5
5 5
5 4
5 5
4 5
5 5
4 5
4 4
3 4
4 4
3 4
4 4
5 4
4 4
5 4
6 4
6 3
5 3
5 4
5 5
5 6
6 6
5 6
6 6
6 7
6 6
6 5
7 5
7 4
8 4
8 3
8 2
8 1
9 1
10 1
11 1
12 1
12 2
12 1
13 1
13 2
14 2
14 3
14 2
14 3
14 4
13 4
14 4
14 3
13 3
12 3
13 3
13 2
14 2
15 2
16 2
16 3
17 3
16 3
16 2
16 3
17 3
16 3
15 3
14 3
14 4
13 4
13 5
14 5
13 5
13 6
13 7
13 8
12 8
13 8
14 8
14 9
14 8
15 8
14 8
13 8
13 9
13 8
13 9
13 10
13 9
13 10
12 10
13 10
12 10
12 11
13 11
13 12
14 12
15 12
15 13
15 12
14 12
15 12
15 11
16 11
16 12
16 13
17 13
17 12
18 12
18 11
17 11
17 10
17 11
18 11
18 10
17 10
17 11
17 10
17 9
17 8
17 9
16 9
17 9
16 9
16 10
15 10
14 10
14 11
15 11
15 10
16 10
15 10
16 10
15 10
16 10
16 9
16 8
17 8
16 8
16 7
17 7
16 7
16 6
16 7
16 6
17 6
18 6
18 5
17 5
17 4
16 4
17 4
16 4
17 4
16 4
16 5
15 5
15 6
15 5
15 4
15 3
16 3
16 4
17 4
17 5
18 5
18 4
18 5
18 4
18 3
19 3
19 4
19 5
19 6
18 6
19 6
19 7
20 7
20 6
20 5
20 4
19 4
18 4
18 3
19 3
18 3
19 3
20 3
19 3
18 3
18 4
18 3
19 3
19 4
18 4
19 4
20 4
20 5
20 4
20 5
20 6
20 7
20 8
19 8
19 9
19 10
19 11
19 10
19 11
20 11
20 12
20 11
20 10
20 11
21 11
21 12
20 12
20 13
21 13
21 14
21 13
22 13
22 14
23 14
23 15
24 15
24 14
23 14
23 13
23 14
23 15
24 15
24 16
24 17
24 18
24 19
24 20
23 20
23 21
23 20
23 19
23 18
22 18
23 18
23 17
23 18
24 18
23 18
24 18
24 19
24 18
25 18
26 18
27 18
26 18
25 18
25 19
25 20
25 19
24 19
23 19
24 19
24 18
23 18
23 17
23 18
24 18
25 18
25 17
25 16
25 17
25 18
24 18
23 18
23 17
23 16
23 17
24 17
25 17
25 18
25 17
25 16
26 16
26 15
26 16
26 17
26 16
25 16
26 16
26 17
27 17
28 17
29 17
30 17
30 18
31 18
30 18
30 19
29 19
28 19
29 19
30 19
31 19
31 18
30 18
30 19
29 19
28 19
27 19
28 19
28 18
28 19
27 19
26 19
27 19
28 19
27 19
28 19
28 20
27 20
28 20
29 20
29 21
28 21
28 22
28 21
28 22
28 21
27 21
28 21
29 21
30 21
30 22
30 21
30 22
31 22
32 22
33 22
33 23
33 22
33 23
32 23
32 22
33 22
34 22
34 23
35 23
36 23
36 22
36 21
37 21
38 21
37 21
37 22
37 21
37 20
37 21
37 20
37 19
38 19
38 18
39 18
40 18
39 18
38 18
38 17
37 17
36 17
35 17
35 16
35 15
35 14
35 13
34 13
34 12
34 13
33 13
33 14
34 14
35 14
36 14
37 14
36 14
36 13
35 13
35 12
34 12
33 12
32 12
33 12
34 12
33 12
33 13
33 12
33 13
33 14
32 14
31 14
31 15
31 16
31 17
31 18
31 17
30 17
29 17
29 18
30 18
29 18
28 18
27 18
27 17
28 17
28 18
27 18
26 18
26 19
26 20
26 21
27 21
27 22
28 22
27 22
28 22
28 21
29 21
29 20
29 21
28 21
27 21
27 20
28 20
27 20
26 20
26 19
26 20
26 19
26 18
26 17
25 17
25 16
25 15
25 16
24 16
25 16
25 17
26 17
27 17
28 17
28 16
29 16
29 17
30 17
30 16
29 16
29 15
28 15
28 14
29 14
30 14
30 13
30 12
31 12
31 13
30 13
30 14
30 15
30 14
30 15
31 15
30 15
29 15
28 15
28 16
28 15
27 15
26 15
27 15
27 16
26 16
27 16
28 16
28 15
27 15
27 16
28 16
28 15
27 15
28 15
28 14
28 15
29 15
29 14
29 15
29 14
29 13
29 14
29 15
30 15
29 15
29 16
29 15
30 15
30 14
31 14
30 14
30 13
31 13
30 13
29 13
28 13
29 13
29 12
30 12
29 12
29 13
30 13
31 13
32 13
33 13
33 12
34 12
34 11
34 12
35 12
34 12
35 12
34 12
35 12
36 12
35 12
35 11
36 11
36 10
36 9
37 9
37 10
37 9
38 9
38 8
38 9
39 9
39 8
40 8
40 9
40 8
39 8
