0 0
1 0
1 1
0 1
0 0
0 1
1 1
1 2
0 2
0 1
1 1
1 2
0 2
1 2
0 2
1 2
0 2
1 2
2 2
2 1
2 0
3 0
4 0
4 1
3 1
3 2
3 1
3 2
4 2
5 2
6 2
6 3
6 4
7 4
6 4
6 3
6 2
6 1
6 2
7 2
7 1
7 0
7 1
6 1
6 2
6 3
5 3
4 3
5 3
5 4
5 5
6 5
6 4
6 5
6 4
5 4
5 5
6 5
5 5
6 5
6 4
6 3
6 4
7 4
8 4
8 5
9 5
8 5
9 5
8 5
7 5
7 6
7 5
7 4
7 3
7 2
8 2
9 2
9 3
9 4
9 5
9 4
8 4
9 4
10 4
11 4
12 4
13 4
13 5
13 6
14 6
14 5
14 4
14 3
13 3
14 3
13 3
12 3
12 4
12 3
12 2
12 1
12 2
12 3
13 3
14 3
14 2
13 2
13 3
13 2
13 1
14 1
15 1
16 1
17 1
17 0
16 0
17 0
16 0
17 0
18 0
19 0
19 1
18 1
19 1
19 0
19 1
20 1
20 0
20 1
19 1
19 0
20 0
20 1
20 0
20 1
20 2
21 2
21 3
21 4
20 4
21 4
22 4
23 4
22 4
22 5
22 4
22 3
22 4
22 3
22 2
22 1
22 2
23 2
23 1
24 1
24 2
25 2
26 2
26 1
26 2
26 1
26 2
25 2
25 1
25 0
26 0
26 1
27 1
27 2
26 2
26 3
26 2
27 2
27 1
28 1
29 1
28 1
27 1
27 2
26 2
25 2
25 3
24 3
23 3
23 2
22 2
22 1
22 2
22 1
23 1
22 1
21 1
21 0
20 0
20 1
20 0
20 1
20 2
20 1
19 1
19 0
19 1
20 1
21 1
22 1
22 0
21 0
22 0
23 0
22 0
22 1
21 1
21 2
22 2
22 1
21 1
20 1
21 1
21 2
20 2
20 1
19 1
19 2
20 2
20 1
19 1
18 1
18 2
18 3
18 2
19 2
18 2
19 2
19 1
19 2
18 2
18 3
18 4
17 4
18 4
18 5
18 6
17 6
17 7
16 7
16 6
16 5
15 5
16 5
16 4
16 5
16 6
17 6
17 5
17 4
18 4
18 3
18 2
19 2
18 2
19 2
19 1
18 1
18 0
17 0
17 1
16 1
16 2
15 2
14 2
14 3
14 4
14 5
14 4
14 3
14 2
14 1
14 2
14 3
15 3
15 2
15 1
16 1
16 2
16 1
16 0
16 1
16 2
16 3
17 3
17 4
17 5
16 5
16 4
17 4
18 4
18 3
19 3
19 2
20 2
20 3
20 2
19 2
20 2
19 2
18 2
19 2
19 1
20 1
20 0
20 1
20 2
20 1
20 0
20 1
19 1
20 1
20 2
21 2
21 1
22 1
22 0
23 0
23 1
22 1
23 1
22 1
23 1
23 2
22 2
22 1
23 1
24 1
25 1
25 2
24 2
24 3
24 2
24 3
24 4
25 4
26 4
26 3
26 2
25 2
25 3
24 3
23 3
24 3
23 3
23 4
23 5
24 5
25 5
24 5
25 5
24 5
24 6
23 6
22 6
23 6
23 5
23 6
23 5
23 6
23 5
22 5
22 4
22 5
23 5
23 4
23 3
24 3
25 3
25 2
25 1
26 1
27 1
28 1
28 0
27 0
28 0
29 0
29 1
29 0
29 1
30 1
30 0
30 1
31 1
31 2
31 1
31 2
31 1
31 0
31 1
32 1
32 2
31 2
30 2
29 2
29 3
28 3
28 2
27 2
26 2
27 2
27 1
27 2
28 2
29 2
29 1
30 1
29 1
30 1
30 2
29 2
29 1
30 1
30 0
30 1
31 1
30 1
31 1
30 1
30 2
31 2
32 2
31 2
32 2
32 1
31 1
31 2
32 2
32 1
31 1
32 1
32 2
33 2
32 2
33 2
33 1
33 2
32 2
31 2
31 3
31 2
31 3
32 3
32 2
32 3
31 3
31 4
32 4
33 4
32 4
33 4
34 4
35 4
36 4
37 4
36 4
36 3
36 2
37 2
36 2
36 1
35 1
35 0
35 1
36 1
37 1
37 2
36 2
36 3
36 4
36 5
35 5
34 5
33 5
32 5
32 4
32 3
32 2
32 1
33 1
33 0
34 0
35 0
35 1
34 1
33 1
33 2
34 2
35 2
34 2
33 2
32 2
32 3
32 2
33 2
32 2
32 1
31 1
32 1
32 0
31 0
30 0
29 0
29 1
29 2
28 2
28 3
28 4
27 4
27 3
26 3
26 4
26 5
26 6
26 7
25 7
24 7
24 8
24 9
24 8
24 7
23 7
22 7
21 7
20 7
20 6
21 6
22 6
22 5
22 4
22 5
21 5
20 5
21 5
21 4
20 4
21 4
20 4
21 4
20 4
21 4
22 4
22 3
22 4
21 4
21 5
21 4
21 5
20 5
20 6
19 6
18 6
17 6
17 7
17 8
16 8
15 8
15 7
15 8
16 8
16 7
16 8
16 7
16 6
16 7
15 7
16 7
16 8
16 7
16 8
17 8
17 7
18 7
19 7
20 7
20 8
20 9
21 9
21 10
22 10
21 10
20 10
21 10
21 11
22 11
22 12
21 12
21 11
21 12
21 11
21 10
21 9
20 9
19 9
19 8
20 8
19 8
20 8
19 8
18 8
17 8
18 8
19 8
20 8
20 7
19 7
18 7
18 8
17 8
16 8
15 8
15 7
15 6
14 6
14 7
13 7
14 7
15 7
14 7
15 7
15 8
14 8
14 9
13 9
13 10
13 9
14 9
14 10
13 10
12 10
13 10
13 11
13 10
13 11
14 11
14 10
14 11
14 10
14 9
15 9
14 9
14 8
14 7
15 7
16 7
16 8
16 9
15 9
16 9
16 10
15 10
15 9
15 10
16 10
15 10
16 10
16 11
16 12
16 11
15 11
16 11
15 11
15 12
14 12
14 13
14 14
14 15
13 15
13 14
14 14
14 13
15 13
15 12
15 11
15 12
15 11
15 10
14 10
15 10
15 11
15 12
16 12
17 12
17 13
18 13
17 13
17 12
16 12
16 11
16 12
15 12
16 12
17 12
16 12
17 12
17 11
16 11
15 11
14 11
14 12
15 12
15 11
14 11
14 12
15 12
15 11
15 10
14 10
14 11
13 11
13 10
13 9
14 9
15 9
15 8
16 8
17 8
16 8
16 7
16 8
17 8
17 9
18 9
19 9
20 9
19 9
18 9
18 10
18 11
18 12
19 12
18 12
17 12
17 11
18 11
18 10
19 10
19 11
19 10
20 10
21 10
21 11
22 11
23 11
23 12
23 13
24 13
23 13
22 13
22 14
23 14
23 15
22 15
22 16
22 17
22 18
22 17
22 18
22 17
23 17
23 16
24 16
24 17
25 17
24 17
24 18
23 18
22 18
22 19
23 19
23 20
23 19
23 20
22 20
21 20
21 21
20 21
20 22
21 22
22 22
21 22
21 21
20 21
21 21
21 20
20 20
19 20
19 21
18 21
18 22
18 21
18 20
19 20
19 21
20 21
21 21
20 21
20 20
20 19
21 19
21 20
20 20
20 21
19 21
20 21
19 21
19 20
20 20
20 19
20 20
20 19
19 19
19 18
19 17
18 17
18 16
19 16
19 15
19 14
20 14
19 14
20 14
20 15
19 15
19 14
19 15
19 16
18 16
17 16
18 16
17 16
18 16
17 16
18 16
19 16
18 16
17 16
17 15
17 16
16 16
17 16
16 16
17 16
18 16
18 15
18 14
19 14
20 14
20 13
20 12
20 11
20 12
20 13
19 13
18 13
18 12
18 11
18 10
17 10
17 9
17 8
17 7
16 7
15 7
15 8
16 8
17 8
17 9
18 9
17 9
16 9
16 10
15 10
15 11
15 10
15 9
15 10
15 11
15 10
15 11
16 11
16 12
16 11
17 11
17 10
17 11
16 11
17 11
17 10
17 9
17 8
17 9
18 9
17 9
18 9
18 8
19 8
18 8
19 8
19 7
20 7
20 6
21 6
20 6
20 7
20 8
20 9
20 10
20 9
21 9
21 10
21 9
21 8
21 9
20 9
19 9
19 8
19 7
19 6
18 6
18 7
18 8
18 7
19 7
19 6
18 6
17 6
18 6
18 5
18 6
19 6
20 6
20 5
21 5
20 5
19 5
19 4
18 4
17 4
16 4
16 5
16 6
16 7
15 7
14 7
14 8
14 9
14 10
15 10
15 11
15 12
15 11
16 11
16 10
17 10
16 10
16 9
16 10
15 10
15 9
16 9
16 8
17 8
17 7
18 7
17 7
17 6
17 7
17 6
18 6
18 5
18 6
19 6
20 6
20 7
21 7
21 6
20 6
20 5
21 5
22 5
22 4
22 5
23 5
22 5
23 5
24 5
24 4
25 4
26 4
27 4
28 4
27 4
