0 0
1 0
2 0
3 0
4 0
5 0
6 0
5 0
6 0
7 0
7 1
8 1
8 0
8 1
8 2
7 2
7 3
6 3
5 3
6 3
7 3
6 3
6 2
6 1
5 1
5 0
4 0
4 1
4 0
3 0
3 1
3 0
2 0
2 1
2 0
3 0
2 0
3 0
2 0
1 0
1 1
2 1
3 1
3 0
3 1
3 2
2 2
3 2
3 1
4 1
4 2
5 2
6 2
6 3
6 4
5 4
5 3
6 3
7 3
7 4
6 4
6 5
5 5
4 5
5 5
5 6
6 6
5 6
5 7
5 8
4 8
4 9
5 9
4 9
4 8
3 8
4 8
3 8
2 8
3 8
3 9
3 10
3 11
2 11
3 11
4 11
4 10
4 11
4 12
4 11
4 12
4 11
4 10
4 9
3 9
3 8
2 8
2 9
2 8
1 8
0 8
1 8
1 9
1 10
1 11
2 11
3 11
2 11
2 12
3 12
2 12
3 12
4 12
4 13
5 13
5 14
4 14
5 14
6 14
6 15
6 14
5 14
4 14
4 15
3 15
3 14
3 13
4 13
3 13
4 13
4 12
5 12
5 13
5 12
5 13
5 14
5 15
6 15
6 14
6 15
6 16
6 17
7 17
7 18
6 18
5 18
6 18
5 18
6 18
7 18
7 19
8 19
8 20
8 19
8 20
7 20
7 21
8 21
9 21
9 22
8 22
8 23
8 22
9 22
8 22
9 22
9 23
9 24
9 25
8 25
7 25
7 26
7 25
7 26
8 26
8 25
8 26
9 26
9 27
8 27
8 26
9 26
8 26
7 26
7 25
6 25
6 26
6 27
5 27
5 26
6 26
7 26
8 26
7 26
7 25
6 25
6 24
7 24
7 25
8 25
9 25
10 25
11 25
10 25
10 24
10 23
10 24
10 25
10 24
9 24
9 25
8 25
8 26
9 26
8 26
8 25
7 25
7 24
7 23
6 23
5 23
5 22
5 23
6 23
5 23
4 23
4 22
3 22
3 23
3 24
2 24
3 24
3 23
2 23
1 23
1 24
1 25
1 24
2 24
2 25
3 25
4 25
4 24
3 24
3 23
2 23
2 24
2 23
2 22
1 22
1 21
1 22
2 22
3 22
3 21
3 22
2 22
3 22
2 22
1 22
0 22
0 21
0 22
0 21
0 22
1 22
1 21
0 21
0 22
1 22
1 21
1 20
2 20
3 20
4 20
5 20
6 20
6 21
5 21
6 21
6 22
6 21
5 21
5 20
4 20
5 20
5 21
4 21
3 21
3 22
3 23
4 23
4 22
4 21
3 21
3 22
3 21
3 22
3 23
3 22
4 22
5 22
5 23
4 23
5 23
5 24
5 23
6 23
7 23
6 23
5 23
4 23
4 24
3 24
3 25
3 24
3 25
3 24
2 24
2 25
1 25
1 26
2 26
2 25
2 24
1 24
2 24
2 25
2 24
2 25
1 25
1 24
2 24
2 25
2 26
1 26
1 25
1 26
1 27
2 27
1 27
1 28
1 29
1 30
1 29
0 29
1 29
2 29
1 29
2 29
1 29
1 30
1 31
1 30
2 30
1 30
2 30
3 30
3 29
3 28
3 27
3 28
3 29
3 30
3 31
3 30
3 29
4 29
4 28
3 28
2 28
3 28
4 28
5 28
6 28
6 27
6 28
6 27
5 27
5 26
6 26
5 26
6 26
6 27
6 26
5 26
6 26
5 26
5 27
6 27
6 26
5 26
4 26
4 27
5 27
4 27
3 27
3 28
2 28
3 28
4 28
3 28
3 27
3 26
3 27
3 26
3 27
4 27
4 26
3 26
2 26
1 26
2 26
2 25
3 25
2 25
1 25
1 24
0 24
1 24
1 25
0 25
0 26
0 25
0 24
1 24
0 24
0 25
1 25
2 25
1 25
1 26
1 25
2 25
3 25
3 26
3 27
2 27
2 26
2 27
1 27
2 27
3 27
3 28
3 29
3 28
3 27
2 27
3 27
3 26
4 26
4 25
5 25
5 24
6 24
5 24
6 24
6 23
6 24
7 24
7 25
7 26
8 26
7 26
8 26
7 26
8 26
8 27
9 27
8 27
9 27
9 26
9 27
9 26
9 27
8 27
7 27
6 27
5 27
5 28
6 28
6 27
6 28
6 29
7 29
6 29
7 29
7 30
8 30
9 30
9 29
8 29
8 28
9 28
9 27
9 26
9 27
9 26
10 26
10 25
10 26
10 27
11 27
11 26
10 26
11 26
11 27
12 27
11 27
11 28
11 27
12 27
13 27
12 27
12 28
13 28
14 28
13 28
12 28
12 29
12 30
12 29
12 28
12 27
12 28
13 28
13 29
13 28
14 28
14 29
14 30
13 30
13 29
13 30
14 30
14 31
14 32
14 31
15 31
15 32
16 32
15 32
16 32
16 33
16 34
17 34
17 35
18 35
18 36
17 36
18 36
18 37
18 38
19 38
18 38
18 37
19 37
19 38
19 39
18 39
18 38
18 39
18 38
17 38
17 39
17 38
18 38
18 39
18 38
18 37
17 37
18 37
17 37
16 37
16 38
16 39
16 40
15 40
15 41
14 41
14 40
15 40
15 39
15 40
14 40
15 40
15 39
15 38
16 38
16 37
16 38
16 37
15 37
15 38
15 37
15 36
15 35
16 35
17 35
17 36
17 35
17 36
17 35
17 34
17 33
17 32
18 32
17 32
16 32
16 31
16 32
15 32
16 32
17 32
17 33
16 33
15 33
14 33
13 33
12 33
12 34
11 34
10 34
11 34
11 35
11 36
11 35
11 36
10 36
11 36
10 36
9 36
9 37
8 37
8 38
7 38
6 38
6 39
7 39
7 38
7 37
7 36
7 35
7 36
7 35
7 34
7 35
7 36
7 37
7 36
8 36
8 35
9 35
9 36
8 36
8 37
8 36
8 37
7 37
7 36
6 36
5 36
5 37
5 38
6 38
6 39
5 39
5 40
4 40
5 40
4 40
5 40
6 40
5 40
5 39
5 38
6 38
5 38
5 39
5 40
5 41
4 41
3 41
3 40
2 40
1 40
1 41
2 41
3 41
3 42
4 42
4 41
4 40
5 40
5 41
5 40
6 40
6 39
6 40
6 39
5 39
5 38
5 39
5 38
4 38
3 38
3 37
3 38
3 39
3 38
2 38
3 38
3 39
2 39
2 38
1 38
0 38
1 38
1 37
0 37
0 38
0 39
1 39
1 40
0 40
0 39
1 39
0 39
0 38
0 37
1 37
2 37
2 36
2 37
3 37
3 38
3 37
3 36
3 35
3 36
3 37
2 37
2 38
2 37
1 37
0 37
0 36
0 35
0 34
1 34
2 34
2 33
2 34
2 33
3 33
3 32
3 31
4 31
5 31
4 31
5 31
5 32
5 31
4 31
5 31
5 30
5 31
4 31
4 30
4 29
4 30
4 31
5 31
4 31
5 31
5 30
6 30
7 30
7 31
8 31
8 32
7 32
6 32
5 32
6 32
6 33
7 33
7 32
8 32
8 31
8 30
8 31
9 31
10 31
9 31
9 30
10 30
10 31
9 31
9 32
8 32
7 32
7 31
7 30
6 30
6 29
6 30
5 30
6 30
6 31
6 30
5 30
6 30
6 31
7 31
8 31
8 32
9 32
9 33
8 33
7 33
6 33
6 34
7 34
7 35
7 36
7 37
8 37
9 37
9 38
9 39
9 40
9 41
8 41
8 42
8 43
8 42
8 43
8 44
7 44
8 44
7 44
6 44
5 44
6 44
5 44
5 45
4 45
3 45
3 44
3 45
2 45
2 44
2 45
2 46
1 46
1 47
2 47
1 47
1 48
2 48
2 49
3 49
3 48
2 48
2 47
3 47
4 47
4 46
3 46
4 46
5 46
5 47
6 47
7 47
8 47
7 47
8 47
7 47
8 47
8 46
7 46
7 45
8 45
7 45
7 46
7 45
6 45
7 45
6 45
6 46
7 46
8 46
8 47
9 47
9 48
9 47
9 48
9 49
8 49
8 50
9 50
10 50
9 50
9 49
9 50
9 51
8 51
8 52
9 52
8 52
9 52
10 52
11 52
11 53
11 54
11 55
12 55
12 54
13 54
13 55
14 55
14 56
14 57
13 57
13 58
13 59
12 59
12 60
11 60
11 61
11 62
10 62
10 63
9 63
9 64
9 63
10 63
9 63
10 63
9 63
8 63
7 63
6 63
6 62
6 63
6 62
6 63
6 62
6 63
7 63
7 64
6 64
6 65
6 64
7 64
6 64
6 63
6 62
6 63
6 64
6 63
7 63
6 63
5 63
5 64
6 64
5 64
5 63
4 63
5 63
5 62
4 62
4 63
3 63
2 63
1 63
0 63
1 63
1 62
2 62
3 62
3 61
2 61
1 61
1 62
2 62
2 63
3 63
2 63
1 63
1 62
0 62
0 61
0 62
1 62
1 63
0 63
1 63
1 62
