0 0
1 0
2 0
2 1
2 0
1 0
2 0
1 0
0 0
1 0
1 1
1 0
1 1
1 0
0 0
0 1
1 1
1 0
1 1
1 2
1 1
0 1
0 2
1 2
2 2
1 2
0 2
1 2
1 1
2 1
2 0
2 1
2 2
2 3
2 4
3 4
2 4
3 4
3 5
3 4
4 4
4 5
4 4
4 5
4 6
4 5
3 5
2 5
1 5
2 5
2 6
1 6
1 5
1 4
1 3
1 2
0 2
1 2
2 2
2 1
1 1
1 2
1 3
0 3
0 4
0 5
0 4
0 5
1 5
1 4
2 4
2 3
2 4
3 4
4 4
4 3
3 3
2 3
1 3
0 3
1 3
1 2
1 3
0 3
1 3
2 3
2 2
2 1
1 1
2 1
1 1
2 1
1 1
2 1
3 1
4 1
3 1
3 0
3 1
4 1
5 1
6 1
6 0
5 0
5 1
6 1
5 1
5 0
4 0
3 0
3 1
4 1
5 1
5 2
5 1
6 1
6 0
6 1
5 1
5 0
5 1
4 1
3 1
2 1
3 1
3 2
3 1
3 0
3 1
3 2
4 2
4 3
5 3
5 4
5 3
5 2
5 3
5 4
5 3
6 3
7 3
6 3
6 4
7 4
8 4
9 4
10 4
9 4
9 3
10 3
9 3
8 3
9 3
9 2
8 2
9 2
9 1
10 1
9 1
9 0
10 0
11 0
11 1
11 0
12 0
12 1
12 0
12 1
13 1
12 1
12 0
12 1
12 0
11 0
12 0
13 0
13 1
12 1
12 0
12 1
12 0
13 0
13 1
12 1
13 1
13 0
12 0
11 0
10 0
10 1
10 2
9 2
9 3
10 3
11 3
11 4
10 4
10 3
9 3
10 3
11 3
11 4
11 5
11 6
11 7
10 7
10 6
10 5
9 5
9 4
10 4
9 4
9 3
9 4
8 4
7 4
8 4
7 4
7 3
7 4
7 5
6 5
7 5
8 5
7 5
6 5
7 5
6 5
6 6
6 7
7 7
7 8
7 7
8 7
7 7
6 7
5 7
5 6
4 6
5 6
5 5
6 5
6 4
5 4
4 4
4 5
4 6
4 5
5 5
6 5
6 6
6 7
6 6
7 6
6 6
5 6
4 6
3 6
3 7
4 7
3 7
3 6
3 7
2 7
3 7
4 7
4 8
4 9
3 9
3 10
3 11
3 10
3 9
3 8
2 8
2 7
2 8
3 8
3 9
3 8
4 8
3 8
3 9
3 10
3 11
3 12
3 13
4 13
4 12
5 12
5 13
6 13
7 13
7 12
6 12
7 12
7 13
7 14
7 15
6 15
5 15
5 16
6 16
7 16
7 17
8 17
7 17
7 16
8 16
8 15
8 16
9 16
10 16
10 17
9 17
9 16
10 16
10 15
11 15
12 15
12 14
11 14
11 15
11 16
12 16
12 15
12 16
13 16
13 17
12 17
13 17
13 18
13 19
14 19
15 19
14 19
15 19
16 19
16 18
16 17
15 17
15 16
15 15
15 16
16 16
16 15
15 15
14 15
15 15
14 15
15 15
15 16
14 16
14 17
15 17
16 17
15 17
15 18
16 18
15 18
15 17
16 17
16 18
16 17
16 18
16 17
16 16
16 17
16 16
17 16
18 16
18 17
19 17
19 18
20 18
20 17
19 17
19 18
19 19
20 19
20 20
19 20
18 20
17 20
18 20
17 20
17 19
18 19
17 19
17 20
16 20
16 21
16 20
16 19
15 19
15 18
16 18
16 17
16 16
16 17
17 17
16 17
16 18
17 18
18 18
18 19
17 19
18 19
19 19
19 18
20 18
20 19
19 19
18 19
19 19
18 19
18 18
17 18
18 18
17 18
18 18
18 19
18 18
19 18
19 17
19 16
20 16
20 17
20 18
20 19
21 19
21 18
20 18
19 18
20 18
20 19
20 20
20 19
21 19
22 19
22 20
22 19
22 20
23 20
22 20
21 20
22 20
22 19
21 19
20 19
21 19
21 18
22 18
22 19
23 19
24 19
24 18
23 18
24 18
24 17
24 16
24 15
24 16
23 16
24 16
24 17
25 17
25 18
25 17
25 18
24 18
23 18
23 17
23 16
22 16
22 15
23 15
24 15
24 16
23 16
24 16
25 16
26 16
26 17
25 17
26 17
25 17
25 16
25 17
25 18
25 17
24 17
24 16
24 17
25 17
25 18
24 18
23 18
23 17
22 17
23 17
22 17
21 17
21 18
21 19
21 18
22 18
22 17
22 18
23 18
22 18
22 17
23 17
23 16
23 17
23 18
23 17
24 17
25 17
25 16
26 16
25 16
26 16
26 17
26 16
26 15
25 15
25 16
24 16
24 15
24 14
23 14
23 13
24 13
24 12
24 11
25 11
25 10
24 10
24 11
25 11
26 11
27 11
27 12
27 11
28 11
29 11
29 12
28 12
27 12
28 12
28 11
28 12
28 13
29 13
28 13
28 14
28 15
28 16
29 16
30 16
30 17
31 17
31 16
31 17
31 16
31 15
31 14
30 14
29 14
29 15
29 14
29 13
30 13
30 12
30 11
30 12
30 11
30 10
30 11
30 10
29 10
29 9
30 9
29 9
29 8
29 9
28 9
29 9
28 9
29 9
29 10
29 11
29 10
28 10
29 10
29 11
28 11
28 10
28 9
28 10
28 11
27 11
28 11
27 11
27 12
27 13
26 13
26 14
26 13
26 12
26 13
27 13
27 14
26 14
27 14
28 14
29 14
30 14
30 15
31 15
31 14
31 15
30 15
30 14
29 14
30 14
30 15
31 15
30 15
30 16
29 16
29 15
29 16
29 17
28 17
29 17
28 17
28 18
28 19
28 20
28 19
27 19
28 19
27 19
27 18
27 19
28 19
29 19
29 18
30 18
31 18
31 19
31 20
30 20
30 19
31 19
32 19
32 20
33 20
33 19
33 18
34 18
34 19
33 19
33 18
33 17
33 18
32 18
32 17
32 16
31 16
30 16
30 17
29 17
29 16
29 17
28 17
27 17
28 17
28 18
28 17
28 16
29 16
29 15
28 15
27 15
26 15
26 16
26 15
27 15
27 16
27 15
26 15
25 15
25 14
25 15
25 14
25 13
25 12
24 12
24 11
25 11
26 11
27 11
27 10
28 10
29 10
29 11
29 10
28 10
29 10
29 9
29 8
28 8
27 8
26 8
26 7
26 8
26 9
26 8
26 9
26 10
27 10
27 9
28 9
29 9
29 10
30 10
30 9
30 8
29 8
29 7
30 7
30 6
29 6
30 6
30 5
31 5
31 4
31 5
31 4
31 3
30 3
29 3
29 2
29 1
29 0
29 1
28 1
27 1
27 2
27 1
26 1
25 1
24 1
23 1
23 2
23 3
24 3
25 3
25 4
24 4
23 4
22 4
22 5
22 6
22 5
21 5
21 6
20 6
21 6
21 7
22 7
21 7
20 7
20 6
19 6
18 6
18 7
19 7
20 7
20 8
20 7
19 7
19 8
20 8
19 8
19 7
19 8
19 7
19 8
19 9
18 9
17 9
17 10
17 11
18 11
18 12
19 12
19 13
19 14
18 14
18 15
19 15
20 15
20 16
20 17
20 18
21 18
21 19
22 19
23 19
23 20
22 20
21 20
21 21
21 22
22 22
22 23
22 24
22 23
22 22
22 23
21 23
22 23
21 23
21 22
20 22
19 22
19 23
19 24
19 25
19 26
18 26
18 27
19 27
19 28
19 29
19 28
19 27
19 28
20 28
20 29
19 29
19 30
19 29
19 30
19 29
19 28
20 28
20 27
20 28
20 29
19 29
18 29
19 29
19 30
19 31
19 30
19 29
19 30
19 31
19 30
20 30
20 31
20 32
21 32
22 32
23 32
24 32
25 32
25 31
26 31
25 31
25 32
25 33
24 33
25 33
25 34
24 34
24 33
24 34
25 34
25 33
24 33
23 33
23 32
23 33
23 34
24 34
23 34
24 34
23 34
23 33
22 33
22 34
23 34
23 35
22 35
22 34
21 34
21 33
22 33
23 33
23 34
23 35
22 35
22 36
23 36
23 37
23 38
23 39
24 39
25 39
26 39
27 39
26 39
27 39
27 40
26 40
26 39
26 38
25 38
25 39
25 38
25 37
25 38
25 37
25 38
25 37
24 37
25 37
24 37
25 37
25 36
25 37
25 36
26 36
26 37
27 37
27 36
28 36
27 36
27 37
27 38
27 37
28 37
28 36
28 35
29 35
28 35
27 35
27 36
27 35
26 35
26 34
27 34
27 35
27 34
27 35
28 35
28 36
28 35
28 34
28 33
29 33
28 33
27 33
27 32
27 31
28 31
29 31
29 32
29 33
28 33
29 33
28 33
28 34
28 33
28 32
28 33
29 33
28 33
27 33
27 32
26 32
27 32
27 31
27 30
26 30
26 31
27 31
26 31
25 31
25 32
25 33
25 32
26 32
25 32
