0 0
0 1
1 1
1 0
1 1
0 1
0 2
1 2
0 2
1 2
0 2
1 2
0 2
1 2
0 2
0 1
0 2
0 3
1 3
2 3
3 3
3 2
2 2
1 2
0 2
1 2
1 1
2 1
1 1
1 2
0 2
0 1
0 2
1 2
1 1
0 1
0 0
1 0
0 0
0 1
1 1
2 1
2 0
2 1
3 1
2 1
2 2
3 2
4 2
3 2
3 1
4 1
4 2
4 1
3 1
2 1
2 0
2 1
2 0
3 0
3 1
3 0
4 0
5 0
5 1
5 0
4 0
3 0
3 1
4 1
4 2
4 3
5 3
5 4
4 4
4 5
5 5
4 5
5 5
5 4
4 4
4 5
3 5
2 5
2 6
1 6
1 5
1 4
1 3
1 4
2 4
3 4
3 5
3 6
3 7
2 7
2 6
1 6
0 6
1 6
2 6
3 6
2 6
2 7
2 8
1 8
2 8
2 9
2 8
2 9
2 10
2 9
2 10
1 10
2 10
2 9
1 9
1 10
0 10
1 10
1 11
0 11
0 12
0 11
0 10
0 11
0 10
0 11
0 12
0 13
0 14
1 14
2 14
2 15
3 15
3 14
3 13
4 13
4 14
4 15
4 16
4 17
4 16
4 15
4 16
4 15
4 16
3 16
4 16
3 16
3 17
3 16
4 16
4 15
4 14
5 14
4 14
3 14
3 13
2 13
2 12
2 11
3 11
3 12
3 13
4 13
3 13
2 13
1 13
0 13
1 13
1 12
2 12
3 12
2 12
2 11
2 12
3 12
3 13
3 12
2 12
2 13
2 12
2 13
2 14
2 15
2 14
3 14
3 13
3 12
2 12
2 11
1 11
0 11
1 11
0 11
1 11
2 11
3 11
4 11
3 11
3 12
3 13
2 13
2 14
2 13
2 12
1 12
1 11
2 11
2 10
3 10
2 10
2 9
1 9
2 9
2 10
1 10
1 9
1 8
1 9
1 10
1 11
1 12
2 12
2 13
2 14
2 13
2 14
1 14
0 14
0 15
0 14
1 14
1 15
1 16
2 16
1 16
1 17
1 16
1 17
1 18
0 18
0 17
0 16
1 16
1 17
1 16
1 15
1 16
1 15
0 15
0 14
1 14
1 13
0 13
1 13
2 13
3 13
2 13
2 12
2 11
3 11
3 10
2 10
2 9
3 9
4 9
4 10
3 10
3 9
3 10
2 10
3 10
3 9
4 9
3 9
3 10
2 10
2 11
2 12
2 13
2 14
2 15
2 16
1 16
1 17
1 18
0 18
0 19
1 19
2 19
3 19
3 18
2 18
2 19
2 18
2 19
1 19
2 19
1 19
1 20
1 21
2 21
2 20
1 20
1 21
2 21
2 20
2 19
2 18
2 17
2 18
1 18
0 18
0 19
0 20
1 20
2 20
2 21
2 20
3 20
3 21
2 21
2 22
2 23
2 22
2 23
2 24
2 23
2 24
3 24
2 24
2 23
3 23
2 23
1 23
2 23
3 23
3 24
3 25
2 25
1 25
1 24
2 24
3 24
3 25
3 26
3 27
3 26
3 27
3 28
3 27
3 28
4 28
4 29
4 30
5 30
6 30
7 30
7 29
6 29
5 29
5 28
4 28
4 29
4 28
5 28
4 28
5 28
4 28
4 27
4 26
5 26
6 26
7 26
8 26
7 26
7 25
7 26
7 27
8 27
8 26
8 25
8 24
9 24
9 25
9 24
9 25
8 25
9 25
9 24
9 23
9 24
10 24
10 25
10 24
10 23
10 24
9 24
8 24
8 23
9 23
9 22
8 22
8 23
8 24
7 24
7 25
8 25
8 24
8 23
8 24
7 24
7 23
6 23
7 23
7 22
6 22
6 23
5 23
4 23
3 23
3 24
2 24
2 23
2 22
2 21
2 20
2 19
1 19
1 20
1 21
0 21
1 21
1 22
2 22
1 22
1 21
0 21
1 21
2 21
1 21
1 20
1 21
1 20
0 20
0 21
0 20
1 20
0 20
0 21
1 21
2 21
2 22
2 21
3 21
2 21
2 22
2 21
2 20
1 20
1 21
1 20
1 19
1 18
1 17
0 17
0 16
0 17
0 18
1 18
0 18
0 19
1 19
2 19
3 19
4 19
4 20
5 20
4 20
5 20
5 19
5 18
5 19
6 19
6 18
5 18
5 19
5 18
4 18
4 17
3 17
4 17
4 16
4 15
4 16
5 16
5 15
5 14
5 13
6 13
6 12
6 11
6 10
5 10
4 10
4 11
4 10
3 10
3 9
2 9
2 8
3 8
2 8
3 8
3 9
3 10
4 10
4 11
4 12
3 12
3 11
2 11
2 12
3 12
2 12
1 12
2 12
3 12
2 12
1 12
0 12
1 12
1 13
0 13
1 13
0 13
0 14
1 14
2 14
2 13
3 13
3 12
4 12
5 12
5 13
4 13
5 13
5 12
5 11
6 11
6 12
5 12
6 12
5 12
5 13
6 13
7 13
8 13
8 12
8 13
8 12
7 12
8 12
7 12
6 12
6 13
6 12
5 12
5 13
4 13
4 14
4 15
4 16
3 16
3 17
3 18
3 19
3 20
2 20
1 20
2 20
2 21
2 20
2 19
1 19
0 19
0 18
1 18
1 17
1 18
2 18
2 19
1 19
1 18
2 18
2 17
2 18
2 19
2 20
2 21
2 20
2 21
2 22
1 22
1 23
0 23
1 23
0 23
1 23
0 23
0 22
1 22
1 23
1 24
1 23
1 24
0 24
1 24
1 25
2 25
3 25
3 26
3 25
3 24
4 24
3 24
4 24
4 25
4 24
4 23
5 23
6 23
6 22
6 23
6 24
5 24
5 25
5 26
5 27
5 28
5 27
4 27
5 27
4 27
3 27
3 28
3 29
4 29
3 29
4 29
5 29
5 30
4 30
4 31
3 31
3 30
3 29
2 29
3 29
3 28
3 29
3 30
2 30
3 30
3 29
4 29
4 28
4 27
4 28
4 29
4 30
3 30
3 31
3 30
2 30
1 30
1 31
1 30
2 30
2 29
1 29
2 29
3 29
3 30
4 30
3 30
4 30
3 30
4 30
4 29
3 29
4 29
4 30
4 31
3 31
3 30
3 29
3 30
3 29
4 29
4 28
3 28
3 29
4 29
4 28
3 28
2 28
3 28
3 27
3 28
3 27
3 28
3 29
3 28
4 28
5 28
5 27
6 27
6 26
7 26
8 26
7 26
7 25
6 25
5 25
6 25
7 25
7 24
7 25
6 25
6 24
6 23
7 23
6 23
6 22
6 21
6 22
7 22
7 23
7 22
8 22
8 23
8 22
8 23
8 22
9 22
9 23
10 23
10 24
10 23
9 23
10 23
10 24
9 24
10 24
9 24
9 25
9 26
8 26
7 26
8 26
9 26
9 27
9 28
10 28
10 27
9 27
8 27
8 26
8 25
8 24
7 24
7 25
8 25
8 26
9 26
10 26
10 25
10 26
11 26
12 26
13 26
13 25
13 24
12 24
12 23
12 22
12 23
13 23
13 24
13 25
13 26
14 26
13 26
13 25
14 25
13 25
13 26
14 26
14 25
13 25
13 24
12 24
13 24
14 24
15 24
14 24
15 24
15 25
15 26
16 26
17 26
17 27
17 26
18 26
19 26
19 25
19 26
19 27
18 27
19 27
20 27
20 28
20 27
20 28
20 27
21 27
21 28
21 29
21 30
21 29
20 29
19 29
19 28
20 28
20 29
20 28
19 28
18 28
18 29
17 29
17 30
17 29
17 30
18 30
17 30
16 30
16 31
16 32
16 33
17 33
17 32
17 31
16 31
16 30
16 29
17 29
17 28
18 28
17 28
17 27
17 26
17 27
17 26
16 26
15 26
16 26
16 25
17 25
16 25
15 25
15 26
15 27
14 27
13 27
13 28
14 28
14 29
14 28
14 27
14 26
13 26
13 25
13 24
14 24
14 25
15 25
14 25
15 25
15 24
15 23
15 24
15 23
15 22
15 21
15 20
15 19
16 19
16 20
16 21
17 21
18 21
19 21
18 21
18 22
18 23
18 24
17 24
18 24
18 23
18 22
19 22
18 22
18 21
19 21
20 21
21 21
22 21
23 21
23 22
22 22
23 22
24 22
25 22
24 22
23 22
22 22
22 23
22 24
21 24
21 25
22 25
22 26
21 26
22 26
23 26
23 27
22 27
21 27
22 27
22 28
22 29
22 28
22 27
21 27
20 27
19 27
19 28
20 28
21 28
22 28
22 27
22 26
21 26
21 25
20 25
20 24
19 24
19 25
19 24
20 24
19 24
19 23
19 22
19 23
18 23
17 23
17 24
17 25
17 26
17 25
17 24
16 24
17 24
17 25
18 25
18 24
18 23
18 24
17 24
17 23
17 24
16 24
16 23
16 24
16 25
16 24
16 23
16 24
17 24
17 25
17 26
17 25
16 25
15 25
15 24
16 24
17 24
