0 0
1 0
2 0
3 0
3 1
3 0
4 0
4 1
3 1
2 1
1 1
1 2
1 3
0 3
0 4
1 4
0 4
1 4
0 4
1 4
1 3
1 4
1 3
0 3
1 3
1 2
2 2
3 2
3 1
3 2
3 3
3 4
4 4
3 4
2 4
3 4
3 5
3 6
2 6
2 7
2 8
3 8
4 8
4 9
5 9
5 10
4 10
5 10
6 10
6 11
6 10
5 10
6 10
6 11
5 11
6 11
5 11
4 11
4 10
4 11
3 11
2 11
2 10
1 10
0 10
0 11
1 11
0 11
0 12
1 12
2 12
2 13
2 12
2 11
1 11
1 10
2 10
3 10
2 10
3 10
2 10
3 10
2 10
1 10
1 11
1 12
1 11
0 11
1 11
1 12
1 11
1 10
1 9
1 10
1 11
2 11
2 10
3 10
4 10
3 10
3 11
2 11
1 11
2 11
2 10
3 10
3 11
3 10
3 11
2 11
1 11
1 12
2 12
2 13
2 12
3 12
3 13
4 13
4 14
3 14
3 15
4 15
5 15
6 15
5 15
6 15
6 16
6 15
5 15
5 14
4 14
5 14
6 14
5 14
6 14
7 14
7 13
8 13
8 12
7 12
7 13
7 14
8 14
7 14
7 15
7 16
7 15
8 15
8 16
9 16
10 16
11 16
11 15
12 15
12 16
11 16
12 16
13 16
13 17
13 18
13 19
13 20
13 21
14 21
14 20
14 19
13 19
13 20
14 20
14 21
15 21
15 20
15 21
16 21
15 21
14 21
15 21
15 22
16 22
15 22
14 22
13 22
13 23
13 24
14 24
14 23
14 22
14 23
14 24
13 24
14 24
14 23
14 24
13 24
14 24
14 23
14 22
14 21
14 20
14 19
15 19
16 19
16 20
15 20
15 19
15 20
15 21
16 21
17 21
16 21
16 22
16 21
16 22
16 23
17 23
18 23
18 22
17 22
18 22
18 23
19 23
18 23
19 23
18 23
18 22
17 22
18 22
17 22
17 23
16 23
15 23
16 23
17 23
16 23
15 23
14 23
15 23
14 23
13 23
14 23
13 23
14 23
15 23
15 22
15 23
16 23
16 22
15 22
14 22
15 22
16 22
17 22
18 22
18 23
18 24
18 23
19 23
19 22
20 22
19 22
19 21
18 21
18 20
18 19
18 20
18 19
18 18
18 17
18 16
18 15
19 15
18 15
17 15
16 15
16 16
15 16
15 15
15 16
16 16
16 17
15 17
15 18
16 18
17 18
17 17
18 17
18 18
19 18
19 17
19 18
18 18
18 19
17 19
17 18
18 18
19 18
19 19
18 19
17 19
17 20
17 19
17 20
18 20
17 20
16 20
16 19
15 19
15 20
15 21
15 20
14 20
13 20
14 20
14 21
15 21
14 21
14 20
15 20
14 20
14 21
14 22
13 22
13 23
13 22
14 22
14 21
14 20
14 19
14 18
15 18
16 18
16 19
16 18
16 17
16 18
15 18
15 19
14 19
13 19
13 20
13 21
13 22
13 23
13 24
13 23
13 24
14 24
14 25
14 26
15 26
14 26
13 26
14 26
14 27
15 27
14 27
14 26
14 27
14 28
13 28
14 28
14 29
14 28
15 28
16 28
16 27
17 27
16 27
16 26
16 27
15 27
15 26
16 26
16 25
15 25
15 24
16 24
17 24
17 25
17 26
16 26
16 27
16 28
16 29
16 30
16 31
17 31
17 30
17 31
16 31
16 30
16 29
16 30
16 31
16 32
16 33
17 33
17 34
16 34
15 34
16 34
17 34
17 33
17 32
16 32
16 33
16 34
17 34
18 34
17 34
16 34
16 35
16 36
16 35
16 36
17 36
16 36
17 36
18 36
18 37
19 37
19 36
19 35
20 35
20 36
19 36
19 37
20 37
20 36
21 36
21 37
20 37
19 37
20 37
19 37
18 37
17 37
17 38
17 37
17 38
17 37
17 38
17 39
17 38
17 37
17 38
16 38
17 38
17 37
17 36
17 37
17 36
17 37
17 38
18 38
18 37
17 37
18 37
18 36
19 36
20 36
20 35
20 36
20 37
20 38
19 38
20 38
21 38
21 37
22 37
22 38
22 39
22 40
22 41
22 42
23 42
24 42
24 41
23 41
22 41
23 41
23 42
22 42
21 42
20 42
20 43
19 43
19 42
20 42
19 42
19 43
18 43
18 42
18 41
17 41
17 40
18 40
17 40
18 40
17 40
16 40
17 40
17 39
16 39
16 38
16 39
16 40
16 41
16 40
15 40
14 40
14 39
14 40
13 40
13 41
13 42
13 41
14 41
14 42
15 42
16 42
17 42
17 41
17 40
17 39
18 39
17 39
17 38
17 37
18 37
18 36
18 37
19 37
20 37
19 37
19 38
20 38
20 39
21 39
22 39
21 39
21 40
21 39
22 39
22 38
22 37
22 36
22 35
21 35
21 36
21 35
22 35
22 36
21 36
21 35
22 35
21 35
22 35
21 35
21 34
21 35
22 35
22 36
22 37
21 37
20 37
20 38
20 39
19 39
20 39
20 40
19 40
18 40
19 40
19 41
19 40
19 39
19 40
19 41
20 41
20 40
20 39
21 39
20 39
20 38
19 38
19 37
18 37
19 37
20 37
20 38
20 39
20 38
19 38
19 39
19 40
18 40
19 40
20 40
20 39
19 39
19 40
19 41
19 42
20 42
20 43
21 43
22 43
22 44
22 45
22 44
22 43
22 42
22 41
22 42
22 41
21 41
21 42
20 42
20 41
21 41
21 42
21 43
21 42
22 42
22 43
22 44
22 43
22 44
23 44
22 44
22 43
22 44
22 45
23 45
23 44
22 44
22 43
22 42
22 41
21 41
20 41
20 40
19 40
19 39
19 40
19 41
19 40
19 39
19 40
20 40
20 41
19 41
19 40
19 39
18 39
18 40
18 41
19 41
20 41
20 40
20 41
20 40
20 39
19 39
18 39
18 40
19 40
18 40
18 39
19 39
18 39
17 39
18 39
18 38
19 38
18 38
18 37
17 37
18 37
18 38
17 38
16 38
16 39
16 38
15 38
15 37
16 37
16 36
17 36
16 36
15 36
15 35
15 34
14 34
14 35
15 35
14 35
13 35
13 34
14 34
14 33
14 34
13 34
14 34
15 34
16 34
16 33
17 33
18 33
19 33
18 33
18 32
19 32
19 33
19 34
19 35
20 35
21 35
21 34
20 34
21 34
21 35
21 34
21 35
21 34
22 34
21 34
21 33
22 33
21 33
20 33
20 32
21 32
22 32
22 31
22 30
21 30
21 29
22 29
22 28
22 27
22 28
23 28
23 29
24 29
25 29
24 29
25 29
24 29
24 28
24 29
24 28
23 28
22 28
23 28
22 28
22 29
21 29
22 29
22 28
23 28
22 28
22 29
21 29
21 28
21 27
22 27
22 26
22 25
22 26
22 25
22 26
23 26
23 27
23 28
24 28
23 28
23 27
22 27
22 28
22 29
21 29
21 30
20 30
20 29
19 29
18 29
19 29
19 30
19 29
19 28
19 27
19 26
20 26
19 26
19 25
20 25
19 25
19 24
18 24
18 25
19 25
19 26
19 27
19 26
19 27
18 27
19 27
20 27
21 27
22 27
22 28
22 27
22 28
21 28
20 28
21 28
21 27
20 27
20 26
20 27
20 28
20 29
20 30
19 30
19 31
19 32
19 31
19 32
19 33
20 33
21 33
21 34
22 34
23 34
24 34
25 34
25 33
24 33
24 34
23 34
23 35
23 36
24 36
25 36
26 36
26 35
26 34
26 33
26 32
25 32
24 32
25 32
25 33
25 34
24 34
24 33
24 32
23 32
23 33
22 33
22 34
22 35
22 34
21 34
21 33
21 32
22 32
22 33
22 32
23 32
24 32
25 32
25 33
24 33
25 33
24 33
23 33
22 33
22 34
22 35
22 34
22 33
23 33
24 33
23 33
24 33
24 32
24 33
23 33
23 34
23 33
23 34
24 34
25 34
24 34
24 33
25 33
24 33
24 32
23 32
23 31
24 31
23 31
23 32
24 32
24 31
24 30
24 29
24 28
23 28
23 27
24 27
25 27
24 27
24 28
25 28
24 28
24 29
25 29
25 28
26 28
25 28
24 28
25 28
25 27
25 28
26 28
26 27
26 28
26 27
26 26
26 27
26 26
27 26
26 26
26 25
25 25
25 24
25 25
26 25
25 25
25 24
25 25
25 24
25 25
26 25
27 25
27 26
28 26
29 26
28 26
28 27
28 28
28 27
28 28
28 27
27 27
26 27
26 28
27 28
26 28
25 28
26 28
26 29
27 29
27 30
28 30
28 31
27 31
27 30
27 29
26 29
26 30
25 30
24 30
24 31
23 31
22 31
21 31
21 32
21 31
21 32
20 32
21 32
20 32
20 33
20 34
19 34
20 34
21 34
22 34
23 34
22 34
22 33
22 32
21 32
22 32
21 32
