0 0
1 0
0 0
1 0
2 0
2 1
3 1
2 1
3 1
4 1
5 1
6 1
7 1
7 2
6 2
5 2
4 2
4 1
4 0
4 1
5 1
6 1
7 1
8 1
8 2
8 1
9 1
9 2
9 3
9 2
9 3
10 3
10 2
10 1
9 1
8 1
9 1
9 2
10 2
10 3
11 3
11 2
10 2
10 1
11 1
10 1
11 1
11 2
11 1
12 1
12 0
13 0
14 0
15 0
14 0
14 1
14 2
14 1
14 2
14 1
13 1
13 0
13 1
13 2
12 2
12 3
12 2
12 3
12 4
13 4
13 5
13 4
13 3
12 3
12 2
13 2
12 2
12 1
13 1
13 2
12 2
12 3
12 2
13 2
14 2
14 3
15 3
15 4
14 4
15 4
16 4
17 4
16 4
15 4
15 3
14 3
14 4
15 4
15 3
15 4
15 3
15 4
15 5
15 6
16 6
16 5
15 5
15 6
14 6
14 7
13 7
14 7
14 8
14 7
13 7
13 6
13 7
13 8
14 8
15 8
15 9
14 9
13 9
12 9
13 9
13 10
13 11
13 12
12 12
12 13
11 13
10 13
11 13
11 12
12 12
12 13
12 12
12 11
13 11
12 11
12 12
12 13
12 14
12 13
12 14
12 13
12 14
12 15
11 15
10 15
10 14
9 14
10 14
9 14
10 14
10 13
10 14
10 15
10 16
10 17
10 18
11 18
11 17
12 17
12 16
12 15
11 15
11 16
11 17
10 17
10 18
10 17
9 17
9 16
8 16
8 17
8 18
8 17
7 17
6 17
6 16
5 16
4 16
3 16
3 15
2 15
2 14
2 13
2 12
2 11
1 11
1 12
1 13
0 13
1 13
2 13
3 13
2 13
2 14
2 13
2 14
1 14
0 14
1 14
1 13
1 12
1 13
2 13
2 12
1 12
1 13
1 14
1 15
1 14
0 14
0 13
1 13
1 14
0 14
1 14
1 15
1 14
0 14
0 15
0 14
0 15
0 14
1 14
1 13
0 13
1 13
1 14
1 13
1 12
0 12
1 12
1 11
2 11
1 11
1 10
1 9
1 10
1 11
1 10
1 9
1 10
1 11
1 12
0 12
0 13
0 14
1 14
1 15
1 16
2 16
3 16
3 17
3 16
2 16
2 17
2 16
2 17
3 17
3 16
2 16
3 16
2 16
2 15
2 14
1 14
0 14
0 13
0 12
0 11
0 10
0 11
1 11
0 11
0 10
1 10
2 10
2 11
2 12
1 12
2 12
2 11
2 10
3 10
4 10
4 11
4 10
5 10
4 10
4 9
4 10
3 10
2 10
2 11
3 11
3 12
4 12
4 13
5 13
4 13
4 14
4 13
3 13
3 12
4 12
4 11
5 11
6 11
7 11
7 12
7 11
6 11
5 11
4 11
4 10
3 10
3 11
3 12
3 11
4 11
5 11
4 11
3 11
4 11
4 12
4 11
4 10
4 9
4 10
5 10
5 11
5 12
6 12
5 12
5 13
5 14
5 15
5 14
6 14
6 15
5 15
5 16
5 17
5 18
4 18
4 19
5 19
6 19
7 19
7 20
8 20
9 20
9 21
9 22
9 21
9 22
8 22
9 22
9 21
9 22
8 22
8 23
9 23
10 23
10 22
11 22
11 23
11 24
12 24
12 23
12 22
11 22
11 21
11 20
11 19
11 18
12 18
12 17
13 17
14 17
13 17
14 17
15 17
14 17
14 18
15 18
15 19
15 20
15 21
16 21
16 20
16 21
15 21
15 20
14 20
13 20
14 20
14 19
14 18
14 19
14 18
13 18
12 18
12 17
12 16
13 16
13 15
12 15
12 14
11 14
10 14
9 14
9 13
9 14
8 14
7 14
6 14
5 14
5 13
5 14
6 14
6 13
6 14
7 14
7 13
8 13
9 13
9 14
8 14
8 13
7 13
8 13
9 13
9 12
9 11
8 11
7 11
6 11
6 10
6 11
6 10
7 10
7 11
7 10
7 11
7 12
8 12
7 12
7 13
7 12
8 12
7 12
7 11
7 12
7 13
6 13
5 13
4 13
4 12
5 12
5 11
5 10
5 11
5 10
6 10
6 11
6 12
6 13
6 14
6 15
6 14
6 15
7 15
7 14
7 15
8 15
9 15
9 14
9 13
10 13
10 14
10 15
10 14
10 15
10 16
10 15
10 14
10 13
10 12
10 11
11 11
12 11
13 11
14 11
15 11
15 12
14 12
15 12
15 13
14 13
13 13
12 13
11 13
11 14
11 13
11 12
11 13
12 13
12 12
12 11
13 11
13 10
13 11
13 10
13 11
14 11
14 10
13 10
13 11
14 11
14 10
14 11
15 11
15 12
16 12
16 11
15 11
16 11
16 10
15 10
14 10
13 10
13 9
12 9
13 9
12 9
11 9
12 9
13 9
13 8
14 8
14 9
13 9
13 8
13 9
14 9
14 10
15 10
15 9
15 10
16 10
15 10
16 10
17 10
17 9
18 9
17 9
17 10
17 9
17 10
17 9
16 9
17 9
18 9
17 9
17 8
16 8
16 7
15 7
14 7
13 7
13 8
14 8
13 8
13 9
14 9
13 9
14 9
14 10
14 9
14 8
15 8
16 8
17 8
18 8
19 8
19 9
19 10
18 10
17 10
18 10
18 11
18 10
18 11
19 11
18 11
18 12
17 12
18 12
17 12
16 12
16 13
16 12
15 12
15 13
16 13
16 14
16 15
17 15
18 15
18 16
18 17
19 17
19 16
20 16
20 17
19 17
19 16
19 15
19 16
19 17
18 17
17 17
17 18
18 18
19 18
19 19
19 18
19 17
19 18
20 18
21 18
21 19
21 18
21 19
22 19
21 19
21 18
21 19
21 20
22 20
22 21
22 20
23 20
22 20
21 20
21 19
21 18
22 18
22 17
21 17
21 16
21 17
21 16
20 16
20 17
21 17
21 18
21 17
21 18
22 18
22 17
22 16
22 15
22 14
22 13
22 12
22 13
22 14
22 13
21 13
22 13
21 13
21 12
21 13
20 13
20 14
20 13
20 12
20 13
19 13
18 13
18 14
19 14
20 14
20 15
20 16
21 16
21 17
22 17
21 17
20 17
21 17
21 18
22 18
23 18
24 18
25 18
25 17
26 17
26 16
26 17
26 18
27 18
28 18
28 19
28 20
28 19
29 19
28 19
29 19
29 18
29 17
30 17
31 17
31 18
30 18
29 18
30 18
30 17
30 16
31 16
30 16
30 17
30 18
31 18
31 19
31 20
31 19
32 19
32 20
31 20
31 19
31 20
30 20
30 19
29 19
29 18
29 19
29 18
28 18
27 18
27 19
28 19
27 19
26 19
26 20
25 20
25 19
26 19
25 19
25 18
24 18
24 19
24 18
24 17
24 16
23 16
22 16
22 15
21 15
22 15
22 16
22 15
22 14
21 14
21 15
20 15
21 15
21 14
20 14
21 14
20 14
21 14
22 14
23 14
22 14
22 15
22 16
22 17
22 18
22 19
23 19
24 19
25 19
25 20
25 21
24 21
25 21
26 21
27 21
28 21
28 20
27 20
28 20
28 19
29 19
29 18
29 19
30 19
29 19
30 19
29 19
30 19
30 18
30 17
29 17
29 18
30 18
31 18
30 18
30 17
30 16
30 15
30 14
30 13
31 13
30 13
29 13
29 14
28 14
29 14
29 15
29 16
29 17
28 17
27 17
28 17
28 18
29 18
28 18
27 18
27 17
28 17
27 17
26 17
27 17
28 17
29 17
30 17
31 17
32 17
32 16
32 15
32 14
32 15
32 14
32 15
31 15
31 16
30 16
31 16
31 15
30 15
29 15
28 15
29 15
29 14
30 14
31 14
32 14
33 14
33 15
33 16
34 16
34 17
34 16
33 16
32 16
33 16
33 15
32 15
31 15
30 15
29 15
28 15
28 14
28 15
29 15
30 15
31 15
31 14
32 14
32 15
33 15
32 15
33 15
34 15
34 16
35 16
35 15
35 16
34 16
34 17
35 17
36 17
35 17
35 16
34 16
34 15
33 15
33 14
33 15
33 14
32 14
31 14
31 15
31 16
31 15
31 16
30 16
30 15
29 15
29 16
30 16
31 16
31 17
31 18
30 18
31 18
31 19
31 20
30 20
30 19
29 19
30 19
30 20
30 19
30 20
29 20
30 20
31 20
30 20
30 21
29 21
29 22
29 21
30 21
30 22
30 23
30 22
31 22
31 23
31 24
32 24
31 24
32 24
32 23
31 23
31 22
31 23
31 22
31 21
30 21
29 21
29 22
30 22
31 22
32 22
32 23
31 23
32 23
32 22
32 23
32 24
33 24
32 24
32 25
32 26
33 26
32 26
32 27
33 27
33 26
33 27
33 26
34 26
35 26
35 25
35 24
35 23
35 22
34 22
33 22
33 21
33 22
32 22
31 22
31 21
32 21
31 21
30 21
30 20
30 21
30 22
30 21
