0 0
1 0
1 1
2 1
1 1
2 1
2 0
2 1
3 1
4 1
3 1
3 2
3 1
2 1
1 1
1 0
0 0
1 0
2 0
2 1
3 1
3 2
2 2
2 1
3 1
4 1
5 1
4 1
4 0
5 0
6 0
5 0
5 1
5 0
6 0
7 0
7 1
7 0
7 1
6 1
7 1
6 1
6 0
5 0
6 0
6 1
5 1
4 1
4 2
4 1
5 1
5 2
5 3
5 4
4 4
4 5
5 5
5 4
6 4
5 4
5 3
6 3
5 3
5 4
5 3
5 2
5 3
5 2
6 2
5 2
6 2
6 1
7 1
8 1
8 2
8 3
9 3
9 2
9 3
9 4
9 5
8 5
8 4
9 4
9 5
9 6
9 7
10 7
10 8
11 8
11 9
10 9
9 9
8 9
9 9
8 9
8 10
9 10
9 11
8 11
9 11
9 10
9 9
10 9
11 9
12 9
12 8
13 8
13 7
13 6
14 6
14 5
15 5
14 5
13 5
14 5
14 6
15 6
15 5
14 5
13 5
13 4
13 3
12 3
13 3
12 3
12 4
13 4
14 4
14 3
15 3
15 2
16 2
16 3
17 3
18 3
19 3
19 4
19 3
19 4
19 5
19 6
19 5
19 4
19 3
18 3
18 4
18 3
17 3
18 3
19 3
19 4
18 4
17 4
18 4
19 4
19 3
19 4
19 5
20 5
21 5
22 5
22 6
23 6
22 6
23 6
23 7
24 7
25 7
25 6
25 5
25 4
24 4
23 4
24 4
23 4
24 4
25 4
25 5
26 5
26 4
26 3
26 2
26 1
26 2
27 2
28 2
28 1
28 0
28 1
27 1
26 1
25 1
24 1
24 0
23 0
23 1
24 1
24 2
24 3
24 4
25 4
24 4
24 3
25 3
25 4
26 4
26 5
27 5
26 5
26 4
26 5
26 6
27 6
27 7
26 7
27 7
26 7
26 8
27 8
28 8
27 8
27 9
26 9
27 9
28 9
28 10
29 10
28 10
29 10
29 9
29 8
29 9
28 9
28 10
28 11
28 10
27 10
26 10
25 10
25 11
25 10
25 9
24 9
24 8
23 8
22 8
22 9
22 10
22 9
21 9
20 9
20 10
19 10
18 10
17 10
18 10
18 9
18 8
19 8
20 8
19 8
18 8
17 8
16 8
17 8
18 8
17 8
16 8
15 8
14 8
14 7
14 8
14 9
14 10
13 10
13 11
14 11
14 12
14 11
14 10
14 11
15 11
14 11
15 11
15 10
15 11
15 12
16 12
17 12
17 13
17 12
17 13
16 13
15 13
14 13
15 13
16 13
16 14
15 14
15 15
15 16
16 16
15 16
16 16
15 16
16 16
17 16
18 16
18 15
18 16
19 16
19 17
18 17
19 17
18 17
18 18
18 17
19 17
19 16
19 15
18 15
18 16
18 15
18 14
18 13
19 13
20 13
20 14
19 14
19 13
20 13
20 14
21 14
21 13
20 13
21 13
21 14
21 13
22 13
21 13
21 12
21 11
22 11
22 10
22 11
22 12
23 12
23 11
22 11
23 11
22 11
23 11
23 10
23 11
22 11
23 11
23 10
23 11
23 10
23 9
24 9
24 8
25 8
25 9
24 9
24 10
23 10
23 9
23 10
24 10
25 10
25 9
24 9
25 9
26 9
27 9
27 8
27 9
27 8
27 9
27 8
27 7
27 8
28 8
29 8
28 8
29 8
28 8
29 8
30 8
31 8
32 8
33 8
33 9
33 8
33 7
33 8
34 8
34 7
34 8
34 9
35 9
34 9
34 8
34 7
34 8
33 8
32 8
32 7
32 6
31 6
31 7
32 7
32 8
33 8
32 8
32 9
33 9
33 8
33 7
34 7
34 8
34 9
34 10
34 11
33 11
33 12
33 13
32 13
32 12
33 12
34 12
34 13
33 13
33 12
32 12
33 12
34 12
33 12
32 12
32 11
32 10
33 10
34 10
34 11
34 12
33 12
33 11
32 11
33 11
33 12
32 12
32 11
33 11
33 10
34 10
34 9
34 10
34 11
34 10
35 10
34 10
34 11
35 11
35 10
35 9
34 9
34 10
34 11
34 12
34 13
33 13
34 13
35 13
36 13
36 12
37 12
38 12
37 12
37 13
38 13
37 13
36 13
36 12
36 11
37 11
38 11
38 10
37 10
38 10
39 10
40 10
40 11
39 11
39 12
40 12
39 12
39 11
38 11
39 11
38 11
38 10
38 9
37 9
36 9
36 10
37 10
37 9
37 8
36 8
37 8
36 8
37 8
38 8
38 7
37 7
38 7
37 7
37 8
37 9
37 8
38 8
39 8
39 9
39 8
38 8
37 8
36 8
36 7
35 7
34 7
35 7
36 7
36 6
36 7
37 7
38 7
39 7
39 6
39 7
39 6
39 5
40 5
39 5
40 5
39 5
39 6
38 6
38 5
37 5
38 5
39 5
40 5
40 6
40 5
40 4
40 5
41 5
42 5
41 5
42 5
41 5
42 5
42 6
42 7
42 6
41 6
41 7
41 6
42 6
41 6
41 7
41 8
41 9
41 10
42 10
42 11
42 10
41 10
40 10
40 11
41 11
42 11
43 11
42 11
42 12
42 11
41 11
42 11
42 10
41 10
42 10
43 10
42 10
43 10
44 10
45 10
46 10
46 9
47 9
47 8
47 9
48 9
49 9
48 9
49 9
50 9
49 9
48 9
48 8
48 9
49 9
50 9
49 9
50 9
49 9
49 8
48 8
48 7
48 6
47 6
48 6
47 6
48 6
47 6
47 7
46 7
46 8
46 7
46 8
46 7
46 8
47 8
47 7
46 7
46 8
46 7
46 6
46 5
46 6
46 7
46 6
46 7
46 8
45 8
44 8
43 8
44 8
44 9
45 9
45 10
46 10
47 10
46 10
46 11
46 12
46 11
45 11
44 11
44 10
44 9
44 10
43 10
44 10
44 9
44 8
44 7
44 8
43 8
44 8
44 7
44 6
43 6
42 6
42 7
43 7
43 6
43 5
42 5
41 5
40 5
40 4
41 4
41 5
41 4
42 4
43 4
43 3
43 2
43 1
43 2
43 3
44 3
43 3
44 3
45 3
44 3
44 2
44 3
45 3
46 3
45 3
44 3
43 3
44 3
43 3
43 2
44 2
45 2
46 2
47 2
48 2
49 2
50 2
50 1
50 0
49 0
48 0
49 0
50 0
49 0
50 0
50 1
49 1
48 1
48 2
47 2
47 1
47 0
47 1
47 0
48 0
48 1
47 1
46 1
46 2
46 1
45 1
45 2
46 2
45 2
45 3
45 2
46 2
46 1
45 1
45 0
45 1
45 0
46 0
47 0
47 1
47 2
46 2
46 1
47 1
48 1
49 1
48 1
47 1
48 1
48 0
48 1
49 1
48 1
49 1
49 0
50 0
50 1
51 1
52 1
51 1
52 1
53 1
52 1
52 2
52 1
53 1
53 0
54 0
53 0
53 1
52 1
52 2
53 2
54 2
55 2
55 1
55 0
56 0
56 1
55 1
56 1
56 2
55 2
55 1
56 1
57 1
57 0
58 0
58 1
58 2
58 3
57 3
57 2
57 3
56 3
56 4
56 5
55 5
55 4
55 5
54 5
54 4
54 5
53 5
52 5
51 5
51 4
51 3
51 4
51 5
50 5
49 5
49 4
48 4
47 4
47 3
46 3
46 2
45 2
46 2
46 1
46 2
47 2
47 3
48 3
49 3
48 3
47 3
47 4
48 4
49 4
48 4
47 4
48 4
47 4
46 4
46 3
46 4
46 3
46 4
46 3
47 3
47 4
46 4
45 4
44 4
44 5
44 6
44 5
45 5
46 5
45 5
45 4
46 4
45 4
45 5
44 5
43 5
42 5
42 6
41 6
41 5
41 6
42 6
42 7
42 6
43 6
43 7
42 7
42 6
43 6
43 7
44 7
43 7
44 7
43 7
42 7
42 6
42 5
41 5
41 4
42 4
42 5
42 4
43 4
42 4
41 4
42 4
42 3
41 3
40 3
39 3
39 4
40 4
40 5
40 4
40 3
41 3
41 4
41 3
41 2
40 2
40 3
40 2
41 2
41 1
41 2
42 2
42 3
43 3
42 3
42 4
42 5
43 5
43 4
43 3
44 3
44 2
43 2
44 2
43 2
43 1
43 2
42 2
42 3
41 3
40 3
40 4
40 3
41 3
41 4
41 3
41 4
41 3
41 4
42 4
42 5
42 4
41 4
40 4
39 4
38 4
37 4
37 3
38 3
38 2
38 1
37 1
38 1
37 1
38 1
38 0
38 1
38 0
39 0
39 1
38 1
38 2
38 1
38 2
37 2
37 1
37 2
38 2
39 2
39 1
39 0
40 0
40 1
40 2
39 2
39 3
39 2
40 2
41 2
42 2
43 2
43 3
44 3
44 2
44 3
43 3
44 3
44 4
43 4
43 3
43 4
