0 0
1 0
1 1
1 0
2 0
2 1
1 1
2 1
1 1
1 0
0 0
1 0
1 1
1 0
0 0
1 0
1 1
1 2
1 3
1 4
2 4
2 3
1 3
0 3
1 3
2 3
3 3
3 4
2 4
2 3
1 3
0 3
1 3
1 2
1 3
0 3
1 3
1 4
1 3
0 3
0 4
0 5
0 4
0 3
1 3
0 3
0 4
0 3
1 3
0 3
0 4
0 3
0 2
0 3
1 3
1 4
2 4
1 4
1 5
2 5
2 6
3 6
4 6
3 6
4 6
5 6
6 6
6 5
5 5
4 5
4 6
4 7
5 7
5 8
5 9
5 10
5 9
5 8
5 7
6 7
5 7
6 7
7 7
8 7
9 7
9 8
10 8
9 8
9 9
8 9
9 9
9 10
9 9
10 9
9 9
8 9
7 9
7 10
7 9
7 8
7 9
6 9
5 9
5 8
6 8
6 9
7 9
7 8
6 8
7 8
8 8
7 8
6 8
5 8
4 8
4 9
4 8
4 9
3 9
4 9
5 9
5 8
5 9
5 8
5 9
5 8
5 9
6 9
5 9
6 9
5 9
4 9
4 10
4 11
5 11
4 11
4 10
4 11
3 11
2 11
3 11
2 11
3 11
3 10
2 10
2 11
1 11
1 10
1 9
1 8
1 9
1 8
0 8
1 8
1 9
2 9
3 9
4 9
4 10
4 11
3 11
4 11
5 11
4 11
5 11
6 11
7 11
7 10
7 9
8 9
7 9
6 9
6 8
6 7
5 7
5 8
5 7
5 6
5 5
6 5
5 5
5 4
6 4
6 5
7 5
6 5
6 4
6 3
6 2
7 2
8 2
9 2
8 2
9 2
9 3
8 3
8 4
7 4
7 3
7 2
6 2
7 2
7 1
8 1
7 1
8 1
7 1
7 2
8 2
9 2
9 1
9 2
10 2
10 3
10 4
11 4
10 4
11 4
10 4
9 4
10 4
10 3
10 2
10 1
11 1
11 0
12 0
13 0
12 0
11 0
10 0
10 1
11 1
10 1
10 0
10 1
10 0
10 1
11 1
11 0
11 1
12 1
11 1
11 0
11 1
12 1
12 0
13 0
14 0
13 0
13 1
12 1
11 1
11 0
11 1
10 1
11 1
11 0
11 1
11 0
11 1
12 1
12 2
13 2
14 2
13 2
13 1
13 2
14 2
13 2
13 1
13 2
12 2
12 1
11 1
10 1
9 1
9 0
9 1
10 1
11 1
12 1
12 2
11 2
11 3
11 2
12 2
11 2
10 2
10 3
10 2
9 2
10 2
11 2
12 2
13 2
12 2
11 2
10 2
10 1
11 1
12 1
13 1
14 1
14 0
13 0
13 1
14 1
14 0
14 1
14 2
13 2
12 2
12 3
13 3
14 3
14 4
13 4
14 4
15 4
15 3
15 2
15 1
14 1
15 1
14 1
14 2
13 2
14 2
14 3
14 2
13 2
14 2
14 3
14 4
15 4
15 3
15 2
16 2
16 3
17 3
17 2
18 2
18 1
17 1
18 1
17 1
18 1
19 1
19 2
18 2
19 2
19 3
18 3
18 4
17 4
17 5
18 5
18 6
18 7
17 7
17 6
17 5
17 6
16 6
16 7
15 7
16 7
17 7
18 7
18 8
19 8
19 9
18 9
19 9
19 10
19 11
19 10
19 11
18 11
18 10
18 11
18 10
19 10
20 10
20 9
20 8
21 8
22 8
22 7
23 7
24 7
25 7
25 8
25 7
24 7
24 8
25 8
26 8
26 7
27 7
27 6
26 6
26 5
25 5
26 5
26 4
27 4
28 4
27 4
27 5
26 5
27 5
27 4
27 3
27 4
26 4
25 4
26 4
27 4
28 4
28 5
29 5
29 4
28 4
28 5
27 5
27 6
27 5
27 4
27 5
26 5
26 4
25 4
26 4
26 5
27 5
27 4
26 4
27 4
27 5
26 5
25 5
26 5
26 4
25 4
24 4
24 5
25 5
25 6
26 6
25 6
26 6
25 6
26 6
26 5
26 6
25 6
25 7
25 6
24 6
24 7
24 6
24 5
25 5
25 6
26 6
27 6
28 6
27 6
27 7
27 6
28 6
29 6
29 7
28 7
29 7
29 8
28 8
27 8
28 8
28 9
29 9
29 8
30 8
30 9
29 9
29 8
28 8
28 7
29 7
29 8
30 8
31 8
31 7
30 7
30 8
31 8
32 8
33 8
32 8
32 9
31 9
31 8
31 9
30 9
30 10
29 10
29 11
28 11
29 11
28 11
29 11
30 11
30 10
29 10
29 9
30 9
31 9
32 9
31 9
30 9
29 9
29 8
29 7
29 6
29 5
28 5
29 5
30 5
31 5
32 5
31 5
31 4
31 5
32 5
32 4
33 4
34 4
35 4
35 3
35 4
35 3
35 2
35 1
34 1
35 1
34 1
33 1
33 0
33 1
33 2
33 1
34 1
34 0
34 1
33 1
33 2
32 2
32 3
33 3
33 4
34 4
35 4
35 3
35 2
35 1
35 2
34 2
34 3
34 2
34 3
34 2
34 1
33 1
32 1
31 1
32 1
32 2
33 2
33 3
32 3
32 4
33 4
33 5
34 5
35 5
35 6
34 6
34 7
35 7
36 7
36 8
36 9
36 10
35 10
35 9
35 8
35 9
35 10
36 10
35 10
34 10
35 10
35 9
34 9
35 9
35 8
35 7
35 6
36 6
36 7
36 8
35 8
35 9
35 8
34 8
35 8
34 8
35 8
34 8
34 9
35 9
35 10
35 11
34 11
34 12
33 12
34 12
34 11
34 10
34 9
35 9
34 9
34 10
34 11
34 12
35 12
36 12
36 13
36 12
36 11
37 11
37 10
38 10
38 11
37 11
37 10
36 10
36 11
37 11
36 11
37 11
38 11
38 12
38 11
39 11
40 11
41 11
41 10
42 10
43 10
43 11
42 11
42 10
41 10
41 11
42 11
42 12
43 12
43 13
43 14
44 14
44 15
43 15
42 15
42 14
42 15
42 16
42 15
43 15
42 15
43 15
43 16
43 15
44 15
44 16
43 16
42 16
41 16
42 16
42 15
43 15
42 15
41 15
41 16
42 16
42 17
43 17
43 16
44 16
45 16
45 15
46 15
47 15
47 14
47 15
47 14
47 13
48 13
47 13
46 13
46 12
46 13
46 14
46 15
47 15
47 14
46 14
47 14
46 14
47 14
47 13
47 14
46 14
47 14
48 14
48 15
48 14
48 13
48 12
49 12
49 11
48 11
48 10
48 11
48 12
48 13
49 13
48 13
47 13
47 12
48 12
47 12
48 12
48 13
49 13
49 14
49 15
50 15
49 15
50 15
50 14
49 14
49 15
49 14
49 13
49 14
48 14
48 13
48 14
47 14
47 13
46 13
46 14
47 14
47 13
47 12
47 13
47 12
46 12
46 11
46 12
46 13
46 12
46 11
46 10
47 10
47 11
47 12
47 13
47 12
47 11
47 10
48 10
47 10
48 10
49 10
49 9
49 10
49 11
49 12
49 13
49 12
48 12
47 12
48 12
47 12
48 12
48 13
48 12
47 12
46 12
47 12
46 12
46 13
46 12
47 12
47 11
47 10
48 10
48 11
49 11
50 11
51 11
51 10
50 10
50 11
50 10
51 10
51 11
51 12
50 12
51 12
51 13
51 12
52 12
52 13
52 14
52 13
52 12
52 13
52 14
51 14
50 14
50 13
51 13
51 14
51 13
51 14
51 15
51 14
52 14
52 15
52 16
51 16
50 16
51 16
51 15
50 15
50 14
50 15
50 14
50 15
51 15
51 14
51 13
50 13
50 14
50 13
49 13
49 12
49 11
49 10
49 9
50 9
49 9
49 10
48 10
47 10
48 10
48 9
48 10
47 10
48 10
48 9
47 9
47 8
47 7
46 7
46 8
45 8
45 9
46 9
46 10
47 10
47 9
48 9
47 9
47 8
48 8
48 9
48 10
49 10
50 10
50 9
50 10
51 10
51 9
51 8
51 7
50 7
50 8
49 8
48 8
48 7
48 6
48 5
47 5
48 5
48 6
49 6
49 7
49 8
49 7
48 7
48 6
48 7
49 7
48 7
48 8
49 8
49 9
49 10
49 9
49 10
48 10
47 10
46 10
46 9
45 9
45 8
45 7
45 6
44 6
44 5
45 5
45 6
44 6
45 6
44 6
44 5
44 6
43 6
43 7
44 7
44 6
45 6
45 5
44 5
44 6
44 7
45 7
44 7
45 7
45 6
46 6
47 6
46 6
45 6
46 6
46 5
46 4
46 5
46 4
47 4
48 4
48 5
48 4
48 3
48 2
48 1
47 1
48 1
48 2
48 3
48 4
48 3
48 2
48 3
48 2
47 2
46 2
47 2
47 3
47 2
47 3
46 3
46 4
45 4
45 3
44 3
45 3
45 4
44 4
44 5
45 5
44 5
44 4
44 5
