0 0
0 1
0 0
0 1
1 1
1 0
1 1
1 2
0 2
0 1
1 1
2 1
3 1
2 1
1 1
0 1
0 0
0 1
1 1
1 0
2 0
2 1
1 1
1 2
0 2
0 3
1 3
2 3
2 2
2 3
2 4
3 4
3 5
3 6
2 6
3 6
2 6
1 6
0 6
1 6
2 6
1 6
1 7
2 7
3 7
3 8
3 9
3 10
3 11
3 12
4 12
4 13
3 13
3 14
4 14
4 15
4 16
4 15
5 15
5 16
5 15
5 16
6 16
7 16
7 15
7 14
7 15
7 16
8 16
9 16
9 17
9 16
9 17
8 17
7 17
8 17
9 17
9 18
10 18
9 18
9 17
9 16
9 15
9 16
10 16
10 15
9 15
8 15
9 15
9 16
9 17
9 18
9 19
9 20
10 20
10 19
10 20
10 21
9 21
9 22
9 23
8 23
8 22
7 22
7 23
6 23
6 24
7 24
8 24
8 23
8 22
9 22
8 22
8 23
8 22
8 23
8 22
8 23
8 22
8 21
9 21
9 22
8 22
8 21
8 20
8 21
8 20
7 20
7 19
6 19
5 19
6 19
6 18
6 17
5 17
4 17
4 16
3 16
4 16
5 16
5 15
6 15
5 15
4 15
5 15
5 16
4 16
3 16
4 16
4 17
5 17
5 16
5 17
5 18
4 18
3 18
4 18
5 18
6 18
7 18
8 18
7 18
6 18
6 17
5 17
6 17
6 18
5 18
5 17
4 17
4 18
5 18
6 18
6 19
6 20
7 20
6 20
6 21
5 21
5 20
5 21
6 21
6 22
5 22
6 22
7 22
7 21
7 20
7 21
7 22
7 23
7 22
6 22
6 21
5 21
5 20
6 20
6 21
6 20
7 20
7 21
8 21
8 22
8 21
7 21
6 21
6 20
6 21
7 21
8 21
9 21
10 21
11 21
11 20
12 20
11 20
11 21
11 22
12 22
12 21
12 20
11 20
11 21
11 20
11 21
12 21
11 21
10 21
9 21
9 20
10 20
9 20
10 20
11 20
10 20
10 21
9 21
9 20
10 20
10 19
10 20
10 21
10 22
10 21
11 21
11 22
12 22
12 21
13 21
13 22
13 21
14 21
13 21
12 21
12 20
12 19
11 19
10 19
10 18
10 19
10 18
10 19
11 19
10 19
10 18
10 19
10 20
10 21
11 21
11 20
10 20
11 20
11 21
10 21
11 21
11 22
11 23
10 23
10 22
10 23
9 23
9 22
9 21
10 21
10 20
10 19
10 20
11 20
11 21
11 20
11 19
12 19
13 19
14 19
15 19
16 19
16 18
15 18
16 18
16 17
17 17
16 17
16 16
16 15
16 14
17 14
17 13
18 13
19 13
19 12
19 11
18 11
18 10
18 11
18 12
17 12
17 13
17 12
17 13
17 14
18 14
18 13
17 13
17 12
16 12
16 11
16 10
15 10
16 10
16 9
17 9
17 10
17 9
17 10
17 11
18 11
18 12
18 13
18 12
18 11
18 12
18 11
18 12
18 13
17 13
17 12
17 11
18 11
17 11
18 11
19 11
20 11
19 11
19 12
18 12
18 11
18 12
17 12
16 12
17 12
18 12
18 13
18 14
18 15
18 16
18 17
17 17
16 17
16 16
16 17
16 18
15 18
15 19
15 18
14 18
15 18
16 18
16 17
15 17
14 17
13 17
14 17
13 17
13 18
12 18
11 18
11 19
11 18
12 18
12 17
11 17
11 16
11 15
12 15
11 15
10 15
10 14
10 13
10 12
10 13
10 12
11 12
10 12
9 12
10 12
10 13
10 14
11 14
12 14
12 15
12 16
12 15
11 15
11 14
10 14
11 14
12 14
12 13
12 14
11 14
11 13
10 13
11 13
11 12
12 12
12 13
11 13
12 13
11 13
12 13
12 12
12 11
12 12
13 12
13 13
13 14
12 14
11 14
10 14
9 14
10 14
9 14
8 14
7 14
6 14
5 14
4 14
5 14
5 13
6 13
7 13
8 13
8 14
9 14
9 15
8 15
8 14
8 13
9 13
9 12
8 12
8 13
7 13
8 13
8 14
9 14
8 14
8 13
9 13
8 13
8 14
9 14
9 15
10 15
10 14
11 14
11 13
10 13
10 14
9 14
9 15
8 15
9 15
8 15
7 15
7 16
7 15
7 14
7 13
8 13
8 12
7 12
6 12
5 12
5 13
5 14
5 13
5 12
5 13
5 14
5 15
5 16
5 17
5 18
6 18
7 18
6 18
6 19
5 19
6 19
6 20
7 20
6 20
6 21
5 21
6 21
5 21
5 22
5 21
5 22
5 23
5 22
4 22
5 22
6 22
6 21
6 22
5 22
4 22
4 23
4 22
5 22
5 23
4 23
4 22
4 23
5 23
4 23
4 24
4 23
4 24
4 25
5 25
6 25
6 26
6 27
7 27
7 28
8 28
8 27
7 27
8 27
8 26
9 26
9 27
9 28
9 29
9 28
8 28
8 27
7 27
8 27
8 26
8 25
7 25
8 25
8 26
9 26
9 27
9 28
10 28
9 28
10 28
11 28
10 28
10 27
10 26
11 26
11 27
10 27
10 28
10 29
10 30
10 31
10 30
11 30
12 30
11 30
11 31
12 31
12 30
12 29
11 29
10 29
10 30
10 31
10 32
11 32
11 33
10 33
11 33
10 33
11 33
10 33
10 32
10 31
10 32
10 33
11 33
11 34
10 34
10 33
10 32
9 32
9 33
9 34
8 34
9 34
8 34
8 35
7 35
8 35
9 35
8 35
9 35
9 36
9 35
10 35
11 35
11 36
10 36
11 36
11 37
10 37
10 38
10 39
10 40
9 40
10 40
9 40
9 41
8 41
7 41
7 42
8 42
7 42
6 42
5 42
6 42
5 42
5 41
6 41
6 42
6 43
6 42
5 42
5 43
5 44
5 43
4 43
3 43
3 44
3 43
3 42
4 42
4 41
3 41
3 40
3 39
3 38
4 38
4 37
5 37
5 38
6 38
7 38
7 37
6 37
6 36
7 36
7 35
6 35
7 35
7 36
7 35
7 34
7 33
7 34
7 35
7 34
8 34
7 34
7 33
7 32
8 32
8 31
8 30
8 31
9 31
10 31
9 31
10 31
11 31
11 30
11 31
12 31
12 32
11 32
11 33
10 33
9 33
10 33
10 32
11 32
11 31
11 30
11 31
10 31
11 31
11 30
12 30
13 30
13 31
12 31
11 31
12 31
11 31
11 32
10 32
9 32
9 31
9 30
10 30
10 31
9 31
10 31
9 31
8 31
7 31
8 31
8 30
8 29
7 29
6 29
6 30
7 30
7 29
7 28
7 27
7 26
7 25
7 26
8 26
7 26
8 26
7 26
7 27
7 28
7 27
7 26
7 25
7 26
6 26
6 27
7 27
7 28
7 29
7 28
7 27
7 28
6 28
5 28
6 28
6 27
6 28
6 29
6 30
7 30
7 29
6 29
6 28
5 28
4 28
4 29
3 29
3 30
2 30
2 29
1 29
0 29
1 29
1 28
1 27
1 28
2 28
2 27
1 27
1 26
1 25
1 24
2 24
3 24
2 24
2 23
2 22
2 23
3 23
3 24
3 25
3 24
3 25
3 24
2 24
2 25
2 24
2 23
3 23
3 24
4 24
4 25
4 24
3 24
2 24
3 24
2 24
2 25
2 24
3 24
3 25
3 24
2 24
3 24
3 23
2 23
2 22
3 22
4 22
4 21
4 22
4 23
4 24
3 24
3 25
4 25
5 25
4 25
5 25
6 25
5 25
6 25
5 25
5 24
6 24
6 23
6 22
5 22
5 23
4 23
3 23
3 22
3 23
2 23
2 24
2 25
1 25
2 25
1 25
1 24
2 24
2 23
2 22
3 22
4 22
4 21
5 21
5 20
6 20
6 21
6 20
6 21
5 21
4 21
4 20
4 21
4 22
4 21
3 21
3 20
3 21
4 21
4 22
5 22
6 22
6 21
5 21
6 21
7 21
8 21
8 20
8 21
8 22
7 22
8 22
9 22
8 22
7 22
6 22
7 22
7 23
6 23
6 24
7 24
7 25
8 25
8 24
8 23
8 24
9 24
9 25
8 25
9 25
10 25
10 26
10 25
11 25
12 25
12 26
11 26
11 27
11 28
12 28
13 28
12 28
13 28
13 29
13 28
13 27
14 27
13 27
13 26
13 25
14 25
13 25
12 25
12 24
11 24
11 25
11 26
12 26
13 26
13 25
14 25
14 26
14 27
15 27
15 26
14 26
13 26
13 27
12 27
12 28
12 29
12 30
11 30
11 31
11 32
10 32
10 31
10 32
10 33
10 32
9 32
9 33
9 32
9 33
9 34
9 33
10 33
10 34
11 34
12 34
12 35
13 35
14 35
13 35
14 35
13 35
13 36
12 36
11 36
11 35
11 36
11 37
11 38
12 38
11 38
11 37
11 36
11 37
10 37
