0 0
0 1
1 1
2 1
2 0
1 0
0 0
1 0
0 0
0 1
1 1
2 1
3 1
3 0
4 0
3 0
2 0
2 1
2 0
2 1
3 1
2 1
2 2
2 1
3 1
2 1
2 0
3 0
2 0
3 0
3 1
3 2
3 1
4 1
4 2
4 1
4 0
4 1
3 1
3 0
3 1
3 2
2 2
2 1
3 1
2 1
1 1
1 0
1 1
1 0
1 1
0 1
1 1
1 0
0 0
1 0
0 0
1 0
0 0
0 1
1 1
1 0
0 0
1 0
0 0
0 1
0 2
1 2
1 1
0 1
1 1
1 0
1 1
1 2
1 3
0 3
0 2
1 2
1 1
0 1
1 1
2 1
2 2
2 1
1 1
2 1
1 1
1 0
1 1
2 1
2 0
3 0
3 1
3 0
4 0
5 0
4 0
5 0
4 0
4 1
4 2
3 2
3 1
3 0
2 0
2 1
3 1
4 1
4 0
3 0
3 1
4 1
3 1
2 1
2 2
2 3
1 3
1 4
0 4
0 3
0 4
0 5
0 4
1 4
1 3
1 4
1 3
0 3
0 4
1 4
2 4
2 3
1 3
0 3
1 3
2 3
2 2
2 3
3 3
3 4
4 4
4 5
5 5
6 5
5 5
5 4
5 5
5 6
4 6
5 6
5 5
6 5
6 6
7 6
7 5
7 6
7 7
6 7
6 8
6 9
6 8
6 7
6 6
7 6
7 5
7 4
6 4
7 4
8 4
8 3
9 3
9 2
10 2
10 1
11 1
10 1
9 1
9 0
9 1
10 1
10 0
9 0
8 0
8 1
8 0
8 1
8 2
9 2
10 2
11 2
11 3
11 4
10 4
10 5
10 6
9 6
9 7
10 7
10 8
10 7
10 8
9 8
9 9
9 8
10 8
11 8
10 8
9 8
10 8
11 8
11 9
11 10
11 11
11 12
12 12
13 12
14 12
15 12
15 11
14 11
14 12
15 12
16 12
16 11
15 11
14 11
15 11
15 12
15 13
15 12
16 12
17 12
17 11
16 11
15 11
15 10
15 11
15 12
16 12
16 13
16 14
17 14
18 14
17 14
17 15
16 15
16 14
15 14
16 14
15 14
15 15
16 15
15 15
15 16
14 16
13 16
13 17
13 18
13 17
13 16
12 16
12 15
11 15
11 16
10 16
9 16
10 16
10 17
10 16
10 15
9 15
8 15
7 15
8 15
9 15
10 15
10 16
10 17
11 17
12 17
12 16
13 16
14 16
14 15
13 15
12 15
12 16
13 16
14 16
13 16
12 16
13 16
14 16
15 16
15 15
15 16
15 15
15 14
15 13
15 12
15 13
16 13
16 12
16 11
15 11
16 11
16 10
15 10
14 10
14 9
15 9
14 9
14 8
14 7
14 8
13 8
13 9
13 10
12 10
12 11
12 10
12 11
13 11
14 11
15 11
15 12
15 13
15 14
15 13
14 13
14 14
14 13
13 13
13 12
12 12
12 11
12 10
11 10
10 10
10 9
10 8
9 8
9 9
10 9
11 9
11 8
11 9
12 9
13 9
12 9
13 9
13 8
12 8
12 9
12 8
12 9
13 9
14 9
13 9
14 9
14 8
14 7
13 7
14 7
14 6
15 6
14 6
13 6
13 7
13 6
14 6
15 6
16 6
16 5
17 5
18 5
18 6
17 6
17 5
18 5
18 6
18 7
18 6
18 7
17 7
17 8
16 8
17 8
16 8
17 8
16 8
16 7
15 7
15 6
14 6
13 6
13 7
13 8
13 7
14 7
14 8
14 9
15 9
15 8
15 9
15 8
16 8
16 7
16 6
16 5
16 4
16 3
16 2
16 3
17 3
18 3
18 2
18 1
17 1
17 0
17 1
17 0
18 0
18 1
17 1
17 2
17 1
16 1
17 1
17 2
17 1
17 2
17 1
17 2
16 2
17 2
17 1
17 2
18 2
18 3
18 4
17 4
18 4
18 5
19 5
19 4
19 3
19 4
20 4
20 5
21 5
21 6
21 7
20 7
20 8
20 7
19 7
19 8
19 7
20 7
20 8
19 8
19 7
19 6
19 5
18 5
18 4
18 3
18 4
19 4
19 5
19 6
18 6
18 7
18 6
18 5
17 5
17 4
17 5
16 5
16 4
17 4
18 4
18 5
18 6
18 7
19 7
19 8
18 8
19 8
20 8
21 8
22 8
23 8
22 8
22 7
21 7
22 7
23 7
23 6
23 7
23 6
24 6
24 7
25 7
25 8
24 8
24 9
25 9
25 8
24 8
23 8
22 8
22 7
23 7
22 7
22 8
22 9
22 10
23 10
23 11
23 12
24 12
24 11
23 11
22 11
22 10
22 11
22 12
23 12
22 12
21 12
21 11
22 11
23 11
23 10
22 10
22 9
21 9
22 9
22 10
22 11
21 11
21 10
21 11
21 12
22 12
22 11
22 12
22 11
22 10
22 11
22 12
21 12
21 11
20 11
20 10
21 10
21 11
21 10
21 9
21 10
22 10
23 10
23 11
22 11
21 11
21 12
21 11
20 11
19 11
20 11
21 11
21 12
21 11
20 11
19 11
19 12
18 12
17 12
17 13
17 12
16 12
16 13
16 12
16 13
15 13
16 13
15 13
14 13
13 13
13 12
13 13
13 14
12 14
12 15
13 15
14 15
14 16
15 16
15 17
15 16
15 15
14 15
14 16
15 16
14 16
14 17
14 18
14 17
15 17
15 18
15 19
15 18
14 18
13 18
13 19
13 18
13 19
14 19
13 19
12 19
13 19
13 18
13 19
13 20
12 20
11 20
11 21
10 21
10 20
11 20
11 19
10 19
10 18
10 19
10 20
11 20
11 19
12 19
12 18
12 17
12 16
12 15
12 14
12 15
13 15
13 16
14 16
15 16
15 17
15 18
15 19
16 19
16 18
17 18
17 19
18 19
17 19
17 18
18 18
18 17
18 18
18 17
18 16
18 15
17 15
16 15
15 15
15 14
15 15
15 16
14 16
14 17
14 18
15 18
14 18
15 18
15 17
15 16
14 16
14 17
13 17
13 18
14 18
15 18
15 17
15 16
15 17
15 18
14 18
13 18
13 17
14 17
14 18
14 17
15 17
14 17
15 17
16 17
16 16
17 16
16 16
15 16
15 15
16 15
16 16
17 16
17 17
16 17
16 16
15 16
16 16
17 16
18 16
18 17
18 16
19 16
18 16
17 16
16 16
15 16
14 16
14 15
13 15
14 15
14 14
14 15
14 14
13 14
13 13
13 12
14 12
14 11
13 11
13 10
12 10
13 10
12 10
13 10
14 10
14 11
13 11
12 11
12 10
11 10
12 10
13 10
14 10
14 11
15 11
15 10
16 10
17 10
17 11
16 11
17 11
17 12
17 11
17 10
17 11
18 11
17 11
16 11
17 11
17 12
17 11
17 10
18 10
18 11
17 11
18 11
17 11
17 10
18 10
19 10
20 10
20 11
20 12
21 12
21 13
21 12
21 11
21 10
20 10
21 10
20 10
20 11
20 12
20 11
20 12
19 12
18 12
17 12
18 12
17 12
17 11
17 10
16 10
15 10
16 10
15 10
15 9
15 10
15 9
15 10
14 10
13 10
14 10
13 10
13 11
13 10
13 9
12 9
13 9
14 9
15 9
15 10
16 10
16 9
15 9
16 9
17 9
17 10
17 11
17 10
17 11
16 11
16 12
16 11
17 11
18 11
17 11
16 11
16 10
15 10
15 11
15 12
15 13
14 13
15 13
16 13
17 13
16 13
15 13
14 13
14 12
14 11
14 12
14 11
14 10
14 9
14 8
15 8
16 8
16 9
16 8
15 8
16 8
15 8
15 9
14 9
15 9
16 9
16 10
16 11
15 11
15 10
16 10
16 11
17 11
16 11
16 10
17 10
17 11
18 11
17 11
17 12
17 13
17 12
17 13
16 13
16 12
17 12
17 11
18 11
18 10
18 9
19 9
18 9
18 10
18 11
18 12
17 12
17 13
16 13
15 13
16 13
17 13
16 13
16 14
16 13
16 12
16 11
15 11
14 11
14 12
15 12
15 13
14 13
14 12
14 11
13 11
12 11
13 11
13 10
12 10
13 10
13 11
13 10
13 9
13 10
12 10
12 11
12 10
12 9
12 10
12 9
11 9
12 9
12 8
12 9
13 9
12 9
11 9
11 8
12 8
12 9
12 8
11 8
11 7
10 7
9 7
9 8
9 9
8 9
7 9
8 9
9 9
9 10
9 9
9 8
10 8
10 7
11 7
11 6
10 6
11 6
10 6
10 5
10 6
10 7
11 7
10 7
10 6
9 6
8 6
8 7
8 8
7 8
7 9
7 8
8 8
7 8
7 9
7 8
6 8
6 7
5 7
4 7
4 6
5 6
5 5
4 5
3 5
3 6
3 5
3 4
3 5
4 5
4 4
3 4
3 5
3 4
3 5
4 5
5 5
5 6
6 6
7 6
