0 0
0 1
1 1
2 1
2 2
2 3
1 3
2 3
2 2
2 1
3 1
4 1
4 0
3 0
3 1
2 1
1 1
2 1
1 1
0 1
1 1
0 1
0 0
1 0
0 0
1 0
2 0
2 1
2 2
2 3
2 2
2 1
3 1
3 0
2 0
2 1
3 1
2 1
2 2
2 1
3 1
4 1
4 2
3 2
4 2
4 3
5 3
5 4
5 5
6 5
6 4
6 5
6 6
6 5
7 5
7 4
8 4
9 4
9 5
8 5
8 6
7 6
8 6
8 5
8 4
7 4
7 5
7 4
7 5
8 5
9 5
8 5
9 5
10 5
10 4
11 4
12 4
11 4
11 5
11 6
11 7
10 7
10 8
9 8
9 9
8 9
8 8
7 8
8 8
7 8
8 8
9 8
10 8
10 7
11 7
11 6
11 5
11 4
11 5
11 6
11 5
11 6
11 5
10 5
10 6
10 7
10 8
10 7
10 8
10 7
9 7
9 6
9 5
9 6
9 5
9 6
10 6
10 5
11 5
11 6
11 5
11 6
12 6
11 6
12 6
12 7
12 6
11 6
10 6
10 5
9 5
9 6
9 7
8 7
9 7
10 7
10 8
9 8
9 7
8 7
7 7
7 8
7 7
8 7
8 6
9 6
9 7
8 7
8 8
8 9
8 10
9 10
10 10
9 10
9 11
9 12
9 11
10 11
10 12
10 13
9 13
9 14
9 13
8 13
9 13
9 14
10 14
11 14
11 13
10 13
11 13
11 14
10 14
10 13
11 13
11 14
12 14
12 15
13 15
13 16
14 16
13 16
13 15
13 14
13 15
13 14
13 15
13 14
12 14
11 14
10 14
11 14
11 13
11 12
11 11
12 11
13 11
14 11
15 11
15 12
14 12
15 12
14 12
14 13
13 13
14 13
14 14
14 15
15 15
16 15
17 15
17 16
17 15
17 16
17 15
17 16
17 17
16 17
17 17
17 16
16 16
16 15
15 15
16 15
17 15
16 15
16 14
16 15
15 15
15 16
14 16
14 15
14 14
15 14
16 14
17 14
17 13
17 14
17 13
16 13
15 13
14 13
15 13
14 13
14 12
15 12
16 12
15 12
16 12
16 11
17 11
17 12
17 13
18 13
18 12
18 11
18 12
17 12
16 12
16 13
17 13
16 13
16 14
17 14
17 15
16 15
16 16
15 16
15 17
15 18
14 18
14 17
15 17
14 17
15 17
15 18
14 18
15 18
15 17
16 17
16 16
16 15
16 16
16 15
16 16
17 16
18 16
19 16
19 15
20 15
21 15
20 15
20 14
19 14
19 13
20 13
20 14
20 13
20 14
19 14
20 14
20 13
20 14
20 13
21 13
21 12
21 13
20 13
20 12
19 12
20 12
19 12
19 13
19 12
19 11
18 11
18 12
18 11
18 10
19 10
19 9
18 9
19 9
19 10
18 10
18 11
18 10
17 10
18 10
18 11
17 11
17 10
17 11
18 11
19 11
19 12
19 11
18 11
17 11
17 10
16 10
15 10
16 10
17 10
18 10
18 11
19 11
19 12
18 12
18 13
17 13
18 13
17 13
18 13
18 12
19 12
19 13
20 13
21 13
22 13
23 13
24 13
24 14
25 14
24 14
24 13
25 13
24 13
24 14
24 13
23 13
22 13
22 12
23 12
22 12
23 12
23 11
22 11
22 10
23 10
24 10
24 9
24 10
25 10
25 11
24 11
24 10
24 11
24 10
25 10
24 10
23 10
24 10
25 10
25 9
26 9
26 8
25 8
26 8
25 8
25 9
25 8
24 8
25 8
25 7
25 6
25 5
25 6
26 6
27 6
28 6
28 7
29 7
28 7
29 7
29 6
30 6
29 6
29 5
29 4
29 3
28 3
27 3
27 2
26 2
26 3
25 3
24 3
25 3
26 3
26 2
26 3
27 3
27 4
27 5
27 6
28 6
27 6
28 6
28 5
28 6
28 5
28 6
29 6
30 6
30 5
31 5
31 4
31 3
30 3
29 3
30 3
30 2
29 2
30 2
30 1
30 0
29 0
29 1
29 0
29 1
30 1
29 1
28 1
28 2
28 3
28 4
28 3
28 4
28 5
28 6
29 6
30 6
30 5
30 6
30 5
30 4
30 5
31 5
30 5
30 4
29 4
28 4
28 5
28 6
29 6
30 6
29 6
29 7
30 7
31 7
30 7
30 8
29 8
30 8
31 8
31 9
31 8
31 9
31 10
31 9
32 9
31 9
32 9
32 8
32 7
32 8
31 8
31 7
31 6
31 5
31 6
31 7
30 7
30 6
30 5
30 4
30 5
30 6
30 5
29 5
29 4
28 4
28 5
28 4
27 4
26 4
26 3
26 2
27 2
26 2
26 3
27 3
27 4
28 4
28 5
28 6
27 6
26 6
26 5
26 6
26 7
26 6
26 7
26 6
27 6
27 7
28 7
28 8
27 8
27 7
28 7
28 6
28 5
28 6
29 6
29 5
30 5
29 5
29 6
29 5
30 5
30 4
29 4
29 3
29 2
30 2
31 2
32 2
31 2
31 3
32 3
32 2
32 3
33 3
34 3
33 3
34 3
34 2
35 2
36 2
36 1
35 1
34 1
34 0
34 1
34 2
35 2
35 1
35 0
35 1
34 1
34 0
34 1
35 1
34 1
35 1
35 2
35 3
35 2
36 2
35 2
34 2
33 2
34 2
33 2
34 2
34 1
33 1
33 0
33 1
33 0
34 0
35 0
36 0
37 0
36 0
35 0
34 0
33 0
33 1
33 2
32 2
31 2
32 2
31 2
31 1
30 1
29 1
28 1
28 0
29 0
30 0
30 1
30 2
31 2
31 3
32 3
32 4
31 4
31 5
31 6
32 6
33 6
34 6
33 6
34 6
34 7
34 8
33 8
34 8
34 7
34 6
34 7
33 7
33 6
33 7
34 7
33 7
32 7
33 7
33 6
34 6
34 5
34 4
33 4
34 4
34 3
34 4
34 5
35 5
36 5
36 6
36 7
36 8
35 8
35 9
35 8
35 9
34 9
35 9
36 9
35 9
36 9
35 9
36 9
37 9
37 8
36 8
36 7
36 8
35 8
35 9
35 10
35 11
35 12
36 12
36 11
35 11
35 12
36 12
35 12
34 12
34 13
33 13
33 12
32 12
31 12
30 12
29 12
29 13
29 12
30 12
30 13
30 14
29 14
30 14
30 13
29 13
29 12
29 11
28 11
27 11
27 12
28 12
27 12
27 13
27 12
27 11
28 11
28 10
27 10
28 10
29 10
30 10
29 10
28 10
27 10
28 10
28 9
29 9
28 9
28 8
27 8
28 8
28 9
27 9
28 9
28 8
29 8
30 8
30 9
31 9
31 10
32 10
33 10
33 9
33 10
32 10
32 11
32 10
32 9
33 9
32 9
33 9
33 8
32 8
32 7
32 8
32 7
31 7
32 7
32 8
33 8
33 9
32 9
32 8
31 8
31 9
30 9
29 9
29 10
29 9
29 8
28 8
28 9
28 10
28 9
28 8
29 8
30 8
29 8
29 9
29 10
29 9
29 10
30 10
31 10
32 10
32 11
31 11
31 12
31 13
31 14
32 14
33 14
34 14
33 14
32 14
33 14
33 13
34 13
34 14
35 14
36 14
35 14
35 13
34 13
34 12
33 12
33 11
33 12
34 12
35 12
34 12
34 11
33 11
34 11
35 11
36 11
36 10
36 11
36 10
35 10
36 10
36 11
35 11
36 11
37 11
37 12
36 12
36 13
36 12
36 11
35 11
36 11
36 12
36 11
36 10
36 11
35 11
34 11
34 10
34 9
35 9
36 9
35 9
34 9
35 9
35 8
36 8
37 8
38 8
38 7
38 8
39 8
39 7
39 6
38 6
37 6
38 6
38 5
38 4
39 4
38 4
39 4
39 5
40 5
41 5
41 4
41 5
42 5
42 4
42 3
42 2
43 2
44 2
45 2
45 1
45 0
46 0
46 1
46 2
47 2
48 2
49 2
49 3
49 2
48 2
47 2
47 3
48 3
49 3
48 3
49 3
49 4
49 3
49 2
49 3
50 3
50 4
51 4
51 5
51 6
51 5
52 5
51 5
52 5
52 6
51 6
51 5
51 4
51 3
51 4
50 4
51 4
50 4
49 4
50 4
50 3
51 3
50 3
49 3
50 3
50 4
51 4
51 3
50 3
49 3
49 2
50 2
50 3
51 3
51 4
51 3
51 2
50 2
50 1
50 2
50 1
49 1
48 1
49 1
49 0
49 1
49 0
49 1
48 1
47 1
47 0
48 0
47 0
47 1
47 2
47 1
47 2
48 2
47 2
47 1
47 0
47 1
47 2
46 2
46 1
46 2
46 1
46 0
46 1
47 1
47 0
48 0
47 0
46 0
46 1
47 1
47 0
46 0
46 1
45 1
45 2
44 2
43 2
43 1
43 0
43 1
43 0
44 0
44 1
44 0
44 1
