0 0
0 1
0 2
0 1
1 1
1 0
1 1
2 1
2 2
1 2
1 3
0 3
1 3
1 2
0 2
1 2
2 2
3 2
2 2
1 2
2 2
3 2
2 2
2 1
2 2
2 3
2 2
2 3
2 4
2 5
2 4
3 4
3 3
3 4
3 5
3 4
3 3
3 2
3 1
3 0
3 1
4 1
4 2
5 2
4 2
3 2
3 1
3 2
3 3
4 3
3 3
2 3
1 3
1 2
0 2
1 2
1 3
0 3
0 4
0 3
1 3
0 3
0 2
0 3
0 2
0 1
1 1
0 1
0 0
1 0
1 1
0 1
0 0
1 0
1 1
1 2
2 2
3 2
3 1
4 1
3 1
2 1
2 0
3 0
4 0
5 0
6 0
6 1
6 0
7 0
7 1
7 0
8 0
7 0
6 0
5 0
4 0
4 1
4 2
4 1
3 1
3 0
3 1
3 0
3 1
4 1
4 0
4 1
3 1
4 1
4 2
3 2
3 1
2 1
2 2
3 2
3 3
3 2
3 3
2 3
3 3
3 2
3 1
2 1
2 2
3 2
4 2
5 2
5 3
6 3
6 2
6 3
6 2
6 3
5 3
5 4
6 4
6 5
6 4
6 3
6 2
6 3
5 3
5 2
5 1
5 0
4 0
4 1
4 0
5 0
6 0
6 1
6 0
5 0
6 0
5 0
4 0
4 1
4 0
3 0
3 1
4 1
4 0
3 0
2 0
2 1
2 2
2 1
2 2
1 2
1 3
1 2
1 1
0 1
0 2
1 2
2 2
3 2
3 3
2 3
3 3
3 2
4 2
4 3
4 4
4 5
5 5
5 4
5 5
4 5
3 5
3 6
4 6
4 7
4 8
5 8
5 7
4 7
5 7
5 8
5 9
5 10
5 11
5 12
5 13
6 13
7 13
6 13
7 13
8 13
7 13
7 14
8 14
8 15
8 14
7 14
8 14
7 14
8 14
7 14
6 14
6 13
7 13
6 13
5 13
6 13
6 14
6 13
7 13
7 12
7 13
6 13
7 13
7 12
6 12
6 11
7 11
8 11
9 11
8 11
8 10
8 9
9 9
10 9
11 9
12 9
12 10
12 11
11 11
11 10
11 9
12 9
13 9
13 8
13 7
12 7
12 6
12 5
12 6
12 5
11 5
12 5
13 5
12 5
12 6
12 5
13 5
14 5
13 5
12 5
12 6
13 6
14 6
14 7
14 8
13 8
13 9
12 9
11 9
10 9
11 9
11 10
12 10
11 10
11 11
11 10
12 10
12 9
12 10
13 10
14 10
14 9
14 10
14 11
14 12
14 11
13 11
12 11
12 10
12 11
12 12
12 13
13 13
12 13
13 13
13 14
13 13
13 14
12 14
12 13
11 13
12 13
13 13
13 14
13 13
12 13
12 12
12 13
12 14
11 14
12 14
12 15
12 16
13 16
13 17
13 18
13 19
13 18
13 17
12 17
13 17
13 16
13 17
12 17
12 16
12 17
12 18
12 19
13 19
12 19
12 18
13 18
14 18
13 18
14 18
14 19
13 19
13 20
14 20
14 19
14 18
14 17
15 17
15 18
14 18
14 19
14 18
14 19
14 20
14 21
14 20
13 20
13 21
12 21
13 21
14 21
13 21
13 20
13 21
13 22
13 21
14 21
13 21
14 21
14 20
14 19
14 20
14 21
14 22
13 22
14 22
13 22
12 22
11 22
11 23
12 23
13 23
13 22
12 22
13 22
14 22
14 23
13 23
13 24
13 23
12 23
12 22
11 22
10 22
10 21
11 21
10 21
9 21
9 22
8 22
8 23
7 23
7 24
6 24
7 24
8 24
8 23
7 23
7 22
8 22
9 22
10 22
11 22
11 23
11 22
11 21
10 21
10 22
10 21
9 21
9 20
10 20
11 20
12 20
12 19
13 19
13 20
13 21
13 20
12 20
12 19
13 19
13 18
13 19
13 20
13 19
14 19
13 19
13 20
13 21
13 20
13 21
13 20
14 20
14 21
14 22
14 23
13 23
13 22
12 22
11 22
10 22
10 21
11 21
11 22
11 21
10 21
9 21
10 21
11 21
10 21
10 20
10 21
9 21
10 21
10 22
10 21
11 21
11 22
11 21
10 21
10 20
11 20
12 20
13 20
13 19
14 19
14 20
13 20
12 20
13 20
12 20
12 19
12 20
11 20
11 19
11 20
10 20
10 19
9 19
9 18
9 19
9 20
10 20
10 19
10 20
10 19
10 20
9 20
10 20
10 19
10 20
10 21
10 20
10 19
9 19
10 19
10 18
10 17
10 18
11 18
11 17
11 16
10 16
9 16
9 15
8 15
8 14
9 14
9 13
9 14
10 14
10 15
10 16
10 17
10 18
9 18
9 17
8 17
8 18
8 17
8 18
8 17
8 18
8 17
8 16
8 15
7 15
8 15
9 15
9 16
9 17
8 17
8 16
7 16
8 16
8 15
8 14
8 15
8 14
9 14
10 14
10 13
11 13
11 14
10 14
10 15
11 15
12 15
11 15
11 14
12 14
11 14
12 14
13 14
13 13
12 13
13 13
14 13
15 13
15 12
16 12
17 12
18 12
17 12
18 12
18 13
18 14
18 13
17 13
18 13
19 13
19 12
18 12
19 12
19 13
20 13
19 13
19 14
20 14
21 14
21 13
21 14
20 14
19 14
20 14
20 13
20 14
20 13
19 13
18 13
18 14
18 13
18 14
18 13
19 13
18 13
18 12
19 12
19 11
19 10
19 9
20 9
20 8
21 8
20 8
21 8
21 9
22 9
21 9
21 8
20 8
19 8
20 8
21 8
21 9
20 9
19 9
18 9
17 9
17 10
17 9
18 9
17 9
17 10
16 10
16 11
17 11
16 11
17 11
17 12
18 12
17 12
17 13
17 12
17 13
18 13
18 14
18 13
17 13
17 12
18 12
18 13
19 13
19 12
19 13
18 13
17 13
18 13
19 13
18 13
19 13
20 13
20 14
21 14
21 13
22 13
22 14
22 13
22 12
22 11
22 12
22 11
22 12
23 12
23 13
23 14
24 14
25 14
24 14
24 13
24 14
23 14
22 14
23 14
24 14
25 14
26 14
26 15
26 14
25 14
26 14
25 14
26 14
26 13
27 13
26 13
27 13
28 13
29 13
29 14
28 14
28 13
28 12
29 12
29 11
29 10
30 10
30 9
29 9
29 10
29 9
28 9
27 9
27 8
27 7
28 7
28 8
28 9
28 10
28 11
29 11
28 11
29 11
29 12
29 13
29 14
30 14
29 14
28 14
27 14
28 14
28 13
29 13
28 13
29 13
29 12
29 11
30 11
31 11
31 12
30 12
30 11
31 11
31 10
30 10
31 10
30 10
31 10
32 10
33 10
34 10
35 10
35 11
34 11
35 11
34 11
34 12
34 13
33 13
32 13
32 12
32 11
33 11
33 12
34 12
34 11
34 12
35 12
34 12
33 12
34 12
34 13
34 12
33 12
33 13
34 13
33 13
32 13
32 12
31 12
32 12
33 12
33 13
33 14
33 13
34 13
33 13
33 14
33 15
34 15
34 14
33 14
32 14
32 15
31 15
31 16
31 15
32 15
33 15
32 15
32 16
33 16
34 16
35 16
34 16
35 16
36 16
36 17
36 18
36 19
37 19
37 18
38 18
37 18
37 17
36 17
36 18
35 18
35 17
35 18
35 19
35 20
34 20
33 20
34 20
34 21
34 20
34 21
33 21
32 21
32 22
32 21
32 20
31 20
31 21
32 21
32 20
32 19
32 20
33 20
33 21
33 22
33 23
32 23
32 24
33 24
32 24
31 24
32 24
31 24
30 24
31 24
32 24
31 24
32 24
32 25
31 25
31 26
31 27
31 28
32 28
32 29
33 29
33 30
33 31
34 31
34 30
35 30
35 31
34 31
34 30
33 30
33 29
33 30
32 30
31 30
30 30
30 31
29 31
30 31
30 32
30 31
31 31
32 31
33 31
32 31
32 30
32 29
33 29
33 28
33 29
34 29
34 30
34 29
33 29
33 30
33 29
34 29
34 30
34 29
34 30
34 31
33 31
32 31
31 31
31 30
31 31
31 30
31 29
31 28
30 28
30 27
31 27
31 28
31 29
31 28
32 28
31 28
31 29
31 28
32 28
32 29
31 29
32 29
32 28
33 28
34 28
33 28
34 28
34 29
34 30
34 29
35 29
35 30
35 31
34 31
33 31
33 32
33 33
33 34
32 34
32 35
32 34
32 35
32 34
31 34
32 34
32 35
33 35
34 35
33 35
32 35
32 36
33 36
32 36
33 36
33 37
34 37
33 37
33 36
32 36
32 37
32 38
31 38
32 38
32 37
31 37
32 37
32 38
33 38
33 37
32 37
31 37
30 37
30 36
30 35
31 35
31 34
31 33
31 34
32 34
33 34
32 34
33 34
33 35
33 34
32 34
33 34
33 35
32 35
33 35
32 35
33 35
33 36
