0 0
1 0
1 1
1 2
1 1
2 1
2 2
1 2
1 1
1 0
2 0
3 0
4 0
3 0
3 1
3 2
2 2
3 2
2 2
2 3
2 2
2 1
2 0
2 1
2 2
2 3
2 4
3 4
3 5
4 5
4 6
5 6
5 7
5 6
4 6
4 7
4 8
4 7
5 7
4 7
4 8
4 9
4 8
5 8
5 9
4 9
4 10
4 9
5 9
4 9
5 9
5 8
5 9
5 8
5 7
6 7
6 8
6 7
7 7
6 7
6 8
6 7
5 7
5 8
5 7
5 6
4 6
4 5
4 4
3 4
2 4
1 4
1 5
0 5
1 5
0 5
1 5
1 6
2 6
3 6
2 6
2 7
3 7
2 7
2 8
1 8
1 7
1 6
1 7
1 8
1 7
0 7
0 8
0 9
0 8
0 7
1 7
1 8
1 7
1 8
2 8
2 9
1 9
2 9
2 10
2 11
2 10
2 9
3 9
3 10
2 10
3 10
4 10
3 10
3 9
3 10
2 10
3 10
3 11
3 10
3 11
3 12
3 13
3 12
4 12
5 12
5 13
6 13
7 13
8 13
8 14
9 14
9 13
9 14
8 14
9 14
10 14
9 14
8 14
8 15
8 16
9 16
9 15
9 14
10 14
10 13
10 14
11 14
11 15
11 14
12 14
12 15
13 15
13 16
13 17
12 17
13 17
13 16
14 16
13 16
13 17
14 17
14 16
14 15
14 14
13 14
14 14
13 14
12 14
13 14
13 13
12 13
11 13
11 12
11 13
12 13
12 12
12 13
12 14
11 14
10 14
10 15
10 16
10 17
10 18
9 18
8 18
8 19
7 19
7 20
6 20
7 20
8 20
7 20
8 20
8 21
9 21
9 20
8 20
9 20
9 19
9 20
10 20
11 20
11 19
11 18
10 18
11 18
11 17
12 17
12 16
13 16
14 16
15 16
15 15
14 15
14 16
14 15
15 15
15 16
14 16
13 16
13 15
13 16
12 16
11 16
11 15
10 15
11 15
10 15
9 15
10 15
10 14
11 14
11 13
12 13
11 13
11 12
10 12
9 12
10 12
10 11
9 11
9 12
8 12
8 11
9 11
9 12
10 12
11 12
11 11
11 12
11 11
11 12
11 11
12 11
12 12
11 12
10 12
9 12
9 13
9 12
8 12
8 11
8 10
8 9
9 9
10 9
10 10
10 11
10 10
11 10
10 10
9 10
10 10
9 10
9 11
9 10
10 10
10 9
11 9
12 9
12 10
12 11
11 11
10 11
9 11
9 12
8 12
8 13
8 14
8 13
7 13
7 12
6 12
6 13
5 13
6 13
7 13
6 13
7 13
7 12
7 13
6 13
5 13
6 13
7 13
7 14
8 14
7 14
7 15
6 15
7 15
8 15
7 15
6 15
7 15
8 15
8 14
8 13
7 13
8 13
8 12
8 13
8 14
7 14
7 13
6 13
7 13
7 14
7 15
6 15
6 16
7 16
7 15
7 14
7 15
8 15
9 15
10 15
9 15
8 15
8 16
9 16
10 16
10 15
11 15
11 16
11 17
12 17
12 18
12 19
13 19
12 19
12 20
12 19
13 19
14 19
14 20
15 20
16 20
16 19
16 20
16 21
16 22
16 23
17 23
16 23
15 23
14 23
15 23
16 23
16 24
17 24
18 24
18 25
19 25
19 26
18 26
19 26
18 26
18 27
18 26
18 25
18 26
18 27
18 26
18 27
19 27
19 28
20 28
20 29
19 29
18 29
17 29
17 28
16 28
15 28
16 28
17 28
17 27
18 27
18 26
17 26
16 26
16 27
16 28
17 28
18 28
19 28
19 27
20 27
19 27
19 28
18 28
18 29
17 29
17 28
17 27
16 27
15 27
15 26
15 27
15 26
15 27
15 26
16 26
16 27
16 26
16 27
15 27
14 27
14 26
13 26
14 26
14 27
14 28
14 27
14 28
15 28
14 28
14 27
13 27
12 27
13 27
13 28
13 29
13 30
14 30
14 31
14 30
13 30
13 29
12 29
12 28
11 28
11 29
12 29
11 29
11 30
11 29
12 29
11 29
10 29
10 28
11 28
10 28
10 29
10 30
10 31
10 30
11 30
12 30
12 31
12 32
13 32
14 32
14 31
15 31
14 31
14 30
14 31
14 30
15 30
14 30
15 30
16 30
16 29
15 29
15 28
16 28
15 28
16 28
17 28
17 29
16 29
17 29
17 28
16 28
16 29
16 28
17 28
17 29
18 29
19 29
19 28
18 28
18 29
18 30
19 30
19 29
20 29
19 29
19 30
18 30
18 31
17 31
17 32
17 31
18 31
17 31
18 31
18 30
17 30
18 30
17 30
17 31
18 31
18 32
17 32
17 31
18 31
19 31
18 31
18 30
19 30
20 30
21 30
20 30
20 29
20 30
20 29
19 29
20 29
21 29
21 28
21 27
20 27
20 28
20 27
20 28
21 28
20 28
19 28
19 27
20 27
21 27
21 26
22 26
21 26
21 25
20 25
19 25
18 25
17 25
17 26
17 25
18 25
18 24
17 24
17 23
16 23
15 23
15 22
16 22
16 21
15 21
16 21
15 21
15 22
15 21
14 21
14 22
14 23
15 23
15 22
16 22
16 21
17 21
18 21
18 22
19 22
18 22
19 22
18 22
19 22
18 22
18 23
18 22
19 22
19 23
20 23
21 23
21 24
21 23
21 24
21 25
22 25
21 25
21 24
22 24
21 24
20 24
20 23
19 23
18 23
19 23
18 23
18 24
19 24
19 23
19 24
20 24
20 23
19 23
19 24
20 24
21 24
21 25
21 24
21 23
22 23
22 24
23 24
22 24
23 24
24 24
25 24
25 23
24 23
24 24
24 25
24 24
25 24
25 25
24 25
24 24
24 25
24 26
25 26
25 25
25 24
26 24
25 24
25 23
24 23
23 23
22 23
22 24
22 23
22 24
22 23
22 24
21 24
20 24
20 25
19 25
18 25
19 25
19 24
19 25
19 24
19 25
20 25
19 25
19 24
19 25
19 24
20 24
19 24
18 24
18 25
18 24
18 23
18 24
19 24
19 25
19 24
19 25
19 26
19 25
20 25
21 25
21 26
21 27
21 28
21 29
22 29
23 29
22 29
21 29
21 28
21 27
21 26
20 26
21 26
22 26
21 26
22 26
22 27
21 27
22 27
22 28
21 28
22 28
23 28
23 29
23 28
23 27
24 27
24 26
23 26
23 27
24 27
25 27
26 27
26 26
26 27
27 27
28 27
28 28
29 28
30 28
30 27
31 27
30 27
30 26
31 26
32 26
32 25
31 25
31 24
32 24
32 23
31 23
31 22
31 21
32 21
33 21
32 21
32 22
32 21
32 22
32 23
33 23
32 23
32 24
32 23
33 23
33 22
33 23
34 23
34 24
34 23
33 23
34 23
34 22
34 23
35 23
36 23
35 23
35 22
35 23
35 24
36 24
35 24
36 24
36 23
36 22
37 22
37 21
37 22
36 22
35 22
36 22
36 21
35 21
35 20
34 20
34 19
33 19
33 20
33 21
34 21
35 21
34 21
35 21
35 22
34 22
34 23
33 23
33 22
32 22
32 23
31 23
32 23
32 24
31 24
30 24
29 24
29 23
29 24
29 25
29 26
29 27
29 26
29 25
30 25
29 25
30 25
30 24
30 25
30 24
29 24
29 23
30 23
30 24
30 25
30 26
30 27
30 28
30 29
30 28
30 27
31 27
32 27
32 28
32 29
32 30
32 29
33 29
33 28
33 29
32 29
32 28
32 27
31 27
32 27
32 28
33 28
33 27
33 26
33 25
33 26
33 25
33 24
33 25
33 24
32 24
33 24
33 25
33 24
34 24
35 24
35 25
34 25
34 26
35 26
35 27
35 26
34 26
35 26
34 26
34 25
33 25
32 25
32 26
32 27
32 28
33 28
34 28
35 28
36 28
35 28
34 28
35 28
35 27
34 27
33 27
32 27
31 27
30 27
30 28
29 28
30 28
29 28
29 27
29 26
29 27
29 28
30 28
30 29
30 28
29 28
29 29
29 30
28 30
29 30
29 31
30 31
31 31
32 31
32 32
32 31
32 30
32 31
33 31
33 30
33 31
32 31
32 32
31 32
32 32
32 33
31 33
32 33
33 33
32 33
33 33
32 33
33 33
32 33
33 33
33 34
33 35
33 36
34 36
34 37
34 38
34 39
34 38
33 38
33 37
34 37
35 37
35 36
35 35
35 34
35 33
35 32
36 32
36 31
36 32
36 33
35 33
36 33
36 32
37 32
36 32
37 32
38 32
37 32
37 33
38 33
37 33
37 34
36 34
36 33
35 33
35 34
35 35
35 36
35 37
35 38
35 39
35 38
36 38
36 39
37 39
36 39
36 40
36 41
36 40
37 40
36 40
35 40
34 40
35 40
35 39
35 38
34 38
35 38
36 38
36 37
37 37
37 36
36 36
35 36
34 36
34 37
