0 0
1 0
0 0
1 0
1 1
2 1
3 1
4 1
3 1
3 2
3 3
3 4
2 4
2 5
2 6
2 5
2 6
3 6
4 6
4 7
3 7
3 8
4 8
4 9
3 9
4 9
5 9
5 8
6 8
5 8
5 7
5 6
4 6
4 7
3 7
4 7
4 6
3 6
4 6
4 7
4 8
4 9
4 8
3 8
2 8
1 8
0 8
0 7
1 7
1 6
2 6
2 5
2 4
1 4
1 5
1 4
1 3
2 3
2 4
2 5
2 6
3 6
2 6
3 6
2 6
2 7
3 7
3 8
2 8
2 7
2 6
1 6
1 5
1 6
0 6
0 5
1 5
0 5
0 4
0 5
0 4
0 3
1 3
1 2
1 1
0 1
1 1
1 0
1 1
2 1
2 0
3 0
3 1
3 0
4 0
5 0
4 0
5 0
6 0
6 1
7 1
6 1
6 2
6 3
7 3
8 3
7 3
7 2
7 1
7 2
7 3
8 3
9 3
9 2
9 3
9 2
10 2
9 2
10 2
9 2
9 3
8 3
8 4
8 5
8 4
8 3
8 4
8 3
7 3
8 3
8 2
9 2
10 2
9 2
9 1
9 0
10 0
10 1
9 1
9 0
8 0
8 1
8 2
7 2
7 3
6 3
6 4
6 5
5 5
5 6
4 6
5 6
5 7
4 7
5 7
4 7
4 8
5 8
4 8
4 9
3 9
3 8
2 8
1 8
0 8
0 7
0 6
1 6
1 5
1 6
0 6
0 7
1 7
0 7
0 6
0 7
1 7
0 7
1 7
0 7
1 7
1 8
2 8
3 8
2 8
1 8
2 8
1 8
1 9
0 9
1 9
2 9
2 10
2 9
3 9
3 10
3 11
2 11
2 12
2 11
3 11
4 11
4 10
3 10
3 9
3 10
4 10
5 10
4 10
3 10
2 10
1 10
0 10
1 10
2 10
2 11
2 12
2 13
2 14
1 14
0 14
0 13
0 12
1 12
1 13
0 13
0 12
1 12
1 11
1 10
1 9
0 9
1 9
1 8
1 7
2 7
1 7
0 7
0 8
1 8
2 8
2 9
2 8
1 8
1 7
1 8
1 9
0 9
1 9
1 10
1 9
1 10
2 10
2 11
2 12
3 12
3 11
3 12
2 12
2 13
2 12
2 13
1 13
0 13
0 14
1 14
0 14
0 13
1 13
1 12
2 12
2 13
2 12
1 12
1 13
0 13
1 13
2 13
1 13
0 13
0 12
0 11
1 11
1 12
0 12
0 11
1 11
1 10
1 9
0 9
0 8
0 7
0 6
1 6
0 6
1 6
1 7
1 8
1 7
0 7
0 6
1 6
1 5
0 5
0 4
0 3
1 3
1 4
1 5
0 5
1 5
2 5
3 5
2 5
3 5
3 6
4 6
4 7
3 7
2 7
2 6
2 5
2 4
2 5
3 5
2 5
2 4
1 4
0 4
0 5
0 6
0 5
0 6
0 7
1 7
0 7
0 6
1 6
1 5
1 4
1 3
1 2
1 3
2 3
2 4
2 5
3 5
2 5
1 5
0 5
1 5
1 4
1 5
1 6
0 6
0 7
1 7
1 6
2 6
1 6
2 6
2 7
3 7
2 7
2 6
2 7
3 7
4 7
4 6
4 7
4 8
3 8
4 8
3 8
2 8
3 8
3 7
3 8
3 9
3 10
3 9
4 9
5 9
5 10
5 11
5 12
6 12
6 11
7 11
8 11
8 10
8 11
7 11
7 10
8 10
9 10
8 10
7 10
8 10
7 10
7 11
8 11
8 10
8 9
7 9
6 9
7 9
6 9
6 10
5 10
5 11
4 11
5 11
4 11
4 10
4 9
4 8
4 9
5 9
6 9
6 8
7 8
6 8
7 8
7 7
7 6
7 5
7 6
8 6
7 6
7 5
7 4
7 5
6 5
7 5
7 4
6 4
7 4
7 5
7 4
6 4
6 3
7 3
7 4
8 4
7 4
8 4
8 5
8 4
7 4
8 4
8 5
8 4
8 3
7 3
7 2
7 3
7 4
7 3
6 3
7 3
7 4
8 4
9 4
8 4
7 4
7 5
7 4
7 3
6 3
6 4
6 5
7 5
7 4
6 4
7 4
6 4
6 5
7 5
7 4
7 3
7 2
8 2
9 2
9 1
8 1
7 1
8 1
7 1
6 1
6 0
6 1
6 0
7 0
8 0
8 1
8 2
8 1
8 2
7 2
7 1
6 1
6 0
6 1
7 1
6 1
7 1
7 2
6 2
6 3
7 3
7 4
6 4
6 3
5 3
6 3
6 4
7 4
8 4
7 4
8 4
8 3
9 3
9 4
10 4
11 4
12 4
12 5
12 6
13 6
13 5
14 5
14 4
14 3
15 3
15 2
16 2
15 2
15 1
14 1
14 2
14 1
14 0
14 1
15 1
16 1
16 0
17 0
16 0
17 0
17 1
16 1
16 0
16 1
17 1
17 0
18 0
18 1
17 1
16 1
16 0
16 1
17 1
17 2
16 2
16 3
17 3
17 2
16 2
15 2
15 1
14 1
15 1
14 1
13 1
14 1
15 1
16 1
17 1
16 1
16 0
17 0
17 1
17 0
16 0
15 0
14 0
13 0
13 1
13 2
14 2
14 1
14 0
14 1
14 2
13 2
12 2
13 2
14 2
15 2
16 2
16 1
17 1
17 0
16 0
16 1
17 1
17 2
18 2
18 1
18 0
17 0
17 1
17 0
16 0
15 0
15 1
15 0
14 0
14 1
14 2
13 2
14 2
14 1
14 0
15 0
14 0
14 1
15 1
16 1
15 1
16 1
17 1
16 1
15 1
15 0
15 1
15 2
16 2
17 2
16 2
16 3
16 4
17 4
16 4
16 5
15 5
15 4
14 4
14 5
14 4
14 5
15 5
16 5
17 5
17 6
17 7
16 7
16 8
16 9
15 9
15 10
14 10
14 11
15 11
16 11
17 11
18 11
17 11
18 11
19 11
19 10
18 10
19 10
20 10
21 10
20 10
20 11
20 12
20 13
20 14
21 14
21 13
20 13
19 13
19 12
20 12
20 11
20 10
20 9
19 9
19 10
19 9
19 8
20 8
21 8
22 8
23 8
22 8
21 8
20 8
20 9
20 8
21 8
22 8
22 9
23 9
23 8
23 7
23 8
23 7
24 7
24 6
25 6
25 7
25 8
26 8
27 8
28 8
28 7
28 6
27 6
27 5
27 6
28 6
29 6
28 6
28 5
27 5
28 5
29 5
29 4
29 3
29 2
29 1
29 0
29 1
30 1
31 1
31 2
32 2
31 2
31 1
30 1
30 0
30 1
31 1
32 1
33 1
34 1
33 1
34 1
34 2
34 3
35 3
34 3
33 3
33 2
34 2
35 2
35 3
35 2
34 2
34 3
35 3
35 2
36 2
36 1
37 1
38 1
37 1
37 2
36 2
36 3
36 4
36 5
35 5
34 5
34 4
34 3
34 2
33 2
33 3
34 3
33 3
34 3
34 4
33 4
32 4
33 4
34 4
35 4
35 5
35 4
35 3
36 3
36 2
36 1
37 1
38 1
38 0
37 0
37 1
37 0
36 0
37 0
38 0
38 1
38 0
38 1
39 1
38 1
38 2
39 2
39 1
39 0
39 1
39 0
40 0
40 1
39 1
39 2
38 2
38 1
39 1
38 1
39 1
38 1
38 2
39 2
39 3
38 3
38 4
38 3
39 3
39 4
38 4
38 3
37 3
38 3
38 4
37 4
37 3
37 2
38 2
37 2
36 2
36 3
36 2
37 2
37 1
37 2
36 2
36 3
36 4
35 4
36 4
35 4
35 3
35 4
34 4
34 5
34 4
33 4
32 4
31 4
32 4
33 4
34 4
33 4
33 5
34 5
34 6
34 7
35 7
36 7
35 7
35 8
35 9
35 10
34 10
34 9
35 9
35 8
34 8
35 8
35 7
35 8
35 9
34 9
34 8
34 7
33 7
32 7
32 8
31 8
30 8
30 7
30 8
30 9
29 9
28 9
27 9
27 8
27 9
27 10
27 9
27 10
27 9
28 9
28 8
29 8
28 8
28 9
28 10
27 10
26 10
26 9
26 8
25 8
25 7
24 7
24 8
24 7
25 7
25 8
25 9
24 9
25 9
25 10
25 9
25 8
25 7
25 8
25 7
24 7
24 6
25 6
26 6
27 6
26 6
27 6
28 6
29 6
29 5
30 5
29 5
30 5
31 5
31 6
31 5
31 4
31 3
31 2
32 2
31 2
32 2
33 2
33 3
33 4
33 3
33 2
32 2
33 2
33 3
33 4
32 4
33 4
33 3
34 3
35 3
35 4
35 5
34 5
35 5
35 4
34 4
34 5
34 6
33 6
32 6
33 6
33 5
34 5
34 6
35 6
35 7
34 7
34 6
35 6
36 6
36 7
35 7
34 7
34 6
34 5
35 5
35 4
34 4
35 4
