0 0
1 0
1 1
2 1
1 1
2 1
1 1
2 1
3 1
3 2
2 2
2 1
2 2
1 2
1 3
1 2
1 3
0 3
0 4
1 4
1 3
0 3
1 3
1 4
2 4
1 4
2 4
3 4
3 5
2 5
1 5
0 5
1 5
1 4
1 3
1 4
1 5
1 4
1 3
1 4
0 4
1 4
1 5
1 6
1 7
1 6
1 7
1 6
1 5
1 6
1 5
2 5
2 6
2 5
3 5
3 6
3 5
3 4
2 4
3 4
4 4
5 4
5 5
5 6
5 5
6 5
6 6
6 5
5 5
6 5
5 5
5 4
5 5
5 4
5 5
5 4
4 4
4 3
4 4
4 3
4 4
3 4
2 4
3 4
2 4
2 3
2 2
2 1
2 2
3 2
2 2
3 2
2 2
3 2
3 1
3 0
3 1
4 1
4 0
4 1
4 0
5 0
4 0
5 0
4 0
4 1
4 2
4 1
4 2
4 3
3 3
3 4
2 4
2 5
2 4
2 3
1 3
1 4
1 5
1 4
0 4
0 3
0 4
0 3
1 3
1 4
1 5
0 5
1 5
1 6
2 6
2 5
2 4
1 4
2 4
3 4
3 3
4 3
4 2
4 1
5 1
5 2
5 1
6 1
6 2
7 2
7 3
8 3
7 3
7 4
8 4
7 4
8 4
7 4
7 5
7 4
7 3
7 4
7 3
7 4
6 4
7 4
7 5
8 5
7 5
7 6
7 5
7 4
8 4
7 4
7 5
7 4
7 3
7 2
6 2
7 2
7 3
6 3
6 2
6 3
6 4
7 4
7 3
8 3
8 4
8 3
8 2
7 2
7 3
8 3
8 4
9 4
9 5
8 5
7 5
7 4
6 4
7 4
8 4
7 4
7 5
8 5
9 5
8 5
8 6
8 7
8 8
8 9
8 10
9 10
9 11
8 11
7 11
7 12
7 13
7 12
7 11
6 11
5 11
5 10
5 9
6 9
6 10
6 11
7 11
7 10
8 10
7 10
8 10
9 10
9 9
9 10
10 10
9 10
9 9
10 9
10 8
11 8
11 9
10 9
9 9
10 9
9 9
8 9
8 10
8 9
8 8
7 8
7 7
7 8
7 7
8 7
7 7
7 6
7 7
8 7
8 6
8 5
8 6
7 6
8 6
8 5
8 6
9 6
9 5
10 5
10 6
9 6
8 6
8 7
7 7
7 8
7 9
6 9
6 8
6 7
5 7
4 7
4 6
5 6
5 7
6 7
6 8
7 8
7 7
6 7
6 8
7 8
6 8
6 7
7 7
6 7
6 8
6 9
6 10
7 10
6 10
7 10
6 10
6 11
7 11
7 10
7 11
7 10
6 10
6 11
5 11
5 10
4 10
3 10
2 10
2 11
3 11
4 11
3 11
4 11
4 10
3 10
3 11
3 10
4 10
4 11
4 12
4 13
3 13
3 12
3 11
3 10
3 11
3 10
3 11
3 12
4 12
4 13
4 12
3 12
3 13
2 13
2 12
1 12
0 12
1 12
1 11
1 10
2 10
1 10
0 10
1 10
1 11
0 11
0 10
0 11
1 11
2 11
2 10
2 11
3 11
4 11
4 12
3 12
2 12
1 12
0 12
1 12
1 11
1 12
0 12
0 11
1 11
1 10
2 10
2 9
3 9
3 8
3 9
4 9
5 9
5 8
6 8
6 9
7 9
6 9
6 8
6 7
6 6
6 7
7 7
7 8
8 8
7 8
7 7
7 8
7 9
6 9
6 10
6 11
6 10
6 9
6 8
5 8
5 7
4 7
3 7
3 6
3 5
2 5
2 6
1 6
1 7
1 6
1 7
1 8
1 9
0 9
1 9
0 9
1 9
2 9
1 9
1 10
0 10
0 9
1 9
2 9
2 10
1 10
2 10
3 10
4 10
4 9
3 9
3 8
3 7
3 6
2 6
3 6
4 6
5 6
5 7
5 8
5 9
6 9
5 9
5 8
5 7
5 6
6 6
6 5
5 5
6 5
6 4
5 4
6 4
6 5
6 6
6 7
6 8
6 9
5 9
4 9
4 10
4 11
4 12
4 11
4 12
4 13
5 13
6 13
5 13
4 13
3 13
3 12
3 11
3 12
4 12
4 13
3 13
3 12
4 12
4 11
5 11
5 10
6 10
6 11
6 10
6 11
5 11
4 11
4 12
4 11
3 11
4 11
5 11
4 11
5 11
5 12
5 11
6 11
6 12
6 11
6 10
7 10
7 11
7 12
6 12
7 12
7 11
7 10
7 9
7 8
8 8
9 8
10 8
9 8
9 9
9 8
9 7
10 7
9 7
9 6
9 7
9 6
10 6
9 6
10 6
11 6
11 7
12 7
12 8
12 9
13 9
13 10
12 10
12 9
12 8
11 8
10 8
10 9
9 9
8 9
9 9
8 9
8 8
8 7
7 7
7 8
7 7
8 7
8 6
8 7
8 6
8 5
9 5
9 4
9 5
8 5
7 5
7 4
8 4
9 4
10 4
11 4
11 5
11 6
11 5
10 5
10 6
11 6
11 5
10 5
9 5
8 5
8 4
8 5
8 4
9 4
8 4
7 4
7 5
7 6
7 5
8 5
9 5
9 4
9 5
10 5
10 4
11 4
11 3
11 4
11 5
12 5
13 5
14 5
14 4
14 5
14 4
13 4
12 4
12 3
12 2
13 2
13 3
12 3
13 3
12 3
13 3
13 2
12 2
11 2
11 3
12 3
13 3
13 4
14 4
14 5
15 5
16 5
16 4
16 5
16 4
16 5
16 6
15 6
14 6
15 6
15 5
15 6
14 6
13 6
13 7
13 6
12 6
12 7
13 7
14 7
14 8
14 9
13 9
14 9
13 9
12 9
11 9
12 9
11 9
10 9
10 8
10 9
10 8
9 8
9 9
10 9
9 9
9 8
8 8
7 8
7 7
8 7
9 7
9 6
9 7
9 6
10 6
11 6
11 7
12 7
12 8
11 8
10 8
10 7
11 7
12 7
12 6
12 7
12 8
12 7
13 7
13 8
13 7
14 7
14 8
15 8
15 9
14 9
15 9
14 9
13 9
12 9
12 8
12 7
12 6
12 7
12 6
11 6
10 6
11 6
11 5
12 5
12 4
13 4
14 4
14 5
13 5
13 4
13 3
12 3
13 3
12 3
12 4
12 3
12 4
12 5
12 6
12 7
12 6
12 5
13 5
14 5
15 5
15 4
15 3
16 3
17 3
17 4
18 4
18 3
19 3
20 3
20 2
20 1
20 2
21 2
20 2
21 2
22 2
23 2
24 2
25 2
25 3
24 3
24 4
24 3
25 3
25 4
24 4
24 5
23 5
23 4
24 4
24 5
25 5
25 6
24 6
23 6
23 7
23 6
23 7
23 6
23 7
24 7
24 8
23 8
22 8
23 8
24 8
25 8
25 9
25 10
25 11
25 10
25 11
25 10
24 10
23 10
22 10
23 10
24 10
23 10
22 10
22 9
23 9
23 10
22 10
23 10
24 10
24 9
23 9
24 9
24 8
24 9
25 9
24 9
23 9
24 9
24 8
25 8
24 8
25 8
26 8
27 8
26 8
26 7
25 7
24 7
24 6
24 7
23 7
23 6
23 7
23 6
23 5
22 5
23 5
24 5
23 5
22 5
21 5
20 5
21 5
22 5
23 5
24 5
25 5
25 4
24 4
24 3
25 3
26 3
27 3
27 4
28 4
29 4
28 4
28 3
28 4
28 3
29 3
29 2
30 2
30 1
30 2
30 1
29 1
29 2
30 2
30 3
30 2
30 1
30 2
31 2
31 1
32 1
33 1
34 1
34 2
35 2
36 2
36 3
37 3
38 3
38 2
37 2
37 3
37 2
38 2
38 1
38 0
38 1
39 1
38 1
37 1
37 0
36 0
37 0
36 0
36 1
35 1
35 2
34 2
33 2
34 2
33 2
33 3
32 3
32 2
32 1
32 0
32 1
32 2
33 2
33 3
33 2
32 2
33 2
33 1
34 1
33 1
33 2
34 2
34 1
34 2
34 3
34 4
33 4
33 3
33 2
32 2
33 2
32 2
32 3
32 4
32 3
31 3
32 3
32 2
33 2
33 1
33 0
32 0
31 0
31 1
31 2
30 2
30 3
30 4
31 4
31 3
31 2
30 2
30 3
29 3
29 2
29 3
29 2
30 2
30 1
30 2
31 2
31 3
31 4
31 3
31 2
31 1
30 1
29 1
29 2
29 3
29 4
29 5
29 6
30 6
31 6
32 6
33 6
33 5
32 5
32 4
32 3
33 3
33 2
33 3
33 4
34 4
33 4
33 3
34 3
34 2
33 2
33 1
32 1
32 0
33 0
33 1
33 0
33 1
33 2
33 1
33 0
33 1
33 2
33 1
32 1
32 0
32 1
33 1
33 0
34 0
35 0
36 0
35 0
34 0
33 0
33 1
33 0
33 1
33 0
33 1
33 0
32 0
32 1
