0 0
0 1
1 1
2 1
2 0
1 0
1 1
2 1
1 1
2 1
1 1
0 1
0 2
1 2
1 3
2 3
2 4
2 3
2 2
2 3
1 3
1 2
1 3
0 3
1 3
1 4
1 5
2 5
1 5
0 5
1 5
2 5
1 5
1 6
0 6
1 6
0 6
0 7
0 8
0 7
0 6
1 6
2 6
2 7
1 7
0 7
0 8
1 8
1 7
1 8
0 8
0 7
0 8
0 9
0 10
1 10
2 10
1 10
1 11
1 10
2 10
3 10
3 9
4 9
4 8
4 9
4 8
5 8
4 8
5 8
5 7
5 8
6 8
5 8
6 8
6 9
6 8
6 7
7 7
6 7
6 6
5 6
4 6
5 6
5 5
5 4
6 4
5 4
4 4
3 4
4 4
3 4
2 4
2 3
2 2
1 2
2 2
2 1
3 1
4 1
3 1
2 1
2 0
3 0
3 1
3 0
3 1
3 2
3 3
4 3
4 4
4 5
4 4
3 4
3 5
3 6
3 5
2 5
2 6
3 6
3 7
4 7
4 6
4 7
3 7
3 8
3 7
4 7
4 6
5 6
4 6
5 6
4 6
4 7
4 6
4 5
5 5
5 6
4 6
3 6
3 7
3 8
2 8
1 8
1 7
0 7
0 6
1 6
1 5
2 5
3 5
3 6
3 7
4 7
5 7
5 6
6 6
6 5
7 5
8 5
8 6
7 6
8 6
7 6
6 6
6 7
6 6
5 6
5 7
5 6
6 6
6 5
6 4
5 4
4 4
4 5
4 4
5 4
5 3
6 3
5 3
6 3
7 3
6 3
7 3
8 3
8 2
8 3
9 3
9 4
9 5
9 6
9 7
9 6
8 6
8 5
7 5
7 6
6 6
5 6
5 7
5 8
6 8
5 8
6 8
6 9
5 9
4 9
4 10
4 9
3 9
2 9
2 10
3 10
3 11
3 12
3 11
4 11
5 11
4 11
5 11
4 11
5 11
4 11
4 12
4 11
4 12
5 12
4 12
4 13
4 14
5 14
6 14
5 14
4 14
4 15
4 14
4 13
4 12
4 13
4 14
3 14
4 14
4 15
4 16
4 15
4 14
5 14
5 13
5 12
5 11
4 11
4 10
4 11
4 10
4 9
5 9
5 10
6 10
6 11
6 12
5 12
5 13
5 12
5 11
5 10
4 10
4 11
4 10
4 11
4 10
5 10
4 10
3 10
3 9
3 8
4 8
3 8
3 9
3 8
3 9
2 9
2 8
3 8
3 7
4 7
4 6
3 6
4 6
4 5
4 6
5 6
4 6
4 7
4 6
4 7
3 7
2 7
2 6
2 5
1 5
0 5
0 6
0 7
1 7
2 7
2 6
2 5
2 6
3 6
3 5
3 6
4 6
5 6
4 6
4 7
4 8
3 8
2 8
2 9
3 9
3 10
4 10
4 9
4 10
3 10
2 10
3 10
4 10
3 10
4 10
4 9
3 9
4 9
4 8
4 9
4 10
4 9
4 10
4 11
4 12
4 11
4 10
4 11
4 12
4 11
3 11
4 11
4 10
4 9
4 10
4 11
4 12
3 12
3 13
2 13
2 14
2 15
2 16
3 16
3 17
2 17
2 18
1 18
2 18
1 18
0 18
1 18
0 18
1 18
1 19
1 18
0 18
1 18
1 19
1 18
1 19
1 18
1 19
1 18
0 18
0 19
1 19
2 19
2 18
2 19
2 18
2 19
2 20
3 20
2 20
3 20
2 20
2 21
2 22
3 22
2 22
3 22
4 22
4 23
5 23
5 24
5 23
5 24
4 24
4 23
3 23
2 23
1 23
1 22
0 22
1 22
1 23
1 24
1 23
1 24
0 24
0 25
1 25
0 25
1 25
1 24
2 24
2 23
2 24
2 23
3 23
3 24
4 24
4 25
5 25
6 25
5 25
4 25
3 25
3 26
4 26
4 27
3 27
3 26
3 25
2 25
2 26
2 25
2 24
2 25
2 24
2 23
3 23
2 23
3 23
2 23
1 23
2 23
3 23
4 23
5 23
6 23
7 23
6 23
6 22
6 21
6 20
7 20
6 20
6 21
6 22
6 21
6 20
6 21
7 21
7 22
8 22
8 23
8 22
7 22
7 23
7 22
8 22
8 23
8 24
9 24
8 24
8 25
8 24
7 24
6 24
7 24
7 25
7 26
8 26
8 27
8 26
8 27
9 27
9 26
9 25
10 25
10 26
10 25
10 26
11 26
10 26
10 27
11 27
12 27
11 27
11 26
11 25
12 25
12 24
11 24
11 25
10 25
10 26
10 25
10 24
11 24
10 24
11 24
11 23
12 23
12 22
12 21
13 21
14 21
15 21
16 21
16 20
16 21
16 20
15 20
16 20
16 19
16 18
17 18
17 19
17 20
17 21
17 22
17 21
16 21
16 20
16 21
17 21
17 22
17 23
17 22
16 22
17 22
18 22
18 23
18 22
19 22
19 21
18 21
18 20
17 20
18 20
18 19
18 18
17 18
17 19
16 19
16 18
16 19
16 18
17 18
18 18
17 18
17 17
18 17
18 18
17 18
16 18
16 17
16 16
17 16
17 15
17 14
16 14
17 14
17 15
16 15
16 16
16 17
15 17
15 18
14 18
14 17
15 17
15 18
16 18
16 17
16 16
15 16
16 16
17 16
17 17
17 16
16 16
15 16
15 15
15 14
15 13
15 12
15 11
16 11
15 11
14 11
14 10
14 11
14 12
15 12
15 11
16 11
17 11
16 11
15 11
16 11
16 10
17 10
18 10
18 9
17 9
16 9
17 9
18 9
17 9
17 8
16 8
15 8
16 8
17 8
17 9
17 10
17 11
16 11
16 10
16 11
16 10
16 11
15 11
14 11
14 12
14 13
15 13
14 13
14 12
15 12
14 12
13 12
12 12
11 12
11 13
10 13
10 14
9 14
10 14
10 15
11 15
10 15
11 15
11 14
10 14
10 15
11 15
11 14
11 13
10 13
11 13
11 14
10 14
11 14
11 13
10 13
9 13
9 14
8 14
7 14
8 14
7 14
6 14
5 14
6 14
6 13
7 13
8 13
9 13
10 13
10 12
11 12
10 12
10 11
9 11
8 11
8 12
8 13
7 13
6 13
7 13
7 14
7 15
7 14
7 15
7 14
7 13
7 12
7 13
8 13
7 13
7 12
7 13
6 13
7 13
7 14
7 15
8 15
7 15
8 15
7 15
7 16
8 16
9 16
9 17
9 16
9 15
9 14
9 13
10 13
9 13
9 14
8 14
8 15
9 15
10 15
11 15
12 15
11 15
12 15
12 16
13 16
14 16
13 16
14 16
14 15
15 15
14 15
14 14
14 13
14 14
15 14
15 13
15 14
16 14
15 14
15 13
15 12
15 11
16 11
16 12
16 11
17 11
16 11
16 12
17 12
17 11
17 12
17 13
17 14
17 15
17 16
17 17
17 16
17 17
17 18
16 18
15 18
15 17
15 18
15 17
16 17
16 18
16 19
16 20
17 20
16 20
17 20
17 21
16 21
17 21
17 20
16 20
16 19
15 19
14 19
13 19
12 19
11 19
10 19
9 19
8 19
9 19
9 20
8 20
8 19
7 19
7 18
7 17
7 18
7 19
6 19
7 19
7 18
7 17
7 18
7 19
6 19
6 18
7 18
8 18
7 18
8 18
8 19
9 19
10 19
10 20
11 20
12 20
13 20
13 19
13 20
13 21
14 21
14 22
14 23
14 22
14 23
14 22
15 22
16 22
15 22
14 22
13 22
14 22
13 22
13 21
13 22
13 23
12 23
12 22
11 22
10 22
10 23
11 23
11 24
12 24
12 23
11 23
11 22
11 23
11 22
10 22
11 22
11 23
11 22
11 21
11 20
11 19
11 20
11 21
11 22
12 22
13 22
12 22
13 22
12 22
13 22
12 22
13 22
13 23
13 24
12 24
12 23
11 23
11 24
11 25
12 25
13 25
13 26
13 27
13 28
14 28
14 29
14 28
13 28
13 29
14 29
15 29
15 28
14 28
15 28
16 28
16 27
17 27
18 27
18 28
19 28
19 27
20 27
19 27
18 27
18 26
17 26
17 25
17 24
18 24
18 25
18 26
17 26
16 26
17 26
17 27
17 26
16 26
17 26
17 27
17 28
18 28
18 29
17 29
17 28
17 29
17 30
17 29
16 29
17 29
17 28
17 27
17 28
17 27
16 27
15 27
15 26
16 26
17 26
17 25
16 25
16 24
17 24
17 23
17 22
16 22
16 21
16 20
16 19
16 18
16 19
16 20
16 21
16 22
16 21
16 22
17 22
17 23
16 23
16 24
16 23
15 23
15 22
16 22
16 21
16 20
15 20
14 20
15 20
15 19
15 18
15 19
16 19
16 18
16 19
17 19
17 18
17 17
18 17
17 17
17 16
18 16
17 16
17 17
17 18
18 18
18 17
17 17
16 17
16 16
16 17
15 17
16 17
