0 0
1 0
2 0
1 0
0 0
1 0
1 1
1 0
0 0
1 0
2 0
2 1
2 0
2 1
1 1
0 1
1 1
2 1
2 0
1 0
2 0
3 0
3 1
2 1
2 2
1 2
1 1
2 1
3 1
2 1
3 1
2 1
1 1
0 1
0 0
0 1
0 2
0 1
0 0
0 1
1 1
1 0
1 1
1 0
2 0
1 0
2 0
2 1
3 1
3 2
3 1
4 1
3 1
3 0
2 0
2 1
2 2
2 3
3 3
2 3
2 4
2 3
2 2
2 3
3 3
2 3
1 3
1 2
0 2
1 2
1 1
1 2
0 2
0 3
1 3
1 2
1 3
1 4
2 4
1 4
2 4
1 4
0 4
0 3
0 4
0 3
1 3
2 3
3 3
3 4
3 3
2 3
2 4
1 4
1 5
0 5
0 6
1 6
1 7
0 7
1 7
1 8
2 8
1 8
0 8
0 9
1 9
1 8
1 9
2 9
2 8
2 9
1 9
1 8
0 8
0 7
0 8
0 7
0 8
0 9
1 9
1 10
1 11
0 11
1 11
1 10
1 9
1 10
1 9
1 8
0 8
1 8
2 8
2 9
2 10
3 10
4 10
5 10
6 10
5 10
5 11
6 11
6 12
5 12
5 11
6 11
7 11
7 12
7 13
7 12
7 13
6 13
5 13
5 14
5 13
5 12
5 13
6 13
7 13
7 12
7 11
7 10
6 10
7 10
7 9
7 8
7 7
7 8
7 9
8 9
7 9
8 9
9 9
10 9
9 9
8 9
8 8
7 8
8 8
7 8
6 8
7 8
7 7
6 7
7 7
7 6
7 5
7 4
8 4
7 4
7 3
7 2
7 3
7 4
8 4
8 5
9 5
10 5
9 5
8 5
7 5
7 4
6 4
5 4
5 3
5 4
4 4
3 4
3 5
3 4
4 4
4 5
3 5
3 4
3 3
2 3
1 3
1 4
1 3
1 4
1 3
1 2
1 1
2 1
2 2
2 3
3 3
3 4
2 4
2 5
3 5
3 4
2 4
2 5
1 5
0 5
1 5
0 5
0 4
1 4
0 4
1 4
2 4
1 4
0 4
1 4
0 4
1 4
1 5
1 6
1 7
2 7
2 8
1 8
0 8
1 8
1 9
0 9
0 8
0 7
1 7
1 8
2 8
2 9
2 10
3 10
3 11
2 11
2 12
2 11
3 11
2 11
1 11
1 12
1 11
1 10
1 11
0 11
1 11
1 12
2 12
2 11
2 10
3 10
3 11
2 11
2 12
3 12
4 12
4 11
5 11
5 12
5 11
6 11
6 10
5 10
5 9
5 8
4 8
4 7
4 8
5 8
5 7
6 7
6 6
7 6
8 6
7 6
6 6
5 6
4 6
4 5
3 5
3 6
3 7
3 6
2 6
2 5
2 4
2 3
2 2
2 3
2 4
2 3
3 3
3 2
2 2
3 2
3 1
3 0
4 0
4 1
4 2
5 2
5 1
6 1
6 0
6 1
7 1
8 1
8 0
8 1
9 1
9 0
9 1
8 1
7 1
8 1
8 2
9 2
8 2
8 1
8 2
8 1
7 1
7 0
7 1
7 2
6 2
7 2
8 2
8 3
9 3
8 3
9 3
9 2
9 3
9 2
9 1
9 0
9 1
9 2
9 1
9 2
8 2
7 2
8 2
9 2
9 1
10 1
9 1
9 2
10 2
10 3
11 3
12 3
13 3
13 4
13 3
12 3
12 2
12 3
12 2
12 3
12 2
12 1
12 0
12 1
12 2
11 2
11 1
11 0
12 0
12 1
11 1
11 0
11 1
11 0
11 1
11 0
12 0
12 1
11 1
10 1
9 1
8 1
9 1
10 1
10 2
10 1
11 1
12 1
11 1
11 0
10 0
10 1
9 1
8 1
7 1
7 0
6 0
7 0
6 0
7 0
6 0
7 0
8 0
7 0
6 0
5 0
5 1
5 2
5 3
6 3
5 3
4 3
4 4
5 4
5 3
4 3
3 3
3 2
4 2
4 3
3 3
3 4
4 4
3 4
4 4
4 5
4 6
4 7
3 7
2 7
1 7
0 7
0 8
1 8
1 7
0 7
1 7
0 7
1 7
1 6
0 6
1 6
0 6
0 5
0 6
0 7
0 6
0 5
1 5
0 5
0 6
1 6
1 7
2 7
2 8
1 8
0 8
1 8
2 8
1 8
2 8
3 8
3 7
3 6
3 7
3 8
3 7
3 8
4 8
4 9
3 9
3 10
2 10
1 10
1 11
1 12
2 12
3 12
3 13
3 14
3 13
4 13
3 13
2 13
3 13
3 12
2 12
2 13
1 13
1 14
1 15
0 15
0 14
1 14
2 14
3 14
4 14
5 14
5 15
5 14
6 14
7 14
7 15
6 15
6 16
6 17
6 18
6 17
5 17
6 17
6 18
6 17
6 18
5 18
5 19
5 18
5 19
5 20
5 21
5 20
6 20
5 20
5 19
5 20
5 21
6 21
6 20
7 20
7 21
7 20
7 21
7 20
8 20
8 21
8 22
9 22
8 22
7 22
8 22
9 22
8 22
8 23
8 22
8 21
8 20
7 20
7 21
7 22
8 22
8 23
8 22
8 21
8 22
9 22
10 22
11 22
10 22
11 22
10 22
10 21
10 22
10 23
10 24
10 23
11 23
10 23
9 23
10 23
10 22
9 22
8 22
8 21
7 21
6 21
7 21
7 22
8 22
9 22
10 22
9 22
10 22
10 23
10 22
10 21
10 22
10 23
11 23
12 23
11 23
10 23
9 23
9 22
9 21
10 21
10 22
9 22
9 21
9 22
10 22
10 21
10 20
10 21
11 21
11 22
11 23
10 23
11 23
12 23
13 23
13 24
13 23
14 23
14 22
14 23
14 24
14 25
14 26
14 27
13 27
13 26
13 27
13 28
12 28
13 28
12 28
13 28
13 29
14 29
15 29
15 30
16 30
17 30
18 30
18 31
19 31
18 31
18 32
18 31
18 32
19 32
18 32
17 32
18 32
18 33
19 33
20 33
20 34
21 34
20 34
20 35
19 35
19 34
18 34
18 33
18 34
19 34
19 35
20 35
21 35
20 35
19 35
18 35
17 35
17 34
16 34
17 34
17 33
17 34
17 35
17 36
17 35
16 35
17 35
17 36
16 36
16 35
15 35
16 35
16 34
16 33
17 33
16 33
17 33
17 34
17 35
17 36
17 35
16 35
16 34
17 34
17 33
17 32
17 31
16 31
16 30
15 30
14 30
13 30
14 30
14 29
15 29
16 29
17 29
16 29
16 28
16 29
17 29
16 29
17 29
17 30
17 31
16 31
16 32
16 33
16 32
16 33
16 34
17 34
17 33
17 34
18 34
18 33
17 33
17 32
17 31
17 30
17 29
17 30
17 29
18 29
19 29
18 29
18 28
18 29
19 29
19 30
19 29
19 30
20 30
19 30
19 29
19 30
19 31
19 32
18 32
18 33
18 34
19 34
20 34
19 34
20 34
20 33
20 34
21 34
21 33
21 32
21 33
22 33
22 32
21 32
21 31
21 30
21 29
20 29
20 28
19 28
18 28
18 29
18 28
18 29
18 30
17 30
17 29
18 29
17 29
18 29
18 28
19 28
19 27
18 27
18 28
18 29
17 29
17 28
17 29
16 29
15 29
14 29
15 29
15 30
15 31
15 32
16 32
16 33
15 33
15 34
14 34
14 33
15 33
15 34
14 34
14 35
15 35
15 36
15 37
15 38
16 38
16 39
15 39
16 39
17 39
18 39
19 39
19 40
20 40
20 39
21 39
21 40
21 39
21 38
22 38
22 37
22 38
21 38
21 39
21 38
20 38
20 39
19 39
19 40
19 39
19 40
19 39
19 38
20 38
21 38
21 39
22 39
23 39
22 39
22 40
21 40
22 40
23 40
23 39
23 40
23 39
23 40
22 40
22 39
22 40
22 41
23 41
24 41
24 40
24 39
24 40
24 39
23 39
24 39
23 39
24 39
25 39
25 40
26 40
25 40
25 39
25 38
24 38
23 38
22 38
22 37
22 38
23 38
24 38
24 39
25 39
26 39
27 39
28 39
27 39
26 39
26 40
26 41
26 40
26 41
27 41
27 40
27 39
28 39
27 39
27 38
27 37
28 37
28 36
28 35
27 35
26 35
26 36
26 35
26 36
25 36
24 36
24 35
24 36
24 37
25 37
25 36
25 35
25 34
24 34
24 33
25 33
25 34
25 35
25 36
24 36
25 36
25 37
25 36
26 36
25 36
25 35
26 35
26 34
27 34
28 34
28 33
29 33
28 33
29 33
28 33
29 33
29 32
30 32
31 32
31 33
31 32
31 33
30 33
30 34
30 33
30 34
30 33
30 32
30 31
30 30
31 30
31 29
31 30
31 31
30 31
30 30
29 30
29 29
29 28
30 28
30 27
31 27
30 27
30 28
30 29
30 30
31 30
31 29
30 29
