0 0
1 0
1 1
0 1
0 0
1 0
1 1
1 0
2 0
2 1
1 1
1 0
1 1
1 2
0 2
0 3
0 4
0 3
1 3
2 3
3 3
3 4
3 5
4 5
4 6
3 6
3 7
4 7
5 7
6 7
6 6
6 7
5 7
6 7
5 7
5 8
6 8
6 7
6 6
5 6
6 6
6 7
6 6
6 5
7 5
8 5
8 4
8 3
8 2
8 1
9 1
10 1
9 1
10 1
9 1
9 0
9 1
10 1
10 2
11 2
11 1
12 1
11 1
11 2
11 1
10 1
11 1
12 1
12 2
12 3
11 3
11 2
11 1
12 1
12 0
11 0
11 1
10 1
9 1
10 1
10 0
11 0
11 1
11 0
11 1
11 0
12 0
12 1
13 1
13 2
12 2
12 3
11 3
11 2
11 3
11 4
11 3
11 2
11 3
11 4
12 4
11 4
11 3
12 3
13 3
12 3
12 4
12 3
13 3
14 3
14 4
14 5
14 4
14 3
15 3
15 4
15 5
14 5
15 5
15 4
16 4
17 4
16 4
17 4
16 4
15 4
15 5
14 5
14 6
14 7
13 7
12 7
13 7
14 7
15 7
16 7
15 7
15 8
15 9
15 8
14 8
15 8
16 8
16 9
16 10
16 11
16 10
17 10
17 9
17 10
18 10
17 10
17 11
17 10
16 10
17 10
16 10
15 10
15 9
15 10
15 11
16 11
17 11
18 11
18 12
18 11
19 11
18 11
18 10
18 11
18 10
19 10
20 10
21 10
22 10
22 9
22 10
21 10
20 10
20 11
20 12
21 12
22 12
23 12
23 13
23 12
23 11
22 11
22 10
22 11
22 10
21 10
21 11
22 11
22 12
22 11
21 11
20 11
20 10
20 11
20 10
20 11
20 10
20 11
21 11
22 11
22 10
22 11
23 11
23 12
24 12
24 13
24 12
23 12
22 12
22 13
22 14
23 14
23 15
23 14
22 14
23 14
23 15
22 15
22 16
23 16
23 17
23 16
23 17
23 18
22 18
21 18
21 17
22 17
22 16
22 15
21 15
21 14
20 14
20 13
21 13
21 14
22 14
22 15
22 14
22 15
21 15
22 15
22 14
23 14
23 13
22 13
21 13
21 12
21 11
22 11
23 11
23 12
24 12
24 13
24 14
25 14
25 13
25 14
26 14
26 15
26 14
25 14
24 14
25 14
25 15
25 16
25 15
24 15
24 14
25 14
26 14
27 14
27 13
27 12
27 11
28 11
29 11
30 11
30 10
30 11
31 11
31 12
32 12
31 12
31 13
32 13
32 14
32 15
31 15
30 15
29 15
29 14
29 13
28 13
28 12
29 12
29 13
30 13
29 13
28 13
27 13
28 13
28 12
28 11
28 12
28 13
27 13
28 13
27 13
27 14
27 13
27 12
28 12
27 12
27 11
28 11
27 11
27 10
27 11
27 12
26 12
27 12
26 12
26 11
27 11
27 12
28 12
28 13
28 14
28 15
29 15
28 15
29 15
29 14
29 13
29 14
29 15
30 15
29 15
29 16
29 15
29 16
28 16
29 16
29 17
30 17
29 17
30 17
31 17
31 18
31 17
32 17
31 17
31 16
32 16
31 16
31 15
30 15
30 14
29 14
29 13
29 14
28 14
29 14
30 14
30 15
30 14
30 13
31 13
31 12
32 12
32 11
32 10
31 10
32 10
32 11
32 10
31 10
31 11
31 10
32 10
33 10
32 10
33 10
34 10
34 9
34 8
34 7
34 6
34 7
35 7
35 8
35 7
36 7
36 6
35 6
36 6
36 7
35 7
36 7
36 8
36 9
35 9
34 9
33 9
33 8
33 9
33 10
33 11
34 11
34 12
33 12
33 13
33 14
32 14
32 15
31 15
31 14
31 15
31 14
32 14
32 13
33 13
34 13
34 12
33 12
33 11
33 10
32 10
33 10
32 10
32 9
33 9
33 10
34 10
35 10
34 10
34 11
34 10
33 10
34 10
34 11
35 11
35 10
34 10
34 9
34 10
33 10
34 10
34 11
34 10
35 10
35 9
36 9
36 10
36 11
36 12
37 12
37 13
38 13
39 13
40 13
39 13
40 13
39 13
38 13
38 14
37 14
36 14
36 15
36 14
36 15
37 15
37 16
36 16
36 17
35 17
36 17
36 18
36 17
35 17
35 18
35 17
35 16
34 16
35 16
35 15
36 15
37 15
37 14
37 15
36 15
37 15
37 16
37 15
37 16
38 16
38 15
38 14
39 14
38 14
37 14
36 14
35 14
35 13
35 14
36 14
36 15
36 16
35 16
35 15
36 15
36 14
37 14
37 13
38 13
37 13
37 12
36 12
35 12
36 12
37 12
36 12
35 12
35 13
34 13
34 12
34 11
35 11
34 11
35 11
36 11
36 12
36 13
36 12
37 12
37 13
37 12
36 12
37 12
37 11
36 11
37 11
36 11
36 10
37 10
36 10
37 10
36 10
36 11
36 12
35 12
36 12
35 12
34 12
33 12
34 12
33 12
33 13
34 13
34 12
33 12
33 13
33 12
32 12
32 11
32 10
31 10
32 10
33 10
33 9
33 8
32 8
33 8
33 9
34 9
35 9
36 9
36 10
35 10
35 9
36 9
36 10
37 10
38 10
37 10
37 9
38 9
39 9
38 9
37 9
36 9
36 10
36 9
37 9
37 10
38 10
38 9
39 9
39 10
39 11
39 10
40 10
39 10
38 10
38 9
39 9
39 10
38 10
38 11
38 10
38 11
38 10
39 10
40 10
41 10
42 10
43 10
44 10
44 11
43 11
43 10
42 10
41 10
42 10
42 9
42 8
41 8
40 8
40 9
40 10
40 11
39 11
39 12
40 12
40 11
40 10
40 9
41 9
42 9
43 9
43 8
44 8
45 8
45 9
45 10
45 11
45 12
45 13
45 12
46 12
46 11
47 11
47 12
48 12
47 12
47 13
46 13
45 13
44 13
44 12
44 11
44 10
44 9
43 9
43 8
44 8
44 7
43 7
44 7
45 7
45 6
45 7
44 7
44 8
45 8
45 7
46 7
46 8
47 8
46 8
45 8
44 8
44 9
44 8
44 9
45 9
45 10
46 10
45 10
46 10
45 10
46 10
45 10
45 11
44 11
44 10
44 11
43 11
42 11
43 11
43 10
43 9
44 9
45 9
44 9
43 9
43 8
42 8
42 7
42 8
43 8
43 7
42 7
41 7
40 7
40 8
39 8
40 8
40 7
40 8
39 8
39 9
39 8
39 7
39 8
40 8
40 9
41 9
41 8
42 8
43 8
42 8
42 7
42 8
42 9
43 9
42 9
41 9
40 9
41 9
41 10
40 10
41 10
40 10
41 10
40 10
40 9
41 9
41 10
42 10
42 11
41 11
40 11
41 11
41 10
40 10
40 9
41 9
42 9
42 8
42 9
41 9
40 9
40 8
40 7
40 6
39 6
38 6
37 6
37 5
36 5
35 5
35 6
34 6
35 6
36 6
37 6
37 5
38 5
37 5
36 5
36 4
36 3
35 3
34 3
35 3
35 4
35 5
36 5
36 4
35 4
35 3
35 2
35 3
36 3
35 3
35 2
36 2
35 2
34 2
33 2
33 1
32 1
33 1
34 1
33 1
32 1
31 1
32 1
32 2
33 2
33 1
34 1
34 0
33 0
33 1
33 0
33 1
34 1
33 1
33 0
33 1
34 1
34 0
33 0
33 1
33 2
34 2
34 3
34 2
34 3
34 2
33 2
32 2
32 1
32 0
33 0
34 0
35 0
36 0
35 0
34 0
33 0
33 1
34 1
34 2
34 3
34 4
34 5
33 5
34 5
35 5
35 4
36 4
35 4
36 4
36 3
36 2
36 1
35 1
34 1
35 1
36 1
36 0
36 1
37 1
37 2
37 3
37 4
37 3
36 3
37 3
37 2
37 3
36 3
36 4
37 4
37 5
38 5
37 5
37 4
38 4
39 4
39 5
39 6
39 7
38 7
38 8
38 7
37 7
38 7
38 6
37 6
38 6
38 7
38 8
38 7
37 7
37 8
38 8
39 8
38 8
39 8
39 7
39 6
39 5
40 5
39 5
38 5
37 5
36 5
36 4
36 5
36 6
36 5
36 6
36 5
36 6
36 7
36 8
36 9
36 8
37 8
36 8
36 9
36 8
37 8
38 8
38 7
37 7
38 7
37 7
37 8
37 9
37 10
38 10
38 9
39 9
40 9
39 9
39 8
38 8
39 8
40 8
39 8
40 8
40 7
41 7
42 7
42 6
42 5
41 5
42 5
43 5
44 5
44 6
45 6
45 7
44 7
44 6
45 6
44 6
45 6
45 7
45 8
45 7
46 7
46 6
46 5
47 5
47 4
46 4
45 4
45 3
45 4
45 5
45 6
45 5
45 6
45 7
46 7
46 8
45 8
45 7
45 6
45 5
46 5
46 4
47 4
46 4
47 4
47 5
47 6
