0 0
0 1
1 1
2 1
3 1
4 1
4 0
3 0
2 0
3 0
3 1
4 1
5 1
5 0
4 0
4 1
3 1
2 1
1 1
1 0
1 1
1 2
0 2
0 3
1 3
1 4
2 4
2 3
2 2
1 2
2 2
1 2
1 3
2 3
1 3
0 3
1 3
1 4
1 5
2 5
2 6
3 6
2 6
2 5
1 5
1 4
0 4
1 4
1 3
2 3
3 3
3 2
2 2
2 1
2 2
1 2
2 2
1 2
1 3
2 3
1 3
1 2
0 2
0 3
1 3
1 4
0 4
1 4
1 3
2 3
3 3
2 3
2 2
2 3
1 3
1 2
2 2
1 2
2 2
3 2
2 2
3 2
3 3
3 2
3 1
2 1
2 0
3 0
2 0
2 1
2 2
2 1
1 1
0 1
0 0
1 0
1 1
1 0
1 1
0 1
0 0
1 0
1 1
0 1
0 0
0 1
1 1
1 0
2 0
2 1
1 1
2 1
3 1
3 2
3 3
4 3
3 3
3 2
4 2
4 1
3 1
4 1
4 2
3 2
2 2
2 1
2 2
2 1
1 1
1 2
1 1
1 2
1 1
1 0
1 1
1 0
1 1
0 1
0 2
1 2
1 1
1 2
2 2
3 2
2 2
2 1
3 1
3 0
3 1
4 1
3 1
2 1
2 0
2 1
1 1
0 1
0 2
0 3
0 4
1 4
0 4
0 3
0 4
1 4
0 4
1 4
2 4
3 4
4 4
5 4
5 3
6 3
5 3
5 4
5 5
4 5
5 5
4 5
5 5
4 5
5 5
6 5
6 4
7 4
7 5
7 4
7 5
6 5
5 5
5 4
4 4
4 5
5 5
4 5
4 6
4 5
5 5
5 4
5 3
6 3
6 4
5 4
6 4
5 4
4 4
5 4
4 4
3 4
4 4
5 4
5 5
5 6
4 6
3 6
4 6
5 6
6 6
7 6
8 6
9 6
10 6
10 7
11 7
10 7
10 6
11 6
11 5
11 6
11 5
11 4
10 4
11 4
10 4
11 4
11 3
10 3
11 3
11 2
11 1
11 2
11 3
11 2
10 2
10 3
10 2
11 2
11 3
11 2
11 3
12 3
12 4
12 3
12 4
11 4
11 3
12 3
12 4
13 4
13 5
13 6
14 6
15 6
14 6
14 7
14 6
14 5
14 6
15 6
14 6
14 5
13 5
12 5
12 4
13 4
12 4
12 3
11 3
12 3
12 2
11 2
10 2
11 2
11 3
10 3
11 3
11 2
11 1
11 2
10 2
9 2
9 3
8 3
8 2
8 1
7 1
7 2
7 1
8 1
8 0
7 0
7 1
7 2
7 1
8 1
7 1
7 2
6 2
6 3
6 4
6 5
7 5
7 4
7 3
8 3
7 3
7 4
6 4
6 3
7 3
6 3
7 3
7 4
7 3
7 2
7 1
7 0
8 0
8 1
8 0
9 0
10 0
10 1
10 0
10 1
10 0
11 0
12 0
13 0
13 1
13 2
13 1
13 0
13 1
12 1
12 0
13 0
13 1
13 2
14 2
14 3
14 4
14 5
13 5
13 4
14 4
14 5
15 5
16 5
16 6
17 6
18 6
18 7
19 7
20 7
21 7
22 7
22 8
22 7
21 7
21 6
20 6
19 6
20 6
21 6
21 7
21 8
22 8
22 7
22 8
22 7
22 6
22 7
21 7
21 6
22 6
22 7
22 6
22 5
22 4
21 4
21 3
22 3
23 3
24 3
24 4
24 5
24 6
24 7
24 6
24 7
25 7
25 6
26 6
25 6
26 6
27 6
27 7
28 7
27 7
28 7
27 7
27 8
27 9
26 9
27 9
27 10
27 11
28 11
29 11
28 11
29 11
29 12
29 11
29 12
30 12
31 12
30 12
30 11
30 10
31 10
30 10
30 11
30 12
30 11
30 12
29 12
30 12
30 13
31 13
31 14
31 13
31 14
31 15
30 15
30 14
29 14
29 15
28 15
27 15
28 15
28 16
29 16
29 17
29 18
29 17
29 18
30 18
29 18
29 19
29 20
29 21
28 21
27 21
27 20
26 20
25 20
25 21
24 21
25 21
25 22
25 21
24 21
24 20
24 21
25 21
26 21
26 20
26 19
26 20
26 21
26 22
25 22
25 21
26 21
27 21
26 21
26 20
26 21
26 22
27 22
27 23
26 23
26 22
27 22
27 21
27 20
27 19
26 19
27 19
27 18
26 18
27 18
26 18
27 18
27 19
28 19
29 19
29 20
30 20
31 20
31 21
30 21
30 20
29 20
29 21
30 21
30 22
29 22
30 22
30 21
31 21
31 20
32 20
32 21
31 21
30 21
31 21
31 20
31 19
31 20
31 19
31 18
32 18
32 19
32 20
32 21
32 20
33 20
34 20
34 21
34 20
34 19
35 19
34 19
34 20
34 21
34 20
34 19
35 19
35 18
34 18
35 18
34 18
34 19
34 18
34 17
34 16
34 15
35 15
35 16
35 15
34 15
34 16
34 15
34 16
34 17
35 17
34 17
35 17
34 17
34 18
33 18
33 17
33 16
33 17
33 18
34 18
33 18
34 18
34 17
34 16
33 16
32 16
32 15
32 16
31 16
32 16
32 15
31 15
31 14
31 13
31 12
31 13
31 12
32 12
32 11
32 10
31 10
31 9
31 8
31 9
32 9
32 8
33 8
34 8
34 9
35 9
35 10
35 9
36 9
36 10
36 11
36 12
36 13
36 12
36 13
36 12
36 13
36 14
36 13
36 14
36 15
35 15
34 15
34 16
35 16
35 17
36 17
37 17
37 16
38 16
37 16
37 15
37 14
37 15
38 15
38 14
37 14
36 14
37 14
37 15
38 15
37 15
37 14
38 14
39 14
40 14
40 15
40 16
40 15
40 16
39 16
38 16
37 16
38 16
38 17
38 16
39 16
38 16
37 16
37 17
36 17
36 16
36 17
36 16
36 15
36 14
36 13
37 13
37 12
36 12
36 11
35 11
35 10
35 9
34 9
33 9
34 9
33 9
32 9
32 8
31 8
30 8
29 8
29 7
29 8
28 8
29 8
30 8
31 8
30 8
30 7
29 7
29 8
30 8
31 8
31 7
31 6
32 6
31 6
30 6
30 5
31 5
30 5
30 4
29 4
29 3
28 3
27 3
27 4
26 4
25 4
25 5
25 6
24 6
25 6
25 7
24 7
25 7
26 7
25 7
25 8
26 8
25 8
26 8
26 9
27 9
27 8
27 9
26 9
25 9
25 10
24 10
23 10
24 10
24 11
23 11
23 12
24 12
24 13
25 13
25 14
26 14
25 14
24 14
25 14
25 15
24 15
24 14
25 14
25 15
24 15
24 16
25 16
24 16
24 15
24 16
24 17
24 18
24 19
24 20
23 20
23 21
23 22
24 22
23 22
23 21
24 21
24 22
24 21
24 22
24 21
24 20
24 19
25 19
24 19
24 18
24 17
25 17
26 17
27 17
26 17
25 17
25 16
24 16
23 16
22 16
22 17
23 17
23 18
22 18
22 17
22 18
23 18
23 19
23 18
23 17
22 17
21 17
21 18
20 18
20 19
20 20
19 20
19 19
20 19
20 20
20 19
21 19
21 18
21 17
20 17
20 18
21 18
21 17
20 17
20 16
21 16
22 16
22 17
23 17
22 17
22 18
21 18
21 19
20 19
19 19
18 19
18 18
18 19
17 19
17 18
18 18
17 18
17 19
18 19
18 20
18 21
19 21
19 20
18 20
18 21
19 21
18 21
19 21
20 21
21 21
21 22
20 22
20 21
20 20
21 20
21 21
22 21
21 21
21 22
20 22
20 23
21 23
20 23
20 22
20 23
21 23
20 23
21 23
21 22
21 21
21 22
20 22
21 22
21 21
20 21
20 20
20 19
19 19
19 18
19 17
19 16
20 16
20 15
19 15
20 15
21 15
21 16
21 17
20 17
20 18
21 18
22 18
22 19
22 18
21 18
21 19
21 20
21 21
21 22
21 23
21 24
22 24
22 23
22 24
22 25
23 25
24 25
23 25
23 24
23 25
23 24
22 24
23 24
24 24
24 25
24 26
23 26
22 26
21 26
21 25
21 24
20 24
19 24
20 24
19 24
19 25
19 26
18 26
19 26
19 27
19 28
19 29
19 28
18 28
18 27
19 27
19 26
19 27
19 28
19 29
19 30
19 31
18 31
19 31
20 31
20 30
20 31
21 31
20 31
21 31
22 31
23 31
23 32
22 32
22 31
22 30
22 31
21 31
21 30
20 30
19 30
19 29
20 29
20 30
20 31
20 30
20 29
20 28
21 28
21 27
21 28
21 27
20 27
19 27
18 27
17 27
18 27
19 27
20 27
21 27
21 28
21 29
22 29
22 30
22 31
23 31
24 31
25 31
26 31
25 31
24 31
23 31
23 30
23 31
22 31
23 31
22 31
22 32
22 33
22 34
23 34
23 35
23 34
