0 0
0 1
1 1
2 1
3 1
3 2
3 1
4 1
3 1
2 1
2 2
2 3
3 3
4 3
4 2
5 2
4 2
4 1
4 2
5 2
4 2
4 1
4 2
5 2
4 2
4 3
4 2
3 2
3 1
2 1
3 1
2 1
3 1
2 1
3 1
2 1
3 1
3 2
3 1
4 1
4 0
4 1
4 0
4 1
5 1
5 2
5 1
5 0
5 1
6 1
6 2
6 3
6 2
7 2
6 2
5 2
5 1
5 2
5 3
6 3
6 2
6 3
6 2
6 3
7 3
8 3
8 2
8 1
9 1
9 0
9 1
9 2
9 1
9 2
9 1
9 2
9 1
8 1
8 2
7 2
7 3
6 3
7 3
7 2
6 2
6 3
6 4
5 4
5 3
6 3
7 3
8 3
7 3
6 3
7 3
7 2
6 2
7 2
8 2
9 2
9 1
9 2
10 2
11 2
11 1
12 1
11 1
12 1
13 1
13 2
14 2
15 2
14 2
14 1
13 1
12 1
12 2
11 2
11 1
11 2
11 1
11 0
12 0
12 1
11 1
11 2
10 2
11 2
10 2
10 1
10 0
10 1
10 0
10 1
10 2
10 3
10 2
10 1
11 1
12 1
12 2
13 2
13 1
12 1
12 2
11 2
11 1
11 0
11 1
11 0
10 0
10 1
10 0
10 1
11 1
10 1
10 0
10 1
9 1
9 2
9 3
9 2
10 2
9 2
9 3
10 3
9 3
9 2
8 2
8 3
8 2
8 3
8 2
8 3
8 2
7 2
7 1
7 0
8 0
9 0
9 1
8 1
8 2
7 2
7 3
6 3
6 2
5 2
5 1
5 0
5 1
4 1
4 2
4 1
4 2
4 3
4 2
5 2
5 3
5 2
6 2
7 2
7 3
7 2
8 2
8 1
7 1
8 1
7 1
6 1
6 0
5 0
4 0
3 0
4 0
5 0
4 0
4 1
3 1
4 1
4 2
4 1
3 1
4 1
5 1
6 1
6 0
7 0
7 1
8 1
9 1
8 1
9 1
9 2
10 2
11 2
11 1
12 1
12 0
12 1
12 0
12 1
11 1
11 0
11 1
11 2
11 1
12 1
12 0
12 1
11 1
11 2
11 1
10 1
10 2
10 3
11 3
10 3
11 3
11 4
12 4
12 5
11 5
12 5
12 4
11 4
12 4
11 4
12 4
13 4
12 4
12 5
13 5
12 5
12 6
13 6
12 6
12 7
12 6
11 6
11 5
11 4
12 4
13 4
12 4
12 5
11 5
10 5
10 4
10 3
11 3
10 3
10 2
11 2
11 1
11 2
10 2
11 2
12 2
12 3
11 3
11 4
12 4
11 4
11 3
11 2
10 2
10 1
11 1
12 1
13 1
14 1
15 1
14 1
14 2
14 3
14 2
13 2
12 2
12 1
12 2
13 2
12 2
13 2
13 1
13 2
14 2
14 1
13 1
14 1
15 1
14 1
14 0
13 0
12 0
11 0
12 0
13 0
13 1
12 1
12 2
13 2
13 3
13 4
12 4
12 5
12 4
11 4
12 4
12 3
12 2
12 1
12 2
13 2
12 2
12 3
12 2
12 3
11 3
11 2
10 2
11 2
12 2
12 1
12 0
12 1
12 2
12 1
12 2
12 3
11 3
12 3
12 4
12 3
11 3
11 4
10 4
10 5
10 4
11 4
12 4
12 5
12 4
11 4
11 3
11 2
11 1
11 2
10 2
11 2
11 1
11 2
11 1
12 1
13 1
14 1
13 1
14 1
15 1
16 1
17 1
17 2
18 2
19 2
18 2
17 2
17 1
18 1
19 1
20 1
20 0
19 0
19 1
19 0
19 1
19 2
20 2
19 2
20 2
21 2
21 1
20 1
20 0
20 1
20 2
20 1
21 1
21 2
21 1
22 1
22 2
22 3
22 4
21 4
21 5
22 5
22 4
21 4
21 3
22 3
21 3
21 4
21 5
22 5
23 5
23 4
22 4
23 4
22 4
21 4
21 3
21 2
21 1
22 1
21 1
21 2
20 2
20 3
19 3
20 3
20 2
19 2
20 2
21 2
20 2
20 1
19 1
19 2
18 2
17 2
18 2
17 2
18 2
19 2
18 2
18 3
18 4
18 5
19 5
19 6
18 6
18 7
18 8
19 8
19 7
19 6
20 6
19 6
19 7
19 6
20 6
20 7
19 7
18 7
18 8
19 8
20 8
19 8
18 8
18 7
17 7
17 6
18 6
17 6
18 6
17 6
16 6
17 6
18 6
18 7
18 6
18 5
19 5
19 6
19 5
19 6
18 6
19 6
18 6
19 6
20 6
21 6
20 6
20 5
20 6
21 6
21 7
22 7
23 7
23 6
24 6
25 6
25 7
26 7
26 6
27 6
27 5
28 5
27 5
28 5
27 5
28 5
29 5
28 5
28 4
27 4
27 3
27 2
27 1
27 0
26 0
25 0
26 0
27 0
26 0
25 0
25 1
25 0
25 1
25 0
25 1
25 0
24 0
24 1
25 1
26 1
26 0
26 1
27 1
26 1
26 2
26 3
27 3
28 3
27 3
26 3
26 2
26 3
26 2
27 2
27 1
26 1
27 1
27 0
27 1
28 1
27 1
27 2
27 1
28 1
27 1
27 2
27 1
27 2
27 3
27 2
28 2
29 2
29 3
30 3
29 3
29 2
29 1
28 1
29 1
29 0
28 0
28 1
27 1
27 0
28 0
29 0
28 0
28 1
27 1
27 0
26 0
25 0
26 0
27 0
26 0
26 1
27 1
28 1
28 2
27 2
27 1
26 1
27 1
28 1
27 1
27 0
28 0
28 1
27 1
28 1
29 1
28 1
29 1
30 1
30 0
29 0
30 0
30 1
30 2
31 2
31 1
30 1
29 1
28 1
27 1
26 1
25 1
25 2
25 1
26 1
25 1
25 2
25 1
25 0
24 0
25 0
24 0
25 0
25 1
24 1
23 1
24 1
25 1
25 2
25 3
25 2
26 2
26 3
27 3
28 3
27 3
28 3
27 3
28 3
28 4
28 5
29 5
30 5
29 5
29 6
29 5
29 6
28 6
28 7
28 8
29 8
28 8
28 9
27 9
26 9
25 9
26 9
26 8
27 8
27 9
27 10
28 10
29 10
30 10
29 10
29 11
29 10
28 10
28 9
29 9
30 9
30 10
31 10
32 10
33 10
34 10
35 10
35 9
35 10
35 9
35 8
35 9
35 8
36 8
35 8
35 9
34 9
33 9
33 10
34 10
35 10
34 10
33 10
33 9
33 10
32 10
33 10
33 11
33 12
32 12
33 12
32 12
32 11
31 11
31 12
30 12
31 12
32 12
33 12
33 11
33 10
34 10
34 9
34 10
35 10
34 10
34 9
34 10
34 11
33 11
32 11
33 11
32 11
31 11
31 10
31 9
30 9
30 10
31 10
31 9
32 9
32 10
31 10
32 10
31 10
31 9
31 8
30 8
30 7
30 8
30 7
31 7
30 7
30 6
30 7
31 7
32 7
33 7
32 7
32 8
32 9
33 9
32 9
32 10
32 11
33 11
33 12
33 11
33 10
32 10
32 9
31 9
31 10
31 11
30 11
31 11
32 11
31 11
30 11
30 12
29 12
30 12
30 13
30 14
30 13
29 13
29 14
29 13
28 13
27 13
26 13
26 14
26 15
26 14
26 15
25 15
25 16
26 16
25 16
25 17
25 18
24 18
24 19
25 19
25 20
24 20
24 19
23 19
23 20
23 21
24 21
24 22
23 22
22 22
22 23
23 23
23 22
23 23
24 23
24 24
24 23
24 22
24 21
24 20
25 20
24 20
24 21
25 21
26 21
27 21
27 22
27 23
27 24
28 24
29 24
29 25
28 25
29 25
28 25
29 25
29 26
29 25
29 26
29 27
29 26
29 27
28 27
29 27
28 27
29 27
30 27
30 26
30 25
30 26
31 26
32 26
32 25
32 24
32 25
32 24
32 23
33 23
32 23
32 24
32 25
31 25
32 25
32 24
32 23
32 22
31 22
31 23
30 23
30 22
31 22
30 22
31 22
32 22
31 22
30 22
31 22
31 21
31 22
31 23
32 23
32 22
33 22
33 21
33 22
32 22
31 22
31 23
31 22
32 22
32 21
32 22
31 22
31 23
30 23
30 22
30 23
30 22
30 23
30 24
29 24
29 25
29 24
29 25
29 24
29 25
29 26
30 26
31 26
31 25
30 25
29 25
29 24
28 24
28 25
29 25
29 24
30 24
30 23
29 23
28 23
27 23
28 23
29 23
29 24
30 24
30 23
30 24
29 24
29 25
29 24
29 23
29 22
28 22
28 21
28 22
27 22
26 22
26 21
25 21
25 20
26 20
26 19
25 19
24 19
23 19
23 18
23 19
23 20
24 20
24 21
24 20
24 19
23 19
24 19
25 19
26 19
25 19
25 20
25 21
25 22
24 22
24 23
24 24
23 24
