0 0
1 0
2 0
1 0
0 0
0 1
1 1
2 1
3 1
3 2
3 1
4 1
5 1
6 1
5 1
5 2
6 2
6 1
6 0
5 0
6 0
5 0
6 0
6 1
6 0
6 1
5 1
5 0
5 1
4 1
4 2
3 2
3 1
3 0
2 0
3 0
3 1
4 1
5 1
5 2
4 2
3 2
2 2
3 2
4 2
5 2
6 2
6 3
6 4
6 3
6 4
7 4
6 4
6 5
6 6
5 6
5 7
5 8
5 9
5 8
5 7
6 7
6 6
6 5
6 4
6 5
5 5
5 6
5 5
4 5
3 5
3 6
3 7
3 6
4 6
4 5
4 6
3 6
4 6
4 5
5 5
6 5
6 6
5 6
5 5
5 6
4 6
4 5
5 5
4 5
5 5
5 6
5 5
6 5
7 5
7 6
8 6
8 7
7 7
7 6
7 5
6 5
5 5
5 6
5 7
4 7
4 6
3 6
3 7
3 8
2 8
3 8
3 7
2 7
3 7
3 8
2 8
2 7
2 6
2 7
2 8
2 9
1 9
2 9
3 9
2 9
2 8
2 7
1 7
1 8
0 8
0 9
0 8
1 8
2 8
2 9
2 10
2 9
2 10
2 11
2 12
2 13
2 12
1 12
0 12
0 11
0 12
1 12
2 12
3 12
3 13
3 14
4 14
3 14
4 14
4 15
4 14
5 14
6 14
7 14
8 14
8 13
8 12
8 11
8 10
9 10
9 11
9 12
8 12
7 12
7 11
8 11
8 10
8 11
8 12
8 13
9 13
9 12
8 12
9 12
9 13
9 12
9 13
8 13
8 14
7 14
6 14
5 14
5 15
4 15
5 15
6 15
6 16
6 15
7 15
7 16
6 16
6 15
6 16
7 16
7 15
6 15
6 14
6 13
5 13
5 14
5 15
5 14
5 15
4 15
4 14
5 14
4 14
5 14
4 14
4 13
4 12
4 11
4 12
3 12
3 11
2 11
3 11
2 11
2 12
2 11
2 12
3 12
3 13
4 13
5 13
6 13
6 14
6 13
5 13
5 12
4 12
4 13
4 14
3 14
4 14
3 14
3 15
2 15
1 15
1 14
0 14
0 13
0 14
1 14
1 15
2 15
2 14
1 14
1 15
1 16
2 16
3 16
3 15
2 15
1 15
2 15
2 14
3 14
4 14
5 14
5 15
6 15
5 15
5 16
5 15
5 14
6 14
7 14
7 15
8 15
8 16
8 15
8 16
7 16
8 16
8 17
9 17
9 18
10 18
9 18
9 17
8 17
8 16
8 15
8 14
7 14
6 14
6 15
6 14
7 14
7 13
6 13
7 13
8 13
8 14
7 14
7 13
7 12
7 13
7 14
7 13
7 12
6 12
6 13
6 14
5 14
5 15
5 16
6 16
6 17
6 18
6 17
7 17
6 17
6 16
6 15
7 15
8 15
8 14
9 14
10 14
9 14
10 14
9 14
9 13
10 13
9 13
9 12
9 13
10 13
10 14
10 13
10 14
9 14
8 14
9 14
10 14
10 15
10 16
10 15
11 15
11 16
11 17
11 18
10 18
10 17
9 17
8 17
9 17
8 17
8 18
9 18
9 19
10 19
10 20
11 20
11 19
10 19
9 19
10 19
10 18
10 19
10 18
10 19
11 19
11 20
10 20
11 20
11 21
11 20
11 19
11 18
10 18
10 17
10 16
10 17
10 16
10 17
10 16
10 15
10 16
10 17
11 17
12 17
11 17
11 18
12 18
13 18
14 18
13 18
13 19
12 19
12 18
11 18
11 19
11 20
12 20
13 20
13 19
12 19
12 20
12 21
11 21
12 21
12 20
12 19
13 19
13 18
13 19
12 19
13 19
14 19
14 18
14 17
14 18
14 17
13 17
14 17
15 17
15 16
15 15
14 15
14 16
14 15
15 15
15 16
16 16
16 15
17 15
17 16
17 15
16 15
17 15
17 14
16 14
15 14
16 14
16 13
17 13
18 13
18 12
18 11
17 11
17 12
16 12
16 13
17 13
16 13
16 12
16 11
16 12
16 13
17 13
16 13
16 14
16 15
16 16
17 16
17 15
17 14
17 15
17 14
16 14
16 15
16 14
16 15
16 14
17 14
17 15
17 14
18 14
18 13
18 12
17 12
18 12
19 12
19 11
19 12
18 12
18 11
17 11
17 12
17 13
16 13
17 13
16 13
15 13
15 12
15 11
15 10
15 11
14 11
13 11
13 12
13 13
12 13
12 14
12 15
12 16
13 16
13 15
13 14
12 14
12 15
12 16
12 17
13 17
14 17
13 17
14 17
14 16
14 17
14 18
13 18
13 19
12 19
12 18
13 18
13 17
12 17
13 17
14 17
13 17
13 18
12 18
11 18
12 18
12 17
13 17
13 18
14 18
14 19
14 18
14 17
13 17
12 17
13 17
12 17
13 17
14 17
13 17
14 17
14 16
14 17
15 17
15 16
16 16
16 17
15 17
15 18
14 18
13 18
14 18
13 18
13 19
13 18
14 18
13 18
13 19
13 20
12 20
12 21
12 22
12 21
13 21
14 21
14 22
15 22
15 21
16 21
16 22
16 23
16 22
17 22
17 21
17 22
17 23
16 23
15 23
15 24
15 25
14 25
14 24
15 24
14 24
15 24
15 25
15 24
15 25
15 26
15 27
16 27
17 27
17 28
17 29
17 30
17 29
16 29
15 29
15 30
15 29
16 29
16 30
17 30
18 30
18 31
18 30
19 30
19 29
19 30
19 31
19 30
18 30
17 30
17 31
17 30
18 30
19 30
20 30
20 31
20 32
20 31
19 31
19 30
20 30
20 31
19 31
19 30
19 29
18 29
18 28
18 29
19 29
19 28
20 28
19 28
20 28
21 28
21 27
21 28
22 28
23 28
22 28
21 28
21 27
20 27
21 27
21 28
21 27
21 28
21 29
21 28
21 29
21 30
21 31
22 31
23 31
23 32
23 33
23 34
24 34
24 33
24 34
23 34
23 35
23 36
23 35
22 35
22 34
21 34
21 35
22 35
21 35
20 35
21 35
21 34
22 34
21 34
21 33
20 33
21 33
21 34
20 34
20 33
20 34
20 35
21 35
20 35
20 36
20 37
20 38
20 37
20 38
21 38
22 38
21 38
20 38
21 38
20 38
20 37
19 37
18 37
18 38
18 39
18 38
19 38
19 39
20 39
20 40
20 39
19 39
19 38
18 38
19 38
20 38
20 37
21 37
21 38
21 39
21 40
22 40
22 41
21 41
22 41
22 40
22 41
21 41
21 42
21 43
21 44
22 44
22 45
22 46
23 46
23 45
23 46
24 46
24 47
25 47
26 47
26 46
26 47
27 47
28 47
28 48
28 49
29 49
28 49
28 50
27 50
27 51
26 51
26 52
26 51
27 51
28 51
28 50
27 50
28 50
29 50
28 50
27 50
28 50
28 49
29 49
30 49
30 50
30 49
30 50
29 50
28 50
29 50
30 50
29 50
28 50
29 50
28 50
28 51
28 52
27 52
26 52
27 52
27 51
27 50
26 50
26 51
25 51
25 52
25 51
24 51
23 51
23 50
22 50
22 49
23 49
22 49
22 50
22 49
23 49
22 49
23 49
23 50
23 49
24 49
25 49
25 50
24 50
24 49
24 50
25 50
26 50
26 51
26 52
25 52
25 51
25 52
26 52
26 53
27 53
28 53
28 52
27 52
28 52
29 52
29 53
28 53
27 53
26 53
26 52
25 52
24 52
25 52
24 52
23 52
22 52
22 53
22 52
23 52
24 52
24 53
23 53
24 53
23 53
22 53
22 52
22 53
22 54
21 54
22 54
22 53
22 52
22 51
23 51
22 51
22 50
22 51
21 51
21 52
21 53
21 54
22 54
22 53
21 53
22 53
21 53
21 54
22 54
23 54
23 55
22 55
23 55
23 56
23 55
23 56
24 56
25 56
25 57
25 56
24 56
24 57
25 57
25 58
25 57
25 58
26 58
25 58
26 58
26 57
26 56
26 57
27 57
26 57
26 58
26 57
27 57
27 58
26 58
26 57
26 56
26 55
26 56
27 56
27 57
26 57
26 58
26 57
26 56
27 56
28 56
28 57
27 57
27 58
28 58
29 58
28 58
29 58
28 58
27 58
27 59
26 59
27 59
26 59
26 60
27 60
26 60
26 61
27 61
26 61
27 61
26 61
26 62
26 63
25 63
26 63
26 64
26 63
26 64
25 64
26 64
25 64
25 65
26 65
27 65
26 65
27 65
27 66
27 67
27 66
27 67
27 66
27 67
27 66
27 65
27 64
28 64
27 64
28 64
28 63
27 63
26 63
25 63
25 64
24 64
25 64
25 65
25 66
25 67
26 67
26 66
26 67
25 67
25 68
25 67
25 68
25 67
25 66
24 66
24 65
24 66
24 65
24 66
24 65
24 64
24 63
23 63
23 62
23 61
22 61
22 60
22 61
22 62
22 63
22 64
22 65
