0 0
1 0
2 0
2 1
2 0
2 1
1 1
2 1
1 1
1 2
0 2
0 1
0 0
0 1
1 1
2 1
3 1
3 0
4 0
4 1
4 2
3 2
3 1
2 1
2 0
3 0
3 1
2 1
2 2
1 2
0 2
0 1
1 1
1 0
0 0
0 1
1 1
1 2
1 1
2 1
1 1
1 2
1 1
2 1
3 1
3 2
2 2
1 2
2 2
1 2
1 3
2 3
2 4
1 4
2 4
2 3
3 3
3 2
2 2
2 3
3 3
4 3
5 3
5 2
5 3
5 4
6 4
5 4
5 3
5 2
6 2
5 2
6 2
6 1
5 1
5 2
4 2
3 2
4 2
3 2
2 2
1 2
1 1
1 0
2 0
2 1
2 0
2 1
1 1
1 0
1 1
1 2
1 3
1 2
1 1
1 2
0 2
0 1
0 2
1 2
1 1
1 2
1 1
1 0
1 1
2 1
2 0
2 1
3 1
3 2
4 2
5 2
6 2
6 3
6 4
5 4
5 3
6 3
6 4
7 4
7 3
7 4
6 4
5 4
6 4
6 3
6 4
5 4
4 4
3 4
3 3
2 3
1 3
1 4
2 4
2 5
3 5
2 5
1 5
0 5
1 5
1 4
2 4
1 4
1 3
0 3
1 3
1 4
1 3
1 2
2 2
1 2
1 3
1 4
1 5
1 6
1 5
1 4
2 4
2 5
2 4
2 5
2 4
2 3
1 3
1 2
2 2
2 1
1 1
2 1
2 0
2 1
2 0
2 1
1 1
2 1
2 0
2 1
2 0
3 0
4 0
4 1
3 1
4 1
3 1
3 2
4 2
5 2
5 3
5 4
4 4
4 3
4 2
3 2
3 3
3 4
3 5
3 6
3 5
4 5
4 4
4 3
4 4
4 5
4 6
5 6
5 7
6 7
5 7
5 6
5 7
6 7
6 8
5 8
4 8
5 8
6 8
6 9
7 9
7 10
6 10
5 10
4 10
3 10
3 11
4 11
4 10
4 9
3 9
3 10
2 10
1 10
0 10
0 11
1 11
0 11
0 10
1 10
1 9
2 9
1 9
1 10
1 11
1 12
0 12
1 12
1 11
1 10
2 10
2 11
3 11
3 12
3 11
2 11
2 10
1 10
2 10
2 11
2 10
3 10
4 10
3 10
3 11
2 11
3 11
3 10
2 10
1 10
0 10
0 11
1 11
1 12
1 11
0 11
0 10
1 10
2 10
3 10
4 10
4 11
3 11
3 12
4 12
3 12
3 13
2 13
2 14
2 15
3 15
2 15
1 15
0 15
1 15
1 14
1 13
1 12
0 12
0 11
1 11
1 10
1 11
1 10
1 11
1 12
1 13
1 12
1 13
1 14
1 15
2 15
2 14
2 15
2 14
2 13
3 13
3 14
3 15
3 14
2 14
3 14
4 14
3 14
3 15
4 15
4 16
4 15
4 14
4 13
5 13
5 14
4 14
5 14
4 14
3 14
3 13
3 12
4 12
4 11
4 10
4 9
4 8
4 9
3 9
3 10
2 10
2 9
2 10
2 9
2 8
2 7
2 8
1 8
1 7
1 8
2 8
3 8
4 8
4 7
5 7
5 6
5 5
5 6
6 6
7 6
7 7
7 6
7 5
8 5
9 5
10 5
10 6
10 7
10 6
10 7
10 6
10 7
10 8
9 8
9 7
8 7
8 8
8 9
8 8
9 8
9 9
10 9
10 8
10 9
10 10
11 10
11 9
11 10
10 10
10 9
9 9
8 9
8 8
8 7
8 8
9 8
9 9
8 9
7 9
7 10
7 11
6 11
6 10
6 9
6 10
5 10
6 10
6 11
7 11
6 11
5 11
6 11
5 11
5 12
5 13
5 12
5 11
4 11
5 11
6 11
7 11
8 11
7 11
6 11
6 12
7 12
7 11
7 12
8 12
8 13
9 13
9 14
8 14
8 13
8 14
8 13
9 13
10 13
9 13
9 14
8 14
9 14
9 13
9 14
9 13
10 13
11 13
10 13
10 14
9 14
9 15
9 14
9 15
9 16
8 16
9 16
9 15
9 14
9 15
9 16
9 17
10 17
10 16
10 15
9 15
10 15
11 15
12 15
12 14
13 14
13 15
14 15
15 15
14 15
14 16
13 16
12 16
11 16
10 16
10 15
10 14
10 13
9 13
8 13
8 14
9 14
9 13
9 12
10 12
10 13
11 13
11 14
10 14
9 14
9 13
9 12
8 12
8 11
8 10
7 10
7 11
7 12
7 13
6 13
6 14
6 13
7 13
7 14
7 15
7 14
7 15
7 14
8 14
8 15
8 16
9 16
8 16
9 16
9 17
10 17
9 17
8 17
8 16
9 16
9 17
9 16
8 16
8 17
9 17
8 17
8 18
7 18
7 17
7 16
7 17
6 17
7 17
6 17
6 18
5 18
6 18
6 19
6 20
5 20
4 20
5 20
5 21
5 20
5 21
4 21
3 21
3 22
3 23
3 22
2 22
2 21
3 21
3 22
3 23
3 22
3 23
4 23
4 24
3 24
3 23
2 23
3 23
4 23
4 22
3 22
3 23
3 24
3 25
3 26
3 25
3 26
4 26
5 26
6 26
6 27
6 26
7 26
7 25
7 26
7 27
6 27
6 28
6 29
5 29
4 29
4 30
5 30
5 29
5 28
5 27
4 27
5 27
6 27
6 28
7 28
7 29
7 30
8 30
8 31
8 30
9 30
10 30
9 30
10 30
9 30
8 30
8 31
7 31
7 30
8 30
7 30
6 30
7 30
8 30
8 29
7 29
7 30
8 30
8 31
9 31
9 30
10 30
11 30
11 31
10 31
10 30
9 30
9 29
10 29
11 29
10 29
9 29
8 29
7 29
7 28
7 29
6 29
7 29
8 29
7 29
7 30
7 31
7 30
8 30
8 31
8 32
7 32
6 32
5 32
5 33
5 34
5 35
6 35
5 35
5 36
6 36
6 37
5 37
6 37
6 38
6 39
6 40
6 41
7 41
8 41
8 40
9 40
10 40
10 39
10 40
11 40
12 40
11 40
12 40
12 39
11 39
11 40
11 41
11 42
11 41
11 40
11 41
11 42
11 41
11 40
12 40
12 39
12 40
12 41
12 42
11 42
11 43
11 44
11 43
10 43
10 42
10 43
9 43
9 44
9 43
9 44
9 43
10 43
10 44
9 44
8 44
9 44
9 43
8 43
8 44
8 43
8 44
7 44
7 45
7 44
7 45
7 46
7 45
8 45
9 45
8 45
8 46
8 47
7 47
7 48
7 49
8 49
8 50
8 51
8 50
9 50
8 50
9 50
8 50
8 51
7 51
6 51
5 51
4 51
3 51
3 52
4 52
4 51
5 51
5 50
6 50
6 51
7 51
8 51
7 51
7 52
7 53
6 53
6 52
7 52
8 52
8 53
7 53
6 53
5 53
5 52
6 52
6 51
7 51
7 50
7 51
7 50
6 50
5 50
5 51
4 51
5 51
5 52
5 51
5 52
4 52
5 52
5 51
4 51
4 52
4 53
5 53
4 53
4 52
4 51
3 51
3 52
3 53
3 52
2 52
2 53
1 53
1 54
2 54
1 54
2 54
2 55
3 55
4 55
3 55
3 54
3 53
3 54
3 55
3 56
3 55
3 54
2 54
2 53
1 53
1 54
1 55
1 54
1 53
1 52
1 51
1 50
1 51
1 50
2 50
1 50
0 50
0 49
1 49
2 49
2 50
2 49
2 50
3 50
2 50
2 49
2 50
2 51
2 50
1 50
1 49
1 48
1 47
0 47
0 46
0 47
1 47
1 46
1 45
2 45
2 44
3 44
4 44
3 44
3 45
3 46
2 46
2 45
3 45
3 44
3 45
4 45
4 46
4 45
5 45
5 44
5 45
4 45
3 45
3 46
4 46
3 46
3 45
2 45
1 45
0 45
1 45
0 45
1 45
0 45
0 44
1 44
1 43
0 43
0 42
0 41
0 40
0 41
1 41
0 41
0 40
1 40
1 39
2 39
1 39
2 39
1 39
1 38
0 38
0 39
0 38
0 37
0 38
0 37
0 36
1 36
1 35
2 35
2 36
1 36
1 37
1 38
2 38
3 38
2 38
1 38
1 39
0 39
1 39
1 38
2 38
2 37
3 37
3 38
3 39
4 39
3 39
3 38
3 37
3 36
4 36
4 37
4 36
4 35
4 36
4 37
4 36
3 36
3 35
3 36
4 36
4 37
5 37
5 38
6 38
6 37
6 36
7 36
7 37
6 37
5 37
6 37
5 37
5 38
5 37
4 37
5 37
4 37
4 36
5 36
4 36
3 36
3 35
3 34
4 34
5 34
5 35
5 36
6 36
7 36
6 36
7 36
8 36
7 36
7 37
7 36
8 36
7 36
6 36
7 36
8 36
7 36
6 36
6 35
6 34
7 34
7 35
7 36
8 36
9 36
9 35
10 35
10 36
11 36
12 36
11 36
