0 0
0 1
1 1
2 1
2 0
1 0
1 1
2 1
3 1
3 2
2 2
2 3
2 4
2 3
3 3
3 2
2 2
1 2
0 2
1 2
0 2
1 2
2 2
2 3
1 3
1 2
0 2
1 2
0 2
0 3
0 2
1 2
1 1
1 0
0 0
0 1
1 1
1 2
0 2
0 1
1 1
2 1
3 1
3 0
4 0
4 1
4 0
4 1
4 2
3 2
4 2
5 2
5 1
6 1
6 0
6 1
5 1
4 1
3 1
2 1
1 1
0 1
1 1
0 1
0 2
0 3
0 2
1 2
2 2
2 1
1 1
1 0
2 0
3 0
4 0
3 0
3 1
3 2
3 3
3 4
3 5
2 5
3 5
2 5
1 5
0 5
0 4
0 5
0 4
0 5
1 5
1 4
1 3
2 3
2 4
3 4
3 3
3 4
3 3
3 2
3 1
3 0
4 0
4 1
4 0
5 0
5 1
5 0
6 0
7 0
6 0
5 0
4 0
4 1
5 1
6 1
7 1
7 2
6 2
6 3
5 3
6 3
7 3
7 4
8 4
7 4
7 3
6 3
6 2
7 2
6 2
5 2
5 3
4 3
5 3
6 3
7 3
8 3
9 3
10 3
9 3
9 4
9 3
8 3
7 3
6 3
6 4
7 4
8 4
9 4
9 3
8 3
8 2
8 1
7 1
7 0
7 1
6 1
5 1
6 1
6 0
5 0
5 1
4 1
3 1
2 1
1 1
1 2
1 1
2 1
2 2
3 2
2 2
1 2
0 2
0 3
0 4
1 4
1 3
2 3
1 3
2 3
3 3
3 2
4 2
4 1
3 1
4 1
5 1
5 0
4 0
3 0
4 0
3 0
2 0
3 0
3 1
4 1
4 2
4 3
3 3
4 3
5 3
5 4
5 5
6 5
7 5
8 5
8 6
9 6
10 6
11 6
11 5
11 6
12 6
11 6
11 7
10 7
9 7
10 7
10 6
9 6
9 5
9 4
9 5
10 5
9 5
9 6
9 5
10 5
9 5
9 6
9 7
10 7
9 7
9 8
10 8
9 8
9 7
9 8
8 8
9 8
9 7
10 7
9 7
10 7
10 8
10 9
9 9
9 10
10 10
9 10
9 9
9 10
8 10
8 11
9 11
9 10
10 10
11 10
11 11
11 10
12 10
12 9
11 9
11 8
12 8
12 7
11 7
11 8
11 9
12 9
13 9
13 10
13 9
14 9
15 9
14 9
15 9
15 8
15 9
15 10
16 10
15 10
15 11
15 12
15 11
15 12
14 12
14 13
14 12
14 13
13 13
13 14
13 13
12 13
12 12
11 12
11 11
12 11
12 12
13 12
13 11
13 12
14 12
15 12
15 13
16 13
15 13
14 13
15 13
14 13
13 13
13 12
13 11
13 10
13 11
13 12
13 13
13 12
13 13
12 13
11 13
11 14
11 13
10 13
10 12
10 13
10 14
11 14
12 14
12 13
11 13
11 12
11 11
11 10
12 10
12 11
12 10
13 10
14 10
14 9
13 9
13 10
14 10
14 9
14 8
14 9
14 8
14 9
14 10
15 10
15 11
15 10
14 10
14 11
14 10
13 10
13 11
14 11
15 11
14 11
14 12
14 11
13 11
13 12
12 12
13 12
13 13
14 13
15 13
15 12
16 12
15 12
15 11
15 12
16 12
16 11
16 10
16 9
15 9
15 10
15 9
16 9
16 8
15 8
15 9
15 8
16 8
15 8
16 8
15 8
15 9
15 10
15 9
15 10
16 10
16 9
16 10
16 9
16 10
16 9
15 9
16 9
16 8
16 7
15 7
16 7
17 7
18 7
18 6
19 6
19 5
19 6
18 6
17 6
17 7
17 6
18 6
18 7
17 7
17 6
17 7
18 7
17 7
16 7
16 8
15 8
16 8
16 9
16 10
16 11
17 11
17 12
17 11
18 11
18 12
18 11
17 11
16 11
15 11
15 10
14 10
14 9
13 9
12 9
11 9
12 9
13 9
14 9
13 9
12 9
12 8
12 7
12 6
13 6
13 7
12 7
12 8
13 8
14 8
15 8
15 7
16 7
17 7
17 6
18 6
19 6
20 6
20 7
21 7
22 7
23 7
23 6
22 6
22 5
21 5
22 5
23 5
22 5
22 4
23 4
22 4
22 3
22 4
23 4
22 4
22 5
22 6
22 5
21 5
22 5
21 5
20 5
21 5
22 5
23 5
23 4
23 5
22 5
21 5
22 5
21 5
22 5
23 5
22 5
21 5
21 4
22 4
22 3
22 2
22 3
23 3
22 3
21 3
21 4
21 5
21 6
22 6
21 6
21 7
22 7
21 7
20 7
21 7
21 6
20 6
20 5
20 6
21 6
20 6
21 6
21 7
20 7
21 7
20 7
20 8
19 8
19 7
19 8
20 8
21 8
22 8
22 7
21 7
20 7
20 8
21 8
21 9
22 9
22 8
23 8
23 7
24 7
25 7
26 7
26 8
25 8
25 7
26 7
27 7
28 7
28 8
27 8
28 8
28 7
28 8
28 7
28 6
28 5
29 5
30 5
29 5
30 5
30 4
29 4
29 5
30 5
29 5
28 5
28 4
28 3
28 2
29 2
29 1
30 1
30 0
30 1
30 2
30 1
30 2
30 3
31 3
31 2
31 1
30 1
30 2
30 1
30 2
29 2
28 2
29 2
28 2
28 3
28 4
28 3
28 2
28 1
28 2
28 3
28 4
28 3
27 3
26 3
26 2
27 2
26 2
27 2
27 1
28 1
28 0
27 0
26 0
26 1
25 1
26 1
25 1
26 1
26 2
25 2
25 1
25 2
25 3
25 2
25 3
25 2
26 2
26 3
27 3
27 2
27 1
28 1
27 1
27 2
28 2
28 3
29 3
30 3
31 3
30 3
30 2
30 3
31 3
31 4
31 3
31 4
32 4
33 4
33 5
34 5
34 4
34 3
34 4
35 4
34 4
33 4
33 5
33 4
32 4
33 4
34 4
34 5
34 6
33 6
32 6
31 6
32 6
33 6
32 6
32 7
33 7
32 7
32 8
33 8
34 8
34 9
34 8
33 8
34 8
33 8
34 8
33 8
34 8
35 8
35 9
36 9
37 9
38 9
38 10
37 10
37 9
37 10
37 9
37 8
38 8
39 8
38 8
39 8
39 9
38 9
39 9
40 9
40 8
39 8
40 8
41 8
41 9
40 9
40 10
40 9
39 9
40 9
41 9
41 10
42 10
41 10
42 10
42 11
42 10
42 9
42 10
42 9
42 8
43 8
44 8
44 9
45 9
45 10
44 10
44 9
43 9
44 9
44 10
44 9
44 8
45 8
45 7
46 7
46 6
47 6
48 6
47 6
47 7
48 7
48 8
47 8
47 9
47 8
47 9
47 10
48 10
49 10
49 9
50 9
51 9
51 8
50 8
50 7
51 7
52 7
52 8
51 8
51 9
51 10
52 10
52 9
52 10
53 10
52 10
53 10
53 11
53 12
54 12
53 12
52 12
52 11
52 12
52 13
53 13
54 13
55 13
55 14
56 14
56 13
56 12
55 12
56 12
57 12
56 12
56 11
57 11
57 10
58 10
57 10
57 9
58 9
57 9
57 8
58 8
58 9
58 8
58 9
58 8
59 8
58 8
57 8
56 8
55 8
55 9
55 8
54 8
53 8
52 8
53 8
52 8
51 8
50 8
50 9
50 10
51 10
51 9
51 8
51 7
50 7
49 7
48 7
49 7
50 7
49 7
48 7
47 7
47 6
47 7
48 7
48 8
48 7
49 7
48 7
48 8
48 7
47 7
48 7
48 8
48 7
49 7
48 7
48 8
47 8
47 7
47 8
47 7
47 6
47 7
47 6
48 6
48 7
48 6
48 5
49 5
49 6
49 7
50 7
50 6
49 6
49 7
49 8
48 8
48 7
48 6
48 5
48 6
47 6
47 5
48 5
49 5
49 6
48 6
48 5
48 4
47 4
48 4
49 4
49 3
50 3
50 2
51 2
51 1
51 0
50 0
50 1
50 0
49 0
50 0
51 0
51 1
50 1
50 0
50 1
50 0
50 1
51 1
51 2
51 1
51 2
52 2
52 1
52 0
51 0
51 1
52 1
52 2
52 3
51 3
51 4
51 5
51 4
51 5
50 5
50 4
50 5
49 5
48 5
49 5
49 4
48 4
47 4
48 4
48 3
48 4
48 3
47 3
47 2
47 3
48 3
47 3
48 3
48 2
49 2
49 1
49 2
48 2
48 3
48 2
48 3
48 2
48 3
48 2
48 1
49 1
50 1
50 2
50 1
50 0
49 0
50 0
50 1
49 1
49 2
49 1
49 0
49 1
49 2
50 2
51 2
51 3
52 3
51 3
51 2
52 2
51 2
50 2
49 2
49 3
48 3
47 3
47 4
47 5
46 5
46 4
45 4
46 4
46 5
46 6
46 7
46 8
47 8
46 8
45 8
44 8
44 7
