0 0
1 0
2 0
3 0
3 1
3 0
2 0
2 1
3 1
4 1
4 0
4 1
4 2
5 2
4 2
4 1
4 0
4 1
3 1
3 2
3 3
3 4
2 4
3 4
2 4
3 4
3 3
3 2
3 1
4 1
4 2
4 1
5 1
5 0
4 0
4 1
4 2
4 3
5 3
4 3
5 3
6 3
5 3
5 4
5 5
4 5
4 6
3 6
3 7
3 6
4 6
4 7
3 7
4 7
4 6
4 7
4 8
4 9
3 9
4 9
5 9
5 8
5 7
4 7
4 6
4 7
5 7
5 8
5 7
6 7
6 8
5 8
6 8
6 9
5 9
5 10
6 10
5 10
5 11
6 11
6 12
6 11
6 12
5 12
5 11
6 11
5 11
5 10
5 9
4 9
5 9
5 8
6 8
5 8
5 7
5 6
4 6
3 6
3 7
2 7
3 7
3 6
4 6
5 6
5 7
6 7
6 8
6 7
5 7
5 8
5 9
5 10
5 11
6 11
6 10
5 10
5 9
4 9
5 9
5 10
4 10
5 10
6 10
6 11
7 11
6 11
5 11
6 11
7 11
6 11
6 10
6 11
6 10
5 10
5 9
4 9
3 9
3 8
4 8
3 8
3 9
3 8
3 9
2 9
1 9
1 8
1 7
1 6
2 6
3 6
3 5
4 5
4 6
4 5
5 5
6 5
6 4
5 4
5 3
6 3
6 2
6 3
7 3
8 3
8 2
8 1
8 0
8 1
8 2
9 2
9 1
9 0
9 1
8 1
8 2
8 1
8 2
7 2
7 3
6 3
5 3
5 4
6 4
5 4
5 3
6 3
5 3
5 2
6 2
5 2
4 2
4 1
4 0
3 0
4 0
5 0
5 1
5 2
6 2
5 2
5 1
6 1
6 2
7 2
7 3
7 2
8 2
9 2
9 3
8 3
7 3
7 4
8 4
8 5
8 4
8 5
7 5
7 6
7 7
8 7
7 7
7 8
6 8
7 8
7 9
7 8
7 9
6 9
5 9
5 8
6 8
6 9
7 9
7 8
6 8
6 7
6 6
5 6
5 5
5 4
6 4
6 5
5 5
6 5
7 5
8 5
8 6
7 6
7 7
6 7
6 8
6 9
6 10
7 10
6 10
7 10
6 10
7 10
6 10
6 9
7 9
6 9
6 8
6 9
7 9
7 10
7 11
7 12
7 11
7 12
7 11
7 12
7 13
7 14
7 13
7 14
8 14
7 14
8 14
7 14
6 14
5 14
4 14
4 13
4 14
3 14
3 13
3 14
4 14
5 14
6 14
6 15
7 15
8 15
8 14
7 14
7 13
8 13
8 12
8 13
8 12
8 13
8 14
8 15
8 14
7 14
6 14
6 15
7 15
6 15
7 15
7 16
8 16
9 16
8 16
8 17
8 16
9 16
10 16
11 16
11 17
10 17
11 17
10 17
11 17
11 16
10 16
10 15
10 14
9 14
9 13
8 13
8 14
9 14
9 15
9 16
9 15
10 15
11 15
11 16
11 15
11 14
11 13
11 14
11 15
12 15
11 15
10 15
10 14
10 13
10 14
10 13
9 13
9 14
9 15
9 14
9 13
9 12
9 13
8 13
7 13
6 13
6 12
6 11
6 12
6 11
6 10
7 10
8 10
8 11
8 10
7 10
7 9
7 10
8 10
8 11
9 11
10 11
10 10
10 11
10 12
11 12
12 12
12 13
13 13
12 13
12 12
12 13
13 13
13 14
14 14
15 14
16 14
17 14
17 15
18 15
18 16
18 17
19 17
20 17
20 16
20 15
20 14
19 14
20 14
19 14
19 13
20 13
20 12
20 11
19 11
18 11
17 11
17 10
17 11
17 10
17 9
17 8
17 9
17 10
17 11
18 11
17 11
16 11
15 11
15 12
16 12
16 13
16 14
16 15
16 16
15 16
15 17
14 17
14 18
15 18
15 17
14 17
14 18
15 18
14 18
14 17
14 16
15 16
16 16
16 17
16 18
15 18
16 18
16 19
17 19
17 18
18 18
19 18
19 17
19 16
18 16
19 16
18 16
18 17
17 17
18 17
18 16
17 16
17 15
17 14
17 13
17 12
17 11
17 10
17 9
17 10
17 11
18 11
19 11
19 10
20 10
20 11
19 11
19 12
20 12
20 11
19 11
19 12
19 11
20 11
20 10
21 10
22 10
21 10
22 10
23 10
24 10
24 9
24 10
24 9
23 9
22 9
21 9
22 9
22 8
22 7
22 8
22 7
21 7
22 7
22 6
23 6
24 6
25 6
25 7
26 7
26 6
27 6
27 7
27 8
27 7
27 6
26 6
26 7
27 7
27 6
27 5
26 5
26 4
26 5
27 5
26 5
26 4
25 4
26 4
26 3
26 2
27 2
27 3
26 3
25 3
24 3
24 4
25 4
24 4
24 3
24 2
24 1
24 2
24 3
24 2
24 1
23 1
24 1
25 1
26 1
25 1
24 1
24 0
23 0
23 1
23 2
22 2
22 1
22 2
22 3
22 2
21 2
21 3
21 2
21 1
21 0
21 1
21 2
20 2
20 3
20 2
21 2
20 2
21 2
21 3
22 3
21 3
21 2
21 3
22 3
21 3
20 3
20 2
21 2
21 3
21 4
22 4
23 4
23 3
23 4
22 4
23 4
24 4
24 5
25 5
24 5
24 4
25 4
25 3
25 2
25 3
26 3
27 3
28 3
29 3
30 3
30 2
30 3
29 3
29 4
29 5
29 6
28 6
29 6
30 6
30 7
31 7
32 7
31 7
32 7
32 8
33 8
33 7
34 7
35 7
35 6
35 5
35 4
35 5
35 4
35 3
35 4
35 3
35 4
36 4
36 5
36 6
35 6
36 6
37 6
37 7
37 6
37 5
36 5
36 6
37 6
36 6
35 6
35 5
36 5
36 4
36 5
35 5
36 5
37 5
37 4
37 3
36 3
35 3
35 4
34 4
34 5
34 4
34 5
34 6
35 6
34 6
35 6
35 7
34 7
34 6
34 7
35 7
35 8
35 7
35 8
36 8
37 8
38 8
37 8
37 9
36 9
35 9
35 8
35 7
36 7
37 7
37 6
38 6
38 5
38 4
37 4
37 5
37 6
37 5
38 5
39 5
38 5
38 6
38 7
37 7
36 7
36 8
35 8
35 9
35 8
35 9
36 9
36 10
36 11
36 10
36 11
37 11
36 11
36 10
36 11
36 10
36 11
37 11
36 11
36 10
36 9
36 10
37 10
37 11
37 10
38 10
39 10
39 9
38 9
39 9
39 8
40 8
39 8
38 8
39 8
40 8
40 7
40 8
40 7
41 7
41 6
41 5
40 5
41 5
40 5
41 5
42 5
42 6
42 5
42 4
42 5
43 5
42 5
42 6
42 5
42 4
43 4
44 4
44 3
44 2
44 1
45 1
44 1
43 1
43 2
44 2
45 2
45 1
45 2
45 1
45 0
44 0
45 0
45 1
44 1
44 0
43 0
42 0
43 0
43 1
42 1
42 0
41 0
41 1
40 1
40 2
40 1
39 1
40 1
41 1
42 1
42 2
41 2
41 3
41 2
42 2
42 1
41 1
41 0
40 0
39 0
39 1
38 1
39 1
40 1
40 2
40 3
39 3
38 3
39 3
40 3
41 3
41 4
40 4
41 4
40 4
40 5
40 4
40 5
39 5
38 5
38 6
39 6
39 5
40 5
40 6
39 6
39 5
40 5
39 5
39 6
39 7
40 7
41 7
40 7
40 6
40 5
40 4
39 4
39 3
40 3
40 2
41 2
40 2
40 1
39 1
39 0
39 1
38 1
37 1
36 1
36 2
35 2
35 3
35 2
35 1
35 0
36 0
36 1
36 2
36 1
37 1
36 1
36 2
36 1
36 2
35 2
36 2
37 2
37 3
37 2
38 2
38 1
39 1
38 1
38 2
39 2
39 1
39 2
40 2
39 2
39 1
39 0
38 0
39 0
39 1
40 1
40 0
40 1
40 2
40 1
40 2
39 2
39 1
39 2
39 3
39 2
38 2
38 3
39 3
39 2
40 2
40 3
40 4
40 3
40 2
40 1
39 1
39 0
39 1
40 1
41 1
42 1
41 1
41 2
42 2
42 3
43 3
43 4
44 4
44 5
45 5
44 5
45 5
45 6
45 7
46 7
46 6
46 5
46 4
46 3
46 4
46 3
47 3
48 3
48 2
49 2
50 2
51 2
51 1
52 1
52 0
51 0
51 1
51 2
50 2
50 3
50 4
51 4
51 3
50 3
50 2
51 2
52 2
51 2
52 2
53 2
53 1
54 1
55 1
56 1
55 1
55 2
56 2
55 2
56 2
55 2
55 1
54 1
54 2
54 1
55 1
54 1
53 1
53 2
53 3
53 4
53 5
54 5
55 5
56 5
56 4
56 3
56 2
55 2
54 2
55 2
54 2
54 1
53 1
53 0
54 0
54 1
53 1
53 0
54 0
54 1
