0 0
1 0
0 0
1 0
2 0
2 1
3 1
4 1
5 1
5 0
5 1
4 1
4 0
3 0
3 1
3 2
4 2
4 3
3 3
3 2
3 3
3 4
3 5
2 5
3 5
2 5
2 6
3 6
4 6
4 7
5 7
5 6
5 7
6 7
7 7
7 8
7 7
7 8
7 9
7 8
8 8
9 8
9 9
9 10
8 10
8 9
7 9
6 9
5 9
5 10
4 10
4 11
4 12
3 12
4 12
4 13
5 13
5 14
6 14
6 13
7 13
7 12
6 12
6 11
6 10
7 10
7 9
8 9
8 10
7 10
7 11
7 12
7 13
7 14
7 13
6 13
6 14
6 15
6 14
6 13
5 13
4 13
3 13
2 13
2 12
1 12
1 13
0 13
1 13
2 13
2 14
2 13
1 13
1 12
1 13
1 14
0 14
0 13
1 13
0 13
1 13
2 13
3 13
3 14
4 14
4 13
4 12
4 11
4 10
4 11
4 12
3 12
3 11
4 11
3 11
3 10
2 10
1 10
2 10
1 10
1 11
2 11
1 11
0 11
0 10
0 9
0 8
0 7
0 8
1 8
1 9
1 8
2 8
2 7
1 7
1 8
1 9
0 9
0 10
0 11
0 12
1 12
0 12
0 11
1 11
1 12
2 12
1 12
2 12
1 12
1 11
0 11
1 11
1 10
2 10
3 10
2 10
3 10
3 11
3 12
4 12
4 13
5 13
6 13
6 14
6 13
7 13
8 13
9 13
8 13
8 12
7 12
7 11
7 10
8 10
8 9
8 8
7 8
6 8
6 7
5 7
5 6
4 6
4 7
3 7
4 7
4 6
5 6
5 7
6 7
6 8
6 7
7 7
7 6
6 6
6 7
5 7
4 7
5 7
5 8
5 7
5 6
4 6
4 5
4 6
3 6
3 7
3 8
2 8
2 7
2 8
1 8
2 8
2 7
1 7
0 7
1 7
1 8
0 8
0 7
1 7
1 6
1 7
0 7
0 8
1 8
2 8
2 7
3 7
3 6
3 7
2 7
2 6
2 7
2 8
2 9
2 10
2 9
2 8
2 9
3 9
2 9
2 10
1 10
0 10
0 9
1 9
0 9
1 9
0 9
0 8
1 8
0 8
1 8
1 7
2 7
1 7
0 7
0 6
0 7
1 7
2 7
1 7
0 7
0 6
1 6
2 6
2 5
3 5
2 5
2 4
2 3
3 3
3 2
3 1
3 0
4 0
4 1
4 2
4 1
3 1
2 1
3 1
4 1
3 1
3 0
3 1
4 1
3 1
3 0
2 0
1 0
1 1
2 1
2 0
3 0
2 0
2 1
2 0
3 0
3 1
3 2
2 2
1 2
1 1
1 0
2 0
1 0
1 1
0 1
1 1
0 1
1 1
1 0
1 1
1 2
2 2
2 3
2 4
1 4
1 3
1 4
1 3
1 2
1 3
1 4
0 4
1 4
0 4
0 5
0 4
0 5
0 4
1 4
2 4
2 5
3 5
4 5
4 4
5 4
6 4
6 3
6 4
6 5
7 5
7 4
6 4
6 5
5 5
4 5
3 5
3 4
3 3
3 2
3 1
4 1
5 1
6 1
5 1
5 2
6 2
6 1
7 1
8 1
9 1
9 0
10 0
11 0
11 1
11 2
11 3
10 3
10 2
9 2
9 3
8 3
8 2
7 2
8 2
9 2
10 2
11 2
10 2
9 2
9 1
8 1
8 0
8 1
8 2
8 3
9 3
9 2
10 2
10 1
10 0
11 0
11 1
12 1
13 1
12 1
12 0
12 1
13 1
13 0
13 1
12 1
12 0
13 0
13 1
14 1
14 2
13 2
13 1
13 0
12 0
12 1
12 2
13 2
12 2
13 2
12 2
12 1
12 0
11 0
12 0
11 0
11 1
12 1
11 1
12 1
13 1
13 0
12 0
11 0
10 0
10 1
9 1
10 1
11 1
12 1
13 1
13 2
14 2
14 1
13 1
12 1
11 1
11 2
11 3
11 4
12 4
11 4
11 3
12 3
12 2
13 2
12 2
12 1
12 2
12 3
12 4
12 5
13 5
12 5
12 4
12 3
11 3
12 3
13 3
13 4
12 4
12 5
12 4
13 4
12 4
13 4
12 4
13 4
13 5
14 5
14 4
13 4
13 5
13 6
12 6
13 6
12 6
11 6
12 6
12 7
11 7
11 8
11 9
12 9
11 9
12 9
11 9
12 9
12 10
13 10
14 10
14 11
14 10
15 10
14 10
13 10
13 11
13 12
13 11
12 11
11 11
12 11
11 11
12 11
13 11
13 12
13 11
13 10
12 10
13 10
13 11
14 11
14 12
13 12
12 12
12 11
13 11
14 11
14 12
14 11
13 11
13 10
13 9
13 8
12 8
11 8
10 8
11 8
11 9
11 8
11 7
10 7
10 6
9 6
9 7
10 7
11 7
11 8
12 8
12 7
13 7
14 7
14 6
14 5
14 6
14 7
13 7
13 8
12 8
12 7
12 8
12 9
12 8
11 8
12 8
12 7
11 7
10 7
11 7
12 7
11 7
11 8
11 7
11 8
12 8
12 9
13 9
13 10
12 10
12 11
12 12
13 12
13 13
12 13
11 13
11 12
11 11
10 11
10 12
11 12
11 13
11 14
12 14
12 13
12 12
12 11
12 10
12 11
12 12
12 11
12 12
12 11
12 12
12 11
13 11
13 10
14 10
14 9
15 9
14 9
14 10
14 9
14 8
14 9
15 9
15 8
15 9
15 8
15 9
16 9
16 10
17 10
18 10
18 9
18 10
19 10
18 10
18 11
19 11
18 11
18 10
17 10
16 10
16 11
16 10
17 10
18 10
18 9
19 9
18 9
18 10
18 11
18 10
17 10
18 10
19 10
19 9
20 9
21 9
21 10
22 10
23 10
23 9
23 10
23 11
23 12
23 11
22 11
23 11
23 12
23 13
24 13
24 12
24 13
24 14
24 15
24 16
25 16
24 16
24 15
25 15
26 15
25 15
26 15
26 14
25 14
25 13
25 12
25 13
25 12
24 12
24 13
23 13
23 12
23 13
23 12
23 11
23 12
24 12
23 12
23 13
23 12
23 11
23 12
23 13
24 13
25 13
25 12
26 12
27 12
27 13
27 12
27 13
27 12
27 11
28 11
28 10
27 10
28 10
28 11
29 11
29 12
30 12
31 12
31 13
32 13
33 13
32 13
32 12
31 12
32 12
33 12
33 11
33 12
33 11
33 10
32 10
32 11
33 11
32 11
31 11
30 11
29 11
29 12
29 13
29 14
29 13
29 12
30 12
31 12
32 12
32 13
32 14
32 15
33 15
33 16
32 16
31 16
31 15
30 15
31 15
31 14
32 14
32 13
32 14
32 13
32 14
32 15
31 15
31 16
31 17
30 17
29 17
29 18
29 19
28 19
29 19
29 20
28 20
27 20
26 20
27 20
27 19
26 19
25 19
24 19
24 18
23 18
23 19
24 19
24 20
25 20
25 19
25 18
24 18
23 18
24 18
24 17
23 17
23 18
22 18
22 19
23 19
24 19
25 19
26 19
26 20
26 21
26 20
25 20
25 19
24 19
23 19
23 18
23 19
24 19
24 20
23 20
22 20
22 19
22 18
23 18
23 17
23 18
23 19
23 18
23 17
24 17
24 18
23 18
23 17
23 18
23 17
24 17
25 17
25 16
25 15
24 15
24 14
24 13
24 12
24 13
24 12
25 12
25 13
24 13
24 14
23 14
23 13
23 12
23 11
23 10
23 11
23 12
23 11
24 11
24 10
25 10
25 9
24 9
23 9
23 8
22 8
22 9
22 8
21 8
22 8
22 7
21 7
20 7
21 7
21 8
21 7
22 7
21 7
22 7
22 6
22 5
22 4
23 4
24 4
23 4
23 5
24 5
25 5
25 6
25 7
25 6
26 6
26 7
26 6
27 6
28 6
27 6
27 7
27 8
26 8
25 8
24 8
25 8
25 7
26 7
27 7
27 8
27 9
27 10
27 11
27 12
27 11
27 10
26 10
26 9
27 9
27 10
28 10
29 10
30 10
30 11
29 11
29 12
28 12
29 12
28 12
29 12
29 13
29 12
28 12
28 13
27 13
26 13
26 14
26 13
26 12
25 12
26 12
26 13
27 13
27 12
27 11
26 11
26 10
27 10
28 10
28 9
29 9
29 8
30 8
30 7
31 7
32 7
33 7
34 7
33 7
33 6
33 5
32 5
32 4
32 3
32 2
31 2
31 1
31 0
30 0
30 1
31 1
31 0
31 1
31 0
31 1
31 0
32 0
31 0
30 0
30 1
29 1
30 1
30 2
29 2
28 2
27 2
26 2
26 1
25 1
25 2
25 3
24 3
24 2
25 2
26 2
27 2
27 1
27 2
28 2
27 2
27 3
26 3
25 3
26 3
26 4
27 4
26 4
27 4
27 5
27 6
28 6
28 7
27 7
28 7
28 6
28 7
