0 0
1 0
1 1
1 0
2 0
1 0
1 1
1 2
1 3
1 4
1 5
1 6
2 6
2 7
1 7
1 8
2 8
2 9
3 9
2 9
1 9
2 9
2 10
1 10
1 9
1 10
2 10
1 10
1 11
1 12
0 12
1 12
1 13
1 14
0 14
0 15
1 15
0 15
0 16
1 16
2 16
3 16
4 16
5 16
4 16
5 16
5 15
4 15
4 16
5 16
5 17
5 16
4 16
4 17
4 16
4 17
4 18
5 18
6 18
7 18
6 18
5 18
6 18
7 18
7 19
8 19
7 19
7 18
7 17
8 17
8 18
8 19
8 20
8 19
8 18
8 17
9 17
9 18
9 17
8 17
7 17
8 17
9 17
9 18
10 18
10 19
9 19
10 19
11 19
10 19
11 19
10 19
11 19
12 19
13 19
14 19
15 19
14 19
15 19
15 18
15 17
15 18
15 19
15 18
14 18
14 19
14 18
14 19
15 19
15 20
16 20
15 20
14 20
14 21
13 21
14 21
13 21
12 21
12 20
11 20
10 20
9 20
9 21
9 20
9 19
9 20
10 20
10 21
10 20
9 20
8 20
9 20
10 20
11 20
10 20
10 19
9 19
9 18
9 17
10 17
11 17
11 18
10 18
10 17
10 16
9 16
9 17
8 17
7 17
7 16
8 16
8 17
9 17
8 17
9 17
8 17
8 16
7 16
7 17
6 17
6 16
6 15
5 15
4 15
4 16
4 15
4 16
5 16
4 16
4 17
3 17
4 17
4 16
3 16
3 17
3 16
2 16
2 15
3 15
2 15
3 15
3 16
3 17
3 18
3 19
3 18
2 18
2 17
2 16
2 17
1 17
1 18
1 19
1 18
0 18
0 17
1 17
1 18
2 18
1 18
1 17
0 17
0 16
0 15
0 16
1 16
2 16
2 15
1 15
2 15
1 15
2 15
1 15
1 14
1 13
1 14
1 13
1 12
0 12
0 13
1 13
0 13
1 13
2 13
3 13
3 14
3 15
2 15
2 16
2 15
2 16
1 16
1 17
1 16
2 16
2 15
3 15
4 15
4 16
4 15
4 14
4 15
5 15
5 16
5 15
5 14
6 14
5 14
5 15
5 14
6 14
7 14
7 13
6 13
5 13
6 13
5 13
4 13
5 13
4 13
4 12
4 11
5 11
4 11
3 11
3 12
3 13
2 13
2 12
2 13
3 13
3 12
3 11
3 10
2 10
1 10
2 10
3 10
3 11
3 12
2 12
2 11
2 10
2 11
2 10
2 9
1 9
0 9
0 8
1 8
0 8
0 9
0 8
0 9
0 10
0 9
1 9
2 9
2 8
3 8
3 9
2 9
2 8
2 7
3 7
2 7
2 6
3 6
3 5
4 5
3 5
3 4
4 4
4 3
5 3
5 4
4 4
4 3
4 2
3 2
3 3
4 3
4 2
4 1
4 0
4 1
4 0
4 1
4 0
5 0
5 1
6 1
6 2
5 2
6 2
7 2
8 2
8 1
9 1
9 0
10 0
10 1
10 2
10 1
10 0
10 1
10 2
9 2
8 2
8 1
7 1
7 0
6 0
6 1
5 1
5 2
6 2
6 3
6 2
6 3
5 3
5 2
5 1
5 0
5 1
5 0
5 1
6 1
6 2
6 3
7 3
6 3
6 2
5 2
4 2
5 2
5 1
5 2
6 2
6 3
6 2
7 2
7 3
6 3
7 3
7 4
7 3
8 3
8 4
7 4
7 5
8 5
8 6
8 7
8 8
8 7
8 6
8 7
8 6
8 7
7 7
8 7
9 7
9 8
9 7
9 8
8 8
8 7
7 7
6 7
7 7
7 6
7 5
6 5
7 5
6 5
6 4
6 5
7 5
6 5
6 6
7 6
7 7
7 6
6 6
5 6
5 5
5 4
6 4
7 4
8 4
8 5
8 6
9 6
9 5
10 5
10 6
9 6
10 6
10 5
9 5
8 5
8 6
8 7
9 7
8 7
7 7
7 6
6 6
6 5
6 4
6 3
7 3
7 2
6 2
6 1
7 1
8 1
8 0
8 1
9 1
10 1
10 2
9 2
9 3
9 2
9 3
9 2
9 3
9 2
9 1
9 2
9 3
8 3
9 3
9 4
8 4
8 5
7 5
7 6
6 6
7 6
7 7
6 7
5 7
5 8
5 9
5 10
4 10
5 10
5 11
5 12
4 12
5 12
5 11
5 10
6 10
7 10
6 10
6 9
6 10
7 10
7 9
7 8
6 8
6 7
6 8
6 9
6 10
6 9
6 10
5 10
6 10
7 10
7 11
7 10
8 10
8 11
8 10
8 11
8 12
8 13
9 13
9 12
8 12
7 12
6 12
6 13
7 13
7 14
7 13
7 12
7 13
8 13
7 13
8 13
7 13
7 14
6 14
5 14
4 14
5 14
5 13
6 13
6 14
5 14
5 13
6 13
6 12
6 13
6 12
7 12
8 12
7 12
6 12
6 11
7 11
7 10
7 9
7 10
7 11
7 10
7 9
6 9
5 9
5 10
5 11
5 10
6 10
6 9
6 8
6 9
6 8
6 9
7 9
7 10
7 11
6 11
6 10
7 10
8 10
7 10
8 10
7 10
7 11
7 10
6 10
7 10
6 10
6 11
5 11
5 12
5 11
4 11
3 11
4 11
4 12
3 12
2 12
1 12
2 12
2 11
3 11
3 10
4 10
5 10
5 11
6 11
5 11
6 11
6 12
5 12
6 12
6 13
6 14
5 14
5 15
4 15
4 14
4 13
3 13
4 13
4 12
3 12
3 13
2 13
2 12
3 12
3 13
2 13
2 12
3 12
3 11
3 12
3 11
3 10
2 10
2 11
2 12
3 12
3 11
3 12
2 12
3 12
3 11
4 11
5 11
6 11
6 12
7 12
8 12
8 11
9 11
9 12
8 12
8 13
8 14
9 14
8 14
8 15
8 16
8 17
7 17
8 17
8 16
9 16
9 17
9 18
9 19
9 20
8 20
8 19
7 19
6 19
7 19
7 18
6 18
6 19
6 20
5 20
4 20
5 20
5 21
5 22
4 22
5 22
4 22
3 22
2 22
3 22
3 23
3 24
2 24
3 24
2 24
2 25
3 25
3 26
2 26
1 26
2 26
2 27
2 28
1 28
0 28
1 28
1 29
2 29
1 29
0 29
1 29
1 30
1 29
1 28
1 29
1 30
1 29
1 30
1 29
0 29
0 28
1 28
1 29
2 29
2 30
2 31
2 30
3 30
2 30
2 31
2 30
3 30
3 29
4 29
4 28
4 29
4 28
3 28
3 29
3 30
4 30
4 31
3 31
2 31
3 31
3 30
4 30
5 30
5 29
5 28
5 29
6 29
6 30
6 31
6 30
5 30
4 30
3 30
4 30
4 31
4 30
4 31
4 30
5 30
6 30
5 30
4 30
3 30
3 31
4 31
5 31
5 32
6 32
7 32
8 32
8 31
8 30
9 30
10 30
11 30
11 31
11 30
11 29
11 30
12 30
11 30
11 31
10 31
11 31
10 31
10 30
10 31
10 32
10 31
11 31
11 32
11 31
11 32
10 32
9 32
9 33
9 32
10 32
11 32
11 31
11 32
10 32
10 31
11 31
12 31
11 31
11 30
10 30
10 29
10 30
9 30
10 30
10 31
10 30
10 29
9 29
9 30
8 30
8 29
8 28
8 27
9 27
10 27
10 26
10 25
10 24
10 23
11 23
11 24
10 24
10 25
9 25
10 25
11 25
10 25
11 25
11 24
11 25
12 25
13 25
12 25
12 24
13 24
13 23
14 23
15 23
14 23
15 23
15 22
16 22
17 22
17 23
17 24
18 24
18 23
17 23
17 24
16 24
16 23
17 23
18 23
17 23
16 23
16 22
15 22
15 23
15 24
15 25
14 25
13 25
13 26
13 25
14 25
14 26
13 26
12 26
11 26
11 25
10 25
10 26
10 25
10 26
10 27
10 28
11 28
10 28
9 28
8 28
9 28
10 28
10 29
10 28
10 29
11 29
12 29
12 30
12 29
13 29
14 29
13 29
12 29
11 29
10 29
11 29
11 28
11 27
12 27
13 27
13 26
13 25
14 25
14 24
14 23
14 24
15 24
14 24
15 24
14 24
14 25
14 24
13 24
13 23
13 22
14 22
14 23
13 23
13 22
13 23
14 23
13 23
14 23
14 22
15 22
15 23
14 23
13 23
13 24
13 23
14 23
14 22
14 21
15 21
14 21
14 22
14 21
14 22
14 21
15 21
15 22
15 23
14 23
14 24
14 23
14 24
15 24
15 23
15 22
15 21
14 21
13 21
13 22
13 21
13 20
14 20
15 20
16 20
17 20
16 20
16 21
16 22
16 23
17 23
17 24
18 24
19 24
19 25
19 26
19 25
18 25
18 26
18 27
19 27
19 26
19 27
18 27
17 27
16 27
15 27
15 28
14 28
14 27
14 28
14 29
14 28
14 27
