0 0
1 0
1 1
0 1
0 0
0 1
0 2
1 2
1 3
1 2
2 2
2 1
2 0
1 0
2 0
2 1
2 2
3 2
3 3
3 4
2 4
3 4
4 4
3 4
3 5
3 6
2 6
2 5
1 5
0 5
0 4
1 4
0 4
0 3
0 4
1 4
1 5
0 5
0 4
1 4
2 4
1 4
2 4
3 4
3 5
3 6
3 5
3 6
3 5
4 5
3 5
4 5
4 4
5 4
5 5
6 5
7 5
7 4
8 4
9 4
8 4
9 4
9 3
9 2
9 3
10 3
11 3
10 3
11 3
11 4
12 4
12 5
11 5
11 4
11 3
11 4
10 4
10 5
9 5
10 5
10 4
10 5
11 5
12 5
12 6
13 6
13 5
13 4
12 4
11 4
12 4
12 5
12 4
11 4
11 5
11 4
12 4
12 3
13 3
13 4
12 4
12 5
13 5
13 4
13 3
13 4
13 5
14 5
14 4
14 3
14 2
15 2
15 1
15 2
15 1
16 1
16 2
16 1
15 1
15 0
15 1
16 1
16 0
17 0
17 1
16 1
17 1
17 0
18 0
19 0
20 0
20 1
19 1
18 1
19 1
19 2
19 3
20 3
20 2
21 2
21 3
21 2
22 2
23 2
23 3
23 4
22 4
23 4
23 3
24 3
23 3
22 3
23 3
23 2
24 2
24 1
24 0
24 1
23 1
23 0
23 1
23 2
23 3
24 3
24 2
24 3
25 3
26 3
25 3
26 3
25 3
25 2
25 1
24 1
24 0
23 0
23 1
24 1
25 1
25 0
26 0
26 1
27 1
27 2
27 3
26 3
27 3
26 3
26 2
25 2
24 2
24 3
24 2
23 2
22 2
22 3
23 3
22 3
22 2
21 2
22 2
22 1
23 1
23 0
23 1
23 2
23 3
23 4
23 3
23 2
24 2
24 1
24 0
23 0
23 1
23 2
22 2
22 1
22 0
22 1
23 1
23 0
23 1
24 1
24 0
24 1
25 1
25 0
24 0
24 1
25 1
25 2
25 1
25 0
25 1
25 2
25 1
24 1
23 1
24 1
25 1
25 2
25 3
26 3
25 3
26 3
25 3
25 2
25 3
26 3
27 3
27 4
26 4
26 5
26 6
26 7
26 6
26 7
26 8
25 8
25 7
24 7
24 8
25 8
25 7
25 6
26 6
25 6
26 6
26 5
25 5
25 4
25 3
26 3
25 3
24 3
24 4
23 4
22 4
23 4
23 5
24 5
23 5
23 6
23 5
23 6
24 6
24 5
23 5
24 5
24 4
25 4
24 4
24 5
24 4
24 5
24 6
23 6
23 7
23 8
22 8
23 8
23 9
24 9
24 8
24 9
25 9
26 9
27 9
27 10
27 11
26 11
25 11
25 10
25 9
25 8
25 7
25 8
25 9
26 9
26 10
25 10
26 10
26 11
27 11
27 10
27 9
26 9
26 10
27 10
27 11
28 11
27 11
27 12
28 12
28 11
29 11
29 12
28 12
28 13
28 12
27 12
26 12
26 11
27 11
27 12
28 12
28 11
28 10
29 10
30 10
31 10
31 9
31 10
32 10
32 9
31 9
30 9
30 10
30 9
31 9
32 9
32 10
32 11
33 11
33 12
34 12
35 12
36 12
36 13
36 14
37 14
37 15
37 16
38 16
39 16
40 16
40 17
40 16
40 15
40 14
39 14
39 15
39 14
39 13
39 14
38 14
38 15
39 15
40 15
40 14
39 14
38 14
39 14
40 14
40 13
39 13
39 12
39 13
39 14
38 14
37 14
38 14
39 14
39 13
39 14
39 13
39 12
39 11
38 11
38 12
38 13
39 13
39 12
39 13
38 13
38 12
38 13
38 14
38 15
38 14
37 14
36 14
37 14
37 13
37 14
38 14
37 14
37 13
37 14
37 13
38 13
38 14
37 14
37 15
38 15
38 16
37 16
38 16
38 17
38 18
37 18
37 19
36 19
37 19
37 18
36 18
36 17
36 18
35 18
35 19
36 19
35 19
35 18
35 19
36 19
36 20
36 19
37 19
37 20
37 19
37 18
37 19
37 18
37 19
37 18
38 18
39 18
40 18
40 17
40 18
39 18
39 19
38 19
38 20
37 20
37 21
38 21
38 20
39 20
39 19
38 19
38 18
38 17
39 17
39 16
40 16
39 16
39 15
39 14
38 14
38 15
37 15
36 15
35 15
35 16
35 15
36 15
37 15
37 16
38 16
39 16
38 16
38 15
37 15
37 14
37 15
36 15
35 15
35 14
35 13
35 14
35 15
35 16
35 15
34 15
34 16
35 16
35 17
34 17
33 17
33 18
33 17
32 17
31 17
30 17
29 17
29 16
29 15
29 14
30 14
31 14
30 14
31 14
30 14
30 13
31 13
32 13
32 14
32 13
32 12
33 12
32 12
32 13
32 14
33 14
34 14
34 13
34 12
33 12
33 11
32 11
33 11
32 11
31 11
31 12
31 11
30 11
30 12
30 13
29 13
29 14
29 15
28 15
28 14
28 13
28 14
28 15
27 15
28 15
27 15
28 15
28 14
27 14
28 14
27 14
27 13
26 13
26 12
26 13
25 13
24 13
23 13
23 14
23 15
24 15
25 15
24 15
24 14
24 15
24 14
24 15
24 16
24 17
24 16
24 15
24 14
23 14
22 14
22 15
22 14
22 13
22 14
21 14
22 14
21 14
21 13
21 12
21 13
22 13
22 14
23 14
24 14
25 14
25 13
24 13
24 14
25 14
24 14
23 14
23 13
23 14
22 14
22 13
21 13
21 12
22 12
22 13
22 12
23 12
23 13
24 13
24 14
23 14
23 15
23 16
22 16
22 15
21 15
21 16
21 15
21 14
20 14
20 15
19 15
19 14
19 15
19 16
19 15
20 15
19 15
20 15
20 14
20 13
21 13
22 13
23 13
23 14
24 14
24 15
25 15
25 14
25 15
26 15
27 15
26 15
26 14
27 14
28 14
28 13
28 14
28 15
28 14
27 14
27 15
27 14
28 14
27 14
27 13
27 14
26 14
27 14
26 14
26 15
26 16
27 16
27 15
27 16
26 16
25 16
24 16
23 16
23 15
22 15
21 15
21 16
20 16
20 17
20 16
21 16
22 16
23 16
22 16
21 16
22 16
21 16
21 17
20 17
20 18
20 19
20 20
20 19
19 19
19 20
19 19
18 19
19 19
20 19
20 18
20 19
20 18
21 18
21 19
21 20
21 21
21 22
21 21
20 21
20 20
21 20
20 20
20 19
19 19
20 19
20 18
20 17
19 17
20 17
19 17
18 17
18 18
17 18
17 17
17 18
16 18
15 18
15 19
15 20
16 20
17 20
18 20
17 20
18 20
19 20
19 21
19 22
20 22
20 21
20 22
21 22
21 23
21 22
21 23
22 23
22 22
22 21
23 21
23 20
23 19
23 18
22 18
22 19
21 19
22 19
22 20
22 19
23 19
24 19
23 19
23 18
22 18
23 18
23 17
23 16
23 17
24 17
24 16
25 16
25 15
25 16
25 17
26 17
27 17
27 18
26 18
25 18
26 18
27 18
27 17
26 17
26 18
26 19
26 20
26 21
27 21
27 22
27 23
28 23
28 24
27 24
27 25
27 24
28 24
28 23
28 24
29 24
29 23
28 23
28 24
27 24
27 25
27 24
27 25
27 26
27 25
26 25
26 24
27 24
28 24
29 24
29 23
29 24
29 23
29 22
30 22
30 23
30 24
30 23
31 23
32 23
33 23
33 24
33 25
33 24
34 24
33 24
33 25
33 24
34 24
33 24
33 23
33 24
33 23
33 22
33 23
32 23
32 22
32 23
32 24
32 25
31 25
31 24
30 24
29 24
28 24
28 25
29 25
29 24
29 25
28 25
28 26
28 27
28 26
27 26
28 26
28 25
27 25
28 25
28 26
29 26
28 26
28 27
27 27
26 27
26 28
25 28
25 27
25 28
25 29
24 29
24 28
23 28
23 29
24 29
24 28
24 29
24 28
25 28
25 29
25 30
25 31
25 30
25 29
26 29
27 29
26 29
27 29
27 28
28 28
29 28
28 28
28 27
28 28
27 28
27 27
26 27
27 27
27 26
26 26
26 25
25 25
25 24
26 24
27 24
26 24
27 24
26 24
25 24
24 24
23 24
23 23
23 22
22 22
23 22
24 22
23 22
23 23
24 23
24 24
25 24
25 23
24 23
24 22
23 22
24 22
24 21
23 21
24 21
24 22
24 23
24 22
25 22
25 23
26 23
26 22
25 22
26 22
26 23
25 23
25 22
25 23
25 24
25 23
25 24
25 23
26 23
26 22
27 22
26 22
27 22
27 21
26 21
26 20
26 21
25 21
25 20
26 20
26 19
26 18
25 18
25 17
24 17
24 16
25 16
26 16
26 17
26 16
25 16
25 15
26 15
25 15
26 15
27 15
27 14
26 14
25 14
25 15
25 14
25 13
26 13
