0 0
0 1
1 1
1 2
1 1
0 1
1 1
1 2
2 2
1 2
1 3
0 3
1 3
1 4
1 3
0 3
1 3
0 3
1 3
0 3
1 3
1 4
1 3
0 3
0 2
1 2
1 1
1 2
1 1
1 2
1 3
1 2
0 2
1 2
1 1
0 1
0 0
1 0
1 1
1 2
1 3
1 4
1 5
2 5
2 4
3 4
2 4
2 3
3 3
3 4
3 5
2 5
2 6
3 6
3 5
3 6
4 6
5 6
5 5
5 4
5 3
5 4
4 4
3 4
2 4
3 4
4 4
4 5
5 5
5 6
6 6
6 7
7 7
8 7
9 7
10 7
10 8
10 9
9 9
9 10
9 11
10 11
9 11
9 10
9 11
9 12
9 11
8 11
9 11
10 11
10 10
11 10
11 9
10 9
11 9
11 8
11 7
11 6
11 5
12 5
11 5
12 5
13 5
13 6
14 6
14 7
14 8
14 7
14 8
14 9
15 9
16 9
16 8
16 7
15 7
15 6
15 7
14 7
13 7
12 7
12 8
13 8
12 8
12 7
12 6
12 7
11 7
11 6
12 6
12 5
12 4
12 5
12 4
12 3
13 3
12 3
12 4
13 4
12 4
12 3
13 3
14 3
14 4
14 3
14 2
15 2
15 3
14 3
14 2
15 2
15 1
15 0
15 1
16 1
16 0
17 0
17 1
16 1
16 0
16 1
17 1
16 1
15 1
16 1
17 1
17 2
17 3
16 3
16 2
15 2
16 2
15 2
15 3
15 4
15 5
15 4
15 5
14 5
14 6
13 6
13 7
13 8
14 8
15 8
16 8
16 7
16 8
15 8
15 7
15 8
15 7
15 6
15 7
15 6
14 6
14 7
14 8
15 8
15 7
14 7
13 7
14 7
15 7
14 7
15 7
16 7
17 7
18 7
18 8
18 9
18 10
18 9
18 10
18 11
18 10
17 10
16 10
17 10
17 9
16 9
15 9
15 8
15 7
15 8
16 8
16 7
16 8
16 9
16 8
17 8
17 9
17 10
18 10
18 11
19 11
19 12
18 12
18 13
18 12
18 13
18 14
17 14
17 15
17 16
17 15
17 16
16 16
17 16
17 17
17 18
18 18
17 18
18 18
19 18
20 18
20 17
20 16
20 17
20 16
21 16
20 16
21 16
21 17
21 16
21 17
22 17
23 17
23 16
23 17
23 18
24 18
25 18
25 19
24 19
24 18
24 17
24 16
24 15
24 16
25 16
26 16
26 15
26 16
26 17
26 16
26 15
26 16
27 16
28 16
29 16
29 17
29 16
29 17
29 18
28 18
29 18
28 18
28 19
27 19
26 19
26 20
26 21
26 20
26 21
25 21
24 21
24 20
23 20
23 21
22 21
22 20
21 20
20 20
19 20
20 20
21 20
21 19
20 19
19 19
18 19
19 19
19 18
19 17
19 16
20 16
21 16
20 16
19 16
19 15
18 15
19 15
20 15
21 15
20 15
21 15
20 15
20 16
19 16
18 16
18 15
18 14
18 13
18 14
19 14
19 13
19 14
19 13
19 12
19 11
20 11
21 11
21 12
20 12
20 11
20 12
20 13
20 14
20 15
20 14
20 13
20 12
20 13
20 14
19 14
18 14
17 14
18 14
19 14
19 15
18 15
18 14
18 15
17 15
18 15
17 15
16 15
16 14
15 14
15 15
15 16
15 17
15 16
14 16
15 16
15 15
15 16
14 16
13 16
12 16
13 16
14 16
15 16
14 16
14 15
14 16
14 15
14 14
15 14
15 15
14 15
13 15
14 15
15 15
15 16
14 16
14 15
13 15
13 16
13 17
12 17
12 18
13 18
13 17
13 16
13 15
13 14
13 15
13 14
13 15
14 15
15 15
16 15
17 15
18 15
19 15
19 14
18 14
18 15
18 14
18 13
18 14
19 14
18 14
17 14
18 14
18 13
18 14
18 15
17 15
18 15
17 15
18 15
19 15
19 14
18 14
19 14
19 13
19 14
19 15
20 15
20 16
21 16
22 16
23 16
23 17
23 18
24 18
24 17
25 17
25 16
26 16
26 17
26 18
25 18
26 18
26 19
25 19
25 20
25 21
25 20
24 20
23 20
23 21
23 20
23 21
24 21
24 20
24 21
23 21
22 21
23 21
22 21
22 22
22 21
21 21
21 22
20 22
19 22
20 22
19 22
19 21
19 22
19 21
19 20
20 20
20 21
21 21
21 20
22 20
22 21
21 21
20 21
20 22
19 22
20 22
19 22
19 23
19 24
19 25
19 26
19 27
19 26
20 26
20 25
20 24
21 24
21 23
22 23
22 24
22 23
22 24
22 23
22 22
22 21
22 20
23 20
23 19
23 20
22 20
22 21
22 22
23 22
22 22
22 23
22 24
23 24
22 24
22 25
23 25
23 26
22 26
22 25
22 24
21 24
22 24
22 23
22 24
22 23
22 24
21 24
21 25
21 24
21 23
20 23
20 24
21 24
21 23
21 22
22 22
22 23
22 24
22 25
23 25
24 25
24 24
24 25
25 25
25 26
26 26
27 26
27 27
26 27
26 26
26 25
25 25
25 26
25 27
25 28
24 28
24 29
24 30
24 31
25 31
24 31
24 30
24 29
24 28
25 28
24 28
24 27
23 27
22 27
21 27
20 27
20 26
20 25
21 25
21 26
22 26
23 26
23 27
24 27
25 27
25 28
26 28
25 28
26 28
27 28
27 29
26 29
26 30
26 29
26 28
26 27
26 26
25 26
24 26
23 26
22 26
23 26
23 25
22 25
22 24
22 25
22 26
21 26
21 27
20 27
20 26
21 26
22 26
22 25
22 24
22 25
21 25
20 25
20 26
20 27
20 28
19 28
19 27
19 28
20 28
19 28
18 28
19 28
18 28
19 28
19 29
19 30
19 29
19 28
18 28
17 28
17 29
16 29
16 30
16 29
16 30
15 30
15 31
15 32
15 31
15 30
16 30
16 31
16 30
17 30
18 30
18 29
19 29
19 30
18 30
18 29
19 29
19 28
19 27
18 27
18 26
18 27
19 27
20 27
21 27
21 28
22 28
23 28
23 29
24 29
25 29
25 28
24 28
24 29
23 29
23 28
23 27
23 28
23 27
23 26
24 26
25 26
24 26
24 27
24 26
24 27
24 28
24 29
24 30
25 30
25 29
25 28
25 29
25 28
26 28
27 28
26 28
27 28
28 28
28 29
29 29
29 30
29 31
29 32
28 32
28 31
29 31
28 31
29 31
29 32
28 32
28 33
28 32
29 32
28 32
28 31
28 32
28 31
28 32
28 31
27 31
27 30
28 30
28 31
29 31
29 32
30 32
29 32
29 31
30 31
30 30
30 29
30 28
31 28
32 28
32 27
32 28
32 29
33 29
32 29
32 28
31 28
32 28
33 28
33 27
33 28
32 28
33 28
32 28
32 27
32 28
33 28
32 28
33 28
33 27
34 27
34 26
33 26
34 26
34 27
34 28
33 28
34 28
35 28
34 28
33 28
32 28
33 28
33 27
33 26
32 26
32 25
32 26
31 26
30 26
29 26
29 25
29 26
29 27
30 27
29 27
30 27
30 28
30 27
31 27
31 26
31 27
30 27
30 26
31 26
31 27
32 27
31 27
30 27
29 27
29 28
29 27
28 27
28 28
28 29
27 29
27 28
28 28
27 28
27 29
27 28
27 29
26 29
26 28
27 28
28 28
28 29
29 29
29 30
29 29
30 29
30 30
30 29
30 28
30 27
29 27
28 27
27 27
28 27
28 28
27 28
27 27
27 26
26 26
26 27
25 27
26 27
27 27
26 27
26 26
25 26
26 26
27 26
27 27
26 27
26 26
27 26
26 26
26 27
26 26
27 26
27 27
26 27
27 27
28 27
27 27
27 26
26 26
26 27
27 27
27 28
26 28
25 28
24 28
25 28
26 28
26 27
25 27
26 27
27 27
28 27
28 26
28 27
28 28
29 28
28 28
27 28
27 29
26 29
26 30
26 29
26 28
27 28
27 27
28 27
28 26
27 26
28 26
27 26
26 26
26 25
26 26
26 27
26 28
26 27
26 26
27 26
27 27
27 26
27 25
27 26
27 27
27 28
27 27
27 26
26 26
26 25
27 25
26 25
25 25
26 25
25 25
25 24
26 24
25 24
25 25
25 24
25 25
26 25
26 24
25 24
26 24
27 24
26 24
25 24
26 24
26 25
26 26
25 26
24 26
24 25
25 25
24 25
24 24
25 24
25 25
26 25
26 26
26 25
27 25
27 24
27 23
26 23
26 24
27 24
27 25
28 25
29 25
29 26
30 26
30 27
30 28
29 28
30 28
30 29
30 30
31 30
31 31
31 30
31 31
32 31
32 32
31 32
32 32
31 32
30 32
30 31
30 30
30 31
30 30
30 29
30 30
29 30
28 30
29 30
28 30
28 29
28 28
29 28
29 29
28 29
29 29
29 28
29 27
28 27
28 26
28 27
