0 0
0 1
0 2
1 2
1 1
2 1
2 2
1 2
1 3
0 3
1 3
2 3
2 4
1 4
1 5
1 6
0 6
0 7
0 8
1 8
1 9
0 9
0 10
1 10
1 11
0 11
1 11
0 11
0 10
0 11
1 11
0 11
0 10
1 10
2 10
2 9
1 9
1 8
1 9
0 9
1 9
2 9
1 9
2 9
2 8
3 8
4 8
5 8
6 8
5 8
5 7
4 7
5 7
6 7
6 6
6 5
6 4
6 3
5 3
6 3
6 2
5 2
4 2
3 2
3 1
2 1
3 1
3 0
3 1
3 0
3 1
3 2
2 2
2 1
1 1
1 0
1 1
0 1
1 1
1 2
1 1
1 2
1 3
0 3
1 3
0 3
0 4
1 4
1 3
0 3
0 2
0 1
0 0
1 0
2 0
3 0
4 0
4 1
4 0
3 0
3 1
3 0
3 1
4 1
5 1
5 2
6 2
6 1
6 0
6 1
6 0
6 1
6 0
6 1
5 1
5 2
5 1
5 2
4 2
5 2
6 2
6 1
7 1
7 0
7 1
6 1
6 0
6 1
7 1
7 0
6 0
5 0
6 0
5 0
6 0
6 1
5 1
5 2
5 1
5 2
6 2
5 2
6 2
6 1
6 2
5 2
6 2
6 1
7 1
7 2
7 1
7 0
7 1
7 0
8 0
7 0
6 0
5 0
6 0
5 0
6 0
7 0
7 1
6 1
6 2
7 2
7 1
6 1
5 1
6 1
5 1
4 1
4 0
5 0
4 0
5 0
5 1
4 1
3 1
4 1
4 0
3 0
4 0
4 1
4 0
3 0
3 1
3 2
3 3
3 4
2 4
2 3
3 3
2 3
2 2
2 3
2 4
1 4
1 3
1 4
0 4
0 5
1 5
0 5
1 5
2 5
3 5
4 5
4 4
4 3
3 3
4 3
5 3
5 2
6 2
5 2
5 1
5 2
5 3
6 3
6 2
6 3
6 2
6 1
6 2
7 2
7 1
6 1
6 2
7 2
6 2
6 1
7 1
8 1
8 2
9 2
8 2
9 2
8 2
8 1
9 1
10 1
10 0
10 1
9 1
9 2
10 2
9 2
9 1
9 0
10 0
10 1
10 0
10 1
11 1
11 0
12 0
11 0
11 1
12 1
12 0
13 0
13 1
14 1
13 1
13 2
14 2
13 2
14 2
14 1
14 0
15 0
16 0
16 1
15 1
15 0
15 1
15 2
14 2
15 2
15 3
14 3
14 4
13 4
14 4
14 3
15 3
15 4
16 4
16 5
15 5
16 5
16 6
17 6
17 5
18 5
18 4
17 4
17 3
17 4
17 3
18 3
19 3
20 3
20 4
20 5
21 5
20 5
21 5
20 5
21 5
21 4
20 4
20 5
21 5
22 5
23 5
24 5
24 6
25 6
25 7
25 6
25 7
26 7
26 8
26 7
25 7
25 8
26 8
26 7
26 8
27 8
26 8
25 8
25 9
24 9
24 10
23 10
23 9
23 8
22 8
22 7
22 8
22 9
22 8
22 9
22 10
21 10
22 10
22 9
23 9
24 9
24 8
24 7
25 7
26 7
27 7
28 7
28 8
28 7
29 7
29 8
29 7
29 6
28 6
28 7
27 7
26 7
26 8
25 8
26 8
26 9
27 9
26 9
25 9
26 9
25 9
24 9
23 9
23 10
23 11
23 12
24 12
23 12
23 11
23 12
23 11
23 12
22 12
23 12
23 11
22 11
22 10
22 9
21 9
21 8
21 9
20 9
20 8
19 8
20 8
20 7
20 8
19 8
19 9
20 9
20 10
19 10
19 11
18 11
18 12
17 12
16 12
17 12
17 13
17 12
16 12
15 12
16 12
17 12
17 13
17 12
18 12
18 11
17 11
18 11
18 12
19 12
20 12
20 13
20 14
21 14
21 15
20 15
19 15
18 15
18 14
17 14
17 13
17 14
16 14
16 13
17 13
18 13
18 12
17 12
17 13
17 14
17 13
17 14
17 15
17 14
17 13
18 13
17 13
17 12
17 11
17 12
16 12
16 11
16 10
16 9
15 9
15 8
15 9
16 9
16 8
16 9
16 8
17 8
17 9
17 10
18 10
18 11
19 11
19 12
18 12
19 12
18 12
19 12
18 12
18 11
17 11
17 12
16 12
16 11
15 11
15 12
15 13
15 14
16 14
16 15
16 16
17 16
17 15
18 15
18 16
18 17
18 18
18 19
18 20
17 20
17 19
16 19
17 19
17 20
18 20
18 19
19 19
20 19
21 19
22 19
23 19
23 20
23 19
22 19
22 18
22 19
22 20
22 19
22 20
22 21
21 21
21 20
22 20
23 20
23 19
23 20
23 21
22 21
22 22
22 21
22 20
23 20
23 21
24 21
23 21
24 21
24 22
25 22
25 23
26 23
26 24
25 24
25 25
24 25
24 24
25 24
25 23
25 24
25 25
24 25
23 25
23 24
22 24
22 25
23 25
22 25
22 24
21 24
21 23
20 23
21 23
22 23
23 23
24 23
25 23
25 22
25 23
25 22
26 22
27 22
28 22
27 22
27 21
27 20
28 20
28 21
28 20
28 21
28 20
29 20
29 19
30 19
29 19
30 19
31 19
31 18
32 18
31 18
31 19
32 19
32 18
33 18
32 18
32 19
32 20
33 20
32 20
33 20
32 20
32 19
33 19
33 20
33 19
34 19
35 19
34 19
34 18
34 19
34 18
34 19
35 19
34 19
34 20
34 21
35 21
35 20
35 19
34 19
33 19
34 19
34 18
35 18
34 18
33 18
33 17
33 18
34 18
35 18
35 19
36 19
36 20
35 20
36 20
36 21
35 21
34 21
34 22
34 21
35 21
36 21
36 20
37 20
36 20
36 19
36 20
36 21
36 20
35 20
36 20
36 19
36 20
35 20
36 20
37 20
36 20
36 21
35 21
35 20
35 19
35 20
36 20
37 20
38 20
38 21
37 21
36 21
37 21
37 22
38 22
39 22
39 23
39 24
39 23
40 23
40 24
40 23
40 24
41 24
41 25
42 25
43 25
42 25
41 25
40 25
40 26
39 26
38 26
38 25
38 24
39 24
38 24
38 23
37 23
37 24
36 24
36 23
36 24
36 25
37 25
37 26
36 26
35 26
34 26
33 26
32 26
32 25
31 25
31 26
32 26
32 27
31 27
32 27
33 27
33 26
33 25
33 26
34 26
34 25
33 25
33 24
33 23
34 23
34 24
33 24
34 24
35 24
36 24
37 24
38 24
38 25
39 25
39 26
40 26
41 26
41 25
41 24
41 23
41 24
41 23
41 24
40 24
40 23
41 23
42 23
42 24
43 24
44 24
44 23
45 23
44 23
44 24
45 24
46 24
47 24
46 24
46 23
45 23
46 23
45 23
44 23
43 23
43 24
44 24
44 23
44 24
45 24
45 23
46 23
47 23
47 22
46 22
46 21
46 22
45 22
45 23
45 24
45 25
45 24
45 23
45 22
45 21
45 22
45 21
46 21
47 21
46 21
45 21
45 22
44 22
44 21
43 21
43 20
43 19
43 18
43 19
43 20
42 20
42 19
43 19
43 18
42 18
42 19
42 20
41 20
40 20
41 20
42 20
41 20
40 20
39 20
38 20
37 20
37 21
36 21
36 20
35 20
36 20
35 20
36 20
36 19
35 19
35 20
35 21
34 21
34 20
33 20
32 20
32 19
32 18
32 17
32 18
31 18
30 18
31 18
30 18
31 18
30 18
29 18
30 18
29 18
29 19
30 19
30 20
29 20
29 21
30 21
29 21
29 22
30 22
30 23
30 22
30 23
31 23
30 23
29 23
30 23
29 23
28 23
28 24
28 25
27 25
26 25
26 26
26 27
27 27
28 27
28 28
28 27
29 27
30 27
31 27
32 27
32 28
32 29
32 28
32 27
31 27
31 28
32 28
32 29
32 30
32 29
31 29
31 30
30 30
30 29
31 29
31 30
31 31
31 32
30 32
31 32
31 33
30 33
29 33
29 32
30 32
30 33
30 34
30 33
29 33
29 32
28 32
28 31
28 30
29 30
29 31
30 31
30 32
30 33
30 34
30 33
30 34
29 34
28 34
28 33
28 32
28 33
28 32
28 33
28 34
29 34
29 35
28 35
29 35
28 35
27 35
27 36
26 36
27 36
26 36
25 36
24 36
25 36
26 36
27 36
28 36
29 36
30 36
30 35
30 36
31 36
31 37
30 37
30 38
30 39
29 39
30 39
30 40
30 41
31 41
31 42
31 41
31 40
30 40
30 39
30 38
29 38
29 37
28 37
28 36
28 35
29 35
30 35
30 36
30 37
30 36
30 37
30 38
29 38
29 37
28 37
27 37
27 38
27 39
27 38
26 38
26 37
26 36
26 37
27 37
27 38
28 38
28 37
29 37
29 38
28 38
28 39
29 39
29 38
30 38
29 38
30 38
30 37
29 37
29 36
30 36
30 35
