0 0
1 0
1 1
1 2
1 3
2 3
2 4
3 4
2 4
2 5
2 6
2 5
3 5
4 5
3 5
3 4
2 4
2 3
1 3
1 2
1 1
1 2
1 3
2 3
2 2
2 3
1 3
1 4
2 4
1 4
1 5
2 5
1 5
1 4
1 5
2 5
3 5
2 5
3 5
3 6
2 6
3 6
4 6
4 7
3 7
4 7
3 7
2 7
3 7
3 8
3 7
2 7
2 8
1 8
1 7
1 8
1 9
2 9
2 10
1 10
2 10
1 10
2 10
1 10
2 10
2 9
2 8
2 9
1 9
1 10
2 10
1 10
1 9
1 8
2 8
1 8
1 7
1 8
2 8
2 7
2 8
3 8
2 8
1 8
1 7
1 6
2 6
1 6
1 5
0 5
1 5
1 4
1 5
1 6
1 7
1 8
2 8
1 8
2 8
3 8
2 8
2 7
1 7
0 7
1 7
2 7
2 8
2 7
3 7
3 8
2 8
2 9
2 8
3 8
3 7
4 7
4 8
4 7
3 7
3 6
2 6
3 6
2 6
3 6
3 5
2 5
2 4
3 4
2 4
2 5
1 5
1 6
1 7
0 7
0 6
1 6
0 6
1 6
1 7
1 6
1 7
0 7
0 6
0 7
1 7
1 6
1 7
1 8
2 8
1 8
2 8
2 9
1 9
2 9
2 10
3 10
2 10
2 9
2 10
1 10
0 10
1 10
1 11
1 12
1 13
1 12
1 13
0 13
0 12
0 11
0 12
0 13
1 13
1 14
2 14
1 14
1 15
1 16
1 17
1 18
0 18
1 18
1 19
0 19
1 19
0 19
1 19
2 19
3 19
4 19
4 20
4 21
3 21
2 21
1 21
2 21
3 21
2 21
2 22
1 22
1 23
1 22
1 23
2 23
1 23
1 22
0 22
1 22
1 21
0 21
0 22
1 22
2 22
2 21
2 20
3 20
3 21
2 21
1 21
2 21
2 22
3 22
3 21
2 21
1 21
2 21
2 22
2 23
2 22
1 22
1 21
1 22
0 22
1 22
0 22
0 23
1 23
1 22
2 22
2 23
2 24
1 24
0 24
0 25
1 25
2 25
1 25
0 25
1 25
2 25
2 26
2 25
3 25
4 25
3 25
3 26
4 26
3 26
2 26
1 26
0 26
0 27
0 28
1 28
1 29
0 29
0 28
1 28
2 28
2 27
2 28
1 28
0 28
0 27
1 27
2 27
2 28
3 28
2 28
1 28
1 29
1 28
1 27
1 26
0 26
1 26
1 25
0 25
1 25
1 24
1 25
0 25
0 26
0 25
0 26
1 26
1 27
0 27
0 26
0 27
0 26
1 26
1 27
1 26
2 26
1 26
2 26
2 25
3 25
2 25
3 25
2 25
2 24
2 25
2 24
3 24
3 23
2 23
2 22
1 22
0 22
0 23
0 24
1 24
2 24
2 23
2 24
2 25
1 25
0 25
0 26
0 25
1 25
1 24
2 24
1 24
2 24
2 23
2 24
3 24
4 24
4 23
4 22
5 22
6 22
6 21
6 22
7 22
8 22
9 22
9 21
9 22
8 22
8 21
8 20
8 19
9 19
9 18
9 19
8 19
7 19
8 19
8 18
7 18
8 18
8 19
7 19
8 19
9 19
9 20
10 20
10 21
9 21
8 21
8 20
8 19
9 19
9 18
10 18
10 19
10 20
10 21
10 22
10 23
10 24
10 25
10 26
9 26
9 25
9 26
8 26
9 26
9 25
10 25
10 26
9 26
9 27
8 27
8 28
7 28
6 28
7 28
7 29
7 28
8 28
7 28
8 28
8 29
8 30
8 31
8 32
9 32
10 32
10 33
9 33
10 33
10 32
10 33
9 33
9 32
10 32
9 32
9 31
8 31
8 30
9 30
9 31
9 30
8 30
8 31
9 31
9 32
9 33
9 32
9 33
9 32
9 31
9 30
9 29
8 29
9 29
8 29
8 30
7 30
7 31
6 31
5 31
5 32
5 33
5 34
4 34
5 34
5 35
5 36
5 37
6 37
5 37
5 38
5 39
6 39
5 39
5 40
6 40
6 39
6 40
6 41
5 41
5 40
4 40
4 41
4 40
4 41
4 40
3 40
4 40
3 40
4 40
5 40
4 40
4 41
4 42
3 42
3 43
4 43
4 44
4 45
3 45
3 44
3 43
4 43
3 43
3 44
2 44
2 43
2 44
2 43
3 43
2 43
2 42
3 42
4 42
4 43
3 43
3 44
4 44
4 45
4 46
4 45
5 45
4 45
3 45
3 44
3 45
2 45
2 44
3 44
3 45
3 46
3 47
2 47
2 48
2 49
1 49
1 50
1 49
0 49
0 50
1 50
2 50
1 50
2 50
1 50
1 49
1 48
1 49
1 48
1 49
1 50
0 50
0 51
0 52
1 52
1 53
2 53
2 54
2 53
2 52
2 51
1 51
1 52
2 52
2 51
2 50
1 50
1 49
2 49
1 49
0 49
1 49
0 49
1 49
0 49
1 49
1 50
0 50
1 50
1 49
2 49
3 49
2 49
1 49
0 49
1 49
1 50
0 50
1 50
0 50
1 50
0 50
1 50
1 51
0 51
1 51
0 51
1 51
2 51
2 50
3 50
4 50
5 50
6 50
5 50
6 50
7 50
7 49
7 48
7 49
7 50
7 51
7 50
7 49
7 50
7 49
7 48
6 48
7 48
8 48
7 48
7 49
8 49
9 49
10 49
10 48
11 48
12 48
12 47
12 46
12 47
12 46
12 45
11 45
11 44
11 45
12 45
12 44
11 44
12 44
13 44
12 44
13 44
13 45
13 46
13 47
13 46
13 45
14 45
14 44
14 45
14 44
15 44
15 43
15 42
14 42
14 41
14 42
13 42
14 42
13 42
12 42
13 42
14 42
15 42
16 42
15 42
15 43
16 43
15 43
16 43
16 44
16 43
16 44
15 44
15 45
15 46
15 47
15 48
15 47
16 47
17 47
17 48
18 48
18 47
18 46
18 45
19 45
19 44
19 45
19 44
19 45
19 44
18 44
19 44
18 44
18 45
18 46
18 45
18 46
17 46
18 46
19 46
19 45
20 45
20 44
21 44
21 45
21 44
20 44
21 44
21 43
22 43
23 43
23 44
23 43
22 43
22 42
22 43
21 43
21 44
22 44
21 44
20 44
19 44
18 44
18 43
19 43
19 44
20 44
19 44
18 44
19 44
18 44
18 45
17 45
17 46
17 47
16 47
17 47
16 47
16 46
17 46
17 47
18 47
19 47
19 48
18 48
17 48
17 49
17 48
16 48
15 48
15 47
16 47
17 47
17 46
16 46
15 46
16 46
16 47
16 46
16 47
16 48
17 48
18 48
18 49
17 49
16 49
15 49
16 49
16 50
15 50
15 51
15 50
16 50
16 49
16 48
17 48
17 47
16 47
16 48
16 49
16 50
15 50
15 49
16 49
15 49
16 49
15 49
14 49
14 50
13 50
12 50
12 51
11 51
12 51
11 51
11 52
10 52
9 52
8 52
8 51
8 50
9 50
8 50
8 49
9 49
10 49
10 50
9 50
8 50
9 50
9 49
8 49
7 49
6 49
6 48
7 48
8 48
7 48
7 49
8 49
8 50
9 50
8 50
7 50
8 50
7 50
7 49
7 48
6 48
6 49
7 49
7 50
7 51
7 50
6 50
5 50
4 50
3 50
4 50
3 50
2 50
3 50
4 50
4 49
5 49
4 49
5 49
4 49
5 49
4 49
4 48
3 48
2 48
3 48
3 47
3 46
3 45
3 46
3 47
3 48
3 49
3 48
3 47
3 48
2 48
3 48
4 48
5 48
6 48
7 48
7 47
7 46
8 46
7 46
8 46
7 46
6 46
6 45
6 46
6 45
5 45
5 46
6 46
7 46
6 46
7 46
6 46
6 47
6 46
6 47
5 47
5 46
4 46
4 47
3 47
4 47
5 47
6 47
6 46
6 45
6 46
6 45
6 46
6 47
6 48
6 49
5 49
6 49
6 48
5 48
4 48
3 48
2 48
2 49
1 49
0 49
1 49
1 48
2 48
1 48
1 49
1 50
2 50
2 49
3 49
2 49
3 49
2 49
3 49
3 48
4 48
5 48
5 47
4 47
4 46
4 47
3 47
4 47
4 46
5 46
5 45
5 46
6 46
5 46
5 45
4 45
3 45
4 45
4 44
4 43
5 43
5 42
5 41
5 42
5 43
4 43
4 44
5 44
4 44
4 45
4 46
5 46
5 45
6 45
6 44
5 44
5 45
4 45
3 45
3 44
3 43
4 43
3 43
3 42
2 42
2 41
3 41
4 41
3 41
4 41
3 41
3 40
3 39
2 39
2 38
2 37
1 37
2 37
1 37
2 37
1 37
2 37
2 38
1 38
2 38
2 37
2 38
3 38
4 38
5 38
5 37
5 38
5 39
5 40
5 41
5 40
5 41
6 41
6 40
6 39
