0 0
1 0
1 1
2 1
2 2
1 2
1 1
1 2
1 3
2 3
2 4
1 4
2 4
2 3
1 3
1 2
2 2
2 1
2 0
1 0
0 0
1 0
2 0
2 1
1 1
1 0
0 0
0 1
1 1
2 1
2 2
1 2
1 3
0 3
0 4
1 4
0 4
1 4
2 4
2 3
2 2
2 3
2 2
2 3
2 2
2 3
3 3
2 3
1 3
2 3
2 4
2 3
2 2
1 2
2 2
3 2
3 1
2 1
1 1
1 0
1 1
1 2
0 2
0 1
1 1
1 2
0 2
1 2
1 1
1 2
1 1
0 1
1 1
1 2
0 2
0 1
1 1
1 0
2 0
3 0
3 1
4 1
4 2
3 2
2 2
2 1
3 1
3 0
4 0
5 0
5 1
6 1
7 1
7 0
7 1
6 1
6 0
6 1
7 1
7 0
7 1
7 0
8 0
8 1
8 0
8 1
8 0
9 0
9 1
10 1
10 2
11 2
12 2
13 2
13 3
14 3
13 3
13 2
13 3
14 3
14 4
13 4
13 3
13 2
13 1
14 1
14 0
14 1
14 0
13 0
13 1
12 1
11 1
10 1
9 1
10 1
10 0
10 1
9 1
9 0
10 0
9 0
9 1
8 1
8 0
8 1
7 1
7 0
6 0
5 0
4 0
4 1
5 1
6 1
6 0
6 1
6 2
5 2
6 2
6 3
6 2
7 2
7 3
7 2
7 1
6 1
7 1
7 2
7 3
6 3
7 3
8 3
8 4
8 5
8 4
8 5
9 5
9 6
9 5
9 4
10 4
10 5
9 5
9 6
8 6
8 7
8 6
8 5
9 5
8 5
8 4
8 5
9 5
9 6
9 5
8 5
7 5
7 4
6 4
6 3
5 3
5 4
5 3
6 3
5 3
6 3
5 3
4 3
5 3
5 4
4 4
4 5
4 4
4 3
3 3
2 3
2 4
3 4
4 4
4 5
5 5
4 5
4 4
4 3
3 3
3 2
3 1
3 2
2 2
2 3
2 4
2 5
2 6
2 5
2 6
2 5
2 6
3 6
4 6
4 7
4 6
4 5
5 5
5 4
5 5
5 4
4 4
4 5
3 5
3 4
3 5
2 5
3 5
3 6
3 7
3 6
2 6
2 5
1 5
1 6
2 6
2 7
2 6
2 5
1 5
1 4
0 4
1 4
2 4
3 4
3 3
2 3
3 3
4 3
4 2
4 3
5 3
5 2
5 1
4 1
5 1
5 2
5 1
5 2
6 2
6 1
7 1
7 0
6 0
6 1
6 0
6 1
6 0
6 1
6 2
6 3
6 4
5 4
5 5
6 5
5 5
6 5
7 5
7 6
7 7
7 6
7 7
8 7
8 6
7 6
6 6
7 6
7 7
6 7
6 8
6 7
7 7
7 6
7 7
6 7
5 7
5 8
5 7
5 8
4 8
4 9
4 8
4 7
3 7
4 7
3 7
2 7
3 7
2 7
3 7
3 6
3 5
3 6
2 6
2 7
3 7
3 6
3 7
3 8
3 9
2 9
2 10
2 11
2 10
2 9
3 9
4 9
5 9
4 9
5 9
4 9
4 8
4 9
3 9
4 9
4 10
4 9
5 9
5 10
6 10
7 10
6 10
5 10
5 11
6 11
7 11
7 10
8 10
8 11
8 12
8 13
8 12
8 11
9 11
10 11
11 11
10 11
10 10
10 11
10 12
10 11
11 11
11 10
10 10
11 10
10 10
10 11
10 12
9 12
8 12
8 13
8 14
8 13
7 13
8 13
8 12
8 11
8 12
8 13
9 13
8 13
7 13
7 12
8 12
8 13
7 13
6 13
6 14
6 15
6 14
6 15
6 14
6 15
6 14
7 14
8 14
9 14
9 13
8 13
9 13
9 12
9 13
9 14
8 14
8 15
9 15
10 15
10 16
11 16
10 16
9 16
10 16
10 15
10 14
10 15
9 15
10 15
11 15
12 15
11 15
11 16
10 16
10 17
10 18
9 18
10 18
11 18
10 18
10 17
10 18
10 17
10 16
10 17
9 17
10 17
10 16
9 16
9 15
8 15
9 15
9 16
9 17
9 18
9 19
9 18
8 18
8 19
8 20
9 20
10 20
11 20
10 20
11 20
12 20
12 19
11 19
11 20
12 20
12 19
12 18
11 18
11 17
12 17
13 17
12 17
12 18
13 18
12 18
12 17
12 18
12 17
11 17
11 18
11 19
12 19
12 18
12 17
11 17
11 18
10 18
10 17
10 18
11 18
10 18
10 17
10 16
9 16
8 16
8 15
9 15
8 15
9 15
8 15
8 14
9 14
9 13
8 13
9 13
9 14
9 13
10 13
10 12
11 12
11 13
11 12
11 13
11 14
11 13
12 13
12 12
12 11
11 11
10 11
11 11
11 12
10 12
9 12
9 13
8 13
8 12
8 11
8 12
8 13
8 14
8 13
7 13
7 12
6 12
6 11
6 10
6 11
7 11
7 12
8 12
8 13
9 13
8 13
7 13
7 14
6 14
7 14
8 14
7 14
7 15
6 15
5 15
6 15
7 15
7 16
8 16
7 16
7 17
7 18
7 19
6 19
7 19
7 20
8 20
8 19
9 19
9 20
10 20
11 20
11 19
11 18
11 17
11 18
11 19
11 20
12 20
11 20
12 20
12 21
12 22
13 22
13 23
13 24
13 23
14 23
13 23
12 23
13 23
14 23
14 24
13 24
14 24
13 24
14 24
15 24
16 24
17 24
16 24
16 25
17 25
18 25
18 26
18 25
18 24
19 24
18 24
17 24
18 24
17 24
16 24
15 24
15 23
15 22
16 22
16 23
17 23
17 24
17 23
16 23
17 23
18 23
17 23
17 22
17 21
17 20
17 19
17 18
18 18
17 18
17 19
16 19
16 20
15 20
15 19
15 20
15 21
15 22
15 21
14 21
13 21
13 22
13 23
12 23
12 24
12 23
13 23
13 22
13 21
13 20
12 20
12 21
13 21
13 22
13 23
13 22
12 22
11 22
11 23
10 23
10 24
11 24
11 25
11 26
11 27
11 28
12 28
12 29
13 29
13 28
12 28
12 27
12 26
13 26
12 26
11 26
10 26
11 26
11 27
11 26
11 27
11 26
11 27
12 27
11 27
12 27
12 26
13 26
13 27
12 27
12 26
12 25
12 26
12 25
12 24
12 25
12 24
13 24
12 24
13 24
14 24
15 24
15 25
15 26
14 26
13 26
12 26
12 27
13 27
13 26
13 27
13 28
13 27
13 26
13 27
13 26
14 26
14 25
13 25
13 24
13 23
13 22
12 22
12 23
11 23
10 23
9 23
9 22
9 23
9 24
9 25
10 25
9 25
9 24
10 24
9 24
10 24
10 23
10 24
11 24
11 25
10 25
10 26
11 26
11 27
12 27
12 28
12 29
11 29
11 28
12 28
11 28
10 28
10 27
10 26
11 26
10 26
10 25
10 26
11 26
11 27
11 28
10 28
10 29
10 30
9 30
9 31
9 32
9 33
9 32
8 32
8 31
9 31
8 31
9 31
10 31
9 31
10 31
11 31
10 31
10 32
11 32
12 32
12 33
12 34
12 35
13 35
14 35
14 34
14 35
15 35
14 35
15 35
16 35
15 35
15 34
14 34
15 34
16 34
16 35
16 36
17 36
17 37
17 38
17 37
18 37
17 37
18 37
18 36
17 36
17 35
18 35
18 34
17 34
18 34
17 34
16 34
17 34
16 34
15 34
16 34
15 34
16 34
16 35
15 35
15 34
15 33
14 33
14 32
14 31
14 30
13 30
13 31
12 31
12 30
12 29
11 29
11 28
10 28
10 29
10 30
11 30
10 30
10 29
9 29
10 29
11 29
12 29
13 29
14 29
14 30
13 30
14 30
15 30
16 30
16 31
17 31
16 31
16 32
15 32
15 31
16 31
16 30
15 30
16 30
17 30
17 29
16 29
16 28
16 27
16 26
15 26
14 26
15 26
16 26
15 26
14 26
14 27
14 28
13 28
14 28
13 28
13 29
12 29
12 30
12 31
12 30
12 31
12 32
13 32
14 32
14 33
14 34
13 34
12 34
11 34
12 34
13 34
14 34
14 33
14 32
15 32
16 32
16 33
16 32
15 32
16 32
15 32
15 31
16 31
15 31
14 31
14 32
14 31
15 31
16 31
15 31
15 32
14 32
15 32
15 33
16 33
16 32
17 32
17 33
17 34
17 35
17 36
17 37
18 37
18 38
19 38
18 38
18 39
19 39
19 40
20 40
20 39
21 39
22 39
22 38
23 38
22 38
21 38
21 39
22 39
22 38
23 38
22 38
21 38
21 37
21 38
21 39
21 40
21 39
20 39
19 39
19 38
19 39
18 39
18 40
17 40
16 40
16 39
16 40
15 40
15 41
15 40
15 39
15 38
14 38
14 39
14 40
14 39
13 39
14 39
13 39
13 40
14 40
13 40
14 40
14 39
