0 0
1 0
0 0
1 0
1 1
2 1
1 1
1 2
1 3
0 3
0 4
1 4
2 4
2 3
1 3
0 3
0 2
0 3
1 3
2 3
2 4
3 4
2 4
3 4
3 5
3 6
3 5
3 6
2 6
2 5
3 5
3 6
4 6
5 6
6 6
5 6
4 6
4 5
4 4
3 4
4 4
4 3
4 2
4 3
5 3
5 2
5 1
5 2
4 2
4 1
4 2
3 2
2 2
2 1
2 2
1 2
1 3
2 3
2 4
2 3
2 4
3 4
4 4
4 3
4 4
4 3
4 2
3 2
2 2
3 2
3 1
4 1
5 1
5 2
5 3
6 3
5 3
5 4
5 3
5 2
6 2
6 1
6 0
6 1
7 1
8 1
8 2
8 1
9 1
10 1
10 0
11 0
10 0
10 1
11 1
10 1
9 1
10 1
10 0
10 1
9 1
9 2
9 1
8 1
9 1
10 1
10 2
10 1
10 2
11 2
12 2
13 2
14 2
14 1
14 2
13 2
12 2
11 2
11 1
11 0
11 1
12 1
12 0
12 1
13 1
12 1
11 1
11 0
11 1
11 0
11 1
11 0
11 1
11 0
11 1
11 0
11 1
11 0
11 1
12 1
12 2
12 1
12 2
12 1
12 2
12 1
11 1
11 0
12 0
12 1
11 1
11 0
10 0
11 0
10 0
10 1
9 1
8 1
9 1
8 1
9 1
10 1
10 0
11 0
11 1
11 0
12 0
11 0
11 1
12 1
12 2
11 2
12 2
12 3
13 3
13 2
13 3
12 3
12 4
12 5
13 5
13 4
12 4
11 4
10 4
11 4
10 4
9 4
10 4
10 3
9 3
10 3
11 3
11 2
11 3
11 4
12 4
12 3
13 3
13 4
13 3
13 2
14 2
15 2
16 2
16 3
15 3
16 3
16 4
16 3
17 3
17 2
18 2
18 3
17 3
17 2
18 2
19 2
19 1
20 1
21 1
21 0
22 0
22 1
23 1
23 0
23 1
23 0
23 1
23 0
22 0
22 1
23 1
23 2
23 3
23 2
23 3
22 3
22 4
21 4
21 3
21 2
20 2
21 2
21 1
20 1
21 1
22 1
23 1
23 0
23 1
23 0
22 0
22 1
22 2
22 1
22 2
22 3
22 2
21 2
22 2
21 2
20 2
19 2
18 2
18 1
18 0
19 0
19 1
18 1
18 0
17 0
18 0
18 1
17 1
18 1
17 1
17 2
16 2
15 2
16 2
17 2
16 2
16 1
15 1
15 0
15 1
14 1
14 2
14 1
15 1
16 1
16 0
16 1
16 2
16 3
16 2
17 2
17 1
18 1
19 1
19 0
18 0
18 1
18 2
17 2
17 1
17 0
17 1
17 0
18 0
18 1
18 2
17 2
17 1
17 2
18 2
19 2
18 2
17 2
18 2
19 2
20 2
21 2
22 2
23 2
24 2
23 2
24 2
24 3
24 2
23 2
22 2
23 2
23 1
23 0
23 1
22 1
22 0
22 1
23 1
23 2
23 3
23 2
22 2
22 1
21 1
21 0
22 0
21 0
20 0
20 1
20 0
20 1
21 1
21 2
22 2
23 2
23 3
24 3
23 3
24 3
25 3
24 3
24 2
24 1
24 2
23 2
23 1
24 1
24 2
23 2
23 3
23 2
24 2
24 1
24 2
24 3
25 3
25 4
24 4
25 4
26 4
26 5
26 6
26 5
27 5
28 5
29 5
28 5
27 5
27 6
28 6
29 6
29 5
28 5
28 6
29 6
28 6
29 6
29 5
29 4
29 5
28 5
29 5
30 5
31 5
31 4
32 4
33 4
34 4
34 5
34 4
34 3
34 2
34 3
33 3
33 2
33 1
33 0
34 0
33 0
33 1
34 1
35 1
35 2
34 2
33 2
33 1
32 1
32 0
31 0
31 1
30 1
30 2
30 1
30 0
29 0
29 1
29 2
29 1
28 1
29 1
30 1
30 0
31 0
30 0
29 0
28 0
28 1
28 0
27 0
26 0
25 0
26 0
26 1
26 2
26 1
27 1
27 0
27 1
27 0
28 0
29 0
29 1
29 2
28 2
27 2
28 2
27 2
27 3
26 3
26 4
26 5
26 4
26 3
27 3
26 3
26 4
26 5
27 5
26 5
26 6
27 6
27 5
26 5
26 6
26 7
26 8
26 7
26 6
26 5
27 5
27 6
27 5
27 4
26 4
27 4
27 3
26 3
25 3
26 3
25 3
26 3
26 4
27 4
28 4
27 4
27 5
26 5
26 4
26 3
27 3
27 2
27 3
27 4
26 4
26 5
26 6
27 6
26 6
25 6
25 5
24 5
24 6
23 6
24 6
24 7
23 7
24 7
24 8
24 7
25 7
25 8
26 8
26 7
26 8
25 8
25 9
25 10
25 9
24 9
24 10
25 10
26 10
27 10
27 9
26 9
27 9
28 9
28 8
27 8
27 9
28 9
28 8
29 8
29 7
30 7
30 6
31 6
31 5
31 4
32 4
32 3
33 3
33 4
33 5
33 4
33 3
32 3
32 2
32 1
32 2
33 2
33 1
33 0
33 1
33 0
33 1
33 0
32 0
32 1
32 0
33 0
32 0
32 1
32 2
32 3
33 3
33 2
33 1
34 1
34 0
35 0
35 1
36 1
35 1
34 1
33 1
34 1
34 2
34 3
34 2
34 3
34 4
34 3
34 4
34 3
33 3
32 3
33 3
33 4
33 3
32 3
32 4
33 4
33 3
33 4
33 3
33 2
33 1
33 2
32 2
33 2
32 2
31 2
31 1
32 1
31 1
32 1
32 2
32 3
32 4
31 4
30 4
30 3
29 3
29 4
29 5
28 5
27 5
27 6
27 5
27 4
27 3
27 2
28 2
28 3
27 3
27 2
26 2
26 1
27 1
27 0
27 1
27 0
28 0
27 0
26 0
25 0
26 0
26 1
27 1
28 1
27 1
27 0
26 0
26 1
27 1
26 1
26 2
26 1
27 1
27 2
28 2
28 3
28 4
28 3
27 3
27 4
27 5
27 4
27 3
27 4
28 4
28 5
28 4
29 4
28 4
29 4
29 5
29 6
30 6
30 5
30 6
29 6
28 6
29 6
30 6
30 7
30 6
30 5
30 4
31 4
31 3
32 3
32 4
33 4
33 5
32 5
31 5
31 4
31 5
31 4
31 3
31 2
31 3
31 2
31 1
32 1
33 1
32 1
32 2
33 2
34 2
33 2
32 2
32 1
32 2
32 1
33 1
33 2
33 1
34 1
34 2
33 2
33 3
34 3
33 3
33 4
34 4
33 4
32 4
32 3
33 3
33 4
32 4
33 4
32 4
32 3
33 3
32 3
32 4
32 3
32 2
33 2
33 3
33 2
34 2
34 3
34 2
35 2
34 2
33 2
34 2
34 3
34 2
34 3
33 3
32 3
33 3
32 3
32 2
32 1
33 1
34 1
35 1
35 0
36 0
37 0
37 1
37 0
38 0
39 0
39 1
39 0
38 0
38 1
37 1
36 1
35 1
34 1
34 0
33 0
33 1
33 0
33 1
33 0
33 1
33 0
34 0
33 0
33 1
33 2
33 3
34 3
35 3
36 3
36 4
36 5
36 4
37 4
36 4
36 5
35 5
34 5
34 6
33 6
34 6
33 6
33 5
32 5
33 5
33 6
34 6
34 5
34 6
34 5
33 5
33 4
33 5
33 6
33 7
34 7
33 7
34 7
34 8
35 8
35 9
36 9
37 9
38 9
37 9
37 10
37 9
37 8
36 8
36 9
35 9
35 10
35 9
35 10
35 9
34 9
34 8
34 7
33 7
32 7
32 8
32 9
32 8
32 9
32 8
33 8
32 8
32 9
33 9
32 9
33 9
34 9
34 8
34 7
33 7
34 7
34 8
34 7
34 8
34 7
35 7
36 7
36 8
37 8
38 8
39 8
39 7
39 8
39 7
40 7
40 8
41 8
41 7
41 8
42 8
43 8
44 8
44 9
45 9
46 9
47 9
47 10
46 10
45 10
45 9
44 9
43 9
43 10
44 10
45 10
45 9
45 8
44 8
45 8
45 7
46 7
46 8
46 9
47 9
48 9
48 8
47 8
48 8
48 9
47 9
46 9
46 10
46 9
46 8
46 7
46 6
46 7
45 7
46 7
46 8
46 9
46 8
45 8
44 8
43 8
42 8
41 8
40 8
39 8
40 8
40 7
39 7
40 7
40 6
40 5
40 4
39 4
38 4
38 3
38 4
38 5
38 6
37 6
36 6
35 6
34 6
34 7
34 6
33 6
32 6
32 5
33 5
32 5
32 6
32 5
33 5
33 6
33 7
33 6
34 6
35 6
35 7
35 8
34 8
34 7
35 7
35 8
35 7
36 7
36 6
35 6
36 6
35 6
35 7
36 7
35 7
35 6
36 6
36 7
35 7
34 7
35 7
35 6
35 7
35 8
35 7
35 6
