0 0
0 1
1 1
1 2
0 2
1 2
0 2
0 3
1 3
1 4
2 4
2 3
3 3
2 3
3 3
4 3
4 4
5 4
5 3
6 3
7 3
8 3
9 3
9 4
10 4
9 4
8 4
9 4
9 5
10 5
11 5
12 5
13 5
14 5
14 4
14 3
13 3
13 2
13 1
13 2
13 1
12 1
12 2
12 1
13 1
13 2
13 1
12 1
12 0
13 0
13 1
13 2
13 3
13 4
14 4
14 3
14 4
15 4
15 3
15 4
16 4
15 4
16 4
16 3
16 4
17 4
16 4
16 3
16 2
16 1
16 0
17 0
18 0
18 1
18 0
18 1
17 1
16 1
15 1
14 1
14 2
13 2
13 3
13 4
13 3
14 3
14 2
14 3
15 3
14 3
14 2
14 1
14 0
14 1
13 1
13 0
13 1
13 0
14 0
14 1
14 2
15 2
15 1
15 0
16 0
16 1
17 1
16 1
17 1
17 2
16 2
16 1
16 2
16 3
17 3
16 3
16 4
16 5
17 5
18 5
17 5
17 6
16 6
15 6
14 6
14 7
15 7
14 7
14 8
15 8
15 9
15 8
14 8
14 9
13 9
13 10
14 10
14 11
14 12
13 12
13 13
13 14
13 15
12 15
11 15
10 15
9 15
10 15
9 15
9 14
10 14
10 13
9 13
8 13
7 13
6 13
6 12
5 12
5 11
4 11
4 10
4 9
3 9
4 9
4 10
3 10
4 10
4 9
3 9
4 9
5 9
6 9
5 9
5 8
4 8
3 8
2 8
1 8
1 7
0 7
0 6
1 6
1 7
2 7
2 6
2 7
2 6
2 7
2 6
1 6
1 5
2 5
3 5
2 5
2 6
1 6
1 7
2 7
1 7
2 7
3 7
2 7
2 6
2 7
2 8
1 8
2 8
1 8
0 8
0 9
1 9
1 8
1 7
0 7
0 8
0 9
0 8
0 9
1 9
2 9
2 10
3 10
4 10
4 11
3 11
3 12
4 12
4 13
3 13
3 14
3 15
3 14
3 15
2 15
3 15
3 14
2 14
2 15
1 15
1 16
0 16
0 15
1 15
1 16
2 16
3 16
2 16
1 16
2 16
3 16
4 16
4 17
4 18
4 17
3 17
2 17
3 17
2 17
1 17
1 18
1 17
1 18
1 19
2 19
3 19
3 20
3 21
3 20
2 20
1 20
1 19
1 18
0 18
0 17
1 17
0 17
0 16
0 17
0 18
0 17
1 17
1 16
2 16
2 15
1 15
0 15
0 14
0 13
0 14
0 13
0 14
1 14
1 15
2 15
1 15
2 15
2 16
1 16
2 16
3 16
3 17
3 16
3 15
2 15
1 15
1 14
1 13
0 13
0 14
1 14
1 13
1 12
1 13
0 13
1 13
1 14
1 15
0 15
1 15
0 15
1 15
0 15
1 15
1 14
0 14
0 15
1 15
0 15
0 14
0 13
1 13
1 12
2 12
2 13
1 13
1 14
0 14
1 14
0 14
0 15
0 14
1 14
1 13
0 13
1 13
1 14
0 14
0 13
0 12
1 12
1 13
1 14
1 15
1 16
2 16
2 17
3 17
2 17
3 17
3 18
3 17
4 17
3 17
4 17
4 16
4 17
4 16
5 16
5 15
5 14
6 14
7 14
8 14
8 13
8 14
7 14
7 15
6 15
6 16
7 16
6 16
6 15
7 15
8 15
9 15
10 15
11 15
11 16
10 16
9 16
8 16
7 16
7 15
7 16
7 17
8 17
9 17
9 18
10 18
10 17
11 17
11 18
11 17
11 18
11 17
11 18
11 19
12 19
13 19
14 19
13 19
14 19
15 19
15 18
15 19
15 20
16 20
15 20
15 21
15 22
14 22
15 22
14 22
15 22
14 22
14 23
13 23
13 22
14 22
14 21
13 21
13 22
14 22
14 21
14 22
14 23
14 22
14 21
14 20
13 20
13 19
12 19
13 19
13 18
13 19
14 19
14 20
15 20
15 19
15 18
15 17
16 17
15 17
16 17
17 17
18 17
19 17
20 17
20 16
19 16
18 16
19 16
19 15
19 14
18 14
18 15
18 14
18 13
18 14
19 14
18 14
19 14
19 15
19 16
19 17
19 16
19 17
19 16
18 16
19 16
18 16
17 16
17 17
18 17
18 18
19 18
20 18
21 18
21 17
20 17
19 17
18 17
19 17
19 18
18 18
18 19
18 20
18 19
19 19
18 19
19 19
19 18
18 18
18 17
18 16
19 16
20 16
19 16
19 15
19 16
20 16
20 15
21 15
21 14
22 14
22 13
21 13
20 13
21 13
21 14
22 14
21 14
22 14
22 15
22 14
22 15
23 15
24 15
24 14
24 15
24 14
23 14
23 13
22 13
21 13
22 13
22 12
23 12
23 13
23 14
22 14
21 14
20 14
20 15
19 15
20 15
19 15
19 16
20 16
20 17
20 18
19 18
18 18
18 19
17 19
16 19
16 18
15 18
15 19
14 19
14 18
14 17
13 17
13 16
13 17
14 17
14 18
14 19
14 20
15 20
16 20
16 21
17 21
17 20
17 21
17 22
17 21
18 21
18 20
17 20
17 19
16 19
16 20
16 21
15 21
15 20
14 20
13 20
13 21
13 22
14 22
14 23
14 22
15 22
14 22
14 23
15 23
14 23
15 23
15 24
16 24
16 25
17 25
17 24
16 24
17 24
18 24
17 24
17 23
18 23
18 24
18 25
17 25
18 25
18 26
18 25
18 24
19 24
19 25
19 24
19 23
18 23
19 23
18 23
17 23
17 22
18 22
19 22
18 22
18 21
18 20
18 19
17 19
17 18
17 19
16 19
15 19
14 19
14 18
15 18
15 17
15 18
16 18
16 19
15 19
16 19
16 20
16 21
15 21
16 21
16 20
16 21
15 21
16 21
16 20
17 20
16 20
17 20
17 19
16 19
17 19
18 19
19 19
20 19
20 18
20 19
19 19
20 19
20 18
19 18
19 17
19 16
20 16
19 16
20 16
20 17
21 17
20 17
21 17
22 17
22 16
23 16
24 16
24 17
23 17
22 17
22 18
23 18
23 19
24 19
25 19
25 20
25 19
26 19
25 19
24 19
24 20
25 20
25 19
25 20
24 20
25 20
25 19
25 20
25 21
25 22
25 21
25 22
26 22
25 22
25 21
24 21
25 21
24 21
25 21
25 22
25 21
25 22
25 21
26 21
25 21
26 21
26 20
26 21
26 22
26 23
25 23
24 23
23 23
24 23
24 24
24 23
23 23
23 24
23 25
23 24
23 23
23 24
22 24
23 24
23 25
24 25
25 25
25 24
26 24
25 24
25 25
25 26
25 27
26 27
26 28
26 29
26 30
27 30
26 30
25 30
24 30
23 30
23 31
23 32
24 32
25 32
24 32
24 31
23 31
24 31
24 30
25 30
25 29
24 29
23 29
24 29
24 28
24 27
23 27
24 27
24 26
24 27
24 28
24 29
24 28
25 28
25 29
26 29
26 28
26 27
27 27
27 26
28 26
27 26
28 26
27 26
27 27
26 27
26 26
27 26
27 27
26 27
26 28
26 27
25 27
26 27
26 28
26 27
25 27
25 28
25 27
24 27
23 27
23 28
24 28
25 28
26 28
27 28
27 27
28 27
28 28
27 28
28 28
27 28
27 29
28 29
27 29
28 29
28 28
28 29
28 30
28 29
28 30
28 29
28 30
28 29
28 30
28 31
29 31
30 31
31 31
32 31
33 31
32 31
32 32
33 32
33 31
33 32
32 32
32 33
33 33
34 33
34 32
34 31
35 31
35 30
35 31
35 32
36 32
36 33
37 33
36 33
35 33
34 33
34 32
35 32
36 32
36 33
36 32
36 33
36 32
36 33
37 33
36 33
36 34
37 34
37 35
38 35
39 35
40 35
39 35
40 35
40 36
40 37
39 37
39 38
38 38
38 37
39 37
39 38
39 39
38 39
37 39
37 40
38 40
38 41
39 41
38 41
39 41
39 40
39 41
38 41
39 41
39 40
39 41
40 41
39 41
38 41
39 41
39 42
38 42
39 42
39 43
39 44
39 45
38 45
37 45
36 45
35 45
34 45
35 45
35 46
35 47
36 47
36 46
35 46
36 46
35 46
35 47
35 46
36 46
37 46
38 46
38 47
39 47
39 48
38 48
38 47
39 47
38 47
39 47
39 46
39 47
39 46
39 47
38 47
38 48
37 48
38 48
38 49
39 49
38 49
38 50
38 49
39 49
38 49
38 48
38 49
38 50
37 50
36 50
36 51
36 52
35 52
36 52
36 53
36 52
35 52
35 53
35 52
35 51
35 52
36 52
36 51
35 51
35 52
35 53
34 53
34 52
34 53
34 52
34 53
34 52
34 51
34 52
34 51
34 52
34 51
34 52
34 51
33 51
33 52
33 51
32 51
33 51
33 52
34 52
33 52
32 52
31 52
30 52
29 52
30 52
31 52
