0 0
1 0
2 0
3 0
2 0
1 0
1 1
1 0
0 0
0 1
1 1
1 0
0 0
1 0
0 0
0 1
1 1
1 2
2 2
3 2
3 3
2 3
2 4
2 5
2 4
2 5
1 5
1 6
0 6
1 6
2 6
1 6
0 6
1 6
1 5
2 5
2 6
3 6
4 6
4 7
5 7
5 6
5 5
4 5
4 4
4 3
4 4
5 4
6 4
7 4
7 5
6 5
6 4
5 4
4 4
5 4
5 5
4 5
4 6
4 5
4 4
5 4
5 3
4 3
5 3
5 2
5 1
5 0
5 1
5 2
6 2
6 3
6 4
7 4
8 4
8 3
8 2
9 2
9 3
10 3
10 4
10 3
10 2
10 3
9 3
9 4
8 4
8 3
9 3
8 3
9 3
9 2
10 2
9 2
10 2
9 2
9 3
9 2
9 3
9 2
9 3
10 3
10 2
11 2
12 2
12 1
12 2
12 1
13 1
13 0
13 1
13 2
12 2
11 2
10 2
11 2
12 2
11 2
11 1
11 0
10 0
10 1
10 2
11 2
12 2
13 2
12 2
12 3
12 4
11 4
12 4
11 4
11 3
11 4
10 4
10 5
10 4
10 5
10 4
11 4
10 4
10 5
11 5
10 5
11 5
11 6
10 6
9 6
9 5
9 6
9 5
9 6
10 6
9 6
9 7
9 8
9 9
9 10
9 9
10 9
10 10
11 10
11 9
11 10
12 10
12 11
12 10
13 10
12 10
12 11
13 11
13 12
14 12
14 13
14 14
14 13
15 13
16 13
16 14
16 15
17 15
16 15
17 15
17 14
17 13
18 13
19 13
19 14
18 14
17 14
16 14
16 13
17 13
16 13
17 13
18 13
19 13
19 12
20 12
20 11
21 11
21 10
22 10
23 10
22 10
22 9
23 9
24 9
23 9
23 10
24 10
23 10
23 9
23 10
22 10
22 9
22 8
22 7
23 7
22 7
21 7
22 7
23 7
23 6
24 6
24 7
24 8
23 8
22 8
23 8
23 9
23 10
22 10
21 10
21 11
21 12
22 12
22 13
21 13
22 13
22 14
22 15
22 16
23 16
23 17
23 16
23 17
22 17
22 16
21 16
21 15
21 16
21 17
21 18
22 18
23 18
23 17
23 18
23 19
22 19
22 18
22 19
22 18
22 17
22 16
23 16
23 17
23 16
23 15
23 16
22 16
22 15
23 15
23 16
23 17
23 18
23 17
22 17
23 17
24 17
25 17
26 17
26 18
27 18
28 18
28 19
28 18
28 17
28 18
27 18
28 18
29 18
30 18
30 17
30 16
31 16
31 15
32 15
31 15
31 16
31 17
31 18
30 18
29 18
28 18
28 19
29 19
30 19
30 20
29 20
29 19
29 20
28 20
29 20
29 19
30 19
30 18
30 19
30 18
30 19
30 18
29 18
30 18
29 18
28 18
28 19
28 20
27 20
28 20
28 19
28 20
27 20
27 19
27 20
28 20
27 20
28 20
27 20
26 20
27 20
28 20
28 21
28 22
28 23
28 22
27 22
26 22
25 22
26 22
26 23
26 24
26 23
26 24
26 25
27 25
27 24
28 24
29 24
30 24
30 25
30 26
30 27
30 26
30 25
30 26
29 26
29 25
29 26
28 26
29 26
29 25
30 25
30 24
30 25
30 24
30 25
29 25
29 24
29 23
29 24
28 24
27 24
28 24
29 24
29 23
30 23
30 24
30 23
29 23
29 22
28 22
28 23
28 24
27 24
26 24
25 24
26 24
25 24
26 24
26 25
26 24
25 24
25 23
25 24
26 24
26 23
25 23
24 23
25 23
25 24
25 23
25 24
25 25
25 26
24 26
24 27
24 28
25 28
25 29
26 29
26 28
26 27
26 28
26 29
25 29
25 30
25 31
25 32
26 32
26 31
25 31
25 30
26 30
26 31
26 32
26 33
26 32
25 32
24 32
23 32
23 31
23 32
23 31
22 31
21 31
20 31
20 32
20 31
19 31
20 31
21 31
21 30
21 29
21 28
21 27
20 27
20 28
21 28
21 29
21 28
20 28
20 27
20 26
21 26
22 26
23 26
24 26
24 25
25 25
26 25
26 26
25 26
24 26
23 26
23 27
23 28
23 27
22 27
21 27
22 27
21 27
21 26
21 27
21 28
22 28
22 29
23 29
23 28
22 28
22 29
22 28
21 28
21 29
21 30
20 30
19 30
19 31
19 32
19 31
19 32
20 32
20 33
21 33
21 34
20 34
21 34
22 34
23 34
22 34
23 34
23 35
23 36
24 36
24 35
24 34
25 34
25 35
25 34
26 34
26 35
26 34
26 35
26 36
25 36
24 36
23 36
23 35
24 35
24 36
25 36
24 36
23 36
23 35
23 36
24 36
24 37
23 37
24 37
25 37
26 37
26 36
25 36
26 36
26 35
27 35
26 35
25 35
24 35
24 36
25 36
25 37
25 36
25 37
25 38
26 38
27 38
28 38
29 38
29 37
30 37
31 37
31 38
31 39
32 39
31 39
32 39
32 40
32 41
33 41
32 41
31 41
30 41
29 41
30 41
30 40
31 40
32 40
32 39
33 39
33 38
32 38
32 37
32 38
31 38
32 38
32 39
33 39
32 39
31 39
31 40
32 40
32 41
33 41
32 41
31 41
31 42
31 41
32 41
33 41
34 41
35 41
35 40
35 39
35 38
35 39
35 38
35 39
34 39
33 39
34 39
35 39
35 38
35 39
34 39
34 40
33 40
33 41
33 42
33 43
32 43
33 43
32 43
32 44
33 44
33 43
34 43
33 43
33 42
33 41
33 42
34 42
34 41
34 42
33 42
34 42
34 43
34 42
34 43
34 44
35 44
36 44
36 43
37 43
37 44
38 44
37 44
36 44
36 43
35 43
35 44
35 43
35 42
35 41
35 42
35 41
36 41
36 42
35 42
36 42
36 41
35 41
35 40
35 41
36 41
36 40
36 41
37 41
36 41
35 41
35 42
36 42
35 42
34 42
34 43
34 44
34 45
35 45
34 45
34 46
33 46
33 47
33 46
32 46
32 45
33 45
32 45
32 44
33 44
33 45
32 45
32 44
32 43
32 44
32 43
32 44
33 44
34 44
34 45
34 46
35 46
35 47
35 46
35 47
35 46
36 46
35 46
36 46
36 47
37 47
37 48
38 48
38 47
37 47
37 48
37 49
36 49
36 50
35 50
35 49
35 48
36 48
35 48
36 48
36 47
37 47
38 47
38 48
38 49
39 49
39 48
39 47
40 47
39 47
40 47
40 46
40 47
41 47
40 47
41 47
41 48
41 49
41 50
42 50
43 50
43 51
43 52
43 53
43 54
43 53
44 53
45 53
45 52
45 51
44 51
44 50
45 50
46 50
45 50
44 50
45 50
46 50
46 51
46 50
46 51
47 51
47 50
47 49
47 50
48 50
49 50
50 50
50 49
51 49
51 50
51 49
51 48
51 47
50 47
51 47
50 47
50 48
49 48
48 48
48 49
49 49
48 49
49 49
50 49
51 49
52 49
51 49
51 50
51 51
51 50
51 49
51 48
50 48
50 49
50 50
51 50
51 49
50 49
49 49
49 50
48 50
47 50
46 50
45 50
46 50
47 50
48 50
47 50
48 50
49 50
48 50
48 51
48 52
49 52
50 52
50 51
50 50
50 49
50 50
49 50
49 49
49 50
48 50
47 50
46 50
45 50
45 49
45 48
44 48
43 48
43 49
43 48
43 47
44 47
44 46
44 45
44 46
44 47
45 47
46 47
45 47
45 48
44 48
44 49
44 48
44 47
44 48
44 49
43 49
43 48
42 48
43 48
42 48
42 49
43 49
42 49
41 49
42 49
42 48
43 48
43 47
44 47
45 47
45 48
44 48
43 48
43 49
44 49
45 49
46 49
47 49
47 50
46 50
45 50
45 49
45 50
44 50
44 49
45 49
45 48
45 49
46 49
45 49
46 49
46 50
45 50
44 50
44 49
44 48
44 47
44 48
44 47
43 47
43 46
44 46
44 47
43 47
42 47
41 47
42 47
42 46
42 45
43 45
44 45
43 45
43 46
42 46
42 45
42 44
42 45
42 46
42 45
42 44
43 44
42 44
42 43
41 43
40 43
40 44
40 43
41 43
41 44
40 44
40 43
40 42
39 42
38 42
38 43
38 44
39 44
38 44
38 45
38 46
39 46
40 46
39 46
40 46
39 46
38 46
38 47
39 47
40 47
40 46
40 47
39 47
39 46
38 46
39 46
39 47
39 48
39 49
40 49
41 49
40 49
41 49
42 49
42 50
42 49
42 48
42 47
42 48
41 48
42 48
41 48
41 47
41 48
41 47
42 47
43 47
42 47
41 47
41 48
41 49
41 48
40 48
40 47
41 47
42 47
42 46
42 47
41 47
42 47
42 46
41 46
41 45
40 45
40 46
41 46
41 45
40 45
40 46
40 47
39 47
39 46
40 46
40 45
