0 0
0 1
0 0
0 1
0 0
1 0
1 1
0 1
0 2
0 3
0 4
1 4
0 4
1 4
1 3
1 4
2 4
2 3
1 3
2 3
1 3
0 3
0 2
1 2
2 2
3 2
3 1
3 0
3 1
4 1
5 1
6 1
6 2
5 2
4 2
4 1
4 2
4 1
4 2
3 2
2 2
1 2
1 3
0 3
1 3
1 4
2 4
2 3
1 3
1 2
1 1
2 1
3 1
4 1
4 0
5 0
5 1
5 0
6 0
6 1
7 1
8 1
9 1
9 0
9 1
10 1
10 2
11 2
11 3
10 3
10 2
9 2
10 2
10 1
11 1
11 0
11 1
12 1
11 1
11 0
10 0
10 1
9 1
10 1
9 1
9 2
9 3
9 2
9 3
9 2
9 1
10 1
10 0
10 1
11 1
10 1
9 1
9 0
9 1
9 2
9 1
9 2
10 2
10 3
10 4
11 4
11 5
11 6
11 5
10 5
10 4
9 4
9 3
8 3
9 3
9 2
9 3
8 3
8 4
8 5
8 6
8 5
8 4
9 4
10 4
9 4
9 5
9 6
9 5
9 6
8 6
7 6
7 5
6 5
6 4
6 5
7 5
7 4
8 4
7 4
8 4
8 3
8 2
7 2
8 2
8 1
9 1
8 1
8 0
8 1
9 1
8 1
7 1
6 1
7 1
6 1
6 2
6 3
6 4
6 5
6 6
7 6
7 5
7 6
8 6
8 7
9 7
9 8
9 9
8 9
8 8
7 8
6 8
7 8
7 7
7 6
6 6
7 6
6 6
6 5
6 6
6 5
6 4
5 4
5 3
5 4
5 5
6 5
7 5
8 5
8 6
8 5
8 4
7 4
8 4
8 3
8 4
7 4
8 4
7 4
8 4
7 4
8 4
7 4
6 4
6 3
6 4
7 4
7 3
7 4
7 5
7 4
6 4
6 3
7 3
7 4
7 3
7 4
7 3
7 4
7 3
6 3
6 4
7 4
7 5
7 6
8 6
7 6
7 5
7 6
6 6
5 6
5 7
4 7
4 8
5 8
6 8
6 9
7 9
8 9
7 9
7 8
7 7
7 6
8 6
8 7
8 8
7 8
6 8
7 8
6 8
5 8
4 8
4 9
4 8
3 8
3 7
2 7
3 7
2 7
1 7
0 7
1 7
2 7
3 7
4 7
4 6
3 6
4 6
3 6
2 6
2 5
3 5
2 5
2 6
1 6
1 5
2 5
1 5
0 5
0 4
0 5
1 5
1 4
2 4
2 5
3 5
4 5
4 4
4 3
4 4
4 3
3 3
4 3
4 4
4 5
4 4
5 4
4 4
4 5
4 6
4 7
3 7
2 7
2 6
1 6
1 5
1 6
2 6
1 6
1 7
1 6
0 6
1 6
1 5
2 5
2 6
3 6
3 7
3 8
2 8
3 8
3 9
3 10
2 10
2 9
2 8
2 7
3 7
4 7
5 7
5 6
4 6
3 6
4 6
3 6
3 5
2 5
3 5
4 5
4 4
5 4
5 3
5 4
5 3
5 4
6 4
6 5
5 5
5 4
5 5
5 4
5 3
5 2
6 2
7 2
6 2
7 2
8 2
8 1
8 2
8 1
9 1
8 1
8 2
8 3
8 2
7 2
8 2
9 2
8 2
8 3
7 3
6 3
5 3
5 4
6 4
5 4
4 4
5 4
4 4
3 4
4 4
4 3
4 2
5 2
6 2
7 2
6 2
6 3
7 3
6 3
7 3
6 3
7 3
7 2
7 3
6 3
6 4
6 5
7 5
6 5
6 4
6 5
6 4
5 4
6 4
7 4
7 3
7 4
6 4
6 3
6 4
7 4
7 3
7 2
7 3
8 3
7 3
7 2
7 3
8 3
9 3
8 3
8 2
8 1
8 0
8 1
8 0
8 1
8 0
9 0
10 0
11 0
12 0
11 0
10 0
10 1
11 1
11 2
11 1
11 2
10 2
10 1
11 1
10 1
11 1
12 1
13 1
14 1
13 1
13 2
13 3
12 3
12 2
11 2
11 1
10 1
10 2
11 2
12 2
11 2
10 2
11 2
12 2
13 2
14 2
15 2
15 1
14 1
14 2
15 2
16 2
17 2
17 3
17 2
16 2
16 3
16 4
16 3
16 2
17 2
17 3
17 2
18 2
19 2
19 3
18 3
17 3
17 2
17 3
16 3
16 2
15 2
16 2
16 1
16 0
16 1
15 1
15 2
16 2
16 3
15 3
15 2
14 2
14 1
15 1
15 0
14 0
14 1
14 2
14 1
14 0
14 1
14 2
13 2
14 2
13 2
14 2
13 2
12 2
12 3
11 3
10 3
9 3
9 4
8 4
9 4
9 3
8 3
9 3
9 2
9 3
9 2
8 2
8 1
8 0
8 1
8 0
8 1
8 0
9 0
10 0
10 1
9 1
8 1
8 2
9 2
9 1
9 0
10 0
10 1
11 1
12 1
13 1
12 1
12 2
12 1
13 1
12 1
13 1
12 1
12 0
12 1
12 2
13 2
12 2
13 2
12 2
12 1
13 1
14 1
13 1
14 1
13 1
14 1
14 0
14 1
13 1
14 1
14 0
14 1
13 1
14 1
13 1
14 1
13 1
14 1
15 1
15 2
14 2
14 1
14 2
13 2
13 3
12 3
13 3
13 4
14 4
14 3
15 3
15 4
15 3
15 4
15 5
16 5
16 6
16 7
15 7
15 6
14 6
14 7
15 7
15 8
16 8
17 8
18 8
17 8
17 9
17 10
17 9
16 9
17 9
17 10
18 10
18 9
18 10
18 9
18 8
17 8
16 8
16 9
16 10
17 10
17 9
18 9
19 9
19 8
20 8
19 8
19 7
19 8
19 7
19 8
19 9
20 9
19 9
20 9
20 10
20 11
20 12
21 12
20 12
19 12
19 13
19 12
19 11
19 12
19 11
18 11
18 12
19 12
19 13
20 13
20 14
19 14
20 14
21 14
22 14
21 14
21 13
21 14
21 15
21 14
21 13
21 14
21 15
21 16
21 17
20 17
19 17
19 18
19 19
19 18
19 19
19 18
20 18
20 19
20 18
21 18
20 18
21 18
21 17
21 18
21 17
20 17
20 18
19 18
19 19
19 20
19 21
20 21
20 22
21 22
22 22
22 23
22 24
22 25
21 25
21 24
22 24
22 25
23 25
23 24
23 23
23 24
23 23
23 22
23 23
23 22
23 23
24 23
25 23
25 24
26 24
26 25
26 24
27 24
27 25
28 25
27 25
27 24
27 25
26 25
26 26
26 27
25 27
24 27
24 28
24 27
25 27
24 27
23 27
23 28
22 28
22 27
22 28
22 29
22 30
22 31
21 31
20 31
20 32
20 31
20 30
21 30
22 30
22 31
22 32
23 32
22 32
21 32
21 31
22 31
22 32
22 33
23 33
23 32
24 32
24 33
24 34
23 34
22 34
23 34
23 33
22 33
22 34
22 33
23 33
22 33
22 34
21 34
20 34
21 34
20 34
21 34
22 34
21 34
22 34
23 34
23 33
23 34
23 33
23 32
23 31
22 31
23 31
24 31
24 32
24 33
25 33
25 32
25 33
25 32
25 33
26 33
26 34
27 34
26 34
26 35
27 35
27 34
28 34
27 34
27 33
27 34
27 35
28 35
28 36
29 36
30 36
30 37
29 37
29 38
30 38
30 39
30 40
31 40
31 39
32 39
32 40
31 40
32 40
33 40
33 39
33 38
33 39
33 38
34 38
34 39
34 40
34 41
35 41
35 40
35 39
35 40
34 40
34 41
34 40
33 40
33 39
32 39
32 38
32 39
33 39
32 39
31 39
31 40
31 41
31 40
31 41
30 41
30 40
31 40
32 40
33 40
32 40
33 40
34 40
34 39
34 38
33 38
32 38
32 39
33 39
32 39
33 39
34 39
34 38
34 39
33 39
33 40
34 40
35 40
34 40
33 40
33 39
34 39
34 38
34 39
34 38
35 38
34 38
35 38
34 38
35 38
35 37
35 38
34 38
34 39
34 40
33 40
33 39
34 39
33 39
34 39
35 39
35 40
36 40
37 40
36 40
36 39
36 38
37 38
37 39
36 39
36 40
35 40
35 39
35 38
34 38
34 37
33 37
32 37
32 38
32 37
33 37
34 37
34 38
34 39
33 39
34 39
34 38
34 39
35 39
34 39
35 39
35 40
35 39
35 40
35 39
35 38
36 38
36 39
37 39
37 38
38 38
39 38
39 39
40 39
39 39
39 38
39 37
39 38
39 37
39 36
38 36
38 35
38 34
39 34
38 34
37 34
37 33
38 33
38 32
39 32
39 33
39 34
39 35
38 35
38 34
37 34
37 35
37 36
38 36
38 35
38 36
38 35
38 36
39 36
40 36
39 36
39 37
39 36
39 35
39 34
40 34
39 34
38 34
38 33
38 32
38 31
39 31
39 32
39 33
39 32
38 32
39 32
40 32
39 32
