0 0
1 0
1 1
1 2
1 3
1 2
1 3
1 4
1 5
1 6
2 6
1 6
1 7
1 8
1 9
1 10
0 10
1 10
1 9
0 9
1 9
1 8
1 7
0 7
1 7
1 8
1 7
1 8
1 7
2 7
3 7
2 7
1 7
0 7
0 6
1 6
1 7
0 7
1 7
2 7
3 7
2 7
3 7
4 7
4 6
4 7
4 6
5 6
5 7
4 7
5 7
6 7
6 6
6 7
5 7
5 6
6 6
6 5
6 6
7 6
7 7
6 7
5 7
5 6
6 6
6 7
7 7
7 8
6 8
6 7
6 8
6 7
6 6
7 6
7 5
7 4
8 4
7 4
8 4
8 3
9 3
10 3
10 4
11 4
11 3
12 3
12 4
12 3
12 2
12 3
12 2
12 3
13 3
14 3
14 2
14 1
14 2
14 3
14 4
14 5
14 6
14 7
14 6
14 7
13 7
12 7
11 7
11 6
10 6
11 6
11 5
12 5
11 5
11 6
11 7
12 7
13 7
12 7
11 7
11 8
11 7
11 8
11 7
11 8
11 7
11 8
10 8
10 7
11 7
12 7
12 8
12 9
11 9
11 8
10 8
10 7
9 7
8 7
8 6
7 6
8 6
9 6
8 6
9 6
10 6
10 7
10 8
10 7
9 7
10 7
11 7
10 7
11 7
11 6
12 6
13 6
13 7
12 7
13 7
13 6
14 6
13 6
12 6
12 5
11 5
12 5
12 6
12 7
13 7
13 8
13 7
14 7
13 7
14 7
14 8
14 7
15 7
16 7
17 7
16 7
16 8
16 9
16 10
17 10
18 10
19 10
19 11
20 11
20 12
20 11
21 11
22 11
21 11
21 10
22 10
23 10
22 10
22 11
21 11
20 11
19 11
19 12
19 11
18 11
19 11
19 12
20 12
19 12
20 12
21 12
21 13
21 12
21 13
21 14
21 13
20 13
19 13
19 14
20 14
20 15
19 15
20 15
21 15
22 15
21 15
22 15
22 14
22 15
22 16
21 16
21 17
21 16
21 17
21 16
20 16
20 15
20 16
20 15
20 16
21 16
20 16
20 15
20 16
20 15
21 15
20 15
20 16
21 16
20 16
20 17
21 17
21 16
22 16
22 15
22 14
23 14
22 14
21 14
22 14
23 14
22 14
22 15
22 14
22 13
21 13
21 12
21 13
21 12
20 12
20 13
19 13
20 13
19 13
19 14
18 14
19 14
19 15
19 16
19 15
19 16
18 16
18 15
19 15
18 15
18 14
19 14
19 13
19 14
19 13
18 13
17 13
16 13
16 14
15 14
14 14
14 13
13 13
14 13
14 14
14 13
13 13
13 14
13 13
13 14
12 14
13 14
14 14
14 15
14 14
14 13
14 12
14 11
14 10
14 11
15 11
15 12
14 12
14 13
15 13
15 14
15 15
15 16
14 16
13 16
13 17
12 17
12 18
11 18
11 19
11 20
10 20
10 19
10 18
10 19
9 19
8 19
8 18
7 18
6 18
6 17
5 17
6 17
6 16
6 17
6 18
6 19
6 20
5 20
6 20
5 20
5 19
4 19
4 20
4 21
4 20
4 19
4 20
3 20
3 21
3 22
4 22
3 22
3 23
4 23
4 24
4 25
5 25
5 26
5 25
5 24
5 23
5 24
4 24
5 24
6 24
6 23
6 24
7 24
8 24
9 24
8 24
8 25
8 24
8 23
9 23
8 23
9 23
8 23
8 24
9 24
9 25
9 24
9 25
10 25
10 24
10 25
9 25
9 26
10 26
11 26
11 25
12 25
12 24
12 25
12 24
13 24
12 24
11 24
12 24
12 25
13 25
12 25
12 24
11 24
11 25
11 26
11 25
10 25
9 25
9 24
10 24
10 23
11 23
10 23
11 23
10 23
9 23
10 23
11 23
10 23
9 23
9 22
9 23
9 24
9 23
10 23
10 22
9 22
9 23
10 23
11 23
12 23
12 24
11 24
10 24
10 23
11 23
11 24
12 24
12 25
12 26
12 25
13 25
14 25
13 25
13 24
13 23
13 24
13 25
13 26
12 26
13 26
12 26
13 26
13 25
13 24
13 23
14 23
14 24
14 25
14 24
14 25
13 25
14 25
14 26
15 26
15 27
14 27
13 27
13 28
13 29
12 29
11 29
11 30
12 30
11 30
10 30
10 31
10 32
11 32
12 32
11 32
10 32
10 31
11 31
12 31
12 30
11 30
11 31
12 31
11 31
12 31
12 30
12 29
13 29
12 29
12 28
12 29
13 29
13 28
13 29
13 28
12 28
13 28
13 29
14 29
15 29
15 28
15 29
15 30
14 30
13 30
12 30
12 31
11 31
11 32
11 31
11 30
11 31
11 32
10 32
11 32
10 32
11 32
12 32
13 32
13 33
14 33
14 32
15 32
16 32
16 33
17 33
18 33
18 32
18 33
17 33
17 32
16 32
16 31
16 30
16 31
16 30
16 31
16 32
17 32
17 31
17 30
18 30
17 30
18 30
17 30
17 31
17 30
18 30
19 30
19 31
18 31
18 30
18 29
19 29
20 29
20 30
20 31
20 32
21 32
21 31
20 31
19 31
19 32
18 32
18 31
18 32
18 33
18 34
19 34
19 35
19 36
19 35
20 35
21 35
21 34
22 34
22 33
22 34
22 33
22 34
21 34
21 35
21 36
20 36
20 37
20 36
19 36
19 35
19 34
20 34
21 34
21 33
21 32
20 32
20 33
20 32
21 32
22 32
22 31
21 31
21 30
21 29
22 29
22 30
23 30
23 29
22 29
21 29
21 30
22 30
23 30
24 30
25 30
26 30
27 30
27 31
26 31
26 32
26 33
26 32
26 31
26 30
27 30
26 30
26 29
26 28
25 28
25 27
24 27
23 27
24 27
23 27
23 26
22 26
22 27
22 28
22 29
23 29
24 29
23 29
22 29
22 30
22 31
23 31
24 31
23 31
23 30
23 29
23 30
23 31
23 32
23 31
24 31
24 32
24 33
24 32
24 31
24 30
24 31
24 32
24 33
24 34
25 34
25 33
25 34
25 33
24 33
23 33
23 34
23 35
22 35
22 34
22 33
23 33
23 34
23 35
23 36
24 36
24 35
24 34
25 34
24 34
24 33
25 33
25 34
25 35
25 34
25 35
25 34
26 34
27 34
26 34
27 34
26 34
26 35
25 35
26 35
26 36
27 36
26 36
25 36
24 36
25 36
24 36
24 35
23 35
24 35
23 35
23 36
24 36
25 36
25 35
25 36
25 37
25 38
26 38
26 37
26 38
26 37
26 38
26 39
26 38
27 38
27 39
26 39
26 38
26 37
26 36
25 36
24 36
24 35
25 35
25 36
25 37
26 37
26 38
25 38
24 38
23 38
24 38
24 39
24 40
23 40
22 40
22 41
23 41
23 40
22 40
23 40
23 39
24 39
24 40
24 41
24 42
24 41
23 41
23 40
22 40
22 41
22 42
22 43
22 44
22 45
21 45
21 44
20 44
19 44
19 45
19 44
20 44
21 44
21 45
21 44
21 43
20 43
21 43
21 42
21 43
21 44
20 44
20 45
20 44
20 45
20 44
20 45
20 46
20 47
20 48
21 48
21 49
20 49
20 50
21 50
21 51
20 51
20 50
20 49
21 49
20 49
20 48
21 48
20 48
21 48
22 48
22 49
23 49
23 50
23 49
24 49
24 48
25 48
24 48
24 47
25 47
26 47
25 47
24 47
25 47
26 47
26 46
26 47
27 47
27 46
27 45
27 46
28 46
29 46
29 47
30 47
30 46
30 47
30 46
30 45
31 45
31 46
30 46
31 46
31 45
32 45
31 45
31 46
31 45
31 46
32 46
33 46
32 46
32 45
31 45
30 45
31 45
30 45
29 45
28 45
28 46
29 46
30 46
30 45
29 45
28 45
28 44
27 44
27 45
26 45
25 45
25 46
24 46
23 46
23 47
23 46
24 46
25 46
25 45
24 45
25 45
24 45
24 44
24 43
23 43
23 42
23 43
24 43
25 43
25 42
25 43
25 44
24 44
23 44
23 45
22 45
21 45
20 45
21 45
21 46
20 46
20 45
21 45
21 44
21 43
20 43
19 43
18 43
17 43
17 44
17 43
18 43
18 44
18 43
18 44
18 43
19 43
18 43
18 44
19 44
20 44
19 44
20 44
19 44
18 44
18 45
17 45
17 44
17 45
17 44
16 44
15 44
14 44
14 43
15 43
15 42
16 42
16 43
17 43
17 42
17 41
17 40
17 41
18 41
17 41
17 40
17 41
18 41
18 42
18 41
19 41
18 41
18 42
19 42
19 43
20 43
19 43
19 42
19 41
19 42
19 41
19 42
18 42
19 42
20 42
20 41
20 40
21 40
22 40
22 39
22 38
22 37
21 37
22 37
21 37
22 37
21 37
21 38
21 37
20 37
20 38
20 37
20 36
21 36
21 37
21 36
20 36
20 35
21 35
20 35
