0 0
1 0
2 0
2 1
2 0
1 0
1 1
1 0
0 0
0 1
0 2
0 3
1 3
0 3
1 3
0 3
0 4
0 5
1 5
1 6
2 6
2 5
2 4
3 4
3 5
2 5
1 5
0 5
1 5
0 5
1 5
2 5
2 6
2 7
3 7
3 8
2 8
1 8
1 7
2 7
2 8
2 9
2 8
1 8
0 8
0 9
1 9
2 9
1 9
1 10
1 11
2 11
2 12
1 12
0 12
0 11
1 11
0 11
0 12
1 12
2 12
1 12
0 12
0 13
1 13
1 12
0 12
0 11
1 11
1 10
2 10
2 9
2 10
2 11
2 10
1 10
0 10
1 10
1 11
2 11
2 12
1 12
1 11
1 12
1 13
0 13
1 13
2 13
3 13
2 13
3 13
3 14
2 14
2 15
3 15
2 15
2 14
3 14
3 15
3 16
2 16
2 15
2 16
2 15
2 14
3 14
3 13
2 13
1 13
2 13
1 13
2 13
3 13
4 13
4 12
5 12
5 11
5 12
6 12
5 12
4 12
4 11
3 11
4 11
4 12
3 12
4 12
5 12
5 11
5 10
5 11
6 11
6 10
6 9
6 10
6 9
7 9
6 9
7 9
8 9
9 9
9 10
9 11
9 10
9 9
9 10
9 9
8 9
8 8
9 8
9 7
8 7
8 8
8 9
9 9
10 9
9 9
8 9
7 9
7 8
8 8
7 8
6 8
6 9
7 9
8 9
9 9
10 9
10 8
10 9
9 9
8 9
9 9
10 9
9 9
10 9
11 9
11 8
11 9
11 10
11 11
11 10
12 10
12 11
13 11
13 12
13 13
13 14
14 14
13 14
13 13
13 12
13 13
12 13
12 14
12 13
13 13
13 12
13 13
13 12
13 13
14 13
15 13
14 13
14 14
14 13
14 12
14 13
15 13
14 13
14 12
13 12
13 13
12 13
12 14
12 13
11 13
12 13
13 13
12 13
13 13
13 12
14 12
13 12
13 13
13 14
13 13
14 13
14 14
13 14
14 14
14 15
15 15
14 15
14 14
14 15
14 14
15 14
14 14
15 14
16 14
16 15
15 15
15 14
15 13
15 12
16 12
16 13
16 14
15 14
14 14
13 14
12 14
12 13
11 13
10 13
10 12
10 11
10 10
11 10
10 10
10 9
11 9
10 9
10 8
10 9
11 9
10 9
10 8
9 8
9 7
10 7
11 7
11 8
11 7
12 7
12 8
11 8
11 9
10 9
10 8
10 9
11 9
12 9
12 10
13 10
14 10
13 10
13 11
12 11
11 11
10 11
11 11
11 12
11 11
12 11
13 11
13 10
14 10
14 11
13 11
13 12
12 12
13 12
13 13
12 13
12 14
11 14
12 14
12 15
11 15
11 16
12 16
13 16
12 16
11 16
10 16
10 17
11 17
11 18
11 17
11 16
12 16
13 16
13 17
13 16
13 15
12 15
12 16
13 16
12 16
13 16
13 15
14 15
15 15
16 15
16 14
17 14
17 13
18 13
17 13
18 13
18 14
19 14
19 13
19 14
18 14
19 14
20 14
21 14
21 13
21 14
22 14
23 14
23 13
22 13
22 12
22 11
21 11
21 10
20 10
20 9
21 9
20 9
20 10
20 9
21 9
20 9
21 9
21 10
20 10
21 10
22 10
22 9
22 10
22 9
22 8
21 8
21 7
21 6
20 6
19 6
19 5
19 4
18 4
18 3
17 3
17 2
18 2
17 2
18 2
18 1
18 0
18 1
19 1
19 2
20 2
19 2
19 1
19 0
19 1
20 1
20 2
21 2
22 2
22 1
22 0
21 0
21 1
20 1
20 0
21 0
21 1
20 1
21 1
21 0
21 1
22 1
21 1
22 1
22 2
22 1
22 0
21 0
21 1
21 0
21 1
21 2
22 2
22 3
23 3
24 3
23 3
22 3
21 3
21 4
22 4
22 5
22 6
23 6
23 7
23 8
23 7
23 6
22 6
23 6
22 6
22 7
23 7
24 7
25 7
26 7
27 7
27 8
27 9
27 10
27 11
27 10
26 10
27 10
27 9
28 9
27 9
28 9
29 9
29 10
28 10
29 10
29 11
29 10
29 9
29 10
29 9
29 8
28 8
27 8
28 8
28 9
28 8
29 8
29 7
30 7
30 8
30 7
31 7
32 7
31 7
31 6
31 7
30 7
29 7
29 8
29 7
28 7
29 7
29 8
30 8
30 9
30 8
30 7
30 6
30 7
31 7
30 7
30 8
29 8
28 8
28 9
29 9
29 8
29 9
30 9
29 9
29 8
29 9
29 10
29 11
30 11
30 12
31 12
30 12
30 13
30 12
30 13
31 13
30 13
31 13
32 13
33 13
32 13
32 14
31 14
31 13
31 12
30 12
30 13
31 13
32 13
32 12
32 11
32 12
33 12
32 12
32 11
33 11
33 12
32 12
32 11
33 11
32 11
32 10
33 10
32 10
32 11
31 11
31 10
30 10
31 10
30 10
30 9
30 8
30 7
30 6
29 6
30 6
30 7
30 8
31 8
32 8
31 8
32 8
33 8
34 8
34 9
34 10
34 9
35 9
35 8
35 7
35 6
36 6
35 6
35 5
35 6
34 6
35 6
35 7
35 6
36 6
35 6
35 5
35 4
36 4
37 4
37 3
36 3
36 2
36 1
36 0
37 0
37 1
36 1
37 1
36 1
36 2
36 1
37 1
36 1
35 1
34 1
34 2
34 3
34 4
34 3
34 4
33 4
33 5
34 5
35 5
34 5
33 5
32 5
31 5
30 5
29 5
29 6
29 7
29 6
30 6
30 5
29 5
29 6
29 7
29 6
29 5
30 5
30 4
30 3
31 3
30 3
29 3
28 3
27 3
27 2
27 3
28 3
28 2
29 2
30 2
29 2
30 2
29 2
28 2
28 3
28 2
29 2
28 2
28 1
27 1
27 2
26 2
25 2
26 2
25 2
25 1
26 1
26 0
26 1
27 1
28 1
27 1
27 0
28 0
28 1
29 1
30 1
29 1
30 1
30 0
29 0
29 1
28 1
28 0
27 0
26 0
26 1
27 1
28 1
27 1
27 0
26 0
26 1
25 1
26 1
27 1
28 1
28 2
28 1
28 0
29 0
30 0
30 1
30 2
30 3
31 3
32 3
32 2
33 2
33 3
33 4
32 4
32 3
33 3
32 3
31 3
32 3
31 3
30 3
29 3
28 3
28 4
28 3
28 2
27 2
27 1
27 2
28 2
29 2
29 1
30 1
31 1
32 1
32 2
32 1
32 0
32 1
33 1
33 2
33 3
32 3
31 3
31 4
32 4
33 4
32 4
32 5
32 4
33 4
33 5
33 6
33 7
33 8
33 9
34 9
34 10
33 10
33 9
32 9
33 9
33 8
32 8
31 8
32 8
32 9
33 9
34 9
33 9
34 9
33 9
33 8
33 7
34 7
33 7
32 7
31 7
31 6
31 7
31 6
30 6
30 5
31 5
30 5
31 5
31 6
30 6
30 5
30 6
29 6
29 7
29 6
30 6
31 6
30 6
31 6
31 5
31 4
31 3
30 3
29 3
28 3
27 3
26 3
27 3
27 4
27 3
28 3
28 2
29 2
30 2
30 1
29 1
29 2
29 3
29 2
30 2
30 3
29 3
30 3
29 3
28 3
28 2
29 2
30 2
30 1
31 1
31 2
31 3
30 3
29 3
30 3
29 3
28 3
29 3
29 4
29 5
30 5
30 4
30 5
30 4
30 5
31 5
31 4
31 5
32 5
33 5
34 5
34 6
34 5
34 6
34 7
33 7
32 7
32 8
31 8
30 8
30 9
29 9
30 9
30 8
31 8
30 8
29 8
29 9
29 8
28 8
28 9
29 9
29 10
29 9
30 9
31 9
31 10
31 11
32 11
32 12
32 11
32 12
31 12
31 11
31 10
31 9
31 10
30 10
30 11
30 12
30 13
31 13
31 12
30 12
31 12
30 12
31 12
31 11
30 11
29 11
29 10
30 10
30 9
29 9
30 9
31 9
31 10
30 10
29 10
29 9
28 9
28 10
28 11
28 10
28 9
28 10
28 11
28 10
27 10
26 10
26 11
25 11
25 12
26 12
27 12
27 11
28 11
28 10
28 11
27 11
27 12
26 12
25 12
24 12
25 12
25 11
24 11
24 12
25 12
25 11
26 11
26 10
26 9
27 9
27 10
26 10
27 10
27 11
28 11
27 11
27 12
28 12
27 12
27 11
27 12
27 13
27 14
27 15
27 16
27 15
26 15
27 15
27 16
27 15
27 14
27 15
27 14
28 14
27 14
27 13
27 14
27 13
26 13
26 12
27 12
27 13
28 13
28 12
29 12
29 13
29 12
29 13
29 12
29 11
29 12
29 13
29 14
28 14
28 13
27 13
27 12
26 12
25 12
25 11
24 11
24 10
25 10
25 9
25 8
26 8
26 9
25 9
26 9
26 10
26 11
