0 0
1 0
1 1
1 0
0 0
1 0
1 1
1 2
2 2
1 2
1 1
0 1
1 1
2 1
3 1
3 0
3 1
3 0
3 1
3 2
2 2
2 1
2 0
2 1
2 0
2 1
2 0
3 0
4 0
5 0
5 1
6 1
6 0
5 0
6 0
7 0
7 1
7 0
6 0
5 0
4 0
5 0
6 0
6 1
7 1
6 1
6 2
6 3
6 2
6 3
5 3
5 4
5 3
5 4
4 4
4 5
5 5
5 4
6 4
5 4
6 4
6 5
6 6
6 5
6 6
7 6
7 7
7 6
7 7
8 7
8 6
7 6
7 7
7 8
7 7
8 7
7 7
8 7
7 7
8 7
7 7
7 6
8 6
7 6
8 6
8 7
7 7
8 7
9 7
10 7
9 7
9 8
10 8
10 7
11 7
12 7
13 7
13 6
12 6
13 6
13 5
13 4
14 4
15 4
15 5
15 4
16 4
15 4
15 5
15 4
15 3
15 4
15 3
15 4
16 4
17 4
17 5
17 4
18 4
19 4
18 4
17 4
18 4
17 4
18 4
18 3
17 3
18 3
18 2
19 2
18 2
17 2
16 2
15 2
15 1
14 1
14 0
15 0
15 1
16 1
16 0
15 0
16 0
15 0
15 1
14 1
14 2
14 3
14 2
14 3
14 2
14 3
13 3
13 4
14 4
14 5
14 6
14 5
13 5
12 5
12 4
13 4
13 5
13 4
12 4
11 4
11 5
10 5
10 4
9 4
9 5
10 5
10 6
11 6
11 7
11 6
11 7
12 7
13 7
13 8
14 8
15 8
14 8
13 8
12 8
11 8
11 9
11 10
11 9
11 10
11 11
10 11
10 10
10 9
9 9
9 8
9 9
8 9
8 8
7 8
6 8
5 8
5 7
4 7
4 6
4 7
4 8
4 9
5 9
4 9
4 8
4 9
4 10
5 10
5 11
6 11
5 11
5 10
6 10
6 11
6 12
6 13
6 12
6 13
6 14
7 14
7 13
7 12
7 11
6 11
5 11
6 11
5 11
5 10
6 10
5 10
5 11
5 12
6 12
7 12
7 11
7 10
6 10
6 9
7 9
7 10
7 9
8 9
9 9
9 10
9 9
10 9
9 9
9 10
9 11
10 11
11 11
10 11
9 11
9 12
10 12
10 13
10 12
10 13
11 13
11 12
10 12
10 11
10 12
10 11
11 11
11 12
11 13
11 14
11 15
10 15
10 14
10 15
11 15
10 15
10 16
9 16
9 15
9 16
8 16
8 17
7 17
8 17
8 16
8 15
8 14
8 13
8 12
9 12
8 12
7 12
7 11
7 12
7 11
7 12
7 13
7 14
7 15
7 14
7 15
7 16
7 17
6 17
6 18
6 17
7 17
7 18
6 18
7 18
7 19
7 20
7 21
7 20
7 21
7 22
7 21
8 21
8 22
8 21
7 21
8 21
8 22
8 21
7 21
7 20
7 19
7 18
7 19
8 19
7 19
7 18
7 17
7 18
6 18
6 19
5 19
4 19
3 19
4 19
3 19
4 19
3 19
3 20
2 20
2 21
3 21
4 21
4 22
5 22
5 21
4 21
4 20
5 20
4 20
4 21
4 20
4 19
3 19
4 19
3 19
4 19
3 19
4 19
4 18
4 17
3 17
2 17
2 16
1 16
1 17
1 18
1 19
1 18
0 18
0 19
1 19
1 20
1 19
1 20
0 20
1 20
1 21
0 21
0 22
1 22
2 22
3 22
4 22
4 21
4 22
3 22
3 23
3 24
3 23
4 23
5 23
6 23
6 22
7 22
7 21
7 22
7 21
7 22
7 23
7 22
6 22
6 21
5 21
6 21
6 22
5 22
4 22
3 22
3 21
3 22
3 21
3 22
3 21
2 21
1 21
0 21
0 22
1 22
2 22
2 21
2 20
2 21
2 22
2 21
2 20
2 19
2 18
2 17
1 17
1 18
0 18
0 19
1 19
0 19
1 19
0 19
0 18
1 18
1 17
0 17
0 18
0 17
0 18
1 18
0 18
1 18
1 19
1 20
1 21
1 20
1 21
1 22
0 22
0 21
1 21
1 20
1 19
1 20
1 19
1 18
1 17
2 17
2 18
2 19
2 18
3 18
3 19
2 19
2 20
1 20
1 21
1 22
1 23
0 23
1 23
1 24
1 23
1 24
0 24
1 24
1 23
1 22
1 21
1 20
1 21
2 21
3 21
3 20
4 20
3 20
3 21
4 21
3 21
3 22
4 22
3 22
4 22
3 22
2 22
3 22
3 23
3 22
2 22
2 23
2 22
2 23
1 23
1 24
2 24
2 25
2 24
2 25
3 25
3 24
3 25
3 26
2 26
2 25
2 26
1 26
1 25
0 25
1 25
2 25
2 26
2 27
2 28
1 28
0 28
1 28
1 27
0 27
0 28
0 29
1 29
2 29
2 30
2 29
1 29
0 29
0 30
0 31
1 31
1 32
2 32
1 32
0 32
1 32
2 32
1 32
1 33
0 33
1 33
1 32
2 32
2 31
2 32
2 31
2 30
2 31
2 30
2 29
2 30
2 31
3 31
4 31
3 31
4 31
4 32
5 32
5 31
5 30
6 30
6 31
6 30
6 31
7 31
6 31
6 32
6 31
7 31
7 32
8 32
8 31
7 31
7 32
7 33
7 32
7 31
8 31
7 31
6 31
6 32
6 31
6 30
7 30
6 30
7 30
7 29
8 29
9 29
8 29
9 29
9 30
10 30
10 31
9 31
9 32
9 31
9 32
8 32
8 33
7 33
7 34
7 33
8 33
7 33
6 33
6 32
6 33
6 32
7 32
8 32
7 32
7 31
8 31
9 31
10 31
10 32
11 32
10 32
11 32
10 32
11 32
11 31
12 31
12 32
13 32
13 33
13 34
12 34
12 35
11 35
12 35
12 34
12 35
12 34
13 34
12 34
12 35
12 36
13 36
13 35
12 35
12 36
13 36
13 35
13 36
14 36
14 37
15 37
15 36
15 35
16 35
17 35
17 36
16 36
16 35
15 35
14 35
13 35
13 34
14 34
13 34
14 34
15 34
15 35
15 34
15 35
15 34
16 34
16 33
16 32
16 31
17 31
16 31
16 30
17 30
17 31
18 31
18 32
19 32
19 31
20 31
20 32
20 33
21 33
22 33
23 33
24 33
24 34
24 33
23 33
23 34
23 33
22 33
22 34
21 34
21 35
21 36
22 36
22 35
22 36
21 36
20 36
21 36
22 36
22 37
23 37
23 38
23 39
24 39
25 39
25 38
24 38
23 38
22 38
22 39
22 38
21 38
21 37
20 37
20 38
20 39
20 40
20 39
20 38
19 38
18 38
18 37
17 37
16 37
16 36
15 36
16 36
16 35
17 35
17 34
17 35
18 35
19 35
19 36
18 36
19 36
19 37
19 36
18 36
18 37
17 37
17 38
17 39
17 38
16 38
16 37
16 38
17 38
17 39
18 39
17 39
17 40
16 40
17 40
18 40
18 41
18 40
17 40
17 41
17 42
18 42
17 42
16 42
16 43
17 43
17 44
17 45
17 46
18 46
19 46
19 47
18 47
19 47
20 47
19 47
18 47
18 46
18 47
17 47
17 46
17 47
18 47
19 47
19 48
20 48
21 48
22 48
23 48
23 47
22 47
22 46
22 47
22 48
21 48
22 48
21 48
21 49
21 50
22 50
23 50
23 51
24 51
25 51
25 50
25 49
25 48
25 49
25 48
26 48
26 47
27 47
28 47
29 47
28 47
28 46
28 45
27 45
27 46
28 46
28 45
28 46
28 47
29 47
28 47
27 47
27 48
26 48
27 48
27 47
28 47
29 47
29 48
30 48
30 49
29 49
29 50
30 50
31 50
30 50
29 50
29 49
29 50
29 51
30 51
31 51
31 52
32 52
31 52
32 52
31 52
30 52
30 53
30 54
29 54
29 53
29 54
30 54
30 55
30 54
30 55
30 54
30 55
31 55
30 55
30 56
31 56
31 57
31 58
30 58
30 57
30 56
30 55
31 55
31 56
31 57
31 58
31 57
32 57
31 57
31 58
30 58
30 57
30 58
30 57
30 58
31 58
32 58
32 59
33 59
32 59
32 60
31 60
32 60
32 59
33 59
33 58
34 58
33 58
33 59
33 58
34 58
33 58
34 58
34 57
35 57
35 58
35 59
36 59
36 60
36 59
36 60
36 61
36 62
35 62
34 62
34 61
33 61
33 62
33 63
33 62
34 62
35 62
35 63
36 63
36 62
37 62
38 62
37 62
36 62
35 62
35 63
35 64
35 65
35 64
34 64
34 65
34 64
35 64
36 64
37 64
37 65
38 65
38 64
39 64
39 65
39 64
40 64
41 64
42 64
42 63
43 63
43 64
42 64
42 65
41 65
41 64
42 64
42 65
41 65
41 64
40 64
41 64
40 64
41 64
41 63
42 63
43 63
43 62
43 63
43 64
42 64
42 65
