0 0
1 0
1 1
2 1
2 0
3 0
3 1
2 1
1 1
0 1
1 1
2 1
2 2
2 1
3 1
3 0
4 0
4 1
4 0
5 0
4 0
4 1
3 1
3 2
3 1
3 2
2 2
3 2
3 3
2 3
3 3
4 3
5 3
4 3
5 3
5 4
6 4
5 4
4 4
5 4
5 3
4 3
5 3
5 4
5 3
5 2
5 3
5 2
4 2
3 2
3 1
4 1
3 1
2 1
1 1
0 1
1 1
1 0
0 0
1 0
1 1
1 0
1 1
1 0
2 0
1 0
1 1
1 2
2 2
2 3
2 2
3 2
2 2
1 2
2 2
2 1
1 1
1 2
1 3
0 3
0 2
1 2
2 2
1 2
0 2
0 3
1 3
2 3
2 4
2 3
2 2
2 1
3 1
4 1
4 0
3 0
3 1
4 1
4 2
5 2
5 1
5 2
6 2
7 2
8 2
8 3
9 3
8 3
8 4
8 3
8 4
8 5
8 4
7 4
7 3
8 3
8 4
9 4
8 4
8 5
8 6
9 6
8 6
7 6
8 6
8 7
9 7
9 8
10 8
11 8
10 8
9 8
8 8
9 8
8 8
9 8
8 8
8 9
8 10
8 11
8 10
7 10
8 10
9 10
10 10
10 11
9 11
9 12
8 12
7 12
7 13
7 12
7 13
7 12
6 12
6 11
5 11
5 12
5 11
5 10
5 9
5 10
5 9
4 9
3 9
4 9
5 9
6 9
6 8
6 9
6 10
5 10
4 10
4 9
3 9
3 8
3 9
3 8
4 8
5 8
5 9
5 10
5 9
5 8
5 7
4 7
5 7
4 7
3 7
3 8
4 8
3 8
4 8
5 8
5 9
6 9
5 9
5 8
5 9
6 9
6 8
6 7
7 7
7 8
8 8
8 9
7 9
8 9
9 9
9 10
9 11
8 11
8 12
9 12
10 12
10 13
10 14
10 13
10 12
10 11
10 10
10 9
10 8
9 8
10 8
10 7
11 7
12 7
11 7
12 7
12 8
11 8
12 8
12 9
13 9
13 10
13 11
12 11
11 11
10 11
10 12
11 12
11 11
11 12
11 11
11 12
11 13
12 13
12 14
11 14
11 13
11 14
10 14
11 14
11 15
12 15
12 14
11 14
11 13
12 13
11 13
11 14
11 15
11 14
11 15
11 16
12 16
12 15
13 15
12 15
13 15
14 15
15 15
15 14
15 13
15 14
16 14
15 14
15 13
15 14
15 13
15 14
15 15
16 15
17 15
17 16
17 15
16 15
17 15
18 15
17 15
17 16
17 15
16 15
17 15
16 15
16 16
15 16
15 15
15 16
15 17
15 16
16 16
15 16
15 15
15 14
15 13
15 12
15 11
15 12
16 12
15 12
16 12
15 12
14 12
15 12
16 12
15 12
14 12
14 13
14 14
14 13
15 13
14 13
13 13
14 13
14 14
13 14
13 15
13 16
13 17
12 17
11 17
11 18
11 19
10 19
10 18
10 19
11 19
11 20
12 20
11 20
10 20
9 20
10 20
10 21
9 21
9 22
10 22
10 21
11 21
10 21
10 22
9 22
9 21
9 22
8 22
9 22
9 21
8 21
9 21
8 21
7 21
8 21
8 22
7 22
7 21
6 21
6 20
7 20
6 20
6 19
5 19
4 19
5 19
4 19
4 18
3 18
3 19
4 19
5 19
4 19
4 20
3 20
3 21
3 22
3 21
2 21
2 20
1 20
1 19
0 19
1 19
2 19
2 18
2 19
2 18
1 18
1 17
2 17
1 17
1 16
0 16
0 17
1 17
0 17
1 17
1 16
2 16
2 15
1 15
1 16
1 15
1 16
1 15
1 16
1 17
1 18
2 18
2 17
2 16
3 16
3 15
2 15
2 16
2 17
3 17
3 18
3 19
3 18
4 18
4 19
3 19
3 20
3 19
2 19
1 19
2 19
1 19
0 19
0 18
1 18
1 17
1 16
2 16
2 17
2 16
2 15
1 15
2 15
2 16
2 15
1 15
2 15
1 15
0 15
0 14
0 15
0 14
0 15
0 14
0 13
1 13
0 13
1 13
1 14
1 13
1 14
2 14
2 15
2 14
3 14
4 14
5 14
5 15
4 15
4 14
5 14
4 14
5 14
6 14
6 15
6 16
5 16
5 17
5 18
5 17
5 18
6 18
5 18
6 18
7 18
6 18
6 17
6 18
5 18
5 19
5 18
4 18
5 18
6 18
6 19
5 19
4 19
4 20
4 19
4 18
4 17
4 18
4 17
3 17
4 17
3 17
2 17
2 16
2 15
2 14
1 14
0 14
1 14
2 14
2 15
2 14
2 15
2 16
2 17
3 17
3 16
4 16
4 17
5 17
5 16
6 16
5 16
6 16
6 15
6 16
6 17
7 17
7 16
6 16
7 16
8 16
7 16
7 15
7 14
7 15
8 15
9 15
9 14
10 14
10 13
10 14
11 14
12 14
12 15
12 16
12 15
12 14
11 14
10 14
10 13
10 14
9 14
9 15
9 16
9 17
10 17
9 17
8 17
7 17
8 17
7 17
7 16
6 16
6 15
6 16
5 16
4 16
5 16
5 17
5 18
4 18
4 19
4 20
4 21
4 22
3 22
2 22
2 23
2 22
3 22
2 22
2 21
2 22
1 22
1 23
1 22
1 23
0 23
1 23
2 23
2 22
1 22
1 23
1 24
0 24
1 24
2 24
3 24
3 23
4 23
3 23
2 23
3 23
3 22
4 22
4 23
4 22
4 21
4 20
3 20
3 19
3 20
3 21
3 20
3 21
3 20
4 20
5 20
5 19
4 19
4 18
5 18
5 19
5 18
4 18
4 17
4 18
4 17
4 16
3 16
2 16
2 17
1 17
0 17
0 18
1 18
2 18
2 17
2 16
2 17
2 16
1 16
1 15
0 15
1 15
0 15
0 14
0 15
1 15
1 14
0 14
0 15
1 15
0 15
0 16
1 16
0 16
0 15
1 15
0 15
0 14
1 14
1 15
2 15
1 15
1 16
1 17
1 16
0 16
1 16
1 15
0 15
1 15
0 15
1 15
1 14
1 15
0 15
1 15
0 15
0 16
1 16
0 16
0 17
1 17
2 17
3 17
2 17
2 18
1 18
1 19
1 20
1 21
1 22
2 22
1 22
1 23
1 22
2 22
1 22
1 23
2 23
2 22
2 21
3 21
2 21
2 20
2 19
2 18
2 19
2 18
1 18
1 19
1 20
2 20
2 21
1 21
1 20
1 21
1 22
2 22
2 23
2 24
2 23
3 23
3 24
2 24
2 25
1 25
2 25
2 26
1 26
2 26
2 27
1 27
1 28
1 27
2 27
1 27
1 26
1 27
1 26
1 27
2 27
2 28
2 27
1 27
1 28
1 27
1 28
1 29
1 30
0 30
0 29
1 29
2 29
2 28
2 27
1 27
1 26
2 26
2 27
2 28
1 28
0 28
1 28
1 29
1 30
1 29
1 28
1 29
0 29
1 29
2 29
1 29
0 29
1 29
1 30
1 31
2 31
3 31
3 32
4 32
3 32
2 32
2 33
1 33
0 33
0 32
0 33
0 34
0 35
0 34
1 34
1 35
1 34
2 34
2 33
1 33
1 32
0 32
1 32
1 31
2 31
1 31
1 30
1 29
1 30
1 31
0 31
0 32
1 32
1 33
1 34
2 34
3 34
2 34
1 34
0 34
1 34
1 33
1 34
0 34
0 35
0 36
0 37
1 37
0 37
1 37
1 36
0 36
0 37
0 36
0 35
1 35
1 36
1 35
1 34
1 35
1 36
1 35
1 36
0 36
1 36
1 37
1 36
1 35
0 35
0 34
0 33
0 34
1 34
0 34
1 34
0 34
1 34
2 34
2 33
2 34
2 33
3 33
3 34
4 34
4 35
5 35
5 34
6 34
6 35
6 36
6 35
7 35
7 34
6 34
5 34
4 34
3 34
3 35
3 34
3 35
3 36
3 37
2 37
1 37
0 37
1 37
1 36
2 36
3 36
4 36
4 37
4 38
4 39
3 39
3 40
4 40
4 39
3 39
2 39
1 39
1 38
0 38
1 38
2 38
1 38
0 38
1 38
2 38
2 39
2 38
1 38
1 39
1 40
2 40
3 40
3 41
4 41
3 41
3 42
3 41
4 41
3 41
3 42
3 41
4 41
3 41
3 40
2 40
2 39
2 38
2 39
2 38
2 37
1 37
0 37
1 37
1 38
1 37
2 37
1 37
1 38
1 37
0 37
1 37
1 36
0 36
0 35
0 36
1 36
1 35
1 36
1 37
1 38
1 37
1 38
0 38
0 37
0 38
0 39
1 39
0 39
1 39
0 39
1 39
2 39
2 38
1 38
2 38
2 37
2 36
3 36
3 37
4 37
4 36
5 36
5 37
4 37
3 37
3 36
3 37
2 37
2 38
3 38
2 38
2 37
2 36
2 37
2 38
1 38
