0 0
1 0
2 0
3 0
4 0
4 1
3 1
2 1
2 0
1 0
0 0
0 1
1 1
2 1
2 0
3 0
4 0
5 0
5 1
4 1
5 1
5 2
4 2
3 2
2 2
2 3
2 2
3 2
3 1
4 1
5 1
5 2
4 2
4 1
4 0
4 1
3 1
2 1
1 1
1 2
0 2
1 2
1 3
1 4
2 4
2 3
2 4
2 3
1 3
1 4
1 3
1 4
1 3
1 2
0 2
1 2
1 1
2 1
2 2
1 2
1 1
0 1
1 1
2 1
2 2
3 2
3 3
3 2
3 3
2 3
2 4
1 4
1 3
1 2
0 2
1 2
1 1
1 0
1 1
1 2
1 1
1 0
1 1
1 2
1 3
0 3
0 4
1 4
1 5
0 5
1 5
1 4
1 3
0 3
0 2
1 2
1 1
1 2
0 2
1 2
1 3
1 2
0 2
1 2
1 1
1 2
0 2
0 1
1 1
1 0
0 0
1 0
1 1
1 2
1 1
1 0
2 0
3 0
2 0
1 0
1 1
0 1
1 1
1 2
0 2
1 2
1 1
0 1
1 1
2 1
1 1
0 1
0 2
0 3
0 2
1 2
0 2
0 3
1 3
1 4
2 4
2 5
2 4
2 5
2 6
3 6
2 6
2 7
1 7
2 7
2 6
2 7
3 7
3 8
2 8
2 9
3 9
3 8
3 9
2 9
2 10
1 10
0 10
1 10
1 9
0 9
0 10
1 10
0 10
0 11
0 10
1 10
1 9
1 8
1 9
2 9
2 8
2 9
1 9
1 8
1 7
0 7
1 7
1 6
0 6
0 5
1 5
1 6
1 7
2 7
1 7
0 7
1 7
0 7
0 6
1 6
0 6
0 7
0 6
1 6
2 6
2 7
1 7
0 7
1 7
1 8
1 9
2 9
1 9
0 9
1 9
2 9
1 9
2 9
1 9
2 9
2 8
3 8
4 8
5 8
5 7
5 8
6 8
6 9
5 9
5 10
5 11
5 12
4 12
3 12
4 12
4 13
5 13
5 12
5 11
6 11
6 12
7 12
7 13
7 14
8 14
8 15
9 15
9 16
8 16
7 16
8 16
8 15
7 15
8 15
7 15
8 15
7 15
7 14
7 13
7 12
8 12
9 12
9 13
9 14
8 14
9 14
8 14
8 15
9 15
8 15
8 14
7 14
7 13
7 14
8 14
8 13
8 14
8 15
8 14
9 14
9 15
9 14
9 13
8 13
8 14
8 13
7 13
7 14
8 14
7 14
8 14
7 14
7 15
7 16
7 17
6 17
6 16
7 16
7 17
8 17
8 18
9 18
9 17
10 17
9 17
10 17
11 17
12 17
13 17
13 16
14 16
13 16
13 15
13 14
13 15
12 15
13 15
13 16
13 15
13 16
13 15
13 16
12 16
12 17
12 18
13 18
13 19
12 19
12 20
12 21
12 22
12 21
12 22
11 22
10 22
10 21
11 21
11 20
11 21
10 21
9 21
10 21
9 21
9 20
9 21
9 20
10 20
9 20
9 19
9 18
9 19
10 19
11 19
12 19
12 18
13 18
12 18
13 18
12 18
12 19
12 20
11 20
10 20
10 19
11 19
10 19
10 20
11 20
11 19
10 19
9 19
10 19
10 20
9 20
10 20
10 21
10 20
11 20
10 20
11 20
11 19
12 19
11 19
12 19
13 19
12 19
13 19
14 19
14 18
13 18
12 18
12 17
12 16
13 16
12 16
13 16
13 17
14 17
14 18
14 19
13 19
14 19
15 19
14 19
14 18
13 18
12 18
12 17
13 17
12 17
13 17
13 18
13 17
13 16
13 17
13 16
13 15
14 15
14 14
14 15
14 14
15 14
15 15
15 14
14 14
15 14
16 14
16 15
17 15
18 15
18 16
17 16
17 17
16 17
16 18
17 18
16 18
16 17
16 18
16 17
17 17
17 16
17 17
17 18
18 18
19 18
20 18
20 19
19 19
19 20
18 20
18 19
18 20
18 21
18 22
18 23
18 24
18 23
18 24
18 23
18 24
18 23
17 23
17 24
17 25
16 25
15 25
15 24
16 24
15 24
16 24
17 24
17 25
16 25
16 26
16 27
15 27
14 27
14 28
13 28
14 28
13 28
12 28
12 29
11 29
11 28
10 28
10 29
10 30
11 30
11 31
11 32
12 32
12 31
11 31
10 31
9 31
9 30
8 30
9 30
8 30
9 30
9 29
9 30
9 31
8 31
9 31
9 30
9 29
9 30
9 31
9 30
10 30
10 31
9 31
9 32
9 31
10 31
10 30
11 30
10 30
9 30
9 31
10 31
10 32
10 31
10 30
9 30
9 31
8 31
8 32
8 33
8 34
7 34
6 34
5 34
4 34
3 34
3 33
4 33
4 32
3 32
2 32
2 31
1 31
1 32
0 32
0 31
1 31
1 32
0 32
0 33
1 33
2 33
1 33
1 32
0 32
0 31
0 32
0 33
0 32
0 31
0 30
0 29
1 29
2 29
3 29
2 29
1 29
0 29
1 29
0 29
0 30
1 30
1 29
0 29
0 30
0 31
0 32
1 32
0 32
0 33
0 34
1 34
0 34
0 35
1 35
1 36
2 36
2 37
2 38
2 37
3 37
3 36
3 35
4 35
5 35
5 34
5 33
5 34
5 33
6 33
6 34
6 33
6 34
5 34
5 35
5 36
5 35
5 36
6 36
6 35
6 36
5 36
5 35
4 35
3 35
2 35
2 34
1 34
1 33
1 32
2 32
3 32
3 33
3 32
2 32
3 32
4 32
4 31
5 31
4 31
3 31
4 31
4 32
4 33
3 33
2 33
3 33
4 33
5 33
5 32
6 32
6 31
5 31
5 32
5 33
5 34
5 35
5 36
5 35
6 35
6 34
7 34
8 34
8 33
8 32
8 33
7 33
8 33
9 33
8 33
7 33
6 33
6 32
7 32
7 33
8 33
8 32
8 33
7 33
6 33
6 34
6 35
5 35
5 34
4 34
4 35
5 35
5 36
5 35
5 36
5 37
5 38
5 37
5 38
6 38
7 38
8 38
8 39
7 39
6 39
7 39
7 40
7 39
8 39
8 38
8 39
9 39
10 39
11 39
11 38
11 37
10 37
10 38
10 37
9 37
9 38
9 39
8 39
7 39
7 40
6 40
6 39
6 38
6 39
5 39
6 39
6 40
6 41
7 41
8 41
8 40
8 41
7 41
8 41
8 42
8 43
8 44
8 45
8 46
8 47
8 46
7 46
8 46
8 47
7 47
6 47
6 48
6 49
6 50
6 49
7 49
7 50
7 49
7 48
6 48
7 48
7 49
7 48
7 47
6 47
6 48
5 48
4 48
5 48
4 48
4 47
4 46
5 46
5 47
6 47
6 48
5 48
5 49
5 48
5 49
5 50
6 50
6 49
6 50
7 50
7 51
8 51
7 51
7 52
6 52
6 53
6 52
6 53
7 53
7 54
6 54
5 54
5 55
4 55
4 54
4 53
4 54
3 54
4 54
3 54
2 54
3 54
3 53
4 53
4 52
4 53
5 53
4 53
4 52
4 53
4 52
3 52
2 52
1 52
2 52
2 51
1 51
2 51
2 50
3 50
2 50
2 51
1 51
1 52
2 52
2 53
1 53
1 54
1 55
2 55
2 54
1 54
0 54
1 54
0 54
0 53
1 53
1 52
0 52
1 52
1 51
1 50
2 50
2 49
3 49
3 50
2 50
1 50
1 49
1 50
1 49
0 49
0 48
1 48
0 48
0 49
0 48
1 48
1 47
0 47
0 46
0 45
1 45
1 44
1 43
0 43
0 42
1 42
2 42
2 41
3 41
3 40
2 40
1 40
1 41
0 41
0 40
1 40
1 39
1 38
1 37
0 37
0 38
1 38
2 38
2 37
2 38
1 38
0 38
0 37
0 36
1 36
0 36
0 37
0 36
0 35
1 35
0 35
1 35
2 35
2 36
3 36
3 35
4 35
4 34
4 35
4 36
4 35
4 34
4 33
5 33
5 34
6 34
5 34
4 34
4 35
3 35
3 36
4 36
5 36
5 37
6 37
5 37
5 38
5 37
5 38
5 39
4 39
4 40
5 40
4 40
3 40
4 40
5 40
5 39
5 38
6 38
6 37
6 36
6 37
5 37
4 37
4 36
3 36
3 35
3 34
4 34
3 34
2 34
2 35
2 36
2 37
3 37
2 37
2 38
2 39
3 39
2 39
1 39
1 40
0 40
0 39
1 39
2 39
1 39
0 39
1 39
2 39
2 40
3 40
3 39
3 38
3 37
4 37
3 37
4 37
3 37
3 38
3 39
3 38
4 38
4 39
3 39
4 39
4 38
3 38
3 37
3 38
3 39
4 39
5 39
5 40
5 41
5 42
6 42
6 43
6 44
5 44
4 44
4 45
3 45
4 45
5 45
5 44
5 43
6 43
6 42
6 41
6 42
5 42
5 41
5 42
