0 0
0 1
0 0
0 1
1 1
1 0
0 0
0 1
0 2
1 2
1 1
0 1
0 2
0 3
1 3
2 3
2 2
2 3
2 4
1 4
0 4
1 4
2 4
2 5
2 4
1 4
1 5
2 5
3 5
3 4
3 5
2 5
3 5
3 6
4 6
4 7
4 6
3 6
3 7
2 7
3 7
2 7
2 6
3 6
2 6
3 6
2 6
2 7
2 6
2 5
3 5
3 6
3 5
3 4
2 4
2 3
3 3
2 3
2 4
2 5
2 6
3 6
3 5
2 5
2 4
1 4
1 5
0 5
1 5
2 5
3 5
3 4
4 4
4 3
5 3
5 4
6 4
6 3
5 3
6 3
6 2
5 2
5 3
6 3
5 3
5 4
6 4
7 4
8 4
7 4
7 3
8 3
8 2
8 3
7 3
8 3
8 4
8 5
9 5
8 5
8 6
7 6
8 6
8 5
9 5
9 6
8 6
7 6
6 6
6 7
7 7
7 8
7 9
7 10
6 10
6 11
6 12
5 12
5 11
5 10
6 10
6 11
6 12
5 12
5 11
6 11
5 11
5 12
6 12
5 12
4 12
5 12
6 12
6 13
7 13
8 13
8 14
8 13
7 13
7 12
6 12
7 12
6 12
6 11
7 11
8 11
8 12
8 13
8 14
8 13
9 13
10 13
11 13
12 13
12 14
13 14
13 13
13 14
12 14
13 14
14 14
14 13
15 13
16 13
16 12
15 12
15 13
15 14
16 14
16 13
17 13
17 12
18 12
17 12
18 12
19 12
18 12
18 11
18 10
18 9
18 10
18 9
19 9
19 10
20 10
19 10
19 9
18 9
18 8
19 8
19 7
19 6
20 6
20 5
21 5
21 6
21 7
22 7
22 6
22 7
23 7
22 7
22 8
22 7
22 6
22 5
22 6
22 7
22 6
22 5
23 5
24 5
24 4
24 3
24 4
24 5
25 5
26 5
26 4
26 5
26 4
27 4
28 4
28 3
28 4
29 4
29 5
29 6
29 7
29 6
30 6
31 6
30 6
29 6
29 5
30 5
30 4
29 4
29 5
29 6
29 5
30 5
31 5
31 6
32 6
32 7
31 7
32 7
33 7
33 6
33 5
32 5
31 5
31 4
31 3
31 2
32 2
33 2
33 1
34 1
34 0
34 1
34 2
35 2
35 1
35 2
35 1
35 2
35 3
35 2
34 2
35 2
35 1
36 1
36 2
35 2
35 1
36 1
37 1
36 1
37 1
37 2
37 3
37 4
37 5
38 5
37 5
37 6
36 6
35 6
35 7
35 6
36 6
35 6
35 7
34 7
34 6
35 6
35 7
35 6
34 6
35 6
36 6
36 7
36 6
35 6
35 5
35 6
35 5
34 5
35 5
35 4
35 5
36 5
37 5
36 5
37 5
38 5
39 5
39 4
39 5
39 4
39 5
40 5
40 6
40 7
41 7
42 7
42 6
42 5
42 6
42 7
42 6
43 6
43 7
44 7
44 6
44 7
45 7
45 6
45 7
44 7
43 7
43 8
44 8
45 8
45 9
44 9
43 9
44 9
44 8
44 9
43 9
43 8
42 8
43 8
44 8
45 8
45 9
45 8
46 8
45 8
45 9
46 9
46 10
46 9
46 10
47 10
47 11
46 11
46 12
46 13
46 12
46 13
46 14
45 14
44 14
45 14
46 14
45 14
44 14
45 14
46 14
46 13
46 14
46 15
45 15
45 14
46 14
47 14
46 14
45 14
46 14
45 14
45 13
45 14
45 15
46 15
46 16
46 15
46 16
47 16
46 16
46 17
46 16
46 15
46 16
45 16
45 17
45 18
45 17
44 17
44 18
44 17
45 17
46 17
46 16
47 16
46 16
45 16
45 15
45 16
44 16
45 16
45 15
44 15
43 15
44 15
45 15
45 14
45 13
45 12
44 12
45 12
46 12
47 12
48 12
48 13
48 14
49 14
49 15
49 14
49 13
48 13
48 12
49 12
50 12
50 13
49 13
48 13
48 12
49 12
49 11
48 11
48 12
48 13
48 14
48 15
48 14
49 14
49 13
49 12
49 11
48 11
47 11
46 11
46 12
45 12
45 13
45 14
45 13
45 12
46 12
47 12
46 12
46 13
45 13
44 13
43 13
42 13
42 14
42 15
42 14
42 15
41 15
40 15
41 15
41 16
40 16
40 17
40 18
39 18
38 18
39 18
40 18
40 17
40 18
40 19
40 18
40 17
40 16
39 16
38 16
38 17
38 18
39 18
38 18
37 18
37 19
36 19
37 19
38 19
37 19
38 19
38 20
38 19
38 20
38 21
39 21
38 21
38 22
39 22
38 22
38 23
38 22
38 21
38 22
38 23
37 23
38 23
38 24
38 25
39 25
38 25
38 26
38 27
39 27
40 27
40 26
39 26
38 26
39 26
40 26
41 26
41 25
41 24
40 24
40 25
40 26
39 26
38 26
39 26
39 27
38 27
38 26
38 27
38 28
38 29
38 28
39 28
40 28
40 27
40 26
39 26
39 27
40 27
39 27
39 28
38 28
39 28
39 27
39 26
40 26
40 27
39 27
40 27
41 27
41 28
42 28
43 28
43 27
44 27
45 27
44 27
44 28
44 29
44 30
45 30
45 29
45 28
45 29
46 29
47 29
48 29
49 29
49 28
48 28
47 28
47 27
46 27
46 28
47 28
48 28
49 28
50 28
51 28
50 28
50 27
51 27
50 27
50 26
50 27
50 28
50 29
50 28
50 29
50 30
50 31
49 31
49 32
49 33
50 33
51 33
51 32
52 32
51 32
50 32
51 32
52 32
53 32
52 32
51 32
51 33
51 34
52 34
52 35
53 35
54 35
54 34
55 34
54 34
55 34
56 34
55 34
55 35
55 34
55 35
54 35
54 36
54 35
53 35
53 34
53 35
52 35
53 35
52 35
52 34
52 33
52 32
52 33
52 32
52 33
53 33
52 33
53 33
53 32
53 33
53 32
53 33
53 32
53 33
52 33
52 32
51 32
52 32
53 32
52 32
52 31
53 31
53 30
53 31
53 30
53 29
53 28
53 29
53 28
52 28
52 27
51 27
51 28
51 27
51 26
51 25
51 26
51 25
50 25
50 26
49 26
50 26
51 26
51 27
52 27
53 27
53 28
53 27
54 27
54 28
54 29
53 29
53 30
53 31
53 32
53 31
53 30
53 29
53 28
53 29
52 29
51 29
51 30
52 30
51 30
51 29
51 30
52 30
52 31
52 30
53 30
52 30
52 29
51 29
50 29
50 28
51 28
52 28
53 28
54 28
54 29
53 29
54 29
53 29
52 29
52 30
53 30
52 30
52 29
51 29
52 29
52 28
52 27
51 27
52 27
53 27
52 27
52 28
52 29
52 30
52 31
53 31
53 30
52 30
53 30
53 29
53 30
54 30
54 29
55 29
56 29
56 28
57 28
58 28
59 28
60 28
60 29
61 29
60 29
61 29
62 29
62 28
61 28
62 28
61 28
62 28
62 29
62 28
62 29
62 30
61 30
60 30
59 30
59 31
60 31
60 30
60 29
60 28
60 27
60 26
59 26
59 25
59 24
59 25
59 26
60 26
59 26
59 27
58 27
57 27
56 27
57 27
57 28
57 29
56 29
56 30
57 30
57 31
58 31
59 31
59 30
60 30
61 30
61 31
61 30
62 30
61 30
61 29
62 29
62 30
61 30
60 30
60 31
61 31
60 31
61 31
60 31
59 31
59 32
59 33
58 33
59 33
58 33
57 33
57 34
57 33
57 32
56 32
55 32
55 33
56 33
55 33
54 33
53 33
52 33
52 32
52 31
52 30
52 31
53 31
53 30
54 30
53 30
53 29
53 28
54 28
55 28
55 27
55 26
54 26
53 26
53 25
54 25
55 25
56 25
56 24
57 24
57 23
58 23
58 22
57 22
57 21
56 21
56 22
57 22
57 21
57 20
56 20
56 19
56 20
55 20
56 20
55 20
54 20
54 21
54 22
55 22
56 22
56 21
57 21
57 22
58 22
58 23
58 24
58 25
58 24
59 24
59 23
58 23
59 23
59 22
60 22
60 23
60 24
59 24
58 24
59 24
59 25
59 24
58 24
57 24
58 24
57 24
57 23
56 23
56 24
55 24
55 25
56 25
57 25
56 25
56 24
56 25
55 25
55 24
56 24
55 24
55 23
55 24
56 24
55 24
55 23
55 24
55 25
55 24
54 24
55 24
55 23
56 23
57 23
57 22
58 22
57 22
56 22
56 21
57 21
58 21
57 21
57 22
57 21
57 22
57 21
58 21
58 22
58 23
58 22
58 21
57 21
57 20
57 21
57 22
58 22
58 21
58 22
57 22
56 22
55 22
55 21
56 21
57 21
57 20
58 20
58 19
58 18
58 17
58 16
58 17
58 16
57 16
56 16
56 17
57 17
57 18
58 18
58 17
57 17
57 16
57 15
56 15
57 15
57 16
56 16
56 15
