0 0
1 0
1 1
1 0
1 1
1 2
1 3
0 3
0 2
1 2
1 1
2 1
3 1
3 0
3 1
2 1
2 0
2 1
3 1
3 2
4 2
3 2
3 3
3 4
2 4
3 4
2 4
2 5
2 4
1 4
2 4
1 4
0 4
1 4
2 4
2 3
1 3
1 4
2 4
2 3
1 3
2 3
3 3
3 4
3 5
4 5
3 5
4 5
4 4
3 4
4 4
4 5
5 5
5 6
4 6
4 7
5 7
5 8
4 8
5 8
4 8
3 8
2 8
3 8
3 9
3 10
4 10
3 10
4 10
5 10
6 10
6 9
5 9
5 10
6 10
5 10
5 11
5 10
6 10
5 10
6 10
6 9
6 8
6 7
7 7
6 7
5 7
5 6
6 6
6 7
6 6
6 7
6 8
6 7
5 7
5 6
4 6
3 6
3 7
3 6
4 6
5 6
5 5
5 4
6 4
6 3
6 2
6 1
7 1
8 1
7 1
8 1
7 1
7 2
7 3
8 3
8 4
8 5
9 5
9 4
10 4
11 4
11 3
12 3
11 3
11 2
11 3
10 3
10 4
10 5
9 5
10 5
11 5
11 6
12 6
12 7
11 7
11 6
10 6
10 5
11 5
11 6
10 6
11 6
12 6
11 6
12 6
12 5
12 6
13 6
14 6
14 5
15 5
14 5
15 5
16 5
15 5
16 5
16 6
15 6
15 5
16 5
16 4
16 3
16 4
16 5
15 5
16 5
16 4
16 3
16 2
17 2
17 3
17 2
17 1
18 1
18 0
19 0
19 1
18 1
17 1
17 2
17 3
17 4
16 4
17 4
17 5
16 5
16 4
17 4
18 4
19 4
20 4
21 4
21 5
21 6
21 7
21 8
21 9
21 8
21 9
22 9
22 10
22 11
22 10
22 11
23 11
23 12
23 11
23 10
24 10
25 10
26 10
25 10
25 11
25 12
24 12
24 11
23 11
22 11
22 10
23 10
22 10
22 11
21 11
21 12
21 13
21 14
22 14
22 15
21 15
22 15
21 15
21 14
21 15
20 15
21 15
20 15
21 15
21 14
21 13
22 13
23 13
22 13
21 13
21 14
21 13
22 13
23 13
23 12
24 12
25 12
25 11
25 12
25 11
26 11
26 12
25 12
24 12
25 12
25 13
25 12
25 11
26 11
26 10
25 10
26 10
25 10
25 9
25 10
24 10
24 9
24 8
24 9
23 9
23 10
23 11
23 12
24 12
24 11
25 11
25 12
26 12
25 12
26 12
26 11
27 11
27 12
27 13
27 12
27 13
27 14
27 13
26 13
27 13
26 13
26 12
27 12
26 12
26 13
26 12
25 12
26 12
25 12
25 13
24 13
24 14
24 15
24 14
24 13
25 13
26 13
26 14
27 14
27 13
27 12
27 11
26 11
26 10
26 9
25 9
24 9
24 8
24 9
25 9
25 10
25 9
25 10
25 11
24 11
25 11
25 12
25 11
24 11
25 11
26 11
26 12
26 13
25 13
25 14
25 15
25 14
24 14
24 13
24 12
24 13
25 13
26 13
25 13
25 12
24 12
24 13
24 14
24 13
25 13
25 14
25 13
24 13
24 14
23 14
23 15
24 15
24 16
24 17
24 16
24 17
24 18
24 19
25 19
26 19
25 19
24 19
24 20
24 21
24 20
23 20
22 20
21 20
22 20
22 19
21 19
21 18
21 19
22 19
22 18
22 19
22 18
21 18
21 19
20 19
20 18
20 17
21 17
21 18
21 19
22 19
23 19
24 19
23 19
22 19
23 19
23 18
24 18
24 17
24 16
24 17
23 17
22 17
22 18
22 17
23 17
24 17
23 17
23 16
23 15
23 16
23 17
23 18
23 19
23 20
23 19
24 19
24 20
23 20
22 20
22 19
22 20
21 20
21 19
21 18
22 18
21 18
20 18
21 18
20 18
20 19
21 19
21 20
21 21
21 20
21 19
20 19
21 19
21 20
21 19
21 18
21 19
21 18
22 18
23 18
22 18
23 18
22 18
22 17
21 17
22 17
22 16
21 16
22 16
22 15
22 14
22 13
23 13
24 13
24 14
25 14
25 15
25 14
25 13
26 13
25 13
25 14
26 14
26 15
26 16
26 15
26 14
27 14
28 14
27 14
27 15
26 15
27 15
26 15
26 16
27 16
27 17
26 17
25 17
24 17
25 17
25 18
24 18
23 18
22 18
23 18
23 19
23 18
23 19
22 19
21 19
21 18
21 19
21 20
22 20
21 20
20 20
20 21
20 22
21 22
22 22
21 22
20 22
20 21
20 22
20 23
21 23
21 22
21 23
20 23
21 23
22 23
23 23
23 24
24 24
24 25
25 25
24 25
25 25
25 24
24 24
24 23
25 23
25 22
24 22
24 21
23 21
22 21
22 20
22 21
23 21
24 21
24 22
23 22
24 22
24 23
24 22
25 22
24 22
23 22
23 21
23 22
22 22
21 22
21 23
22 23
23 23
23 24
24 24
24 23
25 23
26 23
25 23
26 23
27 23
27 24
27 25
27 24
28 24
28 23
28 22
29 22
30 22
30 21
29 21
29 22
28 22
27 22
27 23
28 23
28 22
28 23
28 22
28 21
28 22
27 22
27 23
28 23
28 24
27 24
26 24
26 23
26 24
26 25
25 25
24 25
25 25
25 26
25 27
25 26
25 27
24 27
24 28
24 27
23 27
23 26
22 26
23 26
23 27
23 26
23 27
23 28
23 27
22 27
22 26
23 26
23 25
23 26
23 25
23 26
24 26
25 26
25 27
26 27
26 26
27 26
27 27
28 27
28 26
29 26
29 27
29 26
30 26
29 26
29 25
29 24
29 25
30 25
29 25
28 25
29 25
28 25
29 25
29 24
28 24
29 24
28 24
28 23
29 23
29 22
30 22
31 22
31 21
31 22
31 23
31 24
31 23
30 23
30 24
29 24
28 24
28 23
29 23
30 23
30 22
29 22
29 23
28 23
28 24
29 24
29 25
29 24
29 23
28 23
28 24
28 23
28 22
28 23
29 23
28 23
28 24
28 23
27 23
28 23
29 23
29 24
29 25
29 24
29 23
30 23
29 23
29 22
29 23
30 23
30 24
29 24
29 23
30 23
29 23
28 23
29 23
29 24
30 24
30 25
29 25
29 24
29 23
28 23
29 23
29 24
30 24
29 24
28 24
28 23
28 22
28 21
28 20
27 20
26 20
25 20
25 21
24 21
24 22
25 22
25 21
25 22
25 23
25 22
24 22
24 23
24 24
24 25
23 25
23 26
24 26
23 26
23 27
22 27
21 27
20 27
19 27
18 27
19 27
18 27
17 27
17 28
16 28
17 28
18 28
17 28
17 29
16 29
16 28
16 27
16 28
17 28
17 27
16 27
16 26
16 25
16 26
15 26
16 26
16 25
16 26
16 25
16 24
16 25
17 25
18 25
17 25
17 26
17 25
18 25
18 24
18 25
19 25
19 24
19 23
20 23
20 24
19 24
18 24
19 24
19 23
20 23
19 23
18 23
19 23
18 23
18 22
18 23
17 23
16 23
16 24
16 23
15 23
16 23
16 24
16 23
15 23
16 23
15 23
15 24
15 23
15 24
16 24
16 23
17 23
18 23
17 23
17 24
18 24
17 24
18 24
19 24
18 24
19 24
19 25
18 25
18 24
19 24
18 24
18 25
18 26
19 26
20 26
21 26
21 27
20 27
20 28
21 28
20 28
20 27
19 27
18 27
18 28
18 27
18 28
18 29
18 30
19 30
19 31
20 31
21 31
21 32
20 32
20 31
20 32
19 32
19 31
20 31
21 31
22 31
21 31
21 30
20 30
19 30
19 29
19 30
20 30
20 31
20 32
20 33
20 32
20 33
19 33
19 32
20 32
21 32
21 33
21 34
20 34
21 34
22 34
22 33
22 34
22 35
21 35
21 36
22 36
22 35
21 35
21 36
21 37
21 38
22 38
21 38
20 38
20 37
20 38
20 39
19 39
18 39
18 40
18 39
18 38
18 39
18 38
18 39
18 40
17 40
16 40
17 40
17 39
17 38
16 38
16 39
15 39
15 40
15 41
16 41
16 40
17 40
17 39
17 40
17 39
16 39
17 39
17 40
17 41
18 41
18 40
18 39
19 39
19 40
18 40
19 40
20 40
20 41
19 41
18 41
17 41
16 41
17 41
18 41
18 42
17 42
16 42
15 42
16 42
17 42
17 43
16 43
17 43
17 44
17 43
16 43
17 43
17 44
16 44
16 43
15 43
15 42
14 42
14 43
14 44
14 45
13 45
13 46
13 47
13 48
14 48
13 48
13 49
14 49
14 50
14 51
14 52
13 52
14 52
14 53
15 53
15 52
16 52
15 52
15 51
14 51
14 52
15 52
14 52
14 53
14 52
14 53
13 53
13 54
13 53
12 53
13 53
12 53
12 52
13 52
14 52
14 53
14 52
14 51
14 50
14 49
13 49
13 48
