0 0
1 0
0 0
1 0
0 0
1 0
1 1
0 1
1 1
1 2
0 2
1 2
1 3
2 3
2 4
2 5
2 6
1 6
1 7
0 7
0 8
1 8
1 9
1 10
1 9
1 8
1 9
1 10
0 10
1 10
0 10
0 9
1 9
2 9
2 8
2 9
3 9
4 9
3 9
3 10
4 10
4 11
4 10
3 10
4 10
5 10
5 9
5 10
5 9
5 8
5 9
5 8
6 8
6 7
6 8
7 8
7 7
7 6
7 5
7 4
7 5
7 6
7 5
7 4
8 4
9 4
9 3
10 3
10 4
11 4
10 4
10 3
11 3
11 2
11 1
12 1
13 1
13 2
14 2
13 2
12 2
12 3
12 2
12 1
13 1
13 0
12 0
11 0
10 0
10 1
10 2
10 1
9 1
9 2
9 3
10 3
11 3
11 2
10 2
10 3
10 4
10 3
10 2
10 3
10 2
11 2
11 1
10 1
10 2
10 1
10 0
9 0
9 1
10 1
10 2
10 3
11 3
12 3
12 2
12 3
11 3
11 2
12 2
12 1
12 2
11 2
11 3
11 2
10 2
11 2
11 1
10 1
10 2
10 3
9 3
9 4
10 4
9 4
8 4
9 4
9 5
9 6
8 6
8 7
9 7
8 7
8 6
9 6
8 6
9 6
9 7
10 7
10 8
11 8
11 7
11 6
10 6
9 6
10 6
10 5
10 4
10 3
9 3
10 3
10 2
10 1
11 1
11 2
12 2
13 2
14 2
14 1
14 2
13 2
14 2
13 2
12 2
12 3
12 2
12 3
12 2
12 3
12 2
12 3
12 4
13 4
14 4
13 4
14 4
14 5
14 6
15 6
15 7
16 7
16 6
16 5
15 5
15 6
15 7
15 6
14 6
13 6
12 6
12 5
12 4
12 3
12 4
13 4
13 3
13 2
14 2
14 1
13 1
13 2
12 2
12 1
12 2
12 3
12 4
12 3
12 2
12 3
12 4
13 4
14 4
15 4
15 5
15 4
16 4
17 4
16 4
16 5
17 5
17 4
17 3
16 3
17 3
16 3
16 4
16 5
16 4
16 5
15 5
14 5
13 5
14 5
15 5
15 6
14 6
14 7
15 7
16 7
16 6
16 7
16 8
17 8
16 8
16 9
15 9
14 9
13 9
12 9
12 8
12 7
13 7
14 7
13 7
12 7
11 7
11 6
11 7
10 7
9 7
8 7
8 6
7 6
7 5
7 6
6 6
7 6
7 5
6 5
6 4
5 4
5 5
5 6
6 6
5 6
5 5
4 5
4 4
4 5
4 6
5 6
5 7
5 6
5 7
6 7
7 7
6 7
7 7
7 8
8 8
8 7
9 7
9 8
9 7
10 7
10 8
10 9
10 8
10 7
11 7
11 6
11 5
11 4
11 3
11 2
11 3
12 3
12 4
12 5
11 5
10 5
10 6
10 7
9 7
8 7
8 6
8 7
8 6
7 6
8 6
8 7
7 7
8 7
8 6
9 6
9 5
9 6
10 6
9 6
9 7
9 8
9 9
10 9
9 9
8 9
8 10
9 10
10 10
11 10
11 11
11 10
11 9
11 8
10 8
11 8
11 9
10 9
9 9
8 9
8 10
8 11
8 10
7 10
6 10
6 9
6 10
6 11
6 10
6 11
6 10
6 11
5 11
6 11
6 10
6 11
6 12
6 11
6 10
6 9
6 8
6 9
6 8
7 8
8 8
7 8
7 7
8 7
8 6
7 6
7 7
7 8
6 8
5 8
5 9
5 10
6 10
6 11
5 11
4 11
4 12
4 11
4 12
5 12
6 12
5 12
5 11
5 10
6 10
6 9
6 10
5 10
5 9
6 9
5 9
5 10
5 9
5 8
5 9
5 8
6 8
6 7
5 7
5 8
5 9
4 9
4 8
3 8
3 7
3 6
4 6
3 6
4 6
4 5
4 4
5 4
5 3
4 3
4 4
4 5
4 4
5 4
6 4
7 4
7 3
7 2
7 1
7 0
7 1
7 0
7 1
7 2
7 1
6 1
6 0
7 0
7 1
8 1
9 1
9 0
10 0
10 1
10 0
9 0
10 0
10 1
10 2
9 2
10 2
10 3
9 3
10 3
10 4
11 4
11 5
11 4
11 3
10 3
10 2
10 3
9 3
10 3
10 2
9 2
10 2
11 2
12 2
12 1
13 1
14 1
14 0
13 0
12 0
11 0
12 0
12 1
11 1
10 1
9 1
9 0
9 1
9 2
9 1
10 1
11 1
11 2
11 3
10 3
10 4
10 5
11 5
11 6
11 5
11 6
10 6
10 7
10 8
10 9
10 10
9 10
9 11
8 11
9 11
8 11
8 12
7 12
6 12
6 13
6 12
7 12
7 13
6 13
5 13
4 13
3 13
2 13
2 14
3 14
3 15
3 16
3 17
2 17
3 17
3 16
3 17
3 18
2 18
2 17
2 18
3 18
4 18
4 19
5 19
6 19
6 20
6 19
6 20
6 21
5 21
5 22
5 23
4 23
3 23
3 22
4 22
5 22
5 23
4 23
3 23
4 23
3 23
2 23
2 24
2 25
3 25
4 25
4 26
5 26
5 25
5 26
6 26
6 27
7 27
7 26
7 27
7 26
7 27
7 26
7 27
7 28
7 27
7 28
6 28
6 27
5 27
5 26
5 27
6 27
7 27
8 27
8 26
8 25
9 25
10 25
10 26
10 25
10 26
10 25
10 26
10 25
9 25
9 24
8 24
8 25
8 24
8 23
9 23
10 23
10 24
10 23
10 24
10 23
10 24
10 23
11 23
10 23
10 22
11 22
11 21
10 21
10 22
10 23
9 23
9 24
8 24
7 24
8 24
8 25
9 25
9 26
9 27
8 27
9 27
8 27
8 28
7 28
7 29
8 29
9 29
9 30
10 30
11 30
11 29
11 30
11 29
10 29
9 29
9 30
9 31
10 31
9 31
9 32
10 32
11 32
12 32
11 32
12 32
12 33
12 34
13 34
13 35
14 35
15 35
14 35
13 35
14 35
14 34
14 35
14 36
15 36
16 36
16 35
16 36
15 36
15 37
16 37
15 37
16 37
16 36
16 35
16 34
16 35
15 35
14 35
14 36
14 37
14 38
14 39
13 39
12 39
12 38
13 38
13 37
12 37
12 36
12 37
12 36
11 36
10 36
9 36
9 35
9 36
10 36
9 36
9 37
8 37
8 38
8 37
8 38
9 38
9 39
10 39
10 38
10 39
10 38
10 37
10 36
9 36
9 37
9 36
9 35
9 34
9 35
9 34
9 35
10 35
10 34
10 35
11 35
10 35
9 35
10 35
11 35
12 35
12 34
12 33
12 32
12 31
12 30
12 29
13 29
13 28
13 29
13 30
14 30
15 30
16 30
16 29
17 29
16 29
16 30
15 30
15 31
15 32
14 32
15 32
14 32
13 32
12 32
12 33
12 32
13 32
13 33
12 33
11 33
12 33
12 34
13 34
13 35
13 34
13 33
14 33
15 33
14 33
14 34
15 34
15 35
16 35
17 35
18 35
18 34
18 33
19 33
19 34
19 33
20 33
20 34
19 34
19 33
18 33
17 33
18 33
18 34
19 34
19 35
19 36
19 37
18 37
18 36
18 37
19 37
19 36
18 36
18 37
17 37
16 37
16 38
16 39
16 38
15 38
14 38
15 38
14 38
14 37
14 38
15 38
15 39
15 40
15 41
16 41
17 41
18 41
18 40
19 40
20 40
19 40
20 40
19 40
19 39
18 39
18 38
18 37
17 37
17 36
18 36
18 37
19 37
18 37
18 38
18 39
18 38
18 37
18 36
18 37
17 37
17 38
17 39
16 39
16 38
16 39
16 38
16 39
15 39
15 38
14 38
13 38
14 38
14 37
15 37
14 37
15 37
15 36
15 37
15 36
14 36
14 37
14 36
14 37
15 37
16 37
17 37
18 37
18 36
18 35
17 35
18 35
17 35
16 35
15 35
14 35
14 34
14 33
15 33
16 33
16 32
16 31
17 31
17 30
17 29
18 29
18 28
18 27
18 28
18 27
18 28
18 27
18 28
18 27
18 26
17 26
16 26
16 25
16 26
16 27
17 27
18 27
17 27
16 27
16 28
16 29
17 29
17 28
16 28
16 27
17 27
18 27
19 27
20 27
21 27
22 27
22 28
22 27
22 26
22 25
22 26
22 27
22 26
23 26
23 27
24 27
23 27
23 28
23 27
23 28
23 27
23 26
22 26
21 26
21 27
21 26
22 26
22 27
22 28
22 29
21 29
22 29
22 28
22 27
21 27
22 27
22 26
22 25
22 26
22 25
22 26
22 27
23 27
23 28
23 29
23 30
23 31
23 30
23 29
24 29
24 30
24 31
24 30
24 29
23 29
23 28
24 28
24 29
24 30
24 29
24 30
25 30
26 30
27 30
28 30
29 30
28 30
28 31
29 31
28 31
28 32
27 32
26 32
26 31
