0 0
1 0
1 1
2 1
2 2
2 3
1 3
1 2
1 1
1 2
2 2
1 2
1 1
1 0
1 1
1 0
1 1
2 1
2 0
1 0
0 0
1 0
2 0
1 0
1 1
1 2
0 2
1 2
2 2
2 3
1 3
1 2
2 2
2 1
2 2
2 1
2 2
2 3
1 3
2 3
2 2
3 2
3 1
4 1
5 1
5 2
4 2
4 3
4 4
5 4
4 4
5 4
4 4
3 4
2 4
1 4
1 5
1 6
2 6
1 6
1 5
1 6
0 6
0 7
0 8
0 7
0 8
0 9
1 9
1 10
0 10
1 10
1 11
2 11
3 11
2 11
2 12
3 12
4 12
5 12
5 11
5 10
6 10
5 10
5 11
6 11
5 11
5 10
5 9
6 9
6 8
5 8
5 9
5 8
6 8
5 8
4 8
4 9
3 9
3 8
3 9
3 8
4 8
5 8
5 9
5 8
5 9
6 9
5 9
5 10
5 9
4 9
3 9
4 9
5 9
5 10
4 10
4 11
4 12
4 13
5 13
6 13
7 13
8 13
8 12
8 13
7 13
7 14
7 15
8 15
7 15
6 15
6 16
6 17
6 16
7 16
6 16
6 15
6 14
5 14
5 15
4 15
5 15
6 15
6 14
7 14
7 15
6 15
7 15
7 16
7 15
6 15
5 15
4 15
5 15
6 15
6 14
6 13
5 13
6 13
6 12
5 12
6 12
6 11
6 10
6 11
6 10
6 11
6 12
6 11
6 10
7 10
6 10
6 11
7 11
6 11
7 11
7 12
7 13
7 12
6 12
7 12
7 13
7 14
6 14
5 14
5 15
5 16
6 16
6 15
7 15
6 15
6 16
6 17
6 16
6 15
5 15
6 15
6 14
5 14
5 15
4 15
4 16
4 17
4 18
4 19
3 19
4 19
4 20
5 20
4 20
4 21
5 21
4 21
3 21
4 21
3 21
2 21
3 21
4 21
4 22
3 22
3 21
4 21
4 22
5 22
5 21
6 21
7 21
6 21
6 22
7 22
7 21
7 22
7 21
6 21
6 20
5 20
5 21
4 21
4 20
4 19
4 18
4 19
3 19
2 19
2 20
2 19
2 20
2 19
3 19
3 20
3 21
2 21
2 20
1 20
1 19
0 19
1 19
1 18
1 17
0 17
0 18
1 18
2 18
2 17
3 17
2 17
2 18
1 18
1 19
1 20
1 21
1 20
2 20
2 19
1 19
1 20
0 20
1 20
1 19
1 18
0 18
1 18
2 18
3 18
2 18
3 18
3 17
3 18
3 17
4 17
4 16
3 16
4 16
3 16
3 15
2 15
2 16
2 15
2 16
2 15
2 16
2 17
2 18
2 19
3 19
2 19
3 19
3 20
4 20
4 21
4 20
5 20
6 20
7 20
8 20
9 20
9 21
9 20
9 21
9 20
10 20
9 20
9 21
9 20
8 20
9 20
9 21
8 21
7 21
7 22
7 21
6 21
5 21
5 20
5 21
5 20
4 20
4 21
4 20
3 20
3 19
4 19
5 19
5 18
6 18
6 17
5 17
5 18
4 18
3 18
3 19
4 19
5 19
6 19
6 20
7 20
7 21
7 20
6 20
5 20
5 19
4 19
5 19
6 19
6 20
7 20
6 20
7 20
8 20
8 21
9 21
8 21
9 21
9 20
9 21
10 21
11 21
10 21
10 20
10 21
10 20
11 20
11 21
11 22
10 22
9 22
10 22
9 22
8 22
8 23
8 22
9 22
9 21
10 21
11 21
11 22
11 21
10 21
11 21
11 22
11 23
10 23
10 22
10 21
10 20
9 20
9 21
9 22
9 23
8 23
8 22
8 21
8 22
8 23
8 24
9 24
10 24
10 25
9 25
8 25
9 25
9 26
9 27
9 28
8 28
8 27
8 28
7 28
8 28
9 28
10 28
11 28
10 28
9 28
9 29
8 29
9 29
10 29
10 30
9 30
10 30
9 30
9 31
10 31
10 32
10 31
10 30
10 29
10 30
10 31
11 31
11 32
11 33
10 33
9 33
9 32
9 31
10 31
10 30
10 29
10 30
10 29
10 28
10 29
9 29
8 29
7 29
6 29
7 29
7 28
7 29
8 29
8 30
9 30
10 30
10 29
9 29
10 29
11 29
12 29
12 28
12 27
12 26
12 25
12 26
12 27
13 27
13 26
14 26
15 26
15 27
14 27
15 27
14 27
15 27
15 28
15 29
15 28
15 29
14 29
14 30
13 30
14 30
15 30
14 30
14 31
14 30
14 29
13 29
13 28
13 29
13 30
13 29
13 28
12 28
12 29
11 29
11 30
10 30
11 30
11 29
10 29
11 29
11 30
12 30
11 30
11 31
12 31
12 32
12 31
11 31
12 31
12 30
13 30
13 31
13 30
13 31
13 30
12 30
12 31
13 31
12 31
12 30
12 29
12 28
12 29
12 30
12 29
12 30
12 31
13 31
14 31
15 31
15 32
14 32
15 32
15 33
15 34
16 34
16 35
16 34
16 35
15 35
15 36
16 36
16 37
16 36
17 36
17 37
17 36
16 36
16 35
16 36
16 35
17 35
17 36
16 36
17 36
17 37
17 36
17 35
17 34
17 35
18 35
17 35
18 35
19 35
19 36
19 37
18 37
17 37
17 36
17 35
17 36
16 36
16 37
16 38
16 37
16 36
16 35
17 35
16 35
16 36
16 37
15 37
15 38
15 37
16 37
17 37
17 36
18 36
17 36
16 36
17 36
17 37
17 38
17 39
18 39
18 40
18 41
18 42
19 42
19 41
18 41
17 41
17 42
17 43
18 43
17 43
18 43
19 43
19 42
18 42
17 42
17 41
17 42
16 42
15 42
16 42
17 42
16 42
16 41
15 41
15 40
16 40
16 39
17 39
16 39
17 39
16 39
16 40
16 41
17 41
17 42
17 41
17 42
17 43
16 43
15 43
15 42
14 42
14 43
14 42
14 43
14 44
14 43
14 44
13 44
14 44
14 43
14 42
14 41
14 42
13 42
14 42
14 41
14 42
13 42
14 42
14 41
14 40
14 39
14 40
13 40
13 39
14 39
14 40
14 39
15 39
15 40
14 40
15 40
15 39
15 40
15 39
16 39
16 40
16 41
17 41
17 40
17 39
17 38
16 38
17 38
17 39
18 39
17 39
16 39
16 40
16 39
15 39
16 39
16 38
15 38
15 37
15 36
16 36
17 36
16 36
16 35
16 34
17 34
18 34
18 33
18 34
19 34
19 35
19 34
20 34
21 34
20 34
21 34
22 34
23 34
22 34
23 34
23 35
23 34
23 35
23 34
23 35
23 36
23 35
24 35
23 35
24 35
24 36
23 36
24 36
24 37
25 37
26 37
26 36
27 36
26 36
26 37
27 37
27 38
26 38
26 37
25 37
26 37
25 37
26 37
25 37
25 38
24 38
24 39
24 40
24 39
23 39
23 40
23 39
22 39
21 39
21 40
22 40
22 41
21 41
22 41
22 42
21 42
20 42
20 41
20 40
20 39
21 39
21 40
20 40
21 40
20 40
21 40
21 41
22 41
21 41
22 41
23 41
23 42
23 43
24 43
24 44
24 43
25 43
25 42
26 42
26 43
26 44
26 45
27 45
27 44
28 44
29 44
30 44
29 44
29 45
29 44
30 44
31 44
30 44
29 44
29 43
28 43
28 42
28 41
29 41
29 42
29 41
29 42
29 43
29 42
28 42
28 41
28 42
29 42
29 43
29 44
29 43
28 43
29 43
29 44
30 44
30 45
29 45
29 44
29 45
29 44
29 45
30 45
30 46
30 47
30 48
30 47
30 46
30 45
30 44
31 44
31 45
31 46
31 45
30 45
29 45
28 45
28 46
29 46
29 47
28 47
27 47
28 47
27 47
28 47
28 46
28 45
28 44
28 45
28 46
27 46
26 46
26 47
27 47
26 47
25 47
24 47
25 47
25 48
25 49
26 49
26 48
26 49
27 49
27 48
27 47
27 48
28 48
29 48
30 48
29 48
29 49
29 48
29 47
29 46
28 46
28 47
27 47
27 48
28 48
29 48
29 49
30 49
30 48
30 47
31 47
32 47
31 47
30 47
29 47
30 47
30 46
30 47
30 46
31 46
31 45
31 46
32 46
31 46
32 46
31 46
32 46
31 46
31 47
32 47
32 46
33 46
33 47
32 47
33 47
32 47
32 46
31 46
32 46
31 46
31 45
32 45
32 44
33 44
34 44
35 44
36 44
37 44
38 44
38 43
37 43
36 43
36 44
35 44
35 45
34 45
35 45
35 44
36 44
36 43
36 42
36 41
36 40
36 39
36 38
37 38
37 39
36 39
35 39
34 39
34 38
34 39
34 38
33 38
32 38
31 38
30 38
30 37
30 38
30 39
31 39
32 39
33 39
34 39
34 38
34 37
34 38
34 39
34 38
35 38
35 37
36 37
35 37
35 38
36 38
36 39
36 40
36 41
