0 0
0 1
1 1
1 0
2 0
1 0
0 0
0 1
0 2
0 1
0 2
0 1
1 1
0 1
0 2
1 2
2 2
2 3
1 3
1 2
1 1
0 1
0 0
1 0
2 0
1 0
0 0
0 1
1 1
1 0
2 0
3 0
3 1
3 0
3 1
2 1
1 1
1 0
2 0
2 1
1 1
1 0
0 0
0 1
0 0
0 1
0 2
1 2
1 3
1 2
1 3
2 3
2 2
1 2
0 2
0 3
0 4
1 4
1 3
1 4
1 3
1 2
0 2
1 2
0 2
0 1
0 2
0 3
0 4
0 5
0 6
0 5
1 5
1 4
1 5
1 4
2 4
1 4
1 3
1 4
1 5
0 5
1 5
1 6
2 6
1 6
1 7
0 7
0 6
1 6
2 6
2 7
2 8
1 8
2 8
1 8
0 8
0 9
0 10
0 11
1 11
0 11
0 10
1 10
1 9
1 10
1 9
1 8
2 8
1 8
0 8
0 9
0 10
1 10
2 10
2 9
1 9
2 9
3 9
4 9
5 9
6 9
5 9
5 10
5 11
5 12
5 11
6 11
5 11
4 11
4 10
3 10
3 9
3 8
3 9
3 10
4 10
3 10
2 10
1 10
1 9
2 9
2 10
1 10
1 9
2 9
2 8
1 8
2 8
2 9
2 10
1 10
0 10
0 9
1 9
0 9
0 8
0 9
1 9
1 8
0 8
0 9
1 9
0 9
1 9
0 9
0 8
0 9
0 10
0 9
1 9
0 9
0 10
0 11
0 12
0 11
0 12
1 12
1 13
0 13
0 12
0 13
0 12
1 12
1 13
1 12
2 12
1 12
1 13
1 14
0 14
0 15
1 15
2 15
2 16
2 15
3 15
2 15
3 15
3 16
2 16
3 16
3 17
4 17
3 17
2 17
1 17
2 17
2 16
2 15
3 15
3 14
3 13
3 14
4 14
5 14
5 13
4 13
3 13
3 14
4 14
4 15
4 16
4 15
5 15
5 14
5 13
6 13
6 12
7 12
6 12
7 12
8 12
8 13
8 14
8 15
8 16
7 16
7 17
8 17
8 16
8 15
9 15
8 15
8 14
8 13
7 13
6 13
7 13
8 13
9 13
8 13
7 13
7 12
8 12
8 11
7 11
7 10
6 10
5 10
5 11
5 12
6 12
6 11
7 11
7 12
8 12
8 11
9 11
10 11
9 11
10 11
9 11
8 11
9 11
9 12
10 12
11 12
12 12
12 13
12 12
11 12
12 12
11 12
11 13
11 14
12 14
13 14
12 14
12 13
12 12
13 12
13 11
12 11
13 11
14 11
15 11
14 11
15 11
15 10
14 10
15 10
14 10
15 10
16 10
16 9
16 8
17 8
18 8
18 9
18 10
18 9
18 8
18 9
18 8
18 9
17 9
16 9
16 10
16 11
16 10
16 11
17 11
17 10
18 10
17 10
18 10
17 10
17 11
18 11
18 10
17 10
17 9
18 9
18 8
18 7
18 6
17 6
17 5
17 4
17 3
16 3
16 2
16 1
16 2
16 1
16 0
17 0
17 1
17 2
17 3
16 3
16 2
16 3
16 4
17 4
16 4
17 4
18 4
19 4
19 3
19 2
18 2
17 2
18 2
18 1
19 1
19 0
19 1
20 1
19 1
19 2
19 3
19 4
19 3
20 3
20 4
19 4
19 3
20 3
19 3
19 4
19 3
20 3
20 4
20 3
21 3
21 2
21 3
20 3
20 4
20 5
20 6
19 6
18 6
19 6
18 6
17 6
16 6
16 7
16 8
16 9
16 8
16 7
16 6
16 7
17 7
18 7
17 7
17 8
17 7
16 7
16 8
17 8
17 7
17 6
17 7
17 8
16 8
15 8
14 8
13 8
12 8
12 9
11 9
12 9
11 9
11 8
12 8
13 8
12 8
12 7
12 8
13 8
14 8
15 8
15 9
15 10
14 10
15 10
15 9
15 8
16 8
16 7
17 7
18 7
17 7
18 7
17 7
17 8
17 9
17 8
16 8
17 8
16 8
16 7
16 6
16 5
17 5
16 5
17 5
18 5
18 4
18 5
18 4
19 4
19 3
19 4
20 4
21 4
22 4
23 4
23 5
24 5
24 6
25 6
25 7
25 6
25 5
25 6
25 7
25 6
25 7
26 7
27 7
27 6
27 5
26 5
27 5
26 5
26 6
27 6
26 6
27 6
26 6
27 6
27 7
26 7
26 8
26 9
25 9
26 9
26 10
26 11
27 11
27 12
28 12
28 13
28 14
28 15
29 15
28 15
28 14
28 15
28 16
28 15
28 16
28 15
28 14
27 14
28 14
28 15
28 16
29 16
29 15
29 16
30 16
30 17
29 17
29 18
29 19
29 20
30 20
29 20
28 20
29 20
29 19
28 19
29 19
30 19
31 19
31 20
31 19
30 19
31 19
30 19
30 20
29 20
30 20
31 20
30 20
31 20
31 19
32 19
32 20
32 21
32 20
33 20
34 20
33 20
32 20
32 21
32 22
32 21
32 22
33 22
32 22
32 21
32 22
33 22
33 23
34 23
35 23
35 24
35 23
35 22
34 22
35 22
34 22
34 23
35 23
35 24
35 25
36 25
35 25
35 24
36 24
35 24
34 24
35 24
36 24
35 24
35 23
35 22
34 22
34 23
35 23
36 23
36 24
36 23
37 23
37 24
38 24
37 24
37 23
37 24
37 25
36 25
36 26
35 26
35 27
35 28
34 28
35 28
36 28
35 28
36 28
36 29
35 29
35 30
35 29
34 29
35 29
34 29
34 28
35 28
35 27
35 26
35 27
36 27
36 26
36 27
36 26
36 25
36 24
36 23
37 23
36 23
35 23
34 23
35 23
34 23
33 23
34 23
34 22
34 21
34 20
33 20
32 20
33 20
33 21
34 21
33 21
34 21
33 21
33 20
34 20
33 20
32 20
31 20
31 19
31 20
32 20
31 20
30 20
30 19
30 20
30 21
30 22
29 22
28 22
28 23
28 22
28 21
28 22
28 23
27 23
27 22
27 21
27 22
28 22
27 22
28 22
27 22
28 22
27 22
27 21
27 22
27 21
27 22
27 23
26 23
26 22
26 21
27 21
28 21
28 22
28 21
29 21
29 22
29 21
28 21
29 21
29 20
29 21
29 20
29 21
29 20
30 20
30 21
30 20
30 19
29 19
28 19
28 18
28 17
27 17
26 17
27 17
28 17
29 17
30 17
31 17
31 16
30 16
30 15
30 16
30 17
31 17
31 16
31 15
30 15
30 16
31 16
31 17
30 17
30 16
31 16
31 17
32 17
32 18
33 18
34 18
35 18
35 19
36 19
37 19
36 19
35 19
34 19
34 18
34 17
33 17
33 16
32 16
33 16
32 16
33 16
33 15
33 16
32 16
31 16
31 17
31 18
32 18
32 17
32 18
33 18
32 18
32 19
32 18
32 19
33 19
33 18
34 18
35 18
36 18
37 18
38 18
39 18
39 17
39 18
39 17
39 18
39 17
39 18
39 19
39 20
38 20
38 19
38 18
39 18
40 18
40 17
40 16
40 17
40 18
39 18
40 18
39 18
40 18
41 18
41 19
42 19
42 18
43 18
43 17
44 17
44 18
44 19
44 18
44 17
45 17
45 16
45 17
45 16
44 16
43 16
43 15
43 16
42 16
41 16
42 16
42 17
42 18
43 18
43 17
43 16
44 16
43 16
42 16
41 16
41 15
40 15
40 14
39 14
39 15
40 15
40 14
40 15
40 16
40 17
41 17
41 16
40 16
40 15
41 15
42 15
42 14
42 13
42 12
43 12
44 12
44 11
44 12
44 11
44 10
43 10
43 11
43 10
44 10
44 11
44 10
45 10
46 10
47 10
48 10
49 10
48 10
49 10
50 10
49 10
49 9
49 10
50 10
49 10
49 9
48 9
48 10
49 10
49 9
50 9
49 9
49 8
49 9
48 9
49 9
49 10
48 10
49 10
48 10
47 10
48 10
48 11
48 10
48 9
48 10
49 10
50 10
51 10
51 11
52 11
52 10
52 11
53 11
53 12
52 12
53 12
53 13
54 13
55 13
55 12
56 12
56 11
55 11
54 11
54 10
55 10
55 9
55 8
55 7
54 7
54 8
55 8
55 9
56 9
57 9
56 9
57 9
58 9
58 8
59 8
60 8
59 8
59 7
58 7
58 6
58 5
59 5
60 5
59 5
60 5
60 4
60 5
61 5
60 5
59 5
59 4
59 3
60 3
59 3
58 3
58 4
58 5
58 4
59 4
60 4
61 4
62 4
62 3
62 2
63 2
62 2
63 2
64 2
63 2
63 1
64 1
65 1
65 0
65 1
65 0
65 1
66 1
66 0
67 0
66 0
66 1
67 1
67 0
67 1
68 1
67 1
66 1
66 0
66 1
66 2
65 2
64 2
63 2
63 1
63 0
62 0
63 0
62 0
62 1
63 1
63 0
64 0
63 0
