0 0
1 0
0 0
0 1
1 1
0 1
0 2
0 1
1 1
1 0
1 1
2 1
2 2
2 1
3 1
2 1
3 1
4 1
4 2
5 2
6 2
5 2
5 1
5 0
5 1
5 0
4 0
4 1
3 1
3 0
4 0
5 0
6 0
6 1
6 2
6 1
6 2
7 2
7 1
7 2
7 1
8 1
7 1
6 1
6 2
6 1
7 1
8 1
7 1
8 1
9 1
9 2
9 3
8 3
7 3
8 3
8 2
9 2
10 2
11 2
11 1
11 0
11 1
11 2
10 2
9 2
10 2
10 3
10 2
10 1
9 1
8 1
8 0
8 1
7 1
7 0
7 1
6 1
6 2
6 3
7 3
6 3
6 4
6 3
7 3
8 3
9 3
9 4
10 4
9 4
9 3
10 3
11 3
12 3
11 3
11 4
11 3
11 4
10 4
11 4
10 4
10 5
10 4
10 5
11 5
10 5
11 5
11 4
12 4
12 3
12 4
12 3
12 2
12 3
12 4
13 4
14 4
13 4
13 5
13 4
13 5
12 5
11 5
11 4
12 4
13 4
13 3
14 3
13 3
12 3
12 4
12 5
11 5
12 5
12 6
12 5
11 5
11 6
11 7
11 8
11 9
12 9
12 8
12 9
12 8
12 9
11 9
11 8
12 8
12 7
11 7
12 7
12 6
11 6
11 7
11 6
11 5
11 6
11 5
11 4
12 4
12 3
12 2
12 3
13 3
12 3
13 3
13 4
13 3
13 2
13 3
13 4
13 5
14 5
13 5
14 5
13 5
13 4
13 3
13 4
13 5
14 5
13 5
13 6
13 5
13 6
13 5
13 6
14 6
14 7
13 7
12 7
13 7
13 8
13 9
13 10
12 10
12 9
11 9
10 9
10 10
10 11
10 12
11 12
10 12
10 13
11 13
10 13
9 13
9 12
8 12
9 12
8 12
8 13
8 14
7 14
6 14
6 15
5 15
5 14
6 14
6 15
5 15
5 14
6 14
7 14
7 13
7 14
8 14
8 15
8 16
7 16
6 16
5 16
4 16
5 16
5 17
6 17
6 18
5 18
5 19
6 19
6 18
6 19
5 19
5 20
4 20
5 20
4 20
3 20
4 20
4 21
4 20
4 19
3 19
4 19
4 18
4 17
4 16
4 15
4 16
5 16
6 16
6 15
6 16
6 17
7 17
6 17
7 17
7 16
8 16
7 16
6 16
6 15
6 14
7 14
7 13
8 13
8 14
7 14
7 13
8 13
7 13
6 13
6 12
5 12
6 12
6 13
5 13
5 14
5 15
4 15
4 14
4 15
3 15
2 15
3 15
3 16
2 16
2 15
1 15
2 15
2 16
2 15
2 14
2 13
2 12
1 12
2 12
2 11
1 11
1 12
1 13
1 12
2 12
3 12
3 13
4 13
3 13
3 14
4 14
3 14
2 14
3 14
4 14
3 14
3 13
3 12
3 11
2 11
2 12
3 12
4 12
3 12
4 12
5 12
6 12
6 13
7 13
6 13
6 12
6 13
5 13
6 13
6 12
7 12
8 12
8 13
8 14
8 15
8 16
8 15
9 15
9 14
9 15
9 16
8 16
9 16
8 16
7 16
7 17
6 17
6 16
5 16
4 16
4 17
4 18
5 18
4 18
5 18
6 18
7 18
6 18
5 18
6 18
5 18
5 17
6 17
6 18
7 18
7 19
6 19
6 20
6 19
5 19
4 19
4 20
3 20
3 21
4 21
3 21
3 20
4 20
5 20
5 19
5 20
5 21
5 20
5 19
5 18
4 18
3 18
2 18
3 18
2 18
3 18
4 18
5 18
5 19
5 20
6 20
7 20
7 21
8 21
7 21
7 22
8 22
8 21
8 20
8 19
7 19
6 19
6 18
5 18
5 19
4 19
4 20
4 19
4 20
3 20
4 20
4 21
5 21
5 22
4 22
3 22
4 22
5 22
5 21
5 20
6 20
6 21
5 21
5 20
5 21
5 22
5 21
4 21
3 21
2 21
1 21
2 21
3 21
4 21
3 21
2 21
2 20
2 21
2 22
2 23
2 24
2 23
2 24
2 25
3 25
4 25
4 26
5 26
5 27
5 28
6 28
6 27
7 27
6 27
6 26
6 27
6 28
7 28
8 28
8 27
8 26
7 26
7 27
6 27
6 28
7 28
7 29
6 29
6 28
6 29
6 28
7 28
7 29
8 29
8 30
7 30
8 30
9 30
9 31
10 31
10 32
11 32
11 33
11 32
11 31
12 31
12 30
12 31
11 31
10 31
9 31
10 31
9 31
9 30
9 31
9 30
10 30
11 30
11 29
12 29
12 30
13 30
13 29
13 28
13 27
14 27
13 27
13 28
13 27
14 27
14 26
14 27
14 28
14 27
14 28
14 27
15 27
16 27
15 27
15 28
16 28
15 28
14 28
14 27
14 28
15 28
15 27
16 27
15 27
15 26
16 26
16 27
16 28
16 29
17 29
18 29
19 29
19 30
20 30
20 29
19 29
19 28
20 28
19 28
18 28
17 28
18 28
18 27
19 27
19 28
20 28
21 28
20 28
19 28
19 27
18 27
17 27
16 27
16 28
16 29
16 30
17 30
17 31
17 32
17 33
18 33
19 33
18 33
17 33
16 33
16 32
17 32
18 32
19 32
19 33
19 34
20 34
21 34
20 34
20 35
20 36
21 36
22 36
21 36
22 36
23 36
22 36
23 36
22 36
22 37
21 37
20 37
19 37
20 37
20 38
20 39
19 39
19 40
19 41
19 42
19 43
18 43
18 44
18 45
18 44
17 44
16 44
15 44
15 45
15 44
16 44
16 45
16 44
16 45
16 44
17 44
18 44
18 43
18 44
18 43
19 43
19 42
18 42
18 43
18 42
18 41
17 41
16 41
16 42
17 42
18 42
17 42
18 42
17 42
17 41
17 42
18 42
17 42
16 42
16 41
16 40
17 40
16 40
16 41
16 40
15 40
16 40
16 41
16 42
17 42
18 42
19 42
19 41
20 41
19 41
18 41
18 40
18 41
18 42
17 42
16 42
17 42
18 42
17 42
16 42
17 42
18 42
18 43
18 42
18 43
19 43
19 42
20 42
21 42
20 42
20 43
19 43
19 42
18 42
19 42
19 41
18 41
17 41
17 42
16 42
17 42
17 41
18 41
17 41
16 41
16 42
17 42
16 42
15 42
15 43
15 44
14 44
14 45
13 45
13 46
12 46
13 46
13 45
13 46
13 47
14 47
14 48
13 48
12 48
13 48
13 49
13 48
14 48
13 48
13 49
14 49
14 48
14 47
14 48
13 48
13 47
12 47
12 46
13 46
13 45
12 45
13 45
12 45
13 45
12 45
12 44
12 45
12 44
12 45
13 45
12 45
12 46
12 47
12 46
13 46
13 47
14 47
15 47
15 46
16 46
15 46
15 47
15 48
16 48
17 48
17 49
16 49
15 49
14 49
14 50
14 51
14 50
14 51
14 52
15 52
14 52
13 52
14 52
15 52
14 52
14 53
14 54
14 53
14 52
13 52
14 52
15 52
14 52
15 52
15 53
15 54
15 55
16 55
15 55
15 54
14 54
14 53
15 53
14 53
13 53
13 54
14 54
14 55
13 55
12 55
11 55
12 55
11 55
10 55
10 56
10 57
9 57
10 57
9 57
10 57
10 58
10 57
11 57
10 57
11 57
12 57
11 57
12 57
11 57
10 57
11 57
12 57
12 56
12 57
11 57
11 56
11 55
10 55
9 55
8 55
8 56
8 57
8 58
9 58
10 58
9 58
9 57
9 56
9 57
9 56
9 57
9 58
8 58
9 58
9 59
10 59
9 59
10 59
10 60
10 61
10 62
10 61
9 61
10 61
9 61
8 61
8 60
8 61
7 61
8 61
9 61
9 62
9 61
10 61
9 61
8 61
8 60
8 61
7 61
7 60
7 61
7 60
7 59
7 60
8 60
8 59
8 58
8 57
9 57
10 57
9 57
9 58
9 59
9 60
9 61
10 61
10 60
10 61
10 60
10 59
9 59
10 59
9 59
9 60
9 61
8 61
8 60
7 60
8 60
7 60
7 59
7 60
7 61
7 60
6 60
6 61
7 61
7 60
8 60
7 60
8 60
8 59
8 60
9 60
8 60
7 60
8 60
9 60
8 60
9 60
9 59
9 58
8 58
7 58
7 59
6 59
6 58
7 58
8 58
8 59
8 60
8 61
8 60
7 60
7 61
6 61
6 62
5 62
5 61
5 62
4 62
4 61
5 61
4 61
4 62
4 63
4 64
5 64
5 63
5 62
4 62
3 62
3 63
4 63
3 63
4 63
3 63
4 63
3 63
2 63
2 62
3 62
3 63
3 64
3 63
2 63
1 63
1 64
1 63
1 64
1 63
1 64
1 63
2 63
2 62
1 62
1 63
1 64
1 65
1 66
1 65
1 66
0 66
1 66
2 66
2 65
2 66
3 66
2 66
1 66
