0 0
1 0
1 1
1 0
1 1
1 2
1 1
1 2
1 1
1 0
2 0
3 0
2 0
3 0
3 1
4 1
3 1
3 2
3 1
2 1
1 1
2 1
2 2
2 1
3 1
3 0
2 0
2 1
2 2
2 1
2 2
2 1
2 0
3 0
3 1
3 0
3 1
4 1
5 1
5 2
5 3
6 3
5 3
4 3
3 3
4 3
3 3
3 2
3 1
3 2
2 2
3 2
4 2
4 3
3 3
4 3
4 2
4 3
3 3
4 3
5 3
6 3
7 3
8 3
8 2
7 2
7 1
7 2
6 2
5 2
5 1
5 0
4 0
4 1
4 2
5 2
5 1
6 1
5 1
5 0
6 0
6 1
7 1
7 0
6 0
6 1
7 1
7 2
7 3
8 3
8 4
8 3
8 4
7 4
6 4
6 3
6 2
7 2
8 2
9 2
10 2
9 2
9 1
10 1
10 2
11 2
10 2
11 2
11 1
11 2
11 3
11 2
12 2
13 2
12 2
12 1
12 0
12 1
13 1
12 1
12 0
13 0
13 1
13 2
13 3
13 4
12 4
11 4
10 4
10 3
11 3
12 3
11 3
12 3
12 2
12 3
12 4
12 3
12 2
11 2
11 1
10 1
9 1
9 0
8 0
8 1
8 2
8 3
8 4
9 4
10 4
9 4
10 4
10 5
10 4
10 5
9 5
8 5
7 5
8 5
8 4
9 4
9 5
9 4
10 4
10 5
11 5
10 5
10 4
9 4
9 5
9 4
10 4
11 4
10 4
9 4
10 4
10 3
10 4
9 4
9 3
10 3
9 3
9 4
9 3
9 4
9 5
10 5
10 6
10 5
9 5
8 5
9 5
9 4
10 4
10 3
10 2
10 3
10 2
11 2
10 2
9 2
8 2
9 2
10 2
10 3
11 3
12 3
12 2
12 1
13 1
12 1
13 1
12 1
11 1
12 1
11 1
11 2
10 2
10 3
10 2
10 3
11 3
11 4
10 4
11 4
11 5
11 6
11 7
11 8
11 7
11 6
11 5
11 4
10 4
10 5
11 5
11 6
10 6
9 6
9 7
8 7
7 7
6 7
6 6
7 6
7 7
7 8
8 8
9 8
10 8
9 8
8 8
7 8
7 7
6 7
5 7
6 7
7 7
6 7
7 7
8 7
8 8
8 7
9 7
9 8
8 8
8 9
8 8
8 7
8 8
8 7
7 7
7 6
6 6
6 5
6 6
5 6
5 5
6 5
5 5
4 5
3 5
3 4
2 4
2 3
2 2
3 2
4 2
3 2
3 1
3 0
2 0
2 1
2 0
2 1
1 1
1 2
0 2
0 1
1 1
2 1
2 2
3 2
3 3
3 2
3 3
3 2
3 3
4 3
4 4
4 3
4 2
4 1
4 0
5 0
5 1
6 1
6 0
5 0
6 0
6 1
6 2
5 2
5 1
5 0
6 0
5 0
4 0
5 0
5 1
5 0
5 1
6 1
6 0
6 1
6 2
5 2
6 2
5 2
5 1
5 2
5 1
5 0
5 1
5 0
6 0
7 0
8 0
7 0
6 0
6 1
5 1
5 0
4 0
4 1
3 1
4 1
3 1
2 1
1 1
1 2
1 1
1 2
2 2
1 2
1 1
2 1
2 2
2 3
2 4
2 5
2 4
2 3
2 2
2 3
1 3
0 3
0 4
0 3
0 2
0 3
0 4
1 4
2 4
1 4
2 4
1 4
1 5
1 6
2 6
2 7
3 7
3 8
3 9
3 8
4 8
4 7
3 7
3 6
3 5
3 6
3 5
3 4
4 4
3 4
2 4
2 3
1 3
2 3
2 2
2 1
1 1
1 2
2 2
1 2
0 2
1 2
0 2
1 2
1 3
0 3
1 3
2 3
2 4
2 5
2 6
1 6
1 5
2 5
2 6
3 6
4 6
4 5
4 6
4 5
4 4
3 4
4 4
5 4
6 4
6 5
6 6
5 6
6 6
5 6
6 6
5 6
5 7
6 7
7 7
8 7
8 8
9 8
10 8
10 7
10 6
10 7
10 8
9 8
8 8
9 8
10 8
10 9
11 9
10 9
9 9
9 10
10 10
10 9
9 9
9 10
9 11
9 10
9 9
9 8
10 8
11 8
11 7
10 7
9 7
10 7
9 7
10 7
10 8
11 8
11 7
12 7
12 6
12 7
12 6
11 6
10 6
11 6
11 7
12 7
12 6
12 5
12 4
13 4
13 5
14 5
14 4
14 3
14 2
14 1
14 2
13 2
12 2
12 3
12 4
12 3
12 4
13 4
13 3
13 4
13 3
13 2
12 2
12 3
12 4
13 4
13 5
14 5
14 6
13 6
12 6
12 5
11 5
11 6
10 6
10 7
11 7
10 7
10 8
11 8
10 8
11 8
11 9
11 8
12 8
11 8
10 8
10 9
10 10
10 9
11 9
12 9
12 8
13 8
13 7
13 6
13 7
13 6
12 6
13 6
13 7
14 7
15 7
14 7
15 7
16 7
15 7
16 7
16 8
16 9
17 9
16 9
17 9
18 9
19 9
18 9
17 9
17 10
16 10
15 10
16 10
16 9
15 9
16 9
16 8
17 8
17 9
17 8
17 7
18 7
19 7
18 7
18 6
18 5
19 5
20 5
20 6
21 6
20 6
20 5
19 5
20 5
19 5
20 5
21 5
20 5
19 5
18 5
18 4
17 4
16 4
16 5
16 4
16 3
16 4
16 5
16 4
17 4
17 3
17 2
17 3
17 4
18 4
18 3
17 3
17 4
17 5
17 4
16 4
16 5
17 5
17 4
17 5
17 4
16 4
17 4
17 3
16 3
16 4
16 5
15 5
15 6
16 6
16 7
15 7
15 8
15 9
14 9
14 8
15 8
16 8
17 8
17 9
17 10
16 10
16 11
16 10
16 11
16 12
15 12
15 13
16 13
16 14
17 14
17 15
17 16
16 16
17 16
17 15
17 16
17 15
17 16
18 16
17 16
17 17
17 18
17 19
17 20
16 20
17 20
17 21
16 21
17 21
17 20
17 21
16 21
16 22
16 21
17 21
17 22
16 22
17 22
17 21
17 22
16 22
15 22
14 22
14 23
14 22
14 23
14 22
15 22
15 21
16 21
17 21
18 21
18 22
18 21
18 20
18 21
18 20
18 21
17 21
16 21
17 21
18 21
17 21
17 20
18 20
18 19
18 18
18 17
18 18
19 18
20 18
20 17
21 17
22 17
22 18
22 19
22 20
21 20
20 20
19 20
20 20
20 21
21 21
20 21
19 21
19 20
20 20
21 20
20 20
21 20
22 20
22 21
21 21
21 22
20 22
19 22
19 21
18 21
19 21
19 22
19 23
19 24
18 24
19 24
19 25
19 26
18 26
18 25
17 25
17 26
17 27
17 28
16 28
17 28
17 29
17 28
17 29
17 30
17 29
17 30
17 31
16 31
15 31
15 32
15 31
15 32
15 33
15 32
15 31
16 31
16 32
17 32
17 31
17 32
17 31
17 30
18 30
19 30
18 30
18 31
17 31
17 30
17 31
17 30
16 30
17 30
17 29
16 29
16 30
15 30
15 29
16 29
16 28
17 28
16 28
15 28
14 28
14 27
13 27
13 26
13 25
12 25
12 24
11 24
11 25
10 25
9 25
10 25
10 24
11 24
11 23
11 22
12 22
12 23
12 22
13 22
13 21
14 21
15 21
16 21
16 20
16 19
16 20
15 20
14 20
14 19
13 19
14 19
15 19
15 20
14 20
15 20
15 21
15 22
14 22
15 22
14 22
13 22
13 23
12 23
12 22
13 22
13 23
12 23
11 23
11 22
10 22
9 22
10 22
9 22
8 22
9 22
8 22
9 22
9 21
8 21
9 21
9 20
9 21
10 21
11 21
11 20
12 20
11 20
10 20
9 20
9 21
9 22
8 22
8 23
7 23
8 23
9 23
9 22
10 22
11 22
11 21
10 21
9 21
9 20
10 20
10 21
11 21
10 21
11 21
12 21
13 21
13 22
14 22
15 22
14 22
15 22
16 22
16 21
16 20
16 21
16 22
16 23
16 22
16 21
15 21
15 20
15 21
15 20
16 20
15 20
14 20
14 21
14 22
15 22
16 22
16 21
17 21
17 22
18 22
18 21
17 21
17 20
18 20
19 20
20 20
20 19
20 20
19 20
19 21
18 21
17 21
16 21
16 22
15 22
14 22
14 23
14 24
14 23
14 24
14 23
14 24
14 23
13 23
14 23
14 22
13 22
13 23
13 22
14 22
14 23
14 22
13 22
14 22
13 22
14 22
14 23
14 24
14 25
13 25
12 25
12 26
12 25
13 25
14 25
13 25
13 26
12 26
12 27
12 26
12 25
12 24
11 24
11 23
11 22
11 21
12 21
11 21
11 20
11 19
12 19
11 19
10 19
10 18
10 19
10 18
10 17
11 17
11 18
12 18
12 19
13 19
13 20
13 21
13 22
