0 0
1 0
1 1
2 1
1 1
2 1
2 0
2 1
2 0
2 1
2 0
2 1
2 2
2 1
3 1
3 2
2 2
1 2
2 2
2 1
1 1
1 0
1 1
0 1
1 1
1 0
1 1
2 1
3 1
2 1
3 1
4 1
4 0
4 1
3 1
3 2
4 2
5 2
5 3
5 4
4 4
3 4
3 5
4 5
4 4
4 5
4 4
5 4
6 4
6 5
5 5
6 5
7 5
7 6
8 6
9 6
10 6
11 6
12 6
13 6
13 5
12 5
11 5
10 5
10 6
10 5
10 4
11 4
11 5
10 5
11 5
11 4
11 3
11 2
11 1
10 1
11 1
12 1
13 1
14 1
14 0
14 1
14 2
15 2
16 2
15 2
15 1
15 2
15 1
14 1
14 2
14 1
13 1
14 1
15 1
15 2
15 3
14 3
13 3
12 3
12 2
12 3
12 4
12 5
13 5
13 6
12 6
11 6
11 7
11 6
10 6
10 5
11 5
10 5
10 4
10 5
10 6
11 6
12 6
11 6
10 6
10 5
9 5
8 5
9 5
8 5
9 5
9 6
9 5
9 6
9 5
9 6
8 6
7 6
6 6
7 6
7 7
7 6
7 7
7 8
7 7
8 7
7 7
8 7
8 6
8 5
7 5
6 5
7 5
8 5
8 4
8 5
7 5
6 5
7 5
8 5
7 5
7 4
6 4
6 5
6 4
6 3
7 3
7 4
7 5
7 6
8 6
7 6
7 5
6 5
7 5
7 6
8 6
9 6
9 5
9 4
8 4
8 5
9 5
9 6
9 7
8 7
8 8
8 9
8 8
8 9
8 10
9 10
10 10
10 11
10 12
10 11
11 11
11 10
11 11
11 12
11 13
12 13
13 13
12 13
12 14
12 13
11 13
11 14
11 15
11 16
10 16
9 16
9 15
9 14
8 14
9 14
9 13
9 12
9 11
9 10
9 9
9 8
8 8
8 9
7 9
7 10
7 9
7 8
6 8
6 9
7 9
7 10
7 9
6 9
5 9
6 9
6 8
7 8
7 9
7 8
8 8
7 8
8 8
8 7
7 7
7 6
7 7
7 6
8 6
8 7
8 6
9 6
9 5
9 4
9 3
9 4
8 4
9 4
8 4
8 3
9 3
9 4
10 4
9 4
9 3
8 3
8 2
9 2
8 2
9 2
9 1
8 1
8 0
8 1
8 0
9 0
9 1
8 1
7 1
7 0
7 1
7 0
6 0
6 1
6 2
5 2
4 2
5 2
6 2
5 2
4 2
4 3
3 3
2 3
2 2
1 2
0 2
0 3
1 3
1 4
1 3
2 3
2 2
3 2
2 2
3 2
2 2
2 1
2 0
1 0
2 0
3 0
3 1
4 1
5 1
5 2
6 2
6 1
6 0
5 0
4 0
5 0
5 1
4 1
5 1
5 0
4 0
5 0
5 1
6 1
5 1
4 1
3 1
2 1
1 1
2 1
3 1
3 2
4 2
5 2
4 2
3 2
2 2
2 1
3 1
3 2
3 1
4 1
5 1
5 2
6 2
5 2
5 1
5 0
5 1
6 1
5 1
4 1
4 0
4 1
4 2
4 3
3 3
4 3
5 3
5 2
6 2
5 2
6 2
5 2
4 2
4 1
4 0
4 1
3 1
3 2
3 3
3 2
4 2
5 2
5 1
6 1
5 1
4 1
4 2
4 1
4 2
3 2
4 2
3 2
3 1
2 1
1 1
0 1
1 1
0 1
1 1
2 1
2 0
3 0
3 1
3 0
3 1
4 1
3 1
3 2
3 3
3 2
3 3
3 4
2 4
2 5
1 5
2 5
2 6
2 7
2 6
1 6
1 7
0 7
0 8
0 7
1 7
0 7
0 6
1 6
1 5
1 4
0 4
0 5
0 6
1 6
1 5
2 5
2 4
1 4
2 4
2 3
2 2
3 2
4 2
4 3
3 3
3 2
2 2
3 2
3 1
2 1
3 1
3 0
3 1
2 1
2 0
2 1
2 2
1 2
1 3
1 4
0 4
0 5
1 5
1 6
1 7
0 7
0 6
0 7
0 8
0 7
0 8
0 7
1 7
1 8
1 9
1 8
1 9
1 8
0 8
0 9
0 10
1 10
0 10
0 9
1 9
0 9
0 10
1 10
2 10
3 10
2 10
2 9
2 8
2 9
2 10
3 10
3 11
3 10
4 10
4 11
3 11
2 11
1 11
0 11
1 11
1 10
1 9
1 10
2 10
1 10
0 10
0 11
1 11
0 11
1 11
1 10
1 11
2 11
3 11
3 12
4 12
3 12
4 12
4 11
5 11
6 11
5 11
4 11
5 11
4 11
4 12
4 13
3 13
3 12
3 13
3 12
4 12
4 13
4 12
3 12
3 13
2 13
2 14
3 14
3 15
3 16
3 15
3 14
3 13
3 14
2 14
2 15
3 15
3 14
3 13
4 13
5 13
5 14
5 13
6 13
7 13
7 14
7 13
6 13
7 13
8 13
8 14
7 14
6 14
6 15
7 15
7 16
8 16
9 16
10 16
11 16
12 16
12 17
12 16
12 17
12 18
13 18
12 18
12 19
13 19
13 20
14 20
14 19
14 18
14 17
13 17
13 16
14 16
14 15
14 16
15 16
15 17
14 17
15 17
14 17
14 18
13 18
12 18
12 17
13 17
13 18
12 18
13 18
13 19
13 20
14 20
15 20
15 19
14 19
14 20
15 20
14 20
13 20
13 21
14 21
15 21
15 22
16 22
16 21
16 20
17 20
17 21
17 22
17 21
17 20
18 20
18 19
19 19
19 20
20 20
20 21
20 22
20 23
20 22
21 22
22 22
22 23
21 23
20 23
21 23
21 24
21 25
21 24
20 24
20 25
20 24
20 25
21 25
21 26
22 26
23 26
23 27
23 26
23 27
24 27
24 26
23 26
22 26
21 26
22 26
22 25
22 26
23 26
23 25
22 25
23 25
22 25
21 25
21 24
20 24
20 25
19 25
19 24
20 24
21 24
21 23
20 23
20 22
20 21
21 21
22 21
22 22
21 22
20 22
21 22
20 22
21 22
21 23
21 24
20 24
20 25
21 25
21 26
22 26
22 25
23 25
22 25
22 24
21 24
21 25
21 26
21 25
22 25
22 26
22 27
22 28
22 27
22 28
22 29
22 30
23 30
23 29
24 29
24 28
23 28
23 29
23 28
24 28
25 28
26 28
27 28
28 28
29 28
29 27
30 27
30 26
30 27
30 28
31 28
31 29
30 29
30 28
30 29
29 29
28 29
28 30
28 29
29 29
30 29
30 28
30 27
30 26
30 25
31 25
32 25
33 25
34 25
34 26
34 25
33 25
33 24
34 24
34 25
35 25
34 25
35 25
34 25
34 26
34 25
33 25
33 26
32 26
33 26
33 25
32 25
31 25
31 24
30 24
30 23
30 22
31 22
31 23
31 22
31 23
30 23
30 22
29 22
28 22
27 22
26 22
25 22
26 22
26 23
27 23
28 23
29 23
28 23
28 22
29 22
28 22
29 22
29 23
28 23
28 22
27 22
28 22
27 22
26 22
26 23
26 24
26 25
25 25
24 25
24 26
25 26
24 26
24 27
23 27
23 26
24 26
25 26
24 26
24 25
25 25
24 25
24 26
23 26
23 25
23 24
23 25
23 24
24 24
23 24
23 25
22 25
22 26
23 26
23 27
24 27
24 28
24 29
24 28
24 29
25 29
25 30
25 31
25 32
26 32
26 33
25 33
25 32
25 31
25 30
25 31
26 31
27 31
27 30
26 30
27 30
26 30
26 29
26 30
27 30
28 30
27 30
27 29
26 29
26 30
26 29
26 30
26 29
26 30
27 30
26 30
26 29
25 29
26 29
25 29
25 28
25 29
26 29
27 29
26 29
27 29
27 30
27 29
26 29
25 29
26 29
25 29
24 29
24 30
24 29
25 29
25 30
26 30
27 30
27 29
27 30
27 29
26 29
27 29
27 28
27 29
27 30
27 29
28 29
28 28
28 29
28 28
28 27
29 27
29 26
29 27
30 27
31 27
32 27
32 26
31 26
31 27
31 26
31 27
31 26
31 25
31 26
31 25
32 25
32 24
32 25
33 25
34 25
34 24
35 24
36 24
36 25
35 25
36 25
36 26
37 26
37 25
37 24
38 24
38 23
39 23
40 23
39 23
39 24
39 25
40 25
40 26
39 26
39 25
39 24
40 24
41 24
41 23
41 24
41 23
41 22
42 22
41 22
41 21
40 21
39 21
40 21
39 21
39 22
39 21
39 20
39 21
39 22
40 22
40 21
39 21
39 20
39 19
39 18
39 17
39 18
39 19
39 20
38 20
38 21
37 21
37 20
37 21
38 21
39 21
38 21
37 21
37 22
36 22
37 22
38 22
39 22
39 23
39 22
39 21
39 22
39 21
39 22
40 22
41 22
40 22
41 22
41 21
41 22
40 22
39 22
40 22
40 21
