0 0
1 0
0 0
0 1
1 1
2 1
2 2
2 3
1 3
1 4
1 3
2 3
2 4
2 5
2 6
2 5
1 5
0 5
1 5
0 5
0 6
1 6
2 6
3 6
2 6
2 7
2 8
3 8
3 9
3 10
3 9
3 8
3 9
2 9
2 10
1 10
0 10
1 10
1 9
0 9
0 8
0 9
1 9
2 9
1 9
2 9
3 9
4 9
4 10
4 11
5 11
4 11
4 10
3 10
4 10
3 10
3 9
4 9
4 8
4 7
4 6
4 7
3 7
4 7
4 6
4 5
4 6
5 6
6 6
5 6
5 5
4 5
3 5
3 6
4 6
5 6
5 5
5 6
6 6
6 7
6 8
6 9
6 10
6 9
6 10
5 10
6 10
7 10
8 10
8 11
8 10
7 10
7 9
8 9
9 9
9 8
9 7
9 8
9 9
9 10
8 10
8 11
8 10
7 10
8 10
7 10
7 9
6 9
6 10
6 11
7 11
6 11
6 10
6 11
6 10
6 11
5 11
5 12
6 12
6 13
7 13
7 14
7 13
8 13
8 14
8 15
8 16
7 16
7 17
7 16
7 17
8 17
8 16
8 15
8 16
7 16
8 16
9 16
10 16
10 15
11 15
12 15
12 16
12 15
12 14
13 14
13 13
13 12
13 11
13 10
13 9
14 9
13 9
13 8
13 7
14 7
14 8
14 9
15 9
16 9
15 9
15 8
16 8
17 8
17 7
16 7
15 7
14 7
15 7
15 6
14 6
15 6
15 5
16 5
16 6
16 5
16 6
17 6
18 6
19 6
20 6
19 6
18 6
17 6
16 6
16 5
15 5
14 5
15 5
15 6
16 6
16 7
17 7
18 7
19 7
19 8
19 7
19 8
20 8
20 7
21 7
22 7
22 6
22 5
22 6
22 5
21 5
20 5
20 4
21 4
21 5
21 6
20 6
19 6
19 5
19 4
20 4
21 4
21 5
21 4
21 3
20 3
19 3
18 3
18 4
18 5
17 5
17 4
17 5
17 6
18 6
18 7
17 7
16 7
17 7
17 6
17 5
17 4
16 4
16 5
17 5
16 5
17 5
16 5
16 4
17 4
16 4
15 4
15 3
14 3
15 3
15 2
16 2
16 1
16 0
16 1
15 1
16 1
16 0
16 1
17 1
16 1
17 1
17 2
16 2
16 1
16 0
17 0
16 0
16 1
17 1
16 1
15 1
15 2
14 2
13 2
13 3
14 3
15 3
15 4
14 4
15 4
15 5
14 5
14 6
14 5
15 5
15 6
15 5
16 5
16 6
15 6
14 6
15 6
15 7
14 7
15 7
15 6
14 6
15 6
15 5
16 5
15 5
15 4
16 4
16 5
16 6
17 6
18 6
18 7
19 7
19 6
19 7
18 7
18 8
17 8
17 7
16 7
16 8
16 9
16 8
16 7
15 7
15 6
14 6
14 5
14 6
14 7
13 7
13 8
13 9
14 9
13 9
12 9
11 9
10 9
9 9
9 10
9 9
8 9
9 9
9 8
9 7
8 7
8 8
9 8
9 9
9 10
9 11
10 11
10 10
10 11
11 11
12 11
12 10
12 9
13 9
14 9
15 9
15 8
15 7
15 8
15 7
15 8
16 8
17 8
18 8
18 7
17 7
16 7
16 8
16 9
16 8
16 9
17 9
16 9
16 8
17 8
18 8
19 8
19 9
19 10
19 11
19 12
19 13
20 13
21 13
21 14
22 14
22 15
22 16
23 16
23 15
22 15
22 14
22 15
22 16
22 17
21 17
21 18
21 19
22 19
23 19
24 19
24 20
25 20
25 21
24 21
23 21
23 22
22 22
21 22
21 23
22 23
22 24
23 24
24 24
25 24
24 24
24 25
25 25
24 25
23 25
22 25
22 24
23 24
23 23
23 24
24 24
24 23
24 24
25 24
26 24
26 23
26 22
25 22
24 22
23 22
23 21
23 20
22 20
22 21
22 20
23 20
23 21
22 21
23 21
24 21
23 21
23 20
24 20
24 19
25 19
24 19
25 19
26 19
25 19
26 19
26 18
26 17
25 17
26 17
26 18
25 18
26 18
27 18
28 18
29 18
29 17
30 17
31 17
32 17
32 16
33 16
34 16
33 16
32 16
31 16
32 16
32 15
33 15
33 16
33 15
32 15
33 15
34 15
33 15
34 15
34 16
33 16
34 16
33 16
34 16
35 16
34 16
35 16
35 17
35 16
34 16
34 15
33 15
33 16
34 16
35 16
35 17
35 18
35 17
35 18
35 19
36 19
36 20
35 20
35 19
35 18
35 17
35 16
35 17
35 18
34 18
33 18
33 19
32 19
31 19
32 19
32 18
31 18
31 19
31 18
31 17
31 16
32 16
32 17
31 17
32 17
32 18
32 19
33 19
33 20
33 21
33 20
32 20
31 20
30 20
30 19
31 19
30 19
29 19
28 19
28 20
27 20
28 20
28 21
28 20
27 20
27 21
26 21
27 21
28 21
29 21
29 22
30 22
30 23
31 23
32 23
31 23
30 23
29 23
28 23
27 23
27 24
28 24
28 23
29 23
29 24
29 25
29 26
29 27
28 27
27 27
27 28
26 28
26 27
26 26
27 26
27 27
27 28
28 28
27 28
28 28
27 28
28 28
29 28
29 29
29 28
29 29
28 29
28 30
28 29
28 30
27 30
26 30
25 30
24 30
24 29
23 29
24 29
25 29
25 30
26 30
27 30
28 30
29 30
28 30
29 30
28 30
29 30
28 30
28 29
29 29
29 30
29 31
29 30
29 31
30 31
31 31
30 31
30 32
29 32
29 31
30 31
31 31
31 30
31 29
31 28
31 27
31 28
31 29
30 29
29 29
29 28
29 27
28 27
27 27
28 27
29 27
30 27
30 26
30 25
31 25
32 25
32 24
32 23
33 23
34 23
34 24
34 25
35 25
35 24
36 24
36 23
36 24
35 24
35 23
36 23
36 22
36 23
35 23
34 23
35 23
34 23
34 24
35 24
35 23
35 22
35 21
35 20
35 21
34 21
33 21
33 20
33 21
33 22
32 22
32 21
33 21
32 21
31 21
31 22
32 22
31 22
31 23
31 24
31 23
31 24
30 24
30 23
30 22
30 21
31 21
31 20
30 20
30 19
30 18
30 17
31 17
30 17
31 17
31 18
31 19
32 19
32 20
31 20
32 20
33 20
33 21
33 22
33 21
32 21
31 21
31 22
32 22
32 23
33 23
33 22
32 22
31 22
31 21
30 21
31 21
30 21
30 22
30 23
30 22
31 22
30 22
30 23
30 22
30 21
31 21
31 22
32 22
33 22
32 22
32 23
31 23
30 23
30 24
30 25
30 24
31 24
31 23
30 23
30 22
31 22
31 21
31 20
31 19
32 19
32 20
32 19
31 19
31 20
30 20
29 20
29 21
28 21
27 21
26 21
27 21
27 22
28 22
27 22
27 23
28 23
28 22
27 22
27 23
26 23
27 23
27 24
27 25
26 25
25 25
25 24
25 25
25 26
25 27
24 27
25 27
25 26
25 25
26 25
25 25
24 25
25 25
25 24
25 23
25 24
25 23
25 24
26 24
25 24
26 24
26 23
26 22
25 22
25 23
26 23
26 24
27 24
27 23
28 23
28 22
27 22
28 22
29 22
30 22
31 22
30 22
31 22
32 22
32 21
33 21
34 21
34 22
35 22
35 21
35 22
35 21
34 21
34 20
34 21
33 21
32 21
32 20
32 21
31 21
30 21
30 22
31 22
31 21
31 20
31 21
31 22
32 22
32 21
32 20
33 20
32 20
33 20
33 21
33 20
34 20
35 20
35 19
36 19
36 20
35 20
35 21
35 20
36 20
36 21
37 21
38 21
38 22
39 22
39 21
40 21
39 21
39 20
40 20
40 21
40 22
40 21
41 21
42 21
43 21
43 22
43 21
42 21
41 21
42 21
42 22
42 21
42 22
41 22
42 22
42 23
42 22
43 22
42 22
43 22
43 21
43 20
44 20
43 20
43 21
44 21
43 21
43 22
44 22
45 22
44 22
43 22
42 22
42 23
41 23
41 22
41 21
41 22
40 22
40 21
40 22
40 23
41 23
40 23
40 24
41 24
40 24
40 23
40 24
40 25
40 24
41 24
41 23
41 24
41 25
41 26
41 27
41 26
41 25
41 26
42 26
42 27
43 27
44 27
44 26
43 26
43 25
43 26
42 26
42 27
42 26
41 26
42 26
43 26
42 26
41 26
41 27
42 27
41 27
41 28
42 28
42 27
43 27
42 27
43 27
43 28
43 29
42 29
41 29
41 28
41 27
41 28
40 28
40 27
40 28
40 27
39 27
39 28
40 28
39 28
39 27
39 26
38 26
38 27
38 28
39 28
39 29
38 29
38 28
39 28
38 28
39 28
39 29
38 29
37 29
37 30
36 30
36 29
37 29
36 29
36 30
35 30
36 30
36 31
35 31
35 30
35 29
34 29
