0 0
1 0
2 0
2 1
2 0
2 1
1 1
0 1
0 2
0 3
1 3
0 3
1 3
1 2
2 2
2 3
2 2
2 3
2 2
1 2
0 2
1 2
1 1
1 2
2 2
1 2
0 2
1 2
2 2
3 2
3 1
3 0
4 0
5 0
6 0
6 1
5 1
4 1
4 2
3 2
3 1
4 1
3 1
2 1
2 0
1 0
1 1
1 0
2 0
2 1
1 1
0 1
0 2
0 1
0 2
0 1
1 1
1 2
1 3
1 2
0 2
0 1
0 2
0 1
0 2
0 1
1 1
1 2
1 3
1 4
2 4
3 4
3 5
3 4
3 3
4 3
3 3
2 3
2 2
3 2
2 2
2 3
2 4
2 3
2 4
1 4
1 3
1 4
0 4
0 3
0 4
0 3
0 2
0 3
0 2
0 1
1 1
1 0
2 0
2 1
1 1
2 1
2 2
2 3
2 2
2 1
2 0
2 1
3 1
3 0
2 0
2 1
1 1
1 2
1 1
2 1
2 2
3 2
3 1
3 0
4 0
5 0
5 1
5 0
5 1
4 1
3 1
2 1
2 2
1 2
1 1
1 2
2 2
2 3
2 2
1 2
0 2
1 2
1 3
0 3
0 2
1 2
2 2
2 3
2 4
1 4
2 4
2 5
2 4
1 4
1 5
2 5
3 5
3 4
4 4
4 5
5 5
5 4
6 4
6 5
5 5
4 5
5 5
5 4
4 4
3 4
2 4
3 4
4 4
5 4
5 3
4 3
3 3
4 3
4 2
3 2
3 1
2 1
2 2
3 2
2 2
1 2
1 1
0 1
0 2
1 2
0 2
0 1
1 1
1 2
0 2
0 3
1 3
2 3
1 3
1 4
1 5
0 5
1 5
2 5
1 5
1 6
0 6
0 7
0 8
0 9
0 10
1 10
1 9
1 10
1 11
2 11
2 10
3 10
4 10
5 10
5 9
4 9
3 9
3 10
4 10
4 9
4 8
5 8
5 9
5 8
5 7
6 7
5 7
4 7
5 7
6 7
6 8
6 7
6 6
5 6
5 7
4 7
5 7
5 8
5 7
5 8
4 8
3 8
3 7
4 7
3 7
3 6
3 5
3 4
3 5
2 5
2 4
2 3
1 3
0 3
1 3
0 3
0 2
1 2
1 1
2 1
2 0
1 0
0 0
1 0
2 0
1 0
0 0
0 1
0 0
1 0
1 1
0 1
0 0
1 0
1 1
0 1
1 1
0 1
1 1
2 1
1 1
0 1
1 1
2 1
2 0
2 1
2 0
2 1
1 1
0 1
0 0
1 0
1 1
1 0
1 1
0 1
1 1
1 0
2 0
2 1
1 1
0 1
1 1
1 0
2 0
1 0
1 1
0 1
0 0
1 0
1 1
1 0
1 1
1 0
0 0
0 1
1 1
1 0
2 0
2 1
3 1
2 1
3 1
3 0
2 0
3 0
4 0
5 0
4 0
4 1
4 0
4 1
3 1
3 2
3 3
2 3
1 3
0 3
0 4
0 5
0 4
1 4
0 4
0 5
1 5
1 6
2 6
3 6
4 6
4 7
3 7
3 8
4 8
5 8
6 8
6 9
6 10
6 9
5 9
5 10
4 10
5 10
6 10
6 9
6 10
6 11
5 11
4 11
3 11
4 11
4 12
3 12
2 12
2 13
3 13
4 13
3 13
4 13
4 12
3 12
2 12
2 13
2 14
2 13
3 13
2 13
2 14
3 14
4 14
3 14
3 15
4 15
3 15
4 15
4 16
4 17
4 16
5 16
4 16
3 16
3 15
3 14
3 15
2 15
3 15
3 16
4 16
4 15
4 14
4 13
3 13
3 14
4 14
4 13
4 14
4 15
4 16
4 15
4 16
4 17
5 17
5 18
6 18
6 19
6 20
7 20
7 21
8 21
7 21
8 21
9 21
8 21
8 20
8 19
8 18
9 18
8 18
9 18
9 19
10 19
10 18
10 19
9 19
10 19
10 20
10 21
10 20
11 20
12 20
12 21
11 21
10 21
10 20
9 20
9 21
9 20
9 21
8 21
9 21
8 21
9 21
9 22
9 23
8 23
8 22
7 22
7 23
6 23
7 23
7 24
8 24
8 25
8 26
8 25
9 25
9 26
9 27
9 28
8 28
8 27
7 27
7 26
8 26
9 26
10 26
11 26
10 26
10 27
9 27
10 27
10 26
11 26
11 27
11 26
10 26
10 27
11 27
11 26
11 27
10 27
9 27
9 28
10 28
9 28
9 29
10 29
11 29
11 28
11 29
11 28
12 28
12 29
12 28
13 28
12 28
12 29
11 29
12 29
12 30
11 30
11 31
12 31
12 32
13 32
13 31
13 32
13 33
13 32
12 32
13 32
12 32
12 31
11 31
11 32
12 32
12 33
11 33
10 33
10 32
11 32
11 31
11 30
11 29
10 29
11 29
12 29
11 29
10 29
9 29
9 28
10 28
10 27
11 27
12 27
12 28
12 29
11 29
10 29
10 28
9 28
9 29
8 29
9 29
10 29
11 29
10 29
9 29
9 30
9 31
9 32
8 32
9 32
8 32
8 33
8 34
7 34
6 34
5 34
5 33
4 33
4 32
4 33
5 33
5 34
4 34
5 34
5 35
5 36
5 37
4 37
4 38
3 38
3 39
3 38
2 38
2 37
3 37
3 36
2 36
2 37
1 37
1 38
1 39
2 39
3 39
4 39
4 38
4 39
4 40
4 39
5 39
5 38
5 39
5 40
6 40
6 39
7 39
7 38
8 38
7 38
6 38
6 39
6 38
7 38
7 37
8 37
9 37
8 37
8 36
8 35
8 36
8 37
8 36
8 35
9 35
9 34
8 34
8 35
7 35
7 34
6 34
5 34
5 35
4 35
3 35
4 35
5 35
5 34
4 34
3 34
4 34
4 35
4 36
4 37
5 37
4 37
3 37
3 38
2 38
1 38
1 37
2 37
3 37
3 36
4 36
3 36
3 35
3 36
3 37
4 37
4 36
4 37
3 37
3 36
2 36
2 35
2 34
2 33
2 32
2 31
2 30
3 30
3 31
3 30
3 31
3 30
2 30
2 29
3 29
4 29
4 30
5 30
4 30
3 30
4 30
4 29
4 30
4 29
4 30
4 29
3 29
4 29
4 30
4 29
4 30
4 31
4 30
5 30
4 30
5 30
5 31
5 32
5 31
6 31
5 31
5 30
4 30
5 30
6 30
6 31
7 31
7 30
7 29
6 29
7 29
7 30
7 31
6 31
5 31
5 32
6 32
6 33
7 33
7 32
7 33
8 33
8 34
8 35
8 36
8 37
8 36
7 36
8 36
7 36
6 36
6 35
7 35
7 34
6 34
7 34
8 34
8 35
8 34
9 34
9 35
10 35
10 36
11 36
11 35
11 36
11 37
11 38
10 38
10 39
11 39
10 39
10 40
10 39
10 38
9 38
9 37
10 37
9 37
8 37
9 37
9 36
9 37
9 36
9 37
8 37
8 38
9 38
8 38
8 39
7 39
8 39
9 39
9 38
8 38
8 37
8 38
8 39
9 39
8 39
9 39
10 39
9 39
9 40
9 41
9 42
8 42
8 43
9 43
9 42
9 41
8 41
8 42
8 43
8 42
7 42
6 42
5 42
5 41
5 42
5 43
5 44
6 44
6 43
6 44
6 45
7 45
7 46
6 46
5 46
5 47
5 48
6 48
6 49
6 50
5 50
6 50
6 51
6 50
6 49
6 50
6 51
6 50
6 49
6 48
6 47
6 48
5 48
4 48
4 49
5 49
5 50
5 49
5 50
4 50
3 50
3 51
3 52
4 52
3 52
4 52
4 51
4 52
4 51
4 50
4 49
4 50
5 50
5 51
6 51
6 52
5 52
5 51
5 50
6 50
6 49
6 50
6 49
6 48
6 49
6 50
5 50
6 50
5 50
4 50
5 50
5 49
4 49
3 49
2 49
1 49
1 50
1 49
1 48
1 49
1 50
1 51
2 51
2 52
1 52
2 52
1 52
1 53
0 53
0 52
0 51
0 50
1 50
2 50
3 50
4 50
4 51
5 51
6 51
7 51
8 51
8 50
8 51
7 51
8 51
8 50
8 49
9 49
9 48
9 49
9 50
9 51
8 51
8 52
9 52
8 52
8 51
8 52
8 51
8 50
7 50
6 50
7 50
7 49
8 49
7 49
8 49
7 49
6 49
5 49
4 49
5 49
4 49
4 50
3 50
3 49
3 48
3 47
2 47
3 47
2 47
2 48
2 49
1 49
1 48
1 49
2 49
3 49
3 48
4 48
4 49
3 49
3 50
4 50
4 51
5 51
6 51
6 52
6 53
6 54
6 55
6 54
5 54
5 53
5 54
5 53
4 53
4 54
4 53
4 52
4 53
4 54
4 53
3 53
4 53
4 54
4 53
5 53
5 54
4 54
4 53
3 53
2 53
3 53
3 54
4 54
4 53
4 54
4 53
