0 0
0 1
0 2
1 2
1 3
2 3
2 2
1 2
0 2
0 3
1 3
1 4
2 4
3 4
4 4
5 4
4 4
3 4
3 5
4 5
4 6
4 5
3 5
4 5
5 5
4 5
4 4
3 4
4 4
4 3
3 3
4 3
4 4
3 4
2 4
1 4
1 5
1 4
1 3
2 3
1 3
1 4
1 3
1 4
2 4
2 3
1 3
1 2
0 2
1 2
0 2
1 2
2 2
3 2
3 3
2 3
2 4
2 5
1 5
0 5
1 5
2 5
2 6
2 7
3 7
2 7
2 8
2 7
3 7
2 7
1 7
2 7
2 8
2 9
1 9
2 9
2 8
2 9
1 9
1 10
0 10
0 9
0 8
1 8
0 8
0 7
0 6
1 6
1 5
2 5
2 4
3 4
4 4
4 5
5 5
4 5
3 5
2 5
1 5
2 5
2 4
2 3
2 4
1 4
0 4
0 3
1 3
2 3
2 4
3 4
2 4
1 4
2 4
1 4
2 4
1 4
1 3
2 3
2 4
3 4
3 3
4 3
4 4
5 4
5 5
5 4
6 4
5 4
6 4
7 4
8 4
9 4
10 4
10 3
9 3
10 3
10 4
11 4
12 4
12 5
13 5
13 6
13 7
12 7
13 7
13 8
14 8
15 8
15 9
15 10
14 10
15 10
15 11
14 11
14 10
14 11
14 10
15 10
16 10
16 9
16 8
16 9
17 9
17 8
17 9
17 10
17 11
17 12
17 13
17 12
17 11
18 11
18 10
18 9
19 9
18 9
18 10
18 9
17 9
17 10
16 10
16 9
15 9
16 9
15 9
14 9
13 9
14 9
14 10
14 9
13 9
14 9
14 8
14 9
13 9
14 9
14 8
14 7
14 6
13 6
14 6
15 6
14 6
13 6
13 5
13 6
13 7
13 6
13 7
13 8
14 8
14 7
13 7
14 7
15 7
16 7
15 7
14 7
13 7
13 6
14 6
15 6
14 6
15 6
16 6
16 5
17 5
16 5
16 6
16 5
16 4
17 4
16 4
16 3
15 3
14 3
13 3
14 3
13 3
12 3
12 4
13 4
13 3
12 3
12 2
12 3
13 3
13 4
13 5
13 6
13 7
14 7
13 7
13 8
14 8
14 9
13 9
13 10
12 10
12 9
13 9
13 8
13 9
14 9
15 9
15 8
14 8
15 8
15 7
14 7
13 7
13 8
14 8
14 7
13 7
13 6
12 6
11 6
12 6
13 6
13 7
12 7
11 7
12 7
11 7
10 7
9 7
9 8
9 7
9 6
9 7
9 6
9 5
10 5
11 5
11 6
10 6
10 7
10 6
9 6
10 6
9 6
10 6
10 7
11 7
11 8
12 8
12 9
12 8
12 7
13 7
13 8
12 8
12 9
12 8
12 7
12 8
12 9
13 9
14 9
15 9
15 10
15 11
14 11
14 10
13 10
13 11
13 12
14 12
14 11
14 10
15 10
15 9
15 8
15 9
14 9
15 9
15 10
15 9
15 10
15 11
15 12
16 12
15 12
16 12
15 12
14 12
14 11
15 11
15 10
14 10
14 9
15 9
15 8
16 8
17 8
16 8
16 7
16 6
16 7
15 7
15 6
15 5
16 5
17 5
16 5
15 5
15 6
14 6
15 6
15 5
16 5
16 4
17 4
17 5
17 4
18 4
18 5
18 4
18 3
17 3
17 2
17 3
16 3
17 3
17 2
17 1
17 2
16 2
15 2
14 2
14 3
15 3
16 3
16 4
17 4
18 4
17 4
17 3
18 3
18 2
18 3
18 2
18 3
17 3
18 3
18 4
18 5
17 5
17 6
17 5
17 6
17 5
16 5
16 4
16 3
17 3
18 3
18 4
19 4
18 4
17 4
18 4
17 4
16 4
16 5
16 4
17 4
16 4
15 4
15 5
15 6
14 6
15 6
15 7
16 7
16 6
16 7
16 6
16 7
17 7
17 6
16 6
16 7
15 7
15 6
15 5
15 4
16 4
17 4
17 5
17 4
17 3
16 3
16 4
17 4
17 3
18 3
18 2
19 2
18 2
19 2
19 3
18 3
17 3
18 3
18 2
18 3
18 4
18 3
17 3
17 2
16 2
16 3
17 3
18 3
18 2
19 2
19 1
19 0
18 0
19 0
19 1
20 1
21 1
22 1
22 0
22 1
23 1
23 2
23 1
24 1
24 0
24 1
23 1
24 1
25 1
25 2
24 2
23 2
23 3
23 4
24 4
23 4
24 4
25 4
26 4
27 4
27 5
28 5
29 5
28 5
27 5
27 4
27 5
27 6
27 5
27 4
27 5
26 5
25 5
25 6
25 5
26 5
27 5
28 5
27 5
26 5
27 5
27 4
27 5
27 6
27 7
27 6
26 6
26 7
26 6
27 6
27 5
27 6
26 6
26 7
25 7
25 6
25 5
26 5
27 5
28 5
28 4
28 5
28 4
29 4
30 4
30 5
29 5
28 5
27 5
28 5
27 5
27 6
28 6
28 5
29 5
30 5
30 6
30 7
29 7
29 8
30 8
31 8
31 9
31 8
30 8
30 9
31 9
32 9
32 8
31 8
30 8
30 7
31 7
31 6
30 6
30 7
30 6
29 6
30 6
29 6
29 7
28 7
27 7
27 8
27 7
27 8
27 7
28 7
29 7
30 7
30 6
31 6
31 7
30 7
30 8
29 8
28 8
28 7
27 7
28 7
27 7
28 7
27 7
27 6
26 6
26 5
26 4
27 4
27 5
26 5
26 4
26 5
26 6
25 6
26 6
27 6
27 5
27 6
28 6
28 5
28 4
27 4
28 4
28 5
27 5
27 6
28 6
28 5
28 4
27 4
27 3
27 4
28 4
29 4
29 5
29 6
30 6
30 7
29 7
28 7
29 7
30 7
30 8
29 8
29 9
28 9
28 8
28 7
28 8
28 7
27 7
28 7
28 6
28 5
28 6
28 7
28 6
29 6
29 7
28 7
28 6
29 6
30 6
29 6
30 6
30 7
29 7
28 7
28 8
28 7
28 8
29 8
30 8
31 8
30 8
31 8
30 8
29 8
30 8
31 8
31 7
30 7
31 7
32 7
32 8
31 8
31 7
31 6
31 7
30 7
30 8
29 8
29 7
29 8
29 7
29 6
30 6
30 7
31 7
32 7
33 7
34 7
33 7
32 7
32 6
32 5
32 6
31 6
30 6
30 5
31 5
31 6
31 7
31 6
31 5
31 4
30 4
31 4
30 4
31 4
31 3
31 2
30 2
30 3
29 3
28 3
27 3
28 3
28 2
28 3
29 3
28 3
27 3
28 3
28 2
29 2
29 3
29 4
29 5
28 5
27 5
27 4
26 4
26 5
25 5
24 5
24 4
23 4
24 4
23 4
23 3
22 3
23 3
22 3
23 3
24 3
24 4
24 5
24 4
23 4
23 5
22 5
22 6
22 5
22 4
23 4
24 4
24 3
25 3
26 3
26 4
26 5
26 6
26 5
26 6
25 6
25 5
24 5
25 5
25 6
25 5
26 5
27 5
27 6
28 6
29 6
29 5
30 5
31 5
30 5
31 5
30 5
30 4
29 4
28 4
28 5
28 6
28 5
28 4
29 4
28 4
28 5
29 5
29 4
30 4
31 4
30 4
30 3
29 3
30 3
30 4
30 3
31 3
32 3
31 3
30 3
30 2
29 2
30 2
30 3
30 2
29 2
28 2
29 2
30 2
30 1
31 1
31 2
32 2
31 2
31 1
31 2
31 1
31 2
31 1
30 1
31 1
31 2
30 2
31 2
30 2
30 3
31 3
30 3
30 4
30 3
30 2
30 3
30 2
31 2
30 2
29 2
30 2
29 2
28 2
28 3
29 3
29 2
30 2
31 2
31 1
31 2
31 3
32 3
31 3
31 2
30 2
30 1
31 1
32 1
32 2
31 2
31 3
30 3
31 3
30 3
31 3
31 2
31 1
32 1
31 1
30 1
30 0
30 1
30 2
30 1
30 0
30 1
31 1
31 0
32 0
32 1
33 1
33 0
33 1
33 0
32 0
32 1
32 2
31 2
31 1
32 1
32 0
32 1
33 1
34 1
33 1
34 1
34 0
35 0
35 1
35 2
36 2
37 2
36 2
36 1
36 2
36 3
36 2
36 3
35 3
36 3
36 2
36 1
36 2
36 3
36 4
37 4
37 3
38 3
37 3
38 3
38 2
38 3
38 2
38 3
39 3
39 2
39 1
39 2
38 2
37 2
38 2
38 1
38 0
39 0
39 1
39 0
38 0
38 1
38 2
38 3
38 4
38 3
37 3
38 3
37 3
38 3
38 2
38 3
37 3
38 3
39 3
39 2
39 3
40 3
40 2
41 2
40 2
40 3
41 3
41 2
42 2
42 3
43 3
42 3
43 3
44 3
45 3
44 3
43 3
43 4
43 3
43 2
42 2
42 3
41 3
41 4
40 4
40 5
40 6
39 6
