0 0
1 0
1 1
0 1
0 0
0 1
1 1
1 0
2 0
1 0
1 1
1 2
2 2
2 3
2 2
3 2
4 2
4 1
3 1
3 0
2 0
2 1
3 1
4 1
5 1
4 1
4 0
5 0
4 0
5 0
6 0
6 1
6 0
7 0
7 1
7 2
7 3
6 3
6 4
6 5
6 4
6 3
6 2
5 2
5 1
6 1
5 1
5 0
4 0
5 0
5 1
6 1
6 0
7 0
7 1
6 1
6 0
7 0
7 1
8 1
7 1
8 1
8 2
8 3
7 3
7 2
7 3
8 3
8 2
8 1
9 1
10 1
10 0
11 0
11 1
11 2
11 1
12 1
12 2
12 1
13 1
14 1
14 2
14 1
15 1
15 2
16 2
15 2
14 2
15 2
15 1
15 2
16 2
16 3
15 3
15 4
14 4
14 3
15 3
15 2
14 2
13 2
13 1
12 1
11 1
11 2
11 1
10 1
10 0
11 0
12 0
11 0
11 1
12 1
13 1
13 2
13 3
13 2
13 3
13 4
13 3
14 3
14 2
14 1
13 1
14 1
14 2
13 2
13 1
14 1
15 1
16 1
17 1
17 0
16 0
17 0
16 0
16 1
17 1
17 2
16 2
15 2
14 2
14 3
15 3
14 3
14 4
14 5
15 5
15 4
16 4
16 3
16 2
16 3
15 3
14 3
14 4
15 4
16 4
16 3
16 4
17 4
18 4
18 5
18 4
18 5
18 6
17 6
16 6
16 7
16 8
16 9
16 10
16 9
16 10
17 10
16 10
16 11
17 11
17 12
17 13
18 13
18 12
19 12
18 12
18 11
18 10
17 10
17 11
16 11
15 11
14 11
15 11
16 11
16 10
16 11
16 10
15 10
16 10
16 11
16 12
17 12
17 11
17 12
18 12
17 12
17 13
17 14
18 14
18 15
18 14
18 15
19 15
19 16
19 17
19 16
19 15
19 14
20 14
20 15
20 16
20 15
19 15
19 16
19 17
19 16
19 17
20 17
19 17
20 17
20 18
21 18
20 18
20 19
19 19
19 18
18 18
19 18
20 18
20 17
20 18
20 19
21 19
22 19
22 18
23 18
24 18
23 18
23 19
24 19
23 19
23 20
24 20
23 20
22 20
22 19
23 19
24 19
24 18
24 19
25 19
24 19
24 18
25 18
26 18
26 19
26 18
25 18
26 18
26 19
27 19
27 18
26 18
27 18
28 18
28 17
28 16
28 17
29 17
28 17
28 16
28 15
28 14
28 13
29 13
28 13
28 12
27 12
26 12
27 12
28 12
27 12
28 12
29 12
30 12
30 11
30 10
31 10
31 11
31 12
32 12
32 13
32 12
32 11
32 12
33 12
33 11
34 11
33 11
33 12
34 12
33 12
34 12
35 12
35 11
36 11
35 11
35 12
35 11
34 11
33 11
34 11
35 11
35 12
36 12
36 13
37 13
36 13
36 14
37 14
36 14
36 15
36 16
36 17
37 17
37 16
36 16
35 16
35 15
35 14
35 15
35 16
35 15
35 14
35 13
35 12
35 11
35 10
35 11
34 11
33 11
34 11
35 11
36 11
36 10
36 9
35 9
35 10
36 10
36 11
37 11
37 10
38 10
38 9
38 10
38 9
39 9
40 9
41 9
41 10
40 10
40 9
40 8
39 8
39 9
39 10
39 9
38 9
37 9
37 10
38 10
39 10
38 10
38 11
37 11
37 10
37 9
37 10
37 11
38 11
39 11
40 11
41 11
41 10
42 10
42 9
41 9
40 9
39 9
39 10
39 11
40 11
40 12
39 12
40 12
40 13
41 13
42 13
42 14
42 13
43 13
43 14
43 15
43 14
42 14
43 14
43 13
44 13
43 13
43 12
43 13
44 13
45 13
46 13
45 13
45 12
44 12
44 13
45 13
45 14
46 14
47 14
46 14
45 14
46 14
46 15
45 15
46 15
46 16
46 15
45 15
45 16
44 16
45 16
44 16
45 16
45 17
45 18
46 18
47 18
47 19
48 19
47 19
46 19
45 19
45 20
45 21
44 21
44 20
44 21
44 22
43 22
43 21
43 22
44 22
44 23
44 22
45 22
44 22
45 22
44 22
45 22
45 21
45 22
45 23
45 22
45 21
46 21
46 20
47 20
46 20
47 20
46 20
46 21
46 20
46 19
46 18
47 18
47 19
46 19
45 19
46 19
46 18
45 18
45 17
45 16
46 16
46 17
46 18
47 18
48 18
48 17
48 16
47 16
47 15
48 15
48 14
47 14
47 15
48 15
47 15
47 14
48 14
48 13
47 13
47 14
48 14
48 15
47 15
48 15
47 15
47 14
47 13
48 13
49 13
50 13
49 13
49 12
50 12
50 13
51 13
51 12
52 12
53 12
54 12
54 13
54 12
55 12
55 11
55 12
54 12
55 12
55 13
54 13
53 13
53 12
53 13
53 12
54 12
55 12
54 12
54 13
54 12
53 12
53 11
52 11
53 11
52 11
52 10
53 10
52 10
51 10
51 9
51 10
51 11
51 12
51 13
51 14
51 15
52 15
51 15
51 14
51 15
52 15
51 15
52 15
52 16
53 16
53 15
53 16
53 17
53 18
53 19
53 18
53 19
53 18
54 18
53 18
54 18
54 19
54 20
55 20
55 19
56 19
56 18
57 18
57 19
57 20
56 20
56 21
56 20
57 20
56 20
56 19
57 19
57 20
56 20
56 19
56 20
56 21
56 20
57 20
58 20
57 20
57 21
58 21
58 20
59 20
58 20
59 20
58 20
59 20
59 19
60 19
59 19
58 19
57 19
57 20
57 19
57 18
58 18
58 17
58 18
58 17
59 17
58 17
58 16
59 16
58 16
58 17
57 17
56 17
55 17
55 18
55 19
56 19
55 19
55 18
55 19
56 19
55 19
54 19
55 19
54 19
54 18
53 18
53 17
54 17
54 18
55 18
55 17
54 17
53 17
52 17
53 17
53 18
54 18
55 18
55 17
54 17
54 18
54 19
55 19
55 20
54 20
55 20
56 20
56 19
55 19
55 20
54 20
54 19
54 18
53 18
54 18
55 18
55 17
55 18
55 17
55 18
55 19
56 19
56 20
57 20
58 20
58 21
59 21
60 21
60 20
60 19
60 18
60 19
60 18
59 18
58 18
58 19
58 18
58 19
59 19
59 18
59 19
60 19
60 18
61 18
61 19
61 20
62 20
62 19
62 20
61 20
62 20
62 19
62 20
62 21
62 20
63 20
63 21
63 22
62 22
61 22
62 22
61 22
61 21
61 22
62 22
63 22
63 23
63 24
63 25
64 25
65 25
66 25
67 25
68 25
68 24
69 24
70 24
70 23
70 22
69 22
69 21
70 21
71 21
71 20
71 21
71 22
70 22
70 23
71 23
71 24
70 24
70 25
71 25
71 26
71 25
71 26
70 26
71 26
71 27
72 27
72 26
72 25
71 25
71 26
71 25
70 25
69 25
69 26
70 26
71 26
70 26
71 26
72 26
72 25
72 26
72 25
73 25
74 25
74 26
74 25
74 24
73 24
73 25
74 25
73 25
73 24
72 24
71 24
70 24
69 24
68 24
68 25
68 26
67 26
67 27
67 28
68 28
69 28
70 28
69 28
69 27
69 26
69 25
69 26
70 26
71 26
71 27
72 27
72 26
73 26
74 26
73 26
73 27
73 28
73 27
73 28
73 29
73 30
73 31
73 30
73 31
74 31
75 31
76 31
76 30
77 30
77 29
77 30
77 29
78 29
77 29
76 29
76 30
76 31
77 31
78 31
77 31
77 30
77 29
76 29
75 29
74 29
74 30
74 31
74 30
74 31
75 31
74 31
74 32
74 33
75 33
75 34
75 35
75 34
74 34
74 35
73 35
73 34
74 34
74 33
74 32
74 33
73 33
72 33
71 33
70 33
70 34
70 33
70 34
69 34
69 33
69 32
68 32
67 32
67 31
67 32
66 32
67 32
66 32
67 32
67 31
67 32
67 31
68 31
68 32
69 32
70 32
70 31
70 32
71 32
71 31
72 31
71 31
70 31
71 31
72 31
72 32
73 32
73 31
74 31
75 31
75 32
74 32
75 32
75 31
74 31
73 31
72 31
73 31
73 30
73 29
74 29
75 29
76 29
76 30
76 29
76 30
77 30
77 31
76 31
76 30
76 29
77 29
77 28
77 27
76 27
76 26
76 27
76 28
76 27
77 27
76 27
77 27
77 28
76 28
77 28
76 28
77 28
77 29
77 30
78 30
78 29
78 30
79 30
80 30
81 30
81 31
80 31
79 31
80 31
80 32
80 31
80 32
80 33
80 32
80 31
80 32
79 32
79 33
79 34
78 34
78 33
77 33
78 33
78 32
79 32
80 32
80 31
80 32
80 33
81 33
82 33
82 32
81 32
82 32
82 31
83 31
82 31
82 30
82 31
83 31
83 32
83 33
83 32
83 33
83 34
84 34
84 35
84 34
85 34
