0 0
1 0
1 1
2 1
2 2
1 2
0 2
1 2
1 1
1 2
2 2
1 2
2 2
1 2
0 2
1 2
1 1
1 2
2 2
2 1
2 0
3 0
2 0
2 1
2 2
2 3
2 4
2 3
2 2
1 2
1 1
0 1
1 1
0 1
0 0
1 0
1 1
1 0
2 0
2 1
1 1
2 1
2 2
1 2
0 2
0 3
1 3
2 3
3 3
2 3
2 2
2 1
3 1
3 2
3 3
3 4
3 3
3 4
3 5
3 4
2 4
2 3
1 3
2 3
2 2
2 1
2 0
2 1
2 2
3 2
4 2
3 2
2 2
2 1
2 0
2 1
1 1
0 1
1 1
2 1
2 0
2 1
2 2
2 3
2 2
3 2
2 2
3 2
3 1
3 2
3 3
4 3
5 3
5 2
4 2
5 2
5 1
5 2
6 2
5 2
5 3
5 2
4 2
3 2
3 3
3 2
3 3
3 4
2 4
2 5
2 4
2 5
2 6
2 5
2 4
2 5
1 5
0 5
1 5
0 5
0 6
1 6
1 5
0 5
0 4
0 3
0 2
0 1
0 2
1 2
1 3
0 3
1 3
1 2
0 2
0 1
1 1
0 1
1 1
2 1
2 0
2 1
2 2
3 2
2 2
1 2
0 2
0 3
1 3
1 4
1 5
2 5
1 5
1 4
2 4
3 4
2 4
3 4
3 5
3 6
3 7
3 8
4 8
3 8
3 7
4 7
4 8
3 8
4 8
4 7
4 8
5 8
6 8
6 7
6 6
6 7
6 8
7 8
7 9
8 9
9 9
9 10
9 11
8 11
8 12
9 12
8 12
9 12
10 12
9 12
9 13
9 14
10 14
11 14
11 15
12 15
11 15
11 16
11 17
11 18
11 17
11 16
11 17
10 17
9 17
9 16
10 16
9 16
8 16
8 15
8 14
9 14
9 13
9 12
9 11
8 11
7 11
7 10
8 10
7 10
7 9
7 8
7 7
8 7
8 6
8 7
7 7
7 8
7 7
7 8
7 9
7 10
8 10
8 11
8 10
9 10
8 10
9 10
10 10
10 9
11 9
12 9
13 9
13 8
12 8
12 7
13 7
14 7
14 8
15 8
15 9
16 9
16 10
16 11
16 10
16 9
17 9
17 10
16 10
15 10
15 11
16 11
16 12
17 12
17 11
18 11
19 11
19 10
19 11
19 12
20 12
21 12
22 12
22 11
22 12
21 12
20 12
21 12
22 12
21 12
21 13
21 12
21 13
21 14
22 14
23 14
23 13
22 13
22 14
22 15
23 15
24 15
24 14
23 14
23 15
23 14
23 15
23 16
23 17
24 17
23 17
24 17
25 17
25 16
25 17
25 18
26 18
26 17
25 17
24 17
24 18
25 18
25 17
26 17
26 16
27 16
26 16
26 15
26 14
27 14
28 14
29 14
28 14
29 14
29 13
30 13
31 13
31 14
31 13
32 13
32 14
32 15
32 14
33 14
34 14
33 14
32 14
31 14
30 14
31 14
32 14
33 14
32 14
31 14
32 14
32 13
33 13
33 14
34 14
34 13
35 13
36 13
36 12
36 11
36 12
37 12
36 12
36 13
35 13
35 12
35 11
36 11
35 11
34 11
34 10
33 10
33 11
33 12
33 13
33 14
33 13
33 12
33 11
34 11
34 10
35 10
35 9
35 8
35 7
35 6
34 6
33 6
34 6
33 6
33 5
32 5
32 4
31 4
32 4
32 5
32 6
31 6
30 6
30 5
30 6
30 5
31 5
30 5
30 6
30 5
29 5
30 5
29 5
29 6
29 7
30 7
30 8
30 7
29 7
30 7
31 7
31 6
32 6
31 6
32 6
32 5
32 6
32 5
33 5
33 6
32 6
33 6
33 7
33 6
33 5
34 5
34 6
33 6
33 7
32 7
32 8
32 7
31 7
30 7
30 6
31 6
31 5
30 5
30 4
31 4
30 4
29 4
28 4
27 4
27 5
27 4
27 3
28 3
27 3
27 4
27 3
27 4
26 4
27 4
27 5
27 6
27 5
27 4
28 4
28 5
28 4
28 3
28 2
27 2
28 2
28 3
28 2
29 2
29 1
28 1
28 0
28 1
28 0
28 1
29 1
30 1
29 1
30 1
30 0
29 0
29 1
28 1
28 0
29 0
30 0
30 1
30 0
30 1
31 1
32 1
32 2
32 1
33 1
32 1
32 0
31 0
31 1
31 0
31 1
31 2
31 3
30 3
30 4
31 4
31 3
32 3
32 2
31 2
32 2
31 2
32 2
32 1
32 2
32 1
33 1
33 0
33 1
34 1
34 0
35 0
34 0
35 0
36 0
36 1
36 0
35 0
35 1
36 1
35 1
35 0
36 0
35 0
34 0
35 0
34 0
34 1
34 2
33 2
34 2
33 2
33 3
33 2
32 2
33 2
33 3
33 4
34 4
33 4
34 4
33 4
32 4
32 3
32 4
32 5
31 5
31 6
31 5
32 5
33 5
33 6
33 7
34 7
35 7
35 6
35 5
35 6
36 6
36 7
36 6
35 6
36 6
35 6
36 6
36 7
36 8
35 8
34 8
33 8
32 8
32 9
32 10
32 11
32 12
32 13
32 12
32 13
31 13
31 12
30 12
29 12
30 12
30 11
30 12
29 12
28 12
28 11
28 10
27 10
27 9
28 9
27 9
27 8
26 8
27 8
28 8
29 8
29 7
28 7
27 7
27 6
26 6
27 6
27 5
27 6
26 6
26 5
26 6
25 6
25 7
24 7
24 6
24 5
25 5
25 6
25 5
26 5
26 4
27 4
28 4
28 3
27 3
28 3
27 3
27 2
26 2
26 3
26 4
26 3
26 4
25 4
26 4
26 3
25 3
26 3
27 3
26 3
27 3
27 4
28 4
28 3
28 2
29 2
29 1
29 2
29 3
29 4
29 3
29 4
30 4
29 4
30 4
29 4
29 3
29 2
29 3
30 3
30 2
30 1
30 0
30 1
30 2
29 2
29 1
28 1
28 0
28 1
28 0
28 1
28 2
28 3
28 4
28 3
28 4
29 4
30 4
30 3
31 3
32 3
32 4
32 5
32 6
33 6
34 6
34 5
33 5
33 4
33 3
32 3
33 3
33 4
32 4
31 4
32 4
32 3
32 4
32 5
31 5
32 5
31 5
32 5
32 4
32 5
32 4
31 4
30 4
31 4
30 4
31 4
31 3
31 4
31 5
30 5
29 5
28 5
29 5
29 4
29 5
29 6
29 7
29 6
29 5
29 6
28 6
28 7
28 8
27 8
26 8
26 7
25 7
25 6
26 6
27 6
27 5
27 6
26 6
26 5
27 5
28 5
28 6
28 7
28 8
28 7
29 7
30 7
30 6
31 6
31 7
32 7
33 7
34 7
34 6
34 7
33 7
32 7
31 7
31 8
31 7
30 7
31 7
31 6
31 5
30 5
30 6
31 6
31 5
31 6
31 7
31 6
31 7
31 6
31 7
30 7
30 8
29 8
29 9
29 8
28 8
28 9
29 9
28 9
29 9
29 8
29 9
28 9
28 10
28 9
28 8
28 9
29 9
30 9
29 9
28 9
29 9
28 9
28 8
27 8
27 9
28 9
27 9
27 8
28 8
27 8
27 7
27 6
26 6
25 6
25 5
25 4
25 3
24 3
23 3
23 2
23 3
22 3
22 2
22 3
23 3
23 2
22 2
21 2
21 3
21 4
22 4
21 4
21 3
21 4
20 4
20 5
20 6
20 5
19 5
20 5
19 5
18 5
18 4
17 4
18 4
18 3
19 3
19 4
20 4
19 4
18 4
17 4
16 4
15 4
15 3
16 3
17 3
18 3
18 2
17 2
18 2
18 3
18 2
17 2
17 3
18 3
18 2
19 2
19 1
19 0
18 0
17 0
17 1
17 2
18 2
18 1
18 0
18 1
19 1
19 2
18 2
18 3
19 3
20 3
20 4
20 5
19 5
20 5
20 4
19 4
18 4
18 3
18 4
17 4
17 3
16 3
16 2
17 2
16 2
17 2
17 3
17 4
18 4
17 4
18 4
19 4
19 3
19 4
19 5
19 6
20 6
20 5
20 6
19 6
19 7
20 7
21 7
21 6
21 7
21 8
21 9
22 9
22 10
21 10
21 11
21 10
21 9
21 10
21 9
22 9
23 9
22 9
22 8
21 8
22 8
23 8
23 7
23 6
24 6
24 5
23 5
23 4
22 4
22 5
22 4
21 4
21 3
22 3
21 3
22 3
22 2
22 3
22 4
21 4
20 4
21 4
22 4
22 5
22 4
23 4
22 4
21 4
22 4
21 4
21 5
21 6
21 7
22 7
23 7
23 8
24 8
24 9
25 9
24 9
24 10
24 9
24 8
23 8
24 8
25 8
24 8
25 8
25 7
26 7
26 8
25 8
24 8
24 7
23 7
24 7
23 7
24 7
24 6
23 6
22 6
22 5
22 4
22 3
