0 0
1 0
2 0
2 1
3 1
3 0
3 1
4 1
5 1
6 1
7 1
8 1
7 1
6 1
5 1
6 1
7 1
7 2
7 3
8 3
8 2
7 2
8 2
7 2
7 3
7 2
6 2
6 1
6 0
6 1
6 0
7 0
7 1
7 2
8 2
7 2
7 3
7 2
6 2
5 2
4 2
3 2
3 3
4 3
4 2
3 2
3 3
3 4
2 4
2 3
2 2
2 3
3 3
3 2
2 2
2 1
2 2
2 1
1 1
0 1
1 1
0 1
1 1
0 1
0 0
0 1
0 2
0 3
1 3
1 4
0 4
1 4
2 4
2 3
1 3
2 3
2 4
2 5
2 6
2 5
1 5
2 5
2 4
2 5
1 5
1 6
1 7
2 7
2 6
2 5
2 4
2 3
3 3
4 3
3 3
2 3
1 3
0 3
1 3
1 2
0 2
1 2
1 3
0 3
0 2
1 2
2 2
3 2
4 2
5 2
4 2
4 3
3 3
2 3
3 3
2 3
3 3
3 2
3 3
4 3
4 4
3 4
4 4
4 5
4 6
5 6
6 6
6 7
6 6
7 6
7 7
6 7
6 6
7 6
7 5
8 5
9 5
9 4
9 3
9 4
8 4
8 3
8 2
9 2
9 1
9 2
8 2
8 3
9 3
9 4
8 4
7 4
7 3
8 3
8 4
7 4
6 4
6 3
6 4
5 4
6 4
7 4
7 5
7 6
6 6
6 7
6 6
7 6
7 5
7 6
8 6
7 6
7 5
8 5
7 5
7 6
6 6
7 6
8 6
8 7
7 7
7 8
7 7
6 7
6 6
5 6
5 5
5 6
4 6
4 7
5 7
5 8
6 8
5 8
5 9
4 9
4 10
4 11
4 12
4 11
4 10
4 9
4 10
4 11
5 11
5 12
5 13
5 14
6 14
7 14
7 13
6 13
7 13
7 14
6 14
6 15
7 15
7 16
7 17
8 17
7 17
6 17
6 18
7 18
8 18
8 17
7 17
6 17
6 18
5 18
5 17
4 17
4 18
5 18
5 17
5 18
5 17
6 17
7 17
7 18
7 17
8 17
9 17
9 18
9 19
10 19
9 19
9 18
9 17
10 17
11 17
10 17
10 16
11 16
11 15
11 16
10 16
10 15
10 16
10 15
10 14
10 13
10 12
10 13
11 13
11 12
12 12
12 11
12 12
12 11
13 11
13 10
14 10
14 11
15 11
15 12
15 13
14 13
14 14
14 15
14 14
14 15
14 16
13 16
13 17
14 17
14 18
14 19
15 19
16 19
15 19
16 19
15 19
15 20
15 21
15 22
16 22
16 21
16 22
16 23
16 22
16 23
17 23
17 22
17 23
16 23
16 24
16 25
16 24
16 25
16 26
17 26
18 26
18 27
19 27
20 27
21 27
21 28
22 28
21 28
22 28
21 28
21 29
21 28
20 28
19 28
19 27
19 26
19 25
19 26
19 27
18 27
17 27
16 27
16 26
17 26
18 26
17 26
18 26
18 25
19 25
19 26
18 26
17 26
17 25
16 25
15 25
16 25
16 26
17 26
17 25
16 25
15 25
15 24
14 24
14 23
13 23
12 23
12 24
12 23
12 24
12 25
11 25
11 26
12 26
12 27
12 28
11 28
10 28
10 27
11 27
11 26
11 25
12 25
11 25
12 25
11 25
12 25
12 24
12 23
12 22
11 22
10 22
9 22
9 21
8 21
8 20
9 20
10 20
10 21
10 20
11 20
12 20
12 21
13 21
14 21
14 22
14 23
13 23
14 23
14 24
14 25
15 25
16 25
15 25
14 25
14 24
14 23
14 24
13 24
14 24
14 23
14 22
15 22
14 22
14 23
15 23
15 24
15 25
15 24
15 23
15 22
15 21
16 21
15 21
15 20
16 20
16 21
17 21
16 21
15 21
15 20
16 20
15 20
16 20
16 19
16 20
16 21
16 22
16 23
16 22
16 21
16 22
17 22
17 23
18 23
18 24
18 23
18 22
17 22
18 22
17 22
16 22
16 23
17 23
16 23
16 24
16 23
16 22
17 22
18 22
19 22
19 23
19 24
19 23
19 22
20 22
20 23
21 23
21 22
20 22
21 22
20 22
21 22
21 23
21 24
21 23
21 22
22 22
22 23
22 22
22 23
22 22
22 21
22 22
21 22
22 22
22 23
21 23
21 22
21 21
20 21
19 21
19 20
19 21
19 22
19 23
20 23
21 23
21 22
21 23
21 22
21 23
21 24
21 23
21 22
21 23
20 23
19 23
20 23
21 23
21 24
21 23
22 23
23 23
23 22
24 22
23 22
23 21
24 21
24 22
25 22
25 23
25 22
26 22
27 22
28 22
28 23
28 24
29 24
29 25
30 25
30 26
30 25
29 25
28 25
29 25
28 25
29 25
29 24
29 25
29 24
30 24
30 25
30 26
31 26
30 26
31 26
30 26
30 27
30 26
30 25
30 26
29 26
29 25
29 24
30 24
31 24
30 24
30 23
29 23
29 24
28 24
27 24
27 23
26 23
26 22
27 22
27 23
27 22
26 22
26 21
25 21
26 21
26 22
26 21
25 21
26 21
26 22
26 21
27 21
26 21
26 20
27 20
26 20
27 20
27 21
28 21
28 22
27 22
26 22
26 21
27 21
27 20
26 20
25 20
25 19
25 18
24 18
25 18
25 19
25 18
25 17
25 16
26 16
26 17
26 16
26 15
27 15
28 15
27 15
27 14
28 14
29 14
30 14
29 14
28 14
28 13
27 13
27 14
27 13
27 12
26 12
27 12
27 13
27 12
27 11
27 10
27 11
28 11
27 11
28 11
27 11
27 12
27 13
27 14
27 15
27 14
27 15
28 15
28 16
28 17
27 17
27 18
26 18
27 18
26 18
26 17
25 17
26 17
25 17
26 17
26 16
25 16
25 15
25 16
25 15
25 16
24 16
24 17
24 16
24 17
23 17
23 16
24 16
24 15
23 15
22 15
23 15
22 15
22 14
21 14
20 14
19 14
18 14
17 14
17 15
17 14
17 13
17 14
16 14
16 13
16 14
17 14
16 14
16 13
15 13
16 13
17 13
17 12
18 12
17 12
17 11
18 11
19 11
18 11
17 11
17 12
17 13
17 12
16 12
16 13
16 14
16 13
15 13
16 13
17 13
16 13
16 14
17 14
17 15
16 15
16 14
16 15
16 14
16 15
16 14
17 14
17 15
17 16
17 17
16 17
17 17
18 17
18 18
17 18
17 19
16 19
16 20
15 20
16 20
16 21
15 21
14 21
13 21
14 21
14 20
14 19
14 18
15 18
16 18
17 18
18 18
19 18
18 18
18 19
18 20
18 19
18 20
19 20
18 20
19 20
19 21
19 20
20 20
20 19
20 18
19 18
19 17
19 18
19 17
19 18
19 17
19 16
19 15
20 15
20 16
21 16
21 17
21 18
21 17
21 16
21 15
21 16
21 15
21 16
22 16
22 15
22 16
22 15
22 16
23 16
23 15
24 15
24 16
24 15
25 15
24 15
24 14
23 14
22 14
23 14
24 14
24 13
23 13
22 13
22 12
22 11
23 11
23 10
22 10
23 10
23 11
24 11
24 12
25 12
25 13
25 12
26 12
25 12
26 12
27 12
27 11
28 11
28 12
28 13
28 14
29 14
28 14
28 15
27 15
26 15
25 15
25 16
25 17
26 17
26 18
26 19
25 19
24 19
23 19
23 20
23 19
24 19
24 20
24 19
24 18
24 19
24 18
25 18
26 18
26 17
27 17
28 17
29 17
30 17
30 18
31 18
31 19
32 19
33 19
33 20
33 19
33 20
32 20
32 19
33 19
33 18
33 19
33 20
33 21
33 22
33 21
33 22
32 22
32 23
32 22
32 23
33 23
34 23
35 23
34 23
33 23
32 23
32 24
32 25
32 24
33 24
32 24
31 24
31 23
32 23
33 23
34 23
34 22
34 23
34 24
34 23
34 24
35 24
35 25
35 26
34 26
34 27
35 27
35 26
35 25
35 24
34 24
33 24
33 25
34 25
34 24
34 25
33 25
33 26
33 27
33 26
33 25
34 25
34 26
33 26
33 27
34 27
34 26
33 26
33 25
33 26
32 26
32 27
33 27
33 26
33 27
32 27
32 26
31 26
31 25
32 25
33 25
33 26
33 27
34 27
35 27
34 27
34 26
34 27
34 26
33 26
32 26
32 27
32 26
33 26
33 25
33 26
33 25
33 26
34 26
35 26
35 25
35 24
36 24
36 23
37 23
37 22
37 21
37 22
36 22
36 23
36 24
36 25
35 25
36 25
37 25
36 25
35 25
36 25
35 25
35 26
36 26
35 26
35 27
34 27
34 28
34 27
35 27
36 27
36 26
36 27
36 26
36 27
35 27
36 27
37 27
38 27
38 28
38 27
38 26
38 27
37 27
38 27
39 27
40 27
40 28
41 28
41 27
41 28
41 29
41 28
41 27
42 27
