0 0
0 1
0 2
1 2
1 1
2 1
2 0
1 0
1 1
1 2
1 3
0 3
1 3
1 4
1 5
1 6
1 7
2 7
3 7
3 6
2 6
2 7
2 8
2 7
1 7
2 7
1 7
2 7
3 7
4 7
4 6
4 5
5 5
5 4
5 3
4 3
5 3
5 4
6 4
6 5
6 4
7 4
8 4
8 5
8 6
9 6
9 7
9 6
9 7
9 6
9 7
8 7
8 6
7 6
8 6
8 5
9 5
10 5
10 4
9 4
9 5
8 5
9 5
10 5
11 5
10 5
10 6
10 7
10 6
9 6
8 6
8 5
9 5
9 6
10 6
10 5
9 5
10 5
10 6
10 7
9 7
9 6
9 5
10 5
11 5
12 5
11 5
10 5
10 6
9 6
10 6
10 7
9 7
10 7
10 8
10 9
9 9
9 8
9 7
10 7
10 8
10 7
9 7
9 6
9 5
9 6
9 5
9 6
9 7
10 7
10 6
9 6
10 6
10 5
9 5
9 6
10 6
11 6
10 6
11 6
11 5
10 5
9 5
9 6
10 6
10 7
9 7
8 7
7 7
7 8
6 8
6 9
6 8
6 7
6 8
5 8
6 8
6 9
6 10
7 10
6 10
7 10
6 10
5 10
5 11
6 11
7 11
8 11
8 12
8 11
9 11
9 10
9 9
9 8
8 8
8 9
9 9
10 9
9 9
9 10
9 11
9 10
9 9
8 9
8 10
8 9
8 8
7 8
8 8
8 7
8 6
8 7
9 7
9 8
8 8
8 7
8 8
8 7
8 6
7 6
8 6
7 6
7 7
7 6
8 6
8 7
7 7
7 6
6 6
7 6
6 6
6 5
6 6
6 7
5 7
5 8
6 8
6 9
6 10
6 9
6 10
7 10
7 11
8 11
7 11
7 10
6 10
7 10
8 10
8 9
8 8
8 9
7 9
7 8
6 8
7 8
7 9
6 9
6 8
6 9
7 9
6 9
7 9
7 10
7 11
7 10
7 9
8 9
9 9
10 9
10 8
9 8
9 7
10 7
9 7
9 8
9 9
9 10
8 10
8 11
9 11
9 12
9 11
9 10
9 9
9 10
8 10
8 11
9 11
8 11
8 12
7 12
7 11
7 12
7 13
7 12
6 12
5 12
4 12
4 11
3 11
3 10
3 9
2 9
1 9
2 9
1 9
1 8
1 9
1 10
1 9
2 9
2 10
1 10
1 9
2 9
3 9
3 10
3 9
2 9
2 8
1 8
1 9
0 9
1 9
1 8
1 7
1 6
2 6
2 5
3 5
4 5
3 5
4 5
4 4
5 4
6 4
6 5
6 6
6 7
6 6
6 5
6 6
7 6
7 5
7 4
8 4
9 4
8 4
9 4
9 3
9 2
9 3
8 3
7 3
6 3
6 2
6 3
6 4
5 4
6 4
6 5
6 4
6 5
5 5
6 5
7 5
7 6
8 6
8 5
7 5
7 6
8 6
9 6
9 5
9 4
9 3
8 3
9 3
10 3
10 4
11 4
12 4
13 4
12 4
12 3
12 4
12 3
11 3
11 4
11 3
11 4
11 5
10 5
10 6
10 5
10 4
9 4
9 5
8 5
8 6
9 6
10 6
11 6
11 5
11 6
11 5
11 6
10 6
11 6
11 7
10 7
11 7
10 7
10 6
10 5
10 4
10 3
11 3
12 3
11 3
10 3
9 3
8 3
8 4
9 4
8 4
7 4
6 4
5 4
5 3
4 3
4 4
3 4
4 4
5 4
5 3
6 3
6 2
5 2
5 3
5 2
4 2
4 3
4 4
5 4
6 4
5 4
4 4
5 4
5 5
5 4
5 5
5 6
5 7
4 7
4 8
4 9
3 9
2 9
2 8
3 8
3 9
2 9
1 9
0 9
0 10
1 10
1 11
0 11
0 10
0 11
0 12
1 12
2 12
1 12
0 12
1 12
0 12
0 13
1 13
1 14
1 13
1 12
0 12
1 12
0 12
1 12
1 13
2 13
2 14
2 15
3 15
3 14
2 14
1 14
1 15
1 14
1 15
2 15
2 16
1 16
1 17
2 17
2 18
2 19
2 20
2 19
3 19
3 20
2 20
2 19
2 20
3 20
3 21
3 22
3 21
2 21
2 22
1 22
1 23
0 23
1 23
0 23
1 23
2 23
3 23
3 24
2 24
3 24
3 23
4 23
5 23
6 23
6 22
7 22
6 22
7 22
8 22
8 23
7 23
7 22
7 21
8 21
7 21
8 21
8 22
7 22
8 22
9 22
8 22
7 22
7 21
8 21
9 21
8 21
8 22
8 23
8 24
8 25
7 25
7 26
8 26
9 26
9 27
9 26
10 26
10 25
9 25
8 25
8 24
7 24
7 23
6 23
7 23
8 23
9 23
9 22
10 22
10 21
9 21
9 22
9 21
10 21
11 21
12 21
13 21
14 21
13 21
13 22
13 21
12 21
12 22
13 22
13 23
12 23
13 23
14 23
14 24
14 25
14 26
15 26
15 27
14 27
14 26
13 26
13 27
13 28
13 27
13 26
14 26
14 27
13 27
14 27
14 26
14 25
14 26
14 25
14 26
14 27
15 27
15 28
15 27
16 27
17 27
16 27
16 26
17 26
16 26
15 26
15 27
15 26
15 27
14 27
14 28
13 28
14 28
15 28
15 29
16 29
17 29
17 28
17 27
17 26
16 26
16 27
16 26
16 27
15 27
15 28
15 27
15 28
14 28
14 29
15 29
16 29
17 29
17 30
17 31
17 30
16 30
15 30
15 29
14 29
15 29
16 29
16 28
16 29
15 29
16 29
17 29
17 30
16 30
17 30
16 30
15 30
15 31
14 31
14 32
13 32
13 33
13 34
14 34
15 34
16 34
16 35
16 36
17 36
17 35
18 35
18 36
17 36
16 36
15 36
14 36
14 35
14 34
15 34
15 35
15 36
16 36
17 36
17 35
17 34
16 34
16 35
17 35
17 34
17 35
18 35
18 36
17 36
17 35
17 36
18 36
19 36
20 36
20 37
20 38
21 38
21 39
22 39
22 38
23 38
24 38
23 38
22 38
22 39
22 38
23 38
22 38
22 37
23 37
24 37
24 36
24 37
25 37
25 36
24 36
25 36
24 36
23 36
23 35
24 35
23 35
22 35
23 35
24 35
23 35
24 35
24 34
25 34
24 34
24 33
24 32
25 32
26 32
26 33
26 32
27 32
28 32
29 32
30 32
31 32
31 33
30 33
30 32
30 31
30 30
30 31
30 30
30 29
31 29
31 30
30 30
31 30
30 30
29 30
28 30
29 30
28 30
29 30
29 29
30 29
30 28
30 27
29 27
29 26
30 26
30 25
29 25
29 26
28 26
28 27
28 28
29 28
29 27
30 27
30 26
30 25
30 24
30 23
30 22
30 21
30 22
30 21
31 21
31 22
31 23
31 24
30 24
30 25
30 24
30 25
31 25
32 25
31 25
31 26
31 25
30 25
30 26
31 26
32 26
32 27
33 27
33 26
32 26
33 26
32 26
32 25
33 25
33 26
33 27
33 26
33 27
32 27
33 27
32 27
32 26
31 26
31 27
31 26
32 26
31 26
32 26
32 27
31 27
31 26
31 27
31 26
31 25
31 26
30 26
31 26
31 27
31 28
32 28
33 28
33 27
33 28
34 28
34 27
35 27
35 28
35 29
36 29
35 29
34 29
34 30
34 29
34 30
34 29
35 29
35 30
36 30
36 29
37 29
37 28
36 28
36 29
36 30
36 31
36 32
36 31
35 31
35 32
35 31
36 31
37 31
38 31
38 32
39 32
38 32
37 32
38 32
37 32
36 32
37 32
38 32
38 31
38 32
39 32
40 32
39 32
38 32
37 32
36 32
36 33
36 34
35 34
36 34
36 33
36 34
37 34
38 34
38 35
37 35
37 36
37 37
37 38
37 39
37 38
36 38
36 39
37 39
37 40
37 39
36 39
36 40
35 40
34 40
34 41
33 41
33 40
32 40
31 40
31 41
30 41
31 41
30 41
29 41
29 42
29 41
29 40
29 41
29 40
30 40
31 40
30 40
30 39
29 39
30 39
31 39
31 38
30 38
30 39
30 38
30 39
30 38
31 38
30 38
31 38
31 37
30 37
30 38
30 37
31 37
30 37
30 36
29 36
29 35
29 36
29 37
29 38
29 37
29 38
28 38
28 37
27 37
27 36
27 35
26 35
27 35
28 35
28 36
29 36
29 37
29 36
30 36
31 36
31 35
31 36
32 36
32 37
31 37
30 37
31 37
31 38
31 37
30 37
30 38
30 37
31 37
31 38
32 38
33 38
32 38
33 38
34 38
35 38
35 39
34 39
34 38
34 39
33 39
33 38
33 39
33 40
32 40
32 41
32 40
32 41
32 42
32 41
31 41
32 41
32 40
32 39
31 39
32 39
33 39
33 38
32 38
32 39
33 39
33 40
33 41
33 40
34 40
34 39
