0 0
0 1
1 1
0 1
0 2
0 1
1 1
2 1
2 0
2 1
3 1
3 2
3 3
2 3
1 3
0 3
0 2
1 2
1 3
1 2
0 2
1 2
1 1
1 2
1 3
1 4
2 4
2 3
1 3
2 3
1 3
0 3
0 4
0 3
0 4
1 4
2 4
2 3
3 3
3 2
3 1
3 0
3 1
3 2
3 3
3 4
3 3
2 3
1 3
1 2
2 2
3 2
2 2
3 2
2 2
2 1
1 1
1 0
0 0
1 0
2 0
3 0
3 1
2 1
2 0
1 0
1 1
1 2
1 3
0 3
0 4
0 5
0 6
0 7
1 7
0 7
0 8
0 7
0 8
0 9
0 10
1 10
0 10
0 11
0 10
1 10
2 10
2 9
3 9
3 8
3 9
2 9
2 8
2 9
1 9
0 9
0 8
0 9
1 9
1 10
2 10
2 11
2 12
2 11
2 10
3 10
2 10
2 11
2 12
2 11
2 10
1 10
1 9
1 8
1 9
1 10
0 10
0 11
0 12
1 12
1 13
0 13
1 13
1 12
1 11
1 10
1 9
1 10
2 10
1 10
2 10
3 10
4 10
4 11
4 12
5 12
5 13
6 13
6 12
7 12
6 12
6 13
5 13
5 12
5 13
6 13
6 14
6 13
6 14
6 13
7 13
8 13
9 13
9 14
9 13
9 14
8 14
7 14
7 15
7 16
7 17
6 17
6 16
7 16
8 16
7 16
8 16
8 17
7 17
7 18
6 18
5 18
4 18
3 18
2 18
2 19
2 20
1 20
1 19
1 20
2 20
2 21
2 20
2 19
2 18
3 18
4 18
3 18
4 18
4 17
3 17
3 18
4 18
3 18
3 19
3 20
4 20
5 20
5 21
4 21
4 22
5 22
5 21
5 22
5 21
5 22
5 23
6 23
6 24
7 24
7 25
8 25
9 25
9 24
8 24
9 24
10 24
10 25
10 26
11 26
12 26
12 27
13 27
14 27
15 27
15 26
16 26
17 26
16 26
17 26
18 26
19 26
20 26
21 26
22 26
22 25
22 24
21 24
21 25
21 24
21 23
22 23
21 23
22 23
22 22
23 22
23 21
22 21
22 20
22 21
21 21
21 20
21 19
22 19
22 20
21 20
20 20
21 20
20 20
20 19
21 19
22 19
22 20
21 20
22 20
22 19
23 19
23 18
24 18
24 17
23 17
23 16
22 16
22 15
23 15
24 15
24 14
24 13
23 13
24 13
24 12
25 12
25 13
26 13
27 13
26 13
26 12
25 12
24 12
23 12
22 12
22 13
21 13
20 13
20 14
20 13
19 13
19 14
19 15
18 15
18 14
17 14
17 13
17 14
17 15
17 14
17 15
17 16
18 16
18 15
18 14
17 14
16 14
16 13
15 13
15 14
15 13
14 13
14 14
15 14
15 13
16 13
17 13
17 14
17 15
17 16
17 17
16 17
16 16
16 17
17 17
16 17
17 17
17 16
17 15
16 15
15 15
14 15
14 16
14 15
15 15
15 16
14 16
15 16
15 17
14 17
13 17
14 17
14 18
13 18
13 19
14 19
14 20
15 20
16 20
17 20
18 20
17 20
17 21
18 21
18 22
18 23
17 23
17 24
17 25
18 25
19 25
18 25
18 26
18 25
18 24
17 24
17 25
16 25
16 24
16 23
15 23
15 22
15 23
14 23
14 22
14 23
14 24
14 23
14 22
14 21
14 22
14 21
14 22
15 22
15 23
15 22
16 22
16 21
16 22
15 22
14 22
13 22
13 21
14 21
14 22
14 23
15 23
15 22
16 22
15 22
15 23
15 24
15 23
15 24
15 23
15 24
15 23
14 23
14 24
13 24
14 24
14 23
14 24
13 24
13 23
12 23
12 22
12 21
13 21
13 20
13 21
12 21
13 21
14 21
13 21
14 21
14 22
14 21
14 20
14 19
15 19
15 20
16 20
17 20
18 20
19 20
18 20
17 20
17 21
18 21
18 20
18 21
18 22
17 22
17 21
18 21
18 20
18 21
19 21
19 22
18 22
18 23
18 22
18 21
18 22
18 21
18 20
17 20
17 21
18 21
18 20
17 20
18 20
17 20
18 20
18 19
18 18
18 19
19 19
20 19
19 19
18 19
19 19
19 20
18 20
17 20
17 21
16 21
17 21
16 21
17 21
17 20
16 20
16 19
17 19
16 19
16 20
16 19
16 18
16 17
17 17
16 17
17 17
17 16
17 17
17 18
17 19
17 20
17 19
16 19
15 19
16 19
16 18
15 18
14 18
14 19
13 19
13 18
13 19
13 20
12 20
13 20
13 21
14 21
14 22
15 22
14 22
13 22
12 22
12 21
12 20
12 21
11 21
12 21
12 20
11 20
11 19
11 20
12 20
12 19
12 20
12 21
11 21
11 20
11 19
10 19
10 20
9 20
9 21
8 21
8 22
7 22
7 23
7 24
7 25
7 26
7 25
8 25
8 24
8 25
8 26
8 27
8 28
8 29
8 28
9 28
9 29
8 29
7 29
6 29
7 29
8 29
8 28
7 28
7 29
7 30
6 30
6 29
6 30
6 29
6 30
6 31
5 31
5 30
5 31
6 31
5 31
4 31
3 31
3 32
3 33
2 33
2 34
3 34
2 34
3 34
3 35
3 34
3 33
4 33
3 33
2 33
2 32
2 31
2 30
3 30
3 29
4 29
5 29
6 29
6 30
6 31
6 32
5 32
6 32
5 32
4 32
3 32
3 31
3 32
3 33
3 34
2 34
1 34
2 34
2 35
1 35
1 34
2 34
1 34
1 33
1 32
0 32
0 31
1 31
2 31
2 30
2 31
2 30
3 30
2 30
3 30
4 30
5 30
5 31
6 31
5 31
4 31
4 30
4 29
4 28
5 28
5 27
4 27
4 26
4 27
4 28
5 28
5 27
5 26
6 26
6 27
6 26
6 27
7 27
7 28
6 28
5 28
6 28
5 28
4 28
4 27
4 26
3 26
3 25
4 25
4 24
4 23
4 22
5 22
4 22
4 21
4 22
3 22
3 21
3 20
2 20
3 20
3 19
3 18
3 19
4 19
3 19
2 19
1 19
0 19
0 20
0 21
1 21
2 21
3 21
3 22
3 23
3 24
2 24
1 24
0 24
0 23
0 24
0 25
1 25
1 24
2 24
1 24
1 25
0 25
0 24
1 24
1 25
1 24
0 24
1 24
1 23
1 24
1 25
0 25
0 26
0 25
0 26
0 27
0 26
1 26
0 26
0 25
1 25
0 25
1 25
1 24
2 24
1 24
0 24
1 24
2 24
2 23
2 24
2 25
2 26
2 27
2 28
2 27
2 26
3 26
2 26
1 26
1 27
2 27
2 28
2 27
2 28
1 28
1 29
2 29
2 28
3 28
4 28
4 27
5 27
5 26
6 26
6 25
7 25
7 24
7 23
7 22
6 22
5 22
6 22
6 21
6 20
5 20
5 19
5 20
6 20
7 20
6 20
6 21
6 22
5 22
4 22
4 23
5 23
5 22
4 22
4 21
3 21
3 22
4 22
5 22
5 21
4 21
4 20
4 21
4 20
4 19
4 20
4 21
3 21
3 20
3 19
4 19
5 19
5 18
5 17
5 18
6 18
6 19
5 19
4 19
4 20
3 20
2 20
2 21
3 21
2 21
2 22
2 23
2 22
1 22
1 23
2 23
3 23
3 24
2 24
2 23
2 24
2 25
2 26
3 26
2 26
2 27
2 28
1 28
0 28
1 28
1 29
2 29
2 28
2 27
1 27
1 28
1 29
1 28
1 27
0 27
1 27
1 26
1 25
1 24
0 24
1 24
2 24
3 24
2 24
1 24
1 25
2 25
2 26
2 25
2 26
2 25
3 25
2 25
2 26
1 26
2 26
1 26
2 26
1 26
0 26
1 26
2 26
3 26
2 26
3 26
3 25
3 24
3 23
4 23
4 24
4 23
3 23
2 23
2 22
2 21
2 22
2 21
2 22
2 21
1 21
1 22
2 22
3 22
2 22
2 23
2 24
1 24
1 25
2 25
1 25
1 26
0 26
1 26
0 26
0 27
0 26
1 26
2 26
1 26
1 27
1 26
1 25
0 25
0 26
0 27
0 28
0 27
1 27
0 27
0 26
1 26
2 26
1 26
1 27
1 26
2 26
2 27
2 28
3 28
3 27
2 27
2 28
1 28
2 28
2 27
3 27
3 28
2 28
2 29
2 30
1 30
1 29
0 29
1 29
0 29
1 29
1 28
2 28
2 29
2 30
2 29
2 30
3 30
3 29
2 29
2 28
1 28
0 28
1 28
0 28
1 28
2 28
2 27
2 26
3 26
3 27
4 27
5 27
6 27
7 27
7 28
7 29
7 30
6 30
5 30
5 29
4 29
4 30
5 30
5 29
5 30
5 29
5 28
5 27
5 26
5 25
5 24
4 24
4 23
5 23
5 22
5 21
5 22
5 21
4 21
