0 0
1 0
0 0
0 1
1 1
2 1
3 1
2 1
1 1
2 1
2 0
2 1
2 2
2 1
1 1
0 1
1 1
1 0
1 1
1 0
2 0
3 0
2 0
2 1
3 1
3 0
3 1
4 1
3 1
3 2
3 1
3 2
3 1
3 0
4 0
4 1
5 1
4 1
3 1
2 1
3 1
3 0
2 0
2 1
2 2
1 2
1 1
1 0
2 0
2 1
2 2
3 2
3 3
3 4
3 3
3 4
4 4
4 3
5 3
6 3
6 2
6 3
5 3
5 2
4 2
3 2
3 1
3 0
2 0
2 1
1 1
2 1
2 2
2 1
2 0
2 1
2 2
1 2
2 2
2 1
2 0
1 0
0 0
0 1
0 2
1 2
0 2
0 3
0 4
0 5
1 5
1 4
1 3
1 2
1 3
0 3
1 3
0 3
1 3
1 2
1 1
1 0
1 1
1 0
1 1
2 1
3 1
4 1
4 2
4 3
4 2
5 2
6 2
6 3
7 3
7 4
7 5
7 6
7 7
6 7
6 8
6 9
6 8
5 8
5 9
6 9
7 9
8 9
8 10
9 10
10 10
9 10
8 10
9 10
9 9
10 9
9 9
9 10
9 11
9 12
9 13
8 13
8 12
9 12
8 12
7 12
6 12
6 13
7 13
7 14
6 14
6 13
6 14
7 14
7 13
8 13
8 12
8 11
8 10
7 10
6 10
6 11
6 12
7 12
6 12
6 13
6 14
5 14
6 14
6 13
6 14
6 13
6 12
6 13
6 14
7 14
8 14
9 14
10 14
9 14
9 13
9 12
9 13
10 13
9 13
8 13
9 13
10 13
10 12
11 12
11 11
10 11
10 10
11 10
11 11
10 11
11 11
11 10
12 10
12 11
12 12
11 12
10 12
10 11
9 11
8 11
9 11
9 12
10 12
10 11
9 11
10 11
9 11
8 11
8 10
7 10
7 11
7 10
7 11
8 11
8 12
8 11
8 12
9 12
8 12
7 12
7 13
8 13
9 13
8 13
8 12
8 13
7 13
6 13
6 14
6 15
6 16
7 16
7 15
7 14
7 15
6 15
6 16
7 16
7 17
7 18
7 19
7 20
7 21
7 20
8 20
8 19
7 19
7 20
7 21
8 21
7 21
6 21
7 21
7 20
7 19
7 20
7 21
6 21
6 20
6 19
6 18
6 19
7 19
8 19
8 18
7 18
7 19
6 19
6 20
6 19
7 19
7 20
8 20
8 19
7 19
7 20
7 21
6 21
5 21
6 21
5 21
4 21
4 22
5 22
4 22
4 21
4 22
4 23
4 24
5 24
5 23
5 22
5 23
6 23
6 24
5 24
6 24
5 24
5 23
6 23
7 23
8 23
7 23
7 22
7 21
7 22
8 22
9 22
10 22
10 21
11 21
11 20
12 20
12 21
13 21
12 21
12 20
11 20
11 19
10 19
10 20
9 20
9 19
9 20
10 20
10 19
11 19
11 18
10 18
10 17
10 18
10 17
10 16
11 16
12 16
11 16
11 17
11 16
11 15
10 15
9 15
10 15
9 15
9 16
9 17
10 17
10 18
10 19
10 20
10 21
10 20
11 20
10 20
10 21
10 22
10 21
10 22
10 21
10 20
11 20
11 19
11 18
10 18
11 18
11 19
11 20
10 20
11 20
11 21
12 21
12 20
13 20
12 20
12 19
12 18
11 18
11 19
12 19
12 20
13 20
14 20
15 20
14 20
13 20
14 20
15 20
14 20
15 20
15 19
15 18
15 17
16 17
15 17
15 18
15 17
14 17
14 18
13 18
14 18
13 18
13 17
13 18
13 19
13 18
13 19
13 18
13 19
13 18
12 18
12 19
11 19
11 18
11 19
11 20
11 21
12 21
12 22
11 22
10 22
11 22
11 21
12 21
13 21
12 21
11 21
10 21
9 21
10 21
11 21
11 22
11 21
11 20
10 20
9 20
9 19
9 18
9 19
8 19
7 19
6 19
7 19
6 19
6 18
7 18
7 19
6 19
6 20
6 19
6 18
7 18
6 18
7 18
8 18
7 18
7 19
8 19
8 20
8 19
7 19
8 19
7 19
7 20
7 19
7 20
7 21
7 22
8 22
8 21
8 20
8 19
7 19
6 19
6 18
6 19
6 18
6 17
5 17
6 17
6 18
6 17
5 17
5 16
5 17
4 17
3 17
2 17
1 17
1 18
1 19
0 19
0 20
0 19
0 18
0 19
1 19
1 18
1 19
0 19
1 19
2 19
2 18
1 18
2 18
2 17
2 16
2 15
2 14
2 13
1 13
1 14
2 14
3 14
3 15
4 15
5 15
6 15
6 16
6 15
7 15
8 15
9 15
9 16
8 16
9 16
8 16
7 16
7 17
7 16
8 16
7 16
7 15
7 16
8 16
8 15
9 15
9 16
9 15
10 15
9 15
10 15
9 15
8 15
7 15
6 15
6 16
5 16
6 16
7 16
7 15
7 14
7 13
6 13
6 12
6 11
5 11
6 11
6 10
5 10
5 9
5 8
6 8
6 9
6 8
7 8
6 8
5 8
4 8
5 8
6 8
6 9
6 10
6 11
7 11
8 11
8 12
8 11
8 12
8 11
8 12
7 12
8 12
8 11
8 10
9 10
8 10
8 9
7 9
7 10
8 10
9 10
10 10
10 9
10 10
11 10
11 9
12 9
11 9
11 8
11 9
11 8
12 8
12 9
11 9
11 8
11 7
12 7
12 8
13 8
12 8
12 7
11 7
10 7
11 7
12 7
12 6
12 5
12 6
12 5
12 6
12 7
12 6
12 7
11 7
10 7
10 8
10 7
9 7
8 7
8 6
8 7
8 6
9 6
8 6
8 5
8 6
8 7
7 7
7 6
6 6
5 6
5 5
5 6
5 5
4 5
4 4
3 4
4 4
3 4
3 5
2 5
2 6
2 5
2 6
2 7
3 7
3 8
3 7
3 8
4 8
4 9
4 10
4 11
4 10
3 10
3 11
3 12
4 12
5 12
5 13
6 13
6 14
7 14
7 15
8 15
8 14
8 13
8 12
7 12
7 13
7 14
8 14
8 15
9 15
9 16
10 16
9 16
8 16
8 15
8 14
9 14
9 15
10 15
11 15
12 15
12 16
12 15
12 14
12 15
12 16
12 17
13 17
14 17
14 16
14 15
15 15
16 15
15 15
16 15
15 15
15 16
16 16
15 16
15 17
15 18
15 19
14 19
15 19
15 20
16 20
16 21
16 22
16 23
16 24
16 23
15 23
15 22
15 23
16 23
16 22
15 22
15 21
15 22
15 23
15 24
15 23
14 23
14 24
13 24
12 24
11 24
11 25
11 26
10 26
11 26
10 26
11 26
11 25
12 25
13 25
14 25
14 24
15 24
15 25
16 25
16 26
15 26
15 25
15 26
15 27
14 27
13 27
13 28
12 28
11 28
12 28
13 28
12 28
11 28
12 28
12 29
12 30
12 31
13 31
14 31
15 31
15 30
16 30
16 29
16 28
16 27
15 27
16 27
17 27
17 26
18 26
17 26
17 25
17 24
18 24
19 24
19 23
19 22
19 23
19 24
19 23
18 23
17 23
18 23
19 23
19 24
19 23
18 23
17 23
17 22
16 22
16 23
17 23
17 24
16 24
15 24
16 24
15 24
16 24
16 25
17 25
18 25
19 25
18 25
19 25
19 26
20 26
21 26
21 27
20 27
20 26
20 27
20 26
19 26
19 27
20 27
19 27
20 27
20 28
20 29
20 30
20 29
20 28
20 27
20 28
20 27
20 26
20 27
21 27
21 26
21 27
21 26
22 26
23 26
23 25
24 25
24 26
25 26
24 26
24 25
24 24
23 24
24 24
25 24
24 24
25 24
25 25
24 25
24 24
25 24
24 24
24 23
24 24
24 23
24 24
25 24
25 25
24 25
25 25
25 24
25 23
24 23
24 24
24 25
24 26
24 27
23 27
22 27
22 26
23 26
22 26
23 26
23 25
23 26
23 27
23 26
22 26
22 27
22 26
21 26
21 25
21 24
21 25
21 26
20 26
20 27
19 27
19 26
20 26
20 25
21 25
22 25
22 24
22 25
23 25
24 25
24 24
24 23
24 22
23 22
22 22
21 22
21 23
22 23
23 23
23 22
22 22
21 22
20 22
19 22
19 21
19 20
20 20
21 20
20 20
19 20
20 20
21 20
22 20
22 21
21 21
21 22
21 21
21 20
21 21
21 22
20 22
21 22
22 22
22 23
22 22
23 22
24 22
24 21
23 21
22 21
23 21
22 21
22 20
21 20
21 21
21 20
21 21
21 20
22 20
22 19
23 19
23 20
22 20
22 21
22 22
22 21
21 21
21 20
21 19
20 19
19 19
19 18
18 18
19 18
18 18
19 18
19 19
20 19
19 19
19 18
19 19
20 19
20 20
21 20
21 21
22 21
23 21
24 21
24 20
24 21
24 20
25 20
25 21
24 21
