0 0
0 1
1 1
0 1
1 1
1 0
1 1
2 1
1 1
2 1
2 0
2 1
2 0
1 0
2 0
1 0
1 1
1 0
1 1
0 1
1 1
1 2
2 2
2 3
2 2
2 1
1 1
0 1
1 1
1 2
1 1
1 2
2 2
3 2
2 2
3 2
3 3
3 4
3 5
2 5
1 5
1 4
2 4
1 4
2 4
1 4
2 4
2 5
2 4
2 3
2 4
3 4
4 4
4 5
4 4
4 3
3 3
3 2
2 2
1 2
1 1
1 2
2 2
1 2
1 3
2 3
3 3
2 3
1 3
0 3
1 3
2 3
2 2
3 2
3 1
3 2
3 1
4 1
4 2
3 2
3 3
2 3
3 3
4 3
4 4
4 3
5 3
6 3
7 3
8 3
7 3
8 3
8 2
8 1
8 0
8 1
8 0
9 0
9 1
10 1
9 1
8 1
8 0
9 0
10 0
10 1
10 0
11 0
11 1
12 1
13 1
14 1
13 1
14 1
14 0
15 0
15 1
15 0
14 0
14 1
13 1
12 1
13 1
12 1
12 0
13 0
14 0
13 0
13 1
13 2
13 3
13 2
12 2
12 1
11 1
11 2
12 2
11 2
12 2
12 1
11 1
12 1
12 0
13 0
14 0
15 0
14 0
14 1
14 0
14 1
13 1
12 1
12 2
11 2
11 3
11 2
12 2
12 1
13 1
13 0
13 1
13 2
14 2
15 2
15 3
15 2
15 1
15 0
15 1
14 1
14 0
13 0
13 1
13 2
12 2
11 2
11 1
11 0
11 1
11 2
12 2
11 2
10 2
10 3
10 4
11 4
12 4
12 3
11 3
12 3
11 3
11 2
12 2
11 2
10 2
10 3
10 4
11 4
11 5
12 5
12 4
12 5
13 5
13 6
12 6
12 7
12 8
12 7
12 6
11 6
12 6
11 6
10 6
10 7
9 7
9 8
8 8
8 7
9 7
8 7
8 6
9 6
9 7
9 8
9 9
8 9
9 9
9 8
8 8
9 8
10 8
10 9
11 9
11 10
12 10
11 10
10 10
10 11
11 11
11 12
10 12
10 11
10 12
11 12
12 12
11 12
11 13
12 13
12 14
12 15
12 16
12 17
12 18
12 19
13 19
14 19
15 19
15 18
16 18
15 18
15 19
15 20
15 19
14 19
13 19
12 19
12 18
13 18
14 18
13 18
12 18
12 17
11 17
12 17
13 17
14 17
14 16
14 17
13 17
12 17
12 16
11 16
11 15
12 15
12 14
13 14
13 13
13 14
13 13
13 14
12 14
13 14
14 14
15 14
16 14
16 15
16 16
16 17
16 16
17 16
18 16
19 16
18 16
17 16
18 16
17 16
17 17
17 16
17 15
17 16
17 15
18 15
17 15
18 15
17 15
17 16
16 16
16 15
16 14
16 15
17 15
16 15
15 15
14 15
14 16
14 17
13 17
13 16
13 17
14 17
15 17
15 18
14 18
14 19
14 18
13 18
13 19
14 19
15 19
16 19
15 19
16 19
16 18
17 18
18 18
17 18
17 19
17 20
18 20
18 21
19 21
19 22
19 21
19 22
18 22
18 21
19 21
19 20
19 19
19 20
19 19
19 20
19 21
19 20
18 20
18 19
19 19
19 18
19 17
18 17
19 17
20 17
20 18
19 18
20 18
20 17
21 17
21 16
21 15
21 16
21 17
21 18
21 17
20 17
19 17
19 16
19 17
20 17
21 17
22 17
22 18
22 17
22 18
21 18
21 17
20 17
20 18
21 18
21 19
21 18
22 18
21 18
21 17
21 18
22 18
23 18
23 19
24 19
25 19
25 20
26 20
26 19
27 19
28 19
27 19
26 19
26 18
26 17
26 18
27 18
26 18
26 19
26 20
26 19
26 20
25 20
25 19
25 20
24 20
25 20
24 20
24 21
25 21
26 21
26 20
25 20
24 20
24 19
24 18
24 19
25 19
24 19
24 20
24 21
24 20
25 20
24 20
25 20
25 19
25 18
25 19
25 20
24 20
25 20
25 19
26 19
27 19
27 18
28 18
29 18
28 18
28 17
29 17
28 17
28 18
27 18
26 18
26 17
25 17
25 16
25 15
24 15
23 15
23 14
24 14
23 14
23 13
23 12
23 13
23 14
23 15
24 15
24 16
25 16
25 17
25 16
26 16
25 16
26 16
25 16
25 17
25 18
25 17
24 17
24 18
23 18
23 19
24 19
23 19
24 19
23 19
23 18
23 17
23 16
24 16
24 15
23 15
24 15
23 15
22 15
23 15
23 14
22 14
22 13
23 13
22 13
22 14
22 15
21 15
22 15
23 15
24 15
24 14
25 14
25 15
25 16
26 16
25 16
26 16
27 16
27 15
28 15
27 15
28 15
28 16
28 17
28 16
28 15
28 14
28 13
28 12
29 12
29 11
28 11
28 12
28 13
27 13
26 13
27 13
26 13
25 13
25 12
25 13
25 12
26 12
25 12
25 11
25 10
24 10
24 11
23 11
23 12
22 12
22 13
21 13
21 12
21 11
21 12
22 12
22 11
22 12
21 12
20 12
19 12
18 12
19 12
19 11
19 10
20 10
21 10
22 10
22 11
22 10
22 11
23 11
23 10
22 10
23 10
23 9
23 10
22 10
21 10
21 11
21 12
21 11
20 11
19 11
20 11
21 11
21 12
22 12
22 13
22 12
22 13
22 14
22 13
22 14
21 14
21 13
21 12
22 12
23 12
24 12
24 11
23 11
23 10
22 10
23 10
24 10
24 11
25 11
25 12
26 12
26 11
27 11
27 12
27 13
26 13
27 13
28 13
28 12
27 12
27 11
28 11
28 12
29 12
30 12
31 12
30 12
30 13
30 12
29 12
29 11
29 10
28 10
27 10
26 10
26 11
27 11
27 12
26 12
27 12
27 13
27 12
27 13
27 14
27 15
27 14
28 14
27 14
27 15
26 15
26 16
26 17
26 18
25 18
24 18
25 18
26 18
27 18
28 18
29 18
29 19
30 19
30 20
31 20
32 20
32 19
32 20
33 20
34 20
34 19
35 19
36 19
37 19
37 18
36 18
37 18
38 18
38 19
37 19
36 19
37 19
38 19
39 19
39 18
39 19
39 18
39 19
40 19
41 19
40 19
40 20
40 19
40 20
41 20
42 20
41 20
41 19
41 20
40 20
40 19
40 18
39 18
40 18
39 18
39 17
39 18
38 18
38 19
37 19
37 20
36 20
37 20
36 20
36 21
37 21
37 22
36 22
36 21
36 20
35 20
35 19
35 20
35 19
36 19
36 18
35 18
35 19
35 20
34 20
34 21
33 21
33 20
34 20
35 20
34 20
34 19
35 19
35 18
36 18
36 17
35 17
35 18
35 19
34 19
35 19
36 19
37 19
37 18
38 18
38 17
38 16
39 16
40 16
39 16
39 17
38 17
38 18
37 18
36 18
35 18
35 17
36 17
37 17
36 17
35 17
36 17
36 16
35 16
36 16
36 17
36 16
36 17
36 16
35 16
35 15
35 16
35 17
36 17
35 17
36 17
35 17
34 17
35 17
35 18
36 18
36 19
36 20
35 20
35 21
35 20
34 20
35 20
35 19
35 20
36 20
35 20
35 21
36 21
36 20
36 19
36 18
37 18
38 18
37 18
38 18
38 17
37 17
37 16
37 17
36 17
35 17
35 16
34 16
35 16
36 16
36 15
36 16
36 17
37 17
36 17
36 18
37 18
37 19
37 18
38 18
38 17
38 16
38 15
39 15
39 14
39 15
39 14
39 15
40 15
40 14
40 13
41 13
40 13
40 12
39 12
38 12
39 12
38 12
38 11
39 11
39 10
39 9
40 9
39 9
38 9
37 9
37 8
37 7
37 8
36 8
36 9
36 8
36 9
35 9
36 9
35 9
35 8
34 8
35 8
35 9
35 8
35 9
36 9
36 10
37 10
37 9
37 8
37 7
38 7
38 6
37 6
37 5
37 6
37 5
37 4
37 5
37 4
37 5
36 5
37 5
38 5
38 4
38 5
38 4
37 4
36 4
36 5
37 5
37 6
36 6
37 6
37 5
37 4
37 5
36 5
36 6
37 6
38 6
38 5
38 4
38 5
39 5
39 4
39 5
40 5
39 5
39 4
40 4
40 5
40 6
40 7
39 7
38 7
39 7
38 7
39 7
38 7
37 7
37 6
38 6
39 6
38 6
39 6
39 7
38 7
39 7
40 7
41 7
40 7
40 6
40 5
40 4
41 4
41 3
40 3
40 2
40 1
41 1
41 2
41 3
41 2
41 3
41 2
41 1
42 1
42 0
43 0
42 0
42 1
42 0
42 1
41 1
40 1
41 1
40 1
40 0
39 0
38 0
39 0
39 1
39 0
39 1
39 2
39 1
39 2
40 2
40 3
40 2
41 2
41 3
41 2
42 2
42 3
43 3
42 3
42 4
42 5
42 6
41 6
40 6
40 5
39 5
39 6
