0 0
0 1
1 1
1 0
0 0
1 0
2 0
2 1
3 1
3 2
4 2
5 2
6 2
6 3
7 3
7 2
6 2
7 2
7 3
7 2
7 3
6 3
6 2
6 3
6 2
5 2
5 1
5 2
4 2
4 3
5 3
6 3
7 3
7 2
7 3
7 4
7 3
8 3
7 3
6 3
7 3
7 2
7 1
6 1
5 1
5 0
6 0
7 0
8 0
8 1
8 0
7 0
8 0
8 1
8 0
9 0
10 0
10 1
10 2
10 3
11 3
11 2
11 3
11 2
11 1
11 0
11 1
10 1
10 0
9 0
10 0
11 0
10 0
10 1
10 0
11 0
11 1
11 2
11 1
11 0
11 1
11 2
12 2
13 2
13 1
13 2
14 2
13 2
13 3
14 3
14 2
15 2
15 1
15 0
15 1
16 1
16 0
17 0
17 1
17 2
16 2
16 1
16 2
16 1
16 2
16 3
16 2
15 2
15 1
15 0
15 1
15 0
14 0
14 1
15 1
15 2
16 2
16 1
16 0
15 0
15 1
16 1
16 0
17 0
17 1
18 1
17 1
17 0
17 1
17 0
18 0
17 0
17 1
17 2
18 2
18 1
19 1
19 0
18 0
17 0
17 1
16 1
17 1
16 1
16 0
16 1
15 1
16 1
17 1
18 1
19 1
20 1
20 0
20 1
20 2
20 3
20 2
20 3
20 2
20 3
19 3
20 3
19 3
19 2
18 2
18 3
18 4
19 4
20 4
20 3
19 3
19 4
18 4
17 4
17 5
16 5
17 5
17 6
17 7
16 7
16 8
16 9
16 10
17 10
16 10
16 11
17 11
17 12
17 11
18 11
18 12
19 12
20 12
19 12
19 11
19 12
19 13
18 13
18 12
18 13
19 13
19 12
20 12
20 13
20 14
19 14
20 14
19 14
20 14
21 14
20 14
21 14
21 13
21 14
22 14
22 15
21 15
20 15
20 14
20 13
20 12
20 13
21 13
22 13
22 14
21 14
20 14
20 15
20 14
20 15
20 14
19 14
19 13
20 13
21 13
21 14
21 15
20 15
19 15
18 15
18 14
17 14
17 13
16 13
16 12
16 13
17 13
17 12
16 12
15 12
16 12
16 13
16 12
15 12
14 12
14 11
14 12
14 11
14 10
14 11
14 12
14 13
15 13
15 14
16 14
16 13
16 12
16 13
16 12
17 12
17 11
16 11
17 11
17 10
18 10
17 10
16 10
16 11
15 11
15 12
15 11
16 11
15 11
15 10
15 11
15 10
14 10
14 11
14 10
14 11
14 12
14 13
13 13
13 12
14 12
13 12
13 11
12 11
13 11
14 11
14 10
13 10
12 10
12 11
11 11
11 10
11 9
12 9
13 9
14 9
15 9
16 9
15 9
15 10
16 10
16 9
16 10
17 10
18 10
17 10
17 11
17 10
16 10
15 10
16 10
17 10
17 9
16 9
16 10
16 11
16 10
16 11
17 11
17 12
17 13
16 13
16 14
15 14
14 14
13 14
13 15
13 14
13 13
13 14
13 13
14 13
14 14
13 14
13 13
13 14
13 15
12 15
12 14
11 14
11 13
11 14
11 15
11 14
11 13
11 14
10 14
11 14
11 15
11 14
11 15
11 16
11 17
10 17
11 17
11 18
10 18
10 17
10 18
11 18
11 17
11 18
11 19
12 19
12 18
12 19
12 18
13 18
13 17
13 18
14 18
14 19
15 19
14 19
14 18
15 18
16 18
15 18
15 19
15 20
15 21
15 20
16 20
15 20
16 20
16 19
17 19
17 18
17 19
17 20
17 21
18 21
18 20
19 20
20 20
20 21
20 20
21 20
21 21
21 20
20 20
20 19
19 19
19 20
19 21
19 22
19 23
19 24
19 25
20 25
19 25
19 24
18 24
18 25
18 24
19 24
19 23
20 23
20 24
20 23
20 22
21 22
22 22
21 22
21 23
22 23
21 23
21 22
21 21
21 20
21 21
21 22
20 22
20 23
21 23
20 23
20 24
21 24
21 25
20 25
19 25
18 25
18 24
18 25
17 25
17 26
17 25
17 26
17 25
17 24
17 23
18 23
18 22
19 22
20 22
20 23
20 24
21 24
20 24
20 23
20 24
20 23
20 22
21 22
21 23
21 22
21 23
20 23
19 23
20 23
20 22
21 22
21 23
21 24
21 25
21 26
21 25
21 24
20 24
20 23
21 23
20 23
19 23
19 24
19 25
19 26
19 27
18 27
18 28
18 27
17 27
17 28
16 28
15 28
14 28
14 29
14 30
15 30
14 30
13 30
14 30
14 29
14 30
14 29
15 29
16 29
15 29
15 30
15 31
15 32
15 33
16 33
15 33
16 33
16 34
15 34
14 34
14 33
15 33
16 33
15 33
16 33
16 34
15 34
15 35
16 35
16 36
16 35
15 35
15 36
15 35
14 35
15 35
16 35
17 35
17 36
18 36
18 37
18 38
17 38
18 38
19 38
20 38
21 38
21 39
21 38
21 39
21 40
21 41
21 40
21 41
21 40
21 39
22 39
22 40
22 39
23 39
22 39
22 38
23 38
23 37
24 37
24 38
25 38
25 39
25 38
25 39
26 39
26 40
27 40
28 40
28 39
28 40
28 39
28 40
28 41
29 41
28 41
29 41
29 40
28 40
28 41
28 40
27 40
27 39
27 40
28 40
28 39
29 39
30 39
31 39
31 38
31 39
30 39
30 40
30 39
31 39
30 39
31 39
31 40
31 41
31 40
32 40
32 39
32 38
32 37
33 37
33 38
32 38
31 38
31 39
31 38
31 39
32 39
32 38
33 38
33 37
32 37
31 37
31 38
31 39
31 38
30 38
29 38
28 38
29 38
29 39
29 38
29 37
29 38
29 39
30 39
30 40
30 41
30 42
29 42
29 41
30 41
31 41
31 42
31 41
32 41
31 41
31 40
32 40
33 40
34 40
33 40
34 40
34 39
35 39
36 39
36 38
37 38
36 38
36 39
37 39
36 39
36 40
37 40
37 41
36 41
35 41
36 41
35 41
36 41
35 41
35 42
36 42
36 41
36 42
35 42
35 41
34 41
33 41
33 40
33 41
33 42
33 43
33 44
33 45
33 46
33 45
33 44
33 43
33 42
34 42
35 42
34 42
34 43
34 44
34 43
34 44
34 43
33 43
33 42
32 42
31 42
32 42
32 41
32 42
32 43
32 42
33 42
32 42
32 43
33 43
34 43
34 42
33 42
32 42
31 42
30 42
29 42
30 42
30 41
31 41
30 41
30 40
29 40
30 40
31 40
31 41
32 41
32 40
32 41
33 41
33 42
32 42
32 41
32 40
33 40
33 41
33 40
34 40
33 40
34 40
34 41
35 41
35 42
34 42
34 43
34 42
34 43
35 43
35 44
35 43
36 43
35 43
35 42
35 43
36 43
35 43
35 44
34 44
35 44
35 45
34 45
35 45
36 45
36 46
36 45
35 45
36 45
36 44
35 44
35 45
35 46
34 46
33 46
33 45
33 44
32 44
32 43
31 43
31 44
31 45
31 46
32 46
32 45
33 45
32 45
32 44
32 43
32 44
31 44
31 43
31 42
32 42
33 42
33 41
33 42
33 41
34 41
34 40
34 41
33 41
33 40
33 41
32 41
33 41
32 41
32 42
32 43
32 42
32 41
31 41
30 41
30 40
29 40
29 41
28 41
29 41
29 42
30 42
29 42
30 42
30 43
29 43
30 43
30 42
30 43
31 43
32 43
31 43
31 42
31 41
31 40
30 40
31 40
32 40
32 39
32 40
32 39
32 38
33 38
33 39
32 39
32 38
31 38
31 37
31 38
30 38
30 39
30 40
29 40
30 40
30 39
30 40
31 40
31 39
31 38
32 38
32 39
31 39
32 39
31 39
31 40
31 39
31 38
31 39
32 39
32 40
33 40
32 40
31 40
32 40
32 39
33 39
34 39
33 39
33 38
34 38
34 37
33 37
34 37
35 37
35 36
35 37
36 37
36 36
35 36
36 36
36 37
37 37
36 37
37 37
38 37
38 36
38 35
38 36
38 35
38 34
39 34
39 35
39 34
39 35
40 35
39 35
38 35
39 35
39 36
39 37
38 37
37 37
38 37
39 37
40 37
39 37
39 38
40 38
39 38
40 38
39 38
38 38
38 39
37 39
37 38
36 38
35 38
35 39
35 38
34 38
34 39
33 39
34 39
33 39
34 39
34 38
35 38
36 38
36 37
37 37
38 37
37 37
37 38
37 37
37 38
37 37
37 36
36 36
35 36
34 36
35 36
34 36
34 37
33 37
33 38
34 38
33 38
34 38
34 37
34 36
33 36
34 36
35 36
36 36
36 37
37 37
37 36
37 35
38 35
39 35
40 35
39 35
38 35
37 35
36 35
36 36
35 36
35 35
35 34
36 34
36 35
36 36
36 37
36 36
36 35
35 35
35 34
35 35
35 36
36 36
36 35
36 34
36 33
