0 0
1 0
2 0
1 0
1 1
1 0
1 1
1 0
2 0
1 0
1 1
1 2
1 3
1 2
1 3
1 4
1 3
1 2
1 1
1 0
1 1
1 0
1 1
0 1
1 1
0 1
0 2
0 1
1 1
0 1
1 1
2 1
2 2
2 3
2 2
3 2
3 1
4 1
4 0
4 1
5 1
6 1
5 1
6 1
6 0
5 0
5 1
4 1
4 0
3 0
2 0
3 0
3 1
3 0
3 1
3 0
3 1
2 1
2 0
3 0
3 1
3 0
3 1
4 1
5 1
5 2
5 3
4 3
5 3
5 2
4 2
4 3
4 4
3 4
3 3
3 2
4 2
4 3
5 3
5 4
4 4
4 3
4 4
4 5
3 5
4 5
4 6
3 6
3 5
3 6
2 6
2 7
2 6
3 6
2 6
2 7
1 7
1 8
1 7
1 8
1 9
0 9
1 9
2 9
3 9
3 10
3 9
3 8
2 8
2 7
3 7
3 6
3 5
2 5
3 5
3 6
3 5
3 6
2 6
1 6
1 5
2 5
3 5
3 4
3 5
2 5
3 5
3 4
3 3
4 3
4 2
4 3
4 4
3 4
4 4
4 3
5 3
5 2
5 3
5 4
6 4
5 4
5 3
4 3
3 3
3 4
3 3
2 3
1 3
2 3
3 3
3 2
3 3
3 2
3 3
3 4
3 3
2 3
2 2
1 2
1 1
1 0
1 1
1 2
1 1
0 1
0 2
1 2
1 3
2 3
1 3
2 3
1 3
2 3
2 2
1 2
1 3
2 3
1 3
2 3
3 3
3 2
4 2
3 2
2 2
1 2
0 2
1 2
1 3
1 4
1 5
2 5
3 5
4 5
5 5
5 4
4 4
3 4
3 3
2 3
2 4
3 4
3 3
3 4
3 5
4 5
4 4
5 4
5 5
5 4
5 5
5 6
5 7
5 8
4 8
5 8
5 7
5 6
6 6
6 7
6 8
7 8
7 7
8 7
9 7
9 8
8 8
8 9
9 9
9 10
10 10
11 10
11 11
12 11
11 11
11 12
11 13
10 13
10 14
11 14
11 13
10 13
9 13
8 13
8 14
8 15
7 15
7 16
7 17
8 17
7 17
7 16
7 15
7 14
7 13
7 12
7 13
8 13
9 13
10 13
10 14
10 13
11 13
11 12
10 12
11 12
10 12
10 13
11 13
10 13
11 13
11 14
12 14
13 14
12 14
12 15
11 15
12 15
11 15
11 14
11 13
10 13
10 12
10 13
9 13
8 13
9 13
10 13
10 14
10 15
11 15
11 14
11 15
12 15
13 15
12 15
11 15
12 15
12 14
11 14
12 14
11 14
12 14
11 14
10 14
11 14
11 15
11 14
10 14
11 14
10 14
10 15
11 15
11 16
11 17
12 17
13 17
13 18
12 18
12 17
13 17
13 16
12 16
12 15
13 15
13 14
14 14
14 15
15 15
15 14
14 14
15 14
15 15
15 16
15 17
15 18
15 17
15 18
14 18
14 19
13 19
12 19
13 19
12 19
12 20
12 19
12 18
12 19
11 19
10 19
10 20
10 21
10 22
10 21
10 22
10 23
10 22
10 23
10 24
9 24
9 23
9 24
10 24
11 24
12 24
12 25
12 26
12 27
12 26
13 26
14 26
15 26
14 26
13 26
12 26
12 25
12 26
12 27
12 26
13 26
14 26
15 26
15 25
15 24
16 24
15 24
16 24
16 25
17 25
18 25
18 26
17 26
18 26
18 27
18 28
17 28
17 27
16 27
15 27
16 27
15 27
15 26
15 25
15 26
15 25
15 24
16 24
16 23
15 23
15 22
15 23
16 23
16 24
17 24
18 24
19 24
19 23
20 23
21 23
21 22
20 22
20 23
20 24
19 24
19 23
19 22
19 23
19 22
18 22
17 22
16 22
16 21
15 21
14 21
15 21
14 21
14 22
13 22
14 22
15 22
15 21
15 22
15 21
15 20
16 20
16 19
16 18
16 17
15 17
16 17
15 17
14 17
14 16
15 16
16 16
17 16
18 16
18 17
17 17
17 18
18 18
17 18
17 19
18 19
17 19
17 18
16 18
16 19
17 19
17 20
17 19
16 19
17 19
18 19
18 20
18 19
17 19
17 20
17 19
16 19
15 19
15 18
14 18
13 18
13 19
14 19
15 19
14 19
13 19
12 19
12 20
13 20
13 21
14 21
14 20
15 20
15 19
16 19
17 19
17 18
17 17
18 17
18 18
18 19
18 20
19 20
19 21
19 20
20 20
21 20
20 20
20 19
21 19
22 19
23 19
22 19
22 18
22 17
21 17
21 18
21 19
21 20
22 20
21 20
20 20
20 19
21 19
20 19
19 19
18 19
18 18
18 19
17 19
17 20
18 20
18 19
18 20
18 19
19 19
19 20
20 20
19 20
18 20
17 20
16 20
16 19
15 19
14 19
13 19
12 19
12 20
13 20
13 21
13 20
14 20
14 19
13 19
13 20
14 20
13 20
14 20
14 19
14 20
15 20
14 20
14 19
14 18
15 18
15 17
16 17
16 18
16 19
17 19
17 18
17 19
16 19
17 19
17 18
17 19
17 18
17 17
16 17
17 17
16 17
17 17
18 17
18 16
17 16
17 17
17 16
16 16
16 17
16 16
17 16
17 17
18 17
19 17
18 17
17 17
18 17
18 16
18 15
19 15
20 15
20 16
19 16
20 16
21 16
21 15
20 15
19 15
19 16
19 17
19 18
20 18
19 18
18 18
19 18
19 19
19 18
19 17
18 17
18 18
18 17
17 17
16 17
16 18
16 19
16 18
16 17
16 16
17 16
16 16
15 16
15 17
15 16
14 16
15 16
16 16
16 17
15 17
15 18
14 18
14 19
14 20
13 20
12 20
12 19
11 19
11 18
10 18
10 19
9 19
9 20
9 19
9 20
8 20
7 20
7 19
7 20
8 20
8 19
9 19
9 18
8 18
7 18
6 18
6 17
6 16
5 16
6 16
7 16
7 17
7 16
6 16
6 17
5 17
5 16
6 16
6 15
5 15
6 15
6 16
6 17
6 18
7 18
8 18
7 18
7 19
7 20
6 20
5 20
5 21
5 20
5 21
5 22
6 22
6 23
6 22
6 23
6 24
5 24
5 25
5 24
4 24
5 24
5 25
5 26
5 25
5 24
5 25
5 26
6 26
7 26
7 27
7 28
7 29
6 29
7 29
7 30
8 30
8 31
9 31
10 31
11 31
10 31
10 30
9 30
8 30
8 31
8 32
8 33
8 34
9 34
10 34
10 35
10 36
9 36
8 36
8 35
7 35
6 35
7 35
7 34
7 33
6 33
7 33
6 33
7 33
6 33
5 33
4 33
3 33
2 33
2 34
2 35
2 36
1 36
2 36
2 35
2 36
1 36
1 37
1 38
2 38
2 37
2 38
2 37
2 36
3 36
2 36
1 36
1 37
0 37
1 37
2 37
2 38
1 38
2 38
1 38
0 38
1 38
1 37
1 36
1 35
2 35
2 34
2 33
2 34
3 34
3 35
3 34
4 34
3 34
2 34
3 34
3 35
4 35
3 35
4 35
4 36
5 36
6 36
6 37
6 38
7 38
7 39
7 38
8 38
8 37
8 38
8 37
8 38
8 37
7 37
7 36
8 36
9 36
10 36
11 36
11 35
12 35
13 35
14 35
13 35
13 36
14 36
15 36
16 36
15 36
16 36
15 36
15 35
15 36
16 36
17 36
17 35
16 35
16 36
17 36
17 35
17 34
17 33
17 32
18 32
18 33
19 33
18 33
17 33
16 33
17 33
17 34
18 34
18 35
19 35
20 35
20 36
20 37
19 37
20 37
20 38
20 39
20 38
19 38
19 39
18 39
19 39
19 38
19 39
18 39
17 39
16 39
17 39
18 39
19 39
19 40
18 40
18 39
19 39
20 39
20 40
19 40
19 41
19 42
19 43
18 43
17 43
17 44
16 44
16 45
15 45
15 44
15 45
15 44
16 44
15 44
15 43
16 43
15 43
15 44
15 43
16 43
16 42
16 43
16 42
15 42
16 42
16 43
16 44
15 44
14 44
14 43
14 44
13 44
13 45
14 45
14 46
14 47
14 48
14 49
13 49
13 48
14 48
13 48
13 47
12 47
11 47
11 48
12 48
12 49
12 50
12 49
13 49
12 49
12 48
11 48
12 48
12 47
13 47
14 47
13 47
14 47
15 47
15 48
16 48
17 48
17 49
18 49
18 50
17 50
16 50
15 50
15 49
15 50
16 50
15 50
15 51
15 50
15 49
15 50
15 51
16 51
16 50
17 50
17 49
17 48
17 49
18 49
18 48
19 48
19 49
19 50
19 51
18 51
17 51
17 50
17 49
16 49
16 50
16 49
16 50
17 50
17 49
17 48
18 48
18 47
17 47
17 48
18 48
19 48
19 49
19 48
19 47
19 48
20 48
19 48
19 47
20 47
21 47
21 46
