0 0
1 0
1 1
1 2
0 2
1 2
1 3
2 3
3 3
2 3
1 3
1 4
1 5
0 5
0 4
1 4
0 4
1 4
2 4
1 4
1 5
1 4
1 5
0 5
1 5
1 6
2 6
2 7
3 7
2 7
3 7
3 8
4 8
4 9
4 10
4 11
5 11
6 11
6 12
5 12
6 12
7 12
8 12
8 11
8 12
9 12
9 11
10 11
10 10
9 10
10 10
10 9
10 8
10 9
9 9
9 10
9 11
8 11
8 12
8 11
7 11
8 11
8 12
7 12
7 11
7 12
7 11
8 11
8 10
7 10
7 11
7 12
8 12
7 12
7 11
7 12
7 13
6 13
6 14
6 13
5 13
5 14
4 14
4 13
4 14
5 14
4 14
5 14
5 13
5 12
5 11
6 11
6 12
6 11
6 12
6 11
7 11
7 12
6 12
5 12
4 12
4 13
5 13
5 14
5 15
6 15
5 15
5 16
5 15
5 16
4 16
5 16
5 17
5 18
4 18
5 18
5 17
5 18
5 17
4 17
5 17
4 17
4 16
4 15
3 15
2 15
2 14
2 15
1 15
1 14
2 14
2 15
2 16
2 15
3 15
3 14
3 13
4 13
5 13
4 13
4 14
3 14
3 15
4 15
4 14
3 14
4 14
4 15
4 14
5 14
5 13
5 12
5 13
4 13
4 14
4 13
4 12
5 12
5 11
4 11
5 11
5 10
6 10
6 9
7 9
8 9
9 9
8 9
7 9
7 10
6 10
5 10
4 10
4 11
4 10
5 10
5 11
5 12
5 13
5 14
5 13
6 13
6 14
7 14
7 13
7 12
7 13
8 13
7 13
6 13
7 13
7 12
6 12
6 13
7 13
7 12
8 12
8 13
8 14
8 15
7 15
7 14
7 13
7 12
7 13
8 13
7 13
7 12
8 12
7 12
7 13
8 13
8 14
9 14
9 15
10 15
9 15
10 15
10 14
9 14
8 14
8 15
9 15
10 15
11 15
10 15
10 14
10 15
10 16
10 17
11 17
10 17
10 16
10 17
10 18
9 18
8 18
7 18
7 17
6 17
5 17
4 17
4 18
4 17
5 17
4 17
4 16
5 16
5 15
5 16
6 16
6 15
6 16
5 16
5 15
6 15
7 15
7 16
7 15
6 15
6 14
7 14
8 14
8 13
8 12
7 12
7 13
8 13
8 14
9 14
10 14
10 13
11 13
11 12
12 12
12 13
13 13
13 12
13 13
13 14
14 14
15 14
15 15
15 16
16 16
16 15
16 14
17 14
17 13
17 14
18 14
19 14
19 15
18 15
18 14
18 15
18 14
18 15
17 15
17 16
17 17
17 18
17 19
17 20
17 21
17 22
18 22
17 22
18 22
17 22
16 22
16 23
15 23
14 23
13 23
13 24
13 23
12 23
12 22
13 22
12 22
11 22
12 22
11 22
11 23
10 23
9 23
8 23
7 23
8 23
8 24
9 24
10 24
11 24
11 25
10 25
11 25
11 26
11 27
10 27
10 28
9 28
9 27
9 28
8 28
8 29
8 28
8 29
8 30
8 29
8 30
9 30
10 30
11 30
12 30
12 29
11 29
10 29
11 29
11 28
12 28
12 29
12 30
13 30
13 31
14 31
13 31
13 32
12 32
13 32
13 31
14 31
15 31
14 31
14 32
14 31
14 32
15 32
16 32
17 32
16 32
15 32
15 31
16 31
15 31
15 32
15 33
16 33
16 32
16 31
15 31
15 30
15 31
16 31
16 32
16 33
17 33
17 34
18 34
18 33
19 33
18 33
18 34
18 33
18 34
19 34
19 35
19 36
19 37
18 37
18 38
18 39
17 39
16 39
16 38
15 38
15 37
14 37
13 37
13 38
13 39
14 39
14 38
15 38
15 39
14 39
14 40
13 40
13 41
14 41
13 41
13 42
12 42
13 42
14 42
14 43
15 43
14 43
14 42
13 42
13 43
13 44
12 44
13 44
14 44
14 43
13 43
14 43
13 43
14 43
13 43
14 43
13 43
12 43
13 43
12 43
13 43
12 43
12 42
11 42
11 41
11 42
11 41
11 42
11 41
12 41
12 42
12 41
13 41
13 40
13 39
13 40
13 39
13 38
13 37
13 38
14 38
13 38
13 39
12 39
12 38
12 37
12 36
13 36
14 36
15 36
14 36
14 35
15 35
16 35
16 36
15 36
15 37
15 38
15 37
15 36
15 35
14 35
14 34
14 35
14 34
14 33
14 32
14 33
14 34
14 35
14 34
15 34
16 34
16 33
17 33
17 32
17 33
16 33
16 34
15 34
15 33
15 34
15 35
14 35
14 36
14 35
14 36
14 37
14 38
15 38
16 38
15 38
16 38
17 38
16 38
16 39
17 39
17 38
17 39
17 38
16 38
15 38
16 38
17 38
18 38
17 38
16 38
16 37
16 36
16 35
15 35
16 35
16 36
16 37
17 37
16 37
16 36
16 35
17 35
17 34
18 34
18 35
18 36
19 36
19 37
19 38
18 38
18 39
19 39
19 38
19 37
19 38
20 38
19 38
19 39
18 39
18 40
18 39
18 38
19 38
19 37
19 36
18 36
18 35
17 35
18 35
17 35
17 34
16 34
15 34
14 34
14 35
14 36
14 37
14 38
14 37
13 37
13 38
12 38
12 37
11 37
11 36
11 35
11 36
12 36
13 36
12 36
13 36
12 36
11 36
11 35
12 35
11 35
11 36
11 35
10 35
10 36
11 36
11 37
11 36
12 36
12 35
13 35
12 35
12 34
11 34
11 35
11 34
10 34
10 35
11 35
10 35
9 35
8 35
9 35
8 35
8 34
8 35
8 36
7 36
7 35
8 35
9 35
8 35
8 34
9 34
10 34
11 34
11 33
11 34
12 34
12 33
11 33
12 33
13 33
13 32
12 32
12 33
13 33
14 33
15 33
15 32
15 31
16 31
17 31
17 30
16 30
16 31
15 31
15 30
15 29
15 30
15 31
15 30
14 30
15 30
15 29
15 30
15 29
15 28
15 29
15 28
15 27
15 26
15 27
14 27
15 27
16 27
16 26
17 26
18 26
19 26
19 27
18 27
18 28
17 28
17 27
17 28
16 28
17 28
16 28
17 28
18 28
17 28
17 29
17 30
18 30
17 30
17 31
16 31
16 32
16 31
16 30
17 30
18 30
19 30
18 30
19 30
19 31
19 30
19 29
18 29
18 30
18 31
18 32
18 31
17 31
18 31
17 31
17 32
17 33
17 32
18 32
18 33
19 33
20 33
20 32
21 32
21 33
21 34
20 34
21 34
20 34
19 34
18 34
19 34
18 34
18 35
19 35
19 34
19 33
19 32
19 33
19 32
20 32
21 32
22 32
22 33
21 33
20 33
20 32
19 32
18 32
18 33
18 32
19 32
18 32
17 32
18 32
18 33
18 34
18 35
18 36
18 35
18 34
17 34
17 33
17 34
17 33
17 32
18 32
19 32
20 32
20 33
19 33
19 32
19 31
19 32
19 33
19 34
18 34
19 34
20 34
19 34
20 34
21 34
20 34
20 33
19 33
19 34
18 34
18 33
19 33
19 32
19 33
18 33
17 33
16 33
16 34
15 34
15 35
15 34
15 33
15 34
14 34
14 33
15 33
16 33
16 34
15 34
15 35
14 35
14 34
14 35
14 34
15 34
14 34
13 34
14 34
14 33
14 34
13 34
13 35
13 34
13 35
14 35
15 35
16 35
17 35
17 34
16 34
16 33
15 33
16 33
17 33
18 33
18 32
18 31
17 31
18 31
17 31
16 31
16 32
16 33
16 32
16 33
17 33
17 32
17 33
16 33
15 33
15 32
15 31
16 31
16 30
15 30
16 30
15 30
15 29
15 30
14 30
14 31
14 32
14 31
13 31
13 30
12 30
13 30
13 29
14 29
13 29
14 29
14 28
14 29
13 29
14 29
14 28
15 28
15 27
14 27
13 27
14 27
14 28
13 28
14 28
14 27
13 27
13 28
13 29
14 29
14 30
13 30
14 30
15 30
15 31
15 30
16 30
17 30
18 30
19 30
20 30
19 30
18 30
17 30
17 31
16 31
16 32
16 31
16 32
17 32
18 32
18 33
18 32
19 32
19 33
20 33
19 33
19 34
19 33
18 33
18 34
18 35
17 35
17 34
17 35
16 35
15 35
16 35
17 35
17 36
17 35
18 35
18 36
18 35
18 36
19 36
18 36
17 36
17 35
18 35
18 34
18 35
18 34
17 34
17 33
17 34
16 34
16 35
16 36
17 36
16 36
15 36
16 36
15 36
15 35
14 35
15 35
14 35
15 35
16 35
16 34
16 33
16 32
15 32
14 32
15 32
14 32
13 32
13 31
13 32
14 32
14 33
13 33
12 33
11 33
11 32
11 31
12 31
12 30
12 31
12 30
11 30
12 30
13 30
14 30
14 31
14 32
14 31
14 32
13 32
12 32
12 31
12 32
12 33
