0 0
1 0
2 0
3 0
3 1
3 2
2 2
2 1
2 2
3 2
3 3
4 3
5 3
5 4
6 4
6 3
7 3
7 2
7 1
6 1
7 1
7 0
7 1
7 0
7 1
8 1
8 2
8 1
8 0
9 0
8 0
8 1
8 0
8 1
8 0
8 1
8 2
8 1
7 1
7 2
7 3
8 3
8 2
8 3
8 2
8 1
7 1
8 1
8 0
7 0
8 0
8 1
8 2
7 2
7 1
7 2
8 2
8 3
9 3
9 4
8 4
7 4
6 4
6 5
6 4
6 3
7 3
7 2
7 3
7 2
8 2
9 2
9 1
10 1
11 1
10 1
10 0
9 0
9 1
9 0
9 1
8 1
8 2
8 1
7 1
8 1
8 2
7 2
7 3
6 3
6 2
6 1
5 1
5 0
4 0
4 1
4 0
3 0
3 1
3 0
4 0
5 0
4 0
4 1
4 2
5 2
5 1
5 2
5 3
5 2
6 2
6 1
7 1
6 1
6 2
5 2
5 1
6 1
6 2
5 2
5 1
5 2
6 2
7 2
8 2
8 1
8 0
8 1
8 0
8 1
7 1
6 1
6 0
6 1
5 1
6 1
6 2
5 2
4 2
3 2
4 2
4 3
4 2
3 2
3 1
2 1
1 1
2 1
2 0
1 0
1 1
2 1
1 1
1 2
2 2
3 2
4 2
4 3
4 2
5 2
5 1
6 1
7 1
6 1
5 1
5 0
5 1
6 1
6 0
6 1
5 1
4 1
4 0
4 1
5 1
5 2
4 2
4 3
3 3
3 4
4 4
4 3
3 3
3 2
3 1
3 2
2 2
3 2
3 1
3 0
4 0
4 1
5 1
6 1
7 1
6 1
6 2
7 2
7 1
7 2
8 2
7 2
6 2
6 3
6 2
5 2
5 3
5 4
6 4
7 4
8 4
9 4
9 5
8 5
8 4
8 3
7 3
7 2
7 3
8 3
9 3
9 2
8 2
8 3
7 3
6 3
5 3
5 2
6 2
6 1
5 1
5 0
6 0
5 0
6 0
6 1
6 2
7 2
6 2
7 2
8 2
8 3
8 4
9 4
8 4
9 4
8 4
8 5
7 5
7 6
8 6
7 6
6 6
6 5
7 5
7 4
7 3
8 3
9 3
10 3
10 2
10 1
10 2
10 3
10 4
11 4
11 3
11 4
11 5
10 5
10 6
10 5
9 5
8 5
8 6
9 6
10 6
10 5
11 5
11 6
10 6
11 6
11 7
11 6
10 6
10 7
11 7
11 8
12 8
13 8
12 8
11 8
11 7
12 7
13 7
13 8
14 8
14 7
14 6
14 7
14 8
14 9
14 8
13 8
13 9
14 9
14 10
13 10
12 10
12 11
12 12
12 13
12 12
12 11
12 10
11 10
12 10
13 10
13 11
12 11
12 12
12 13
13 13
13 12
14 12
14 11
14 12
14 13
14 12
13 12
14 12
15 12
15 13
15 12
15 13
16 13
16 12
16 13
17 13
16 13
16 12
16 11
16 10
16 9
16 10
16 9
16 10
15 10
15 11
14 11
13 11
14 11
15 11
15 10
14 10
13 10
13 11
13 12
13 13
13 14
14 14
14 15
15 15
16 15
16 14
17 14
17 15
18 15
18 14
17 14
17 13
17 12
17 13
18 13
18 12
17 12
16 12
17 12
17 13
17 14
17 15
17 14
16 14
15 14
15 13
14 13
13 13
14 13
13 13
14 13
14 12
13 12
14 12
13 12
12 12
11 12
12 12
11 12
11 11
12 11
12 12
11 12
12 12
13 12
14 12
14 13
13 13
13 14
13 15
12 15
12 14
13 14
14 14
14 15
14 14
15 14
16 14
17 14
17 15
17 14
17 15
17 16
17 15
17 16
17 15
18 15
18 14
18 15
19 15
19 16
19 15
20 15
19 15
19 16
18 16
18 17
17 17
17 18
17 19
16 19
16 20
15 20
16 20
16 21
16 22
17 22
17 23
16 23
15 23
14 23
14 22
14 21
15 21
15 20
16 20
17 20
18 20
18 21
17 21
17 22
17 23
18 23
18 22
18 23
19 23
19 22
18 22
18 21
18 22
18 23
19 23
18 23
17 23
17 24
17 25
16 25
17 25
17 24
17 25
16 25
16 24
15 24
14 24
13 24
14 24
13 24
13 23
14 23
13 23
12 23
13 23
13 22
13 23
12 23
13 23
13 24
12 24
11 24
11 25
12 25
12 26
11 26
10 26
11 26
10 26
9 26
9 25
9 26
8 26
9 26
10 26
10 27
11 27
11 26
10 26
10 25
9 25
8 25
9 25
8 25
7 25
8 25
7 25
8 25
8 26
7 26
8 26
8 27
9 27
10 27
11 27
12 27
12 26
11 26
11 27
12 27
12 26
13 26
12 26
12 27
13 27
13 28
14 28
14 29
14 28
15 28
16 28
16 29
15 29
14 29
15 29
14 29
14 28
14 29
14 30
15 30
16 30
16 29
15 29
14 29
14 28
13 28
13 27
13 26
14 26
14 27
14 26
14 25
14 26
15 26
16 26
17 26
17 27
17 28
18 28
19 28
20 28
21 28
22 28
21 28
21 29
21 28
22 28
23 28
23 29
23 30
23 31
22 31
23 31
23 32
24 32
23 32
22 32
23 32
23 31
23 30
22 30
21 30
21 31
21 32
21 33
21 34
21 33
22 33
23 33
22 33
23 33
23 34
23 35
23 34
22 34
22 33
22 34
21 34
20 34
21 34
21 35
22 35
23 35
23 34
22 34
23 34
22 34
23 34
23 33
24 33
23 33
22 33
23 33
23 32
23 33
23 32
22 32
21 32
21 33
22 33
22 34
21 34
21 35
21 34
20 34
20 35
19 35
19 34
20 34
19 34
19 33
19 34
19 35
19 36
20 36
20 37
20 38
19 38
19 37
20 37
19 37
19 36
19 37
19 36
20 36
19 36
19 37
19 36
19 35
19 36
19 35
19 36
20 36
20 35
21 35
20 35
19 35
19 36
20 36
21 36
21 37
21 38
21 39
20 39
20 40
21 40
20 40
20 41
20 42
21 42
20 42
20 43
20 44
19 44
19 43
18 43
18 42
18 41
17 41
17 40
16 40
15 40
15 39
15 38
14 38
13 38
13 37
14 37
15 37
15 36
15 37
15 36
15 37
15 36
15 37
14 37
14 38
13 38
12 38
11 38
11 39
12 39
11 39
12 39
12 38
11 38
11 37
11 36
12 36
12 35
13 35
12 35
12 36
11 36
10 36
11 36
11 37
11 36
11 37
10 37
11 37
11 36
12 36
12 35
12 34
12 33
12 32
12 31
13 31
14 31
14 30
13 30
12 30
11 30
10 30
10 31
11 31
11 30
11 31
10 31
10 30
10 29
11 29
10 29
10 28
9 28
9 29
9 30
9 29
9 30
9 29
10 29
10 30
9 30
9 31
9 32
10 32
10 31
10 30
9 30
9 29
10 29
10 30
11 30
11 29
11 30
10 30
10 29
11 29
11 30
11 31
11 32
11 33
12 33
13 33
12 33
13 33
14 33
15 33
15 32
16 32
16 33
15 33
15 32
15 33
14 33
13 33
13 34
13 33
14 33
14 34
14 35
14 34
14 33
14 32
14 33
15 33
14 33
13 33
12 33
13 33
12 33
13 33
13 32
13 31
13 30
14 30
14 29
15 29
15 28
14 28
14 29
13 29
13 28
12 28
12 27
12 26
13 26
14 26
15 26
14 26
15 26
14 26
14 27
13 27
14 27
13 27
13 26
13 27
14 27
15 27
15 28
16 28
17 28
16 28
16 27
17 27
17 28
16 28
16 27
16 28
16 27
15 27
15 28
15 27
16 27
17 27
18 27
19 27
20 27
20 28
21 28
21 29
21 30
21 31
21 30
21 31
21 30
21 29
22 29
23 29
22 29
23 29
23 30
23 29
22 29
21 29
22 29
22 28
22 27
22 28
23 28
24 28
25 28
24 28
24 29
24 28
23 28
23 29
22 29
21 29
21 28
21 27
22 27
23 27
23 26
22 26
22 25
22 24
22 25
21 25
22 25
22 26
22 25
21 25
21 26
21 27
21 26
20 26
20 25
20 26
21 26
21 27
21 28
20 28
21 28
20 28
20 29
20 30
20 31
20 32
20 33
20 34
20 33
20 34
19 34
19 35
20 35
21 35
21 34
21 35
21 36
21 35
22 35
21 35
21 36
20 36
20 37
20 38
20 39
20 38
19 38
19 39
18 39
19 39
19 40
19 39
19 38
19 37
20 37
21 37
21 38
21 37
20 37
20 36
20 35
21 35
22 35
23 35
24 35
23 35
23 34
22 34
22 35
21 35
21 34
21 33
20 33
21 33
22 33
23 33
23 32
23 31
22 31
22 32
22 31
21 31
21 32
21 31
20 31
19 31
18 31
18 32
19 32
18 32
18 31
18 30
18 31
18 32
17 32
18 32
19 32
20 32
19 32
