0 0
1 0
2 0
2 1
1 1
0 1
0 0
0 1
0 2
0 1
1 1
0 1
0 2
0 1
0 2
1 2
2 2
3 2
4 2
5 2
5 3
6 3
6 2
7 2
8 2
9 2
9 1
9 0
10 0
11 0
11 1
11 0
10 0
11 0
10 0
10 1
11 1
10 1
11 1
11 0
10 0
10 1
9 1
10 1
10 2
11 2
11 1
11 2
11 3
10 3
10 4
10 3
10 4
10 3
10 4
11 4
10 4
9 4
8 4
8 5
8 6
8 5
8 4
9 4
9 5
9 6
10 6
10 7
11 7
11 6
11 7
10 7
10 6
10 5
11 5
12 5
11 5
12 5
11 5
11 6
11 7
12 7
12 6
13 6
14 6
13 6
13 7
14 7
14 8
14 7
14 8
15 8
15 9
16 9
17 9
17 8
17 7
18 7
18 6
19 6
19 7
19 6
19 7
19 8
19 7
20 7
20 6
20 5
19 5
20 5
21 5
21 6
20 6
20 5
21 5
21 6
21 5
22 5
22 6
22 5
22 4
22 3
23 3
24 3
24 4
23 4
22 4
22 3
23 3
24 3
24 4
25 4
25 3
25 2
25 3
24 3
24 2
24 3
24 4
23 4
24 4
23 4
23 3
22 3
22 2
22 3
23 3
23 2
23 3
22 3
23 3
23 4
23 5
23 6
24 6
23 6
23 7
23 8
23 9
23 8
23 7
24 7
24 8
25 8
25 7
25 8
26 8
25 8
25 7
24 7
23 7
23 8
23 7
22 7
21 7
21 8
22 8
22 9
21 9
21 8
20 8
19 8
20 8
20 7
20 8
21 8
20 8
20 9
20 10
20 11
20 10
20 9
20 10
19 10
20 10
21 10
20 10
21 10
22 10
23 10
22 10
22 11
22 12
23 12
24 12
24 11
24 12
24 11
23 11
23 12
23 11
23 10
24 10
24 9
23 9
24 9
24 8
25 8
25 7
24 7
24 8
23 8
22 8
23 8
23 9
24 9
24 10
24 9
25 9
25 10
24 10
24 11
25 11
25 10
24 10
24 9
24 8
23 8
24 8
25 8
25 9
26 9
25 9
25 8
24 8
24 7
24 6
23 6
24 6
25 6
25 5
26 5
27 5
28 5
29 5
30 5
30 4
31 4
31 3
30 3
30 2
30 1
31 1
30 1
31 1
32 1
32 2
32 3
32 2
33 2
34 2
35 2
35 3
34 3
33 3
32 3
31 3
31 2
30 2
29 2
29 1
29 0
30 0
30 1
30 0
31 0
31 1
32 1
33 1
34 1
34 0
33 0
32 0
32 1
33 1
34 1
34 2
35 2
35 3
36 3
36 4
36 5
35 5
35 6
35 5
36 5
37 5
36 5
35 5
36 5
36 4
36 3
37 3
37 4
37 5
36 5
35 5
35 6
36 6
36 5
36 4
37 4
37 3
38 3
38 2
38 1
37 1
37 0
38 0
37 0
36 0
35 0
36 0
35 0
36 0
36 1
37 1
37 0
38 0
37 0
36 0
35 0
35 1
35 2
35 3
36 3
36 2
35 2
35 1
36 1
36 0
36 1
37 1
37 0
36 0
36 1
36 0
37 0
37 1
36 1
35 1
35 0
35 1
34 1
33 1
33 0
33 1
34 1
34 2
33 2
33 1
33 2
33 1
34 1
33 1
34 1
34 0
35 0
36 0
37 0
38 0
38 1
38 2
37 2
38 2
37 2
36 2
36 1
36 2
35 2
35 1
35 2
36 2
36 1
35 1
36 1
36 0
36 1
35 1
35 2
36 2
35 2
36 2
37 2
37 3
37 4
38 4
39 4
38 4
38 5
37 5
37 6
36 6
35 6
34 6
34 5
34 6
34 5
34 6
35 6
36 6
36 7
36 6
35 6
35 5
36 5
35 5
35 6
35 5
35 4
35 5
35 6
34 6
35 6
35 7
34 7
33 7
34 7
34 6
35 6
35 7
34 7
35 7
34 7
35 7
36 7
36 8
36 7
37 7
36 7
37 7
37 8
37 7
37 8
36 8
35 8
36 8
35 8
35 7
35 6
35 7
35 6
35 7
36 7
36 6
35 6
35 7
34 7
35 7
35 6
36 6
36 7
37 7
37 6
37 7
36 7
36 6
36 5
37 5
37 6
37 5
36 5
36 6
36 5
36 4
36 5
36 6
36 7
35 7
34 7
35 7
35 6
34 6
34 7
34 6
34 7
35 7
34 7
35 7
35 8
35 7
36 7
37 7
38 7
37 7
37 6
38 6
38 7
38 8
39 8
38 8
38 9
38 10
38 9
37 9
37 8
36 8
35 8
35 9
36 9
37 9
36 9
37 9
38 9
37 9
37 8
37 7
38 7
39 7
39 8
40 8
40 7
39 7
39 8
40 8
41 8
40 8
40 9
40 8
40 9
40 10
41 10
41 11
41 10
40 10
39 10
38 10
38 11
38 12
38 13
39 13
39 14
39 13
39 14
38 14
39 14
39 13
39 12
38 12
37 12
37 13
38 13
39 13
40 13
40 14
41 14
41 13
42 13
42 12
42 13
43 13
43 12
44 12
44 13
45 13
45 12
46 12
45 12
44 12
45 12
45 11
45 12
46 12
46 13
47 13
47 14
47 13
46 13
45 13
46 13
47 13
47 14
47 13
47 12
46 12
45 12
45 13
46 13
47 13
46 13
45 13
46 13
45 13
45 14
46 14
46 13
45 13
45 14
44 14
44 13
43 13
42 13
43 13
43 12
43 11
44 11
44 12
45 12
45 11
46 11
46 12
45 12
46 12
46 13
46 12
45 12
46 12
46 13
46 14
46 13
47 13
47 12
46 12
47 12
46 12
47 12
46 12
46 13
45 13
44 13
45 13
46 13
46 12
46 11
45 11
45 10
45 11
44 11
45 11
46 11
46 12
46 13
46 14
47 14
47 15
48 15
49 15
49 14
50 14
51 14
50 14
50 15
50 14
49 14
48 14
49 14
48 14
49 14
49 13
48 13
47 13
48 13
47 13
47 12
46 12
45 12
45 13
45 12
45 13
46 13
46 14
45 14
46 14
46 15
45 15
45 16
46 16
46 15
47 15
47 14
46 14
46 13
46 14
46 13
46 12
47 12
48 12
48 13
48 12
48 13
48 14
48 13
48 12
47 12
47 11
47 10
46 10
46 11
47 11
47 12
47 11
48 11
49 11
49 10
49 9
49 10
50 10
50 9
51 9
52 9
52 8
52 9
52 10
52 9
52 10
52 9
52 8
52 9
52 8
51 8
52 8
52 9
52 10
53 10
53 11
53 10
53 11
53 10
53 9
53 10
53 9
53 10
52 10
52 11
52 10
52 11
51 11
50 11
50 12
50 11
50 12
50 11
49 11
49 10
49 11
48 11
47 11
47 10
48 10
48 9
47 9
46 9
46 8
46 7
45 7
45 8
44 8
44 9
44 8
44 9
44 10
44 11
45 11
44 11
44 12
44 13
44 14
43 14
42 14
41 14
41 15
42 15
42 16
42 15
43 15
44 15
44 16
44 17
43 17
43 18
44 18
44 19
44 20
44 21
43 21
43 22
43 23
42 23
43 23
44 23
43 23
42 23
42 24
42 25
43 25
43 24
43 25
43 26
42 26
41 26
41 27
42 27
42 26
42 25
43 25
44 25
45 25
45 26
45 27
46 27
45 27
44 27
43 27
42 27
42 26
41 26
40 26
40 27
39 27
38 27
38 26
38 25
38 24
38 25
38 24
37 24
36 24
37 24
37 25
36 25
36 26
35 26
34 26
34 27
35 27
35 26
34 26
34 27
35 27
34 27
34 28
35 28
35 29
36 29
35 29
35 30
35 29
34 29
35 29
35 28
35 27
34 27
34 28
35 28
36 28
37 28
37 27
37 28
36 28
37 28
37 27
36 27
36 26
35 26
35 25
35 26
34 26
34 27
33 27
34 27
34 26
34 25
33 25
33 24
32 24
32 25
33 25
33 26
33 27
33 28
32 28
33 28
33 27
33 28
33 27
32 27
31 27
31 28
31 27
32 27
33 27
34 27
34 28
35 28
34 28
35 28
34 28
33 28
33 27
33 28
34 28
33 28
32 28
32 27
31 27
31 28
31 29
31 28
31 27
32 27
32 26
32 25
32 24
33 24
33 23
34 23
33 23
33 24
34 24
34 25
34 24
34 23
34 22
34 21
33 21
33 22
33 23
33 22
33 21
33 20
34 20
34 21
35 21
35 22
35 23
36 23
35 23
35 22
35 23
35 24
35 25
35 24
35 23
35 24
34 24
34 25
34 24
34 25
33 25
34 25
33 25
34 25
33 25
34 25
35 25
34 25
34 24
34 25
34 24
34 23
34 22
34 23
34 24
33 24
34 24
34 25
34 24
34 25
34 26
33 26
33 27
33 26
32 26
32 25
32 26
33 26
34 26
34 25
35 25
35 24
35 25
35 26
36 26
37 26
37 27
37 28
37 29
37 30
37 31
38 31
