0 0
1 0
2 0
3 0
3 1
3 0
3 1
4 1
3 1
3 0
3 1
4 1
4 2
4 1
4 0
4 1
3 1
4 1
4 2
4 1
5 1
6 1
6 2
6 1
7 1
6 1
7 1
6 1
6 0
6 1
7 1
6 1
6 0
6 1
7 1
6 1
7 1
7 2
7 1
8 1
8 2
8 3
8 2
8 3
8 4
8 3
7 3
7 4
8 4
8 5
8 4
8 3
8 2
8 3
8 2
9 2
10 2
10 1
10 0
9 0
9 1
8 1
7 1
7 2
8 2
8 3
8 2
8 1
8 2
8 3
7 3
7 4
7 3
7 2
7 1
7 2
8 2
8 3
9 3
10 3
10 4
9 4
8 4
8 5
8 4
8 3
8 4
9 4
10 4
11 4
11 3
11 2
10 2
11 2
10 2
11 2
11 3
11 2
10 2
9 2
9 1
9 0
10 0
10 1
9 1
9 2
10 2
9 2
10 2
11 2
11 1
10 1
10 2
11 2
11 1
12 1
13 1
14 1
14 0
13 0
12 0
13 0
13 1
12 1
11 1
11 0
12 0
12 1
12 0
12 1
12 2
13 2
13 3
14 3
15 3
15 4
15 3
16 3
15 3
14 3
14 4
14 5
14 4
14 5
13 5
13 4
13 5
12 5
13 5
14 5
14 4
14 5
14 6
14 5
15 5
15 6
15 5
16 5
16 6
16 7
16 8
16 7
16 8
16 9
15 9
15 8
15 9
16 9
17 9
18 9
18 10
17 10
17 9
16 9
17 9
17 10
17 11
17 12
17 13
18 13
19 13
19 12
18 12
18 11
17 11
17 10
17 9
17 10
18 10
19 10
18 10
18 11
17 11
18 11
17 11
18 11
17 11
18 11
18 12
17 12
16 12
17 12
18 12
17 12
18 12
18 13
19 13
18 13
19 13
20 13
21 13
21 14
22 14
23 14
23 15
24 15
23 15
23 16
23 17
24 17
25 17
25 16
26 16
27 16
26 16
25 16
24 16
24 15
24 14
23 14
23 13
23 12
24 12
24 13
24 14
24 13
23 13
23 12
23 13
24 13
25 13
26 13
26 12
26 11
25 11
24 11
24 12
24 11
24 12
24 13
24 12
25 12
25 13
25 12
25 11
25 10
25 9
24 9
24 10
23 10
23 9
24 9
24 8
24 9
24 8
25 8
24 8
24 7
24 6
24 7
24 8
25 8
25 7
25 8
26 8
25 8
25 9
26 9
25 9
24 9
24 8
23 8
22 8
22 7
22 8
21 8
21 9
20 9
20 10
20 11
21 11
21 10
22 10
22 9
23 9
23 10
23 9
23 8
23 9
22 9
22 8
21 8
21 7
22 7
23 7
22 7
22 6
21 6
21 5
21 6
21 5
21 4
22 4
23 4
22 4
22 3
21 3
20 3
19 3
20 3
21 3
21 2
22 2
21 2
22 2
21 2
21 3
21 2
21 3
20 3
21 3
22 3
21 3
21 2
21 1
20 1
19 1
20 1
21 1
22 1
22 0
22 1
22 0
22 1
22 2
22 1
21 1
21 2
22 2
22 1
22 2
23 2
22 2
22 3
23 3
24 3
23 3
24 3
24 4
24 5
24 6
24 5
24 4
24 5
24 6
24 5
25 5
26 5
26 4
26 5
26 4
25 4
26 4
26 3
25 3
25 4
25 3
24 3
24 2
25 2
26 2
25 2
26 2
25 2
25 1
24 1
23 1
23 2
24 2
24 1
25 1
26 1
27 1
26 1
26 0
26 1
25 1
26 1
27 1
28 1
28 0
28 1
27 1
27 2
28 2
29 2
29 1
29 0
28 0
29 0
29 1
29 2
29 3
29 2
29 1
28 1
27 1
26 1
25 1
24 1
25 1
24 1
23 1
23 2
22 2
23 2
22 2
22 1
22 2
22 1
23 1
23 2
24 2
24 3
24 2
24 3
24 4
25 4
25 3
24 3
23 3
24 3
24 2
25 2
25 3
25 2
25 3
25 2
24 2
23 2
22 2
22 1
23 1
22 1
22 2
22 3
21 3
22 3
23 3
22 3
22 4
22 3
22 2
22 3
22 2
21 2
22 2
21 2
20 2
20 1
20 0
21 0
21 1
21 0
21 1
20 1
20 0
20 1
20 2
20 1
21 1
21 2
20 2
21 2
22 2
22 1
21 1
20 1
20 2
21 2
20 2
21 2
22 2
23 2
23 1
23 0
22 0
22 1
22 2
22 3
23 3
24 3
24 2
24 3
25 3
25 2
26 2
25 2
25 1
25 2
25 3
25 2
24 2
24 3
24 4
24 5
23 5
23 4
23 5
24 5
25 5
25 6
25 7
24 7
23 7
23 8
23 9
24 9
24 10
25 10
24 10
24 11
24 10
23 10
23 11
24 11
24 12
25 12
24 12
25 12
24 12
24 11
23 11
23 10
24 10
23 10
23 11
24 11
24 12
24 13
25 13
25 12
25 13
26 13
26 12
26 13
25 13
25 14
25 15
25 14
24 14
24 15
24 16
23 16
23 15
22 15
23 15
23 16
23 17
22 17
22 18
21 18
22 18
22 19
21 19
20 19
20 18
19 18
19 19
19 18
18 18
17 18
17 19
17 18
16 18
16 17
17 17
17 18
17 17
16 17
16 16
16 17
16 18
16 17
17 17
17 16
18 16
17 16
18 16
18 17
19 17
19 18
19 17
18 17
18 16
19 16
19 15
20 15
20 14
21 14
22 14
23 14
24 14
24 13
24 12
24 13
23 13
23 14
23 15
23 16
23 17
22 17
22 18
22 19
23 19
24 19
24 20
23 20
23 19
24 19
25 19
26 19
26 18
26 19
27 19
27 20
28 20
27 20
26 20
27 20
27 21
27 20
28 20
28 19
29 19
28 19
28 18
27 18
27 19
28 19
28 20
28 19
28 18
28 17
28 18
28 19
28 18
27 18
28 18
29 18
30 18
30 19
30 18
29 18
30 18
29 18
28 18
29 18
28 18
29 18
28 18
29 18
30 18
30 17
31 17
30 17
31 17
31 16
31 15
32 15
32 16
33 16
32 16
31 16
32 16
32 15
31 15
31 14
32 14
32 13
33 13
33 12
34 12
34 13
34 14
34 15
33 15
33 16
33 17
34 17
34 16
34 17
35 17
36 17
37 17
38 17
38 16
38 17
38 18
38 17
37 17
37 16
38 16
38 17
37 17
36 17
36 16
36 15
37 15
36 15
35 15
36 15
36 16
36 15
37 15
38 15
39 15
39 16
39 17
39 18
38 18
38 17
39 17
39 16
39 15
39 14
38 14
38 13
37 13
38 13
38 12
39 12
39 11
40 11
40 10
39 10
40 10
41 10
40 10
41 10
41 11
42 11
41 11
41 12
41 11
40 11
40 12
39 12
39 11
39 10
38 10
38 9
38 10
38 9
39 9
40 9
40 10
40 9
40 8
40 7
40 6
41 6
42 6
43 6
42 6
41 6
42 6
41 6
42 6
42 7
42 6
42 7
42 6
42 5
42 6
42 7
42 6
41 6
41 5
40 5
41 5
41 6
41 5
41 4
42 4
42 5
43 5
42 5
41 5
42 5
42 4
41 4
41 3
40 3
39 3
39 2
38 2
38 3
37 3
38 3
37 3
38 3
38 4
38 5
38 6
38 7
37 7
36 7
36 8
36 9
35 9
35 10
34 10
33 10
33 11
34 11
35 11
34 11
35 11
35 10
34 10
34 11
34 10
34 9
33 9
33 8
34 8
34 7
35 7
35 8
34 8
35 8
36 8
36 9
36 8
37 8
36 8
36 9
35 9
36 9
37 9
36 9
36 10
36 11
36 12
36 11
37 11
37 12
36 12
35 12
34 12
33 12
34 12
34 13
33 13
34 13
35 13
35 14
35 13
35 14
35 15
35 16
35 17
35 18
35 17
35 18
35 19
35 20
36 20
36 21
37 21
37 20
38 20
37 20
37 19
37 18
37 17
36 17
35 17
36 17
35 17
35 18
36 18
36 17
36 16
36 17
35 17
35 16
35 15
36 15
36 16
35 16
35 15
36 15
37 15
38 15
39 15
39 16
39 17
40 17
40 16
40 17
40 16
41 16
42 16
43 16
42 16
42 17
41 17
40 17
39 17
38 17
39 17
40 17
40 16
39 16
40 16
40 15
40 16
40 17
40 18
40 19
41 19
40 19
40 18
41 18
40 18
39 18
39 19
40 19
41 19
40 19
40 18
40 19
40 20
40 21
40 22
40 21
41 21
41 22
40 22
39 22
38 22
39 22
40 22
40 21
40 22
39 22
40 22
40 21
41 21
42 21
42 22
42 23
42 22
42 23
43 23
42 23
41 23
41 22
42 22
42 23
43 23
43 24
43 23
43 24
44 24
43 24
42 24
43 24
43 23
43 22
42 22
41 22
41 21
40 21
39 21
38 21
38 20
38 21
38 20
37 20
37 19
37 20
36 20
36 21
37 21
38 21
39 21
39 20
