0 0
0 1
0 0
0 1
1 1
1 2
1 3
0 3
1 3
0 3
0 4
0 3
0 4
1 4
1 5
2 5
1 5
1 6
1 5
1 4
2 4
3 4
4 4
5 4
4 4
4 3
3 3
2 3
1 3
1 4
0 4
0 3
0 4
1 4
1 3
1 4
1 5
1 6
2 6
3 6
3 5
3 6
3 7
3 6
4 6
4 7
4 8
3 8
4 8
3 8
2 8
3 8
4 8
4 7
4 8
4 7
4 6
5 6
4 6
3 6
2 6
2 5
2 6
3 6
2 6
1 6
1 7
1 8
2 8
3 8
4 8
3 8
3 9
3 10
3 11
2 11
2 10
1 10
1 11
2 11
3 11
2 11
1 11
1 10
2 10
2 11
1 11
1 10
0 10
1 10
1 9
1 10
0 10
1 10
1 11
1 12
1 13
1 14
0 14
0 13
0 14
0 15
0 16
0 15
0 16
1 16
0 16
1 16
2 16
2 17
1 17
0 17
1 17
2 17
3 17
2 17
3 17
2 17
2 18
2 19
2 18
2 19
3 19
3 18
3 17
2 17
3 17
3 18
3 19
3 20
3 21
3 22
3 23
4 23
4 22
4 21
4 20
4 19
5 19
4 19
4 18
4 17
3 17
3 18
3 17
3 16
2 16
2 17
3 17
3 18
3 19
3 20
3 19
2 19
2 18
3 18
3 19
4 19
4 20
5 20
4 20
4 19
4 18
4 19
3 19
4 19
4 18
4 17
5 17
4 17
4 18
4 19
4 20
4 19
4 18
4 19
5 19
5 20
5 21
5 20
5 19
5 18
6 18
6 17
6 16
7 16
7 15
8 15
9 15
9 14
9 15
9 14
10 14
9 14
8 14
7 14
8 14
8 13
9 13
9 12
10 12
9 12
9 13
8 13
8 14
8 15
9 15
9 16
9 15
9 14
9 13
10 13
10 14
11 14
12 14
12 13
12 14
12 13
11 13
11 14
11 15
10 15
10 14
9 14
9 13
9 12
10 12
10 11
9 11
10 11
11 11
11 12
11 11
11 10
11 11
12 11
12 10
12 11
11 11
12 11
13 11
13 10
13 11
13 10
13 11
14 11
15 11
16 11
17 11
18 11
17 11
16 11
17 11
17 12
18 12
18 11
18 10
19 10
19 9
20 9
20 10
19 10
18 10
18 11
17 11
18 11
19 11
18 11
18 12
19 12
20 12
20 13
20 14
20 13
19 13
18 13
18 12
19 12
19 13
19 14
19 13
19 14
20 14
19 14
19 13
20 13
19 13
19 12
19 11
18 11
18 12
18 13
19 13
20 13
21 13
21 14
20 14
21 14
20 14
20 13
21 13
20 13
20 12
19 12
18 12
19 12
20 12
19 12
18 12
18 11
18 12
18 11
17 11
18 11
18 12
17 12
16 12
16 13
16 14
15 14
16 14
17 14
16 14
16 13
15 13
15 14
15 15
16 15
17 15
17 16
18 16
18 17
19 17
20 17
21 17
20 17
19 17
19 18
19 17
20 17
19 17
20 17
20 16
20 17
19 17
18 17
17 17
17 18
17 19
18 19
18 20
17 20
16 20
16 19
16 18
16 19
17 19
16 19
16 18
16 19
15 19
15 18
16 18
17 18
17 17
17 16
17 17
16 17
15 17
15 18
15 17
16 17
16 16
17 16
17 17
17 16
16 16
17 16
16 16
15 16
14 16
13 16
14 16
13 16
13 17
12 17
12 18
13 18
13 19
12 19
12 18
12 17
12 18
13 18
13 19
12 19
12 18
12 19
12 18
13 18
13 17
12 17
13 17
12 17
12 16
12 17
11 17
11 16
11 17
11 16
11 15
10 15
9 15
9 16
9 17
9 18
8 18
8 17
9 17
10 17
11 17
11 16
11 17
10 17
10 18
9 18
9 19
9 18
8 18
8 17
8 16
8 15
8 16
7 16
7 15
6 15
7 15
8 15
9 15
10 15
10 16
9 16
9 15
9 16
10 16
10 17
11 17
11 18
10 18
10 17
10 16
10 17
11 17
11 16
11 17
11 18
11 17
11 16
11 15
11 16
11 17
11 18
11 17
10 17
10 16
11 16
12 16
12 15
13 15
14 15
13 15
12 15
12 16
12 15
13 15
13 14
12 14
13 14
13 15
12 15
11 15
10 15
9 15
9 16
9 15
8 15
9 15
10 15
11 15
10 15
10 16
9 16
8 16
8 15
9 15
10 15
10 16
10 17
11 17
11 16
11 17
11 16
12 16
11 16
11 17
12 17
11 17
12 17
12 18
12 19
12 20
12 19
13 19
13 20
13 21
12 21
12 20
13 20
14 20
15 20
16 20
16 21
16 22
15 22
15 23
15 22
15 21
14 21
15 21
16 21
16 20
17 20
17 19
17 20
17 21
16 21
15 21
16 21
17 21
17 20
17 19
17 18
17 19
17 20
17 19
18 19
18 18
19 18
19 17
20 17
20 16
20 15
21 15
21 14
20 14
21 14
21 13
21 14
21 15
21 16
21 17
22 17
22 16
21 16
21 17
21 18
21 17
20 17
21 17
22 17
22 18
23 18
23 17
23 18
23 17
22 17
21 17
21 16
21 17
21 16
20 16
21 16
21 15
22 15
23 15
24 15
24 16
24 17
25 17
25 18
26 18
26 19
27 19
26 19
25 19
24 19
24 18
23 18
23 17
22 17
21 17
21 16
21 15
21 16
20 16
20 17
19 17
18 17
19 17
20 17
21 17
20 17
20 16
21 16
21 15
21 16
21 17
21 16
21 15
22 15
21 15
22 15
21 15
22 15
23 15
23 16
24 16
25 16
25 15
26 15
26 16
25 16
25 17
24 17
24 18
25 18
25 19
24 19
24 18
24 19
24 20
24 19
24 20
23 20
22 20
22 19
22 18
23 18
23 17
24 17
25 17
24 17
25 17
25 18
24 18
24 19
23 19
23 20
22 20
22 21
22 20
22 21
21 21
22 21
22 20
23 20
24 20
24 19
23 19
24 19
24 20
24 19
24 18
23 18
22 18
23 18
23 17
22 17
23 17
24 17
23 17
23 16
23 15
23 16
22 16
23 16
23 17
23 18
22 18
22 19
22 20
21 20
21 21
21 20
21 19
21 18
21 19
21 20
21 19
20 19
21 19
21 20
22 20
23 20
23 21
23 20
24 20
23 20
23 21
23 20
24 20
25 20
25 19
26 19
26 18
25 18
24 18
24 17
24 18
25 18
25 17
24 17
23 17
23 16
23 17
23 16
23 15
23 16
23 17
24 17
23 17
22 17
23 17
22 17
23 17
23 18
22 18
22 17
22 16
21 16
22 16
22 17
23 17
23 18
23 19
22 19
23 19
23 20
24 20
24 19
23 19
22 19
22 20
21 20
21 19
21 20
22 20
23 20
23 19
23 18
23 17
23 18
23 17
24 17
25 17
25 16
26 16
27 16
27 17
28 17
28 18
28 17
28 16
28 15
28 16
29 16
29 17
28 17
27 17
28 17
28 16
28 17
27 17
27 18
26 18
25 18
24 18
25 18
25 19
25 18
25 19
24 19
23 19
23 18
23 19
24 19
24 18
24 19
25 19
25 20
24 20
23 20
24 20
23 20
23 19
24 19
23 19
23 18
23 19
23 18
23 19
23 18
24 18
24 19
25 19
25 20
25 21
26 21
26 20
26 21
25 21
25 22
25 23
24 23
23 23
24 23
23 23
23 24
23 25
24 25
25 25
26 25
26 24
26 25
26 24
27 24
27 23
28 23
27 23
26 23
26 22
26 23
27 23
27 24
28 24
28 23
28 24
28 25
28 24
28 25
29 25
28 25
28 26
29 26
30 26
30 27
31 27
31 28
30 28
30 27
30 26
30 25
31 25
31 26
31 25
31 26
32 26
32 25
32 26
32 27
32 26
32 27
33 27
34 27
33 27
33 28
34 28
34 29
34 28
35 28
35 27
36 27
35 27
35 26
34 26
35 26
36 26
36 27
36 26
37 26
38 26
39 26
38 26
37 26
36 26
37 26
38 26
37 26
37 25
36 25
36 26
37 26
38 26
37 26
38 26
38 27
38 26
37 26
37 27
37 28
37 27
36 27
37 27
38 27
38 28
38 29
38 30
38 31
38 30
38 29
38 30
38 31
39 31
39 32
40 32
39 32
39 33
38 33
37 33
37 32
37 33
36 33
35 33
36 33
36 32
36 33
37 33
38 33
39 33
40 33
40 34
40 33
39 33
40 33
39 33
40 33
40 32
41 32
40 32
39 32
38 32
37 32
36 32
35 32
34 32
35 32
34 32
34 33
33 33
34 33
34 32
33 32
33 31
33 30
34 30
34 31
33 31
33 30
33 29
33 30
33 31
33 30
34 30
34 29
34 30
33 30
33 29
34 29
33 29
32 29
32 30
32 29
32 30
32 29
31 29
30 29
31 29
31 28
30 28
29 28
28 28
27 28
27 29
27 30
28 30
28 31
28 30
27 30
27 29
28 29
