0 0
0 1
1 1
1 0
1 1
0 1
0 0
1 0
1 1
0 1
0 0
0 1
0 0
1 0
1 1
2 1
3 1
2 1
3 1
2 1
2 2
2 1
3 1
3 0
3 1
4 1
4 2
5 2
5 3
6 3
5 3
5 2
4 2
4 1
3 1
4 1
4 0
5 0
5 1
5 2
4 2
5 2
5 1
4 1
5 1
5 0
5 1
5 2
6 2
6 3
6 2
5 2
6 2
7 2
7 3
7 2
7 1
7 0
8 0
9 0
10 0
10 1
10 0
11 0
11 1
10 1
10 2
11 2
11 3
12 3
12 2
11 2
12 2
13 2
12 2
13 2
14 2
14 3
13 3
14 3
13 3
13 4
14 4
15 4
16 4
15 4
16 4
16 5
16 4
15 4
15 5
16 5
15 5
16 5
16 4
15 4
16 4
17 4
16 4
16 5
16 4
16 3
16 2
17 2
17 1
17 0
16 0
15 0
14 0
15 0
15 1
16 1
16 0
15 0
16 0
16 1
15 1
16 1
17 1
17 2
18 2
18 3
18 4
17 4
17 5
17 6
18 6
17 6
17 7
18 7
19 7
19 8
19 9
18 9
19 9
19 8
19 9
18 9
17 9
17 8
18 8
18 7
19 7
19 8
19 7
19 8
19 7
19 6
20 6
20 7
20 6
20 5
19 5
19 6
19 5
19 4
20 4
20 3
20 4
20 3
21 3
21 2
21 1
21 2
21 1
21 0
20 0
19 0
20 0
20 1
20 2
20 3
20 2
20 1
20 2
20 3
21 3
21 4
22 4
23 4
23 3
23 2
24 2
24 3
23 3
23 4
24 4
24 5
24 6
24 5
23 5
22 5
21 5
21 4
20 4
19 4
20 4
20 3
21 3
21 2
21 1
21 2
21 3
21 2
22 2
21 2
20 2
20 1
19 1
19 2
19 1
20 1
19 1
18 1
18 2
18 3
18 2
19 2
20 2
19 2
19 1
19 2
19 3
19 2
19 1
18 1
18 2
18 3
18 2
18 3
18 2
18 1
18 0
18 1
17 1
17 0
17 1
18 1
19 1
19 2
18 2
19 2
19 3
19 2
20 2
21 2
20 2
19 2
19 1
19 0
20 0
20 1
19 1
18 1
19 1
20 1
20 0
20 1
21 1
21 0
21 1
21 0
21 1
21 2
20 2
20 3
20 4
21 4
22 4
22 3
22 4
22 5
21 5
21 4
20 4
21 4
20 4
20 3
20 4
19 4
20 4
19 4
19 5
19 6
19 5
19 4
20 4
21 4
21 5
20 5
19 5
19 4
20 4
21 4
22 4
22 3
23 3
23 4
23 5
22 5
22 6
22 5
21 5
21 4
22 4
23 4
23 5
23 4
23 5
24 5
23 5
23 6
23 7
22 7
22 8
22 9
21 9
21 8
22 8
22 7
22 6
22 7
23 7
23 8
23 7
23 6
23 5
23 4
23 5
23 6
23 5
23 6
22 6
23 6
23 7
24 7
24 8
24 9
23 9
24 9
24 8
25 8
26 8
27 8
26 8
25 8
25 9
25 10
25 11
26 11
26 12
26 13
27 13
27 14
27 15
27 14
27 13
27 12
27 13
28 13
28 12
29 12
29 11
28 11
27 11
27 12
28 12
28 11
28 12
27 12
27 11
28 11
28 12
29 12
29 11
30 11
31 11
31 10
31 11
31 10
32 10
32 11
32 12
32 11
32 10
33 10
32 10
31 10
31 9
31 8
31 9
31 10
30 10
29 10
29 11
30 11
30 12
31 12
32 12
33 12
34 12
34 13
34 12
35 12
36 12
37 12
37 11
36 11
35 11
34 11
35 11
35 12
35 13
34 13
35 13
34 13
34 12
33 12
33 13
33 14
34 14
34 15
34 16
34 15
33 15
34 15
34 14
34 13
35 13
36 13
36 14
36 15
37 15
36 15
37 15
37 14
36 14
36 13
36 14
37 14
37 13
38 13
37 13
37 14
37 13
36 13
35 13
35 12
35 11
36 11
37 11
37 12
36 12
35 12
36 12
36 11
35 11
36 11
37 11
38 11
38 10
39 10
39 9
38 9
38 8
37 8
38 8
37 8
37 7
37 8
38 8
38 9
38 10
38 11
38 12
37 12
37 11
36 11
35 11
35 10
34 10
34 9
35 9
36 9
37 9
37 10
36 10
37 10
37 11
38 11
37 11
37 12
36 12
37 12
36 12
36 11
36 12
36 11
36 12
35 12
36 12
36 11
37 11
37 12
37 13
38 13
38 14
39 14
39 13
39 12
40 12
41 12
40 12
40 13
41 13
42 13
42 12
42 11
43 11
43 10
44 10
43 10
43 9
44 9
45 9
45 10
45 9
46 9
46 8
46 7
46 6
47 6
47 7
47 6
46 6
47 6
46 6
46 7
46 6
47 6
47 7
47 6
47 5
48 5
48 4
48 5
49 5
50 5
49 5
49 6
49 5
49 4
49 5
48 5
48 6
48 7
47 7
46 7
46 6
46 5
46 4
47 4
46 4
47 4
48 4
47 4
46 4
45 4
45 3
45 2
44 2
44 3
43 3
42 3
43 3
43 4
43 3
44 3
44 2
45 2
46 2
46 1
46 2
46 3
46 2
46 1
47 1
48 1
47 1
47 0
47 1
47 2
48 2
49 2
49 1
50 1
50 0
49 0
49 1
49 2
48 2
48 3
49 3
49 2
49 1
50 1
49 1
48 1
48 0
48 1
49 1
49 0
49 1
50 1
51 1
52 1
53 1
54 1
55 1
54 1
53 1
53 0
53 1
53 2
53 1
52 1
52 2
53 2
53 1
53 2
54 2
53 2
54 2
54 3
54 4
54 5
54 4
54 5
54 4
55 4
55 5
55 4
56 4
56 3
56 2
57 2
57 3
58 3
57 3
57 4
57 3
57 4
57 5
57 6
57 7
56 7
56 6
56 5
56 6
57 6
58 6
58 7
58 6
58 5
58 4
58 3
58 2
57 2
57 3
57 4
57 5
56 5
56 4
57 4
57 5
57 6
57 5
58 5
58 6
58 7
57 7
57 6
56 6
56 7
56 6
56 7
56 8
55 8
55 9
55 8
55 7
54 7
54 6
54 5
53 5
52 5
53 5
53 6
53 5
54 5
55 5
56 5
56 4
55 4
55 5
56 5
56 6
56 7
56 8
57 8
57 7
57 6
57 5
58 5
58 4
58 3
58 4
58 5
58 4
58 5
58 6
58 5
59 5
59 4
60 4
60 5
59 5
58 5
59 5
59 6
58 6
58 7
59 7
58 7
59 7
60 7
60 6
59 6
59 5
58 5
58 4
57 4
57 3
57 4
58 4
59 4
58 4
59 4
59 5
59 6
60 6
61 6
61 7
61 8
61 7
61 8
61 9
61 10
61 11
60 11
61 11
61 12
62 12
61 12
62 12
63 12
64 12
64 11
64 12
64 13
65 13
65 14
65 15
64 15
64 16
64 17
63 17
62 17
62 18
62 19
62 18
63 18
62 18
62 19
62 18
61 18
61 19
61 18
60 18
61 18
61 17
61 16
61 15
62 15
62 14
62 13
61 13
61 12
60 12
59 12
59 11
58 11
59 11
59 12
58 12
59 12
59 13
59 12
58 12
57 12
58 12
59 12
59 13
58 13
57 13
57 14
57 13
57 14
57 13
58 13
58 12
58 13
57 13
58 13
58 12
59 12
60 12
61 12
62 12
63 12
64 12
65 12
65 11
64 11
63 11
63 10
63 11
62 11
61 11
62 11
62 10
61 10
60 10
59 10
58 10
58 11
57 11
57 10
57 11
57 10
58 10
59 10
59 11
59 12
58 12
58 13
58 14
58 13
57 13
57 12
56 12
56 13
57 13
58 13
59 13
58 13
58 14
58 15
59 15
60 15
61 15
61 16
61 15
60 15
61 15
60 15
60 14
60 15
59 15
59 14
60 14
60 13
60 14
60 13
60 12
59 12
60 12
59 12
60 12
59 12
59 13
60 13
60 12
60 11
61 11
60 11
60 10
60 9
60 8
61 8
60 8
60 9
59 9
59 8
59 9
58 9
57 9
57 10
58 10
58 11
59 11
58 11
58 12
59 12
59 11
59 10
59 11
60 11
60 12
59 12
58 12
59 12
59 11
60 11
60 10
61 10
61 11
60 11
60 12
61 12
62 12
61 12
62 12
62 11
61 11
61 10
60 10
60 11
60 12
59 12
59 13
60 13
60 14
61 14
62 14
63 14
63 13
63 12
63 11
62 11
61 11
61 10
61 11
60 11
60 10
61 10
62 10
61 10
62 10
62 9
62 10
63 10
62 10
63 10
63 9
63 10
63 9
62 9
63 9
63 10
64 10
65 10
65 9
66 9
66 8
67 8
67 9
67 10
66 10
65 10
66 10
67 10
66 10
67 10
67 11
67 10
67 9
68 9
68 10
68 11
69 11
69 10
69 11
70 11
70 12
69 12
68 12
67 12
68 12
68 13
