0 0
0 1
0 2
1 2
0 2
1 2
1 1
0 1
0 0
1 0
1 1
0 1
1 1
1 0
1 1
0 1
0 2
0 1
0 0
0 1
0 0
1 0
2 0
3 0
2 0
2 1
2 0
2 1
2 2
2 1
3 1
3 2
4 2
3 2
2 2
2 1
3 1
3 2
3 1
3 2
3 3
3 2
3 3
2 3
3 3
3 2
4 2
4 3
5 3
5 2
5 3
4 3
4 2
5 2
6 2
5 2
5 3
5 4
5 5
6 5
7 5
7 6
6 6
5 6
5 7
6 7
6 8
5 8
5 7
6 7
7 7
7 8
8 8
9 8
9 7
8 7
8 6
8 7
7 7
7 6
8 6
9 6
10 6
11 6
12 6
12 5
12 4
12 5
11 5
11 6
11 5
11 6
12 6
13 6
14 6
14 5
13 5
13 4
12 4
13 4
14 4
15 4
14 4
14 3
14 2
15 2
15 3
15 4
15 3
15 2
15 1
15 2
15 3
15 2
16 2
16 1
16 2
16 3
17 3
18 3
17 3
17 2
16 2
15 2
16 2
16 3
16 2
17 2
17 3
17 4
17 3
18 3
18 4
17 4
18 4
18 3
17 3
18 3
18 4
18 3
18 2
18 1
18 0
18 1
18 2
17 2
16 2
16 3
17 3
17 2
18 2
17 2
17 1
18 1
18 0
18 1
19 1
20 1
20 2
21 2
21 1
22 1
23 1
23 2
23 3
22 3
22 4
21 4
20 4
20 3
21 3
20 3
21 3
22 3
22 2
22 3
22 4
23 4
23 5
24 5
25 5
26 5
26 4
27 4
28 4
27 4
27 5
27 6
26 6
27 6
26 6
27 6
28 6
27 6
27 5
28 5
27 5
26 5
26 6
26 5
25 5
25 6
25 5
26 5
27 5
26 5
25 5
25 6
24 6
24 7
23 7
22 7
23 7
23 6
22 6
21 6
21 5
20 5
20 4
19 4
20 4
21 4
22 4
23 4
23 3
24 3
24 2
23 2
23 3
24 3
24 4
25 4
25 3
25 4
24 4
23 4
23 5
24 5
24 6
23 6
24 6
24 7
24 8
24 7
24 8
24 9
24 8
24 9
24 8
24 9
24 8
25 8
24 8
25 8
25 9
25 10
25 11
25 12
24 12
24 11
25 11
24 11
23 11
23 12
23 13
24 13
24 12
24 13
23 13
24 13
24 14
24 15
24 16
23 16
24 16
23 16
23 15
24 15
24 14
23 14
23 13
23 14
24 14
23 14
23 15
24 15
24 14
23 14
23 15
23 16
22 16
23 16
24 16
23 16
24 16
23 16
23 17
24 17
24 18
24 17
23 17
22 17
21 17
20 17
20 18
20 17
20 18
20 19
20 20
19 20
19 19
19 18
19 17
20 17
20 18
21 18
21 17
21 16
22 16
22 17
22 16
23 16
23 15
24 15
23 15
23 14
22 14
23 14
23 15
22 15
21 15
22 15
22 14
23 14
24 14
25 14
25 15
24 15
24 16
24 17
24 16
25 16
24 16
25 16
26 16
26 17
25 17
25 16
25 15
25 14
25 13
25 14
24 14
25 14
26 14
25 14
26 14
26 13
26 14
27 14
27 15
27 16
27 15
28 15
28 16
29 16
29 15
30 15
30 16
30 15
30 14
30 13
30 12
29 12
30 12
29 12
28 12
28 11
28 12
28 11
29 11
29 12
28 12
29 12
29 11
30 11
30 10
30 9
30 10
29 10
30 10
30 11
30 10
29 10
30 10
29 10
29 11
28 11
27 11
27 12
27 13
27 12
27 13
26 13
26 12
25 12
26 12
26 11
27 11
27 12
27 13
27 12
26 12
25 12
24 12
24 13
23 13
23 12
23 11
23 12
23 13
23 14
24 14
23 14
23 15
22 15
22 16
22 15
23 15
22 15
21 15
20 15
20 14
20 15
21 15
20 15
21 15
22 15
21 15
21 14
21 15
20 15
20 16
20 17
20 16
20 15
21 15
20 15
21 15
21 16
21 15
21 16
21 17
22 17
22 16
23 16
23 15
23 16
23 17
22 17
21 17
21 16
21 15
20 15
19 15
20 15
20 14
20 13
20 12
21 12
21 13
21 12
22 12
21 12
21 13
22 13
21 13
22 13
21 13
21 12
20 12
21 12
20 12
19 12
18 12
18 13
17 13
17 14
16 14
17 14
18 14
18 15
19 15
19 16
20 16
20 17
20 18
21 18
20 18
20 19
20 18
21 18
21 17
21 16
22 16
21 16
21 17
22 17
23 17
22 17
22 16
22 17
21 17
22 17
23 17
23 16
24 16
24 15
24 16
24 15
23 15
23 14
23 13
24 13
24 14
25 14
26 14
27 14
27 15
27 16
27 17
28 17
28 18
28 17
28 18
28 19
29 19
28 19
28 18
28 19
29 19
30 19
30 20
30 21
30 22
30 21
30 22
29 22
29 21
28 21
28 22
29 22
29 21
30 21
30 22
30 23
29 23
28 23
27 23
28 23
28 22
27 22
27 23
27 22
28 22
29 22
29 21
29 20
29 19
29 20
28 20
29 20
30 20
30 21
30 22
30 23
31 23
32 23
33 23
33 22
33 21
33 22
32 22
31 22
30 22
31 22
31 21
31 20
32 20
32 21
32 22
33 22
32 22
33 22
33 21
32 21
33 21
33 22
33 23
33 22
34 22
34 23
34 24
34 23
33 23
33 24
33 25
34 25
33 25
34 25
35 25
36 25
37 25
37 24
38 24
39 24
39 23
39 22
40 22
40 21
40 22
40 23
39 23
39 22
38 22
39 22
40 22
41 22
42 22
42 21
42 20
42 19
42 20
43 20
44 20
45 20
46 20
46 21
46 22
46 21
46 20
45 20
45 19
44 19
44 20
44 21
43 21
43 20
43 19
43 18
43 17
44 17
44 18
44 19
45 19
45 18
45 17
45 18
45 19
46 19
46 18
47 18
46 18
47 18
48 18
47 18
47 17
48 17
49 17
50 17
49 17
49 16
49 15
49 16
49 17
50 17
50 16
50 17
50 16
51 16
51 17
51 16
52 16
53 16
52 16
51 16
52 16
51 16
51 15
50 15
49 15
49 14
49 13
50 13
50 14
50 15
49 15
49 14
49 15
49 14
49 15
49 14
49 15
50 15
50 14
50 13
50 12
51 12
51 11
50 11
50 10
50 9
49 9
49 10
50 10
50 11
51 11
51 12
51 13
51 12
51 11
50 11
50 12
49 12
48 12
48 11
48 12
47 12
47 13
46 13
47 13
47 12
47 11
47 10
46 10
46 9
46 10
45 10
44 10
43 10
43 9
44 9
43 9
43 8
43 9
43 10
43 11
43 10
43 11
44 11
43 11
43 10
44 10
45 10
44 10
44 11
44 10
45 10
45 11
44 11
44 10
45 10
45 11
44 11
44 10
44 11
43 11
43 10
43 11
43 10
43 9
44 9
44 8
45 8
45 9
45 10
46 10
45 10
45 9
45 8
46 8
47 8
47 9
48 9
49 9
50 9
51 9
50 9
51 9
51 8
52 8
52 7
53 7
54 7
54 6
54 7
55 7
55 6
54 6
55 6
56 6
56 5
57 5
57 4
58 4
59 4
59 3
58 3
57 3
58 3
59 3
60 3
59 3
60 3
60 4
60 5
61 5
60 5
59 5
59 6
59 5
59 6
58 6
59 6
59 7
59 8
59 7
58 7
58 6
58 7
58 8
58 7
59 7
59 6
60 6
60 5
60 6
61 6
61 7
60 7
59 7
60 7
61 7
62 7
63 7
63 8
64 8
65 8
64 8
65 8
65 9
65 10
64 10
63 10
64 10
64 9
63 9
64 9
64 8
63 8
63 9
64 9
64 8
64 7
64 8
64 7
65 7
66 7
65 7
64 7
63 7
63 8
63 9
63 8
64 8
64 7
65 7
66 7
66 6
66 5
67 5
67 4
66 4
65 4
64 4
65 4
65 3
65 4
65 3
65 4
65 5
64 5
65 5
66 5
66 6
65 6
64 6
64 7
65 7
65 8
65 7
65 8
65 7
64 7
64 6
63 6
63 7
63 6
64 6
64 7
64 8
65 8
66 8
65 8
65 7
66 7
66 8
66 7
65 7
66 7
65 7
65 6
64 6
65 6
66 6
65 6
65 5
65 6
65 5
65 6
64 6
65 6
64 6
65 6
64 6
64 5
64 4
65 4
65 5
65 6
66 6
66 5
65 5
66 5
65 5
65 6
64 6
65 6
65 7
65 6
66 6
67 6
67 7
68 7
67 7
67 8
67 7
67 6
66 6
67 6
66 6
66 5
66 4
66 5
65 5
65 4
64 4
65 4
65 3
65 2
65 1
65 2
64 2
63 2
63 1
64 1
64 2
64 1
63 1
63 2
63 1
63 0
64 0
64 1
65 1
64 1
63 1
64 1
64 2
64 3
65 3
64 3
65 3
64 3
63 3
64 3
63 3
64 3
64 4
65 4
