0 0
1 0
1 1
1 0
1 1
0 1
0 0
0 1
0 0
0 1
0 2
0 1
1 1
0 1
1 1
1 2
0 2
1 2
1 3
1 4
2 4
1 4
2 4
1 4
2 4
2 5
1 5
1 4
0 4
1 4
0 4
0 3
1 3
1 4
0 4
1 4
2 4
1 4
2 4
1 4
1 3
2 3
3 3
4 3
3 3
3 2
3 3
2 3
1 3
1 2
1 1
1 0
1 1
1 2
0 2
0 3
0 2
1 2
1 1
2 1
2 2
1 2
1 3
0 3
1 3
1 2
1 3
2 3
2 2
2 1
1 1
1 0
0 0
1 0
1 1
0 1
0 2
1 2
1 3
0 3
1 3
1 4
1 5
2 5
3 5
3 6
4 6
5 6
5 5
6 5
5 5
4 5
4 6
4 7
4 6
4 5
4 4
4 3
5 3
5 4
6 4
6 3
6 2
7 2
7 1
7 2
7 1
7 0
6 0
7 0
7 1
7 2
7 3
7 4
7 3
7 4
6 4
7 4
6 4
5 4
5 3
5 4
6 4
7 4
7 5
7 4
7 3
7 4
8 4
7 4
8 4
9 4
10 4
9 4
10 4
9 4
8 4
8 3
8 2
7 2
8 2
9 2
9 3
8 3
8 4
8 5
8 6
7 6
8 6
8 5
9 5
9 6
9 7
9 6
10 6
10 5
9 5
9 6
10 6
10 7
10 8
10 9
10 8
10 7
10 8
11 8
11 7
12 7
11 7
12 7
11 7
11 6
11 7
11 6
10 6
10 7
11 7
11 6
12 6
11 6
12 6
13 6
12 6
12 7
12 6
13 6
14 6
14 5
15 5
14 5
15 5
16 5
16 4
17 4
17 3
17 2
17 1
17 2
18 2
19 2
19 1
18 1
18 0
18 1
19 1
18 1
18 0
17 0
17 1
17 0
16 0
16 1
17 1
17 2
16 2
15 2
15 1
14 1
13 1
13 2
14 2
15 2
14 2
13 2
13 3
13 4
13 5
14 5
14 4
14 3
13 3
12 3
12 2
12 3
13 3
13 4
12 4
13 4
13 3
14 3
13 3
13 2
14 2
15 2
15 3
16 3
17 3
16 3
15 3
16 3
16 2
16 1
16 0
15 0
15 1
15 0
15 1
15 0
16 0
16 1
16 2
16 1
16 2
16 3
17 3
18 3
18 4
18 5
17 5
18 5
19 5
18 5
18 6
18 7
17 7
17 8
16 8
16 7
16 6
16 5
16 6
16 7
16 6
17 6
16 6
17 6
16 6
17 6
16 6
15 6
14 6
15 6
15 7
15 6
14 6
14 7
15 7
16 7
16 6
15 6
15 5
15 6
15 5
16 5
17 5
17 6
18 6
19 6
18 6
19 6
20 6
19 6
20 6
20 5
19 5
19 4
20 4
21 4
20 4
21 4
21 5
20 5
21 5
20 5
21 5
22 5
22 6
21 6
22 6
23 6
23 7
24 7
24 8
25 8
26 8
27 8
28 8
28 7
28 6
29 6
29 7
30 7
30 6
30 7
29 7
29 6
29 7
30 7
30 8
30 9
30 10
29 10
29 9
29 10
30 10
31 10
31 11
30 11
30 10
31 10
31 9
32 9
32 8
32 7
31 7
31 8
31 7
32 7
33 7
32 7
32 6
32 7
32 6
32 7
33 7
33 6
32 6
32 5
33 5
34 5
33 5
33 6
34 6
33 6
34 6
33 6
33 7
33 8
34 8
33 8
32 8
31 8
32 8
31 8
31 7
30 7
31 7
32 7
31 7
32 7
31 7
31 8
31 9
30 9
30 8
31 8
31 9
31 10
32 10
32 9
32 8
31 8
31 9
32 9
32 10
32 9
33 9
33 10
33 11
33 10
33 9
34 9
34 10
33 10
33 9
32 9
31 9
31 8
31 9
31 10
32 10
32 9
32 8
31 8
31 9
31 10
31 9
32 9
31 9
31 10
31 9
31 8
31 9
30 9
30 8
31 8
31 7
30 7
30 8
29 8
28 8
28 9
28 8
28 7
28 8
28 9
28 8
28 9
28 10
28 9
29 9
29 8
30 8
31 8
31 9
31 10
30 10
30 9
29 9
28 9
28 10
28 11
28 10
28 9
27 9
28 9
27 9
27 8
28 8
28 9
29 9
30 9
30 8
30 9
30 8
30 9
31 9
31 8
32 8
32 7
32 8
31 8
32 8
31 8
32 8
31 8
30 8
30 7
30 6
30 5
30 4
29 4
30 4
29 4
30 4
30 3
29 3
28 3
28 4
28 5
27 5
27 4
27 5
27 6
27 7
27 6
27 5
26 5
26 6
26 7
26 8
26 9
26 10
27 10
28 10
28 11
28 12
27 12
28 12
28 13
28 12
28 13
28 14
29 14
30 14
29 14
29 13
29 14
28 14
28 15
28 14
28 15
27 15
27 14
28 14
28 15
28 16
27 16
27 17
27 16
27 17
26 17
26 18
26 19
27 19
27 18
27 17
27 16
28 16
27 16
27 17
26 17
26 16
25 16
24 16
25 16
25 17
25 16
24 16
23 16
23 17
24 17
23 17
23 16
24 16
25 16
26 16
26 15
27 15
27 14
28 14
28 13
28 14
28 13
28 14
27 14
27 13
26 13
26 12
26 11
26 12
26 13
26 12
27 12
27 13
28 13
27 13
28 13
28 14
29 14
30 14
30 15
29 15
29 16
30 16
29 16
28 16
28 17
28 18
28 19
27 19
26 19
26 18
25 18
24 18
24 17
24 16
24 15
25 15
24 15
24 14
24 15
23 15
23 16
23 15
22 15
21 15
21 16
20 16
21 16
20 16
19 16
19 17
18 17
19 17
18 17
17 17
18 17
18 16
19 16
20 16
19 16
19 17
18 17
19 17
18 17
18 16
18 17
18 18
18 17
18 16
18 17
18 18
17 18
17 19
17 20
17 19
17 18
17 17
18 17
18 18
19 18
19 19
18 19
17 19
17 20
18 20
17 20
17 19
17 20
16 20
17 20
17 19
17 18
17 17
17 16
17 17
17 18
17 19
17 20
17 19
17 20
17 19
17 20
17 19
18 19
18 18
18 19
18 18
19 18
19 17
19 18
19 17
18 17
18 16
18 17
18 16
18 17
18 16
19 16
20 16
20 17
20 18
21 18
22 18
22 19
21 19
21 18
22 18
23 18
22 18
22 17
23 17
22 17
22 16
22 17
21 17
20 17
20 18
19 18
20 18
20 19
20 20
21 20
21 21
21 20
21 19
22 19
22 20
22 19
22 20
22 19
23 19
22 19
22 18
22 17
22 18
21 18
21 17
22 17
22 18
22 19
22 20
22 19
22 18
22 19
21 19
22 19
22 20
22 19
21 19
21 20
21 21
22 21
21 21
22 21
22 22
22 23
22 22
23 22
22 22
23 22
23 23
24 23
24 24
25 24
26 24
26 25
27 25
28 25
28 26
29 26
30 26
30 25
29 25
29 26
30 26
31 26
32 26
33 26
34 26
35 26
35 25
35 26
35 25
34 25
34 26
33 26
32 26
31 26
31 27
30 27
30 26
30 27
30 26
31 26
32 26
31 26
31 27
32 27
31 27
31 28
31 27
32 27
32 26
33 26
33 25
32 25
33 25
32 25
32 24
32 23
33 23
33 24
33 25
34 25
33 25
33 26
33 27
33 28
33 29
33 30
34 30
33 30
33 29
33 28
34 28
34 27
33 27
32 27
32 26
32 27
32 26
31 26
31 27
31 26
32 26
32 27
32 28
31 28
30 28
30 27
29 27
28 27
27 27
27 28
26 28
26 29
27 29
27 30
27 29
27 28
27 27
26 27
26 28
27 28
27 27
27 26
28 26
28 27
28 26
27 26
27 27
27 26
27 27
26 27
26 28
26 29
27 29
28 29
28 28
28 29
28 30
28 29
28 30
27 30
28 30
28 31
28 30
28 29
28 28
29 28
29 29
29 30
30 30
30 29
30 30
30 29
30 28
30 29
29 29
30 29
31 29
31 28
31 29
31 30
30 30
31 30
32 30
32 29
33 29
32 29
31 29
31 30
31 31
31 32
30 32
30 31
29 31
29 32
29 33
28 33
29 33
28 33
27 33
26 33
26 32
26 31
27 31
27 30
28 30
27 30
28 30
28 31
28 30
29 30
28 30
27 30
27 31
28 31
28 30
29 30
28 30
28 31
28 32
28 31
27 31
26 31
26 30
25 30
25 29
25 28
25 29
25 30
24 30
23 30
23 29
24 29
24 28
24 27
24 28
23 28
23 29
23 28
23 29
23 28
23 29
23 28
23 27
24 27
23 27
23 28
24 28
23 28
23 27
24 27
24 28
24 29
24 28
24 29
24 28
23 28
24 28
24 27
24 26
24 27
24 26
25 26
24 26
24 27
24 26
24 27
25 27
25 28
25 27
26 27
25 27
26 27
25 27
25 26
25 27
25 28
25 27
25 26
26 26
26 27
26 26
26 25
26 26
25 26
