0 0
0 1
1 1
2 1
2 0
3 0
4 0
3 0
4 0
3 0
3 1
4 1
4 2
4 3
5 3
6 3
7 3
7 2
8 2
7 2
7 3
7 4
7 3
8 3
9 3
10 3
10 4
10 3
10 2
9 2
9 1
8 1
8 0
7 0
7 1
7 0
8 0
8 1
9 1
9 0
10 0
11 0
12 0
13 0
13 1
13 0
12 0
13 0
12 0
13 0
12 0
12 1
13 1
12 1
12 0
12 1
13 1
12 1
12 2
13 2
14 2
14 3
13 3
13 2
13 1
13 2
13 3
14 3
14 4
13 4
13 5
14 5
15 5
15 6
15 7
15 6
15 5
15 6
14 6
13 6
13 5
14 5
13 5
12 5
13 5
12 5
11 5
11 4
11 5
11 4
11 5
11 6
11 7
10 7
10 8
10 7
10 8
11 8
11 7
10 7
10 8
10 9
10 8
10 7
10 8
10 9
11 9
10 9
10 10
10 9
10 8
10 7
11 7
12 7
12 6
13 6
13 5
14 5
14 4
15 4
16 4
16 3
16 4
16 3
16 2
16 3
16 2
15 2
16 2
16 3
17 3
17 4
16 4
17 4
18 4
19 4
20 4
20 3
20 4
20 5
19 5
19 6
18 6
18 5
18 4
19 4
20 4
21 4
21 5
22 5
22 4
21 4
21 3
21 2
21 1
21 0
22 0
21 0
21 1
21 2
22 2
21 2
22 2
21 2
20 2
20 3
20 4
20 5
20 4
20 3
20 2
20 1
20 2
19 2
19 1
20 1
19 1
19 0
19 1
18 1
18 0
18 1
19 1
19 0
19 1
20 1
21 1
21 2
20 2
19 2
18 2
17 2
17 1
17 0
18 0
18 1
18 2
18 3
18 4
17 4
17 5
18 5
18 6
19 6
19 5
19 6
19 7
19 8
20 8
20 9
20 10
21 10
21 9
22 9
23 9
23 10
23 11
23 12
24 12
25 12
24 12
25 12
25 11
26 11
26 10
26 11
25 11
26 11
25 11
24 11
23 11
24 11
24 12
25 12
26 12
26 11
26 12
27 12
27 13
28 13
29 13
29 14
29 15
30 15
31 15
31 16
32 16
32 15
33 15
34 15
33 15
33 14
33 15
33 16
34 16
34 15
34 16
34 17
35 17
35 16
34 16
34 15
35 15
34 15
33 15
34 15
34 16
35 16
36 16
37 16
38 16
38 17
37 17
37 16
37 17
38 17
37 17
38 17
39 17
38 17
38 16
38 15
37 15
38 15
38 16
38 17
38 16
38 17
38 16
38 17
39 17
38 17
39 17
39 16
39 17
38 17
39 17
40 17
39 17
39 18
39 19
39 18
39 19
40 19
41 19
41 20
41 21
41 22
41 21
42 21
41 21
40 21
39 21
40 21
41 21
41 22
41 23
41 22
42 22
41 22
41 23
41 22
41 23
42 23
42 24
42 25
42 26
42 25
42 26
41 26
41 27
41 26
41 27
41 26
41 27
40 27
41 27
41 28
41 29
41 30
40 30
40 31
41 31
41 30
41 29
42 29
41 29
40 29
40 28
40 27
40 26
41 26
41 27
40 27
39 27
39 28
40 28
40 27
40 28
41 28
40 28
40 27
41 27
41 26
42 26
41 26
41 27
41 26
40 26
40 27
39 27
39 28
39 29
39 30
40 30
40 29
40 28
40 27
41 27
40 27
39 27
40 27
39 27
40 27
40 28
41 28
42 28
41 28
41 29
42 29
43 29
44 29
44 28
44 27
44 28
45 28
46 28
47 28
47 29
46 29
46 28
46 27
46 28
45 28
45 27
45 28
45 27
46 27
47 27
47 28
48 28
48 29
49 29
50 29
51 29
52 29
53 29
52 29
53 29
52 29
52 28
51 28
51 29
52 29
52 28
52 29
53 29
53 28
52 28
52 29
52 28
52 27
52 28
51 28
51 29
50 29
49 29
48 29
48 28
48 29
48 30
48 29
49 29
48 29
48 28
47 28
48 28
49 28
50 28
51 28
50 28
50 29
49 29
50 29
50 30
50 31
51 31
50 31
50 30
50 31
51 31
50 31
51 31
50 31
50 30
50 29
51 29
50 29
50 30
50 31
49 31
49 32
50 32
50 31
51 31
51 30
50 30
50 31
51 31
51 32
51 31
51 32
52 32
53 32
52 32
52 33
52 32
53 32
52 32
52 33
51 33
52 33
53 33
52 33
51 33
51 32
51 33
50 33
51 33
51 32
50 32
49 32
49 33
49 34
49 33
48 33
47 33
46 33
45 33
44 33
43 33
43 34
43 35
44 35
44 36
45 36
44 36
44 37
45 37
44 37
43 37
43 38
44 38
44 37
44 36
45 36
44 36
44 37
45 37
45 38
44 38
45 38
45 39
45 40
44 40
44 41
44 40
43 40
44 40
45 40
46 40
46 39
45 39
44 39
43 39
44 39
44 38
44 39
43 39
42 39
42 40
43 40
44 40
44 39
43 39
43 38
43 39
44 39
44 38
45 38
44 38
43 38
42 38
42 39
42 40
42 41
43 41
42 41
42 40
41 40
41 41
41 42
41 41
40 41
41 41
41 42
40 42
40 43
39 43
38 43
39 43
39 42
39 43
38 43
38 42
37 42
37 41
36 41
35 41
35 40
34 40
34 39
34 38
34 37
34 38
34 39
33 39
32 39
32 38
32 37
32 38
33 38
32 38
32 37
32 38
31 38
32 38
33 38
33 39
34 39
34 40
34 41
35 41
35 40
35 41
35 42
35 43
35 44
34 44
34 43
34 44
33 44
34 44
34 45
35 45
36 45
36 46
36 45
35 45
36 45
36 44
36 43
37 43
37 44
38 44
39 44
39 45
40 45
40 44
40 43
41 43
41 44
41 45
41 46
41 47
42 47
43 47
43 48
44 48
44 47
44 46
43 46
42 46
43 46
43 45
43 46
43 45
44 45
43 45
44 45
44 44
44 45
44 44
44 43
44 42
43 42
42 42
42 41
41 41
41 40
41 41
41 42
42 42
42 43
43 43
43 44
43 45
43 46
44 46
45 46
46 46
46 47
46 48
45 48
45 47
45 46
45 47
45 46
44 46
44 47
43 47
43 48
44 48
43 48
43 49
44 49
43 49
44 49
45 49
45 48
46 48
46 49
45 49
44 49
45 49
46 49
47 49
46 49
45 49
45 50
44 50
43 50
43 51
43 52
43 53
44 53
44 52
45 52
45 51
46 51
45 51
44 51
44 50
44 49
44 48
44 49
45 49
45 50
45 51
45 50
45 49
46 49
46 48
46 49
45 49
45 50
44 50
44 51
43 51
43 52
44 52
44 53
43 53
42 53
42 52
42 51
41 51
41 50
41 49
40 49
40 50
41 50
41 51
40 51
40 52
41 52
40 52
39 52
39 53
40 53
40 54
41 54
40 54
40 55
39 55
38 55
38 56
39 56
39 55
39 56
40 56
40 55
39 55
39 56
38 56
39 56
39 57
38 57
38 56
37 56
38 56
38 55
39 55
39 56
39 55
38 55
39 55
39 56
38 56
39 56
39 55
38 55
37 55
37 56
36 56
35 56
34 56
34 57
34 58
35 58
35 57
34 57
33 57
34 57
33 57
34 57
34 58
34 59
33 59
34 59
35 59
34 59
33 59
33 58
33 57
33 58
33 59
32 59
31 59
30 59
30 58
29 58
30 58
30 59
30 58
29 58
29 59
28 59
28 60
29 60
30 60
30 61
30 60
29 60
30 60
31 60
31 59
32 59
32 58
32 59
32 58
33 58
33 59
33 60
34 60
34 59
34 58
34 59
34 58
33 58
33 57
34 57
33 57
34 57
35 57
35 58
36 58
36 57
36 58
35 58
35 59
35 60
35 59
35 60
36 60
37 60
37 61
37 62
36 62
36 63
36 64
37 64
36 64
37 64
36 64
36 65
37 65
36 65
37 65
36 65
37 65
37 66
38 66
38 65
37 65
37 64
36 64
36 63
35 63
34 63
35 63
35 62
36 62
36 61
37 61
38 61
39 61
38 61
39 61
39 62
40 62
41 62
41 63
41 64
41 65
40 65
41 65
40 65
40 66
39 66
38 66
38 65
38 66
38 67
38 66
38 65
39 65
38 65
38 66
38 65
39 65
40 65
41 65
41 64
41 63
41 62
41 61
41 62
42 62
42 61
41 61
41 60
42 60
41 60
41 61
40 61
41 61
42 61
41 61
40 61
40 60
39 60
39 61
40 61
40 60
40 59
40 58
39 58
40 58
40 59
40 58
40 59
39 59
38 59
37 59
37 58
38 58
38 57
37 57
37 56
37 55
36 55
35 55
34 55
35 55
36 55
36 56
35 56
35 55
34 55
33 55
33 54
32 54
33 54
33 53
34 53
35 53
35 52
35 53
35 52
36 52
36 53
37 53
36 53
36 54
36 55
36 56
36 57
36 56
36 57
36 56
37 56
38 56
38 55
39 55
39 56
38 56
38 57
38 58
37 58
