0 0
0 1
0 2
0 3
1 3
1 4
1 5
1 4
1 5
2 5
3 5
3 4
4 4
3 4
3 5
2 5
2 6
1 6
2 6
1 6
1 7
0 7
0 8
1 8
0 8
1 8
1 7
0 7
0 8
0 7
0 6
1 6
1 5
2 5
2 4
1 4
1 3
1 2
0 2
0 1
0 2
0 1
1 1
1 2
0 2
1 2
0 2
1 2
1 3
2 3
2 4
3 4
3 5
3 4
3 5
3 4
3 5
2 5
2 6
3 6
3 7
3 6
3 5
3 6
3 5
3 6
3 5
2 5
3 5
4 5
4 4
3 4
3 3
3 4
3 5
2 5
2 4
1 4
0 4
0 3
0 4
0 3
0 2
1 2
1 1
0 1
1 1
2 1
2 2
2 1
2 0
2 1
1 1
2 1
2 2
1 2
1 3
0 3
0 2
0 1
0 2
0 3
0 2
1 2
2 2
1 2
2 2
2 3
3 3
2 3
2 4
2 5
3 5
2 5
2 4
3 4
4 4
3 4
3 5
3 4
2 4
2 5
2 6
3 6
3 7
2 7
2 6
1 6
1 7
2 7
3 7
2 7
2 8
3 8
3 7
4 7
4 6
5 6
4 6
4 5
5 5
4 5
3 5
2 5
2 6
1 6
1 5
1 6
1 5
1 6
0 6
1 6
1 5
1 4
0 4
0 5
1 5
1 6
1 5
1 4
1 3
0 3
0 2
1 2
0 2
1 2
1 3
1 4
0 4
0 3
1 3
1 2
1 3
2 3
1 3
0 3
1 3
0 3
1 3
1 4
1 3
2 3
2 2
2 3
1 3
1 2
2 2
1 2
1 1
0 1
1 1
1 2
1 1
1 0
1 1
1 2
1 1
2 1
1 1
1 2
1 3
1 2
1 3
1 4
2 4
2 3
3 3
3 4
3 3
4 3
5 3
5 4
5 3
4 3
4 4
5 4
4 4
5 4
4 4
5 4
4 4
3 4
3 3
3 4
3 3
3 2
4 2
3 2
4 2
4 1
3 1
2 1
2 0
1 0
0 0
1 0
1 1
2 1
3 1
2 1
2 2
3 2
3 3
2 3
2 4
2 5
2 4
2 5
3 5
3 6
4 6
3 6
3 5
3 6
3 5
3 6
4 6
4 5
4 6
3 6
3 5
3 4
2 4
2 3
2 4
3 4
2 4
1 4
1 5
2 5
1 5
0 5
1 5
2 5
3 5
4 5
5 5
5 6
5 7
6 7
5 7
5 6
5 7
6 7
7 7
6 7
7 7
7 6
6 6
5 6
5 7
6 7
5 7
4 7
3 7
4 7
5 7
4 7
4 8
4 7
3 7
3 8
4 8
5 8
5 9
5 8
4 8
3 8
4 8
4 9
3 9
3 10
2 10
2 9
2 8
3 8
2 8
3 8
2 8
2 9
2 10
1 10
1 9
1 10
1 11
0 11
1 11
2 11
1 11
0 11
1 11
0 11
0 12
0 11
1 11
0 11
1 11
1 12
1 13
2 13
1 13
2 13
2 14
1 14
2 14
2 15
2 14
3 14
3 15
4 15
4 16
3 16
2 16
2 17
3 17
4 17
4 16
3 16
3 15
2 15
2 14
2 13
2 14
2 15
2 16
2 17
3 17
4 17
5 17
4 17
4 16
5 16
4 16
3 16
2 16
2 17
2 18
1 18
1 19
1 20
1 19
2 19
2 18
3 18
3 17
3 16
2 16
3 16
3 15
2 15
3 15
4 15
5 15
4 15
5 15
5 14
5 13
6 13
7 13
7 14
7 15
8 15
8 14
8 13
9 13
8 13
7 13
7 12
7 13
7 12
7 11
7 10
8 10
7 10
6 10
7 10
7 11
6 11
7 11
7 10
8 10
9 10
9 11
9 10
10 10
10 11
10 12
10 11
10 12
10 13
10 14
9 14
9 13
8 13
8 12
7 12
8 12
9 12
8 12
9 12
10 12
11 12
11 13
10 13
10 12
10 11
10 12
10 13
9 13
10 13
10 12
9 12
9 11
10 11
11 11
11 10
12 10
13 10
12 10
12 9
12 10
12 11
12 12
11 12
11 13
10 13
10 12
10 13
10 12
9 12
9 11
8 11
8 12
8 11
9 11
9 12
8 12
9 12
8 12
9 12
8 12
9 12
9 11
8 11
8 10
9 10
9 9
9 10
9 11
10 11
9 11
9 12
9 11
10 11
9 11
9 12
9 11
9 12
9 13
10 13
9 13
9 12
8 12
7 12
6 12
7 12
7 11
6 11
6 12
7 12
7 11
8 11
7 11
7 12
7 13
8 13
8 12
7 12
6 12
7 12
7 13
6 13
7 13
7 12
8 12
8 11
8 12
9 12
9 11
8 11
7 11
7 10
7 9
7 10
8 10
9 10
8 10
9 10
9 9
10 9
10 8
10 7
10 6
10 5
9 5
9 6
9 5
9 6
9 5
9 6
10 6
11 6
10 6
10 7
10 8
11 8
10 8
11 8
11 7
12 7
12 6
12 7
12 8
12 9
12 8
11 8
10 8
9 8
10 8
9 8
9 7
9 8
9 7
9 8
9 9
8 9
8 10
7 10
7 11
7 12
8 12
9 12
9 11
8 11
9 11
9 12
10 12
9 12
10 12
9 12
8 12
7 12
7 11
8 11
8 12
9 12
10 12
10 11
11 11
12 11
12 12
12 13
12 12
12 13
13 13
14 13
14 14
14 15
14 16
14 15
13 15
13 14
12 14
12 13
12 12
13 12
12 12
12 13
12 14
11 14
11 15
11 16
12 16
12 17
12 16
11 16
11 15
10 15
11 15
10 15
10 16
11 16
11 15
10 15
10 16
11 16
12 16
12 15
13 15
13 16
13 15
12 15
12 14
12 15
13 15
13 14
12 14
12 13
13 13
12 13
11 13
10 13
9 13
10 13
9 13
10 13
10 12
9 12
9 11
10 11
11 11
10 11
10 10
11 10
12 10
11 10
12 10
13 10
13 11
13 10
13 11
12 11
12 12
11 12
11 13
11 14
12 14
12 13
11 13
10 13
11 13
11 14
10 14
10 15
9 15
9 14
10 14
10 13
11 13
10 13
9 13
9 14
10 14
10 13
9 13
9 14
9 15
9 16
9 17
9 16
10 16
11 16
11 15
11 16
11 17
12 17
12 16
13 16
14 16
13 16
13 17
14 17
14 16
14 17
15 17
16 17
16 18
17 18
17 17
17 16
17 17
17 18
17 19
17 18
17 19
18 19
18 20
17 20
17 21
17 20
18 20
18 19
17 19
18 19
18 20
17 20
17 19
17 18
16 18
15 18
16 18
17 18
17 17
16 17
16 16
16 15
16 14
16 13
17 13
17 12
17 13
16 13
17 13
18 13
18 14
17 14
17 15
18 15
18 14
18 15
19 15
19 16
18 16
18 17
18 18
18 19
18 18
18 19
17 19
16 19
16 20
16 19
15 19
15 18
15 17
16 17
16 18
16 17
17 17
18 17
19 17
20 17
19 17
19 16
20 16
21 16
21 17
20 17
19 17
20 17
19 17
19 18
20 18
19 18
19 19
18 19
18 20
18 19
18 18
17 18
16 18
16 17
16 18
16 17
17 17
18 17
17 17
17 18
17 17
18 17
19 17
19 18
19 17
18 17
18 18
18 19
17 19
17 20
17 21
18 21
19 21
19 20
20 20
21 20
20 20
21 20
21 19
20 19
20 18
19 18
20 18
21 18
21 17
21 18
22 18
23 18
23 17
24 17
23 17
24 17
24 18
24 19
23 19
22 19
22 18
22 17
22 16
22 17
21 17
20 17
19 17
19 18
18 18
18 19
19 19
19 20
19 21
20 21
19 21
18 21
18 22
19 22
19 21
20 21
20 20
20 19
21 19
20 19
20 18
19 18
19 17
20 17
20 18
19 18
18 18
19 18
19 19
19 20
18 20
18 21
19 21
19 22
20 22
21 22
22 22
21 22
21 21
21 20
21 21
22 21
22 22
22 23
22 24
22 23
22 24
21 24
20 24
19 24
20 24
20 23
21 23
21 22
21 21
21 20
20 20
20 19
20 20
20 21
20 20
20 21
20 22
20 21
19 21
19 22
19 21
19 22
18 22
17 22
16 22
15 22
14 22
13 22
13 21
12 21
13 21
13 22
13 23
12 23
11 23
11 22
10 22
11 22
11 21
10 21
10 20
9 20
8 20
8 21
7 21
7 20
7 19
8 19
9 19
9 20
9 21
8 21
8 22
8 23
7 23
6 23
7 23
8 23
8 24
8 25
9 25
9 26
9 27
9 28
10 28
11 28
10 28
11 28
10 28
10 29
10 30
11 30
10 30
10 31
10 32
10 31
9 31
8 31
7 31
7 30
7 31
6 31
6 30
6 29
5 29
5 28
5 29
5 28
6 28
5 28
5 29
4 29
4 30
4 31
3 31
2 31
3 31
2 31
2 30
3 30
2 30
2 29
1 29
2 29
2 28
2 27
