0 0
0 1
1 1
1 2
0 2
1 2
1 3
0 3
0 4
1 4
1 5
2 5
3 5
3 4
2 4
2 3
2 4
2 3
3 3
3 4
3 5
4 5
4 4
3 4
4 4
4 5
4 4
3 4
3 5
2 5
3 5
3 6
3 7
4 7
4 8
3 8
2 8
3 8
3 9
3 10
2 10
3 10
3 11
3 12
2 12
2 13
1 13
0 13
0 14
1 14
2 14
2 15
2 16
3 16
3 17
2 17
3 17
3 18
2 18
1 18
0 18
1 18
2 18
3 18
4 18
4 17
5 17
4 17
3 17
3 18
3 17
3 16
3 17
3 18
4 18
4 19
5 19
4 19
4 18
4 19
4 20
4 21
4 22
4 23
4 24
4 23
4 22
4 23
4 22
5 22
5 23
5 22
5 21
5 20
5 19
5 20
5 19
4 19
4 20
4 19
3 19
3 20
3 21
3 20
3 19
3 18
3 17
2 17
2 18
1 18
1 17
1 16
0 16
1 16
1 17
1 16
0 16
0 17
0 16
0 15
0 14
0 13
1 13
1 12
1 11
1 12
2 12
2 13
1 13
1 14
0 14
1 14
1 15
2 15
1 15
2 15
2 14
2 15
3 15
4 15
5 15
5 16
4 16
4 17
3 17
3 16
3 17
3 16
3 17
3 18
3 17
4 17
4 18
3 18
2 18
3 18
3 19
4 19
3 19
3 20
3 19
3 20
3 21
4 21
4 22
5 22
5 21
6 21
6 20
6 21
5 21
5 22
6 22
6 21
6 20
6 21
7 21
6 21
5 21
5 22
4 22
3 22
4 22
5 22
4 22
3 22
3 23
3 22
4 22
4 23
5 23
5 22
4 22
3 22
3 23
2 23
1 23
1 22
0 22
1 22
2 22
2 23
2 22
2 23
2 22
1 22
2 22
2 23
2 22
2 21
2 20
2 19
2 20
2 21
1 21
2 21
2 22
2 23
1 23
1 22
1 21
2 21
1 21
1 20
1 19
0 19
1 19
0 19
0 20
1 20
1 19
0 19
1 19
1 18
2 18
2 17
1 17
1 16
2 16
1 16
0 16
0 15
0 14
0 15
0 14
1 14
2 14
2 13
2 14
3 14
3 15
3 16
3 15
3 16
3 17
4 17
3 17
3 18
3 19
2 19
1 19
1 18
1 19
2 19
1 19
1 18
0 18
0 19
0 20
0 21
0 22
1 22
1 23
2 23
1 23
1 22
1 21
1 20
0 20
1 20
1 19
0 19
0 18
0 19
1 19
1 18
1 19
2 19
2 20
3 20
4 20
3 20
2 20
2 19
2 18
3 18
3 19
4 19
4 20
3 20
3 19
4 19
3 19
2 19
1 19
0 19
0 18
0 19
0 20
1 20
1 19
1 18
1 17
1 16
2 16
2 15
1 15
2 15
1 15
0 15
0 16
0 17
0 18
1 18
1 19
1 18
2 18
2 17
2 18
3 18
3 19
4 19
3 19
3 18
2 18
1 18
2 18
2 19
3 19
2 19
2 20
3 20
3 21
2 21
3 21
3 22
3 23
3 22
3 21
3 22
3 23
3 22
3 23
2 23
1 23
1 22
2 22
1 22
1 21
2 21
2 22
3 22
3 21
3 22
3 21
4 21
5 21
5 20
5 21
5 20
4 20
3 20
4 20
5 20
5 21
5 20
6 20
5 20
5 21
6 21
6 20
6 19
6 18
6 19
7 19
7 20
7 21
6 21
6 22
6 23
5 23
6 23
7 23
7 22
6 22
5 22
5 21
4 21
4 20
4 19
5 19
5 18
5 19
5 20
6 20
7 20
7 21
7 20
7 19
6 19
6 18
6 17
6 16
6 17
7 17
8 17
8 16
8 15
8 16
9 16
9 15
10 15
10 14
11 14
11 13
12 13
13 13
12 13
13 13
13 12
14 12
14 11
15 11
15 10
15 11
15 12
15 11
15 12
14 12
14 13
15 13
15 14
15 15
15 14
15 13
15 14
15 13
15 12
16 12
15 12
14 12
15 12
14 12
15 12
15 11
16 11
15 11
15 12
16 12
16 13
16 14
15 14
16 14
16 15
16 14
16 13
17 13
16 13
16 14
16 15
16 16
16 17
16 18
15 18
14 18
13 18
14 18
13 18
12 18
12 19
12 20
13 20
13 19
12 19
12 20
13 20
14 20
13 20
13 21
14 21
14 22
14 23
13 23
13 24
13 23
12 23
13 23
13 24
14 24
14 23
13 23
13 24
13 25
12 25
11 25
11 24
12 24
13 24
13 25
12 25
11 25
12 25
12 24
12 25
13 25
13 26
12 26
13 26
13 27
13 26
13 25
12 25
13 25
13 24
12 24
13 24
12 24
12 25
13 25
12 25
13 25
14 25
14 26
13 26
14 26
13 26
14 26
15 26
15 27
14 27
15 27
16 27
15 27
16 27
16 28
16 27
16 26
17 26
17 25
18 25
19 25
18 25
19 25
19 26
19 25
19 26
18 26
19 26
18 26
18 27
19 27
19 28
20 28
21 28
20 28
20 27
19 27
19 28
19 29
18 29
18 30
19 30
20 30
20 31
19 31
20 31
21 31
22 31
23 31
24 31
24 30
25 30
25 29
25 28
26 28
25 28
26 28
25 28
24 28
23 28
24 28
25 28
25 27
24 27
25 27
26 27
26 26
25 26
25 27
24 27
24 26
24 27
24 26
24 25
24 26
25 26
26 26
27 26
27 25
27 24
28 24
29 24
28 24
27 24
27 25
26 25
26 24
26 25
26 24
27 24
27 23
27 24
27 25
28 25
27 25
26 25
25 25
24 25
23 25
22 25
22 24
23 24
22 24
22 25
21 25
20 25
20 24
20 25
20 26
19 26
18 26
17 26
16 26
17 26
16 26
16 27
16 26
16 27
16 26
16 25
17 25
17 24
18 24
18 25
18 24
19 24
18 24
18 25
18 26
18 25
18 26
18 25
18 24
18 25
17 25
16 25
15 25
15 24
15 25
15 24
15 25
16 25
16 26
16 27
15 27
14 27
14 26
14 25
15 25
15 26
15 27
16 27
16 28
15 28
15 29
14 29
14 28
14 29
15 29
14 29
15 29
15 30
15 29
16 29
16 30
17 30
17 29
17 30
17 31
17 30
16 30
15 30
14 30
15 30
15 29
14 29
13 29
12 29
13 29
14 29
13 29
14 29
15 29
15 28
16 28
17 28
17 29
17 28
17 29
17 30
17 29
16 29
16 30
17 30
17 29
16 29
15 29
14 29
13 29
12 29
11 29
12 29
12 30
13 30
12 30
12 31
11 31
12 31
12 32
12 31
12 30
12 31
12 32
11 32
10 32
10 31
10 32
10 31
11 31
12 31
11 31
11 32
11 31
12 31
12 32
12 31
12 32
12 31
11 31
10 31
10 32
11 32
10 32
10 33
10 34
9 34
9 35
8 35
7 35
7 34
6 34
5 34
6 34
5 34
5 33
5 32
5 33
4 33
3 33
2 33
2 32
1 32
0 32
0 33
0 32
0 33
1 33
1 32
2 32
3 32
2 32
1 32
1 31
1 30
2 30
2 29
2 28
2 29
1 29
0 29
0 30
1 30
0 30
0 29
1 29
1 28
1 27
1 26
1 25
0 25
1 25
2 25
3 25
3 26
3 25
2 25
2 24
2 25
1 25
2 25
2 26
3 26
3 27
2 27
2 28
1 28
1 27
1 26
1 25
2 25
2 24
2 25
1 25
1 24
1 23
1 22
2 22
2 21
2 20
3 20
3 21
2 21
2 20
2 21
2 20
3 20
4 20
4 19
4 18
3 18
3 17
2 17
2 18
3 18
4 18
3 18
2 18
1 18
2 18
3 18
3 17
4 17
4 16
3 16
2 16
2 17
2 16
3 16
4 16
3 16
2 16
1 16
0 16
1 16
2 16
2 17
3 17
4 17
4 16
4 17
5 17
6 17
5 17
6 17
6 18
6 17
6 18
6 19
7 19
8 19
8 18
7 18
7 17
7 16
7 15
6 15
6 16
6 15
6 16
6 17
6 18
5 18
5 17
6 17
5 17
5 18
5 19
5 18
5 19
5 20
5 19
5 20
4 20
3 20
4 20
5 20
4 20
4 19
4 20
5 20
5 21
5 20
5 19
6 19
7 19
8 19
7 19
8 19
8 20
7 20
7 21
8 21
9 21
9 22
9 21
9 20
10 20
10 21
10 22
10 23
11 23
11 24
12 24
11 24
10 24
10 25
11 25
12 25
12 24
13 24
14 24
15 24
15 25
15 24
14 24
15 24
14 24
14 25
14 26
15 26
16 26
16 27
17 27
17 28
17 29
18 29
17 29
16 29
16 28
17 28
17 27
17 28
16 28
16 29
17 29
18 29
18 30
18 31
19 31
20 31
20 32
20 33
20 34
20 33
21 33
21 32
21 33
20 33
20 34
21 34
22 34
22 35
22 36
22 37
21 37
21 36
22 36
21 36
21 37
20 37
