0 0
0 1
0 2
0 1
1 1
0 1
0 0
1 0
1 1
2 1
1 1
2 1
2 0
1 0
0 0
1 0
1 1
2 1
2 0
2 1
3 1
3 0
3 1
2 1
2 2
2 1
3 1
3 2
4 2
5 2
4 2
4 1
4 0
5 0
5 1
6 1
7 1
7 2
6 2
6 1
7 1
6 1
6 0
5 0
5 1
6 1
6 0
7 0
6 0
5 0
5 1
5 0
4 0
4 1
5 1
5 2
5 1
5 0
4 0
3 0
3 1
4 1
4 2
5 2
6 2
6 3
6 2
6 3
5 3
4 3
5 3
4 3
4 4
5 4
5 3
5 2
6 2
5 2
5 1
4 1
5 1
5 0
5 1
4 1
4 2
3 2
3 3
2 3
1 3
2 3
2 2
2 3
2 4
1 4
2 4
3 4
2 4
2 5
2 6
2 7
1 7
2 7
1 7
1 6
2 6
2 7
2 6
3 6
3 7
3 6
2 6
3 6
4 6
4 7
3 7
3 8
4 8
4 7
3 7
3 8
2 8
1 8
0 8
0 7
1 7
1 8
1 7
1 8
0 8
1 8
1 9
0 9
1 9
1 10
1 11
2 11
2 10
2 11
1 11
1 12
2 12
2 11
2 12
2 11
3 11
2 11
2 10
1 10
1 9
2 9
1 9
1 10
0 10
1 10
2 10
2 9
1 9
2 9
2 8
2 9
2 8
2 7
2 6
1 6
2 6
2 5
1 5
1 6
2 6
2 7
2 6
3 6
4 6
5 6
4 6
4 7
3 7
3 6
3 7
2 7
3 7
3 8
3 7
3 6
2 6
3 6
2 6
3 6
4 6
4 7
4 6
3 6
3 7
2 7
1 7
1 8
1 9
2 9
2 10
2 9
2 10
2 9
2 10
1 10
2 10
1 10
1 11
1 10
2 10
1 10
1 11
0 11
1 11
2 11
2 10
2 9
2 10
2 11
3 11
4 11
3 11
3 10
4 10
5 10
5 9
6 9
7 9
7 10
6 10
7 10
6 10
7 10
8 10
7 10
6 10
7 10
7 9
7 8
6 8
6 9
5 9
4 9
4 10
4 9
5 9
5 10
6 10
7 10
6 10
6 9
7 9
8 9
8 8
8 7
8 8
8 9
7 9
8 9
8 8
8 9
7 9
7 10
7 11
7 10
7 9
8 9
7 9
6 9
6 8
5 8
5 7
5 8
5 7
6 7
6 6
6 7
5 7
5 6
4 6
4 7
4 6
3 6
2 6
1 6
1 5
1 4
0 4
1 4
1 3
0 3
1 3
1 4
0 4
0 5
0 6
0 7
1 7
1 8
2 8
2 7
2 8
2 9
2 10
3 10
2 10
3 10
2 10
2 11
2 10
2 11
2 10
2 9
2 10
2 11
2 10
1 10
1 9
1 10
1 11
1 12
1 13
1 14
1 15
1 14
2 14
3 14
3 13
4 13
5 13
6 13
7 13
7 14
7 13
7 14
6 14
7 14
8 14
7 14
7 15
6 15
6 14
5 14
4 14
3 14
3 15
3 14
3 13
3 14
3 15
2 15
2 16
2 17
1 17
2 17
3 17
3 16
4 16
4 17
4 16
4 17
4 16
4 17
5 17
6 17
6 16
5 16
4 16
5 16
5 15
5 16
5 17
6 17
7 17
6 17
6 16
6 15
6 14
5 14
6 14
6 15
6 16
7 16
8 16
8 15
7 15
7 14
6 14
7 14
7 13
8 13
9 13
9 12
10 12
10 13
9 13
9 14
9 15
10 15
10 16
10 15
11 15
10 15
9 15
9 16
10 16
10 17
10 16
10 17
10 18
10 17
9 17
10 17
10 16
9 16
10 16
10 15
11 15
12 15
13 15
14 15
15 15
14 15
14 14
13 14
14 14
14 15
13 15
13 16
13 17
13 18
13 17
12 17
13 17
14 17
14 18
13 18
14 18
14 19
14 18
14 19
15 19
15 20
14 20
15 20
15 21
15 22
15 23
15 22
14 22
14 23
14 22
14 23
14 24
14 23
14 24
13 24
13 23
14 23
15 23
14 23
15 23
14 23
15 23
15 24
15 23
14 23
13 23
14 23
15 23
15 22
14 22
15 22
16 22
15 22
14 22
14 23
15 23
14 23
15 23
14 23
13 23
14 23
14 22
14 23
14 24
15 24
14 24
15 24
14 24
14 25
15 25
16 25
16 26
17 26
17 25
16 25
17 25
17 26
17 25
17 24
17 23
17 22
18 22
18 21
19 21
19 22
18 22
18 23
18 24
17 24
17 25
16 25
17 25
17 26
18 26
18 27
19 27
20 27
20 28
19 28
18 28
18 29
18 28
18 29
18 30
18 31
18 32
18 33
18 32
18 33
19 33
18 33
19 33
18 33
18 34
18 35
19 35
18 35
18 34
18 33
17 33
17 32
17 33
17 34
18 34
18 33
18 32
18 33
18 32
17 32
16 32
16 31
16 32
15 32
14 32
15 32
16 32
15 32
15 33
15 32
14 32
13 32
13 31
13 30
12 30
12 29
11 29
11 30
10 30
10 31
9 31
10 31
11 31
12 31
11 31
10 31
11 31
10 31
11 31
12 31
12 30
12 29
12 30
13 30
12 30
11 30
10 30
10 29
10 28
10 27
11 27
11 28
11 29
10 29
10 30
9 30
9 31
9 30
10 30
10 29
10 28
10 29
10 30
10 29
9 29
8 29
8 30
7 30
8 30
7 30
7 31
6 31
7 31
6 31
6 30
7 30
7 29
6 29
6 30
7 30
8 30
8 29
7 29
6 29
6 30
6 29
6 28
7 28
7 27
6 27
5 27
6 27
7 27
7 28
6 28
7 28
7 29
8 29
8 28
7 28
6 28
6 29
5 29
5 30
4 30
4 31
3 31
3 32
3 33
3 32
3 33
4 33
5 33
5 32
6 32
5 32
6 32
5 32
4 32
4 33
4 34
3 34
2 34
2 35
2 36
1 36
0 36
1 36
2 36
2 37
1 37
0 37
1 37
2 37
3 37
3 38
2 38
3 38
3 37
4 37
3 37
4 37
3 37
2 37
2 38
3 38
4 38
3 38
4 38
3 38
3 39
4 39
4 40
4 41
4 42
4 43
4 44
3 44
4 44
5 44
6 44
7 44
6 44
7 44
7 43
8 43
7 43
6 43
5 43
5 44
5 45
5 46
5 45
5 46
4 46
3 46
4 46
3 46
4 46
5 46
5 47
5 48
5 49
5 48
5 47
5 46
6 46
6 47
5 47
6 47
6 46
6 47
5 47
5 48
4 48
3 48
4 48
3 48
2 48
2 47
3 47
3 48
3 49
3 50
2 50
3 50
2 50
1 50
1 49
2 49
2 48
3 48
3 47
2 47
3 47
3 48
2 48
3 48
4 48
4 47
4 48
4 47
3 47
4 47
4 48
4 47
5 47
4 47
4 48
4 49
4 50
4 49
5 49
4 49
3 49
4 49
4 48
3 48
3 47
4 47
4 48
4 47
4 48
4 47
4 48
3 48
2 48
2 47
2 46
1 46
1 45
0 45
0 46
0 45
0 44
1 44
0 44
1 44
1 45
0 45
0 46
1 46
0 46
0 45
0 46
0 45
1 45
0 45
0 44
0 45
0 44
0 45
1 45
1 44
1 43
2 43
2 44
2 43
2 44
2 45
3 45
3 46
4 46
4 45
5 45
4 45
5 45
5 46
6 46
6 45
6 46
6 47
6 46
6 47
5 47
4 47
4 46
3 46
4 46
5 46
5 45
4 45
5 45
5 44
4 44
5 44
5 45
5 46
5 45
5 44
6 44
6 45
6 44
7 44
7 43
6 43
6 44
6 45
7 45
8 45
9 45
9 44
9 43
10 43
11 43
11 42
10 42
9 42
8 42
8 43
8 42
7 42
7 41
8 41
9 41
9 42
10 42
10 41
10 40
11 40
10 40
10 39
9 39
9 38
9 37
8 37
7 37
7 38
8 38
9 38
10 38
10 39
10 38
10 39
11 39
11 38
12 38
12 39
11 39
11 40
12 40
12 41
11 41
12 41
12 42
11 42
12 42
11 42
10 42
10 43
9 43
10 43
9 43
9 44
8 44
7 44
8 44
7 44
8 44
7 44
8 44
8 43
8 42
7 42
6 42
6 41
6 40
5 40
5 39
4 39
5 39
4 39
4 38
3 38
3 39
3 40
2 40
1 40
1 39
2 39
2 40
2 41
3 41
2 41
2 42
1 42
2 42
3 42
4 42
3 42
2 42
1 42
0 42
0 43
1 43
1 44
1 43
1 44
1 43
1 42
0 42
1 42
1 43
1 42
1 43
1 44
2 44
2 45
2 44
2 45
2 46
3 46
4 46
3 46
3 47
3 48
3 47
4 47
4 48
4 49
4 48
3 48
3 49
4 49
3 49
4 49
5 49
5 48
5 49
6 49
7 49
7 50
6 50
6 49
6 50
6 49
6 48
5 48
6 48
5 48
