0 0
0 1
1 1
0 1
1 1
0 1
1 1
1 2
1 1
2 1
1 1
1 2
1 1
2 1
2 0
1 0
1 1
1 2
1 1
1 0
2 0
1 0
1 1
0 1
0 2
0 1
1 1
0 1
1 1
2 1
2 2
2 3
2 2
1 2
1 1
2 1
2 0
2 1
1 1
2 1
2 2
2 3
2 4
3 4
3 5
3 4
2 4
2 5
2 4
3 4
3 3
4 3
4 2
5 2
6 2
6 3
7 3
7 4
7 5
7 6
7 5
7 4
8 4
8 3
8 2
8 1
8 0
9 0
8 0
9 0
8 0
7 0
7 1
7 0
8 0
9 0
8 0
8 1
7 1
7 0
6 0
6 1
7 1
8 1
8 0
9 0
9 1
10 1
11 1
11 0
12 0
12 1
11 1
10 1
10 0
9 0
9 1
10 1
9 1
8 1
8 2
8 1
7 1
6 1
5 1
6 1
6 2
5 2
5 1
5 2
5 1
5 2
4 2
5 2
6 2
7 2
7 1
8 1
9 1
10 1
11 1
10 1
10 2
11 2
11 1
10 1
9 1
10 1
11 1
11 2
12 2
11 2
11 3
10 3
9 3
10 3
9 3
8 3
8 4
9 4
10 4
11 4
11 5
10 5
10 4
10 3
10 2
11 2
12 2
11 2
10 2
10 3
11 3
11 4
10 4
9 4
9 5
9 6
9 7
8 7
8 6
8 7
9 7
9 8
9 9
8 9
7 9
6 9
6 8
7 8
7 7
7 8
7 7
7 8
6 8
6 7
7 7
7 8
7 9
7 10
7 9
6 9
6 10
7 10
8 10
8 9
7 9
7 8
8 8
7 8
6 8
7 8
7 9
8 9
7 9
8 9
8 8
8 9
7 9
7 8
6 8
5 8
5 9
6 9
6 10
6 11
6 10
6 9
5 9
6 9
6 8
6 7
6 6
5 6
6 6
7 6
8 6
8 5
7 5
7 4
7 3
6 3
7 3
6 3
6 4
5 4
6 4
6 3
7 3
8 3
9 3
10 3
9 3
9 4
9 5
10 5
10 6
10 7
9 7
9 6
8 6
8 7
7 7
6 7
6 6
6 5
7 5
7 6
6 6
6 5
7 5
7 6
7 5
7 6
6 6
6 7
7 7
7 6
7 5
8 5
8 6
8 5
9 5
8 5
8 6
8 7
7 7
6 7
5 7
6 7
7 7
6 7
7 7
8 7
8 8
9 8
9 9
10 9
11 9
11 10
11 9
11 10
11 9
10 9
10 8
10 9
10 10
10 11
10 10
10 9
10 8
11 8
11 7
11 8
12 8
13 8
13 9
12 9
11 9
11 8
11 7
11 8
11 9
12 9
13 9
13 10
13 9
13 8
12 8
12 7
12 8
11 8
11 7
11 6
11 7
11 6
11 7
11 8
10 8
9 8
10 8
10 7
11 7
11 6
11 7
10 7
10 8
10 7
10 8
10 9
9 9
9 8
9 7
8 7
8 6
8 5
7 5
8 5
8 4
7 4
6 4
5 4
5 3
6 3
6 4
6 5
6 6
5 6
5 7
4 7
3 7
4 7
5 7
4 7
5 7
4 7
5 7
5 8
4 8
5 8
6 8
5 8
5 9
6 9
6 8
6 9
6 8
5 8
5 7
4 7
4 8
4 7
4 8
5 8
5 9
4 9
4 8
3 8
4 8
5 8
5 9
5 8
4 8
4 7
3 7
4 7
4 6
3 6
3 5
3 4
2 4
3 4
3 5
3 6
4 6
3 6
4 6
4 5
3 5
2 5
3 5
3 6
3 7
2 7
2 6
2 7
3 7
2 7
1 7
1 8
0 8
1 8
1 7
0 7
0 8
0 7
1 7
0 7
0 8
0 9
1 9
0 9
0 10
1 10
1 11
0 11
0 10
1 10
2 10
2 9
1 9
1 10
2 10
1 10
0 10
0 11
1 11
0 11
1 11
0 11
1 11
2 11
1 11
0 11
0 12
0 11
1 11
1 10
2 10
2 9
2 10
3 10
2 10
2 9
3 9
3 8
3 9
3 10
3 9
2 9
2 8
2 7
2 8
2 9
1 9
0 9
1 9
1 10
1 9
2 9
1 9
1 8
1 9
1 8
2 8
1 8
2 8
2 9
1 9
1 10
1 9
0 9
1 9
0 9
0 10
1 10
1 9
1 8
1 7
0 7
0 8
1 8
0 8
1 8
2 8
3 8
4 8
5 8
5 9
6 9
7 9
7 8
7 9
6 9
6 8
7 8
7 9
8 9
9 9
9 10
10 10
9 10
8 10
9 10
9 11
8 11
8 12
9 12
10 12
11 12
12 12
12 11
11 11
11 10
10 10
11 10
10 10
10 9
9 9
9 10
10 10
10 11
10 10
10 11
11 11
10 11
9 11
10 11
10 12
11 12
10 12
10 13
9 13
10 13
10 12
10 11
10 10
9 10
9 9
9 8
8 8
8 7
7 7
6 7
7 7
7 6
7 5
7 4
8 4
8 5
9 5
9 6
10 6
11 6
10 6
11 6
10 6
10 5
10 4
10 3
10 2
9 2
9 3
9 4
10 4
10 5
9 5
9 6
9 7
9 6
9 7
9 6
9 7
10 7
11 7
11 8
11 9
11 10
11 9
11 8
10 8
9 8
10 8
10 7
11 7
11 6
10 6
10 5
11 5
10 5
9 5
8 5
9 5
9 4
10 4
11 4
11 3
11 2
11 1
12 1
13 1
13 0
14 0
14 1
14 2
14 3
14 2
15 2
15 1
14 1
13 1
13 0
13 1
13 2
13 1
13 2
14 2
14 3
14 2
15 2
15 3
15 2
16 2
17 2
17 1
17 0
16 0
16 1
15 1
15 0
15 1
16 1
17 1
18 1
19 1
19 0
19 1
19 0
19 1
19 2
20 2
20 1
21 1
21 2
22 2
23 2
23 3
23 2
22 2
21 2
22 2
23 2
24 2
25 2
26 2
26 3
25 3
24 3
24 2
25 2
24 2
24 1
24 2
25 2
26 2
26 3
26 2
26 1
27 1
27 2
26 2
26 3
26 2
26 3
26 2
26 3
27 3
28 3
29 3
29 4
30 4
31 4
31 5
31 6
32 6
32 5
32 4
33 4
32 4
33 4
33 5
34 5
33 5
33 4
34 4
34 5
33 5
32 5
33 5
33 4
33 5
33 4
33 5
34 5
34 6
34 5
35 5
35 6
35 7
35 8
36 8
36 9
36 8
37 8
37 9
37 8
38 8
39 8
38 8
37 8
38 8
37 8
38 8
39 8
40 8
40 9
39 9
40 9
41 9
41 10
40 10
40 11
40 12
39 12
38 12
37 12
38 12
39 12
40 12
40 11
40 10
40 11
41 11
42 11
42 10
42 9
41 9
42 9
41 9
41 8
41 9
40 9
40 10
40 11
40 10
41 10
42 10
42 9
42 10
42 9
42 8
41 8
41 7
40 7
39 7
40 7
40 6
40 5
39 5
39 6
40 6
40 7
40 8
41 8
42 8
43 8
43 7
43 6
43 5
42 5
42 6
42 7
43 7
43 8
42 8
42 9
43 9
43 8
42 8
41 8
41 9
41 10
40 10
40 9
39 9
38 9
37 9
37 8
37 7
38 7
39 7
39 6
39 5
38 5
37 5
38 5
39 5
39 6
39 5
38 5
37 5
37 6
38 6
38 5
38 4
38 3
39 3
40 3
40 4
40 5
40 6
40 7
39 7
38 7
38 6
39 6
40 6
39 6
38 6
39 6
40 6
40 7
40 8
39 8
38 8
38 9
37 9
36 9
36 8
35 8
34 8
34 7
35 7
35 6
35 7
34 7
34 6
35 6
34 6
34 5
35 5
34 5
35 5
35 4
35 3
35 4
35 3
36 3
36 2
37 2
37 1
37 0
37 1
38 1
38 2
38 3
38 4
38 3
37 3
38 3
38 4
38 5
38 6
38 7
38 8
38 9
38 8
39 8
40 8
41 8
40 8
40 9
39 9
40 9
40 8
39 8
39 9
39 8
39 7
39 6
38 6
38 5
37 5
37 4
37 5
36 5
35 5
36 5
36 4
36 3
37 3
37 4
36 4
36 5
36 6
35 6
35 7
36 7
36 6
36 5
36 6
35 6
34 6
34 5
35 5
35 4
35 3
36 3
37 3
37 4
37 5
38 5
38 6
38 5
38 4
38 5
39 5
40 5
40 6
39 6
38 6
38 5
38 6
37 6
38 6
38 5
38 6
39 6
38 6
38 5
37 5
38 5
39 5
39 4
38 4
37 4
37 5
37 6
37 5
37 4
37 3
37 2
37 3
37 4
36 4
37 4
37 5
38 5
38 4
38 5
38 4
38 3
39 3
38 3
38 4
38 5
38 6
38 7
38 6
39 6
40 6
40 5
41 5
40 5
39 5
39 6
38 6
38 5
38 4
38 3
38 2
37 2
37 1
37 2
37 3
36 3
36 4
36 5
36 4
37 4
