0 0
0 1
1 1
1 0
1 1
0 1
1 1
1 2
1 1
1 2
1 3
2 3
2 2
2 3
2 2
2 3
3 3
2 3
2 4
2 5
3 5
2 5
2 4
3 4
3 5
3 4
3 3
3 4
2 4
3 4
3 5
2 5
3 5
4 5
3 5
2 5
1 5
2 5
3 5
3 6
3 5
4 5
5 5
5 6
5 5
5 6
4 6
4 7
5 7
5 6
5 7
5 6
5 5
4 5
4 6
5 6
5 7
5 8
6 8
6 9
5 9
5 10
6 10
6 9
7 9
8 9
9 9
9 8
9 7
10 7
9 7
8 7
8 6
8 5
8 4
8 3
8 4
8 5
8 4
8 5
9 5
10 5
9 5
9 6
10 6
10 7
10 6
10 5
10 4
10 5
11 5
11 4
12 4
12 5
13 5
14 5
15 5
14 5
15 5
16 5
15 5
16 5
16 6
15 6
14 6
14 7
15 7
14 7
13 7
12 7
13 7
13 8
13 7
14 7
15 7
16 7
16 6
16 5
15 5
15 6
15 5
15 4
15 3
15 2
15 3
14 3
13 3
12 3
12 4
13 4
13 5
13 6
14 6
15 6
16 6
16 5
15 5
16 5
16 6
15 6
15 7
15 8
15 7
15 6
14 6
14 5
13 5
13 6
13 7
14 7
13 7
12 7
12 8
12 9
12 10
11 10
11 11
10 11
10 12
11 12
12 12
12 11
12 12
13 12
14 12
14 11
13 11
13 12
13 13
13 14
12 14
12 13
13 13
13 12
13 11
14 11
14 10
13 10
12 10
12 9
12 8
12 7
12 8
12 7
12 6
11 6
10 6
11 6
10 6
10 7
9 7
10 7
9 7
8 7
7 7
7 6
7 7
7 6
7 7
6 7
7 7
6 7
6 8
5 8
5 7
4 7
4 6
5 6
5 5
5 4
5 5
5 4
5 3
5 4
5 5
4 5
3 5
3 6
3 5
4 5
4 4
4 5
3 5
3 6
4 6
4 5
3 5
4 5
5 5
5 4
6 4
5 4
4 4
4 5
4 6
5 6
4 6
3 6
3 7
2 7
2 6
2 5
3 5
3 4
3 3
3 4
3 5
3 6
3 7
4 7
4 8
5 8
6 8
5 8
4 8
3 8
2 8
1 8
2 8
2 9
2 10
3 10
3 9
3 10
2 10
2 11
1 11
1 12
0 12
1 12
1 11
2 11
1 11
1 12
0 12
0 13
0 14
0 13
1 13
1 14
2 14
1 14
0 14
1 14
1 15
1 14
0 14
1 14
1 15
1 14
2 14
1 14
1 15
1 16
1 17
0 17
1 17
1 18
0 18
0 19
1 19
0 19
1 19
1 20
1 21
0 21
0 22
0 23
0 22
0 21
1 21
2 21
3 21
3 22
3 21
4 21
3 21
4 21
3 21
2 21
2 22
1 22
1 23
1 24
1 25
2 25
1 25
1 24
1 23
1 24
2 24
2 25
2 24
3 24
3 25
2 25
3 25
3 24
4 24
3 24
3 25
4 25
3 25
3 26
4 26
5 26
5 25
5 26
5 25
4 25
4 26
3 26
4 26
4 25
5 25
6 25
6 26
5 26
6 26
7 26
7 25
7 26
7 25
7 24
8 24
7 24
6 24
7 24
7 25
6 25
7 25
6 25
6 26
7 26
7 25
6 25
6 26
7 26
7 27
7 28
6 28
5 28
5 29
5 30
5 31
5 30
5 29
4 29
4 28
4 29
5 29
6 29
5 29
5 28
5 27
6 27
5 27
5 28
6 28
6 29
6 28
6 29
6 28
7 28
7 27
7 26
7 25
8 25
8 26
8 27
7 27
6 27
7 27
6 27
5 27
5 26
6 26
6 27
7 27
6 27
7 27
7 26
6 26
5 26
5 27
5 26
5 27
6 27
6 28
7 28
8 28
8 29
8 28
8 27
9 27
9 28
9 29
9 28
9 29
9 28
9 27
9 28
10 28
10 27
10 28
11 28
10 28
10 27
9 27
10 27
9 27
10 27
11 27
11 28
11 27
10 27
10 26
10 25
10 24
10 25
10 24
10 23
10 24
9 24
8 24
8 23
8 22
8 21
8 22
8 23
7 23
7 24
8 24
8 25
8 24
7 24
7 25
7 24
7 25
8 25
8 26
8 27
8 26
7 26
7 27
7 26
7 25
6 25
7 25
6 25
7 25
7 24
8 24
8 23
8 22
9 22
8 22
8 23
9 23
9 24
9 23
9 24
10 24
10 23
10 24
10 23
10 24
10 25
9 25
9 26
8 26
8 25
9 25
10 25
10 26
10 25
10 26
11 26
11 27
10 27
10 26
11 26
12 26
12 25
12 26
12 25
11 25
11 26
10 26
9 26
8 26
7 26
7 27
7 28
8 28
8 27
8 28
7 28
8 28
8 29
8 30
7 30
8 30
8 29
8 28
8 29
8 30
9 30
10 30
10 31
11 31
11 32
11 31
10 31
11 31
12 31
12 30
11 30
11 29
11 28
12 28
12 29
13 29
13 28
13 27
12 27
12 28
11 28
11 29
10 29
10 30
10 31
11 31
11 30
11 31
11 30
10 30
10 29
11 29
10 29
10 30
10 31
10 32
10 33
10 32
10 33
9 33
10 33
10 34
11 34
11 35
11 34
11 33
11 32
12 32
11 32
11 31
12 31
11 31
11 32
12 32
11 32
10 32
11 32
11 33
10 33
10 32
9 32
8 32
8 33
9 33
8 33
8 34
9 34
8 34
8 35
9 35
10 35
9 35
9 36
8 36
7 36
7 35
6 35
6 34
6 33
6 34
7 34
8 34
7 34
7 33
7 32
7 33
6 33
7 33
7 34
7 33
6 33
6 32
5 32
5 31
6 31
6 32
6 31
5 31
4 31
5 31
6 31
6 30
5 30
5 31
4 31
4 32
5 32
4 32
4 33
3 33
3 34
2 34
2 35
3 35
3 36
2 36
3 36
4 36
3 36
3 35
3 34
2 34
3 34
3 35
3 34
3 33
4 33
4 34
4 33
5 33
6 33
6 32
7 32
7 33
7 34
8 34
8 35
8 34
8 35
8 34
9 34
10 34
11 34
11 35
12 35
13 35
14 35
14 34
14 33
14 32
14 31
15 31
15 32
14 32
13 32
13 31
12 31
12 32
11 32
11 33
12 33
11 33
11 34
11 35
11 34
12 34
13 34
13 33
13 32
14 32
13 32
14 32
13 32
13 33
13 32
14 32
14 31
14 32
14 31
14 32
13 32
13 31
13 30
13 31
14 31
14 30
14 31
13 31
14 31
14 30
13 30
12 30
12 31
11 31
11 30
12 30
11 30
12 30
13 30
13 29
12 29
13 29
13 30
13 31
13 30
13 29
12 29
12 28
11 28
11 29
11 28
11 29
12 29
13 29
14 29
15 29
14 29
15 29
14 29
14 30
13 30
13 29
13 28
13 27
13 26
14 26
13 26
13 27
14 27
14 26
13 26
12 26
12 27
12 28
12 29
12 30
12 29
13 29
14 29
15 29
15 28
15 29
15 28
14 28
14 29
14 30
13 30
13 31
13 32
13 33
14 33
15 33
15 34
16 34
16 33
17 33
17 34
18 34
18 33
19 33
20 33
20 32
21 32
21 31
22 31
23 31
24 31
24 30
24 31
24 32
24 33
25 33
26 33
26 32
27 32
28 32
27 32
27 31
27 32
26 32
25 32
25 33
24 33
23 33
23 32
23 33
23 34
23 35
23 36
23 37
23 38
24 38
23 38
22 38
22 39
22 38
21 38
21 37
22 37
22 38
22 39
22 38
23 38
24 38
24 39
23 39
24 39
24 40
24 41
25 41
25 40
26 40
26 41
25 41
26 41
26 42
27 42
28 42
27 42
26 42
26 43
25 43
24 43
24 42
25 42
25 41
26 41
26 42
25 42
25 41
25 40
26 40
27 40
28 40
27 40
28 40
28 39
28 40
27 40
27 39
26 39
27 39
28 39
29 39
29 38
30 38
30 37
31 37
30 37
30 36
30 37
31 37
31 38
32 38
32 37
32 36
33 36
34 36
34 35
35 35
34 35
34 36
34 37
34 36
35 36
35 37
35 36
34 36
34 35
34 36
35 36
34 36
34 35
34 34
34 33
33 33
33 32
32 32
33 32
34 32
33 32
34 32
33 32
33 31
32 31
32 30
31 30
31 29
32 29
32 28
31 28
31 29
31 28
30 28
29 28
29 27
30 27
31 27
31 26
31 25
31 26
31 25
31 26
31 25
31 26
32 26
31 26
32 26
32 27
31 27
32 27
32 26
31 26
31 27
32 27
32 26
33 26
33 25
33 26
34 26
34 25
34 24
33 24
32 24
32 23
32 24
32 25
32 24
32 23
32 24
33 24
32 24
33 24
33 25
33 26
32 26
32 25
33 25
33 26
33 25
34 25
34 26
35 26
35 25
36 25
36 26
36 27
37 27
37 26
38 26
38 25
39 25
39 24
