0 0
0 1
1 1
2 1
1 1
0 1
1 1
0 1
0 2
0 3
1 3
1 2
1 3
2 3
2 2
1 2
2 2
1 2
1 1
1 2
2 2
3 2
3 3
4 3
4 4
4 5
3 5
3 4
2 4
2 5
1 5
0 5
1 5
1 4
1 3
0 3
0 2
0 1
1 1
2 1
2 2
3 2
3 3
3 4
3 3
2 3
2 2
1 2
0 2
1 2
1 1
1 2
0 2
1 2
0 2
1 2
0 2
1 2
1 3
2 3
2 2
1 2
1 1
2 1
2 2
1 2
1 3
1 2
0 2
0 1
1 1
1 0
2 0
2 1
2 0
2 1
1 1
1 0
1 1
0 1
0 0
1 0
0 0
1 0
2 0
1 0
2 0
3 0
3 1
3 2
2 2
2 3
1 3
1 4
0 4
1 4
2 4
2 3
2 2
2 3
2 4
1 4
1 3
1 4
0 4
0 3
1 3
1 2
0 2
0 3
0 4
0 5
0 4
1 4
0 4
1 4
1 5
1 4
1 5
0 5
1 5
1 4
1 5
0 5
1 5
0 5
1 5
0 5
0 6
1 6
0 6
1 6
2 6
2 7
2 6
1 6
1 5
1 6
2 6
2 5
2 4
3 4
2 4
1 4
0 4
1 4
0 4
0 3
1 3
2 3
2 4
2 5
2 6
3 6
3 5
3 4
3 5
4 5
4 4
5 4
6 4
6 3
5 3
5 2
5 1
5 0
6 0
5 0
4 0
5 0
5 1
5 0
4 0
3 0
3 1
3 2
4 2
4 3
5 3
5 2
6 2
5 2
5 3
5 4
5 5
6 5
6 6
5 6
5 5
4 5
4 4
3 4
4 4
3 4
4 4
4 3
4 4
4 3
5 3
5 4
5 3
5 2
5 3
6 3
7 3
8 3
9 3
10 3
10 2
10 1
10 2
9 2
8 2
7 2
6 2
6 3
6 2
6 3
6 2
5 2
6 2
5 2
5 3
6 3
5 3
5 4
4 4
3 4
4 4
3 4
2 4
2 5
2 4
2 3
2 2
3 2
4 2
4 1
4 2
5 2
5 1
5 2
4 2
3 2
3 3
3 2
3 1
3 2
3 3
4 3
4 4
5 4
6 4
6 3
7 3
8 3
9 3
8 3
8 4
8 5
9 5
9 4
9 3
10 3
10 2
11 2
12 2
11 2
10 2
11 2
11 3
11 2
10 2
10 1
10 2
9 2
8 2
8 3
9 3
8 3
8 4
8 3
9 3
10 3
10 2
9 2
9 3
9 2
8 2
8 3
9 3
8 3
8 4
9 4
10 4
10 5
10 6
11 6
11 5
12 5
12 6
12 7
12 8
13 8
12 8
12 7
12 6
13 6
13 5
13 4
12 4
11 4
11 3
11 2
11 3
11 4
11 5
12 5
12 6
13 6
14 6
15 6
14 6
13 6
13 5
13 4
13 3
12 3
11 3
10 3
9 3
9 4
9 3
9 2
9 1
8 1
9 1
9 0
9 1
8 1
8 0
7 0
7 1
7 2
6 2
6 3
6 4
7 4
7 5
8 5
7 5
8 5
7 5
6 5
5 5
5 6
5 5
5 4
5 5
5 4
6 4
6 5
5 5
5 4
4 4
4 3
4 2
5 2
5 1
5 2
4 2
3 2
3 1
2 1
2 2
3 2
2 2
1 2
2 2
3 2
4 2
4 3
4 2
5 2
4 2
4 1
4 2
4 1
5 1
4 1
4 0
4 1
4 0
4 1
4 0
3 0
2 0
2 1
2 2
2 3
3 3
3 2
4 2
5 2
5 3
4 3
4 4
4 3
4 4
5 4
5 3
5 2
6 2
6 1
7 1
7 0
8 0
8 1
8 2
8 3
8 2
8 3
8 4
8 5
8 4
9 4
9 5
8 5
9 5
8 5
8 6
8 7
9 7
9 6
10 6
10 5
9 5
9 6
10 6
11 6
12 6
13 6
13 7
12 7
12 6
12 5
12 6
11 6
12 6
12 7
12 6
12 7
11 7
11 6
12 6
11 6
11 7
11 8
10 8
10 9
10 10
11 10
11 11
12 11
12 10
13 10
13 11
13 12
13 13
13 14
14 14
13 14
12 14
13 14
13 13
13 14
12 14
12 13
12 14
13 14
13 13
12 13
13 13
14 13
14 14
14 13
13 13
13 12
13 13
13 12
13 11
13 12
13 13
13 12
14 12
13 12
14 12
14 11
13 11
14 11
14 10
14 11
15 11
16 11
17 11
18 11
19 11
19 10
19 11
19 10
19 9
19 8
20 8
20 9
20 10
19 10
20 10
20 9
20 8
20 7
19 7
18 7
18 8
18 7
18 6
18 7
17 7
17 8
18 8
18 7
18 6
19 6
19 7
19 6
20 6
21 6
21 7
21 8
21 9
22 9
22 10
21 10
21 9
21 8
22 8
22 9
22 10
22 11
22 10
23 10
23 9
22 9
22 8
21 8
20 8
20 9
19 9
20 9
20 10
21 10
20 10
19 10
18 10
19 10
18 10
18 9
18 8
18 7
18 6
18 7
17 7
18 7
18 8
18 9
18 10
17 10
16 10
16 11
16 10
17 10
18 10
19 10
20 10
21 10
22 10
21 10
20 10
20 11
19 11
20 11
20 12
21 12
21 11
21 12
21 13
22 13
21 13
21 12
21 11
21 10
21 9
22 9
22 8
22 9
22 10
23 10
24 10
24 11
25 11
26 11
26 10
25 10
24 10
23 10
23 11
24 11
23 11
22 11
22 10
23 10
23 11
22 11
22 10
21 10
22 10
22 11
22 10
23 10
23 9
24 9
24 8
24 9
25 9
25 8
25 7
24 7
24 6
25 6
25 7
24 7
24 8
24 9
24 8
23 8
22 8
22 9
23 9
23 8
22 8
21 8
22 8
23 8
23 9
24 9
24 10
24 11
23 11
24 11
24 12
24 11
24 12
24 13
24 12
24 13
25 13
26 13
26 14
27 14
27 13
28 13
27 13
27 14
27 15
27 16
26 16
26 17
26 18
25 18
24 18
24 17
25 17
25 16
25 15
25 16
26 16
26 17
26 18
26 19
25 19
25 20
26 20
26 19
25 19
25 18
25 19
26 19
27 19
27 18
27 19
26 19
27 19
26 19
26 18
27 18
28 18
27 18
28 18
29 18
29 19
30 19
30 20
29 20
29 21
29 20
29 21
29 22
29 23
29 24
30 24
30 25
31 25
31 24
30 24
31 24
31 23
30 23
30 22
30 23
30 22
29 22
28 22
29 22
28 22
28 23
28 24
29 24
29 23
30 23
29 23
29 22
28 22
28 21
27 21
28 21
27 21
26 21
26 20
26 21
26 22
26 21
26 20
25 20
24 20
23 20
23 21
23 22
24 22
23 22
24 22
25 22
25 23
24 23
24 24
24 23
24 24
25 24
25 23
26 23
25 23
25 22
25 23
25 24
25 23
26 23
26 24
27 24
28 24
27 24
28 24
28 23
28 22
27 22
28 22
28 23
28 22
28 21
28 20
28 19
29 19
28 19
27 19
26 19
27 19
27 18
28 18
28 17
28 18
28 19
27 19
27 18
28 18
29 18
29 17
28 17
28 16
28 17
28 16
29 16
29 17
29 16
29 15
29 14
28 14
28 15
29 15
29 14
30 14
29 14
29 15
29 14
29 15
28 15
28 16
28 17
29 17
28 17
27 17
27 18
27 19
26 19
27 19
27 20
28 20
29 20
29 19
29 20
29 19
30 19
31 19
31 20
31 21
31 20
31 19
32 19
32 18
33 18
32 18
33 18
33 17
33 16
33 15
33 14
34 14
35 14
35 15
36 15
36 14
36 15
36 16
35 16
35 15
35 14
34 14
33 14
34 14
33 14
32 14
33 14
33 13
33 12
34 12
34 13
34 14
35 14
35 15
35 16
35 17
36 17
36 16
36 15
36 16
35 16
36 16
37 16
37 15
36 15
37 15
37 14
36 14
37 14
36 14
35 14
35 15
35 16
34 16
34 17
34 18
33 18
32 18
31 18
31 17
30 17
30 18
29 18
29 19
29 20
30 20
29 20
29 19
30 19
30 20
31 20
31 21
30 21
31 21
31 20
31 21
30 21
30 22
30 23
30 22
30 23
30 22
29 22
30 22
29 22
29 23
30 23
29 23
30 23
29 23
29 22
29 21
29 22
29 21
30 21
30 22
31 22
30 22
31 22
31 23
31 22
32 22
32 21
31 21
31 20
30 20
30 19
31 19
31 18
32 18
32 17
33 17
33 16
32 16
32 15
33 15
32 15
33 15
34 15
34 14
35 14
35 13
36 13
35 13
35 14
35 15
35 14
35 13
35 14
34 14
33 14
33 15
32 15
31 15
31 14
31 13
31 14
31 15
32 15
32 16
33 16
33 15
32 15
32 16
33 16
33 15
33 14
33 15
34 15
33 15
33 16
32 16
32 15
33 15
32 15
32 16
33 16
32 16
33 16
