0 0
0 1
1 1
1 0
2 0
1 0
2 0
1 0
1 1
2 1
3 1
4 1
4 2
4 1
5 1
6 1
6 0
7 0
8 0
7 0
7 1
7 2
7 3
7 4
7 3
7 4
7 5
6 5
6 6
6 5
6 4
6 5
7 5
6 5
5 5
5 6
6 6
7 6
7 7
7 6
7 5
7 6
6 6
6 5
7 5
8 5
7 5
7 4
7 3
8 3
8 4
8 5
8 6
7 6
7 5
7 6
7 5
7 6
7 7
7 6
7 5
7 6
8 6
7 6
6 6
6 5
5 5
4 5
5 5
6 5
5 5
4 5
5 5
5 6
6 6
6 5
6 6
5 6
5 7
5 8
5 7
6 7
6 8
6 7
7 7
7 6
6 6
6 7
6 8
7 8
8 8
7 8
7 7
7 8
6 8
6 9
5 9
4 9
5 9
4 9
3 9
4 9
5 9
4 9
4 10
5 10
5 11
6 11
6 10
5 10
4 10
4 9
4 10
4 11
4 12
5 12
4 12
4 11
5 11
5 12
4 12
5 12
5 13
5 12
5 11
4 11
4 10
4 11
3 11
3 12
4 12
4 13
4 12
4 13
4 14
4 13
4 14
5 14
5 15
5 14
5 13
5 14
5 15
5 14
4 14
4 15
4 14
5 14
5 15
5 16
5 15
6 15
5 15
5 14
5 13
5 12
5 11
6 11
7 11
7 10
7 11
8 11
9 11
10 11
10 10
10 11
11 11
12 11
13 11
14 11
13 11
12 11
13 11
12 11
12 10
13 10
13 9
13 10
13 9
12 9
11 9
11 10
12 10
11 10
11 11
11 10
12 10
13 10
13 11
13 10
12 10
11 10
11 11
12 11
11 11
12 11
13 11
13 10
12 10
11 10
12 10
12 11
12 10
11 10
11 11
11 12
11 13
11 14
11 15
11 14
10 14
9 14
8 14
9 14
8 14
8 15
7 15
6 15
6 14
7 14
7 13
7 12
6 12
5 12
5 11
5 12
6 12
5 12
5 11
4 11
4 12
4 11
4 12
3 12
3 11
4 11
5 11
6 11
7 11
8 11
8 12
7 12
8 12
7 12
8 12
9 12
9 13
10 13
11 13
11 12
10 12
10 13
11 13
11 12
12 12
13 12
14 12
14 11
14 12
13 12
13 11
13 12
12 12
13 12
13 13
14 13
15 13
14 13
15 13
15 14
16 14
17 14
17 15
17 14
17 15
18 15
17 15
17 16
17 17
17 16
17 15
18 15
17 15
17 14
16 14
16 15
17 15
18 15
19 15
19 16
20 16
20 15
20 16
19 16
19 15
18 15
19 15
19 16
19 17
19 18
19 19
18 19
19 19
20 19
20 20
21 20
21 19
21 20
21 19
20 19
20 18
19 18
18 18
17 18
16 18
16 19
15 19
16 19
16 18
15 18
15 19
14 19
15 19
15 18
15 19
15 20
15 21
14 21
14 20
15 20
14 20
13 20
12 20
12 21
12 22
13 22
12 22
13 22
12 22
12 21
12 20
13 20
13 19
13 18
13 19
14 19
13 19
14 19
13 19
13 20
13 21
12 21
12 20
12 21
11 21
11 22
11 21
11 20
10 20
11 20
11 21
10 21
9 21
10 21
11 21
11 22
11 23
10 23
9 23
10 23
9 23
9 24
10 24
11 24
10 24
11 24
12 24
12 23
13 23
12 23
12 24
12 25
13 25
13 24
14 24
15 24
15 23
15 22
14 22
15 22
15 23
15 22
14 22
14 23
15 23
15 22
15 23
15 24
15 23
15 24
16 24
17 24
17 25
17 26
17 27
17 26
18 26
18 27
18 28
19 28
19 29
19 30
19 29
19 30
20 30
21 30
21 29
22 29
23 29
23 28
23 27
23 26
23 25
23 24
23 25
24 25
23 25
23 26
23 27
24 27
24 26
25 26
25 25
24 25
25 25
25 26
24 26
24 27
24 26
25 26
25 27
25 26
25 25
24 25
25 25
24 25
24 24
24 23
25 23
25 22
24 22
23 22
23 23
23 22
24 22
24 21
24 22
25 22
24 22
25 22
25 21
25 22
25 21
25 22
26 22
26 23
25 23
26 23
27 23
28 23
27 23
28 23
28 22
29 22
29 23
29 24
29 23
28 23
29 23
29 22
29 23
29 24
28 24
29 24
29 25
28 25
28 26
29 26
28 26
29 26
28 26
27 26
26 26
25 26
26 26
26 27
26 28
26 27
26 28
26 29
27 29
26 29
27 29
26 29
26 30
25 30
24 30
23 30
23 29
22 29
23 29
22 29
22 28
21 28
21 29
22 29
22 28
23 28
23 29
23 28
23 27
24 27
24 26
23 26
24 26
24 27
23 27
23 26
23 27
23 26
24 26
25 26
25 27
26 27
26 28
26 29
27 29
26 29
26 30
26 29
26 28
27 28
28 28
27 28
28 28
28 29
28 28
28 27
27 27
27 26
28 26
28 25
29 25
28 25
28 26
28 25
27 25
28 25
29 25
28 25
27 25
27 26
27 25
27 26
27 27
27 26
26 26
27 26
26 26
26 27
25 27
26 27
26 28
26 27
26 26
27 26
28 26
28 27
28 26
27 26
26 26
26 27
26 26
26 25
26 24
26 23
25 23
25 24
25 23
25 24
24 24
23 24
22 24
21 24
21 23
22 23
22 24
21 24
20 24
21 24
20 24
19 24
20 24
21 24
20 24
19 24
19 25
20 25
19 25
20 25
20 24
20 23
20 24
21 24
21 23
21 22
20 22
20 21
19 21
20 21
21 21
22 21
22 22
22 23
23 23
23 22
23 21
22 21
22 22
22 23
22 24
22 23
22 22
22 21
21 21
22 21
21 21
20 21
20 22
20 23
21 23
20 23
21 23
21 22
22 22
22 21
21 21
22 21
21 21
20 21
20 20
20 19
20 18
19 18
18 18
18 17
18 16
19 16
18 16
18 17
17 17
17 16
17 17
17 18
16 18
16 19
16 20
16 21
17 21
17 22
18 22
19 22
19 21
18 21
19 21
19 22
19 21
19 20
19 19
20 19
20 20
21 20
22 20
23 20
22 20
23 20
23 19
23 20
23 21
23 22
23 23
24 23
23 23
23 22
22 22
23 22
24 22
25 22
25 21
25 20
24 20
24 19
23 19
23 18
24 18
25 18
25 19
25 20
24 20
24 19
23 19
24 19
23 19
22 19
22 18
22 19
22 18
22 19
23 19
22 19
22 18
23 18
24 18
24 17
23 17
24 17
24 18
24 17
24 16
24 15
24 16
24 15
24 16
23 16
23 17
23 16
23 15
22 15
21 15
21 16
20 16
20 17
20 18
20 19
20 18
20 17
20 16
21 16
21 17
20 17
19 17
19 18
20 18
20 17
20 16
19 16
19 15
19 14
19 13
20 13
20 14
20 13
20 12
19 12
19 11
19 10
20 10
20 11
20 12
19 12
20 12
19 12
19 13
19 12
18 12
17 12
17 11
17 10
17 11
17 10
16 10
15 10
16 10
16 9
15 9
15 8
15 9
15 10
15 9
15 8
14 8
14 9
14 8
14 9
13 9
14 9
14 10
15 10
14 10
13 10
14 10
13 10
12 10
13 10
13 9
14 9
13 9
13 8
13 7
13 6
13 5
12 5
12 6
12 7
11 7
11 6
11 5
12 5
12 4
12 3
13 3
13 2
13 3
12 3
13 3
14 3
13 3
13 4
13 3
14 3
15 3
15 2
14 2
13 2
13 3
13 4
13 5
12 5
13 5
13 6
14 6
13 6
14 6
13 6
13 7
14 7
14 6
14 5
13 5
13 4
12 4
12 3
11 3
12 3
11 3
11 4
10 4
10 5
11 5
12 5
11 5
11 6
10 6
9 6
8 6
8 5
9 5
9 4
9 3
8 3
9 3
9 2
9 3
8 3
9 3
8 3
8 4
8 3
8 4
8 3
8 4
7 4
7 3
8 3
7 3
8 3
7 3
8 3
7 3
7 4
8 4
8 5
8 4
7 4
7 3
7 4
6 4
5 4
6 4
7 4
7 3
7 2
7 1
7 2
7 1
6 1
5 1
6 1
6 2
5 2
6 2
7 2
7 1
7 2
6 2
7 2
7 1
6 1
6 2
6 3
7 3
8 3
8 2
7 2
7 1
8 1
9 1
9 0
8 0
9 0
10 0
10 1
10 2
11 2
12 2
12 1
12 2
12 3
13 3
13 4
13 5
13 6
12 6
12 7
13 7
14 7
13 7
13 8
14 8
15 8
16 8
15 8
16 8
16 9
15 9
14 9
14 8
14 7
13 7
13 8
13 9
13 8
13 7
14 7
14 6
13 6
13 7
13 6
12 6
13 6
12 6
11 6
11 5
10 5
9 5
9 4
9 5
9 6
9 5
8 5
8 6
7 6
7 5
7 6
7 7
8 7
7 7
7 8
7 9
6 9
6 10
5 10
5 9
6 9
6 8
6 7
7 7
7 6
6 6
7 6
