0 0
1 0
0 0
1 0
0 0
0 1
0 0
0 1
0 2
1 2
0 2
0 1
0 2
1 2
1 3
1 2
2 2
2 3
3 3
4 3
5 3
5 2
5 3
4 3
5 3
5 2
5 3
6 3
7 3
7 2
6 2
6 3
7 3
7 4
6 4
7 4
8 4
9 4
9 3
9 2
9 1
10 1
11 1
11 2
10 2
9 2
9 3
9 2
10 2
9 2
8 2
8 1
7 1
7 2
7 3
7 4
8 4
8 3
8 4
7 4
8 4
8 3
9 3
9 2
9 1
9 0
9 1
10 1
9 1
10 1
10 0
11 0
10 0
9 0
10 0
11 0
12 0
11 0
11 1
10 1
11 1
10 1
11 1
11 2
12 2
12 1
11 1
12 1
12 0
11 0
11 1
10 1
11 1
11 0
11 1
11 0
10 0
10 1
10 2
10 1
10 2
9 2
10 2
11 2
12 2
12 3
12 2
13 2
13 3
13 2
14 2
14 3
14 4
14 5
14 6
15 6
15 5
15 4
15 3
16 3
15 3
14 3
14 2
14 3
14 2
15 2
16 2
15 2
15 3
15 2
15 3
16 3
16 2
17 2
18 2
19 2
19 1
20 1
20 2
20 3
20 4
21 4
20 4
19 4
18 4
18 5
19 5
19 4
18 4
18 3
19 3
18 3
18 4
18 3
18 4
19 4
18 4
18 3
18 2
19 2
19 3
20 3
21 3
22 3
23 3
24 3
24 4
23 4
23 5
24 5
24 6
25 6
25 7
26 7
27 7
27 8
26 8
26 9
26 8
25 8
25 7
25 6
26 6
27 6
27 7
27 8
27 9
28 9
28 8
28 7
28 8
29 8
29 9
29 10
28 10
28 11
28 10
27 10
27 11
27 12
26 12
26 11
26 12
27 12
28 12
28 13
27 13
28 13
28 12
29 12
29 13
28 13
27 13
27 12
27 13
26 13
25 13
25 14
25 15
25 16
25 15
26 15
27 15
26 15
25 15
24 15
24 16
24 17
24 18
24 17
24 18
24 17
25 17
25 16
25 15
25 14
25 15
25 14
25 13
25 12
25 11
25 12
26 12
26 13
26 12
26 11
26 12
26 11
26 12
26 11
27 11
28 11
27 11
28 11
29 11
30 11
31 11
32 11
31 11
31 10
31 11
30 11
29 11
29 12
29 13
29 12
29 11
30 11
30 10
30 9
30 10
30 11
30 12
30 13
30 14
29 14
29 13
29 14
29 15
28 15
29 15
30 15
29 15
29 14
29 15
30 15
30 16
31 16
30 16
30 17
31 17
31 18
31 19
30 19
30 20
29 20
30 20
30 21
29 21
29 20
28 20
28 19
29 19
28 19
27 19
28 19
29 19
29 20
28 20
28 21
28 20
28 21
28 22
29 22
29 21
29 22
30 22
30 23
30 24
30 23
30 22
29 22
28 22
28 21
27 21
27 20
26 20
26 19
27 19
26 19
26 20
26 21
25 21
25 20
25 19
26 19
25 19
26 19
26 18
26 17
26 16
26 15
27 15
27 16
27 15
26 15
27 15
26 15
26 14
26 13
26 12
25 12
25 11
25 10
24 10
23 10
24 10
25 10
26 10
27 10
27 9
27 8
27 9
27 8
27 9
26 9
26 8
27 8
26 8
26 7
26 6
26 5
26 6
26 7
26 6
26 7
27 7
27 8
27 9
27 8
27 9
26 9
26 8
25 8
25 9
24 9
25 9
25 8
26 8
25 8
25 9
24 9
23 9
24 9
24 10
23 10
24 10
24 9
25 9
26 9
26 10
26 9
26 10
26 11
26 12
26 13
26 12
26 13
25 13
26 13
25 13
26 13
27 13
27 14
27 13
26 13
26 12
25 12
25 11
25 10
25 11
26 11
26 12
26 13
26 14
27 14
27 13
28 13
28 14
28 13
27 13
26 13
26 12
26 13
26 14
25 14
25 15
25 14
25 13
25 14
25 13
25 14
24 14
24 13
24 12
23 12
23 13
23 14
22 14
21 14
21 13
22 13
21 13
22 13
22 14
23 14
23 13
24 13
24 12
24 13
24 14
25 14
25 15
25 16
25 17
26 17
25 17
25 16
26 16
27 16
27 15
28 15
28 14
28 13
28 14
28 15
28 14
28 15
28 16
28 17
28 16
29 16
29 15
29 14
29 13
29 14
30 14
30 15
31 15
31 14
31 13
30 13
31 13
31 14
31 13
31 12
32 12
32 11
32 12
32 13
33 13
33 12
33 13
33 12
34 12
35 12
35 11
36 11
35 11
34 11
34 12
35 12
36 12
35 12
34 12
34 11
34 12
34 13
33 13
33 14
34 14
33 14
33 13
33 14
33 13
34 13
34 12
34 13
33 13
33 14
33 15
33 16
34 16
34 15
33 15
33 14
34 14
35 14
34 14
34 15
35 15
35 14
35 13
35 12
34 12
35 12
35 13
35 14
34 14
34 13
33 13
32 13
31 13
32 13
31 13
31 12
32 12
32 11
32 12
33 12
34 12
34 11
34 10
33 10
34 10
33 10
33 11
32 11
31 11
30 11
29 11
29 10
30 10
30 9
31 9
32 9
32 8
32 7
32 8
33 8
32 8
32 7
31 7
30 7
31 7
32 7
31 7
30 7
30 8
30 9
31 9
31 10
32 10
33 10
33 9
34 9
34 10
34 9
35 9
36 9
36 8
35 8
36 8
35 8
35 9
36 9
36 10
36 9
35 9
35 8
35 9
34 9
34 8
35 8
35 9
34 9
35 9
35 8
35 7
36 7
37 7
37 8
37 9
37 10
38 10
38 9
37 9
36 9
36 10
35 10
35 11
36 11
36 10
37 10
38 10
38 9
38 8
38 7
38 6
38 7
39 7
39 6
39 5
38 5
39 5
39 4
38 4
38 3
37 3
37 4
38 4
37 4
37 5
37 4
37 3
37 4
37 3
38 3
38 4
39 4
38 4
37 4
37 5
36 5
35 5
36 5
37 5
37 6
38 6
39 6
39 5
39 4
40 4
41 4
41 3
42 3
42 4
42 3
43 3
43 2
42 2
42 1
43 1
42 1
41 1
41 0
42 0
42 1
41 1
40 1
40 0
40 1
40 2
40 3
40 2
40 3
40 2
41 2
41 3
41 4
42 4
41 4
42 4
42 3
42 2
43 2
42 2
42 3
43 3
43 2
43 3
43 4
42 4
42 5
42 4
42 5
43 5
43 4
43 3
43 2
43 3
42 3
42 4
42 5
41 5
40 5
40 6
40 5
40 4
41 4
42 4
41 4
41 3
42 3
42 2
42 1
42 0
42 1
43 1
44 1
44 2
45 2
45 1
45 2
46 2
46 3
46 2
46 3
46 2
46 1
46 0
47 0
47 1
48 1
48 2
47 2
47 1
47 0
47 1
47 0
46 0
46 1
47 1
47 2
47 1
46 1
45 1
46 1
45 1
45 0
45 1
45 2
45 1
45 0
46 0
47 0
47 1
48 1
48 0
48 1
49 1
50 1
49 1
48 1
47 1
47 0
47 1
48 1
47 1
46 1
47 1
48 1
49 1
49 2
50 2
49 2
49 3
48 3
48 2
48 1
49 1
49 0
49 1
49 2
49 1
49 0
49 1
50 1
50 2
51 2
51 1
50 1
50 0
51 0
51 1
52 1
52 0
53 0
53 1
52 1
52 0
52 1
52 2
52 3
51 3
51 2
51 3
50 3
50 4
51 4
50 4
51 4
50 4
50 3
50 2
51 2
51 3
51 2
52 2
52 1
53 1
54 1
54 2
53 2
54 2
54 1
54 2
54 3
54 2
54 3
54 4
53 4
53 5
54 5
54 4
55 4
55 5
56 5
56 4
56 3
56 2
55 2
54 2
54 1
55 1
54 1
54 0
54 1
54 2
54 1
53 1
54 1
54 2
54 1
54 0
53 0
52 0
53 0
54 0
55 0
56 0
57 0
57 1
57 2
57 1
57 0
56 0
56 1
57 1
57 0
57 1
58 1
59 1
60 1
59 1
58 1
58 2
58 3
59 3
59 4
59 3
59 2
59 1
59 2
58 2
59 2
58 2
59 2
59 3
59 2
58 2
57 2
57 3
56 3
56 4
56 3
56 2
57 2
56 2
55 2
54 2
53 2
54 2
54 1
54 2
54 1
54 0
55 0
55 1
55 0
54 0
54 1
53 1
52 1
51 1
51 0
51 1
52 1
51 1
50 1
51 1
50 1
49 1
50 1
50 2
50 3
51 3
51 2
51 1
52 1
51 1
51 0
50 0
50 1
49 1
49 2
48 2
48 3
47 3
46 3
47 3
46 3
46 4
47 4
47 3
46 3
45 3
44 3
44 2
45 2
46 2
46 1
45 1
46 1
45 1
45 0
44 0
43 0
44 0
43 0
43 1
43 0
42 0
41 0
40 0
39 0
38 0
38 1
37 1
36 1
37 1
36 1
37 1
36 1
36 0
36 1
36 0
35 0
35 1
35 0
