0 0
0 1
1 1
0 1
0 0
1 0
0 0
1 0
1 1
1 2
1 3
1 2
1 3
1 4
2 4
1 4
1 5
2 5
1 5
1 4
0 4
0 3
1 3
1 4
2 4
2 3
2 2
3 2
3 1
3 0
4 0
4 1
4 2
5 2
5 1
5 0
5 1
5 0
4 0
3 0
2 0
1 0
1 1
2 1
1 1
2 1
1 1
1 0
1 1
0 1
0 2
1 2
1 1
1 2
1 1
1 0
0 0
0 1
0 2
1 2
2 2
3 2
2 2
2 3
1 3
1 2
2 2
1 2
2 2
2 3
2 2
3 2
3 3
4 3
4 2
3 2
3 1
3 2
3 1
3 0
4 0
3 0
4 0
3 0
3 1
3 2
4 2
4 3
4 2
4 1
5 1
5 0
5 1
4 1
4 2
5 2
5 1
4 1
3 1
4 1
3 1
3 2
4 2
3 2
3 3
4 3
3 3
3 2
2 2
2 1
1 1
0 1
0 2
0 3
1 3
2 3
1 3
2 3
2 4
3 4
4 4
3 4
3 5
3 4
3 3
3 2
3 1
3 2
3 1
3 2
3 3
3 4
3 3
3 4
2 4
3 4
2 4
3 4
3 5
4 5
3 5
4 5
3 5
4 5
5 5
5 4
4 4
5 4
5 3
5 2
4 2
5 2
5 3
5 4
4 4
4 5
5 5
5 4
4 4
4 5
4 6
4 5
4 4
4 3
3 3
4 3
5 3
6 3
6 2
7 2
7 3
7 4
8 4
7 4
7 5
6 5
5 5
5 6
6 6
6 5
6 4
6 5
6 4
6 3
6 2
5 2
4 2
4 1
4 2
4 1
5 1
5 0
5 1
5 2
4 2
4 1
4 0
3 0
3 1
3 0
3 1
3 2
4 2
5 2
5 3
5 4
4 4
5 4
5 3
5 2
6 2
7 2
6 2
6 1
6 2
6 3
6 4
7 4
7 3
7 2
7 1
7 2
6 2
6 3
5 3
6 3
6 4
5 4
4 4
3 4
4 4
4 3
5 3
4 3
4 4
5 4
4 4
4 3
5 3
6 3
7 3
8 3
8 2
8 3
8 2
8 3
9 3
9 4
9 5
10 5
9 5
8 5
7 5
6 5
7 5
7 4
7 5
8 5
8 6
8 7
9 7
9 6
8 6
7 6
7 5
6 5
6 4
7 4
6 4
6 5
7 5
8 5
8 4
8 3
7 3
7 2
7 3
6 3
6 2
5 2
6 2
6 1
5 1
4 1
5 1
5 2
5 3
5 4
5 3
6 3
7 3
7 2
6 2
6 1
6 2
6 1
7 1
6 1
6 2
6 3
5 3
4 3
3 3
2 3
2 4
1 4
2 4
1 4
2 4
2 3
3 3
4 3
5 3
4 3
4 4
4 3
5 3
6 3
5 3
5 2
4 2
4 1
4 0
4 1
3 1
2 1
2 2
3 2
3 1
2 1
1 1
1 2
1 3
0 3
0 4
0 5
1 5
0 5
0 4
1 4
0 4
1 4
2 4
1 4
0 4
0 5
0 6
0 5
0 6
0 7
1 7
1 6
2 6
3 6
2 6
3 6
3 7
2 7
2 6
2 5
2 4
2 3
2 4
3 4
4 4
5 4
6 4
7 4
7 5
8 5
8 6
8 7
7 7
7 8
7 7
7 8
6 8
6 9
7 9
7 10
7 9
8 9
8 10
8 11
8 12
8 11
8 10
7 10
7 9
6 9
6 10
6 11
7 11
7 12
7 13
8 13
9 13
9 14
9 13
9 14
10 14
9 14
9 15
9 16
9 17
9 18
9 19
10 19
10 20
11 20
12 20
12 21
12 22
12 23
12 24
12 23
11 23
10 23
10 24
9 24
8 24
8 23
7 23
8 23
8 22
8 23
7 23
7 22
8 22
8 23
8 22
7 22
6 22
7 22
6 22
7 22
7 23
7 24
7 25
7 24
7 25
6 25
7 25
8 25
7 25
6 25
6 24
6 23
6 22
6 23
5 23
4 23
4 24
5 24
5 25
5 24
6 24
6 23
6 24
5 24
6 24
6 23
5 23
6 23
5 23
6 23
5 23
5 22
5 23
4 23
5 23
4 23
4 24
3 24
3 25
3 26
4 26
5 26
5 25
4 25
4 24
5 24
5 25
4 25
3 25
4 25
5 25
4 25
4 26
5 26
5 25
5 24
4 24
4 25
4 26
3 26
2 26
2 27
2 26
1 26
0 26
0 25
0 24
0 23
0 22
0 23
0 22
1 22
1 21
1 20
1 21
1 22
2 22
2 21
2 20
2 19
2 20
3 20
4 20
5 20
5 21
4 21
3 21
3 20
3 21
3 20
3 21
4 21
5 21
6 21
6 22
6 21
5 21
6 21
5 21
6 21
7 21
6 21
7 21
6 21
6 22
7 22
8 22
9 22
9 21
9 20
9 21
8 21
8 22
8 23
8 24
8 23
8 22
7 22
7 21
7 20
8 20
8 21
9 21
8 21
9 21
9 22
9 23
10 23
10 22
10 23
9 23
9 22
10 22
10 21
10 22
11 22
10 22
10 21
10 22
10 23
9 23
9 24
9 23
10 23
10 24
10 23
10 22
9 22
10 22
9 22
9 21
9 22
9 23
8 23
7 23
6 23
6 24
5 24
5 23
5 24
6 24
7 24
7 23
7 22
8 22
9 22
9 23
10 23
10 22
10 21
10 20
10 21
9 21
9 22
10 22
9 22
9 23
8 23
9 23
10 23
10 22
10 23
10 22
10 23
11 23
12 23
13 23
12 23
11 23
11 24
11 25
11 26
11 25
12 25
11 25
12 25
12 24
11 24
12 24
12 23
12 24
12 23
13 23
13 24
13 23
14 23
14 24
14 23
15 23
14 23
15 23
15 24
15 25
14 25
14 24
14 25
14 26
15 26
15 25
15 26
16 26
15 26
16 26
16 27
15 27
15 28
14 28
14 27
14 28
14 27
15 27
14 27
13 27
14 27
15 27
14 27
13 27
12 27
11 27
11 26
11 25
10 25
11 25
11 26
11 27
11 28
11 27
11 26
12 26
12 27
13 27
14 27
15 27
16 27
17 27
16 27
16 28
17 28
17 27
17 28
16 28
15 28
15 29
14 29
13 29
12 29
11 29
11 30
10 30
9 30
8 30
8 31
9 31
9 32
9 31
9 30
9 29
10 29
9 29
9 30
9 31
9 30
9 31
9 32
10 32
10 33
10 32
10 31
11 31
11 32
12 32
12 31
11 31
12 31
13 31
12 31
13 31
13 30
14 30
14 31
15 31
15 30
15 31
14 31
14 32
13 32
13 31
13 30
14 30
15 30
15 31
15 30
15 31
15 30
15 29
15 28
14 28
13 28
14 28
14 27
13 27
13 28
12 28
12 27
13 27
12 27
11 27
10 27
11 27
10 27
11 27
11 26
12 26
11 26
10 26
11 26
12 26
12 25
12 24
13 24
14 24
13 24
13 25
13 26
13 25
12 25
11 25
10 25
11 25
11 24
10 24
9 24
10 24
9 24
8 24
9 24
8 24
9 24
8 24
7 24
7 23
6 23
7 23
8 23
8 22
8 21
9 21
9 22
8 22
8 23
9 23
10 23
10 22
11 22
12 22
13 22
13 21
13 20
13 21
14 21
14 22
14 21
14 22
13 22
13 23
12 23
11 23
11 24
12 24
11 24
11 25
11 26
10 26
10 25
10 24
9 24
9 25
8 25
8 26
9 26
8 26
8 25
9 25
9 26
9 27
9 28
9 29
9 30
10 30
9 30
10 30
9 30
10 30
9 30
9 29
10 29
11 29
11 30
10 30
9 30
10 30
11 30
11 29
11 28
11 27
11 28
10 28
10 27
10 28
11 28
10 28
10 29
10 28
9 28
9 29
9 30
9 31
9 30
10 30
11 30
10 30
10 31
10 30
10 31
11 31
11 30
12 30
13 30
13 29
14 29
13 29
13 30
13 29
13 28
14 28
14 27
13 27
14 27
13 27
14 27
13 27
14 27
15 27
16 27
17 27
16 27
15 27
15 26
14 26
14 25
14 26
14 25
15 25
15 26
16 26
15 26
15 27
14 27
15 27
15 28
14 28
15 28
14 28
13 28
13 27
13 28
13 29
13 30
12 30
13 30
14 30
15 30
14 30
14 31
14 32
13 32
13 31
13 30
13 29
13 30
14 30
13 30
14 30
13 30
13 29
14 29
14 30
15 30
14 30
15 30
15 31
15 30
15 31
14 31
14 32
14 33
13 33
13 32
13 31
14 31
14 32
13 32
13 33
13 32
12 32
12 33
12 34
12 35
12 34
13 34
13 35
13 36
13 35
14 35
15 35
15 36
15 37
15 36
16 36
17 36
18 36
17 36
17 37
17 38
17 39
16 39
16 38
16 37
17 37
16 37
15 37
15 38
16 38
16 37
15 37
16 37
16 38
16 37
16 36
17 36
17 35
17 36
18 36
19 36
