0 0
1 0
0 0
0 1
0 2
0 3
1 3
1 2
2 2
1 2
1 3
0 3
0 4
0 5
1 5
2 5
3 5
3 6
3 7
3 6
3 7
4 7
4 6
4 5
5 5
5 6
5 7
5 6
6 6
6 7
7 7
8 7
9 7
10 7
9 7
10 7
11 7
11 8
11 7
11 6
10 6
10 5
11 5
12 5
12 4
13 4
13 3
14 3
14 4
14 5
15 5
16 5
16 6
15 6
15 7
15 8
15 9
16 9
15 9
14 9
15 9
16 9
15 9
15 10
14 10
14 9
15 9
16 9
15 9
15 10
15 9
15 10
16 10
16 11
15 11
14 11
14 10
14 9
14 10
14 9
15 9
16 9
16 10
16 11
17 11
18 11
17 11
16 11
16 12
16 13
16 12
16 11
16 12
16 13
17 13
17 14
16 14
16 15
16 16
17 16
16 16
15 16
15 17
16 17
16 18
16 19
16 20
15 20
15 19
15 18
15 19
14 19
14 18
15 18
15 17
16 17
16 16
15 16
15 17
15 18
15 19
15 20
16 20
15 20
15 19
16 19
16 20
17 20
17 19
16 19
16 18
16 19
16 20
16 19
17 19
17 18
16 18
17 18
16 18
16 19
16 20
15 20
16 20
16 21
16 22
15 22
16 22
15 22
16 22
15 22
16 22
16 21
16 22
15 22
14 22
14 23
15 23
15 24
14 24
14 23
14 22
14 23
15 23
14 23
15 23
14 23
15 23
16 23
16 24
15 24
15 25
15 26
15 25
16 25
16 24
16 23
16 22
17 22
17 21
18 21
18 20
17 20
18 20
18 19
19 19
20 19
19 19
18 19
17 19
18 19
18 18
19 18
18 18
19 18
20 18
20 17
20 18
19 18
19 17
20 17
20 16
21 16
21 17
21 16
21 17
21 18
22 18
21 18
20 18
20 17
20 16
20 17
20 18
20 17
20 16
21 16
21 15
21 14
21 15
21 16
21 15
21 14
20 14
19 14
20 14
20 15
19 15
20 15
19 15
20 15
19 15
18 15
18 16
18 17
17 17
16 17
17 17
17 18
17 19
17 20
17 21
16 21
16 20
16 19
17 19
18 19
18 20
18 21
19 21
19 22
18 22
17 22
18 22
18 21
18 22
19 22
20 22
19 22
20 22
20 21
21 21
21 22
22 22
23 22
22 22
22 21
22 20
23 20
23 19
23 18
23 19
23 20
22 20
22 21
22 22
21 22
21 21
22 21
21 21
22 21
22 20
23 20
23 19
23 20
23 19
22 19
23 19
24 19
24 18
24 19
25 19
25 18
24 18
25 18
26 18
26 19
26 18
27 18
28 18
28 17
27 17
28 17
28 16
29 16
29 17
29 16
29 15
29 14
30 14
29 14
30 14
31 14
31 15
31 14
32 14
31 14
31 13
31 14
32 14
31 14
31 15
30 15
30 16
29 16
28 16
28 15
28 16
27 16
27 15
28 15
28 16
27 16
26 16
27 16
27 15
27 16
27 17
27 18
28 18
27 18
27 17
27 16
27 17
27 18
28 18
27 18
27 19
27 18
27 17
26 17
26 18
27 18
27 17
27 16
26 16
27 16
27 17
27 16
27 17
28 17
28 18
28 19
29 19
30 19
30 20
31 20
30 20
31 20
30 20
29 20
29 21
28 21
28 20
28 21
28 22
29 22
28 22
29 22
29 23
28 23
29 23
29 22
29 21
30 21
29 21
29 20
29 19
30 19
30 18
29 18
29 17
29 16
30 16
30 15
29 15
29 16
30 16
30 15
30 16
31 16
30 16
30 17
29 17
29 18
29 19
28 19
28 18
28 17
28 16
27 16
27 15
27 16
27 17
28 17
28 18
29 18
29 19
28 19
27 19
27 20
27 19
26 19
27 19
28 19
27 19
28 19
29 19
29 18
29 19
28 19
29 19
29 20
29 19
29 20
29 19
28 19
28 18
28 17
29 17
29 16
29 17
30 17
31 17
31 18
32 18
32 17
32 16
31 16
31 17
31 18
32 18
33 18
33 17
33 18
33 17
32 17
31 17
30 17
30 18
31 18
31 17
31 16
31 15
31 16
32 16
31 16
32 16
33 16
34 16
35 16
34 16
35 16
35 15
36 15
35 15
35 14
36 14
35 14
35 13
34 13
33 13
33 12
33 11
33 12
33 11
33 12
33 13
33 12
32 12
33 12
32 12
31 12
31 13
32 13
32 14
32 13
33 13
32 13
32 14
33 14
33 15
33 14
32 14
33 14
32 14
31 14
30 14
31 14
32 14
31 14
31 13
31 14
31 15
32 15
31 15
32 15
33 15
33 14
34 14
33 14
33 15
33 16
32 16
32 17
32 16
32 17
32 16
32 15
33 15
33 16
34 16
34 15
34 14
34 13
35 13
35 14
35 13
35 12
35 11
35 12
36 12
35 12
34 12
34 13
35 13
34 13
34 14
34 15
33 15
33 14
34 14
35 14
35 15
35 14
35 15
36 15
36 16
35 16
35 17
35 18
34 18
33 18
32 18
32 17
32 18
33 18
33 19
33 20
32 20
32 21
31 21
31 20
32 20
32 21
32 22
32 23
32 24
31 24
32 24
32 23
31 23
30 23
30 24
30 23
31 23
32 23
33 23
32 23
32 22
32 23
32 24
31 24
30 24
31 24
31 23
32 23
32 22
33 22
33 23
33 22
34 22
35 22
34 22
35 22
34 22
35 22
35 21
34 21
34 20
34 21
34 22
34 23
34 24
33 24
33 23
32 23
33 23
32 23
32 22
31 22
30 22
29 22
29 23
28 23
28 22
27 22
28 22
28 21
29 21
28 21
28 20
28 21
27 21
27 22
28 22
27 22
27 21
26 21
26 20
26 21
26 22
26 23
26 24
26 23
26 22
26 23
27 23
26 23
26 22
27 22
27 21
26 21
26 20
27 20
27 19
27 18
27 17
27 16
27 15
26 15
27 15
28 15
29 15
30 15
29 15
30 15
31 15
31 16
32 16
31 16
31 17
31 16
32 16
32 17
32 16
33 16
33 15
32 15
32 14
33 14
34 14
35 14
36 14
36 13
35 13
35 14
35 13
34 13
35 13
36 13
37 13
38 13
38 12
38 13
39 13
39 12
40 12
40 13
41 13
42 13
42 12
41 12
42 12
41 12
41 13
42 13
43 13
43 14
42 14
43 14
43 15
43 16
43 15
42 15
42 16
42 15
41 15
41 16
41 15
41 14
41 15
42 15
41 15
40 15
40 14
40 13
39 13
38 13
37 13
37 12
37 11
37 12
36 12
36 13
35 13
36 13
37 13
37 12
37 13
37 12
36 12
37 12
38 12
38 11
38 12
38 11
37 11
38 11
38 12
37 12
36 12
35 12
35 11
34 11
35 11
35 12
36 12
36 11
36 12
37 12
36 12
35 12
34 12
34 11
33 11
33 12
32 12
32 13
32 14
32 15
32 14
31 14
31 13
32 13
33 13
32 13
32 12
32 11
33 11
33 10
33 9
34 9
35 9
35 8
35 9
36 9
36 10
37 10
37 9
38 9
39 9
40 9
39 9
39 10
38 10
39 10
39 11
40 11
40 10
40 9
39 9
39 10
39 9
39 10
38 10
38 11
38 10
37 10
37 9
36 9
36 8
35 8
34 8
33 8
34 8
34 7
33 7
33 6
33 7
32 7
31 7
31 8
30 8
31 8
32 8
32 9
32 10
31 10
31 9
32 9
32 10
33 10
33 11
33 10
33 11
34 11
34 10
33 10
32 10
32 9
32 10
32 9
33 9
32 9
33 9
32 9
32 10
32 11
33 11
33 12
33 13
33 12
33 13
33 14
32 14
32 15
32 14
32 13
32 14
31 14
31 15
31 16
31 15
31 14
31 13
32 13
32 14
32 13
31 13
30 13
29 13
28 13
28 12
27 12
28 12
29 12
28 12
29 12
28 12
28 11
28 12
28 11
28 10
28 9
27 9
28 9
28 10
28 11
29 11
30 11
31 11
30 11
30 10
31 10
31 9
31 8
31 9
30 9
30 8
29 8
29 7
28 7
28 6
28 5
28 6
27 6
26 6
25 6
24 6
24 7
25 7
25 8
24 8
24 9
23 9
23 10
22 10
23 10
24 10
25 10
25 11
26 11
27 11
27 12
26 12
26 11
26 10
25 10
25 11
24 11
24 12
24 13
24 14
24 13
23 13
22 13
22 14
22 13
23 13
23 14
23 15
22 15
23 15
24 15
24 16
24 17
24 16
24 17
24 18
23 18
22 18
21 18
22 18
23 18
23 19
24 19
24 18
24 19
24 20
25 20
26 20
27 20
27 21
26 21
27 21
26 21
26 22
25 22
26 22
26 21
26 20
25 20
25 21
26 21
26 20
25 20
24 20
23 20
23 19
23 18
24 18
25 18
24 18
25 18
25 17
25 18
25 17
25 18
25 17
25 16
25 15
25 14
26 14
26 15
26 14
25 14
26 14
26 13
26 12
26 11
