0 0
0 1
1 1
0 1
1 1
0 1
0 0
0 1
1 1
1 2
1 1
2 1
2 0
3 0
2 0
2 1
2 2
2 1
2 0
2 1
2 0
2 1
1 1
2 1
2 2
2 3
1 3
2 3
2 4
3 4
2 4
1 4
0 4
0 3
0 2
0 3
1 3
1 4
2 4
2 5
1 5
1 4
1 3
2 3
3 3
4 3
4 4
4 3
4 2
3 2
3 1
4 1
3 1
4 1
4 0
4 1
4 2
4 3
3 3
2 3
3 3
3 4
4 4
5 4
6 4
7 4
7 3
7 4
7 5
8 5
8 4
7 4
7 3
7 2
8 2
9 2
8 2
7 2
7 3
7 4
8 4
7 4
6 4
6 3
5 3
6 3
7 3
6 3
6 2
6 3
7 3
8 3
8 4
8 5
8 4
7 4
7 3
7 2
8 2
8 3
8 2
7 2
7 1
7 2
6 2
5 2
6 2
6 1
7 1
7 0
7 1
7 2
6 2
7 2
7 3
8 3
8 2
8 3
8 4
7 4
7 3
6 3
7 3
6 3
7 3
8 3
9 3
9 2
10 2
10 1
11 1
12 1
13 1
14 1
14 0
14 1
15 1
15 0
15 1
16 1
16 0
17 0
17 1
18 1
18 2
18 3
18 2
17 2
18 2
18 3
17 3
17 2
16 2
15 2
14 2
15 2
15 3
15 2
14 2
15 2
16 2
16 3
17 3
17 2
16 2
15 2
15 1
15 0
16 0
15 0
15 1
14 1
14 0
13 0
12 0
12 1
12 0
12 1
12 2
12 3
11 3
11 4
10 4
11 4
10 4
10 5
10 4
11 4
10 4
10 5
10 4
9 4
9 3
10 3
10 4
10 3
10 2
10 1
10 0
11 0
10 0
10 1
10 0
11 0
12 0
11 0
11 1
10 1
10 2
11 2
10 2
10 3
10 2
10 1
9 1
9 2
8 2
8 1
8 2
7 2
7 1
8 1
7 1
8 1
8 2
8 1
8 0
8 1
9 1
8 1
8 0
8 1
8 0
9 0
8 0
9 0
9 1
8 1
8 0
9 0
8 0
7 0
7 1
8 1
8 2
9 2
10 2
9 2
9 1
9 2
10 2
10 3
11 3
11 4
11 3
11 4
11 5
12 5
13 5
12 5
12 6
12 7
13 7
13 8
12 8
12 7
13 7
12 7
13 7
14 7
15 7
14 7
14 8
15 8
15 9
15 8
14 8
14 9
15 9
15 8
14 8
15 8
15 9
15 10
15 11
16 11
17 11
17 12
17 13
18 13
18 14
18 15
19 15
20 15
20 16
21 16
21 15
20 15
20 14
21 14
22 14
22 15
22 14
22 13
22 12
22 11
23 11
24 11
25 11
25 10
25 11
26 11
26 12
27 12
26 12
27 12
27 13
27 14
27 15
27 14
27 15
27 14
27 15
27 14
28 14
28 15
28 14
29 14
28 14
28 15
28 16
27 16
28 16
29 16
29 17
30 17
30 18
30 17
31 17
31 16
32 16
32 17
31 17
31 16
31 15
31 16
32 16
31 16
32 16
33 16
32 16
33 16
34 16
33 16
33 15
32 15
33 15
34 15
33 15
32 15
33 15
34 15
35 15
36 15
36 14
35 14
36 14
37 14
37 15
38 15
38 16
39 16
38 16
38 17
38 16
38 17
39 17
39 16
40 16
40 15
41 15
40 15
40 14
39 14
39 15
40 15
39 15
40 15
41 15
41 16
42 16
43 16
42 16
42 15
43 15
43 16
43 17
43 16
43 17
44 17
44 16
44 15
44 14
44 15
43 15
44 15
44 16
45 16
44 16
44 17
44 18
43 18
43 19
43 20
42 20
43 20
43 21
44 21
44 22
43 22
42 22
42 23
42 24
42 25
42 24
43 24
43 23
44 23
43 23
42 23
42 24
41 24
41 23
41 22
41 21
41 20
41 19
41 18
42 18
43 18
42 18
43 18
44 18
44 17
45 17
45 16
44 16
44 15
45 15
45 14
46 14
46 13
47 13
47 14
47 15
47 14
47 13
47 14
48 14
48 15
49 15
48 15
49 15
49 14
48 14
47 14
47 13
47 14
47 15
47 16
46 16
46 15
47 15
46 15
46 16
46 15
46 14
45 14
44 14
44 13
44 12
43 12
44 12
43 12
42 12
42 13
41 13
41 14
40 14
40 13
39 13
39 12
39 13
39 14
39 13
39 14
39 15
39 16
39 15
39 16
39 15
40 15
41 15
41 16
41 17
42 17
41 17
40 17
40 18
39 18
39 17
39 18
38 18
38 17
38 16
38 17
38 16
38 15
39 15
40 15
40 16
40 15
41 15
40 15
40 16
41 16
41 15
41 16
41 15
41 14
41 13
40 13
40 12
40 13
40 12
41 12
42 12
43 12
43 13
42 13
42 12
42 11
42 10
43 10
42 10
42 9
42 8
42 9
42 10
43 10
43 9
44 9
45 9
45 8
45 7
44 7
44 6
43 6
42 6
42 5
42 4
42 5
41 5
41 6
40 6
40 7
40 6
39 6
38 6
39 6
40 6
40 5
41 5
41 4
41 5
41 4
41 3
40 3
39 3
38 3
37 3
37 4
38 4
38 5
37 5
37 6
36 6
35 6
35 7
34 7
33 7
33 8
33 7
32 7
33 7
34 7
34 8
35 8
36 8
36 7
36 6
36 7
37 7
37 8
37 7
36 7
37 7
37 8
37 9
37 10
37 11
36 11
37 11
37 10
37 9
38 9
38 8
39 8
39 9
40 9
40 10
41 10
41 9
41 8
41 7
40 7
40 8
39 8
39 9
39 8
38 8
38 9
37 9
37 10
37 9
37 10
36 10
35 10
36 10
36 11
36 12
36 11
37 11
36 11
36 10
37 10
36 10
36 11
37 11
37 12
37 13
36 13
37 13
37 12
37 13
37 12
36 12
36 11
36 10
37 10
36 10
36 9
37 9
37 10
37 11
36 11
36 10
36 9
35 9
35 8
35 7
35 8
35 7
34 7
35 7
34 7
34 8
34 7
34 6
33 6
33 7
33 8
34 8
34 7
33 7
34 7
35 7
36 7
36 8
36 7
36 8
37 8
36 8
36 9
37 9
38 9
38 8
37 8
38 8
38 7
38 6
38 7
37 7
37 6
37 5
37 6
38 6
37 6
37 5
37 4
38 4
37 4
38 4
38 5
37 5
37 4
38 4
38 3
38 2
38 1
37 1
37 0
37 1
37 2
36 2
35 2
34 2
35 2
35 3
36 3
37 3
36 3
36 4
36 3
35 3
36 3
37 3
38 3
38 4
37 4
37 5
37 6
38 6
38 7
37 7
37 6
38 6
39 6
39 7
39 6
40 6
40 5
40 6
40 5
39 5
38 5
38 6
39 6
39 7
38 7
39 7
40 7
40 6
39 6
39 5
39 4
38 4
39 4
38 4
37 4
36 4
37 4
37 3
38 3
39 3
39 4
38 4
37 4
36 4
36 3
36 2
36 1
37 1
37 2
38 2
38 1
38 2
37 2
36 2
37 2
37 1
37 2
37 1
37 0
37 1
37 2
36 2
36 3
36 4
36 3
36 2
35 2
34 2
34 3
33 3
34 3
34 2
33 2
33 3
33 2
34 2
34 1
34 0
35 0
35 1
36 1
36 0
36 1
36 0
36 1
37 1
37 0
37 1
37 2
37 1
37 2
37 3
38 3
37 3
37 2
37 1
37 2
37 3
37 2
36 2
36 3
37 3
37 2
37 3
36 3
36 2
36 3
36 4
36 5
36 4
36 5
36 6
35 6
34 6
35 6
35 7
34 7
34 8
34 9
34 10
35 10
35 11
35 10
35 9
35 10
35 9
35 8
34 8
34 7
35 7
35 8
34 8
34 9
33 9
32 9
31 9
32 9
33 9
32 9
32 8
31 8
32 8
32 7
31 7
31 6
31 7
30 7
29 7
30 7
30 8
29 8
29 9
29 8
30 8
29 8
30 8
29 8
29 9
28 9
28 8
28 9
28 10
28 11
28 10
28 9
28 8
28 7
28 8
27 8
27 9
26 9
27 9
28 9
28 8
28 9
28 10
28 11
29 11
29 10
29 11
30 11
30 10
31 10
30 10
29 10
29 9
29 10
28 10
28 9
28 8
28 7
28 8
29 8
28 8
27 8
27 7
27 6
28 6
28 5
28 6
29 6
29 5
30 5
30 4
29 4
29 3
29 4
30 4
30 5
29 5
29 6
29 5
28 5
29 5
29 6
29 5
29 6
30 6
30 7
29 7
29 8
30 8
30 7
31 7
31 6
30 6
30 5
29 5
28 5
29 5
28 5
28 4
28 3
28 2
29 2
29 3
29 2
29 1
29 2
30 2
30 1
30 2
31 2
31 1
32 1
33 1
33 0
34 0
34 1
34 0
34 1
34 0
35 0
35 1
36 1
36 2
36 3
36 2
35 2
36 2
36 1
36 2
37 2
37 3
37 4
