0 0
1 0
0 0
0 1
1 1
1 0
1 1
0 1
1 1
1 2
1 3
0 3
1 3
2 3
3 3
3 4
3 5
4 5
5 5
5 4
6 4
6 5
7 5
7 4
7 5
7 6
7 5
7 6
8 6
8 7
8 8
8 9
8 8
8 7
8 6
7 6
8 6
8 7
8 6
8 5
9 5
9 6
9 5
9 4
9 5
8 5
8 6
8 5
7 5
7 4
8 4
8 5
7 5
7 4
8 4
9 4
8 4
9 4
9 3
8 3
8 4
8 3
8 4
7 4
7 5
7 6
7 7
7 6
7 7
6 7
5 7
6 7
6 6
6 5
6 6
6 7
6 8
5 8
5 7
5 8
5 7
6 7
5 7
6 7
6 6
5 6
4 6
3 6
2 6
2 5
2 6
2 7
3 7
3 8
3 7
3 6
3 7
2 7
1 7
1 6
1 7
2 7
1 7
1 6
2 6
1 6
2 6
2 5
2 4
3 4
3 5
3 4
3 5
3 4
2 4
3 4
3 5
3 4
4 4
3 4
4 4
4 5
5 5
6 5
6 4
6 5
5 5
4 5
4 6
4 5
4 4
5 4
5 5
5 4
5 5
4 5
4 4
4 5
4 4
4 3
4 2
5 2
4 2
4 3
4 2
3 2
4 2
3 2
3 1
3 2
2 2
2 3
2 4
2 3
1 3
1 2
1 1
0 1
0 0
0 1
0 2
0 3
0 2
0 3
1 3
1 4
1 3
1 4
2 4
2 3
2 4
2 5
2 6
1 6
0 6
0 7
1 7
2 7
2 8
1 8
0 8
1 8
2 8
2 7
2 6
2 5
2 6
3 6
3 7
4 7
4 6
3 6
2 6
1 6
1 7
0 7
0 6
1 6
1 7
0 7
0 6
0 7
1 7
0 7
0 6
0 7
1 7
2 7
2 6
2 5
2 6
2 5
3 5
2 5
1 5
2 5
1 5
1 6
0 6
1 6
0 6
1 6
0 6
0 5
0 4
0 3
1 3
2 3
1 3
2 3
2 4
2 3
1 3
1 4
1 3
0 3
0 4
0 3
1 3
0 3
0 2
1 2
1 1
0 1
0 2
1 2
0 2
1 2
0 2
0 3
0 4
0 5
1 5
0 5
0 4
0 3
0 4
0 3
1 3
1 2
0 2
1 2
1 1
1 2
1 3
0 3
0 4
1 4
2 4
2 3
2 4
2 5
3 5
2 5
1 5
0 5
1 5
1 4
1 3
1 2
1 1
1 2
1 1
0 1
0 0
0 1
1 1
0 1
0 0
1 0
0 0
0 1
1 1
2 1
2 0
3 0
2 0
2 1
3 1
4 1
4 0
5 0
4 0
4 1
3 1
3 2
3 1
3 0
2 0
3 0
3 1
4 1
5 1
4 1
4 0
3 0
3 1
4 1
3 1
2 1
2 0
3 0
4 0
4 1
5 1
5 2
6 2
6 1
6 0
5 0
6 0
7 0
8 0
7 0
7 1
7 0
6 0
7 0
8 0
8 1
8 0
7 0
8 0
7 0
6 0
6 1
6 2
7 2
6 2
7 2
6 2
5 2
5 1
5 0
6 0
5 0
4 0
3 0
3 1
2 1
2 0
2 1
2 0
2 1
2 0
1 0
1 1
1 0
0 0
0 1
0 2
1 2
2 2
3 2
4 2
4 3
3 3
2 3
2 2
2 1
1 1
2 1
1 1
0 1
0 0
0 1
1 1
1 0
1 1
0 1
1 1
1 0
1 1
0 1
1 1
1 2
1 1
0 1
0 2
1 2
1 1
1 2
1 1
1 0
0 0
0 1
0 0
1 0
1 1
1 2
1 1
1 2
2 2
3 2
3 1
2 1
2 0
3 0
3 1
4 1
5 1
6 1
7 1
7 0
6 0
6 1
6 2
7 2
6 2
7 2
6 2
6 1
7 1
7 0
8 0
7 0
7 1
7 2
7 1
7 2
6 2
5 2
4 2
5 2
5 1
5 2
5 3
5 2
5 1
6 1
6 2
7 2
7 1
7 2
7 3
6 3
5 3
4 3
4 4
4 5
5 5
5 6
6 6
5 6
6 6
6 7
6 8
6 9
7 9
8 9
8 10
7 10
8 10
8 11
7 11
7 12
6 12
6 13
7 13
8 13
7 13
8 13
7 13
7 14
7 13
8 13
8 14
8 15
9 15
9 16
9 17
9 18
9 17
9 16
10 16
10 15
10 16
10 15
11 15
10 15
10 14
9 14
10 14
10 13
10 12
10 13
10 14
10 13
10 14
10 13
10 12
11 12
11 13
10 13
9 13
9 14
9 15
10 15
9 15
10 15
10 14
10 13
10 12
10 11
11 11
10 11
10 10
10 11
11 11
11 12
11 13
12 13
13 13
12 13
12 14
11 14
10 14
10 13
10 14
9 14
9 13
9 12
8 12
9 12
9 11
9 10
9 11
10 11
10 10
9 10
10 10
10 9
11 9
10 9
10 10
10 11
11 11
11 12
11 11
11 10
11 9
12 9
12 8
12 7
12 8
12 9
11 9
10 9
10 8
11 8
11 9
12 9
13 9
13 8
13 7
13 8
14 8
14 9
15 9
16 9
16 8
16 9
17 9
16 9
15 9
15 10
15 11
14 11
15 11
16 11
16 10
16 9
17 9
17 8
17 9
16 9
16 10
15 10
16 10
17 10
18 10
18 9
17 9
18 9
17 9
16 9
17 9
17 10
17 9
17 10
17 9
17 8
17 7
17 6
18 6
19 6
19 7
19 8
18 8
19 8
20 8
19 8
18 8
18 9
17 9
18 9
18 10
18 9
17 9
18 9
17 9
17 10
17 11
16 11
16 12
17 12
16 12
17 12
18 12
17 12
17 13
17 12
17 13
16 13
15 13
15 14
14 14
15 14
14 14
14 13
15 13
15 14
15 13
14 13
13 13
13 14
14 14
14 13
13 13
14 13
15 13
15 12
14 12
15 12
14 12
14 11
14 10
13 10
14 10
14 9
14 8
13 8
14 8
15 8
16 8
15 8
16 8
16 7
17 7
16 7
16 6
17 6
16 6
16 7
16 8
15 8
15 9
14 9
14 10
14 9
14 10
15 10
16 10
16 11
16 12
16 11
16 12
16 11
16 10
16 9
17 9
17 10
17 9
16 9
15 9
14 9
14 10
15 10
15 9
14 9
15 9
15 8
15 7
15 6
16 6
16 5
16 4
17 4
17 5
16 5
15 5
15 6
15 5
15 4
15 3
14 3
15 3
16 3
17 3
17 2
17 3
18 3
19 3
20 3
21 3
20 3
21 3
21 2
20 2
20 1
20 0
20 1
21 1
22 1
22 0
23 0
22 0
23 0
22 0
22 1
22 2
21 2
21 3
21 2
21 1
21 0
21 1
21 0
21 1
20 1
19 1
19 0
20 0
20 1
21 1
21 2
21 3
21 4
22 4
22 3
22 2
22 3
22 4
23 4
24 4
24 3
25 3
26 3
27 3
28 3
29 3
29 2
29 3
28 3
28 2
28 3
27 3
26 3
25 3
25 2
25 3
24 3
24 2
24 1
24 2
23 2
24 2
25 2
26 2
26 3
27 3
26 3
25 3
25 4
25 5
25 4
25 5
24 5
25 5
25 4
25 3
25 2
25 3
26 3
27 3
28 3
29 3
28 3
28 4
28 5
28 4
27 4
27 5
27 4
28 4
27 4
27 3
28 3
28 2
28 1
29 1
28 1
28 0
28 1
29 1
28 1
28 0
28 1
28 0
28 1
27 1
28 1
28 0
28 1
28 2
28 3
28 4
28 3
27 3
28 3
28 2
28 1
28 0
27 0
28 0
28 1
27 1
27 2
28 2
27 2
27 3
28 3
28 2
29 2
29 3
29 4
28 4
28 3
27 3
28 3
27 3
27 2
26 2
25 2
26 2
27 2
28 2
29 2
29 3
30 3
29 3
29 2
30 2
31 2
31 1
32 1
31 1
30 1
29 1
29 2
29 1
29 0
29 1
30 1
30 0
30 1
30 0
31 0
30 0
31 0
32 0
33 0
32 0
32 1
32 2
32 3
33 3
32 3
32 2
33 2
33 3
33 2
33 1
32 1
33 1
32 1
32 0
31 0
32 0
31 0
32 0
32 1
32 2
32 1
32 2
31 2
31 3
32 3
33 3
32 3
32 4
32 3
32 4
32 3
32 2
32 3
32 2
31 2
30 2
29 2
28 2
29 2
30 2
30 3
30 4
29 4
30 4
29 4
29 3
30 3
30 2
31 2
31 3
30 3
31 3
30 3
31 3
32 3
32 2
33 2
34 2
35 2
35 3
36 3
36 4
36 3
36 4
36 5
36 4
36 3
37 3
36 3
35 3
35 2
35 3
36 3
35 3
34 3
33 3
32 3
32 4
31 4
31 3
30 3
31 3
32 3
32 2
32 3
31 3
32 3
32 4
33 4
32 4
32 5
32 6
32 7
31 7
32 7
32 8
33 8
