0 0
1 0
0 0
1 0
1 1
0 1
1 1
1 2
0 2
0 3
0 4
0 5
0 6
1 6
2 6
3 6
4 6
3 6
2 6
1 6
2 6
2 5
3 5
3 4
3 5
2 5
3 5
3 6
3 5
3 4
4 4
3 4
3 5
4 5
4 6
4 7
5 7
5 6
5 7
4 7
3 7
3 8
4 8
4 7
5 7
6 7
7 7
7 6
6 6
6 5
7 5
7 6
8 6
7 6
8 6
8 7
9 7
10 7
9 7
8 7
7 7
6 7
7 7
7 6
6 6
5 6
5 7
6 7
6 6
5 6
5 7
6 7
6 6
6 7
5 7
4 7
4 8
4 7
3 7
4 7
5 7
4 7
5 7
6 7
5 7
5 6
6 6
5 6
5 5
5 6
4 6
4 5
3 5
3 4
3 5
2 5
3 5
3 4
4 4
4 3
5 3
5 2
4 2
4 1
5 1
4 1
4 0
4 1
3 1
2 1
3 1
3 2
4 2
5 2
6 2
7 2
8 2
8 1
7 1
7 0
7 1
7 0
7 1
8 1
8 0
8 1
8 2
8 3
8 4
8 5
7 5
7 4
6 4
6 5
6 6
7 6
7 5
7 6
7 7
6 7
5 7
5 8
5 7
6 7
5 7
5 6
5 7
4 7
5 7
5 8
4 8
3 8
4 8
4 9
5 9
4 9
5 9
5 10
5 9
4 9
4 10
5 10
5 9
4 9
3 9
3 10
3 9
3 8
3 9
2 9
2 8
2 9
3 9
3 8
3 9
2 9
1 9
1 10
0 10
0 9
1 9
2 9
2 10
2 9
3 9
4 9
4 10
4 11
4 12
4 11
4 10
4 11
4 10
4 9
4 10
5 10
4 10
5 10
5 9
5 10
6 10
6 9
7 9
6 9
6 8
7 8
8 8
8 7
9 7
9 6
9 7
8 7
8 8
8 7
8 8
9 8
8 8
9 8
9 7
10 7
9 7
9 8
9 9
9 10
9 9
10 9
10 10
11 10
11 11
12 11
13 11
12 11
11 11
12 11
11 11
11 12
11 13
10 13
10 12
11 12
10 12
9 12
10 12
10 11
11 11
10 11
10 10
10 11
11 11
11 12
10 12
11 12
10 12
9 12
9 11
10 11
11 11
12 11
12 12
12 11
11 11
11 10
10 10
10 9
11 9
12 9
12 10
12 9
12 8
12 7
12 6
12 5
12 6
12 7
13 7
14 7
14 8
13 8
14 8
13 8
13 9
14 9
14 8
13 8
13 9
13 10
14 10
15 10
15 9
14 9
13 9
13 8
14 8
13 8
13 9
12 9
12 8
12 7
12 8
12 7
13 7
12 7
12 6
12 7
12 6
13 6
14 6
13 6
14 6
14 5
15 5
15 4
16 4
15 4
16 4
17 4
17 3
17 2
16 2
15 2
16 2
16 1
15 1
15 2
15 3
16 3
15 3
16 3
17 3
17 2
16 2
16 1
17 1
17 2
17 1
16 1
16 0
16 1
15 1
15 0
15 1
15 0
14 0
14 1
15 1
16 1
16 0
16 1
16 0
16 1
15 1
15 0
14 0
15 0
16 0
15 0
15 1
16 1
15 1
16 1
15 1
16 1
15 1
16 1
16 2
15 2
14 2
14 3
14 2
14 1
14 0
14 1
14 2
14 1
15 1
15 2
15 1
14 1
14 0
15 0
15 1
16 1
15 1
16 1
15 1
16 1
17 1
18 1
18 0
18 1
18 0
17 0
18 0
19 0
19 1
20 1
20 2
20 3
20 2
21 2
21 3
22 3
21 3
20 3
20 4
20 5
19 5
19 4
18 4
18 5
18 6
19 6
18 6
18 5
18 6
18 5
18 4
19 4
20 4
19 4
19 5
19 6
20 6
20 7
21 7
21 6
21 5
22 5
22 4
21 4
22 4
22 3
23 3
24 3
24 2
23 2
24 2
25 2
26 2
25 2
24 2
23 2
23 1
24 1
24 0
24 1
24 2
23 2
22 2
22 3
23 3
23 2
24 2
23 2
24 2
24 1
24 0
25 0
24 0
25 0
25 1
25 2
25 3
24 3
23 3
22 3
22 4
22 5
21 5
20 5
20 4
20 3
20 4
20 3
21 3
21 4
21 3
20 3
21 3
21 2
20 2
19 2
19 3
18 3
19 3
20 3
20 4
20 3
19 3
19 2
19 1
20 1
21 1
22 1
21 1
21 0
20 0
21 0
20 0
21 0
21 1
21 0
22 0
22 1
22 2
22 1
23 1
22 1
21 1
21 0
20 0
20 1
21 1
20 1
21 1
22 1
22 2
22 1
21 1
20 1
19 1
19 2
18 2
17 2
18 2
18 3
18 2
18 1
17 1
17 0
16 0
15 0
16 0
16 1
17 1
16 1
16 0
17 0
17 1
17 2
17 1
16 1
15 1
16 1
17 1
17 0
18 0
19 0
20 0
21 0
21 1
21 2
21 1
22 1
21 1
22 1
22 2
23 2
23 1
22 1
22 0
22 1
23 1
23 0
24 0
23 0
23 1
23 2
23 1
23 2
23 3
23 2
24 2
23 2
24 2
24 3
24 2
25 2
26 2
25 2
24 2
25 2
25 3
25 4
25 5
26 5
27 5
27 4
28 4
28 3
29 3
30 3
30 2
31 2
32 2
32 1
32 2
33 2
33 3
33 2
33 3
34 3
34 2
34 1
34 0
35 0
35 1
36 1
37 1
37 0
38 0
37 0
36 0
37 0
37 1
38 1
38 2
39 2
40 2
40 1
39 1
38 1
38 2
38 1
38 2
38 1
37 1
38 1
39 1
40 1
40 2
41 2
42 2
42 1
42 0
41 0
41 1
41 0
42 0
42 1
41 1
42 1
43 1
42 1
42 2
41 2
40 2
39 2
38 2
39 2
39 3
39 4
39 3
40 3
39 3
38 3
39 3
40 3
40 2
40 3
40 2
41 2
40 2
40 3
41 3
42 3
41 3
40 3
40 4
40 3
39 3
40 3
40 2
40 1
39 1
40 1
41 1
40 1
39 1
38 1
38 0
39 0
39 1
39 0
38 0
38 1
39 1
39 2
39 1
40 1
41 1
41 2
40 2
40 1
40 2
41 2
41 3
41 2
41 1
41 0
42 0
41 0
41 1
41 0
41 1
42 1
41 1
41 2
42 2
41 2
41 3
42 3
43 3
43 4
44 4
44 5
44 4
43 4
42 4
42 5
41 5
41 4
41 3
41 4
41 5
42 5
41 5
42 5
43 5
43 6
43 5
42 5
42 4
41 4
40 4
40 5
39 5
39 4
38 4
39 4
38 4
38 3
38 4
38 3
38 2
37 2
36 2
36 3
36 4
36 5
36 6
36 5
36 6
36 7
37 7
37 8
37 7
37 6
36 6
37 6
38 6
38 5
38 4
37 4
37 5
37 6
37 7
37 6
38 6
37 6
37 7
36 7
37 7
37 8
36 8
35 8
35 9
34 9
35 9
35 10
35 11
34 11
34 10
33 10
33 11
33 10
33 11
33 10
33 9
33 10
32 10
32 11
33 11
32 11
33 11
33 12
33 13
32 13
31 13
32 13
32 14
32 15
33 15
32 15
32 14
32 13
32 14
32 15
32 14
33 14
32 14
31 14
30 14
29 14
29 15
30 15
30 16
30 17
29 17
28 17
28 18
27 18
28 18
29 18
29 19
29 20
29 21
29 22
28 22
29 22
29 21
29 22
30 22
31 22
32 22
32 23
32 24
32 25
32 26
32 25
31 25
31 26
30 26
31 26
32 26
33 26
33 27
33 28
32 28
31 28
32 28
31 28
30 28
30 27
30 26
31 26
31 25
32 25
32 26
32 25
33 25
34 25
35 25
34 25
34 24
34 25
34 26
34 25
33 25
33 26
33 25
34 25
34 26
34 25
33 25
33 24
34 24
34 23
34 24
34 25
34 24
34 25
34 26
34 25
35 25
34 25
33 25
34 25
34 26
35 26
36 26
36 25
36 24
36 23
37 23
38 23
37 23
36 23
37 23
36 23
37 23
37 22
37 23
36 23
36 24
35 24
36 24
36 25
35 25
34 25
35 25
35 24
35 23
34 23
34 22
35 22
35 21
34 21
34 22
34 23
35 23
34 23
35 23
36 23
37 23
38 23
37 23
38 23
37 23
37 22
36 22
37 22
37 23
38 23
37 23
36 23
36 22
37 22
37 23
38 23
39 23
38 23
38 24
39 24
40 24
39 24
39 23
38 23
39 23
40 23
40 22
41 22
41 21
40 21
40 22
40 23
39 23
39 24
40 24
40 25
41 25
41 24
41 23
42 23
43 23
43 24
43 25
43 26
44 26
44 25
45 25
46 25
47 25
47 26
48 26
48 27
48 28
48 29
49 29
49 30
50 30
51 30
51 29
50 29
51 29
51 28
51 29
50 29
50 30
50 31
51 31
50 31
50 30
50 31
50 30
51 30
51 29
51 30
52 30
52 31
