0 0
1 0
1 1
1 0
2 0
1 0
2 0
1 0
2 0
2 1
2 2
3 2
3 1
3 0
4 0
4 1
3 1
3 0
3 1
4 1
5 1
5 0
4 0
5 0
5 1
6 1
6 2
6 3
5 3
4 3
5 3
5 4
6 4
6 3
5 3
4 3
5 3
5 2
5 3
4 3
4 2
5 2
5 3
6 3
6 2
7 2
6 2
5 2
6 2
6 3
6 4
7 4
7 3
6 3
5 3
5 2
4 2
5 2
5 3
4 3
5 3
5 4
5 3
4 3
4 4
5 4
5 3
6 3
6 4
6 5
6 6
6 7
5 7
6 7
6 8
7 8
8 8
7 8
6 8
6 7
6 8
6 9
6 10
7 10
7 9
6 9
5 9
5 8
5 7
4 7
4 8
4 9
5 9
6 9
6 8
6 7
6 8
6 7
6 8
5 8
6 8
6 7
6 6
6 5
6 4
5 4
5 5
5 4
5 3
6 3
7 3
7 4
7 3
7 4
8 4
9 4
9 5
9 6
9 5
8 5
8 6
7 6
7 7
8 7
9 7
8 7
9 7
10 7
9 7
8 7
8 6
8 7
7 7
6 7
5 7
5 6
4 6
4 7
3 7
3 6
3 5
3 4
3 5
3 4
3 3
3 4
3 3
2 3
1 3
2 3
1 3
2 3
1 3
2 3
2 4
1 4
1 5
2 5
1 5
0 5
0 6
1 6
1 5
1 4
2 4
2 3
2 2
3 2
3 3
3 4
3 3
4 3
4 2
3 2
2 2
2 3
2 4
3 4
2 4
2 5
3 5
3 4
2 4
3 4
2 4
2 5
3 5
2 5
2 4
2 5
1 5
2 5
3 5
3 6
4 6
4 5
4 6
5 6
5 5
5 4
5 3
5 2
5 1
6 1
6 0
7 0
6 0
5 0
5 1
5 2
5 1
6 1
6 0
5 0
5 1
5 2
4 2
4 1
5 1
5 2
5 1
6 1
6 2
6 3
7 3
8 3
7 3
8 3
8 4
7 4
7 5
6 5
6 4
5 4
5 5
4 5
3 5
4 5
5 5
5 6
6 6
5 6
5 7
6 7
6 6
6 5
6 4
7 4
7 5
7 6
8 6
8 7
9 7
9 6
8 6
7 6
8 6
9 6
9 7
8 7
8 8
8 7
8 8
8 7
8 6
8 5
8 6
7 6
7 5
7 6
8 6
8 7
8 8
8 7
8 6
8 7
8 8
7 8
7 9
7 10
8 10
9 10
10 10
9 10
10 10
10 11
10 10
11 10
11 11
12 11
12 10
13 10
13 11
12 11
13 11
13 12
13 11
13 12
14 12
15 12
15 13
15 14
14 14
14 13
15 13
15 12
15 13
15 14
14 14
14 13
13 13
14 13
14 12
14 13
14 14
14 15
14 14
14 15
14 16
14 17
13 17
12 17
11 17
11 18
12 18
13 18
13 17
12 17
11 17
11 18
10 18
9 18
8 18
8 19
8 18
8 17
7 17
7 18
7 17
7 16
7 17
6 17
7 17
6 17
5 17
4 17
5 17
5 16
5 17
6 17
6 18
6 19
5 19
5 20
5 21
5 22
4 22
5 22
5 21
4 21
5 21
5 20
6 20
6 21
7 21
7 22
8 22
8 23
8 22
8 21
9 21
9 22
9 21
9 20
10 20
9 20
10 20
10 19
10 18
9 18
9 17
9 18
8 18
8 17
8 18
7 18
7 17
6 17
6 18
5 18
4 18
4 19
3 19
3 20
3 19
3 18
3 19
3 20
3 21
3 20
4 20
4 19
4 18
5 18
5 17
5 16
4 16
3 16
2 16
3 16
3 15
3 16
3 17
3 18
4 18
3 18
2 18
2 19
1 19
0 19
0 18
1 18
1 19
1 18
1 19
2 19
2 20
2 19
1 19
1 20
2 20
2 21
2 20
2 21
1 21
2 21
2 20
2 21
2 20
2 21
1 21
1 20
2 20
2 19
1 19
0 19
0 20
0 21
0 20
1 20
2 20
3 20
4 20
3 20
3 19
2 19
1 19
1 18
1 17
2 17
1 17
1 18
2 18
2 19
2 18
3 18
4 18
3 18
4 18
4 19
4 18
4 19
4 20
4 21
5 21
5 20
6 20
5 20
5 19
6 19
7 19
7 18
7 19
7 20
8 20
8 21
8 22
8 23
7 23
7 22
6 22
7 22
7 23
7 22
7 23
8 23
8 22
8 21
7 21
7 22
6 22
6 23
7 23
6 23
6 24
7 24
7 23
6 23
7 23
7 24
7 25
6 25
6 26
6 27
6 28
6 27
6 26
7 26
7 25
7 26
7 27
7 28
7 27
8 27
9 27
9 26
9 27
10 27
10 26
11 26
12 26
11 26
10 26
11 26
11 25
11 24
11 25
10 25
10 26
10 25
10 24
11 24
10 24
10 25
9 25
8 25
9 25
10 25
9 25
10 25
10 24
10 23
11 23
11 24
12 24
12 25
13 25
14 25
13 25
13 24
12 24
12 23
13 23
13 24
14 24
14 25
14 24
14 23
14 22
14 21
13 21
14 21
14 20
14 19
13 19
14 19
15 19
15 20
16 20
17 20
18 20
18 21
18 22
17 22
17 23
16 23
16 22
15 22
15 21
16 21
17 21
17 22
18 22
18 21
18 20
19 20
18 20
18 19
18 18
18 19
17 19
18 19
18 18
19 18
19 17
19 16
20 16
19 16
20 16
20 17
20 18
20 19
19 19
20 19
20 20
21 20
22 20
22 19
22 18
23 18
23 17
22 17
23 17
23 18
23 17
22 17
22 18
21 18
22 18
21 18
20 18
19 18
20 18
21 18
21 17
21 16
21 17
21 16
22 16
22 17
23 17
23 18
22 18
23 18
24 18
25 18
24 18
25 18
24 18
24 19
24 18
23 18
23 17
23 18
24 18
23 18
22 18
22 17
21 17
20 17
21 17
22 17
22 18
22 19
22 18
22 19
22 18
21 18
21 19
21 18
20 18
21 18
21 19
22 19
22 18
22 19
23 19
24 19
25 19
24 19
24 20
23 20
24 20
24 19
25 19
25 20
25 19
25 20
25 21
26 21
26 22
26 21
25 21
25 20
26 20
25 20
25 19
25 18
26 18
26 17
27 17
27 18
27 17
26 17
25 17
25 18
25 19
25 18
25 19
25 20
25 21
25 20
25 19
25 20
24 20
24 21
24 22
25 22
26 22
26 23
25 23
25 24
25 23
25 24
25 25
26 25
26 24
25 24
26 24
26 25
26 24
27 24
28 24
29 24
29 23
29 24
29 23
29 24
29 25
28 25
27 25
26 25
26 24
26 25
27 25
28 25
28 24
28 25
28 24
29 24
29 25
28 25
28 26
28 27
28 26
28 27
29 27
29 26
28 26
29 26
29 27
30 27
31 27
32 27
32 26
33 26
33 27
34 27
33 27
32 27
33 27
33 28
33 29
34 29
34 30
34 31
34 32
34 33
34 32
34 33
35 33
34 33
34 32
34 31
33 31
34 31
34 30
34 29
34 28
33 28
32 28
31 28
30 28
29 28
29 29
29 30
28 30
28 31
28 30
27 30
28 30
28 29
28 28
27 28
27 29
26 29
26 30
26 31
26 30
26 31
27 31
26 31
27 31
27 32
27 33
26 33
25 33
24 33
24 34
24 35
23 35
23 36
23 35
23 36
24 36
25 36
25 37
25 36
24 36
24 37
24 36
24 35
23 35
23 36
23 37
23 36
22 36
21 36
21 37
20 37
20 38
19 38
19 37
19 38
18 38
19 38
20 38
20 37
20 38
21 38
21 37
21 38
22 38
23 38
22 38
22 39
23 39
24 39
25 39
25 40
25 41
25 42
24 42
23 42
22 42
21 42
22 42
23 42
23 43
23 42
23 41
22 41
23 41
23 40
22 40
23 40
22 40
22 39
22 38
23 38
23 39
22 39
22 38
22 37
23 37
24 37
25 37
24 37
24 38
24 37
24 38
23 38
24 38
24 39
23 39
23 40
23 39
23 40
23 39
22 39
22 40
21 40
21 41
22 41
22 40
23 40
24 40
24 39
25 39
25 38
25 37
26 37
26 36
26 35
26 36
25 36
25 37
26 37
26 38
26 37
26 38
25 38
26 38
25 38
25 37
24 37
24 36
25 36
26 36
27 36
26 36
26 37
27 37
28 37
28 38
28 37
29 37
29 38
28 38
29 38
29 37
29 38
29 37
29 36
29 37
29 36
30 36
30 37
30 36
30 35
29 35
30 35
31 35
32 35
32 36
32 37
31 37
31 38
30 38
31 38
30 38
31 38
30 38
29 38
29 37
30 37
30 36
30 37
30 38
30 39
30 40
31 40
30 40
31 40
31 39
31 38
32 38
31 38
32 38
32 37
32 38
32 37
33 37
32 37
33 37
34 37
33 37
34 37
33 37
32 37
32 38
32 37
32 36
33 36
32 36
31 36
32 36
31 36
31 35
31 36
