0 0
0 1
0 2
0 3
1 3
1 4
1 3
0 3
1 3
0 3
1 3
1 4
1 3
2 3
1 3
0 3
0 4
0 5
0 6
0 5
1 5
1 4
2 4
2 3
1 3
2 3
3 3
4 3
3 3
2 3
2 4
3 4
3 3
4 3
5 3
5 4
4 4
4 5
4 4
4 3
3 3
4 3
4 4
5 4
6 4
6 5
6 6
7 6
7 5
8 5
8 6
8 7
7 7
6 7
6 6
5 6
6 6
6 7
7 7
7 8
8 8
8 7
9 7
8 7
8 8
8 7
7 7
7 8
8 8
9 8
9 7
8 7
9 7
10 7
11 7
11 6
12 6
12 7
12 6
12 7
12 6
13 6
13 7
14 7
15 7
16 7
17 7
18 7
18 8
18 7
19 7
18 7
17 7
17 6
18 6
17 6
17 5
17 6
18 6
19 6
19 5
18 5
18 4
18 5
18 4
19 4
20 4
19 4
20 4
20 5
20 6
20 7
20 8
20 7
19 7
19 8
18 8
19 8
19 7
19 8
19 7
19 6
19 7
19 6
18 6
17 6
16 6
16 7
17 7
17 8
17 9
18 9
17 9
17 10
17 11
16 11
16 12
16 11
16 12
17 12
18 12
17 12
18 12
17 12
16 12
15 12
15 13
15 14
14 14
13 14
14 14
13 14
12 14
11 14
12 14
13 14
13 15
12 15
12 14
13 14
13 13
13 14
13 15
13 14
14 14
14 15
14 16
13 16
14 16
14 17
13 17
13 18
14 18
14 19
14 20
14 21
14 20
14 21
15 21
16 21
15 21
15 22
14 22
14 23
15 23
14 23
14 24
13 24
13 25
12 25
13 25
13 24
13 25
12 25
12 24
11 24
10 24
10 23
11 23
10 23
11 23
11 24
10 24
11 24
10 24
11 24
11 23
12 23
12 22
11 22
11 21
11 22
11 21
12 21
13 21
12 21
12 20
11 20
10 20
10 19
11 19
10 19
9 19
10 19
10 20
11 20
12 20
12 21
11 21
11 20
12 20
11 20
11 21
11 20
10 20
9 20
10 20
10 19
11 19
12 19
12 20
12 19
11 19
11 18
10 18
11 18
11 17
11 18
12 18
13 18
13 19
14 19
14 18
14 17
13 17
12 17
12 18
11 18
12 18
11 18
11 17
12 17
12 16
13 16
13 17
12 17
12 18
11 18
11 19
11 20
11 21
10 21
11 21
11 20
11 19
12 19
12 18
11 18
10 18
9 18
9 17
10 17
9 17
8 17
8 16
8 15
8 16
9 16
9 17
9 18
9 17
9 16
8 16
7 16
6 16
5 16
6 16
6 15
7 15
8 15
8 16
9 16
9 17
8 17
7 17
7 18
7 19
7 18
6 18
6 17
5 17
4 17
4 18
4 19
4 18
4 17
4 16
3 16
2 16
1 16
1 17
1 16
1 17
0 17
0 16
1 16
1 17
1 18
0 18
0 19
1 19
1 18
1 19
1 18
0 18
1 18
2 18
2 17
2 18
2 17
2 18
3 18
2 18
1 18
2 18
2 17
1 17
1 18
1 17
1 18
1 17
0 17
1 17
0 17
1 17
1 16
2 16
2 15
2 16
3 16
4 16
4 17
4 18
3 18
3 19
3 20
3 21
3 22
3 23
4 23
4 22
4 21
4 22
3 22
4 22
5 22
5 21
5 20
6 20
6 21
5 21
5 20
5 19
5 18
4 18
4 19
3 19
4 19
3 19
3 20
2 20
2 19
2 20
3 20
3 19
4 19
4 18
4 17
5 17
5 18
5 19
6 19
6 18
6 19
6 18
7 18
7 17
7 18
8 18
7 18
8 18
8 19
9 19
9 20
9 21
9 22
10 22
10 21
10 20
10 19
9 19
9 18
8 18
7 18
7 19
7 18
7 17
8 17
8 18
9 18
9 19
9 20
9 21
10 21
11 21
12 21
12 20
12 19
12 18
13 18
13 17
12 17
11 17
12 17
12 16
12 17
12 18
12 19
13 19
13 18
14 18
14 17
14 16
14 15
14 16
14 15
15 15
15 14
15 15
15 14
15 15
14 15
14 16
14 17
13 17
14 17
13 17
14 17
14 16
15 16
16 16
16 15
16 16
17 16
17 15
18 15
19 15
18 15
18 16
18 15
18 16
19 16
19 17
18 17
19 17
19 18
19 19
19 20
18 20
18 19
18 18
17 18
18 18
19 18
18 18
19 18
20 18
20 17
20 16
20 15
19 15
18 15
18 14
18 15
19 15
20 15
19 15
19 16
20 16
20 15
19 15
20 15
20 14
21 14
21 15
20 15
20 16
20 17
19 17
19 16
18 16
18 17
19 17
18 17
19 17
19 16
19 15
18 15
18 14
18 13
19 13
19 14
19 15
19 16
18 16
19 16
20 16
19 16
20 16
21 16
22 16
23 16
23 15
22 15
22 14
21 14
21 13
20 13
19 13
20 13
21 13
22 13
22 14
22 13
22 12
21 12
21 11
22 11
23 11
22 11
21 11
21 10
20 10
20 9
20 8
21 8
20 8
20 7
20 8
21 8
21 9
21 10
21 11
20 11
20 12
21 12
20 12
20 11
20 12
20 11
21 11
20 11
20 10
20 9
20 10
21 10
21 9
21 8
21 9
21 10
21 11
21 12
22 12
22 11
22 10
21 10
21 11
20 11
19 11
20 11
21 11
21 10
21 9
21 10
22 10
22 11
22 10
23 10
23 9
24 9
23 9
23 10
24 10
23 10
23 11
23 10
24 10
25 10
24 10
23 10
23 11
24 11
24 10
24 11
23 11
22 11
21 11
21 10
21 9
21 8
22 8
23 8
22 8
23 8
22 8
21 8
22 8
22 9
22 8
22 9
22 10
22 11
22 12
22 11
23 11
23 10
23 9
22 9
22 10
22 9
23 9
24 9
23 9
23 10
22 10
22 9
22 10
22 9
22 10
22 11
23 11
24 11
24 10
23 10
23 11
22 11
22 12
21 12
21 13
21 14
20 14
20 15
19 15
19 14
18 14
18 13
18 14
17 14
18 14
18 15
18 16
17 16
18 16
18 15
19 15
19 16
19 17
18 17
18 16
18 17
18 16
18 17
18 16
17 16
17 17
18 17
18 16
19 16
20 16
20 17
19 17
19 16
19 17
19 18
18 18
18 19
18 18
17 18
16 18
17 18
17 17
18 17
17 17
17 16
16 16
16 17
16 18
16 17
15 17
15 18
14 18
14 17
15 17
16 17
16 18
15 18
15 17
16 17
16 18
16 17
16 18
15 18
15 19
15 20
14 20
14 21
14 20
13 20
14 20
14 21
14 20
13 20
13 19
12 19
12 20
12 21
11 21
11 22
12 22
12 23
12 22
12 21
12 20
12 21
12 20
12 21
12 20
12 21
11 21
11 22
11 21
11 20
10 20
10 19
11 19
11 20
11 19
11 20
10 20
10 21
9 21
9 22
9 23
9 22
9 21
10 21
9 21
10 21
11 21
10 21
10 22
10 21
11 21
11 22
10 22
11 22
11 23
12 23
12 22
11 22
10 22
9 22
10 22
10 21
9 21
9 20
9 19
9 18
9 19
10 19
11 19
10 19
10 18
9 18
9 19
8 19
8 18
7 18
7 19
6 19
7 19
8 19
8 20
7 20
7 21
7 20
8 20
8 19
8 20
9 20
10 20
10 21
10 20
11 20
12 20
12 21
12 22
12 23
12 24
11 24
12 24
12 25
11 25
11 24
10 24
10 25
10 26
10 25
11 25
12 25
11 25
10 25
10 26
10 27
9 27
8 27
9 27
8 27
7 27
8 27
9 27
8 27
8 28
8 29
9 29
10 29
9 29
9 30
10 30
10 31
10 32
9 32
8 32
8 31
8 32
7 32
6 32
7 32
6 32
6 33
6 32
7 32
7 33
7 34
7 35
7 34
7 35
7 34
7 35
6 35
7 35
8 35
8 34
9 34
9 33
10 33
10 32
11 32
11 33
11 32
10 32
10 33
10 34
10 33
9 33
9 32
9 33
10 33
10 32
10 33
10 34
9 34
9 33
8 33
8 34
7 34
8 34
7 34
8 34
7 34
7 33
6 33
5 33
5 34
4 34
3 34
3 33
3 32
2 32
1 32
1 31
0 31
0 30
0 29
0 28
1 28
1 27
1 26
1 25
0 25
0 26
1 26
2 26
3 26
3 27
4 27
3 27
3 28
3 29
2 29
2 28
2 29
2 28
2 29
1 29
0 29
1 29
2 29
3 29
3 30
3 31
2 31
2 32
2 33
1 33
1 34
2 34
2 33
1 33
0 33
0 32
1 32
2 32
3 32
2 32
1 32
0 32
1 32
1 31
2 31
2 30
2 31
2 30
2 31
3 31
3 32
3 33
2 33
1 33
1 32
1 31
1 32
1 31
2 31
2 30
2 29
2 28
1 28
2 28
1 28
1 27
1 26
1 27
2 27
1 27
2 27
3 27
4 27
4 28
5 28
