0 0
0 1
0 2
1 2
0 2
1 2
1 1
1 2
1 1
1 0
2 0
2 1
2 2
2 1
2 2
1 2
0 2
1 2
2 2
3 2
2 2
2 3
2 2
3 2
3 1
2 1
1 1
1 0
0 0
0 1
1 1
2 1
1 1
1 0
1 1
1 2
0 2
1 2
0 2
0 3
0 4
1 4
1 3
1 4
0 4
0 5
0 4
0 3
0 2
1 2
2 2
2 1
3 1
4 1
4 0
3 0
2 0
2 1
2 0
2 1
2 0
1 0
2 0
1 0
2 0
1 0
0 0
0 1
1 1
0 1
0 2
0 3
0 2
1 2
0 2
0 3
1 3
1 4
2 4
3 4
3 3
4 3
5 3
5 2
5 1
4 1
5 1
5 2
6 2
7 2
7 1
7 0
7 1
7 2
7 1
7 0
7 1
7 0
7 1
7 2
7 1
7 0
6 0
7 0
7 1
6 1
6 0
5 0
4 0
5 0
5 1
6 1
7 1
6 1
6 0
7 0
6 0
6 1
6 0
7 0
7 1
7 2
7 3
7 4
7 3
7 4
6 4
7 4
7 5
7 6
8 6
8 7
8 6
8 5
8 6
8 5
8 6
9 6
10 6
11 6
11 5
11 6
12 6
13 6
13 5
13 6
14 6
14 7
13 7
12 7
12 6
11 6
10 6
10 5
9 5
8 5
7 5
7 4
8 4
7 4
6 4
5 4
4 4
3 4
3 5
3 6
3 5
3 6
2 6
2 7
1 7
1 8
0 8
1 8
1 9
1 10
1 11
2 11
3 11
3 12
4 12
4 13
4 12
4 13
4 14
5 14
5 13
4 13
4 12
4 11
4 10
4 9
3 9
3 8
3 9
2 9
2 10
1 10
1 11
2 11
3 11
3 10
2 10
3 10
3 9
3 10
2 10
1 10
2 10
3 10
2 10
1 10
2 10
1 10
1 9
1 8
1 9
1 10
1 11
0 11
1 11
2 11
3 11
2 11
2 10
2 9
3 9
3 8
3 7
3 6
4 6
3 6
3 7
4 7
4 8
4 9
5 9
4 9
3 9
4 9
5 9
6 9
7 9
8 9
9 9
10 9
9 9
9 8
9 9
10 9
9 9
10 9
11 9
12 9
13 9
12 9
12 8
12 9
11 9
11 8
11 9
11 10
11 9
12 9
12 10
11 10
12 10
13 10
13 9
12 9
12 8
11 8
12 8
12 9
11 9
12 9
13 9
13 10
14 10
13 10
13 9
12 9
11 9
11 10
11 9
11 8
11 9
10 9
10 10
11 10
12 10
12 9
12 10
11 10
12 10
12 9
13 9
14 9
15 9
14 9
14 8
13 8
12 8
13 8
13 9
13 10
13 11
12 11
12 12
12 13
12 14
12 13
12 14
12 13
13 13
14 13
14 14
14 13
14 12
15 12
15 11
15 10
16 10
15 10
16 10
16 11
17 11
16 11
17 11
16 11
17 11
17 12
17 11
16 11
16 10
16 9
15 9
16 9
16 8
16 9
16 10
16 11
15 11
16 11
17 11
16 11
17 11
18 11
17 11
17 10
18 10
19 10
19 9
20 9
19 9
20 9
20 8
19 8
20 8
20 9
21 9
22 9
23 9
23 10
24 10
23 10
22 10
22 11
23 11
23 12
23 13
23 14
23 15
23 14
23 15
23 14
23 13
23 14
23 13
23 12
23 13
22 13
22 14
23 14
23 13
23 14
23 13
23 12
23 11
23 12
22 12
22 13
21 13
21 12
21 11
20 11
20 12
21 12
20 12
20 13
20 14
20 13
21 13
22 13
23 13
24 13
25 13
25 12
24 12
25 12
25 11
24 11
24 10
24 9
24 8
24 9
23 9
22 9
22 10
22 9
23 9
22 9
22 8
22 9
22 10
22 11
21 11
21 12
20 12
21 12
22 12
22 11
22 12
22 13
22 12
23 12
22 12
22 13
21 13
22 13
22 14
23 14
23 13
24 13
23 13
22 13
22 12
22 11
22 10
23 10
23 11
24 11
24 10
23 10
23 11
23 10
23 9
23 8
23 7
24 7
23 7
22 7
21 7
21 8
21 7
22 7
22 6
22 7
22 6
22 7
22 8
22 7
22 6
23 6
23 7
22 7
22 6
22 7
22 8
23 8
23 9
23 10
24 10
24 11
25 11
26 11
26 10
27 10
27 11
27 12
27 13
27 14
26 14
27 14
26 14
25 14
25 13
26 13
26 14
26 15
26 14
25 14
25 15
25 14
26 14
26 15
25 15
24 15
24 14
25 14
25 15
25 16
25 17
24 17
24 18
24 19
25 19
24 19
23 19
22 19
23 19
23 18
24 18
24 19
25 19
25 20
24 20
25 20
25 21
25 20
25 21
25 20
25 19
25 18
24 18
25 18
25 19
25 18
25 19
24 19
25 19
26 19
25 19
26 19
27 19
27 18
26 18
26 17
27 17
27 16
26 16
27 16
28 16
28 17
29 17
30 17
30 18
30 19
31 19
31 18
30 18
29 18
29 19
29 18
28 18
29 18
29 19
28 19
28 20
28 19
28 20
27 20
27 19
28 19
29 19
30 19
29 19
30 19
30 18
30 19
30 20
29 20
30 20
30 19
29 19
29 18
28 18
29 18
30 18
29 18
30 18
29 18
30 18
30 19
30 18
29 18
29 19
28 19
27 19
27 18
27 19
26 19
25 19
25 18
25 19
24 19
23 19
23 20
23 21
23 20
23 19
23 20
22 20
22 21
23 21
23 20
23 21
23 20
23 19
23 20
23 21
24 21
23 21
24 21
24 22
24 21
24 20
24 19
24 18
24 17
23 17
22 17
21 17
21 18
22 18
22 19
22 18
23 18
22 18
23 18
23 17
24 17
24 18
25 18
26 18
26 17
26 18
26 19
27 19
27 18
26 18
26 19
26 18
27 18
27 19
26 19
26 20
25 20
25 19
26 19
26 20
25 20
24 20
24 21
24 22
24 23
23 23
24 23
23 23
23 22
23 21
24 21
25 21
25 22
25 23
25 22
25 21
26 21
26 20
25 20
24 20
24 19
24 20
23 20
24 20
25 20
25 19
24 19
25 19
25 20
24 20
24 21
25 21
25 20
26 20
26 21
26 22
27 22
28 22
28 21
27 21
26 21
27 21
28 21
27 21
28 21
28 20
28 21
29 21
29 20
29 21
28 21
29 21
28 21
29 21
30 21
30 20
30 21
30 20
30 21
30 22
30 21
31 21
32 21
33 21
34 21
34 20
34 19
34 18
33 18
34 18
34 19
34 20
33 20
32 20
33 20
33 21
33 20
32 20
33 20
34 20
35 20
35 21
34 21
33 21
34 21
34 22
34 23
34 24
34 25
34 24
33 24
32 24
32 25
32 26
33 26
32 26
33 26
33 27
34 27
33 27
34 27
34 28
34 29
33 29
32 29
31 29
30 29
29 29
30 29
30 30
30 31
31 31
32 31
31 31
31 30
30 30
30 29
31 29
31 30
32 30
32 29
33 29
33 30
33 29
33 28
34 28
33 28
34 28
33 28
34 28
33 28
32 28
31 28
30 28
31 28
31 27
31 28
31 29
32 29
33 29
33 30
33 29
33 30
34 30
35 30
35 31
35 30
34 30
33 30
33 29
33 30
32 30
31 30
31 31
31 32
31 31
31 32
32 32
33 32
34 32
33 32
34 32
34 33
33 33
32 33
31 33
32 33
33 33
33 34
34 34
35 34
35 35
34 35
34 34
34 35
34 36
35 36
34 36
34 37
34 36
34 37
33 37
32 37
33 37
32 37
32 38
31 38
31 37
31 36
30 36
29 36
28 36
27 36
27 35
27 34
27 35
26 35
26 34
25 34
24 34
24 33
24 34
23 34
23 35
22 35
22 36
22 37
21 37
20 37
20 38
20 39
20 38
21 38
21 37
20 37
19 37
20 37
19 37
20 37
20 38
20 39
20 40
19 40
20 40
20 41
20 42
19 42
19 43
19 42
19 41
19 42
20 42
20 41
19 41
19 40
19 41
20 41
20 40
20 39
20 40
21 40
22 40
22 41
22 42
22 41
21 41
21 42
21 41
22 41
21 41
22 41
21 41
21 42
22 42
21 42
20 42
20 43
20 42
21 42
20 42
19 42
19 43
19 44
18 44
17 44
16 44
15 44
16 44
16 43
17 43
16 43
16 42
15 42
14 42
15 42
15 41
15 40
16 40
17 40
18 40
19 40
20 40
21 40
22 40
23 40
22 40
22 41
22 42
22 43
21 43
21 42
20 42
20 41
19 41
19 40
18 40
18 39
18 38
18 39
17 39
17 38
17 39
17 40
17 39
17 38
18 38
18 39
18 38
18 39
18 38
17 38
17 39
18 39
18 40
18 39
19 39
19 38
20 38
20 37
20 36
21 36
22 36
22 37
22 36
22 37
22 38
23 38
22 38
23 38
24 38
25 38
26 38
25 38
25 37
26 37
26 38
26 37
26 38
26 37
