0 0
0 1
0 2
0 1
0 2
0 1
0 0
0 1
0 0
1 0
1 1
0 1
0 0
1 0
1 1
0 1
1 1
0 1
1 1
1 2
1 3
2 3
1 3
1 2
0 2
1 2
1 3
1 4
1 5
2 5
2 4
2 5
3 5
3 4
4 4
3 4
2 4
2 3
3 3
4 3
4 2
3 2
4 2
5 2
5 1
5 2
5 3
5 4
5 5
5 6
5 5
5 6
4 6
3 6
3 5
2 5
2 4
2 3
2 2
3 2
4 2
3 2
3 1
4 1
4 0
4 1
5 1
6 1
7 1
6 1
6 2
5 2
4 2
5 2
5 3
4 3
4 4
5 4
5 5
5 4
5 5
5 4
5 3
6 3
6 4
6 3
7 3
8 3
8 2
9 2
9 3
10 3
11 3
12 3
13 3
13 4
13 5
13 4
13 5
12 5
13 5
13 6
14 6
15 6
16 6
17 6
18 6
17 6
17 7
18 7
18 8
18 7
17 7
18 7
19 7
19 8
20 8
19 8
20 8
20 7
19 7
19 8
19 9
20 9
20 8
19 8
20 8
20 7
19 7
18 7
17 7
16 7
16 8
16 9
17 9
17 10
16 10
15 10
16 10
17 10
17 11
18 11
18 12
18 13
17 13
17 12
16 12
15 12
14 12
13 12
13 11
14 11
14 12
14 11
15 11
15 12
14 12
15 12
15 11
15 12
15 13
15 14
15 13
16 13
16 12
16 11
16 10
16 9
17 9
17 10
18 10
19 10
19 11
18 11
18 12
18 13
17 13
17 12
18 12
18 13
17 13
17 14
17 13
16 13
17 13
17 14
18 14
18 13
19 13
18 13
19 13
18 13
18 14
18 15
17 15
17 14
17 13
17 12
16 12
16 11
16 10
17 10
16 10
17 10
17 9
16 9
16 8
15 8
16 8
17 8
16 8
15 8
14 8
13 8
14 8
14 9
14 8
14 9
13 9
13 10
14 10
15 10
15 9
15 8
15 7
14 7
15 7
15 8
16 8
16 9
17 9
17 8
16 8
16 9
17 9
16 9
15 9
14 9
14 8
13 8
14 8
14 7
13 7
13 8
13 7
14 7
14 6
13 6
14 6
14 5
13 5
13 4
13 5
13 4
14 4
15 4
15 5
16 5
16 4
15 4
16 4
16 5
17 5
16 5
16 6
17 6
17 7
18 7
17 7
17 8
17 9
17 10
17 9
17 8
16 8
15 8
15 7
14 7
15 7
14 7
13 7
13 6
12 6
12 7
12 8
11 8
11 7
11 8
11 7
11 6
12 6
13 6
12 6
12 5
12 6
12 7
13 7
14 7
14 6
13 6
14 6
13 6
13 7
12 7
13 7
13 6
14 6
14 7
15 7
16 7
16 8
17 8
16 8
16 7
16 8
15 8
15 9
15 10
14 10
14 9
13 9
13 10
13 11
12 11
12 12
13 12
13 11
13 10
12 10
11 10
12 10
12 9
13 9
13 10
14 10
14 11
13 11
12 11
11 11
11 10
11 11
12 11
11 11
10 11
9 11
9 12
8 12
8 11
8 10
8 9
9 9
10 9
11 9
11 10
11 9
10 9
11 9
11 10
10 10
11 10
12 10
13 10
13 11
13 12
13 11
14 11
14 10
14 11
15 11
15 10
16 10
16 11
16 12
16 13
15 13
15 12
15 13
16 13
16 12
16 13
17 13
17 12
17 11
18 11
18 10
17 10
17 9
17 10
16 10
17 10
17 9
16 9
17 9
18 9
18 10
18 9
18 10
19 10
19 9
20 9
19 9
20 9
19 9
19 8
19 9
18 9
17 9
18 9
17 9
16 9
15 9
14 9
13 9
13 10
14 10
14 11
14 12
14 13
14 14
14 13
15 13
15 14
16 14
16 15
17 15
16 15
16 16
17 16
17 17
17 18
17 19
17 20
17 19
16 19
16 20
17 20
18 20
18 21
18 22
17 22
18 22
19 22
19 23
20 23
20 24
21 24
22 24
21 24
20 24
19 24
18 24
17 24
17 23
17 24
16 24
16 25
16 24
17 24
17 25
18 25
18 24
17 24
17 25
18 25
17 25
18 25
18 26
18 25
19 25
19 24
18 24
18 23
17 23
16 23
17 23
18 23
18 24
17 24
18 24
18 25
17 25
16 25
17 25
17 26
16 26
17 26
17 25
18 25
18 24
17 24
17 23
16 23
16 22
16 23
15 23
15 24
15 23
16 23
17 23
17 24
16 24
16 25
16 26
16 27
16 28
17 28
18 28
18 27
18 26
18 25
18 24
18 25
19 25
18 25
18 24
18 25
18 26
17 26
17 25
17 24
18 24
18 23
18 22
18 21
19 21
19 22
18 22
19 22
19 23
19 22
20 22
21 22
20 22
21 22
21 23
20 23
20 24
20 23
21 23
21 22
21 23
21 24
21 25
20 25
19 25
19 24
18 24
18 25
19 25
18 25
18 26
18 25
19 25
20 25
20 24
20 25
20 26
20 27
21 27
20 27
19 27
19 26
19 25
20 25
20 24
20 23
21 23
22 23
23 23
23 24
23 23
22 23
22 24
22 23
22 24
22 25
22 24
21 24
22 24
22 23
21 23
22 23
22 24
22 23
22 24
21 24
21 23
22 23
22 24
22 25
23 25
24 25
24 26
25 26
25 25
26 25
26 24
26 25
27 25
28 25
28 26
28 27
28 26
29 26
29 25
29 26
29 27
29 28
28 28
27 28
26 28
25 28
26 28
27 28
27 27
28 27
27 27
28 27
27 27
27 26
28 26
28 25
28 24
29 24
28 24
28 23
29 23
28 23
27 23
28 23
27 23
28 23
28 22
29 22
28 22
29 22
29 23
29 24
29 25
30 25
31 25
31 26
31 27
31 28
30 28
30 27
30 28
30 29
31 29
31 28
30 28
30 27
29 27
29 26
29 27
28 27
29 27
29 26
30 26
31 26
32 26
32 27
31 27
31 28
30 28
30 29
31 29
30 29
30 28
30 27
31 27
31 26
31 25
31 26
32 26
31 26
32 26
33 26
32 26
31 26
30 26
29 26
29 27
29 28
29 29
29 30
30 30
29 30
29 31
30 31
29 31
28 31
29 31
29 32
28 32
28 31
29 31
29 30
29 31
29 30
28 30
27 30
28 30
28 29
27 29
28 29
27 29
27 28
27 29
28 29
27 29
27 30
27 29
26 29
25 29
26 29
26 28
26 29
27 29
27 28
27 29
28 29
28 28
29 28
29 27
30 27
30 26
29 26
29 25
29 26
30 26
30 25
30 24
31 24
32 24
32 25
32 26
32 27
32 26
32 27
32 26
32 27
33 27
32 27
32 28
32 27
31 27
31 28
30 28
30 29
31 29
31 30
30 30
31 30
31 29
31 30
32 30
32 29
32 28
32 27
32 28
33 28
32 28
33 28
33 29
34 29
34 30
34 31
33 31
34 31
35 31
35 32
35 31
35 32
35 31
36 31
36 32
37 32
38 32
39 32
38 32
37 32
37 31
37 32
37 33
38 33
37 33
37 32
36 32
37 32
37 33
37 34
38 34
38 35
38 36
38 37
38 38
39 38
38 38
38 39
38 38
38 39
38 38
38 37
37 37
37 38
37 37
38 37
37 37
37 36
37 35
36 35
35 35
35 34
35 33
35 32
35 31
35 32
35 33
36 33
36 32
36 31
36 30
36 29
36 30
36 29
36 28
37 28
36 28
37 28
36 28
37 28
36 28
36 29
37 29
38 29
37 29
38 29
38 30
38 29
38 28
38 27
38 28
37 28
37 27
37 26
37 25
37 24
37 25
36 25
36 26
37 26
37 27
37 28
36 28
37 28
37 27
36 27
36 26
36 25
36 24
37 24
37 23
37 22
37 21
38 21
37 21
37 22
38 22
38 21
38 20
38 19
38 20
38 19
38 20
38 21
37 21
36 21
35 21
34 21
34 22
34 21
33 21
33 22
33 23
33 22
34 22
34 21
34 22
34 21
34 20
34 19
34 20
35 20
35 21
35 22
35 21
35 20
36 20
35 20
35 21
34 21
33 21
32 21
32 22
32 21
31 21
32 21
31 21
31 22
30 22
31 22
32 22
33 22
34 22
33 22
34 22
34 21
35 21
35 20
35 19
36 19
36 18
36 17
37 17
38 17
39 17
38 17
38 18
38 17
38 18
38 19
38 18
39 18
38 18
37 18
37 17
37 16
36 16
36 17
35 17
35 18
36 18
37 18
37 17
37 18
36 18
36 19
37 19
37 18
37 19
36 19
36 20
37 20
37 21
37 20
37 19
37 20
37 19
36 19
35 19
35 18
35 17
35 16
34 16
34 15
33 15
33 14
33 13
32 13
32 14
33 14
33 13
33 14
32 14
31 14
31 15
32 15
32 14
33 14
33 13
33 12
33 13
33 14
34 14
34 15
34 16
33 16
34 16
33 16
33 15
34 15
34 14
33 14
34 14
34 13
34 12
34 11
34 10
33 10
