0 0
0 1
1 1
0 1
0 2
1 2
1 3
1 2
0 2
0 1
1 1
1 0
1 1
1 2
0 2
1 2
1 3
2 3
2 4
2 3
2 4
3 4
3 3
3 4
3 5
3 6
4 6
5 6
6 6
5 6
4 6
3 6
2 6
2 5
3 5
2 5
3 5
2 5
1 5
2 5
2 6
2 7
2 6
1 6
0 6
1 6
1 5
2 5
1 5
1 6
1 5
1 4
1 3
1 4
1 3
2 3
2 2
3 2
2 2
1 2
1 1
1 0
1 1
0 1
1 1
0 1
0 2
0 1
0 0
1 0
0 0
1 0
0 0
0 1
0 2
1 2
2 2
2 3
1 3
1 4
0 4
0 3
1 3
0 3
0 2
0 1
1 1
2 1
2 0
3 0
2 0
2 1
3 1
3 0
2 0
2 1
3 1
4 1
5 1
5 2
5 3
6 3
5 3
4 3
4 2
4 3
4 4
3 4
3 5
2 5
2 6
3 6
4 6
4 5
4 4
4 3
3 3
2 3
2 2
1 2
1 3
2 3
2 4
3 4
2 4
2 5
3 5
4 5
5 5
4 5
5 5
5 4
5 5
5 4
4 4
5 4
6 4
6 3
7 3
6 3
7 3
6 3
5 3
5 4
6 4
6 3
5 3
5 4
4 4
3 4
3 3
4 3
5 3
4 3
4 2
3 2
2 2
1 2
2 2
2 1
3 1
3 2
3 3
3 2
2 2
1 2
1 1
2 1
2 0
1 0
0 0
1 0
1 1
1 0
0 0
1 0
0 0
0 1
1 1
1 0
2 0
1 0
2 0
3 0
4 0
4 1
4 0
3 0
3 1
4 1
4 2
3 2
4 2
4 3
4 4
5 4
6 4
7 4
6 4
6 3
5 3
6 3
5 3
5 4
5 5
6 5
5 5
5 4
5 5
6 5
6 6
6 7
6 6
7 6
8 6
9 6
8 6
8 5
8 4
8 5
7 5
7 6
6 6
6 5
5 5
6 5
6 4
6 5
6 6
6 7
5 7
5 8
4 8
5 8
5 7
6 7
6 6
5 6
5 5
6 5
6 4
6 5
5 5
5 4
5 3
6 3
7 3
7 4
7 3
6 3
5 3
6 3
6 4
5 4
5 5
5 6
6 6
7 6
6 6
6 7
6 6
5 6
4 6
4 5
4 4
4 5
5 5
5 6
5 7
4 7
5 7
4 7
5 7
6 7
5 7
6 7
7 7
8 7
8 6
7 6
8 6
7 6
8 6
7 6
7 5
7 6
6 6
5 6
4 6
3 6
2 6
2 7
3 7
4 7
3 7
3 6
3 7
2 7
2 8
1 8
1 7
1 6
1 5
0 5
0 6
0 5
1 5
1 4
2 4
2 5
3 5
2 5
3 5
3 6
3 7
3 6
3 5
3 4
2 4
2 5
2 6
3 6
3 5
3 6
3 5
4 5
5 5
5 4
5 5
5 4
4 4
4 3
4 2
3 2
2 2
2 3
3 3
2 3
3 3
4 3
4 2
5 2
5 3
6 3
7 3
7 2
8 2
9 2
10 2
10 1
9 1
8 1
8 0
8 1
7 1
6 1
6 2
5 2
4 2
5 2
5 1
5 2
5 3
5 2
5 1
5 0
5 1
5 2
6 2
6 1
7 1
7 0
7 1
6 1
5 1
5 0
5 1
6 1
6 2
7 2
7 1
7 0
7 1
7 2
8 2
9 2
9 3
10 3
11 3
12 3
13 3
14 3
13 3
14 3
14 2
13 2
12 2
12 3
12 2
13 2
12 2
13 2
12 2
12 3
12 4
11 4
12 4
12 3
13 3
14 3
14 4
13 4
13 3
12 3
13 3
13 2
13 1
12 1
12 0
12 1
13 1
14 1
13 1
14 1
14 2
15 2
14 2
13 2
12 2
11 2
11 3
11 2
11 1
12 1
12 2
13 2
12 2
13 2
12 2
13 2
13 3
14 3
14 4
15 4
14 4
15 4
15 3
15 2
14 2
13 2
14 2
15 2
16 2
16 1
17 1
17 2
17 1
18 1
18 0
19 0
18 0
19 0
18 0
19 0
19 1
19 0
20 0
21 0
20 0
20 1
20 2
20 1
21 1
20 1
20 2
20 3
21 3
21 2
20 2
20 3
20 4
19 4
20 4
19 4
19 5
20 5
20 6
20 7
21 7
21 6
20 6
20 7
20 8
21 8
20 8
19 8
20 8
19 8
19 7
19 6
18 6
18 7
18 8
19 8
19 7
19 6
19 5
19 4
18 4
19 4
20 4
21 4
22 4
22 3
22 4
23 4
23 3
24 3
24 4
24 3
25 3
26 3
26 2
26 1
25 1
26 1
26 0
27 0
28 0
28 1
28 0
28 1
28 2
27 2
27 1
27 0
27 1
27 0
27 1
27 2
28 2
27 2
27 1
27 2
28 2
28 1
29 1
30 1
30 0
30 1
30 0
30 1
30 2
30 3
31 3
31 2
32 2
31 2
31 3
30 3
31 3
31 4
32 4
32 3
32 4
32 3
33 3
34 3
34 4
33 4
32 4
33 4
34 4
34 3
34 4
34 5
33 5
32 5
32 4
33 4
34 4
35 4
36 4
35 4
35 5
34 5
34 4
35 4
36 4
35 4
35 3
35 4
36 4
35 4
35 5
35 6
35 7
36 7
35 7
34 7
34 8
35 8
35 7
35 6
35 7
36 7
35 7
34 7
35 7
34 7
34 6
35 6
36 6
35 6
35 5
35 4
36 4
36 3
37 3
37 2
37 3
38 3
38 4
39 4
39 3
39 4
40 4
40 5
40 6
41 6
42 6
41 6
41 7
40 7
41 7
41 6
41 5
41 6
41 5
40 5
39 5
39 6
40 6
41 6
42 6
43 6
43 5
43 4
43 5
43 4
43 5
42 5
42 4
42 5
42 6
41 6
40 6
41 6
40 6
41 6
41 5
42 5
42 4
41 4
42 4
41 4
42 4
42 3
42 2
42 1
43 1
42 1
43 1
44 1
43 1
43 2
42 2
41 2
41 1
40 1
41 1
40 1
40 2
39 2
39 3
40 3
40 2
39 2
39 3
39 4
40 4
39 4
40 4
40 3
40 2
39 2
40 2
39 2
39 1
39 0
40 0
39 0
39 1
40 1
39 1
39 0
38 0
37 0
37 1
37 0
37 1
37 2
38 2
38 3
38 2
38 1
38 0
37 0
36 0
35 0
35 1
35 0
35 1
34 1
33 1
34 1
35 1
35 0
34 0
35 0
34 0
35 0
34 0
34 1
33 1
33 2
32 2
32 3
32 2
32 1
31 1
32 1
31 1
31 0
32 0
32 1
32 2
33 2
33 3
34 3
34 2
34 1
34 0
35 0
35 1
36 1
37 1
37 2
37 3
38 3
39 3
40 3
39 3
39 4
39 5
39 6
38 6
39 6
38 6
38 7
39 7
38 7
38 8
37 8
38 8
38 9
38 8
38 9
39 9
39 8
38 8
37 8
37 7
37 6
36 6
35 6
36 6
36 5
36 6
37 6
38 6
39 6
39 7
40 7
40 8
40 9
40 10
39 10
39 9
40 9
39 9
40 9
40 8
41 8
40 8
39 8
38 8
39 8
39 7
38 7
38 8
39 8
39 9
39 8
39 9
40 9
40 10
41 10
40 10
40 9
41 9
41 8
40 8
39 8
38 8
38 7
37 7
36 7
36 8
36 7
36 6
36 5
36 6
36 7
36 8
36 9
36 8
36 9
36 8
36 9
36 8
35 8
34 8
35 8
35 9
35 10
35 9
35 10
35 11
34 11
34 10
35 10
35 11
35 12
36 12
36 11
35 11
35 10
36 10
35 10
34 10
34 9
35 9
35 8
35 7
34 7
34 8
33 8
32 8
31 8
30 8
29 8
29 9
29 10
30 10
30 9
29 9
28 9
29 9
30 9
31 9
32 9
32 10
33 10
33 9
33 10
33 11
32 11
32 12
32 13
31 13
30 13
31 13
31 12
31 11
30 11
30 12
30 13
30 14
31 14
31 15
30 15
30 16
29 16
29 17
29 16
29 17
28 17
28 16
28 17
28 18
29 18
29 19
28 19
28 20
27 20
27 21
26 21
27 21
28 21
28 20
27 20
27 19
26 19
25 19
24 19
25 19
25 18
25 17
25 18
26 18
26 19
27 19
27 20
27 19
28 19
27 19
27 20
28 20
28 21
28 20
27 20
26 20
27 20
27 19
27 20
28 20
28 21
27 21
28 21
28 20
28 19
29 19
28 19
27 19
28 19
28 20
29 20
29 21
29 22
30 22
29 22
30 22
31 22
31 21
32 21
31 21
31 20
32 20
33 20
34 20
35 20
35 19
36 19
37 19
37 18
37 17
38 17
37 17
37 18
37 17
37 16
38 16
38 17
39 17
39 18
40 18
39 18
39 17
39 18
38 18
37 18
37 19
38 19
38 20
37 20
36 20
35 20
34 20
34 21
