0 0
1 0
1 1
0 1
0 0
0 1
0 2
0 1
1 1
2 1
1 1
1 0
0 0
0 1
1 1
1 0
1 1
2 1
2 0
2 1
2 2
2 1
1 1
1 2
1 3
1 4
1 3
1 2
1 1
1 2
1 3
0 3
1 3
2 3
2 2
2 1
3 1
4 1
4 2
4 3
5 3
5 4
5 5
4 5
3 5
3 6
3 7
2 7
3 7
2 7
2 6
2 7
2 8
3 8
3 9
4 9
3 9
4 9
4 8
5 8
5 7
5 8
4 8
5 8
5 7
4 7
4 8
4 9
4 8
4 7
5 7
6 7
6 6
7 6
7 7
6 7
6 8
6 7
7 7
7 8
7 7
8 7
9 7
8 7
8 8
8 9
9 9
9 10
9 11
9 10
10 10
11 10
12 10
12 9
13 9
12 9
13 9
13 10
13 11
13 12
13 11
14 11
13 11
13 12
12 12
12 13
12 12
12 13
13 13
13 14
13 15
14 15
15 15
16 15
17 15
18 15
18 14
17 14
18 14
19 14
19 13
19 12
18 12
17 12
17 11
17 12
17 11
18 11
18 12
19 12
18 12
18 13
17 13
17 12
17 11
16 11
17 11
17 12
17 13
17 14
17 15
18 15
18 14
17 14
17 13
18 13
17 13
16 13
16 12
17 12
16 12
16 13
17 13
16 13
16 14
17 14
17 13
17 12
16 12
15 12
15 11
16 11
16 10
16 11
16 10
16 11
17 11
17 12
17 11
18 11
18 12
19 12
20 12
20 11
20 12
20 13
20 14
19 14
18 14
17 14
17 15
18 15
18 16
18 17
18 18
18 17
18 18
18 19
19 19
19 18
19 19
20 19
19 19
19 18
19 17
18 17
19 17
20 17
19 17
19 18
20 18
20 17
20 16
19 16
19 15
20 15
21 15
21 16
21 15
20 15
21 15
21 14
21 15
21 16
22 16
23 16
24 16
24 15
24 14
25 14
26 14
27 14
27 15
26 15
26 16
25 16
25 17
25 18
25 17
25 18
24 18
23 18
24 18
24 19
24 20
24 19
25 19
25 18
24 18
25 18
25 19
25 20
24 20
25 20
26 20
26 19
26 18
26 17
25 17
25 16
25 15
26 15
25 15
25 16
24 16
24 17
24 18
24 19
25 19
25 20
25 19
25 20
26 20
26 19
26 20
27 20
27 19
27 18
27 19
28 19
28 18
29 18
30 18
30 19
30 20
31 20
31 21
31 22
32 22
32 21
32 20
32 19
31 19
32 19
33 19
33 20
32 20
31 20
32 20
33 20
33 21
32 21
33 21
33 20
33 19
33 20
32 20
31 20
32 20
31 20
31 21
31 20
31 21
31 22
31 21
30 21
30 20
30 19
29 19
29 20
30 20
30 21
30 22
29 22
30 22
30 23
30 24
30 23
30 24
31 24
31 25
31 26
30 26
31 26
31 25
31 24
32 24
32 25
33 25
32 25
32 24
32 25
32 24
33 24
32 24
31 24
32 24
33 24
33 23
33 24
32 24
32 25
32 24
33 24
34 24
35 24
35 23
35 24
34 24
34 25
33 25
33 26
34 26
35 26
35 27
34 27
34 28
34 29
33 29
33 30
34 30
34 29
34 30
35 30
35 31
35 30
35 31
34 31
33 31
34 31
34 30
34 29
34 28
35 28
35 29
34 29
33 29
32 29
33 29
32 29
33 29
33 28
33 27
33 28
32 28
32 29
31 29
32 29
32 30
32 31
31 31
31 30
32 30
32 29
32 30
32 29
33 29
34 29
35 29
34 29
34 30
34 29
35 29
34 29
35 29
36 29
36 28
37 28
37 27
36 27
36 28
35 28
36 28
36 29
36 28
36 27
36 28
37 28
37 29
36 29
35 29
35 30
35 31
35 32
35 31
35 30
35 31
34 31
35 31
34 31
33 31
33 32
34 32
34 31
34 30
34 29
35 29
36 29
36 30
37 30
38 30
38 29
38 28
37 28
36 28
36 29
36 28
36 27
35 27
36 27
35 27
35 28
36 28
35 28
36 28
37 28
37 27
38 27
38 28
38 29
37 29
37 30
37 29
37 30
38 30
39 30
40 30
40 31
40 30
41 30
41 29
41 30
42 30
42 31
43 31
42 31
42 30
41 30
42 30
41 30
40 30
40 29
40 30
39 30
39 29
38 29
37 29
37 28
37 29
38 29
39 29
39 28
38 28
38 29
38 28
38 27
38 28
39 28
39 27
39 28
39 27
39 28
39 27
39 28
40 28
39 28
39 29
39 28
40 28
39 28
40 28
40 29
41 29
41 30
42 30
41 30
40 30
41 30
40 30
39 30
40 30
39 30
40 30
40 31
40 32
40 31
40 32
41 32
40 32
40 31
39 31
39 30
40 30
40 31
41 31
42 31
41 31
42 31
42 30
42 31
41 31
41 32
41 31
42 31
43 31
43 30
44 30
45 30
45 29
45 28
45 29
44 29
43 29
43 28
43 29
44 29
43 29
42 29
42 28
42 29
42 28
42 27
43 27
43 26
43 25
43 24
43 25
43 24
43 25
44 25
45 25
44 25
44 26
44 27
44 28
43 28
42 28
42 29
42 28
43 28
42 28
42 27
42 28
42 29
42 28
42 29
42 30
42 31
42 30
42 29
41 29
41 30
41 31
41 30
40 30
41 30
40 30
40 29
40 30
40 31
40 30
40 29
41 29
41 28
41 29
42 29
42 30
42 29
42 28
41 28
42 28
42 27
42 28
41 28
41 29
41 28
40 28
39 28
39 27
40 27
39 27
40 27
39 27
39 26
38 26
38 27
37 27
36 27
35 27
36 27
36 26
36 25
35 25
34 25
34 24
35 24
36 24
36 23
35 23
35 22
36 22
35 22
34 22
34 23
34 22
34 23
34 22
34 23
34 22
35 22
35 23
35 22
35 21
35 22
36 22
36 23
37 23
37 22
37 23
36 23
36 24
36 25
36 24
37 24
36 24
37 24
36 24
35 24
36 24
35 24
35 25
36 25
35 25
35 24
36 24
37 24
37 23
36 23
37 23
36 23
36 24
36 23
36 22
36 21
36 20
37 20
37 21
36 21
36 20
36 19
37 19
36 19
36 18
36 17
36 16
35 16
36 16
36 15
36 16
37 16
38 16
38 15
37 15
37 14
38 14
37 14
37 15
36 15
35 15
36 15
35 15
36 15
36 14
36 13
36 14
36 15
35 15
36 15
36 16
35 16
35 17
36 17
37 17
38 17
38 18
38 17
37 17
36 17
36 18
37 18
37 17
36 17
35 17
36 17
35 17
34 17
33 17
34 17
33 17
33 16
33 17
32 17
32 16
31 16
31 17
30 17
29 17
30 17
30 18
29 18
28 18
28 19
28 18
28 17
27 17
27 18
27 19
27 18
27 19
27 18
26 18
26 17
27 17
28 17
29 17
30 17
29 17
29 18
28 18
29 18
29 19
29 18
29 19
30 19
30 18
30 17
30 16
30 17
29 17
29 18
29 17
29 18
29 19
29 18
29 19
30 19
31 19
31 20
31 21
31 22
31 23
31 24
32 24
32 23
33 23
34 23
33 23
33 22
32 22
32 23
33 23
33 24
33 25
32 25
32 24
33 24
33 25
33 26
33 25
33 24
33 23
33 22
34 22
34 23
34 22
34 21
33 21
32 21
32 20
31 20
31 21
31 22
31 21
30 21
29 21
28 21
28 22
29 22
30 22
30 23
30 22
29 22
29 21
28 21
27 21
27 20
28 20
28 21
29 21
30 21
29 21
28 21
27 21
27 22
26 22
26 23
27 23
28 23
28 24
29 24
30 24
30 23
30 24
30 25
30 24
30 23
30 22
30 21
30 20
29 20
29 21
28 21
27 21
28 21
27 21
26 21
26 20
27 20
27 21
26 21
25 21
26 21
26 20
27 20
26 20
26 19
27 19
27 20
27 19
26 19
26 20
26 21
27 21
27 20
27 21
27 22
26 22
27 22
27 23
28 23
27 23
27 22
27 21
27 22
28 22
29 22
28 22
29 22
30 22
31 22
31 21
31 22
30 22
29 22
30 22
30 23
30 22
31 22
32 22
33 22
33 21
32 21
31 21
30 21
29 21
28 21
27 21
26 21
26 22
26 23
26 22
25 22
25 21
26 21
25 21
25 20
24 20
23 20
22 20
21 20
21 19
21 20
22 20
22 19
21 19
22 19
23 19
23 20
23 19
23 18
24 18
23 18
23 19
23 20
23 21
23 22
23 21
23 22
22 22
22 21
21 21
22 21
22 22
22 21
22 22
22 23
22 24
21 24
21 25
20 25
19 25
20 25
21 25
20 25
20 26
20 27
21 27
20 27
21 27
21 28
21 27
21 28
22 28
22 29
22 28
22 27
21 27
20 27
19 27
19 28
18 28
18 29
18 28
19 28
19 29
19 28
19 27
19 28
19 27
20 27
19 27
18 27
18 26
19 26
19 25
19 24
19 23
19 24
18 24
18 23
