0 0
0 1
0 0
0 1
1 1
1 0
2 0
1 0
1 1
2 1
2 0
2 1
2 0
2 1
2 0
2 1
2 2
1 2
1 1
1 0
1 1
1 2
1 1
2 1
2 2
2 1
2 2
3 2
4 2
3 2
4 2
5 2
5 1
6 1
5 1
5 0
4 0
3 0
4 0
4 1
4 2
4 3
3 3
3 2
4 2
3 2
3 1
3 2
3 3
2 3
1 3
2 3
2 2
2 1
1 1
2 1
2 2
1 2
1 1
2 1
3 1
3 0
3 1
2 1
2 2
1 2
1 3
2 3
3 3
4 3
4 4
3 4
3 5
3 6
3 5
3 6
3 7
3 6
3 7
4 7
5 7
4 7
5 7
5 8
6 8
5 8
6 8
7 8
7 9
7 8
6 8
6 9
6 8
5 8
5 7
4 7
4 6
4 5
4 6
3 6
2 6
2 5
2 6
2 7
2 6
2 5
3 5
3 4
3 3
4 3
4 2
3 2
2 2
3 2
3 1
3 0
3 1
4 1
5 1
6 1
6 2
5 2
4 2
3 2
2 2
1 2
2 2
3 2
3 3
2 3
3 3
4 3
4 2
4 3
5 3
5 2
5 3
4 3
5 3
6 3
7 3
6 3
7 3
7 2
8 2
8 3
8 2
9 2
9 3
10 3
9 3
8 3
8 4
8 3
7 3
6 3
6 2
6 1
6 2
6 3
6 4
5 4
4 4
4 5
5 5
5 6
4 6
4 5
3 5
3 6
3 7
4 7
5 7
5 8
5 7
4 7
4 8
5 8
6 8
7 8
7 7
6 7
6 8
5 8
4 8
3 8
4 8
5 8
6 8
7 8
7 9
6 9
5 9
5 8
4 8
3 8
3 9
3 8
3 9
2 9
3 9
2 9
2 10
2 9
2 10
3 10
4 10
3 10
2 10
2 9
1 9
2 9
3 9
3 10
3 9
3 10
3 11
3 10
2 10
2 9
1 9
1 8
1 7
1 8
2 8
2 7
2 6
2 7
3 7
4 7
4 6
4 5
4 4
4 5
4 6
4 5
4 4
5 4
6 4
6 3
6 2
6 1
6 2
6 1
6 0
5 0
4 0
5 0
5 1
6 1
7 1
8 1
8 2
8 3
7 3
6 3
6 4
7 4
7 3
8 3
9 3
10 3
10 4
10 5
10 4
11 4
12 4
11 4
12 4
13 4
13 5
13 4
12 4
13 4
12 4
13 4
12 4
13 4
13 5
13 4
13 3
13 2
13 1
14 1
14 0
14 1
15 1
15 2
16 2
16 3
15 3
16 3
16 2
17 2
17 3
18 3
18 4
19 4
19 3
18 3
18 4
19 4
18 4
18 3
18 4
18 5
19 5
19 6
19 7
19 6
19 7
18 7
18 6
19 6
19 7
19 8
19 7
19 8
20 8
20 7
19 7
20 7
21 7
22 7
22 8
22 9
22 10
22 11
23 11
24 11
23 11
23 12
23 11
23 10
24 10
25 10
26 10
27 10
26 10
27 10
26 10
26 9
26 10
26 9
26 8
26 7
27 7
26 7
26 8
27 8
28 8
29 8
29 7
29 8
29 7
30 7
30 8
30 9
29 9
28 9
28 8
27 8
28 8
29 8
28 8
28 7
27 7
27 8
27 9
26 9
26 10
25 10
24 10
24 9
23 9
23 8
23 9
23 8
23 9
23 10
23 9
23 8
24 8
25 8
25 7
25 8
25 7
24 7
23 7
24 7
25 7
25 6
25 7
25 8
25 7
24 7
24 6
25 6
26 6
25 6
25 5
24 5
24 6
23 6
23 5
22 5
22 4
23 4
23 3
22 3
21 3
22 3
21 3
22 3
21 3
22 3
22 2
23 2
22 2
23 2
23 1
22 1
22 2
22 3
22 4
22 5
23 5
23 4
24 4
23 4
22 4
23 4
23 5
22 5
22 6
23 6
23 5
22 5
22 4
22 3
23 3
23 4
24 4
25 4
25 3
25 2
25 1
25 0
24 0
25 0
26 0
25 0
24 0
24 1
24 2
24 1
23 1
23 2
23 3
22 3
22 2
22 3
21 3
20 3
19 3
20 3
20 4
19 4
19 5
20 5
21 5
22 5
22 4
22 5
23 5
23 4
22 4
22 3
23 3
23 2
23 1
23 2
24 2
24 1
24 0
25 0
26 0
26 1
26 2
26 3
25 3
24 3
23 3
24 3
24 4
25 4
25 3
25 4
24 4
24 5
24 4
25 4
25 3
25 2
26 2
25 2
25 3
25 4
24 4
23 4
23 3
23 4
24 4
24 3
24 4
25 4
25 5
26 5
26 4
26 3
26 2
27 2
28 2
28 3
28 4
29 4
30 4
30 5
30 6
30 7
31 7
30 7
31 7
31 8
32 8
32 7
33 7
34 7
34 8
35 8
36 8
36 7
37 7
37 8
36 8
36 7
37 7
37 8
36 8
36 7
36 6
35 6
34 6
34 7
34 8
33 8
33 9
33 8
33 9
34 9
34 8
34 7
33 7
34 7
33 7
34 7
33 7
33 8
34 8
35 8
36 8
37 8
36 8
36 9
35 9
35 10
35 11
34 11
34 12
35 12
35 13
35 14
34 14
33 14
34 14
34 13
33 13
32 13
33 13
33 14
34 14
34 13
34 14
35 14
34 14
35 14
36 14
37 14
37 13
38 13
38 14
38 13
37 13
37 14
37 13
37 12
38 12
39 12
39 13
39 14
39 13
39 12
39 13
39 12
38 12
37 12
37 11
37 10
36 10
36 11
36 12
35 12
34 12
34 13
34 14
34 13
34 12
33 12
33 11
32 11
33 11
33 10
32 10
32 11
33 11
32 11
32 10
31 10
31 9
30 9
29 9
29 8
29 9
28 9
28 10
29 10
28 10
28 9
29 9
29 10
29 9
30 9
30 8
30 9
31 9
31 8
30 8
30 7
30 8
29 8
28 8
28 9
28 10
28 11
28 10
28 11
29 11
29 12
29 13
28 13
28 12
28 11
27 11
27 12
28 12
27 12
26 12
26 11
25 11
25 12
25 13
25 14
26 14
26 15
25 15
25 16
25 15
25 16
25 17
25 16
25 15
25 16
26 16
27 16
27 17
26 17
26 18
25 18
25 19
25 20
25 19
25 20
26 20
25 20
26 20
26 21
25 21
25 22
25 23
26 23
25 23
25 22
26 22
26 23
26 24
25 24
25 25
25 26
25 25
24 25
24 26
24 25
25 25
25 26
26 26
27 26
27 27
26 27
27 27
26 27
26 28
26 27
26 28
26 27
25 27
26 27
27 27
26 27
27 27
28 27
29 27
29 28
30 28
31 28
31 29
31 28
30 28
30 29
30 30
30 29
30 30
29 30
30 30
30 31
30 30
30 31
29 31
29 32
30 32
30 33
29 33
29 34
28 34
28 35
28 36
27 36
27 35
27 36
27 37
27 36
26 36
26 37
26 38
27 38
27 39
27 40
26 40
27 40
27 39
26 39
27 39
27 38
27 37
28 37
28 38
28 37
29 37
28 37
29 37
30 37
31 37
30 37
30 36
30 37
29 37
29 38
29 37
29 38
30 38
30 37
29 37
29 36
28 36
28 37
29 37
29 36
29 35
28 35
29 35
29 34
28 34
28 35
27 35
26 35
26 36
26 35
25 35
25 34
26 34
27 34
27 33
27 32
28 32
27 32
28 32
28 33
28 32
28 31
28 30
27 30
26 30
25 30
26 30
27 30
27 29
27 28
27 27
26 27
27 27
27 28
27 27
27 28
27 29
26 29
27 29
28 29
28 30
28 31
27 31
26 31
26 32
27 32
28 32
27 32
27 33
28 33
29 33
29 32
28 32
28 31
28 32
28 33
27 33
27 34
28 34
29 34
30 34
30 35
29 35
30 35
31 35
31 34
31 35
31 34
32 34
31 34
31 33
31 32
31 31
31 32
31 31
31 32
32 32
33 32
32 32
31 32
31 33
32 33
32 32
32 31
33 31
32 31
32 32
31 32
31 31
30 31
30 30
29 30
30 30
31 30
31 31
31 30
31 29
30 29
31 29
31 30
30 30
29 30
29 29
29 30
29 31
28 31
29 31
28 31
28 30
29 30
29 29
29 30
30 30
30 29
29 29
29 30
29 29
29 28
29 29
28 29
29 29
29 28
30 28
30 29
30 28
29 28
29 29
29 30
29 31
28 31
28 30
29 30
29 31
30 31
30 32
30 33
29 33
30 33
29 33
29 34
30 34
30 33
29 33
29 34
29 35
30 35
30 36
31 36
31 35
32 35
32 34
32 33
33 33
34 33
34 32
33 32
33 33
33 34
33 33
32 33
33 33
33 32
33 33
33 32
33 33
33 34
32 34
33 34
33 35
32 35
31 35
31 34
31 33
32 33
31 33
31 32
31 33
31 32
31 33
31 32
32 32
32 31
33 31
33 30
33 29
33 28
33 29
34 29
34 30
34 29
33 29
32 29
32 30
32 29
