0 0
0 1
1 1
2 1
2 2
1 2
1 3
0 3
1 3
1 2
2 2
2 3
3 3
4 3
3 3
3 4
3 5
3 4
3 3
2 3
2 2
3 2
4 2
4 1
4 0
4 1
5 1
5 2
5 3
5 4
4 4
3 4
3 3
4 3
4 4
3 4
3 5
2 5
1 5
0 5
0 4
0 3
1 3
0 3
1 3
1 4
2 4
2 3
3 3
4 3
4 2
5 2
5 1
5 0
6 0
5 0
5 1
6 1
6 2
6 1
7 1
7 0
8 0
7 0
6 0
5 0
5 1
4 1
4 2
4 1
4 2
4 1
4 2
3 2
4 2
4 3
5 3
6 3
5 3
5 4
5 5
4 5
5 5
5 6
5 7
6 7
6 6
7 6
7 7
6 7
6 8
6 9
6 10
7 10
7 9
7 8
6 8
6 7
6 8
5 8
5 7
4 7
5 7
4 7
4 8
5 8
5 7
4 7
4 6
3 6
4 6
5 6
5 7
5 6
5 7
5 6
6 6
6 5
5 5
4 5
4 4
4 3
4 2
4 1
5 1
5 0
6 0
6 1
5 1
4 1
3 1
2 1
2 0
2 1
2 2
2 3
1 3
1 2
1 1
2 1
3 1
3 2
3 3
2 3
1 3
1 2
0 2
0 1
1 1
0 1
0 2
1 2
0 2
1 2
0 2
0 1
1 1
1 0
0 0
1 0
2 0
2 1
3 1
4 1
4 2
4 3
5 3
4 3
4 2
5 2
5 1
5 0
4 0
4 1
5 1
4 1
4 2
4 1
4 2
4 1
4 2
4 3
4 2
4 1
5 1
4 1
4 0
4 1
5 1
5 2
6 2
6 1
5 1
4 1
3 1
2 1
2 2
1 2
0 2
0 1
0 0
1 0
1 1
0 1
0 0
0 1
1 1
0 1
1 1
1 0
2 0
1 0
0 0
1 0
1 1
2 1
3 1
3 2
2 2
2 3
3 3
4 3
4 2
3 2
3 3
4 3
5 3
5 4
5 3
6 3
5 3
4 3
4 2
4 1
4 0
4 1
4 2
4 3
5 3
4 3
4 2
3 2
2 2
2 1
3 1
4 1
5 1
5 2
5 1
5 0
5 1
5 2
6 2
7 2
6 2
6 1
7 1
7 2
7 3
7 4
6 4
7 4
8 4
8 5
8 6
9 6
8 6
8 7
7 7
7 6
8 6
8 7
9 7
9 8
10 8
10 7
11 7
10 7
11 7
10 7
10 8
10 9
10 10
9 10
9 9
9 8
9 7
8 7
8 8
9 8
9 7
9 6
8 6
8 7
8 6
8 7
8 8
8 7
9 7
8 7
8 6
8 5
9 5
9 6
10 6
9 6
9 7
9 8
9 7
9 8
9 7
10 7
9 7
8 7
9 7
10 7
10 8
10 7
10 8
10 9
11 9
11 10
11 9
10 9
10 10
10 9
11 9
10 9
9 9
10 9
9 9
8 9
7 9
6 9
7 9
7 8
8 8
7 8
8 8
8 9
7 9
7 8
7 7
7 8
6 8
5 8
6 8
5 8
6 8
6 7
5 7
6 7
6 8
6 9
5 9
5 10
6 10
7 10
8 10
8 11
9 11
9 12
9 11
9 10
8 10
9 10
10 10
10 9
10 10
10 9
11 9
11 8
11 9
12 9
11 9
12 9
11 9
12 9
13 9
13 10
13 11
12 11
12 12
12 13
13 13
12 13
11 13
11 14
12 14
13 14
14 14
14 15
15 15
15 16
14 16
15 16
14 16
14 15
15 15
14 15
15 15
15 16
14 16
15 16
16 16
17 16
17 15
18 15
17 15
16 15
17 15
17 16
18 16
18 17
18 18
19 18
18 18
19 18
19 19
18 19
17 19
16 19
16 20
16 21
15 21
14 21
14 20
15 20
15 21
15 20
16 20
16 21
16 22
16 21
16 22
15 22
15 21
15 20
16 20
17 20
17 21
18 21
17 21
16 21
16 20
16 21
15 21
16 21
15 21
15 22
14 22
13 22
13 21
13 22
13 23
12 23
12 24
13 24
13 25
13 26
13 27
13 26
13 27
14 27
13 27
12 27
12 28
12 29
12 30
12 31
13 31
12 31
12 32
13 32
14 32
13 32
14 32
15 32
15 31
15 32
15 33
15 32
15 33
15 32
15 33
16 33
15 33
15 34
15 33
15 34
16 34
16 33
15 33
15 34
16 34
15 34
15 33
14 33
15 33
14 33
13 33
12 33
12 32
11 32
11 33
12 33
11 33
11 32
12 32
12 31
11 31
11 30
11 29
10 29
10 28
10 27
9 27
10 27
11 27
10 27
9 27
9 28
8 28
7 28
6 28
7 28
8 28
8 29
9 29
9 28
9 29
9 28
10 28
11 28
11 27
12 27
13 27
13 26
12 26
11 26
10 26
9 26
8 26
9 26
9 25
8 25
7 25
6 25
5 25
4 25
4 26
5 26
4 26
3 26
4 26
4 27
4 28
4 29
3 29
3 28
4 28
3 28
4 28
3 28
3 29
3 30
3 31
3 32
3 33
3 32
4 32
3 32
3 33
4 33
4 34
5 34
4 34
3 34
3 35
4 35
3 35
3 34
2 34
1 34
2 34
1 34
1 33
1 32
1 33
2 33
1 33
0 33
0 32
1 32
1 31
0 31
1 31
1 32
2 32
1 32
1 33
1 34
1 35
1 36
0 36
0 35
0 36
1 36
0 36
0 37
1 37
1 38
2 38
2 37
1 37
0 37
1 37
0 37
0 38
1 38
2 38
2 37
3 37
4 37
5 37
4 37
3 37
3 38
3 37
4 37
4 38
5 38
6 38
6 37
5 37
6 37
6 36
5 36
6 36
7 36
7 35
8 35
9 35
9 34
10 34
9 34
9 35
8 35
8 36
8 35
7 35
7 34
7 35
7 36
6 36
6 35
6 36
7 36
6 36
6 35
7 35
7 36
7 35
6 35
7 35
7 34
8 34
7 34
8 34
9 34
9 33
9 34
10 34
11 34
11 33
11 32
11 33
12 33
13 33
13 34
13 35
13 36
13 37
13 38
12 38
12 39
13 39
13 40
13 39
13 40
12 40
12 41
12 42
12 41
13 41
14 41
15 41
14 41
14 40
13 40
13 39
14 39
15 39
15 40
14 40
15 40
15 41
16 41
16 42
15 42
14 42
13 42
12 42
12 43
12 44
13 44
14 44
14 43
13 43
12 43
12 42
12 43
11 43
11 44
12 44
13 44
13 43
14 43
15 43
16 43
16 44
16 43
15 43
15 44
14 44
14 45
14 44
13 44
14 44
13 44
12 44
12 43
12 42
12 41
11 41
11 42
11 43
10 43
10 42
10 43
9 43
9 42
9 41
9 40
9 41
9 40
9 41
9 42
9 41
8 41
9 41
9 40
8 40
8 41
8 40
7 40
7 39
7 40
8 40
8 39
8 38
9 38
10 38
10 39
10 40
11 40
10 40
9 40
8 40
8 39
8 38
8 39
7 39
6 39
6 40
5 40
5 39
4 39
3 39
4 39
4 38
5 38
5 37
5 36
6 36
6 35
7 35
6 35
5 35
5 36
6 36
6 37
5 37
5 36
4 36
4 37
5 37
5 38
5 37
5 38
4 38
5 38
5 37
5 36
5 35
5 36
5 35
5 36
5 37
5 38
4 38
4 39
5 39
5 38
5 39
5 40
5 39
5 38
6 38
6 39
5 39
5 40
5 41
5 42
4 42
3 42
3 43
3 42
3 41
3 40
4 40
3 40
4 40
4 41
4 40
3 40
2 40
2 39
1 39
2 39
1 39
2 39
2 38
3 38
4 38
3 38
3 37
2 37
2 36
2 37
2 38
1 38
1 37
2 37
2 36
2 37
1 37
1 38
0 38
1 38
1 37
1 36
2 36
2 35
2 34
3 34
2 34
1 34
1 35
1 34
1 33
0 33
0 34
1 34
1 35
1 36
2 36
1 36
1 37
1 38
2 38
2 39
2 38
2 39
3 39
2 39
1 39
1 38
1 37
1 38
0 38
1 38
1 39
1 38
1 39
1 40
1 41
1 42
1 43
1 44
1 43
0 43
1 43
0 43
1 43
1 42
1 41
0 41
0 42
0 41
0 42
0 43
0 44
1 44
1 43
1 44
1 43
1 44
2 44
2 45
3 45
3 44
3 45
3 46
3 45
3 44
3 43
3 44
3 45
3 44
3 43
2 43
2 42
2 41
2 42
1 42
1 43
0 43
1 43
0 43
0 44
1 44
1 43
1 42
1 41
1 42
0 42
0 43
1 43
0 43
1 43
0 43
0 42
0 43
0 42
0 43
1 43
0 43
1 43
2 43
3 43
2 43
2 44
2 45
2 44
3 44
4 44
3 44
3 45
4 45
4 44
4 45
4 46
3 46
4 46
3 46
4 46
4 47
3 47
3 46
4 46
4 45
5 45
4 45
3 45
2 45
3 45
3 44
3 43
2 43
