0 0
0 1
0 0
0 1
1 1
0 1
1 1
2 1
1 1
2 1
1 1
2 1
3 1
3 2
3 3
4 3
4 2
4 1
5 1
5 2
5 1
5 2
4 2
5 2
5 3
5 4
5 5
4 5
5 5
5 6
5 5
6 5
5 5
5 6
4 6
4 5
3 5
3 4
4 4
3 4
3 3
3 4
3 5
3 6
2 6
2 7
1 7
0 7
1 7
1 8
2 8
2 7
3 7
3 6
3 5
4 5
5 5
5 4
4 4
4 5
4 6
4 7
5 7
4 7
3 7
4 7
5 7
5 8
5 9
5 10
4 10
5 10
4 10
4 11
5 11
5 10
6 10
7 10
6 10
7 10
6 10
6 11
5 11
5 10
5 9
4 9
4 8
5 8
4 8
3 8
3 7
3 6
3 7
4 7
3 7
3 8
3 9
4 9
4 10
3 10
3 11
3 10
3 11
2 11
2 10
2 11
1 11
1 12
1 13
1 12
1 13
0 13
1 13
1 14
2 14
2 13
2 12
3 12
4 12
4 11
4 10
4 11
4 12
4 13
4 12
4 11
4 12
4 11
3 11
3 12
3 13
3 14
3 15
3 16
3 17
4 17
3 17
4 17
3 17
3 18
3 19
3 18
4 18
3 18
4 18
5 18
6 18
7 18
6 18
6 19
5 19
5 20
4 20
4 21
3 21
3 22
3 23
3 22
3 23
3 24
4 24
4 23
3 23
3 24
3 23
2 23
1 23
1 22
2 22
2 21
3 21
2 21
2 22
3 22
2 22
3 22
2 22
2 23
2 24
2 25
1 25
1 24
2 24
1 24
1 23
0 23
1 23
1 24
0 24
0 25
0 24
0 25
1 25
1 26
1 25
0 25
0 24
0 25
0 24
0 25
0 24
0 25
1 25
1 24
1 23
1 22
1 23
2 23
2 24
1 24
1 23
1 24
1 25
1 24
0 24
0 23
0 22
0 23
0 24
0 23
1 23
1 22
0 22
1 22
1 21
1 20
0 20
1 20
1 19
1 20
0 20
1 20
2 20
3 20
3 19
2 19
2 18
2 17
2 16
2 15
1 15
1 14
0 14
1 14
0 14
1 14
1 15
1 16
0 16
0 15
0 16
1 16
1 15
1 16
2 16
1 16
1 17
0 17
0 18
0 19
1 19
1 20
2 20
2 19
2 20
3 20
4 20
5 20
5 19
5 20
6 20
5 20
5 21
5 20
5 21
6 21
6 20
7 20
6 20
7 20
7 19
6 19
5 19
5 20
5 21
6 21
6 20
6 21
6 20
6 21
6 22
6 23
6 24
6 25
7 25
8 25
8 24
8 23
7 23
7 22
7 21
6 21
5 21
5 20
6 20
7 20
7 21
6 21
5 21
6 21
6 20
6 21
5 21
4 21
4 22
3 22
3 21
4 21
4 22
4 21
5 21
4 21
3 21
3 22
3 21
4 21
5 21
5 20
5 21
5 20
6 20
6 21
7 21
7 22
7 21
8 21
9 21
9 22
10 22
11 22
10 22
10 21
11 21
12 21
12 22
11 22
12 22
12 21
12 20
12 21
11 21
11 22
12 22
12 21
12 20
13 20
13 21
12 21
12 22
12 23
11 23
11 24
12 24
11 24
12 24
12 23
12 24
11 24
11 23
10 23
11 23
11 24
11 23
12 23
12 24
12 23
12 22
11 22
12 22
13 22
13 23
13 24
13 23
14 23
13 23
13 24
13 25
13 24
13 23
12 23
11 23
10 23
10 24
11 24
11 25
11 26
11 27
12 27
11 27
11 28
11 27
11 26
12 26
11 26
10 26
9 26
10 26
9 26
8 26
9 26
9 27
10 27
10 28
10 27
9 27
9 26
10 26
10 27
10 28
9 28
9 27
9 26
9 27
8 27
9 27
9 28
9 27
9 28
9 29
10 29
10 30
11 30
10 30
10 31
10 30
9 30
8 30
8 31
9 31
10 31
9 31
10 31
11 31
11 30
11 29
11 30
12 30
12 29
13 29
14 29
13 29
13 30
13 29
13 30
13 29
14 29
14 28
13 28
13 29
13 30
12 30
12 31
12 30
12 29
12 28
12 27
13 27
13 28
14 28
13 28
14 28
15 28
16 28
16 27
16 26
17 26
18 26
19 26
18 26
18 27
18 28
19 28
19 29
20 29
20 28
19 28
19 29
20 29
20 28
19 28
19 29
20 29
19 29
18 29
19 29
20 29
21 29
21 28
22 28
22 29
23 29
23 28
23 27
23 26
23 25
22 25
22 26
22 27
21 27
22 27
22 26
22 25
22 26
21 26
22 26
21 26
21 25
21 26
20 26
21 26
21 25
21 26
21 27
22 27
22 28
22 27
22 28
22 29
21 29
20 29
21 29
22 29
21 29
21 30
21 31
21 30
20 30
19 30
19 29
19 30
19 29
20 29
20 30
19 30
19 29
20 29
19 29
19 30
20 30
20 31
21 31
21 30
20 30
19 30
19 31
18 31
17 31
17 30
17 29
16 29
16 28
16 29
17 29
17 30
17 31
17 32
18 32
18 33
19 33
19 32
19 31
19 30
19 31
20 31
20 32
20 33
19 33
19 34
19 33
20 33
19 33
19 34
19 35
18 35
18 36
17 36
17 37
18 37
19 37
19 36
19 35
19 34
19 33
18 33
19 33
18 33
18 34
17 34
17 33
18 33
18 34
18 33
17 33
17 34
18 34
17 34
17 33
18 33
19 33
19 32
19 33
19 32
19 33
20 33
20 34
21 34
21 33
20 33
20 32
19 32
19 31
19 30
19 31
19 30
19 31
19 32
20 32
20 33
21 33
20 33
21 33
21 32
21 31
21 30
22 30
22 31
22 30
22 31
23 31
23 30
23 29
23 30
23 31
24 31
23 31
24 31
24 32
25 32
26 32
27 32
26 32
26 33
27 33
28 33
28 32
28 33
28 34
28 33
28 34
27 34
28 34
27 34
27 35
28 35
29 35
29 36
30 36
30 35
30 34
30 33
30 34
30 33
30 34
29 34
29 33
29 34
29 33
30 33
30 34
29 34
28 34
29 34
29 33
28 33
28 32
28 33
29 33
28 33
28 34
27 34
26 34
27 34
27 33
27 34
27 35
26 35
25 35
25 36
25 37
25 36
24 36
23 36
23 37
23 38
24 38
24 37
25 37
25 36
24 36
23 36
23 35
24 35
24 34
23 34
22 34
22 35
21 35
21 34
21 35
21 36
21 37
21 36
21 35
21 36
21 35
21 36
21 37
22 37
22 36
23 36
22 36
22 35
22 36
22 37
22 38
23 38
22 38
22 37
22 38
23 38
23 39
22 39
21 39
21 40
21 41
20 41
20 40
19 40
20 40
20 39
19 39
20 39
20 38
20 37
20 36
20 35
21 35
22 35
22 34
22 35
22 36
22 35
22 34
22 33
21 33
21 32
20 32
21 32
21 31
22 31
21 31
22 31
23 31
23 32
24 32
25 32
24 32
24 33
23 33
23 32
23 31
23 32
24 32
24 33
24 34
24 33
24 32
24 33
25 33
26 33
26 34
26 33
25 33
25 34
25 35
24 35
23 35
23 36
24 36
25 36
26 36
26 35
27 35
27 34
27 35
27 36
27 35
27 34
27 35
26 35
27 35
26 35
25 35
25 34
24 34
23 34
22 34
21 34
20 34
19 34
19 33
19 32
19 31
18 31
18 32
18 31
19 31
19 32
19 31
20 31
21 31
22 31
23 31
23 32
23 31
23 30
23 31
22 31
22 32
22 31
22 30
21 30
20 30
20 29
21 29
21 30
21 29
21 28
21 29
21 30
21 31
20 31
21 31
21 30
22 30
21 30
22 30
22 31
22 32
22 31
22 32
21 32
21 31
21 32
20 32
20 33
19 33
19 34
19 33
19 32
19 33
19 34
18 34
19 34
18 34
17 34
17 33
17 32
16 32
16 31
15 31
15 30
16 30
16 31
17 31
17 30
18 30
17 30
17 29
17 30
18 30
18 29
18 30
19 30
20 30
20 29
20 28
19 28
19 29
18 29
17 29
16 29
15 29
15 28
15 27
16 27
16 26
17 26
17 27
17 28
16 28
16 29
16 28
15 28
16 28
16 29
15 29
15 28
15 29
15 28
15 27
16 27
15 27
14 27
14 26
13 26
14 26
14 25
13 25
12 25
13 25
13 26
14 26
14 27
15 27
15 28
15 29
15 28
16 28
15 28
14 28
13 28
13 27
13 28
12 28
12 27
11 27
10 27
11 27
11 26
11 25
11 26
10 26
10 25
10 26
10 27
10 28
11 28
11 29
10 29
9 29
9 30
9 31
9 32
10 32
10 33
10 32
11 32
11 31
11 32
12 32
11 32
11 33
11 32
12 32
12 31
11 31
11 32
11 31
10 31
10 30
10 31
10 30
11 30
11 29
12 29
12 28
12 27
11 27
10 27
10 26
10 25
11 25
10 25
10 26
10 27
9 27
9 28
8 28
7 28
