0 0
0 1
0 0
1 0
0 0
0 1
1 1
2 1
2 0
2 1
2 2
2 1
2 2
3 2
3 1
3 0
4 0
3 0
2 0
1 0
0 0
1 0
0 0
0 1
1 1
1 0
1 1
1 2
1 3
1 2
1 3
1 4
2 4
2 3
1 3
0 3
0 2
0 3
0 2
1 2
1 1
0 1
1 1
2 1
2 2
2 1
3 1
4 1
4 2
4 3
5 3
5 2
5 3
5 4
5 5
5 6
4 6
3 6
3 5
4 5
4 4
4 3
3 3
4 3
4 2
3 2
4 2
4 1
4 0
4 1
5 1
5 0
6 0
6 1
5 1
5 2
4 2
4 1
3 1
3 0
3 1
4 1
4 0
4 1
5 1
5 0
5 1
4 1
4 0
5 0
5 1
5 2
5 3
4 3
4 2
4 3
3 3
3 4
3 5
3 6
3 7
3 6
3 7
4 7
5 7
4 7
4 8
4 9
4 10
5 10
5 9
5 8
6 8
6 9
5 9
4 9
5 9
5 8
4 8
5 8
5 9
4 9
4 10
3 10
3 11
4 11
3 11
3 10
2 10
1 10
1 9
2 9
1 9
1 8
1 7
0 7
0 8
0 9
0 8
1 8
2 8
1 8
1 9
1 8
1 9
0 9
0 10
0 11
1 11
1 12
1 11
1 12
0 12
1 12
2 12
2 11
1 11
2 11
2 12
1 12
2 12
3 12
4 12
3 12
4 12
5 12
5 13
5 14
5 15
5 14
6 14
5 14
5 15
4 15
3 15
2 15
3 15
2 15
2 16
1 16
1 17
1 16
1 15
0 15
0 14
1 14
0 14
1 14
2 14
3 14
4 14
4 13
5 13
4 13
3 13
3 14
3 15
3 14
3 13
2 13
2 14
2 13
2 12
1 12
1 11
1 10
1 11
0 11
0 10
0 11
1 11
1 12
1 13
2 13
3 13
4 13
4 12
3 12
3 13
3 14
4 14
5 14
5 13
5 12
6 12
5 12
6 12
6 11
7 11
7 12
7 11
7 12
8 12
8 13
8 14
9 14
9 15
10 15
11 15
11 16
11 17
11 18
11 17
11 18
10 18
10 19
9 19
8 19
9 19
8 19
9 19
9 18
8 18
9 18
10 18
9 18
8 18
8 19
9 19
8 19
7 19
7 18
7 19
8 19
9 19
10 19
9 19
9 18
9 19
9 20
8 20
7 20
6 20
6 21
7 21
7 20
8 20
7 20
6 20
7 20
8 20
7 20
7 21
6 21
6 20
7 20
8 20
7 20
7 19
7 20
7 21
6 21
5 21
6 21
6 20
6 21
6 22
7 22
7 21
8 21
7 21
7 22
7 23
7 24
7 25
6 25
6 24
6 23
7 23
7 24
7 23
7 24
8 24
9 24
9 23
9 24
9 25
9 24
9 25
8 25
7 25
6 25
6 24
6 25
6 24
6 25
5 25
5 26
5 25
4 25
3 25
3 24
2 24
3 24
3 25
3 24
3 25
2 25
2 26
3 26
3 27
4 27
4 26
4 27
3 27
3 26
4 26
4 27
5 27
5 28
4 28
4 29
4 30
3 30
3 31
3 30
2 30
1 30
1 29
1 28
2 28
2 29
3 29
4 29
4 30
4 31
4 32
4 33
3 33
4 33
4 32
4 31
4 30
5 30
5 29
6 29
5 29
5 30
6 30
6 31
5 31
5 30
5 31
5 30
5 29
6 29
6 28
5 28
6 28
6 29
5 29
6 29
7 29
7 30
7 31
7 30
6 30
7 30
7 29
7 30
7 29
7 28
6 28
5 28
4 28
4 29
5 29
5 30
5 31
6 31
6 32
6 33
6 32
6 31
5 31
5 30
6 30
6 29
6 30
6 31
7 31
8 31
9 31
8 31
9 31
10 31
11 31
11 32
11 31
11 32
10 32
10 31
9 31
9 32
9 31
8 31
8 32
9 32
9 33
9 34
8 34
9 34
10 34
10 35
10 34
11 34
12 34
13 34
12 34
12 35
13 35
12 35
13 35
12 35
13 35
14 35
14 34
14 33
14 34
14 35
15 35
15 34
14 34
14 33
14 34
14 33
13 33
13 34
14 34
13 34
14 34
14 33
14 32
14 33
14 32
15 32
14 32
14 31
14 30
14 31
14 30
14 29
14 30
14 31
15 31
14 31
14 30
15 30
15 29
15 28
15 29
16 29
16 30
17 30
17 29
17 28
16 28
15 28
15 27
15 28
15 27
15 26
15 27
15 26
16 26
17 26
16 26
16 25
15 25
15 26
14 26
15 26
15 27
15 28
15 27
15 28
15 29
14 29
14 30
14 29
13 29
13 28
14 28
14 27
15 27
15 28
15 29
16 29
17 29
16 29
15 29
16 29
16 28
17 28
18 28
19 28
19 29
19 28
19 27
19 28
18 28
18 27
17 27
17 26
17 25
17 26
17 27
17 28
17 29
18 29
17 29
17 28
17 29
17 28
17 29
17 28
16 28
17 28
17 27
16 27
16 26
16 27
16 28
17 28
17 27
16 27
15 27
15 28
15 29
15 30
14 30
13 30
13 31
13 30
13 29
13 30
12 30
12 31
12 32
12 31
12 32
11 32
10 32
10 33
9 33
9 34
9 33
10 33
10 32
10 33
9 33
9 34
9 35
9 34
9 33
9 34
8 34
8 35
8 34
8 35
8 36
8 35
9 35
9 36
8 36
7 36
7 37
8 37
9 37
9 36
9 37
10 37
10 36
10 35
10 36
11 36
12 36
11 36
12 36
12 35
12 34
12 35
13 35
13 36
13 37
13 38
13 37
14 37
13 37
12 37
11 37
12 37
11 37
10 37
11 37
11 38
11 39
10 39
11 39
11 40
11 39
11 40
11 39
11 40
12 40
13 40
12 40
13 40
12 40
13 40
13 41
14 41
13 41
12 41
12 40
11 40
11 41
10 41
10 40
11 40
11 41
10 41
10 42
11 42
11 43
11 44
12 44
11 44
12 44
13 44
13 45
12 45
11 45
10 45
9 45
9 44
8 44
9 44
10 44
10 43
11 43
10 43
9 43
9 42
8 42
8 41
7 41
8 41
9 41
10 41
10 42
9 42
8 42
8 43
8 42
8 41
8 42
8 41
8 40
8 39
8 40
9 40
9 41
9 40
10 40
10 41
11 41
11 42
12 42
13 42
13 41
13 42
12 42
12 43
13 43
14 43
13 43
12 43
12 44
12 45
13 45
13 44
13 43
14 43
14 44
14 43
14 44
13 44
13 45
13 44
14 44
13 44
13 45
14 45
14 46
14 45
14 44
14 45
14 44
13 44
13 45
13 46
14 46
13 46
13 47
14 47
13 47
13 46
13 47
13 46
14 46
15 46
15 47
14 47
14 48
14 47
13 47
14 47
15 47
16 47
16 48
16 49
16 50
17 50
17 51
17 52
17 51
17 50
16 50
17 50
18 50
18 51
18 52
18 53
18 54
17 54
17 53
18 53
18 52
18 51
18 52
19 52
20 52
21 52
22 52
21 52
21 51
21 52
22 52
22 51
22 50
22 49
22 48
23 48
23 47
23 48
24 48
25 48
25 47
25 46
26 46
25 46
25 47
25 48
25 49
25 50
25 49
25 50
26 50
26 49
27 49
27 48
28 48
28 49
27 49
28 49
28 50
27 50
27 51
26 51
26 50
25 50
24 50
25 50
24 50
24 49
24 48
25 48
25 49
24 49
25 49
25 48
26 48
27 48
28 48
27 48
27 47
26 47
26 46
26 45
26 46
26 47
25 47
25 46
25 45
25 46
26 46
26 45
26 46
25 46
24 46
24 47
23 47
23 48
22 48
22 47
22 48
21 48
20 48
19 48
19 49
18 49
18 50
17 50
18 50
19 50
18 50
18 49
17 49
17 50
17 49
17 50
17 51
17 52
17 53
16 53
15 53
16 53
16 54
16 53
16 52
15 52
15 53
16 53
15 53
15 52
15 51
14 51
14 52
13 52
12 52
11 52
11 53
10 53
9 53
8 53
8 54
9 54
10 54
11 54
10 54
11 54
10 54
10 53
10 54
10 55
10 54
10 55
10 54
9 54
9 55
9 56
9 55
9 56
10 56
10 55
10 54
9 54
8 54
8 53
9 53
9 54
9 53
8 53
8 54
8 53
9 53
8 53
8 52
7 52
8 52
8 53
8 54
9 54
9 55
9 56
9 57
8 57
7 57
7 58
8 58
8 57
8 58
8 57
8 58
9 58
8 58
8 57
9 57
8 57
9 57
10 57
10 58
10 59
10 60
9 60
9 61
9 62
9 61
9 60
8 60
8 59
8 60
8 61
8 62
8 63
9 63
8 63
7 63
8 63
8 64
8 63
7 63
8 63
8 62
8 63
8 62
8 63
7 63
7 62
7 63
6 63
6 64
7 64
6 64
6 65
6 64
6 65
5 65
6 65
6 64
7 64
7 63
6 63
6 64
6 65
5 65
5 66
5 65
4 65
