0 0
1 0
2 0
2 1
3 1
4 1
3 1
3 0
3 1
2 1
2 2
1 2
0 2
0 3
0 4
0 3
1 3
0 3
1 3
2 3
2 2
1 2
1 3
0 3
1 3
0 3
0 4
1 4
2 4
2 5
3 5
3 4
3 3
3 2
4 2
5 2
4 2
3 2
4 2
5 2
4 2
5 2
4 2
4 1
4 2
3 2
3 1
3 0
2 0
3 0
4 0
3 0
3 1
2 1
1 1
2 1
3 1
2 1
3 1
3 0
4 0
4 1
4 2
3 2
2 2
1 2
1 3
1 4
1 5
0 5
1 5
2 5
2 4
2 3
1 3
1 4
0 4
0 3
0 4
0 3
1 3
0 3
1 3
2 3
1 3
0 3
1 3
1 4
2 4
2 5
2 4
1 4
1 5
1 4
1 3
1 4
1 3
1 2
0 2
1 2
0 2
1 2
2 2
1 2
0 2
1 2
0 2
0 3
1 3
0 3
1 3
2 3
2 4
2 5
1 5
2 5
2 6
2 7
2 6
2 7
1 7
1 6
2 6
2 7
2 6
2 7
1 7
2 7
1 7
2 7
2 6
2 7
2 8
1 8
1 7
1 8
2 8
2 9
1 9
0 9
0 10
0 9
0 8
0 7
0 8
1 8
1 7
2 7
3 7
2 7
2 8
1 8
1 9
0 9
1 9
2 9
1 9
0 9
1 9
2 9
2 8
2 7
2 6
2 5
2 6
3 6
2 6
3 6
3 5
4 5
3 5
2 5
2 6
1 6
2 6
1 6
2 6
2 5
2 4
3 4
3 3
2 3
2 2
3 2
4 2
4 1
3 1
2 1
2 2
2 3
3 3
2 3
3 3
2 3
1 3
1 4
1 3
2 3
2 4
1 4
2 4
2 3
3 3
2 3
1 3
0 3
0 2
1 2
1 3
2 3
1 3
2 3
1 3
2 3
2 4
3 4
3 5
4 5
4 6
5 6
4 6
4 5
4 6
4 7
4 6
4 7
4 8
4 7
4 8
5 8
4 8
4 9
4 10
3 10
3 9
3 8
4 8
3 8
3 7
3 8
3 9
4 9
4 8
3 8
3 9
4 9
4 10
4 9
5 9
5 10
5 11
4 11
4 10
5 10
5 9
6 9
6 10
7 10
7 9
7 8
6 8
5 8
5 9
5 8
5 9
5 10
5 9
6 9
6 10
6 9
7 9
8 9
8 10
8 9
8 10
7 10
8 10
7 10
7 11
8 11
7 11
8 11
7 11
7 10
6 10
7 10
7 9
8 9
7 9
6 9
5 9
5 8
4 8
5 8
5 9
5 8
5 7
5 8
5 9
5 10
6 10
5 10
5 11
4 11
4 12
5 12
5 13
6 13
5 13
4 13
3 13
3 12
3 11
4 11
3 11
3 12
3 13
3 12
3 13
2 13
1 13
1 14
1 15
2 15
1 15
0 15
0 16
1 16
1 17
2 17
2 18
1 18
1 19
0 19
1 19
1 20
2 20
1 20
1 21
1 20
1 21
1 20
1 19
0 19
1 19
1 20
1 19
1 20
0 20
0 19
1 19
0 19
0 18
0 19
1 19
2 19
3 19
2 19
1 19
2 19
1 19
1 20
0 20
1 20
2 20
1 20
1 21
2 21
3 21
2 21
3 21
2 21
2 22
3 22
3 21
3 20
3 19
3 20
3 19
3 18
4 18
4 17
4 16
3 16
3 17
3 16
2 16
2 15
3 15
3 16
3 15
3 14
2 14
2 13
1 13
1 14
0 14
1 14
1 13
2 13
3 13
2 13
3 13
3 14
4 14
5 14
5 13
5 12
5 13
4 13
5 13
4 13
5 13
5 14
6 14
6 15
7 15
7 14
7 13
7 12
8 12
9 12
9 11
8 11
7 11
7 10
8 10
8 11
8 12
8 13
7 13
7 14
7 15
7 14
7 13
6 13
6 14
5 14
5 15
5 14
6 14
7 14
6 14
7 14
6 14
7 14
7 15
7 16
7 17
7 18
6 18
6 19
6 20
5 20
6 20
6 21
6 20
6 21
6 20
7 20
7 21
8 21
7 21
7 22
6 22
7 22
8 22
7 22
7 23
6 23
6 22
6 23
5 23
5 24
5 25
5 26
6 26
5 26
5 27
4 27
3 27
2 27
2 28
2 29
1 29
0 29
0 30
1 30
1 29
0 29
0 30
1 30
0 30
0 31
1 31
1 30
1 31
1 30
2 30
1 30
0 30
0 29
1 29
1 30
1 31
2 31
2 32
3 32
2 32
2 31
1 31
1 30
0 30
0 31
0 30
1 30
2 30
3 30
3 29
3 28
3 29
2 29
2 28
2 29
1 29
1 30
1 31
0 31
1 31
0 31
0 30
1 30
1 29
1 28
1 27
0 27
0 28
1 28
1 27
2 27
2 28
3 28
4 28
3 28
2 28
1 28
0 28
0 29
0 30
1 30
0 30
0 31
0 30
0 31
1 31
2 31
2 32
2 31
1 31
0 31
0 32
0 33
1 33
0 33
0 34
0 35
0 36
0 35
0 36
0 35
1 35
1 36
2 36
1 36
2 36
2 37
1 37
0 37
1 37
1 36
1 35
2 35
2 36
3 36
2 36
3 36
4 36
3 36
4 36
5 36
4 36
5 36
4 36
5 36
5 35
4 35
3 35
3 36
3 35
3 34
2 34
2 35
1 35
1 36
1 35
1 36
0 36
0 37
1 37
1 38
1 37
1 38
1 39
1 40
1 41
1 42
2 42
3 42
4 42
5 42
6 42
6 43
7 43
7 44
7 45
8 45
8 44
9 44
8 44
7 44
7 45
7 44
8 44
9 44
9 43
9 42
10 42
10 41
10 42
10 43
9 43
10 43
10 42
10 43
10 42
10 43
9 43
9 42
10 42
9 42
10 42
9 42
10 42
10 41
11 41
11 40
11 41
10 41
10 40
10 41
9 41
8 41
8 42
9 42
10 42
11 42
12 42
11 42
12 42
11 42
12 42
12 41
11 41
10 41
10 42
11 42
11 43
11 44
11 45
12 45
13 45
12 45
12 46
13 46
12 46
11 46
12 46
12 45
11 45
11 44
12 44
12 45
11 45
10 45
10 46
10 47
11 47
11 48
11 49
12 49
11 49
11 48
10 48
10 49
9 49
10 49
9 49
10 49
10 50
9 50
9 51
9 50
8 50
8 51
9 51
10 51
11 51
11 52
11 53
11 52
10 52
10 51
11 51
10 51
10 50
10 51
10 50
10 49
11 49
11 48
11 47
11 46
11 47
11 46
10 46
10 45
11 45
11 46
10 46
10 45
10 44
9 44
10 44
11 44
11 45
10 45
10 44
10 45
10 44
10 45
9 45
9 46
9 47
9 46
8 46
8 45
8 44
8 43
8 44
9 44
9 45
8 45
8 46
7 46
7 47
6 47
7 47
6 47
6 46
6 45
5 45
4 45
4 46
4 45
4 46
5 46
4 46
4 47
5 47
4 47
5 47
6 47
5 47
5 48
5 47
5 48
4 48
5 48
5 47
6 47
5 47
6 47
7 47
6 47
5 47
6 47
6 48
5 48
5 47
4 47
5 47
4 47
4 46
3 46
3 45
4 45
4 44
3 44
3 45
4 45
4 44
4 45
4 46
4 45
4 46
5 46
5 45
5 46
6 46
7 46
7 45
7 44
7 43
7 44
6 44
5 44
4 44
5 44
6 44
7 44
7 43
6 43
6 42
7 42
7 41
7 40
6 40
6 41
6 42
5 42
5 43
6 43
7 43
8 43
7 43
8 43
7 43
8 43
8 42
8 43
9 43
9 44
9 43
9 44
10 44
11 44
11 45
12 45
12 46
11 46
11 47
11 48
12 48
12 49
11 49
10 49
10 50
10 49
10 48
9 48
8 48
8 47
7 47
6 47
6 46
6 47
7 47
7 46
8 46
8 47
9 47
9 46
10 46
11 46
11 45
12 45
11 45
10 45
11 45
10 45
10 46
9 46
9 45
9 44
10 44
10 45
9 45
8 45
8 46
9 46
9 47
10 47
10 46
9 46
8 46
9 46
9 47
9 48
9 49
9 48
9 47
8 47
8 46
8 45
8 44
8 45
9 45
9 44
9 45
8 45
8 46
7 46
6 46
5 46
5 47
6 47
7 47
7 46
7 47
7 48
6 48
7 48
7 47
8 47
8 48
7 48
8 48
9 48
9 49
9 50
10 50
10 49
11 49
12 49
11 49
11 50
12 50
13 50
13 51
14 51
14 50
13 50
12 50
13 50
13 49
13 50
13 51
13 52
14 52
14 51
15 51
15 52
15 53
15 52
15 53
16 53
16 54
16 55
16 56
17 56
16 56
16 55
16 56
15 56
16 56
17 56
17 57
16 57
17 57
16 57
15 57
14 57
15 57
15 56
14 56
15 56
16 56
15 56
14 56
15 56
15 57
15 56
15 57
15 56
15 55
15 54
15 53
14 53
14 52
14 51
