0 0
0 1
0 0
0 1
1 1
1 0
0 0
1 0
0 0
1 0
1 1
1 2
0 2
1 2
1 1
1 2
2 2
2 3
2 2
3 2
3 3
3 2
3 3
3 2
4 2
3 2
2 2
2 1
2 2
2 3
2 2
1 2
1 3
2 3
1 3
1 4
1 3
1 4
1 3
1 2
0 2
1 2
1 1
1 0
1 1
1 0
2 0
3 0
3 1
3 2
3 1
3 0
3 1
4 1
3 1
3 0
3 1
2 1
3 1
3 2
2 2
2 1
1 1
2 1
2 2
2 1
1 1
2 1
2 0
2 1
1 1
2 1
1 1
1 0
2 0
2 1
2 0
3 0
4 0
4 1
3 1
3 2
4 2
3 2
3 3
4 3
4 4
3 4
2 4
3 4
3 5
3 6
4 6
4 5
3 5
2 5
3 5
3 4
3 5
3 6
3 5
3 4
2 4
3 4
4 4
4 3
4 2
5 2
5 3
5 2
4 2
4 1
3 1
2 1
2 2
2 1
2 0
2 1
2 0
2 1
3 1
2 1
2 2
2 1
2 0
2 1
2 2
1 2
2 2
2 1
2 0
3 0
4 0
3 0
3 1
3 0
3 1
3 0
4 0
4 1
4 0
3 0
4 0
4 1
4 2
4 1
5 1
6 1
6 0
7 0
6 0
6 1
7 1
7 0
6 0
6 1
6 2
5 2
4 2
4 1
4 2
4 1
4 0
4 1
4 2
4 3
4 4
4 3
5 3
5 2
5 1
5 2
4 2
5 2
5 3
5 2
5 1
6 1
5 1
5 0
5 1
6 1
5 1
6 1
5 1
5 2
5 3
4 3
5 3
5 2
5 1
4 1
4 2
4 1
5 1
5 0
4 0
5 0
5 1
4 1
4 0
5 0
5 1
5 0
6 0
6 1
6 2
7 2
6 2
5 2
5 3
6 3
5 3
6 3
7 3
8 3
8 2
8 1
7 1
8 1
8 2
8 1
9 1
9 0
10 0
10 1
10 0
11 0
12 0
13 0
14 0
14 1
13 1
14 1
13 1
14 1
15 1
15 0
15 1
15 0
16 0
17 0
17 1
17 0
18 0
18 1
18 2
17 2
17 1
18 1
17 1
17 2
18 2
18 3
17 3
18 3
19 3
18 3
17 3
18 3
18 2
18 3
17 3
16 3
17 3
17 4
18 4
18 5
17 5
17 6
18 6
19 6
20 6
21 6
22 6
21 6
21 7
22 7
23 7
23 6
23 7
22 7
23 7
23 6
23 7
23 8
22 8
21 8
21 9
21 10
21 9
20 9
19 9
18 9
18 8
19 8
19 7
18 7
18 6
18 5
18 6
18 7
18 6
17 6
17 7
17 8
17 7
17 8
17 7
18 7
17 7
16 7
15 7
15 8
14 8
13 8
13 9
13 8
13 9
12 9
12 8
11 8
10 8
11 8
11 7
11 6
10 6
10 7
10 6
11 6
11 5
12 5
12 6
12 7
13 7
13 8
13 9
13 10
12 10
12 11
12 12
12 13
12 14
12 13
11 13
11 14
11 15
12 15
11 15
12 15
12 14
11 14
11 13
11 12
10 12
10 11
11 11
11 12
11 11
12 11
11 11
10 11
10 10
10 11
9 11
8 11
8 10
7 10
7 11
7 12
6 12
7 12
7 13
6 13
6 14
5 14
6 14
5 14
5 13
5 14
5 15
5 14
5 15
5 16
5 15
4 15
4 16
4 15
4 14
4 15
5 15
6 15
6 14
7 14
7 15
6 15
6 14
6 13
5 13
6 13
7 13
6 13
6 12
7 12
7 13
7 14
8 14
7 14
6 14
6 15
6 14
7 14
7 13
8 13
9 13
9 14
8 14
9 14
8 14
7 14
7 13
7 12
7 13
6 13
5 13
6 13
5 13
5 14
5 13
4 13
4 14
5 14
5 15
4 15
4 16
4 15
5 15
4 15
5 15
5 14
5 15
4 15
5 15
5 14
5 13
5 14
6 14
6 13
5 13
5 12
6 12
6 11
5 11
6 11
5 11
5 10
5 9
6 9
5 9
4 9
4 10
4 9
4 10
4 11
4 10
3 10
2 10
1 10
0 10
1 10
1 9
1 10
0 10
1 10
1 11
2 11
1 11
2 11
3 11
2 11
1 11
0 11
0 12
0 13
0 14
0 13
1 13
0 13
1 13
2 13
2 12
3 12
3 11
3 10
3 9
4 9
4 10
4 11
5 11
6 11
6 10
5 10
5 11
6 11
6 12
6 11
5 11
5 12
5 13
5 12
5 11
5 10
5 11
5 10
5 9
6 9
6 10
7 10
7 9
7 10
7 11
7 10
7 11
7 10
6 10
6 11
6 12
6 13
5 13
5 14
5 15
6 15
7 15
7 16
8 16
7 16
8 16
7 16
7 17
6 17
7 17
8 17
8 16
7 16
6 16
6 17
5 17
5 18
4 18
4 17
5 17
5 18
4 18
5 18
5 19
5 18
4 18
4 19
3 19
4 19
4 20
5 20
6 20
6 19
7 19
6 19
5 19
4 19
3 19
2 19
2 20
2 19
3 19
2 19
2 20
2 21
3 21
3 22
2 22
2 21
2 22
2 21
1 21
1 20
1 21
1 22
1 21
1 22
1 23
1 22
1 23
0 23
0 24
0 25
0 26
0 27
0 28
1 28
1 27
0 27
0 28
0 27
1 27
1 26
0 26
1 26
0 26
1 26
1 27
2 27
3 27
2 27
3 27
3 26
3 27
2 27
3 27
3 26
3 25
3 26
3 27
2 27
3 27
4 27
3 27
3 26
3 25
3 26
3 27
3 26
2 26
3 26
4 26
5 26
4 26
4 25
4 24
4 25
4 26
3 26
3 27
4 27
4 28
4 29
5 29
5 30
5 31
6 31
5 31
6 31
7 31
7 32
7 31
7 30
8 30
8 29
7 29
6 29
6 28
6 29
5 29
5 30
5 29
4 29
4 30
3 30
3 29
3 28
3 29
2 29
2 28
1 28
1 27
1 26
0 26
0 25
1 25
1 26
1 27
0 27
0 28
0 29
0 28
1 28
1 29
0 29
1 29
1 30
1 31
1 30
2 30
1 30
0 30
1 30
1 29
0 29
0 30
1 30
2 30
3 30
3 31
4 31
5 31
5 32
5 31
6 31
6 32
6 31
6 32
7 32
7 31
8 31
8 30
7 30
8 30
7 30
8 30
8 29
7 29
8 29
9 29
9 28
9 29
9 28
9 27
9 26
8 26
7 26
7 27
8 27
7 27
8 27
9 27
9 28
9 27
10 27
11 27
11 28
11 29
11 28
10 28
10 29
9 29
9 30
8 30
9 30
9 31
9 32
10 32
9 32
10 32
10 31
11 31
12 31
12 30
12 31
12 32
13 32
13 31
13 32
12 32
11 32
12 32
13 32
13 31
13 32
14 32
14 33
14 34
13 34
13 33
13 34
14 34
14 33
14 34
14 33
14 34
14 35
15 35
14 35
15 35
15 36
15 37
14 37
14 38
14 37
15 37
15 38
15 39
15 38
16 38
16 37
16 36
15 36
16 36
17 36
17 37
16 37
16 36
16 37
15 37
16 37
17 37
16 37
16 38
16 39
16 38
16 39
16 38
17 38
17 39
17 38
16 38
15 38
16 38
15 38
15 37
14 37
13 37
14 37
14 36
14 37
15 37
15 36
14 36
15 36
16 36
16 35
15 35
15 34
15 35
15 36
15 37
16 37
16 38
15 38
16 38
16 39
16 40
16 41
15 41
15 42
15 43
16 43
16 44
17 44
17 43
17 42
17 43
17 42
18 42
18 43
17 43
16 43
15 43
16 43
17 43
18 43
19 43
19 42
19 41
18 41
18 42
18 43
18 44
18 45
17 45
17 46
16 46
17 46
17 45
16 45
17 45
17 46
18 46
19 46
20 46
20 45
20 44
20 45
20 46
20 47
21 47
21 46
21 45
20 45
20 44
20 43
20 42
21 42
21 41
21 40
20 40
21 40
22 40
22 41
21 41
21 40
22 40
22 39
21 39
22 39
22 40
21 40
21 39
21 38
22 38
22 39
23 39
22 39
22 38
23 38
23 37
23 38
24 38
24 39
23 39
23 40
24 40
24 39
24 38
23 38
24 38
25 38
25 39
26 39
25 39
24 39
24 40
24 41
23 41
23 42
22 42
23 42
23 41
22 41
21 41
21 40
21 41
21 40
21 39
20 39
21 39
21 40
20 40
21 40
21 41
21 40
21 39
21 38
21 39
21 40
21 39
21 38
20 38
19 38
19 37
19 38
18 38
18 37
18 36
18 35
19 35
19 34
19 35
19 34
18 34
17 34
18 34
18 33
18 34
18 33
19 33
20 33
19 33
18 33
18 34
19 34
19 35
19 34
19 33
19 32
19 33
20 33
20 32
19 32
19 31
20 31
19 31
19 30
18 30
17 30
16 30
16 31
16 32
15 32
15 31
14 31
14 32
14 31
