0 0
1 0
1 1
1 0
0 0
0 1
0 2
0 1
0 0
0 1
1 1
2 1
2 0
3 0
2 0
3 0
4 0
4 1
4 2
3 2
2 2
2 1
3 1
4 1
3 1
3 0
3 1
2 1
2 0
3 0
3 1
2 1
2 0
2 1
1 1
2 1
2 2
2 3
1 3
1 4
1 3
1 2
1 1
2 1
3 1
4 1
3 1
3 2
3 1
3 0
3 1
3 2
3 3
4 3
4 4
3 4
3 3
2 3
3 3
3 2
4 2
5 2
4 2
4 3
4 4
5 4
5 5
6 5
7 5
7 4
8 4
9 4
10 4
11 4
10 4
10 5
10 6
10 7
10 6
10 5
9 5
8 5
8 4
7 4
7 3
8 3
7 3
6 3
5 3
6 3
6 2
7 2
7 3
8 3
9 3
8 3
9 3
8 3
8 4
9 4
9 5
9 6
9 7
9 8
9 9
10 9
10 8
10 7
10 8
11 8
12 8
13 8
12 8
12 9
11 9
11 10
10 10
10 11
9 11
9 12
9 13
8 13
9 13
10 13
10 12
9 12
9 11
9 12
9 13
8 13
8 14
8 15
7 15
7 14
6 14
7 14
6 14
5 14
6 14
5 14
4 14
3 14
3 13
3 12
2 12
2 11
3 11
2 11
2 12
1 12
1 11
1 12
2 12
3 12
2 12
1 12
0 12
0 13
0 12
1 12
0 12
1 12
1 13
2 13
2 12
1 12
1 13
2 13
2 12
2 11
2 12
3 12
4 12
5 12
4 12
4 13
5 13
5 12
6 12
5 12
5 13
5 12
5 13
5 14
5 13
6 13
6 14
5 14
5 15
6 15
6 16
5 16
4 16
5 16
6 16
6 15
7 15
8 15
8 16
7 16
7 17
7 16
7 15
6 15
6 14
6 13
5 13
5 14
5 15
4 15
3 15
3 14
3 13
3 12
4 12
4 11
5 11
5 12
5 13
4 13
4 12
4 11
4 12
3 12
3 11
3 10
3 9
2 9
1 9
2 9
1 9
1 8
1 7
1 8
0 8
0 9
0 8
0 9
0 10
1 10
1 11
2 11
3 11
3 10
3 9
3 10
3 11
4 11
5 11
5 12
5 13
4 13
4 12
4 11
4 12
4 13
5 13
5 12
5 13
5 12
5 11
4 11
3 11
2 11
2 10
2 9
1 9
0 9
1 9
1 10
1 9
2 9
3 9
4 9
5 9
6 9
6 8
6 7
6 8
7 8
8 8
8 9
7 9
7 10
8 10
7 10
7 11
7 12
7 11
8 11
9 11
10 11
10 12
11 12
11 11
10 11
10 12
11 12
10 12
9 12
9 13
9 14
9 15
10 15
10 14
10 13
9 13
10 13
9 13
9 12
9 13
10 13
10 14
10 13
10 12
10 11
9 11
9 10
9 11
8 11
8 12
9 12
8 12
7 12
6 12
5 12
5 13
6 13
6 12
6 11
7 11
7 12
7 13
6 13
6 14
6 13
6 12
6 13
7 13
7 14
7 15
7 14
7 15
8 15
8 14
9 14
8 14
8 13
7 13
7 12
7 13
8 13
7 13
7 12
7 11
8 11
9 11
9 12
9 13
9 14
9 13
9 12
9 11
9 12
10 12
10 11
9 11
10 11
10 12
11 12
11 11
12 11
11 11
11 12
11 11
11 12
11 13
11 14
11 13
10 13
10 12
11 12
10 12
10 11
11 11
11 12
11 11
11 10
12 10
11 10
10 10
11 10
10 10
11 10
12 10
12 11
11 11
10 11
10 12
10 13
10 12
10 11
10 12
11 12
12 12
12 11
12 12
12 11
12 12
12 13
11 13
10 13
11 13
10 13
10 14
9 14
10 14
10 13
11 13
11 12
12 12
13 12
12 12
12 11
11 11
11 10
11 9
10 9
11 9
11 10
12 10
12 9
12 8
12 9
13 9
13 8
13 9
13 8
13 9
12 9
12 10
13 10
14 10
14 9
15 9
15 10
16 10
16 11
15 11
15 10
15 9
15 10
14 10
13 10
14 10
14 11
15 11
16 11
16 10
17 10
17 11
17 12
18 12
18 11
17 11
17 12
18 12
18 13
17 13
17 12
18 12
18 13
19 13
19 14
19 15
18 15
17 15
17 14
17 15
18 15
17 15
16 15
16 16
17 16
16 16
16 17
17 17
17 16
17 17
18 17
19 17
19 18
19 17
18 17
17 17
17 16
17 15
17 16
18 16
18 15
18 14
18 13
17 13
17 12
17 11
18 11
17 11
17 12
18 12
18 11
17 11
17 10
17 11
17 12
17 11
18 11
19 11
19 10
19 11
19 10
19 11
18 11
18 12
19 12
19 13
19 14
20 14
19 14
19 15
19 16
20 16
21 16
21 17
21 16
20 16
20 17
19 17
18 17
18 18
18 19
18 18
18 19
17 19
17 20
17 21
16 21
17 21
17 20
17 19
17 20
18 20
19 20
20 20
19 20
20 20
20 19
21 19
20 19
19 19
19 20
19 21
18 21
19 21
20 21
20 22
21 22
22 22
22 23
23 23
22 23
22 22
23 22
22 22
22 23
22 24
21 24
20 24
21 24
22 24
22 23
22 24
22 25
22 24
23 24
23 23
23 22
22 22
21 22
22 22
23 22
23 21
23 22
23 23
23 24
23 23
23 22
22 22
22 23
23 23
23 22
23 21
23 20
24 20
25 20
25 19
25 20
25 19
24 19
23 19
24 19
24 20
23 20
22 20
21 20
21 21
21 20
21 21
22 21
23 21
23 20
24 20
25 20
26 20
25 20
25 19
24 19
24 20
24 21
25 21
26 21
26 22
27 22
27 23
28 23
29 23
29 22
29 21
29 22
30 22
30 21
31 21
30 21
29 21
29 20
30 20
30 21
29 21
30 21
31 21
32 21
33 21
33 20
33 21
33 20
34 20
35 20
35 21
35 22
36 22
36 21
37 21
38 21
38 22
37 22
38 22
38 21
39 21
38 21
39 21
40 21
39 21
40 21
40 20
40 19
39 19
38 19
37 19
38 19
38 18
38 19
38 20
39 20
40 20
41 20
41 19
42 19
43 19
43 20
43 19
44 19
43 19
43 18
43 19
44 19
45 19
45 18
45 17
44 17
43 17
43 18
43 17
43 18
44 18
43 18
43 19
44 19
44 20
45 20
45 21
45 22
45 23
45 24
45 23
44 23
45 23
46 23
47 23
46 23
47 23
47 22
48 22
47 22
47 23
46 23
46 24
45 24
45 23
45 22
46 22
46 23
46 22
46 23
46 22
46 23
46 24
46 25
47 25
47 24
46 24
46 23
46 22
45 22
45 23
46 23
45 23
46 23
46 24
46 23
46 24
46 23
46 22
47 22
47 23
47 22
48 22
49 22
48 22
48 23
49 23
50 23
49 23
49 22
50 22
51 22
51 23
51 22
51 21
52 21
52 20
52 19
51 19
51 18
51 17
52 17
51 17
50 17
51 17
50 17
50 18
50 17
50 16
49 16
49 17
49 16
49 17
50 17
49 17
48 17
48 18
47 18
46 18
47 18
47 17
47 16
46 16
46 17
47 17
46 17
46 16
47 16
47 17
47 16
47 15
47 14
47 15
46 15
45 15
46 15
46 14
46 13
45 13
45 12
45 13
45 14
45 13
46 13
45 13
45 14
44 14
44 15
44 14
45 14
45 15
44 15
44 14
44 13
43 13
43 14
43 15
43 14
43 13
44 13
45 13
44 13
45 13
46 13
47 13
47 14
47 15
47 16
47 17
47 18
47 17
47 18
47 17
47 18
48 18
48 19
48 18
48 19
48 18
48 19
49 19
49 18
49 17
49 16
49 15
49 16
49 17
49 18
50 18
49 18
50 18
51 18
50 18
49 18
49 19
50 19
49 19
49 18
50 18
50 19
50 20
50 21
50 22
50 23
49 23
48 23
48 22
47 22
46 22
46 21
46 22
45 22
44 22
45 22
46 22
45 22
45 21
44 21
44 20
44 19
44 20
44 19
44 18
43 18
42 18
43 18
44 18
44 19
44 20
44 21
43 21
43 22
42 22
42 21
42 20
41 20
42 20
42 19
42 18
41 18
41 19
42 19
42 20
41 20
40 20
41 20
41 21
42 21
42 20
41 20
42 20
42 21
42 20
42 19
41 19
40 19
39 19
38 19
39 19
39 18
40 18
40 19
39 19
39 18
40 18
39 18
39 19
40 19
40 18
40 19
41 19
41 20
40 20
39 20
39 19
38 19
39 19
38 19
38 18
38 17
39 17
39 18
39 19
39 20
38 20
39 20
40 20
41 20
42 20
42 21
43 21
43 22
44 22
44 23
44 24
44 25
45 25
45 24
44 24
44 23
45 23
44 23
44 22
44 21
43 21
44 21
44 22
44 23
45 23
45 24
45 23
45 24
45 25
45 26
44 26
43 26
42 26
43 26
43 27
44 27
44 26
45 26
45 25
46 25
46 26
47 26
47 27
46 27
