0 0
1 0
0 0
1 0
2 0
2 1
1 1
0 1
0 2
1 2
0 2
1 2
1 1
2 1
3 1
3 2
3 3
3 2
4 2
4 3
3 3
2 3
1 3
0 3
0 4
0 5
1 5
1 4
0 4
0 3
1 3
1 2
0 2
0 3
0 2
0 3
0 4
1 4
1 5
1 6
0 6
0 5
0 6
0 7
0 6
0 5
1 5
1 4
2 4
1 4
0 4
0 3
0 2
1 2
1 3
2 3
2 4
2 3
1 3
2 3
1 3
1 4
0 4
0 3
0 4
0 5
1 5
2 5
2 6
2 7
3 7
3 8
3 7
3 6
2 6
3 6
2 6
1 6
1 7
0 7
1 7
2 7
2 8
2 7
1 7
1 8
2 8
3 8
4 8
4 9
3 9
3 8
3 9
4 9
5 9
5 8
6 8
7 8
7 7
7 6
7 5
7 6
8 6
8 5
9 5
8 5
8 4
7 4
8 4
9 4
9 3
9 2
10 2
10 3
11 3
10 3
10 2
11 2
12 2
11 2
10 2
9 2
8 2
7 2
7 3
8 3
8 4
8 5
9 5
9 6
9 7
9 6
9 7
9 8
10 8
11 8
11 7
12 7
13 7
14 7
15 7
15 8
15 7
15 6
15 7
15 8
15 7
16 7
17 7
18 7
18 8
17 8
16 8
16 9
17 9
17 8
18 8
18 9
18 8
18 7
18 8
18 7
17 7
17 6
18 6
18 5
18 6
18 5
18 4
19 4
20 4
20 3
21 3
21 4
20 4
20 3
20 4
20 3
21 3
22 3
23 3
22 3
22 4
23 4
23 3
22 3
22 4
22 5
22 6
22 7
23 7
23 8
22 8
22 7
22 8
22 9
21 9
21 10
21 11
21 12
20 12
21 12
22 12
23 12
24 12
24 11
23 11
24 11
23 11
23 12
22 12
23 12
24 12
24 13
24 12
24 11
25 11
26 11
27 11
27 10
26 10
26 11
25 11
26 11
26 12
26 13
27 13
28 13
28 14
29 14
30 14
30 13
31 13
31 12
31 11
31 12
31 11
31 10
31 9
31 8
31 7
31 6
31 5
32 5
32 4
33 4
33 5
34 5
33 5
32 5
33 5
33 4
33 3
32 3
33 3
33 2
32 2
32 3
33 3
33 4
32 4
33 4
33 3
34 3
34 4
34 3
33 3
33 4
33 5
34 5
34 4
34 5
33 5
32 5
32 6
32 7
32 8
32 9
32 8
31 8
31 9
31 8
31 9
31 8
32 8
32 9
33 9
33 8
33 9
33 10
34 10
33 10
33 11
34 11
33 11
34 11
34 10
34 11
34 10
35 10
36 10
35 10
35 9
34 9
34 10
34 9
35 9
36 9
36 8
36 7
37 7
37 6
37 5
37 4
37 3
38 3
37 3
37 4
36 4
36 5
36 6
36 5
36 6
36 7
37 7
36 7
36 6
36 5
35 5
36 5
37 5
38 5
37 5
36 5
37 5
38 5
39 5
39 4
38 4
38 5
38 4
38 3
37 3
36 3
36 2
36 3
37 3
37 4
37 3
37 4
37 5
37 6
37 7
37 6
37 7
37 6
37 5
37 6
36 6
35 6
36 6
36 7
36 8
36 7
37 7
38 7
38 8
38 7
39 7
39 8
39 7
40 7
40 8
40 9
40 8
41 8
41 9
42 9
42 8
41 8
41 7
41 8
40 8
39 8
40 8
40 9
40 8
41 8
41 7
40 7
40 6
41 6
40 6
39 6
39 5
38 5
37 5
37 4
36 4
37 4
37 3
38 3
38 2
37 2
37 3
37 2
37 1
38 1
37 1
37 0
37 1
37 2
36 2
37 2
37 3
37 2
36 2
37 2
37 1
38 1
37 1
36 1
36 2
37 2
37 1
37 2
36 2
37 2
36 2
37 2
36 2
37 2
37 1
36 1
36 0
35 0
35 1
35 2
34 2
34 3
34 4
34 3
33 3
32 3
32 4
31 4
31 3
31 2
32 2
31 2
30 2
29 2
28 2
27 2
27 3
27 2
26 2
25 2
24 2
25 2
25 3
25 2
25 3
25 4
25 3
26 3
26 2
25 2
25 1
25 2
26 2
27 2
26 2
26 3
27 3
28 3
28 4
28 5
29 5
29 6
29 7
29 6
29 5
29 6
29 7
29 6
28 6
28 5
28 4
28 5
27 5
26 5
25 5
25 6
25 7
26 7
26 8
27 8
27 9
27 10
27 11
27 10
26 10
26 11
26 10
26 9
27 9
28 9
28 8
28 9
29 9
29 8
30 8
31 8
30 8
30 7
30 6
31 6
31 7
32 7
31 7
30 7
30 8
29 8
29 7
28 7
29 7
30 7
30 6
29 6
29 7
29 6
29 7
28 7
29 7
28 7
28 8
28 7
27 7
26 7
27 7
26 7
26 8
25 8
26 8
26 7
25 7
24 7
24 8
24 9
24 8
24 9
24 8
24 7
25 7
25 6
25 7
25 8
24 8
23 8
23 7
24 7
24 6
23 6
22 6
21 6
21 5
21 4
22 4
22 5
21 5
20 5
20 6
20 7
20 8
19 8
19 9
19 10
19 9
18 9
18 10
18 11
18 12
18 13
18 12
18 11
17 11
17 12
17 13
17 14
17 15
18 15
19 15
19 14
19 15
18 15
18 14
18 15
19 15
19 16
20 16
20 15
20 16
21 16
21 15
21 14
22 14
23 14
24 14
25 14
25 15
25 14
24 14
25 14
25 15
24 15
24 16
24 17
23 17
22 17
23 17
22 17
22 18
22 19
21 19
21 20
20 20
20 21
20 20
21 20
21 19
20 19
20 20
19 20
19 21
18 21
18 20
19 20
20 20
20 21
21 21
21 20
20 20
20 21
21 21
20 21
21 21
21 20
21 19
20 19
20 18
20 17
20 18
20 19
20 18
20 19
21 19
21 20
20 20
20 19
20 20
21 20
21 21
22 21
22 22
22 21
22 20
22 19
22 20
22 21
21 21
22 21
22 20
22 19
22 18
23 18
24 18
24 17
23 17
22 17
22 18
23 18
22 18
22 19
23 19
23 18
23 19
22 19
22 20
23 20
22 20
22 21
21 21
20 21
20 22
20 23
21 23
21 24
20 24
19 24
19 25
19 24
19 23
18 23
19 23
19 22
19 23
18 23
17 23
17 22
18 22
18 21
18 20
18 19
17 19
17 18
17 17
17 18
17 17
18 17
19 17
19 18
19 19
18 19
18 20
17 20
17 19
18 19
19 19
20 19
19 19
18 19
19 19
19 20
19 19
19 18
18 18
18 19
18 20
17 20
18 20
18 19
19 19
19 18
19 19
19 20
19 21
18 21
18 22
17 22
18 22
18 23
17 23
17 22
17 21
16 21
15 21
15 20
15 19
16 19
16 18
17 18
17 17
16 17
16 18
16 19
16 20
15 20
15 21
14 21
14 22
13 22
13 23
13 22
13 23
13 24
12 24
11 24
11 23
10 23
10 22
11 22
12 22
13 22
13 23
14 23
13 23
13 24
12 24
12 23
11 23
11 24
12 24
11 24
11 25
11 26
12 26
12 25
12 24
12 23
11 23
11 22
10 22
10 23
11 23
10 23
10 22
10 21
10 20
11 20
11 19
10 19
10 18
10 17
11 17
11 18
10 18
10 17
10 18
11 18
12 18
11 18
10 18
10 17
10 18
10 17
11 17
12 17
12 16
13 16
13 17
13 18
13 17
13 18
13 17
13 18
13 17
12 17
11 17
10 17
11 17
10 17
9 17
9 16
8 16
7 16
6 16
7 16
6 16
5 16
6 16
6 17
5 17
5 16
6 16
6 15
7 15
7 14
6 14
7 14
6 14
7 14
6 14
7 14
6 14
7 14
6 14
6 13
7 13
8 13
7 13
6 13
7 13
7 14
7 15
8 15
9 15
8 15
7 15
8 15
9 15
10 15
11 15
10 15
11 15
12 15
12 14
12 15
11 15
11 14
11 15
12 15
12 14
12 15
13 15
13 16
13 17
13 18
12 18
13 18
12 18
13 18
12 18
11 18
12 18
12 17
12 16
12 15
11 15
11 16
11 15
11 14
11 15
11 14
11 15
11 16
10 16
11 16
10 16
11 16
10 16
10 15
10 16
11 16
11 15
11 14
11 15
11 14
11 13
10 13
10 12
10 13
9 13
9 14
10 14
10 13
10 12
11 12
10 12
10 13
10 14
9 14
8 14
8 15
8 16
8 17
8 16
9 16
9 15
10 15
9 15
9 14
8 14
7 14
7 15
7 14
7 15
8 15
8 14
9 14
9 15
9 14
10 14
10 15
10 16
9 16
8 16
7 16
7 15
7 14
6 14
6 15
5 15
4 15
4 14
4 13
5 13
4 13
4 12
5 12
6 12
6 13
5 13
5 12
5 13
6 13
6 14
7 14
6 14
6 13
5 13
5 12
5 11
5 10
4 10
4 11
4 10
5 10
5 9
4 9
