0 0
1 0
2 0
3 0
3 1
3 0
3 1
3 2
2 2
2 3
2 4
2 3
2 2
2 3
2 4
3 4
3 5
4 5
3 5
2 5
2 4
1 4
1 5
2 5
2 4
1 4
1 3
2 3
3 3
3 2
2 2
2 3
2 2
2 3
2 2
1 2
0 2
1 2
1 1
2 1
2 2
3 2
2 2
2 3
2 2
1 2
1 3
1 2
1 1
1 2
2 2
2 3
1 3
1 2
2 2
2 3
3 3
3 4
3 5
3 6
4 6
3 6
2 6
1 6
1 7
0 7
1 7
2 7
1 7
0 7
0 8
0 7
0 8
1 8
0 8
1 8
0 8
1 8
1 9
2 9
3 9
2 9
3 9
2 9
3 9
3 10
3 9
4 9
4 10
3 10
3 11
3 12
3 11
3 10
4 10
5 10
4 10
5 10
5 9
5 8
4 8
3 8
3 7
4 7
5 7
6 7
6 6
7 6
8 6
8 5
8 4
8 5
8 4
8 3
8 4
8 5
7 5
7 6
8 6
8 5
7 5
6 5
5 5
5 4
4 4
4 5
3 5
2 5
2 6
1 6
1 7
2 7
3 7
3 8
3 9
3 8
3 7
3 8
3 7
2 7
2 8
3 8
3 7
3 6
3 7
4 7
4 6
5 6
6 6
6 7
6 6
7 6
7 5
8 5
9 5
9 4
9 3
10 3
11 3
11 2
10 2
10 3
10 4
10 3
9 3
10 3
9 3
10 3
11 3
12 3
12 4
12 5
13 5
12 5
12 4
12 5
11 5
12 5
12 4
12 3
13 3
12 3
12 4
12 5
11 5
11 4
11 5
11 6
12 6
11 6
11 5
12 5
13 5
12 5
13 5
12 5
13 5
12 5
13 5
14 5
15 5
14 5
14 4
14 5
14 6
15 6
15 7
14 7
13 7
13 6
13 7
14 7
14 8
14 7
14 8
14 9
14 8
13 8
14 8
14 7
13 7
12 7
12 8
11 8
10 8
11 8
10 8
9 8
8 8
9 8
8 8
7 8
7 9
7 8
7 7
7 6
7 7
7 8
6 8
6 7
5 7
5 6
5 5
5 4
6 4
5 4
6 4
6 3
7 3
8 3
9 3
9 4
9 3
9 2
9 1
9 0
10 0
10 1
10 2
10 3
9 3
9 4
9 5
9 6
8 6
8 7
7 7
8 7
7 7
7 8
6 8
7 8
6 8
6 9
5 9
4 9
4 10
4 9
4 8
4 9
4 8
5 8
5 9
4 9
4 8
5 8
5 7
6 7
6 8
5 8
5 9
4 9
3 9
3 8
3 9
2 9
3 9
4 9
4 10
4 11
4 10
3 10
3 9
4 9
3 9
3 10
3 9
3 8
2 8
2 9
3 9
3 10
4 10
4 9
3 9
4 9
4 8
4 9
4 10
4 11
3 11
3 12
4 12
5 12
6 12
5 12
6 12
6 11
6 10
6 9
6 8
7 8
6 8
6 7
6 8
6 9
6 8
7 8
6 8
5 8
5 9
4 9
5 9
5 10
4 10
5 10
4 10
3 10
2 10
1 10
0 10
1 10
1 11
2 11
2 12
2 11
3 11
3 10
3 9
4 9
4 10
4 11
4 10
4 9
3 9
3 8
4 8
3 8
2 8
2 9
2 10
2 11
2 10
1 10
0 10
0 9
1 9
0 9
0 10
1 10
0 10
1 10
1 11
1 10
2 10
3 10
2 10
1 10
2 10
2 11
3 11
4 11
4 10
4 9
3 9
4 9
3 9
2 9
2 10
1 10
1 9
0 9
1 9
2 9
3 9
3 10
3 11
3 10
4 10
5 10
4 10
5 10
5 11
4 11
5 11
5 12
5 11
5 12
5 13
6 13
5 13
5 14
6 14
5 14
5 13
5 14
6 14
7 14
7 15
8 15
9 15
9 16
9 15
9 14
9 15
10 15
10 16
9 16
8 16
9 16
9 15
8 15
9 15
10 15
10 14
11 14
11 13
12 13
12 14
11 14
11 15
11 16
10 16
11 16
10 16
9 16
10 16
10 17
11 17
12 17
12 18
13 18
13 17
12 17
12 16
12 17
12 16
12 17
13 17
13 18
13 19
12 19
12 20
12 19
12 18
12 17
12 18
12 19
12 20
11 20
11 21
12 21
12 22
12 23
11 23
11 22
11 23
11 24
11 23
11 24
11 25
11 24
10 24
10 25
10 26
9 26
8 26
7 26
7 25
8 25
9 25
10 25
10 24
10 25
9 25
8 25
9 25
9 24
9 25
10 25
10 26
10 27
9 27
9 28
9 27
8 27
8 26
9 26
8 26
8 25
9 25
9 24
8 24
8 25
7 25
8 25
9 25
10 25
9 25
10 25
9 25
9 24
10 24
10 23
9 23
10 23
9 23
9 24
10 24
11 24
12 24
12 25
12 24
12 25
13 25
13 26
13 27
12 27
12 28
12 29
13 29
12 29
12 28
11 28
11 27
11 26
12 26
12 27
11 27
11 26
11 27
11 28
11 29
11 28
11 27
12 27
13 27
13 26
13 27
14 27
14 28
14 29
13 29
13 28
12 28
11 28
10 28
10 29
11 29
12 29
12 28
12 27
12 28
13 28
12 28
12 27
11 27
11 26
10 26
9 26
9 27
8 27
8 26
8 27
7 27
7 26
7 25
7 24
7 23
7 22
8 22
7 22
8 22
9 22
8 22
8 23
8 22
8 21
8 20
8 21
9 21
9 20
10 20
10 21
11 21
11 22
10 22
10 23
9 23
10 23
10 22
10 21
11 21
10 21
10 22
10 21
11 21
12 21
11 21
11 22
12 22
13 22
13 21
13 22
14 22
14 23
14 24
14 25
15 25
16 25
16 24
17 24
17 23
18 23
18 22
17 22
16 22
16 23
15 23
14 23
14 22
13 22
12 22
12 23
11 23
11 24
11 23
11 22
12 22
13 22
13 23
13 24
13 23
14 23
15 23
15 22
15 23
15 22
15 23
15 24
15 23
14 23
14 22
14 23
14 24
14 25
13 25
13 26
14 26
14 27
14 26
15 26
14 26
15 26
14 26
14 25
14 26
14 27
13 27
12 27
11 27
12 27
11 27
10 27
10 26
11 26
10 26
10 27
10 28
10 29
10 30
10 31
10 30
9 30
8 30
7 30
7 29
6 29
6 30
6 31
6 30
6 31
6 30
7 30
8 30
7 30
8 30
8 31
7 31
8 31
9 31
9 32
8 32
8 31
9 31
8 31
9 31
10 31
10 30
11 30
11 31
11 30
11 31
11 30
11 31
11 32
12 32
12 31
12 32
13 32
13 31
13 30
13 31
12 31
12 32
12 31
12 30
12 29
12 30
13 30
12 30
12 31
12 30
11 30
12 30
13 30
13 31
14 31
14 32
14 31
15 31
14 31
13 31
12 31
11 31
10 31
10 30
9 30
8 30
8 31
9 31
9 32
9 31
9 32
10 32
9 32
9 31
10 31
9 31
9 32
9 33
9 32
9 31
9 32
9 33
8 33
8 32
9 32
8 32
7 32
6 32
5 32
5 31
5 30
4 30
4 31
3 31
3 32
3 33
3 32
2 32
2 33
3 33
2 33
3 33
2 33
1 33
0 33
0 34
0 33
0 32
1 32
1 33
1 34
1 35
2 35
2 36
2 35
2 36
1 36
1 37
1 38
2 38
3 38
3 37
2 37
1 37
1 36
1 35
1 34
1 33
0 33
1 33
0 33
0 34
0 35
1 35
0 35
1 35
1 36
0 36
1 36
1 37
1 38
0 38
1 38
1 39
1 38
0 38
0 39
1 39
2 39
3 39
3 38
3 39
4 39
3 39
3 38
3 37
3 38
4 38
4 39
4 38
4 39
4 40
3 40
2 40
3 40
3 39
3 40
2 40
1 40
2 40
2 41
3 41
3 40
3 39
4 39
5 39
6 39
6 38
6 37
7 37
6 37
6 38
6 37
6 36
7 36
7 35
8 35
7 35
6 35
5 35
5 34
5 33
5 32
4 32
4 31
4 30
4 31
5 31
4 31
4 30
4 29
4 30
3 30
3 31
3 32
3 31
3 30
2 30
2 29
3 29
3 28
3 27
3 26
2 26
2 25
2 24
2 25
3 25
3 26
2 26
1 26
0 26
1 26
0 26
1 26
0 26
0 25
0 26
0 27
0 26
0 27
1 27
1 26
1 25
1 26
1 27
2 27
3 27
3 26
2 26
2 27
2 26
2 25
1 25
1 26
1 27
2 27
2 26
2 27
2 28
2 29
1 29
2 29
2 28
1 28
1 27
1 28
1 29
2 29
2 30
2 29
3 29
2 29
3 29
3 28
3 27
3 26
4 26
4 25
5 25
5 26
5 25
5 26
6 26
7 26
6 26
5 26
6 26
7 26
7 25
6 25
7 25
6 25
6 26
5 26
5 27
5 28
4 28
4 29
4 30
4 31
3 31
3 30
4 30
3 30
2 30
2 29
