0 0
1 0
0 0
0 1
0 2
1 2
0 2
0 3
1 3
0 3
1 3
1 4
0 4
1 4
1 3
2 3
3 3
4 3
3 3
3 4
3 5
3 6
3 7
3 6
2 6
1 6
0 6
1 6
1 7
1 8
1 7
0 7
1 7
1 6
1 5
0 5
0 6
1 6
0 6
0 5
1 5
2 5
2 4
1 4
1 5
1 6
0 6
0 7
0 8
1 8
2 8
3 8
3 9
4 9
5 9
6 9
6 8
6 9
6 8
5 8
5 7
4 7
3 7
3 8
3 7
3 8
3 9
3 8
4 8
5 8
6 8
5 8
5 7
5 6
4 6
3 6
3 5
2 5
2 4
2 5
2 4
1 4
2 4
2 5
2 6
3 6
4 6
4 7
4 6
5 6
5 5
5 4
5 5
6 5
7 5
7 6
7 7
7 6
8 6
9 6
9 7
8 7
8 8
8 7
8 6
8 7
7 7
7 8
8 8
8 7
7 7
8 7
9 7
10 7
10 6
9 6
9 7
8 7
8 8
8 9
8 10
8 9
9 9
8 9
9 9
9 10
9 11
9 10
9 11
8 11
8 10
9 10
9 9
9 8
9 7
10 7
11 7
11 6
10 6
10 7
10 8
10 7
9 7
8 7
8 8
9 8
10 8
10 9
10 10
9 10
9 9
8 9
7 9
6 9
7 9
6 9
6 10
6 9
7 9
6 9
5 9
4 9
3 9
4 9
5 9
5 10
4 10
3 10
3 11
2 11
3 11
4 11
4 10
3 10
4 10
4 11
4 12
4 13
4 12
3 12
3 13
3 12
4 12
5 12
4 12
5 12
5 13
4 13
4 12
5 12
6 12
6 13
6 14
7 14
7 15
7 16
7 17
6 17
6 18
6 17
5 17
6 17
6 16
5 16
5 15
5 16
6 16
6 15
7 15
8 15
8 16
8 15
8 16
8 15
7 15
7 14
7 15
8 15
8 14
8 15
8 14
9 14
10 14
11 14
12 14
13 14
12 14
12 15
12 14
12 13
12 12
12 11
12 10
12 11
13 11
13 12
13 11
13 10
12 10
12 11
13 11
14 11
15 11
15 12
14 12
13 12
14 12
13 12
13 13
14 13
13 13
13 14
12 14
13 14
14 14
15 14
15 15
16 15
17 15
17 16
16 16
16 17
17 17
17 16
17 17
17 18
17 19
18 19
19 19
19 20
19 19
19 20
19 21
20 21
20 22
20 21
21 21
20 21
19 21
20 21
19 21
20 21
19 21
19 22
19 23
19 24
20 24
20 25
21 25
21 24
20 24
20 25
20 24
21 24
21 25
21 24
20 24
20 25
19 25
19 24
18 24
18 25
18 24
18 23
19 23
18 23
19 23
20 23
19 23
18 23
18 24
19 24
19 23
19 24
19 23
18 23
17 23
18 23
18 24
19 24
18 24
19 24
20 24
20 23
19 23
19 24
19 25
19 24
18 24
18 23
17 23
17 22
17 23
17 24
17 23
17 22
18 22
18 21
18 22
17 22
18 22
18 21
18 22
18 23
18 22
19 22
18 22
17 22
18 22
19 22
20 22
19 22
20 22
19 22
19 23
20 23
21 23
22 23
22 22
23 22
24 22
24 23
25 23
24 23
25 23
26 23
26 24
27 24
27 23
27 24
26 24
27 24
27 25
27 26
26 26
26 27
26 26
27 26
27 25
26 25
25 25
26 25
26 24
25 24
25 23
24 23
25 23
25 24
24 24
23 24
24 24
25 24
24 24
23 24
22 24
22 25
22 24
22 25
23 25
23 24
24 24
24 23
25 23
24 23
24 24
23 24
23 25
23 26
24 26
25 26
24 26
24 25
25 25
25 26
24 26
25 26
24 26
24 25
24 26
24 27
24 28
24 29
24 30
23 30
22 30
22 31
21 31
21 30
21 31
22 31
23 31
24 31
24 30
24 31
24 30
25 30
26 30
25 30
26 30
26 31
27 31
26 31
25 31
25 32
25 33
25 32
25 31
25 32
25 33
24 33
24 32
24 31
23 31
23 30
22 30
23 30
22 30
23 30
23 31
24 31
23 31
23 30
24 30
24 31
23 31
23 32
22 32
22 33
22 34
22 35
21 35
21 34
20 34
19 34
20 34
21 34
21 35
22 35
22 36
22 35
22 36
21 36
21 37
21 38
21 37
22 37
21 37
20 37
19 37
19 36
18 36
19 36
19 37
20 37
20 38
21 38
20 38
20 39
21 39
21 40
20 40
20 41
19 41
20 41
21 41
21 42
21 43
20 43
19 43
19 42
20 42
20 43
19 43
18 43
19 43
18 43
18 44
19 44
19 45
18 45
18 46
18 47
18 48
17 48
17 47
18 47
18 46
17 46
17 45
16 45
15 45
15 44
16 44
16 43
16 44
15 44
16 44
15 44
14 44
14 43
14 42
13 42
14 42
15 42
16 42
16 43
15 43
16 43
16 44
16 45
17 45
17 46
16 46
16 47
15 47
15 46
15 45
15 46
16 46
17 46
18 46
18 45
18 46
18 47
18 46
19 46
20 46
19 46
18 46
18 45
19 45
19 44
19 45
19 46
19 45
19 44
18 44
18 45
19 45
18 45
18 44
18 45
19 45
20 45
21 45
22 45
21 45
21 46
21 47
20 47
19 47
19 48
18 48
18 47
17 47
17 46
18 46
18 45
18 46
17 46
16 46
15 46
15 45
15 44
15 43
15 42
14 42
14 41
13 41
13 42
13 43
13 42
14 42
15 42
16 42
16 41
16 40
15 40
14 40
14 39
13 39
12 39
12 40
12 41
11 41
12 41
12 42
12 41
12 42
11 42
10 42
11 42
11 41
11 42
11 43
11 44
11 43
11 42
12 42
12 43
13 43
14 43
13 43
13 44
12 44
13 44
14 44
15 44
15 43
16 43
16 44
15 44
14 44
15 44
14 44
14 45
14 46
15 46
16 46
15 46
15 45
15 46
14 46
15 46
15 45
16 45
16 44
15 44
15 45
16 45
16 44
15 44
16 44
16 45
16 46
15 46
15 45
15 46
14 46
13 46
12 46
11 46
10 46
11 46
12 46
12 47
12 46
12 47
11 47
11 48
10 48
10 47
11 47
11 46
11 47
11 46
12 46
11 46
11 47
10 47
9 47
8 47
8 46
7 46
7 45
8 45
8 44
7 44
6 44
7 44
7 45
8 45
8 46
8 47
9 47
10 47
11 47
12 47
12 48
11 48
10 48
10 47
10 46
10 45
10 46
9 46
9 45
8 45
8 46
8 45
9 45
9 46
10 46
10 45
10 44
10 45
9 45
9 46
9 47
9 48
10 48
11 48
11 47
10 47
10 48
10 49
10 50
9 50
10 50
9 50
8 50
8 51
8 52
9 52
8 52
9 52
10 52
9 52
10 52
11 52
11 51
11 52
10 52
10 51
9 51
9 50
8 50
8 51
9 51
9 52
9 53
9 54
9 53
10 53
11 53
10 53
10 54
9 54
9 53
9 52
10 52
11 52
11 53
12 53
11 53
11 52
10 52
9 52
9 51
10 51
9 51
8 51
8 52
7 52
8 52
8 53
8 52
7 52
7 53
7 52
6 52
6 53
5 53
4 53
3 53
2 53
2 52
2 53
1 53
1 52
0 52
1 52
1 53
2 53
1 53
0 53
0 54
1 54
1 55
0 55
1 55
1 54
1 55
0 55
1 55
2 55
3 55
4 55
3 55
4 55
4 54
3 54
2 54
2 55
3 55
2 55
2 56
2 57
1 57
0 57
1 57
2 57
1 57
1 58
1 57
2 57
2 56
3 56
2 56
2 57
2 56
3 56
4 56
5 56
6 56
7 56
7 57
8 57
7 57
6 57
6 58
5 58
5 59
6 59
6 58
7 58
7 57
7 56
7 57
7 56
7 57
7 56
7 57
7 56
7 55
7 56
7 57
6 57
6 58
6 59
7 59
7 60
6 60
6 61
5 61
5 62
4 62
5 62
4 62
3 62
3 63
2 63
1 63
1 62
1 61
2 61
2 62
2 63
1 63
1 64
1 63
2 63
2 64
2 63
1 63
0 63
1 63
0 63
0 62
1 62
1 63
0 63
1 63
1 64
0 64
0 65
1 65
1 66
0 66
0 67
1 67
0 67
0 68
0 67
1 67
1 68
1 69
0 69
1 69
1 70
0 70
1 70
1 71
2 71
2 72
3 72
2 72
2 73
2 74
1 74
2 74
2 75
3 75
4 75
3 75
3 76
3 75
3 74
4 74
4 73
5 73
5 74
5 73
5 72
5 71
5 72
4 72
4 73
4 74
5 74
5 73
6 73
6 74
6 73
6 74
6 73
6 74
6 73
6 72
6 73
7 73
8 73
8 72
9 72
10 72
10 73
9 73
8 73
7 73
6 73
6 72
6 73
5 73
6 73
6 74
6 73
6 74
7 74
7 73
7 72
8 72
8 71
7 71
6 71
7 71
7 70
8 70
8 69
7 69
7 68
