0 0
0 1
1 1
0 1
0 0
0 1
1 1
2 1
3 1
3 0
4 0
5 0
5 1
5 2
4 2
5 2
4 2
4 3
5 3
5 2
5 3
6 3
6 2
5 2
6 2
7 2
8 2
8 1
8 0
7 0
6 0
6 1
6 2
7 2
8 2
8 1
8 0
8 1
7 1
6 1
6 2
5 2
6 2
5 2
6 2
6 1
6 0
6 1
7 1
7 2
6 2
6 1
6 2
5 2
5 3
4 3
4 2
4 3
5 3
6 3
6 4
6 3
6 4
6 5
5 5
5 6
6 6
5 6
6 6
5 6
5 5
5 6
5 5
5 6
4 6
4 5
4 4
4 5
3 5
2 5
2 4
1 4
2 4
1 4
0 4
0 5
0 4
0 5
0 6
0 5
1 5
1 4
1 5
1 4
2 4
3 4
4 4
4 5
4 4
3 4
3 5
3 6
3 5
3 6
2 6
2 5
2 6
1 6
1 7
2 7
2 6
1 6
2 6
2 7
2 8
3 8
3 7
4 7
4 8
4 9
3 9
2 9
2 10
1 10
1 9
1 8
2 8
3 8
3 9
2 9
3 9
3 10
2 10
3 10
4 10
3 10
3 9
3 10
3 9
3 8
4 8
3 8
4 8
4 7
4 6
4 7
4 8
4 9
4 8
3 8
3 7
3 6
4 6
4 7
4 6
3 6
4 6
5 6
6 6
6 5
5 5
4 5
4 4
4 5
5 5
5 6
6 6
7 6
6 6
5 6
6 6
5 6
5 5
4 5
4 6
5 6
5 7
5 8
4 8
4 7
3 7
2 7
3 7
2 7
1 7
0 7
0 8
0 7
1 7
0 7
1 7
0 7
0 8
0 9
1 9
2 9
3 9
3 8
3 7
2 7
1 7
0 7
0 8
0 7
0 8
0 7
1 7
1 8
2 8
2 7
2 6
1 6
1 7
0 7
1 7
0 7
0 6
1 6
2 6
2 7
2 6
2 5
3 5
4 5
3 5
3 4
3 3
2 3
3 3
3 2
3 1
3 0
2 0
2 1
2 2
3 2
2 2
1 2
1 3
2 3
1 3
0 3
1 3
2 3
2 2
3 2
2 2
3 2
3 1
4 1
4 0
3 0
2 0
1 0
0 0
0 1
1 1
0 1
0 2
1 2
2 2
1 2
0 2
1 2
2 2
2 3
3 3
3 4
2 4
1 4
1 5
1 6
2 6
2 5
1 5
0 5
1 5
0 5
1 5
2 5
1 5
1 6
0 6
1 6
1 7
2 7
2 6
1 6
2 6
1 6
0 6
1 6
0 6
1 6
0 6
1 6
0 6
1 6
1 5
0 5
1 5
1 6
1 7
0 7
0 8
1 8
2 8
1 8
1 7
0 7
0 6
0 7
1 7
1 8
2 8
2 7
1 7
1 6
0 6
1 6
1 5
2 5
2 6
2 5
2 4
3 4
3 5
3 6
4 6
4 5
4 4
4 3
5 3
5 2
5 1
5 0
5 1
6 1
6 2
5 2
5 3
6 3
6 2
6 3
7 3
7 2
8 2
9 2
8 2
8 1
8 2
8 3
8 2
9 2
9 3
10 3
10 4
10 5
9 5
9 4
9 3
9 2
9 3
9 4
10 4
11 4
11 3
11 4
10 4
9 4
9 3
9 2
8 2
8 1
9 1
8 1
9 1
10 1
10 0
11 0
12 0
12 1
12 2
11 2
11 1
11 2
11 1
10 1
10 2
11 2
11 3
11 2
12 2
13 2
12 2
12 3
11 3
11 2
11 1
10 1
10 2
10 3
10 2
10 3
11 3
10 3
11 3
11 2
11 3
10 3
9 3
9 4
8 4
8 3
8 4
8 5
9 5
9 6
10 6
10 5
11 5
11 4
11 5
12 5
13 5
14 5
15 5
14 5
14 4
14 3
15 3
14 3
14 2
14 1
14 0
15 0
15 1
15 0
14 0
14 1
14 0
14 1
14 2
14 1
15 1
16 1
17 1
18 1
17 1
17 0
18 0
19 0
19 1
19 2
19 1
20 1
19 1
19 2
20 2
20 1
20 0
20 1
20 2
20 3
20 4
20 3
21 3
22 3
23 3
24 3
24 4
24 3
24 4
24 5
24 4
25 4
24 4
24 3
24 4
25 4
24 4
23 4
24 4
24 3
24 2
24 1
23 1
23 2
22 2
22 3
23 3
23 4
24 4
25 4
25 3
25 2
24 2
25 2
25 3
25 2
25 3
26 3
26 4
26 5
27 5
26 5
27 5
27 6
27 7
27 8
26 8
26 7
26 8
25 8
26 8
26 9
27 9
27 10
27 9
26 9
26 8
25 8
24 8
25 8
25 9
25 8
24 8
24 9
25 9
24 9
25 9
25 10
24 10
25 10
26 10
27 10
27 11
27 12
28 12
28 11
28 10
28 11
29 11
28 11
28 10
28 9
28 10
29 10
30 10
29 10
28 10
28 9
29 9
29 8
28 8
28 7
28 8
27 8
27 9
28 9
28 10
28 11
28 12
27 12
27 13
28 13
27 13
27 12
28 12
27 12
26 12
27 12
27 13
27 14
27 15
28 15
27 15
27 14
27 13
27 12
26 12
25 12
24 12
24 11
25 11
25 12
26 12
26 11
26 10
26 9
27 9
27 8
26 8
27 8
26 8
26 7
25 7
24 7
25 7
26 7
26 6
26 5
27 5
28 5
29 5
30 5
30 4
30 3
30 4
29 4
30 4
29 4
28 4
28 3
28 4
27 4
28 4
28 5
28 6
28 7
28 6
29 6
29 5
30 5
30 4
30 3
30 2
31 2
31 3
31 4
31 5
30 5
30 4
30 5
29 5
30 5
31 5
31 4
31 3
32 3
32 4
32 5
31 5
30 5
29 5
30 5
30 6
31 6
30 6
29 6
29 5
28 5
27 5
27 6
26 6
26 5
25 5
25 6
26 6
27 6
28 6
27 6
28 6
28 5
28 6
28 7
27 7
27 6
28 6
28 5
28 4
27 4
26 4
27 4
26 4
25 4
26 4
26 3
26 2
25 2
24 2
25 2
25 3
25 4
25 3
24 3
24 2
24 3
24 4
24 5
24 6
23 6
23 7
23 8
23 9
23 8
24 8
25 8
25 9
25 8
24 8
24 9
23 9
24 9
25 9
25 10
24 10
25 10
25 11
24 11
23 11
23 10
22 10
22 9
22 8
23 8
22 8
22 7
22 6
23 6
22 6
23 6
22 6
23 6
24 6
24 5
24 4
24 3
24 2
24 1
23 1
23 0
23 1
22 1
22 0
23 0
24 0
23 0
24 0
24 1
24 2
24 3
24 4
24 3
25 3
24 3
25 3
26 3
26 2
26 3
26 2
26 1
27 1
26 1
26 0
27 0
26 0
27 0
27 1
28 1
28 2
28 1
28 0
29 0
29 1
30 1
30 2
29 2
30 2
31 2
30 2
30 1
30 0
29 0
28 0
28 1
28 0
28 1
28 0
29 0
29 1
30 1
29 1
29 2
29 1
28 1
28 2
28 1
29 1
28 1
27 1
27 2
28 2
28 1
27 1
27 0
27 1
27 2
27 1
27 0
26 0
25 0
25 1
25 0
24 0
25 0
24 0
23 0
23 1
23 0
22 0
21 0
20 0
20 1
21 1
20 1
19 1
18 1
18 2
18 3
17 3
17 4
17 5
17 6
18 6
18 7
17 7
17 6
17 5
18 5
17 5
18 5
17 5
17 4
17 3
17 4
18 4
18 5
19 5
18 5
17 5
16 5
15 5
16 5
15 5
15 6
16 6
16 7
16 6
15 6
15 7
14 7
15 7
15 8
16 8
16 7
15 7
15 6
16 6
17 6
17 5
16 5
16 6
16 7
16 6
16 7
17 7
18 7
18 6
17 6
18 6
19 6
20 6
19 6
18 6
18 5
17 5
17 6
18 6
17 6
18 6
17 6
16 6
16 5
16 4
15 4
15 5
14 5
15 5
15 4
16 4
16 3
16 4
17 4
17 5
17 6
17 7
16 7
15 7
15 6
15 5
15 4
16 4
16 5
16 6
16 7
17 7
18 7
19 7
20 7
20 8
20 7
21 7
21 6
22 6
22 5
22 6
22 5
22 4
21 4
22 4
23 4
22 4
22 5
22 6
22 7
21 7
21 8
21 9
21 8
21 9
22 9
22 8
23 8
22 8
23 8
24 8
25 8
26 8
25 8
25 9
26 9
26 10
26 11
25 11
25 10
26 10
27 10
28 10
28 9
28 10
27 10
27 11
28 11
28 10
28 9
27 9
26 9
27 9
27 10
27 9
27 10
26 10
26 11
26 10
26 11
26 12
26 13
27 13
27 12
26 12
26 13
26 14
26 15
27 15
27 16
28 16
28 17
27 17
28 17
28 18
27 18
28 18
28 19
28 18
28 17
28 18
28 19
28 20
29 20
28 20
28 19
28 18
27 18
27 17
27 16
27 15
27 16
27 17
26 17
