0 0
0 1
1 1
0 1
0 2
1 2
1 1
1 0
1 1
0 1
0 2
1 2
1 3
0 3
0 4
1 4
0 4
0 3
1 3
0 3
0 4
1 4
0 4
0 3
0 4
0 3
0 2
0 1
0 2
0 1
1 1
1 2
0 2
0 1
0 2
0 1
1 1
0 1
0 0
0 1
1 1
0 1
1 1
1 0
2 0
2 1
3 1
3 0
4 0
4 1
3 1
2 1
3 1
3 0
2 0
2 1
1 1
1 2
2 2
2 1
2 2
1 2
2 2
3 2
3 3
3 2
3 3
3 4
2 4
1 4
2 4
3 4
3 3
4 3
4 4
3 4
3 5
4 5
4 6
4 5
3 5
4 5
4 4
5 4
6 4
5 4
4 4
4 5
4 4
5 4
6 4
5 4
5 3
6 3
6 4
6 3
5 3
5 2
5 1
6 1
7 1
7 2
8 2
8 3
9 3
9 4
8 4
7 4
7 5
7 6
8 6
8 7
9 7
8 7
7 7
6 7
5 7
5 8
5 9
5 8
4 8
4 9
4 8
4 7
4 8
3 8
3 9
4 9
3 9
2 9
2 8
2 9
2 10
1 10
1 9
1 10
2 10
1 10
1 9
0 9
1 9
0 9
0 8
1 8
1 9
0 9
0 8
0 9
0 10
1 10
2 10
1 10
0 10
0 11
0 12
0 13
1 13
0 13
0 12
1 12
0 12
1 12
1 13
0 13
0 12
1 12
1 13
1 12
0 12
1 12
1 11
0 11
1 11
1 12
1 11
0 11
0 12
1 12
1 13
1 12
2 12
1 12
0 12
1 12
1 11
1 10
2 10
2 11
3 11
4 11
4 12
5 12
6 12
5 12
5 11
6 11
6 12
6 13
5 13
5 12
6 12
6 11
6 12
6 13
6 12
5 12
5 11
6 11
6 10
5 10
6 10
6 11
6 12
5 12
6 12
6 11
5 11
5 10
5 9
4 9
4 10
3 10
3 11
2 11
3 11
2 11
2 10
1 10
1 9
2 9
3 9
2 9
1 9
1 8
1 9
1 8
1 9
2 9
2 10
2 11
2 12
2 13
3 13
3 14
4 14
4 15
5 15
6 15
6 14
5 14
6 14
7 14
7 13
6 13
5 13
5 12
5 13
5 12
5 13
5 12
5 11
6 11
6 10
7 10
7 9
8 9
9 9
8 9
9 9
9 8
8 8
8 9
8 10
8 11
9 11
9 12
8 12
8 13
7 13
6 13
5 13
4 13
4 14
4 15
5 15
5 14
5 15
6 15
5 15
5 16
5 15
5 16
4 16
4 17
4 18
4 17
3 17
2 17
2 18
1 18
1 17
0 17
0 18
1 18
2 18
3 18
2 18
1 18
0 18
1 18
0 18
1 18
1 19
1 18
0 18
0 17
1 17
2 17
2 16
2 15
1 15
2 15
1 15
1 14
2 14
1 14
0 14
1 14
1 15
1 16
1 15
1 14
1 15
2 15
2 16
2 17
3 17
3 18
2 18
2 17
3 17
3 18
3 17
3 16
3 17
3 16
3 15
4 15
3 15
2 15
2 14
2 13
1 13
0 13
1 13
2 13
3 13
3 12
4 12
5 12
5 13
5 12
5 11
6 11
6 12
5 12
6 12
6 11
5 11
5 10
5 11
4 11
4 10
5 10
5 11
5 10
6 10
6 9
5 9
6 9
7 9
7 10
7 11
7 10
8 10
8 11
7 11
6 11
7 11
8 11
7 11
6 11
7 11
8 11
8 12
8 11
8 10
7 10
6 10
5 10
5 11
5 12
5 11
4 11
3 11
3 12
4 12
3 12
3 11
4 11
3 11
3 12
3 11
3 12
3 13
3 14
4 14
4 15
5 15
5 14
5 15
5 14
5 15
5 14
4 14
5 14
5 15
5 14
5 15
5 16
5 15
4 15
3 15
4 15
4 16
5 16
4 16
3 16
4 16
5 16
5 17
4 17
4 18
4 19
3 19
2 19
2 20
2 19
3 19
3 20
4 20
3 20
3 21
3 22
3 21
4 21
4 22
4 21
4 20
5 20
6 20
7 20
7 21
6 21
6 20
5 20
5 21
4 21
4 20
4 21
4 20
4 21
5 21
5 20
4 20
5 20
4 20
3 20
3 21
3 22
4 22
4 23
4 24
5 24
6 24
7 24
7 23
6 23
7 23
8 23
8 24
9 24
8 24
7 24
7 23
6 23
6 22
6 21
6 22
5 22
5 23
5 22
4 22
5 22
4 22
3 22
4 22
5 22
5 23
4 23
3 23
3 24
4 24
3 24
2 24
3 24
4 24
3 24
3 25
3 26
3 27
4 27
4 28
4 29
5 29
4 29
4 30
4 29
5 29
4 29
5 29
4 29
5 29
6 29
5 29
4 29
4 30
3 30
3 31
4 31
3 31
3 32
3 33
3 34
3 33
4 33
3 33
3 32
3 33
4 33
4 34
4 33
4 34
4 35
4 36
3 36
2 36
1 36
1 35
2 35
1 35
1 36
0 36
1 36
2 36
1 36
2 36
2 37
2 36
2 37
3 37
3 36
3 35
3 34
3 35
4 35
4 36
3 36
2 36
2 37
3 37
3 38
3 39
4 39
5 39
4 39
3 39
3 38
4 38
4 39
4 40
5 40
4 40
3 40
3 39
3 40
3 39
3 38
3 39
2 39
3 39
2 39
2 40
2 41
1 41
1 42
2 42
3 42
4 42
5 42
6 42
6 43
7 43
7 42
7 43
8 43
7 43
7 42
7 41
8 41
8 40
8 39
8 40
8 39
7 39
6 39
7 39
8 39
7 39
7 38
7 37
6 37
5 37
5 38
4 38
4 37
3 37
3 38
2 38
3 38
3 37
3 38
3 37
2 37
1 37
1 38
1 39
2 39
3 39
2 39
2 38
3 38
4 38
3 38
3 37
2 37
3 37
4 37
5 37
4 37
4 38
3 38
3 37
3 36
3 37
3 36
3 37
4 37
4 38
3 38
4 38
5 38
5 37
5 38
4 38
5 38
4 38
3 38
3 39
4 39
4 38
5 38
4 38
4 37
5 37
5 36
6 36
6 35
5 35
5 34
6 34
5 34
5 35
5 36
6 36
6 35
5 35
4 35
5 35
4 35
4 36
4 37
3 37
2 37
1 37
1 36
0 36
1 36
2 36
1 36
0 36
1 36
1 35
0 35
1 35
1 36
2 36
2 37
1 37
2 37
2 36
2 37
1 37
2 37
3 37
2 37
3 37
4 37
4 38
5 38
5 39
5 40
5 39
6 39
5 39
5 38
6 38
6 37
5 37
6 37
6 38
6 39
6 40
6 39
6 40
6 41
6 40
6 41
7 41
7 40
7 41
7 40
6 40
5 40
4 40
4 39
4 40
4 41
5 41
4 41
5 41
5 42
5 43
5 44
5 45
5 44
5 45
6 45
6 46
7 46
7 45
7 44
7 45
8 45
8 46
7 46
8 46
9 46
10 46
10 45
9 45
9 44
9 45
9 44
9 45
10 45
11 45
12 45
12 46
11 46
10 46
10 45
11 45
10 45
9 45
8 45
7 45
7 46
8 46
8 45
9 45
10 45
10 46
9 46
9 45
9 44
9 45
9 46
9 47
9 48
8 48
9 48
10 48
9 48
9 47
10 47
11 47
12 47
11 47
12 47
12 46
13 46
14 46
15 46
15 45
15 44
15 45
15 46
15 45
16 45
15 45
15 44
16 44
15 44
15 45
14 45
14 44
15 44
15 43
15 42
15 41
14 41
13 41
13 42
13 41
13 40
14 40
15 40
15 39
15 40
15 39
15 38
14 38
14 39
13 39
14 39
14 40
15 40
15 39
16 39
16 38
16 37
16 38
15 38
15 39
15 40
16 40
16 41
16 40
15 40
15 39
15 40
15 41
16 41
17 41
18 41
18 42
18 43
18 42
18 41
17 41
16 41
16 40
15 40
15 41
15 40
15 41
15 42
16 42
16 41
16 40
16 41
15 41
15 42
14 42
14 41
14 40
14 41
13 41
13 42
14 42
15 42
15 41
16 41
16 42
16 43
17 43
18 43
18 44
18 45
18 46
19 46
19 45
20 45
21 45
21 46
21 45
20 45
19 45
19 46
19 45
19 46
19 47
19 48
19 47
19 48
20 48
21 48
21 49
20 49
19 49
20 49
20 50
19 50
19 51
19 50
19 51
19 50
19 49
19 50
19 49
19 50
19 51
18 51
18 50
18 49
17 49
17 48
18 48
18 49
17 49
16 49
17 49
18 49
17 49
18 49
18 48
19 48
19 47
18 47
19 47
18 47
18 48
18 49
19 49
20 49
20 50
21 50
22 50
22 49
21 49
21 48
21 49
22 49
23 49
22 49
22 48
22 47
23 47
23 48
22 48
21 48
20 48
20 47
20 48
20 47
20 48
19 48
19 49
18 49
18 48
19 48
18 48
19 48
18 48
18 49
18 48
17 48
16 48
17 48
