0 0
1 0
1 1
1 0
1 1
1 2
1 3
1 4
2 4
2 5
2 4
3 4
3 3
2 3
3 3
3 2
3 3
3 2
2 2
2 1
3 1
4 1
4 0
4 1
3 1
2 1
2 2
2 1
2 2
1 2
0 2
1 2
0 2
1 2
2 2
2 1
1 1
1 0
2 0
2 1
3 1
3 2
4 2
5 2
5 3
6 3
7 3
7 4
8 4
8 5
7 5
7 6
7 7
7 8
6 8
6 7
6 6
6 5
7 5
8 5
8 6
8 5
8 6
8 5
9 5
9 6
8 6
8 7
8 8
7 8
7 9
7 10
7 9
7 8
6 8
6 9
6 8
7 8
7 9
7 10
6 10
6 9
7 9
7 10
7 11
7 10
6 10
7 10
7 11
6 11
6 12
6 11
7 11
7 10
6 10
6 11
6 10
7 10
8 10
9 10
9 9
9 10
8 10
7 10
7 11
7 10
6 10
5 10
6 10
5 10
5 11
5 12
5 13
5 14
5 13
5 14
4 14
3 14
3 13
3 12
4 12
4 13
3 13
4 13
3 13
3 12
2 12
2 11
2 10
2 11
1 11
2 11
3 11
4 11
3 11
3 12
4 12
3 12
3 13
3 14
2 14
2 15
1 15
1 16
1 15
2 15
3 15
2 15
3 15
2 15
2 14
2 13
2 12
3 12
4 12
4 13
5 13
5 14
5 15
5 16
5 15
5 16
4 16
4 17
4 16
4 15
5 15
5 16
5 15
6 15
7 15
8 15
8 16
8 17
9 17
8 17
8 16
8 15
9 15
10 15
10 14
11 14
10 14
11 14
12 14
11 14
12 14
12 15
12 14
11 14
10 14
11 14
12 14
11 14
10 14
11 14
10 14
9 14
9 15
10 15
9 15
9 16
8 16
9 16
9 15
9 14
10 14
10 13
10 12
9 12
10 12
11 12
11 11
12 11
12 10
11 10
10 10
9 10
9 11
10 11
10 10
11 10
10 10
11 10
11 9
11 8
11 9
11 10
11 9
11 8
12 8
13 8
14 8
14 7
14 6
14 7
14 8
14 9
13 9
12 9
13 9
12 9
13 9
13 8
14 8
15 8
15 9
15 10
16 10
17 10
17 11
18 11
18 12
18 11
19 11
19 12
18 12
19 12
19 11
19 10
19 11
19 12
20 12
21 12
22 12
22 13
23 13
23 12
23 13
23 14
22 14
22 13
22 14
22 13
23 13
23 14
23 15
22 15
21 15
22 15
22 14
23 14
23 15
23 14
23 15
23 14
22 14
22 13
21 13
21 14
22 14
21 14
21 15
20 15
19 15
20 15
20 14
20 13
20 14
21 14
21 13
21 14
21 15
22 15
23 15
22 15
21 15
22 15
21 15
22 15
22 14
21 14
21 15
21 14
20 14
19 14
20 14
21 14
21 13
21 14
21 15
21 16
21 17
20 17
20 18
19 18
19 17
18 17
18 18
17 18
18 18
18 17
19 17
19 18
19 17
18 17
18 16
17 16
17 17
17 18
18 18
18 19
18 18
17 18
16 18
16 19
17 19
17 18
18 18
17 18
17 19
17 18
17 19
18 19
18 20
19 20
19 19
19 20
18 20
18 21
17 21
17 22
17 21
17 22
18 22
18 21
18 22
18 23
19 23
20 23
20 24
20 25
20 24
20 23
21 23
21 22
20 22
20 21
19 21
19 20
19 21
20 21
21 21
21 20
22 20
22 19
22 20
22 21
22 22
23 22
23 23
23 24
23 23
22 23
22 22
22 21
23 21
22 21
22 22
22 23
23 23
22 23
22 22
21 22
20 22
21 22
21 21
22 21
22 20
22 19
22 18
22 19
23 19
23 20
24 20
23 20
22 20
21 20
20 20
21 20
20 20
21 20
21 21
22 21
21 21
22 21
22 22
22 23
22 24
22 25
22 24
22 25
23 25
23 24
23 23
23 24
22 24
23 24
24 24
24 25
24 26
25 26
26 26
26 27
25 27
25 26
25 25
26 25
27 25
26 25
26 24
26 23
26 22
26 23
26 22
26 21
26 22
25 22
26 22
27 22
26 22
26 21
26 22
26 21
25 21
25 22
26 22
25 22
25 21
25 22
25 21
25 20
24 20
25 20
25 19
25 20
26 20
26 19
27 19
28 19
28 20
27 20
28 20
29 20
29 19
28 19
28 18
29 18
30 18
31 18
30 18
30 17
30 16
30 17
29 17
30 17
30 18
30 19
29 19
29 18
30 18
30 17
31 17
30 17
30 18
30 19
29 19
30 19
31 19
31 18
31 17
31 16
32 16
33 16
34 16
33 16
32 16
31 16
31 17
30 17
31 17
32 17
33 17
33 18
32 18
32 19
33 19
33 18
33 17
33 16
33 17
33 16
34 16
35 16
36 16
37 16
38 16
39 16
39 17
39 16
39 17
40 17
39 17
40 17
40 16
39 16
38 16
38 15
39 15
39 16
39 15
39 14
38 14
38 15
38 14
38 13
38 14
39 14
39 15
38 15
39 15
38 15
37 15
37 14
38 14
38 13
38 12
38 11
38 10
37 10
37 11
37 12
36 12
36 11
36 12
36 13
36 12
35 12
35 13
35 14
35 15
34 15
34 16
34 17
33 17
34 17
34 18
35 18
35 19
35 20
35 21
36 21
37 21
38 21
37 21
37 20
38 20
38 19
38 20
38 21
38 22
38 23
39 23
39 22
39 23
39 24
38 24
39 24
40 24
39 24
39 25
39 24
38 24
39 24
38 24
39 24
39 23
39 22
39 23
38 23
38 22
37 22
37 21
36 21
37 21
38 21
38 20
39 20
40 20
40 19
41 19
42 19
43 19
44 19
45 19
45 18
45 19
45 20
44 20
43 20
44 20
44 21
44 20
44 21
45 21
44 21
45 21
46 21
46 20
46 19
46 20
46 21
45 21
45 22
44 22
45 22
44 22
44 21
43 21
43 22
42 22
42 23
42 22
41 22
40 22
39 22
40 22
40 21
39 21
38 21
39 21
38 21
38 22
38 21
38 22
37 22
36 22
35 22
35 23
36 23
37 23
36 23
35 23
36 23
36 24
36 23
35 23
35 24
36 24
36 23
36 22
36 23
35 23
35 22
36 22
37 22
38 22
37 22
38 22
38 21
38 22
39 22
39 23
38 23
38 22
37 22
36 22
37 22
38 22
37 22
37 23
36 23
35 23
34 23
33 23
34 23
33 23
32 23
31 23
31 22
31 21
30 21
30 20
31 20
30 20
30 21
30 20
31 20
31 21
31 22
31 21
31 22
31 21
31 22
32 22
33 22
33 21
33 22
33 23
32 23
32 24
33 24
33 23
33 24
34 24
33 24
33 23
33 22
32 22
32 21
33 21
33 22
33 21
33 22
32 22
31 22
30 22
31 22
31 23
31 24
30 24
30 23
29 23
29 24
30 24
30 23
31 23
31 22
31 23
32 23
31 23
32 23
31 23
31 22
31 23
32 23
33 23
32 23
31 23
31 22
31 21
30 21
29 21
29 22
29 23
29 24
28 24
28 23
29 23
28 23
28 24
27 24
27 25
28 25
27 25
28 25
29 25
30 25
30 26
29 26
30 26
31 26
31 25
31 26
30 26
31 26
32 26
33 26
32 26
32 25
33 25
33 24
34 24
34 23
34 24
33 24
33 23
34 23
35 23
35 22
35 23
35 24
34 24
35 24
34 24
34 25
34 26
34 25
34 24
35 24
35 23
35 22
35 23
35 22
34 22
35 22
35 21
34 21
33 21
33 22
33 21
34 21
34 20
34 21
34 20
34 21
34 22
33 22
32 22
32 23
32 22
32 21
32 20
33 20
33 21
34 21
34 20
34 21
34 20
35 20
36 20
36 19
36 20
37 20
37 21
37 20
37 19
37 18
36 18
35 18
35 17
35 18
36 18
35 18
36 18
37 18
37 19
36 19
36 20
37 20
36 20
35 20
35 19
36 19
36 18
37 18
37 19
37 18
37 19
36 19
36 20
36 21
36 22
36 21
36 22
36 23
36 24
37 24
37 23
38 23
37 23
38 23
38 24
37 24
37 23
37 24
37 23
37 22
36 22
36 21
37 21
36 21
36 22
35 22
34 22
34 21
35 21
35 22
34 22
34 23
35 23
35 22
34 22
33 22
33 23
34 23
34 24
34 25
35 25
35 24
35 25
35 24
35 23
36 23
35 23
35 24
35 25
35 24
35 25
34 25
34 24
34 23
34 24
35 24
34 24
34 23
34 24
34 23
35 23
35 24
35 25
35 26
34 26
35 26
34 26
34 25
34 24
34 23
33 23
33 24
33 23
32 23
33 23
32 23
32 24
32 25
31 25
31 26
32 26
33 26
33 27
34 27
33 27
34 27
33 27
32 27
32 28
32 29
32 30
32 29
32 28
31 28
32 28
32 27
31 27
31 26
32 26
32 27
32 26
32 25
32 26
31 26
30 26
29 26
28 26
28 27
27 27
27 26
28 26
27 26
