0 0
1 0
1 1
2 1
2 2
1 2
1 3
2 3
2 2
3 2
4 2
4 1
5 1
4 1
5 1
5 0
5 1
5 0
4 0
4 1
4 0
4 1
5 1
5 2
5 1
5 2
6 2
5 2
4 2
3 2
3 3
3 2
3 3
2 3
3 3
2 3
1 3
2 3
2 2
1 2
1 3
0 3
0 4
0 5
0 4
1 4
2 4
2 5
2 4
3 4
4 4
4 3
3 3
2 3
1 3
1 2
1 1
0 1
1 1
0 1
1 1
1 2
2 2
1 2
1 3
0 3
0 4
0 3
1 3
1 4
0 4
1 4
1 5
1 6
1 7
1 6
0 6
1 6
1 5
0 5
1 5
0 5
0 4
0 3
1 3
1 4
2 4
2 5
2 6
2 7
3 7
4 7
5 7
4 7
5 7
5 8
6 8
6 9
5 9
6 9
6 8
5 8
5 9
6 9
6 10
6 9
6 10
6 9
6 8
5 8
4 8
4 9
4 8
4 9
3 9
3 8
3 7
3 6
2 6
2 5
2 6
2 5
2 6
2 7
1 7
0 7
0 6
1 6
1 7
1 8
1 9
2 9
3 9
3 10
4 10
4 11
4 10
4 9
5 9
5 8
5 9
5 10
4 10
3 10
2 10
1 10
0 10
0 11
0 10
1 10
1 9
1 10
0 10
1 10
1 9
1 10
1 11
2 11
2 10
2 9
1 9
1 10
0 10
1 10
0 10
1 10
2 10
3 10
2 10
1 10
0 10
0 9
0 10
0 11
1 11
1 12
1 11
1 10
0 10
0 9
0 8
0 7
1 7
1 6
1 5
1 4
2 4
2 5
3 5
3 6
3 7
4 7
5 7
5 8
5 7
5 8
5 9
4 9
4 8
4 7
4 8
4 7
4 6
4 7
3 7
3 6
2 6
3 6
3 5
3 6
2 6
1 6
2 6
2 5
1 5
1 4
1 5
1 6
2 6
2 7
2 6
3 6
3 7
2 7
3 7
2 7
3 7
2 7
1 7
2 7
2 6
1 6
1 5
0 5
1 5
1 6
1 7
0 7
0 8
0 7
1 7
1 8
1 7
1 6
1 5
0 5
0 6
1 6
2 6
3 6
4 6
4 5
3 5
3 4
4 4
4 3
4 2
5 2
5 3
5 2
5 1
5 0
6 0
6 1
6 0
6 1
7 1
7 2
7 1
6 1
7 1
7 2
6 2
6 3
7 3
8 3
9 3
8 3
9 3
9 2
10 2
10 1
10 2
11 2
10 2
11 2
11 3
11 4
11 3
11 2
10 2
11 2
11 1
12 1
13 1
13 0
13 1
14 1
13 1
14 1
14 0
14 1
13 1
14 1
14 2
13 2
14 2
15 2
14 2
13 2
14 2
15 2
14 2
13 2
13 1
13 0
12 0
12 1
12 2
13 2
13 1
13 2
13 1
13 2
13 3
12 3
13 3
12 3
12 4
12 5
12 4
13 4
13 3
14 3
14 4
13 4
13 5
12 5
12 6
12 7
12 6
12 7
11 7
11 6
12 6
11 6
10 6
10 5
10 6
10 5
9 5
9 6
10 6
11 6
12 6
12 7
12 6
13 6
13 5
12 5
12 4
12 3
13 3
13 2
12 2
13 2
13 1
13 0
13 1
12 1
12 0
12 1
11 1
11 2
10 2
11 2
12 2
12 1
12 2
12 1
12 2
11 2
11 3
12 3
12 2
12 3
12 2
12 3
12 2
12 3
13 3
14 3
15 3
14 3
13 3
13 2
12 2
12 3
12 4
12 3
11 3
10 3
10 2
10 1
10 0
10 1
10 0
11 0
11 1
10 1
9 1
8 1
9 1
8 1
8 2
8 1
8 2
7 2
7 1
7 2
6 2
7 2
8 2
8 1
8 2
9 2
9 3
9 2
8 2
9 2
9 1
10 1
11 1
12 1
12 2
12 1
12 0
12 1
11 1
12 1
13 1
13 0
12 0
13 0
13 1
13 2
13 1
13 0
13 1
13 2
12 2
12 3
12 2
12 3
11 3
11 2
11 1
10 1
10 0
11 0
11 1
10 1
9 1
8 1
8 0
7 0
8 0
9 0
8 0
8 1
8 2
8 1
8 2
8 3
9 3
10 3
10 2
11 2
11 1
11 2
12 2
12 3
13 3
12 3
12 2
13 2
14 2
13 2
12 2
12 3
13 3
13 2
14 2
15 2
15 1
15 0
15 1
15 0
14 0
14 1
14 2
15 2
15 3
14 3
13 3
13 4
13 3
14 3
14 2
15 2
16 2
17 2
17 3
16 3
16 4
16 5
16 6
17 6
17 7
17 8
17 9
18 9
18 10
19 10
19 11
19 12
19 11
20 11
20 12
21 12
21 11
21 10
21 11
21 10
22 10
22 9
21 9
22 9
22 8
22 9
22 10
22 9
22 10
21 10
22 10
22 9
23 9
23 10
23 11
22 11
21 11
20 11
20 10
20 11
20 12
19 12
20 12
19 12
19 11
20 11
21 11
20 11
20 10
20 11
20 12
20 11
20 10
21 10
20 10
21 10
20 10
21 10
22 10
22 11
23 11
24 11
24 10
25 10
25 9
25 8
25 7
25 6
25 5
25 6
24 6
25 6
25 5
26 5
26 4
27 4
28 4
28 3
29 3
28 3
28 2
28 3
27 3
27 4
27 3
27 4
27 5
27 4
27 3
27 2
26 2
26 3
26 4
25 4
26 4
26 5
25 5
24 5
24 6
24 5
23 5
24 5
24 4
25 4
26 4
25 4
26 4
26 3
26 4
26 3
27 3
26 3
26 4
27 4
27 3
28 3
28 4
27 4
28 4
27 4
27 5
26 5
25 5
25 6
25 7
26 7
25 7
25 6
24 6
24 7
25 7
24 7
24 8
24 7
24 8
24 9
24 8
25 8
25 9
25 10
25 11
25 12
25 13
26 13
27 13
28 13
29 13
29 12
29 11
29 12
29 13
30 13
29 13
28 13
28 14
28 15
29 15
29 14
30 14
30 13
30 14
30 15
30 14
30 15
29 15
29 14
30 14
30 13
30 14
29 14
29 15
29 14
30 14
30 15
29 15
29 14
29 15
29 14
29 15
29 16
29 15
28 15
28 14
28 15
28 16
27 16
28 16
27 16
27 15
26 15
26 14
27 14
27 13
28 13
29 13
29 12
29 13
29 12
29 13
30 13
31 13
31 12
30 12
30 13
29 13
29 12
28 12
27 12
27 13
28 13
28 14
27 14
27 13
27 14
27 13
27 12
27 11
27 10
28 10
28 11
27 11
27 12
27 11
27 10
27 9
26 9
25 9
25 8
25 9
26 9
25 9
26 9
26 10
26 11
25 11
26 11
27 11
28 11
27 11
26 11
26 12
27 12
27 11
27 10
28 10
29 10
29 9
29 8
29 7
29 6
28 6
28 5
29 5
30 5
31 5
32 5
32 4
32 3
31 3
32 3
31 3
32 3
33 3
34 3
34 2
33 2
33 3
33 2
32 2
33 2
33 1
33 0
34 0
34 1
35 1
35 0
35 1
34 1
34 2
35 2
36 2
35 2
34 2
34 3
34 2
34 1
34 0
34 1
35 1
35 2
34 2
34 1
33 1
34 1
33 1
32 1
33 1
32 1
31 1
31 0
30 0
30 1
30 0
31 0
30 0
31 0
30 0
31 0
31 1
31 2
32 2
32 1
32 0
33 0
33 1
32 1
33 1
32 1
31 1
31 0
32 0
31 0
31 1
31 2
31 3
31 4
30 4
30 5
30 6
29 6
29 7
28 7
28 6
27 6
26 6
27 6
27 7
27 8
27 7
28 7
28 6
28 5
28 4
28 3
27 3
28 3
28 2
28 3
28 2
28 1
27 1
27 0
27 1
26 1
26 0
26 1
27 1
27 0
27 1
27 0
26 0
26 1
26 0
26 1
26 2
26 1
26 2
26 1
26 0
27 0
27 1
28 1
28 2
28 1
28 2
28 1
27 1
28 1
28 2
28 3
28 2
28 1
28 0
27 0
27 1
28 1
28 2
29 2
29 1
28 1
27 1
26 1
26 0
26 1
25 1
26 1
25 1
25 0
26 0
27 0
27 1
27 2
27 3
28 3
28 4
29 4
29 3
30 3
30 2
30 1
31 1
30 1
31 1
30 1
30 0
29 0
28 0
28 1
27 1
27 2
26 2
27 2
26 2
26 1
26 0
25 0
26 0
26 1
26 0
27 0
28 0
28 1
27 1
27 2
28 2
27 2
28 2
28 1
28 0
28 1
28 0
28 1
27 1
27 2
26 2
26 3
25 3
25 4
26 4
27 4
26 4
26 5
26 6
25 6
26 6
26 7
26 8
26 9
26 8
26 9
26 10
25 10
25 9
25 10
25 11
25 10
25 11
26 11
27 11
28 11
28 12
28 13
29 13
28 13
28 14
27 14
27 15
28 15
28 16
27 16
26 16
27 16
26 16
25 16
26 16
26 17
