0 0
1 0
1 1
1 2
2 2
3 2
3 1
4 1
3 1
3 0
3 1
4 1
4 2
3 2
3 1
2 1
2 2
3 2
3 1
4 1
3 1
3 0
2 0
2 1
3 1
3 2
4 2
4 1
4 0
4 1
3 1
4 1
4 0
3 0
4 0
4 1
3 1
3 2
3 1
3 0
3 1
3 0
4 0
4 1
5 1
5 0
5 1
6 1
6 2
5 2
6 2
5 2
6 2
6 3
6 2
7 2
6 2
6 3
6 4
6 3
6 2
6 3
6 4
5 4
6 4
5 4
4 4
4 5
3 5
3 6
3 5
4 5
5 5
6 5
6 6
7 6
7 5
7 4
7 3
6 3
6 2
5 2
6 2
6 1
6 0
6 1
6 0
6 1
6 0
5 0
6 0
6 1
6 2
6 3
5 3
5 2
6 2
7 2
7 1
8 1
7 1
8 1
9 1
8 1
8 0
7 0
6 0
7 0
8 0
8 1
8 0
7 0
7 1
6 1
6 2
5 2
6 2
6 3
5 3
5 4
5 3
4 3
4 2
3 2
2 2
2 3
1 3
0 3
0 4
1 4
0 4
0 5
1 5
1 4
0 4
1 4
1 3
1 4
2 4
1 4
2 4
1 4
1 3
1 4
1 3
0 3
1 3
2 3
1 3
1 4
1 5
2 5
2 4
2 5
2 6
3 6
3 7
3 8
3 7
2 7
2 8
3 8
3 7
2 7
2 8
2 7
3 7
4 7
4 8
4 7
3 7
4 7
5 7
5 6
5 5
6 5
6 4
6 5
5 5
6 5
6 6
5 6
6 6
6 7
6 8
6 7
5 7
5 6
6 6
6 5
7 5
7 4
8 4
9 4
10 4
10 5
9 5
8 5
8 4
9 4
9 3
9 4
8 4
8 3
7 3
7 4
8 4
7 4
7 3
8 3
8 2
7 2
8 2
8 3
9 3
10 3
9 3
9 2
9 1
10 1
11 1
11 0
12 0
11 0
11 1
11 2
11 3
12 3
11 3
11 4
12 4
13 4
13 5
13 6
12 6
13 6
12 6
13 6
12 6
12 5
11 5
11 4
10 4
10 3
10 4
10 5
9 5
9 4
10 4
10 5
10 4
9 4
9 5
10 5
10 6
10 5
10 4
10 5
11 5
11 4
10 4
10 5
11 5
12 5
11 5
11 4
10 4
10 5
9 5
10 5
10 4
10 5
10 4
11 4
11 3
11 4
11 5
12 5
13 5
13 6
12 6
12 5
12 6
12 5
12 6
13 6
14 6
14 5
14 6
15 6
15 5
15 6
16 6
17 6
18 6
18 7
18 8
19 8
19 9
19 8
19 9
20 9
21 9
21 10
22 10
22 11
21 11
20 11
20 10
19 10
19 9
20 9
21 9
21 8
21 9
22 9
22 8
22 7
23 7
23 6
22 6
22 5
22 4
22 5
21 5
21 4
20 4
19 4
20 4
19 4
19 5
19 4
20 4
20 5
19 5
19 4
20 4
20 5
21 5
22 5
21 5
22 5
22 4
23 4
24 4
24 5
24 4
24 5
23 5
22 5
21 5
20 5
21 5
21 4
21 5
20 5
21 5
22 5
23 5
22 5
22 6
21 6
21 5
20 5
19 5
19 4
19 3
19 4
18 4
19 4
19 5
19 4
19 3
20 3
20 2
20 3
19 3
19 2
19 3
18 3
17 3
17 2
18 2
18 1
17 1
17 2
18 2
18 3
19 3
19 4
19 3
18 3
17 3
18 3
19 3
19 4
20 4
21 4
21 5
20 5
19 5
19 6
18 6
18 7
19 7
19 8
19 9
19 8
18 8
17 8
16 8
15 8
15 9
15 8
15 7
15 8
14 8
14 9
14 10
13 10
12 10
12 11
13 11
13 12
13 13
13 14
14 14
13 14
13 15
12 15
12 16
13 16
13 17
14 17
13 17
12 17
11 17
11 16
11 17
11 16
10 16
9 16
9 15
10 15
11 15
10 15
10 14
10 13
10 12
11 12
11 13
11 12
11 11
12 11
13 11
13 12
12 12
11 12
11 11
12 11
12 10
12 9
13 9
12 9
12 8
12 9
11 9
11 10
10 10
10 9
11 9
11 8
11 7
11 8
11 7
11 8
12 8
11 8
10 8
11 8
10 8
11 8
12 8
12 7
12 8
11 8
11 9
12 9
11 9
11 10
11 11
11 10
11 9
11 8
11 7
11 8
10 8
10 7
10 6
10 7
11 7
11 8
10 8
10 9
10 8
10 7
9 7
8 7
8 8
9 8
9 9
9 8
9 9
10 9
10 8
10 7
11 7
12 7
13 7
13 8
12 8
11 8
11 9
12 9
13 9
14 9
13 9
13 10
12 10
11 10
12 10
11 10
11 11
11 10
11 9
12 9
12 10
12 11
12 12
13 12
12 12
12 13
13 13
14 13
14 14
14 13
15 13
15 14
16 14
17 14
18 14
18 15
17 15
17 14
16 14
17 14
16 14
16 15
17 15
17 14
18 14
18 13
17 13
18 13
17 13
18 13
18 14
19 14
19 15
19 14
19 15
20 15
19 15
18 15
18 16
18 15
18 14
19 14
18 14
18 15
17 15
17 14
17 13
18 13
17 13
17 12
17 11
16 11
16 12
17 12
17 11
17 12
16 12
15 12
15 11
16 11
17 11
16 11
16 12
16 11
16 10
16 11
16 10
15 10
15 9
15 8
16 8
16 9
15 9
15 10
15 11
15 10
14 10
15 10
15 9
16 9
17 9
16 9
16 10
15 10
15 11
15 10
15 11
15 12
15 11
15 10
15 9
15 8
16 8
15 8
16 8
16 9
16 8
17 8
17 9
18 9
18 8
18 9
18 10
17 10
16 10
17 10
17 9
18 9
18 8
17 8
17 7
17 8
17 9
17 8
17 7
17 8
17 7
16 7
15 7
14 7
15 7
14 7
14 8
13 8
13 9
13 10
13 9
12 9
13 9
13 10
13 9
14 9
13 9
12 9
12 10
11 10
12 10
11 10
12 10
12 11
12 10
12 11
12 10
13 10
12 10
12 11
13 11
14 11
13 11
13 10
14 10
14 11
14 12
14 11
15 11
14 11
14 10
14 11
13 11
14 11
13 11
13 12
13 13
14 13
14 14
15 14
15 13
15 12
15 13
15 14
15 15
15 16
15 15
15 16
15 15
15 16
14 16
15 16
16 16
16 15
17 15
18 15
18 14
19 14
20 14
21 14
22 14
21 14
21 15
21 16
21 15
20 15
21 15
22 15
23 15
24 15
25 15
24 15
24 16
24 17
23 17
23 16
23 17
22 17
22 16
21 16
21 17
22 17
23 17
24 17
25 17
25 18
25 17
25 18
26 18
26 19
26 20
26 19
25 19
26 19
26 18
27 18
27 19
26 19
26 20
25 20
26 20
26 21
26 20
27 20
27 21
26 21
27 21
27 20
28 20
29 20
28 20
29 20
29 21
29 20
29 21
30 21
31 21
31 22
31 21
30 21
31 21
31 22
31 21
31 22
31 23
30 23
30 22
30 21
31 21
30 21
30 20
30 21
30 20
30 19
30 18
31 18
31 17
32 17
32 18
32 17
31 17
30 17
30 18
30 19
31 19
30 19
30 18
29 18
29 17
30 17
29 17
30 17
29 17
29 18
28 18
28 17
27 17
27 18
27 17
28 17
27 17
26 17
25 17
24 17
24 16
25 16
24 16
25 16
25 15
25 14
25 15
26 15
27 15
27 14
26 14
26 15
27 15
28 15
29 15
30 15
30 14
31 14
31 13
31 14
32 14
32 15
32 14
31 14
31 13
30 13
30 12
31 12
32 12
33 12
33 13
32 13
33 13
34 13
35 13
35 14
34 14
34 15
35 15
35 14
34 14
34 13
34 12
33 12
33 13
33 14
33 15
32 15
31 15
32 15
33 15
34 15
34 14
34 15
35 15
35 14
35 15
35 14
35 15
35 16
34 16
35 16
34 16
33 16
33 17
32 17
31 17
30 17
30 18
30 17
30 18
31 18
31 19
31 18
31 19
30 19
31 19
32 19
32 20
32 21
32 22
31 22
31 23
32 23
31 23
31 22
32 22
32 23
32 24
31 24
32 24
33 24
32 24
33 24
33 25
34 25
34 26
34 25
34 24
34 25
34 26
34 27
33 27
33 26
33 27
33 26
33 27
32 27
31 27
32 27
32 28
32 27
31 27
31 28
31 29
32 29
32 28
32 27
33 27
33 26
32 26
31 26
32 26
33 26
34 26
33 26
33 25
33 26
34 26
34 27
33 27
34 27
34 28
35 28
34 28
34 27
34 28
34 27
34 28
33 28
33 27
33 26
34 26
34 25
33 25
34 25
33 25
33 26
34 26
35 26
34 26
34 27
34 28
34 27
34 26
33 26
32 26
33 26
33 25
32 25
33 25
34 25
34 24
33 24
32 24
32 23
33 23
32 23
32 22
33 22
33 21
33 20
33 19
34 19
