0 0
0 1
1 1
0 1
0 0
0 1
1 1
1 0
2 0
2 1
3 1
3 2
3 1
2 1
1 1
1 0
0 0
1 0
0 0
1 0
2 0
2 1
3 1
2 1
3 1
2 1
3 1
3 0
3 1
3 2
4 2
4 3
5 3
5 2
5 3
6 3
7 3
7 4
7 3
7 4
8 4
7 4
7 5
7 4
7 5
7 6
8 6
8 7
7 7
7 8
7 9
7 8
7 9
7 10
7 9
6 9
6 10
6 11
6 12
7 12
8 12
9 12
8 12
9 12
9 11
9 10
9 9
8 9
9 9
9 8
8 8
7 8
7 7
7 6
6 6
6 7
6 8
5 8
4 8
5 8
5 9
4 9
4 10
4 9
3 9
2 9
1 9
1 10
0 10
1 10
0 10
0 9
0 10
1 10
1 11
0 11
1 11
1 12
1 13
0 13
0 14
0 13
1 13
2 13
2 14
2 13
2 14
2 13
3 13
3 12
4 12
5 12
5 11
5 12
4 12
4 13
5 13
6 13
7 13
7 14
8 14
7 14
7 15
8 15
9 15
8 15
8 16
8 15
7 15
6 15
6 16
5 16
6 16
5 16
4 16
3 16
2 16
1 16
1 15
1 16
1 15
1 14
1 13
0 13
0 14
1 14
2 14
1 14
1 15
1 16
1 17
2 17
1 17
1 18
0 18
0 17
0 18
1 18
1 17
0 17
0 16
1 16
1 17
1 16
1 15
2 15
2 16
3 16
3 15
2 15
1 15
0 15
0 14
1 14
1 15
1 16
0 16
0 15
1 15
2 15
3 15
4 15
5 15
4 15
5 15
6 15
5 15
4 15
3 15
3 14
4 14
3 14
3 13
3 14
3 13
4 13
4 12
4 11
4 12
3 12
3 11
4 11
4 10
5 10
5 11
6 11
6 10
6 9
7 9
6 9
6 8
7 8
7 9
7 10
8 10
8 9
8 10
7 10
6 10
6 11
6 10
6 9
5 9
5 8
6 8
5 8
6 8
6 9
6 8
7 8
7 7
7 6
7 5
6 5
6 6
6 5
6 4
6 3
5 3
5 4
6 4
6 5
6 6
6 7
6 8
6 7
7 7
7 8
7 7
7 8
7 9
8 9
8 10
8 11
8 12
7 12
7 11
8 11
9 11
8 11
8 12
8 13
8 14
8 13
7 13
8 13
9 13
10 13
10 14
11 14
11 13
12 13
13 13
14 13
14 12
14 13
14 12
14 13
14 12
14 11
15 11
15 12
15 11
14 11
15 11
14 11
14 10
14 9
15 9
15 10
15 9
16 9
17 9
17 10
16 10
16 11
17 11
18 11
19 11
18 11
17 11
18 11
18 10
18 9
19 9
19 10
19 9
19 8
18 8
18 9
19 9
19 10
19 11
19 12
18 12
19 12
19 13
18 13
18 12
18 11
17 11
17 12
18 12
18 11
18 12
18 13
18 12
18 11
19 11
18 11
19 11
20 11
20 10
20 11
21 11
20 11
19 11
20 11
21 11
21 12
22 12
22 11
22 12
22 11
22 12
21 12
21 11
21 10
21 9
21 8
22 8
22 7
22 8
23 8
22 8
22 9
22 8
22 9
21 9
22 9
23 9
24 9
24 10
24 9
24 8
24 7
23 7
22 7
21 7
20 7
20 8
20 9
19 9
18 9
18 8
19 8
18 8
18 9
17 9
17 8
17 7
17 6
18 6
17 6
16 6
17 6
17 7
18 7
18 6
19 6
19 7
19 6
20 6
20 7
19 7
20 7
20 8
19 8
18 8
18 7
19 7
18 7
19 7
20 7
20 6
21 6
21 7
21 8
20 8
20 9
21 9
22 9
23 9
23 10
23 9
23 8
23 9
24 9
24 8
23 8
24 8
25 8
24 8
24 9
24 8
25 8
25 7
24 7
24 8
24 7
25 7
24 7
25 7
24 7
24 6
24 5
23 5
24 5
25 5
26 5
25 5
25 6
26 6
26 5
27 5
26 5
25 5
24 5
25 5
25 6
25 5
25 4
25 3
24 3
25 3
25 4
25 3
25 2
25 1
25 0
24 0
25 0
24 0
24 1
24 0
24 1
24 0
24 1
24 2
24 3
24 4
23 4
23 5
23 4
22 4
22 5
23 5
24 5
24 6
23 6
24 6
24 5
24 4
24 5
24 6
24 5
24 4
25 4
24 4
24 5
25 5
26 5
27 5
26 5
26 4
26 5
26 4
25 4
26 4
26 5
25 5
24 5
24 6
25 6
25 5
24 5
24 4
24 3
25 3
25 2
25 3
25 2
24 2
24 1
24 2
24 3
23 3
22 3
22 4
23 4
23 5
22 5
23 5
23 6
23 5
24 5
25 5
25 4
24 4
23 4
24 4
24 3
23 3
23 2
24 2
24 3
24 2
24 3
24 4
24 5
24 4
25 4
26 4
27 4
27 3
26 3
26 4
26 5
26 4
25 4
25 3
24 3
23 3
23 2
24 2
24 1
24 2
25 2
26 2
25 2
25 3
26 3
26 2
27 2
27 3
27 4
27 3
27 4
27 3
27 2
28 2
28 1
28 0
29 0
30 0
29 0
30 0
30 1
30 2
30 1
30 2
29 2
30 2
31 2
32 2
31 2
31 1
32 1
33 1
34 1
33 1
33 0
33 1
32 1
32 2
33 2
33 3
33 4
33 3
33 4
33 5
32 5
33 5
34 5
34 6
33 6
34 6
34 5
33 5
33 6
32 6
32 5
33 5
34 5
34 6
35 6
35 5
35 6
35 7
35 6
36 6
35 6
35 5
34 5
34 4
34 5
34 6
35 6
34 6
35 6
34 6
35 6
35 5
35 4
35 5
36 5
36 4
36 3
36 2
36 1
36 0
37 0
36 0
36 1
37 1
37 0
37 1
38 1
39 1
40 1
40 2
40 1
40 0
40 1
39 1
40 1
39 1
39 0
39 1
38 1
38 2
39 2
39 1
40 1
40 0
41 0
40 0
40 1
40 2
39 2
39 1
39 0
39 1
39 0
40 0
39 0
39 1
40 1
41 1
40 1
40 0
41 0
41 1
41 2
42 2
42 1
42 2
41 2
40 2
40 3
41 3
42 3
41 3
41 2
41 3
42 3
42 4
42 3
43 3
44 3
43 3
43 4
43 5
42 5
42 6
42 5
42 6
42 7
42 6
43 6
42 6
41 6
41 5
40 5
41 5
41 6
41 5
40 5
39 5
39 6
38 6
38 5
38 4
38 3
37 3
36 3
35 3
35 2
35 1
36 1
37 1
37 2
37 1
37 2
37 1
38 1
37 1
37 2
37 3
38 3
38 2
37 2
36 2
36 3
37 3
36 3
37 3
38 3
39 3
39 4
40 4
39 4
38 4
38 5
39 5
40 5
39 5
39 4
40 4
40 3
40 2
39 2
39 1
40 1
39 1
39 0
38 0
37 0
37 1
37 0
37 1
36 1
35 1
35 2
36 2
36 1
36 2
37 2
38 2
37 2
37 3
37 2
38 2
38 3
38 4
39 4
39 3
39 2
40 2
41 2
41 1
41 0
41 1
41 2
41 3
41 4
42 4
43 4
43 5
43 4
44 4
44 5
44 6
45 6
46 6
47 6
48 6
47 6
47 5
48 5
48 6
48 5
49 5
48 5
49 5
49 4
50 4
49 4
49 3
50 3
51 3
50 3
49 3
49 2
49 3
49 2
48 2
47 2
46 2
46 1
45 1
45 2
45 1
46 1
46 0
46 1
45 1
44 1
44 2
43 2
43 1
43 2
42 2
42 1
42 2
43 2
42 2
41 2
41 3
41 4
41 3
40 3
39 3
38 3
38 4
39 4
38 4
37 4
37 5
37 6
37 5
37 6
37 7
37 8
37 7
36 7
37 7
37 6
36 6
36 5
35 5
35 4
36 4
35 4
35 3
35 4
35 3
34 3
33 3
34 3
34 4
35 4
35 5
35 6
36 6
37 6
38 6
38 7
37 7
38 7
38 8
38 7
37 7
38 7
38 8
39 8
40 8
40 7
41 7
41 6
42 6
42 5
41 5
40 5
39 5
39 4
40 4
40 5
41 5
41 4
41 3
42 3
42 2
42 1
41 1
42 1
41 1
41 0
42 0
43 0
42 0
41 0
41 1
41 0
41 1
41 2
41 3
41 4
41 3
41 2
40 2
40 1
40 2
41 2
41 3
40 3
40 4
40 5
40 6
40 5
39 5
40 5
41 5
41 4
41 3
41 2
41 1
40 1
41 1
41 2
42 2
42 1
42 2
42 1
42 0
43 0
42 0
41 0
41 1
41 0
42 0
41 0
41 1
41 2
40 2
40 1
39 1
39 2
38 2
38 1
39 1
38 1
39 1
39 0
39 1
39 2
39 1
38 1
37 1
37 0
37 1
38 1
38 0
38 1
38 2
37 2
38 2
37 2
38 2
39 2
39 1
40 1
41 1
42 1
42 2
41 2
42 2
43 2
43 1
42 1
