0 0
1 0
1 1
1 0
0 0
0 1
1 1
0 1
1 1
1 0
1 1
2 1
3 1
2 1
1 1
2 1
1 1
1 2
0 2
1 2
1 3
2 3
3 3
3 2
2 2
2 3
1 3
1 4
1 3
0 3
1 3
1 2
1 1
0 1
1 1
1 2
0 2
1 2
1 3
2 3
1 3
1 2
1 1
1 2
0 2
1 2
2 2
2 1
2 2
1 2
0 2
1 2
0 2
0 1
1 1
1 2
1 3
1 4
1 3
1 4
1 3
1 2
0 2
1 2
1 1
1 2
2 2
2 3
2 4
1 4
1 3
1 2
1 1
0 1
1 1
1 0
1 1
1 0
0 0
0 1
1 1
1 0
0 0
1 0
0 0
1 0
1 1
1 0
1 1
1 0
1 1
1 2
1 1
0 1
0 0
0 1
0 0
0 1
1 1
1 2
1 3
2 3
1 3
0 3
0 4
1 4
2 4
3 4
3 5
3 6
2 6
2 7
2 6
1 6
1 5
1 6
2 6
2 5
3 5
3 4
2 4
2 3
3 3
3 2
3 1
4 1
3 1
3 0
3 1
4 1
4 0
5 0
6 0
5 0
4 0
5 0
6 0
6 1
6 2
6 3
5 3
5 2
6 2
6 1
7 1
8 1
8 2
8 3
7 3
6 3
5 3
5 4
6 4
7 4
6 4
7 4
6 4
5 4
5 3
5 4
5 5
5 4
5 5
5 4
4 4
5 4
5 3
6 3
6 4
6 5
6 6
6 5
6 4
6 3
6 2
6 3
7 3
8 3
8 4
8 5
8 4
9 4
8 4
8 5
8 4
9 4
9 3
8 3
9 3
8 3
7 3
7 4
7 3
7 4
8 4
8 3
7 3
8 3
8 4
7 4
6 4
6 5
6 6
5 6
5 7
4 7
5 7
5 6
4 6
3 6
3 5
4 5
4 4
4 3
4 4
5 4
6 4
6 5
7 5
8 5
8 4
7 4
6 4
5 4
5 5
4 5
4 6
4 5
3 5
3 4
2 4
1 4
0 4
0 3
1 3
0 3
0 4
0 3
1 3
1 2
1 1
1 2
1 1
0 1
0 0
1 0
0 0
0 1
0 0
0 1
1 1
0 1
1 1
1 2
1 1
0 1
0 0
0 1
1 1
0 1
1 1
1 2
1 3
1 2
1 3
0 3
0 2
0 3
1 3
0 3
0 4
0 5
0 4
0 5
1 5
2 5
2 4
2 5
2 4
3 4
3 5
3 4
3 3
3 2
3 1
4 1
5 1
4 1
5 1
5 0
6 0
5 0
6 0
7 0
7 1
8 1
8 0
8 1
9 1
10 1
10 2
10 3
10 4
10 5
10 6
11 6
11 7
11 6
12 6
12 5
12 4
12 5
12 6
13 6
13 7
14 7
15 7
15 8
15 9
16 9
15 9
14 9
15 9
15 8
15 9
15 10
16 10
17 10
16 10
17 10
17 11
17 12
18 12
17 12
16 12
16 11
16 12
16 11
16 10
16 11
15 11
14 11
13 11
14 11
15 11
15 12
14 12
13 12
12 12
13 12
13 11
13 10
14 10
15 10
14 10
15 10
16 10
15 10
15 11
14 11
14 12
14 13
14 14
15 14
14 14
14 15
14 14
14 15
15 15
16 15
17 15
18 15
19 15
18 15
19 15
18 15
18 16
19 16
20 16
20 15
20 14
20 13
20 12
20 11
19 11
20 11
21 11
21 12
20 12
21 12
20 12
21 12
21 13
21 14
21 13
21 14
22 14
21 14
21 13
22 13
23 13
22 13
22 14
22 13
22 14
22 15
22 14
23 14
22 14
21 14
22 14
22 15
22 14
21 14
20 14
19 14
20 14
19 14
19 15
19 14
20 14
20 15
20 14
19 14
20 14
20 13
20 12
21 12
22 12
23 12
23 11
23 10
23 11
23 12
22 12
22 13
22 14
23 14
22 14
21 14
20 14
20 13
21 13
22 13
23 13
23 14
23 15
23 16
24 16
24 15
25 15
26 15
26 16
25 16
25 17
25 18
26 18
25 18
25 19
25 18
24 18
24 19
25 19
25 18
25 17
25 16
25 17
24 17
25 17
25 18
26 18
25 18
24 18
24 19
24 20
25 20
26 20
26 19
26 20
26 21
26 22
25 22
25 23
24 23
23 23
24 23
24 22
25 22
25 21
26 21
26 20
26 21
27 21
28 21
28 22
28 21
29 21
30 21
29 21
30 21
30 22
30 21
29 21
29 20
30 20
30 21
30 20
29 20
30 20
30 21
30 20
30 19
31 19
32 19
32 18
31 18
32 18
32 17
32 16
32 17
33 17
34 17
34 16
35 16
34 16
35 16
35 17
36 17
36 16
37 16
36 16
36 17
35 17
34 17
33 17
33 18
32 18
32 17
32 18
31 18
32 18
32 17
31 17
31 18
31 17
32 17
31 17
30 17
30 18
29 18
28 18
27 18
26 18
26 17
26 16
27 16
28 16
28 17
28 18
28 19
28 20
28 21
27 21
26 21
25 21
26 21
25 21
26 21
26 22
27 22
26 22
26 23
26 24
26 23
26 22
25 22
25 21
24 21
24 22
23 22
22 22
23 22
24 22
24 23
23 23
22 23
22 22
22 21
22 20
22 19
22 18
22 17
22 18
22 19
22 18
23 18
22 18
23 18
23 17
23 16
23 15
22 15
22 14
22 15
22 16
22 15
22 14
23 14
23 13
23 14
22 14
21 14
21 13
22 13
23 13
23 12
23 11
24 11
24 10
23 10
24 10
24 11
23 11
22 11
22 12
23 12
24 12
24 13
24 14
25 14
25 13
25 12
26 12
26 13
26 14
26 15
26 14
27 14
26 14
25 14
25 15
26 15
25 15
25 16
25 17
26 17
25 17
26 17
26 16
27 16
26 16
26 17
26 16
26 17
25 17
25 18
24 18
24 17
23 17
23 18
24 18
24 19
24 20
24 19
24 20
24 19
25 19
25 18
24 18
25 18
26 18
26 19
26 20
26 21
26 22
26 23
27 23
27 22
28 22
28 23
27 23
27 24
28 24
28 25
28 24
29 24
29 25
29 26
28 26
28 27
28 26
27 26
26 26
26 27
26 28
25 28
25 27
25 26
25 27
25 26
25 25
26 25
27 25
27 26
27 25
28 25
29 25
29 24
28 24
27 24
27 23
26 23
26 24
26 25
27 25
27 24
28 24
27 24
28 24
27 24
27 23
28 23
28 22
28 23
28 24
27 24
26 24
25 24
26 24
26 25
26 26
25 26
25 25
24 25
25 25
26 25
25 25
25 26
24 26
24 25
24 26
24 27
24 28
24 29
23 29
23 30
22 30
22 31
22 30
23 30
24 30
23 30
23 31
22 31
23 31
23 32
24 32
23 32
22 32
22 33
22 32
23 32
24 32
24 33
25 33
24 33
24 34
23 34
24 34
25 34
26 34
26 35
25 35
24 35
25 35
26 35
27 35
27 34
28 34
27 34
28 34
27 34
26 34
25 34
26 34
26 35
26 34
26 33
26 34
26 33
25 33
26 33
26 32
25 32
25 33
25 32
25 33
25 34
25 35
24 35
25 35
26 35
26 34
27 34
28 34
27 34
27 33
28 33
27 33
28 33
28 32
29 32
28 32
29 32
29 33
29 32
28 32
29 32
29 33
29 34
29 35
29 36
30 36
29 36
30 36
31 36
31 35
31 34
32 34
31 34
32 34
33 34
33 33
32 33
32 34
33 34
33 33
33 34
33 35
33 36
33 35
34 35
33 35
33 34
33 33
33 34
34 34
34 35
34 36
35 36
36 36
36 35
36 34
36 33
37 33
37 34
36 34
36 33
36 32
36 33
35 33
34 33
34 32
34 33
33 33
34 33
33 33
33 32
33 31
34 31
33 31
32 31
32 30
33 30
34 30
33 30
33 29
32 29
31 29
30 29
29 29
30 29
30 30
29 30
30 30
30 31
31 31
32 31
32 32
32 33
31 33
31 32
32 32
31 32
30 32
30 33
30 34
29 34
29 35
30 35
31 35
32 35
32 36
31 36
32 36
31 36
30 36
31 36
32 36
32 35
32 36
32 37
33 37
33 38
33 37
34 37
34 36
34 37
33 37
33 38
34 38
35 38
34 38
34 39
34 38
33 38
33 37
34 37
34 38
34 39
35 39
35 38
35 39
34 39
35 39
35 40
35 39
35 40
34 40
35 40
34 40
34 41
34 40
33 40
34 40
33 40
34 40
35 40
35 41
36 41
37 41
37 40
37 41
38 41
38 42
37 42
37 43
37 44
36 44
35 44
35 45
35 46
36 46
36 45
35 45
35 46
35 47
35 48
35 49
35 48
34 48
34 49
34 48
35 48
35 49
34 49
34 48
34 47
34 48
35 48
35 47
34 47
35 47
34 47
34 48
34 49
35 49
36 49
35 49
35 50
35 49
35 50
34 50
33 50
33 49
33 48
33 49
33 48
34 48
33 48
