0 0
1 0
1 1
1 2
1 1
0 1
1 1
0 1
1 1
1 0
1 1
1 2
2 2
1 2
2 2
1 2
1 1
1 0
1 1
1 0
1 1
2 1
2 2
2 3
1 3
0 3
0 4
1 4
2 4
3 4
2 4
2 3
3 3
3 2
3 3
3 2
3 3
3 4
3 5
2 5
2 4
2 3
2 2
3 2
3 3
3 2
2 2
1 2
0 2
1 2
1 3
1 4
1 3
1 4
1 3
2 3
2 2
3 2
3 1
3 0
2 0
1 0
1 1
0 1
0 0
0 1
1 1
1 2
1 1
2 1
2 2
3 2
4 2
4 1
4 2
4 3
5 3
4 3
5 3
5 2
6 2
6 1
7 1
6 1
7 1
7 2
7 1
7 0
7 1
7 2
7 1
7 2
7 3
7 2
8 2
8 1
7 1
7 2
8 2
7 2
6 2
5 2
4 2
3 2
4 2
4 1
3 1
3 0
3 1
2 1
1 1
0 1
0 0
1 0
1 1
0 1
0 0
0 1
1 1
2 1
2 2
3 2
3 3
3 4
4 4
4 5
4 4
4 3
4 4
5 4
6 4
6 5
6 6
6 5
6 4
5 4
4 4
4 3
4 2
4 1
4 0
4 1
4 0
5 0
4 0
3 0
4 0
4 1
4 0
4 1
5 1
6 1
5 1
4 1
4 0
3 0
2 0
2 1
2 0
3 0
3 1
4 1
5 1
4 1
5 1
6 1
6 2
5 2
4 2
4 3
4 4
5 4
5 5
6 5
7 5
7 6
6 6
5 6
6 6
6 5
5 5
5 6
6 6
7 6
7 5
7 4
7 5
7 4
7 5
6 5
7 5
8 5
8 4
9 4
9 3
9 4
9 3
9 2
9 1
8 1
8 0
7 0
7 1
7 0
7 1
7 0
7 1
7 0
7 1
7 0
7 1
7 0
7 1
7 2
8 2
8 1
9 1
10 1
9 1
9 2
9 1
10 1
9 1
9 2
9 1
10 1
11 1
11 2
12 2
12 3
12 2
13 2
13 3
14 3
14 4
15 4
15 3
15 4
15 3
16 3
17 3
18 3
18 4
18 5
17 5
16 5
17 5
16 5
17 5
17 4
17 5
17 4
17 3
18 3
18 4
18 5
18 6
18 5
18 6
17 6
18 6
17 6
18 6
18 7
18 8
19 8
19 7
19 6
19 5
18 5
18 4
18 5
18 4
19 4
18 4
18 5
18 4
18 3
17 3
17 2
17 1
18 1
19 1
19 0
19 1
20 1
19 1
18 1
19 1
18 1
18 0
18 1
19 1
20 1
20 0
20 1
21 1
21 2
21 1
20 1
20 0
19 0
19 1
19 0
19 1
19 0
19 1
19 0
19 1
19 0
20 0
20 1
20 2
20 3
21 3
21 4
21 3
20 3
19 3
19 4
20 4
19 4
19 3
20 3
21 3
21 4
21 5
20 5
21 5
21 6
21 5
22 5
21 5
22 5
22 4
21 4
21 5
22 5
23 5
22 5
22 6
23 6
23 7
23 8
23 7
24 7
24 6
25 6
25 7
24 7
24 8
24 7
23 7
23 6
23 5
22 5
23 5
23 6
23 7
24 7
24 8
24 9
23 9
22 9
22 10
22 9
22 10
22 11
22 10
22 9
23 9
23 8
22 8
22 9
23 9
24 9
25 9
24 9
24 8
25 8
25 9
25 10
25 11
24 11
25 11
24 11
23 11
22 11
23 11
22 11
22 12
23 12
22 12
21 12
22 12
22 13
21 13
21 14
20 14
19 14
19 15
20 15
21 15
21 16
21 17
21 16
21 17
21 18
21 19
21 20
21 21
20 21
20 20
21 20
20 20
20 19
21 19
22 19
22 18
22 17
23 17
23 18
23 19
23 18
22 18
21 18
21 17
21 18
22 18
22 17
21 17
21 18
21 17
21 18
22 18
22 17
21 17
21 18
20 18
19 18
20 18
20 17
20 16
21 16
20 16
19 16
18 16
18 15
18 14
17 14
18 14
18 15
17 15
16 15
15 15
15 16
15 15
16 15
17 15
16 15
16 16
17 16
18 16
17 16
18 16
18 17
18 16
19 16
19 15
20 15
19 15
19 16
19 15
20 15
21 15
21 16
21 15
21 16
22 16
22 15
23 15
23 14
22 14
23 14
22 14
21 14
20 14
20 15
20 16
19 16
19 15
20 15
19 15
19 14
19 15
19 16
19 17
20 17
21 17
21 18
20 18
19 18
19 19
19 18
20 18
20 19
21 19
20 19
20 18
20 19
21 19
21 20
21 19
21 18
21 19
21 18
21 19
22 19
22 20
22 19
21 19
21 20
21 21
21 20
20 20
20 19
20 18
19 18
19 19
20 19
20 20
19 20
19 21
18 21
18 20
17 20
18 20
18 19
19 19
19 18
19 19
19 20
18 20
17 20
17 19
17 20
18 20
17 20
18 20
18 19
18 18
19 18
20 18
20 19
21 19
22 19
21 19
20 19
21 19
22 19
23 19
23 18
24 18
25 18
26 18
25 18
26 18
25 18
25 17
25 16
24 16
23 16
22 16
22 15
21 15
21 16
20 16
20 15
20 14
20 13
19 13
19 12
18 12
18 13
17 13
16 13
17 13
18 13
17 13
17 14
17 13
16 13
17 13
18 13
18 14
18 15
17 15
18 15
19 15
20 15
20 16
19 16
19 17
19 18
19 19
19 20
18 20
18 21
19 21
20 21
19 21
19 22
20 22
20 23
20 24
20 23
20 22
21 22
21 23
21 24
21 23
22 23
22 24
21 24
22 24
23 24
23 23
22 23
21 23
22 23
23 23
24 23
24 24
24 23
25 23
25 24
25 25
25 26
25 27
24 27
23 27
23 28
22 28
22 27
21 27
22 27
22 28
21 28
22 28
22 27
22 28
22 27
22 26
22 25
22 26
22 25
23 25
24 25
24 26
24 27
24 26
25 26
25 25
25 24
26 24
25 24
25 23
24 23
24 24
24 23
24 24
23 24
22 24
22 23
22 22
22 23
23 23
24 23
23 23
22 23
22 24
21 24
20 24
19 24
20 24
20 23
19 23
20 23
20 24
19 24
19 23
20 23
19 23
20 23
20 22
19 22
18 22
17 22
18 22
17 22
17 23
18 23
19 23
20 23
21 23
21 22
20 22
21 22
22 22
22 21
22 20
23 20
23 21
22 21
23 21
23 22
24 22
25 22
25 23
25 22
26 22
26 21
26 22
27 22
28 22
28 21
28 20
28 19
29 19
28 19
28 18
28 19
27 19
28 19
28 20
27 20
28 20
28 19
28 20
29 20
28 20
27 20
28 20
28 21
29 21
30 21
30 20
30 21
30 22
30 23
30 22
30 23
30 22
29 22
29 21
29 22
28 22
28 21
28 22
27 22
26 22
25 22
26 22
26 21
25 21
26 21
26 20
27 20
27 21
26 21
26 20
26 19
27 19
26 19
26 20
26 19
26 20
27 20
27 19
26 19
26 20
27 20
28 20
29 20
28 20
29 20
28 20
27 20
27 21
28 21
27 21
26 21
25 21
25 22
24 22
25 22
26 22
25 22
25 21
25 20
25 19
26 19
25 19
25 18
24 18
24 19
25 19
25 18
25 19
25 20
24 20
24 21
24 22
23 22
23 23
24 23
24 24
24 25
25 25
25 26
25 25
25 26
25 25
24 25
23 25
23 24
24 24
24 25
24 24
24 25
24 26
25 26
25 25
25 24
24 24
24 25
24 24
24 25
24 24
23 24
23 25
22 25
22 26
23 26
23 27
22 27
21 27
21 28
20 28
21 28
20 28
19 28
19 27
20 27
19 27
18 27
17 27
18 27
18 28
17 28
17 29
17 28
17 27
16 27
16 28
16 27
16 28
16 27
15 27
16 27
17 27
17 26
17 25
17 26
17 27
18 27
18 26
17 26
18 26
19 26
19 27
19 28
18 28
18 27
18 28
18 29
17 29
16 29
17 29
16 29
15 29
15 30
14 30
15 30
15 29
15 30
16 30
16 29
17 29
17 30
16 30
16 29
15 29
16 29
15 29
15 28
14 28
14 29
13 29
13 30
14 30
13 30
13 31
14 31
14 30
14 29
14 30
14 29
13 29
14 29
14 30
13 30
12 30
12 29
12 28
11 28
11 27
12 27
12 26
12 27
12 28
13 28
13 27
13 28
12 28
11 28
11 27
12 27
12 28
12 29
12 28
13 28
13 27
14 27
13 27
14 27
13 27
13 28
12 28
12 27
13 27
13 28
13 29
12 29
13 29
12 29
12 30
12 31
12 32
12 31
12 30
12 29
13 29
14 29
15 29
16 29
16 28
16 29
15 29
15 30
14 30
14 29
13 29
13 28
13 29
13 30
14 30
15 30
15 31
15 32
16 32
17 32
17 31
18 31
17 31
16 31
16 32
16 31
16 30
17 30
16 30
16 29
15 29
15 30
15 29
15 30
15 31
15 30
15 29
15 30
