0 0
1 0
1 1
2 1
2 2
2 1
1 1
1 0
1 1
2 1
3 1
3 2
2 2
2 3
1 3
2 3
3 3
2 3
1 3
1 4
1 3
1 4
0 4
1 4
1 5
2 5
2 4
2 3
2 4
2 5
2 4
2 3
1 3
1 2
1 3
0 3
0 4
0 3
0 2
1 2
2 2
2 3
2 2
3 2
3 1
4 1
4 0
4 1
4 0
4 1
4 0
4 1
4 0
3 0
3 1
2 1
2 2
3 2
3 3
4 3
3 3
3 4
4 4
4 5
4 6
4 5
4 6
4 5
4 6
3 6
3 5
2 5
2 6
1 6
1 5
1 6
1 5
0 5
0 6
1 6
1 5
1 4
2 4
1 4
1 5
0 5
1 5
1 6
2 6
2 7
3 7
3 8
2 8
2 9
2 10
3 10
3 9
3 10
3 9
3 8
4 8
5 8
5 7
5 8
6 8
7 8
7 9
8 9
8 8
8 9
7 9
7 10
7 9
6 9
6 10
6 11
7 11
7 12
7 13
8 13
8 12
8 11
7 11
7 12
6 12
7 12
6 12
6 13
6 12
6 11
6 10
5 10
5 9
5 8
4 8
4 9
5 9
6 9
6 10
6 11
6 12
5 12
6 12
6 13
6 12
6 11
5 11
5 10
6 10
6 9
6 10
7 10
7 11
8 11
8 12
8 11
7 11
7 10
8 10
9 10
10 10
11 10
11 11
11 10
11 11
10 11
10 10
9 10
10 10
11 10
12 10
11 10
10 10
10 11
11 11
11 10
11 9
12 9
12 10
13 10
13 9
14 9
13 9
13 10
14 10
14 9
15 9
15 10
14 10
14 11
13 11
14 11
14 12
15 12
16 12
16 11
15 11
15 12
15 13
14 13
14 12
14 11
15 11
15 12
15 11
15 12
14 12
14 11
14 10
15 10
15 9
16 9
16 10
16 9
17 9
17 10
18 10
18 11
18 10
19 10
19 9
19 8
19 7
19 8
18 8
17 8
18 8
19 8
20 8
19 8
18 8
19 8
18 8
19 8
19 7
18 7
18 6
19 6
19 7
18 7
19 7
18 7
17 7
17 8
18 8
17 8
18 8
19 8
19 7
19 8
19 7
18 7
19 7
19 6
20 6
21 6
20 6
20 7
19 7
19 6
18 6
17 6
18 6
18 5
17 5
18 5
17 5
17 6
17 5
16 5
17 5
17 4
17 5
17 6
17 7
18 7
18 6
18 5
18 6
18 7
18 6
17 6
16 6
15 6
15 7
14 7
14 8
14 9
13 9
14 9
14 10
14 11
14 10
15 10
14 10
14 9
14 10
14 11
15 11
15 12
16 12
17 12
16 12
15 12
15 13
15 12
16 12
17 12
17 13
16 13
17 13
17 12
18 12
17 12
16 12
16 11
16 10
16 9
16 8
16 7
17 7
16 7
15 7
15 8
16 8
15 8
16 8
16 7
16 8
16 9
17 9
17 10
17 11
17 12
16 12
16 11
15 11
16 11
16 12
16 13
16 14
15 14
16 14
17 14
17 13
16 13
15 13
15 12
15 11
14 11
15 11
14 11
15 11
15 12
16 12
17 12
17 11
17 10
17 11
16 11
15 11
15 10
14 10
13 10
12 10
12 11
12 10
12 9
11 9
12 9
12 8
13 8
13 7
14 7
14 8
13 8
12 8
12 7
12 8
13 8
14 8
13 8
13 9
12 9
13 9
13 8
14 8
15 8
15 7
15 8
15 9
15 8
14 8
15 8
14 8
14 9
15 9
14 9
14 8
15 8
14 8
14 7
13 7
14 7
13 7
13 6
12 6
11 6
11 5
11 6
10 6
9 6
9 5
9 6
9 5
10 5
11 5
10 5
10 4
11 4
11 3
10 3
10 4
10 3
9 3
9 2
10 2
10 3
11 3
12 3
13 3
14 3
13 3
13 4
13 3
12 3
12 4
13 4
12 4
11 4
11 5
10 5
11 5
12 5
13 5
14 5
15 5
15 4
15 3
15 2
16 2
17 2
17 3
18 3
18 4
19 4
18 4
17 4
16 4
15 4
15 3
15 4
15 5
15 6
15 5
16 5
17 5
17 4
18 4
18 3
17 3
16 3
17 3
17 2
17 1
17 2
17 3
16 3
16 4
16 5
16 4
17 4
17 3
18 3
18 2
18 1
18 0
18 1
17 1
18 1
18 0
19 0
20 0
19 0
19 1
18 1
17 1
17 2
18 2
18 3
18 4
17 4
17 5
18 5
17 5
17 6
17 7
18 7
17 7
18 7
18 8
17 8
18 8
19 8
20 8
21 8
20 8
20 7
21 7
21 8
21 9
22 9
23 9
24 9
24 8
24 7
23 7
22 7
22 8
23 8
24 8
24 7
24 8
24 7
25 7
26 7
26 6
26 7
27 7
27 6
28 6
29 6
29 5
28 5
29 5
29 4
29 3
30 3
30 4
30 5
30 4
29 4
28 4
28 5
29 5
29 6
30 6
31 6
31 7
31 8
30 8
31 8
31 7
31 8
32 8
33 8
33 7
32 7
32 6
32 5
33 5
34 5
34 6
34 5
35 5
35 6
35 5
35 6
35 7
35 6
36 6
36 5
36 4
37 4
38 4
39 4
38 4
38 3
38 4
39 4
39 3
40 3
40 4
39 4
39 3
39 2
39 3
38 3
37 3
37 2
37 3
37 4
37 3
37 4
37 3
37 2
37 1
38 1
38 0
39 0
39 1
39 2
39 1
39 2
38 2
38 1
38 2
38 1
38 0
38 1
39 1
38 1
39 1
40 1
40 0
40 1
40 2
40 3
39 3
39 4
40 4
40 5
40 4
40 5
39 5
38 5
37 5
37 4
36 4
37 4
37 3
37 4
38 4
39 4
40 4
40 3
41 3
41 2
42 2
42 3
41 3
41 4
40 4
41 4
42 4
41 4
42 4
43 4
42 4
41 4
40 4
40 3
40 2
39 2
39 1
40 1
39 1
38 1
38 2
37 2
37 3
38 3
37 3
37 2
37 1
37 2
37 3
37 4
37 5
37 4
37 3
36 3
35 3
35 4
35 3
35 2
35 1
35 2
35 3
34 3
34 2
34 1
33 1
32 1
32 0
32 1
33 1
33 0
33 1
33 0
33 1
34 1
34 0
33 0
33 1
33 0
32 0
33 0
33 1
34 1
34 2
34 1
33 1
34 1
35 1
36 1
35 1
36 1
36 2
35 2
35 3
35 2
34 2
34 1
34 2
35 2
35 1
36 1
37 1
37 0
36 0
35 0
34 0
34 1
34 0
34 1
33 1
32 1
31 1
31 2
30 2
30 3
30 2
30 3
30 4
30 5
30 4
31 4
32 4
31 4
31 5
30 5
31 5
31 4
31 3
31 2
31 1
32 1
32 2
33 2
33 3
33 4
32 4
33 4
32 4
32 5
32 4
31 4
31 5
31 6
31 7
32 7
32 8
33 8
33 9
32 9
31 9
31 10
30 10
29 10
29 9
29 10
30 10
29 10
29 11
29 12
30 12
31 12
30 12
30 11
29 11
30 11
29 11
29 12
29 11
28 11
28 12
29 12
30 12
30 11
29 11
30 11
30 12
30 11
30 10
30 9
30 10
30 9
30 10
30 9
30 10
29 10
29 9
30 9
30 8
31 8
31 9
30 9
30 10
31 10
32 10
33 10
34 10
34 11
34 10
34 9
34 8
33 8
34 8
34 7
34 6
35 6
34 6
34 7
35 7
35 6
35 7
36 7
36 8
36 9
37 9
36 9
36 8
36 7
36 8
36 7
36 6
36 5
37 5
37 6
37 7
37 6
37 5
36 5
36 6
36 5
36 6
36 7
35 7
36 7
37 7
37 8
36 8
36 7
37 7
36 7
35 7
35 8
36 8
36 9
36 10
37 10
37 11
37 12
37 11
38 11
37 11
37 12
38 12
37 12
37 13
36 13
36 14
37 14
38 14
38 15
37 15
37 16
37 17
38 17
38 16
37 16
37 15
37 16
36 16
36 17
35 17
35 18
35 17
35 16
35 17
34 17
35 17
35 16
35 17
34 17
34 18
33 18
32 18
32 19
32 18
32 17
32 18
31 18
32 18
33 18
33 17
33 18
32 18
31 18
30 18
29 18
30 18
30 19
31 19
30 19
29 19
29 20
29 21
30 21
30 22
30 21
29 21
29 22
28 22
27 22
27 23
27 24
26 24
27 24
27 25
27 26
27 25
26 25
27 25
27 24
26 24
27 24
26 24
26 25
27 25
28 25
28 24
28 23
29 23
28 23
27 23
26 23
26 24
27 24
26 24
25 24
25 23
24 23
23 23
24 23
24 24
23 24
23 25
23 24
22 24
22 23
21 23
21 24
22 24
21 24
20 24
19 24
19 23
20 23
21 23
22 23
23 23
22 23
21 23
21 24
21 25
21 24
22 24
21 24
21 25
21 24
20 24
20 25
19 25
19 24
18 24
18 25
17 25
17 24
