0 0
0 1
1 1
1 2
1 3
0 3
0 2
0 1
1 1
1 2
1 1
0 1
0 2
1 2
0 2
0 1
1 1
2 1
2 2
2 1
1 1
1 2
0 2
0 1
0 2
0 3
1 3
1 2
0 2
1 2
2 2
2 1
2 2
3 2
2 2
3 2
2 2
1 2
0 2
0 3
0 2
1 2
1 1
2 1
2 0
1 0
2 0
2 1
3 1
4 1
5 1
5 2
4 2
4 1
4 0
3 0
2 0
2 1
1 1
1 0
1 1
0 1
0 2
1 2
2 2
1 2
2 2
3 2
4 2
4 3
3 3
4 3
4 4
3 4
2 4
1 4
1 3
1 4
1 5
0 5
0 4
0 3
0 2
1 2
1 1
0 1
0 0
1 0
2 0
2 1
2 0
3 0
3 1
3 0
3 1
4 1
5 1
6 1
6 0
5 0
5 1
6 1
5 1
5 2
4 2
4 3
5 3
5 2
5 1
5 0
5 1
5 0
6 0
6 1
5 1
5 0
6 0
6 1
6 2
6 3
6 4
6 5
6 6
6 7
7 7
6 7
7 7
7 6
7 5
6 5
5 5
6 5
6 4
6 3
5 3
5 4
6 4
7 4
8 4
8 3
8 2
7 2
7 3
6 3
5 3
6 3
7 3
8 3
9 3
9 2
8 2
8 1
8 0
8 1
7 1
8 1
7 1
7 2
6 2
6 1
6 0
7 0
8 0
8 1
9 1
9 2
9 1
9 2
10 2
9 2
8 2
7 2
7 1
8 1
8 2
9 2
10 2
10 1
9 1
9 2
10 2
9 2
10 2
11 2
11 3
11 4
10 4
9 4
9 3
9 4
9 3
8 3
8 2
9 2
10 2
10 3
10 4
11 4
11 3
11 4
11 5
11 4
11 5
11 6
11 5
12 5
12 4
12 3
12 4
11 4
12 4
12 3
13 3
14 3
14 4
14 5
14 6
13 6
13 7
12 7
13 7
12 7
12 6
11 6
11 7
11 8
12 8
13 8
14 8
14 9
14 10
15 10
15 11
16 11
15 11
15 12
15 13
15 14
16 14
16 15
17 15
18 15
18 16
18 15
17 15
16 15
17 15
17 16
16 16
17 16
18 16
18 17
18 16
17 16
17 17
18 17
19 17
20 17
20 16
21 16
21 15
21 16
22 16
22 15
22 14
22 15
23 15
23 14
24 14
24 13
24 14
24 15
24 16
24 17
25 17
24 17
25 17
25 18
24 18
23 18
22 18
21 18
20 18
19 18
20 18
21 18
22 18
22 17
21 17
21 18
20 18
19 18
19 19
20 19
21 19
21 18
21 17
22 17
21 17
21 16
21 15
21 14
21 13
21 14
20 14
20 13
21 13
21 14
22 14
21 14
20 14
20 13
20 14
20 13
20 12
21 12
22 12
23 12
23 11
23 10
22 10
23 10
24 10
23 10
22 10
22 11
23 11
23 12
22 12
23 12
23 13
24 13
25 13
24 13
24 14
25 14
26 14
25 14
25 15
25 16
25 15
26 15
26 16
25 16
26 16
25 16
26 16
27 16
27 17
26 17
27 17
28 17
29 17
29 18
29 17
29 16
28 16
29 16
28 16
27 16
27 15
28 15
27 15
27 14
27 13
26 13
26 14
25 14
25 13
25 12
26 12
26 11
27 11
26 11
26 10
26 11
27 11
26 11
26 10
26 9
27 9
28 9
29 9
30 9
31 9
31 10
31 11
31 10
31 11
30 11
30 10
29 10
29 9
29 10
28 10
28 11
27 11
26 11
26 10
27 10
28 10
28 11
28 10
28 11
28 12
27 12
27 13
27 14
27 13
27 14
27 15
27 14
26 14
27 14
27 15
27 16
27 15
28 15
27 15
27 16
27 15
28 15
29 15
30 15
30 16
30 17
31 17
30 17
29 17
30 17
30 16
31 16
31 15
31 16
30 16
29 16
28 16
29 16
30 16
30 17
30 18
31 18
31 17
30 17
30 18
31 18
31 19
32 19
32 20
32 19
32 18
32 17
33 17
34 17
34 18
34 17
34 16
35 16
34 16
34 15
33 15
33 14
32 14
33 14
33 15
33 14
32 14
33 14
33 15
34 15
33 15
33 14
32 14
33 14
33 13
32 13
32 14
32 15
31 15
31 16
31 15
31 16
31 15
31 16
30 16
31 16
31 15
31 14
31 13
31 12
31 11
31 10
31 9
32 9
31 9
31 10
31 11
30 11
30 12
31 12
30 12
29 12
28 12
27 12
26 12
26 13
26 12
26 11
26 10
26 9
26 10
26 9
26 8
26 9
25 9
25 8
24 8
24 9
24 8
24 7
24 8
24 9
25 9
25 8
24 8
23 8
23 9
23 10
22 10
23 10
24 10
24 11
24 10
23 10
24 10
25 10
26 10
27 10
28 10
27 10
27 9
27 8
27 7
28 7
29 7
30 7
29 7
28 7
29 7
29 8
28 8
28 9
27 9
28 9
29 9
28 9
28 10
29 10
30 10
31 10
32 10
32 9
33 9
34 9
34 10
35 10
35 11
36 11
37 11
36 11
35 11
35 12
35 11
35 10
35 9
34 9
34 10
35 10
34 10
35 10
36 10
36 9
36 10
37 10
36 10
37 10
37 11
38 11
39 11
38 11
38 12
38 13
38 12
37 12
37 13
38 13
38 14
37 14
37 13
37 14
38 14
37 14
37 15
36 15
36 16
37 16
37 15
36 15
36 16
36 17
35 17
35 16
35 17
34 17
34 18
34 17
34 18
34 19
33 19
33 18
32 18
31 18
30 18
30 17
30 18
31 18
31 19
31 20
31 21
30 21
30 20
31 20
32 20
32 21
32 22
32 23
32 24
33 24
34 24
34 25
34 26
35 26
36 26
35 26
36 26
35 26
35 25
34 25
33 25
33 24
33 25
33 24
32 24
32 23
32 22
32 21
32 22
32 23
33 23
34 23
35 23
35 24
34 24
34 25
34 26
34 25
35 25
34 25
34 24
34 23
33 23
33 24
34 24
33 24
33 23
33 24
34 24
34 25
35 25
36 25
35 25
35 26
34 26
34 25
35 25
36 25
37 25
36 25
35 25
36 25
35 25
35 24
35 23
36 23
35 23
36 23
35 23
36 23
36 24
36 25
35 25
35 24
35 25
34 25
33 25
33 26
34 26
33 26
33 25
33 24
34 24
33 24
34 24
34 23
34 22
33 22
33 21
33 22
33 21
33 20
33 21
33 22
34 22
34 21
34 22
34 21
34 22
34 21
33 21
34 21
34 22
34 23
35 23
35 24
35 25
35 26
35 25
35 24
35 25
35 24
35 25
34 25
33 25
33 26
34 26
35 26
34 26
35 26
35 25
34 25
34 26
33 26
33 25
33 26
34 26
34 27
34 26
34 27
35 27
35 28
35 27
34 27
35 27
35 26
35 25
36 25
37 25
36 25
36 26
36 25
36 24
36 23
37 23
38 23
39 23
38 23
37 23
38 23
37 23
38 23
38 22
39 22
38 22
38 23
37 23
36 23
36 24
36 23
36 22
35 22
35 23
36 23
35 23
35 24
35 23
35 22
34 22
34 21
34 20
33 20
32 20
33 20
33 19
33 18
34 18
35 18
35 19
35 18
35 19
35 20
35 19
36 19
35 19
35 20
34 20
34 19
34 18
34 17
34 16
34 15
34 14
34 13
34 14
33 14
34 14
34 15
34 16
34 15
33 15
33 16
32 16
32 15
32 16
32 15
31 15
30 15
31 15
30 15
30 16
30 17
29 17
30 17
29 17
29 16
29 15
29 14
29 13
30 13
29 13
30 13
30 12
30 13
29 13
29 12
30 12
31 12
30 12
30 13
30 14
29 14
30 14
30 15
30 14
30 13
29 13
29 12
29 13
29 12
30 12
29 12
28 12
28 13
29 13
28 13
28 12
29 12
29 13
29 14
28 14
28 15
28 16
29 16
30 16
30 15
29 15
29 14
30 14
31 14
31 13
31 12
32 12
32 11
33 11
34 11
35 11
36 11
35 11
36 11
37 11
36 11
36 10
35 10
35 11
36 11
36 12
36 11
37 11
38 11
39 11
38 11
37 11
37 12
37 13
38 13
37 13
36 13
36 14
36 13
37 13
37 14
37 15
38 15
38 14
38 13
38 14
38 13
39 13
39 14
39 15
39 14
38 14
38 15
39 15
39 16
39 17
38 17
38 16
38 17
38 16
39 16
39 15
39 16
40 16
41 16
41 17
42 17
43 17
43 18
44 18
44 19
45 19
44 19
44 20
43 20
42 20
43 20
43 21
43 22
42 22
42 23
42 22
42 23
42 24
42 25
41 25
42 25
42 24
42 25
42 26
42 25
41 25
40 25
39 25
38 25
39 25
39 26
40 26
39 26
40 26
41 26
42 26
41 26
41 25
42 25
43 25
42 25
42 26
42 27
41 27
41 26
42 26
42 27
41 27
41 28
41 27
42 27
42 28
43 28
44 28
44 29
