0 0
1 0
1 1
0 1
1 1
1 0
1 1
0 1
1 1
1 0
1 1
2 1
1 1
1 0
1 1
2 1
2 2
3 2
3 3
3 4
4 4
4 3
4 4
4 5
4 4
4 5
5 5
6 5
5 5
6 5
6 6
6 7
5 7
4 7
4 6
4 7
4 8
4 9
5 9
6 9
6 10
6 9
5 9
6 9
5 9
5 10
6 10
5 10
5 9
5 8
5 7
5 8
5 9
4 9
4 10
3 10
4 10
4 11
4 10
4 11
3 11
4 11
5 11
5 12
5 11
4 11
4 12
5 12
4 12
3 12
3 11
2 11
3 11
4 11
3 11
4 11
5 11
4 11
4 10
5 10
4 10
4 9
4 8
3 8
2 8
1 8
0 8
0 7
0 8
1 8
2 8
3 8
3 7
4 7
4 6
3 6
3 5
4 5
3 5
3 6
2 6
2 7
2 6
2 7
3 7
4 7
5 7
5 6
6 6
7 6
8 6
9 6
9 5
9 4
9 3
9 4
9 5
10 5
9 5
9 6
10 6
10 5
11 5
11 4
11 5
11 4
11 3
10 3
10 4
10 5
11 5
10 5
9 5
10 5
10 4
10 5
10 6
9 6
9 5
9 6
9 7
9 8
9 7
9 8
9 9
8 9
8 10
8 9
8 8
8 7
7 7
8 7
7 7
8 7
8 8
7 8
6 8
6 7
6 6
6 5
6 4
5 4
5 5
6 5
6 4
7 4
8 4
9 4
9 3
8 3
8 2
9 2
9 3
9 4
8 4
8 5
9 5
9 6
9 7
9 6
9 5
10 5
11 5
11 4
10 4
10 5
9 5
9 6
9 7
9 8
9 7
10 7
9 7
9 6
9 7
9 8
10 8
10 9
10 8
10 7
10 6
10 5
11 5
11 4
11 5
10 5
10 6
9 6
9 5
9 6
10 6
10 7
9 7
9 8
8 8
8 9
8 8
8 7
8 6
7 6
7 5
7 4
6 4
6 5
5 5
6 5
6 6
6 7
7 7
8 7
7 7
7 8
7 9
6 9
6 8
7 8
6 8
6 9
7 9
7 8
8 8
8 9
8 8
9 8
9 9
9 8
10 8
10 9
10 10
10 9
9 9
9 10
10 10
11 10
10 10
11 10
11 9
11 8
12 8
13 8
13 9
12 9
13 9
13 10
13 9
12 9
12 8
13 8
13 7
13 8
13 9
12 9
12 10
11 10
11 11
10 11
10 10
10 11
10 10
9 10
8 10
8 9
7 9
7 8
6 8
7 8
8 8
8 9
8 10
9 10
8 10
8 11
8 12
7 12
7 13
8 13
9 13
8 13
8 12
9 12
8 12
8 11
7 11
8 11
8 10
9 10
8 10
8 11
8 10
8 9
9 9
9 10
9 11
9 10
10 10
10 9
10 10
9 10
9 9
9 10
9 9
8 9
7 9
8 9
9 9
10 9
11 9
11 10
11 9
10 9
10 10
11 10
12 10
13 10
12 10
12 11
11 11
12 11
11 11
11 12
12 12
11 12
12 12
12 13
11 13
12 13
13 13
13 12
13 11
12 11
12 12
13 12
13 11
14 11
14 10
13 10
13 11
13 12
14 12
14 13
13 13
12 13
12 14
11 14
10 14
11 14
10 14
11 14
11 15
12 15
13 15
13 14
13 13
12 13
11 13
10 13
10 14
9 14
10 14
11 14
11 13
10 13
10 14
9 14
9 13
10 13
10 12
10 13
11 13
11 12
11 11
12 11
13 11
12 11
12 10
13 10
14 10
15 10
15 9
14 9
13 9
13 8
13 7
12 7
13 7
13 8
12 8
12 7
12 6
13 6
13 7
12 7
11 7
12 7
11 7
11 6
11 5
11 4
10 4
11 4
11 5
11 4
11 5
12 5
13 5
14 5
13 5
14 5
15 5
15 4
15 5
15 6
16 6
17 6
17 7
18 7
17 7
18 7
17 7
17 8
16 8
17 8
17 9
18 9
18 10
18 9
18 10
19 10
18 10
18 11
18 10
18 11
18 10
19 10
19 11
19 10
19 9
19 8
19 7
19 8
20 8
19 8
20 8
21 8
21 9
21 10
20 10
19 10
19 9
19 8
19 7
20 7
19 7
18 7
17 7
17 8
17 9
17 8
17 7
17 6
17 7
18 7
18 8
19 8
20 8
20 7
20 8
20 9
19 9
20 9
20 8
20 7
20 8
20 9
19 9
19 8
19 7
20 7
20 8
19 8
19 7
20 7
20 8
20 7
20 6
19 6
19 7
19 6
20 6
20 5
20 6
21 6
21 5
21 6
20 6
20 5
20 6
19 6
19 5
18 5
18 6
19 6
20 6
20 5
20 6
20 7
20 8
20 9
20 10
20 11
21 11
20 11
20 12
21 12
21 11
22 11
22 12
22 11
23 11
22 11
23 11
23 12
22 12
22 11
22 10
21 10
20 10
20 9
21 9
22 9
22 10
22 9
21 9
22 9
22 8
21 8
22 8
22 7
21 7
21 6
21 5
20 5
20 4
19 4
18 4
19 4
19 3
19 4
19 5
18 5
17 5
16 5
17 5
17 6
17 5
16 5
16 4
16 5
16 4
16 3
15 3
15 2
15 1
15 0
14 0
14 1
14 2
15 2
16 2
17 2
17 1
18 1
18 2
17 2
16 2
16 1
16 0
16 1
17 1
18 1
18 0
18 1
17 1
17 2
16 2
16 3
16 4
17 4
18 4
17 4
18 4
18 5
18 6
18 7
17 7
16 7
15 7
16 7
17 7
17 8
16 8
16 9
16 10
15 10
16 10
17 10
17 9
18 9
18 10
18 11
18 12
18 13
18 12
19 12
19 11
19 12
19 13
19 12
20 12
20 11
20 12
20 13
21 13
21 12
20 12
20 11
21 11
22 11
21 11
21 12
22 12
22 13
21 13
20 13
19 13
19 14
19 13
19 12
20 12
21 12
21 13
21 12
21 11
20 11
19 11
19 10
18 10
18 9
18 8
18 9
18 8
17 8
17 9
16 9
16 10
17 10
17 11
17 12
17 11
17 12
17 11
18 11
18 12
18 11
18 12
18 13
19 13
18 13
17 13
17 14
16 14
17 14
17 15
17 16
17 15
17 16
17 15
17 14
18 14
18 13
17 13
17 12
17 13
18 13
18 14
19 14
19 15
19 14
20 14
20 13
20 14
21 14
22 14
23 14
24 14
24 13
25 13
25 12
26 12
26 11
25 11
26 11
27 11
27 12
27 13
27 12
26 12
25 12
25 13
24 13
24 12
24 13
24 12
23 12
24 12
25 12
25 11
24 11
25 11
26 11
27 11
28 11
28 12
28 11
29 11
29 10
29 9
29 8
29 9
29 10
28 10
28 11
29 11
28 11
29 11
30 11
30 12
30 11
29 11
29 10
29 11
30 11
30 10
31 10
32 10
33 10
33 9
33 10
33 9
34 9
35 9
35 10
36 10
35 10
35 9
35 8
35 7
34 7
34 8
34 9
34 8
35 8
35 9
34 9
33 9
33 8
33 9
33 8
33 7
33 8
33 7
34 7
34 8
33 8
33 7
32 7
32 6
33 6
33 5
33 6
33 5
33 4
32 4
32 3
31 3
30 3
30 2
30 1
30 0
31 0
31 1
31 0
32 0
32 1
32 0
31 0
31 1
30 1
30 0
30 1
31 1
31 0
31 1
31 0
31 1
31 2
31 3
32 3
31 3
31 2
32 2
32 1
32 0
31 0
31 1
31 2
32 2
32 3
32 2
33 2
32 2
31 2
30 2
29 2
30 2
31 2
31 3
31 4
31 5
30 5
29 5
29 4
29 5
28 5
27 5
28 5
29 5
28 5
28 6
28 5
28 4
29 4
30 4
29 4
30 4
31 4
30 4
31 4
32 4
32 5
33 5
34 5
34 4
35 4
35 5
34 5
34 6
35 6
34 6
35 6
34 6
34 7
33 7
33 8
33 9
33 8
33 9
33 10
33 11
33 12
33 13
32 13
31 13
32 13
32 14
32 13
31 13
32 13
31 13
30 13
29 13
29 14
29 15
30 15
31 15
32 15
33 15
34 15
34 16
34 17
34 16
34 17
34 18
33 18
33 17
32 17
32 18
32 17
31 17
31 16
32 16
33 16
34 16
33 16
33 15
33 16
33 15
32 15
33 15
34 15
35 15
36 15
36 14
36 15
36 14
36 13
37 13
36 13
35 13
35 14
36 14
37 14
38 14
39 14
38 14
39 14
39 13
38 13
37 13
37 14
38 14
37 14
36 14
35 14
36 14
37 14
37 13
38 13
37 13
37 12
36 12
37 12
38 12
38 11
38 10
38 11
39 11
39 10
38 10
38 11
38 10
37 10
38 10
37 10
37 9
38 9
39 9
40 9
40 10
41 10
42 10
43 10
43 11
43 12
43 11
42 11
41 11
41 10
41 9
41 10
42 10
43 10
44 10
45 10
46 10
46 9
47 9
46 9
46 10
46 11
