0 0
0 1
1 1
1 2
1 1
1 2
1 3
2 3
3 3
4 3
4 4
5 4
5 5
5 6
6 6
6 5
6 4
6 5
5 5
4 5
4 6
4 5
5 5
4 5
3 5
3 4
3 5
4 5
3 5
3 4
2 4
2 3
3 3
3 2
4 2
3 2
3 3
3 4
2 4
1 4
0 4
1 4
1 5
0 5
1 5
1 6
1 7
1 6
0 6
0 5
0 6
0 5
0 6
0 7
1 7
2 7
3 7
3 8
3 7
3 6
4 6
5 6
5 5
5 4
5 3
5 4
6 4
5 4
5 5
5 4
5 5
6 5
5 5
4 5
4 6
5 6
5 7
5 8
6 8
6 7
7 7
7 6
8 6
8 7
7 7
7 8
6 8
6 7
5 7
5 6
6 6
6 5
6 4
6 3
7 3
7 2
7 1
7 2
6 2
7 2
7 1
6 1
5 1
4 1
4 0
4 1
4 0
3 0
3 1
2 1
1 1
1 2
2 2
2 3
3 3
4 3
4 4
4 5
3 5
3 4
4 4
4 3
5 3
6 3
6 2
5 2
5 1
4 1
4 0
4 1
3 1
3 2
3 1
3 0
3 1
3 2
4 2
5 2
6 2
6 3
7 3
7 2
7 1
7 0
7 1
7 0
8 0
8 1
9 1
9 0
10 0
11 0
12 0
13 0
13 1
14 1
14 2
14 1
14 2
14 1
13 1
12 1
12 2
12 3
12 4
12 5
12 6
12 7
12 8
13 8
12 8
11 8
11 9
10 9
10 8
10 7
9 7
10 7
11 7
11 8
11 9
12 9
11 9
11 10
12 10
11 10
12 10
12 11
12 12
13 12
13 11
12 11
11 11
11 12
11 11
11 12
10 12
9 12
9 11
10 11
10 10
11 10
11 11
11 12
10 12
11 12
10 12
10 13
10 14
9 14
10 14
10 15
9 15
10 15
10 14
10 15
11 15
11 14
11 15
10 15
9 15
9 16
9 15
9 14
9 15
10 15
10 16
10 17
10 18
9 18
9 17
9 18
9 17
8 17
9 17
10 17
10 16
10 15
10 14
10 15
9 15
10 15
11 15
11 14
11 15
11 16
10 16
10 17
10 18
11 18
10 18
11 18
10 18
10 19
9 19
10 19
11 19
11 18
12 18
12 19
13 19
13 20
12 20
13 20
14 20
14 19
14 18
13 18
13 19
13 20
13 21
14 21
14 22
13 22
12 22
12 23
12 24
12 25
12 24
13 24
13 25
13 24
12 24
11 24
11 25
11 24
11 25
11 26
10 26
9 26
9 27
9 28
9 27
8 27
9 27
8 27
9 27
9 26
9 27
9 28
8 28
8 29
8 28
9 28
10 28
10 29
9 29
9 28
9 27
8 27
9 27
8 27
8 26
7 26
7 27
7 26
8 26
9 26
9 27
10 27
10 26
10 27
11 27
12 27
13 27
12 27
13 27
12 27
11 27
11 28
12 28
13 28
13 27
14 27
15 27
16 27
16 28
16 27
15 27
16 27
16 28
16 27
15 27
15 26
15 25
14 25
14 26
13 26
14 26
13 26
14 26
15 26
15 25
16 25
16 26
16 27
16 28
15 28
15 29
14 29
13 29
14 29
15 29
14 29
14 28
14 27
15 27
16 27
17 27
17 28
16 28
16 27
16 26
16 27
15 27
15 26
15 27
15 26
14 26
14 25
13 25
12 25
12 24
13 24
14 24
15 24
15 25
15 24
16 24
17 24
17 23
16 23
16 24
16 25
16 24
17 24
17 23
17 24
17 25
17 24
17 25
18 25
18 26
19 26
19 25
19 26
18 26
17 26
18 26
19 26
18 26
19 26
18 26
18 25
17 25
17 24
17 23
16 23
15 23
15 24
15 25
15 26
15 25
14 25
14 24
15 24
14 24
14 25
13 25
14 25
15 25
15 26
14 26
14 27
14 26
14 27
13 27
12 27
12 26
12 27
12 28
12 29
12 28
12 29
12 28
12 27
11 27
11 26
11 25
11 26
11 27
11 26
10 26
10 27
10 26
10 25
10 26
11 26
10 26
10 25
10 24
10 25
10 24
10 25
9 25
9 24
10 24
9 24
9 23
8 23
8 24
7 24
7 23
6 23
6 24
7 24
7 23
7 24
7 25
8 25
9 25
10 25
10 24
11 24
11 25
10 25
9 25
10 25
10 24
9 24
9 25
9 24
10 24
10 23
9 23
10 23
11 23
12 23
13 23
12 23
13 23
13 24
12 24
11 24
11 25
12 25
11 25
10 25
11 25
11 24
12 24
12 23
13 23
13 24
12 24
13 24
13 23
13 24
13 25
14 25
14 24
15 24
15 25
14 25
15 25
16 25
16 26
15 26
14 26
13 26
12 26
12 27
12 28
11 28
12 28
12 29
13 29
13 28
13 29
13 28
13 29
13 28
12 28
12 29
12 30
13 30
14 30
14 31
13 31
13 30
12 30
11 30
11 29
11 30
11 29
12 29
13 29
12 29
11 29
10 29
10 28
10 29
10 28
9 28
9 27
9 28
8 28
9 28
8 28
9 28
10 28
11 28
11 27
10 27
10 28
10 27
9 27
10 27
10 28
9 28
10 28
11 28
12 28
11 28
11 29
11 28
12 28
12 27
12 26
13 26
14 26
14 27
15 27
14 27
13 27
14 27
14 26
14 25
13 25
14 25
15 25
16 25
16 24
16 25
16 24
17 24
17 25
17 24
18 24
18 23
18 24
17 24
17 25
16 25
16 26
15 26
16 26
16 27
15 27
15 26
15 25
14 25
13 25
13 26
13 27
13 28
12 28
13 28
13 27
13 26
12 26
11 26
11 27
11 26
11 25
11 26
10 26
10 25
9 25
10 25
10 24
11 24
11 23
12 23
13 23
13 24
13 23
14 23
14 22
14 21
15 21
14 21
13 21
12 21
12 20
11 20
11 19
10 19
9 19
9 20
9 21
10 21
10 22
11 22
11 23
11 22
12 22
11 22
12 22
12 23
13 23
13 24
12 24
13 24
13 23
13 22
13 21
13 20
14 20
13 20
13 19
12 19
13 19
12 19
11 19
11 20
10 20
11 20
11 19
10 19
10 20
9 20
10 20
11 20
11 21
11 22
11 23
11 24
11 25
10 25
10 26
10 25
9 25
9 26
9 25
9 26
10 26
10 25
9 25
10 25
10 24
11 24
11 23
10 23
9 23
9 24
9 23
9 24
10 24
10 25
10 26
10 25
10 26
10 25
11 25
12 25
12 24
11 24
12 24
13 24
14 24
14 25
13 25
13 26
13 25
14 25
14 26
14 25
13 25
14 25
14 26
14 27
15 27
14 27
14 28
13 28
13 29
12 29
13 29
12 29
11 29
10 29
9 29
10 29
10 30
11 30
11 29
11 30
11 31
11 32
11 33
12 33
12 32
12 33
11 33
10 33
10 32
10 33
11 33
11 34
11 33
11 32
10 32
9 32
9 31
10 31
9 31
10 31
10 30
11 30
10 30
10 31
10 32
9 32
9 31
10 31
9 31
8 31
7 31
7 30
8 30
9 30
9 29
8 29
7 29
7 30
7 29
6 29
7 29
7 30
8 30
9 30
9 31
9 32
9 31
9 32
9 31
8 31
8 32
7 32
7 31
8 31
9 31
9 30
9 29
9 28
9 29
10 29
11 29
10 29
10 28
9 28
9 29
9 30
8 30
9 30
10 30
10 31
10 32
9 32
10 32
10 33
9 33
10 33
11 33
11 34
12 34
11 34
10 34
10 35
10 34
10 33
10 32
11 32
10 32
10 33
10 34
11 34
11 35
11 34
10 34
11 34
11 35
10 35
10 36
9 36
9 35
9 36
10 36
9 36
9 35
10 35
9 35
9 34
9 35
9 34
9 33
10 33
10 32
9 32
9 33
8 33
8 32
8 33
8 34
8 35
7 35
7 36
6 36
6 35
5 35
5 36
6 36
7 36
8 36
9 36
8 36
9 36
8 36
7 36
6 36
5 36
5 37
6 37
6 36
7 36
8 36
8 35
8 34
7 34
8 34
8 33
9 33
9 32
9 33
8 33
8 34
8 33
8 32
7 32
7 33
7 34
7 35
6 35
5 35
6 35
6 34
6 35
7 35
8 35
8 36
8 37
8 36
9 36
9 35
9 34
8 34
9 34
8 34
8 35
7 35
6 35
6 36
5 36
5 35
5 34
6 34
7 34
8 34
8 35
7 35
8 35
7 35
7 34
7 35
8 35
9 35
8 35
9 35
9 36
8 36
9 36
8 36
8 37
8 38
8 37
9 37
9 36
9 35
8 35
7 35
7 36
7 35
7 36
8 36
7 36
8 36
8 37
7 37
6 37
5 37
5 38
4 38
3 38
4 38
5 38
5 39
5 38
5 39
4 39
5 39
6 39
5 39
5 38
6 38
5 38
5 37
4 37
3 37
4 37
3 37
2 37
3 37
4 37
5 37
5 36
6 36
6 37
5 37
5 36
