0 0
1 0
1 1
1 0
2 0
3 0
2 0
3 0
3 1
3 2
2 2
2 3
2 4
3 4
3 5
3 4
3 3
4 3
5 3
4 3
4 2
4 3
4 4
4 5
3 5
3 6
3 7
3 8
2 8
3 8
2 8
2 7
3 7
2 7
2 8
1 8
2 8
2 7
3 7
4 7
4 6
4 5
4 4
4 3
4 2
4 1
3 1
2 1
1 1
1 2
0 2
1 2
0 2
1 2
1 3
0 3
0 4
0 5
0 4
0 3
0 2
1 2
1 1
2 1
2 0
2 1
3 1
3 0
3 1
2 1
1 1
0 1
0 2
1 2
2 2
3 2
2 2
3 2
4 2
3 2
3 3
3 2
4 2
4 1
5 1
5 2
6 2
6 1
5 1
5 0
4 0
4 1
5 1
5 2
6 2
5 2
5 1
5 0
5 1
5 0
4 0
4 1
4 2
4 3
3 3
2 3
2 4
2 3
1 3
1 2
1 1
1 2
1 3
1 2
0 2
0 1
0 2
0 3
1 3
2 3
2 2
2 1
2 0
1 0
0 0
1 0
0 0
0 1
1 1
2 1
2 0
2 1
1 1
1 0
1 1
0 1
0 2
1 2
1 1
0 1
1 1
2 1
1 1
2 1
2 2
3 2
2 2
3 2
4 2
5 2
6 2
7 2
6 2
7 2
8 2
8 1
8 2
9 2
9 1
9 2
9 3
8 3
7 3
7 4
7 3
7 2
6 2
6 1
6 0
7 0
7 1
7 2
8 2
8 3
8 4
8 5
8 6
8 7
8 8
8 9
9 9
9 8
9 7
9 6
10 6
11 6
11 5
10 5
9 5
9 6
8 6
9 6
8 6
8 5
7 5
7 6
7 7
7 6
7 5
7 6
8 6
8 7
8 6
8 7
8 6
9 6
8 6
8 5
8 6
8 5
8 6
9 6
10 6
9 6
9 5
9 6
9 7
9 8
9 7
8 7
9 7
10 7
9 7
9 8
9 9
9 8
9 7
8 7
8 6
9 6
9 7
9 6
9 7
8 7
9 7
9 6
10 6
10 7
10 6
10 7
11 7
12 7
12 6
12 5
11 5
10 5
10 6
10 7
11 7
10 7
11 7
10 7
10 8
10 7
10 6
11 6
11 7
11 6
12 6
13 6
13 5
13 6
13 7
13 8
14 8
14 9
13 9
12 9
11 9
12 9
12 8
11 8
11 9
12 9
13 9
13 10
14 10
13 10
14 10
15 10
15 9
15 8
15 7
15 6
15 7
15 8
16 8
17 8
18 8
19 8
19 9
19 10
19 9
18 9
18 8
18 7
19 7
18 7
18 6
17 6
18 6
19 6
19 7
19 6
19 7
19 8
20 8
20 7
19 7
19 8
19 9
18 9
17 9
18 9
17 9
17 10
16 10
16 11
16 10
16 9
17 9
17 8
17 7
18 7
17 7
17 8
18 8
19 8
19 9
18 9
17 9
16 9
16 10
15 10
15 11
15 12
14 12
15 12
15 11
15 12
15 13
16 13
17 13
16 13
16 14
16 15
16 16
16 15
15 15
14 15
15 15
14 15
13 15
13 16
14 16
15 16
14 16
14 15
13 15
13 16
12 16
13 16
14 16
14 17
13 17
12 17
12 18
11 18
11 19
10 19
10 18
9 18
8 18
8 17
9 17
9 16
9 17
9 18
9 19
9 20
10 20
10 21
11 21
12 21
12 22
13 22
13 23
12 23
12 22
13 22
13 23
13 22
13 21
13 22
13 21
13 20
14 20
14 21
14 22
13 22
13 23
13 24
13 25
13 26
14 26
15 26
14 26
15 26
15 25
15 26
14 26
14 27
15 27
15 26
15 25
15 26
16 26
16 27
16 28
16 27
16 28
17 28
17 29
17 28
17 29
18 29
18 30
18 31
17 31
17 30
16 30
17 30
17 31
17 32
18 32
19 32
20 32
20 33
21 33
20 33
20 32
20 31
20 30
20 31
19 31
19 32
20 32
21 32
21 31
20 31
20 30
19 30
19 29
19 30
19 31
18 31
18 30
17 30
18 30
18 29
19 29
19 30
20 30
19 30
19 31
18 31
19 31
19 32
18 32
19 32
18 32
17 32
17 31
17 32
16 32
16 31
17 31
16 31
17 31
16 31
16 32
16 33
15 33
15 32
14 32
13 32
13 33
14 33
14 32
14 31
13 31
12 31
11 31
11 30
12 30
13 30
13 29
13 30
14 30
13 30
13 29
13 28
14 28
15 28
14 28
13 28
13 27
13 26
12 26
12 27
12 26
12 27
11 27
12 27
12 26
11 26
11 27
11 28
11 27
11 26
11 27
11 26
10 26
10 25
10 24
9 24
10 24
10 23
10 24
10 23
9 23
9 24
9 23
8 23
8 24
8 25
8 26
8 25
7 25
7 24
7 23
8 23
8 22
7 22
7 21
8 21
8 20
7 20
6 20
7 20
6 20
7 20
8 20
7 20
6 20
6 21
6 20
6 19
5 19
4 19
4 20
5 20
5 19
5 20
5 19
5 20
6 20
6 19
7 19
8 19
9 19
9 18
9 19
9 20
9 19
9 20
10 20
10 19
9 19
9 20
9 19
8 19
8 20
9 20
9 19
9 20
9 19
9 18
9 17
9 16
9 15
9 16
8 16
9 16
10 16
10 15
10 16
10 15
9 15
9 14
9 15
9 16
9 15
10 15
10 14
10 13
10 14
9 14
9 13
9 14
10 14
11 14
11 13
11 14
10 14
10 13
10 14
9 14
9 15
8 15
9 15
9 14
8 14
8 15
7 15
7 14
6 14
5 14
5 13
5 14
5 13
5 14
5 13
4 13
3 13
4 13
4 14
3 14
3 15
3 16
3 15
2 15
3 15
4 15
5 15
6 15
5 15
5 14
5 15
4 15
4 14
4 13
5 13
6 13
6 14
6 15
6 14
7 14
8 14
9 14
8 14
8 15
7 15
7 14
8 14
8 15
8 14
9 14
8 14
8 15
7 15
7 14
7 15
7 16
7 15
7 14
6 14
5 14
5 13
5 14
5 15
4 15
3 15
2 15
2 16
3 16
3 15
3 16
2 16
3 16
4 16
3 16
4 16
4 17
3 17
3 18
4 18
4 17
5 17
6 17
7 17
8 17
9 17
8 17
7 17
6 17
5 17
5 16
4 16
5 16
6 16
6 15
5 15
5 16
5 15
6 15
6 14
5 14
6 14
6 13
6 12
6 13
5 13
4 13
5 13
5 12
5 13
5 14
5 15
6 15
6 16
6 15
7 15
6 15
6 16
5 16
4 16
4 15
4 16
4 17
4 18
5 18
5 17
5 18
4 18
3 18
3 17
2 17
2 16
2 15
1 15
2 15
1 15
1 16
2 16
2 17
2 16
2 17
3 17
3 16
3 17
4 17
3 17
2 17
1 17
2 17
3 17
4 17
3 17
2 17
3 17
2 17
2 16
2 15
3 15
4 15
3 15
3 14
4 14
5 14
5 15
5 16
5 17
5 16
6 16
6 15
6 14
6 15
7 15
8 15
9 15
9 16
8 16
8 17
9 17
9 18
10 18
10 19
9 19
8 19
9 19
10 19
10 20
11 20
10 20
10 19
9 19
8 19
8 20
7 20
7 21
7 20
7 19
7 18
6 18
5 18
5 17
6 17
6 16
7 16
7 17
8 17
8 16
8 17
8 18
8 19
8 18
9 18
8 18
8 19
7 19
6 19
6 20
5 20
4 20
3 20
3 19
2 19
2 20
2 21
2 22
3 22
3 23
3 24
4 24
4 25
5 25
4 25
4 26
5 26
4 26
5 26
6 26
6 25
6 24
6 25
6 26
6 25
6 26
6 27
7 27
8 27
8 26
8 27
9 27
10 27
9 27
9 26
10 26
10 25
11 25
11 26
11 25
12 25
13 25
12 25
12 26
12 25
11 25
11 26
11 27
10 27
10 28
10 27
10 26
10 27
10 26
11 26
11 27
12 27
11 27
10 27
9 27
9 28
9 29
9 30
10 30
10 31
11 31
10 31
9 31
10 31
9 31
9 32
10 32
10 33
10 32
10 31
10 32
9 32
10 32
9 32
9 31
8 31
7 31
6 31
5 31
5 32
6 32
7 32
7 31
7 32
8 32
8 31
8 30
9 30
9 31
9 32
10 32
10 31
9 31
10 31
10 30
10 31
11 31
11 32
11 33
10 33
10 34
10 35
10 34
10 33
10 34
10 35
9 35
9 36
9 35
10 35
10 34
10 33
10 34
10 35
9 35
9 34
8 34
9 34
10 34
9 34
9 33
8 33
8 32
8 33
8 32
7 32
8 32
8 31
7 31
7 30
6 30
6 29
5 29
6 29
6 30
7 30
7 31
7 30
6 30
7 30
7 31
7 32
7 33
7 32
7 33
7 34
7 35
8 35
8 36
8 37
8 36
8 37
8 36
7 36
8 36
7 36
8 36
7 36
6 36
5 36
5 35
5 36
