0 0
0 1
1 1
1 0
0 0
0 1
0 2
0 3
1 3
2 3
3 3
2 3
2 4
3 4
3 3
4 3
4 4
4 5
4 6
3 6
3 7
4 7
4 6
4 7
4 6
3 6
3 7
3 6
3 7
4 7
4 8
5 8
6 8
5 8
5 7
5 8
4 8
4 9
4 8
4 9
4 8
3 8
4 8
4 7
4 8
5 8
4 8
3 8
2 8
2 7
3 7
3 8
3 9
4 9
3 9
2 9
3 9
3 8
3 7
4 7
3 7
2 7
1 7
1 8
2 8
2 9
2 10
1 10
2 10
1 10
2 10
2 9
1 9
2 9
2 10
1 10
0 10
1 10
2 10
2 9
2 10
3 10
2 10
1 10
0 10
0 9
1 9
0 9
0 8
1 8
1 9
0 9
0 8
1 8
1 9
1 8
1 9
1 8
1 7
1 8
1 7
1 6
1 7
1 8
1 7
2 7
2 6
1 6
0 6
1 6
2 6
3 6
3 5
4 5
3 5
4 5
4 4
5 4
6 4
5 4
5 3
5 2
5 1
6 1
7 1
6 1
7 1
6 1
5 1
5 2
5 1
4 1
3 1
4 1
5 1
5 2
4 2
3 2
2 2
3 2
3 1
3 0
2 0
3 0
2 0
2 1
3 1
2 1
2 2
2 1
1 1
1 2
0 2
1 2
1 3
1 4
1 5
1 6
2 6
2 7
2 6
2 7
3 7
4 7
3 7
3 8
3 9
3 10
3 9
3 8
3 7
4 7
5 7
5 8
6 8
6 9
6 8
7 8
7 9
7 8
8 8
9 8
8 8
9 8
9 7
10 7
9 7
9 8
10 8
10 7
9 7
9 8
9 7
9 6
8 6
8 7
8 6
8 5
9 5
8 5
9 5
10 5
9 5
9 6
8 6
9 6
8 6
9 6
9 5
8 5
8 4
8 5
9 5
9 4
9 5
10 5
10 4
10 3
11 3
11 4
10 4
11 4
10 4
9 4
9 5
8 5
9 5
8 5
9 5
10 5
10 6
10 7
10 6
9 6
10 6
10 5
10 4
10 3
10 4
10 5
11 5
11 6
12 6
13 6
13 5
12 5
12 6
13 6
13 7
12 7
12 8
12 7
12 8
12 7
13 7
14 7
14 8
13 8
13 7
13 8
14 8
13 8
12 8
12 7
11 7
12 7
13 7
13 8
13 7
12 7
12 8
12 7
12 8
11 8
11 7
11 8
11 7
12 7
12 8
12 9
11 9
11 10
10 10
11 10
12 10
12 9
11 9
12 9
11 9
11 8
11 9
10 9
10 8
10 7
10 6
11 6
11 5
11 6
11 7
12 7
12 8
12 7
12 6
13 6
13 5
13 6
13 5
13 4
14 4
15 4
15 3
16 3
16 2
16 1
15 1
15 2
15 3
14 3
14 4
15 4
15 3
15 4
15 5
16 5
16 6
15 6
14 6
14 5
14 4
14 3
14 4
15 4
16 4
17 4
16 4
17 4
16 4
15 4
16 4
15 4
14 4
13 4
13 3
14 3
14 4
14 3
14 4
13 4
13 5
14 5
15 5
15 6
16 6
16 5
16 6
16 5
16 6
15 6
15 5
14 5
13 5
14 5
14 6
14 5
13 5
13 4
14 4
14 5
13 5
12 5
12 4
12 5
11 5
10 5
10 6
9 6
8 6
7 6
7 7
6 7
7 7
8 7
8 6
8 7
9 7
8 7
8 6
9 6
9 5
10 5
9 5
8 5
8 6
9 6
10 6
9 6
8 6
7 6
6 6
7 6
6 6
5 6
5 7
6 7
6 8
7 8
7 7
7 8
7 9
7 8
7 7
8 7
7 7
8 7
9 7
10 7
11 7
12 7
12 6
12 7
13 7
13 6
13 7
14 7
14 8
15 8
14 8
14 7
14 6
14 5
15 5
16 5
15 5
15 4
14 4
13 4
14 4
13 4
13 5
12 5
12 4
11 4
10 4
10 5
10 6
9 6
9 7
8 7
8 8
8 9
8 8
9 8
9 9
10 9
9 9
10 9
11 9
12 9
12 10
12 9
12 10
12 11
13 11
13 10
14 10
13 10
13 11
12 11
11 11
10 11
9 11
8 11
8 10
8 11
7 11
8 11
8 12
7 12
8 12
8 13
8 14
7 14
7 13
6 13
7 13
6 13
6 12
5 12
4 12
5 12
4 12
4 13
4 12
3 12
4 12
4 11
4 12
4 11
5 11
6 11
7 11
7 12
8 12
8 13
8 12
7 12
7 13
8 13
8 14
8 15
9 15
9 14
8 14
8 15
8 16
8 15
8 14
7 14
8 14
8 15
9 15
9 16
9 17
9 18
9 17
9 16
9 17
10 17
10 18
10 19
9 19
9 20
9 19
8 19
7 19
6 19
5 19
4 19
3 19
4 19
4 18
3 18
2 18
2 19
2 18
2 17
2 18
2 19
1 19
0 19
0 18
0 19
0 20
0 19
0 20
0 21
0 22
1 22
2 22
1 22
1 23
1 24
0 24
0 25
1 25
2 25
2 24
1 24
1 25
2 25
3 25
3 24
3 25
2 25
2 26
1 26
1 27
1 28
1 27
0 27
0 28
0 27
1 27
1 26
0 26
0 27
0 28
0 27
1 27
0 27
0 28
1 28
2 28
2 27
3 27
2 27
2 26
1 26
1 27
0 27
1 27
1 26
1 27
1 26
0 26
1 26
1 27
1 28
1 29
1 30
1 31
2 31
3 31
2 31
1 31
1 32
1 33
0 33
1 33
0 33
1 33
1 34
2 34
2 33
1 33
1 34
1 35
2 35
1 35
1 34
2 34
2 33
2 32
2 31
2 32
2 33
3 33
4 33
4 34
3 34
3 35
2 35
1 35
1 34
1 33
1 34
0 34
0 35
1 35
0 35
0 34
1 34
1 35
0 35
0 36
0 37
1 37
2 37
1 37
0 37
0 36
0 35
1 35
2 35
3 35
4 35
4 36
4 37
4 36
3 36
3 37
4 37
4 38
4 37
5 37
6 37
6 38
7 38
7 37
8 37
7 37
8 37
9 37
9 38
9 39
9 38
8 38
8 39
7 39
7 40
7 41
6 41
5 41
4 41
3 41
4 41
4 40
4 41
5 41
4 41
4 40
4 39
4 38
3 38
3 37
3 36
3 35
3 34
3 33
2 33
2 32
2 31
2 32
2 31
1 31
1 32
1 31
2 31
2 32
3 32
2 32
3 32
3 31
4 31
4 30
4 31
3 31
4 31
4 30
3 30
3 29
4 29
3 29
3 30
2 30
3 30
4 30
4 31
5 31
4 31
5 31
5 32
5 31
6 31
6 32
6 31
5 31
6 31
7 31
7 30
8 30
7 30
7 29
6 29
6 30
6 29
6 30
7 30
7 29
7 30
8 30
8 29
8 28
8 29
9 29
8 29
7 29
7 28
8 28
8 29
8 28
7 28
7 29
8 29
8 28
9 28
8 28
8 27
8 28
8 27
8 26
8 25
9 25
9 24
9 25
9 24
9 25
10 25
9 25
9 24
9 23
9 24
9 23
9 22
9 21
9 20
9 21
8 21
8 22
8 23
8 22
9 22
10 22
9 22
8 22
9 22
8 22
8 21
7 21
8 21
8 20
9 20
9 21
8 21
9 21
9 20
9 21
9 20
9 21
8 21
9 21
8 21
8 20
7 20
6 20
6 19
6 18
7 18
7 19
8 19
7 19
7 18
6 18
7 18
7 19
7 18
8 18
8 17
8 18
8 17
9 17
8 17
8 16
8 17
8 16
9 16
9 15
10 15
9 15
9 14
8 14
7 14
6 14
6 13
6 12
7 12
8 12
8 13
8 12
9 12
10 12
9 12
9 13
9 14
9 13
8 13
8 12
9 12
8 12
8 13
8 14
9 14
10 14
10 13
11 13
12 13
13 13
13 14
13 15
13 16
13 15
13 14
13 15
12 15
13 15
12 15
12 16
12 15
13 15
13 14
13 15
12 15
13 15
14 15
14 16
15 16
14 16
13 16
13 15
14 15
13 15
14 15
13 15
13 16
13 15
12 15
12 16
11 16
12 16
11 16
12 16
12 17
13 17
14 17
15 17
15 16
15 15
15 14
15 15
16 15
17 15
17 14
17 13
18 13
18 14
18 15
18 14
18 13
18 14
19 14
20 14
21 14
21 13
21 14
21 15
21 16
21 17
22 17
22 18
21 18
21 17
21 18
21 19
21 20
21 19
21 18
21 17
21 18
20 18
21 18
20 18
19 18
19 17
18 17
17 17
18 17
17 17
17 16
16 16
16 17
16 18
16 17
15 17
15 18
15 17
15 18
16 18
15 18
15 19
16 19
16 18
17 18
17 17
16 17
15 17
15 18
16 18
16 17
16 16
16 17
17 17
17 18
18 18
17 18
17 17
17 18
16 18
16 17
17 17
18 17
18 16
17 16
16 16
16 15
16 14
17 14
17 13
17 12
17 13
17 12
