0 0
1 0
1 1
1 0
0 0
1 0
2 0
2 1
1 1
0 1
1 1
2 1
3 1
3 0
4 0
5 0
6 0
6 1
7 1
7 0
7 1
8 1
7 1
7 2
7 3
8 3
8 4
8 3
7 3
7 4
8 4
9 4
10 4
10 5
10 4
11 4
10 4
11 4
10 4
11 4
10 4
10 3
11 3
11 2
12 2
13 2
13 3
14 3
14 4
13 4
13 3
13 2
13 1
12 1
13 1
13 0
13 1
13 0
12 0
12 1
12 0
13 0
13 1
14 1
14 0
15 0
16 0
16 1
15 1
14 1
14 0
15 0
14 0
14 1
14 2
14 1
15 1
14 1
14 0
13 0
12 0
12 1
13 1
13 2
12 2
12 3
13 3
14 3
13 3
14 3
13 3
13 4
14 4
15 4
16 4
16 5
17 5
16 5
17 5
17 6
16 6
16 5
17 5
17 6
18 6
19 6
19 7
19 6
19 7
20 7
20 6
21 6
21 7
21 8
20 8
20 9
20 8
19 8
19 7
18 7
19 7
19 8
18 8
19 8
19 9
19 10
18 10
19 10
20 10
19 10
19 11
18 11
19 11
19 10
20 10
20 9
21 9
21 8
21 7
21 8
20 8
20 9
20 10
19 10
18 10
18 11
18 12
19 12
20 12
19 12
19 11
19 10
19 9
18 9
18 8
18 9
18 8
19 8
19 9
19 8
18 8
19 8
19 9
19 8
19 7
18 7
19 7
18 7
19 7
19 8
20 8
21 8
22 8
22 9
21 9
20 9
21 9
22 9
21 9
20 9
19 9
19 8
20 8
21 8
22 8
21 8
22 8
22 9
23 9
24 9
24 10
24 9
24 10
24 11
25 11
25 10
25 11
25 12
26 12
27 12
28 12
27 12
26 12
27 12
28 12
29 12
30 12
29 12
28 12
29 12
29 11
30 11
30 10
30 11
30 12
29 12
28 12
29 12
28 12
27 12
27 11
26 11
26 12
26 13
26 14
27 14
26 14
25 14
25 13
25 14
25 15
25 14
24 14
25 14
25 13
25 12
25 11
26 11
26 12
25 12
25 13
25 12
26 12
26 13
26 14
26 15
27 15
27 16
27 17
27 18
28 18
29 18
29 17
29 18
28 18
27 18
28 18
28 19
29 19
30 19
30 18
30 17
30 16
29 16
30 16
29 16
28 16
28 15
28 14
27 14
27 15
28 15
29 15
30 15
29 15
30 15
30 14
30 13
30 14
31 14
32 14
31 14
32 14
31 14
32 14
32 15
31 15
30 15
30 14
31 14
32 14
33 14
32 14
31 14
30 14
29 14
29 15
29 16
30 16
30 15
30 14
29 14
29 13
30 13
30 12
29 12
28 12
28 13
28 14
27 14
27 15
28 15
27 15
28 15
29 15
29 14
29 15
28 15
28 16
28 15
28 14
29 14
29 15
30 15
31 15
32 15
33 15
33 14
33 13
34 13
35 13
34 13
34 12
33 12
32 12
31 12
30 12
30 11
31 11
31 10
30 10
31 10
31 9
31 8
31 7
31 6
31 7
30 7
29 7
28 7
29 7
29 6
29 7
29 8
28 8
27 8
27 9
28 9
29 9
30 9
29 9
29 10
28 10
27 10
27 11
26 11
25 11
25 10
25 11
25 12
24 12
25 12
25 11
24 11
24 10
25 10
24 10
24 11
24 12
23 12
24 12
24 11
24 10
25 10
26 10
27 10
28 10
27 10
27 11
28 11
28 10
29 10
30 10
30 9
30 10
29 10
30 10
30 9
30 10
29 10
30 10
29 10
30 10
30 11
30 12
31 12
32 12
33 12
33 13
34 13
35 13
34 13
34 12
34 11
35 11
36 11
35 11
35 10
36 10
37 10
36 10
35 10
35 9
36 9
37 9
38 9
39 9
39 8
38 8
38 7
38 8
38 7
38 8
37 8
37 7
36 7
36 8
36 7
37 7
36 7
36 6
36 5
37 5
37 6
37 7
37 6
37 7
37 6
37 7
38 7
39 7
39 8
40 8
40 9
41 9
42 9
42 10
41 10
41 9
41 10
42 10
42 11
42 12
42 11
42 10
41 10
40 10
40 11
40 12
40 11
40 12
40 13
39 13
40 13
40 14
40 15
40 14
41 14
41 13
42 13
42 12
43 12
43 13
42 13
41 13
41 12
40 12
41 12
42 12
41 12
40 12
39 12
39 11
40 11
40 12
40 13
40 14
40 13
39 13
39 12
38 12
38 11
38 10
38 9
38 8
38 7
37 7
37 6
38 6
38 7
39 7
38 7
37 7
36 7
36 6
36 7
36 6
36 5
36 6
35 6
36 6
35 6
34 6
35 6
36 6
36 5
35 5
35 4
34 4
33 4
32 4
33 4
33 5
34 5
34 4
35 4
34 4
34 5
35 5
36 5
36 6
35 6
35 5
35 6
36 6
37 6
38 6
38 5
38 6
38 7
37 7
38 7
39 7
40 7
41 7
41 6
41 5
41 4
41 3
40 3
40 4
41 4
41 3
40 3
40 2
39 2
40 2
39 2
40 2
40 1
40 0
40 1
40 2
40 1
40 0
39 0
38 0
38 1
39 1
40 1
40 2
41 2
40 2
40 1
39 1
39 0
39 1
39 2
40 2
41 2
42 2
41 2
40 2
40 1
40 2
39 2
39 3
39 2
38 2
37 2
37 1
36 1
35 1
36 1
36 2
35 2
35 3
35 2
35 3
35 2
34 2
34 3
33 3
32 3
32 2
32 1
32 2
31 2
31 1
31 2
31 1
31 0
30 0
31 0
32 0
32 1
32 2
33 2
32 2
31 2
31 1
32 1
32 2
32 1
31 1
31 2
31 1
31 0
31 1
32 1
31 1
31 2
30 2
31 2
30 2
30 3
30 2
30 3
31 3
31 4
31 3
31 4
30 4
30 3
30 2
30 3
29 3
30 3
31 3
32 3
31 3
31 2
31 1
31 2
31 3
32 3
31 3
30 3
31 3
32 3
32 4
31 4
31 3
31 4
31 5
31 6
31 5
30 5
30 4
29 4
29 5
30 5
29 5
29 4
30 4
30 3
30 4
30 3
30 4
31 4
32 4
33 4
33 5
34 5
33 5
33 4
32 4
31 4
30 4
30 5
30 6
30 5
29 5
29 6
30 6
29 6
29 5
29 4
29 3
29 2
30 2
30 1
31 1
31 2
31 1
31 2
31 3
31 2
31 3
30 3
30 4
31 4
31 3
32 3
33 3
33 4
33 5
33 4
34 4
33 4
34 4
34 5
33 5
34 5
35 5
34 5
35 5
34 5
34 4
34 3
34 2
35 2
34 2
34 1
34 2
35 2
36 2
36 1
37 1
38 1
38 2
38 3
37 3
37 2
36 2
35 2
35 1
34 1
34 0
34 1
35 1
34 1
35 1
35 0
35 1
34 1
34 2
34 3
35 3
35 2
35 3
36 3
36 2
36 1
36 0
37 0
38 0
38 1
37 1
38 1
39 1
40 1
40 0
40 1
40 0
39 0
38 0
39 0
39 1
40 1
39 1
39 0
40 0
41 0
42 0
43 0
43 1
43 0
42 0
43 0
43 1
43 0
43 1
43 2
42 2
42 3
42 4
42 5
41 5
40 5
40 6
39 6
38 6
37 6
37 5
37 4
37 3
36 3
37 3
38 3
38 2
38 3
37 3
36 3
36 4
37 4
36 4
35 4
34 4
33 4
32 4
32 5
31 5
31 6
31 7
31 6
30 6
30 7
30 6
31 6
30 6
31 6
31 7
32 7
32 8
33 8
33 7
32 7
33 7
33 6
34 6
34 7
33 7
33 8
33 9
33 10
34 10
34 9
34 8
35 8
35 7
35 6
35 7
35 8
35 9
34 9
33 9
34 9
34 8
33 8
33 7
33 6
33 7
34 7
34 6
35 6
35 5
35 4
34 4
34 5
35 5
35 6
35 7
36 7
37 7
38 7
37 7
36 7
35 7
36 7
36 8
35 8
34 8
35 8
35 9
35 10
35 11
35 12
34 12
34 13
35 13
36 13
35 13
34 13
35 13
36 13
35 13
35 14
36 14
36 13
36 14
37 14
36 14
37 14
38 14
38 15
39 15
39 16
39 15
40 15
40 16
39 16
40 16
39 16
40 16
40 17
40 18
40 17
40 18
40 19
41 19
41 20
41 19
40 19
40 18
39 18
40 18
40 19
41 19
41 20
41 21
41 22
42 22
43 22
44 22
44 23
43 23
44 23
44 22
43 22
44 22
43 22
42 22
41 22
40 22
39 22
38 22
38 23
37 23
36 23
36 24
35 24
35 25
36 25
36 26
36 25
35 25
34 25
34 26
34 25
33 25
32 25
32 24
33 24
33 23
33 22
33 23
33 22
33 23
32 23
32 24
31 24
32 24
32 25
32 26
32 25
31 25
32 25
33 25
33 24
33 25
32 25
32 26
32 27
33 27
33 28
33 29
32 29
32 28
31 28
