0 0
0 1
1 1
1 2
0 2
1 2
0 2
0 3
1 3
1 4
1 5
2 5
2 6
1 6
0 6
1 6
0 6
1 6
1 7
1 6
2 6
3 6
3 5
3 4
3 5
3 6
4 6
4 7
4 8
3 8
3 7
4 7
4 8
4 7
4 8
4 7
3 7
3 8
2 8
1 8
1 9
0 9
1 9
0 9
0 8
1 8
1 7
2 7
3 7
4 7
4 6
3 6
3 7
3 8
3 7
3 6
4 6
4 7
4 6
4 5
4 4
5 4
5 3
6 3
5 3
6 3
7 3
7 4
8 4
7 4
8 4
8 5
8 4
8 5
7 5
8 5
8 6
9 6
9 7
10 7
9 7
10 7
11 7
10 7
9 7
8 7
8 8
9 8
10 8
11 8
11 7
12 7
12 6
13 6
12 6
12 5
12 6
11 6
11 5
11 6
10 6
10 7
10 8
10 7
11 7
11 8
11 7
11 6
12 6
12 7
13 7
13 8
14 8
13 8
13 9
14 9
14 8
13 8
13 9
12 9
12 8
12 9
13 9
13 8
13 7
14 7
14 6
15 6
16 6
16 7
16 6
16 5
17 5
17 6
18 6
17 6
17 7
16 7
16 8
17 8
17 7
18 7
18 8
18 9
18 10
18 11
18 10
18 11
18 12
17 12
17 11
17 12
17 11
17 10
18 10
17 10
17 9
17 8
17 9
17 10
18 10
17 10
16 10
16 9
16 10
16 11
17 11
17 10
17 11
16 11
15 11
15 10
16 10
16 11
16 10
15 10
15 9
15 10
15 11
15 12
14 12
14 13
15 13
15 14
14 14
15 14
15 13
14 13
13 13
13 12
12 12
13 12
14 12
14 11
13 11
14 11
13 11
14 11
15 11
14 11
13 11
12 11
12 12
13 12
13 11
14 11
13 11
14 11
13 11
14 11
15 11
15 10
16 10
16 11
15 11
15 12
14 12
15 12
15 11
15 12
15 11
16 11
16 10
15 10
15 11
15 10
15 9
15 10
15 11
15 12
16 12
15 12
15 11
15 12
15 13
15 14
16 14
16 15
16 16
16 17
17 17
17 18
18 18
19 18
19 17
19 18
18 18
18 17
18 18
19 18
19 17
18 17
18 18
18 19
18 18
19 18
19 19
19 20
19 19
19 20
19 19
20 19
20 20
21 20
21 19
22 19
23 19
23 18
23 17
24 17
25 17
26 17
26 18
27 18
28 18
27 18
27 17
28 17
28 18
29 18
30 18
30 19
30 20
30 19
29 19
28 19
28 18
28 19
27 19
28 19
28 20
27 20
26 20
26 21
26 22
27 22
26 22
26 21
26 20
25 20
25 21
24 21
24 22
25 22
25 23
25 22
25 23
24 23
25 23
25 24
25 23
25 22
26 22
25 22
26 22
26 23
25 23
25 24
25 25
25 24
26 24
26 25
26 24
25 24
25 25
25 26
25 25
25 26
25 27
25 26
25 27
26 27
26 26
27 26
26 26
25 26
25 27
25 28
25 27
25 26
24 26
24 25
24 26
23 26
22 26
22 25
23 25
22 25
21 25
22 25
22 24
22 25
23 25
23 24
23 25
22 25
23 25
23 26
22 26
22 25
22 26
21 26
20 26
19 26
19 27
19 26
19 27
19 28
19 29
18 29
19 29
19 30
19 31
19 30
19 29
20 29
20 30
21 30
20 30
20 31
21 31
21 32
21 31
21 30
22 30
23 30
24 30
25 30
25 29
25 30
24 30
23 30
23 29
23 28
24 28
23 28
22 28
23 28
24 28
24 29
23 29
24 29
24 30
23 30
22 30
22 31
23 31
24 31
25 31
25 32
24 32
24 31
23 31
24 31
24 30
23 30
24 30
25 30
24 30
23 30
23 29
24 29
25 29
26 29
27 29
27 28
28 28
28 27
28 26
29 26
29 27
30 27
30 28
30 27
30 28
30 29
29 29
28 29
27 29
26 29
26 28
27 28
26 28
25 28
26 28
26 29
26 28
25 28
26 28
26 27
25 27
25 28
25 29
24 29
25 29
25 30
26 30
27 30
28 30
28 29
27 29
27 28
27 29
27 30
28 30
28 31
27 31
27 32
27 33
27 32
27 33
27 32
27 31
26 31
27 31
28 31
28 30
28 31
29 31
29 30
30 30
30 29
30 30
31 30
31 29
30 29
30 28
29 28
30 28
30 29
31 29
31 30
30 30
29 30
29 31
29 30
30 30
30 29
30 30
31 30
31 29
32 29
32 28
32 27
33 27
33 26
32 26
33 26
34 26
34 25
33 25
33 24
33 25
32 25
32 26
32 25
33 25
33 24
33 25
32 25
32 24
33 24
34 24
35 24
36 24
35 24
36 24
35 24
35 23
35 24
34 24
34 23
33 23
33 24
33 23
32 23
32 22
33 22
33 21
32 21
32 20
31 20
32 20
31 20
31 21
31 22
31 23
31 22
32 22
32 23
32 22
31 22
30 22
31 22
30 22
31 22
30 22
29 22
30 22
30 23
30 22
31 22
31 23
31 24
32 24
32 23
31 23
31 22
31 21
31 22
31 21
31 20
31 19
31 18
31 17
30 17
29 17
30 17
30 18
30 17
30 18
29 18
30 18
30 19
30 18
30 17
31 17
30 17
31 17
31 16
31 15
31 16
32 16
33 16
32 16
33 16
33 15
32 15
32 14
32 15
31 15
32 15
33 15
33 14
34 14
34 13
33 13
33 12
33 11
34 11
34 12
35 12
34 12
33 12
33 11
33 10
34 10
33 10
33 11
33 12
33 13
34 13
34 14
34 13
34 14
33 14
32 14
31 14
31 13
30 13
29 13
30 13
30 12
30 13
31 13
31 14
31 15
31 14
30 14
30 15
29 15
28 15
28 16
28 15
27 15
28 15
28 16
28 17
28 16
28 17
28 16
27 16
26 16
27 16
27 15
27 16
28 16
28 15
27 15
27 16
27 15
27 16
27 15
26 15
27 15
28 15
28 16
28 15
29 15
28 15
27 15
28 15
28 16
27 16
28 16
27 16
27 17
27 16
28 16
28 17
28 16
28 17
27 17
26 17
25 17
25 16
25 17
24 17
24 18
24 17
24 18
25 18
25 19
26 19
26 20
26 21
27 21
28 21
29 21
30 21
29 21
29 20
29 21
30 21
31 21
31 22
31 21
30 21
31 21
30 21
31 21
31 20
30 20
30 19
30 18
30 19
31 19
31 20
31 19
31 18
32 18
31 18
31 17
30 17
30 16
29 16
28 16
28 17
28 16
29 16
29 17
29 16
30 16
31 16
31 17
31 18
30 18
30 19
30 18
29 18
28 18
29 18
29 17
30 17
30 16
29 16
29 17
28 17
28 16
28 15
28 14
29 14
29 13
29 12
29 13
28 13
28 12
28 11
28 10
27 10
26 10
26 11
25 11
26 11
27 11
26 11
26 12
25 12
26 12
25 12
25 11
26 11
26 12
26 13
25 13
24 13
24 12
24 13
24 14
25 14
25 13
26 13
27 13
27 14
27 13
26 13
26 14
27 14
28 14
27 14
26 14
26 13
26 14
26 15
25 15
24 15
23 15
23 14
23 13
24 13
24 14
23 14
23 15
24 15
23 15
23 16
22 16
22 15
22 16
22 15
23 15
23 16
24 16
25 16
25 15
25 16
26 16
27 16
27 17
27 18
28 18
29 18
30 18
29 18
28 18
28 19
28 20
29 20
28 20
27 20
27 21
26 21
26 22
26 21
26 22
26 21
26 22
26 23
26 22
25 22
26 22
25 22
26 22
27 22
27 23
27 24
27 25
27 24
27 23
28 23
29 23
30 23
30 24
29 24
30 24
29 24
29 23
28 23
29 23
29 24
28 24
27 24
26 24
26 23
25 23
24 23
23 23
23 22
23 23
23 24
24 24
24 25
25 25
26 25
26 24
26 25
25 25
24 25
24 24
24 23
24 22
24 21
25 21
24 21
24 20
23 20
23 19
23 18
22 18
21 18
20 18
20 17
20 16
20 17
20 18
21 18
21 19
20 19
20 20
20 19
20 20
20 21
20 22
20 23
19 23
18 23
18 24
19 24
19 23
20 23
20 22
20 21
20 22
21 22
21 23
20 23
19 23
19 24
19 23
18 23
18 24
18 25
18 26
18 27
18 26
18 27
17 27
17 28
16 28
16 29
16 28
17 28
16 28
17 28
17 29
17 28
16 28
16 27
15 27
15 28
14 28
14 27
14 28
15 28
15 27
15 28
14 28
13 28
13 29
12 29
12 28
11 28
10 28
11 28
10 28
10 29
10 30
10 29
11 29
11 28
11 27
12 27
13 27
13 26
14 26
14 25
14 24
14 23
14 24
14 23
15 23
15 24
16 24
16 23
16 22
17 22
18 22
19 22
20 22
20 21
21 21
22 21
21 21
20 21
19 21
19 20
20 20
20 19
20 20
20 21
20 22
21 22
20 22
19 22
18 22
17 22
16 22
16 21
15 21
14 21
