0 0
0 1
1 1
2 1
2 0
2 1
1 1
0 1
0 2
1 2
1 1
0 1
1 1
1 2
2 2
3 2
4 2
3 2
3 3
3 4
2 4
2 5
2 4
2 5
1 5
1 4
1 3
1 2
1 3
2 3
2 4
2 3
2 4
1 4
0 4
1 4
2 4
2 5
2 6
2 7
1 7
1 8
0 8
0 7
0 6
0 7
1 7
2 7
2 8
3 8
3 9
2 9
2 8
1 8
1 9
0 9
1 9
1 10
0 10
0 11
1 11
1 10
2 10
1 10
2 10
2 11
1 11
1 12
1 13
2 13
2 14
2 15
3 15
3 14
3 15
3 14
3 13
3 12
2 12
2 13
2 14
3 14
2 14
2 13
3 13
2 13
3 13
2 13
2 12
2 13
3 13
3 14
3 13
2 13
2 12
2 13
2 12
2 11
2 12
1 12
2 12
3 12
4 12
5 12
5 11
5 12
5 13
5 12
5 13
6 13
7 13
6 13
6 12
7 12
7 11
7 12
7 11
8 11
8 10
8 11
9 11
10 11
10 10
10 9
9 9
8 9
9 9
8 9
9 9
10 9
10 10
11 10
10 10
9 10
10 10
11 10
10 10
11 10
12 10
12 9
12 8
12 9
13 9
12 9
12 10
12 11
12 12
12 11
11 11
12 11
13 11
12 11
12 12
12 11
11 11
10 11
11 11
12 11
12 12
12 11
13 11
13 10
13 9
14 9
15 9
14 9
14 8
14 9
14 8
14 7
14 6
14 5
14 4
14 5
14 6
14 5
14 6
15 6
14 6
14 7
14 6
15 6
16 6
15 6
15 7
15 6
15 7
15 6
15 7
14 7
14 8
14 7
13 7
13 8
14 8
13 8
14 8
13 8
13 9
13 8
13 7
13 6
13 7
13 6
13 7
14 7
15 7
15 6
16 6
16 5
16 4
15 4
15 5
15 4
16 4
16 5
16 6
17 6
16 6
17 6
17 5
16 5
15 5
15 4
16 4
15 4
14 4
14 5
14 6
13 6
13 7
14 7
13 7
13 8
12 8
12 7
12 8
12 9
12 10
12 11
13 11
14 11
15 11
16 11
17 11
18 11
18 10
18 9
17 9
18 9
18 10
18 9
17 9
17 8
16 8
15 8
15 7
16 7
15 7
15 6
15 5
15 4
15 5
16 5
15 5
14 5
15 5
15 6
15 7
15 6
15 7
15 6
15 7
15 8
15 7
16 7
15 7
16 7
17 7
17 6
17 5
17 4
17 5
18 5
17 5
16 5
17 5
17 6
16 6
16 7
16 8
17 8
17 7
17 6
16 6
16 7
15 7
15 8
15 7
15 6
15 5
14 5
15 5
15 4
15 5
16 5
17 5
16 5
15 5
14 5
13 5
13 4
12 4
13 4
12 4
13 4
13 3
12 3
11 3
10 3
10 2
9 2
10 2
10 3
10 4
9 4
9 5
9 6
10 6
11 6
10 6
10 5
10 6
9 6
9 5
9 6
9 7
10 7
10 8
10 7
10 6
9 6
9 7
9 6
9 7
8 7
8 6
8 7
7 7
7 6
7 7
8 7
8 8
8 7
9 7
10 7
10 8
11 8
10 8
9 8
10 8
11 8
12 8
12 7
11 7
11 6
11 7
10 7
11 7
12 7
11 7
11 6
11 5
10 5
9 5
9 6
9 7
10 7
10 8
11 8
12 8
12 9
12 8
11 8
12 8
12 7
13 7
14 7
13 7
13 6
13 5
13 4
13 3
14 3
14 2
15 2
14 2
13 2
13 3
13 4
13 3
13 2
13 1
12 1
12 0
13 0
13 1
14 1
15 1
15 2
15 3
15 2
15 3
15 2
15 1
14 1
15 1
14 1
14 2
14 1
14 2
13 2
13 3
12 3
11 3
10 3
10 2
9 2
9 3
10 3
11 3
11 4
11 5
10 5
11 5
12 5
13 5
14 5
14 6
14 5
15 5
16 5
17 5
17 4
16 4
17 4
18 4
19 4
19 5
19 6
18 6
19 6
19 7
19 6
20 6
20 5
21 5
22 5
23 5
23 6
23 5
24 5
24 4
24 5
24 6
25 6
26 6
26 7
25 7
25 8
26 8
25 8
24 8
23 8
23 7
23 6
24 6
25 6
25 5
26 5
26 6
27 6
26 6
26 5
26 6
25 6
25 7
24 7
24 8
24 9
25 9
25 8
26 8
26 7
25 7
25 8
26 8
26 9
26 10
25 10
25 9
24 9
23 9
23 10
23 11
22 11
23 11
22 11
22 10
22 11
23 11
23 10
23 11
23 10
23 9
24 9
24 8
24 9
24 10
24 9
25 9
26 9
26 10
26 9
26 8
26 7
26 6
25 6
25 5
25 4
25 3
24 3
25 3
25 4
25 5
25 4
25 3
26 3
27 3
27 2
26 2
26 3
26 4
26 3
26 4
27 4
27 5
27 4
26 4
25 4
25 5
25 4
25 3
25 4
24 4
24 3
23 3
23 4
22 4
23 4
22 4
22 5
22 6
22 7
23 7
23 8
22 8
22 7
22 6
22 5
21 5
21 6
22 6
22 5
23 5
22 5
23 5
22 5
23 5
24 5
24 6
24 5
23 5
22 5
22 6
21 6
20 6
20 7
20 6
21 6
21 7
21 6
20 6
20 5
20 6
20 7
19 7
19 8
19 9
18 9
19 9
18 9
18 10
18 11
18 10
17 10
18 10
19 10
20 10
19 10
19 9
20 9
20 10
20 11
20 10
19 10
19 11
19 12
19 11
19 10
19 9
19 10
19 11
20 11
21 11
21 12
21 13
20 13
20 12
20 13
21 13
21 12
20 12
19 12
19 11
19 12
19 13
19 14
19 13
18 13
18 12
18 13
17 13
17 12
18 12
19 12
19 13
20 13
20 12
21 12
21 11
22 11
22 10
22 9
23 9
23 10
24 10
24 11
23 11
24 11
25 11
24 11
25 11
24 11
24 10
24 11
24 10
25 10
25 9
25 8
25 7
26 7
27 7
26 7
27 7
28 7
29 7
29 8
29 7
29 6
30 6
30 7
30 6
31 6
32 6
33 6
34 6
35 6
35 7
35 6
35 5
34 5
34 4
34 5
34 4
34 3
33 3
33 2
33 1
32 1
32 2
32 1
33 1
33 2
33 3
34 3
34 2
35 2
35 3
35 2
34 2
34 1
35 1
35 2
35 1
35 2
34 2
35 2
35 1
35 2
36 2
36 1
37 1
36 1
36 0
36 1
36 0
36 1
37 1
37 2
37 3
36 3
35 3
35 2
34 2
34 3
35 3
36 3
36 4
36 5
35 5
35 6
35 7
35 6
34 6
34 7
34 8
34 7
35 7
34 7
35 7
34 7
33 7
33 6
33 5
32 5
32 6
31 6
31 5
31 6
30 6
30 5
30 6
30 7
31 7
31 8
32 8
33 8
33 7
33 8
33 7
34 7
35 7
36 7
37 7
38 7
38 6
39 6
39 5
40 5
41 5
41 4
41 3
42 3
42 4
41 4
40 4
40 3
40 2
40 1
40 0
40 1
39 1
38 1
38 2
38 1
37 1
38 1
37 1
37 2
37 3
37 4
37 3
38 3
38 2
39 2
38 2
38 1
38 2
39 2
39 1
39 2
39 3
39 4
38 4
39 4
38 4
39 4
39 3
38 3
38 4
38 5
39 5
39 6
39 5
38 5
37 5
37 4
36 4
35 4
36 4
36 3
36 4
37 4
36 4
35 4
35 3
36 3
35 3
34 3
33 3
34 3
33 3
33 4
33 5
32 5
32 4
32 3
32 2
31 2
30 2
31 2
31 1
30 1
31 1
32 1
32 2
32 3
31 3
32 3
32 2
32 3
32 4
32 3
32 4
33 4
33 5
34 5
35 5
36 5
36 6
36 7
35 7
36 7
36 8
37 8
36 8
36 7
35 7
35 6
35 5
35 6
36 6
35 6
35 7
35 8
34 8
35 8
35 9
36 9
36 10
36 9
36 10
37 10
38 10
38 11
38 10
38 11
38 10
38 9
38 10
39 10
40 10
39 10
40 10
39 10
39 11
40 11
41 11
41 10
41 11
40 11
39 11
39 12
40 12
39 12
40 12
40 13
39 13
40 13
40 12
40 13
40 14
41 14
41 15
41 16
40 16
40 17
40 18
40 19
41 19
41 20
41 19
40 19
40 18
40 19
40 20
40 21
40 20
40 19
41 19
41 20
40 20
40 21
39 21
39 20
40 20
39 20
38 20
39 20
39 19
40 19
40 18
39 18
39 19
39 18
40 18
41 18
40 18
41 18
41 17
41 16
42 16
42 15
41 15
41 14
41 13
41 12
42 12
43 12
42 12
42 11
42 10
41 10
41 11
40 11
39 11
39 12
39 11
39 10
38 10
38 9
37 9
38 9
38 10
38 9
38 8
38 9
39 9
39 8
39 7
40 7
40 6
40 7
39 7
40 7
41 7
41 8
41 7
41 6
