0 0
1 0
0 0
0 1
1 1
0 1
1 1
2 1
2 0
2 1
1 1
0 1
0 2
1 2
0 2
0 3
1 3
1 2
2 2
2 3
3 3
2 3
2 2
1 2
2 2
1 2
1 3
1 4
0 4
0 5
0 6
1 6
1 7
2 7
3 7
4 7
4 8
5 8
5 9
5 8
5 7
5 6
5 7
4 7
4 8
3 8
3 7
4 7
5 7
5 6
5 5
5 4
5 5
4 5
4 4
4 5
4 4
5 4
4 4
4 3
4 2
5 2
4 2
4 3
3 3
4 3
5 3
6 3
6 4
6 5
5 5
6 5
6 6
6 5
6 6
6 7
6 8
6 7
6 8
6 9
5 9
6 9
6 10
6 11
6 10
5 10
5 11
6 11
6 12
6 13
6 14
6 13
5 13
4 13
4 14
4 13
4 12
5 12
6 12
7 12
6 12
6 13
7 13
7 14
7 15
7 16
7 17
7 18
7 17
6 17
7 17
7 16
6 16
5 16
6 16
6 15
5 15
5 14
6 14
7 14
6 14
6 15
6 14
7 14
8 14
7 14
8 14
9 14
9 15
9 16
9 15
9 14
8 14
8 13
8 14
8 15
7 15
7 14
7 13
7 12
8 12
8 13
8 14
8 15
8 14
8 15
8 16
8 15
9 15
8 15
9 15
9 14
8 14
8 13
8 12
7 12
7 13
6 13
7 13
7 12
8 12
8 13
9 13
10 13
9 13
8 13
9 13
9 12
9 11
9 12
10 12
9 12
9 13
9 12
10 12
10 11
10 12
10 13
10 12
11 12
12 12
11 12
12 12
13 12
13 13
13 12
12 12
12 11
13 11
13 10
12 10
13 10
13 11
13 12
14 12
14 13
15 13
15 12
14 12
14 11
13 11
12 11
13 11
14 11
14 12
15 12
16 12
16 13
16 14
17 14
16 14
17 14
17 15
17 16
16 16
17 16
18 16
18 15
19 15
19 14
18 14
17 14
17 13
17 12
17 11
17 10
17 9
16 9
15 9
14 9
13 9
14 9
13 9
13 8
13 9
14 9
15 9
15 8
15 9
15 10
15 11
15 10
14 10
14 9
15 9
14 9
13 9
13 10
13 11
14 11
14 12
13 12
14 12
13 12
13 11
12 11
13 11
13 12
14 12
14 13
14 12
14 13
13 13
13 14
12 14
13 14
13 15
13 14
13 15
14 15
13 15
13 14
13 15
13 16
13 17
14 17
14 16
14 17
15 17
14 17
14 16
14 15
15 15
15 16
15 15
15 16
14 16
13 16
14 16
15 16
14 16
13 16
12 16
13 16
14 16
13 16
13 15
13 16
12 16
12 17
12 18
11 18
12 18
11 18
10 18
9 18
8 18
9 18
10 18
10 17
10 16
10 15
10 16
11 16
12 16
12 17
11 17
10 17
10 16
11 16
10 16
10 17
9 17
10 17
11 17
11 16
12 16
13 16
14 16
13 16
13 15
13 14
13 15
14 15
14 16
15 16
14 16
15 16
16 16
16 15
16 14
17 14
18 14
18 13
17 13
17 12
17 13
17 12
18 12
18 13
18 12
17 12
16 12
16 13
17 13
17 12
17 11
18 11
18 10
19 10
19 11
19 10
19 11
19 12
18 12
19 12
19 11
19 12
19 11
19 10
18 10
18 11
17 11
17 12
18 12
18 13
17 13
16 13
16 12
16 11
16 10
16 11
17 11
18 11
19 11
18 11
17 11
17 12
16 12
16 13
17 13
16 13
15 13
14 13
14 14
14 15
14 16
14 15
14 16
13 16
12 16
12 17
12 16
12 17
12 18
13 18
13 17
12 17
12 18
11 18
11 17
11 18
11 17
11 18
10 18
10 17
11 17
12 17
11 17
12 17
12 16
12 17
13 17
14 17
15 17
15 16
14 16
14 15
14 16
14 15
14 16
14 17
15 17
16 17
17 17
17 16
18 16
18 15
19 15
19 16
19 15
18 15
19 15
19 16
20 16
20 17
21 17
20 17
20 16
20 17
21 17
21 18
21 17
21 18
20 18
19 18
19 17
19 16
18 16
18 17
17 17
18 17
19 17
19 18
20 18
20 19
20 18
20 17
20 18
21 18
21 17
21 18
21 19
21 20
21 19
21 20
21 21
21 22
22 22
22 23
22 22
23 22
23 23
24 23
23 23
23 22
23 23
23 24
22 24
23 24
24 24
23 24
24 24
23 24
24 24
24 25
23 25
24 25
24 24
24 25
24 26
24 25
24 26
24 27
23 27
22 27
22 28
22 27
23 27
24 27
25 27
24 27
23 27
23 28
23 29
24 29
24 28
24 27
23 27
22 27
22 26
22 25
21 25
20 25
19 25
18 25
17 25
16 25
16 24
15 24
14 24
14 23
14 24
14 23
15 23
16 23
16 22
15 22
15 23
14 23
15 23
16 23
16 22
17 22
17 23
18 23
19 23
19 22
20 22
20 21
21 21
21 20
21 19
22 19
21 19
22 19
21 19
21 20
21 21
21 20
21 19
22 19
23 19
23 20
22 20
22 21
21 21
22 21
23 21
23 20
23 19
22 19
22 20
23 20
23 19
23 18
24 18
24 19
24 18
24 19
25 19
24 19
24 20
25 20
25 19
24 19
23 19
24 19
24 18
24 19
24 20
23 20
22 20
21 20
21 21
21 20
20 20
20 21
20 20
21 20
21 21
22 21
22 22
21 22
20 22
21 22
21 23
21 22
22 22
22 23
22 22
23 22
23 23
23 22
24 22
23 22
23 23
23 24
23 23
22 23
22 24
21 24
20 24
19 24
18 24
19 24
20 24
21 24
22 24
22 25
22 24
22 25
21 25
21 24
20 24
21 24
20 24
20 23
20 24
20 25
20 26
19 26
20 26
20 25
21 25
22 25
23 25
23 24
22 24
22 23
22 24
22 25
21 25
21 24
21 23
21 24
20 24
19 24
19 23
19 24
18 24
17 24
17 25
17 26
16 26
16 25
16 24
16 23
15 23
16 23
16 22
15 22
15 23
16 23
17 23
17 24
17 23
17 22
17 21
17 22
16 22
16 23
16 24
16 25
15 25
14 25
14 26
14 25
15 25
15 24
15 25
16 25
17 25
17 26
18 26
18 27
17 27
16 27
17 27
17 28
17 29
16 29
15 29
16 29
17 29
18 29
18 30
17 30
17 31
17 30
17 31
17 32
17 33
18 33
18 32
17 32
17 31
18 31
18 30
18 29
18 30
19 30
19 29
19 30
19 29
18 29
17 29
17 28
17 27
16 27
17 27
16 27
17 27
17 26
17 27
17 26
17 25
18 25
18 24
18 25
19 25
19 24
20 24
20 25
20 26
21 26
20 26
20 27
20 28
21 28
22 28
22 27
22 26
23 26
23 27
23 26
22 26
23 26
23 27
23 26
24 26
23 26
22 26
22 25
22 24
22 25
22 26
21 26
22 26
21 26
22 26
22 25
22 26
22 27
22 28
22 27
21 27
20 27
21 27
21 26
21 27
22 27
22 26
23 26
22 26
22 27
22 26
23 26
24 26
24 27
24 26
24 25
25 25
26 25
27 25
27 24
26 24
26 25
25 25
25 24
24 24
23 24
23 23
22 23
21 23
22 23
23 23
24 23
23 23
23 24
24 24
24 25
25 25
24 25
24 26
25 26
25 27
25 28
24 28
24 27
24 28
24 27
24 28
24 27
24 28
23 28
24 28
23 28
23 29
24 29
23 29
23 28
24 28
25 28
25 27
25 28
26 28
26 27
26 28
25 28
26 28
26 29
26 30
27 30
27 29
26 29
26 30
27 30
26 30
26 29
26 28
27 28
26 28
27 28
27 29
27 28
28 28
28 29
28 30
28 31
27 31
26 31
26 32
27 32
27 33
27 34
27 35
27 36
27 35
28 35
29 35
28 35
27 35
27 36
27 37
26 37
26 36
25 36
25 37
24 37
24 36
24 37
24 38
23 38
23 37
23 36
22 36
23 36
24 36
24 35
25 35
26 35
25 35
25 36
25 37
25 36
26 36
25 36
25 35
25 34
24 34
25 34
25 35
26 35
26 36
25 36
24 36
24 37
24 36
23 36
24 36
23 36
23 37
23 38
24 38
25 38
26 38
26 39
25 39
25 40
25 41
24 41
25 41
24 41
25 41
26 41
26 42
26 41
25 41
24 41
24 40
24 41
23 41
24 41
24 42
24 41
25 41
26 41
26 42
26 41
26 40
26 39
25 39
24 39
24 38
23 38
24 38
25 38
24 38
24 37
23 37
23 38
23 39
24 39
23 39
22 39
22 40
21 40
21 39
21 40
20 40
20 39
19 39
19 38
19 39
19 40
19 39
19 38
19 39
19 40
19 39
19 40
19 39
19 40
19 41
19 40
20 40
20 41
21 41
22 41
23 41
23 42
24 42
25 42
25 41
25 42
25 43
25 42
26 42
25 42
25 41
25 40
26 40
26 41
27 41
27 40
28 40
29 40
28 40
29 40
