0 0
0 1
0 2
1 2
0 2
1 2
1 3
1 4
1 3
1 2
0 2
1 2
2 2
2 3
2 4
1 4
0 4
1 4
1 5
1 6
0 6
0 7
0 6
1 6
1 5
1 4
0 4
0 3
0 2
0 1
0 0
1 0
1 1
1 0
0 0
1 0
0 0
1 0
1 1
1 2
2 2
2 1
3 1
4 1
4 0
4 1
5 1
4 1
4 0
5 0
6 0
6 1
6 2
6 3
5 3
5 2
5 1
4 1
3 1
2 1
1 1
1 0
2 0
3 0
2 0
1 0
2 0
3 0
3 1
2 1
2 2
3 2
2 2
2 1
2 0
1 0
1 1
1 0
1 1
1 0
1 1
0 1
1 1
2 1
2 2
3 2
4 2
4 3
5 3
4 3
3 3
4 3
3 3
4 3
4 2
5 2
5 3
5 2
5 3
5 2
5 3
5 2
4 2
5 2
6 2
5 2
5 1
4 1
4 0
3 0
3 1
3 0
3 1
3 0
3 1
3 0
4 0
4 1
4 0
4 1
4 0
3 0
4 0
4 1
3 1
3 0
3 1
4 1
5 1
6 1
7 1
7 2
7 1
7 0
7 1
8 1
8 2
8 3
7 3
6 3
6 2
5 2
5 1
6 1
5 1
5 0
4 0
4 1
4 0
4 1
4 2
5 2
6 2
6 1
7 1
7 0
8 0
9 0
9 1
8 1
8 0
9 0
9 1
8 1
8 2
8 3
8 2
9 2
10 2
10 1
10 2
10 1
9 1
10 1
10 0
11 0
12 0
11 0
11 1
12 1
12 0
12 1
12 0
11 0
11 1
10 1
11 1
11 0
11 1
10 1
10 0
10 1
10 2
10 3
10 2
10 1
10 0
10 1
10 0
11 0
11 1
11 2
10 2
10 1
11 1
12 1
11 1
12 1
11 1
10 1
9 1
9 2
8 2
8 1
8 0
8 1
8 0
8 1
7 1
7 0
8 0
8 1
8 0
8 1
7 1
6 1
6 2
7 2
7 3
8 3
7 3
8 3
9 3
10 3
10 4
11 4
11 5
12 5
12 4
13 4
13 5
14 5
14 4
14 5
14 4
13 4
14 4
14 5
13 5
13 4
13 5
13 6
12 6
12 7
11 7
12 7
12 6
11 6
10 6
11 6
12 6
11 6
11 7
10 7
10 8
10 9
10 8
11 8
12 8
11 8
10 8
10 7
10 8
10 9
10 10
9 10
9 11
10 11
10 10
9 10
10 10
11 10
11 11
10 11
10 12
10 11
10 10
10 11
9 11
9 10
9 9
9 8
9 9
9 10
9 9
10 9
9 9
9 10
9 9
10 9
10 8
10 7
10 6
9 6
9 5
9 6
9 7
10 7
10 8
10 9
10 10
9 10
8 10
7 10
7 9
7 8
8 8
9 8
9 7
8 7
7 7
6 7
7 7
7 6
6 6
6 7
6 6
5 6
4 6
5 6
5 7
5 8
5 7
5 8
4 8
4 7
3 7
3 6
2 6
2 5
3 5
4 5
5 5
5 6
5 5
5 4
5 3
6 3
5 3
5 2
5 1
5 0
6 0
7 0
8 0
8 1
7 1
7 0
7 1
6 1
6 0
7 0
8 0
8 1
7 1
7 0
8 0
8 1
8 0
8 1
9 1
10 1
11 1
12 1
13 1
14 1
15 1
14 1
15 1
15 0
16 0
16 1
16 0
16 1
16 0
15 0
16 0
15 0
14 0
14 1
15 1
14 1
13 1
13 0
13 1
12 1
11 1
12 1
13 1
14 1
14 0
13 0
12 0
12 1
11 1
11 2
12 2
12 3
13 3
14 3
15 3
16 3
16 2
17 2
17 1
17 0
17 1
17 0
17 1
17 2
17 3
17 4
16 4
16 5
16 6
16 5
16 6
16 7
15 7
14 7
13 7
14 7
15 7
14 7
13 7
14 7
13 7
13 6
13 5
12 5
13 5
13 6
12 6
11 6
12 6
13 6
12 6
12 7
12 8
12 9
13 9
13 10
13 11
12 11
12 10
13 10
14 10
14 9
13 9
12 9
12 8
11 8
11 7
11 8
11 7
12 7
12 6
12 5
12 6
13 6
13 7
12 7
12 8
13 8
13 9
12 9
13 9
14 9
14 10
14 9
15 9
16 9
16 8
17 8
16 8
15 8
15 9
15 10
15 9
14 9
14 8
13 8
14 8
15 8
15 7
15 6
15 5
16 5
17 5
18 5
17 5
18 5
19 5
19 4
19 3
19 2
20 2
21 2
21 1
22 1
21 1
22 1
22 2
21 2
21 3
21 4
22 4
22 3
21 3
22 3
22 4
22 3
22 2
21 2
20 2
19 2
20 2
20 3
21 3
22 3
23 3
23 4
23 5
23 6
23 7
22 7
23 7
23 6
22 6
23 6
23 7
24 7
25 7
24 7
25 7
26 7
25 7
26 7
27 7
27 8
26 8
26 7
26 6
26 5
25 5
24 5
24 4
24 3
24 2
23 2
24 2
24 1
23 1
22 1
22 0
22 1
22 2
22 3
23 3
22 3
21 3
21 2
20 2
20 3
21 3
21 2
21 3
21 4
22 4
22 5
21 5
22 5
22 6
22 7
21 7
20 7
19 7
18 7
18 8
18 9
17 9
18 9
18 10
17 10
16 10
16 9
17 9
16 9
16 8
16 9
17 9
18 9
17 9
18 9
19 9
20 9
20 10
20 9
20 8
21 8
22 8
22 9
21 9
22 9
22 10
21 10
21 9
21 8
21 7
21 6
21 5
21 4
21 5
20 5
19 5
19 6
19 5
20 5
20 6
20 5
21 5
21 4
21 3
22 3
22 2
22 1
21 1
21 0
21 1
21 0
21 1
21 0
21 1
21 2
20 2
20 3
19 3
18 3
17 3
17 2
16 2
16 1
17 1
18 1
19 1
20 1
21 1
21 2
21 1
22 1
22 0
22 1
22 0
21 0
22 0
23 0
23 1
23 0
23 1
22 1
22 2
22 1
22 0
23 0
24 0
24 1
25 1
26 1
25 1
26 1
27 1
26 1
27 1
27 0
27 1
27 2
27 1
27 2
27 1
27 0
28 0
28 1
28 2
28 3
28 4
29 4
28 4
28 3
27 3
26 3
26 4
27 4
27 5
28 5
29 5
29 6
30 6
29 6
30 6
31 6
31 7
32 7
31 7
30 7
29 7
30 7
30 6
31 6
31 7
32 7
33 7
34 7
34 6
35 6
35 7
34 7
33 7
34 7
34 8
35 8
34 8
33 8
33 7
34 7
34 6
33 6
33 7
34 7
34 8
33 8
34 8
34 9
35 9
35 8
34 8
33 8
34 8
34 7
34 8
34 7
34 8
33 8
33 9
33 8
33 7
33 6
33 5
32 5
32 6
32 5
32 4
33 4
33 3
34 3
34 4
34 3
34 4
35 4
35 5
35 6
34 6
34 7
35 7
36 7
36 8
37 8
37 7
36 7
36 6
35 6
35 7
35 8
35 7
35 6
36 6
36 5
36 6
36 5
35 5
35 6
34 6
34 5
35 5
35 6
35 5
35 6
36 6
36 7
36 8
37 8
37 9
37 8
38 8
38 9
38 8
37 8
36 8
35 8
35 9
35 8
34 8
34 9
33 9
33 10
33 11
32 11
32 10
33 10
32 10
32 11
31 11
31 12
31 11
30 11
30 10
29 10
30 10
30 9
29 9
29 10
30 10
30 11
30 12
31 12
30 12
30 13
29 13
28 13
28 14
28 15
28 14
27 14
26 14
25 14
25 13
24 13
23 13
22 13
21 13
22 13
23 13
23 14
23 15
24 15
24 14
23 14
23 13
24 13
25 13
26 13
26 12
27 12
26 12
25 12
26 12
25 12
25 13
26 13
27 13
26 13
26 14
25 14
25 13
25 14
24 14
23 14
22 14
22 13
22 14
22 15
21 15
21 16
21 17
21 18
21 19
21 20
21 21
21 20
21 21
21 20
21 19
20 19
21 19
21 20
21 19
21 18
21 17
21 16
20 16
20 17
19 17
19 18
20 18
20 17
21 17
20 17
20 18
20 17
21 17
22 17
21 17
20 17
21 17
22 17
22 18
22 19
22 18
22 19
22 20
23 20
23 21
22 21
22 22
22 23
21 23
21 24
21 25
21 26
21 25
21 24
21 23
21 24
21 25
20 25
20 26
21 26
21 25
21 26
21 27
22 27
22 26
21 26
20 26
19 26
18 26
18 25
19 25
18 25
17 25
18 25
18 26
19 26
18 26
17 26
17 27
17 28
17 29
17 28
17 29
17 30
16 30
16 31
16 30
16 31
16 30
16 31
16 30
15 30
16 30
16 31
16 32
16 31
16 30
15 30
14 30
15 30
15 29
15 30
15 29
15 28
15 29
15 28
16 28
15 28
15 27
16 27
15 27
15 26
14 26
15 26
15 25
15 26
16 26
16 25
16 26
16 25
17 25
16 25
17 25
16 25
