0 0
0 1
1 1
1 0
1 1
1 0
2 0
2 1
3 1
3 2
3 1
3 0
2 0
1 0
1 1
1 2
1 1
0 1
1 1
1 0
2 0
2 1
3 1
3 0
4 0
4 1
4 2
4 3
5 3
4 3
3 3
2 3
1 3
0 3
0 2
0 1
0 2
0 3
1 3
2 3
1 3
1 2
1 3
2 3
2 2
2 1
1 1
0 1
1 1
1 0
2 0
2 1
3 1
4 1
4 0
3 0
3 1
3 2
3 1
2 1
3 1
3 2
4 2
5 2
6 2
6 3
6 2
7 2
6 2
5 2
4 2
4 1
4 2
4 1
5 1
5 2
6 2
5 2
5 1
5 0
5 1
4 1
5 1
4 1
4 0
5 0
4 0
5 0
5 1
5 2
5 1
5 0
5 1
6 1
6 2
5 2
6 2
6 1
6 2
6 1
6 0
6 1
5 1
5 2
4 2
4 3
4 4
3 4
4 4
5 4
5 3
5 4
5 3
6 3
6 2
6 1
6 0
6 1
6 2
5 2
5 1
6 1
6 0
5 0
5 1
5 0
4 0
3 0
3 1
4 1
5 1
6 1
6 2
6 3
5 3
6 3
7 3
8 3
7 3
7 2
7 3
6 3
6 2
6 3
5 3
6 3
6 4
7 4
7 5
6 5
7 5
7 6
8 6
8 7
8 8
9 8
9 9
10 9
11 9
11 10
11 11
12 11
11 11
10 11
10 12
10 11
11 11
11 10
10 10
11 10
11 11
10 11
9 11
10 11
10 12
11 12
11 13
11 12
12 12
12 13
12 14
12 13
12 14
12 15
13 15
12 15
13 15
12 15
11 15
12 15
12 16
13 16
12 16
11 16
12 16
13 16
12 16
13 16
12 16
12 15
13 15
13 16
13 17
12 17
12 18
13 18
13 19
13 20
14 20
14 19
15 19
14 19
15 19
15 20
16 20
17 20
17 21
17 22
16 22
16 21
17 21
17 20
16 20
17 20
17 21
18 21
19 21
19 22
18 22
18 21
18 22
18 21
18 20
17 20
17 21
16 21
15 21
15 20
16 20
16 19
16 20
16 19
16 18
16 19
17 19
16 19
16 20
16 21
17 21
16 21
16 22
15 22
16 22
15 22
16 22
16 23
16 22
17 22
18 22
17 22
17 21
18 21
18 22
18 21
18 20
17 20
17 19
16 19
15 19
16 19
16 20
15 20
15 21
15 22
16 22
16 23
16 22
16 23
15 23
16 23
17 23
16 23
15 23
15 24
14 24
15 24
15 23
14 23
13 23
14 23
14 22
14 21
13 21
13 20
14 20
13 20
13 19
13 18
13 17
13 18
14 18
14 17
14 18
13 18
13 19
14 19
15 19
15 18
16 18
15 18
15 19
15 20
15 19
15 20
16 20
17 20
17 19
17 20
17 21
17 20
18 20
19 20
19 21
19 22
19 23
19 24
18 24
18 23
19 23
19 24
18 24
18 25
19 25
20 25
19 25
19 24
19 23
18 23
18 24
18 25
18 24
19 24
20 24
19 24
19 23
20 23
21 23
20 23
21 23
21 22
22 22
21 22
20 22
19 22
19 21
18 21
17 21
16 21
16 20
15 20
15 21
14 21
13 21
13 22
12 22
13 22
14 22
14 21
15 21
15 20
15 19
14 19
15 19
14 19
15 19
15 18
16 18
16 17
17 17
17 18
16 18
16 19
15 19
16 19
16 20
15 20
15 19
14 19
14 18
14 19
14 20
14 21
14 22
15 22
14 22
13 22
13 23
13 22
13 21
14 21
14 20
15 20
15 21
14 21
15 21
15 22
15 21
15 20
15 19
15 18
16 18
16 17
16 18
16 17
17 17
17 18
16 18
16 19
17 19
17 20
16 20
17 20
16 20
17 20
18 20
17 20
16 20
17 20
17 21
16 21
16 22
17 22
16 22
16 23
15 23
15 24
15 23
15 22
15 23
16 23
16 22
15 22
16 22
15 22
14 22
14 23
15 23
15 24
16 24
17 24
17 25
18 25
17 25
17 26
16 26
17 26
17 27
17 26
18 26
17 26
17 25
17 26
17 25
17 26
17 25
16 25
15 25
16 25
16 24
17 24
17 25
18 25
17 25
16 25
16 24
17 24
18 24
17 24
17 23
16 23
16 24
16 23
16 24
16 25
15 25
15 26
15 25
15 24
15 23
15 24
15 23
16 23
16 24
16 25
16 26
16 27
15 27
14 27
14 26
13 26
13 25
13 26
12 26
13 26
13 27
12 27
11 27
11 26
10 26
10 25
9 25
8 25
7 25
8 25
8 24
8 25
9 25
8 25
9 25
8 25
9 25
10 25
11 25
11 26
11 25
11 26
12 26
11 26
12 26
13 26
14 26
13 26
13 27
13 26
14 26
13 26
13 25
13 24
13 25
14 25
13 25
13 26
13 25
13 24
13 23
12 23
12 24
11 24
12 24
12 23
12 24
13 24
14 24
14 25
15 25
14 25
13 25
12 25
11 25
10 25
9 25
9 26
10 26
10 27
10 28
10 29
10 28
10 29
10 30
10 31
10 32
11 32
10 32
11 32
11 33
10 33
10 34
9 34
9 33
9 34
9 33
10 33
9 33
9 34
9 35
8 35
8 36
8 37
8 38
9 38
8 38
9 38
9 39
10 39
11 39
10 39
10 38
9 38
9 39
8 39
8 38
8 37
8 38
8 39
8 38
8 39
8 38
8 39
8 40
8 39
7 39
7 40
7 39
7 38
6 38
7 38
7 37
7 38
8 38
8 39
8 40
8 41
8 42
9 42
10 42
10 43
11 43
10 43
10 42
9 42
8 42
8 41
8 42
8 43
9 43
10 43
11 43
11 44
11 45
10 45
11 45
11 44
11 43
12 43
11 43
10 43
9 43
9 42
9 43
9 42
10 42
10 43
9 43
10 43
9 43
10 43
10 44
10 43
10 42
10 41
10 40
10 41
11 41
11 42
10 42
9 42
10 42
10 43
11 43
11 44
12 44
11 44
11 43
12 43
11 43
12 43
13 43
12 43
12 44
12 43
12 42
13 42
12 42
13 42
13 43
13 42
13 41
12 41
12 42
12 41
13 41
13 40
12 40
13 40
13 39
12 39
12 38
12 37
12 38
11 38
11 37
12 37
13 37
14 37
15 37
16 37
16 36
17 36
17 37
18 37
17 37
18 37
18 36
18 37
17 37
17 38
18 38
19 38
19 37
19 38
20 38
20 39
21 39
20 39
19 39
20 39
20 38
21 38
21 39
22 39
22 40
23 40
23 41
22 41
21 41
22 41
21 41
22 41
23 41
23 42
23 41
23 40
24 40
24 41
23 41
23 40
22 40
23 40
22 40
23 40
22 40
23 40
22 40
21 40
20 40
19 40
19 41
19 42
18 42
18 41
19 41
20 41
20 40
21 40
22 40
23 40
22 40
22 39
21 39
21 38
21 39
22 39
21 39
21 40
22 40
22 39
21 39
22 39
22 38
21 38
21 37
22 37
22 36
22 35
22 36
22 35
21 35
21 34
20 34
20 35
20 34
19 34
20 34
20 35
20 34
20 33
19 33
19 34
18 34
19 34
18 34
18 35
19 35
19 36
19 37
19 38
19 37
19 38
18 38
18 39
19 39
19 38
19 39
18 39
17 39
17 40
18 40
17 40
17 39
18 39
17 39
17 38
17 39
16 39
17 39
17 40
16 40
16 41
15 41
15 42
16 42
15 42
16 42
17 42
17 43
17 42
16 42
17 42
17 41
18 41
18 42
18 41
19 41
19 42
18 42
18 43
18 42
18 43
18 42
18 41
17 41
17 40
17 41
17 40
16 40
15 40
14 40
14 39
14 38
13 38
14 38
15 38
16 38
16 37
17 37
16 37
16 36
16 37
15 37
14 37
14 38
13 38
14 38
14 37
14 36
14 37
13 37
13 36
12 36
13 36
13 37
12 37
11 37
11 38
10 38
11 38
11 37
11 38
12 38
12 39
13 39
13 40
12 40
12 41
11 41
11 40
11 41
11 42
12 42
12 41
12 40
13 40
12 40
12 41
12 40
11 40
11 41
12 41
12 40
11 40
11 39
11 40
11 41
12 41
11 41
10 41
10 40
10 39
10 40
9 40
8 40
9 40
9 39
9 40
10 40
10 39
10 38
10 39
10 40
11 40
11 41
11 42
11 41
11 42
11 43
10 43
11 43
11 42
10 42
11 42
12 42
11 42
12 42
12 43
11 43
10 43
10 44
11 44
10 44
10 45
10 44
10 45
9 45
9 46
10 46
10 45
10 44
9 44
10 44
10 43
11 43
11 42
11 43
10 43
9 43
9 44
9 43
9 44
10 44
10 43
10 42
11 42
10 42
10 43
10 44
10 43
10 42
9 42
9 41
10 41
9 41
10 41
10 42
10 41
10 40
10 39
11 39
11 40
11 39
12 39
12 40
12 39
12 40
11 40
12 40
11 40
10 40
10 39
11 39
11 40
