0 0
1 0
1 1
0 1
1 1
1 0
2 0
2 1
1 1
2 1
1 1
0 1
0 2
1 2
2 2
1 2
1 1
1 0
0 0
1 0
1 1
2 1
3 1
4 1
4 2
3 2
3 3
3 2
4 2
4 3
4 4
4 3
4 2
3 2
3 3
2 3
1 3
1 4
1 5
0 5
0 4
1 4
1 3
2 3
1 3
1 2
1 3
2 3
2 2
3 2
2 2
2 1
3 1
3 2
4 2
4 3
5 3
5 4
5 5
5 4
5 5
5 6
4 6
3 6
2 6
3 6
3 7
2 7
2 8
2 7
3 7
3 6
2 6
1 6
1 7
2 7
3 7
4 7
5 7
6 7
7 7
7 8
6 8
7 8
6 8
6 9
7 9
8 9
8 8
9 8
8 8
9 8
10 8
11 8
12 8
12 9
11 9
10 9
10 10
10 11
9 11
10 11
9 11
9 12
9 11
9 10
10 10
11 10
11 11
10 11
10 10
10 9
11 9
11 10
12 10
12 9
12 10
11 10
12 10
12 11
11 11
12 11
12 10
12 11
11 11
11 12
11 11
10 11
11 11
10 11
11 11
12 11
13 11
13 10
14 10
14 9
15 9
15 8
16 8
16 9
17 9
18 9
18 10
18 9
19 9
18 9
18 10
18 9
18 10
18 11
17 11
17 12
18 12
18 11
18 10
19 10
19 11
19 12
20 12
20 13
19 13
20 13
21 13
21 14
22 14
22 13
22 12
22 13
23 13
23 12
23 13
24 13
23 13
23 12
24 12
25 12
24 12
23 12
24 12
24 11
23 11
22 11
21 11
20 11
20 12
20 13
20 14
19 14
18 14
19 14
19 13
18 13
17 13
17 12
16 12
17 12
16 12
16 13
16 12
16 13
17 13
16 13
16 12
16 13
16 12
17 12
16 12
15 12
14 12
14 11
14 10
14 11
14 12
14 11
15 11
15 10
15 9
15 8
15 9
14 9
13 9
13 10
13 9
14 9
15 9
15 8
16 8
17 8
18 8
17 8
17 9
17 8
17 7
18 7
19 7
18 7
19 7
18 7
18 8
17 8
17 7
17 8
16 8
16 7
16 6
16 5
16 6
16 5
15 5
16 5
16 4
17 4
17 3
18 3
18 2
19 2
19 1
19 2
19 3
18 3
17 3
18 3
19 3
20 3
19 3
19 2
19 3
19 2
20 2
20 3
21 3
21 2
20 2
20 1
20 2
20 1
20 2
20 1
21 1
20 1
20 0
21 0
21 1
22 1
22 0
22 1
22 0
22 1
23 1
24 1
24 0
23 0
24 0
23 0
22 0
21 0
21 1
20 1
20 0
19 0
20 0
20 1
20 0
21 0
22 0
21 0
20 0
21 0
21 1
20 1
21 1
22 1
22 0
23 0
22 0
21 0
21 1
21 0
22 0
22 1
21 1
20 1
20 0
20 1
19 1
19 0
20 0
20 1
20 0
20 1
20 2
21 2
22 2
23 2
23 1
23 2
24 2
24 1
24 2
24 3
25 3
25 2
25 3
26 3
26 4
27 4
28 4
29 4
30 4
30 3
31 3
31 2
31 3
31 2
30 2
30 1
29 1
29 2
30 2
31 2
32 2
31 2
31 3
31 2
30 2
30 3
30 4
29 4
29 3
30 3
31 3
30 3
29 3
29 4
29 3
29 4
29 3
28 3
27 3
28 3
28 4
28 5
28 4
28 3
28 2
28 1
29 1
30 1
29 1
29 0
29 1
29 2
29 1
30 1
29 1
29 0
29 1
30 1
30 0
31 0
31 1
30 1
31 1
32 1
32 0
33 0
32 0
31 0
32 0
32 1
32 0
33 0
34 0
33 0
33 1
33 0
33 1
33 2
34 2
33 2
34 2
34 1
34 2
34 1
33 1
33 2
33 3
33 2
33 3
34 3
34 2
33 2
32 2
31 2
32 2
31 2
30 2
29 2
30 2
29 2
29 3
30 3
30 2
30 3
29 3
30 3
29 3
29 2
29 1
30 1
29 1
28 1
28 0
29 0
28 0
28 1
28 0
29 0
28 0
28 1
28 2
28 3
29 3
29 4
29 5
29 6
29 5
30 5
30 6
29 6
29 5
29 6
29 7
29 8
29 9
29 8
28 8
28 9
28 8
28 9
27 9
28 9
28 10
27 10
26 10
26 9
25 9
25 8
25 7
25 8
25 9
25 10
25 11
25 10
25 9
26 9
26 8
26 9
25 9
25 10
24 10
24 11
24 12
25 12
25 13
26 13
26 14
25 14
26 14
27 14
27 13
27 12
27 11
28 11
29 11
30 11
31 11
31 10
30 10
29 10
29 9
29 8
29 7
29 8
29 7
29 6
30 6
29 6
29 5
28 5
28 4
28 5
28 4
28 5
29 5
29 6
29 5
28 5
27 5
26 5
26 6
26 7
26 6
26 5
26 6
25 6
24 6
24 7
24 6
24 5
24 6
25 6
24 6
25 6
25 7
25 8
24 8
23 8
24 8
24 7
24 8
24 7
25 7
24 7
24 8
24 9
25 9
26 9
27 9
28 9
28 10
29 10
28 10
28 11
27 11
28 11
28 10
29 10
29 11
29 12
28 12
27 12
26 12
26 13
26 14
25 14
24 14
24 13
25 13
25 14
25 13
26 13
25 13
26 13
26 12
26 11
25 11
25 12
26 12
26 13
25 13
26 13
26 14
26 13
27 13
26 13
25 13
25 14
25 13
24 13
24 12
23 12
23 13
23 12
23 13
23 12
23 11
24 11
24 10
24 11
24 10
23 10
24 10
24 9
24 10
24 9
24 10
25 10
25 9
25 8
25 9
24 9
25 9
25 8
26 8
26 7
26 6
25 6
25 5
25 4
25 5
25 6
25 7
25 8
24 8
23 8
24 8
24 9
24 10
24 9
24 10
24 11
25 11
25 12
25 13
26 13
27 13
27 14
27 15
28 15
28 14
28 13
28 14
28 13
28 14
28 15
28 16
28 17
27 17
26 17
27 17
28 17
28 18
28 19
28 18
28 19
27 19
27 20
26 20
26 19
26 18
27 18
27 17
27 18
27 19
27 20
27 19
27 18
27 17
27 18
28 18
28 17
28 16
28 17
28 16
29 16
29 15
29 16
30 16
29 16
29 15
30 15
29 15
28 15
27 15
27 16
28 16
28 17
27 17
28 17
27 17
27 16
26 16
27 16
27 17
27 18
26 18
26 19
26 20
26 21
26 20
26 21
26 20
25 20
26 20
26 19
26 20
25 20
24 20
24 21
24 22
23 22
24 22
23 22
23 23
23 22
23 23
23 22
23 23
24 23
23 23
24 23
24 22
24 21
24 22
25 22
24 22
25 22
24 22
25 22
24 22
23 22
24 22
23 22
24 22
24 23
24 24
23 24
24 24
24 23
23 23
24 23
24 24
24 25
23 25
24 25
24 26
23 26
23 27
24 27
23 27
23 28
24 28
24 27
24 26
24 25
24 26
25 26
26 26
26 25
25 25
24 25
23 25
22 25
21 25
21 26
22 26
22 27
22 26
22 27
22 26
22 25
21 25
21 26
22 26
22 27
22 26
22 25
23 25
22 25
23 25
24 25
23 25
23 26
24 26
23 26
23 25
24 25
25 25
25 26
24 26
24 25
24 24
23 24
23 25
23 26
23 27
23 28
23 27
23 26
23 27
23 26
24 26
24 25
25 25
25 26
25 27
25 26
25 27
25 28
26 28
26 27
27 27
27 28
27 29
26 29
26 30
25 30
25 31
25 32
25 31
25 30
24 30
23 30
23 29
22 29
21 29
21 30
22 30
23 30
22 30
22 29
22 28
22 27
23 27
22 27
22 26
23 26
22 26
22 25
23 25
22 25
23 25
23 24
23 25
23 26
24 26
23 26
22 26
21 26
20 26
20 25
21 25
22 25
21 25
20 25
19 25
20 25
21 25
21 26
21 25
21 24
22 24
21 24
20 24
19 24
20 24
19 24
19 23
19 24
18 24
19 24
20 24
20 23
19 23
19 22
19 21
19 20
20 20
20 21
20 22
20 21
20 22
20 21
19 21
20 21
21 21
21 22
22 22
21 22
22 22
22 21
22 22
23 22
23 23
24 23
24 22
23 22
22 22
21 22
21 21
22 21
22 22
23 22
23 21
23 22
23 21
23 22
23 21
24 21
23 21
23 22
24 22
23 22
24 22
24 21
24 22
23 22
24 22
23 22
22 22
23 22
23 23
24 23
23 23
23 24
22 24
21 24
22 24
22 25
21 25
21 26
21 25
20 25
20 24
20 25
19 25
20 25
20 24
20 23
19 23
19 22
18 22
18 21
19 21
19 22
18 22
19 22
19 23
18 23
19 23
19 24
20 24
19 24
19 23
18 23
17 23
18 23
19 23
19 24
20 24
20 23
20 22
20 21
20 22
21 22
21 21
21 20
22 20
21 20
21 19
21 20
21 21
21 22
21 21
21 22
22 22
22 21
22 20
22 19
