0 0
1 0
1 1
1 0
0 0
0 1
0 2
0 1
1 1
0 1
0 2
0 3
1 3
1 2
1 1
1 2
1 3
0 3
0 4
0 5
0 4
1 4
1 3
1 2
0 2
1 2
0 2
1 2
1 1
0 1
0 2
0 1
0 2
0 3
1 3
0 3
0 2
1 2
1 3
1 4
0 4
0 5
1 5
1 4
0 4
0 5
1 5
0 5
1 5
1 6
0 6
1 6
1 5
1 4
1 3
1 2
2 2
3 2
2 2
3 2
4 2
5 2
5 3
5 4
6 4
7 4
6 4
6 3
5 3
6 3
7 3
7 4
6 4
5 4
5 3
5 4
6 4
6 5
6 6
6 7
5 7
4 7
4 8
3 8
4 8
3 8
2 8
2 9
2 10
2 9
3 9
4 9
5 9
6 9
5 9
5 10
5 9
4 9
4 8
5 8
6 8
6 9
5 9
5 10
6 10
6 11
7 11
7 12
7 13
7 14
7 15
6 15
6 16
5 16
4 16
4 15
4 16
3 16
2 16
2 15
1 15
1 16
0 16
0 15
0 16
1 16
1 15
1 14
1 15
1 16
1 17
1 18
1 17
0 17
1 17
1 18
2 18
3 18
4 18
3 18
4 18
5 18
6 18
6 19
6 18
6 17
6 18
5 18
5 17
6 17
7 17
8 17
7 17
6 17
6 16
6 17
7 17
7 16
8 16
9 16
10 16
11 16
10 16
10 15
10 14
11 14
11 15
11 16
10 16
9 16
9 15
9 16
10 16
9 16
10 16
9 16
9 15
9 16
10 16
11 16
11 17
11 18
11 19
10 19
9 19
9 18
9 17
9 16
9 17
8 17
9 17
8 17
9 17
10 17
11 17
11 18
11 19
11 20
12 20
12 21
13 21
14 21
15 21
15 22
16 22
17 22
17 21
17 22
18 22
18 23
19 23
20 23
19 23
20 23
20 24
21 24
22 24
23 24
22 24
22 23
23 23
22 23
23 23
24 23
25 23
25 24
24 24
24 25
23 25
22 25
22 26
21 26
20 26
20 27
20 28
21 28
21 29
22 29
23 29
24 29
23 29
23 30
23 31
22 31
22 30
22 31
23 31
23 32
22 32
23 32
23 31
22 31
22 30
22 29
22 30
21 30
21 31
21 32
20 32
20 33
20 34
21 34
21 33
22 33
22 32
22 33
22 32
23 32
23 31
23 32
23 33
24 33
25 33
25 34
25 35
26 35
25 35
24 35
25 35
26 35
26 36
27 36
26 36
25 36
25 35
25 34
25 35
26 35
27 35
26 35
26 36
26 37
26 36
27 36
27 37
27 36
27 37
27 36
26 36
27 36
27 35
26 35
26 36
26 35
25 35
24 35
23 35
24 35
23 35
22 35
22 34
22 33
23 33
23 34
24 34
24 35
25 35
25 36
25 35
25 34
26 34
26 35
26 34
26 33
26 34
27 34
26 34
27 34
26 34
26 35
26 34
25 34
26 34
26 33
27 33
27 34
27 33
27 34
28 34
27 34
26 34
27 34
27 33
26 33
26 34
25 34
25 33
26 33
25 33
25 34
25 35
26 35
26 36
25 36
25 37
25 38
24 38
25 38
25 39
25 38
24 38
25 38
25 39
25 38
26 38
25 38
24 38
24 37
25 37
25 36
24 36
25 36
25 37
25 36
25 37
25 36
25 35
25 36
25 37
24 37
24 36
23 36
22 36
22 37
21 37
21 36
21 35
21 34
21 33
22 33
22 32
22 33
22 32
22 31
22 30
22 29
22 30
21 30
22 30
22 31
23 31
23 32
24 32
23 32
23 31
24 31
24 32
23 32
23 31
23 32
23 31
24 31
24 30
24 31
24 32
24 31
23 31
23 32
24 32
25 32
24 32
25 32
24 32
23 32
23 33
23 34
23 35
23 34
24 34
24 35
23 35
23 34
22 34
22 35
21 35
22 35
22 34
22 33
21 33
21 32
21 33
22 33
23 33
22 33
22 32
22 31
23 31
22 31
21 31
21 30
21 29
20 29
20 28
21 28
21 27
21 28
22 28
21 28
22 28
23 28
23 27
22 27
22 26
22 27
23 27
22 27
22 26
22 27
22 26
21 26
22 26
21 26
21 25
22 25
21 25
22 25
23 25
23 24
23 23
24 23
24 22
23 22
23 23
22 23
23 23
23 24
22 24
22 25
21 25
21 24
21 25
22 25
22 26
23 26
23 27
24 27
25 27
24 27
23 27
23 28
22 28
22 27
22 28
22 27
22 28
22 27
22 28
21 28
21 29
21 30
20 30
21 30
21 29
21 28
20 28
19 28
19 27
19 26
19 27
18 27
18 26
19 26
19 27
18 27
19 27
19 28
19 27
20 27
19 27
20 27
20 28
21 28
20 28
20 29
20 30
19 30
19 29
18 29
17 29
18 29
19 29
19 30
19 31
18 31
18 30
18 31
17 31
17 32
16 32
16 31
17 31
18 31
18 30
19 30
18 30
17 30
16 30
16 31
15 31
15 32
16 32
17 32
17 33
16 33
17 33
16 33
16 32
16 31
16 32
15 32
15 31
16 31
17 31
16 31
17 31
17 30
18 30
17 30
17 31
16 31
17 31
17 32
18 32
19 32
20 32
20 33
21 33
22 33
22 32
22 33
22 32
22 31
22 30
22 29
23 29
22 29
22 28
23 28
23 27
23 26
24 26
25 26
26 26
27 26
26 26
27 26
27 27
27 28
27 27
28 27
28 26
29 26
28 26
29 26
29 25
29 26
29 25
29 24
29 23
29 22
29 23
28 23
28 24
27 24
28 24
29 24
28 24
28 23
28 22
27 22
27 21
26 21
26 22
26 23
25 23
26 23
26 24
27 24
27 25
26 25
26 24
26 25
27 25
27 24
28 24
29 24
29 25
28 25
27 25
28 25
28 26
29 26
29 27
29 26
29 27
28 27
29 27
29 26
29 25
28 25
29 25
29 24
29 23
28 23
28 22
29 22
29 21
29 20
29 21
29 20
29 19
30 19
30 20
30 21
31 21
30 21
30 22
30 23
29 23
29 24
30 24
31 24
31 23
31 22
32 22
32 21
32 20
32 21
32 22
33 22
33 23
33 22
32 22
33 22
32 22
31 22
30 22
31 22
31 21
31 22
30 22
30 23
31 23
30 23
29 23
29 24
28 24
27 24
27 23
26 23
27 23
27 22
27 23
26 23
26 22
26 23
26 22
27 22
27 21
28 21
28 20
28 19
29 19
29 18
29 19
29 20
30 20
30 21
30 20
30 19
29 19
30 19
29 19
28 19
27 19
28 19
29 19
29 18
30 18
30 17
29 17
29 16
29 17
30 17
29 17
30 17
31 17
30 17
30 16
29 16
28 16
28 17
28 18
28 19
28 18
27 18
27 19
26 19
26 20
25 20
25 21
26 21
26 22
27 22
27 23
27 24
27 25
28 25
28 26
28 27
29 27
30 27
30 28
31 28
31 27
30 27
30 26
29 26
29 27
29 28
29 29
29 28
29 27
28 27
29 27
29 28
29 27
29 26
29 27
30 27
30 26
31 26
31 25
30 25
29 25
29 24
30 24
29 24
30 24
29 24
29 25
29 24
29 25
29 26
28 26
28 27
27 27
28 27
27 27
27 26
28 26
28 27
28 28
28 29
29 29
29 30
29 29
30 29
31 29
30 29
30 28
30 29
31 29
32 29
33 29
33 30
34 30
33 30
33 29
33 28
33 27
34 27
34 28
33 28
33 29
32 29
32 30
31 30
31 31
31 30
31 29
32 29
33 29
34 29
34 28
33 28
34 28
35 28
35 29
36 29
36 30
37 30
37 31
37 30
38 30
37 30
38 30
37 30
37 31
37 30
36 30
35 30
36 30
37 30
37 31
37 32
37 31
36 31
36 30
35 30
35 31
34 31
34 30
34 31
34 32
34 31
33 31
33 30
33 29
34 29
35 29
35 30
36 30
37 30
37 31
38 31
39 31
40 31
39 31
39 30
40 30
40 31
41 31
42 31
42 30
42 31
43 31
44 31
43 31
43 32
42 32
43 32
44 32
43 32
44 32
43 32
43 31
43 32
42 32
42 31
43 31
43 32
42 32
42 31
41 31
42 31
42 32
43 32
43 33
44 33
44 32
45 32
44 32
45 32
44 32
44 31
44 30
45 30
46 30
46 31
45 31
44 31
43 31
44 31
45 31
46 31
46 32
46 33
46 32
47 32
47 33
47 34
47 33
47 32
47 31
47 30
46 30
46 29
45 29
45 30
45 31
44 31
44 30
43 30
43 29
43 30
42 30
42 29
42 28
43 28
43 27
44 27
45 27
44 27
45 27
45 28
46 28
46 29
46 28
46 27
46 28
47 28
46 28
47 28
47 27
47 26
47 25
48 25
48 24
48 23
48 24
47 24
48 24
49 24
49 23
49 22
49 23
49 22
49 23
48 23
48 22
48 23
47 23
46 23
46 22
45 22
45 21
46 21
46 22
46 23
