0 0
0 1
0 2
0 3
1 3
1 4
1 3
1 4
0 4
1 4
2 4
2 3
2 4
1 4
1 5
1 4
1 3
1 2
2 2
1 2
2 2
2 3
2 2
1 2
1 3
2 3
2 4
2 5
2 4
1 4
2 4
3 4
2 4
2 3
3 3
2 3
1 3
1 4
1 3
1 2
1 1
2 1
3 1
4 1
4 2
3 2
4 2
4 3
3 3
3 4
3 3
3 2
3 3
3 4
4 4
3 4
4 4
4 3
4 4
3 4
2 4
1 4
1 5
1 4
2 4
2 3
3 3
3 2
3 3
3 4
4 4
4 5
4 4
4 5
3 5
3 6
3 5
3 6
3 5
3 6
3 7
3 8
3 9
3 10
3 11
2 11
3 11
4 11
4 10
4 9
4 10
5 10
5 11
5 10
5 11
4 11
3 11
2 11
1 11
2 11
2 10
1 10
1 11
0 11
1 11
1 10
2 10
2 11
1 11
0 11
1 11
0 11
0 12
1 12
2 12
2 13
1 13
1 14
1 15
2 15
2 16
1 16
1 17
2 17
3 17
2 17
2 16
2 15
3 15
4 15
4 16
4 17
4 16
4 15
3 15
3 16
3 17
2 17
2 16
3 16
2 16
2 15
2 14
3 14
3 13
3 14
2 14
2 15
2 14
3 14
3 15
4 15
3 15
3 16
3 17
3 16
2 16
2 15
2 14
2 15
2 16
2 17
2 18
2 17
2 16
3 16
3 17
4 17
4 18
5 18
6 18
7 18
7 19
7 18
6 18
7 18
8 18
8 19
9 19
9 18
9 19
9 20
10 20
9 20
8 20
8 21
7 21
7 22
6 22
5 22
5 23
5 22
4 22
4 21
3 21
3 20
3 21
4 21
4 22
5 22
5 21
5 22
5 23
4 23
4 22
3 22
4 22
4 21
3 21
3 20
3 19
3 18
4 18
4 19
4 18
3 18
3 17
2 17
1 17
1 16
2 16
2 17
2 16
3 16
3 17
2 17
2 16
3 16
2 16
3 16
3 15
3 16
4 16
4 15
3 15
3 14
2 14
3 14
4 14
5 14
6 14
7 14
7 15
8 15
8 16
8 15
8 16
9 16
8 16
9 16
9 17
10 17
10 16
11 16
12 16
11 16
11 15
12 15
12 14
13 14
14 14
15 14
15 13
16 13
16 12
17 12
16 12
17 12
17 13
17 12
17 11
17 12
18 12
19 12
18 12
18 13
19 13
20 13
21 13
21 14
21 15
21 14
21 13
22 13
23 13
23 14
23 15
23 14
22 14
22 13
23 13
23 12
24 12
24 11
23 11
23 12
23 13
24 13
25 13
25 12
25 11
25 10
25 11
26 11
27 11
28 11
28 12
29 12
29 13
29 12
29 13
29 14
28 14
28 15
28 16
28 15
29 15
28 15
27 15
27 14
28 14
29 14
30 14
30 15
30 16
29 16
30 16
30 15
31 15
31 16
31 15
31 16
32 16
32 15
31 15
31 16
31 15
32 15
33 15
33 16
33 17
33 16
32 16
31 16
30 16
30 15
29 15
30 15
30 14
30 15
30 14
29 14
29 13
28 13
27 13
26 13
26 12
25 12
24 12
23 12
24 12
24 13
25 13
24 13
25 13
24 13
24 14
24 13
24 12
24 11
25 11
26 11
27 11
27 12
27 13
27 14
27 15
27 14
26 14
26 13
27 13
28 13
29 13
30 13
30 14
30 15
30 14
31 14
31 13
31 12
31 13
31 12
32 12
31 12
30 12
31 12
32 12
32 11
32 12
31 12
30 12
29 12
30 12
31 12
32 12
33 12
33 13
32 13
33 13
33 14
32 14
32 15
32 16
32 15
33 15
34 15
34 14
34 13
33 13
33 12
33 11
34 11
34 10
35 10
36 10
37 10
38 10
38 11
37 11
37 10
38 10
38 9
37 9
37 8
38 8
38 9
38 10
38 11
39 11
39 12
38 12
37 12
37 11
38 11
38 10
38 11
38 10
38 9
39 9
39 8
39 7
39 8
39 7
38 7
37 7
36 7
36 6
35 6
35 7
35 8
36 8
36 9
35 9
35 8
35 9
35 10
35 11
35 10
36 10
37 10
37 11
38 11
38 12
39 12
38 12
38 11
38 12
37 12
36 12
35 12
36 12
35 12
35 11
36 11
36 12
36 11
37 11
37 12
36 12
35 12
35 13
34 13
34 14
35 14
35 13
35 12
36 12
36 11
36 12
36 13
37 13
37 12
37 11
36 11
36 12
36 11
36 12
36 13
36 12
37 12
38 12
38 13
38 14
38 15
37 15
37 16
36 16
36 17
37 17
37 16
37 17
37 16
37 17
37 16
38 16
39 16
39 15
39 16
39 15
38 15
38 14
37 14
38 14
39 14
40 14
39 14
38 14
38 15
38 16
38 15
38 14
38 13
38 14
37 14
36 14
36 13
36 12
37 12
37 13
37 14
38 14
38 15
38 14
37 14
37 13
36 13
36 12
36 11
36 10
36 9
37 9
37 8
37 9
37 10
38 10
38 9
39 9
38 9
37 9
37 10
37 11
38 11
37 11
36 11
35 11
36 11
35 11
35 10
36 10
36 11
36 10
36 11
35 11
36 11
37 11
37 12
37 13
37 14
36 14
36 15
36 14
36 13
36 14
36 13
37 13
38 13
38 12
38 11
37 11
37 12
37 13
37 12
38 12
38 13
37 13
37 14
36 14
37 14
37 15
37 16
38 16
38 17
38 16
37 16
38 16
37 16
37 17
38 17
37 17
37 16
37 17
38 17
38 18
37 18
36 18
37 18
37 19
36 19
35 19
35 18
34 18
33 18
34 18
34 19
35 19
35 20
36 20
36 21
35 21
35 22
35 21
34 21
34 20
33 20
34 20
34 21
35 21
35 22
34 22
33 22
32 22
33 22
33 23
34 23
35 23
34 23
33 23
32 23
31 23
32 23
32 22
32 23
33 23
33 24
32 24
33 24
33 23
33 24
32 24
32 23
31 23
31 24
30 24
30 23
30 22
30 21
29 21
28 21
29 21
28 21
28 20
27 20
26 20
26 19
27 19
26 19
27 19
27 20
27 21
27 22
27 23
28 23
27 23
27 24
27 25
28 25
27 25
27 26
27 25
28 25
28 26
27 26
28 26
27 26
27 25
27 26
26 26
27 26
26 26
26 25
26 26
25 26
26 26
25 26
24 26
24 25
24 26
24 25
25 25
26 25
25 25
24 25
24 24
24 25
24 24
25 24
25 25
25 24
25 23
25 22
26 22
27 22
26 22
25 22
25 21
25 22
25 23
25 22
25 23
24 23
24 24
25 24
25 23
24 23
23 23
22 23
21 23
20 23
20 22
21 22
20 22
20 23
20 24
21 24
20 24
20 23
19 23
19 24
18 24
17 24
17 25
17 26
17 27
17 28
17 27
18 27
18 28
19 28
20 28
19 28
19 27
18 27
18 26
18 27
17 27
17 28
17 29
18 29
17 29
16 29
16 30
16 31
17 31
17 30
17 31
17 30
17 31
16 31
15 31
15 30
15 29
14 29
15 29
15 30
16 30
16 29
17 29
17 30
17 29
17 30
17 31
17 30
18 30
18 29
18 28
18 29
18 30
18 31
18 30
18 31
18 32
18 31
19 31
19 32
20 32
20 31
21 31
22 31
22 32
22 33
23 33
23 34
22 34
22 35
22 36
23 36
23 37
24 37
24 38
25 38
25 39
25 40
26 40
26 41
27 41
27 42
26 42
25 42
24 42
24 43
24 42
24 43
23 43
23 42
23 41
23 40
22 40
21 40
20 40
21 40
20 40
20 39
20 38
21 38
20 38
20 39
20 38
21 38
21 37
21 36
21 37
21 38
20 38
20 37
20 38
21 38
21 37
22 37
21 37
21 36
21 37
21 36
20 36
20 37
20 36
20 37
19 37
19 38
19 37
18 37
18 38
18 37
19 37
18 37
19 37
20 37
19 37
18 37
18 36
18 35
18 34
18 35
18 34
18 33
18 32
17 32
17 33
17 32
17 31
18 31
19 31
20 31
19 31
19 30
18 30
19 30
20 30
20 29
20 28
20 29
20 28
20 27
20 26
20 25
20 26
20 27
20 26
19 26
19 27
19 26
19 25
19 26
18 26
17 26
17 25
16 25
17 25
17 24
17 23
16 23
17 23
17 22
18 22
18 21
18 22
19 22
19 23
19 22
18 22
19 22
19 21
19 22
19 23
19 24
19 23
19 24
20 24
21 24
21 25
21 24
21 23
21 22
21 23
22 23
21 23
21 22
22 22
21 22
20 22
20 23
20 22
20 21
20 20
21 20
20 20
20 21
21 21
22 21
22 22
22 23
21 23
20 23
19 23
19 22
20 22
20 23
20 22
20 23
20 22
20 21
21 21
21 22
21 23
21 24
22 24
22 23
22 22
21 22
21 21
21 22
20 22
21 22
21 23
20 23
20 22
19 22
19 21
19 22
20 22
21 22
