0 0
1 0
1 1
1 2
1 3
2 3
1 3
2 3
2 2
3 2
2 2
2 1
3 1
3 0
4 0
3 0
3 1
4 1
4 2
5 2
5 1
5 2
4 2
5 2
4 2
4 1
4 2
3 2
4 2
4 3
4 2
4 3
3 3
3 4
3 3
3 2
2 2
2 1
2 0
1 0
0 0
0 1
0 0
0 1
0 2
0 1
0 2
1 2
1 1
1 0
1 1
2 1
2 0
3 0
3 1
3 0
4 0
4 1
3 1
3 2
4 2
4 3
3 3
3 2
3 3
3 4
2 4
3 4
4 4
4 5
3 5
2 5
2 4
2 5
2 4
2 3
2 4
2 5
2 4
3 4
3 5
3 6
4 6
4 7
5 7
5 8
6 8
6 9
7 9
7 10
7 9
7 10
6 10
6 9
5 9
5 10
5 11
6 11
7 11
8 11
8 10
9 10
10 10
10 9
11 9
10 9
9 9
10 9
9 9
10 9
10 10
10 11
11 11
11 10
10 10
10 11
10 10
10 11
9 11
8 11
8 10
9 10
10 10
11 10
12 10
12 11
12 10
12 11
12 10
12 11
12 10
11 10
12 10
11 10
10 10
10 11
10 12
11 12
11 13
12 13
13 13
13 14
13 15
13 16
13 17
14 17
15 17
16 17
16 16
16 17
17 17
17 16
17 15
17 14
16 14
16 13
17 13
17 12
18 12
19 12
19 13
20 13
20 12
19 12
18 12
18 11
17 11
16 11
17 11
17 12
17 11
16 11
16 12
16 13
16 12
15 12
16 12
17 12
17 13
18 13
19 13
19 14
19 13
19 12
18 12
18 11
17 11
16 11
16 10
17 10
16 10
16 11
17 11
17 10
16 10
17 10
17 11
18 11
18 12
19 12
18 12
18 11
19 11
18 11
18 10
18 11
18 12
18 13
17 13
17 12
16 12
16 11
16 12
16 11
16 12
15 12
16 12
15 12
16 12
15 12
16 12
16 11
15 11
15 12
15 11
15 12
16 12
15 12
15 13
15 14
14 14
15 14
14 14
13 14
13 13
13 12
13 11
13 12
12 12
12 11
12 10
12 9
11 9
11 8
12 8
12 7
11 7
11 8
10 8
10 7
11 7
12 7
11 7
11 6
12 6
12 7
12 6
13 6
14 6
13 6
13 7
13 6
13 5
13 6
12 6
12 5
12 6
13 6
12 6
11 6
12 6
12 5
12 6
12 7
11 7
12 7
12 6
12 5
12 4
12 3
11 3
10 3
9 3
9 4
10 4
9 4
10 4
10 3
10 4
10 5
11 5
11 6
11 5
11 6
10 6
10 7
9 7
8 7
8 6
8 7
7 7
7 6
7 7
8 7
9 7
9 8
8 8
7 8
7 7
6 7
6 8
7 8
7 9
7 8
7 7
7 6
6 6
5 6
6 6
7 6
7 7
7 8
8 8
8 7
9 7
9 6
9 5
8 5
7 5
7 6
7 5
7 4
6 4
7 4
6 4
5 4
6 4
5 4
6 4
6 3
7 3
7 2
7 3
7 4
7 5
8 5
9 5
8 5
9 5
8 5
8 6
7 6
7 5
7 6
8 6
8 7
8 8
9 8
8 8
9 8
9 7
9 6
10 6
10 7
10 8
10 9
11 9
11 10
12 10
12 11
13 11
12 11
11 11
11 12
11 11
11 12
11 13
10 13
9 13
8 13
9 13
8 13
7 13
6 13
6 14
6 13
6 12
7 12
6 12
5 12
5 13
5 14
5 13
6 13
6 12
7 12
7 13
8 13
8 12
7 12
8 12
8 11
7 11
7 10
8 10
7 10
7 11
6 11
5 11
5 12
5 11
5 10
5 9
5 10
6 10
7 10
8 10
7 10
7 9
7 8
7 7
7 6
7 5
8 5
8 6
8 7
8 8
9 8
8 8
7 8
7 7
6 7
6 6
6 5
6 4
5 4
5 5
6 5
6 4
5 4
6 4
6 3
5 3
5 4
5 3
6 3
5 3
5 4
5 3
5 2
6 2
7 2
8 2
9 2
9 3
8 3
9 3
10 3
11 3
11 2
12 2
12 3
11 3
11 2
11 3
12 3
11 3
11 4
11 5
11 6
11 7
10 7
11 7
11 8
11 9
10 9
9 9
9 8
9 9
9 8
9 9
9 10
9 9
10 9
10 10
11 10
12 10
12 9
13 9
13 8
13 7
14 7
14 8
14 9
14 8
15 8
16 8
15 8
16 8
16 9
17 9
16 9
17 9
18 9
18 10
19 10
19 11
19 12
19 13
20 13
21 13
21 12
20 12
20 11
20 10
20 11
21 11
20 11
19 11
19 12
19 13
18 13
17 13
17 12
17 13
17 12
17 13
17 12
18 12
19 12
19 11
19 12
20 12
20 13
21 13
22 13
21 13
20 13
20 12
20 11
20 12
21 12
22 12
21 12
22 12
21 12
20 12
21 12
22 12
22 13
21 13
21 12
21 13
21 12
21 13
20 13
20 12
20 11
19 11
19 10
19 11
18 11
18 12
18 11
19 11
19 12
19 11
19 12
19 13
18 13
19 13
18 13
17 13
18 13
19 13
19 12
19 13
20 13
21 13
21 14
20 14
20 15
21 15
21 16
20 16
21 16
21 17
21 18
21 19
21 18
20 18
21 18
20 18
19 18
20 18
21 18
21 19
21 18
21 17
21 18
21 19
22 19
22 18
21 18
21 17
21 16
21 17
21 16
20 16
21 16
22 16
21 16
21 17
22 17
22 18
22 19
21 19
21 18
21 19
22 19
22 20
23 20
22 20
22 19
22 18
22 17
21 17
20 17
20 18
20 17
19 17
19 18
19 19
19 18
19 19
19 18
19 17
20 17
21 17
22 17
21 17
21 18
22 18
22 17
21 17
21 18
22 18
22 17
21 17
22 17
21 17
22 17
22 16
23 16
24 16
24 15
25 15
25 16
25 15
25 16
24 16
23 16
23 17
24 17
24 18
24 19
24 18
24 19
23 19
22 19
21 19
22 19
22 20
22 19
21 19
22 19
22 18
21 18
21 17
21 16
21 17
20 17
20 16
19 16
20 16
20 17
20 16
20 17
20 16
20 17
19 17
19 16
18 16
19 16
18 16
18 15
18 16
18 17
17 17
18 17
18 16
18 17
18 18
19 18
20 18
21 18
20 18
20 17
19 17
19 16
19 17
19 18
18 18
18 17
19 17
19 16
19 17
20 17
19 17
20 17
19 17
18 17
19 17
20 17
20 18
19 18
19 19
20 19
20 20
20 19
21 19
22 19
22 18
23 18
23 17
23 16
23 17
23 16
23 15
23 16
22 16
22 17
21 17
20 17
19 17
20 17
20 18
20 17
19 17
20 17
20 16
21 16
21 17
20 17
21 17
20 17
20 16
20 15
21 15
22 15
22 16
22 17
23 17
23 18
23 19
22 19
23 19
24 19
23 19
23 20
22 20
23 20
22 20
22 21
23 21
24 21
23 21
23 20
23 19
24 19
23 19
22 19
22 20
22 21
22 20
22 19
22 18
22 19
22 20
22 21
21 21
22 21
22 22
22 23
22 24
23 24
23 23
23 22
23 21
23 22
23 23
24 23
23 23
23 24
22 24
22 25
22 26
22 27
21 27
20 27
21 27
22 27
21 27
21 28
20 28
20 27
21 27
21 26
21 27
22 27
22 28
22 27
21 27
21 28
22 28
23 28
23 29
24 29
25 29
24 29
23 29
23 30
22 30
21 30
22 30
22 29
21 29
21 28
20 28
20 29
20 28
20 29
20 30
21 30
21 29
22 29
23 29
22 29
22 30
22 29
22 30
23 30
24 30
25 30
24 30
24 31
24 32
23 32
22 32
21 32
21 31
21 30
21 29
22 29
22 30
22 31
21 31
22 31
22 32
23 32
22 32
22 31
23 31
24 31
23 31
23 32
24 32
23 32
22 32
23 32
22 32
23 32
23 31
22 31
21 31
21 30
21 31
22 31
22 32
22 33
21 33
21 32
22 32
22 33
21 33
20 33
19 33
19 34
18 34
18 35
18 36
19 36
18 36
18 37
17 37
18 37
18 38
19 38
19 39
20 39
20 40
20 41
21 41
21 40
21 41
22 41
22 40
22 39
21 39
20 39
20 40
21 40
22 40
22 39
21 39
20 39
21 39
21 40
21 39
21 38
21 39
20 39
20 40
20 39
19 39
19 40
19 39
20 39
19 39
20 39
20 38
20 39
19 39
19 38
18 38
18 39
18 40
18 41
18 42
18 41
18 40
18 41
17 41
17 42
17 43
17 44
18 44
17 44
16 44
16 45
16 44
17 44
17 45
17 46
16 46
17 46
16 46
17 46
18 46
18 47
18 46
19 46
19 45
20 45
19 45
20 45
20 44
20 45
21 45
20 45
21 45
21 46
22 46
23 46
23 45
23 44
22 44
23 44
23 43
22 43
23 43
24 43
23 43
22 43
21 43
21 44
22 44
21 44
21 45
22 45
