0 0
0 1
0 0
0 1
1 1
1 2
0 2
1 2
0 2
1 2
1 3
1 2
1 1
0 1
0 2
1 2
2 2
2 3
2 2
1 2
0 2
1 2
2 2
2 3
3 3
3 4
3 3
2 3
3 3
4 3
4 2
3 2
4 2
3 2
3 3
3 4
2 4
1 4
1 5
2 5
3 5
3 4
4 4
5 4
5 3
5 2
6 2
5 2
5 3
6 3
7 3
7 4
7 5
7 6
8 6
8 5
9 5
9 6
9 7
10 7
10 6
10 5
10 6
10 7
10 8
10 7
10 6
10 5
10 6
10 7
11 7
10 7
9 7
10 7
10 6
9 6
9 5
8 5
8 4
9 4
10 4
10 3
10 2
10 1
11 1
12 1
12 0
12 1
13 1
12 1
13 1
13 2
14 2
14 3
13 3
12 3
12 2
11 2
11 3
10 3
9 3
8 3
7 3
6 3
6 2
6 1
5 1
6 1
6 2
5 2
5 3
5 4
5 5
6 5
6 4
6 3
5 3
6 3
5 3
5 4
5 3
6 3
6 2
5 2
5 1
5 2
5 1
6 1
5 1
4 1
4 0
5 0
6 0
5 0
5 1
4 1
3 1
2 1
3 1
4 1
3 1
2 1
2 2
2 3
2 2
3 2
2 2
3 2
4 2
3 2
3 3
3 4
2 4
2 5
1 5
1 4
1 5
2 5
3 5
3 4
3 5
2 5
1 5
2 5
2 6
1 6
1 7
0 7
1 7
0 7
1 7
1 6
0 6
1 6
0 6
0 7
1 7
1 8
1 9
1 10
0 10
0 11
0 12
0 11
1 11
2 11
2 10
1 10
1 9
1 10
0 10
1 10
1 9
2 9
2 8
1 8
1 7
1 8
1 7
1 6
1 7
2 7
3 7
4 7
3 7
2 7
2 6
3 6
3 7
3 6
3 7
3 8
3 9
4 9
3 9
3 8
3 7
4 7
5 7
4 7
5 7
6 7
5 7
4 7
4 6
5 6
5 7
5 8
5 7
6 7
6 8
7 8
8 8
9 8
10 8
11 8
11 9
11 10
11 9
10 9
9 9
9 10
9 9
9 8
9 7
8 7
7 7
7 8
8 8
7 8
7 9
6 9
6 8
5 8
5 9
6 9
7 9
7 8
7 9
7 10
7 11
7 10
6 10
6 11
6 12
5 12
5 13
6 13
5 13
6 13
6 14
6 15
6 14
7 14
6 14
5 14
6 14
6 13
7 13
7 14
7 15
6 15
5 15
6 15
6 14
6 13
5 13
5 14
6 14
7 14
7 13
6 13
6 12
5 12
5 11
6 11
6 12
5 12
6 12
5 12
5 11
5 10
4 10
3 10
3 9
2 9
2 10
3 10
4 10
4 11
4 12
5 12
6 12
5 12
4 12
4 13
4 12
4 11
3 11
4 11
4 10
4 9
4 8
3 8
4 8
5 8
6 8
5 8
5 7
4 7
4 8
3 8
4 8
5 8
5 7
5 8
5 7
4 7
3 7
2 7
2 8
1 8
1 7
1 6
1 5
1 6
1 7
1 8
0 8
0 9
1 9
1 10
1 9
0 9
1 9
2 9
2 8
1 8
0 8
1 8
0 8
0 9
0 8
0 7
0 8
0 7
0 6
0 5
1 5
2 5
3 5
4 5
5 5
4 5
4 6
5 6
6 6
7 6
6 6
6 7
5 7
5 8
5 9
5 8
5 7
5 8
5 9
5 8
6 8
7 8
6 8
6 9
6 8
6 7
5 7
6 7
7 7
6 7
6 8
6 9
5 9
4 9
4 8
4 9
4 8
4 7
4 8
5 8
5 9
4 9
4 10
4 11
3 11
2 11
1 11
2 11
1 11
1 10
0 10
1 10
0 10
1 10
1 11
1 10
0 10
0 11
1 11
1 10
1 11
1 12
1 11
2 11
2 12
1 12
1 11
1 12
0 12
1 12
1 11
1 12
0 12
1 12
2 12
1 12
1 13
1 12
2 12
3 12
3 13
2 13
3 13
2 13
3 13
3 14
3 13
4 13
4 12
3 12
4 12
5 12
6 12
7 12
7 11
7 12
7 11
7 12
8 12
8 13
8 14
8 13
7 13
7 12
6 12
6 13
6 14
6 13
6 12
6 13
5 13
5 12
5 11
5 10
4 10
5 10
4 10
4 9
5 9
5 8
4 8
4 9
4 10
4 9
4 10
4 9
5 9
5 8
5 9
5 10
6 10
6 11
5 11
6 11
6 12
7 12
8 12
8 13
8 14
9 14
10 14
10 13
9 13
9 12
10 12
9 12
8 12
9 12
10 12
11 12
11 11
11 10
11 11
10 11
11 11
12 11
12 10
12 9
11 9
11 10
11 9
10 9
10 10
10 11
9 11
10 11
10 10
11 10
11 11
11 10
11 11
10 11
10 12
10 13
11 13
11 12
12 12
11 12
12 12
12 11
12 12
13 12
13 11
13 12
13 11
13 12
13 11
14 11
13 11
12 11
11 11
10 11
10 10
9 10
8 10
8 11
7 11
6 11
7 11
6 11
6 10
5 10
4 10
4 11
4 12
4 13
4 12
3 12
3 13
2 13
1 13
2 13
2 14
2 15
2 16
1 16
1 17
1 18
1 19
0 19
1 19
0 19
0 18
0 19
1 19
1 20
2 20
2 21
2 20
1 20
1 21
1 20
1 19
2 19
3 19
2 19
3 19
2 19
3 19
2 19
2 20
2 21
2 22
2 23
1 23
0 23
1 23
1 24
1 25
2 25
2 24
2 23
2 22
3 22
3 23
2 23
3 23
3 24
3 25
2 25
3 25
3 26
4 26
4 27
4 28
5 28
6 28
6 29
5 29
5 28
5 29
4 29
4 30
4 31
3 31
3 32
2 32
2 31
3 31
3 30
4 30
3 30
4 30
4 31
4 32
4 31
4 32
3 32
3 33
2 33
2 32
1 32
1 31
2 31
2 32
2 31
3 31
4 31
5 31
5 30
5 29
6 29
6 28
7 28
7 29
6 29
5 29
5 30
5 31
5 30
5 29
6 29
6 30
5 30
6 30
6 31
6 30
5 30
5 31
4 31
4 30
5 30
4 30
4 29
3 29
3 28
2 28
2 27
2 28
2 29
1 29
1 28
2 28
2 29
2 30
2 31
1 31
0 31
0 30
0 29
0 30
1 30
1 31
1 32
0 32
0 33
0 34
1 34
1 35
2 35
2 36
3 36
4 36
5 36
6 36
6 37
7 37
7 38
6 38
6 39
7 39
7 40
6 40
6 39
6 38
6 37
6 38
6 37
6 38
6 37
5 37
5 38
5 37
4 37
3 37
3 36
2 36
3 36
3 35
3 36
4 36
5 36
6 36
5 36
5 35
5 34
5 35
6 35
5 35
4 35
5 35
4 35
4 34
5 34
5 35
6 35
7 35
8 35
8 36
7 36
6 36
6 37
5 37
4 37
4 38
3 38
4 38
4 39
4 40
4 39
5 39
4 39
4 40
4 39
4 40
5 40
4 40
3 40
4 40
3 40
4 40
5 40
5 41
5 40
6 40
6 41
6 40
5 40
5 39
5 38
5 37
5 36
5 35
5 36
6 36
5 36
5 35
4 35
4 34
3 34
3 35
4 35
3 35
2 35
2 36
2 35
1 35
1 34
0 34
0 33
0 32
0 31
1 31
1 30
0 30
1 30
1 29
1 28
1 29
0 29
1 29
2 29
2 30
3 30
3 29
2 29
2 28
2 29
2 30
3 30
4 30
4 29
3 29
3 28
4 28
4 27
4 28
4 27
5 27
5 26
6 26
7 26
7 25
6 25
7 25
6 25
7 25
7 26
7 27
6 27
6 28
5 28
4 28
3 28
2 28
2 29
1 29
1 30
0 30
0 31
1 31
2 31
2 30
1 30
1 29
0 29
1 29
1 28
1 29
0 29
1 29
2 29
2 30
2 31
2 32
1 32
0 32
1 32
0 32
1 32
2 32
2 31
2 32
2 31
2 32
1 32
1 33
2 33
3 33
3 34
3 35
4 35
5 35
4 35
4 36
4 37
4 38
3 38
3 39
2 39
2 38
3 38
4 38
3 38
3 39
3 40
3 41
3 42
2 42
2 41
2 42
2 43
3 43
4 43
4 44
4 45
4 46
3 46
3 47
2 47
1 47
1 46
2 46
2 47
1 47
0 47
0 48
1 48
1 49
0 49
0 50
1 50
2 50
2 51
2 52
1 52
1 53
1 54
2 54
2 55
1 55
1 56
1 57
0 57
0 56
0 55
1 55
2 55
2 54
3 54
3 55
4 55
3 55
2 55
1 55
0 55
0 56
1 56
0 56
1 56
1 55
1 54
1 53
1 54
1 53
1 52
0 52
1 52
1 53
2 53
2 52
2 53
3 53
3 52
3 53
3 52
3 51
2 51
2 52
1 52
1 53
0 53
1 53
2 53
2 54
1 54
1 53
1 54
0 54
1 54
1 55
1 54
