0 0
0 1
0 0
0 1
0 2
0 1
1 1
1 0
2 0
1 0
1 1
0 1
0 2
1 2
1 1
1 2
1 3
1 2
2 2
1 2
1 3
0 3
0 2
1 2
1 3
0 3
0 2
0 1
1 1
0 1
0 2
0 3
1 3
0 3
1 3
2 3
2 4
2 5
2 6
2 5
1 5
0 5
0 6
1 6
1 7
2 7
2 6
3 6
2 6
2 7
3 7
3 6
2 6
2 7
1 7
0 7
1 7
0 7
1 7
1 6
1 7
1 6
0 6
1 6
2 6
1 6
2 6
2 5
1 5
1 6
0 6
0 7
0 6
1 6
1 7
0 7
0 6
1 6
1 7
0 7
1 7
1 6
1 5
1 4
1 3
2 3
2 4
2 3
3 3
3 2
3 1
4 1
5 1
6 1
7 1
7 0
7 1
7 0
7 1
8 1
8 0
7 0
7 1
7 2
7 3
7 4
8 4
8 3
8 4
9 4
10 4
9 4
9 5
8 5
9 5
9 4
10 4
10 3
9 3
8 3
8 4
8 5
8 6
9 6
9 7
10 7
10 8
10 9
10 8
9 8
9 9
9 10
9 9
9 10
10 10
10 11
10 12
10 13
10 12
9 12
9 13
9 14
9 13
9 14
8 14
7 14
7 15
7 14
6 14
7 14
8 14
8 15
8 14
8 15
8 14
7 14
6 14
6 13
6 14
6 13
6 14
6 15
6 16
7 16
7 17
6 17
7 17
6 17
6 16
6 17
6 16
6 17
5 17
5 16
6 16
6 17
7 17
7 18
7 17
6 17
5 17
5 18
5 19
4 19
4 18
5 18
5 19
5 18
4 18
4 19
3 19
3 20
3 19
4 19
4 20
3 20
3 19
3 20
2 20
2 19
3 19
4 19
4 20
3 20
4 20
5 20
5 21
5 20
5 21
5 22
5 23
5 22
5 23
5 24
5 25
5 26
5 27
5 26
4 26
3 26
3 25
4 25
5 25
5 24
5 25
5 24
6 24
6 25
6 26
6 27
5 27
5 28
5 27
6 27
7 27
6 27
6 26
6 25
6 24
7 24
7 25
7 24
7 25
8 25
9 25
9 26
10 26
11 26
11 27
11 26
12 26
12 25
11 25
11 26
11 27
12 27
11 27
11 28
11 27
10 27
9 27
8 27
9 27
10 27
9 27
9 26
8 26
9 26
8 26
7 26
7 25
6 25
7 25
7 26
7 25
7 26
8 26
8 27
8 26
8 27
8 26
8 27
7 27
6 27
6 26
5 26
5 25
5 24
5 23
5 22
6 22
5 22
4 22
4 21
4 20
4 19
5 19
6 19
7 19
8 19
8 20
8 21
8 20
7 20
8 20
9 20
9 21
9 22
10 22
11 22
12 22
13 22
12 22
12 21
12 20
13 20
13 21
13 20
13 21
13 22
12 22
12 23
13 23
13 22
14 22
14 23
14 22
15 22
16 22
17 22
17 21
18 21
17 21
16 21
16 20
16 21
16 22
16 21
16 22
16 23
16 22
16 21
16 22
16 21
16 22
16 23
16 24
17 24
16 24
15 24
14 24
13 24
12 24
12 23
13 23
13 22
12 22
11 22
11 23
11 24
10 24
9 24
9 25
9 24
9 23
8 23
8 24
9 24
8 24
9 24
9 25
9 26
9 25
10 25
11 25
11 26
11 27
11 26
11 25
10 25
10 24
9 24
10 24
11 24
10 24
11 24
11 23
10 23
10 22
11 22
11 23
12 23
12 22
11 22
11 21
12 21
11 21
10 21
10 20
11 20
11 21
10 21
9 21
9 22
8 22
8 23
7 23
7 24
7 25
7 26
7 25
7 24
8 24
8 23
9 23
8 23
8 22
7 22
8 22
7 22
6 22
5 22
4 22
5 22
6 22
6 21
7 21
6 21
7 21
7 20
8 20
8 19
7 19
7 18
8 18
8 19
9 19
8 19
8 20
9 20
9 19
9 18
8 18
9 18
9 19
10 19
9 19
8 19
8 18
8 19
7 19
7 18
6 18
6 19
6 20
7 20
6 20
6 19
6 20
6 21
6 22
5 22
4 22
4 23
4 24
3 24
3 23
2 23
1 23
2 23
2 22
1 22
0 22
1 22
2 22
3 22
4 22
5 22
5 23
4 23
5 23
5 24
6 24
6 25
6 24
7 24
8 24
9 24
9 25
10 25
10 26
9 26
9 25
9 24
10 24
9 24
9 25
9 26
9 27
10 27
11 27
11 28
10 28
10 27
10 28
11 28
10 28
11 28
12 28
12 27
12 28
13 28
13 27
12 27
11 27
10 27
10 26
10 27
9 27
10 27
9 27
10 27
11 27
10 27
11 27
12 27
13 27
13 26
12 26
13 26
12 26
13 26
13 27
14 27
15 27
15 28
15 27
16 27
17 27
17 28
18 28
18 27
17 27
16 27
17 27
17 28
17 27
17 28
17 29
17 28
17 29
17 28
16 28
16 27
15 27
15 28
14 28
14 27
13 27
13 28
13 29
13 28
13 27
14 27
14 26
14 25
14 24
14 25
13 25
14 25
13 25
13 26
13 27
13 28
13 29
12 29
12 28
13 28
13 27
13 28
14 28
15 28
16 28
16 27
16 28
15 28
14 28
13 28
13 27
13 28
14 28
14 27
13 27
12 27
13 27
12 27
12 28
12 27
11 27
10 27
11 27
10 27
11 27
10 27
9 27
9 28
9 29
9 28
8 28
7 28
6 28
7 28
6 28
6 27
6 26
7 26
7 25
8 25
8 26
8 27
9 27
9 28
10 28
11 28
11 27
11 26
10 26
9 26
8 26
8 27
9 27
10 27
10 26
10 27
10 26
9 26
9 27
8 27
7 27
6 27
6 26
6 25
6 26
5 26
4 26
5 26
4 26
5 26
4 26
5 26
6 26
5 26
5 25
6 25
6 26
5 26
5 25
5 24
5 25
6 25
6 24
7 24
8 24
8 25
7 25
7 24
7 25
8 25
7 25
8 25
8 26
7 26
6 26
7 26
7 25
7 24
8 24
8 23
8 24
7 24
7 25
7 24
7 25
6 25
6 24
6 23
5 23
4 23
4 22
3 22
2 22
2 23
2 24
1 24
1 25
2 25
1 25
2 25
2 24
2 25
3 25
3 24
3 25
3 24
3 23
2 23
2 24
2 23
3 23
3 24
3 25
2 25
3 25
3 24
2 24
2 25
2 26
1 26
1 27
0 27
1 27
1 26
2 26
2 25
1 25
2 25
3 25
3 24
3 25
2 25
2 26
2 25
2 24
2 25
3 25
2 25
2 24
2 25
2 24
2 25
3 25
3 26
2 26
1 26
1 25
1 24
0 24
1 24
0 24
0 25
1 25
0 25
0 26
0 27
1 27
0 27
1 27
2 27
3 27
3 28
3 29
3 28
2 28
3 28
2 28
2 27
3 27
2 27
2 28
3 28
2 28
2 27
1 27
2 27
2 26
2 27
2 28
3 28
3 29
4 29
5 29
5 28
4 28
4 27
4 26
3 26
3 25
3 26
4 26
4 27
4 28
4 29
3 29
4 29
3 29
2 29
2 30
2 31
3 31
3 30
2 30
3 30
2 30
3 30
3 29
4 29
4 28
4 29
3 29
2 29
2 30
3 30
2 30
2 29
2 30
3 30
2 30
2 31
2 30
1 30
2 30
3 30
3 29
4 29
4 28
4 27
4 28
5 28
5 27
4 27
4 28
4 29
3 29
2 29
2 30
2 29
2 30
2 31
2 30
3 30
3 31
4 31
4 32
3 32
3 33
4 33
4 32
4 33
4 32
4 31
4 30
4 29
5 29
4 29
5 29
6 29
7 29
7 28
7 27
7 28
7 27
7 26
8 26
7 26
6 26
6 25
6 26
6 27
7 27
7 28
8 28
7 28
8 28
8 27
9 27
10 27
10 26
11 26
10 26
11 26
12 26
12 25
12 26
12 27
11 27
12 27
12 28
12 27
11 27
12 27
13 27
13 26
14 26
15 26
14 26
15 26
15 25
15 26
14 26
15 26
15 27
14 27
14 28
14 27
14 26
13 26
12 26
13 26
12 26
12 27
11 27
11 26
11 25
10 25
10 24
10 25
10 26
10 27
10 26
11 26
11 27
10 27
10 28
10 29
10 30
10 31
10 32
9 32
9 33
8 33
7 33
7 32
8 32
8 33
9 33
9 32
8 32
8 33
7 33
7 34
7 35
7 36
7 37
6 37
6 36
7 36
6 36
6 35
5 35
5 36
5 35
6 35
5 35
5 34
5 35
4 35
5 35
5 36
6 36
6 35
6 34
5 34
5 33
4 33
5 33
5 34
5 35
6 35
7 35
7 34
6 34
5 34
6 34
6 33
6 34
5 34
5 35
4 35
4 34
5 34
4 34
3 34
3 33
3 32
4 32
4 33
3 33
4 33
4 34
3 34
3 33
3 34
3 33
3 34
3 35
3 36
3 35
3 34
3 35
3 34
