0 0
0 1
0 2
1 2
0 2
1 2
0 2
1 2
1 3
1 4
0 4
0 5
1 5
2 5
3 5
3 4
3 5
3 4
3 5
3 6
3 7
3 6
3 7
4 7
5 7
5 8
5 9
6 9
6 8
5 8
6 8
7 8
7 7
7 8
7 9
6 9
7 9
7 8
6 8
7 8
7 7
6 7
6 6
6 7
7 7
8 7
8 8
7 8
7 7
6 7
7 7
7 6
8 6
8 5
9 5
9 4
10 4
9 4
10 4
10 5
10 4
9 4
9 3
9 4
9 5
9 6
10 6
9 6
10 6
10 5
10 4
10 5
11 5
11 4
12 4
13 4
13 5
12 5
12 6
11 6
10 6
11 6
10 6
10 5
11 5
11 6
10 6
10 7
10 8
11 8
11 9
11 8
11 7
12 7
11 7
11 6
11 5
11 6
11 5
10 5
10 4
10 5
11 5
11 6
11 5
11 6
11 5
11 6
10 6
11 6
12 6
13 6
13 7
13 8
14 8
15 8
15 9
14 9
13 9
14 9
13 9
12 9
11 9
12 9
12 8
12 9
13 9
13 8
13 9
13 8
13 9
12 9
12 10
13 10
12 10
12 11
11 11
11 10
12 10
11 10
11 11
11 12
10 12
9 12
10 12
10 13
10 14
10 15
11 15
12 15
12 16
12 15
12 14
12 13
13 13
13 12
14 12
13 12
12 12
12 11
13 11
13 12
12 12
11 12
10 12
10 11
9 11
9 12
9 13
9 14
9 15
8 15
9 15
8 15
8 16
9 16
9 17
8 17
7 17
6 17
6 16
6 17
7 17
8 17
7 17
7 18
6 18
6 17
6 18
6 19
6 18
7 18
6 18
6 19
7 19
7 20
6 20
6 21
6 22
5 22
4 22
4 23
4 24
3 24
3 25
4 25
4 26
4 25
4 24
3 24
2 24
2 23
2 22
1 22
1 23
2 23
3 23
3 24
3 25
2 25
2 24
1 24
0 24
1 24
1 23
1 22
1 21
2 21
2 22
2 21
2 20
2 19
2 18
1 18
1 19
0 19
0 18
1 18
2 18
1 18
1 17
1 18
1 19
2 19
2 20
1 20
0 20
1 20
1 19
1 18
1 17
2 17
1 17
1 16
1 15
2 15
3 15
3 14
2 14
2 13
1 13
2 13
3 13
3 12
3 11
2 11
2 10
3 10
4 10
5 10
4 10
4 9
4 10
5 10
5 11
5 12
5 11
6 11
7 11
6 11
5 11
5 10
6 10
5 10
4 10
4 11
5 11
5 10
5 9
6 9
6 8
6 7
6 6
5 6
5 5
5 4
5 3
4 3
3 3
2 3
2 2
2 3
3 3
3 4
4 4
4 3
4 2
4 3
4 4
3 4
3 5
3 6
4 6
3 6
2 6
1 6
1 7
2 7
1 7
1 6
2 6
2 7
2 6
2 5
2 6
2 5
2 4
1 4
1 3
1 4
1 3
1 4
2 4
1 4
0 4
0 5
0 6
1 6
1 7
2 7
1 7
1 6
1 7
1 8
1 9
1 8
2 8
2 7
3 7
2 7
2 8
1 8
2 8
2 9
1 9
2 9
3 9
4 9
4 8
5 8
5 7
5 8
4 8
4 7
4 8
5 8
4 8
4 7
3 7
3 8
3 7
4 7
3 7
3 6
2 6
2 5
1 5
1 4
2 4
2 5
1 5
1 4
1 3
0 3
0 2
1 2
2 2
2 3
3 3
2 3
3 3
4 3
4 2
4 3
4 2
5 2
5 1
5 2
4 2
4 3
5 3
6 3
5 3
6 3
6 2
6 3
7 3
6 3
5 3
4 3
3 3
2 3
1 3
0 3
1 3
2 3
2 4
2 3
3 3
3 2
2 2
1 2
1 3
0 3
0 2
1 2
2 2
2 1
2 0
1 0
1 1
1 2
0 2
1 2
1 1
1 2
1 1
1 0
0 0
1 0
1 1
2 1
2 2
1 2
1 3
1 4
0 4
0 5
0 4
0 3
0 2
0 1
0 2
0 1
0 0
0 1
1 1
2 1
2 0
3 0
3 1
3 2
3 1
4 1
5 1
4 1
4 2
4 3
4 4
4 3
5 3
5 2
6 2
6 1
7 1
7 0
6 0
7 0
7 1
8 1
8 2
8 3
7 3
6 3
7 3
8 3
8 4
8 3
9 3
10 3
11 3
11 2
11 1
12 1
12 0
12 1
11 1
11 2
11 3
10 3
10 4
11 4
11 3
11 2
10 2
10 3
11 3
10 3
11 3
11 2
11 1
12 1
13 1
13 0
13 1
13 2
13 3
12 3
12 2
12 1
12 0
13 0
14 0
15 0
15 1
14 1
13 1
12 1
11 1
12 1
13 1
14 1
14 2
14 1
15 1
16 1
16 2
16 3
16 2
16 3
17 3
18 3
19 3
18 3
19 3
20 3
20 2
21 2
21 3
20 3
20 2
20 3
20 2
20 1
20 2
20 1
19 1
19 2
18 2
18 3
18 2
17 2
16 2
16 3
15 3
14 3
15 3
15 2
15 3
16 3
16 4
15 4
15 5
16 5
15 5
14 5
15 5
15 6
15 7
15 6
16 6
15 6
15 5
16 5
16 6
16 5
17 5
16 5
16 4
15 4
15 5
15 6
15 5
16 5
15 5
16 5
16 4
16 5
17 5
16 5
15 5
16 5
16 4
16 3
15 3
15 4
15 3
15 4
15 5
15 4
15 5
15 6
14 6
14 7
15 7
14 7
14 8
14 7
14 8
14 7
15 7
15 6
15 7
15 6
15 7
15 8
14 8
14 9
15 9
15 8
16 8
15 8
15 9
16 9
17 9
16 9
17 9
18 9
18 8
18 7
19 7
19 8
20 8
19 8
20 8
20 7
19 7
18 7
18 6
19 6
20 6
20 5
21 5
22 5
21 5
21 6
22 6
21 6
20 6
19 6
20 6
20 5
20 6
21 6
21 5
21 6
21 7
21 6
21 5
22 5
21 5
22 5
23 5
22 5
22 4
22 5
22 4
23 4
24 4
25 4
25 3
25 4
26 4
27 4
27 3
28 3
27 3
27 2
27 3
27 2
27 1
27 0
26 0
27 0
27 1
26 1
25 1
25 2
24 2
24 3
23 3
22 3
23 3
23 4
23 5
23 4
23 3
23 2
24 2
24 1
23 1
23 2
23 3
23 2
22 2
23 2
24 2
23 2
23 3
24 3
24 4
25 4
25 5
25 4
26 4
26 3
25 3
25 2
26 2
27 2
28 2
28 1
28 2
28 1
29 1
28 1
28 0
27 0
27 1
27 2
27 1
27 0
27 1
27 2
26 2
25 2
26 2
26 3
25 3
25 4
24 4
25 4
26 4
27 4
27 3
28 3
28 4
28 3
28 4
28 5
28 6
28 7
29 7
29 8
29 7
30 7
30 8
30 9
30 8
31 8
31 7
31 6
32 6
31 6
31 7
30 7
31 7
32 7
32 6
33 6
32 6
32 5
32 6
31 6
31 5
32 5
33 5
33 6
32 6
31 6
30 6
29 6
28 6
29 6
30 6
30 7
30 8
29 8
29 9
29 10
29 9
30 9
30 8
30 9
30 8
29 8
28 8
27 8
26 8
27 8
27 7
28 7
29 7
29 8
29 9
29 10
29 11
30 11
29 11
29 10
29 9
29 8
28 8
28 7
28 8
28 7
27 7
27 8
27 9
27 10
27 9
27 8
26 8
27 8
28 8
27 8
28 8
28 7
28 8
28 9
28 8
28 9
28 8
29 8
28 8
28 9
28 8
27 8
28 8
29 8
29 9
30 9
31 9
31 10
31 9
31 10
31 9
31 8
31 9
31 10
31 11
30 11
30 12
30 13
30 14
30 13
30 12
31 12
30 12
30 11
30 10
30 11
30 10
30 11
29 11
30 11
29 11
28 11
28 12
29 12
28 12
29 12
30 12
30 11
30 10
29 10
28 10
29 10
29 11
29 12
29 13
29 14
29 13
29 14
30 14
30 15
31 15
31 16
31 15
31 16
32 16
32 17
32 18
32 17
32 16
32 15
32 16
33 16
32 16
31 16
30 16
31 16
31 15
32 15
32 14
31 14
32 14
32 13
31 13
30 13
29 13
30 13
29 13
30 13
30 14
30 13
30 14
30 13
29 13
30 13
31 13
31 12
32 12
33 12
33 11
32 11
32 10
32 9
33 9
33 10
34 10
34 9
33 9
34 9
35 9
35 8
35 7
35 6
35 5
35 4
36 4
37 4
38 4
38 3
39 3
40 3
40 4
40 3
39 3
40 3
40 2
40 3
40 4
39 4
39 3
40 3
41 3
42 3
42 2
42 3
42 4
43 4
44 4
44 5
43 5
44 5
45 5
45 6
45 5
44 5
44 4
44 5
44 4
43 4
42 4
42 3
42 4
43 4
43 3
43 2
43 3
43 2
43 3
43 2
42 2
42 1
42 0
42 1
41 1
42 1
