0 0
0 1
1 1
1 2
1 3
0 3
0 4
1 4
2 4
1 4
0 4
1 4
2 4
2 5
1 5
2 5
3 5
4 5
3 5
3 4
2 4
1 4
0 4
1 4
1 5
1 6
1 7
1 6
2 6
2 5
3 5
3 4
4 4
3 4
3 5
4 5
5 5
4 5
4 6
5 6
5 7
5 8
5 7
5 6
5 7
5 6
5 7
5 8
5 9
5 8
5 9
5 10
6 10
5 10
5 11
4 11
4 10
4 9
5 9
6 9
5 9
6 9
6 8
6 9
6 10
6 9
6 8
7 8
7 7
7 8
7 9
7 8
7 7
7 8
7 7
7 6
7 7
6 7
5 7
4 7
4 6
4 7
5 7
6 7
6 8
5 8
5 7
5 6
4 6
4 7
4 6
5 6
4 6
4 7
4 8
4 7
4 8
4 7
4 6
4 5
4 6
4 5
4 6
4 5
3 5
3 6
4 6
3 6
3 7
4 7
4 6
4 5
5 5
6 5
5 5
6 5
7 5
8 5
8 4
7 4
6 4
7 4
6 4
5 4
5 3
5 2
5 1
6 1
6 2
6 1
5 1
5 0
6 0
5 0
4 0
4 1
4 0
5 0
4 0
4 1
4 2
4 1
3 1
2 1
2 2
1 2
0 2
1 2
1 1
1 2
0 2
0 1
0 2
0 1
1 1
2 1
2 2
2 1
1 1
1 2
1 3
0 3
0 4
1 4
1 3
0 3
0 2
1 2
1 1
0 1
1 1
2 1
1 1
1 0
1 1
1 0
2 0
2 1
1 1
1 0
1 1
1 0
1 1
0 1
0 2
0 3
1 3
0 3
0 4
1 4
0 4
0 5
1 5
0 5
1 5
1 4
2 4
3 4
2 4
2 3
2 2
1 2
1 1
0 1
0 2
0 1
1 1
0 1
0 0
1 0
0 0
1 0
1 1
1 0
0 0
1 0
1 1
2 1
2 0
2 1
1 1
2 1
2 0
2 1
2 2
1 2
1 3
0 3
0 4
1 4
1 5
2 5
2 4
3 4
2 4
3 4
3 5
4 5
3 5
2 5
2 4
2 3
1 3
2 3
1 3
1 4
0 4
0 3
0 2
0 3
0 4
1 4
0 4
1 4
0 4
0 3
0 2
0 3
1 3
2 3
1 3
0 3
1 3
2 3
3 3
3 4
2 4
1 4
0 4
0 5
0 4
1 4
1 5
1 4
1 5
1 4
1 3
1 2
0 2
1 2
0 2
0 1
0 0
0 1
0 0
1 0
0 0
1 0
0 0
0 1
1 1
1 2
2 2
3 2
3 1
2 1
2 0
1 0
2 0
2 1
2 0
3 0
3 1
2 1
1 1
1 2
1 3
1 4
0 4
0 5
1 5
1 6
1 7
2 7
2 6
1 6
1 7
2 7
2 6
2 7
2 6
2 5
2 4
2 3
3 3
3 2
3 1
2 1
1 1
1 0
1 1
2 1
2 2
3 2
3 1
2 1
2 0
2 1
2 0
1 0
1 1
0 1
0 0
0 1
0 0
0 1
1 1
1 0
1 1
1 2
2 2
1 2
1 3
2 3
2 2
3 2
4 2
4 3
4 4
5 4
6 4
7 4
8 4
8 3
9 3
9 4
9 3
9 2
10 2
10 3
11 3
11 4
12 4
12 5
12 4
12 5
11 5
12 5
12 6
12 7
13 7
14 7
14 6
13 6
14 6
14 7
14 6
14 5
14 6
15 6
15 7
16 7
16 8
16 7
16 6
16 5
15 5
15 4
15 5
15 6
16 6
16 5
16 6
15 6
15 5
15 4
15 5
16 5
17 5
17 6
17 5
18 5
17 5
17 6
18 6
19 6
19 7
20 7
21 7
22 7
22 6
22 5
21 5
22 5
21 5
22 5
22 4
22 3
23 3
23 2
24 2
25 2
25 1
25 2
24 2
24 3
25 3
25 2
25 3
26 3
26 4
25 4
25 3
25 2
25 3
26 3
26 2
26 3
27 3
27 4
28 4
28 3
29 3
29 4
30 4
31 4
30 4
30 3
30 4
31 4
31 3
32 3
32 2
33 2
33 1
34 1
34 2
34 1
34 0
33 0
32 0
33 0
34 0
33 0
34 0
35 0
35 1
36 1
37 1
36 1
37 1
37 0
37 1
37 2
37 3
37 2
36 2
36 3
36 4
35 4
36 4
37 4
38 4
38 5
37 5
36 5
36 4
36 5
37 5
38 5
38 4
37 4
37 3
36 3
36 2
36 1
36 0
35 0
35 1
36 1
35 1
34 1
33 1
32 1
31 1
31 2
30 2
30 3
30 2
29 2
29 1
30 1
31 1
30 1
30 0
30 1
31 1
30 1
31 1
31 0
30 0
30 1
31 1
31 0
32 0
32 1
31 1
31 2
32 2
32 3
32 4
31 4
30 4
30 3
30 4
30 5
29 5
29 4
28 4
28 5
27 5
27 4
26 4
26 5
27 5
27 6
27 7
27 6
27 5
28 5
27 5
28 5
29 5
29 4
29 3
28 3
29 3
28 3
27 3
27 2
27 3
26 3
26 2
27 2
28 2
28 1
28 0
28 1
28 2
29 2
29 3
29 4
30 4
30 3
30 2
30 3
29 3
28 3
28 2
29 2
29 3
29 4
29 3
30 3
30 4
31 4
30 4
30 3
29 3
29 4
29 3
28 3
29 3
29 2
28 2
27 2
28 2
28 1
27 1
27 0
27 1
28 1
28 0
27 0
27 1
27 0
28 0
28 1
28 0
27 0
28 0
29 0
29 1
30 1
31 1
30 1
31 1
31 2
32 2
32 3
32 2
31 2
30 2
31 2
31 1
30 1
30 2
31 2
31 1
31 2
31 1
31 2
32 2
31 2
31 1
31 2
32 2
33 2
34 2
33 2
32 2
32 1
32 0
32 1
32 2
32 3
32 4
32 5
32 6
33 6
32 6
32 7
33 7
34 7
34 8
35 8
36 8
37 8
37 7
37 8
37 9
37 8
37 9
37 8
37 7
37 8
36 8
36 9
37 9
36 9
37 9
38 9
38 10
37 10
38 10
37 10
38 10
39 10
39 9
39 8
38 8
37 8
37 9
36 9
36 10
36 9
36 10
36 9
36 8
36 7
35 7
34 7
34 6
33 6
32 6
31 6
30 6
30 5
31 5
30 5
30 4
31 4
31 5
30 5
29 5
28 5
28 6
28 7
29 7
28 7
28 8
28 9
29 9
29 8
29 7
29 8
29 7
30 7
29 7
30 7
30 8
30 7
29 7
28 7
27 7
26 7
27 7
27 8
27 7
26 7
26 6
26 7
26 6
27 6
27 7
27 6
27 7
27 6
26 6
26 7
27 7
27 8
27 7
28 7
29 7
29 8
29 7
29 8
29 7
28 7
27 7
27 8
27 7
26 7
25 7
26 7
25 7
25 8
24 8
25 8
25 7
25 8
24 8
24 9
25 9
26 9
26 8
26 9
25 9
24 9
25 9
25 8
25 9
24 9
24 8
24 7
25 7
25 8
24 8
24 9
23 9
24 9
23 9
23 10
23 11
24 11
23 11
23 12
23 11
22 11
22 12
21 12
22 12
23 12
23 13
23 14
23 13
24 13
24 12
23 12
23 13
23 12
23 11
23 10
24 10
23 10
23 11
24 11
24 12
25 12
26 12
25 12
25 11
25 12
25 13
25 12
24 12
24 13
23 13
23 12
23 11
23 10
23 9
23 8
24 8
24 9
25 9
24 9
23 9
23 10
23 11
23 12
23 13
23 14
23 15
23 16
24 16
23 16
23 17
24 17
25 17
24 17
25 17
26 17
26 16
25 16
26 16
26 17
26 16
26 17
25 17
25 16
25 15
24 15
25 15
25 16
24 16
23 16
23 15
22 15
22 14
22 13
22 14
22 15
21 15
21 14
21 13
22 13
22 14
21 14
21 13
20 13
20 14
21 14
22 14
22 13
22 14
22 15
21 15
21 14
22 14
23 14
22 14
22 15
23 15
24 15
25 15
24 15
24 14
23 14
24 14
25 14
25 15
24 15
25 15
24 15
24 16
25 16
26 16
25 16
25 15
25 14
26 14
26 13
27 13
26 13
27 13
28 13
27 13
27 14
26 14
25 14
25 15
25 14
24 14
23 14
22 14
22 15
22 16
23 16
22 16
22 17
23 17
22 17
21 17
20 17
21 17
21 18
22 18
22 17
22 18
23 18
24 18
24 17
23 17
23 18
22 18
22 17
22 16
22 17
21 17
22 17
22 18
23 18
24 18
25 18
25 17
25 18
25 19
25 20
26 20
26 21
27 21
26 21
25 21
25 22
25 21
24 21
25 21
25 22
24 22
23 22
22 22
23 22
23 21
24 21
24 20
24 21
23 21
22 21
22 20
22 19
22 20
22 19
22 18
22 17
22 16
21 16
21 15
21 16
20 16
21 16
21 17
21 16
21 15
22 15
23 15
23 16
22 16
23 16
