0 0
0 1
0 2
1 2
1 1
2 1
1 1
0 1
0 0
0 1
0 0
1 0
2 0
3 0
3 1
2 1
2 0
2 1
1 1
1 0
1 1
1 0
2 0
2 1
1 1
1 2
1 3
2 3
1 3
1 4
1 3
1 4
1 5
1 4
1 3
1 2
0 2
0 3
1 3
2 3
2 2
2 1
2 0
3 0
2 0
1 0
0 0
1 0
1 1
0 1
0 2
0 1
0 0
0 1
0 0
1 0
0 0
0 1
0 0
0 1
1 1
2 1
3 1
3 2
3 3
4 3
4 4
4 3
4 4
3 4
3 3
4 3
5 3
4 3
3 3
2 3
2 2
2 1
2 2
2 3
2 2
2 3
2 4
2 3
1 3
0 3
0 2
1 2
0 2
1 2
0 2
0 1
1 1
1 0
0 0
1 0
1 1
1 2
2 2
2 1
2 0
1 0
0 0
0 1
0 2
1 2
1 3
1 4
0 4
0 3
0 4
0 5
0 6
1 6
0 6
1 6
2 6
1 6
2 6
1 6
1 7
0 7
0 8
0 9
0 8
1 8
1 7
2 7
1 7
0 7
0 6
1 6
1 7
0 7
0 8
1 8
1 7
1 6
1 5
1 6
1 5
2 5
2 4
2 5
1 5
1 4
1 5
1 6
2 6
3 6
4 6
3 6
3 7
3 8
3 9
3 10
3 11
2 11
2 10
2 9
2 10
1 10
2 10
1 10
0 10
1 10
0 10
0 9
1 9
1 8
0 8
0 7
0 8
1 8
0 8
1 8
2 8
3 8
2 8
3 8
3 7
2 7
2 8
3 8
4 8
4 9
3 9
3 10
4 10
3 10
3 9
3 8
3 7
4 7
5 7
6 7
6 8
6 9
6 10
5 10
5 11
6 11
6 12
7 12
7 11
7 10
7 9
8 9
7 9
6 9
5 9
6 9
6 10
7 10
7 11
6 11
6 12
7 12
7 13
6 13
5 13
5 14
5 15
5 14
4 14
3 14
3 13
3 12
2 12
1 12
1 11
2 11
2 10
1 10
2 10
1 10
2 10
2 9
1 9
2 9
2 8
2 9
2 8
1 8
1 7
2 7
2 8
2 9
2 8
2 9
3 9
3 10
4 10
5 10
4 10
4 9
3 9
3 8
2 8
3 8
4 8
5 8
6 8
6 7
6 6
6 7
5 7
6 7
7 7
7 6
7 5
7 6
8 6
7 6
7 7
7 6
8 6
8 5
7 5
7 4
8 4
8 5
9 5
9 4
10 4
9 4
9 3
9 2
10 2
10 3
10 2
11 2
11 3
11 4
12 4
13 4
13 5
12 5
13 5
12 5
12 4
13 4
12 4
12 5
13 5
13 6
13 7
12 7
11 7
10 7
9 7
10 7
11 7
11 6
10 6
9 6
10 6
10 5
10 6
10 5
10 4
11 4
10 4
11 4
12 4
13 4
12 4
13 4
13 5
14 5
15 5
15 4
15 5
14 5
13 5
13 6
13 7
13 8
14 8
13 8
14 8
13 8
12 8
11 8
11 7
11 8
11 9
11 8
11 7
11 6
12 6
12 5
12 4
12 5
12 4
12 3
12 4
12 3
11 3
10 3
9 3
10 3
10 4
9 4
10 4
10 5
10 6
10 5
10 6
11 6
12 6
13 6
12 6
12 5
12 4
11 4
12 4
12 5
13 5
13 4
13 5
14 5
14 4
14 3
14 2
14 1
14 0
14 1
15 1
15 2
16 2
17 2
18 2
17 2
16 2
17 2
18 2
18 1
19 1
19 0
20 0
20 1
19 1
20 1
19 1
20 1
20 0
20 1
20 0
21 0
20 0
19 0
18 0
18 1
18 2
18 1
17 1
16 1
17 1
18 1
18 2
17 2
16 2
16 1
15 1
15 2
15 3
14 3
14 4
15 4
15 5
15 6
15 5
15 6
16 6
16 5
15 5
16 5
16 4
16 5
17 5
17 6
17 7
18 7
19 7
20 7
20 6
19 6
19 7
19 8
18 8
18 9
18 8
17 8
17 7
17 8
18 8
18 9
18 8
19 8
18 8
18 9
17 9
17 8
18 8
18 7
19 7
19 8
20 8
19 8
20 8
20 9
20 8
20 9
20 8
21 8
21 7
21 6
20 6
20 7
19 7
19 8
20 8
21 8
21 7
20 7
20 8
20 7
21 7
22 7
22 6
23 6
23 7
24 7
25 7
24 7
24 8
25 8
25 7
25 6
25 7
24 7
25 7
26 7
26 6
25 6
25 7
25 6
25 5
25 6
26 6
26 7
25 7
25 6
26 6
27 6
27 7
27 6
27 7
27 8
27 9
27 10
28 10
28 11
28 12
27 12
27 11
27 10
28 10
29 10
30 10
31 10
30 10
30 11
30 10
31 10
31 11
31 10
31 9
31 8
31 7
31 6
30 6
30 7
30 6
31 6
30 6
31 6
31 5
32 5
33 5
33 6
33 5
33 6
33 7
33 6
33 5
33 6
34 6
35 6
36 6
36 7
37 7
37 6
38 6
37 6
37 5
38 5
38 4
38 5
38 6
38 7
38 8
39 8
40 8
40 7
40 8
40 7
40 8
40 9
39 9
39 8
39 7
39 8
40 8
39 8
40 8
40 7
40 6
40 5
39 5
38 5
37 5
37 4
38 4
37 4
37 5
38 5
39 5
40 5
41 5
42 5
42 4
42 5
43 5
43 4
43 3
44 3
44 4
44 3
44 4
45 4
45 3
45 2
45 3
44 3
44 2
45 2
45 1
46 1
45 1
45 0
45 1
45 0
46 0
47 0
46 0
47 0
48 0
49 0
48 0
49 0
50 0
50 1
50 0
50 1
50 0
49 0
50 0
49 0
48 0
47 0
46 0
46 1
47 1
47 2
47 1
47 0
48 0
48 1
49 1
49 0
49 1
49 0
50 0
49 0
49 1
49 0
50 0
50 1
49 1
50 1
50 2
51 2
50 2
50 1
49 1
50 1
50 2
49 2
49 1
49 2
48 2
48 1
48 0
48 1
47 1
47 0
46 0
46 1
45 1
45 2
46 2
47 2
47 1
47 0
47 1
46 1
45 1
46 1
46 2
45 2
44 2
45 2
46 2
45 2
46 2
47 2
48 2
47 2
47 3
47 4
47 5
47 6
48 6
48 7
48 8
48 7
47 7
48 7
47 7
47 8
47 7
47 8
47 9
46 9
45 9
44 9
45 9
45 8
45 7
44 7
44 8
44 7
44 8
45 8
45 7
44 7
43 7
43 6
43 7
43 6
43 5
43 6
44 6
44 7
44 6
43 6
43 5
42 5
43 5
43 6
43 7
43 6
43 5
43 4
42 4
42 5
43 5
42 5
43 5
44 5
44 4
43 4
43 3
43 2
43 3
44 3
44 4
43 4
42 4
43 4
43 5
42 5
41 5
41 4
40 4
40 5
40 6
40 5
40 4
41 4
41 3
40 3
39 3
39 2
38 2
39 2
39 3
39 2
39 1
39 2
40 2
40 1
40 0
39 0
39 1
39 2
38 2
38 1
38 2
37 2
37 1
37 0
37 1
37 0
38 0
39 0
39 1
40 1
39 1
39 2
38 2
37 2
38 2
38 3
38 2
38 3
38 2
38 3
38 4
39 4
38 4
38 3
38 4
38 3
38 4
38 3
37 3
36 3
36 2
35 2
35 3
35 2
34 2
35 2
36 2
37 2
38 2
37 2
37 3
38 3
38 4
38 3
38 4
39 4
39 5
39 4
38 4
38 3
38 2
38 1
37 1
37 2
36 2
36 1
36 2
37 2
36 2
37 2
37 3
37 2
38 2
37 2
37 3
36 3
35 3
36 3
37 3
38 3
39 3
39 4
40 4
40 5
39 5
39 6
39 5
38 5
38 4
37 4
36 4
35 4
36 4
36 3
35 3
35 4
35 3
35 2
36 2
35 2
34 2
34 3
34 2
34 1
33 1
32 1
31 1
32 1
32 0
33 0
34 0
34 1
35 1
36 1
36 0
36 1
35 1
35 0
34 0
35 0
36 0
35 0
36 0
37 0
37 1
37 2
37 1
37 0
38 0
37 0
38 0
39 0
40 0
40 1
40 0
39 0
40 0
40 1
40 2
41 2
40 2
41 2
42 2
42 3
41 3
42 3
41 3
40 3
40 2
40 1
41 1
41 0
41 1
41 0
41 1
40 1
40 0
40 1
39 1
39 2
38 2
38 1
38 2
38 3
37 3
37 4
38 4
38 3
37 3
37 4
37 5
38 5
38 4
38 5
39 5
39 4
39 5
38 5
38 4
38 3
37 3
37 2
38 2
39 2
38 2
38 3
38 4
38 3
38 2
39 2
38 2
38 1
37 1
37 0
37 1
37 0
36 0
36 1
36 2
36 1
37 1
37 2
37 3
37 2
38 2
39 2
39 3
38 3
38 2
37 2
37 3
37 4
37 3
38 3
38 4
38 3
38 2
39 2
39 1
40 1
