0 0
0 1
0 2
1 2
2 2
2 1
2 2
1 2
2 2
2 3
2 2
1 2
0 2
0 1
1 1
1 2
1 3
0 3
1 3
0 3
1 3
2 3
3 3
4 3
3 3
3 2
3 1
2 1
1 1
0 1
1 1
2 1
3 1
3 0
3 1
3 0
3 1
3 2
4 2
5 2
5 3
5 2
6 2
7 2
8 2
9 2
9 3
10 3
9 3
8 3
9 3
8 3
7 3
7 4
8 4
7 4
7 5
7 4
8 4
8 5
9 5
9 4
10 4
9 4
9 5
10 5
10 4
9 4
8 4
8 5
8 4
8 5
8 4
8 3
7 3
8 3
8 4
9 4
8 4
7 4
7 5
7 6
7 7
7 8
7 7
6 7
6 6
5 6
5 7
5 6
5 5
5 4
4 4
4 3
4 2
4 3
5 3
5 4
6 4
6 5
6 6
7 6
6 6
6 5
7 5
7 4
6 4
5 4
6 4
7 4
6 4
6 5
6 4
7 4
7 3
6 3
7 3
8 3
7 3
6 3
5 3
6 3
7 3
7 2
8 2
8 3
9 3
9 4
10 4
11 4
11 3
11 2
12 2
13 2
12 2
12 1
13 1
12 1
12 0
12 1
12 2
13 2
14 2
15 2
14 2
14 3
15 3
16 3
16 4
17 4
18 4
19 4
18 4
19 4
18 4
18 5
18 4
19 4
18 4
17 4
16 4
16 3
16 4
16 5
15 5
14 5
14 4
13 4
14 4
14 3
14 2
13 2
12 2
13 2
14 2
14 1
13 1
12 1
12 0
12 1
11 1
11 2
12 2
11 2
12 2
13 2
13 1
13 0
12 0
11 0
10 0
9 0
9 1
10 1
10 0
9 0
8 0
8 1
8 2
9 2
10 2
10 1
10 0
10 1
9 1
9 0
8 0
9 0
9 1
9 2
8 2
9 2
8 2
7 2
8 2
8 3
9 3
10 3
10 4
11 4
11 3
11 2
12 2
13 2
13 1
12 1
13 1
14 1
15 1
15 0
15 1
15 0
16 0
16 1
16 0
17 0
18 0
17 0
17 1
16 1
17 1
17 2
17 3
18 3
18 2
18 1
19 1
19 2
20 2
20 3
20 2
21 2
21 1
22 1
23 1
22 1
21 1
21 0
22 0
23 0
24 0
25 0
25 1
25 0
24 0
25 0
24 0
25 0
26 0
25 0
25 1
25 0
25 1
26 1
26 0
26 1
26 0
27 0
27 1
28 1
28 2
28 3
27 3
27 2
27 1
26 1
27 1
26 1
27 1
28 1
28 2
28 1
28 0
28 1
27 1
28 1
27 1
28 1
28 2
27 2
27 1
26 1
27 1
26 1
26 0
27 0
28 0
27 0
26 0
25 0
25 1
25 0
25 1
25 2
25 3
24 3
24 2
24 3
24 2
24 1
25 1
25 0
24 0
24 1
25 1
25 2
25 1
25 0
25 1
25 0
24 0
24 1
23 1
22 1
23 1
23 2
24 2
23 2
23 1
22 1
22 0
22 1
21 1
21 2
21 3
22 3
21 3
21 2
21 3
21 4
21 5
22 5
23 5
23 6
22 6
22 7
22 8
22 9
22 8
21 8
20 8
19 8
18 8
19 8
20 8
20 7
20 6
20 5
20 4
21 4
22 4
22 5
22 6
23 6
22 6
22 5
21 5
22 5
21 5
21 4
21 5
22 5
23 5
23 6
23 7
22 7
22 8
22 9
23 9
24 9
24 8
24 7
25 7
26 7
26 6
27 6
27 7
26 7
26 8
26 9
26 8
25 8
24 8
24 9
24 8
24 9
25 9
24 9
23 9
22 9
23 9
23 10
22 10
22 9
23 9
23 8
23 9
22 9
22 8
22 9
23 9
24 9
25 9
26 9
26 8
27 8
26 8
27 8
27 9
28 9
29 9
29 8
29 7
30 7
30 6
29 6
30 6
30 5
29 5
28 5
29 5
30 5
31 5
31 6
30 6
29 6
30 6
30 5
30 4
30 3
30 4
31 4
31 3
32 3
33 3
32 3
33 3
34 3
35 3
36 3
36 4
36 3
36 2
36 3
35 3
36 3
36 2
36 1
37 1
37 0
37 1
36 1
36 2
35 2
36 2
36 1
35 1
35 0
35 1
35 2
35 3
35 2
35 1
34 1
33 1
34 1
34 2
34 1
33 1
32 1
32 0
32 1
33 1
32 1
31 1
30 1
30 2
31 2
31 3
30 3
30 2
30 3
31 3
32 3
32 4
32 3
31 3
31 2
32 2
33 2
33 1
34 1
34 0
34 1
34 0
33 0
34 0
34 1
35 1
35 0
35 1
34 1
34 0
34 1
34 2
33 2
34 2
33 2
33 3
33 4
32 4
32 5
33 5
33 6
32 6
32 5
32 6
32 5
32 4
33 4
34 4
34 5
35 5
36 5
36 4
37 4
37 3
36 3
36 4
36 5
37 5
36 5
35 5
35 6
35 7
36 7
35 7
34 7
33 7
33 6
34 6
34 7
34 8
33 8
34 8
33 8
32 8
32 9
31 9
32 9
33 9
33 10
33 11
32 11
32 10
33 10
32 10
32 11
31 11
32 11
32 12
31 12
30 12
30 11
31 11
32 11
32 10
33 10
32 10
33 10
33 9
33 10
32 10
32 9
33 9
34 9
34 8
35 8
35 7
36 7
37 7
36 7
36 6
36 5
37 5
38 5
38 6
38 5
38 6
38 5
37 5
37 4
38 4
37 4
38 4
38 5
37 5
37 4
37 3
38 3
38 4
39 4
39 3
39 4
39 3
39 2
40 2
40 1
40 2
40 1
40 0
40 1
41 1
41 2
41 3
41 4
41 3
40 3
40 4
40 3
40 4
41 4
40 4
41 4
41 3
41 4
41 3
42 3
41 3
41 2
40 2
40 3
39 3
39 4
39 3
40 3
41 3
41 4
41 5
41 6
40 6
39 6
40 6
40 7
39 7
39 8
39 7
40 7
40 8
40 9
40 10
39 10
40 10
41 10
41 11
40 11
39 11
39 10
39 11
40 11
41 11
40 11
40 12
41 12
41 13
42 13
41 13
40 13
41 13
41 14
40 14
40 15
40 16
40 17
40 16
40 15
39 15
38 15
37 15
37 14
37 13
37 12
38 12
39 12
39 13
40 13
39 13
38 13
38 12
37 12
36 12
36 13
36 14
37 14
36 14
37 14
38 14
38 15
37 15
36 15
36 14
35 14
36 14
35 14
34 14
33 14
32 14
33 14
33 13
33 14
33 15
33 16
33 17
33 18
33 17
34 17
35 17
35 16
36 16
35 16
35 15
34 15
33 15
34 15
33 15
32 15
31 15
31 16
31 17
30 17
31 17
30 17
29 17
30 17
29 17
30 17
30 16
29 16
29 15
30 15
29 15
30 15
29 15
28 15
29 15
29 14
28 14
28 13
28 12
27 12
27 11
28 11
28 12
29 12
28 12
28 13
29 13
29 14
29 13
29 14
29 13
29 12
30 12
30 11
30 10
31 10
30 10
29 10
30 10
31 10
30 10
29 10
28 10
29 10
29 9
30 9
29 9
28 9
28 8
28 9
28 8
27 8
26 8
25 8
25 7
25 6
26 6
26 7
27 7
28 7
27 7
28 7
27 7
27 8
26 8
27 8
27 9
26 9
26 8
25 8
25 7
25 6
25 7
25 8
24 8
24 7
24 8
25 8
26 8
27 8
26 8
26 7
27 7
27 6
28 6
29 6
29 7
29 6
29 5
29 6
29 5
29 4
29 5
28 5
28 6
28 5
29 5
29 4
28 4
28 3
28 4
28 3
27 3
26 3
27 3
27 4
26 4
27 4
27 5
27 4
28 4
27 4
28 4
29 4
29 3
30 3
29 3
30 3
31 3
32 3
32 2
31 2
31 3
32 3
32 2
32 1
32 2
32 3
33 3
33 2
32 2
33 2
34 2
33 2
33 1
33 0
32 0
31 0
31 1
31 0
31 1
31 2
31 1
31 2
30 2
30 1
30 0
29 0
29 1
29 2
29 3
28 3
28 4
28 5
28 6
28 7
27 7
27 6
28 6
28 5
27 5
27 6
27 7
27 8
27 7
27 8
27 7
27 6
26 6
26 5
26 4
26 5
27 5
27 4
27 3
27 4
28 4
29 4
29 3
28 3
29 3
28 3
29 3
30 3
31 3
30 3
31 3
30 3
30 4
30 5
30 4
30 3
30 4
30 5
30 4
31 4
31 5
31 4
31 5
31 4
31 5
31 4
30 4
30 5
30 6
31 6
31 7
31 6
32 6
32 5
32 6
33 6
32 6
32 5
31 5
31 4
30 4
29 4
29 5
29 4
29 3
30 3
30 2
30 3
29 3
29 4
29 3
30 3
30 2
29 2
30 2
29 2
30 2
30 1
29 1
30 1
31 1
31 2
31 1
31 0
32 0
32 1
32 0
32 1
33 1
32 1
33 1
32 1
31 1
32 1
