0 0
1 0
2 0
3 0
2 0
1 0
1 1
2 1
2 2
2 3
2 2
2 1
2 0
2 1
1 1
1 0
1 1
0 1
0 2
1 2
1 3
1 2
1 1
1 0
0 0
0 1
1 1
0 1
1 1
2 1
3 1
2 1
3 1
3 0
4 0
3 0
4 0
3 0
3 1
4 1
5 1
4 1
4 0
3 0
3 1
3 2
3 1
2 1
2 0
3 0
3 1
2 1
3 1
3 0
3 1
3 0
3 1
4 1
4 2
5 2
5 1
4 1
5 1
4 1
5 1
4 1
4 0
3 0
4 0
4 1
4 2
5 2
4 2
4 1
3 1
2 1
3 1
2 1
2 0
2 1
2 0
2 1
2 0
3 0
2 0
3 0
3 1
4 1
5 1
5 0
5 1
6 1
6 0
7 0
6 0
6 1
5 1
5 2
6 2
6 3
7 3
6 3
7 3
7 2
8 2
8 3
9 3
9 4
10 4
9 4
10 4
11 4
10 4
11 4
10 4
10 5
10 6
9 6
9 7
8 7
8 6
9 6
8 6
7 6
7 5
7 4
7 5
7 6
7 5
8 5
9 5
9 4
9 5
9 4
8 4
8 3
7 3
7 2
6 2
6 1
6 0
6 1
7 1
8 1
8 2
7 2
7 1
7 2
7 3
6 3
6 2
5 2
5 1
6 1
5 1
4 1
3 1
4 1
5 1
6 1
5 1
6 1
6 0
6 1
6 0
5 0
5 1
5 0
5 1
5 2
4 2
4 1
4 0
4 1
4 2
4 1
3 1
3 0
4 0
3 0
4 0
5 0
6 0
6 1
6 2
5 2
4 2
3 2
3 1
4 1
4 0
4 1
3 1
3 2
2 2
3 2
3 3
3 2
2 2
2 3
1 3
2 3
3 3
2 3
2 2
3 2
4 2
4 1
4 2
3 2
3 1
3 0
3 1
2 1
3 1
3 2
3 3
3 2
4 2
4 3
5 3
4 3
4 4
4 5
5 5
5 6
5 5
5 4
6 4
6 5
6 6
6 7
5 7
5 8
4 8
4 9
4 8
4 7
3 7
4 7
5 7
6 7
6 8
6 9
7 9
7 10
7 9
7 8
7 9
6 9
6 10
6 11
5 11
4 11
4 10
4 11
4 10
4 9
5 9
6 9
5 9
5 10
6 10
7 10
8 10
9 10
10 10
10 11
11 11
10 11
10 10
10 11
10 10
11 10
11 9
12 9
11 9
10 9
10 10
11 10
12 10
12 9
12 10
12 9
13 9
14 9
15 9
14 9
14 8
14 9
14 8
15 8
15 9
14 9
15 9
15 10
15 9
15 8
16 8
15 8
15 7
15 6
15 5
14 5
14 6
13 6
12 6
13 6
14 6
15 6
14 6
15 6
16 6
15 6
15 5
14 5
14 4
14 5
14 4
13 4
13 3
13 2
14 2
14 1
15 1
14 1
14 2
14 1
15 1
15 0
14 0
15 0
15 1
16 1
17 1
17 0
17 1
18 1
19 1
19 0
20 0
20 1
20 2
21 2
22 2
22 3
23 3
22 3
22 4
23 4
24 4
25 4
24 4
24 5
25 5
24 5
25 5
25 4
26 4
26 3
27 3
26 3
26 2
26 1
27 1
26 1
25 1
25 0
26 0
27 0
27 1
27 0
28 0
28 1
29 1
28 1
29 1
28 1
27 1
27 2
26 2
25 2
26 2
25 2
25 3
24 3
25 3
25 2
26 2
26 1
25 1
25 0
26 0
25 0
24 0
25 0
25 1
25 2
26 2
26 1
26 2
26 3
27 3
27 2
27 1
26 1
26 0
25 0
24 0
24 1
24 2
24 3
24 2
24 3
24 4
23 4
24 4
23 4
24 4
23 4
24 4
25 4
26 4
25 4
25 5
25 6
25 5
24 5
23 5
23 6
23 7
22 7
21 7
20 7
20 6
19 6
19 5
20 5
21 5
20 5
20 6
20 5
21 5
21 4
21 3
21 2
21 1
21 0
20 0
20 1
21 1
21 0
21 1
20 1
20 0
21 0
22 0
21 0
20 0
21 0
22 0
23 0
23 1
24 1
23 1
23 0
24 0
24 1
25 1
24 1
25 1
26 1
26 0
26 1
26 0
26 1
27 1
28 1
29 1
30 1
30 0
29 0
28 0
28 1
28 2
28 1
27 1
27 2
28 2
28 1
29 1
30 1
30 0
31 0
30 0
30 1
31 1
30 1
30 2
30 1
31 1
31 2
31 1
31 0
30 0
31 0
31 1
32 1
32 2
32 1
32 0
32 1
33 1
34 1
34 0
34 1
34 2
34 3
34 2
33 2
33 3
34 3
34 4
33 4
33 3
32 3
32 2
33 2
33 3
33 4
34 4
34 5
34 6
34 7
33 7
32 7
31 7
32 7
32 8
32 7
32 8
31 8
32 8
33 8
34 8
35 8
36 8
36 9
36 8
35 8
35 9
34 9
34 10
33 10
32 10
31 10
30 10
30 9
29 9
29 10
28 10
28 9
27 9
27 10
27 11
27 12
27 11
26 11
26 10
25 10
24 10
25 10
25 9
24 9
24 8
24 7
25 7
26 7
26 6
26 7
27 7
27 8
27 9
27 10
26 10
27 10
27 11
28 11
28 12
28 13
28 12
27 12
26 12
26 13
26 14
27 14
28 14
27 14
28 14
29 14
29 13
29 12
29 13
30 13
29 13
29 12
29 13
29 14
29 15
29 14
29 15
29 14
30 14
29 14
28 14
29 14
28 14
29 14
30 14
30 13
30 12
30 13
30 12
30 11
31 11
30 11
30 12
30 13
30 12
30 11
30 10
30 9
30 10
30 11
31 11
31 10
31 9
31 10
31 11
31 10
30 10
31 10
31 9
31 8
32 8
32 7
33 7
33 8
33 9
33 8
32 8
32 7
32 8
32 9
33 9
33 8
33 9
32 9
32 8
32 9
33 9
33 8
33 7
34 7
34 8
34 9
34 8
34 9
34 10
35 10
36 10
35 10
35 11
35 10
35 11
35 10
34 10
34 9
34 8
33 8
33 9
34 9
34 8
34 9
34 8
33 8
33 9
34 9
34 10
35 10
34 10
33 10
33 11
33 10
34 10
35 10
35 9
36 9
37 9
38 9
38 10
38 9
39 9
39 8
39 9
38 9
39 9
40 9
40 8
41 8
41 7
41 8
41 7
41 6
41 5
41 4
42 4
43 4
42 4
42 3
41 3
42 3
41 3
41 2
42 2
41 2
40 2
39 2
39 3
40 3
41 3
41 4
40 4
40 3
41 3
40 3
41 3
41 4
42 4
42 3
42 2
42 1
42 0
41 0
41 1
41 2
41 3
41 4
41 5
41 6
41 7
40 7
39 7
38 7
37 7
37 8
38 8
37 8
37 7
36 7
36 8
37 8
36 8
37 8
37 9
38 9
38 8
38 7
37 7
36 7
36 8
37 8
37 7
38 7
37 7
38 7
39 7
40 7
40 8
41 8
40 8
41 8
42 8
42 9
42 10
42 9
41 9
41 10
41 11
41 10
42 10
42 9
42 8
41 8
41 9
41 10
42 10
42 9
41 9
42 9
42 8
42 7
43 7
43 8
42 8
43 8
42 8
43 8
43 9
43 10
43 11
42 11
42 12
41 12
41 11
41 12
41 11
42 11
42 10
42 11
42 12
43 12
43 11
43 10
43 9
42 9
43 9
42 9
43 9
44 9
45 9
46 9
46 10
47 10
47 11
47 10
47 11
47 10
48 10
47 10
47 9
47 8
47 9
46 9
46 10
47 10
47 9
47 8
48 8
49 8
49 9
49 10
49 9
50 9
50 8
49 8
50 8
51 8
50 8
49 8
48 8
48 9
48 10
47 10
47 11
47 10
48 10
48 9
49 9
49 10
49 9
49 10
48 10
48 9
49 9
49 8
49 9
49 8
49 9
50 9
50 10
50 9
50 8
49 8
48 8
47 8
46 8
47 8
46 8
46 9
46 8
46 9
46 10
46 9
46 10
47 10
47 11
48 11
47 11
48 11
47 11
46 11
45 11
45 12
45 13
46 13
45 13
46 13
46 14
46 15
47 15
47 16
46 16
45 16
45 15
45 14
45 13
46 13
45 13
44 13
44 12
43 12
44 12
43 12
44 12
43 12
43 11
42 11
42 10
42 9
42 8
41 8
42 8
41 8
42 8
43 8
42 8
42 9
42 10
42 9
43 9
42 9
43 9
43 8
42 8
41 8
41 9
41 10
41 11
40 11
40 10
40 9
40 10
40 11
40 12
39 12
39 11
39 12
40 12
41 12
41 13
41 12
41 11
40 11
39 11
40 11
40 10
39 10
40 10
39 10
38 10
39 10
39 9
39 10
39 9
40 9
40 8
40 7
40 6
41 6
41 5
41 6
40 6
40 5
41 5
40 5
40 4
39 4
39 3
39 2
40 2
40 1
39 1
39 0
40 0
40 1
41 1
42 1
41 1
42 1
