0 0
1 0
0 0
0 1
0 2
1 2
0 2
1 2
1 1
2 1
2 2
1 2
1 1
2 1
1 1
2 1
2 0
1 0
1 1
1 2
2 2
3 2
3 1
3 0
3 1
3 2
3 3
3 2
2 2
2 1
3 1
2 1
1 1
2 1
2 0
3 0
3 1
3 0
2 0
3 0
3 1
4 1
5 1
5 2
6 2
6 3
7 3
6 3
7 3
8 3
9 3
9 4
8 4
7 4
8 4
8 5
7 5
6 5
6 6
6 5
6 4
7 4
7 5
7 4
7 3
6 3
7 3
7 2
6 2
6 3
5 3
6 3
7 3
7 2
7 1
7 0
7 1
7 0
6 0
5 0
5 1
4 1
3 1
2 1
1 1
1 0
1 1
2 1
2 0
1 0
2 0
3 0
3 1
3 2
3 3
3 4
2 4
3 4
4 4
4 5
3 5
3 6
2 6
3 6
3 7
2 7
1 7
0 7
1 7
1 8
2 8
3 8
2 8
1 8
1 9
1 10
2 10
3 10
2 10
1 10
1 11
0 11
1 11
1 12
1 13
2 13
2 12
1 12
1 11
2 11
1 11
0 11
0 12
0 13
0 12
1 12
2 12
3 12
3 13
4 13
5 13
6 13
7 13
6 13
5 13
4 13
4 12
4 13
4 14
5 14
5 15
6 15
6 16
6 15
6 16
5 16
5 17
6 17
6 16
6 17
6 16
5 16
5 15
4 15
5 15
6 15
6 16
6 17
5 17
5 18
6 18
6 17
6 16
6 15
7 15
8 15
8 14
7 14
7 15
7 14
7 13
8 13
9 13
8 13
9 13
9 14
8 14
7 14
7 13
8 13
7 13
6 13
6 12
6 11
7 11
7 10
7 9
7 10
7 11
7 10
8 10
9 10
9 11
8 11
8 12
7 12
7 13
7 14
8 14
9 14
9 15
9 16
8 16
7 16
7 15
8 15
8 16
9 16
9 17
10 17
10 18
9 18
8 18
8 19
8 18
8 19
7 19
7 18
7 19
7 18
7 17
7 18
7 17
6 17
6 18
6 19
5 19
6 19
5 19
5 18
5 17
5 16
6 16
7 16
7 15
7 16
6 16
5 16
4 16
4 15
4 16
4 17
5 17
4 17
4 16
3 16
2 16
1 16
1 17
0 17
0 16
1 16
1 17
0 17
1 17
1 18
0 18
0 17
1 17
1 16
0 16
0 17
1 17
0 17
0 16
1 16
2 16
1 16
1 17
1 16
2 16
1 16
2 16
3 16
2 16
3 16
3 17
2 17
2 16
3 16
4 16
4 17
5 17
5 18
4 18
4 19
4 20
4 21
3 21
4 21
4 20
3 20
4 20
3 20
2 20
3 20
3 19
2 19
3 19
4 19
3 19
3 18
3 17
3 16
4 16
4 17
4 16
4 17
5 17
4 17
5 17
5 18
4 18
4 17
4 18
4 17
5 17
4 17
4 16
3 16
3 17
3 18
4 18
3 18
2 18
1 18
1 17
0 17
0 16
0 17
1 17
0 17
0 16
0 17
1 17
1 18
2 18
1 18
1 19
1 20
0 20
0 21
0 22
0 23
1 23
2 23
3 23
2 23
2 24
1 24
2 24
1 24
2 24
3 24
3 23
3 22
2 22
3 22
3 21
3 22
3 21
3 20
4 20
4 19
4 20
4 19
4 18
3 18
3 17
4 17
4 18
4 19
5 19
5 18
4 18
4 17
5 17
4 17
4 16
5 16
6 16
7 16
7 17
7 16
8 16
9 16
9 15
10 15
11 15
11 16
12 16
11 16
12 16
12 17
12 18
11 18
11 19
12 19
11 19
11 18
10 18
10 17
10 18
9 18
9 19
9 18
9 19
9 20
9 21
10 21
10 20
9 20
9 21
9 22
8 22
8 23
9 23
9 24
8 24
7 24
7 23
7 22
8 22
7 22
7 21
8 21
9 21
9 20
10 20
9 20
9 21
9 22
8 22
8 21
9 21
9 20
10 20
10 21
10 20
10 19
10 20
9 20
9 21
9 22
9 21
8 21
8 22
8 23
9 23
10 23
10 22
10 23
10 24
11 24
12 24
13 24
12 24
13 24
13 25
12 25
12 26
11 26
11 27
11 28
10 28
10 27
11 27
11 28
11 29
11 30
10 30
10 31
9 31
9 30
10 30
9 30
9 31
10 31
11 31
10 31
11 31
11 30
11 31
11 30
10 30
10 31
9 31
8 31
7 31
6 31
6 30
5 30
5 29
4 29
3 29
3 28
3 27
4 27
3 27
3 28
3 27
3 26
3 25
4 25
3 25
3 26
3 25
4 25
3 25
2 25
2 24
3 24
2 24
2 25
3 25
4 25
4 26
3 26
4 26
5 26
6 26
6 25
6 24
7 24
6 24
7 24
8 24
9 24
10 24
11 24
11 23
10 23
10 22
11 22
10 22
10 23
10 24
11 24
12 24
11 24
11 23
11 24
11 23
11 22
10 22
10 21
10 20
11 20
10 20
10 21
9 21
8 21
8 20
8 19
9 19
9 20
9 19
8 19
7 19
7 18
7 19
6 19
6 20
6 19
7 19
6 19
7 19
7 20
7 21
8 21
7 21
7 22
8 22
8 23
9 23
10 23
9 23
9 22
10 22
10 23
9 23
9 24
8 24
7 24
6 24
5 24
5 25
5 24
4 24
3 24
2 24
1 24
2 24
2 25
3 25
3 26
3 25
3 26
3 27
2 27
3 27
2 27
2 28
2 27
2 28
1 28
1 27
1 28
1 29
0 29
0 30
1 30
2 30
2 31
1 31
1 30
0 30
0 31
1 31
1 30
1 31
1 32
2 32
2 33
2 32
2 31
2 30
2 29
3 29
4 29
3 29
3 30
3 29
2 29
1 29
2 29
3 29
3 30
3 31
4 31
4 32
3 32
2 32
2 31
2 32
2 31
2 30
2 29
1 29
0 29
1 29
0 29
0 30
1 30
2 30
2 29
1 29
2 29
1 29
1 28
1 29
1 30
0 30
1 30
2 30
2 31
2 32
3 32
2 32
3 32
4 32
4 31
4 32
3 32
3 31
3 30
2 30
1 30
2 30
2 29
3 29
3 30
4 30
4 31
5 31
6 31
6 30
7 30
7 31
7 30
7 29
7 28
7 27
7 28
7 29
7 30
8 30
7 30
7 31
7 30
6 30
5 30
5 29
6 29
7 29
7 28
7 27
7 28
7 29
6 29
6 30
7 30
7 29
7 28
7 27
6 27
6 26
6 27
6 26
6 25
5 25
5 26
5 27
6 27
5 27
5 26
4 26
4 27
5 27
5 28
6 28
5 28
6 28
6 27
5 27
5 28
4 28
4 29
4 28
4 29
5 29
4 29
3 29
2 29
2 28
3 28
2 28
2 29
3 29
4 29
4 28
4 27
4 28
3 28
4 28
4 29
5 29
5 30
5 29
4 29
3 29
2 29
3 29
2 29
3 29
4 29
4 28
3 28
4 28
4 27
5 27
4 27
4 26
4 27
4 28
3 28
3 27
4 27
4 28
5 28
6 28
6 27
6 28
5 28
6 28
7 28
7 29
7 30
7 29
7 30
7 31
7 32
7 33
7 34
8 34
9 34
10 34
10 33
11 33
11 32
12 32
13 32
13 33
13 32
13 33
14 33
13 33
13 32
12 32
11 32
11 31
12 31
12 30
13 30
13 31
14 31
14 32
15 32
15 33
14 33
14 34
13 34
13 33
13 34
12 34
12 33
12 34
12 33
12 32
11 32
11 31
11 32
11 33
11 34
11 35
11 34
11 35
11 34
11 33
11 34
11 33
12 33
12 34
13 34
12 34
12 35
13 35
13 34
14 34
15 34
15 33
15 32
16 32
16 31
17 31
18 31
17 31
17 32
16 32
16 31
16 30
16 31
17 31
17 30
17 29
17 30
16 30
16 29
16 28
17 28
18 28
18 27
17 27
16 27
16 26
17 26
18 26
19 26
19 25
19 24
20 24
20 23
20 24
20 23
19 23
19 22
19 21
18 21
17 21
17 22
17 21
16 21
17 21
16 21
15 21
14 21
14 22
14 21
14 22
14 23
14 24
15 24
15 25
15 24
15 25
14 25
15 25
15 24
15 25
14 25
13 25
13 24
13 23
13 22
13 21
12 21
11 21
12 21
12 22
11 22
11 23
11 24
12 24
12 23
12 22
12 23
13 23
12 23
13 23
13 22
14 22
14 21
13 21
13 22
13 23
12 23
12 22
12 21
12 22
12 23
12 24
12 23
12 22
12 21
11 21
12 21
12 20
11 20
11 19
12 19
12 20
12 21
11 21
12 21
11 21
11 22
11 21
11 22
11 21
11 20
11 21
12 21
11 21
12 21
12 22
12 21
12 20
12 19
12 20
12 21
12 20
11 20
11 21
10 21
9 21
8 21
7 21
7 22
7 21
7 22
6 22
7 22
7 21
7 20
7 21
6 21
7 21
7 22
7 23
7 22
