0 0
1 0
1 1
1 2
2 2
2 3
1 3
0 3
1 3
2 3
1 3
2 3
3 3
4 3
5 3
5 2
6 2
5 2
6 2
6 3
6 4
7 4
7 3
7 4
6 4
6 5
7 5
7 4
7 5
7 6
6 6
7 6
8 6
8 7
9 7
9 8
9 9
9 8
8 8
9 8
8 8
9 8
10 8
10 9
11 9
11 8
10 8
11 8
10 8
10 7
9 7
8 7
9 7
9 8
8 8
9 8
8 8
8 7
8 6
9 6
10 6
9 6
9 5
8 5
8 4
8 5
8 4
7 4
7 3
7 4
7 3
8 3
7 3
8 3
8 2
9 2
9 1
9 0
9 1
9 2
8 2
8 3
8 4
9 4
9 3
10 3
9 3
9 2
9 3
9 4
10 4
9 4
9 3
10 3
10 2
11 2
11 1
12 1
13 1
13 0
13 1
13 0
14 0
14 1
13 1
13 0
14 0
14 1
13 1
13 2
13 3
14 3
14 4
13 4
14 4
15 4
14 4
14 3
15 3
16 3
15 3
14 3
14 4
13 4
13 3
13 2
13 3
13 2
13 1
14 1
14 0
14 1
14 2
15 2
14 2
13 2
13 3
13 4
13 3
13 4
14 4
14 3
13 3
13 2
12 2
11 2
11 3
11 4
11 3
11 4
11 5
12 5
12 4
12 3
13 3
14 3
14 2
14 1
14 2
14 3
14 2
13 2
13 1
13 0
14 0
14 1
14 0
14 1
13 1
14 1
15 1
15 2
15 3
15 4
15 5
15 4
16 4
17 4
16 4
16 3
15 3
15 2
14 2
14 1
13 1
13 0
12 0
11 0
11 1
12 1
12 2
13 2
13 1
14 1
13 1
13 0
12 0
11 0
11 1
11 2
11 1
10 1
10 0
11 0
11 1
11 0
11 1
12 1
12 2
13 2
13 3
14 3
15 3
15 4
16 4
15 4
16 4
16 5
15 5
16 5
17 5
17 4
17 5
17 6
16 6
17 6
17 5
16 5
16 6
16 5
17 5
17 4
16 4
15 4
15 5
15 6
15 5
16 5
15 5
15 4
15 5
16 5
16 6
15 6
16 6
15 6
16 6
15 6
14 6
15 6
15 5
14 5
14 4
14 3
15 3
14 3
14 4
14 5
14 4
15 4
15 5
15 4
15 5
14 5
14 6
13 6
12 6
12 7
12 6
12 5
11 5
12 5
12 4
12 5
11 5
10 5
9 5
8 5
8 6
8 5
9 5
10 5
11 5
12 5
12 4
11 4
10 4
9 4
10 4
10 5
9 5
9 4
8 4
7 4
8 4
7 4
8 4
7 4
8 4
9 4
10 4
9 4
9 5
9 4
9 3
9 2
8 2
7 2
8 2
8 3
7 3
7 4
6 4
5 4
5 3
5 4
5 3
6 3
6 2
7 2
7 1
8 1
8 0
8 1
8 0
9 0
10 0
10 1
10 0
10 1
11 1
11 0
10 0
11 0
11 1
11 2
11 1
12 1
11 1
11 0
10 0
10 1
11 1
10 1
11 1
12 1
12 0
13 0
13 1
14 1
13 1
13 2
13 3
13 4
14 4
13 4
14 4
14 5
14 6
13 6
13 5
12 5
12 4
13 4
14 4
14 3
14 2
13 2
13 3
13 2
13 1
12 1
11 1
11 2
11 3
11 2
10 2
10 3
11 3
12 3
13 3
14 3
13 3
12 3
12 4
12 5
11 5
11 6
11 7
10 7
11 7
12 7
13 7
12 7
13 7
13 6
13 7
13 6
13 7
13 8
13 7
14 7
14 8
14 7
13 7
13 8
12 8
13 8
13 7
13 8
13 9
12 9
11 9
11 10
11 9
12 9
12 10
11 10
12 10
12 9
13 9
12 9
12 10
11 10
10 10
10 11
10 12
10 11
11 11
11 10
10 10
9 10
9 11
8 11
9 11
8 11
8 10
9 10
9 9
8 9
7 9
7 10
8 10
9 10
9 11
8 11
8 10
8 11
9 11
8 11
8 10
9 10
8 10
8 11
8 10
7 10
8 10
8 11
9 11
9 10
8 10
9 10
8 10
8 9
8 8
8 7
9 7
9 8
10 8
11 8
11 9
10 9
10 10
11 10
10 10
10 9
10 10
11 10
11 11
12 11
12 10
13 10
12 10
12 11
11 11
10 11
11 11
11 12
10 12
9 12
8 12
8 11
9 11
8 11
8 12
7 12
8 12
7 12
7 13
6 13
6 12
6 13
7 13
8 13
9 13
9 14
9 15
8 15
7 15
8 15
7 15
6 15
6 16
5 16
5 17
5 18
5 19
4 19
3 19
4 19
4 20
3 20
2 20
2 19
2 18
2 17
2 18
2 17
2 16
1 16
2 16
1 16
1 15
2 15
2 16
3 16
3 15
4 15
3 15
3 14
4 14
4 15
4 14
4 15
3 15
3 14
2 14
2 13
1 13
2 13
2 14
1 14
2 14
1 14
1 13
1 12
0 12
1 12
1 13
1 12
2 12
1 12
0 12
1 12
1 11
1 12
0 12
1 12
1 11
1 10
1 9
2 9
1 9
2 9
2 10
1 10
2 10
2 11
2 12
3 12
4 12
3 12
4 12
4 13
3 13
2 13
2 12
1 12
1 11
0 11
1 11
1 12
1 11
1 12
0 12
1 12
0 12
0 11
0 10
1 10
2 10
3 10
4 10
4 11
4 12
4 13
4 12
3 12
3 13
3 12
3 11
4 11
4 12
3 12
3 13
3 14
2 14
1 14
1 13
0 13
1 13
1 14
1 15
2 15
3 15
3 16
4 16
5 16
6 16
7 16
7 15
7 16
8 16
9 16
10 16
10 17
9 17
8 17
8 16
7 16
6 16
6 15
6 16
5 16
4 16
4 17
5 17
6 17
7 17
6 17
7 17
6 17
5 17
5 18
5 17
5 18
4 18
3 18
2 18
1 18
2 18
3 18
4 18
4 17
4 18
3 18
3 17
3 16
3 15
4 15
4 14
4 13
5 13
6 13
5 13
4 13
5 13
5 12
5 11
4 11
5 11
5 12
6 12
7 12
6 12
7 12
8 12
7 12
6 12
7 12
7 11
8 11
8 10
8 11
8 12
8 11
8 10
7 10
7 11
8 11
8 12
7 12
8 12
9 12
8 12
9 12
10 12
10 13
11 13
11 14
12 14
11 14
12 14
13 14
13 15
13 16
12 16
11 16
10 16
11 16
10 16
10 15
10 14
10 13
9 13
9 12
10 12
9 12
9 13
8 13
9 13
10 13
9 13
10 13
9 13
8 13
8 14
7 14
7 15
7 14
7 13
6 13
6 14
5 14
4 14
4 15
4 16
4 15
4 14
3 14
3 15
2 15
3 15
2 15
2 16
3 16
3 17
4 17
4 18
3 18
2 18
2 17
2 18
2 17
3 17
3 16
4 16
4 17
3 17
3 18
2 18
3 18
3 19
2 19
2 20
2 21
3 21
3 20
3 19
4 19
3 19
3 20
3 21
3 22
4 22
4 23
5 23
5 22
5 23
5 22
5 23
6 23
6 24
5 24
5 25
5 26
5 27
5 28
6 28
7 28
6 28
6 27
5 27
6 27
7 27
7 28
8 28
9 28
8 28
8 27
8 28
7 28
7 27
6 27
7 27
7 26
8 26
8 25
7 25
6 25
5 25
5 26
6 26
6 27
6 26
6 27
5 27
5 28
6 28
6 27
6 28
6 29
7 29
6 29
6 28
6 27
7 27
6 27
6 26
6 27
6 28
7 28
6 28
7 28
7 29
8 29
8 30
8 29
8 30
9 30
9 31
8 31
9 31
9 30
8 30
8 29
8 28
8 29
8 30
9 30
10 30
11 30
11 31
10 31
9 31
9 30
8 30
8 29
8 28
8 29
9 29
10 29
10 30
9 30
8 30
7 30
7 29
7 30
8 30
7 30
7 31
7 32
6 32
7 32
7 31
7 32
6 32
6 33
5 33
5 34
5 35
5 36
4 36
5 36
4 36
5 36
4 36
4 37
5 37
5 38
6 38
5 38
5 39
4 39
5 39
5 38
5 39
5 40
5 39
4 39
5 39
6 39
7 39
7 38
7 37
7 36
7 37
7 38
7 37
7 36
7 37
7 38
7 39
6 39
6 38
6 39
5 39
5 40
4 40
3 40
4 40
3 40
2 40
3 40
3 39
3 40
4 40
3 40
4 40
4 41
4 42
5 42
5 41
5 40
6 40
7 40
8 40
8 41
9 41
9 40
9 39
8 39
9 39
9 40
9 39
10 39
11 39
12 39
11 39
12 39
12 40
12 39
12 38
11 38
10 38
10 39
10 38
11 38
10 38
9 38
10 38
11 38
12 38
13 38
13 39
14 39
14 40
15 40
16 40
16 39
15 39
14 39
14 38
13 38
12 38
12 37
13 37
13 36
13 35
13 36
13 37
13 38
13 37
13 36
14 36
14 37
15 37
15 38
16 38
17 38
