0 0
1 0
1 1
1 2
1 3
2 3
2 2
2 3
1 3
1 4
0 4
0 5
1 5
1 4
2 4
3 4
3 3
3 4
4 4
4 3
5 3
6 3
7 3
6 3
6 2
5 2
4 2
3 2
3 1
2 1
2 0
2 1
1 1
1 0
1 1
2 1
2 2
2 3
1 3
2 3
1 3
1 2
1 1
1 2
1 1
2 1
2 0
3 0
3 1
4 1
4 0
3 0
4 0
4 1
4 2
4 1
3 1
3 0
4 0
3 0
3 1
3 2
2 2
3 2
3 1
4 1
5 1
5 0
6 0
6 1
6 2
6 1
5 1
6 1
6 2
5 2
5 3
4 3
4 4
3 4
2 4
2 3
2 4
2 3
2 4
3 4
2 4
2 5
2 4
3 4
3 5
4 5
4 4
4 5
5 5
5 4
4 4
4 5
5 5
5 6
5 7
5 8
4 8
4 7
5 7
6 7
5 7
4 7
3 7
2 7
2 6
2 7
2 8
1 8
2 8
2 9
2 8
2 9
2 8
1 8
2 8
3 8
2 8
3 8
3 7
3 6
3 7
3 8
3 9
3 8
2 8
3 8
3 7
3 6
2 6
2 5
3 5
3 4
3 5
2 5
2 6
3 6
3 5
3 6
3 7
3 6
2 6
2 5
1 5
0 5
1 5
0 5
1 5
2 5
3 5
4 5
3 5
4 5
4 4
5 4
5 5
6 5
6 6
6 7
6 6
5 6
4 6
3 6
3 7
3 6
2 6
1 6
1 5
1 6
1 7
1 6
2 6
1 6
1 5
1 6
1 5
1 4
1 5
1 6
2 6
2 5
2 6
1 6
1 5
1 6
1 7
1 8
2 8
3 8
4 8
4 7
4 8
4 9
5 9
5 10
5 11
5 12
4 12
3 12
3 13
4 13
3 13
4 13
3 13
3 12
2 12
2 13
1 13
2 13
2 12
2 11
3 11
4 11
5 11
5 10
4 10
5 10
4 10
3 10
3 9
4 9
5 9
6 9
6 10
7 10
7 11
8 11
7 11
8 11
9 11
9 12
8 12
8 11
9 11
9 10
9 9
8 9
8 8
9 8
9 9
10 9
10 8
10 7
10 6
9 6
9 5
10 5
10 6
9 6
9 7
8 7
9 7
8 7
8 8
8 7
7 7
7 6
8 6
8 5
8 6
9 6
10 6
9 6
8 6
9 6
8 6
7 6
8 6
8 7
7 7
7 8
7 7
8 7
9 7
9 8
9 7
10 7
11 7
12 7
11 7
12 7
12 8
13 8
14 8
14 7
14 6
13 6
13 7
12 7
11 7
12 7
11 7
11 6
11 5
12 5
12 4
12 5
11 5
12 5
12 6
13 6
13 7
13 6
12 6
12 7
13 7
13 8
13 7
13 8
14 8
14 7
14 8
14 9
14 10
14 11
14 10
14 9
15 9
16 9
17 9
16 9
16 10
15 10
15 11
14 11
14 12
14 11
15 11
15 10
14 10
13 10
13 11
13 12
13 11
14 11
13 11
12 11
12 10
12 9
12 8
12 7
11 7
10 7
10 8
10 7
11 7
10 7
9 7
10 7
10 6
11 6
12 6
12 7
12 8
13 8
14 8
14 9
14 8
15 8
15 7
16 7
15 7
16 7
16 6
15 6
15 5
15 4
16 4
17 4
17 3
16 3
15 3
16 3
16 2
16 3
16 4
16 3
17 3
17 2
16 2
16 3
16 2
16 3
16 2
17 2
16 2
16 3
16 4
17 4
16 4
16 5
16 4
16 3
16 4
16 5
15 5
15 6
15 5
14 5
13 5
13 4
13 5
12 5
11 5
11 4
11 5
12 5
12 6
12 7
12 8
11 8
11 9
11 10
10 10
9 10
9 11
10 11
9 11
10 11
10 12
10 13
10 12
10 11
10 10
10 11
10 12
9 12
9 13
10 13
11 13
11 14
11 13
12 13
13 13
12 13
12 12
12 13
12 14
12 15
13 15
12 15
13 15
13 16
14 16
13 16
12 16
12 15
12 16
12 15
12 14
11 14
11 13
11 12
11 11
11 10
11 11
10 11
10 10
9 10
9 11
10 11
9 11
8 11
8 10
8 9
8 10
8 11
8 10
9 10
9 11
9 10
9 9
10 9
9 9
8 9
8 8
7 8
8 8
8 9
8 10
8 9
9 9
9 8
8 8
7 8
8 8
8 7
7 7
7 6
8 6
8 5
8 4
7 4
8 4
8 5
9 5
9 4
8 4
8 5
9 5
9 6
9 7
9 8
8 8
8 9
7 9
8 9
8 10
9 10
10 10
11 10
12 10
12 11
11 11
11 12
11 13
11 14
12 14
13 14
12 14
13 14
14 14
13 14
14 14
13 14
12 14
11 14
11 13
10 13
10 12
10 13
9 13
9 14
9 13
8 13
9 13
10 13
11 13
12 13
11 13
12 13
13 13
12 13
12 14
12 15
11 15
12 15
12 16
12 17
13 17
14 17
15 17
15 18
15 17
15 16
15 15
14 15
14 16
14 17
15 17
15 18
15 19
15 20
14 20
15 20
14 20
13 20
13 19
13 20
13 21
14 21
14 22
14 21
13 21
13 22
13 23
12 23
12 22
12 23
12 22
12 21
13 21
13 20
13 19
12 19
12 20
12 21
13 21
14 21
14 22
13 22
12 22
12 23
12 24
12 25
12 24
12 25
12 26
11 26
11 25
11 26
11 27
10 27
10 26
11 26
12 26
12 27
13 27
13 28
13 27
13 26
13 27
13 28
12 28
12 27
13 27
12 27
11 27
12 27
11 27
11 26
12 26
12 27
12 28
13 28
13 27
12 27
12 28
12 29
11 29
11 30
12 30
11 30
11 31
12 31
13 31
13 30
13 31
13 32
12 32
13 32
13 33
13 32
12 32
11 32
12 32
13 32
13 31
12 31
12 32
11 32
12 32
11 32
11 31
12 31
12 30
13 30
14 30
13 30
13 31
12 31
12 30
13 30
12 30
13 30
14 30
14 31
14 32
13 32
13 33
13 32
13 31
13 30
13 31
13 32
14 32
14 33
13 33
12 33
12 32
13 32
14 32
14 33
14 34
13 34
14 34
15 34
16 34
16 35
17 35
18 35
17 35
17 34
18 34
19 34
19 33
20 33
21 33
22 33
22 34
22 35
22 36
21 36
21 37
20 37
20 36
20 35
21 35
22 35
23 35
23 34
22 34
22 35
22 34
23 34
22 34
22 35
22 36
21 36
21 37
21 38
21 39
20 39
21 39
20 39
20 40
20 39
20 40
20 41
20 40
19 40
20 40
20 39
20 38
20 37
20 38
21 38
20 38
21 38
22 38
21 38
22 38
22 37
22 36
21 36
22 36
21 36
21 37
21 36
22 36
21 36
22 36
22 37
21 37
21 36
22 36
23 36
23 35
24 35
24 36
24 37
23 37
23 36
22 36
22 35
23 35
22 35
21 35
21 34
22 34
23 34
24 34
25 34
25 33
25 34
25 35
25 34
25 35
25 36
24 36
23 36
22 36
22 35
22 36
23 36
24 36
24 37
23 37
23 38
23 37
22 37
23 37
24 37
24 38
24 39
24 40
24 39
24 40
24 39
24 40
24 39
25 39
25 38
25 39
25 40
25 41
25 42
25 41
25 42
25 43
24 43
24 42
24 41
23 41
22 41
23 41
22 41
22 40
22 39
21 39
21 40
21 39
21 40
21 41
20 41
20 40
20 39
20 40
20 41
20 40
20 41
20 42
21 42
21 41
21 42
21 41
20 41
19 41
20 41
20 42
21 42
21 43
21 42
22 42
22 43
22 44
21 44
20 44
19 44
19 45
20 45
20 46
20 47
20 48
21 48
21 49
21 50
21 51
21 52
21 51
22 51
22 52
22 51
21 51
21 50
20 50
19 50
19 49
19 48
19 47
19 46
19 45
20 45
20 44
19 44
20 44
19 44
20 44
19 44
18 44
18 45
18 46
18 47
19 47
19 46
19 47
18 47
19 47
20 47
20 48
20 47
20 48
19 48
18 48
17 48
17 47
16 47
17 47
18 47
17 47
17 46
17 45
16 45
16 44
16 43
16 42
16 43
15 43
15 42
16 42
16 41
16 42
16 43
16 44
16 45
15 45
15 46
16 46
16 47
17 47
18 47
18 46
17 46
17 45
17 46
17 45
16 45
15 45
14 45
13 45
12 45
13 45
13 46
13 47
13 46
12 46
11 46
10 46
10 47
11 47
10 47
10 46
10 47
10 46
11 46
11 47
12 47
11 47
11 48
12 48
11 48
10 48
10 47
10 46
11 46
10 46
11 46
10 46
10 47
10 46
10 45
10 44
10 43
11 43
12 43
11 43
11 44
12 44
13 44
13 43
13 44
13 43
14 43
15 43
15 44
16 44
16 43
16 44
16 45
15 45
15 46
16 46
17 46
17 45
18 45
19 45
20 45
20 44
21 44
22 44
23 44
23 45
24 45
23 45
23 46
