0 0
1 0
1 1
2 1
1 1
1 2
1 3
1 2
1 1
0 1
0 0
1 0
0 0
0 1
1 1
1 0
0 0
0 1
0 0
1 0
1 1
1 2
0 2
1 2
0 2
1 2
1 3
1 2
2 2
2 3
3 3
4 3
4 2
4 3
5 3
5 2
6 2
6 3
6 4
7 4
7 5
6 5
6 6
5 6
5 5
6 5
7 5
7 4
8 4
9 4
10 4
11 4
11 5
11 4
11 3
11 2
12 2
12 1
13 1
14 1
14 2
15 2
15 1
16 1
16 0
16 1
17 1
17 0
18 0
17 0
18 0
19 0
20 0
21 0
21 1
20 1
19 1
19 2
20 2
21 2
21 3
22 3
22 2
21 2
22 2
22 3
23 3
24 3
24 4
23 4
23 3
22 3
21 3
21 2
22 2
22 1
22 2
23 2
24 2
24 1
25 1
26 1
26 0
26 1
27 1
27 0
28 0
28 1
28 2
28 3
29 3
29 4
30 4
30 5
30 6
31 6
32 6
33 6
33 7
34 7
33 7
34 7
33 7
33 6
33 7
33 8
32 8
31 8
32 8
32 9
32 8
31 8
31 7
32 7
32 6
31 6
31 7
31 8
31 9
32 9
32 8
32 7
32 8
33 8
32 8
33 8
32 8
33 8
32 8
32 7
32 6
32 5
33 5
33 6
32 6
31 6
32 6
31 6
32 6
32 5
33 5
33 6
33 5
32 5
31 5
31 6
30 6
29 6
28 6
29 6
29 7
29 6
28 6
29 6
28 6
29 6
30 6
30 5
30 6
30 7
29 7
28 7
28 6
28 7
28 6
29 6
30 6
29 6
30 6
30 5
31 5
31 6
31 5
32 5
32 6
33 6
32 6
33 6
33 5
34 5
34 4
34 3
34 4
34 3
34 4
34 3
35 3
34 3
35 3
36 3
36 2
36 3
35 3
35 2
34 2
34 3
35 3
36 3
36 4
36 5
36 6
36 5
37 5
37 6
37 5
37 6
38 6
38 7
38 8
37 8
38 8
37 8
36 8
37 8
38 8
39 8
39 7
39 6
39 7
38 7
39 7
39 8
40 8
39 8
38 8
37 8
37 7
36 7
36 6
36 7
36 6
37 6
37 7
37 6
38 6
38 5
39 5
39 6
39 7
38 7
38 8
37 8
38 8
37 8
36 8
36 9
37 9
37 8
37 9
37 8
36 8
35 8
36 8
36 7
36 8
36 7
36 8
36 9
35 9
36 9
36 10
35 10
35 11
35 12
35 13
34 13
33 13
33 14
33 13
34 13
33 13
33 14
33 13
33 14
32 14
33 14
34 14
34 15
34 16
33 16
33 17
32 17
32 16
32 15
33 15
34 15
34 14
34 13
35 13
36 13
36 12
35 12
34 12
34 13
33 13
33 12
32 12
32 11
33 11
33 10
34 10
33 10
33 9
33 10
32 10
32 11
32 10
31 10
32 10
32 11
33 11
34 11
34 12
33 12
34 12
35 12
34 12
35 12
35 11
34 11
34 10
35 10
35 11
35 10
34 10
33 10
34 10
34 9
33 9
33 10
33 11
33 10
34 10
34 11
34 12
35 12
35 13
35 14
34 14
35 14
35 13
35 14
35 13
35 12
34 12
33 12
33 11
33 10
32 10
32 9
33 9
33 8
32 8
31 8
31 9
32 9
33 9
34 9
34 10
34 9
34 10
34 9
33 9
32 9
32 8
32 7
32 6
32 7
32 8
32 9
32 8
31 8
31 7
31 6
32 6
33 6
33 7
32 7
32 6
33 6
34 6
35 6
35 7
35 8
35 9
35 10
36 10
35 10
34 10
35 10
35 9
35 8
35 9
36 9
37 9
38 9
38 8
38 9
38 8
38 7
38 8
38 7
38 8
39 8
39 7
39 8
38 8
38 9
37 9
38 9
39 9
38 9
38 10
38 9
39 9
38 9
38 10
39 10
39 9
40 9
41 9
40 9
39 9
39 10
39 11
40 11
41 11
41 12
40 12
41 12
41 13
41 14
42 14
43 14
42 14
41 14
40 14
40 15
41 15
40 15
41 15
41 14
42 14
43 14
43 15
42 15
41 15
41 16
41 17
42 17
41 17
42 17
42 18
41 18
42 18
43 18
43 17
44 17
43 17
42 17
42 18
42 17
42 18
42 17
41 17
41 16
41 15
41 14
41 13
42 13
43 13
42 13
42 12
42 13
41 13
42 13
41 13
41 14
41 13
42 13
42 12
43 12
42 12
41 12
41 11
40 11
40 10
40 9
40 8
40 7
39 7
40 7
40 6
41 6
40 6
41 6
41 5
41 4
40 4
40 5
40 4
41 4
42 4
42 3
42 4
42 5
41 5
41 6
41 7
42 7
41 7
41 6
40 6
39 6
38 6
37 6
38 6
37 6
38 6
38 7
38 8
38 7
38 8
38 7
38 8
37 8
37 7
38 7
37 7
36 7
35 7
36 7
36 6
37 6
38 6
37 6
37 5
38 5
39 5
40 5
40 6
41 6
41 5
41 6
41 7
41 8
42 8
42 7
43 7
43 8
42 8
41 8
42 8
43 8
43 7
43 8
42 8
41 8
41 7
40 7
41 7
41 6
40 6
39 6
38 6
38 5
39 5
39 4
38 4
38 5
37 5
36 5
37 5
38 5
37 5
36 5
36 6
37 6
37 5
37 6
37 5
37 6
38 6
38 7
38 8
37 8
37 9
37 8
37 9
36 9
37 9
37 10
36 10
37 10
36 10
35 10
35 11
35 10
34 10
33 10
33 9
33 8
32 8
31 8
31 9
32 9
32 10
31 10
31 9
31 10
31 11
31 12
31 11
31 10
32 10
31 10
31 9
32 9
33 9
34 9
33 9
34 9
34 10
33 10
33 9
33 10
33 9
33 8
32 8
32 7
31 7
31 8
31 7
31 6
31 7
30 7
31 7
30 7
30 6
29 6
29 5
28 5
28 4
29 4
30 4
30 3
30 2
30 1
30 2
31 2
32 2
32 1
32 0
31 0
30 0
31 0
32 0
32 1
31 1
32 1
33 1
33 0
32 0
32 1
31 1
31 2
31 3
31 4
31 3
32 3
32 4
32 3
33 3
32 3
31 3
32 3
31 3
31 2
31 1
32 1
32 0
33 0
33 1
32 1
32 0
33 0
33 1
33 0
32 0
33 0
33 1
33 0
33 1
32 1
33 1
33 0
33 1
32 1
32 2
32 1
32 0
33 0
33 1
32 1
32 2
32 1
32 0
31 0
32 0
32 1
32 0
32 1
32 0
31 0
31 1
31 0
31 1
31 0
31 1
31 2
31 3
30 3
30 4
29 4
28 4
28 3
29 3
29 4
29 5
30 5
29 5
30 5
31 5
31 6
32 6
31 6
31 5
32 5
31 5
32 5
31 5
31 6
30 6
31 6
30 6
30 5
29 5
29 6
29 5
29 6
29 5
28 5
28 4
27 4
27 5
26 5
25 5
25 6
25 5
26 5
26 4
25 4
24 4
23 4
23 3
22 3
23 3
23 4
22 4
23 4
23 5
22 5
23 5
24 5
23 5
23 6
24 6
24 7
24 6
24 5
25 5
25 4
25 3
25 4
25 5
24 5
23 5
23 6
24 6
25 6
25 5
24 5
24 6
23 6
24 6
24 7
24 8
24 9
24 8
24 7
23 7
23 6
23 7
24 7
24 6
24 7
23 7
23 6
24 6
24 5
24 6
23 6
24 6
24 7
25 7
26 7
26 6
25 6
24 6
23 6
22 6
23 6
24 6
24 7
24 8
24 7
23 7
24 7
24 8
24 9
23 9
23 8
23 9
23 8
24 8
24 9
24 8
23 8
24 8
25 8
24 8
25 8
25 9
25 8
25 9
25 8
26 8
25 8
25 9
25 8
25 9
26 9
27 9
27 10
27 11
26 11
26 12
27 12
27 11
28 11
27 11
26 11
27 11
27 10
27 11
28 11
28 10
29 10
29 11
29 10
30 10
29 10
30 10
30 11
30 12
30 13
30 14
30 15
30 14
30 13
30 14
29 14
30 14
31 14
31 13
31 12
30 12
31 12
31 13
30 13
31 13
31 12
31 11
31 12
30 12
29 12
29 13
29 14
29 13
29 14
29 13
28 13
29 13
29 12
28 12
29 12
29 11
29 12
29 11
28 11
29 11
28 11
28 12
28 13
29 13
29 14
28 14
29 14
28 14
27 14
27 15
26 15
25 15
26 15
26 14
25 14
26 14
25 14
26 14
26 15
26 14
27 14
26 14
26 15
25 15
25 16
25 15
25 14
25 15
25 14
26 14
25 14
25 15
25 16
26 16
25 16
25 17
25 16
26 16
26 17
25 17
24 17
23 17
22 17
23 17
23 18
24 18
24 19
24 20
23 20
22 20
21 20
22 20
22 19
22 20
23 20
23 21
23 22
22 22
21 22
21 23
21 24
20 24
20 23
19 23
18 23
17 23
17 22
18 22
17 22
