0 0
0 1
1 1
0 1
0 0
0 1
1 1
0 1
0 0
1 0
2 0
1 0
1 1
0 1
1 1
1 2
1 1
1 2
2 2
1 2
2 2
2 1
2 0
3 0
3 1
2 1
1 1
1 2
1 1
0 1
0 0
0 1
1 1
1 0
2 0
3 0
3 1
3 2
3 3
3 4
3 5
3 6
4 6
3 6
3 7
3 8
3 9
3 10
3 11
2 11
2 12
2 13
1 13
1 12
1 13
1 14
1 13
1 12
0 12
0 11
1 11
2 11
1 11
1 10
2 10
3 10
3 11
4 11
4 10
3 10
4 10
3 10
3 11
3 12
3 13
3 14
4 14
3 14
3 15
2 15
3 15
3 14
3 15
2 15
1 15
1 14
1 13
1 12
1 11
1 10
1 9
1 8
1 7
1 8
1 9
1 10
2 10
2 9
2 10
2 11
2 10
2 9
1 9
0 9
0 8
1 8
1 7
1 6
1 5
1 6
0 6
1 6
0 6
1 6
2 6
2 7
2 6
3 6
4 6
4 5
4 6
4 5
4 6
5 6
5 7
5 6
6 6
7 6
7 5
8 5
9 5
8 5
9 5
9 4
9 5
10 5
10 4
11 4
11 3
11 4
11 3
11 2
11 1
11 0
11 1
12 1
13 1
13 2
13 1
14 1
13 1
12 1
12 0
11 0
11 1
10 1
10 2
10 1
9 1
8 1
7 1
7 0
8 0
8 1
9 1
10 1
10 0
10 1
9 1
9 2
9 3
8 3
9 3
10 3
11 3
11 2
11 3
11 2
11 1
11 2
11 3
11 2
11 1
11 0
11 1
12 1
12 0
12 1
11 1
11 0
12 0
13 0
13 1
13 0
14 0
14 1
15 1
14 1
14 0
14 1
14 2
14 1
14 2
14 3
14 4
14 5
14 4
14 5
14 4
14 3
14 4
14 5
14 6
14 7
14 8
14 7
15 7
15 8
14 8
15 8
16 8
15 8
15 7
16 7
16 6
17 6
17 5
17 4
18 4
17 4
16 4
17 4
17 3
17 4
17 3
17 4
16 4
17 4
17 3
17 4
16 4
17 4
16 4
17 4
17 3
16 3
17 3
17 2
16 2
16 1
16 0
15 0
14 0
14 1
14 2
14 1
15 1
14 1
15 1
15 0
16 0
17 0
17 1
17 0
16 0
15 0
15 1
16 1
16 0
16 1
15 1
15 2
16 2
16 1
17 1
18 1
18 2
18 1
18 0
18 1
18 2
18 3
17 3
17 4
17 5
18 5
19 5
19 4
19 5
19 6
18 6
18 5
19 5
20 5
19 5
20 5
20 6
20 7
20 8
19 8
20 8
20 9
21 9
22 9
22 10
23 10
23 11
23 10
24 10
24 11
24 10
25 10
25 9
26 9
25 9
25 8
25 7
26 7
25 7
25 8
25 7
25 6
25 5
26 5
25 5
26 5
26 4
27 4
27 3
28 3
27 3
26 3
26 2
27 2
28 2
28 1
28 0
29 0
30 0
31 0
31 1
32 1
32 0
32 1
32 0
32 1
31 1
32 1
32 0
32 1
32 0
32 1
32 0
32 1
32 0
33 0
33 1
33 2
33 3
34 3
34 4
35 4
36 4
36 3
35 3
36 3
35 3
36 3
36 4
35 4
34 4
34 5
34 6
33 6
33 7
34 7
33 7
33 6
34 6
33 6
32 6
33 6
33 5
33 6
33 7
33 6
32 6
32 7
33 7
32 7
32 6
32 5
31 5
31 4
32 4
32 5
31 5
31 4
30 4
30 5
31 5
31 4
31 3
31 2
32 2
33 2
32 2
32 1
33 1
34 1
33 1
34 1
34 0
34 1
35 1
34 1
34 2
34 1
35 1
35 2
35 3
36 3
36 4
37 4
36 4
36 5
37 5
36 5
36 6
37 6
37 7
36 7
36 8
37 8
37 9
37 10
38 10
39 10
39 11
39 10
39 9
39 10
39 11
38 11
38 12
38 11
38 12
38 13
37 13
36 13
37 13
38 13
37 13
37 14
37 13
37 14
36 14
36 13
36 12
36 13
35 13
36 13
36 12
35 12
34 12
33 12
34 12
35 12
34 12
33 12
34 12
33 12
33 13
33 12
33 11
34 11
35 11
34 11
35 11
35 12
36 12
36 11
35 11
34 11
34 10
34 9
34 10
33 10
32 10
32 9
32 10
31 10
30 10
29 10
29 11
29 12
28 12
29 12
29 13
29 12
29 13
29 14
29 15
28 15
27 15
27 16
27 15
28 15
29 15
30 15
31 15
30 15
29 15
29 14
29 15
30 15
30 14
29 14
30 14
30 13
31 13
30 13
29 13
29 12
30 12
30 13
30 12
29 12
29 13
30 13
31 13
30 13
31 13
30 13
30 14
29 14
28 14
28 15
28 16
29 16
28 16
28 15
27 15
27 14
26 14
27 14
26 14
26 15
26 16
27 16
26 16
26 17
26 16
26 17
26 18
26 19
27 19
27 20
27 21
28 21
28 22
28 21
29 21
30 21
30 20
29 20
30 20
31 20
31 21
32 21
32 22
31 22
32 22
32 23
33 23
32 23
32 22
33 22
34 22
33 22
33 23
33 22
34 22
33 22
33 21
34 21
34 22
35 22
34 22
33 22
32 22
32 23
31 23
31 22
30 22
29 22
29 21
30 21
30 22
31 22
31 21
31 20
30 20
31 20
30 20
29 20
28 20
27 20
27 21
27 20
26 20
27 20
26 20
27 20
27 19
27 18
26 18
25 18
26 18
27 18
27 19
26 19
26 20
27 20
27 21
27 22
28 22
28 23
27 23
27 24
26 24
26 25
25 25
24 25
25 25
25 26
25 27
26 27
25 27
26 27
25 27
25 26
25 27
25 28
25 29
26 29
26 28
25 28
25 27
25 28
26 28
26 29
26 30
26 31
26 30
26 31
27 31
28 31
27 31
27 32
26 32
26 31
25 31
24 31
25 31
26 31
26 30
25 30
25 29
24 29
25 29
25 30
24 30
25 30
25 31
25 30
26 30
25 30
24 30
25 30
25 31
24 31
24 32
24 31
25 31
26 31
26 32
27 32
27 33
28 33
28 34
29 34
28 34
28 33
27 33
27 34
26 34
25 34
26 34
26 33
26 32
25 32
25 33
25 32
25 33
26 33
26 34
26 35
27 35
27 36
26 36
26 35
26 36
26 35
26 36
25 36
26 36
25 36
25 37
25 36
25 35
24 35
25 35
26 35
26 34
26 35
27 35
26 35
25 35
26 35
26 34
26 35
26 34
26 33
27 33
26 33
26 32
26 31
27 31
26 31
25 31
24 31
25 31
24 31
24 32
24 33
25 33
25 34
26 34
26 33
25 33
26 33
26 32
27 32
27 33
28 33
27 33
27 32
27 33
28 33
28 32
28 33
28 34
28 35
27 35
28 35
29 35
30 35
29 35
30 35
30 34
29 34
29 33
29 34
29 35
28 35
29 35
29 34
30 34
31 34
30 34
31 34
31 33
31 34
31 33
32 33
32 34
33 34
33 35
34 35
33 35
33 34
32 34
32 35
33 35
34 35
34 36
34 35
34 34
35 34
36 34
36 33
36 34
36 33
36 34
37 34
37 33
37 34
36 34
35 34
35 33
35 34
34 34
35 34
36 34
35 34
35 35
35 34
36 34
35 34
36 34
35 34
35 33
36 33
36 32
35 32
36 32
37 32
37 31
37 32
36 32
36 31
35 31
35 30
35 31
35 32
35 33
34 33
33 33
33 34
32 34
32 35
32 34
31 34
31 33
31 32
31 31
32 31
31 31
31 32
31 31
31 30
30 30
29 30
30 30
29 30
29 31
30 31
29 31
29 32
30 32
30 31
31 31
31 30
32 30
32 29
31 29
30 29
29 29
29 30
28 30
28 31
28 32
28 31
28 30
29 30
28 30
29 30
28 30
29 30
30 30
30 29
31 29
31 30
31 29
31 30
31 29
32 29
32 28
31 28
31 27
30 27
31 27
32 27
32 26
32 27
32 26
32 27
31 27
30 27
30 26
31 26
31 25
30 25
30 26
30 27
29 27
29 28
29 27
30 27
29 27
30 27
31 27
31 26
32 26
32 27
32 26
31 26
31 27
32 27
32 26
32 27
32 26
33 26
33 25
33 24
33 23
32 23
31 23
30 23
31 23
31 24
32 24
32 25
32 24
32 23
32 24
32 23
31 23
32 23
32 24
32 23
33 23
33 24
32 24
31 24
30 24
31 24
30 24
30 23
29 23
29 24
30 24
29 24
28 24
27 24
27 23
27 24
26 24
26 25
26 26
27 26
26 26
26 27
26 28
26 27
26 26
25 26
25 25
24 25
25 25
25 24
25 23
25 24
25 23
25 22
24 22
24 21
24 20
23 20
23 19
24 19
25 19
25 20
25 21
25 20
26 20
27 20
27 21
26 21
26 22
26 21
25 21
25 22
25 23
25 22
25 23
25 24
24 24
25 24
