0 0
1 0
2 0
3 0
4 0
4 1
4 2
5 2
6 2
6 3
6 4
6 5
7 5
6 5
5 5
5 6
5 5
6 5
6 6
5 6
4 6
5 6
4 6
4 5
4 4
4 5
4 6
5 6
4 6
5 6
5 7
5 8
4 8
3 8
4 8
4 9
3 9
2 9
2 10
1 10
2 10
2 11
3 11
3 12
2 12
2 11
3 11
3 10
3 11
3 12
3 13
2 13
1 13
2 13
1 13
1 14
2 14
3 14
2 14
1 14
1 15
1 14
2 14
2 13
3 13
4 13
3 13
4 13
5 13
5 14
5 15
5 14
5 13
6 13
5 13
5 14
6 14
6 15
6 16
6 15
6 14
6 15
6 14
7 14
8 14
8 15
8 16
8 17
8 16
7 16
8 16
7 16
7 17
7 18
7 17
7 16
6 16
5 16
4 16
4 15
5 15
5 14
5 13
4 13
4 14
4 13
4 12
4 13
3 13
3 14
3 13
3 14
2 14
2 15
2 16
3 16
3 15
4 15
5 15
5 16
6 16
7 16
8 16
7 16
6 16
6 15
6 16
6 17
6 16
7 16
8 16
9 16
10 16
9 16
9 17
8 17
8 18
8 17
8 18
8 17
7 17
7 16
7 17
7 16
8 16
9 16
9 15
9 16
8 16
8 17
8 18
8 17
7 17
6 17
6 16
5 16
5 17
4 17
5 17
6 17
5 17
6 17
6 16
6 15
5 15
4 15
5 15
5 16
5 15
5 14
5 15
4 15
5 15
6 15
7 15
8 15
8 16
8 15
8 14
8 13
9 13
9 12
10 12
11 12
11 11
11 12
10 12
10 13
10 14
10 15
11 15
12 15
12 16
11 16
11 17
11 16
11 17
12 17
11 17
11 16
12 16
11 16
11 15
11 16
12 16
11 16
11 15
12 15
12 14
11 14
11 15
11 14
10 14
9 14
10 14
10 13
10 12
11 12
12 12
13 12
14 12
13 12
14 12
13 12
14 12
14 11
14 12
15 12
16 12
16 11
16 10
16 11
16 10
15 10
15 9
15 8
16 8
16 9
16 8
17 8
17 9
17 10
18 10
17 10
16 10
15 10
15 9
15 10
15 9
15 10
16 10
16 11
15 11
15 12
16 12
15 12
14 12
14 13
15 13
15 12
15 13
16 13
16 12
16 11
16 12
15 12
15 11
16 11
17 11
16 11
15 11
16 11
16 10
16 11
16 12
16 11
17 11
16 11
16 12
16 13
16 14
15 14
14 14
13 14
12 14
12 13
12 12
11 12
10 12
10 13
11 13
12 13
11 13
11 14
11 15
11 14
11 15
11 14
11 13
10 13
11 13
10 13
10 14
9 14
9 15
10 15
9 15
9 14
9 15
9 16
9 15
9 14
10 14
11 14
12 14
11 14
11 13
11 12
11 13
12 13
12 14
12 13
11 13
11 14
11 15
10 15
9 15
9 14
10 14
10 13
10 12
11 12
10 12
10 13
9 13
10 13
10 12
9 12
10 12
9 12
9 11
9 12
8 12
8 11
7 11
6 11
6 12
6 13
5 13
6 13
6 14
5 14
5 15
6 15
6 16
7 16
7 15
6 15
7 15
8 15
8 16
9 16
10 16
9 16
9 15
10 15
10 16
10 15
9 15
8 15
9 15
9 14
9 13
10 13
10 14
11 14
11 15
11 16
11 15
10 15
10 14
11 14
10 14
10 15
11 15
11 14
12 14
12 15
13 15
13 16
13 15
13 16
13 17
13 18
14 18
14 19
14 20
14 21
14 22
14 21
15 21
15 20
15 19
15 20
16 20
15 20
15 21
15 22
15 23
15 24
16 24
15 24
16 24
17 24
17 25
16 25
15 25
15 24
15 23
16 23
15 23
14 23
14 22
14 23
15 23
15 24
16 24
16 25
17 25
17 24
17 23
17 24
16 24
17 24
18 24
19 24
18 24
19 24
20 24
20 25
20 24
20 25
19 25
19 26
19 25
19 26
20 26
21 26
20 26
21 26
21 25
21 24
22 24
22 25
22 24
21 24
20 24
20 25
20 26
19 26
19 25
19 26
20 26
21 26
22 26
23 26
24 26
25 26
25 27
25 28
25 29
25 30
25 29
25 30
24 30
25 30
25 29
24 29
25 29
26 29
26 30
25 30
26 30
26 29
26 30
27 30
26 30
26 31
26 30
26 31
27 31
27 32
27 33
26 33
27 33
27 34
26 34
25 34
26 34
26 35
26 34
26 33
27 33
27 32
28 32
27 32
27 33
27 32
27 31
26 31
26 32
26 31
26 32
26 33
26 34
26 35
26 36
27 36
28 36
27 36
27 37
27 36
27 37
26 37
27 37
27 38
27 37
27 38
27 37
28 37
27 37
28 37
28 36
28 37
29 37
30 37
29 37
29 38
29 37
30 37
30 36
29 36
29 37
30 37
30 36
30 35
30 36
29 36
29 37
29 38
29 39
29 40
30 40
31 40
30 40
29 40
29 41
30 41
29 41
29 40
29 39
29 40
29 41
30 41
30 42
31 42
31 41
31 40
31 41
30 41
30 40
29 40
29 39
29 38
29 39
28 39
28 38
27 38
27 37
26 37
25 37
24 37
23 37
22 37
22 38
23 38
22 38
22 39
22 38
21 38
20 38
19 38
18 38
17 38
17 37
16 37
17 37
17 38
17 39
17 38
18 38
18 39
19 39
19 38
19 39
18 39
18 40
18 41
18 40
19 40
18 40
19 40
20 40
21 40
21 39
21 38
21 39
20 39
20 40
21 40
22 40
22 39
22 38
22 39
21 39
21 40
20 40
20 39
19 39
18 39
18 40
17 40
18 40
18 39
17 39
17 38
17 37
18 37
18 36
19 36
18 36
18 37
17 37
17 38
18 38
18 39
19 39
19 38
18 38
18 39
17 39
17 38
18 38
18 39
19 39
20 39
19 39
19 40
19 39
19 40
19 39
18 39
18 40
17 40
18 40
17 40
16 40
17 40
18 40
19 40
19 39
19 40
18 40
19 40
19 41
19 42
19 41
19 42
20 42
20 41
20 42
20 43
20 42
19 42
19 43
20 43
20 42
19 42
18 42
17 42
16 42
16 41
16 42
16 41
15 41
14 41
14 40
14 39
14 40
14 41
15 41
14 41
14 40
14 39
14 38
15 38
14 38
14 37
14 38
14 37
13 37
14 37
14 38
14 37
15 37
15 36
15 35
15 34
15 35
14 35
14 36
14 37
14 36
15 36
16 36
16 37
15 37
15 36
14 36
13 36
14 36
15 36
16 36
16 35
16 34
16 35
16 34
15 34
15 33
15 34
15 35
14 35
15 35
14 35
14 36
14 35
14 36
14 37
15 37
15 36
15 37
15 36
14 36
13 36
14 36
14 35
14 36
15 36
16 36
15 36
15 37
15 36
14 36
13 36
14 36
13 36
13 35
12 35
12 34
12 35
12 34
13 34
13 35
12 35
12 34
11 34
10 34
10 35
10 36
10 37
10 38
11 38
10 38
11 38
11 37
10 37
10 36
9 36
8 36
9 36
10 36
11 36
12 36
11 36
11 37
11 38
10 38
10 39
9 39
9 40
10 40
10 39
10 38
9 38
9 39
9 40
8 40
9 40
8 40
8 39
7 39
6 39
5 39
5 40
5 41
6 41
6 40
5 40
6 40
5 40
6 40
6 41
6 40
5 40
6 40
5 40
5 39
4 39
3 39
3 38
4 38
4 37
4 36
4 35
4 34
4 35
3 35
2 35
2 36
1 36
1 37
1 38
1 37
1 36
0 36
0 35
1 35
1 36
2 36
3 36
3 37
4 37
5 37
5 38
4 38
4 37
3 37
2 37
3 37
2 37
2 38
1 38
0 38
0 37
0 36
1 36
2 36
2 37
3 37
2 37
3 37
2 37
3 37
2 37
2 38
1 38
2 38
2 37
2 38
2 37
1 37
2 37
2 36
1 36
2 36
2 37
3 37
4 37
3 37
3 36
3 35
2 35
3 35
2 35
2 34
3 34
4 34
4 35
4 36
5 36
4 36
3 36
4 36
3 36
2 36
1 36
0 36
1 36
2 36
3 36
2 36
3 36
3 35
2 35
2 36
2 35
2 34
3 34
3 33
2 33
2 32
1 32
1 31
0 31
1 31
1 30
1 31
1 30
0 30
0 29
0 28
1 28
2 28
2 27
2 28
3 28
2 28
2 27
1 27
1 26
1 27
0 27
1 27
0 27
1 27
1 28
2 28
3 28
4 28
4 27
3 27
4 27
3 27
4 27
4 26
4 25
3 25
3 24
3 23
3 24
3 23
2 23
3 23
2 23
2 22
2 21
2 20
1 20
1 21
0 21
0 20
1 20
1 19
1 18
1 17
1 18
1 17
1 16
1 15
2 15
2 16
1 16
1 17
1 16
2 16
1 16
0 16
0 17
0 18
1 18
1 17
1 16
0 16
0 15
1 15
1 16
0 16
0 17
1 17
1 18
