0 0
1 0
1 1
1 0
1 1
1 0
2 0
2 1
3 1
3 2
3 1
2 1
2 2
1 2
2 2
3 2
2 2
2 1
2 0
3 0
3 1
3 0
4 0
4 1
4 0
4 1
4 0
4 1
4 0
4 1
4 0
4 1
4 2
4 3
3 3
3 2
4 2
3 2
3 1
2 1
3 1
3 0
3 1
4 1
5 1
5 2
5 3
6 3
5 3
5 2
6 2
5 2
6 2
5 2
5 1
5 0
6 0
6 1
7 1
7 2
7 3
8 3
7 3
7 4
7 5
6 5
5 5
5 4
5 3
6 3
6 4
7 4
8 4
8 3
8 2
8 1
8 0
9 0
9 1
9 2
10 2
11 2
11 3
12 3
12 4
11 4
11 3
10 3
10 4
10 3
10 2
11 2
10 2
11 2
12 2
12 3
12 4
12 3
12 2
12 3
11 3
11 2
11 1
11 0
11 1
11 0
11 1
11 0
11 1
11 2
11 3
10 3
11 3
11 4
11 3
11 4
12 4
12 3
11 3
10 3
9 3
9 2
8 2
8 3
9 3
9 4
10 4
11 4
12 4
13 4
14 4
14 5
15 5
15 4
15 5
15 4
16 4
16 3
16 2
15 2
15 3
16 3
17 3
17 4
16 4
15 4
14 4
15 4
16 4
16 3
16 4
16 3
15 3
15 2
15 1
15 2
16 2
16 3
17 3
17 4
17 3
16 3
15 3
14 3
13 3
13 4
13 5
13 6
13 7
13 8
12 8
12 7
12 6
11 6
10 6
10 7
11 7
10 7
9 7
9 6
9 5
9 4
8 4
7 4
7 5
8 5
7 5
8 5
8 6
9 6
10 6
10 7
9 7
8 7
8 8
7 8
8 8
7 8
8 8
9 8
9 7
8 7
8 6
8 5
8 6
8 7
8 8
8 7
7 7
6 7
7 7
7 6
6 6
7 6
7 5
7 6
8 6
8 7
9 7
9 8
9 7
8 7
8 8
8 9
8 10
9 10
8 10
9 10
9 11
9 10
9 9
10 9
10 8
10 7
11 7
12 7
12 6
13 6
13 5
14 5
13 5
13 6
12 6
13 6
13 7
14 7
13 7
13 8
12 8
11 8
11 9
12 9
13 9
13 10
13 9
13 10
13 9
12 9
13 9
12 9
11 9
11 8
12 8
12 7
13 7
12 7
12 6
12 5
11 5
10 5
9 5
9 4
9 5
9 6
8 6
8 7
8 8
8 7
7 7
8 7
7 7
6 7
7 7
7 8
8 8
7 8
7 9
6 9
6 10
5 10
4 10
5 10
5 9
5 8
5 9
6 9
5 9
5 10
5 9
4 9
4 8
4 7
4 8
4 9
4 10
3 10
4 10
5 10
6 10
7 10
7 11
7 12
8 12
8 13
8 12
7 12
7 11
6 11
6 12
5 12
5 11
5 12
4 12
5 12
5 13
5 14
6 14
6 15
7 15
7 14
6 14
5 14
6 14
6 13
6 14
7 14
7 15
7 14
7 13
8 13
7 13
6 13
6 12
6 13
7 13
6 13
5 13
5 12
4 12
4 11
4 10
4 11
5 11
5 12
5 11
6 11
5 11
6 11
6 10
6 9
5 9
6 9
7 9
6 9
6 8
6 7
5 7
5 6
5 5
5 6
5 5
6 5
5 5
4 5
4 6
3 6
4 6
4 5
3 5
4 5
5 5
5 4
4 4
5 4
5 3
4 3
4 4
5 4
5 5
4 5
5 5
5 6
5 7
6 7
7 7
8 7
8 6
8 5
9 5
10 5
9 5
10 5
11 5
11 4
10 4
9 4
10 4
11 4
10 4
9 4
9 3
9 4
8 4
8 3
7 3
7 2
6 2
7 2
7 3
6 3
7 3
6 3
6 2
6 1
6 0
6 1
6 0
7 0
8 0
8 1
9 1
9 0
8 0
7 0
7 1
6 1
7 1
7 2
7 3
8 3
9 3
9 2
9 3
9 4
8 4
8 5
7 5
6 5
6 4
6 3
6 2
5 2
5 1
5 0
5 1
5 0
4 0
3 0
4 0
4 1
4 0
4 1
4 2
4 3
3 3
3 4
4 4
4 5
5 5
6 5
5 5
4 5
3 5
2 5
1 5
1 4
0 4
0 5
0 6
1 6
2 6
2 5
2 4
2 5
2 4
3 4
3 3
2 3
1 3
0 3
0 4
0 5
1 5
1 6
1 7
1 6
1 5
2 5
2 4
2 5
2 4
3 4
2 4
2 5
3 5
4 5
3 5
3 6
2 6
2 5
2 4
2 3
3 3
2 3
3 3
4 3
3 3
4 3
3 3
3 4
2 4
3 4
3 5
4 5
3 5
3 6
3 7
3 6
2 6
3 6
4 6
4 5
5 5
5 4
6 4
6 3
7 3
8 3
8 4
7 4
8 4
9 4
10 4
9 4
9 5
9 6
9 5
8 5
8 6
9 6
8 6
7 6
6 6
6 7
7 7
7 8
8 8
8 7
8 6
8 7
7 7
8 7
9 7
9 6
9 7
10 7
10 6
10 7
9 7
9 8
10 8
10 7
10 8
9 8
8 8
7 8
6 8
7 8
6 8
6 7
7 7
7 8
7 9
7 10
7 9
7 10
7 11
7 10
7 9
6 9
5 9
6 9
6 10
6 9
6 10
7 10
6 10
7 10
8 10
8 11
8 10
8 9
9 9
9 8
10 8
10 7
10 8
11 8
11 7
11 8
12 8
11 8
11 9
12 9
12 8
12 7
12 6
12 5
12 6
13 6
14 6
14 5
13 5
13 6
14 6
14 5
15 5
16 5
16 6
15 6
15 5
14 5
13 5
13 4
12 4
11 4
10 4
9 4
10 4
10 5
11 5
12 5
13 5
13 6
12 6
13 6
14 6
15 6
15 7
16 7
15 7
14 7
13 7
13 6
14 6
15 6
16 6
16 5
15 5
15 6
14 6
14 5
14 6
14 5
14 6
13 6
13 7
13 6
13 5
13 6
13 7
13 6
13 5
14 5
14 6
13 6
14 6
14 5
14 6
14 7
14 8
14 9
13 9
12 9
13 9
13 10
13 11
13 12
14 12
14 13
14 14
13 14
14 14
15 14
15 15
15 14
15 15
16 15
17 15
17 14
17 15
17 16
17 17
18 17
17 17
17 18
17 19
17 18
18 18
18 17
18 16
17 16
17 17
17 16
18 16
19 16
20 16
20 17
21 17
21 18
20 18
19 18
19 19
20 19
21 19
21 18
20 18
21 18
21 17
21 16
21 17
21 16
22 16
23 16
23 17
24 17
23 17
24 17
24 18
25 18
25 19
25 20
26 20
27 20
27 21
28 21
28 20
28 21
29 21
30 21
30 22
31 22
30 22
31 22
32 22
33 22
32 22
32 23
32 24
32 25
32 24
33 24
34 24
33 24
32 24
31 24
30 24
31 24
30 24
31 24
30 24
31 24
31 23
32 23
32 24
32 25
31 25
31 24
30 24
29 24
29 25
30 25
31 25
30 25
30 24
30 23
30 22
31 22
31 21
30 21
30 22
30 23
31 23
31 22
31 21
32 21
32 22
32 21
32 22
31 22
31 21
31 20
31 21
31 22
32 22
32 21
31 21
30 21
30 20
29 20
29 19
29 18
29 17
28 17
27 17
27 18
28 18
28 19
28 20
28 21
29 21
30 21
30 20
29 20
29 21
28 21
29 21
30 21
30 20
31 20
30 20
31 20
30 20
31 20
31 19
32 19
33 19
34 19
34 18
34 19
34 20
34 19
34 18
34 17
34 18
35 18
35 19
36 19
35 19
35 20
34 20
34 19
33 19
34 19
33 19
34 19
35 19
35 18
36 18
36 17
37 17
38 17
38 18
39 18
39 17
40 17
41 17
41 16
41 17
41 16
40 16
41 16
41 17
41 18
40 18
39 18
39 19
39 20
39 21
39 22
39 21
38 21
38 20
37 20
36 20
36 19
37 19
36 19
36 18
35 18
36 18
36 17
36 18
37 18
36 18
36 17
35 17
34 17
35 17
35 18
35 19
36 19
35 19
35 18
36 18
35 18
36 18
37 18
38 18
38 17
39 17
39 18
40 18
40 17
40 18
39 18
39 19
39 20
40 20
39 20
40 20
40 19
40 20
39 20
38 20
38 19
38 20
38 21
38 20
38 19
39 19
38 19
38 20
38 19
38 20
38 19
37 19
38 19
39 19
39 20
40 20
40 19
39 19
39 18
38 18
38 17
38 16
38 15
38 14
37 14
37 13
37 12
36 12
36 11
37 11
36 11
35 11
35 12
36 12
35 12
36 12
35 12
35 13
36 13
36 14
36 13
35 13
35 12
35 13
34 13
35 13
36 13
36 14
36 15
37 15
37 16
37 15
38 15
38 16
39 16
39 15
39 16
39 15
38 15
37 15
37 16
36 16
37 16
37 17
38 17
37 17
36 17
36 16
35 16
36 16
35 16
36 16
36 17
36 16
36 17
