0 0
0 1
0 2
0 3
1 3
0 3
1 3
0 3
1 3
0 3
1 3
1 4
1 5
1 6
0 6
0 5
1 5
1 6
0 6
0 7
1 7
1 6
1 5
2 5
1 5
1 4
0 4
1 4
2 4
1 4
1 5
0 5
0 4
0 3
1 3
0 3
1 3
0 3
1 3
1 2
0 2
0 1
1 1
1 0
1 1
1 2
1 1
1 2
2 2
2 1
3 1
3 0
4 0
3 0
2 0
2 1
2 0
2 1
2 0
2 1
1 1
2 1
1 1
1 0
1 1
2 1
2 0
3 0
3 1
3 0
3 1
4 1
4 2
4 3
3 3
2 3
2 4
3 4
4 4
5 4
4 4
4 5
4 6
4 5
3 5
3 6
3 7
2 7
1 7
1 8
2 8
3 8
2 8
2 9
1 9
1 10
1 11
0 11
1 11
1 10
2 10
2 11
2 12
3 12
3 13
4 13
4 12
5 12
4 12
3 12
2 12
3 12
3 13
2 13
2 14
3 14
2 14
1 14
1 15
1 14
0 14
1 14
2 14
3 14
3 13
2 13
3 13
2 13
1 13
1 14
2 14
2 13
2 14
2 15
3 15
4 15
3 15
3 16
3 15
3 16
3 15
4 15
4 14
3 14
3 15
2 15
2 14
3 14
3 15
3 16
4 16
5 16
5 15
5 16
6 16
6 15
6 14
7 14
7 15
6 15
7 15
6 15
6 16
6 15
6 14
5 14
5 15
6 15
5 15
5 14
5 15
5 14
5 15
4 15
4 14
3 14
3 15
4 15
4 16
5 16
5 17
4 17
4 16
4 15
4 14
3 14
4 14
4 13
4 12
4 11
4 10
5 10
5 11
5 12
4 12
5 12
5 11
5 12
5 11
6 11
5 11
5 12
4 12
4 11
3 11
4 11
4 10
4 9
4 10
4 9
5 9
6 9
7 9
7 8
7 7
6 7
6 8
6 7
6 8
6 7
5 7
4 7
5 7
4 7
5 7
6 7
6 8
7 8
7 7
6 7
7 7
7 8
7 7
6 7
5 7
4 7
5 7
5 8
4 8
4 9
4 8
5 8
5 9
5 10
6 10
6 9
6 8
5 8
5 9
4 9
5 9
6 9
7 9
7 10
6 10
6 11
5 11
5 10
4 10
4 11
5 11
5 12
6 12
6 13
6 14
6 15
5 15
4 15
5 15
5 14
5 13
4 13
3 13
4 13
4 12
4 11
4 10
3 10
4 10
3 10
3 9
2 9
1 9
0 9
0 10
1 10
1 9
1 10
0 10
0 11
0 10
0 9
1 9
1 10
0 10
1 10
1 9
2 9
1 9
2 9
2 10
2 11
2 10
1 10
1 9
1 8
2 8
2 7
2 8
3 8
3 7
2 7
3 7
3 8
3 7
4 7
4 6
4 5
4 6
4 5
4 4
3 4
3 5
4 5
5 5
6 5
6 4
5 4
5 3
5 2
5 3
6 3
5 3
5 2
5 3
5 2
6 2
5 2
6 2
6 1
6 0
7 0
7 1
7 2
7 3
8 3
8 2
9 2
9 1
9 0
9 1
9 0
9 1
8 1
8 0
8 1
9 1
10 1
11 1
12 1
12 2
12 1
12 0
12 1
12 0
13 0
13 1
14 1
13 1
13 2
13 3
12 3
12 4
13 4
14 4
14 3
14 4
14 3
14 4
13 4
13 5
14 5
13 5
13 4
14 4
14 5
14 6
14 5
14 6
15 6
15 5
14 5
13 5
14 5
13 5
14 5
13 5
13 6
14 6
14 7
14 6
13 6
13 7
14 7
15 7
15 8
15 7
16 7
16 8
16 9
17 9
18 9
18 10
18 9
19 9
19 8
20 8
21 8
21 7
22 7
22 8
23 8
24 8
24 7
23 7
23 8
24 8
23 8
23 7
23 8
24 8
23 8
23 7
24 7
24 8
24 9
23 9
22 9
23 9
24 9
24 8
24 7
24 6
24 5
25 5
25 4
26 4
25 4
25 5
24 5
23 5
22 5
23 5
23 4
23 5
23 6
23 5
23 6
24 6
24 5
24 4
24 3
24 2
24 3
24 4
24 5
23 5
23 6
23 7
23 6
23 7
23 6
23 7
23 6
23 7
23 8
22 8
23 8
22 8
23 8
24 8
24 7
24 6
23 6
23 5
24 5
25 5
26 5
25 5
24 5
23 5
23 6
23 7
22 7
22 8
21 8
21 9
21 10
20 10
21 10
20 10
20 11
20 10
21 10
21 9
20 9
20 10
19 10
20 10
19 10
19 11
18 11
18 10
18 11
18 12
19 12
19 13
19 14
19 13
19 14
19 13
19 14
20 14
19 14
18 14
18 15
19 15
20 15
20 16
21 16
21 15
22 15
22 16
23 16
24 16
24 17
24 16
24 17
24 18
24 19
23 19
23 18
24 18
24 17
24 18
25 18
25 19
24 19
24 18
24 17
25 17
26 17
25 17
24 17
23 17
22 17
23 17
24 17
24 18
23 18
24 18
25 18
26 18
26 17
25 17
25 18
26 18
27 18
27 17
27 18
27 17
27 18
28 18
29 18
29 17
29 18
30 18
31 18
31 19
32 19
32 18
33 18
32 18
33 18
33 17
33 18
33 19
34 19
34 20
34 19
35 19
35 18
35 17
34 17
35 17
35 18
36 18
36 17
35 17
34 17
35 17
35 18
35 19
34 19
34 20
34 19
34 18
34 19
35 19
35 18
35 19
35 18
36 18
36 19
35 19
36 19
36 20
35 20
35 19
35 18
36 18
37 18
37 17
38 17
38 18
37 18
37 19
36 19
36 18
37 18
38 18
38 19
39 19
39 20
40 20
39 20
40 20
40 21
39 21
39 20
40 20
41 20
41 21
41 22
41 21
40 21
40 22
40 21
39 21
39 20
40 20
40 19
40 20
40 21
39 21
38 21
38 20
39 20
39 21
39 22
40 22
39 22
39 23
38 23
39 23
39 22
39 23
40 23
39 23
39 22
38 22
38 23
37 23
38 23
37 23
37 24
37 23
37 22
37 21
37 20
37 19
37 18
36 18
37 18
37 17
38 17
37 17
37 16
37 15
38 15
38 16
39 16
39 17
38 17
38 18
39 18
40 18
41 18
40 18
40 17
40 18
40 19
40 20
39 20
38 20
38 21
38 22
39 22
39 21
39 20
38 20
38 21
38 20
38 19
37 19
37 20
37 19
37 18
36 18
35 18
36 18
36 17
37 17
38 17
38 18
39 18
39 19
38 19
39 19
39 18
38 18
38 19
38 18
38 19
38 20
39 20
40 20
40 19
39 19
39 18
40 18
40 19
40 18
40 17
40 16
41 16
40 16
40 17
40 16
40 17
39 17
38 17
38 16
39 16
39 17
39 18
39 17
39 16
39 15
38 15
37 15
36 15
35 15
34 15
33 15
33 14
33 15
33 14
34 14
34 13
35 13
34 13
34 14
34 13
33 13
32 13
33 13
34 13
34 14
34 13
33 13
33 12
33 13
34 13
34 12
34 11
34 12
35 12
35 11
34 11
33 11
32 11
32 12
32 11
32 12
31 12
31 11
31 12
31 13
30 13
31 13
32 13
32 12
32 11
31 11
31 10
31 9
31 8
32 8
33 8
34 8
33 8
33 7
32 7
31 7
31 6
32 6
33 6
32 6
32 7
32 6
32 5
33 5
32 5
33 5
34 5
33 5
32 5
32 4
31 4
30 4
31 4
31 3
31 4
31 3
31 4
31 3
31 4
32 4
32 5
32 6
32 7
32 6
32 5
32 6
31 6
31 5
30 5
29 5
30 5
30 6
31 6
31 5
30 5
30 4
30 5
29 5
29 6
29 7
28 7
28 8
28 9
27 9
27 8
27 9
26 9
26 8
27 8
27 7
27 6
27 5
27 4
27 3
26 3
26 2
25 2
25 1
26 1
26 2
27 2
27 3
27 2
27 3
27 2
26 2
25 2
24 2
24 1
23 1
22 1
22 0
23 0
23 1
22 1
22 2
23 2
24 2
24 3
23 3
22 3
22 2
23 2
23 3
23 4
22 4
22 3
21 3
22 3
22 2
23 2
22 2
22 3
22 2
22 3
23 3
23 2
22 2
22 3
23 3
24 3
23 3
22 3
22 4
23 4
23 5
22 5
21 5
22 5
22 6
23 6
23 7
23 8
23 9
24 9
24 10
23 10
24 10
24 9
25 9
24 9
23 9
23 8
24 8
24 9
23 9
24 9
23 9
23 10
24 10
23 10
23 11
23 10
23 9
23 10
24 10
23 10
23 11
22 11
21 11
22 11
21 11
20 11
20 12
19 12
18 12
19 12
20 12
20 13
20 12
20 13
21 13
22 13
23 13
23 12
24 12
24 11
23 11
24 11
25 11
25 12
26 12
26 13
26 14
27 14
27 13
27 12
26 12
25 12
24 12
24 11
24 10
24 9
24 10
23 10
23 11
23 12
23 11
24 11
24 10
23 10
