0 0
0 1
0 0
1 0
0 0
1 0
0 0
1 0
1 1
1 0
1 1
2 1
2 0
3 0
4 0
4 1
4 2
5 2
5 1
5 0
5 1
6 1
6 0
7 0
7 1
7 2
7 1
7 0
7 1
8 1
7 1
7 2
6 2
6 1
6 2
7 2
7 1
7 0
7 1
8 1
9 1
8 1
9 1
8 1
9 1
9 2
9 1
9 0
9 1
9 2
10 2
9 2
10 2
10 1
9 1
10 1
11 1
10 1
11 1
11 2
11 1
11 0
11 1
10 1
10 2
10 3
11 3
10 3
11 3
11 4
12 4
12 3
12 4
13 4
12 4
11 4
10 4
9 4
9 5
9 4
8 4
9 4
10 4
10 3
11 3
10 3
10 2
11 2
12 2
12 1
11 1
12 1
11 1
11 0
12 0
13 0
13 1
13 0
14 0
15 0
14 0
13 0
12 0
11 0
11 1
11 2
11 1
11 2
10 2
9 2
9 3
8 3
8 4
7 4
7 3
7 4
6 4
6 3
6 2
7 2
8 2
9 2
10 2
10 3
10 4
11 4
12 4
13 4
13 3
14 3
13 3
13 4
13 3
13 2
13 3
13 4
12 4
11 4
10 4
11 4
10 4
11 4
12 4
11 4
11 5
11 4
11 5
10 5
10 4
10 5
11 5
12 5
12 4
13 4
14 4
14 5
14 6
15 6
15 7
15 6
15 5
14 5
14 4
14 5
13 5
13 6
14 6
15 6
15 7
15 8
15 9
15 8
16 8
16 7
16 8
15 8
14 8
14 7
15 7
16 7
16 8
16 9
16 10
17 10
17 11
17 12
18 12
18 11
18 12
19 12
20 12
20 11
21 11
22 11
21 11
21 12
21 11
21 10
21 11
21 12
22 12
23 12
23 13
23 14
22 14
23 14
22 14
22 15
23 15
22 15
23 15
23 16
24 16
23 16
23 17
24 17
25 17
24 17
25 17
24 17
25 17
24 17
24 18
23 18
23 19
23 20
23 21
23 22
24 22
23 22
24 22
23 22
22 22
23 22
24 22
24 21
24 20
24 21
23 21
23 20
22 20
23 20
22 20
23 20
24 20
24 21
24 22
24 23
23 23
23 22
23 23
23 24
24 24
23 24
23 25
23 26
23 27
23 26
23 27
23 26
22 26
21 26
21 27
20 27
21 27
21 28
21 29
21 30
22 30
21 30
20 30
21 30
21 29
21 28
20 28
19 28
19 27
19 26
19 27
20 27
20 26
19 26
18 26
18 27
19 27
18 27
18 26
18 25
18 26
17 26
17 27
17 28
17 27
17 26
18 26
17 26
16 26
16 25
15 25
15 26
15 27
15 26
15 25
15 24
15 25
15 24
15 25
15 24
15 25
15 26
16 26
15 26
14 26
14 27
15 27
15 26
15 25
15 24
15 25
15 26
15 27
15 28
15 27
15 28
14 28
15 28
15 29
15 30
15 29
14 29
14 30
14 31
14 32
14 31
13 31
12 31
12 32
12 31
12 32
12 31
13 31
12 31
12 30
11 30
11 31
11 32
11 33
10 33
10 34
9 34
10 34
11 34
12 34
11 34
12 34
13 34
14 34
13 34
12 34
11 34
12 34
12 33
12 32
11 32
11 33
12 33
11 33
10 33
10 34
11 34
10 34
11 34
11 33
11 32
11 31
12 31
12 30
12 31
12 32
13 32
14 32
14 31
15 31
16 31
16 30
15 30
15 31
14 31
14 30
15 30
15 29
15 28
14 28
13 28
14 28
14 29
14 28
14 29
15 29
14 29
14 30
13 30
13 29
13 28
12 28
13 28
14 28
14 27
14 26
13 26
12 26
12 27
12 28
13 28
12 28
12 27
12 28
12 27
13 27
12 27
13 27
13 28
14 28
14 29
15 29
15 28
15 27
15 26
14 26
14 25
15 25
16 25
16 24
16 23
16 24
16 23
17 23
17 24
17 25
18 25
19 25
20 25
20 24
19 24
20 24
20 23
20 24
19 24
18 24
18 25
18 24
17 24
17 23
16 23
17 23
17 22
17 23
18 23
17 23
16 23
17 23
18 23
19 23
19 24
18 24
18 25
19 25
18 25
18 26
17 26
18 26
19 26
18 26
17 26
17 27
18 27
19 27
18 27
19 27
18 27
18 28
18 29
19 29
18 29
17 29
17 30
17 29
17 30
17 29
17 30
16 30
17 30
18 30
18 29
18 28
18 29
18 30
18 29
18 30
18 31
19 31
20 31
19 31
18 31
18 32
19 32
19 33
20 33
20 34
20 35
20 34
21 34
21 35
22 35
22 36
23 36
23 37
23 36
23 35
22 35
21 35
21 34
21 35
22 35
23 35
23 36
22 36
21 36
22 36
22 35
21 35
22 35
22 36
22 37
21 37
20 37
21 37
20 37
21 37
21 36
21 35
21 34
21 35
21 34
21 33
21 32
21 33
21 32
20 32
20 33
21 33
21 32
21 33
21 34
21 35
22 35
23 35
23 34
23 33
23 34
23 35
22 35
22 36
21 36
22 36
23 36
22 36
21 36
21 35
21 34
20 34
21 34
21 33
21 32
21 33
21 34
20 34
21 34
21 33
22 33
22 32
22 31
22 30
21 30
22 30
23 30
23 29
22 29
21 29
22 29
21 29
21 28
20 28
19 28
18 28
17 28
17 27
17 26
16 26
15 26
15 27
15 28
15 27
15 26
16 26
16 25
15 25
14 25
15 25
15 24
14 24
14 25
14 24
15 24
14 24
14 25
13 25
13 24
13 25
13 26
13 27
14 27
14 26
13 26
12 26
11 26
12 26
12 25
11 25
10 25
11 25
11 26
12 26
11 26
12 26
13 26
13 27
12 27
11 27
10 27
11 27
11 28
11 27
10 27
10 26
10 27
11 27
11 26
11 27
10 27
11 27
10 27
11 27
11 28
11 29
12 29
12 30
13 30
14 30
14 29
14 30
15 30
16 30
16 31
17 31
17 32
17 33
18 33
18 34
18 35
18 34
19 34
19 33
20 33
19 33
18 33
17 33
16 33
16 32
15 32
15 33
15 34
16 34
17 34
18 34
17 34
17 35
18 35
17 35
16 35
16 36
16 37
17 37
17 36
17 35
16 35
16 34
17 34
18 34
19 34
20 34
20 33
21 33
22 33
23 33
22 33
22 34
22 33
23 33
24 33
23 33
22 33
22 34
22 33
21 33
20 33
20 32
20 33
19 33
20 33
21 33
21 34
20 34
21 34
21 35
22 35
22 36
23 36
22 36
22 37
23 37
24 37
24 38
25 38
25 39
26 39
25 39
25 38
25 39
24 39
24 40
25 40
25 39
25 38
24 38
24 39
24 38
25 38
25 39
25 38
26 38
26 39
26 38
26 37
26 38
26 39
26 38
26 37
25 37
24 37
24 36
25 36
25 37
24 37
24 36
24 37
24 36
24 37
23 37
23 38
24 38
23 38
23 37
22 37
21 37
21 38
21 37
22 37
22 36
22 37
22 36
23 36
24 36
24 35
24 34
24 35
23 35
23 36
22 36
22 35
23 35
24 35
25 35
26 35
25 35
25 34
25 35
25 36
25 37
25 36
24 36
24 37
25 37
25 36
25 37
25 36
26 36
25 36
26 36
26 35
26 34
27 34
28 34
27 34
27 33
27 34
26 34
27 34
27 33
26 33
26 34
27 34
28 34
28 33
29 33
30 33
30 32
30 33
31 33
31 34
31 35
30 35
29 35
28 35
28 34
27 34
27 35
27 34
26 34
26 33
26 34
25 34
25 35
26 35
27 35
27 36
28 36
27 36
26 36
26 37
27 37
26 37
26 36
26 37
26 36
26 37
26 38
26 37
25 37
24 37
23 37
23 38
22 38
22 39
21 39
21 40
20 40
21 40
22 40
23 40
23 41
24 41
24 40
23 40
23 41
23 40
23 39
23 38
23 39
23 38
22 38
22 37
23 37
24 37
23 37
23 36
24 36
24 37
24 36
25 36
25 37
26 37
27 37
26 37
25 37
25 38
25 39
25 38
25 39
24 39
23 39
23 40
23 39
23 38
22 38
22 37
23 37
23 38
24 38
23 38
23 39
24 39
24 38
23 38
23 39
23 40
22 40
23 40
24 40
25 40
24 40
23 40
23 41
23 42
23 41
23 40
22 40
22 39
22 38
22 39
22 40
23 40
23 41
23 42
23 43
23 44
23 45
23 46
22 46
23 46
23 47
24 47
24 48
24 47
24 46
25 46
26 46
26 47
27 47
27 46
26 46
27 46
28 46
28 47
29 47
29 46
30 46
30 47
29 47
28 47
29 47
30 47
31 47
31 46
31 45
31 44
32 44
32 45
31 45
31 46
31 47
31 46
31 47
31 48
32 48
33 48
32 48
32 49
31 49
32 49
32 48
32 47
33 47
33 48
33 49
33 50
34 50
34 51
35 51
34 51
35 51
36 51
35 51
35 52
35 53
35 54
35 53
34 53
35 53
35 54
