0 0
1 0
0 0
0 1
0 0
0 1
1 1
1 0
1 1
1 0
1 1
0 1
1 1
1 2
0 2
0 3
1 3
0 3
1 3
1 2
1 1
1 0
1 1
2 1
2 2
1 2
2 2
1 2
1 3
0 3
1 3
0 3
0 4
1 4
2 4
2 5
1 5
2 5
2 6
2 7
2 6
2 5
2 6
2 7
1 7
1 6
0 6
1 6
1 5
1 6
1 5
1 4
1 3
1 2
1 3
1 4
2 4
1 4
2 4
2 3
3 3
3 4
2 4
3 4
4 4
4 3
5 3
5 4
4 4
5 4
5 3
4 3
4 4
4 5
4 4
4 5
4 6
4 5
5 5
5 6
6 6
7 6
7 7
6 7
6 8
5 8
5 7
4 7
5 7
5 8
4 8
4 9
4 8
4 7
4 8
4 9
5 9
6 9
6 8
7 8
8 8
9 8
10 8
9 8
8 8
9 8
10 8
10 7
10 8
9 8
10 8
11 8
11 9
12 9
11 9
12 9
13 9
13 8
13 7
14 7
14 8
14 9
14 8
15 8
16 8
15 8
15 9
14 9
14 8
14 7
13 7
12 7
12 6
11 6
12 6
11 6
11 7
12 7
12 6
11 6
12 6
12 5
13 5
13 4
13 3
14 3
13 3
12 3
11 3
11 4
10 4
10 5
10 4
10 3
10 4
11 4
11 5
11 4
12 4
11 4
10 4
9 4
8 4
9 4
9 5
9 4
10 4
10 3
9 3
10 3
11 3
11 4
11 5
11 4
11 5
11 4
11 5
11 6
11 7
11 6
11 7
11 6
12 6
12 5
12 6
12 7
11 7
11 6
12 6
11 6
12 6
13 6
13 7
13 8
13 7
13 6
13 5
13 4
12 4
12 5
11 5
12 5
12 6
12 5
12 4
11 4
12 4
12 3
11 3
11 4
12 4
12 5
13 5
12 5
12 6
12 5
12 6
12 5
11 5
12 5
11 5
11 6
10 6
10 7
10 6
10 7
9 7
9 6
9 7
9 6
10 6
10 7
11 7
11 8
11 7
11 6
11 7
12 7
12 8
12 9
11 9
12 9
12 8
12 9
12 10
12 11
12 12
12 13
12 14
11 14
12 14
12 15
12 14
11 14
12 14
11 14
10 14
10 13
10 14
10 13
9 13
8 13
7 13
8 13
9 13
8 13
9 13
9 14
8 14
8 13
9 13
10 13
11 13
10 13
9 13
8 13
7 13
7 12
6 12
5 12
5 13
6 13
6 14
7 14
7 13
8 13
8 12
9 12
9 13
9 14
9 13
10 13
9 13
8 13
9 13
9 12
8 12
7 12
7 13
7 14
6 14
6 13
7 13
7 14
7 13
8 13
7 13
8 13
8 14
8 13
8 14
7 14
7 15
8 15
8 14
7 14
6 14
6 13
6 12
6 11
7 11
7 10
7 11
8 11
8 12
7 12
6 12
5 12
5 13
6 13
5 13
5 12
6 12
7 12
7 13
8 13
8 12
8 13
8 14
7 14
7 13
8 13
9 13
8 13
8 12
9 12
9 13
10 13
10 12
9 12
10 12
10 13
11 13
11 14
10 14
9 14
10 14
9 14
10 14
10 13
9 13
9 14
9 13
9 12
8 12
8 13
9 13
9 14
9 13
9 12
10 12
11 12
10 12
10 11
11 11
12 11
12 10
13 10
13 9
12 9
13 9
12 9
11 9
11 10
10 10
11 10
11 11
11 12
11 11
10 11
10 10
10 9
9 9
9 10
9 11
8 11
9 11
9 10
8 10
8 9
9 9
9 10
9 11
9 12
9 11
9 10
10 10
10 9
9 9
9 8
10 8
10 9
10 10
10 9
9 9
9 8
9 9
9 10
9 11
9 10
9 9
9 8
10 8
10 9
9 9
10 9
10 8
10 9
11 9
12 9
12 8
12 7
12 6
11 6
10 6
10 5
11 5
11 6
11 7
12 7
13 7
12 7
13 7
13 6
13 7
12 7
12 6
11 6
12 6
11 6
10 6
11 6
12 6
12 7
12 8
12 9
13 9
13 10
13 11
13 12
13 13
13 14
12 14
12 13
12 12
12 13
11 13
12 13
12 14
13 14
13 15
14 15
14 14
13 14
12 14
12 15
11 15
10 15
11 15
12 15
12 14
12 13
13 13
13 14
13 15
13 16
13 17
14 17
14 16
13 16
13 17
14 17
13 17
13 16
14 16
15 16
14 16
14 17
14 16
14 17
15 17
16 17
15 17
16 17
16 18
16 17
15 17
14 17
15 17
14 17
14 16
14 17
14 18
14 17
13 17
13 16
13 17
14 17
14 18
14 17
14 18
14 19
14 18
14 17
14 16
15 16
15 17
15 16
16 16
16 17
17 17
18 17
17 17
18 17
19 17
19 16
18 16
19 16
19 17
18 17
18 18
19 18
19 17
20 17
20 18
21 18
22 18
23 18
22 18
23 18
24 18
23 18
23 17
22 17
22 16
22 17
21 17
20 17
21 17
21 18
20 18
20 17
20 18
20 19
19 19
20 19
19 19
20 19
20 18
21 18
21 19
21 18
21 19
20 19
19 19
19 20
20 20
20 19
20 18
20 19
20 18
20 19
21 19
22 19
21 19
22 19
23 19
22 19
22 18
23 18
23 19
23 20
22 20
21 20
21 19
22 19
23 19
23 18
23 19
22 19
23 19
22 19
22 18
22 17
22 18
21 18
21 19
20 19
21 19
21 20
22 20
22 19
23 19
23 20
24 20
24 19
24 18
24 17
23 17
23 16
22 16
23 16
23 17
22 17
22 16
22 15
23 15
23 16
24 16
23 16
23 17
23 16
22 16
23 16
23 15
24 15
23 15
23 14
23 15
22 15
23 15
23 16
23 17
23 18
24 18
24 19
25 19
25 18
25 19
24 19
24 18
24 17
24 18
24 17
24 16
23 16
23 15
24 15
24 16
23 16
23 17
24 17
24 16
23 16
22 16
22 15
22 16
21 16
22 16
21 16
21 15
20 15
20 16
20 17
20 18
20 19
20 20
20 21
20 22
21 22
22 22
22 23
21 23
20 23
19 23
18 23
17 23
18 23
18 22
18 21
19 21
19 22
20 22
20 21
20 20
19 20
19 21
18 21
19 21
18 21
18 22
18 21
18 20
19 20
20 20
20 19
20 20
20 19
20 20
19 20
19 21
19 20
19 21
18 21
18 22
17 22
17 23
16 23
16 22
17 22
17 21
16 21
15 21
14 21
14 20
13 20
14 20
14 19
14 18
14 19
13 19
13 20
13 19
13 18
13 17
13 18
14 18
14 19
13 19
13 20
12 20
12 19
13 19
13 18
13 19
13 18
12 18
12 17
11 17
11 18
11 19
11 18
11 17
12 17
12 18
12 17
12 16
11 16
11 17
10 17
9 17
9 18
9 19
9 18
8 18
8 19
7 19
8 19
8 18
9 18
8 18
9 18
9 19
10 19
9 19
9 18
8 18
8 19
8 20
9 20
8 20
7 20
8 20
7 20
8 20
8 21
8 22
7 22
7 21
7 20
7 19
6 19
7 19
8 19
7 19
7 20
8 20
8 19
7 19
7 20
7 19
6 19
6 20
7 20
8 20
7 20
8 20
8 19
7 19
7 20
7 19
7 18
7 19
8 19
8 20
7 20
6 20
5 20
4 20
3 20
3 19
4 19
4 20
4 19
3 19
3 18
3 17
3 18
3 17
3 16
3 17
3 16
3 17
3 18
3 19
3 18
3 19
2 19
2 20
3 20
3 21
3 22
2 22
2 21
1 21
1 20
2 20
1 20
1 21
1 20
1 21
2 21
2 22
3 22
3 21
3 22
4 22
4 21
3 21
3 20
4 20
3 20
3 19
4 19
5 19
4 19
4 18
3 18
4 18
5 18
5 17
5 18
6 18
6 17
7 17
7 16
7 17
8 17
8 16
8 15
8 16
7 16
6 16
6 17
7 17
7 18
7 19
7 18
7 19
7 20
7 19
6 19
5 19
6 19
7 19
7 18
8 18
8 17
9 17
8 17
8 16
7 16
6 16
5 16
6 16
6 17
6 18
5 18
6 18
6 17
6 18
5 18
6 18
6 17
6 16
7 16
6 16
5 16
4 16
5 16
5 17
6 17
7 17
7 18
7 19
7 18
8 18
7 18
7 19
6 19
6 18
7 18
7 17
6 17
6 18
5 18
4 18
4 17
4 16
4 17
4 18
4 19
3 19
3 20
3 19
2 19
1 19
1 18
1 19
1 18
1 17
1 18
1 17
1 16
1 15
2 15
2 14
2 13
2 14
2 13
3 13
2 13
2 14
2 15
1 15
2 15
2 16
2 15
2 16
3 16
3 17
3 16
4 16
3 16
4 16
3 16
3 15
3 14
3 15
3 16
4 16
4 15
5 15
5 16
5 17
5 16
6 16
6 17
7 17
6 17
6 16
5 16
6 16
6 15
6 16
5 16
5 15
6 15
7 15
7 14
