0 0
0 1
0 0
1 0
0 0
0 1
0 0
1 0
1 1
2 1
3 1
3 0
4 0
4 1
4 2
5 2
5 3
5 4
5 5
6 5
5 5
5 6
5 5
5 6
4 6
5 6
5 5
4 5
4 4
4 5
4 4
5 4
4 4
5 4
4 4
3 4
3 3
3 2
4 2
3 2
4 2
4 1
4 2
5 2
5 3
5 2
5 1
5 0
6 0
6 1
6 0
6 1
6 2
6 3
6 4
6 5
7 5
8 5
7 5
7 4
7 5
7 4
7 3
7 2
7 1
7 2
8 2
8 3
8 2
8 3
7 3
7 4
6 4
6 5
5 5
5 6
5 5
6 5
6 4
5 4
4 4
5 4
5 3
4 3
5 3
5 4
5 5
6 5
6 4
6 5
5 5
4 5
4 6
4 5
3 5
4 5
5 5
5 6
6 6
7 6
7 7
6 7
6 8
6 9
6 10
6 9
6 10
7 10
6 10
5 10
6 10
5 10
4 10
5 10
5 11
4 11
3 11
3 12
3 11
3 10
2 10
2 11
3 11
3 10
2 10
3 10
3 11
2 11
2 12
2 13
1 13
1 14
1 13
1 14
1 15
1 16
1 17
1 18
1 19
1 18
0 18
0 17
0 16
1 16
1 15
1 14
1 13
1 14
1 13
1 12
1 11
2 11
1 11
0 11
1 11
2 11
1 11
1 12
1 13
1 12
2 12
1 12
0 12
1 12
2 12
1 12
1 11
0 11
0 10
0 11
0 10
0 9
0 8
0 7
0 8
0 9
0 10
1 10
2 10
2 11
2 10
2 11
1 11
1 12
1 13
1 14
0 14
1 14
1 15
2 15
3 15
3 16
4 16
3 16
2 16
2 17
3 17
4 17
5 17
5 18
4 18
4 17
4 16
4 17
4 16
3 16
3 17
3 18
4 18
5 18
4 18
3 18
3 19
4 19
4 18
3 18
3 17
4 17
3 17
3 16
3 15
4 15
4 16
4 15
3 15
4 15
4 14
5 14
5 13
4 13
4 14
5 14
6 14
6 15
6 16
6 17
5 17
5 18
4 18
3 18
3 19
2 19
2 20
2 19
2 20
2 21
1 21
1 22
1 21
2 21
1 21
2 21
3 21
4 21
4 20
5 20
4 20
5 20
6 20
5 20
5 19
4 19
5 19
5 18
6 18
6 19
5 19
5 18
4 18
4 19
5 19
4 19
3 19
4 19
4 18
5 18
5 17
5 18
5 19
4 19
3 19
3 20
4 20
4 19
4 18
5 18
6 18
6 19
7 19
7 20
7 19
7 20
8 20
9 20
9 21
9 22
9 21
10 21
10 22
10 21
9 21
9 20
10 20
10 19
11 19
12 19
12 20
13 20
13 19
13 20
12 20
11 20
12 20
12 19
12 20
11 20
10 20
10 21
9 21
9 22
10 22
11 22
12 22
11 22
12 22
12 23
12 24
12 25
12 24
12 25
11 25
10 25
10 24
10 25
11 25
10 25
9 25
10 25
10 24
11 24
12 24
12 23
12 22
13 22
12 22
11 22
12 22
12 23
12 22
11 22
11 23
11 24
12 24
13 24
13 23
13 22
13 21
13 22
12 22
11 22
10 22
11 22
11 23
11 22
11 23
12 23
12 22
12 23
13 23
12 23
12 24
12 23
11 23
12 23
13 23
13 24
13 23
14 23
13 23
12 23
12 24
12 25
13 25
14 25
15 25
16 25
17 25
17 26
18 26
18 27
18 26
18 25
19 25
18 25
17 25
17 26
18 26
19 26
19 27
20 27
20 28
21 28
22 28
22 27
22 26
22 27
22 28
23 28
23 29
23 28
23 29
24 29
24 30
24 31
24 32
24 31
24 32
24 31
24 32
25 32
25 31
24 31
25 31
24 31
24 32
25 32
26 32
27 32
28 32
28 33
27 33
27 34
26 34
26 35
26 36
26 37
27 37
27 38
28 38
29 38
29 39
29 40
29 39
29 40
30 40
31 40
32 40
33 40
34 40
34 39
33 39
33 40
34 40
34 41
35 41
35 40
35 39
35 38
34 38
35 38
35 37
34 37
34 38
33 38
32 38
33 38
33 37
34 37
34 36
33 36
32 36
32 35
32 36
32 37
31 37
30 37
30 38
30 37
31 37
32 37
33 37
34 37
34 38
34 39
33 39
33 38
33 37
33 36
33 37
33 36
33 37
33 38
33 37
33 36
33 37
32 37
32 36
33 36
34 36
34 35
34 34
34 35
33 35
33 34
33 35
34 35
35 35
34 35
33 35
34 35
33 35
32 35
32 34
31 34
32 34
31 34
31 33
31 32
32 32
33 32
34 32
34 33
33 33
33 32
32 32
31 32
31 31
31 32
31 33
31 34
32 34
31 34
30 34
29 34
29 33
28 33
29 33
29 34
29 35
29 36
28 36
29 36
29 35
28 35
27 35
26 35
26 36
27 36
26 36
25 36
25 35
25 34
24 34
24 35
23 35
22 35
23 35
24 35
25 35
24 35
25 35
24 35
24 36
24 35
25 35
25 36
25 35
24 35
24 34
24 35
24 34
24 35
23 35
24 35
24 34
25 34
25 33
25 32
25 31
25 32
24 32
24 31
25 31
26 31
26 32
25 32
24 32
24 31
23 31
23 32
22 32
23 32
23 31
23 30
23 29
24 29
24 28
23 28
22 28
21 28
20 28
21 28
22 28
23 28
24 28
25 28
26 28
26 27
25 27
25 28
25 29
25 28
24 28
23 28
23 27
23 28
24 28
23 28
24 28
24 27
24 26
24 25
25 25
25 26
26 26
26 25
26 26
25 26
24 26
24 27
23 27
24 27
24 26
24 25
24 26
24 27
24 26
24 25
24 24
25 24
24 24
24 25
24 24
24 25
24 24
24 23
24 22
24 23
23 23
23 22
24 22
24 23
23 23
23 22
22 22
22 21
21 21
20 21
20 22
20 23
21 23
21 24
21 23
20 23
20 22
20 21
20 22
19 22
19 21
20 21
19 21
18 21
18 20
19 20
20 20
19 20
19 19
19 18
18 18
18 17
19 17
19 18
19 17
20 17
20 18
20 19
21 19
22 19
21 19
22 19
22 20
21 20
20 20
20 19
20 20
21 20
20 20
21 20
21 21
21 22
22 22
22 23
22 24
23 24
23 23
23 24
23 25
23 24
24 24
23 24
22 24
22 25
22 26
22 27
22 26
22 25
22 26
23 26
23 27
24 27
25 27
24 27
25 27
26 27
26 26
25 26
24 26
24 25
25 25
25 24
24 24
23 24
22 24
21 24
21 25
21 24
22 24
23 24
24 24
25 24
25 23
25 22
25 21
25 22
25 21
24 21
24 22
24 21
25 21
26 21
26 22
25 22
26 22
26 21
26 22
25 22
26 22
26 21
25 21
25 22
25 21
25 22
24 22
24 23
25 23
25 22
24 22
23 22
22 22
22 21
22 22
22 23
22 24
22 25
23 25
23 24
23 25
24 25
24 26
24 25
25 25
24 25
23 25
24 25
25 25
24 25
25 25
24 25
25 25
25 26
25 25
25 26
25 25
24 25
23 25
22 25
21 25
22 25
23 25
23 26
23 27
23 28
22 28
23 28
22 28
23 28
23 27
23 28
23 29
22 29
22 30
21 30
21 29
22 29
22 28
23 28
23 29
23 30
23 31
22 31
23 31
23 30
23 29
24 29
23 29
23 28
23 27
24 27
23 27
22 27
22 26
22 25
21 25
21 24
20 24
20 25
21 25
21 24
21 25
21 26
20 26
19 26
19 25
18 25
17 25
18 25
18 24
17 24
16 24
16 25
15 25
16 25
16 24
16 25
16 26
17 26
17 27
17 28
18 28
17 28
17 29
17 30
17 29
17 28
16 28
16 29
17 29
16 29
17 29
17 28
18 28
18 29
17 29
17 30
17 31
16 31
17 31
17 32
18 32
18 31
17 31
16 31
17 31
18 31
18 30
18 29
18 28
18 29
17 29
16 29
16 28
15 28
14 28
14 29
13 29
13 30
13 31
13 32
13 31
13 32
13 33
14 33
14 32
14 31
15 31
14 31
13 31
14 31
13 31
13 32
14 32
14 31
14 32
14 33
14 32
13 32
14 32
15 32
16 32
16 31
17 31
17 30
17 31
16 31
15 31
14 31
15 31
14 31
15 31
15 30
14 30
15 30
16 30
15 30
15 29
15 28
16 28
16 27
16 28
16 29
17 29
18 29
18 30
18 29
17 29
16 29
16 30
15 30
15 29
16 29
16 28
16 27
17 27
18 27
19 27
19 28
20 28
20 29
20 28
21 28
21 27
21 28
21 27
22 27
21 27
20 27
19 27
20 27
21 27
20 27
20 28
20 27
20 26
21 26
20 26
19 26
18 26
19 26
18 26
17 26
17 25
17 26
16 26
15 26
15 25
14 25
13 25
12 25
12 24
12 23
13 23
13 24
13 23
12 23
12 24
13 24
13 23
13 22
13 21
14 21
