0 0
0 1
1 1
2 1
3 1
3 0
3 1
3 0
3 1
2 1
2 0
2 1
3 1
3 0
4 0
4 1
4 2
3 2
2 2
1 2
1 3
0 3
1 3
2 3
2 4
2 3
3 3
3 2
3 1
4 1
4 2
5 2
6 2
7 2
7 1
8 1
9 1
8 1
9 1
9 0
8 0
8 1
8 0
8 1
8 0
9 0
9 1
9 0
9 1
9 0
10 0
9 0
10 0
9 0
8 0
9 0
10 0
11 0
12 0
13 0
13 1
14 1
14 2
13 2
14 2
13 2
12 2
12 1
12 0
13 0
14 0
13 0
12 0
12 1
12 0
13 0
14 0
15 0
15 1
16 1
17 1
17 2
18 2
17 2
16 2
16 1
17 1
17 2
17 1
16 1
17 1
18 1
17 1
18 1
18 0
18 1
18 2
18 3
17 3
17 4
17 5
17 4
17 3
16 3
16 2
16 1
16 0
15 0
16 0
15 0
16 0
16 1
15 1
15 0
15 1
14 1
13 1
13 0
14 0
15 0
15 1
16 1
15 1
16 1
15 1
16 1
17 1
17 0
17 1
17 0
18 0
18 1
19 1
18 1
17 1
17 2
17 1
17 2
17 3
16 3
16 4
16 3
15 3
14 3
13 3
12 3
12 4
11 4
10 4
10 3
9 3
9 2
9 3
8 3
8 2
7 2
6 2
6 3
6 2
6 1
6 0
6 1
6 0
7 0
8 0
8 1
8 0
8 1
7 1
7 0
7 1
7 2
8 2
8 1
8 2
7 2
7 3
7 2
8 2
7 2
7 3
7 2
6 2
6 3
6 2
6 1
7 1
6 1
6 2
7 2
8 2
7 2
8 2
8 1
7 1
7 0
6 0
6 1
6 2
5 2
5 1
5 2
4 2
4 1
4 2
5 2
5 3
4 3
4 2
4 1
5 1
6 1
6 2
5 2
5 3
6 3
7 3
7 2
7 3
6 3
7 3
6 3
7 3
6 3
6 2
7 2
8 2
8 3
9 3
9 4
9 3
9 4
9 5
8 5
8 6
7 6
8 6
8 5
8 6
7 6
7 5
7 6
7 5
8 5
8 4
7 4
7 3
6 3
7 3
7 4
6 4
6 3
6 2
5 2
6 2
6 1
6 2
7 2
7 1
7 2
7 3
8 3
7 3
8 3
8 4
9 4
9 3
10 3
11 3
11 4
10 4
10 5
11 5
10 5
10 6
9 6
9 5
9 4
9 5
9 6
8 6
9 6
9 7
8 7
8 8
8 9
9 9
9 8
9 7
10 7
11 7
12 7
12 8
13 8
13 7
14 7
15 7
16 7
17 7
16 7
16 8
15 8
16 8
16 7
17 7
18 7
18 6
18 5
18 4
18 5
18 6
19 6
18 6
18 5
18 6
19 6
19 5
19 6
19 7
19 8
20 8
20 9
20 10
21 10
21 9
21 8
20 8
20 9
21 9
21 8
21 7
20 7
20 8
19 8
20 8
19 8
20 8
21 8
20 8
21 8
20 8
19 8
20 8
20 7
21 7
21 8
21 9
20 9
19 9
19 10
18 10
18 9
17 9
17 8
18 8
19 8
19 7
19 8
19 9
18 9
19 9
18 9
19 9
18 9
17 9
16 9
15 9
16 9
16 8
17 8
16 8
15 8
15 9
14 9
15 9
14 9
14 8
14 7
14 8
14 9
14 10
15 10
15 11
16 11
16 10
17 10
18 10
19 10
20 10
19 10
19 11
18 11
18 12
18 13
18 14
17 14
17 15
16 15
16 14
16 15
15 15
15 16
15 15
15 14
15 15
14 15
14 14
14 15
15 15
14 15
14 14
14 15
14 16
13 16
13 17
14 17
15 17
16 17
16 16
16 17
16 16
15 16
14 16
14 17
14 18
14 19
14 20
14 19
15 19
14 19
13 19
14 19
14 20
14 21
15 21
15 22
15 23
15 22
15 21
15 22
14 22
14 23
13 23
12 23
12 24
12 25
11 25
11 26
12 26
11 26
11 25
11 24
11 23
11 24
11 25
12 25
12 26
11 26
10 26
10 25
10 26
10 27
9 27
8 27
9 27
10 27
10 26
9 26
10 26
11 26
10 26
9 26
8 26
9 26
9 27
10 27
9 27
9 26
10 26
11 26
11 27
11 28
11 27
12 27
13 27
12 27
12 26
11 26
12 26
13 26
12 26
11 26
12 26
12 27
12 26
12 25
12 26
13 26
13 25
12 25
12 26
13 26
13 25
14 25
15 25
15 26
15 27
15 26
16 26
16 27
15 27
15 28
16 28
16 29
15 29
14 29
14 30
14 31
14 30
14 31
14 32
14 33
14 34
14 33
13 33
13 32
12 32
12 31
13 31
13 32
13 31
13 30
13 29
13 30
12 30
11 30
11 31
10 31
9 31
8 31
8 32
7 32
8 32
8 31
8 30
8 31
8 30
8 29
7 29
7 28
6 28
6 29
6 28
6 29
6 28
5 28
4 28
5 28
4 28
5 28
5 29
5 28
6 28
7 28
8 28
9 28
9 27
10 27
10 28
9 28
8 28
9 28
10 28
10 29
11 29
12 29
11 29
11 28
12 28
12 29
12 28
13 28
13 27
13 28
14 28
14 29
15 29
14 29
13 29
13 30
12 30
11 30
11 29
10 29
10 30
10 29
10 30
11 30
12 30
13 30
13 29
14 29
14 30
15 30
15 29
15 30
15 29
16 29
17 29
18 29
18 30
18 31
17 31
16 31
16 30
17 30
17 29
17 28
17 27
17 28
17 27
18 27
18 26
18 25
17 25
16 25
16 26
17 26
18 26
17 26
16 26
16 27
17 27
17 28
17 27
17 26
18 26
18 27
19 27
20 27
21 27
20 27
21 27
21 28
20 28
19 28
20 28
21 28
20 28
19 28
19 27
19 26
18 26
17 26
18 26
19 26
18 26
18 25
17 25
17 26
17 25
16 25
17 25
16 25
17 25
17 26
18 26
18 27
19 27
19 26
19 27
19 28
18 28
19 28
19 27
18 27
18 28
19 28
19 27
19 26
19 27
18 27
17 27
18 27
17 27
17 26
17 27
16 27
17 27
17 26
17 27
16 27
15 27
14 27
13 27
13 26
12 26
13 26
14 26
14 25
13 25
13 26
13 27
13 28
14 28
13 28
13 29
13 30
13 29
13 28
13 29
14 29
13 29
13 30
13 29
14 29
15 29
14 29
13 29
14 29
15 29
14 29
15 29
14 29
15 29
15 28
14 28
14 29
14 30
14 29
14 30
14 31
15 31
15 30
14 30
13 30
14 30
15 30
14 30
13 30
13 29
12 29
11 29
11 28
10 28
10 29
10 30
9 30
10 30
9 30
9 29
9 30
9 29
9 28
8 28
8 27
8 28
8 29
8 30
8 31
7 31
8 31
9 31
10 31
10 30
10 29
11 29
12 29
13 29
14 29
13 29
13 28
14 28
13 28
13 27
12 27
11 27
11 28
12 28
11 28
11 27
11 28
12 28
12 29
12 30
11 30
12 30
12 31
11 31
10 31
9 31
10 31
9 31
9 32
8 32
8 33
9 33
10 33
10 34
9 34
9 35
9 36
9 37
9 36
9 35
8 35
9 35
9 34
9 33
8 33
8 32
9 32
10 32
11 32
10 32
9 32
9 33
9 34
9 33
8 33
9 33
10 33
10 32
9 32
9 31
9 30
10 30
11 30
11 29
11 28
11 29
11 28
11 29
12 29
12 30
12 29
12 30
11 30
11 29
12 29
13 29
14 29
14 30
14 31
14 30
14 31
13 31
14 31
14 32
15 32
15 31
15 30
14 30
14 31
13 31
14 31
14 30
15 30
16 30
15 30
14 30
15 30
15 31
15 32
16 32
15 32
15 31
15 30
14 30
14 31
14 32
14 33
14 34
13 34
13 35
12 35
13 35
12 35
12 36
12 37
11 37
11 36
11 37
11 36
10 36
10 35
10 36
9 36
8 36
9 36
9 35
8 35
8 36
8 37
8 36
8 37
9 37
9 38
9 39
8 39
8 40
8 41
8 42
8 43
8 42
8 41
8 42
8 43
8 44
9 44
9 43
9 44
8 44
8 45
9 45
10 45
11 45
11 46
11 47
11 48
10 48
9 48
10 48
10 49
11 49
11 48
12 48
11 48
11 49
12 49
12 50
12 49
12 48
13 48
13 47
12 47
12 46
12 45
12 44
12 45
12 44
12 45
11 45
12 45
13 45
14 45
14 44
14 43
14 44
14 45
14 44
14 45
14 46
14 47
13 47
14 47
14 48
14 47
14 46
14 45
13 45
13 44
12 44
12 43
12 42
12 43
13 43
14 43
14 44
14 43
14 42
14 43
15 43
16 43
16 44
15 44
16 44
16 45
15 45
15 46
14 46
14 45
13 45
14 45
15 45
15 44
16 44
16 43
16 44
16 45
16 46
15 46
14 46
13 46
13 47
14 47
15 47
14 47
14 46
14 47
