0 0
1 0
1 1
2 1
2 0
1 0
2 0
2 1
3 1
3 2
3 1
3 0
3 1
2 1
3 1
3 0
3 1
4 1
5 1
4 1
4 0
5 0
4 0
4 1
5 1
4 1
4 2
5 2
4 2
5 2
4 2
4 3
5 3
6 3
6 2
7 2
7 3
8 3
9 3
8 3
7 3
7 4
7 3
8 3
8 2
8 1
8 2
9 2
10 2
11 2
12 2
12 1
12 2
12 3
12 2
12 1
12 0
11 0
11 1
11 0
11 1
10 1
10 2
9 2
10 2
10 3
10 2
9 2
9 1
9 2
9 1
9 2
10 2
9 2
9 3
9 2
8 2
9 2
9 3
9 2
8 2
7 2
7 1
6 1
6 0
6 1
6 2
5 2
6 2
5 2
5 1
5 2
5 3
5 4
5 5
4 5
4 6
5 6
4 6
4 7
4 8
3 8
3 9
2 9
3 9
2 9
2 10
1 10
2 10
2 11
1 11
1 12
0 12
1 12
1 11
0 11
0 10
0 11
0 12
0 11
1 11
2 11
2 10
1 10
2 10
2 9
2 10
2 9
3 9
2 9
3 9
4 9
4 8
4 7
5 7
4 7
4 8
4 9
4 8
4 9
5 9
6 9
6 8
6 9
6 10
6 9
7 9
6 9
5 9
5 8
4 8
4 9
3 9
2 9
3 9
3 8
3 9
3 10
4 10
5 10
4 10
3 10
2 10
1 10
2 10
2 11
3 11
3 10
3 11
2 11
2 12
2 13
3 13
3 14
2 14
1 14
2 14
1 14
0 14
1 14
1 13
2 13
2 12
2 11
2 10
2 9
1 9
1 10
1 11
0 11
1 11
0 11
0 12
1 12
1 11
0 11
1 11
1 10
0 10
1 10
1 11
1 10
1 11
1 10
1 11
1 10
1 9
1 8
1 9
1 10
0 10
0 11
1 11
0 11
1 11
1 10
1 11
1 10
1 9
2 9
3 9
2 9
1 9
0 9
0 10
0 11
0 12
0 11
0 10
0 11
0 10
0 9
1 9
2 9
2 10
2 11
2 10
3 10
3 9
3 8
3 9
3 8
3 9
3 10
4 10
4 11
5 11
5 10
6 10
5 10
6 10
6 9
6 10
6 11
7 11
6 11
7 11
7 10
8 10
7 10
6 10
6 11
7 11
6 11
7 11
7 12
8 12
9 12
9 13
9 12
8 12
9 12
9 13
10 13
10 14
9 14
9 13
10 13
10 14
11 14
12 14
11 14
11 15
10 15
10 16
10 17
10 18
10 19
11 19
12 19
13 19
12 19
12 20
12 19
12 18
11 18
10 18
9 18
10 18
10 17
10 18
9 18
9 19
8 19
8 20
8 19
8 20
9 20
8 20
9 20
8 20
8 21
7 21
6 21
5 21
5 20
5 21
6 21
6 20
6 21
7 21
7 20
7 21
8 21
8 20
9 20
10 20
9 20
9 21
9 22
8 22
8 21
9 21
8 21
8 20
8 21
9 21
10 21
10 20
10 21
10 20
10 21
10 22
10 23
11 23
12 23
12 24
12 25
11 25
11 24
12 24
12 25
11 25
12 25
13 25
14 25
14 24
14 23
13 23
12 23
13 23
13 24
12 24
12 25
11 25
10 25
9 25
9 24
10 24
10 23
9 23
10 23
9 23
9 24
9 23
8 23
8 24
9 24
10 24
10 25
11 25
10 25
9 25
10 25
10 26
10 27
9 27
9 28
10 28
10 27
11 27
10 27
11 27
11 26
12 26
13 26
13 27
12 27
13 27
12 27
13 27
14 27
14 28
14 27
14 28
14 29
14 30
14 29
15 29
15 30
15 29
14 29
14 30
13 30
13 29
14 29
14 30
13 30
13 29
12 29
12 28
12 29
11 29
11 28
11 27
11 26
10 26
11 26
12 26
12 25
11 25
11 24
11 25
11 26
12 26
13 26
13 27
13 28
12 28
12 29
13 29
14 29
14 28
14 29
14 30
14 31
13 31
12 31
13 31
13 30
12 30
12 29
12 28
13 28
13 27
13 28
12 28
13 28
13 29
13 28
13 27
13 26
14 26
13 26
13 25
13 26
13 25
13 24
14 24
14 25
15 25
14 25
13 25
12 25
13 25
13 24
13 25
13 24
12 24
13 24
12 24
13 24
14 24
14 23
14 24
14 25
13 25
14 25
14 24
14 23
14 24
15 24
15 25
14 25
15 25
14 25
14 26
15 26
15 25
14 25
14 24
14 25
13 25
13 24
14 24
14 25
14 26
13 26
13 25
13 26
13 27
13 28
13 29
14 29
15 29
16 29
17 29
17 28
17 27
17 26
17 25
18 25
18 26
17 26
17 25
18 25
19 25
19 24
18 24
18 25
17 25
16 25
17 25
17 26
17 25
18 25
17 25
17 26
16 26
17 26
17 25
16 25
16 26
17 26
17 25
18 25
18 26
18 27
19 27
19 26
18 26
18 27
19 27
20 27
21 27
20 27
19 27
19 26
19 25
19 26
18 26
19 26
19 27
18 27
18 26
17 26
18 26
18 25
17 25
18 25
19 25
19 26
19 25
19 26
20 26
20 27
20 26
20 25
19 25
19 24
18 24
18 25
18 26
18 27
18 28
19 28
19 27
18 27
19 27
19 26
18 26
18 27
18 26
19 26
19 27
19 28
20 28
20 29
20 28
20 27
19 27
18 27
18 26
18 25
19 25
18 25
17 25
17 26
16 26
16 25
16 26
16 25
16 24
15 24
14 24
13 24
13 25
12 25
12 26
11 26
10 26
9 26
9 25
8 25
9 25
10 25
9 25
9 24
9 25
9 26
10 26
9 26
9 25
8 25
7 25
7 26
7 27
8 27
8 28
8 29
9 29
10 29
9 29
8 29
7 29
7 28
7 29
7 28
7 29
7 30
8 30
8 31
8 30
8 29
8 28
7 28
7 27
7 28
8 28
9 28
9 29
8 29
8 30
8 29
7 29
8 29
7 29
6 29
7 29
8 29
8 30
9 30
9 31
9 30
9 29
9 28
9 27
10 27
11 27
11 28
11 29
12 29
12 30
11 30
11 29
11 30
11 29
12 29
13 29
12 29
12 30
13 30
13 29
13 28
13 27
14 27
13 27
13 28
14 28
15 28
15 29
15 30
16 30
15 30
14 30
13 30
12 30
12 29
12 30
13 30
13 31
12 31
13 31
13 30
12 30
12 31
12 30
13 30
12 30
13 30
13 29
13 30
14 30
14 31
14 30
15 30
16 30
16 31
15 31
14 31
14 30
14 31
14 32
14 31
15 31
15 32
15 33
14 33
13 33
13 34
14 34
14 35
15 35
15 36
15 37
15 38
15 37
15 38
15 37
15 36
16 36
17 36
16 36
16 37
15 37
15 38
15 37
15 38
15 39
14 39
13 39
13 40
13 39
13 38
13 37
13 36
13 35
14 35
14 34
14 35
15 35
14 35
15 35
16 35
16 34
16 33
15 33
15 34
14 34
13 34
13 35
13 36
14 36
15 36
14 36
13 36
13 37
14 37
15 37
15 36
16 36
16 37
17 37
17 38
16 38
16 39
17 39
17 38
16 38
15 38
16 38
15 38
15 39
15 38
15 37
15 36
15 35
15 36
15 37
15 38
15 37
16 37
16 38
16 37
16 38
15 38
14 38
13 38
13 37
13 36
12 36
12 37
13 37
14 37
15 37
16 37
16 38
16 37
16 36
15 36
14 36
13 36
13 37
13 36
12 36
11 36
11 37
12 37
11 37
12 37
12 36
12 35
11 35
11 36
11 37
10 37
11 37
10 37
9 37
9 38
9 37
9 36
9 37
8 37
8 36
7 36
6 36
6 37
6 38
6 39
5 39
5 40
5 39
6 39
6 40
5 40
6 40
6 41
6 42
5 42
5 41
5 42
5 43
5 42
5 41
5 40
5 39
5 40
4 40
4 39
4 38
3 38
4 38
4 39
5 39
6 39
5 39
4 39
4 40
4 41
3 41
4 41
3 41
2 41
2 40
1 40
2 40
3 40
3 41
4 41
4 40
5 40
5 39
6 39
6 40
6 39
6 38
5 38
6 38
5 38
4 38
3 38
2 38
1 38
2 38
2 37
2 36
3 36
4 36
5 36
5 35
5 34
4 34
5 34
6 34
6 35
7 35
6 35
5 35
5 34
4 34
4 33
4 34
4 33
3 33
2 33
2 34
1 34
1 35
1 36
0 36
0 35
1 35
0 35
0 36
1 36
0 36
0 37
1 37
1 38
0 38
1 38
1 39
2 39
3 39
3 38
4 38
4 37
4 38
4 37
5 37
6 37
6 38
5 38
6 38
5 38
5 37
5 38
5 39
6 39
5 39
4 39
5 39
4 39
4 38
5 38
6 38
7 38
7 39
7 40
8 40
8 41
9 41
10 41
9 41
9 40
8 40
8 39
8 40
8 41
9 41
8 41
8 42
7 42
6 42
6 43
6 44
6 43
6 44
6 45
