0 0
0 1
1 1
2 1
2 0
2 1
2 2
2 3
1 3
0 3
1 3
1 2
1 3
2 3
3 3
4 3
4 4
3 4
4 4
3 4
3 3
2 3
1 3
0 3
0 4
0 5
1 5
1 6
2 6
2 7
1 7
1 6
2 6
3 6
3 7
3 6
4 6
3 6
2 6
2 5
2 4
2 3
1 3
1 2
1 3
0 3
1 3
2 3
1 3
2 3
1 3
1 2
2 2
2 3
1 3
1 4
1 5
2 5
3 5
3 4
2 4
1 4
1 5
1 4
0 4
0 5
1 5
1 6
2 6
1 6
1 5
1 6
0 6
1 6
0 6
0 7
1 7
0 7
0 8
0 9
1 9
2 9
1 9
1 10
1 9
1 8
0 8
1 8
1 7
0 7
0 6
1 6
0 6
0 7
0 6
1 6
0 6
1 6
1 7
1 8
1 9
1 10
1 11
2 11
3 11
2 11
2 12
3 12
4 12
4 11
4 12
4 13
4 14
4 15
5 15
5 16
5 15
5 14
5 15
6 15
6 16
5 16
5 17
5 18
5 17
5 18
4 18
5 18
5 17
6 17
5 17
4 17
5 17
5 16
5 15
5 16
4 16
3 16
4 16
4 15
5 15
5 16
5 15
5 16
6 16
6 17
6 16
5 16
4 16
4 15
5 15
5 16
5 15
5 16
4 16
4 17
4 16
4 17
4 16
4 15
4 14
5 14
5 15
5 16
5 15
4 15
4 16
4 17
4 16
4 15
5 15
4 15
3 15
3 14
3 15
2 15
1 15
2 15
1 15
1 16
1 17
2 17
3 17
2 17
2 18
3 18
4 18
5 18
5 17
6 17
7 17
7 16
8 16
9 16
9 15
9 16
9 15
9 16
10 16
10 15
11 15
10 15
9 15
10 15
9 15
9 16
9 15
9 16
10 16
9 16
9 17
8 17
8 16
8 15
8 16
7 16
6 16
5 16
5 17
6 17
6 16
7 16
6 16
6 17
7 17
8 17
8 18
7 18
6 18
7 18
7 19
8 19
8 20
8 19
9 19
10 19
10 18
10 19
10 20
11 20
10 20
9 20
9 21
9 20
10 20
9 20
9 19
8 19
7 19
7 20
7 19
7 18
7 17
6 17
6 16
7 16
7 15
8 15
8 14
8 15
8 14
8 15
7 15
6 15
5 15
4 15
4 14
3 14
3 13
2 13
2 12
3 12
3 13
3 12
4 12
4 11
5 11
5 12
6 12
7 12
7 13
6 13
5 13
5 12
5 11
5 10
6 10
6 11
6 10
5 10
5 9
6 9
6 8
7 8
7 9
7 10
7 9
7 8
8 8
7 8
7 7
7 8
7 7
6 7
6 6
6 5
6 6
7 6
6 6
6 7
7 7
6 7
5 7
5 6
6 6
6 5
5 5
6 5
5 5
5 6
4 6
4 5
5 5
6 5
6 6
6 7
7 7
7 8
7 7
7 8
7 7
8 7
8 6
8 7
8 8
8 9
7 9
6 9
6 10
6 9
5 9
6 9
6 10
6 9
7 9
6 9
7 9
8 9
8 10
7 10
7 11
6 11
6 10
6 9
7 9
7 8
8 8
8 9
8 10
8 9
8 8
9 8
9 7
9 8
9 7
9 6
9 5
9 6
9 7
10 7
10 8
11 8
12 8
13 8
13 7
13 6
14 6
14 7
15 7
15 6
15 5
15 6
16 6
16 5
17 5
17 4
18 4
18 5
19 5
19 6
20 6
20 5
19 5
20 5
20 4
20 3
20 2
20 1
21 1
20 1
20 2
19 2
19 1
19 2
20 2
20 1
20 2
21 2
20 2
20 1
21 1
21 0
22 0
21 0
21 1
21 2
21 1
20 1
20 0
20 1
20 0
20 1
21 1
21 0
21 1
21 2
21 1
20 1
20 0
20 1
21 1
20 1
21 1
22 1
21 1
22 1
23 1
24 1
25 1
25 2
26 2
27 2
27 3
27 2
28 2
29 2
30 2
29 2
30 2
30 1
30 0
31 0
32 0
31 0
30 0
31 0
31 1
31 0
31 1
31 0
32 0
33 0
32 0
31 0
31 1
31 0
32 0
32 1
33 1
34 1
34 2
35 2
35 3
36 3
36 2
35 2
35 1
34 1
34 0
34 1
33 1
34 1
34 2
33 2
34 2
33 2
32 2
32 1
32 0
32 1
31 1
31 0
32 0
33 0
33 1
32 1
32 2
33 2
33 3
33 4
33 3
33 4
33 5
33 4
34 4
33 4
34 4
33 4
33 3
33 2
32 2
32 1
33 1
34 1
35 1
35 2
35 3
35 2
35 1
35 0
35 1
36 1
37 1
38 1
37 1
37 2
38 2
39 2
38 2
39 2
39 3
40 3
41 3
42 3
42 4
42 5
41 5
40 5
39 5
39 6
40 6
41 6
40 6
41 6
40 6
39 6
40 6
40 7
39 7
38 7
37 7
37 8
36 8
36 9
36 10
35 10
36 10
35 10
35 9
35 8
35 9
36 9
36 10
37 10
36 10
35 10
36 10
36 11
37 11
36 11
36 12
37 12
37 13
38 13
37 13
38 13
39 13
39 12
39 13
39 14
40 14
39 14
38 14
37 14
37 15
37 14
37 15
36 15
37 15
36 15
36 16
37 16
36 16
36 17
37 17
38 17
37 17
37 18
37 19
36 19
37 19
37 18
36 18
36 17
36 16
37 16
36 16
37 16
36 16
36 17
36 18
36 19
37 19
37 18
38 18
38 17
39 17
40 17
40 18
40 17
39 17
39 16
39 15
39 16
38 16
38 17
39 17
38 17
39 17
39 18
39 19
40 19
40 18
40 19
41 19
41 20
42 20
43 20
42 20
42 19
41 19
41 18
41 19
41 18
42 18
42 19
42 18
43 18
43 17
44 17
44 16
43 16
44 16
43 16
42 16
42 15
41 15
40 15
39 15
39 16
40 16
40 15
40 16
41 16
41 15
42 15
41 15
40 15
40 16
40 17
39 17
38 17
38 16
37 16
37 17
37 18
37 19
37 18
36 18
35 18
34 18
33 18
33 17
33 18
34 18
34 19
34 20
33 20
33 21
32 21
31 21
31 20
31 21
31 22
30 22
30 21
29 21
29 20
29 21
29 20
29 21
28 21
27 21
27 22
28 22
29 22
30 22
29 22
29 21
30 21
30 20
30 19
29 19
28 19
29 19
30 19
31 19
32 19
33 19
34 19
34 18
35 18
36 18
37 18
38 18
37 18
36 18
35 18
34 18
33 18
33 19
33 18
33 19
34 19
35 19
36 19
37 19
38 19
37 19
36 19
36 18
36 17
36 16
35 16
34 16
34 15
34 14
35 14
35 13
34 13
35 13
34 13
35 13
35 12
34 12
35 12
34 12
34 13
35 13
36 13
36 14
36 13
37 13
36 13
36 14
35 14
36 14
36 15
36 16
36 15
37 15
36 15
36 14
35 14
36 14
35 14
36 14
36 13
36 14
36 13
36 14
37 14
36 14
36 13
37 13
37 12
37 11
38 11
38 12
39 12
40 12
40 11
40 10
39 10
38 10
38 9
37 9
37 10
36 10
36 9
36 10
37 10
37 9
36 9
37 9
37 10
38 10
38 11
37 11
37 10
37 9
37 8
37 9
38 9
39 9
39 8
38 8
38 9
38 8
39 8
39 7
38 7
37 7
37 6
37 7
37 6
36 6
36 7
35 7
35 8
35 9
34 9
34 8
34 9
33 9
34 9
35 9
36 9
36 10
37 10
37 9
37 10
38 10
38 9
38 10
38 11
38 10
38 11
38 10
39 10
40 10
40 11
40 12
40 13
40 12
39 12
38 12
37 12
37 11
37 10
37 11
38 11
39 11
38 11
39 11
39 10
38 10
39 10
38 10
38 11
38 12
38 13
37 13
37 14
36 14
37 14
38 14
39 14
39 15
40 15
40 16
41 16
42 16
42 15
42 16
41 16
42 16
41 16
42 16
42 15
42 14
41 14
40 14
40 13
40 12
39 12
38 12
38 11
38 10
37 10
36 10
37 10
37 9
38 9
38 8
38 7
38 6
39 6
39 7
39 8
39 9
40 9
39 9
40 9
39 9
38 9
38 8
39 8
39 9
39 8
39 9
40 9
41 9
42 9
42 10
42 11
42 12
42 11
42 10
42 9
41 9
41 10
42 10
43 10
42 10
42 11
41 11
40 11
40 10
39 10
38 10
38 9
39 9
39 8
40 8
41 8
40 8
40 7
40 6
40 7
40 6
40 7
40 8
40 7
39 7
38 7
38 6
37 6
37 5
37 4
37 3
37 4
37 3
36 3
37 3
37 2
37 3
36 3
35 3
35 4
36 4
36 5
36 6
36 5
36 4
37 4
36 4
36 3
37 3
38 3
37 3
37 2
36 2
37 2
37 3
37 4
36 4
35 4
35 5
35 6
36 6
35 6
35 7
36 7
35 7
36 7
37 7
36 7
35 7
34 7
