0 0
0 1
1 1
0 1
0 0
1 0
0 0
0 1
0 2
0 3
0 4
0 3
1 3
2 3
3 3
3 4
3 5
2 5
3 5
2 5
3 5
3 6
3 7
3 8
2 8
2 9
3 9
4 9
4 10
4 11
3 11
3 10
2 10
3 10
4 10
3 10
3 11
2 11
1 11
0 11
1 11
1 10
1 11
1 12
0 12
0 13
0 12
0 11
0 12
1 12
2 12
1 12
0 12
1 12
1 13
2 13
3 13
3 12
4 12
4 13
4 14
4 13
5 13
5 12
4 12
5 12
6 12
6 11
6 10
7 10
7 11
7 12
7 11
7 10
6 10
6 11
5 11
5 10
4 10
3 10
3 9
3 8
3 7
3 6
4 6
5 6
4 6
5 6
6 6
6 7
6 6
6 5
6 4
6 3
6 4
6 5
6 4
6 3
7 3
7 2
7 1
7 2
7 1
8 1
7 1
6 1
6 2
6 3
6 2
5 2
5 1
4 1
3 1
3 2
4 2
4 1
3 1
3 0
4 0
5 0
5 1
5 2
5 1
5 2
4 2
4 3
5 3
6 3
6 2
6 1
6 2
5 2
4 2
3 2
3 3
2 3
3 3
4 3
4 2
5 2
5 3
6 3
6 4
5 4
5 3
5 2
6 2
7 2
8 2
7 2
7 1
8 1
8 2
9 2
9 1
9 2
9 3
10 3
10 2
11 2
11 3
10 3
11 3
10 3
10 4
10 3
10 2
10 3
10 4
10 3
10 4
10 5
10 4
11 4
11 5
11 6
11 5
12 5
13 5
13 4
14 4
14 3
14 4
14 3
15 3
15 2
15 3
15 2
16 2
15 2
15 1
14 1
15 1
16 1
17 1
17 0
16 0
17 0
16 0
16 1
16 2
17 2
18 2
17 2
18 2
18 3
18 2
19 2
19 1
19 0
20 0
21 0
21 1
21 2
21 3
20 3
20 2
20 1
19 1
19 2
18 2
18 1
19 1
19 0
19 1
18 1
18 0
17 0
16 0
17 0
18 0
19 0
18 0
17 0
18 0
17 0
17 1
17 2
17 3
16 3
16 4
16 5
15 5
16 5
16 6
16 7
17 7
17 6
17 5
16 5
16 4
17 4
17 5
16 5
17 5
16 5
16 4
16 3
16 4
15 4
15 5
14 5
14 6
14 5
13 5
13 6
13 7
13 8
12 8
13 8
12 8
13 8
14 8
14 7
14 6
14 5
14 6
13 6
12 6
13 6
13 7
13 6
13 5
13 6
13 7
12 7
11 7
10 7
10 8
10 7
11 7
12 7
13 7
13 6
13 7
13 8
13 7
13 8
13 7
13 6
13 7
14 7
15 7
14 7
14 8
14 9
13 9
12 9
13 9
12 9
13 9
12 9
11 9
11 8
12 8
12 9
12 10
12 9
12 8
12 7
11 7
11 6
11 5
10 5
10 4
10 5
10 6
11 6
10 6
10 5
9 5
10 5
10 6
10 5
11 5
11 4
11 3
11 4
11 3
12 3
13 3
13 2
13 3
13 2
13 3
14 3
14 2
14 1
13 1
13 2
12 2
12 3
13 3
13 2
14 2
15 2
16 2
15 2
15 3
15 4
14 4
14 5
14 6
14 5
14 4
14 3
14 2
15 2
14 2
13 2
13 3
13 2
13 3
12 3
12 4
13 4
12 4
12 5
12 6
11 6
12 6
12 7
12 8
12 7
13 7
13 6
13 5
12 5
12 4
12 5
11 5
12 5
13 5
13 6
14 6
15 6
15 5
15 6
14 6
14 7
13 7
13 6
13 5
13 4
14 4
14 3
15 3
14 3
14 4
14 5
14 4
13 4
14 4
14 5
14 4
14 5
15 5
15 6
15 7
14 7
14 6
15 6
15 5
15 4
14 4
15 4
15 5
14 5
14 4
14 5
14 6
14 7
13 7
12 7
11 7
11 6
11 7
12 7
12 6
12 5
12 6
11 6
10 6
9 6
9 7
9 6
10 6
11 6
11 7
12 7
13 7
14 7
15 7
14 7
14 6
14 7
13 7
12 7
12 6
12 5
12 4
12 5
11 5
10 5
9 5
9 4
9 3
8 3
8 2
8 3
8 4
9 4
8 4
9 4
9 3
9 4
9 3
8 3
8 4
7 4
7 5
6 5
5 5
6 5
5 5
6 5
7 5
8 5
9 5
9 6
10 6
11 6
12 6
11 6
12 6
13 6
13 7
13 8
14 8
13 8
13 9
13 10
12 10
11 10
10 10
10 11
9 11
9 12
9 13
8 13
7 13
7 12
8 12
7 12
7 13
7 12
8 12
8 11
7 11
6 11
6 12
5 12
5 11
6 11
6 12
6 13
6 12
5 12
5 13
4 13
5 13
5 12
5 13
6 13
7 13
8 13
8 14
8 13
8 14
8 13
8 12
8 13
8 12
7 12
7 11
8 11
8 12
9 12
9 11
9 12
10 12
10 11
10 10
10 9
10 8
10 7
11 7
10 7
11 7
12 7
13 7
12 7
12 8
11 8
12 8
12 7
13 7
13 6
12 6
13 6
14 6
14 7
15 7
15 8
15 7
14 7
13 7
13 6
14 6
15 6
16 6
16 7
16 8
16 9
17 9
16 9
16 10
16 11
17 11
17 10
18 10
18 9
19 9
19 10
20 10
21 10
20 10
20 11
19 11
19 12
19 11
18 11
18 12
18 11
18 12
19 12
20 12
20 11
21 11
20 11
19 11
18 11
18 10
18 9
18 10
18 11
19 11
20 11
21 11
20 11
21 11
20 11
20 10
20 11
20 12
20 13
20 12
20 11
20 12
21 12
21 13
22 13
21 13
20 13
21 13
21 14
21 13
21 12
20 12
21 12
21 11
20 11
20 12
21 12
22 12
22 11
23 11
24 11
24 12
24 11
24 12
24 13
25 13
26 13
26 12
26 13
26 14
26 13
25 13
26 13
25 13
25 14
24 14
25 14
26 14
27 14
28 14
29 14
30 14
30 13
29 13
29 14
28 14
28 15
28 14
29 14
30 14
30 13
30 12
30 11
30 10
30 9
31 9
31 10
31 11
31 10
31 11
32 11
31 11
30 11
30 12
31 12
30 12
30 11
30 12
30 13
30 14
30 15
30 14
30 15
30 16
31 16
30 16
30 17
29 17
30 17
29 17
30 17
30 18
30 19
31 19
31 20
32 20
32 19
33 19
33 20
32 20
32 21
33 21
33 22
33 23
33 24
34 24
34 23
33 23
32 23
33 23
33 22
34 22
35 22
35 23
36 23
35 23
35 24
35 25
36 25
36 26
37 26
37 27
37 26
37 25
38 25
38 24
37 24
36 24
37 24
37 23
38 23
38 22
37 22
37 21
38 21
37 21
36 21
37 21
37 20
37 19
36 19
37 19
37 20
38 20
39 20
38 20
39 20
39 21
39 20
39 21
38 21
39 21
39 20
40 20
40 21
41 21
41 22
41 23
42 23
42 24
41 24
42 24
43 24
42 24
42 23
41 23
40 23
41 23
41 22
41 21
41 20
41 21
42 21
41 21
41 22
41 23
41 24
42 24
42 23
42 22
43 22
43 21
43 22
43 23
43 22
44 22
43 22
43 21
43 22
43 21
43 20
43 21
42 21
43 21
42 21
42 20
43 20
43 21
42 21
42 22
42 21
43 21
44 21
44 22
44 21
43 21
43 22
42 22
42 23
42 24
41 24
42 24
43 24
43 23
42 23
42 24
43 24
43 23
42 23
42 22
41 22
40 22
40 21
40 20
41 20
40 20
40 21
40 20
39 20
39 19
39 18
39 19
40 19
40 20
39 20
40 20
41 20
40 20
40 19
40 20
39 20
39 19
40 19
39 19
39 18
39 17
40 17
40 16
39 16
39 15
39 14
40 14
41 14
41 13
40 13
39 13
39 12
38 12
39 12
38 12
38 13
39 13
40 13
40 12
40 11
41 11
42 11
41 11
40 11
40 10
40 11
41 11
41 12
40 12
41 12
41 13
41 12
41 11
41 12
41 11
41 12
42 12
42 13
42 12
43 12
44 12
44 11
43 11
42 11
43 11
43 10
44 10
44 11
45 11
45 12
46 12
47 12
46 12
46 13
46 12
46 13
47 13
46 13
45 13
44 13
45 13
44 13
44 12
44 11
43 11
43 10
43 9
44 9
43 9
44 9
44 10
43 10
43 9
43 10
43 11
43 10
44 10
45 10
44 10
43 10
42 10
41 10
41 9
42 9
42 10
41 10
42 10
42 9
41 9
40 9
39 9
40 9
41 9
41 8
40 8
39 8
38 8
39 8
38 8
38 7
38 6
38 7
37 7
37 6
38 6
37 6
38 6
39 6
40 6
40 5
41 5
41 4
41 5
42 5
42 4
41 4
41 5
41 4
40 4
40 3
39 3
39 2
39 1
39 0
40 0
39 0
40 0
39 0
39 1
39 2
38 2
38 3
37 3
36 3
36 2
36 3
36 4
35 4
