0 0
0 1
1 1
1 2
1 1
0 1
1 1
1 0
1 1
0 1
1 1
0 1
1 1
2 1
2 2
3 2
2 2
3 2
3 1
3 2
3 1
3 0
3 1
2 1
2 2
1 2
1 1
2 1
3 1
2 1
2 2
3 2
3 3
4 3
5 3
4 3
4 2
4 3
3 3
4 3
4 2
3 2
4 2
4 1
3 1
2 1
2 2
2 3
2 2
3 2
3 3
4 3
5 3
6 3
6 2
7 2
7 3
7 4
7 3
7 4
8 4
7 4
7 3
6 3
6 2
5 2
6 2
7 2
7 3
7 2
6 2
6 1
5 1
4 1
3 1
2 1
1 1
1 2
1 3
2 3
2 4
1 4
2 4
3 4
2 4
2 3
1 3
1 2
2 2
3 2
3 3
2 3
3 3
3 2
3 3
3 2
4 2
4 3
3 3
4 3
4 4
3 4
3 5
4 5
5 5
6 5
7 5
7 6
6 6
6 7
6 8
7 8
7 7
7 8
7 9
6 9
6 8
6 7
6 8
5 8
4 8
3 8
3 9
3 8
2 8
1 8
0 8
0 7
1 7
2 7
2 6
3 6
3 5
3 4
3 3
3 2
2 2
2 3
2 2
2 1
1 1
1 0
0 0
0 1
1 1
1 0
1 1
2 1
2 2
3 2
3 3
4 3
4 2
5 2
6 2
6 1
6 0
6 1
6 0
7 0
6 0
5 0
6 0
6 1
6 2
6 1
6 0
6 1
7 1
8 1
7 1
8 1
8 0
8 1
9 1
10 1
10 2
10 1
9 1
9 2
10 2
9 2
9 1
9 2
10 2
10 3
9 3
8 3
8 2
8 1
9 1
10 1
10 0
11 0
11 1
10 1
10 2
10 3
10 4
9 4
10 4
10 3
10 2
11 2
11 3
11 2
11 3
12 3
13 3
14 3
14 4
15 4
14 4
13 4
13 5
13 6
13 7
13 6
13 5
12 5
11 5
11 6
11 5
11 4
11 3
10 3
10 4
10 3
11 3
11 2
10 2
10 3
10 4
11 4
11 3
11 2
10 2
9 2
10 2
10 1
10 0
11 0
10 0
9 0
9 1
9 0
8 0
9 0
9 1
9 2
8 2
9 2
9 3
10 3
10 2
9 2
10 2
11 2
11 1
11 0
10 0
9 0
8 0
9 0
9 1
8 1
8 2
8 3
8 2
9 2
9 1
10 1
11 1
12 1
12 2
12 3
13 3
13 2
13 1
12 1
12 0
12 1
12 0
12 1
11 1
10 1
10 2
10 3
10 2
10 3
10 2
10 1
10 2
10 3
10 2
10 3
9 3
9 2
10 2
9 2
8 2
8 3
7 3
8 3
8 4
8 3
8 4
8 5
7 5
7 6
8 6
9 6
8 6
9 6
9 5
8 5
8 4
8 3
9 3
9 4
8 4
8 5
8 6
9 6
10 6
10 7
10 6
10 7
9 7
9 6
9 5
10 5
10 6
9 6
8 6
7 6
8 6
7 6
8 6
7 6
7 5
7 4
8 4
8 3
8 4
9 4
10 4
10 3
10 2
9 2
9 3
9 2
8 2
9 2
10 2
10 1
10 0
9 0
10 0
10 1
10 2
10 3
9 3
9 4
8 4
7 4
6 4
5 4
4 4
4 3
3 3
4 3
4 4
4 3
3 3
2 3
2 4
2 5
2 4
2 3
1 3
1 2
1 3
2 3
2 4
3 4
3 3
4 3
5 3
5 4
5 3
5 4
4 4
4 3
4 4
4 5
4 4
4 5
5 5
4 5
5 5
6 5
7 5
7 6
8 6
9 6
8 6
9 6
9 5
9 6
9 7
8 7
8 6
7 6
7 7
7 8
7 7
6 7
7 7
6 7
6 6
7 6
8 6
8 7
7 7
8 7
8 6
8 5
7 5
7 6
7 7
6 7
6 6
7 6
8 6
8 5
9 5
10 5
10 4
11 4
10 4
10 5
10 6
10 7
10 6
11 6
11 7
11 8
12 8
12 9
12 10
12 11
12 10
12 11
11 11
11 12
10 12
10 11
10 10
10 9
10 10
11 10
10 10
10 9
9 9
9 10
9 11
9 12
9 11
10 11
10 12
10 11
10 10
9 10
9 11
9 12
9 13
9 14
10 14
9 14
8 14
8 15
8 16
8 17
8 18
7 18
7 17
8 17
7 17
8 17
9 17
8 17
8 16
8 15
9 15
9 16
8 16
8 17
9 17
10 17
9 17
9 16
9 17
9 16
10 16
10 17
10 16
11 16
12 16
11 16
11 17
11 18
12 18
11 18
10 18
11 18
10 18
10 19
10 20
9 20
8 20
9 20
8 20
9 20
9 21
9 20
8 20
8 21
7 21
7 22
7 21
7 20
7 21
7 20
6 20
7 20
6 20
6 19
6 18
6 17
5 17
4 17
4 18
4 17
4 16
3 16
2 16
2 15
2 14
2 13
2 14
2 13
2 12
2 13
2 14
2 13
3 13
2 13
3 13
3 14
3 15
2 15
2 14
1 14
0 14
1 14
2 14
1 14
1 15
1 16
0 16
1 16
2 16
1 16
1 15
0 15
0 16
0 17
0 16
0 17
1 17
1 16
1 17
0 17
0 16
0 17
1 17
2 17
3 17
3 16
3 15
3 16
4 16
5 16
4 16
4 15
4 16
4 17
4 18
5 18
4 18
4 19
4 18
5 18
5 17
5 18
5 19
5 20
6 20
6 21
6 22
6 23
5 23
6 23
5 23
4 23
4 22
4 23
4 22
5 22
4 22
3 22
3 23
2 23
2 22
2 21
2 22
2 23
1 23
1 22
0 22
0 23
0 24
0 23
1 23
0 23
0 22
0 21
0 20
0 19
1 19
1 20
1 21
2 21
2 20
3 20
2 20
2 19
2 20
3 20
3 21
3 22
2 22
2 23
1 23
1 24
0 24
1 24
2 24
1 24
1 23
2 23
2 24
3 24
2 24
2 25
1 25
0 25
0 24
1 24
1 25
0 25
1 25
2 25
2 24
1 24
1 23
0 23
0 24
1 24
0 24
1 24
1 25
1 24
2 24
2 23
2 24
2 25
2 26
1 26
0 26
0 27
1 27
2 27
2 28
2 29
2 30
3 30
3 29
3 30
3 31
3 32
3 31
4 31
3 31
3 30
3 29
2 29
1 29
2 29
2 28
3 28
3 27
3 28
3 29
4 29
4 28
4 29
3 29
3 28
3 27
3 26
2 26
1 26
1 27
1 26
1 27
2 27
1 27
1 28
2 28
1 28
0 28
0 27
1 27
0 27
0 26
1 26
2 26
2 25
1 25
1 24
2 24
2 25
2 24
3 24
3 25
2 25
3 25
2 25
2 24
1 24
0 24
0 23
0 24
1 24
2 24
2 25
2 26
2 27
1 27
1 28
1 29
1 28
0 28
0 27
0 28
1 28
1 29
1 30
1 31
2 31
1 31
1 30
1 29
0 29
0 28
1 28
1 27
2 27
2 26
2 27
2 26
2 27
2 28
2 27
2 28
1 28
0 28
1 28
0 28
0 27
0 28
1 28
1 29
0 29
0 28
0 29
0 28
1 28
1 29
1 30
1 31
2 31
2 30
2 29
1 29
2 29
3 29
3 30
3 31
2 31
1 31
1 30
2 30
1 30
0 30
1 30
2 30
3 30
3 31
2 31
1 31
1 32
1 31
1 32
0 32
1 32
1 31
1 32
0 32
0 33
0 32
0 33
0 34
0 33
0 34
1 34
0 34
0 33
1 33
2 33
1 33
0 33
1 33
0 33
0 32
0 31
0 32
0 31
1 31
1 32
1 31
1 32
1 31
1 30
0 30
0 29
0 30
1 30
0 30
0 29
0 28
0 29
1 29
2 29
1 29
0 29
0 30
0 31
1 31
1 32
1 31
1 32
2 32
2 31
2 30
1 30
0 30
0 31
0 32
1 32
1 33
0 33
1 33
0 33
0 34
1 34
0 34
1 34
2 34
2 35
2 34
2 33
3 33
2 33
2 32
2 33
2 32
3 32
3 31
4 31
5 31
5 32
5 33
5 34
4 34
4 33
3 33
3 34
3 35
3 36
2 36
1 36
1 37
1 36
1 37
2 37
1 37
0 37
1 37
1 36
1 37
2 37
3 37
4 37
4 38
4 39
3 39
3 40
4 40
3 40
4 40
4 39
4 38
5 38
5 37
5 38
6 38
7 38
7 39
7 38
7 37
8 37
9 37
9 38
8 38
7 38
7 37
6 37
5 37
5 38
6 38
7 38
8 38
8 37
7 37
7 38
7 37
6 37
6 38
6 39
6 38
6 37
5 37
4 37
3 37
4 37
4 36
5 36
6 36
5 36
5 37
6 37
7 37
6 37
5 37
5 38
5 37
5 38
6 38
6 39
5 39
5 38
4 38
3 38
4 38
4 37
4 38
4 37
5 37
5 38
5 37
6 37
6 36
6 35
7 35
7 34
7 33
6 33
