0 0
1 0
1 1
1 0
2 0
1 0
1 1
2 1
1 1
0 1
1 1
1 2
1 1
1 0
2 0
3 0
3 1
3 0
3 1
3 0
3 1
2 1
2 2
2 3
2 2
2 1
2 0
3 0
3 1
3 0
3 1
3 2
2 2
2 1
2 0
2 1
1 1
1 0
1 1
1 2
1 3
1 4
1 5
1 4
1 3
2 3
1 3
2 3
2 2
2 1
2 2
2 3
3 3
4 3
4 2
5 2
6 2
7 2
8 2
8 3
9 3
10 3
11 3
10 3
10 2
10 3
9 3
10 3
10 2
11 2
11 1
12 1
13 1
12 1
11 1
10 1
9 1
8 1
8 0
8 1
7 1
7 2
7 1
7 2
7 1
7 0
7 1
8 1
7 1
6 1
7 1
8 1
8 2
9 2
10 2
9 2
9 1
8 1
8 0
9 0
10 0
10 1
10 0
10 1
10 2
10 1
9 1
9 2
8 2
8 1
7 1
7 0
6 0
6 1
6 0
7 0
7 1
6 1
6 0
7 0
6 0
6 1
6 0
6 1
6 0
6 1
6 2
7 2
8 2
8 1
7 1
6 1
5 1
5 2
5 3
4 3
5 3
4 3
4 2
4 1
4 2
4 3
4 4
4 3
4 4
5 4
6 4
6 5
6 4
6 3
6 4
5 4
5 5
6 5
6 4
6 3
5 3
5 4
6 4
5 4
5 3
6 3
7 3
6 3
5 3
5 2
5 3
6 3
6 4
7 4
8 4
9 4
9 3
10 3
11 3
11 2
11 3
11 2
11 1
10 1
11 1
11 0
12 0
12 1
12 0
11 0
11 1
11 2
10 2
10 1
11 1
11 0
11 1
11 0
12 0
13 0
14 0
14 1
15 1
14 1
14 2
13 2
14 2
14 3
15 3
14 3
14 4
14 5
15 5
14 5
15 5
16 5
16 6
16 5
16 4
17 4
17 5
18 5
17 5
18 5
18 4
18 5
19 5
20 5
20 6
19 6
20 6
19 6
18 6
19 6
18 6
18 7
19 7
19 8
19 7
20 7
20 6
19 6
18 6
19 6
18 6
19 6
20 6
21 6
21 5
21 4
22 4
21 4
20 4
20 5
21 5
21 6
21 7
21 6
21 5
22 5
21 5
21 6
20 6
21 6
20 6
20 5
20 4
21 4
22 4
22 3
22 4
22 5
23 5
23 4
22 4
21 4
21 5
20 5
19 5
19 4
19 3
19 4
19 3
18 3
17 3
17 2
17 1
18 1
19 1
19 2
20 2
19 2
20 2
20 3
20 2
20 3
20 2
20 1
20 0
20 1
21 1
21 2
21 1
20 1
20 0
20 1
20 2
19 2
18 2
19 2
20 2
20 1
20 0
20 1
20 0
20 1
19 1
18 1
18 0
19 0
18 0
19 0
19 1
19 2
20 2
20 1
21 1
22 1
21 1
21 2
21 1
22 1
23 1
22 1
21 1
21 0
22 0
21 0
20 0
20 1
20 0
19 0
20 0
19 0
19 1
19 0
20 0
21 0
20 0
21 0
21 1
21 2
22 2
22 3
22 4
23 4
23 5
22 5
23 5
22 5
22 6
22 5
22 6
22 5
23 5
22 5
22 4
22 5
22 4
22 3
21 3
21 4
22 4
23 4
23 3
24 3
24 2
25 2
26 2
26 3
27 3
27 4
27 3
27 4
28 4
28 3
29 3
29 4
29 5
30 5
31 5
32 5
32 6
32 5
31 5
31 4
32 4
32 3
31 3
31 4
31 5
31 4
32 4
32 3
32 2
32 1
31 1
32 1
33 1
34 1
34 2
34 3
33 3
34 3
34 2
35 2
35 3
35 4
35 5
36 5
36 4
37 4
38 4
37 4
37 3
37 2
38 2
38 1
39 1
39 0
38 0
38 1
38 0
38 1
37 1
38 1
39 1
39 2
40 2
41 2
42 2
43 2
44 2
45 2
46 2
45 2
46 2
46 3
45 3
44 3
44 4
44 5
43 5
42 5
43 5
43 6
42 6
42 5
43 5
43 4
43 5
43 6
42 6
41 6
40 6
40 5
39 5
39 4
39 5
39 6
38 6
38 5
38 6
39 6
38 6
37 6
36 6
36 7
35 7
35 8
35 9
36 9
37 9
36 9
36 8
36 9
36 8
37 8
37 9
38 9
39 9
39 8
39 7
39 8
39 7
38 7
37 7
38 7
37 7
37 6
37 5
36 5
35 5
34 5
33 5
33 6
32 6
31 6
31 5
32 5
32 6
32 5
33 5
33 6
32 6
33 6
33 5
33 4
32 4
32 5
33 5
34 5
34 6
34 5
35 5
36 5
35 5
36 5
36 4
36 5
35 5
35 6
34 6
34 7
34 6
34 7
35 7
35 6
35 5
36 5
35 5
35 6
36 6
36 7
35 7
35 6
34 6
34 7
33 7
34 7
35 7
35 8
36 8
36 9
36 10
36 11
36 12
36 13
37 13
37 12
37 11
36 11
36 10
36 9
36 8
35 8
34 8
34 9
35 9
35 8
35 9
36 9
36 10
37 10
38 10
39 10
40 10
39 10
39 9
40 9
39 9
39 10
40 10
40 9
40 8
41 8
42 8
43 8
43 7
42 7
42 8
42 9
43 9
43 10
42 10
41 10
42 10
42 9
43 9
44 9
44 8
45 8
44 8
45 8
44 8
45 8
44 8
44 7
44 8
44 9
43 9
42 9
43 9
42 9
42 10
42 11
42 10
41 10
40 10
41 10
42 10
42 11
43 11
42 11
43 11
43 12
44 12
43 12
43 11
42 11
43 11
43 12
44 12
44 13
44 14
44 13
45 13
45 14
45 15
46 15
47 15
46 15
46 14
45 14
45 15
45 14
46 14
46 13
45 13
45 14
45 13
45 14
45 13
46 13
46 12
47 12
47 13
48 13
49 13
50 13
50 14
50 13
50 14
50 15
49 15
48 15
48 14
48 15
48 14
47 14
48 14
48 15
47 15
47 14
47 13
47 12
46 12
45 12
45 11
45 10
44 10
44 9
45 9
44 9
43 9
42 9
41 9
41 8
42 8
42 7
42 8
43 8
43 7
43 8
43 9
43 8
43 7
42 7
43 7
43 8
42 8
42 7
43 7
43 8
44 8
43 8
44 8
44 9
45 9
46 9
45 9
45 8
45 7
46 7
45 7
46 7
45 7
45 8
45 7
45 6
45 7
44 7
43 7
43 8
44 8
44 7
43 7
42 7
42 6
41 6
41 5
41 6
41 7
41 8
41 7
40 7
40 6
40 7
41 7
40 7
40 6
40 7
40 6
40 7
40 6
40 5
39 5
40 5
40 6
39 6
39 5
38 5
37 5
36 5
36 6
37 6
38 6
39 6
38 6
38 7
38 6
39 6
39 5
39 6
40 6
40 7
40 8
40 9
40 10
41 10
42 10
42 9
41 9
42 9
43 9
43 10
43 9
43 8
44 8
45 8
46 8
45 8
45 7
46 7
46 6
46 7
47 7
46 7
46 6
45 6
45 5
45 4
45 5
45 4
44 4
44 3
45 3
46 3
45 3
45 4
44 4
45 4
45 5
46 5
46 6
46 5
46 6
47 6
47 7
46 7
45 7
44 7
45 7
44 7
43 7
43 8
44 8
44 9
45 9
44 9
44 10
44 9
44 8
43 8
44 8
44 7
43 7
43 6
43 5
42 5
41 5
42 5
41 5
40 5
39 5
39 6
39 5
39 6
40 6
40 5
39 5
39 6
40 6
40 5
40 4
39 4
38 4
38 5
38 4
38 5
38 4
38 3
38 2
39 2
40 2
41 2
41 1
41 2
42 2
43 2
43 3
44 3
44 2
44 1
44 0
44 1
43 1
43 0
43 1
42 1
41 1
42 1
41 1
41 0
41 1
41 2
42 2
43 2
44 2
43 2
43 1
44 1
45 1
45 2
45 3
45 4
44 4
44 3
44 4
44 5
43 5
42 5
42 4
41 4
42 4
41 4
41 5
42 5
43 5
42 5
41 5
41 6
42 6
41 6
41 7
42 7
41 7
41 8
42 8
42 9
42 8
43 8
44 8
44 7
44 6
43 6
43 5
43 6
43 7
42 7
42 6
42 7
41 7
41 8
42 8
41 8
40 8
41 8
41 9
42 9
42 10
43 10
43 9
43 8
44 8
44 7
44 6
45 6
45 5
45 6
46 6
46 7
46 6
46 5
47 5
46 5
47 5
47 6
47 5
47 6
46 6
46 5
45 5
45 4
45 5
46 5
46 4
46 3
46 4
47 4
46 4
47 4
46 4
45 4
46 4
46 5
47 5
46 5
45 5
45 4
45 3
44 3
43 3
43 2
43 3
42 3
43 3
43 2
42 2
42 1
42 0
41 0
42 0
41 0
41 1
41 0
41 1
41 2
41 3
42 3
43 3
42 3
42 2
43 2
42 2
42 1
42 2
41 2
40 2
39 2
40 2
41 2
41 1
40 1
