0 0
0 1
0 2
1 2
1 1
1 0
1 1
1 2
1 1
2 1
2 2
3 2
3 3
3 2
4 2
3 2
3 1
3 0
3 1
2 1
2 0
3 0
3 1
4 1
4 0
3 0
4 0
5 0
5 1
5 0
5 1
5 0
4 0
4 1
4 0
4 1
4 2
4 3
4 4
4 3
4 2
5 2
5 3
4 3
3 3
3 2
3 1
3 0
3 1
3 2
4 2
4 3
4 2
5 2
5 1
5 0
5 1
5 0
5 1
4 1
5 1
5 0
6 0
6 1
7 1
7 0
6 0
5 0
5 1
5 0
4 0
4 1
4 2
4 1
4 2
4 3
3 3
3 4
3 5
3 4
2 4
1 4
2 4
2 3
3 3
2 3
1 3
1 4
1 5
1 4
1 5
0 5
0 6
1 6
2 6
1 6
0 6
1 6
1 7
1 8
1 7
0 7
1 7
1 8
1 7
2 7
1 7
0 7
1 7
0 7
1 7
0 7
1 7
1 8
2 8
2 7
2 6
2 5
2 4
3 4
4 4
4 3
4 4
4 5
4 6
5 6
5 5
6 5
7 5
7 4
6 4
5 4
5 5
5 4
4 4
4 3
4 2
5 2
4 2
4 1
5 1
5 2
4 2
5 2
6 2
7 2
8 2
9 2
10 2
11 2
10 2
10 1
10 2
11 2
11 1
11 2
12 2
12 3
11 3
11 2
10 2
10 3
10 4
10 3
9 3
9 2
10 2
10 1
10 0
10 1
11 1
11 0
11 1
11 2
10 2
9 2
10 2
11 2
12 2
13 2
12 2
11 2
11 3
11 4
11 3
12 3
11 3
10 3
10 4
10 3
11 3
11 2
10 2
11 2
10 2
10 3
10 4
9 4
8 4
9 4
10 4
10 5
9 5
10 5
10 6
10 5
10 4
9 4
8 4
9 4
9 5
9 6
10 6
10 7
9 7
10 7
9 7
8 7
7 7
8 7
8 8
8 9
8 10
8 9
8 10
9 10
10 10
9 10
8 10
7 10
6 10
5 10
6 10
6 11
7 11
7 12
7 13
8 13
9 13
9 14
10 14
10 15
10 16
9 16
9 17
8 17
7 17
6 17
7 17
7 16
8 16
7 16
8 16
8 17
8 18
8 19
7 19
8 19
8 20
8 19
9 19
9 18
9 17
9 16
10 16
10 15
9 15
9 14
10 14
9 14
8 14
9 14
10 14
11 14
12 14
12 13
12 14
12 13
11 13
11 12
11 13
11 14
11 15
11 16
11 15
11 16
11 17
10 17
10 16
10 17
10 16
11 16
11 17
11 18
11 19
11 18
11 17
11 16
10 16
10 15
10 16
9 16
10 16
10 17
10 18
10 19
10 18
9 18
9 17
9 18
9 19
9 18
9 19
8 19
7 19
6 19
5 19
6 19
7 19
7 20
7 19
8 19
8 20
8 21
9 21
9 20
9 21
8 21
7 21
6 21
6 22
7 22
7 23
6 23
7 23
8 23
9 23
9 24
9 25
9 24
9 23
10 23
10 24
10 25
11 25
12 25
12 26
12 25
13 25
13 24
12 24
11 24
12 24
11 24
11 23
12 23
12 24
13 24
12 24
12 25
11 25
11 24
10 24
9 24
9 23
8 23
7 23
8 23
8 22
8 23
9 23
9 24
9 23
9 22
8 22
7 22
8 22
7 22
8 22
8 21
7 21
7 20
7 19
6 19
6 20
7 20
7 19
7 18
7 17
8 17
9 17
8 17
8 18
7 18
7 17
7 18
7 17
7 16
6 16
6 15
7 15
8 15
9 15
8 15
9 15
8 15
8 14
8 15
9 15
9 14
9 13
10 13
9 13
9 14
8 14
7 14
7 15
7 14
7 15
7 16
7 15
7 16
8 16
8 17
8 18
8 17
8 18
8 17
8 16
7 16
7 17
7 18
7 19
8 19
7 19
7 20
7 21
8 21
9 21
10 21
10 22
10 23
10 22
10 23
10 24
9 24
10 24
9 24
10 24
9 24
9 23
10 23
10 24
9 24
9 23
9 24
9 25
10 25
11 25
11 26
11 25
10 25
10 24
10 23
11 23
11 22
10 22
9 22
8 22
7 22
8 22
7 22
6 22
7 22
6 22
5 22
5 21
5 22
5 21
4 21
5 21
4 21
4 22
4 21
3 21
3 22
4 22
5 22
4 22
3 22
4 22
4 21
4 20
4 21
5 21
4 21
4 22
4 21
4 20
3 20
3 21
2 21
2 22
2 21
1 21
1 22
2 22
1 22
0 22
0 23
1 23
2 23
3 23
3 24
4 24
3 24
3 23
3 22
3 21
3 20
2 20
2 21
2 20
3 20
3 19
3 20
3 21
4 21
5 21
5 20
5 19
4 19
4 20
3 20
4 20
5 20
5 19
6 19
6 20
6 21
6 20
6 19
6 18
6 19
5 19
5 18
6 18
7 18
7 19
8 19
8 20
9 20
10 20
9 20
10 20
10 19
10 18
10 17
10 18
10 17
9 17
8 17
8 16
8 15
9 15
9 14
8 14
8 13
8 12
9 12
10 12
9 12
9 11
9 10
8 10
7 10
7 11
8 11
8 10
7 10
7 11
7 10
7 11
8 11
8 10
7 10
8 10
8 9
8 10
7 10
8 10
8 11
7 11
6 11
5 11
4 11
5 11
6 11
6 10
7 10
7 11
6 11
5 11
5 10
5 11
5 12
5 11
4 11
4 12
4 11
3 11
2 11
2 12
2 11
1 11
1 10
1 11
2 11
3 11
4 11
3 11
3 12
3 11
3 10
4 10
3 10
4 10
4 11
4 12
4 11
4 12
3 12
3 11
3 10
2 10
2 11
1 11
1 12
2 12
2 11
3 11
4 11
3 11
4 11
4 12
4 13
5 13
4 13
4 14
4 13
3 13
3 12
3 13
4 13
4 14
5 14
6 14
5 14
5 13
4 13
5 13
5 14
6 14
7 14
7 15
8 15
7 15
7 14
6 14
6 15
6 16
5 16
4 16
3 16
3 17
2 17
2 18
2 19
1 19
0 19
1 19
0 19
1 19
0 19
0 20
1 20
0 20
0 21
0 22
0 23
0 22
1 22
0 22
1 22
0 22
0 21
0 20
1 20
1 19
2 19
2 20
2 21
2 20
3 20
4 20
5 20
6 20
6 21
7 21
7 20
7 21
8 21
8 20
9 20
8 20
8 21
8 22
9 22
8 22
8 23
8 24
7 24
8 24
8 23
7 23
7 24
6 24
7 24
8 24
8 23
8 24
8 25
8 26
9 26
9 27
8 27
7 27
7 28
7 29
7 28
7 27
7 28
8 28
8 27
8 28
8 27
9 27
9 28
8 28
8 27
7 27
7 28
6 28
6 29
5 29
4 29
4 28
4 29
4 28
5 28
5 29
4 29
4 28
3 28
4 28
3 28
4 28
4 29
3 29
2 29
1 29
2 29
1 29
0 29
1 29
2 29
1 29
1 28
1 27
0 27
0 28
1 28
2 28
1 28
1 27
2 27
2 28
2 29
3 29
3 30
2 30
3 30
3 29
3 30
3 31
2 31
2 32
1 32
1 31
0 31
0 30
0 31
0 32
0 31
1 31
1 30
2 30
3 30
3 29
2 29
1 29
1 28
1 29
1 28
1 27
1 28
1 29
1 30
1 31
1 30
1 31
1 32
1 33
0 33
1 33
2 33
2 34
3 34
3 33
2 33
3 33
4 33
4 32
4 31
5 31
4 31
4 30
4 31
3 31
3 32
2 32
2 33
2 34
1 34
2 34
1 34
0 34
0 33
0 32
0 31
0 32
1 32
0 32
1 32
1 33
2 33
2 32
2 33
3 33
4 33
3 33
3 34
3 35
3 34
3 35
3 36
3 35
3 36
3 37
3 36
2 36
2 35
1 35
1 34
1 33
1 32
0 32
1 32
1 33
1 34
1 33
1 34
1 33
0 33
0 34
1 34
1 35
0 35
1 35
1 34
0 34
0 35
0 36
1 36
1 35
1 34
1 35
0 35
1 35
0 35
0 36
0 37
0 38
0 37
1 37
1 36
2 36
3 36
3 37
2 37
2 38
2 39
2 40
2 39
1 39
0 39
1 39
1 40
0 40
0 39
0 40
1 40
1 39
2 39
2 38
1 38
1 39
1 40
1 39
1 40
2 40
1 40
2 40
3 40
2 40
3 40
4 40
3 40
2 40
2 39
2 38
1 38
2 38
3 38
2 38
1 38
1 37
1 36
1 35
1 36
1 37
0 37
0 36
0 37
0 38
1 38
1 37
1 36
1 35
1 34
0 34
1 34
0 34
1 34
0 34
0 35
0 34
0 35
0 36
0 35
1 35
1 36
2 36
2 37
3 37
3 36
2 36
1 36
1 37
1 38
1 37
1 36
1 35
1 34
0 34
0 35
0 36
0 37
1 37
0 37
1 37
2 37
1 37
1 38
2 38
2 37
2 36
2 37
2 36
3 36
