0 0
1 0
0 0
1 0
0 0
0 1
0 2
1 2
0 2
0 3
0 4
0 3
0 2
1 2
2 2
3 2
3 1
2 1
1 1
1 0
1 1
1 0
0 0
0 1
1 1
2 1
1 1
2 1
2 2
2 3
2 2
2 1
2 2
1 2
0 2
1 2
1 3
0 3
1 3
1 2
0 2
1 2
1 3
1 4
1 3
0 3
0 2
0 3
0 2
1 2
1 3
1 4
0 4
1 4
1 3
1 2
1 1
1 2
1 3
2 3
1 3
2 3
1 3
2 3
2 2
2 1
1 1
1 0
1 1
2 1
1 1
1 2
0 2
1 2
0 2
1 2
1 1
1 0
1 1
1 2
2 2
1 2
2 2
2 1
2 0
2 1
2 2
2 3
3 3
2 3
2 4
3 4
4 4
5 4
4 4
3 4
2 4
2 3
2 2
1 2
2 2
2 1
1 1
1 0
1 1
0 1
0 2
1 2
1 1
2 1
2 2
2 1
2 2
3 2
2 2
3 2
3 1
4 1
3 1
4 1
4 0
4 1
3 1
2 1
1 1
1 2
0 2
0 3
1 3
0 3
0 2
0 3
1 3
2 3
1 3
1 4
0 4
1 4
1 5
2 5
1 5
1 4
0 4
0 3
0 2
1 2
1 3
0 3
1 3
0 3
1 3
1 2
0 2
0 1
1 1
0 1
0 2
0 3
1 3
0 3
0 4
1 4
1 3
1 2
1 3
2 3
3 3
4 3
3 3
3 4
3 3
2 3
1 3
1 4
0 4
1 4
1 5
1 4
1 5
1 6
0 6
0 7
0 8
1 8
2 8
2 9
3 9
3 10
2 10
1 10
0 10
1 10
1 9
0 9
1 9
1 8
1 9
1 8
1 9
0 9
1 9
2 9
2 8
2 9
2 10
2 11
2 12
2 13
2 14
2 13
2 12
2 13
3 13
3 12
3 11
2 11
1 11
1 10
1 9
1 10
2 10
2 11
1 11
1 10
1 11
1 12
1 13
1 14
0 14
1 14
2 14
2 15
1 15
1 14
0 14
1 14
1 15
1 14
1 13
2 13
2 14
2 13
2 14
1 14
1 15
1 16
2 16
2 15
2 14
3 14
3 15
3 14
3 13
2 13
1 13
1 14
2 14
2 15
1 15
1 14
1 15
1 16
1 15
1 14
1 15
1 14
1 13
2 13
2 12
2 11
1 11
1 12
1 13
0 13
0 14
1 14
1 15
1 14
2 14
1 14
1 13
2 13
1 13
0 13
1 13
1 12
0 12
0 11
1 11
2 11
3 11
2 11
2 12
2 11
2 12
2 11
2 12
2 11
2 12
2 13
2 14
1 14
0 14
0 13
1 13
1 14
0 14
0 13
1 13
1 14
1 15
1 16
2 16
1 16
0 16
1 16
1 17
2 17
3 17
4 17
3 17
2 17
3 17
3 16
2 16
2 17
1 17
1 16
1 17
1 18
1 17
0 17
0 16
0 17
1 17
1 16
2 16
3 16
3 15
3 14
2 14
2 13
2 12
1 12
2 12
2 11
1 11
0 11
0 10
1 10
1 11
2 11
2 12
3 12
4 12
5 12
5 13
6 13
7 13
8 13
8 12
9 12
10 12
10 11
10 12
9 12
8 12
7 12
7 11
7 12
6 12
6 13
7 13
6 13
7 13
7 12
7 13
8 13
8 12
7 12
8 12
8 11
8 10
9 10
9 9
9 8
10 8
10 9
10 10
10 9
9 9
9 8
9 7
10 7
9 7
9 6
10 6
9 6
10 6
9 6
8 6
8 5
7 5
6 5
6 4
7 4
7 5
7 4
8 4
7 4
6 4
6 3
6 4
5 4
6 4
7 4
8 4
9 4
9 3
9 2
10 2
10 3
11 3
12 3
13 3
14 3
13 3
14 3
13 3
13 4
12 4
13 4
14 4
14 5
15 5
15 6
16 6
16 7
16 8
16 9
15 9
16 9
17 9
18 9
18 10
17 10
18 10
17 10
16 10
17 10
17 11
17 12
17 13
17 14
17 13
16 13
15 13
16 13
17 13
17 14
16 14
17 14
17 15
17 14
16 14
17 14
18 14
17 14
17 13
17 12
17 13
17 14
16 14
17 14
17 15
16 15
16 14
16 15
17 15
17 14
18 14
18 15
19 15
18 15
19 15
18 15
18 16
18 15
18 16
18 17
17 17
17 16
17 17
18 17
18 16
18 15
18 14
18 15
17 15
17 16
16 16
17 16
17 17
17 18
18 18
19 18
18 18
19 18
19 19
18 19
18 18
19 18
19 19
19 18
19 19
18 19
18 20
18 21
19 21
19 22
20 22
19 22
20 22
20 23
20 24
19 24
19 25
19 24
19 23
18 23
18 24
17 24
17 25
16 25
15 25
15 24
14 24
13 24
14 24
14 25
13 25
13 24
12 24
12 25
12 24
12 23
13 23
14 23
14 24
15 24
15 25
16 25
15 25
15 24
16 24
16 23
16 24
16 23
15 23
16 23
16 22
15 22
16 22
15 22
14 22
15 22
16 22
17 22
17 21
16 21
17 21
17 20
17 21
17 20
16 20
15 20
16 20
17 20
17 21
16 21
16 20
16 19
16 20
16 21
17 21
18 21
17 21
16 21
16 20
16 21
17 21
17 20
18 20
19 20
19 21
19 22
19 21
19 20
18 20
17 20
17 21
17 22
17 21
17 22
18 22
18 21
18 20
19 20
18 20
17 20
17 19
17 20
18 20
18 19
19 19
20 19
19 19
20 19
21 19
22 19
22 18
22 19
23 19
23 18
24 18
25 18
25 17
25 16
26 16
27 16
27 17
27 18
28 18
28 17
28 18
27 18
28 18
27 18
28 18
28 17
28 16
29 16
28 16
29 16
29 15
29 16
30 16
29 16
30 16
30 15
31 15
30 15
30 14
29 14
29 13
28 13
28 12
28 11
28 10
28 9
28 8
27 8
27 7
27 8
26 8
25 8
24 8
24 9
23 9
24 9
24 10
24 11
25 11
25 12
24 12
23 12
23 13
23 14
23 13
22 13
21 13
22 13
22 12
21 12
20 12
19 12
18 12
19 12
20 12
20 11
19 11
18 11
18 10
18 9
18 8
18 7
17 7
17 6
17 5
17 6
16 6
15 6
15 5
16 5
16 4
17 4
16 4
16 3
16 4
16 5
17 5
17 4
17 5
17 4
18 4
18 5
18 4
18 5
17 5
17 4
18 4
18 5
17 5
18 5
18 6
19 6
19 5
20 5
20 4
19 4
19 3
20 3
19 3
19 2
20 2
19 2
18 2
18 1
17 1
18 1
19 1
20 1
20 2
20 1
20 2
20 1
20 2
19 2
19 3
19 2
19 3
18 3
18 2
17 2
17 3
17 2
18 2
17 2
17 3
18 3
17 3
17 2
16 2
16 1
15 1
15 2
15 3
15 4
16 4
16 5
16 6
17 6
18 6
17 6
16 6
16 5
16 6
16 7
16 8
17 8
18 8
19 8
19 7
19 6
19 5
19 4
19 3
19 2
20 2
20 3
20 4
20 5
21 5
21 6
21 5
22 5
22 6
22 7
22 8
21 8
20 8
20 7
19 7
19 6
20 6
20 7
19 7
18 7
17 7
16 7
17 7
16 7
16 6
16 7
17 7
17 8
17 7
17 6
17 7
17 6
17 5
16 5
16 6
15 6
16 6
16 5
16 6
16 7
17 7
17 6
17 5
18 5
17 5
18 5
18 6
18 7
18 8
18 7
18 8
18 9
17 9
18 9
17 9
18 9
18 10
18 11
18 10
19 10
19 9
20 9
20 8
20 7
20 8
19 8
20 8
21 8
21 9
22 9
21 9
22 9
23 9
24 9
24 8
24 9
24 8
24 7
24 8
23 8
23 7
23 8
22 8
22 7
22 6
22 5
23 5
23 4
24 4
24 5
24 4
25 4
24 4
24 3
23 3
22 3
21 3
21 2
21 1
21 2
21 1
21 0
20 0
19 0
19 1
19 2
19 1
19 0
18 0
18 1
17 1
18 1
19 1
20 1
20 2
20 3
19 3
20 3
21 3
22 3
23 3
24 3
25 3
24 3
25 3
24 3
25 3
26 3
25 3
26 3
26 2
26 1
25 1
26 1
26 0
26 1
25 1
25 0
24 0
24 1
25 1
25 0
26 0
27 0
27 1
28 1
28 2
27 2
27 1
27 2
27 3
26 3
26 4
26 5
27 5
26 5
26 4
27 4
26 4
26 5
27 5
26 5
25 5
24 5
24 6
23 6
23 5
22 5
23 5
23 6
22 6
22 5
22 6
22 7
22 6
22 7
21 7
21 6
20 6
21 6
20 6
20 5
20 6
20 7
21 7
21 6
21 5
22 5
22 4
23 4
23 5
22 5
22 4
22 3
22 4
22 5
22 6
23 6
24 6
23 6
23 7
22 7
21 7
21 6
21 5
20 5
20 4
20 5
20 4
21 4
22 4
23 4
