0 0
0 1
0 2
1 2
2 2
1 2
2 2
2 3
3 3
3 4
3 5
2 5
2 6
1 6
1 5
2 5
2 6
2 5
3 5
4 5
4 4
5 4
5 3
5 2
5 1
5 2
4 2
4 3
3 3
3 4
3 3
3 4
2 4
2 3
3 3
3 2
4 2
5 2
5 3
5 4
5 5
6 5
6 6
5 6
6 6
7 6
7 7
7 8
8 8
9 8
9 9
9 8
8 8
7 8
7 9
8 9
7 9
6 9
6 8
5 8
5 9
6 9
6 8
7 8
8 8
8 7
9 7
10 7
10 6
10 5
10 4
9 4
8 4
8 5
9 5
10 5
9 5
8 5
8 4
8 5
7 5
8 5
7 5
8 5
8 4
7 4
6 4
5 4
5 5
6 5
6 4
7 4
6 4
6 3
6 4
7 4
7 3
7 4
8 4
9 4
8 4
8 3
8 4
8 5
7 5
8 5
9 5
9 6
10 6
10 5
9 5
10 5
9 5
9 4
8 4
8 5
8 6
9 6
10 6
10 5
10 4
11 4
12 4
12 3
11 3
10 3
10 2
9 2
9 3
10 3
11 3
10 3
10 2
9 2
9 1
10 1
11 1
11 0
11 1
11 2
10 2
11 2
10 2
10 3
10 2
9 2
9 3
9 2
9 3
9 4
10 4
11 4
10 4
9 4
10 4
10 3
10 4
10 5
10 6
10 7
10 6
9 6
8 6
7 6
7 5
8 5
8 4
8 3
7 3
6 3
6 4
7 4
7 3
8 3
8 2
9 2
10 2
10 1
11 1
12 1
12 0
11 0
12 0
11 0
10 0
11 0
11 1
11 2
11 3
10 3
11 3
11 2
12 2
12 3
12 4
12 5
13 5
13 4
13 5
13 6
13 7
12 7
11 7
11 6
12 6
11 6
10 6
11 6
11 5
12 5
12 4
12 3
12 2
13 2
13 3
13 4
13 3
13 4
13 3
14 3
14 2
14 3
15 3
14 3
15 3
16 3
16 4
16 5
15 5
14 5
14 4
14 3
13 3
13 4
14 4
15 4
15 5
16 5
17 5
17 6
17 5
17 4
16 4
15 4
15 5
14 5
14 4
15 4
16 4
17 4
18 4
19 4
20 4
20 3
20 4
19 4
19 3
18 3
18 4
17 4
18 4
19 4
19 3
19 4
19 3
20 3
20 4
19 4
18 4
17 4
17 5
17 6
17 7
17 6
16 6
16 5
16 4
16 3
16 4
15 4
16 4
17 4
17 3
17 2
17 1
16 1
16 2
17 2
17 3
16 3
16 2
16 1
16 0
16 1
17 1
17 2
18 2
18 3
19 3
19 2
19 1
20 1
21 1
21 0
21 1
22 1
23 1
23 2
23 1
23 2
24 2
24 1
23 1
22 1
22 0
23 0
22 0
22 1
22 0
23 0
23 1
24 1
23 1
23 0
24 0
24 1
25 1
25 0
25 1
26 1
27 1
26 1
25 1
24 1
23 1
24 1
24 0
24 1
25 1
26 1
25 1
25 2
25 1
25 2
25 1
25 0
24 0
24 1
24 2
25 2
24 2
24 3
24 4
24 3
24 4
24 3
24 4
24 5
24 6
24 5
25 5
26 5
26 4
27 4
26 4
26 5
25 5
25 4
24 4
24 3
25 3
25 4
26 4
27 4
27 5
27 4
27 3
27 4
28 4
27 4
27 3
26 3
26 4
27 4
27 5
27 6
28 6
27 6
28 6
29 6
29 5
30 5
29 5
29 4
29 3
30 3
31 3
31 2
31 1
31 0
31 1
31 2
32 2
31 2
30 2
30 3
30 2
29 2
29 3
28 3
29 3
29 4
29 5
29 6
30 6
31 6
32 6
32 7
32 8
33 8
33 7
33 8
32 8
33 8
33 9
32 9
32 10
32 9
31 9
32 9
33 9
33 10
33 11
32 11
31 11
30 11
30 10
30 9
30 8
29 8
30 8
30 9
29 9
28 9
28 8
29 8
29 7
30 7
31 7
32 7
33 7
32 7
31 7
31 8
31 9
32 9
31 9
31 8
30 8
31 8
32 8
32 9
31 9
32 9
32 8
32 9
32 10
32 11
33 11
33 12
33 11
33 12
33 11
33 12
33 11
32 11
32 10
32 11
33 11
33 10
33 9
33 8
34 8
35 8
36 8
36 9
36 10
36 11
36 10
35 10
35 11
34 11
34 10
35 10
36 10
37 10
37 11
37 12
36 12
36 11
36 12
36 11
36 10
37 10
37 11
38 11
39 11
39 12
40 12
39 12
39 13
38 13
39 13
40 13
41 13
41 12
41 13
41 12
42 12
42 13
42 14
43 14
42 14
42 13
43 13
43 12
44 12
44 11
44 12
44 11
44 12
44 11
44 10
45 10
45 9
46 9
46 10
46 9
47 9
47 8
47 7
46 7
46 8
46 7
47 7
47 6
46 6
46 5
45 5
45 6
44 6
45 6
45 7
45 6
45 7
46 7
46 8
46 7
47 7
47 8
48 8
48 7
48 6
47 6
47 7
47 8
47 9
46 9
45 9
45 10
46 10
46 9
46 10
46 9
46 10
46 11
46 10
46 11
46 10
46 11
47 11
47 12
47 13
46 13
46 12
47 12
47 13
47 14
47 15
48 15
49 15
50 15
51 15
52 15
52 14
51 14
52 14
52 15
52 14
52 13
51 13
50 13
49 13
48 13
48 14
48 15
48 16
49 16
49 15
49 14
50 14
50 13
51 13
50 13
50 12
49 12
49 11
49 12
48 12
49 12
48 12
49 12
50 12
50 11
51 11
52 11
51 11
51 12
51 13
51 14
51 15
51 16
52 16
53 16
53 15
52 15
53 15
54 15
53 15
52 15
51 15
51 14
51 15
51 16
50 16
49 16
49 15
50 15
50 14
50 13
51 13
52 13
53 13
52 13
52 12
52 13
52 12
53 12
54 12
54 13
53 13
53 14
53 13
53 14
53 13
54 13
53 13
52 13
52 14
52 13
51 13
51 14
51 13
50 13
50 14
49 14
49 15
48 15
49 15
50 15
50 16
51 16
51 17
52 17
51 17
51 16
51 17
50 17
50 18
51 18
51 17
51 16
50 16
50 17
51 17
51 18
52 18
52 17
53 17
52 17
52 16
53 16
54 16
55 16
56 16
56 17
56 16
56 15
57 15
58 15
58 14
58 13
58 14
58 15
58 14
58 15
59 15
59 14
59 15
58 15
59 15
58 15
58 16
58 17
58 18
59 18
58 18
57 18
56 18
56 17
55 17
55 16
54 16
54 17
55 17
55 18
55 17
55 18
56 18
56 19
57 19
56 19
55 19
55 18
55 19
56 19
55 19
55 20
55 19
54 19
53 19
52 19
51 19
51 20
52 20
53 20
54 20
54 19
54 20
54 21
53 21
54 21
55 21
56 21
56 22
56 21
56 20
56 19
56 18
55 18
55 19
54 19
54 18
54 19
55 19
55 18
55 19
55 20
55 21
55 20
55 19
56 19
57 19
57 20
58 20
59 20
59 21
59 22
59 23
60 23
60 22
61 22
61 21
62 21
63 21
64 21
64 20
65 20
65 19
65 20
65 21
65 22
65 23
66 23
66 24
67 24
66 24
66 25
65 25
64 25
63 25
64 25
64 24
65 24
66 24
65 24
65 25
65 24
65 25
64 25
64 24
63 24
62 24
62 25
63 25
64 25
63 25
64 25
64 26
64 27
64 28
64 29
63 29
62 29
62 28
61 28
61 29
61 28
60 28
59 28
60 28
59 28
58 28
58 27
57 27
57 26
56 26
56 27
56 26
55 26
54 26
54 25
54 24
54 25
55 25
56 25
57 25
58 25
59 25
59 26
58 26
57 26
57 27
56 27
55 27
56 27
55 27
55 26
55 27
55 26
56 26
56 25
57 25
56 25
56 24
57 24
56 24
56 25
55 25
55 24
54 24
55 24
55 23
54 23
54 22
53 22
54 22
54 23
54 22
53 22
53 23
54 23
54 22
54 23
53 23
53 24
54 24
54 25
54 26
54 27
55 27
55 28
55 27
54 27
54 26
54 27
54 26
53 26
52 26
51 26
51 25
51 24
52 24
51 24
51 25
51 26
52 26
51 26
52 26
53 26
53 27
52 27
51 27
50 27
49 27
49 26
50 26
50 25
50 26
49 26
48 26
47 26
46 26
46 27
47 27
47 26
47 25
46 25
46 26
46 27
46 28
46 29
47 29
47 28
47 27
47 28
48 28
49 28
49 29
49 30
49 29
50 29
49 29
50 29
51 29
51 30
50 30
51 30
50 30
51 30
52 30
52 29
51 29
50 29
51 29
52 29
52 30
52 31
52 30
53 30
54 30
54 31
55 31
56 31
56 30
56 31
57 31
57 30
57 31
56 31
57 31
57 30
58 30
57 30
56 30
55 30
55 31
55 30
55 29
56 29
56 28
55 28
54 28
55 28
56 28
55 28
55 27
55 28
55 29
54 29
