0 0
1 0
1 1
2 1
2 2
1 2
1 3
0 3
1 3
1 2
0 2
1 2
1 3
1 4
1 5
1 4
0 4
0 5
1 5
1 6
1 7
2 7
3 7
3 6
2 6
2 5
3 5
4 5
3 5
4 5
4 4
3 4
2 4
3 4
4 4
5 4
5 3
5 2
6 2
6 3
6 4
6 5
5 5
4 5
4 6
4 7
4 6
5 6
5 5
4 5
4 6
4 7
4 8
5 8
4 8
4 9
4 8
3 8
2 8
2 7
3 7
3 6
4 6
3 6
3 7
2 7
3 7
2 7
2 6
3 6
3 5
2 5
2 4
3 4
3 3
3 2
2 2
2 1
1 1
0 1
1 1
1 0
2 0
1 0
1 1
0 1
1 1
1 0
1 1
1 0
1 1
1 0
2 0
2 1
1 1
0 1
1 1
1 0
0 0
1 0
1 1
1 0
2 0
2 1
1 1
2 1
3 1
3 0
3 1
4 1
4 2
4 1
4 0
3 0
3 1
3 2
3 3
2 3
3 3
3 2
3 1
3 0
3 1
2 1
2 0
2 1
1 1
0 1
0 2
1 2
1 1
0 1
1 1
1 0
0 0
0 1
1 1
2 1
1 1
2 1
2 0
2 1
1 1
1 2
0 2
1 2
1 1
1 2
1 3
1 2
2 2
2 3
3 3
3 4
2 4
2 5
1 5
0 5
0 4
1 4
1 3
0 3
1 3
2 3
2 4
2 5
3 5
2 5
1 5
0 5
1 5
2 5
2 4
1 4
2 4
2 5
1 5
1 4
1 5
2 5
2 6
2 5
2 4
3 4
3 3
4 3
3 3
2 3
2 4
2 3
2 2
3 2
3 1
2 1
1 1
2 1
3 1
3 2
4 2
5 2
6 2
6 1
5 1
5 2
5 3
5 4
6 4
6 3
5 3
5 2
6 2
5 2
5 1
5 2
4 2
3 2
2 2
2 3
3 3
3 2
3 1
3 0
3 1
3 2
3 1
3 2
2 2
1 2
1 3
0 3
1 3
1 2
0 2
0 3
0 4
0 3
1 3
2 3
2 2
2 1
2 0
1 0
0 0
1 0
1 1
2 1
1 1
2 1
2 2
2 1
2 0
2 1
1 1
2 1
1 1
1 0
1 1
1 2
2 2
1 2
2 2
2 3
2 4
2 3
1 3
1 2
0 2
0 3
0 2
0 1
1 1
1 0
1 1
1 0
1 1
0 1
0 2
1 2
2 2
3 2
3 3
3 4
2 4
2 3
1 3
0 3
0 2
0 1
0 2
1 2
1 3
1 4
1 3
0 3
0 4
0 3
1 3
1 4
0 4
1 4
2 4
2 3
1 3
1 2
0 2
0 1
1 1
1 0
1 1
0 1
1 1
0 1
1 1
1 2
2 2
2 1
3 1
2 1
3 1
2 1
2 0
2 1
2 2
1 2
1 1
0 1
1 1
1 0
1 1
1 0
0 0
1 0
0 0
1 0
1 1
2 1
1 1
0 1
0 0
0 1
0 0
0 1
1 1
0 1
1 1
0 1
1 1
1 0
0 0
1 0
2 0
2 1
3 1
3 0
4 0
3 0
3 1
3 0
3 1
2 1
2 0
2 1
3 1
2 1
2 0
2 1
2 0
1 0
0 0
1 0
2 0
1 0
1 1
2 1
3 1
4 1
4 0
3 0
2 0
2 1
2 0
2 1
2 0
2 1
1 1
0 1
1 1
1 0
1 1
1 0
0 0
0 1
1 1
1 0
2 0
3 0
3 1
4 1
4 0
4 1
4 0
4 1
4 2
4 3
3 3
2 3
3 3
4 3
5 3
4 3
4 2
4 3
3 3
4 3
4 2
5 2
5 1
4 1
4 0
4 1
4 2
4 3
4 2
3 2
3 3
3 2
3 1
3 2
3 3
3 2
3 3
3 4
3 3
2 3
1 3
1 2
1 1
2 1
2 2
2 1
2 0
1 0
1 1
2 1
2 2
3 2
2 2
3 2
4 2
4 1
4 0
4 1
4 2
5 2
5 1
4 1
3 1
3 0
2 0
3 0
2 0
3 0
2 0
2 1
1 1
1 2
1 1
1 0
1 1
1 0
1 1
2 1
3 1
4 1
5 1
6 1
6 0
5 0
6 0
6 1
6 0
6 1
7 1
7 0
8 0
7 0
7 1
6 1
6 0
5 0
4 0
4 1
5 1
5 2
6 2
5 2
5 3
5 2
4 2
3 2
3 1
3 2
2 2
3 2
3 3
2 3
2 4
3 4
4 4
4 5
5 5
4 5
3 5
3 4
4 4
3 4
4 4
5 4
6 4
6 5
7 5
7 4
7 3
7 4
7 3
7 4
7 5
8 5
8 4
9 4
8 4
7 4
7 3
7 2
7 3
6 3
7 3
8 3
7 3
8 3
8 4
8 3
9 3
9 2
9 3
10 3
10 2
11 2
11 1
10 1
11 1
12 1
11 1
11 2
11 1
12 1
11 1
11 2
10 2
10 3
10 4
10 3
10 2
10 1
10 0
9 0
10 0
10 1
10 0
9 0
8 0
9 0
9 1
9 0
9 1
9 2
9 3
9 2
8 2
7 2
6 2
5 2
6 2
7 2
7 3
7 2
6 2
6 3
6 4
6 5
5 5
4 5
4 6
4 7
4 6
4 5
5 5
4 5
4 6
4 5
5 5
6 5
7 5
6 5
5 5
5 6
5 5
5 6
5 5
6 5
6 4
5 4
5 3
6 3
6 4
7 4
8 4
7 4
7 5
6 5
6 4
5 4
4 4
4 3
3 3
2 3
2 2
3 2
2 2
3 2
2 2
3 2
4 2
4 3
4 4
5 4
6 4
7 4
7 3
8 3
9 3
8 3
7 3
7 2
6 2
5 2
5 3
6 3
6 2
7 2
6 2
5 2
5 1
5 2
5 1
4 1
3 1
3 2
4 2
5 2
5 1
6 1
6 0
6 1
6 2
7 2
7 3
8 3
7 3
7 2
8 2
7 2
6 2
7 2
6 2
7 2
7 3
7 4
7 5
7 6
7 7
7 8
7 9
7 10
7 9
6 9
6 8
7 8
7 9
8 9
8 10
8 9
8 8
8 7
8 6
7 6
7 7
7 8
7 9
8 9
8 10
8 11
9 11
9 12
9 13
10 13
9 13
9 12
9 13
9 12
9 13
9 14
10 14
11 14
10 14
10 13
10 12
10 11
10 12
10 13
11 13
11 14
11 15
11 16
11 17
12 17
12 18
13 18
12 18
11 18
10 18
10 19
9 19
8 19
8 20
8 21
8 20
9 20
9 19
10 19
10 18
10 17
10 18
11 18
11 19
11 20
11 21
11 22
11 21
12 21
11 21
11 22
10 22
10 21
11 21
10 21
10 20
11 20
11 21
12 21
12 20
11 20
12 20
12 19
12 20
13 20
13 21
13 22
12 22
13 22
13 23
12 23
11 23
11 22
10 22
11 22
12 22
13 22
14 22
15 22
15 21
16 21
17 21
18 21
18 20
18 19
19 19
18 19
19 19
20 19
20 20
19 20
19 21
19 20
18 20
18 21
17 21
18 21
19 21
18 21
19 21
18 21
17 21
16 21
15 21
15 20
15 21
16 21
15 21
15 20
15 19
16 19
16 20
17 20
17 21
17 22
17 21
17 22
18 22
18 21
17 21
17 20
17 19
17 18
17 19
17 20
17 19
17 18
17 17
16 17
16 16
16 15
15 15
15 16
15 15
15 14
16 14
15 14
15 15
14 15
15 15
15 14
14 14
15 14
15 15
15 16
16 16
17 16
18 16
19 16
18 16
19 16
18 16
18 15
18 16
18 15
19 15
20 15
20 16
21 16
20 16
21 16
22 16
22 17
21 17
20 17
19 17
19 18
20 18
19 18
20 18
21 18
21 17
22 17
21 17
21 16
22 16
22 17
21 17
21 18
21 19
21 20
21 21
21 20
22 20
21 20
20 20
20 21
20 20
20 19
20 20
20 21
20 20
19 20
20 20
20 19
19 19
19 18
19 19
19 18
19 17
19 16
18 16
18 15
19 15
19 14
18 14
18 13
17 13
16 13
16 14
16 13
16 12
16 13
16 14
16 13
16 14
15 14
15 13
15 12
15 11
15 12
16 12
15 12
15 13
16 13
15 13
14 13
15 13
15 12
16 12
17 12
17 11
17 12
17 11
16 11
15 11
14 11
14 10
13 10
13 11
14 11
14 12
13 12
14 12
14 13
14 14
13 14
13 13
13 12
12 12
11 12
11 11
11 12
12 12
11 12
11 13
10 13
10 14
9 14
9 13
9 12
10 12
11 12
11 11
11 12
11 11
11 10
11 9
12 9
13 9
13 10
14 10
13 10
14 10
14 11
14 12
14 13
14 12
14 11
15 11
16 11
16 12
16 11
16 12
16 13
17 13
17 14
17 13
16 13
17 13
17 12
17 13
16 13
15 13
15 14
15 13
14 13
14 14
13 14
