0 0
1 0
0 0
1 0
1 1
1 0
2 0
2 1
2 2
2 1
3 1
3 2
3 3
2 3
2 2
2 3
2 4
3 4
3 3
2 3
1 3
1 2
1 3
1 2
1 3
1 2
1 3
1 2
1 1
1 2
1 3
0 3
1 3
1 2
1 1
0 1
1 1
2 1
2 2
2 3
2 2
2 3
2 2
2 1
1 1
0 1
0 2
0 3
0 4
0 5
1 5
1 4
2 4
1 4
2 4
2 5
1 5
1 4
0 4
1 4
1 3
1 4
2 4
3 4
3 3
3 4
4 4
5 4
5 5
5 6
5 5
6 5
6 4
7 4
8 4
8 5
8 4
9 4
9 5
10 5
10 4
11 4
11 5
12 5
12 4
11 4
11 3
12 3
12 4
11 4
10 4
11 4
11 3
12 3
11 3
10 3
10 4
9 4
9 5
9 4
9 5
9 6
10 6
11 6
11 7
11 8
11 9
12 9
12 8
13 8
14 8
15 8
16 8
15 8
16 8
16 7
17 7
18 7
17 7
16 7
16 6
16 5
17 5
18 5
18 6
19 6
19 5
19 4
20 4
21 4
20 4
21 4
20 4
21 4
21 5
21 6
21 7
22 7
23 7
23 8
24 8
24 7
24 8
25 8
24 8
25 8
25 7
24 7
24 8
24 7
23 7
23 6
24 6
25 6
26 6
27 6
26 6
25 6
25 5
25 4
25 5
26 5
26 4
25 4
26 4
27 4
26 4
27 4
27 5
27 4
27 3
27 2
27 1
26 1
26 0
26 1
26 0
27 0
26 0
26 1
26 0
26 1
26 2
25 2
26 2
26 1
26 0
25 0
25 1
24 1
24 0
25 0
26 0
25 0
26 0
26 1
26 0
26 1
26 2
27 2
27 3
27 4
27 3
26 3
25 3
24 3
25 3
25 2
25 3
25 4
25 3
26 3
26 2
25 2
25 1
26 1
26 0
26 1
26 2
27 2
26 2
27 2
28 2
28 1
29 1
30 1
30 2
31 2
30 2
29 2
30 2
31 2
32 2
32 3
32 4
33 4
34 4
33 4
34 4
33 4
33 3
33 4
34 4
35 4
36 4
36 5
36 4
35 4
36 4
36 3
36 2
37 2
36 2
35 2
35 1
35 0
36 0
36 1
35 1
34 1
34 2
35 2
36 2
35 2
35 1
34 1
34 0
34 1
34 0
35 0
35 1
36 1
37 1
37 2
37 3
37 2
38 2
39 2
39 1
40 1
39 1
38 1
38 0
38 1
37 1
37 2
36 2
36 3
36 2
36 1
36 2
36 3
36 4
35 4
34 4
34 3
34 4
33 4
32 4
33 4
34 4
35 4
36 4
36 5
36 4
35 4
36 4
35 4
36 4
35 4
36 4
36 5
35 5
34 5
35 5
36 5
36 4
35 4
35 5
36 5
36 4
36 3
35 3
35 2
36 2
36 1
37 1
37 0
37 1
37 0
38 0
38 1
38 0
37 0
38 0
38 1
37 1
36 1
36 2
35 2
35 1
35 2
35 1
35 0
36 0
35 0
35 1
34 1
34 0
34 1
33 1
33 2
33 1
34 1
34 2
35 2
35 1
35 0
35 1
35 2
34 2
33 2
34 2
34 3
33 3
33 4
33 3
33 2
34 2
33 2
32 2
31 2
32 2
33 2
33 1
33 0
32 0
31 0
31 1
31 0
32 0
32 1
31 1
30 1
30 2
30 3
30 2
31 2
30 2
31 2
31 3
31 2
32 2
32 3
32 2
33 2
33 1
32 1
31 1
31 0
31 1
32 1
32 0
31 0
30 0
30 1
30 0
31 0
31 1
31 2
32 2
32 3
33 3
34 3
34 4
34 5
34 6
33 6
32 6
31 6
30 6
30 5
31 5
32 5
33 5
33 6
33 7
33 8
32 8
33 8
34 8
35 8
34 8
33 8
33 9
33 8
33 7
34 7
34 6
33 6
34 6
34 5
35 5
34 5
33 5
33 6
34 6
34 7
34 8
34 7
35 7
36 7
35 7
35 8
35 9
35 10
34 10
35 10
36 10
37 10
37 9
37 8
38 8
38 9
37 9
38 9
38 8
37 8
37 7
37 6
38 6
39 6
38 6
39 6
39 5
40 5
41 5
40 5
41 5
41 4
42 4
42 5
42 6
42 7
42 6
43 6
43 7
43 6
44 6
43 6
43 7
43 8
44 8
45 8
45 9
46 9
46 10
45 10
45 11
45 10
45 9
44 9
44 10
44 11
43 11
44 11
44 10
44 11
44 12
43 12
42 12
42 11
42 10
41 10
41 11
40 11
41 11
42 11
43 11
44 11
43 11
43 12
43 11
42 11
42 10
42 9
43 9
44 9
45 9
45 8
45 9
44 9
45 9
46 9
45 9
45 10
45 11
46 11
47 11
47 10
46 10
46 11
45 11
45 10
45 11
46 11
47 11
48 11
48 12
48 13
48 14
48 15
47 15
46 15
47 15
47 14
46 14
47 14
47 13
47 14
47 15
47 16
48 16
47 16
48 16
47 16
47 17
47 16
47 15
46 15
45 15
46 15
46 14
47 14
48 14
48 15
48 14
48 15
49 15
48 15
48 16
48 17
49 17
49 18
49 19
49 18
49 19
49 18
49 19
49 20
49 21
48 21
48 20
49 20
49 19
48 19
48 18
47 18
47 17
47 18
47 19
47 18
48 18
48 17
48 16
49 16
50 16
50 15
51 15
51 16
51 15
50 15
50 16
50 17
50 18
50 17
51 17
50 17
51 17
51 18
51 17
50 17
49 17
50 17
49 17
50 17
50 16
51 16
51 17
52 17
53 17
53 18
53 17
53 18
54 18
53 18
52 18
53 18
54 18
54 17
54 18
53 18
54 18
54 17
54 18
54 17
55 17
56 17
56 16
55 16
54 16
54 17
53 17
53 16
53 15
53 16
54 16
55 16
55 15
55 16
54 16
54 15
53 15
54 15
54 14
55 14
54 14
55 14
55 15
55 14
55 13
56 13
57 13
58 13
59 13
60 13
61 13
61 14
62 14
62 15
63 15
64 15
64 14
65 14
65 15
65 14
66 14
66 13
65 13
65 14
65 15
65 14
65 15
66 15
65 15
64 15
64 14
65 14
65 15
64 15
65 15
65 14
65 13
65 14
65 15
64 15
65 15
64 15
65 15
64 15
64 14
64 15
63 15
62 15
63 15
62 15
63 15
63 16
63 15
62 15
61 15
61 14
61 15
60 15
59 15
59 16
58 16
58 15
59 15
59 14
59 15
59 14
60 14
61 14
60 14
60 13
60 14
60 13
59 13
58 13
58 14
58 13
58 12
58 13
58 12
57 12
56 12
57 12
56 12
56 13
56 12
57 12
57 11
58 11
59 11
60 11
60 10
59 10
60 10
60 11
59 11
58 11
58 12
57 12
57 11
58 11
58 10
58 11
58 12
58 11
58 10
58 11
58 10
57 10
57 9
56 9
57 9
57 10
58 10
58 9
58 8
57 8
57 9
58 9
57 9
57 10
56 10
56 11
56 12
57 12
57 13
58 13
59 13
59 14
60 14
60 13
60 12
61 12
61 13
60 13
61 13
61 14
61 15
60 15
61 15
62 15
61 15
61 14
62 14
62 13
62 12
61 12
61 11
62 11
62 12
61 12
62 12
62 13
63 13
62 13
63 13
63 14
62 14
63 14
63 13
63 12
64 12
64 11
63 11
63 10
63 9
64 9
65 9
64 9
65 9
65 8
64 8
64 9
65 9
64 9
64 10
64 9
64 10
64 11
64 10
64 11
63 11
63 12
64 12
64 13
64 14
64 13
63 13
63 12
62 12
63 12
64 12
65 12
66 12
66 13
67 13
67 12
68 12
69 12
69 13
70 13
70 14
70 13
70 14
69 14
69 15
70 15
70 14
71 14
71 13
71 12
71 11
71 10
72 10
72 9
72 8
71 8
71 7
71 6
71 5
70 5
71 5
70 5
71 5
72 5
72 6
73 6
73 5
72 5
72 4
71 4
72 4
72 5
71 5
72 5
71 5
72 5
71 5
71 4
72 4
73 4
73 5
72 5
73 5
73 6
73 5
72 5
72 4
72 3
72 4
73 4
73 3
73 4
73 3
73 2
73 3
73 4
74 4
73 4
73 5
73 6
73 7
73 8
72 8
72 9
72 8
72 7
73 7
74 7
75 7
76 7
76 6
75 6
75 7
75 8
75 9
76 9
77 9
76 9
75 9
75 10
75 9
75 8
74 8
75 8
75 7
74 7
74 8
73 8
74 8
73 8
74 8
74 7
73 7
73 6
74 6
74 5
74 6
74 5
74 6
73 6
73 7
72 7
73 7
73 6
72 6
71 6
71 7
71 6
70 6
71 6
71 5
71 4
70 4
70 5
70 4
71 4
71 3
71 4
70 4
70 3
70 2
71 2
71 3
70 3
71 3
71 2
71 1
70 1
70 0
70 1
71 1
71 0
71 1
70 1
