0 0
0 1
0 2
0 3
1 3
0 3
1 3
0 3
1 3
1 2
2 2
1 2
2 2
2 3
2 2
2 1
1 1
0 1
1 1
0 1
0 2
1 2
0 2
0 3
0 4
0 3
0 2
1 2
1 3
1 2
2 2
2 3
2 2
3 2
3 1
3 2
3 1
3 2
3 1
3 2
2 2
3 2
3 3
4 3
3 3
3 4
3 5
2 5
2 4
2 5
1 5
1 6
0 6
1 6
1 7
1 6
1 7
0 7
0 6
1 6
1 5
0 5
0 4
0 3
0 4
0 3
1 3
1 2
1 3
1 2
1 1
1 0
0 0
0 1
0 0
0 1
1 1
1 0
1 1
0 1
0 2
0 1
1 1
2 1
2 0
2 1
2 0
2 1
3 1
3 0
3 1
4 1
4 0
4 1
3 1
3 2
3 3
3 2
4 2
5 2
5 1
6 1
5 1
6 1
5 1
5 2
4 2
4 3
4 4
4 5
3 5
4 5
5 5
4 5
4 6
5 6
5 5
5 6
6 6
6 5
7 5
7 6
7 7
7 6
7 7
6 7
5 7
5 6
4 6
4 5
3 5
3 6
2 6
3 6
3 5
4 5
4 6
5 6
5 7
4 7
3 7
3 8
4 8
3 8
3 9
3 10
4 10
5 10
4 10
4 9
5 9
6 9
6 8
6 9
6 10
6 11
6 10
6 9
5 9
5 10
4 10
3 10
3 11
4 11
4 10
5 10
5 9
6 9
6 10
5 10
4 10
4 11
4 12
4 13
5 13
6 13
6 12
7 12
7 13
7 12
8 12
9 12
9 13
9 14
9 13
8 13
7 13
7 14
8 14
8 15
9 15
10 15
10 16
9 16
10 16
9 16
9 15
9 14
10 14
10 13
10 14
10 13
10 12
10 13
10 12
10 13
11 13
12 13
12 14
13 14
14 14
14 15
14 16
13 16
13 17
13 16
14 16
13 16
13 15
13 16
12 16
13 16
13 17
13 18
13 19
13 18
12 18
12 17
12 16
11 16
11 15
11 16
11 17
12 17
12 16
13 16
13 17
14 17
14 16
14 15
14 16
13 16
12 16
12 15
11 15
10 15
10 16
10 17
9 17
10 17
10 16
9 16
8 16
9 16
8 16
9 16
9 15
9 16
10 16
9 16
9 15
9 16
9 15
9 14
9 15
9 14
9 15
9 16
9 15
9 16
9 15
9 16
8 16
7 16
8 16
8 17
9 17
9 16
9 17
9 16
8 16
8 15
9 15
10 15
9 15
9 16
10 16
9 16
10 16
10 17
9 17
9 16
10 16
10 15
9 15
9 14
9 15
9 14
8 14
9 14
9 13
9 12
8 12
8 11
7 11
8 11
9 11
9 10
9 11
9 10
9 9
10 9
10 8
11 8
12 8
13 8
14 8
14 9
14 8
15 8
14 8
14 9
13 9
14 9
14 10
14 9
13 9
13 10
13 9
12 9
11 9
11 10
12 10
13 10
12 10
13 10
13 9
14 9
13 9
14 9
14 8
15 8
15 9
14 9
13 9
12 9
11 9
11 8
10 8
9 8
9 9
9 8
9 9
8 9
7 9
6 9
6 10
6 11
7 11
8 11
7 11
8 11
8 10
8 9
9 9
9 8
10 8
9 8
9 7
10 7
9 7
9 6
9 7
10 7
11 7
10 7
10 8
10 9
11 9
11 10
11 11
12 11
12 12
12 13
12 12
13 12
13 11
14 11
13 11
13 10
14 10
14 11
14 10
14 11
14 12
15 12
14 12
13 12
13 13
13 12
13 11
14 11
13 11
12 11
12 10
12 11
12 12
12 11
13 11
12 11
11 11
12 11
11 11
12 11
12 12
11 12
11 13
11 12
12 12
12 11
12 12
12 11
11 11
10 11
11 11
12 11
13 11
13 10
13 11
13 10
13 9
13 8
13 9
12 9
12 10
13 10
14 10
14 9
13 9
13 10
13 9
13 10
13 11
14 11
14 10
14 11
13 11
13 12
13 13
13 14
12 14
12 13
11 13
11 12
12 12
11 12
12 12
11 12
11 11
11 12
11 11
12 11
12 12
12 11
13 11
12 11
12 10
13 10
14 10
14 9
13 9
13 10
14 10
14 9
14 8
14 7
15 7
15 8
15 9
15 10
16 10
17 10
16 10
16 11
17 11
18 11
19 11
19 12
19 13
18 13
18 14
18 13
17 13
16 13
15 13
16 13
15 13
14 13
13 13
13 12
13 13
12 13
12 12
12 13
12 12
12 13
13 13
13 12
13 13
12 13
11 13
11 12
11 11
11 10
10 10
11 10
10 10
10 11
11 11
12 11
12 12
12 11
12 10
11 10
11 11
11 10
12 10
12 9
11 9
12 9
13 9
14 9
14 8
14 7
14 6
14 5
14 6
15 6
15 5
15 6
15 5
16 5
16 6
17 6
17 7
17 8
17 7
17 6
18 6
18 7
17 7
17 6
16 6
16 5
16 6
17 6
17 7
17 6
18 6
18 7
18 8
18 7
17 7
17 6
17 5
18 5
19 5
19 6
19 5
19 4
20 4
20 3
21 3
21 2
21 1
21 2
21 1
21 2
20 2
19 2
19 3
18 3
18 4
19 4
19 5
18 5
18 4
19 4
20 4
21 4
21 5
22 5
22 4
22 5
22 4
23 4
23 3
23 2
24 2
25 2
26 2
27 2
27 3
28 3
28 2
29 2
29 1
28 1
28 2
29 2
29 1
28 1
29 1
29 2
29 3
29 2
28 2
28 1
28 0
27 0
27 1
28 1
28 2
28 1
27 1
28 1
27 1
28 1
27 1
26 1
27 1
28 1
28 0
29 0
29 1
29 0
29 1
28 1
27 1
27 2
28 2
27 2
27 3
28 3
28 2
27 2
26 2
26 3
25 3
25 2
25 1
24 1
25 1
25 2
25 3
26 3
26 2
26 3
25 3
24 3
25 3
25 4
25 5
26 5
26 4
26 5
26 6
26 5
26 4
25 4
26 4
25 4
26 4
26 3
25 3
26 3
26 2
25 2
24 2
23 2
22 2
22 3
22 2
22 3
23 3
23 4
22 4
22 3
21 3
22 3
23 3
22 3
23 3
23 2
23 1
23 0
22 0
22 1
22 0
23 0
23 1
22 1
23 1
22 1
21 1
21 0
22 0
22 1
21 1
21 0
21 1
20 1
20 2
20 3
19 3
19 4
18 4
18 5
17 5
17 4
16 4
16 3
16 4
16 5
15 5
15 6
14 6
14 7
14 8
14 9
15 9
14 9
14 8
14 7
15 7
15 8
15 7
14 7
15 7
16 7
16 8
16 9
15 9
15 8
16 8
16 7
16 8
16 9
15 9
14 9
13 9
12 9
11 9
12 9
13 9
14 9
14 8
14 9
14 10
15 10
16 10
16 9
17 9
17 8
17 7
17 6
18 6
19 6
18 6
17 6
17 5
17 6
17 7
18 7
18 8
17 8
18 8
18 7
19 7
19 8
20 8
21 8
21 7
20 7
20 6
19 6
20 6
20 5
19 5
19 6
19 7
18 7
18 8
18 9
19 9
18 9
18 10
18 9
19 9
18 9
18 10
17 10
16 10
17 10
17 9
17 8
17 7
16 7
17 7
17 6
17 7
18 7
18 6
18 7
18 6
19 6
18 6
19 6
18 6
18 5
17 5
17 4
17 5
16 5
16 6
17 6
18 6
18 7
19 7
19 6
20 6
21 6
21 5
22 5
23 5
23 4
23 5
24 5
23 5
23 6
23 5
22 5
22 4
22 5
22 4
23 4
23 3
22 3
23 3
22 3
23 3
24 3
24 4
25 4
26 4
26 3
26 4
27 4
27 3
28 3
28 2
28 3
27 3
27 4
26 4
26 5
27 5
26 5
26 6
26 7
25 7
25 6
25 7
25 8
25 9
26 9
26 10
25 10
25 9
26 9
25 9
24 9
24 10
25 10
25 11
24 11
25 11
24 11
24 12
23 12
22 12
23 12
23 13
23 14
24 14
23 14
23 13
23 14
23 13
24 13
24 14
23 14
23 15
22 15
22 16
23 16
22 16
22 15
22 14
22 13
21 13
22 13
21 13
22 13
21 13
21 12
21 13
21 12
21 11
21 12
21 13
22 13
22 12
22 11
22 10
21 10
20 10
21 10
20 10
21 10
20 10
20 11
21 11
21 12
22 12
22 13
23 13
23 12
24 12
24 11
24 12
23 12
24 12
24 13
24 12
23 12
23 13
24 13
23 13
22 13
22 14
22 13
22 12
21 12
21 11
22 11
22 12
22 13
23 13
23 12
23 13
22 13
21 13
21 14
21 15
21 16
21 17
22 17
23 17
24 17
23 17
22 17
21 17
21 18
21 19
20 19
20 20
19 20
19 19
20 19
20 18
20 17
21 17
20 17
19 17
18 17
18 18
17 18
16 18
15 18
15 19
14 19
15 19
15 18
14 18
15 18
15 17
16 17
16 18
15 18
