0 0
1 0
0 0
1 0
0 0
0 1
1 1
0 1
1 1
1 2
0 2
1 2
2 2
3 2
3 3
3 4
3 5
2 5
1 5
1 4
2 4
1 4
0 4
1 4
1 5
0 5
1 5
1 4
1 5
1 4
2 4
2 3
2 2
1 2
0 2
1 2
2 2
3 2
3 3
2 3
1 3
2 3
2 2
3 2
3 3
3 2
3 1
2 1
1 1
0 1
0 0
1 0
2 0
1 0
1 1
0 1
1 1
2 1
1 1
2 1
1 1
1 2
1 3
0 3
1 3
1 4
0 4
0 3
1 3
2 3
2 4
2 5
3 5
3 4
3 3
2 3
2 4
2 3
2 2
1 2
1 1
0 1
1 1
0 1
1 1
1 2
1 3
2 3
2 4
2 3
1 3
1 2
2 2
1 2
2 2
2 1
1 1
1 2
0 2
1 2
1 1
1 2
1 3
2 3
2 4
2 3
2 2
1 2
2 2
3 2
3 3
3 2
4 2
3 2
4 2
4 1
5 1
6 1
6 0
7 0
7 1
6 1
5 1
5 2
5 3
5 4
5 5
6 5
6 6
6 7
7 7
6 7
6 8
5 8
5 7
4 7
4 8
4 9
4 10
3 10
3 11
2 11
2 12
3 12
3 11
2 11
3 11
3 12
4 12
3 12
4 12
4 13
4 14
5 14
5 15
4 15
4 16
4 17
3 17
3 18
3 17
3 16
4 16
3 16
2 16
2 17
2 18
3 18
3 19
3 18
2 18
2 17
3 17
2 17
2 18
1 18
2 18
1 18
1 17
1 18
0 18
0 17
0 18
0 19
1 19
0 19
0 20
0 21
1 21
2 21
2 22
2 23
2 22
2 21
1 21
0 21
1 21
1 22
2 22
3 22
3 21
2 21
3 21
3 20
3 21
3 22
3 23
3 22
2 22
2 23
2 24
2 25
1 25
1 26
2 26
3 26
3 27
4 27
3 27
2 27
3 27
4 27
4 28
3 28
3 29
2 29
2 28
2 29
2 28
2 29
2 28
2 29
3 29
4 29
4 28
3 28
2 28
1 28
1 29
1 30
1 31
0 31
0 30
0 29
1 29
2 29
1 29
1 28
1 29
1 30
0 30
1 30
2 30
1 30
1 29
0 29
1 29
2 29
3 29
2 29
2 30
1 30
2 30
1 30
1 29
1 30
1 31
2 31
2 32
3 32
2 32
2 33
3 33
4 33
4 34
4 33
3 33
2 33
3 33
4 33
5 33
4 33
5 33
4 33
4 32
4 33
4 32
5 32
5 33
6 33
7 33
6 33
7 33
6 33
6 32
5 32
4 32
4 31
4 30
3 30
4 30
4 31
4 30
4 31
5 31
4 31
4 30
5 30
4 30
4 31
4 32
4 31
4 32
5 32
6 32
7 32
6 32
5 32
5 31
6 31
6 32
5 32
5 33
5 34
4 34
4 35
4 36
3 36
2 36
3 36
4 36
3 36
2 36
1 36
1 37
2 37
2 38
2 39
2 38
1 38
2 38
2 37
2 38
2 39
2 40
2 41
2 42
2 43
1 43
2 43
2 42
3 42
2 42
1 42
1 43
0 43
0 44
1 44
1 45
2 45
1 45
2 45
2 44
3 44
4 44
4 43
4 44
4 43
5 43
4 43
4 42
5 42
6 42
5 42
5 41
5 40
5 39
6 39
6 40
5 40
6 40
6 39
6 40
5 40
5 39
5 40
5 39
5 40
5 39
6 39
6 40
6 41
6 42
6 41
5 41
5 40
6 40
6 39
6 40
5 40
6 40
6 41
5 41
6 41
6 40
7 40
7 39
8 39
9 39
9 40
10 40
9 40
9 39
9 38
8 38
8 39
7 39
7 38
7 39
6 39
6 40
7 40
6 40
6 41
5 41
4 41
4 42
4 43
5 43
4 43
4 42
4 41
4 40
4 41
3 41
2 41
3 41
3 42
3 41
3 42
4 42
4 43
4 44
4 43
3 43
3 44
3 45
3 44
2 44
2 45
2 44
2 45
3 45
4 45
3 45
2 45
2 46
1 46
1 47
1 46
2 46
2 45
2 46
1 46
0 46
0 47
1 47
1 48
0 48
1 48
2 48
2 49
3 49
3 50
3 49
2 49
2 50
2 49
1 49
2 49
2 50
2 49
1 49
1 48
0 48
0 47
0 48
0 49
0 50
0 51
0 52
0 51
1 51
1 52
1 53
1 52
0 52
1 52
2 52
1 52
0 52
1 52
2 52
2 51
2 50
1 50
1 49
1 50
0 50
0 51
0 50
0 51
1 51
0 51
0 50
0 49
0 50
1 50
1 49
0 49
1 49
1 48
2 48
1 48
1 49
1 50
0 50
0 49
1 49
0 49
1 49
2 49
1 49
0 49
1 49
1 48
1 49
0 49
0 50
0 51
1 51
0 51
1 51
0 51
1 51
0 51
1 51
1 52
1 53
2 53
2 52
2 51
3 51
4 51
4 52
3 52
3 51
2 51
1 51
1 50
0 50
0 49
0 48
1 48
1 49
0 49
0 50
0 51
0 52
1 52
1 51
1 50
2 50
1 50
1 51
1 52
2 52
3 52
3 53
3 52
2 52
1 52
2 52
2 53
3 53
3 52
4 52
4 51
4 50
4 51
4 50
5 50
4 50
3 50
3 51
4 51
3 51
2 51
1 51
0 51
1 51
2 51
2 52
2 51
2 52
3 52
2 52
1 52
0 52
1 52
2 52
2 53
2 52
2 51
3 51
3 50
4 50
4 49
3 49
2 49
1 49
1 50
0 50
1 50
1 49
1 50
1 51
2 51
3 51
3 52
3 51
4 51
4 52
5 52
4 52
5 52
5 53
4 53
4 52
3 52
2 52
1 52
1 51
0 51
0 52
0 53
0 54
1 54
0 54
0 53
0 52
0 53
0 54
1 54
2 54
2 53
3 53
3 54
3 55
3 56
3 55
3 56
2 56
3 56
2 56
3 56
2 56
2 57
1 57
1 56
1 57
1 56
1 57
1 56
0 56
1 56
2 56
2 55
2 54
3 54
4 54
4 53
3 53
4 53
4 54
3 54
4 54
3 54
3 53
2 53
3 53
3 52
4 52
4 51
4 50
4 49
3 49
2 49
3 49
3 48
4 48
4 47
5 47
4 47
4 48
3 48
3 47
4 47
4 48
4 49
5 49
5 48
4 48
3 48
3 49
4 49
4 50
3 50
2 50
2 51
2 50
2 49
3 49
2 49
2 48
3 48
3 47
3 46
2 46
1 46
0 46
1 46
2 46
2 47
2 48
3 48
4 48
3 48
3 49
2 49
2 50
3 50
3 51
3 52
4 52
4 53
3 53
3 54
3 55
4 55
3 55
2 55
1 55
1 54
1 53
2 53
2 52
2 53
2 54
2 55
2 56
2 55
1 55
0 55
1 55
2 55
2 54
1 54
0 54
1 54
1 53
2 53
3 53
2 53
1 53
1 54
0 54
0 53
1 53
2 53
3 53
2 53
1 53
2 53
3 53
2 53
2 52
3 52
3 51
3 50
3 49
4 49
4 48
3 48
3 47
3 48
3 49
3 50
3 51
2 51
3 51
4 51
3 51
3 50
2 50
2 51
3 51
4 51
4 52
4 51
3 51
4 51
4 50
3 50
3 49
2 49
2 48
2 47
1 47
2 47
2 48
1 48
1 49
1 48
1 49
2 49
2 50
2 49
3 49
3 50
4 50
4 51
3 51
3 52
4 52
4 51
3 51
3 50
2 50
2 49
2 50
2 51
2 52
1 52
0 52
1 52
2 52
1 52
2 52
2 53
1 53
1 54
1 53
2 53
3 53
4 53
5 53
6 53
6 54
6 55
6 56
6 55
5 55
5 54
5 55
5 56
5 57
6 57
6 58
5 58
6 58
7 58
7 59
6 59
5 59
5 58
6 58
6 59
7 59
8 59
8 58
8 57
8 56
9 56
10 56
11 56
12 56
13 56
12 56
12 55
13 55
14 55
14 54
15 54
15 53
14 53
13 53
13 54
12 54
13 54
13 55
12 55
12 54
12 53
12 54
12 53
12 52
13 52
13 51
13 52
12 52
13 52
14 52
15 52
16 52
16 53
15 53
14 53
15 53
15 52
15 51
14 51
14 52
14 51
13 51
14 51
13 51
13 50
12 50
11 50
11 51
11 52
12 52
12 53
12 52
13 52
13 51
13 52
13 53
12 53
13 53
14 53
15 53
16 53
16 54
17 54
16 54
16 55
16 56
16 55
17 55
16 55
16 56
16 55
15 55
14 55
13 55
13 56
13 55
13 56
13 57
13 56
13 57
12 57
13 57
14 57
14 58
14 57
14 56
15 56
15 55
15 56
15 55
15 56
14 56
14 57
14 56
13 56
13 55
12 55
12 56
11 56
10 56
9 56
9 57
9 56
9 55
9 54
9 53
9 52
10 52
10 51
10 52
9 52
9 53
9 52
10 52
9 52
8 52
8 53
