0 0
0 1
0 0
1 0
0 0
0 1
0 0
1 0
2 0
1 0
2 0
2 1
1 1
2 1
2 0
2 1
1 1
0 1
1 1
2 1
3 1
3 0
2 0
2 1
3 1
2 1
2 0
2 1
2 0
2 1
3 1
3 0
3 1
2 1
2 2
2 1
1 1
0 1
1 1
1 0
1 1
0 1
0 0
0 1
0 0
0 1
1 1
1 2
1 3
1 2
1 1
2 1
1 1
1 0
1 1
2 1
3 1
4 1
5 1
6 1
7 1
8 1
8 2
8 3
9 3
9 2
9 3
9 4
9 3
10 3
11 3
12 3
13 3
14 3
15 3
15 2
15 1
15 0
14 0
13 0
14 0
14 1
14 2
13 2
14 2
14 3
14 2
13 2
12 2
13 2
13 1
12 1
12 0
12 1
12 2
11 2
11 1
12 1
12 2
12 1
13 1
13 0
12 0
12 1
11 1
11 0
12 0
12 1
13 1
13 0
13 1
13 2
14 2
15 2
14 2
13 2
12 2
12 1
13 1
14 1
14 2
14 1
14 2
15 2
14 2
14 3
15 3
14 3
14 2
14 3
13 3
13 2
13 3
13 4
14 4
13 4
12 4
12 5
12 6
11 6
11 5
11 6
11 7
10 7
10 6
11 6
12 6
12 5
12 4
11 4
11 5
10 5
10 4
10 5
10 6
10 7
10 6
9 6
9 7
9 8
8 8
7 8
8 8
7 8
7 7
7 8
7 9
7 8
7 7
7 6
7 5
6 5
6 6
6 7
7 7
7 8
6 8
6 7
5 7
5 6
5 5
6 5
5 5
4 5
3 5
2 5
1 5
0 5
1 5
1 4
2 4
3 4
3 5
4 5
3 5
4 5
4 6
4 5
3 5
2 5
3 5
4 5
4 6
3 6
3 7
3 8
2 8
3 8
4 8
4 9
4 8
3 8
3 7
3 8
3 9
4 9
4 8
3 8
2 8
3 8
2 8
1 8
0 8
0 7
0 8
0 9
0 8
1 8
1 9
1 8
1 7
2 7
2 6
1 6
0 6
0 7
1 7
0 7
0 6
1 6
1 7
1 8
1 9
0 9
1 9
2 9
1 9
0 9
1 9
1 8
1 7
1 8
1 9
1 10
1 11
2 11
2 12
2 11
2 10
2 9
2 8
2 9
3 9
3 10
4 10
5 10
5 11
5 12
4 12
4 11
3 11
2 11
2 10
2 11
2 10
2 11
3 11
2 11
1 11
2 11
2 10
2 11
1 11
2 11
1 11
0 11
1 11
2 11
3 11
3 12
3 11
4 11
4 10
5 10
6 10
5 10
5 11
6 11
6 12
6 11
7 11
7 10
8 10
8 9
8 8
7 8
8 8
8 9
8 10
8 11
8 12
7 12
8 12
9 12
9 13
9 14
10 14
10 13
9 13
9 14
9 15
9 16
9 17
8 17
7 17
8 17
7 17
7 18
7 17
6 17
5 17
4 17
5 17
5 16
5 17
6 17
5 17
5 18
5 19
6 19
7 19
7 18
8 18
7 18
7 19
7 18
7 19
7 18
7 17
8 17
8 16
8 15
8 14
7 14
6 14
5 14
6 14
7 14
7 15
6 15
7 15
6 15
6 14
6 13
6 12
7 12
6 12
6 13
7 13
8 13
9 13
10 13
10 12
9 12
9 11
8 11
8 12
7 12
7 13
7 12
7 11
7 12
7 11
7 12
7 13
7 14
6 14
7 14
6 14
6 15
6 16
5 16
4 16
4 15
5 15
4 15
3 15
2 15
2 14
3 14
2 14
3 14
3 13
3 12
3 11
2 11
1 11
0 11
0 12
0 13
1 13
0 13
0 14
1 14
0 14
0 15
1 15
2 15
1 15
0 15
0 14
0 13
1 13
2 13
3 13
3 12
2 12
2 13
1 13
1 12
1 13
0 13
0 14
1 14
0 14
1 14
2 14
2 15
2 14
2 13
2 12
1 12
1 13
1 12
0 12
1 12
2 12
2 13
1 13
0 13
0 14
1 14
0 14
1 14
0 14
0 15
1 15
2 15
1 15
1 14
0 14
0 15
0 16
1 16
0 16
1 16
0 16
0 15
1 15
1 14
1 13
0 13
0 14
1 14
0 14
0 15
0 16
1 16
1 17
0 17
1 17
1 16
2 16
1 16
1 17
1 18
0 18
1 18
2 18
2 19
3 19
2 19
2 20
2 19
3 19
3 20
3 21
3 20
3 19
3 18
3 17
2 17
1 17
1 18
0 18
0 19
1 19
1 20
2 20
2 21
2 22
3 22
2 22
1 22
1 21
2 21
1 21
0 21
1 21
2 21
2 22
3 22
4 22
4 23
4 24
5 24
6 24
7 24
7 23
6 23
6 24
6 25
7 25
8 25
7 25
6 25
6 26
6 25
6 26
7 26
8 26
8 25
7 25
8 25
7 25
8 25
7 25
7 24
8 24
8 23
9 23
9 22
10 22
9 22
8 22
9 22
9 21
9 22
9 23
8 23
8 24
9 24
9 25
10 25
10 24
10 25
10 26
10 27
10 28
10 29
10 30
11 30
11 29
12 29
12 28
11 28
11 27
11 28
10 28
9 28
9 27
10 27
10 28
9 28
8 28
9 28
10 28
11 28
11 27
12 27
12 28
12 27
12 26
12 27
13 27
13 26
13 25
13 24
13 23
13 24
13 25
12 25
12 24
12 23
11 23
10 23
10 22
11 22
10 22
10 23
9 23
9 22
8 22
9 22
9 21
8 21
8 22
7 22
7 23
6 23
7 23
8 23
7 23
7 24
8 24
7 24
7 25
8 25
7 25
7 24
8 24
9 24
8 24
7 24
7 23
7 24
7 25
8 25
9 25
8 25
8 26
8 27
8 26
8 27
8 28
7 28
6 28
5 28
4 28
4 29
4 30
5 30
5 31
6 31
7 31
8 31
8 30
8 31
7 31
8 31
7 31
7 30
7 31
7 32
8 32
9 32
9 33
10 33
11 33
10 33
11 33
11 34
12 34
12 33
13 33
12 33
12 32
12 31
12 30
11 30
10 30
10 29
10 28
10 29
9 29
9 28
8 28
7 28
6 28
5 28
5 29
6 29
7 29
7 30
6 30
5 30
5 29
6 29
5 29
5 30
5 31
5 30
5 31
5 32
4 32
4 31
4 30
4 31
3 31
3 30
3 29
3 28
4 28
4 27
4 26
3 26
4 26
3 26
2 26
2 25
2 26
2 25
1 25
1 26
1 27
1 26
0 26
1 26
1 27
1 28
2 28
2 29
2 28
2 29
1 29
1 28
1 29
0 29
1 29
0 29
1 29
0 29
1 29
1 28
1 27
1 26
2 26
3 26
3 25
4 25
4 26
4 27
4 28
3 28
2 28
3 28
2 28
3 28
4 28
5 28
4 28
5 28
5 27
5 28
4 28
4 29
4 30
4 29
5 29
6 29
5 29
5 30
5 29
5 30
5 31
4 31
4 30
3 30
4 30
4 29
4 30
3 30
2 30
2 29
2 28
3 28
2 28
3 28
3 29
4 29
5 29
6 29
7 29
7 28
6 28
7 28
7 27
7 28
7 27
7 26
7 25
6 25
5 25
5 26
5 25
6 25
7 25
8 25
7 25
7 26
7 27
8 27
8 26
8 27
8 28
8 29
9 29
10 29
9 29
9 28
9 29
9 30
10 30
9 30
10 30
10 31
9 31
8 31
8 32
8 31
8 32
7 32
7 31
6 31
5 31
5 30
4 30
5 30
4 30
5 30
5 29
5 30
6 30
5 30
5 31
5 32
5 33
6 33
6 32
5 32
5 31
4 31
5 31
6 31
6 30
6 31
6 30
5 30
4 30
5 30
6 30
5 30
5 29
5 28
6 28
6 29
5 29
4 29
5 29
6 29
7 29
8 29
8 28
8 29
8 28
8 29
8 28
8 27
9 27
9 26
9 25
8 25
7 25
7 24
7 23
7 24
7 25
7 24
7 23
7 22
8 22
7 22
7 23
7 22
7 23
7 22
7 23
7 24
8 24
7 24
6 24
7 24
6 24
7 24
7 23
8 23
8 22
9 22
9 21
9 22
10 22
9 22
10 22
10 21
11 21
12 21
12 22
12 23
12 24
12 25
12 24
11 24
12 24
13 24
12 24
12 25
12 26
11 26
10 26
9 26
8 26
8 27
8 26
9 26
10 26
11 26
10 26
11 26
10 26
11 26
11 25
12 25
12 24
13 24
13 25
13 26
14 26
14 27
14 26
13 26
13 25
13 26
12 26
12 25
12 26
11 26
11 27
11 26
11 25
10 25
9 25
9 24
9 23
9 22
8 22
8 23
7 23
7 22
7 23
8 23
8 24
9 24
10 24
10 23
9 23
9 24
9 23
8 23
9 23
9 22
9 21
8 21
7 21
8 21
9 21
9 20
9 21
8 21
8 22
8 23
8 22
8 21
8 22
7 22
7 23
7 22
7 23
7 22
7 23
8 23
