0 0
0 1
0 0
1 0
1 1
0 1
1 1
1 2
1 3
1 2
1 3
2 3
2 2
2 1
2 2
1 2
0 2
0 1
0 2
1 2
2 2
3 2
2 2
2 3
2 4
1 4
2 4
1 4
1 3
2 3
3 3
3 4
2 4
2 5
1 5
0 5
0 6
0 7
0 6
1 6
1 7
1 6
1 7
2 7
3 7
3 8
2 8
2 7
2 6
2 5
3 5
3 4
2 4
3 4
3 3
3 4
3 3
4 3
5 3
4 3
5 3
5 4
5 5
6 5
6 4
6 5
7 5
7 6
7 5
7 6
6 6
7 6
8 6
8 5
7 5
7 4
6 4
6 5
5 5
5 6
5 5
4 5
5 5
6 5
5 5
5 4
4 4
4 3
5 3
5 2
5 3
5 2
5 3
5 4
5 5
6 5
7 5
7 6
7 7
8 7
7 7
7 6
7 7
8 7
9 7
9 8
8 8
8 9
8 8
9 8
8 8
7 8
8 8
8 9
7 9
7 10
7 11
6 11
5 11
6 11
7 11
7 10
8 10
9 10
10 10
10 9
10 10
11 10
11 11
12 11
12 12
13 12
14 12
15 12
14 12
14 11
14 10
14 11
13 11
13 12
13 11
13 12
12 12
12 11
11 11
11 12
10 12
10 13
11 13
12 13
12 14
12 13
13 13
13 12
12 12
11 12
11 11
12 11
12 10
12 11
12 12
13 12
12 12
12 11
12 10
12 9
12 10
12 11
12 12
12 13
11 13
10 13
9 13
9 12
8 12
8 11
8 10
9 10
8 10
8 11
8 10
8 9
7 9
7 8
8 8
9 8
9 7
10 7
11 7
12 7
12 8
11 8
10 8
9 8
10 8
10 9
9 9
10 9
10 10
10 9
10 8
11 8
10 8
11 8
11 9
10 9
11 9
12 9
13 9
13 10
13 11
13 10
13 9
13 8
12 8
13 8
13 7
13 6
13 7
14 7
13 7
13 8
13 9
13 10
12 10
12 11
12 12
12 11
11 11
11 12
10 12
10 11
10 12
9 12
10 12
9 12
8 12
7 12
8 12
7 12
8 12
9 12
8 12
7 12
8 12
8 13
8 12
8 13
7 13
7 12
7 11
8 11
9 11
9 10
8 10
9 10
10 10
9 10
9 9
10 9
9 9
9 8
9 9
10 9
9 9
8 9
9 9
9 10
9 11
9 10
9 9
9 8
9 7
8 7
8 6
9 6
10 6
11 6
10 6
9 6
8 6
7 6
8 6
8 5
7 5
7 6
8 6
8 7
8 6
8 5
9 5
8 5
9 5
9 6
10 6
10 5
10 6
9 6
9 5
10 5
10 6
11 6
11 7
10 7
10 6
11 6
11 5
11 6
11 5
11 6
11 5
11 4
11 3
11 2
12 2
12 3
11 3
11 2
10 2
9 2
10 2
9 2
9 1
8 1
8 0
7 0
7 1
6 1
5 1
5 0
6 0
6 1
7 1
6 1
5 1
5 2
5 3
4 3
3 3
2 3
3 3
4 3
4 2
4 1
3 1
3 0
3 1
3 2
3 3
4 3
4 2
4 1
3 1
2 1
3 1
3 2
2 2
2 3
2 4
2 3
2 2
3 2
3 1
3 0
2 0
3 0
3 1
3 0
3 1
4 1
3 1
4 1
4 2
4 1
3 1
3 2
4 2
5 2
5 3
4 3
4 2
3 2
2 2
3 2
3 1
2 1
3 1
4 1
3 1
4 1
5 1
4 1
4 2
4 3
4 2
4 3
4 2
4 1
3 1
3 0
3 1
2 1
2 0
3 0
4 0
3 0
3 1
3 2
4 2
3 2
4 2
5 2
5 3
5 4
5 5
5 4
5 3
4 3
5 3
5 4
5 5
5 4
6 4
6 3
6 2
6 3
6 4
5 4
5 5
4 5
3 5
3 6
3 7
2 7
2 6
2 5
2 4
2 5
3 5
4 5
5 5
5 4
5 3
5 4
6 4
7 4
6 4
6 5
7 5
7 4
6 4
5 4
5 5
4 5
3 5
3 4
2 4
3 4
4 4
4 3
4 2
4 3
3 3
3 2
4 2
3 2
4 2
4 1
4 0
4 1
4 2
3 2
3 1
2 1
1 1
2 1
3 1
3 0
3 1
2 1
2 2
2 1
3 1
3 0
2 0
2 1
3 1
3 2
3 3
3 4
3 3
2 3
2 2
2 3
2 4
3 4
3 3
2 3
1 3
1 4
1 5
1 4
2 4
2 5
1 5
0 5
1 5
1 6
1 5
1 4
2 4
2 5
1 5
1 6
1 7
2 7
2 6
3 6
3 7
2 7
3 7
2 7
3 7
4 7
4 6
3 6
3 7
4 7
4 8
4 9
5 9
6 9
5 9
5 8
5 7
6 7
6 8
6 9
7 9
7 8
6 8
6 9
5 9
5 8
4 8
4 7
5 7
5 8
6 8
6 7
6 6
7 6
6 6
5 6
5 7
6 7
5 7
6 7
6 6
6 5
6 6
6 5
6 6
6 5
6 6
5 6
6 6
6 7
7 7
8 7
9 7
9 8
9 9
8 9
8 8
8 9
7 9
7 8
7 9
7 8
8 8
7 8
7 7
7 6
6 6
6 7
7 7
8 7
9 7
9 8
9 9
8 9
8 10
9 10
9 9
10 9
10 8
9 8
10 8
11 8
11 7
11 8
11 9
10 9
9 9
9 8
9 9
8 9
8 10
7 10
8 10
9 10
9 9
9 10
8 10
7 10
8 10
8 11
8 12
8 11
9 11
8 11
8 10
8 9
8 8
8 9
9 9
8 9
8 8
7 8
7 9
6 9
5 9
6 9
6 10
5 10
4 10
5 10
5 11
5 10
5 11
5 12
4 12
5 12
5 11
4 11
5 11
6 11
7 11
6 11
6 12
7 12
7 13
6 13
7 13
8 13
9 13
9 14
9 15
10 15
10 16
10 17
9 17
9 16
9 15
10 15
10 16
9 16
8 16
8 17
7 17
8 17
8 18
8 19
7 19
7 20
8 20
9 20
10 20
9 20
9 19
9 20
9 21
9 20
9 19
9 18
9 17
8 17
8 16
9 16
10 16
11 16
11 17
11 18
10 18
10 19
11 19
11 18
10 18
10 19
9 19
10 19
10 20
10 21
10 22
10 23
11 23
12 23
12 22
13 22
13 23
13 24
13 23
14 23
13 23
12 23
12 22
12 23
13 23
13 24
12 24
11 24
10 24
10 25
11 25
11 24
11 25
11 26
12 26
11 26
10 26
10 27
11 27
10 27
9 27
9 26
9 25
9 26
10 26
11 26
12 26
12 25
13 25
12 25
13 25
12 25
13 25
13 26
14 26
15 26
15 25
15 24
16 24
17 24
18 24
18 25
18 24
17 24
17 25
18 25
19 25
20 25
21 25
21 26
21 27
21 26
22 26
21 26
22 26
22 25
21 25
21 24
22 24
22 23
22 24
22 25
22 26
22 25
21 25
20 25
21 25
21 26
22 26
22 25
23 25
24 25
24 26
23 26
23 27
23 28
23 27
22 27
22 28
22 27
21 27
21 28
21 27
21 28
22 28
21 28
22 28
22 27
23 27
22 27
22 28
23 28
23 29
22 29
22 30
22 29
22 28
22 27
23 27
22 27
22 28
21 28
22 28
22 27
23 27
24 27
23 27
23 26
22 26
22 27
21 27
21 26
21 27
20 27
19 27
18 27
19 27
19 28
20 28
21 28
21 27
21 26
21 25
21 26
21 25
21 26
21 25
22 25
23 25
23 26
24 26
25 26
25 25
26 25
26 26
25 26
26 26
27 26
28 26
29 26
28 26
27 26
27 25
28 25
28 26
28 27
28 28
27 28
27 27
28 27
28 28
27 28
26 28
27 28
27 27
26 27
26 26
26 25
26 26
27 26
28 26
28 27
27 27
26 27
25 27
25 28
26 28
27 28
27 27
26 27
26 28
26 27
25 27
25 26
26 26
26 27
25 27
24 27
24 28
23 28
23 27
24 27
23 27
23 26
24 26
25 26
26 26
26 27
26 26
27 26
27 25
28 25
28 26
29 26
29 27
28 27
27 27
28 27
28 26
29 26
30 26
29 26
28 26
28 25
29 25
28 25
27 25
27 26
26 26
26 25
25 25
24 25
24 26
24 27
24 28
25 28
26 28
27 28
28 28
29 28
28 28
28 29
27 29
26 29
27 29
28 29
28 28
28 29
28 28
28 29
28 28
27 28
26 28
26 29
25 29
25 28
25 29
24 29
24 30
24 29
25 29
24 29
25 29
26 29
26 30
25 30
25 29
24 29
24 28
24 29
24 30
23 30
24 30
25 30
25 29
26 29
27 29
27 30
27 29
27 28
28 28
29 28
28 28
28 29
27 29
28 29
28 30
27 30
26 30
26 29
27 29
27 30
28 30
28 31
27 31
28 31
27 31
27 32
27 31
28 31
29 31
29 30
28 30
28 29
27 29
27 30
