0 0
0 1
0 2
0 3
1 3
1 4
2 4
2 3
3 3
4 3
4 2
4 1
4 2
3 2
3 3
3 4
2 4
1 4
1 5
2 5
1 5
1 6
2 6
2 5
2 4
1 4
1 5
1 4
2 4
1 4
2 4
2 5
2 4
3 4
3 3
4 3
4 2
5 2
6 2
6 3
7 3
8 3
7 3
7 4
7 5
6 5
7 5
8 5
8 4
8 3
7 3
6 3
6 4
6 3
5 3
6 3
5 3
5 2
6 2
6 3
6 2
6 3
5 3
4 3
5 3
6 3
7 3
7 2
7 3
7 2
7 3
7 4
7 3
6 3
7 3
6 3
5 3
5 2
5 3
5 2
5 3
6 3
6 2
6 3
6 4
5 4
6 4
6 5
5 5
4 5
5 5
5 6
5 5
6 5
5 5
4 5
3 5
4 5
4 6
3 6
2 6
1 6
1 5
1 6
0 6
1 6
0 6
0 7
0 8
0 7
1 7
1 6
1 5
0 5
0 4
1 4
1 3
1 4
2 4
2 5
2 6
2 7
1 7
1 6
0 6
0 7
0 6
1 6
2 6
1 6
2 6
2 7
2 6
2 5
2 4
1 4
1 5
1 6
0 6
1 6
1 5
2 5
2 6
1 6
1 5
2 5
1 5
2 5
1 5
1 4
1 5
2 5
2 6
2 5
3 5
2 5
2 4
2 5
1 5
1 4
2 4
3 4
4 4
5 4
5 3
5 2
6 2
7 2
6 2
7 2
8 2
7 2
7 3
8 3
7 3
7 4
8 4
8 3
8 2
9 2
8 2
8 3
8 4
8 5
7 5
6 5
6 4
5 4
6 4
6 3
7 3
7 2
6 2
5 2
6 2
6 1
6 0
6 1
6 2
7 2
7 1
8 1
8 2
8 1
9 1
8 1
7 1
6 1
6 2
6 3
6 4
6 3
7 3
7 4
7 5
7 6
6 6
7 6
6 6
6 5
6 4
6 3
6 2
6 1
5 1
5 0
5 1
5 0
5 1
5 2
6 2
5 2
5 3
5 2
5 1
6 1
5 1
5 2
6 2
6 3
6 2
7 2
8 2
9 2
9 1
9 2
9 3
8 3
7 3
7 2
7 1
8 1
9 1
9 2
10 2
9 2
9 3
8 3
8 4
9 4
9 3
9 4
8 4
7 4
7 3
7 4
7 5
6 5
5 5
5 6
4 6
5 6
5 5
5 6
5 7
5 8
4 8
4 9
4 10
4 11
4 12
4 13
3 13
4 13
5 13
4 13
4 14
5 14
6 14
6 15
6 14
6 13
6 12
7 12
8 12
8 13
7 13
7 14
6 14
6 15
5 15
5 16
6 16
6 17
5 17
6 17
6 16
5 16
5 17
4 17
5 17
4 17
5 17
5 18
6 18
5 18
6 18
6 17
7 17
8 17
9 17
9 18
9 17
8 17
8 16
8 15
7 15
7 14
8 14
9 14
9 15
10 15
10 16
9 16
9 17
9 18
10 18
9 18
10 18
9 18
9 19
9 18
9 19
8 19
8 18
8 19
8 18
7 18
7 17
6 17
6 16
7 16
7 17
7 18
8 18
7 18
7 17
7 18
7 17
6 17
5 17
5 16
5 17
4 17
4 18
5 18
6 18
7 18
7 17
6 17
6 18
6 17
5 17
6 17
6 16
6 15
6 14
7 14
8 14
8 15
8 14
9 14
10 14
10 15
9 15
9 16
10 16
11 16
10 16
9 16
9 17
9 16
8 16
7 16
6 16
5 16
5 17
4 17
4 16
5 16
5 15
4 15
4 16
3 16
2 16
1 16
2 16
1 16
0 16
0 15
0 14
0 15
1 15
2 15
3 15
4 15
3 15
4 15
5 15
6 15
7 15
6 15
6 16
6 15
7 15
8 15
8 16
8 17
8 18
8 17
8 16
8 17
8 16
8 15
9 15
10 15
10 16
10 17
9 17
9 16
8 16
9 16
10 16
10 17
9 17
8 17
8 18
9 18
8 18
7 18
6 18
7 18
7 17
6 17
5 17
6 17
7 17
7 18
7 17
7 16
7 17
6 17
6 16
6 17
6 18
6 17
6 16
5 16
5 15
6 15
5 15
5 14
5 13
4 13
4 12
4 11
4 10
4 9
4 10
3 10
3 9
3 8
3 7
3 6
4 6
3 6
3 7
3 8
2 8
3 8
3 9
2 9
3 9
3 10
2 10
1 10
1 11
1 10
1 11
1 10
0 10
1 10
0 10
1 10
1 9
1 8
2 8
1 8
1 9
0 9
0 8
1 8
1 9
0 9
0 8
0 9
0 8
0 9
1 9
1 10
2 10
2 11
1 11
1 12
2 12
2 11
2 12
3 12
2 12
1 12
1 11
1 10
0 10
0 11
0 12
0 13
1 13
1 12
1 11
0 11
1 11
2 11
1 11
1 10
0 10
0 11
0 10
0 9
0 10
1 10
1 9
2 9
1 9
1 10
0 10
0 11
1 11
0 11
0 12
1 12
1 11
1 12
0 12
0 11
0 10
1 10
2 10
2 11
2 12
3 12
2 12
2 13
3 13
2 13
3 13
2 13
1 13
0 13
0 12
1 12
1 13
2 13
2 14
2 15
3 15
3 16
3 15
2 15
3 15
2 15
2 16
3 16
3 15
4 15
3 15
3 16
3 17
3 16
3 15
2 15
2 14
2 13
1 13
1 12
0 12
1 12
0 12
0 11
1 11
1 12
2 12
1 12
1 13
1 14
2 14
2 15
2 14
2 15
2 14
2 15
2 16
1 16
1 17
1 18
1 19
1 18
1 17
1 16
1 17
0 17
0 18
1 18
0 18
1 18
1 17
0 17
0 16
1 16
1 17
2 17
2 18
1 18
1 17
0 17
1 17
2 17
2 16
2 15
1 15
2 15
2 16
2 17
3 17
4 17
3 17
3 18
3 17
2 17
2 16
3 16
4 16
4 15
5 15
5 16
5 15
6 15
5 15
5 16
4 16
4 15
4 16
3 16
3 17
2 17
1 17
1 18
2 18
1 18
1 19
2 19
3 19
4 19
4 20
4 21
4 20
3 20
4 20
4 19
4 18
4 17
4 18
4 19
5 19
4 19
3 19
3 20
2 20
2 21
3 21
3 22
4 22
5 22
4 22
5 22
5 23
6 23
5 23
6 23
7 23
7 22
7 21
7 20
7 21
7 22
7 23
7 24
7 25
8 25
8 24
8 25
8 26
7 26
7 25
7 26
8 26
9 26
9 27
10 27
10 28
9 28
10 28
9 28
10 28
11 28
11 27
11 28
11 29
10 29
9 29
9 30
9 31
8 31
9 31
9 30
10 30
10 31
10 30
10 31
9 31
10 31
9 31
8 31
9 31
8 31
9 31
10 31
10 32
9 32
9 33
9 32
10 32
11 32
11 31
11 30
12 30
11 30
12 30
12 31
11 31
11 32
11 33
10 33
9 33
8 33
9 33
10 33
10 32
11 32
11 31
12 31
11 31
10 31
9 31
9 32
9 33
10 33
10 34
9 34
10 34
11 34
11 33
10 33
9 33
9 34
9 35
8 35
7 35
7 34
7 35
8 35
8 36
7 36
8 36
8 35
9 35
10 35
9 35
9 34
10 34
10 35
9 35
9 34
8 34
7 34
8 34
8 33
9 33
9 34
10 34
10 33
10 34
11 34
12 34
13 34
13 35
13 34
12 34
11 34
11 33
11 34
10 34
10 35
11 35
11 34
10 34
10 35
10 36
9 36
10 36
9 36
9 35
9 36
10 36
9 36
10 36
9 36
8 36
8 35
8 34
8 35
8 36
9 36
9 37
8 37
9 37
10 37
9 37
9 38
9 39
8 39
8 40
9 40
9 41
9 40
9 39
9 38
9 39
9 40
9 41
9 40
8 40
8 41
7 41
6 41
7 41
7 40
7 41
8 41
8 42
9 42
9 41
9 42
8 42
8 43
8 44
8 45
7 45
6 45
6 44
6 45
5 45
4 45
4 44
5 44
4 44
4 45
3 45
4 45
4 44
5 44
5 43
4 43
3 43
2 43
1 43
1 42
2 42
1 42
2 42
1 42
1 43
1 44
1 43
2 43
2 42
1 42
0 42
1 42
1 41
1 42
1 43
0 43
1 43
2 43
2 44
1 44
1 43
1 42
1 43
1 42
1 41
1 40
1 39
1 38
2 38
2 37
2 38
2 39
2 38
3 38
3 39
4 39
4 40
4 39
5 39
4 39
3 39
4 39
4 38
5 38
5 39
6 39
6 38
7 38
6 38
7 38
6 38
6 37
5 37
5 38
5 37
4 37
5 37
4 37
5 37
5 36
4 36
4 37
4 38
4 37
3 37
2 37
3 37
3 38
2 38
1 38
2 38
2 37
1 37
1 38
1 39
0 39
0 40
0 41
1 41
0 41
1 41
2 41
2 42
2 41
2 42
1 42
2 42
2 43
2 44
2 45
1 45
0 45
1 45
2 45
