0 0
1 0
2 0
1 0
0 0
0 1
1 1
1 0
1 1
1 2
2 2
3 2
3 3
3 2
3 1
2 1
2 2
1 2
1 1
2 1
1 1
1 0
2 0
1 0
0 0
1 0
0 0
1 0
1 1
2 1
2 2
2 3
2 4
3 4
3 3
3 4
3 3
2 3
3 3
3 2
2 2
2 3
2 2
2 3
1 3
1 4
2 4
1 4
0 4
0 5
1 5
1 6
1 5
1 6
1 7
1 6
1 7
0 7
0 6
1 6
0 6
1 6
1 5
0 5
0 6
0 5
1 5
2 5
2 6
1 6
0 6
0 7
1 7
0 7
0 8
1 8
2 8
1 8
0 8
1 8
0 8
1 8
1 9
2 9
2 8
1 8
2 8
1 8
1 9
2 9
2 8
1 8
1 7
1 6
2 6
2 5
1 5
2 5
3 5
2 5
3 5
3 6
4 6
4 7
4 8
3 8
2 8
1 8
2 8
2 7
2 6
2 5
1 5
2 5
1 5
1 4
1 3
2 3
1 3
2 3
1 3
1 2
1 1
1 2
2 2
2 1
2 2
2 1
2 0
1 0
1 1
0 1
1 1
2 1
2 2
3 2
4 2
4 1
4 0
4 1
5 1
6 1
7 1
7 0
7 1
7 2
7 1
8 1
8 2
9 2
9 3
10 3
9 3
10 3
10 2
10 3
11 3
12 3
13 3
13 2
14 2
13 2
14 2
15 2
15 3
16 3
16 4
17 4
16 4
15 4
14 4
14 3
13 3
12 3
12 4
13 4
13 5
13 4
13 3
13 2
13 3
13 2
13 3
13 2
14 2
14 3
14 2
13 2
14 2
15 2
14 2
13 2
13 1
13 2
13 1
12 1
13 1
13 2
13 3
13 4
14 4
13 4
13 5
13 4
12 4
12 5
12 4
11 4
11 5
11 6
11 5
10 5
9 5
9 6
10 6
11 6
10 6
9 6
9 7
10 7
10 6
10 7
11 7
11 8
12 8
11 8
11 7
11 6
12 6
11 6
11 7
11 6
10 6
10 5
11 5
10 5
10 4
10 3
11 3
10 3
11 3
12 3
12 2
12 3
12 4
13 4
14 4
15 4
15 3
15 2
15 1
15 0
16 0
16 1
15 1
15 0
15 1
15 2
15 1
14 1
14 0
15 0
16 0
16 1
17 1
17 2
16 2
17 2
16 2
16 1
15 1
14 1
14 2
15 2
15 1
14 1
13 1
13 0
13 1
13 0
14 0
14 1
14 0
14 1
15 1
15 2
15 1
14 1
15 1
15 0
15 1
15 2
15 3
15 4
15 5
16 5
16 4
17 4
17 5
17 4
17 5
18 5
19 5
20 5
19 5
20 5
21 5
21 6
21 7
20 7
19 7
20 7
20 6
21 6
22 6
23 6
23 7
23 8
23 7
23 6
23 7
24 7
25 7
26 7
27 7
28 7
29 7
28 7
27 7
27 8
28 8
29 8
29 9
28 9
28 8
28 9
28 8
28 7
28 8
28 7
28 8
29 8
29 7
28 7
28 8
28 9
28 10
28 9
28 10
29 10
29 11
29 12
29 11
28 11
27 11
27 12
26 12
27 12
26 12
26 13
26 14
25 14
26 14
27 14
27 15
26 15
25 15
24 15
24 14
25 14
26 14
27 14
28 14
29 14
29 15
29 16
29 17
29 18
28 18
29 18
29 19
29 18
30 18
30 17
30 18
31 18
31 17
30 17
31 17
32 17
32 16
32 17
32 16
31 16
32 16
32 15
32 16
33 16
33 15
34 15
34 16
33 16
34 16
35 16
36 16
37 16
37 15
36 15
36 16
36 15
35 15
34 15
33 15
34 15
34 16
33 16
33 15
33 14
33 13
33 12
32 12
33 12
34 12
34 13
35 13
34 13
34 12
34 13
34 12
33 12
34 12
34 11
34 10
34 11
33 11
33 12
32 12
33 12
33 13
32 13
32 14
31 14
30 14
30 15
29 15
30 15
30 14
30 15
30 14
29 14
28 14
28 15
28 16
28 17
28 18
27 18
28 18
28 19
27 19
27 20
27 21
26 21
26 20
27 20
27 19
27 20
26 20
26 19
27 19
27 20
27 19
26 19
27 19
27 18
27 19
27 18
27 17
26 17
26 16
27 16
28 16
29 16
28 16
28 17
27 17
26 17
26 16
27 16
28 16
28 17
29 17
28 17
27 17
26 17
26 16
27 16
27 17
28 17
29 17
30 17
31 17
31 16
30 16
30 17
31 17
30 17
29 17
28 17
29 17
29 18
29 17
28 17
28 16
27 16
27 15
28 15
27 15
28 15
27 15
28 15
29 15
28 15
28 14
29 14
29 13
29 12
28 12
27 12
28 12
27 12
26 12
26 11
27 11
27 10
28 10
27 10
27 9
28 9
28 8
28 9
28 10
27 10
26 10
25 10
26 10
27 10
26 10
26 9
26 8
27 8
26 8
26 7
27 7
28 7
28 8
28 7
29 7
29 6
30 6
30 5
30 4
30 5
29 5
29 4
30 4
31 4
32 4
33 4
34 4
33 4
34 4
35 4
36 4
35 4
35 5
35 6
35 5
35 4
36 4
36 3
37 3
36 3
35 3
34 3
35 3
35 4
36 4
36 3
36 2
36 1
35 1
34 1
35 1
36 1
35 1
35 2
34 2
33 2
33 3
32 3
33 3
32 3
31 3
32 3
32 2
31 2
31 3
31 4
31 3
30 3
30 2
30 3
29 3
29 2
29 3
29 2
28 2
27 2
27 3
27 2
28 2
28 3
27 3
27 4
27 5
28 5
27 5
26 5
26 4
27 4
27 3
26 3
26 4
27 4
26 4
26 5
26 4
26 3
27 3
27 2
27 1
27 2
26 2
25 2
24 2
24 1
23 1
24 1
23 1
23 2
22 2
22 3
23 3
22 3
22 4
22 5
22 6
21 6
21 7
20 7
21 7
20 7
20 6
20 5
20 4
19 4
19 3
20 3
19 3
19 4
20 4
21 4
20 4
19 4
19 3
19 2
19 1
19 2
19 3
19 4
19 3
19 4
19 3
19 4
18 4
17 4
18 4
18 3
19 3
20 3
21 3
22 3
23 3
23 4
23 5
22 5
21 5
22 5
21 5
21 4
21 5
21 6
21 5
22 5
21 5
21 4
21 3
21 2
21 1
20 1
20 0
19 0
19 1
18 1
19 1
19 2
19 1
19 0
19 1
19 0
19 1
19 2
19 3
20 3
20 4
20 5
20 6
20 7
21 7
20 7
21 7
22 7
23 7
22 7
22 6
22 5
22 4
23 4
24 4
24 5
23 5
24 5
24 4
25 4
24 4
25 4
25 5
25 6
26 6
26 5
27 5
27 6
27 5
26 5
27 5
27 6
27 7
27 6
27 7
26 7
26 8
25 8
25 7
25 6
25 7
24 7
25 7
25 6
24 6
25 6
26 6
26 5
27 5
27 6
26 6
27 6
27 5
27 4
26 4
25 4
25 3
26 3
27 3
28 3
28 4
28 5
29 5
30 5
31 5
31 4
31 5
31 4
30 4
30 3
30 4
30 5
31 5
31 4
32 4
32 3
32 2
32 3
32 4
31 4
31 5
31 4
31 5
31 6
30 6
31 6
30 6
29 6
29 5
28 5
27 5
27 4
27 3
27 2
27 3
26 3
26 2
26 1
26 0
25 0
24 0
24 1
24 2
24 1
23 1
23 0
23 1
24 1
24 0
24 1
24 0
23 0
24 0
25 0
26 0
26 1
27 1
27 2
26 2
26 1
26 2
26 3
25 3
25 4
25 5
25 6
25 5
24 5
24 4
24 3
24 2
24 3
24 4
23 4
22 4
22 5
22 4
22 5
22 4
22 5
22 6
22 7
22 6
21 6
20 6
21 6
20 6
19 6
18 6
18 7
18 6
18 5
19 5
19 6
18 6
18 5
18 4
19 4
20 4
20 3
19 3
19 4
20 4
20 3
20 2
20 1
20 2
20 3
21 3
21 2
20 2
21 2
22 2
21 2
20 2
20 3
20 4
21 4
21 5
22 5
23 5
23 4
23 3
22 3
22 4
21 4
21 3
21 4
20 4
20 3
20 2
19 2
18 2
18 3
19 3
20 3
21 3
22 3
22 4
21 4
20 4
21 4
21 3
22 3
22 2
22 3
22 4
22 5
21 5
21 4
21 3
20 3
19 3
20 3
20 2
21 2
22 2
21 2
22 2
22 3
22 2
23 2
23 1
23 0
22 0
21 0
21 1
21 2
20 2
20 1
20 0
19 0
18 0
19 0
19 1
19 0
19 1
18 1
17 1
17 2
16 2
16 1
16 2
15 2
15 3
16 3
16 2
16 1
15 1
15 0
16 0
16 1
16 0
15 0
15 1
14 1
14 0
14 1
13 1
14 1
14 2
13 2
12 2
12 1
12 2
12 3
13 3
12 3
12 2
12 1
13 1
13 2
12 2
13 2
13 1
13 0
