0 0
0 1
1 1
2 1
1 1
2 1
2 2
2 3
3 3
2 3
2 2
1 2
1 3
2 3
2 2
2 1
3 1
2 1
2 0
2 1
1 1
0 1
0 2
1 2
0 2
1 2
2 2
1 2
2 2
1 2
1 1
2 1
3 1
4 1
5 1
6 1
7 1
7 0
8 0
7 0
8 0
7 0
7 1
7 0
7 1
8 1
9 1
9 2
10 2
9 2
9 1
8 1
8 2
8 1
8 0
8 1
8 0
7 0
8 0
8 1
8 2
7 2
6 2
6 3
7 3
7 4
7 5
7 4
8 4
7 4
6 4
6 3
7 3
7 4
7 5
6 5
6 4
7 4
7 5
6 5
7 5
6 5
7 5
8 5
8 6
9 6
9 7
9 8
8 8
9 8
9 9
9 8
8 8
8 9
8 10
7 10
8 10
7 10
6 10
6 9
5 9
4 9
4 10
4 9
3 9
3 8
4 8
3 8
2 8
3 8
3 7
3 6
4 6
4 5
4 4
4 5
4 6
5 6
4 6
5 6
4 6
5 6
5 7
5 6
5 7
4 7
4 8
3 8
4 8
5 8
4 8
4 9
4 8
4 9
4 8
3 8
4 8
4 9
4 10
5 10
5 9
5 10
6 10
6 11
7 11
6 11
7 11
6 11
6 10
6 11
6 10
6 11
7 11
7 12
6 12
5 12
4 12
5 12
5 11
6 11
6 12
6 13
6 12
6 13
6 12
6 13
7 13
7 12
6 12
7 12
6 12
5 12
5 11
5 12
5 13
5 12
5 13
5 12
5 11
5 12
5 11
5 10
4 10
3 10
3 11
3 10
3 9
3 8
3 7
4 7
4 6
3 6
4 6
3 6
3 5
3 4
2 4
2 3
3 3
3 2
3 3
3 2
3 1
3 2
3 3
3 2
3 3
3 2
3 1
3 2
3 1
3 0
3 1
3 2
2 2
2 3
1 3
1 4
1 5
0 5
1 5
2 5
1 5
0 5
1 5
0 5
0 4
1 4
0 4
0 5
1 5
1 6
1 5
1 4
0 4
1 4
0 4
1 4
1 3
2 3
3 3
2 3
3 3
3 4
2 4
3 4
4 4
4 3
4 4
3 4
4 4
5 4
4 4
3 4
4 4
5 4
5 5
6 5
7 5
7 4
7 3
7 2
8 2
9 2
10 2
10 3
10 4
9 4
10 4
10 3
10 4
11 4
11 5
11 4
11 5
11 4
12 4
12 5
12 6
11 6
11 5
11 6
10 6
9 6
10 6
11 6
10 6
9 6
10 6
11 6
11 7
12 7
13 7
13 8
13 7
13 8
12 8
11 8
11 9
12 9
12 10
11 10
11 11
11 10
11 11
12 11
12 12
12 11
11 11
11 10
10 10
9 10
9 9
8 9
8 8
7 8
7 7
8 7
8 8
7 8
6 8
6 9
7 9
7 10
7 9
7 10
6 10
6 9
5 9
6 9
7 9
8 9
7 9
7 8
6 8
7 8
7 9
6 9
6 8
5 8
5 9
4 9
3 9
3 8
4 8
5 8
4 8
4 7
4 8
5 8
5 7
5 6
4 6
5 6
5 7
4 7
4 6
4 7
5 7
5 6
4 6
3 6
3 7
2 7
2 8
1 8
1 9
2 9
2 10
3 10
3 9
3 10
3 11
3 12
2 12
3 12
4 12
3 12
3 13
2 13
2 14
2 13
3 13
2 13
3 13
3 14
4 14
3 14
2 14
1 14
0 14
0 15
0 16
0 15
0 14
0 13
1 13
0 13
0 12
0 11
1 11
0 11
0 10
0 11
0 12
0 11
0 12
1 12
0 12
1 12
1 13
0 13
1 13
2 13
2 14
2 13
2 12
2 13
2 14
2 13
3 13
3 14
2 14
1 14
1 13
2 13
2 12
1 12
1 13
1 14
1 15
1 14
0 14
0 13
0 14
0 15
0 14
1 14
1 15
0 15
0 14
1 14
0 14
0 15
1 15
2 15
2 16
3 16
3 17
4 17
4 16
4 15
5 15
6 15
5 15
5 14
4 14
3 14
3 15
3 16
2 16
1 16
1 17
0 17
1 17
1 16
2 16
2 17
1 17
1 18
0 18
1 18
2 18
2 17
2 18
2 17
2 16
2 15
3 15
3 14
3 15
4 15
5 15
4 15
5 15
5 16
5 15
4 15
3 15
3 16
4 16
3 16
4 16
4 17
3 17
4 17
4 16
5 16
4 16
4 17
5 17
4 17
4 16
3 16
3 15
3 14
3 15
4 15
3 15
3 16
3 17
3 16
3 17
2 17
2 16
3 16
3 15
3 16
4 16
4 15
4 16
4 17
4 18
4 19
4 18
4 17
4 16
4 17
5 17
5 16
5 17
5 16
4 16
5 16
6 16
7 16
7 17
7 18
6 18
6 19
6 18
6 19
5 19
6 19
6 20
7 20
6 20
6 19
6 20
6 19
7 19
7 20
8 20
8 19
8 18
8 19
7 19
7 20
7 21
6 21
6 22
6 23
6 22
5 22
6 22
6 23
5 23
6 23
5 23
6 23
6 24
5 24
5 25
5 26
5 27
4 27
4 26
3 26
3 27
3 28
2 28
3 28
4 28
4 29
3 29
3 30
3 29
2 29
1 29
0 29
1 29
0 29
0 28
0 27
0 26
0 27
0 26
0 27
1 27
1 26
1 27
0 27
1 27
2 27
3 27
3 28
3 27
4 27
5 27
4 27
4 28
5 28
5 27
6 27
5 27
5 28
5 27
5 26
5 27
6 27
6 28
6 29
6 30
6 31
6 32
6 31
6 30
7 30
7 29
7 30
7 29
8 29
8 30
9 30
9 31
10 31
9 31
9 30
10 30
11 30
11 29
10 29
9 29
8 29
8 28
9 28
8 28
8 29
8 28
8 29
8 30
8 29
8 30
7 30
7 31
7 32
7 33
7 34
8 34
8 33
9 33
9 34
8 34
8 33
7 33
8 33
7 33
7 32
7 31
7 30
6 30
5 30
5 31
6 31
5 31
5 30
4 30
4 29
4 28
5 28
4 28
5 28
4 28
4 27
3 27
2 27
2 28
3 28
2 28
3 28
4 28
4 27
4 26
4 25
5 25
6 25
6 24
6 25
6 26
6 25
7 25
7 26
6 26
7 26
7 25
7 24
7 25
8 25
8 26
9 26
8 26
8 25
9 25
9 26
8 26
9 26
9 25
10 25
9 25
8 25
8 24
9 24
10 24
10 25
11 25
11 26
12 26
13 26
13 27
12 27
11 27
11 28
11 27
11 28
10 28
9 28
9 29
9 28
9 29
10 29
11 29
11 28
11 29
11 30
11 31
10 31
10 32
10 31
9 31
8 31
7 31
7 30
7 29
7 30
6 30
6 29
6 30
6 29
6 30
5 30
5 31
5 32
5 33
5 32
5 31
5 30
5 31
6 31
5 31
6 31
6 32
7 32
8 32
7 32
8 32
8 31
8 32
7 32
8 32
8 31
7 31
7 30
8 30
7 30
7 29
8 29
8 30
9 30
8 30
7 30
6 30
7 30
7 29
7 28
7 27
7 28
7 27
6 27
5 27
4 27
4 28
4 29
4 30
3 30
3 29
2 29
3 29
3 28
2 28
2 29
2 28
2 29
1 29
1 28
1 29
2 29
1 29
1 30
2 30
3 30
2 30
1 30
0 30
0 31
0 32
0 33
0 34
0 35
1 35
1 34
1 35
0 35
1 35
2 35
3 35
2 35
3 35
3 36
3 37
2 37
3 37
4 37
4 38
4 39
4 38
3 38
2 38
2 37
2 38
1 38
0 38
1 38
1 37
0 37
0 36
1 36
1 37
0 37
0 36
1 36
2 36
1 36
1 35
2 35
3 35
3 36
3 35
2 35
3 35
3 36
3 37
3 36
2 36
3 36
2 36
1 36
1 35
0 35
0 34
1 34
1 33
2 33
3 33
3 34
3 35
3 36
4 36
4 37
4 36
4 37
4 36
4 35
4 34
5 34
5 33
4 33
4 32
4 33
4 32
4 33
4 34
4 33
4 32
5 32
5 33
4 33
4 32
5 32
5 33
4 33
5 33
5 34
5 35
5 34
5 35
5 34
6 34
6 33
5 33
5 32
5 33
5 34
6 34
5 34
5 35
5 34
5 33
5 32
6 32
6 31
6 32
5 32
5 31
4 31
4 32
4 33
4 34
3 34
4 34
4 33
5 33
5 32
4 32
4 33
5 33
4 33
4 32
3 32
3 33
2 33
2 32
3 32
3 31
2 31
2 30
3 30
4 30
3 30
3 31
4 31
4 32
5 32
5 33
5 32
5 33
5 32
4 32
4 33
5 33
4 33
4 34
4 35
5 35
6 35
5 35
4 35
5 35
6 35
7 35
6 35
5 35
5 36
4 36
4 35
4 34
4 35
4 34
5 34
6 34
5 34
5 33
4 33
5 33
4 33
4 34
4 33
4 32
4 33
5 33
4 33
