0 0
0 1
0 2
0 1
0 0
1 0
1 1
0 1
1 1
1 0
2 0
3 0
3 1
4 1
4 2
4 3
3 3
2 3
1 3
2 3
2 4
1 4
1 3
1 4
0 4
0 5
0 4
1 4
2 4
3 4
3 3
3 2
3 1
3 2
4 2
3 2
3 1
3 0
3 1
4 1
3 1
2 1
3 1
4 1
5 1
5 2
4 2
4 3
5 3
6 3
6 4
6 3
7 3
8 3
9 3
8 3
7 3
7 4
6 4
5 4
5 3
4 3
4 4
4 3
3 3
4 3
5 3
5 4
6 4
5 4
5 3
6 3
7 3
6 3
7 3
8 3
7 3
6 3
7 3
8 3
9 3
10 3
10 2
10 3
10 4
10 5
10 4
11 4
11 5
11 4
12 4
11 4
12 4
11 4
10 4
9 4
9 3
9 4
10 4
10 5
11 5
12 5
11 5
10 5
11 5
11 6
11 5
11 6
11 5
12 5
11 5
10 5
10 6
10 5
9 5
8 5
7 5
7 4
8 4
7 4
7 5
7 6
6 6
7 6
8 6
7 6
7 7
8 7
9 7
8 7
9 7
9 8
8 8
9 8
10 8
11 8
11 9
11 10
11 11
10 11
10 12
9 12
10 12
11 12
12 12
12 13
12 14
12 15
12 14
13 14
13 15
12 15
12 16
13 16
13 15
13 14
13 13
12 13
12 12
12 13
11 13
11 14
11 13
11 12
12 12
12 13
13 13
13 12
12 12
12 13
13 13
13 12
14 12
14 11
14 10
13 10
13 11
13 10
12 10
13 10
14 10
13 10
12 10
12 11
13 11
12 11
13 11
13 12
13 13
13 12
14 12
13 12
12 12
12 11
12 10
11 10
12 10
11 10
11 9
11 10
11 11
12 11
12 12
11 12
12 12
11 12
10 12
10 11
11 11
12 11
12 10
12 11
13 11
12 11
11 11
11 10
11 11
12 11
11 11
11 12
12 12
12 11
11 11
11 12
11 11
10 11
10 12
11 12
11 11
11 12
10 12
9 12
9 11
9 12
9 13
8 13
8 12
8 11
7 11
7 12
7 13
7 12
7 11
7 12
7 11
8 11
8 12
9 12
9 11
8 11
8 12
7 12
6 12
6 13
7 13
7 14
7 15
6 15
6 16
5 16
6 16
7 16
7 17
7 18
6 18
5 18
4 18
4 19
4 20
3 20
2 20
2 19
3 19
2 19
3 19
3 20
4 20
3 20
2 20
2 21
1 21
2 21
2 20
2 21
2 22
2 23
2 24
3 24
3 25
3 24
3 23
4 23
4 24
3 24
2 24
1 24
1 25
2 25
2 26
3 26
3 27
4 27
5 27
5 26
5 25
6 25
7 25
7 24
7 23
6 23
6 24
6 23
6 22
7 22
7 21
7 22
8 22
9 22
9 23
9 24
8 24
9 24
10 24
10 25
10 24
9 24
8 24
8 25
8 26
8 27
9 27
9 28
9 29
9 28
9 27
9 26
10 26
11 26
10 26
10 27
9 27
9 26
9 27
9 26
10 26
11 26
11 27
10 27
9 27
9 26
8 26
9 26
9 25
8 25
8 26
9 26
8 26
8 27
7 27
7 28
8 28
7 28
7 27
7 28
7 27
7 28
7 27
8 27
9 27
9 28
8 28
7 28
7 27
7 28
6 28
6 29
6 30
6 31
6 32
6 33
7 33
8 33
8 34
8 35
8 36
9 36
8 36
8 37
9 37
8 37
8 38
8 39
7 39
6 39
6 40
7 40
7 41
8 41
8 40
7 40
6 40
7 40
7 41
6 41
6 42
6 43
6 42
6 41
6 42
5 42
6 42
6 43
6 42
7 42
6 42
5 42
4 42
5 42
4 42
3 42
2 42
1 42
1 41
0 41
0 40
1 40
2 40
2 41
1 41
0 41
0 42
1 42
0 42
0 41
1 41
2 41
2 42
2 41
3 41
2 41
2 42
1 42
0 42
1 42
2 42
3 42
3 43
3 44
4 44
3 44
4 44
4 45
4 46
4 47
4 46
5 46
4 46
4 47
3 47
2 47
1 47
2 47
2 48
2 47
1 47
1 46
0 46
0 45
0 44
0 43
1 43
1 42
2 42
2 43
2 44
2 45
1 45
1 46
2 46
3 46
3 47
3 46
4 46
5 46
5 47
5 48
5 47
6 47
6 48
6 47
6 48
7 48
7 49
7 48
7 49
7 50
8 50
8 51
8 52
9 52
10 52
10 51
11 51
11 52
11 51
10 51
10 52
9 52
8 52
9 52
8 52
8 51
7 51
6 51
5 51
6 51
5 51
4 51
3 51
4 51
4 50
3 50
2 50
2 49
2 50
2 51
2 52
3 52
3 51
3 50
3 49
3 50
3 49
4 49
5 49
5 48
6 48
6 49
7 49
7 48
7 47
6 47
6 48
6 47
7 47
8 47
7 47
8 47
9 47
10 47
11 47
12 47
12 46
12 47
11 47
12 47
12 46
13 46
13 47
14 47
14 46
15 46
15 45
14 45
15 45
15 44
14 44
14 43
14 42
13 42
13 41
13 40
12 40
11 40
11 39
10 39
9 39
9 40
9 41
10 41
9 41
8 41
8 42
9 42
9 43
10 43
10 44
10 45
10 44
11 44
10 44
9 44
10 44
9 44
10 44
10 45
9 45
9 46
9 47
9 48
10 48
11 48
11 49
12 49
13 49
14 49
14 48
14 49
13 49
13 48
13 47
13 46
13 45
14 45
13 45
13 44
14 44
14 43
14 42
14 43
14 44
15 44
15 43
15 44
14 44
14 43
15 43
16 43
17 43
17 42
17 41
18 41
18 42
19 42
19 41
20 41
19 41
18 41
17 41
17 40
18 40
18 39
19 39
18 39
18 40
18 39
18 38
17 38
17 37
16 37
16 36
16 37
15 37
16 37
15 37
15 36
14 36
15 36
15 35
15 36
14 36
14 35
14 34
13 34
13 35
12 35
12 36
12 37
13 37
14 37
13 37
13 36
13 35
14 35
14 34
14 33
15 33
15 34
16 34
16 33
16 32
16 31
15 31
15 30
15 29
15 28
14 28
14 29
14 30
13 30
12 30
13 30
14 30
13 30
13 31
12 31
11 31
11 32
10 32
9 32
9 31
9 30
8 30
8 31
7 31
8 31
7 31
7 32
7 31
7 32
7 33
8 33
8 32
8 31
9 31
10 31
11 31
11 30
10 30
11 30
11 31
12 31
11 31
12 31
12 30
12 31
13 31
14 31
13 31
13 32
12 32
11 32
11 33
11 32
11 31
12 31
12 32
12 33
12 32
12 33
12 34
11 34
10 34
9 34
9 35
8 35
7 35
7 34
8 34
7 34
7 33
6 33
7 33
7 34
7 35
6 35
7 35
7 34
7 35
7 34
7 33
7 34
8 34
9 34
9 35
9 34
9 33
9 32
8 32
7 32
6 32
6 33
5 33
4 33
4 34
5 34
6 34
7 34
8 34
8 33
7 33
8 33
8 34
8 35
9 35
9 36
10 36
10 37
11 37
11 38
11 37
10 37
11 37
12 37
11 37
10 37
11 37
11 36
11 37
11 38
11 37
11 36
12 36
13 36
14 36
15 36
15 37
14 37
13 37
13 36
13 35
14 35
15 35
15 34
15 35
15 34
15 33
14 33
13 33
13 32
14 32
13 32
13 31
12 31
12 30
12 29
13 29
13 28
12 28
13 28
14 28
15 28
16 28
17 28
18 28
19 28
20 28
20 27
19 27
19 28
20 28
20 27
19 27
20 27
19 27
19 28
19 27
19 26
19 27
19 28
19 29
18 29
19 29
19 28
19 29
18 29
17 29
17 30
17 31
17 30
16 30
16 31
16 32
15 32
14 32
14 33
14 32
15 32
15 33
16 33
15 33
15 32
14 32
14 31
15 31
14 31
14 32
14 31
15 31
15 32
16 32
17 32
17 31
17 30
17 29
16 29
17 29
17 30
17 29
17 30
18 30
17 30
17 31
17 32
16 32
16 31
16 30
16 29
16 30
16 29
17 29
17 28
17 29
17 28
17 29
17 30
18 30
18 31
19 31
20 31
20 32
19 32
19 31
19 32
20 32
20 33
21 33
21 32
21 33
21 34
22 34
23 34
22 34
23 34
23 35
23 36
22 36
22 37
23 37
22 37
22 36
22 37
23 37
23 36
23 37
23 36
23 35
24 35
24 34
25 34
24 34
23 34
23 33
24 33
24 34
24 33
25 33
25 32
24 32
24 33
24 32
25 32
26 32
26 31
26 32
27 32
27 31
27 30
28 30
29 30
28 30
28 29
27 29
27 28
26 28
26 29
25 29
24 29
24 30
24 29
25 29
24 29
24 28
23 28
23 29
23 28
23 27
22 27
21 27
20 27
19 27
20 27
19 27
20 27
20 26
20 25
21 25
22 25
22 24
22 25
22 24
22 25
23 25
24 25
24 26
25 26
25 27
24 27
24 26
23 26
