0 0
0 1
1 1
2 1
2 0
2 1
2 0
2 1
3 1
3 2
4 2
5 2
5 3
5 4
6 4
7 4
6 4
5 4
4 4
3 4
4 4
3 4
3 5
4 5
4 4
4 3
5 3
5 2
6 2
6 1
5 1
5 0
5 1
5 2
5 3
6 3
7 3
7 2
7 3
8 3
8 4
8 5
9 5
8 5
9 5
10 5
10 4
10 5
9 5
9 6
9 5
10 5
11 5
11 6
10 6
9 6
9 5
9 4
10 4
9 4
10 4
9 4
10 4
11 4
12 4
11 4
10 4
11 4
12 4
12 3
12 2
12 3
12 2
12 3
12 4
13 4
12 4
13 4
13 5
13 6
12 6
12 7
13 7
14 7
13 7
14 7
15 7
16 7
16 8
15 8
16 8
17 8
16 8
16 7
17 7
18 7
17 7
18 7
17 7
17 6
17 7
16 7
16 8
17 8
17 7
17 8
18 8
19 8
19 9
19 10
18 10
18 11
19 11
20 11
20 12
20 11
20 10
20 11
20 12
20 13
21 13
21 14
20 14
20 15
21 15
20 15
21 15
21 14
21 15
20 15
19 15
18 15
19 15
19 16
20 16
20 17
20 18
21 18
22 18
22 19
21 19
21 20
21 21
21 20
20 20
20 21
21 21
20 21
21 21
21 22
20 22
21 22
22 22
22 23
21 23
22 23
22 24
21 24
21 25
21 26
22 26
21 26
22 26
22 27
22 28
23 28
24 28
25 28
26 28
26 27
26 28
25 28
26 28
25 28
26 28
26 29
26 28
27 28
28 28
28 29
27 29
28 29
28 30
28 31
27 31
26 31
26 32
26 31
27 31
27 30
28 30
28 29
28 28
28 27
28 26
27 26
28 26
29 26
30 26
31 26
31 27
31 26
30 26
30 25
30 26
30 25
31 25
30 25
30 24
29 24
29 25
29 26
28 26
28 27
28 28
28 27
28 28
27 28
26 28
26 29
27 29
27 30
26 30
27 30
27 29
26 29
26 30
25 30
24 30
24 29
24 28
25 28
25 29
24 29
24 30
24 29
25 29
25 28
26 28
26 29
26 30
27 30
26 30
26 31
26 30
26 31
26 30
26 29
25 29
25 28
24 28
25 28
24 28
25 28
25 29
25 30
25 31
25 32
25 33
24 33
23 33
23 32
23 31
22 31
23 31
24 31
25 31
26 31
26 30
26 29
25 29
24 29
23 29
23 28
22 28
22 27
21 27
21 26
20 26
20 25
20 24
21 24
20 24
20 25
20 26
20 27
20 28
20 29
19 29
19 30
19 31
18 31
19 31
19 30
20 30
19 30
19 29
18 29
19 29
20 29
20 28
20 27
20 28
20 27
20 26
19 26
18 26
19 26
19 27
19 26
19 27
19 26
19 27
19 28
18 28
18 27
18 26
18 27
18 28
18 27
18 26
17 26
16 26
17 26
16 26
15 26
15 27
16 27
16 26
15 26
15 25
15 24
14 24
14 25
15 25
15 26
15 25
15 26
14 26
13 26
12 26
11 26
10 26
10 27
11 27
11 26
11 27
12 27
13 27
13 28
14 28
14 27
15 27
14 27
15 27
14 27
13 27
12 27
12 26
11 26
10 26
10 25
11 25
11 26
11 25
12 25
12 26
13 26
14 26
15 26
16 26
17 26
17 25
18 25
18 24
18 25
18 24
19 24
20 24
19 24
20 24
21 24
20 24
21 24
22 24
22 25
23 25
23 24
24 24
24 23
25 23
25 24
25 23
24 23
24 24
25 24
25 25
25 24
25 23
25 24
26 24
26 23
26 22
27 22
27 23
27 24
26 24
26 23
25 23
25 22
25 23
24 23
24 24
24 23
24 22
24 21
24 20
24 21
23 21
22 21
23 21
24 21
24 20
24 19
23 19
22 19
23 19
22 19
23 19
22 19
21 19
20 19
19 19
20 19
20 20
19 20
19 19
19 20
18 20
19 20
19 21
19 20
19 21
20 21
20 22
19 22
19 21
19 22
18 22
18 23
18 22
19 22
19 21
20 21
20 20
20 21
20 20
20 21
21 21
22 21
23 21
24 21
24 20
23 20
22 20
22 21
21 21
22 21
23 21
23 20
24 20
24 21
24 20
24 19
24 20
24 19
24 18
25 18
25 19
24 19
24 20
24 19
24 18
25 18
26 18
26 19
27 19
28 19
28 18
28 19
28 20
29 20
29 21
29 22
28 22
28 23
28 24
27 24
28 24
28 25
29 25
29 24
29 23
30 23
29 23
29 24
29 25
29 24
28 24
27 24
27 23
27 24
27 25
27 24
28 24
28 23
29 23
29 24
29 23
29 22
29 21
29 20
29 19
29 18
29 17
29 16
29 17
30 17
30 18
30 17
30 16
29 16
30 16
30 15
29 15
29 16
29 17
30 17
30 16
30 17
31 17
32 17
31 17
32 17
32 18
32 19
32 18
31 18
31 17
31 16
31 15
31 16
32 16
31 16
31 15
32 15
32 14
32 15
32 16
33 16
33 17
32 17
32 18
31 18
31 17
32 17
33 17
34 17
34 18
35 18
34 18
35 18
35 17
34 17
35 17
35 18
34 18
34 19
34 20
35 20
36 20
36 21
37 21
37 22
37 21
36 21
35 21
36 21
36 22
36 23
36 22
37 22
36 22
37 22
36 22
37 22
37 21
36 21
36 22
35 22
34 22
34 23
33 23
32 23
32 22
33 22
34 22
34 21
34 20
35 20
35 19
35 18
34 18
35 18
34 18
34 19
33 19
34 19
34 20
35 20
35 19
34 19
33 19
32 19
33 19
32 19
32 20
33 20
34 20
35 20
35 19
35 18
34 18
34 19
34 20
34 19
35 19
35 18
35 19
36 19
35 19
34 19
33 19
33 20
32 20
33 20
32 20
31 20
31 19
31 20
30 20
29 20
29 21
29 22
29 23
29 24
29 25
28 25
28 26
28 25
27 25
26 25
27 25
27 26
28 26
27 26
27 25
27 24
28 24
27 24
26 24
26 23
25 23
24 23
25 23
26 23
26 22
25 22
24 22
23 22
23 23
23 22
22 22
23 22
23 23
23 22
23 23
24 23
23 23
22 23
21 23
22 23
22 22
23 22
23 23
22 23
22 22
22 21
22 22
22 21
22 20
22 21
21 21
21 20
21 19
21 20
20 20
19 20
19 21
18 21
18 22
17 22
18 22
19 22
18 22
18 23
19 23
18 23
19 23
19 22
20 22
21 22
21 21
21 22
21 23
21 22
21 23
22 23
21 23
20 23
21 23
20 23
21 23
21 22
21 21
21 22
21 21
20 21
20 20
19 20
18 20
18 19
19 19
19 18
19 19
19 18
19 19
19 18
20 18
21 18
20 18
20 19
19 19
19 18
19 19
19 20
19 21
19 20
19 19
19 20
18 20
18 21
18 22
18 21
19 21
20 21
20 20
19 20
19 19
20 19
20 18
20 19
20 20
19 20
20 20
19 20
19 21
19 20
18 20
18 21
17 21
17 22
17 23
17 22
16 22
16 23
17 23
17 24
17 23
18 23
19 23
20 23
20 22
19 22
18 22
19 22
20 22
20 21
20 22
20 23
20 22
19 22
19 21
18 21
18 20
19 20
18 20
17 20
18 20
18 19
17 19
18 19
19 19
19 20
19 21
20 21
20 22
21 22
21 21
20 21
19 21
19 20
20 20
20 19
20 18
20 19
20 20
21 20
21 19
20 19
21 19
21 20
20 20
20 21
19 21
20 21
20 22
20 21
19 21
18 21
18 20
18 19
18 18
19 18
19 19
19 20
18 20
18 21
19 21
20 21
20 20
21 20
21 19
21 20
22 20
22 21
22 22
21 22
21 23
21 22
22 22
23 22
24 22
25 22
25 23
24 23
24 24
24 25
24 26
24 27
24 26
23 26
24 26
24 27
24 26
23 26
23 25
23 24
22 24
22 25
21 25
20 25
20 24
19 24
19 23
19 22
20 22
20 21
20 20
19 20
18 20
17 20
18 20
19 20
18 20
18 19
19 19
18 19
18 18
18 19
17 19
17 18
17 17
17 16
16 16
16 15
16 16
16 15
17 15
17 16
17 15
17 16
18 16
17 16
18 16
17 16
17 15
16 15
16 14
15 14
14 14
15 14
14 14
14 13
14 12
15 12
14 12
13 12
13 13
13 12
13 11
12 11
12 12
13 12
14 12
14 11
14 12
14 13
13 13
13 12
13 11
12 11
12 12
12 13
12 12
11 12
11 13
10 13
9 13
8 13
8 14
7 14
7 13
7 14
7 13
6 13
7 13
7 14
7 15
6 15
6 16
6 15
5 15
5 14
5 13
4 13
5 13
5 14
4 14
3 14
3 15
4 15
4 16
3 16
3 15
3 16
3 17
3 16
4 16
3 16
3 17
2 17
1 17
1 16
0 16
0 15
1 15
1 16
1 15
2 15
2 14
1 14
2 14
2 15
2 14
1 14
1 15
2 15
2 14
2 15
