0 0
1 0
2 0
3 0
2 0
3 0
3 1
3 2
4 2
4 3
4 2
5 2
4 2
4 1
5 1
4 1
3 1
4 1
4 0
5 0
5 1
5 2
4 2
4 3
5 3
5 2
5 1
4 1
5 1
5 2
5 1
5 2
6 2
5 2
5 3
4 3
4 4
3 4
3 3
2 3
2 2
2 3
2 2
2 1
1 1
0 1
0 0
1 0
2 0
2 1
1 1
1 0
2 0
2 1
3 1
3 2
2 2
3 2
4 2
4 1
5 1
5 0
5 1
5 2
5 3
5 4
4 4
5 4
5 3
6 3
7 3
6 3
6 4
6 5
6 6
7 6
6 6
5 6
5 7
5 8
6 8
6 9
6 10
6 9
7 9
7 8
7 9
8 9
9 9
9 10
8 10
7 10
8 10
9 10
9 11
9 12
10 12
11 12
10 12
9 12
8 12
9 12
8 12
9 12
8 12
7 12
6 12
7 12
6 12
6 13
6 12
6 11
6 10
6 9
6 10
6 9
7 9
7 8
8 8
8 9
8 10
8 11
8 10
8 11
8 12
9 12
9 11
10 11
10 10
10 11
10 12
11 12
11 11
11 10
11 9
11 10
11 11
12 11
11 11
12 11
12 10
12 9
13 9
14 9
14 10
14 9
13 9
14 9
14 10
14 11
14 12
15 12
14 12
14 13
15 13
15 14
14 14
14 13
14 14
14 13
14 14
14 15
15 15
16 15
17 15
16 15
16 16
15 16
15 15
14 15
13 15
13 14
13 13
12 13
12 12
12 13
13 13
13 14
14 14
14 15
14 16
14 17
15 17
15 18
15 17
15 16
15 15
16 15
16 14
16 15
17 15
18 15
18 14
19 14
18 14
18 13
18 14
19 14
20 14
20 15
20 14
20 13
21 13
20 13
20 14
20 13
20 12
21 12
21 11
20 11
19 11
20 11
20 10
19 10
18 10
18 9
19 9
19 8
19 9
19 8
19 7
19 8
19 9
19 8
20 8
19 8
19 7
19 8
20 8
19 8
19 9
18 9
19 9
19 10
19 11
19 10
19 9
19 8
19 9
18 9
17 9
17 10
18 10
17 10
17 9
18 9
18 10
19 10
19 9
19 10
19 9
20 9
20 10
20 9
20 8
19 8
19 7
19 6
18 6
17 6
17 5
17 6
17 7
18 7
18 8
18 9
18 8
17 8
17 9
16 9
16 8
16 9
15 9
15 10
15 9
15 10
15 11
15 12
15 11
15 12
15 13
15 14
15 13
14 13
13 13
14 13
14 12
13 12
13 13
14 13
13 13
14 13
13 13
13 14
13 13
13 14
12 14
12 13
13 13
13 12
13 11
12 11
12 12
13 12
13 13
14 13
14 14
14 15
14 14
15 14
14 14
13 14
13 15
12 15
13 15
13 14
14 14
13 14
12 14
11 14
11 15
12 15
12 16
12 17
13 17
13 18
12 18
12 19
11 19
10 19
10 20
9 20
9 21
9 22
8 22
7 22
7 21
6 21
5 21
6 21
5 21
5 22
6 22
5 22
5 23
5 24
6 24
7 24
6 24
7 24
6 24
6 23
6 24
6 23
6 22
6 21
6 22
5 22
6 22
6 23
6 24
7 24
8 24
7 24
8 24
8 25
7 25
7 26
7 27
6 27
6 26
7 26
7 25
8 25
8 24
8 25
8 24
7 24
8 24
8 25
7 25
7 24
7 25
8 25
8 24
8 23
9 23
9 22
10 22
11 22
11 23
12 23
12 22
12 23
11 23
12 23
11 23
11 22
12 22
13 22
13 23
12 23
13 23
13 22
13 21
12 21
12 22
12 23
12 24
12 25
12 24
12 25
13 25
12 25
12 26
13 26
13 27
13 26
13 25
13 26
12 26
12 27
11 27
11 28
10 28
9 28
10 28
10 29
9 29
10 29
11 29
11 28
11 29
11 28
10 28
9 28
8 28
8 29
8 28
8 27
7 27
7 28
8 28
8 29
9 29
10 29
9 29
10 29
11 29
11 30
11 29
12 29
13 29
12 29
11 29
11 30
11 31
11 30
11 31
11 32
11 31
10 31
10 32
10 33
11 33
10 33
10 32
10 33
9 33
8 33
8 34
9 34
10 34
10 33
9 33
9 32
10 32
10 33
10 34
9 34
9 35
10 35
11 35
10 35
9 35
9 36
9 37
9 38
9 37
8 37
7 37
7 38
8 38
8 37
9 37
9 38
10 38
11 38
11 37
12 37
13 37
13 36
13 35
12 35
12 36
11 36
12 36
11 36
11 37
12 37
13 37
13 36
14 36
14 37
15 37
16 37
16 38
15 38
15 37
15 38
15 37
16 37
16 36
16 37
16 36
16 37
16 38
16 37
15 37
15 36
15 37
14 37
15 37
15 38
15 39
15 38
14 38
14 39
13 39
12 39
11 39
12 39
12 38
12 37
12 36
12 37
11 37
10 37
10 36
11 36
10 36
9 36
10 36
9 36
9 35
8 35
9 35
8 35
7 35
7 36
6 36
5 36
5 37
4 37
4 36
5 36
5 37
5 36
5 37
4 37
5 37
5 36
6 36
6 35
6 34
7 34
7 35
6 35
6 36
6 35
6 34
6 35
7 35
6 35
6 34
6 35
7 35
7 36
7 37
6 37
5 37
5 36
4 36
3 36
2 36
2 35
2 36
3 36
4 36
5 36
5 35
5 34
6 34
6 33
7 33
7 32
8 32
8 33
8 34
8 35
7 35
7 34
7 33
7 34
6 34
6 33
7 33
6 33
5 33
6 33
6 34
5 34
4 34
4 35
4 34
3 34
3 35
4 35
4 36
3 36
2 36
3 36
3 35
2 35
2 36
2 35
2 36
1 36
2 36
2 35
1 35
2 35
2 34
2 35
2 36
2 37
3 37
2 37
1 37
2 37
2 38
2 39
1 39
0 39
1 39
0 39
1 39
2 39
2 40
2 39
2 38
3 38
2 38
2 39
2 40
1 40
1 41
1 42
0 42
1 42
1 41
2 41
2 40
2 39
2 40
2 41
2 40
3 40
2 40
2 39
2 40
2 39
3 39
3 38
4 38
3 38
3 37
2 37
2 36
1 36
1 37
1 36
1 37
1 38
2 38
3 38
2 38
2 37
1 37
1 38
1 39
1 40
2 40
2 41
3 41
3 40
3 41
2 41
3 41
3 40
2 40
2 39
3 39
3 38
2 38
2 39
1 39
2 39
1 39
2 39
3 39
4 39
4 38
3 38
4 38
4 37
5 37
5 36
6 36
7 36
6 36
6 35
5 35
4 35
4 36
5 36
5 35
5 34
5 33
4 33
4 34
3 34
2 34
2 33
1 33
1 32
1 33
2 33
1 33
1 32
0 32
1 32
1 33
0 33
1 33
2 33
1 33
1 32
2 32
2 33
3 33
2 33
2 34
3 34
4 34
4 35
4 36
4 37
4 36
4 37
5 37
5 36
6 36
6 37
6 38
6 39
5 39
6 39
6 40
5 40
5 39
5 40
5 41
4 41
5 41
5 42
5 43
5 44
5 43
6 43
6 42
5 42
5 41
6 41
7 41
7 42
8 42
8 43
9 43
10 43
10 44
10 43
10 42
10 41
11 41
11 40
10 40
10 41
10 40
10 41
10 42
10 43
10 44
10 43
9 43
8 43
8 44
9 44
9 43
10 43
11 43
11 44
11 45
11 44
11 43
12 43
12 42
13 42
12 42
12 41
12 40
13 40
13 41
13 40
12 40
11 40
11 39
12 39
11 39
10 39
11 39
10 39
10 40
9 40
9 39
9 40
9 41
9 42
10 42
11 42
12 42
12 43
11 43
12 43
12 42
12 41
11 41
11 40
10 40
11 40
12 40
12 41
12 40
13 40
13 39
13 38
12 38
12 37
12 36
12 35
12 36
12 37
12 36
12 37
13 37
12 37
11 37
11 38
12 38
13 38
12 38
11 38
11 39
10 39
10 38
9 38
10 38
11 38
10 38
10 37
10 36
9 36
8 36
8 35
7 35
7 34
7 33
6 33
6 34
7 34
7 33
8 33
9 33
10 33
10 32
10 31
9 31
10 31
10 32
10 31
9 31
10 31
10 32
10 31
10 32
10 33
11 33
11 32
11 33
12 33
12 34
12 33
11 33
11 32
11 33
11 32
12 32
12 33
11 33
12 33
12 34
11 34
11 33
11 34
11 33
12 33
11 33
11 34
12 34
12 35
13 35
13 34
13 33
13 32
14 32
15 32
14 32
15 32
14 32
14 33
14 34
14 33
14 34
13 34
13 35
13 36
14 36
14 35
13 35
12 35
11 35
11 36
12 36
11 36
11 37
11 36
11 37
12 37
13 37
12 37
11 37
11 36
11 37
11 38
12 38
11 38
11 39
12 39
11 39
11 38
11 39
10 39
9 39
9 38
9 37
10 37
9 37
9 36
9 37
9 38
10 38
10 37
11 37
11 36
10 36
11 36
12 36
12 37
12 38
13 38
