0 0
1 0
0 0
0 1
1 1
1 2
0 2
1 2
0 2
1 2
0 2
1 2
1 3
1 2
1 1
1 2
0 2
0 1
1 1
1 0
1 1
1 0
0 0
1 0
0 0
1 0
0 0
1 0
1 1
1 2
1 1
2 1
2 2
2 3
2 2
3 2
3 3
3 2
4 2
3 2
3 3
2 3
1 3
0 3
1 3
1 4
1 5
0 5
1 5
1 4
0 4
1 4
1 3
1 2
1 3
1 2
1 3
1 4
1 5
1 4
1 5
2 5
3 5
3 4
4 4
4 5
4 4
4 5
4 4
3 4
3 5
3 6
4 6
4 5
3 5
2 5
1 5
2 5
1 5
1 4
0 4
1 4
1 3
1 2
1 3
0 3
0 2
0 1
0 2
1 2
1 1
1 2
1 1
1 0
1 1
1 0
1 1
0 1
1 1
1 0
2 0
2 1
2 0
1 0
1 1
2 1
1 1
0 1
1 1
2 1
3 1
3 0
4 0
4 1
5 1
6 1
7 1
7 2
6 2
5 2
5 3
5 4
6 4
6 5
6 4
6 3
7 3
7 2
7 1
7 2
8 2
9 2
9 1
9 0
9 1
8 1
7 1
7 2
7 3
7 2
8 2
9 2
9 1
10 1
10 2
9 2
8 2
8 1
8 2
7 2
8 2
7 2
7 3
7 4
7 3
7 2
7 3
7 2
7 1
7 2
8 2
8 1
9 1
8 1
7 1
7 0
8 0
9 0
8 0
8 1
9 1
9 2
8 2
8 1
8 0
9 0
8 0
8 1
7 1
8 1
7 1
6 1
7 1
7 0
7 1
8 1
8 2
8 3
8 2
9 2
9 1
8 1
8 0
8 1
8 2
9 2
8 2
8 1
9 1
8 1
8 2
7 2
6 2
7 2
7 1
7 2
8 2
7 2
8 2
9 2
8 2
9 2
9 3
9 4
9 5
8 5
7 5
8 5
8 4
8 3
9 3
8 3
9 3
9 2
10 2
9 2
8 2
9 2
9 1
9 0
9 1
8 1
8 2
8 1
7 1
6 1
5 1
6 1
6 0
5 0
4 0
3 0
3 1
4 1
5 1
5 0
5 1
5 0
6 0
6 1
6 0
6 1
6 0
7 0
8 0
9 0
9 1
8 1
7 1
7 2
8 2
9 2
8 2
8 3
9 3
9 4
8 4
8 3
8 2
9 2
9 1
8 1
8 0
8 1
7 1
6 1
7 1
7 2
7 1
8 1
7 1
7 2
8 2
8 3
8 4
8 5
8 6
8 7
8 6
9 6
9 5
9 4
8 4
8 3
8 2
8 3
7 3
8 3
8 4
8 3
8 2
9 2
8 2
8 3
8 2
8 1
8 0
9 0
9 1
8 1
7 1
7 0
8 0
8 1
7 1
7 0
6 0
7 0
8 0
7 0
8 0
8 1
8 0
8 1
7 1
6 1
7 1
8 1
7 1
7 2
7 1
7 0
6 0
6 1
7 1
8 1
7 1
8 1
8 2
7 2
6 2
5 2
4 2
4 3
4 2
4 1
4 2
5 2
5 3
4 3
4 2
4 3
5 3
5 4
6 4
6 3
7 3
6 3
5 3
5 2
4 2
3 2
3 1
2 1
2 0
1 0
1 1
1 0
2 0
3 0
4 0
4 1
4 2
5 2
6 2
6 3
6 4
6 5
6 4
6 3
7 3
7 2
7 3
8 3
8 4
8 5
9 5
10 5
11 5
11 4
10 4
10 3
10 4
9 4
9 3
9 2
9 1
10 1
11 1
10 1
9 1
8 1
7 1
8 1
8 2
9 2
8 2
8 1
8 0
9 0
8 0
7 0
8 0
8 1
8 2
8 1
8 0
8 1
8 0
8 1
7 1
7 2
7 1
8 1
7 1
7 2
8 2
9 2
8 2
8 3
8 4
7 4
6 4
5 4
5 5
6 5
5 5
5 4
6 4
6 3
6 2
6 3
6 2
7 2
7 3
8 3
9 3
9 4
9 3
9 4
9 5
9 6
8 6
7 6
8 6
8 5
9 5
10 5
11 5
10 5
9 5
9 4
10 4
10 3
10 2
11 2
10 2
10 3
11 3
12 3
13 3
14 3
13 3
12 3
12 2
12 1
13 1
13 0
12 0
11 0
11 1
10 1
10 0
11 0
10 0
11 0
12 0
11 0
11 1
12 1
12 0
13 0
14 0
15 0
15 1
16 1
17 1
18 1
17 1
16 1
16 0
15 0
16 0
16 1
17 1
16 1
16 2
15 2
16 2
16 1
17 1
17 2
17 3
17 2
16 2
17 2
17 1
18 1
18 2
18 3
18 2
18 1
17 1
16 1
16 0
16 1
16 0
16 1
16 0
16 1
15 1
14 1
15 1
15 0
16 0
16 1
15 1
14 1
13 1
14 1
15 1
14 1
15 1
16 1
15 1
16 1
17 1
17 2
17 3
17 2
18 2
17 2
18 2
18 1
18 0
17 0
16 0
16 1
16 2
15 2
14 2
15 2
14 2
15 2
16 2
16 3
17 3
17 4
16 4
15 4
14 4
14 5
15 5
15 4
16 4
16 3
15 3
15 2
14 2
14 1
14 0
14 1
14 2
13 2
13 1
14 1
13 1
13 0
13 1
14 1
14 0
14 1
13 1
13 2
14 2
13 2
13 3
13 4
14 4
13 4
13 3
13 4
13 5
13 6
14 6
14 5
15 5
14 5
14 6
15 6
15 7
14 7
15 7
16 7
16 6
17 6
17 5
16 5
16 4
16 5
16 4
15 4
15 5
15 6
15 5
16 5
16 4
16 3
16 2
16 3
15 3
16 3
17 3
17 2
16 2
16 3
16 4
16 5
15 5
16 5
15 5
14 5
14 4
14 5
14 6
14 5
15 5
15 4
16 4
16 5
16 6
16 5
16 6
16 5
16 6
15 6
16 6
16 7
17 7
16 7
17 7
17 8
18 8
19 8
20 8
20 7
19 7
19 6
18 6
19 6
19 5
18 5
19 5
20 5
19 5
20 5
20 4
20 3
21 3
21 4
20 4
20 3
20 2
20 1
20 0
20 1
20 0
20 1
19 1
19 2
20 2
20 1
20 0
21 0
21 1
21 2
21 3
22 3
23 3
23 4
24 4
25 4
26 4
26 5
26 4
27 4
27 3
28 3
28 2
27 2
28 2
28 3
27 3
28 3
28 2
29 2
28 2
28 3
29 3
29 2
29 3
28 3
29 3
28 3
28 2
27 2
27 3
27 2
27 3
28 3
29 3
28 3
29 3
29 2
29 3
30 3
29 3
30 3
31 3
32 3
31 3
31 4
32 4
32 3
32 4
31 4
30 4
30 3
30 4
31 4
31 5
31 6
31 7
31 8
30 8
31 8
31 9
30 9
30 8
30 9
29 9
30 9
30 10
29 10
30 10
29 10
29 11
30 11
29 11
30 11
29 11
29 10
30 10
30 11
30 12
29 12
29 13
30 13
30 14
31 14
32 14
31 14
30 14
30 13
30 12
30 11
31 11
32 11
32 10
33 10
34 10
34 9
35 9
35 8
36 8
37 8
36 8
36 7
35 7
35 6
34 6
34 7
33 7
33 6
33 7
33 8
32 8
31 8
31 7
31 8
30 8
29 8
28 8
28 9
29 9
29 10
28 10
27 10
27 11
27 10
27 11
27 12
27 13
26 13
26 12
26 11
26 12
25 12
25 13
26 13
26 14
25 14
25 15
26 15
26 16
26 15
25 15
24 15
25 15
25 14
25 13
25 14
26 14
25 14
26 14
26 13
26 14
26 15
25 15
25 16
26 16
26 17
25 17
26 17
25 17
25 18
25 19
26 19
27 19
28 19
27 19
26 19
26 18
26 17
26 18
25 18
25 17
25 16
25 17
25 18
25 17
26 17
25 17
25 16
25 15
24 15
25 15
25 14
24 14
23 14
23 15
24 15
24 16
24 17
24 16
24 17
23 17
24 17
23 17
23 18
22 18
22 19
21 19
20 19
20 20
19 20
19 21
19 20
20 20
20 19
20 18
20 19
20 18
21 18
21 17
21 16
20 16
20 15
20 16
20 15
19 15
19 14
20 14
19 14
19 13
19 14
19 13
20 13
21 13
21 14
21 13
22 13
21 13
21 14
20 14
20 13
19 13
20 13
19 13
19 12
19 11
19 10
20 10
20 11
20 10
20 9
20 10
20 11
21 11
21 10
20 10
20 9
20 8
20 7
20 6
20 7
20 6
20 5
20 6
19 6
20 6
19 6
19 5
20 5
20 4
20 5
21 5
21 6
22 6
23 6
23 7
24 7
24 6
25 6
25 7
25 8
25 7
24 7
23 7
24 7
24 6
24 5
24 6
24 7
23 7
24 7
24 8
24 7
24 6
23 6
23 7
23 6
23 7
24 7
25 7
26 7
26 6
25 6
25 7
25 6
26 6
25 6
24 6
24 5
24 6
24 7
24 8
24 7
24 6
23 6
