0 0
0 1
0 0
1 0
2 0
2 1
2 0
2 1
2 2
1 2
1 1
1 0
1 1
0 1
1 1
0 1
1 1
1 0
2 0
2 1
2 2
1 2
1 1
1 2
2 2
2 3
1 3
1 2
0 2
0 3
1 3
1 2
1 3
1 2
1 3
1 2
0 2
1 2
0 2
0 3
1 3
1 2
0 2
1 2
1 1
1 2
0 2
0 3
1 3
0 3
1 3
0 3
1 3
1 2
1 1
2 1
2 2
3 2
2 2
2 3
1 3
2 3
3 3
2 3
3 3
3 4
3 5
3 6
3 7
2 7
1 7
2 7
1 7
1 8
1 7
2 7
2 6
2 5
2 6
2 5
2 4
3 4
3 5
4 5
4 6
4 7
4 8
5 8
5 9
4 9
3 9
3 8
3 9
4 9
4 8
3 8
4 8
3 8
4 8
4 9
4 10
5 10
5 9
6 9
7 9
8 9
8 8
7 8
7 7
6 7
6 6
7 6
6 6
7 6
8 6
7 6
7 7
7 8
6 8
6 9
6 8
6 9
7 9
6 9
5 9
5 10
5 9
4 9
4 8
3 8
4 8
4 7
5 7
6 7
5 7
5 8
6 8
6 7
5 7
6 7
7 7
8 7
7 7
7 6
7 7
8 7
7 7
8 7
7 7
6 7
5 7
4 7
4 8
4 7
4 6
3 6
4 6
4 5
3 5
4 5
4 4
4 5
3 5
4 5
4 4
3 4
3 3
4 3
4 4
4 3
3 3
3 2
3 3
4 3
5 3
4 3
4 4
5 4
5 3
5 4
5 5
5 4
6 4
6 5
5 5
6 5
6 4
6 5
7 5
7 6
6 6
7 6
6 6
6 7
7 7
7 6
7 5
7 4
6 4
6 5
6 6
5 6
4 6
5 6
5 7
6 7
5 7
4 7
4 8
4 9
3 9
3 8
2 8
2 7
1 7
1 8
2 8
2 9
1 9
2 9
2 10
1 10
1 9
1 8
1 7
1 6
2 6
1 6
1 5
0 5
1 5
2 5
3 5
4 5
4 4
4 3
5 3
6 3
5 3
5 2
4 2
4 3
5 3
4 3
3 3
4 3
4 2
4 3
3 3
3 2
4 2
3 2
2 2
2 1
2 2
2 1
3 1
4 1
4 0
3 0
2 0
3 0
3 1
2 1
3 1
3 2
3 3
3 4
4 4
4 5
4 6
5 6
6 6
7 6
7 7
7 6
8 6
8 7
9 7
9 6
8 6
9 6
9 5
10 5
9 5
9 6
9 5
10 5
10 4
11 4
10 4
10 3
10 2
11 2
12 2
12 1
13 1
12 1
12 0
12 1
13 1
14 1
14 0
15 0
16 0
17 0
18 0
18 1
18 0
17 0
17 1
18 1
19 1
19 2
20 2
20 3
21 3
22 3
22 4
22 5
22 6
22 7
22 8
21 8
20 8
20 9
21 9
21 10
22 10
21 10
22 10
22 11
21 11
22 11
22 10
22 11
22 10
22 9
22 8
22 7
22 8
22 9
21 9
22 9
22 10
21 10
22 10
22 11
21 11
21 10
21 9
21 10
20 10
21 10
22 10
22 9
23 9
24 9
24 10
25 10
25 9
26 9
25 9
24 9
25 9
25 10
25 9
26 9
26 10
25 10
25 11
26 11
26 12
27 12
26 12
26 13
25 13
25 14
24 14
24 15
24 16
25 16
25 17
24 17
25 17
25 16
25 15
25 14
26 14
27 14
27 13
28 13
29 13
29 14
30 14
30 13
29 13
28 13
29 13
29 14
29 13
30 13
30 14
31 14
31 15
31 16
31 17
31 16
30 16
29 16
30 16
29 16
30 16
29 16
28 16
29 16
30 16
30 15
31 15
30 15
30 14
30 13
29 13
29 12
30 12
31 12
32 12
33 12
33 13
34 13
34 14
35 14
36 14
36 15
35 15
35 14
34 14
34 15
33 15
32 15
33 15
33 16
33 15
32 15
33 15
34 15
33 15
32 15
33 15
33 14
32 14
31 14
31 13
30 13
29 13
30 13
29 13
30 13
29 13
30 13
29 13
29 12
28 12
28 13
27 13
28 13
29 13
30 13
30 14
30 15
29 15
29 14
28 14
27 14
27 15
27 14
26 14
26 15
27 15
26 15
27 15
26 15
27 15
27 16
26 16
27 16
28 16
28 17
28 18
27 18
27 19
26 19
27 19
26 19
26 20
26 19
27 19
28 19
29 19
29 18
29 19
29 20
28 20
28 19
29 19
28 19
28 18
29 18
30 18
30 17
30 16
30 17
30 16
30 17
30 16
30 17
30 18
29 18
29 17
30 17
30 16
29 16
28 16
27 16
28 16
27 16
27 15
27 14
26 14
26 15
25 15
25 16
24 16
24 17
24 18
24 19
24 20
24 19
24 20
24 19
24 18
23 18
23 19
22 19
23 19
23 20
24 20
24 21
25 21
25 22
26 22
26 23
27 23
27 24
27 23
27 24
27 23
27 24
26 24
26 25
27 25
26 25
27 25
27 26
26 26
26 25
26 24
25 24
24 24
25 24
26 24
25 24
25 23
25 24
25 25
26 25
26 24
26 25
25 25
25 24
26 24
26 23
26 24
26 23
26 24
25 24
25 25
25 26
24 26
25 26
25 25
25 26
25 27
26 27
27 27
27 26
28 26
27 26
27 25
27 26
28 26
27 26
28 26
27 26
27 25
27 26
26 26
26 27
27 27
28 27
28 28
28 29
28 30
27 30
26 30
26 31
26 30
26 29
25 29
26 29
25 29
25 30
24 30
23 30
23 31
24 31
23 31
22 31
22 30
22 29
23 29
22 29
21 29
21 28
21 27
20 27
20 26
19 26
19 25
19 24
19 23
18 23
17 23
18 23
19 23
19 24
20 24
21 24
21 23
21 22
21 21
22 21
21 21
22 21
22 22
23 22
23 23
23 24
22 24
21 24
20 24
20 25
20 26
21 26
22 26
22 27
22 28
21 28
21 29
21 30
21 29
20 29
20 28
20 27
21 27
22 27
22 26
22 27
22 26
21 26
21 25
22 25
23 25
23 26
23 25
24 25
23 25
22 25
23 25
22 25
22 24
21 24
21 25
21 24
21 25
21 26
20 26
20 25
20 26
20 27
19 27
19 26
19 25
19 24
18 24
19 24
19 23
20 23
19 23
19 24
19 25
19 26
19 27
20 27
20 28
21 28
22 28
21 28
20 28
19 28
19 27
19 26
20 26
21 26
21 25
20 25
20 24
20 25
20 26
20 27
20 26
20 25
21 25
21 26
22 26
21 26
22 26
23 26
23 25
23 24
23 23
23 24
22 24
22 23
22 22
22 21
23 21
23 20
23 21
24 21
23 21
23 20
23 19
24 19
24 18
25 18
26 18
26 17
27 17
27 16
28 16
28 15
28 14
27 14
26 14
26 13
25 13
25 12
25 11
25 12
26 12
26 13
26 14
25 14
25 13
25 14
26 14
27 14
27 15
27 14
27 13
26 13
27 13
26 13
26 12
27 12
27 11
27 10
27 11
27 12
27 11
27 12
27 11
27 10
27 9
26 9
26 8
25 8
24 8
23 8
24 8
24 9
24 8
24 9
25 9
25 8
25 7
26 7
26 6
25 6
25 7
25 8
24 8
23 8
24 8
24 9
23 9
23 8
23 9
23 10
23 11
22 11
21 11
22 11
21 11
20 11
19 11
18 11
19 11
20 11
19 11
20 11
20 10
20 9
21 9
20 9
21 9
21 10
20 10
20 9
20 8
20 9
21 9
22 9
23 9
24 9
23 9
23 8
22 8
21 8
21 7
21 8
22 8
22 7
22 8
21 8
21 9
22 9
23 9
23 10
23 9
23 8
23 9
24 9
24 8
24 7
24 6
24 5
24 6
23 6
24 6
25 6
26 6
25 6
24 6
24 5
23 5
23 6
24 6
23 6
23 5
22 5
23 5
22 5
23 5
23 4
23 3
24 3
25 3
25 2
24 2
24 3
24 4
25 4
24 4
23 4
24 4
25 4
25 5
25 6
24 6
23 6
23 7
23 8
23 9
23 10
22 10
22 9
21 9
21 10
20 10
20 9
20 10
20 9
19 9
20 9
20 10
19 10
18 10
18 11
17 11
17 10
18 10
18 9
18 8
17 8
18 8
18 7
17 7
17 8
17 9
17 10
16 10
16 9
16 10
16 11
15 11
16 11
17 11
17 12
16 12
15 12
14 12
14 13
14 14
14 13
13 13
14 13
15 13
14 13
14 12
13 12
13 13
13 14
12 14
13 14
14 14
15 14
14 14
14 13
14 14
14 15
14 16
13 16
13 15
13 16
14 16
14 17
13 17
12 17
12 16
13 16
13 17
14 17
14 16
15 16
14 16
14 17
14 18
14 19
14 20
14 21
14 20
15 20
15 21
16 21
17 21
16 21
16 22
17 22
17 23
17 22
17 21
16 21
16 20
15 20
16 20
17 20
18 20
18 21
