0 0
1 0
1 1
1 0
1 1
1 0
1 1
1 2
0 2
0 1
1 1
2 1
1 1
1 2
2 2
1 2
1 3
0 3
0 4
1 4
2 4
2 3
2 4
2 3
3 3
3 2
4 2
3 2
2 2
2 3
3 3
2 3
1 3
1 4
0 4
1 4
1 5
1 4
1 3
1 4
0 4
1 4
0 4
0 3
0 2
0 3
1 3
1 2
0 2
1 2
1 1
1 0
1 1
0 1
1 1
2 1
3 1
4 1
3 1
4 1
3 1
2 1
2 0
2 1
1 1
1 2
0 2
1 2
1 1
1 2
2 2
3 2
3 3
4 3
4 4
4 3
4 2
3 2
4 2
5 2
6 2
7 2
7 3
7 2
7 3
8 3
7 3
7 2
7 1
6 1
7 1
6 1
5 1
5 2
5 3
6 3
5 3
4 3
5 3
4 3
4 2
4 1
5 1
5 0
6 0
7 0
6 0
6 1
5 1
5 0
6 0
5 0
5 1
5 0
5 1
5 0
5 1
5 2
4 2
4 1
4 2
5 2
5 1
6 1
6 2
6 3
6 4
7 4
6 4
6 3
6 2
6 3
5 3
4 3
5 3
5 2
6 2
6 3
5 3
4 3
4 4
4 5
4 6
3 6
4 6
5 6
4 6
3 6
3 7
2 7
3 7
2 7
2 6
2 7
1 7
0 7
1 7
2 7
2 8
1 8
1 9
0 9
0 10
0 11
0 12
0 11
1 11
2 11
2 12
2 11
2 12
3 12
4 12
4 13
4 12
5 12
5 11
4 11
4 10
4 9
3 9
3 8
4 8
4 9
4 8
3 8
3 7
3 8
3 9
4 9
4 10
4 11
4 10
4 9
4 8
4 9
4 8
5 8
5 7
5 6
4 6
3 6
3 5
3 4
4 4
4 3
3 3
4 3
5 3
5 2
4 2
4 1
4 0
4 1
3 1
3 2
4 2
5 2
6 2
5 2
5 1
5 2
5 3
4 3
3 3
2 3
2 2
2 3
2 2
2 1
3 1
3 0
3 1
3 2
4 2
5 2
6 2
7 2
7 3
8 3
7 3
7 4
7 5
6 5
7 5
6 5
5 5
5 6
5 5
5 4
4 4
5 4
5 3
5 2
6 2
6 3
5 3
4 3
3 3
3 4
3 5
3 6
3 7
4 7
4 6
4 5
4 6
4 5
5 5
4 5
4 6
4 7
4 6
4 7
5 7
5 8
5 9
4 9
4 10
4 9
4 8
4 7
4 6
3 6
3 5
3 4
3 3
4 3
4 4
4 3
3 3
2 3
2 4
2 5
2 6
2 5
1 5
0 5
0 6
1 6
1 7
2 7
1 7
1 8
1 9
1 8
0 8
1 8
2 8
2 7
3 7
4 7
4 6
4 7
4 8
3 8
4 8
4 9
3 9
3 8
2 8
3 8
4 8
5 8
4 8
4 9
5 9
4 9
5 9
4 9
4 10
4 9
4 10
4 11
4 10
4 11
5 11
5 12
6 12
6 13
6 12
6 13
6 12
7 12
7 11
8 11
7 11
7 12
7 13
6 13
6 14
5 14
5 15
5 14
5 13
5 12
5 11
5 10
5 9
4 9
4 10
4 11
5 11
4 11
4 12
3 12
4 12
5 12
5 11
5 10
6 10
7 10
7 11
7 12
7 11
7 12
7 13
8 13
9 13
8 13
8 14
8 13
9 13
9 14
10 14
9 14
8 14
9 14
8 14
7 14
7 15
6 15
5 15
4 15
5 15
5 16
6 16
6 17
5 17
6 17
6 16
5 16
4 16
4 17
3 17
4 17
4 18
5 18
6 18
7 18
7 19
6 19
6 18
7 18
7 17
8 17
8 16
8 15
8 14
8 15
8 16
7 16
6 16
6 17
6 16
7 16
7 15
6 15
5 15
4 15
5 15
6 15
7 15
6 15
7 15
6 15
6 14
6 13
6 12
6 11
5 11
5 10
5 9
5 10
5 9
4 9
4 10
4 11
5 11
4 11
4 10
5 10
5 9
5 10
5 9
6 9
5 9
4 9
4 10
4 11
5 11
4 11
3 11
4 11
5 11
4 11
4 12
4 11
3 11
3 12
2 12
1 12
0 12
1 12
1 11
2 11
1 11
0 11
0 12
0 13
1 13
2 13
3 13
3 12
3 11
4 11
3 11
2 11
2 12
2 13
2 14
2 15
1 15
2 15
1 15
0 15
0 16
1 16
0 16
0 17
1 17
2 17
2 18
3 18
3 19
2 19
2 18
1 18
1 19
1 18
2 18
1 18
0 18
0 17
0 18
0 17
0 16
0 17
1 17
1 18
0 18
1 18
2 18
2 19
2 18
3 18
3 19
3 20
3 19
3 20
4 20
3 20
2 20
1 20
1 21
2 21
2 20
3 20
4 20
4 19
5 19
6 19
5 19
5 18
4 18
4 17
3 17
3 16
3 15
3 14
2 14
1 14
1 15
2 15
1 15
1 16
1 15
1 14
0 14
0 13
1 13
1 12
2 12
2 13
3 13
3 14
2 14
2 15
2 14
2 13
2 14
3 14
3 15
2 15
2 16
2 17
3 17
2 17
1 17
2 17
1 17
1 18
2 18
3 18
3 19
3 20
2 20
2 21
2 22
2 23
1 23
1 24
0 24
1 24
2 24
2 25
1 25
1 26
1 27
2 27
3 27
4 27
3 27
3 26
3 27
3 28
3 29
4 29
4 30
5 30
5 31
5 32
4 32
4 33
4 32
4 33
4 32
4 33
5 33
5 34
6 34
6 35
7 35
8 35
9 35
9 34
9 33
10 33
10 34
9 34
10 34
10 35
9 35
9 34
9 33
10 33
10 34
10 35
9 35
8 35
9 35
9 36
10 36
10 35
11 35
10 35
11 35
10 35
10 36
9 36
9 37
10 37
10 38
11 38
11 37
12 37
13 37
12 37
11 37
11 38
10 38
10 39
9 39
10 39
10 38
9 38
10 38
11 38
11 39
11 38
10 38
9 38
9 39
8 39
8 38
8 37
9 37
9 36
9 37
9 38
8 38
8 37
7 37
7 38
7 37
8 37
8 36
8 37
9 37
9 36
10 36
9 36
9 37
10 37
11 37
11 38
11 39
11 40
11 39
10 39
9 39
9 40
10 40
10 39
10 40
11 40
11 39
12 39
12 40
12 41
11 41
10 41
9 41
10 41
9 41
9 42
10 42
9 42
8 42
8 41
9 41
9 42
10 42
11 42
11 43
11 44
10 44
10 43
9 43
9 44
9 45
8 45
9 45
9 44
10 44
9 44
8 44
7 44
7 45
7 44
7 43
7 42
7 41
8 41
9 41
9 42
9 43
9 44
10 44
10 45
10 44
9 44
9 45
9 44
8 44
8 43
7 43
6 43
6 44
5 44
5 43
4 43
4 44
3 44
3 45
3 46
4 46
3 46
3 47
4 47
4 48
3 48
2 48
3 48
3 49
3 50
3 51
3 50
4 50
3 50
3 51
4 51
5 51
5 50
6 50
5 50
6 50
5 50
6 50
5 50
4 50
4 51
4 50
3 50
3 49
3 48
2 48
2 47
3 47
3 46
3 45
3 46
2 46
2 47
2 48
3 48
2 48
2 49
2 50
2 51
1 51
1 50
1 51
2 51
2 52
2 51
1 51
2 51
1 51
2 51
3 51
3 50
3 49
3 50
4 50
3 50
2 50
2 49
1 49
2 49
2 48
2 49
2 48
3 48
4 48
4 49
3 49
2 49
2 48
2 47
3 47
3 46
3 45
3 46
2 46
1 46
2 46
2 45
1 45
1 44
0 44
1 44
0 44
0 43
0 44
0 45
1 45
1 46
2 46
2 47
2 48
1 48
1 47
1 48
1 47
1 48
1 47
0 47
0 48
1 48
1 49
1 48
0 48
1 48
1 47
0 47
1 47
1 46
2 46
2 45
2 44
2 43
2 42
2 41
1 41
1 42
0 42
0 43
1 43
0 43
0 44
0 43
1 43
2 43
2 42
1 42
0 42
1 42
1 41
2 41
2 40
3 40
2 40
2 39
2 40
1 40
1 39
1 38
1 37
1 38
1 37
2 37
3 37
2 37
2 38
1 38
2 38
3 38
3 39
3 38
3 39
3 38
3 37
3 38
3 37
3 38
4 38
5 38
5 37
6 37
6 36
6 35
6 36
7 36
7 35
7 36
7 35
7 36
8 36
8 35
8 34
8 33
8 32
9 32
10 32
10 31
11 31
11 30
12 30
12 29
11 29
10 29
9 29
10 29
10 30
9 30
8 30
8 29
7 29
8 29
7 29
6 29
7 29
8 29
9 29
9 28
9 27
9 26
9 27
9 28
8 28
8 27
8 26
8 27
8 26
8 25
8 24
8 23
9 23
9 22
10 22
9 22
9 21
9 22
9 21
9 20
10 20
10 21
11 21
11 22
10 22
11 22
11 23
10 23
10 24
10 25
10 26
9 26
10 26
11 26
