0 0
0 1
0 2
0 1
0 2
1 2
1 1
1 2
2 2
2 3
2 4
2 5
2 4
2 3
3 3
2 3
2 4
1 4
1 5
1 4
2 4
2 5
2 4
3 4
4 4
4 3
3 3
4 3
4 4
5 4
6 4
7 4
8 4
9 4
10 4
9 4
10 4
10 3
9 3
9 2
8 2
8 1
8 2
7 2
8 2
7 2
7 3
6 3
5 3
4 3
4 2
3 2
4 2
4 1
4 2
5 2
5 1
5 0
6 0
7 0
7 1
6 1
6 2
6 1
6 2
6 3
6 4
5 4
5 5
5 6
4 6
5 6
4 6
4 7
3 7
3 8
3 9
3 10
3 11
3 10
3 9
4 9
4 8
5 8
4 8
4 7
5 7
5 6
5 7
4 7
4 6
4 7
4 8
4 9
4 8
4 7
5 7
5 6
5 5
6 5
6 6
7 6
7 5
6 5
6 6
6 5
6 4
6 5
5 5
6 5
6 4
6 5
6 6
5 6
4 6
4 7
5 7
4 7
5 7
5 6
5 7
6 7
5 7
5 8
5 7
4 7
5 7
4 7
4 6
4 5
4 4
4 3
5 3
6 3
7 3
8 3
8 2
9 2
10 2
10 3
9 3
8 3
9 3
9 2
10 2
10 3
10 2
11 2
11 3
10 3
9 3
10 3
9 3
9 4
10 4
10 5
10 6
9 6
9 7
10 7
11 7
12 7
13 7
13 6
14 6
14 5
14 6
14 7
14 6
14 7
14 8
13 8
14 8
15 8
15 9
15 8
16 8
17 8
18 8
17 8
18 8
17 8
17 7
17 8
16 8
15 8
15 7
15 8
16 8
16 7
15 7
16 7
15 7
15 6
15 5
16 5
17 5
17 6
18 6
19 6
18 6
18 7
18 8
19 8
20 8
19 8
19 9
20 9
20 10
21 10
20 10
20 9
21 9
22 9
22 10
21 10
21 9
22 9
22 10
23 10
23 9
22 9
22 8
22 7
22 8
21 8
22 8
22 7
23 7
23 8
23 9
24 9
25 9
26 9
25 9
25 8
25 7
25 8
24 8
24 7
23 7
23 6
22 6
23 6
24 6
24 7
24 6
24 5
23 5
23 6
23 7
24 7
24 8
25 8
26 8
26 7
27 7
28 7
28 8
28 9
29 9
29 8
29 9
28 9
27 9
27 8
27 9
28 9
29 9
28 9
27 9
27 8
26 8
26 9
26 8
26 7
27 7
28 7
27 7
27 8
27 7
26 7
25 7
25 6
25 5
25 6
25 5
24 5
23 5
23 4
22 4
21 4
22 4
21 4
22 4
23 4
24 4
23 4
23 5
22 5
22 4
22 3
22 2
22 3
21 3
21 4
21 3
20 3
20 4
21 4
21 5
21 6
21 5
21 6
20 6
21 6
21 5
22 5
21 5
21 6
21 7
22 7
22 8
22 7
23 7
24 7
24 8
23 8
23 7
23 6
23 5
24 5
24 6
24 5
23 5
24 5
23 5
24 5
25 5
25 4
25 5
25 6
25 5
25 4
25 5
25 4
25 5
26 5
27 5
28 5
28 6
28 5
29 5
29 4
28 4
29 4
30 4
30 5
30 6
31 6
31 7
31 8
31 7
30 7
31 7
31 6
32 6
32 5
31 5
31 4
31 3
31 4
31 3
30 3
30 4
29 4
29 3
28 3
28 2
27 2
28 2
27 2
28 2
27 2
27 3
27 2
27 1
28 1
28 2
28 3
27 3
26 3
26 4
25 4
24 4
24 3
24 2
25 2
25 3
25 4
25 3
26 3
26 2
26 1
25 1
26 1
26 0
25 0
25 1
25 2
25 1
24 1
23 1
22 1
22 2
22 3
21 3
21 2
21 1
22 1
23 1
23 2
23 1
23 0
22 0
22 1
22 0
23 0
23 1
24 1
24 2
24 3
24 4
23 4
22 4
22 5
23 5
22 5
21 5
22 5
22 4
23 4
23 5
23 6
24 6
23 6
22 6
21 6
21 5
22 5
22 4
23 4
23 5
22 5
22 4
22 3
23 3
22 3
23 3
23 4
24 4
25 4
26 4
26 5
27 5
26 5
27 5
26 5
26 4
26 3
26 4
25 4
24 4
23 4
23 3
23 2
23 1
23 2
23 3
23 4
22 4
23 4
24 4
23 4
23 5
22 5
23 5
23 6
22 6
21 6
21 7
20 7
20 8
21 8
21 9
20 9
20 8
20 9
21 9
21 8
22 8
23 8
22 8
22 7
22 6
23 6
23 5
23 4
23 3
23 2
22 2
23 2
23 1
23 0
23 1
23 0
24 0
24 1
23 1
24 1
24 2
25 2
26 2
26 1
25 1
24 1
23 1
24 1
24 2
24 3
24 2
25 2
25 1
25 0
25 1
26 1
26 0
26 1
25 1
24 1
25 1
26 1
27 1
27 2
28 2
27 2
27 3
28 3
28 4
27 4
28 4
27 4
27 3
27 4
26 4
25 4
25 5
24 5
25 5
24 5
24 6
24 7
24 8
24 7
24 8
25 8
25 7
26 7
26 8
26 9
25 9
24 9
24 10
25 10
26 10
25 10
25 9
25 10
25 11
25 10
26 10
25 10
26 10
26 9
26 10
27 10
26 10
26 11
26 12
27 12
27 11
27 12
27 13
26 13
26 14
26 15
27 15
27 16
27 15
27 14
28 14
28 15
28 14
28 13
28 14
28 13
27 13
27 14
28 14
28 13
28 14
28 15
28 14
28 13
29 13
28 13
28 14
28 15
27 15
27 14
27 13
26 13
27 13
27 12
28 12
28 11
28 10
28 9
27 9
28 9
28 8
28 9
27 9
27 8
27 7
26 7
25 7
24 7
24 8
25 8
25 9
25 10
25 9
25 10
24 10
24 9
24 8
25 8
25 7
25 8
25 7
25 8
25 9
25 8
25 9
25 8
26 8
27 8
27 7
27 6
26 6
26 5
25 5
25 6
25 5
25 4
25 3
24 3
24 4
24 5
24 4
25 4
24 4
23 4
23 5
24 5
24 4
23 4
24 4
23 4
23 5
22 5
22 4
23 4
23 3
23 2
23 1
23 2
22 2
22 3
23 3
24 3
24 4
25 4
24 4
24 5
23 5
23 4
22 4
22 3
22 2
23 2
24 2
23 2
24 2
25 2
25 3
24 3
24 4
24 5
23 5
24 5
24 6
23 6
23 7
23 8
23 9
23 8
23 9
22 9
23 9
24 9
24 10
24 9
25 9
26 9
25 9
25 10
24 10
25 10
25 11
24 11
23 11
23 10
22 10
22 11
22 12
23 12
22 12
22 11
22 12
21 12
22 12
22 11
22 10
22 11
23 11
22 11
21 11
20 11
20 10
20 9
20 10
20 11
20 12
21 12
21 13
22 13
22 12
23 12
22 12
23 12
22 12
21 12
21 13
21 14
22 14
22 13
23 13
22 13
22 12
22 13
22 14
22 15
23 15
23 14
22 14
23 14
23 13
23 14
23 15
22 15
21 15
22 15
22 14
22 13
21 13
20 13
19 13
19 12
20 12
20 13
21 13
20 13
20 12
20 11
19 11
18 11
19 11
20 11
20 12
20 11
20 12
20 13
21 13
21 12
21 11
22 11
21 11
21 12
20 12
20 11
20 12
21 12
22 12
23 12
22 12
22 11
23 11
24 11
24 10
23 10
22 10
22 9
21 9
21 8
20 8
20 9
19 9
18 9
19 9
19 8
20 8
19 8
18 8
18 7
17 7
18 7
19 7
19 6
20 6
19 6
19 5
20 5
21 5
21 6
21 7
22 7
22 8
22 7
23 7
23 6
24 6
24 5
23 5
23 6
22 6
23 6
23 7
23 6
24 6
24 7
25 7
25 6
24 6
24 7
24 8
24 7
24 8
24 7
24 6
23 6
22 6
21 6
21 7
21 8
20 8
20 7
21 7
22 7
22 6
21 6
22 6
22 7
21 7
21 6
21 5
21 6
20 6
21 6
21 5
22 5
23 5
23 4
23 5
24 5
25 5
25 6
26 6
25 6
26 6
26 5
26 6
26 7
27 7
28 7
28 6
27 6
28 6
28 7
28 8
27 8
28 8
29 8
29 7
28 7
28 8
27 8
27 9
27 10
27 9
27 10
27 11
26 11
26 10
25 10
24 10
25 10
25 11
24 11
24 10
23 10
23 11
22 11
23 11
23 10
23 9
22 9
21 9
22 9
23 9
23 10
24 10
23 10
24 10
23 10
23 9
23 8
22 8
22 9
22 8
23 8
24 8
24 7
23 7
23 6
23 7
23 6
23 5
23 6
23 7
22 7
21 7
22 7
22 6
22 5
21 5
21 4
20 4
20 3
20 4
19 4
20 4
21 4
22 4
23 4
23 5
24 5
25 5
25 6
25 7
26 7
26 6
25 6
26 6
26 7
26 6
25 6
26 6
25 6
25 5
25 6
25 5
24 5
24 4
24 3
24 4
24 5
23 5
24 5
