0 0
0 1
0 2
1 2
2 2
3 2
3 1
4 1
4 2
3 2
3 1
3 2
3 3
3 2
3 3
2 3
2 2
2 1
2 2
3 2
3 1
4 1
5 1
5 0
5 1
4 1
3 1
3 2
4 2
5 2
5 1
4 1
3 1
2 1
2 0
3 0
3 1
2 1
2 0
1 0
1 1
1 2
2 2
2 1
1 1
1 0
1 1
1 2
0 2
1 2
2 2
2 1
2 0
1 0
1 1
1 2
0 2
1 2
2 2
3 2
3 1
3 2
3 1
2 1
1 1
2 1
2 2
3 2
2 2
1 2
1 1
0 1
0 0
1 0
2 0
2 1
3 1
3 0
2 0
2 1
3 1
2 1
2 2
3 2
3 1
4 1
3 1
2 1
3 1
3 0
4 0
4 1
3 1
4 1
3 1
3 2
3 3
3 2
2 2
1 2
1 1
1 2
0 2
1 2
2 2
2 3
2 2
2 1
3 1
3 0
3 1
4 1
5 1
4 1
3 1
4 1
3 1
3 0
4 0
4 1
4 0
3 0
3 1
3 0
3 1
3 2
3 3
3 2
4 2
4 1
4 0
3 0
3 1
2 1
2 0
2 1
3 1
3 2
3 1
4 1
4 0
5 0
5 1
6 1
7 1
8 1
7 1
8 1
8 0
8 1
8 0
8 1
8 0
7 0
7 1
8 1
9 1
8 1
9 1
9 2
8 2
9 2
8 2
9 2
9 1
8 1
9 1
9 2
10 2
10 1
10 0
11 0
11 1
10 1
10 2
10 1
11 1
10 1
9 1
9 0
10 0
11 0
11 1
11 0
12 0
13 0
13 1
12 1
12 2
12 1
13 1
13 2
14 2
14 3
15 3
14 3
13 3
12 3
11 3
10 3
9 3
9 2
9 3
10 3
9 3
10 3
9 3
8 3
9 3
10 3
10 2
11 2
12 2
11 2
10 2
10 1
11 1
10 1
9 1
9 2
8 2
8 1
7 1
7 2
7 1
7 2
6 2
6 3
6 2
5 2
5 1
5 2
5 1
5 0
6 0
6 1
5 1
4 1
5 1
4 1
5 1
6 1
6 0
6 1
5 1
6 1
5 1
6 1
5 1
5 0
5 1
5 2
4 2
5 2
4 2
3 2
3 1
3 2
4 2
4 1
3 1
3 0
2 0
3 0
3 1
4 1
4 0
4 1
4 2
5 2
4 2
4 1
4 2
5 2
4 2
4 3
4 4
3 4
3 5
4 5
5 5
6 5
5 5
5 4
5 5
4 5
4 6
3 6
2 6
3 6
2 6
2 5
3 5
4 5
3 5
3 4
3 5
4 5
4 4
4 3
5 3
4 3
5 3
4 3
4 2
3 2
3 1
2 1
3 1
3 2
3 1
4 1
4 0
4 1
3 1
3 2
2 2
3 2
3 1
4 1
3 1
2 1
1 1
1 2
1 1
0 1
1 1
1 2
1 1
1 0
1 1
0 1
0 0
0 1
0 0
0 1
1 1
1 0
2 0
3 0
2 0
2 1
2 0
1 0
1 1
1 0
1 1
1 0
1 1
1 0
2 0
3 0
2 0
3 0
2 0
1 0
2 0
3 0
3 1
3 2
2 2
3 2
2 2
2 3
1 3
1 4
2 4
2 3
2 2
2 1
3 1
3 2
3 3
2 3
2 4
1 4
1 5
2 5
2 4
1 4
0 4
1 4
2 4
1 4
2 4
2 3
2 2
2 1
1 1
1 0
1 1
1 2
2 2
1 2
2 2
2 3
3 3
3 4
4 4
4 3
3 3
3 4
2 4
2 3
2 2
2 1
1 1
1 2
1 1
1 2
2 2
2 1
1 1
0 1
1 1
1 2
0 2
1 2
2 2
3 2
3 1
3 2
2 2
1 2
1 1
2 1
3 1
3 0
3 1
4 1
5 1
5 2
6 2
7 2
6 2
7 2
7 1
7 2
7 3
8 3
7 3
7 4
7 3
6 3
6 2
6 1
6 2
7 2
7 3
8 3
8 2
8 3
7 3
8 3
8 4
9 4
10 4
10 3
10 4
9 4
8 4
7 4
7 3
7 2
7 1
8 1
8 0
9 0
9 1
10 1
11 1
12 1
12 0
12 1
12 2
12 1
12 2
12 3
11 3
10 3
9 3
9 2
10 2
10 1
10 2
11 2
11 3
12 3
12 2
12 3
11 3
11 4
11 3
10 3
9 3
9 2
10 2
10 3
11 3
11 4
11 3
11 2
11 3
10 3
10 2
10 1
9 1
10 1
10 0
10 1
10 0
9 0
10 0
10 1
10 2
10 3
10 4
9 4
10 4
9 4
8 4
8 5
8 6
8 5
9 5
8 5
8 6
9 6
8 6
9 6
9 7
9 8
8 8
9 8
10 8
11 8
10 8
11 8
11 9
12 9
12 10
13 10
13 9
13 10
12 10
11 10
10 10
11 10
11 11
11 10
12 10
12 9
12 8
13 8
12 8
12 9
13 9
13 10
13 9
13 10
13 9
12 9
13 9
14 9
15 9
15 10
16 10
15 10
15 9
14 9
13 9
14 9
14 8
13 8
12 8
13 8
12 8
12 7
13 7
13 8
12 8
11 8
12 8
13 8
14 8
15 8
15 9
16 9
16 10
15 10
16 10
16 9
15 9
15 8
15 9
14 9
14 8
14 7
15 7
16 7
16 8
17 8
18 8
18 9
18 8
17 8
18 8
18 7
19 7
20 7
21 7
20 7
21 7
20 7
19 7
18 7
18 6
18 5
18 6
19 6
20 6
20 5
20 4
21 4
21 3
21 4
21 5
22 5
22 4
22 3
22 4
21 4
20 4
20 3
21 3
22 3
22 4
22 5
23 5
24 5
25 5
24 5
23 5
23 4
24 4
25 4
24 4
25 4
26 4
25 4
25 3
25 2
25 1
25 2
25 3
25 2
25 3
26 3
26 4
25 4
25 3
25 2
26 2
27 2
28 2
28 3
28 2
28 3
27 3
27 4
27 3
26 3
26 4
25 4
26 4
26 3
25 3
25 2
26 2
27 2
28 2
29 2
30 2
29 2
29 1
29 2
29 1
29 2
28 2
28 1
28 0
27 0
26 0
27 0
28 0
28 1
28 2
29 2
28 2
28 3
28 4
28 5
27 5
27 4
28 4
28 3
28 4
27 4
28 4
28 5
27 5
28 5
28 4
29 4
30 4
29 4
28 4
29 4
29 3
29 2
28 2
27 2
27 3
28 3
28 2
28 1
27 1
28 1
28 0
28 1
28 2
28 3
29 3
29 4
29 3
29 2
29 3
30 3
30 2
30 1
30 0
30 1
29 1
29 2
29 1
30 1
31 1
32 1
32 2
32 3
33 3
34 3
33 3
33 4
32 4
31 4
32 4
32 5
31 5
32 5
32 6
32 7
31 7
30 7
31 7
32 7
32 8
32 7
31 7
30 7
30 6
30 5
31 5
32 5
32 4
33 4
33 5
34 5
34 4
34 3
35 3
35 2
35 1
34 1
34 2
33 2
33 1
33 2
33 3
34 3
33 3
32 3
33 3
32 3
33 3
34 3
34 2
35 2
35 3
35 4
36 4
36 3
37 3
37 2
37 1
37 2
37 1
37 2
37 1
38 1
38 0
37 0
38 0
38 1
38 2
39 2
39 3
38 3
39 3
40 3
39 3
38 3
38 2
39 2
40 2
41 2
40 2
41 2
41 1
41 2
42 2
42 1
42 0
42 1
42 0
41 0
41 1
40 1
40 2
40 1
39 1
38 1
38 2
39 2
39 1
39 2
39 3
40 3
40 2
40 3
40 4
40 3
41 3
41 4
42 4
42 3
42 4
42 5
42 4
41 4
40 4
39 4
40 4
39 4
39 5
38 5
37 5
36 5
36 6
36 7
35 7
35 6
34 6
33 6
33 7
34 7
33 7
33 8
33 7
34 7
34 6
34 7
34 6
34 7
35 7
35 8
34 8
34 9
34 8
34 7
34 6
34 7
34 8
34 7
34 8
34 7
35 7
36 7
37 7
38 7
37 7
38 7
37 7
38 7
38 8
38 9
38 10
37 10
36 10
36 9
35 9
35 8
34 8
35 8
36 8
36 7
37 7
37 6
38 6
39 6
40 6
39 6
40 6
41 6
42 6
43 6
43 7
42 7
42 8
42 7
42 8
42 9
42 10
41 10
40 10
40 9
39 9
39 10
39 11
40 11
40 12
39 12
38 12
39 12
39 11
38 11
38 12
37 12
38 12
38 11
38 12
38 11
38 12
38 11
39 11
38 11
38 10
38 9
38 10
37 10
37 11
37 12
36 12
37 12
37 11
37 12
38 12
38 13
38 12
38 13
38 12
38 13
38 14
37 14
36 14
35 14
36 14
36 13
35 13
34 13
34 12
33 12
33 13
32 13
32 12
31 12
31 11
31 12
31 13
31 14
30 14
30 13
29 13
29 12
28 12
29 12
30 12
29 12
28 12
29 12
