0 0
1 0
1 1
2 1
1 1
0 1
1 1
0 1
0 0
1 0
2 0
2 1
2 0
3 0
3 1
3 2
2 2
2 3
1 3
0 3
1 3
1 2
0 2
1 2
2 2
2 1
3 1
4 1
5 1
4 1
4 0
3 0
4 0
3 0
2 0
3 0
3 1
2 1
2 2
3 2
4 2
4 1
3 1
3 2
3 1
3 0
4 0
4 1
4 0
3 0
3 1
2 1
1 1
1 2
2 2
2 3
2 2
2 3
2 4
2 5
3 5
3 4
2 4
2 3
1 3
1 4
2 4
2 3
1 3
0 3
1 3
1 4
1 3
1 4
1 5
2 5
2 6
3 6
4 6
4 7
4 6
5 6
4 6
3 6
3 5
3 4
4 4
5 4
5 5
6 5
6 6
6 7
6 8
5 8
4 8
5 8
6 8
6 9
7 9
7 8
8 8
9 8
10 8
10 9
10 8
10 9
11 9
12 9
13 9
12 9
11 9
11 10
12 10
13 10
12 10
12 11
12 10
13 10
13 9
14 9
14 10
14 11
15 11
16 11
16 10
17 10
17 9
17 10
16 10
16 11
16 10
15 10
15 9
15 10
16 10
17 10
17 11
17 10
16 10
15 10
15 11
15 12
15 13
15 12
15 13
15 14
15 13
15 14
16 14
15 14
16 14
16 15
15 15
14 15
15 15
16 15
16 16
17 16
17 17
17 18
18 18
17 18
17 17
17 18
17 19
16 19
15 19
15 18
14 18
15 18
15 19
14 19
14 20
14 19
15 19
16 19
16 20
16 21
16 22
16 23
15 23
16 23
15 23
15 22
15 21
15 22
15 21
15 22
15 21
16 21
17 21
17 22
17 21
18 21
18 22
17 22
17 21
17 22
16 22
16 23
15 23
15 24
14 24
13 24
14 24
14 23
13 23
13 22
13 21
12 21
13 21
12 21
11 21
10 21
10 22
9 22
9 21
9 22
10 22
10 21
10 22
9 22
9 23
9 22
9 23
8 23
9 23
9 24
9 23
9 22
8 22
8 21
9 21
9 20
9 21
9 20
9 19
9 20
8 20
8 21
9 21
9 22
10 22
9 22
9 23
8 23
8 24
7 24
7 25
7 26
6 26
6 25
7 25
6 25
6 26
7 26
7 27
8 27
7 27
7 26
7 27
7 28
7 27
6 27
5 27
6 27
6 26
7 26
8 26
7 26
7 27
8 27
9 27
9 26
9 25
9 26
9 27
9 26
10 26
10 27
9 27
9 26
9 27
9 28
9 29
9 30
9 29
10 29
10 30
10 31
9 31
9 30
10 30
11 30
11 29
11 28
10 28
11 28
11 27
11 28
11 27
10 27
11 27
11 28
10 28
9 28
10 28
9 28
9 29
9 30
8 30
9 30
9 31
10 31
11 31
11 32
11 31
11 30
11 31
12 31
13 31
13 30
14 30
15 30
16 30
15 30
16 30
15 30
14 30
13 30
13 31
13 30
14 30
15 30
15 31
14 31
14 32
14 33
15 33
15 32
15 33
15 32
15 31
16 31
15 31
15 32
15 33
14 33
15 33
14 33
15 33
14 33
15 33
15 32
15 33
15 32
15 33
14 33
14 34
13 34
13 33
13 34
13 35
13 36
13 35
13 34
12 34
12 35
11 35
11 36
10 36
9 36
9 35
9 36
9 37
9 36
10 36
9 36
9 37
9 36
8 36
9 36
10 36
10 35
9 35
8 35
8 36
7 36
6 36
5 36
5 35
5 36
6 36
6 35
6 34
6 33
5 33
5 34
4 34
5 34
5 33
5 34
4 34
3 34
2 34
2 35
2 34
3 34
2 34
2 35
1 35
0 35
1 35
0 35
0 34
1 34
1 33
1 34
1 33
1 34
2 34
2 33
1 33
0 33
1 33
1 32
1 33
0 33
1 33
2 33
1 33
2 33
2 34
3 34
4 34
4 35
3 35
3 34
2 34
1 34
1 35
0 35
1 35
2 35
3 35
4 35
3 35
4 35
4 34
4 33
3 33
3 32
3 31
3 32
3 33
4 33
4 34
4 35
5 35
5 34
5 35
6 35
5 35
5 36
4 36
4 37
3 37
3 38
3 39
3 38
4 38
4 37
4 38
4 39
5 39
4 39
4 38
4 39
4 40
4 39
4 38
4 37
4 38
4 39
4 40
5 40
5 39
5 38
4 38
3 38
2 38
2 37
1 37
1 36
1 37
1 36
1 35
1 34
1 33
1 34
2 34
2 35
2 34
1 34
1 35
1 34
1 35
1 34
1 33
1 34
0 34
0 33
0 32
0 33
0 34
1 34
1 35
2 35
2 34
1 34
0 34
0 35
1 35
1 36
1 35
0 35
0 36
1 36
1 37
1 38
1 39
0 39
0 40
0 39
0 38
0 39
1 39
0 39
1 39
0 39
0 40
0 41
1 41
1 42
2 42
2 43
2 42
1 42
1 41
1 42
1 43
1 42
1 43
2 43
3 43
3 44
3 43
4 43
4 42
4 43
3 43
3 42
3 43
3 44
2 44
1 44
1 43
2 43
1 43
1 42
2 42
2 43
2 44
3 44
2 44
2 45
2 44
1 44
0 44
0 45
1 45
1 44
2 44
1 44
0 44
0 43
1 43
2 43
1 43
1 42
1 43
0 43
0 42
1 42
1 41
2 41
1 41
1 42
2 42
1 42
1 41
1 40
1 39
1 38
2 38
1 38
2 38
2 37
2 38
3 38
3 39
2 39
2 40
2 39
2 38
3 38
3 39
3 40
2 40
2 39
2 38
2 39
2 40
3 40
2 40
1 40
1 39
0 39
0 40
1 40
0 40
1 40
1 39
2 39
3 39
4 39
4 38
3 38
4 38
3 38
3 37
3 38
3 37
3 38
4 38
4 37
5 37
5 38
5 37
6 37
5 37
5 38
5 39
5 40
5 39
6 39
5 39
4 39
4 40
3 40
3 41
3 42
4 42
5 42
5 41
5 40
5 41
6 41
5 41
6 41
6 42
6 43
6 42
6 43
5 43
5 44
4 44
4 45
4 46
4 45
4 44
4 43
4 42
4 43
5 43
5 42
5 43
4 43
4 42
4 41
3 41
4 41
5 41
6 41
6 42
6 43
5 43
4 43
3 43
3 42
4 42
4 43
3 43
3 42
3 43
2 43
2 42
3 42
3 41
4 41
4 42
5 42
5 43
4 43
4 44
4 45
4 46
4 45
3 45
3 46
3 45
3 46
2 46
2 47
3 47
3 48
3 49
4 49
4 50
4 51
4 50
4 49
4 48
4 47
3 47
3 48
4 48
3 48
4 48
5 48
5 49
5 50
6 50
5 50
6 50
5 50
5 49
4 49
4 50
4 51
3 51
3 50
4 50
3 50
4 50
5 50
4 50
4 51
5 51
4 51
5 51
4 51
5 51
5 52
5 53
5 54
4 54
4 53
5 53
5 52
4 52
5 52
5 53
5 54
5 55
6 55
5 55
4 55
3 55
3 54
3 55
4 55
4 56
5 56
6 56
7 56
6 56
6 55
6 56
7 56
8 56
8 55
8 54
9 54
8 54
8 55
8 54
8 53
7 53
7 52
7 51
7 52
7 51
7 50
7 49
7 50
7 49
7 50
6 50
6 51
6 52
5 52
5 53
4 53
4 52
3 52
2 52
2 53
1 53
2 53
3 53
2 53
3 53
3 52
3 53
4 53
4 54
3 54
4 54
4 55
4 54
4 53
4 54
5 54
4 54
5 54
6 54
5 54
6 54
5 54
6 54
7 54
6 54
5 54
5 53
4 53
4 54
4 55
5 55
4 55
4 56
5 56
5 55
5 56
6 56
5 56
5 57
5 56
5 55
5 56
6 56
6 57
7 57
7 58
7 59
7 58
8 58
8 59
7 59
8 59
9 59
8 59
8 60
8 61
7 61
6 61
5 61
5 62
5 61
4 61
4 60
3 60
3 59
2 59
2 60
2 61
3 61
4 61
4 60
3 60
3 61
2 61
1 61
1 60
1 61
1 60
0 60
1 60
1 61
1 60
0 60
0 61
0 62
1 62
2 62
2 63
2 62
1 62
1 61
1 60
2 60
3 60
3 61
4 61
4 62
4 63
5 63
5 64
4 64
4 65
4 64
5 64
6 64
6 63
6 64
6 63
5 63
6 63
6 62
7 62
7 61
7 62
8 62
8 63
7 63
7 62
8 62
8 61
8 60
9 60
9 59
9 58
9 59
8 59
7 59
7 60
7 59
7 58
6 58
6 57
7 57
6 57
6 58
5 58
5 59
5 58
4 58
3 58
4 58
5 58
6 58
7 58
8 58
7 58
7 57
8 57
8 56
7 56
7 57
7 56
7 57
8 57
8 56
8 55
7 55
8 55
8 54
9 54
9 53
9 54
9 55
8 55
7 55
8 55
9 55
10 55
11 55
10 55
10 54
9 54
9 55
9 54
9 53
8 53
8 52
9 52
8 52
9 52
9 51
9 52
