0 0
1 0
0 0
1 0
1 1
1 0
1 1
1 0
1 1
2 1
2 2
2 1
2 0
3 0
3 1
4 1
4 0
5 0
4 0
5 0
5 1
4 1
3 1
3 2
2 2
1 2
2 2
1 2
1 3
2 3
2 2
2 3
1 3
2 3
2 4
3 4
4 4
3 4
3 3
4 3
3 3
3 4
2 4
3 4
3 5
4 5
3 5
3 6
2 6
2 7
2 6
3 6
2 6
2 7
1 7
0 7
1 7
1 8
1 9
1 8
1 7
2 7
1 7
2 7
2 8
1 8
0 8
1 8
1 7
1 6
1 7
0 7
1 7
0 7
0 6
0 7
0 6
0 7
1 7
2 7
2 8
3 8
2 8
2 7
2 8
2 7
2 8
3 8
3 7
3 6
4 6
3 6
3 7
3 8
4 8
4 9
4 8
4 9
4 10
4 11
4 12
4 11
5 11
4 11
3 11
4 11
5 11
4 11
4 12
3 12
3 11
3 12
3 13
3 14
2 14
2 15
2 16
2 15
2 16
3 16
3 17
3 18
3 19
4 19
4 20
3 20
2 20
1 20
1 19
0 19
0 20
0 21
1 21
1 20
0 20
1 20
2 20
2 19
3 19
3 20
3 19
2 19
2 20
2 21
2 20
3 20
3 21
3 20
4 20
4 19
3 19
2 19
3 19
3 20
4 20
4 21
4 20
3 20
3 21
2 21
2 22
2 21
1 21
0 21
1 21
1 22
1 23
1 22
1 21
1 22
1 23
1 24
0 24
1 24
1 25
2 25
2 26
2 27
2 26
2 25
2 26
2 25
2 26
1 26
1 25
2 25
1 25
1 26
0 26
1 26
2 26
2 27
2 28
2 29
3 29
2 29
2 28
2 27
1 27
2 27
2 26
2 25
2 24
2 23
2 24
1 24
1 25
1 24
1 23
0 23
0 22
1 22
1 21
1 20
2 20
3 20
3 21
4 21
4 20
4 19
3 19
2 19
2 18
2 17
2 16
3 16
3 15
3 14
3 13
4 13
4 12
5 12
5 13
5 12
5 11
4 11
4 12
4 13
3 13
2 13
1 13
1 12
1 13
0 13
0 14
0 15
1 15
1 14
1 13
2 13
2 12
2 11
2 10
1 10
0 10
1 10
1 9
2 9
2 8
1 8
1 7
1 6
1 5
0 5
1 5
1 6
1 5
2 5
2 6
1 6
1 5
1 4
1 5
0 5
1 5
1 6
0 6
0 5
0 6
0 5
0 6
0 7
0 8
1 8
0 8
1 8
2 8
2 9
2 8
2 7
2 6
2 5
2 4
2 5
1 5
2 5
1 5
2 5
1 5
1 4
1 3
1 4
0 4
1 4
1 5
1 4
0 4
0 3
0 2
0 1
0 2
1 2
1 3
2 3
2 2
3 2
2 2
2 3
3 3
3 2
2 2
1 2
1 1
1 2
2 2
2 3
3 3
4 3
4 2
5 2
4 2
3 2
3 1
2 1
1 1
1 0
1 1
0 1
0 2
1 2
2 2
2 3
2 2
3 2
2 2
3 2
3 3
4 3
4 4
5 4
4 4
4 5
4 6
3 6
3 5
4 5
5 5
5 6
5 5
4 5
4 6
3 6
3 5
2 5
2 6
1 6
1 7
0 7
0 6
0 5
1 5
2 5
1 5
1 4
1 3
1 4
1 5
0 5
0 4
1 4
2 4
2 5
1 5
1 6
1 7
1 6
2 6
3 6
2 6
2 7
1 7
1 6
1 7
2 7
1 7
0 7
1 7
1 6
2 6
2 5
2 4
1 4
2 4
2 5
2 6
2 7
3 7
3 6
2 6
3 6
2 6
2 5
3 5
3 6
4 6
3 6
3 7
3 8
3 9
3 10
2 10
2 9
2 8
2 7
1 7
1 6
1 5
2 5
3 5
3 4
3 5
3 6
3 5
4 5
5 5
6 5
5 5
6 5
5 5
5 6
5 5
5 6
5 5
5 4
5 5
4 5
5 5
4 5
4 6
4 7
4 8
4 9
4 8
4 7
4 6
3 6
2 6
2 7
1 7
0 7
1 7
1 6
1 5
2 5
2 4
2 5
2 6
3 6
4 6
3 6
2 6
2 7
2 6
2 7
1 7
0 7
1 7
0 7
0 6
0 7
0 8
0 9
0 10
0 11
0 10
1 10
1 9
1 8
2 8
2 7
3 7
3 6
4 6
4 7
4 6
4 7
4 8
4 7
5 7
5 6
5 7
6 7
5 7
6 7
6 8
6 9
5 9
5 10
4 10
3 10
3 11
2 11
2 10
2 11
1 11
1 12
1 13
2 13
1 13
1 12
0 12
1 12
0 12
1 12
0 12
0 13
0 12
1 12
0 12
1 12
0 12
0 13
1 13
1 14
0 14
0 13
0 14
0 13
0 12
1 12
2 12
1 12
2 12
2 11
2 12
2 11
3 11
3 10
2 10
3 10
2 10
1 10
1 11
2 11
1 11
1 10
1 9
1 8
1 9
2 9
2 10
3 10
4 10
3 10
3 11
4 11
4 12
4 13
3 13
4 13
4 12
3 12
3 11
3 10
3 9
4 9
4 8
4 9
3 9
3 8
2 8
2 9
2 8
1 8
1 9
1 8
1 7
1 6
1 7
0 7
0 8
0 7
0 8
1 8
1 7
2 7
2 8
1 8
1 7
2 7
3 7
3 8
2 8
3 8
3 9
4 9
4 8
4 9
4 8
4 7
4 8
3 8
2 8
3 8
3 9
3 8
3 9
2 9
2 10
1 10
2 10
2 9
3 9
3 10
4 10
4 11
4 10
3 10
2 10
2 9
1 9
1 8
1 9
1 8
1 9
1 8
1 9
1 10
1 11
0 11
1 11
1 10
2 10
3 10
3 11
4 11
5 11
4 11
3 11
4 11
4 12
5 12
5 13
5 12
4 12
5 12
5 11
4 11
5 11
4 11
5 11
5 12
5 11
4 11
4 10
4 9
4 10
5 10
4 10
3 10
2 10
2 11
3 11
2 11
3 11
3 12
4 12
3 12
3 13
3 14
3 15
2 15
1 15
1 14
0 14
0 15
0 14
1 14
0 14
1 14
2 14
2 15
1 15
2 15
2 14
3 14
2 14
2 13
1 13
1 14
1 13
1 14
0 14
1 14
1 15
1 14
2 14
2 15
2 16
1 16
0 16
0 17
0 18
0 19
1 19
1 20
1 19
2 19
1 19
2 19
2 20
2 21
1 21
0 21
1 21
2 21
2 22
3 22
3 23
4 23
3 23
2 23
2 22
2 23
3 23
2 23
3 23
2 23
2 22
3 22
3 21
3 22
3 21
4 21
4 22
3 22
3 23
2 23
2 24
3 24
2 24
1 24
1 23
1 22
2 22
1 22
0 22
1 22
0 22
1 22
1 21
1 22
2 22
2 21
1 21
1 22
1 23
2 23
1 23
1 22
1 23
1 24
2 24
2 23
2 22
3 22
3 23
2 23
2 22
3 22
3 21
2 21
1 21
1 20
0 20
0 21
1 21
2 21
3 21
3 20
4 20
4 21
4 20
4 21
4 22
4 21
4 22
4 23
5 23
5 22
5 23
4 23
5 23
5 24
4 24
4 25
5 25
5 24
6 24
7 24
6 24
7 24
8 24
7 24
7 25
6 25
6 26
6 27
5 27
5 28
4 28
4 27
4 26
3 26
4 26
4 27
3 27
3 28
4 28
3 28
3 27
2 27
2 26
1 26
2 26
3 26
3 25
3 26
3 25
3 26
3 27
2 27
1 27
0 27
1 27
1 28
1 29
2 29
3 29
3 28
3 29
2 29
2 30
3 30
4 30
4 31
3 31
4 31
4 30
3 30
4 30
3 30
3 31
2 31
2 32
2 31
1 31
0 31
0 32
1 32
1 33
2 33
2 34
1 34
0 34
1 34
0 34
0 35
0 34
0 33
0 34
0 33
0 34
1 34
0 34
1 34
2 34
3 34
2 34
2 33
1 33
0 33
1 33
2 33
3 33
3 34
4 34
4 35
3 35
3 36
3 35
3 36
4 36
3 36
2 36
3 36
2 36
2 35
3 35
2 35
2 34
1 34
1 35
0 35
0 34
1 34
1 35
0 35
1 35
1 36
1 35
1 36
1 35
0 35
0 34
1 34
2 34
2 33
2 34
2 33
2 34
3 34
4 34
5 34
5 35
5 34
5 33
5 34
5 35
6 35
6 34
7 34
7 35
6 35
7 35
8 35
9 35
9 36
10 36
9 36
9 37
8 37
9 37
8 37
9 37
9 36
10 36
11 36
11 37
10 37
11 37
12 37
12 36
12 37
12 38
13 38
14 38
14 39
14 38
14 39
13 39
14 39
14 40
13 40
14 40
14 39
14 38
15 38
14 38
14 39
14 40
13 40
13 41
13 42
12 42
12 43
13 43
12 43
11 43
11 42
10 42
9 42
9 41
9 42
8 42
9 42
8 42
8 41
7 41
6 41
