0 0
0 1
0 2
0 3
0 2
1 2
1 3
1 2
0 2
0 3
0 4
1 4
1 5
2 5
2 4
2 3
1 3
1 2
1 1
2 1
2 0
2 1
3 1
3 2
3 3
2 3
2 4
2 5
2 6
1 6
1 7
1 6
1 7
1 6
0 6
0 7
0 6
1 6
0 6
1 6
2 6
1 6
0 6
0 7
0 6
1 6
0 6
1 6
1 7
1 8
1 7
1 6
1 5
2 5
1 5
1 6
2 6
2 7
2 8
1 8
2 8
1 8
1 7
2 7
2 6
3 6
3 5
4 5
4 4
5 4
5 5
6 5
6 6
7 6
7 7
8 7
8 6
9 6
9 5
10 5
10 4
9 4
10 4
9 4
9 3
9 2
9 1
10 1
10 2
10 1
11 1
11 2
12 2
13 2
14 2
15 2
14 2
15 2
15 1
16 1
16 2
15 2
14 2
15 2
15 1
15 0
15 1
15 0
15 1
16 1
16 0
15 0
15 1
15 0
15 1
14 1
15 1
16 1
16 0
15 0
16 0
16 1
16 0
17 0
17 1
18 1
18 2
17 2
17 3
18 3
18 2
18 1
19 1
19 2
20 2
20 3
20 4
20 5
20 6
21 6
20 6
21 6
21 5
21 6
21 5
21 6
21 7
22 7
22 6
23 6
24 6
23 6
23 5
24 5
24 4
25 4
24 4
25 4
25 5
25 4
25 5
26 5
26 4
26 5
26 4
26 3
27 3
28 3
27 3
26 3
27 3
27 4
27 5
27 6
27 5
27 4
27 5
27 4
28 4
29 4
29 5
30 5
29 5
28 5
27 5
28 5
28 6
29 6
28 6
28 7
28 6
28 7
28 6
29 6
29 7
29 6
28 6
28 7
28 8
29 8
29 7
30 7
30 6
31 6
30 6
31 6
31 5
30 5
29 5
28 5
27 5
26 5
26 6
26 7
26 6
27 6
27 7
26 7
26 6
26 7
26 8
26 9
27 9
28 9
29 9
30 9
30 8
30 9
30 8
31 8
32 8
32 7
32 6
33 6
33 7
33 6
33 5
34 5
34 4
35 4
35 5
34 5
35 5
35 4
35 5
34 5
33 5
34 5
33 5
33 6
33 7
33 8
34 8
34 7
35 7
35 8
36 8
36 9
35 9
35 10
34 10
35 10
34 10
34 9
33 9
33 8
32 8
31 8
31 7
31 8
31 9
31 8
31 7
30 7
31 7
31 8
30 8
30 7
30 8
30 9
30 8
29 8
29 9
29 8
30 8
29 8
30 8
31 8
31 7
31 8
32 8
32 9
31 9
30 9
29 9
29 8
29 9
30 9
30 8
31 8
32 8
32 9
32 8
32 9
31 9
31 8
31 7
31 6
31 7
30 7
30 6
31 6
32 6
31 6
31 5
31 4
31 5
32 5
32 6
32 5
33 5
34 5
34 4
33 4
32 4
32 3
31 3
30 3
31 3
31 2
32 2
32 1
33 1
32 1
32 0
33 0
32 0
33 0
33 1
33 2
34 2
34 3
33 3
33 2
34 2
34 1
35 1
34 1
34 2
34 3
34 4
35 4
36 4
36 3
37 3
38 3
38 4
37 4
37 5
36 5
36 4
36 5
36 6
36 5
36 6
35 6
35 7
34 7
35 7
35 6
34 6
34 7
34 6
35 6
35 5
34 5
34 6
34 5
35 5
36 5
37 5
37 4
37 3
36 3
36 2
36 3
37 3
38 3
37 3
37 4
36 4
35 4
36 4
36 5
36 6
37 6
38 6
39 6
40 6
40 5
41 5
42 5
41 5
42 5
42 6
42 5
41 5
40 5
40 4
40 3
41 3
42 3
42 4
42 5
42 6
43 6
43 5
43 6
42 6
42 5
42 4
42 5
43 5
43 6
44 6
44 7
44 6
44 5
45 5
44 5
43 5
43 4
44 4
44 5
43 5
43 4
43 3
43 4
43 5
43 4
44 4
45 4
45 3
45 4
44 4
45 4
45 5
45 4
46 4
45 4
46 4
46 5
46 4
46 3
47 3
48 3
48 2
47 2
47 3
47 4
46 4
46 5
45 5
45 4
45 5
44 5
45 5
44 5
44 4
44 5
44 4
44 3
45 3
45 4
45 3
45 2
46 2
46 1
46 2
47 2
46 2
45 2
45 3
44 3
45 3
45 2
45 3
44 3
44 2
43 2
43 3
42 3
43 3
43 2
42 2
42 1
42 2
42 3
43 3
43 2
43 1
43 0
43 1
43 0
43 1
42 1
41 1
42 1
42 2
43 2
44 2
45 2
45 3
46 3
46 4
45 4
44 4
44 5
44 4
44 5
45 5
44 5
44 6
45 6
44 6
45 6
45 7
44 7
45 7
46 7
45 7
46 7
45 7
45 6
44 6
45 6
45 5
44 5
43 5
42 5
43 5
44 5
44 6
43 6
43 5
43 6
43 7
43 6
43 5
43 4
44 4
44 5
45 5
45 4
46 4
46 5
46 4
46 5
46 6
46 5
45 5
46 5
45 5
44 5
44 4
44 5
45 5
45 4
45 5
45 4
46 4
47 4
47 3
47 4
47 5
48 5
47 5
47 6
48 6
48 5
48 6
49 6
48 6
48 5
47 5
47 4
46 4
46 3
45 3
45 2
45 3
45 4
46 4
46 5
45 5
46 5
46 4
47 4
46 4
47 4
47 3
47 2
47 1
48 1
47 1
46 1
46 2
47 2
48 2
48 1
49 1
49 2
49 1
49 2
49 1
49 0
49 1
48 1
48 2
48 1
48 0
48 1
48 0
48 1
48 2
48 1
48 0
48 1
48 2
49 2
49 1
49 2
49 1
49 2
49 3
48 3
47 3
47 4
47 3
48 3
48 2
48 3
49 3
48 3
49 3
49 2
48 2
49 2
49 1
49 2
48 2
48 1
48 2
49 2
48 2
48 1
47 1
47 0
47 1
47 2
46 2
45 2
45 1
46 1
47 1
47 2
48 2
47 2
47 1
47 2
48 2
49 2
50 2
50 3
51 3
50 3
51 3
50 3
50 2
50 1
50 2
49 2
48 2
48 1
47 1
47 2
48 2
48 1
49 1
49 0
49 1
49 0
49 1
49 2
49 3
48 3
48 2
48 3
49 3
50 3
51 3
51 2
50 2
50 3
49 3
48 3
49 3
50 3
50 2
50 1
50 2
49 2
49 1
49 0
48 0
47 0
48 0
49 0
49 1
49 0
49 1
48 1
48 0
48 1
49 1
48 1
47 1
47 2
47 3
46 3
46 2
47 2
46 2
46 3
45 3
46 3
46 4
45 4
45 3
45 4
46 4
46 5
46 4
47 4
48 4
48 3
47 3
48 3
48 2
47 2
47 3
47 4
48 4
48 3
48 2
48 1
48 2
48 3
49 3
49 2
50 2
51 2
51 3
52 3
51 3
52 3
53 3
52 3
53 3
52 3
53 3
53 2
54 2
54 1
55 1
56 1
55 1
55 2
56 2
56 1
56 0
56 1
55 1
55 0
55 1
56 1
56 0
57 0
58 0
58 1
58 0
58 1
57 1
58 1
57 1
58 1
58 2
59 2
59 3
60 3
60 2
59 2
58 2
58 3
59 3
59 4
60 4
60 5
60 6
60 7
61 7
61 6
61 5
60 5
59 5
59 6
59 5
60 5
61 5
61 6
61 5
61 4
61 3
61 4
62 4
63 4
63 3
64 3
63 3
62 3
63 3
63 4
62 4
63 4
64 4
64 3
64 2
64 3
64 4
63 4
64 4
64 5
63 5
63 4
62 4
63 4
64 4
64 3
64 4
63 4
63 5
63 4
63 3
63 4
62 4
61 4
62 4
62 5
61 5
62 5
63 5
64 5
63 5
64 5
65 5
66 5
67 5
67 4
67 5
67 6
67 5
67 6
68 6
68 7
67 7
67 6
66 6
66 5
66 6
67 6
67 5
67 4
67 3
67 4
66 4
65 4
66 4
67 4
66 4
66 3
65 3
65 2
64 2
63 2
64 2
64 1
63 1
63 0
63 1
63 0
64 0
64 1
64 0
64 1
63 1
63 0
63 1
62 1
61 1
61 2
60 2
60 1
60 2
61 2
61 1
62 1
63 1
62 1
61 1
62 1
62 0
61 0
61 1
62 1
62 2
62 3
61 3
62 3
62 4
62 5
63 5
63 4
62 4
61 4
62 4
62 3
62 2
61 2
62 2
63 2
64 2
65 2
65 3
64 3
64 2
64 1
64 0
65 0
65 1
65 0
65 1
64 1
63 1
64 1
64 2
65 2
66 2
67 2
66 2
65 2
65 3
66 3
66 2
66 1
66 0
66 1
65 1
66 1
67 1
68 1
69 1
69 2
70 2
69 2
69 3
68 3
68 4
68 5
67 5
68 5
68 4
67 4
68 4
68 3
68 2
69 2
70 2
70 1
69 1
69 0
68 0
68 1
69 1
69 0
70 0
71 0
71 1
72 1
73 1
73 0
