0 0
0 1
0 2
0 3
1 3
0 3
0 4
1 4
0 4
0 5
1 5
0 5
1 5
0 5
1 5
2 5
3 5
4 5
4 6
4 7
4 8
4 7
4 6
4 5
4 4
4 3
3 3
2 3
1 3
1 2
0 2
1 2
0 2
0 3
1 3
2 3
1 3
2 3
3 3
2 3
3 3
3 2
3 3
2 3
2 2
1 2
1 3
2 3
1 3
0 3
1 3
0 3
0 2
1 2
0 2
1 2
2 2
1 2
1 1
0 1
0 0
1 0
1 1
1 2
1 3
2 3
1 3
1 4
2 4
2 5
2 4
3 4
2 4
2 3
3 3
3 2
4 2
5 2
4 2
5 2
5 1
4 1
4 0
5 0
5 1
5 0
5 1
5 2
4 2
5 2
4 2
4 1
4 0
4 1
4 2
4 3
5 3
4 3
4 4
4 3
4 2
4 1
4 0
3 0
2 0
2 1
1 1
2 1
2 2
2 3
3 3
2 3
1 3
1 2
0 2
0 3
0 4
1 4
1 5
0 5
0 4
1 4
0 4
0 5
0 6
0 7
0 8
1 8
0 8
0 7
0 6
0 5
0 6
1 6
0 6
1 6
2 6
2 7
2 8
2 9
2 8
2 9
3 9
2 9
2 10
3 10
3 9
3 10
4 10
4 11
4 10
4 9
4 8
4 7
3 7
2 7
1 7
0 7
0 6
0 5
0 4
1 4
1 5
2 5
1 5
0 5
0 4
0 5
0 4
1 4
1 3
1 4
2 4
1 4
0 4
1 4
1 5
2 5
2 4
2 5
3 5
2 5
2 4
1 4
1 5
2 5
2 6
3 6
2 6
1 6
2 6
1 6
1 7
0 7
1 7
0 7
1 7
1 6
0 6
1 6
1 5
0 5
0 6
0 7
0 6
0 7
0 8
0 7
1 7
1 8
1 9
0 9
0 8
0 9
0 8
1 8
0 8
1 8
0 8
1 8
0 8
0 7
1 7
0 7
0 8
1 8
2 8
1 8
0 8
0 7
0 6
0 7
0 8
0 9
0 10
1 10
0 10
1 10
2 10
2 9
2 10
3 10
3 9
3 8
2 8
3 8
3 9
2 9
2 8
3 8
4 8
4 7
4 6
4 7
3 7
4 7
4 6
4 7
3 7
3 6
3 7
2 7
2 6
2 7
2 6
1 6
1 7
1 8
2 8
3 8
3 9
3 10
3 9
3 10
4 10
3 10
3 11
4 11
3 11
2 11
2 12
3 12
3 13
4 13
3 13
2 13
3 13
2 13
2 14
3 14
2 14
3 14
2 14
2 13
1 13
2 13
3 13
3 14
3 13
4 13
4 12
4 11
4 10
5 10
6 10
5 10
5 9
6 9
5 9
6 9
5 9
4 9
4 10
4 11
5 11
4 11
5 11
6 11
7 11
7 10
8 10
7 10
6 10
5 10
5 11
4 11
4 12
5 12
6 12
6 13
7 13
8 13
8 12
8 11
8 12
8 11
8 12
9 12
9 13
9 14
10 14
11 14
12 14
13 14
13 13
14 13
14 12
14 13
13 13
12 13
11 13
11 12
11 11
11 10
11 11
11 10
10 10
10 11
11 11
11 12
11 11
11 10
10 10
10 9
9 9
10 9
11 9
11 10
11 11
11 12
11 11
11 10
10 10
9 10
10 10
11 10
10 10
11 10
11 9
11 10
11 11
12 11
12 12
11 12
10 12
10 13
9 13
10 13
11 13
11 14
11 15
12 15
12 16
12 17
11 17
12 17
13 17
13 16
12 16
12 17
13 17
13 16
12 16
11 16
11 15
10 15
11 15
11 14
12 14
11 14
12 14
11 14
11 15
12 15
13 15
13 14
14 14
14 15
14 14
13 14
14 14
14 13
14 12
14 11
14 10
14 11
13 11
13 12
13 13
13 12
12 12
12 11
12 12
13 12
13 13
12 13
12 14
12 13
12 12
11 12
12 12
11 12
12 12
12 11
13 11
14 11
13 11
14 11
14 12
14 13
13 13
12 13
12 14
12 13
11 13
11 14
11 15
12 15
13 15
13 14
13 13
13 12
13 13
13 14
12 14
12 15
12 16
12 17
11 17
12 17
13 17
13 18
12 18
11 18
11 17
10 17
10 18
9 18
9 17
9 16
9 17
9 16
9 15
9 16
10 16
10 17
10 16
11 16
12 16
11 16
11 17
12 17
12 16
12 17
11 17
11 16
10 16
10 15
11 15
11 14
11 15
11 14
11 15
12 15
12 16
12 15
12 16
13 16
13 17
14 17
15 17
15 18
16 18
16 17
17 17
16 17
16 16
17 16
17 17
18 17
19 17
20 17
20 16
19 16
18 16
19 16
20 16
20 17
21 17
21 16
22 16
21 16
21 17
21 18
21 17
20 17
20 16
20 15
20 14
20 13
21 13
22 13
23 13
22 13
23 13
24 13
25 13
25 14
24 14
24 15
23 15
24 15
24 16
24 17
24 18
24 17
24 16
24 15
23 15
24 15
24 16
23 16
23 17
22 17
22 18
23 18
24 18
25 18
26 18
26 17
25 17
24 17
24 16
23 16
23 15
23 14
24 14
23 14
24 14
24 13
24 12
24 11
25 11
25 12
25 13
25 12
25 13
26 13
26 14
26 13
26 14
26 13
26 12
26 13
26 12
26 13
26 14
26 13
25 13
25 12
24 12
25 12
24 12
25 12
25 11
25 12
25 13
25 12
24 12
25 12
25 13
25 14
26 14
26 15
26 14
27 14
27 13
27 12
27 11
28 11
27 11
26 11
25 11
26 11
27 11
27 10
27 9
28 9
27 9
27 8
26 8
27 8
28 8
27 8
27 7
27 8
26 8
26 7
25 7
25 6
25 5
25 4
24 4
25 4
25 3
25 4
24 4
25 4
25 5
25 6
24 6
24 5
24 6
23 6
23 7
23 8
22 8
21 8
21 7
20 7
20 6
20 5
20 4
21 4
22 4
23 4
23 3
23 2
24 2
25 2
25 1
26 1
26 2
26 1
25 1
25 0
24 0
24 1
25 1
26 1
26 2
27 2
27 3
26 3
27 3
28 3
29 3
29 4
30 4
30 3
30 4
30 3
30 4
30 5
30 4
31 4
32 4
32 5
32 6
32 5
33 5
34 5
34 6
35 6
34 6
33 6
33 5
32 5
31 5
31 6
32 6
32 7
33 7
34 7
34 8
33 8
32 8
33 8
33 7
33 6
32 6
32 7
32 6
32 5
33 5
33 4
34 4
34 3
34 2
34 1
35 1
36 1
36 2
36 3
35 3
35 4
35 3
36 3
36 2
35 2
36 2
37 2
37 1
36 1
36 0
35 0
35 1
35 0
35 1
35 2
34 2
34 3
34 2
33 2
33 1
33 2
33 3
34 3
34 2
34 3
34 2
35 2
35 1
35 2
35 1
36 1
36 0
36 1
36 2
36 1
37 1
37 2
36 2
35 2
36 2
36 3
36 4
35 4
35 5
35 4
34 4
33 4
33 3
33 4
34 4
34 3
33 3
33 2
33 3
32 3
31 3
32 3
33 3
34 3
34 2
34 1
34 0
35 0
34 0
34 1
34 2
34 1
34 0
34 1
34 0
34 1
34 0
33 0
33 1
33 2
33 1
33 2
34 2
34 3
34 2
34 1
34 2
34 1
34 2
35 2
36 2
36 1
35 1
34 1
35 1
35 0
35 1
36 1
37 1
37 2
37 1
37 0
36 0
35 0
36 0
37 0
37 1
37 0
38 0
38 1
39 1
38 1
37 1
36 1
36 2
36 1
37 1
36 1
37 1
36 1
37 1
37 0
38 0
38 1
37 1
36 1
36 0
36 1
35 1
35 0
36 0
36 1
37 1
38 1
39 1
38 1
37 1
37 2
37 1
36 1
37 1
38 1
38 2
37 2
37 3
37 2
37 1
37 0
38 0
38 1
39 1
40 1
40 0
40 1
39 1
38 1
37 1
38 1
38 0
38 1
39 1
39 2
38 2
38 3
38 2
38 3
38 2
39 2
39 3
39 4
40 4
40 5
40 4
40 3
41 3
41 2
42 2
42 1
41 1
41 2
41 1
41 2
40 2
40 1
41 1
42 1
43 1
42 1
42 2
41 2
42 2
42 3
42 4
41 4
41 5
41 6
42 6
41 6
41 5
42 5
42 6
42 7
42 6
43 6
44 6
45 6
46 6
47 6
46 6
45 6
46 6
46 5
46 4
46 5
46 6
45 6
46 6
46 7
46 6
47 6
48 6
48 7
48 8
49 8
49 7
49 8
49 7
50 7
50 8
51 8
50 8
51 8
51 9
50 9
49 9
49 8
49 9
49 8
48 8
48 7
49 7
50 7
49 7
48 7
48 8
49 8
49 7
49 6
50 6
49 6
49 7
50 7
50 8
51 8
51 9
52 9
51 9
50 9
51 9
51 10
52 10
51 10
51 9
51 10
51 9
51 8
52 8
52 7
51 7
52 7
