0 0
0 1
1 1
0 1
0 0
1 0
0 0
1 0
0 0
0 1
1 1
1 2
0 2
1 2
0 2
0 3
0 2
1 2
2 2
3 2
3 3
2 3
2 2
2 3
2 2
1 2
1 1
0 1
1 1
1 0
2 0
2 1
1 1
2 1
1 1
1 0
1 1
1 2
2 2
2 1
1 1
1 0
0 0
1 0
2 0
2 1
3 1
2 1
1 1
1 0
1 1
1 0
1 1
0 1
0 0
1 0
1 1
1 2
0 2
0 3
0 4
0 5
0 6
1 6
0 6
0 7
1 7
1 6
1 7
2 7
1 7
1 6
2 6
1 6
0 6
1 6
1 7
1 6
1 7
0 7
1 7
1 6
1 5
0 5
1 5
0 5
0 6
1 6
0 6
0 7
0 6
0 5
0 6
0 5
1 5
1 6
1 7
2 7
1 7
0 7
1 7
0 7
0 6
0 5
0 4
1 4
1 5
2 5
1 5
0 5
0 4
1 4
2 4
2 5
1 5
2 5
2 6
2 7
2 8
2 9
2 10
2 9
2 8
3 8
3 9
4 9
5 9
6 9
6 8
6 7
5 7
6 7
6 8
6 9
6 8
6 7
6 8
7 8
8 8
8 7
8 8
7 8
8 8
8 9
7 9
7 10
6 10
7 10
6 10
6 9
7 9
8 9
8 8
7 8
6 8
6 7
7 7
7 8
7 9
8 9
8 8
7 8
6 8
5 8
6 8
6 7
5 7
4 7
5 7
5 6
5 5
5 4
5 5
5 6
5 5
6 5
7 5
7 4
7 3
7 2
7 3
8 3
9 3
10 3
11 3
12 3
11 3
11 2
10 2
10 1
10 2
10 1
11 1
12 1
12 2
12 1
11 1
12 1
11 1
10 1
9 1
9 2
9 1
8 1
8 2
7 2
6 2
6 3
7 3
7 4
7 3
7 4
7 5
8 5
8 6
9 6
10 6
11 6
10 6
11 6
11 7
10 7
11 7
12 7
12 8
12 7
11 7
11 8
10 8
9 8
8 8
9 8
8 8
9 8
9 9
8 9
9 9
8 9
7 9
7 10
7 9
7 8
6 8
7 8
7 7
8 7
8 6
9 6
10 6
10 5
10 4
10 5
11 5
10 5
9 5
10 5
11 5
11 4
10 4
11 4
11 3
12 3
12 4
12 3
11 3
10 3
9 3
9 4
9 3
9 4
8 4
9 4
9 5
9 4
10 4
11 4
10 4
9 4
10 4
10 3
9 3
9 2
8 2
8 1
8 2
8 1
7 1
8 1
9 1
9 0
9 1
8 1
8 2
8 3
8 4
7 4
6 4
6 3
6 2
5 2
5 1
5 2
4 2
3 2
3 3
2 3
2 4
3 4
2 4
1 4
2 4
2 5
2 6
2 7
1 7
2 7
3 7
4 7
4 8
4 9
3 9
3 8
3 9
4 9
4 10
4 11
4 12
5 12
4 12
4 13
4 12
4 13
4 14
5 14
4 14
3 14
3 15
3 14
4 14
5 14
6 14
6 13
6 12
5 12
4 12
5 12
5 13
5 12
5 13
6 13
6 12
6 11
6 12
6 13
5 13
5 14
5 13
5 12
5 11
5 10
5 9
5 8
4 8
3 8
4 8
4 9
4 8
3 8
3 7
2 7
2 6
1 6
2 6
1 6
1 5
0 5
0 6
1 6
1 7
1 6
1 5
2 5
2 4
3 4
3 5
4 5
4 4
4 5
3 5
2 5
2 6
2 7
2 8
3 8
3 9
4 9
4 8
3 8
4 8
4 9
4 8
4 9
4 10
3 10
3 9
3 8
3 9
3 8
3 9
3 8
3 7
3 8
4 8
4 9
5 9
5 8
5 7
5 6
5 7
6 7
6 8
6 9
7 9
7 10
7 11
8 11
9 11
10 11
9 11
8 11
8 12
7 12
8 12
7 12
6 12
6 11
6 10
7 10
7 11
7 12
8 12
9 12
9 11
8 11
9 11
9 12
8 12
8 11
8 10
7 10
8 10
8 9
8 8
7 8
7 7
7 8
7 9
8 9
8 8
8 7
9 7
10 7
9 7
8 7
8 8
7 8
7 9
7 10
7 11
8 11
8 10
7 10
7 11
7 12
8 12
8 13
7 13
7 12
7 11
7 10
8 10
8 11
7 11
7 12
6 12
6 13
6 14
6 15
6 14
6 13
6 14
6 13
5 13
4 13
5 13
5 14
5 13
4 13
5 13
5 14
5 13
5 12
4 12
4 13
4 14
3 14
2 14
2 15
2 16
3 16
3 17
4 17
4 16
4 17
4 18
5 18
4 18
5 18
6 18
6 17
5 17
6 17
6 16
5 16
5 15
5 16
6 16
7 16
7 17
7 18
6 18
5 18
6 18
6 19
5 19
6 19
7 19
6 19
5 19
5 20
6 20
5 20
6 20
7 20
6 20
6 21
5 21
4 21
3 21
4 21
4 22
4 23
5 23
5 24
6 24
6 23
6 24
7 24
7 25
6 25
6 24
5 24
6 24
5 24
6 24
6 25
6 24
6 25
5 25
4 25
4 26
4 25
4 26
5 26
6 26
5 26
4 26
3 26
3 25
3 24
2 24
1 24
1 25
1 26
1 27
1 28
1 29
1 30
0 30
0 29
1 29
0 29
1 29
2 29
2 28
3 28
3 27
3 28
2 28
3 28
2 28
2 27
3 27
4 27
3 27
3 26
4 26
4 25
5 25
5 26
5 25
4 25
4 26
4 27
3 27
2 27
1 27
1 28
2 28
1 28
0 28
0 27
1 27
2 27
1 27
1 26
0 26
1 26
2 26
2 25
2 24
2 25
2 24
2 23
3 23
3 24
3 25
3 26
4 26
5 26
6 26
6 27
6 28
5 28
5 29
5 30
5 31
6 31
7 31
7 32
7 31
8 31
9 31
10 31
10 30
11 30
12 30
12 31
13 31
14 31
14 30
13 30
13 29
12 29
11 29
11 30
11 31
10 31
9 31
10 31
11 31
12 31
13 31
13 30
14 30
14 29
14 28
14 27
14 28
14 27
14 28
15 28
16 28
16 27
16 26
16 25
16 26
16 27
17 27
18 27
18 28
17 28
17 27
16 27
17 27
16 27
15 27
16 27
16 26
15 26
15 27
16 27
16 28
17 28
17 29
17 28
16 28
15 28
15 29
14 29
13 29
12 29
12 30
12 31
12 32
11 32
11 31
10 31
11 31
12 31
12 30
13 30
14 30
14 29
14 28
14 27
15 27
15 26
16 26
16 25
17 25
17 24
17 23
17 24
18 24
17 24
18 24
17 24
17 25
18 25
19 25
20 25
20 26
21 26
22 26
21 26
20 26
20 27
21 27
20 27
19 27
18 27
17 27
18 27
18 28
18 29
18 28
19 28
19 29
19 28
19 29
19 30
19 29
18 29
17 29
16 29
17 29
16 29
16 30
15 30
16 30
16 29
16 30
17 30
17 31
18 31
18 32
18 33
19 33
19 32
19 31
19 30
20 30
21 30
21 31
20 31
20 30
20 29
21 29
21 30
21 29
21 28
21 29
22 29
22 30
22 29
22 28
23 28
23 29
22 29
23 29
23 28
23 29
23 30
24 30
25 30
26 30
25 30
26 30
25 30
25 31
25 30
25 29
25 28
25 29
25 30
26 30
26 29
26 28
26 29
25 29
24 29
25 29
24 29
24 30
25 30
25 29
25 30
25 31
25 32
25 31
25 30
25 31
24 31
24 30
23 30
23 31
23 32
23 31
23 32
23 31
23 32
23 31
23 30
22 30
22 31
21 31
21 30
20 30
21 30
21 31
21 32
22 32
22 33
23 33
23 34
23 35
23 36
24 36
24 37
25 37
24 37
24 38
24 39
25 39
25 40
25 41
26 41
26 42
26 43
26 42
26 41
26 40
26 39
27 39
27 40
27 39
27 40
28 40
28 41
28 40
28 41
28 42
28 41
29 41
28 41
28 40
28 39
29 39
29 40
30 40
30 41
31 41
32 41
33 41
32 41
32 42
33 42
33 41
33 42
32 42
33 42
34 42
35 42
36 42
36 41
37 41
36 41
36 42
36 43
36 44
37 44
37 45
36 45
36 44
35 44
35 43
34 43
34 44
34 43
34 42
35 42
36 42
36 43
35 43
36 43
36 44
35 44
35 43
35 42
35 41
36 41
36 42
37 42
36 42
37 42
37 43
38 43
38 42
39 42
40 42
40 41
41 41
41 40
41 41
41 42
42 42
41 42
41 41
41 42
40 42
41 42
41 41
41 42
41 43
41 42
40 42
40 41
40 40
40 41
40 40
39 40
39 39
40 39
40 40
41 40
40 40
41 40
42 40
41 40
42 40
42 39
43 39
43 40
44 40
45 40
46 40
46 41
47 41
46 41
45 41
46 41
46 42
46 43
46 44
46 45
47 45
48 45
47 45
47 44
47 45
48 45
47 45
48 45
47 45
48 45
48 46
48 45
48 46
49 46
