0 0
0 1
0 2
1 2
1 3
1 4
1 3
2 3
2 4
1 4
0 4
1 4
2 4
3 4
3 3
3 2
3 3
4 3
5 3
5 4
5 3
5 2
4 2
5 2
5 1
6 1
6 2
7 2
7 3
7 4
8 4
9 4
10 4
9 4
9 3
9 4
9 5
8 5
7 5
7 6
7 7
6 7
5 7
6 7
5 7
4 7
5 7
4 7
4 8
3 8
3 7
3 6
2 6
2 5
3 5
3 6
3 5
4 5
4 6
4 5
4 6
3 6
2 6
2 5
3 5
3 4
2 4
1 4
2 4
2 5
2 6
2 5
1 5
0 5
0 4
1 4
0 4
1 4
1 3
0 3
1 3
2 3
2 4
2 5
2 6
2 7
1 7
1 8
1 7
1 8
1 9
1 8
2 8
1 8
2 8
2 7
2 6
2 5
2 6
2 7
3 7
2 7
2 8
2 7
1 7
2 7
2 6
3 6
3 7
4 7
4 6
5 6
4 6
4 7
3 7
4 7
5 7
5 8
4 8
3 8
3 9
2 9
2 10
2 11
1 11
0 11
0 10
1 10
1 9
1 8
2 8
2 9
2 10
3 10
2 10
3 10
2 10
1 10
2 10
2 11
2 10
2 11
2 10
3 10
4 10
3 10
3 9
3 8
3 9
3 8
3 7
3 8
3 9
2 9
2 8
2 7
2 8
2 9
1 9
2 9
1 9
1 10
2 10
1 10
0 10
0 9
1 9
1 8
2 8
3 8
3 7
2 7
3 7
3 8
3 9
4 9
3 9
3 10
4 10
3 10
2 10
2 9
3 9
3 10
4 10
4 11
4 10
4 9
4 10
3 10
3 9
2 9
2 8
2 9
2 8
1 8
0 8
1 8
2 8
2 9
3 9
3 8
4 8
4 9
4 10
4 9
3 9
3 8
3 7
3 6
3 5
3 6
3 5
2 5
2 6
1 6
2 6
2 7
3 7
2 7
2 6
1 6
1 7
0 7
0 8
1 8
0 8
0 9
0 8
1 8
1 7
0 7
0 8
1 8
0 8
1 8
1 9
1 8
0 8
1 8
0 8
0 9
1 9
0 9
1 9
2 9
3 9
4 9
4 10
4 9
3 9
3 8
2 8
2 9
2 10
1 10
1 9
2 9
2 8
3 8
4 8
4 7
5 7
4 7
4 8
4 9
4 10
3 10
3 9
4 9
5 9
4 9
4 8
5 8
5 9
5 8
4 8
3 8
3 9
3 8
4 8
3 8
2 8
1 8
2 8
3 8
2 8
3 8
2 8
2 7
3 7
2 7
2 8
3 8
4 8
4 9
4 8
5 8
4 8
4 9
5 9
5 10
6 10
6 11
6 10
6 9
6 8
7 8
7 9
6 9
6 8
6 7
6 8
7 8
8 8
8 9
8 10
9 10
9 9
9 8
8 8
9 8
8 8
9 8
8 8
9 8
9 9
8 9
9 9
8 9
8 10
9 10
9 11
9 10
10 10
10 11
11 11
12 11
13 11
13 10
14 10
13 10
13 11
13 10
12 10
12 11
13 11
13 12
13 11
14 11
13 11
14 11
14 10
14 9
14 10
14 11
14 12
14 13
14 14
14 15
14 16
14 17
14 18
14 19
14 20
14 19
15 19
15 18
15 17
15 16
14 16
13 16
13 15
12 15
12 14
13 14
13 15
12 15
12 16
11 16
10 16
9 16
8 16
7 16
8 16
8 17
9 17
9 18
10 18
11 18
10 18
11 18
10 18
11 18
10 18
11 18
10 18
9 18
9 19
9 20
10 20
11 20
11 19
11 18
10 18
9 18
9 17
9 18
10 18
9 18
9 17
10 17
9 17
9 16
9 17
10 17
10 18
10 17
11 17
11 16
11 15
12 15
13 15
14 15
14 14
13 14
13 13
13 14
14 14
14 15
13 15
12 15
12 14
12 15
12 16
12 17
12 18
12 17
12 16
12 17
12 18
12 17
12 16
13 16
12 16
13 16
12 16
12 17
11 17
12 17
13 17
13 18
13 17
14 17
15 17
15 16
15 15
15 16
15 17
15 16
15 15
15 14
15 15
15 14
16 14
15 14
15 13
15 14
15 15
16 15
16 14
16 13
16 14
16 15
15 15
15 16
14 16
13 16
14 16
13 16
14 16
15 16
15 17
15 18
15 17
14 17
15 17
15 18
14 18
15 18
15 17
16 17
16 18
16 19
16 18
16 17
16 18
16 19
15 19
16 19
16 20
16 21
15 21
14 21
14 22
15 22
14 22
14 23
15 23
14 23
14 22
13 22
13 21
12 21
12 20
12 21
11 21
11 22
12 22
12 21
12 20
11 20
11 21
12 21
13 21
14 21
15 21
16 21
16 22
17 22
18 22
18 21
18 22
17 22
17 21
17 20
17 19
16 19
15 19
16 19
15 19
15 20
16 20
15 20
15 19
14 19
15 19
15 18
15 19
15 20
16 20
16 19
15 19
16 19
15 19
15 20
16 20
15 20
15 19
15 18
15 17
15 16
15 15
15 16
16 16
15 16
14 16
15 16
14 16
14 17
15 17
15 16
15 17
15 18
15 19
16 19
15 19
15 18
14 18
15 18
15 17
14 17
13 17
14 17
15 17
16 17
16 16
16 15
17 15
17 16
18 16
18 15
19 15
18 15
19 15
20 15
20 14
20 15
20 14
21 14
21 15
22 15
21 15
22 15
22 14
22 13
22 12
22 11
22 12
21 12
21 13
21 14
20 14
20 13
19 13
19 14
19 15
20 15
20 14
20 13
19 13
18 13
18 12
19 12
19 13
19 14
20 14
19 14
18 14
18 15
18 14
19 14
19 15
19 14
20 14
21 14
20 14
19 14
19 15
19 16
20 16
20 15
19 15
20 15
21 15
22 15
22 16
23 16
23 15
23 14
24 14
24 15
25 15
25 14
25 15
25 14
26 14
25 14
26 14
27 14
28 14
27 14
27 13
27 12
28 12
29 12
29 13
30 13
31 13
31 12
32 12
33 12
33 13
32 13
32 12
33 12
33 11
34 11
34 10
34 9
35 9
34 9
34 10
34 11
34 12
34 13
34 14
33 14
32 14
33 14
33 13
33 12
34 12
35 12
34 12
33 12
32 12
31 12
30 12
30 11
31 11
31 10
32 10
33 10
33 9
32 9
32 8
32 9
33 9
33 10
33 9
34 9
35 9
35 10
35 9
36 9
36 10
36 11
36 10
36 11
35 11
35 12
35 11
34 11
34 10
33 10
34 10
35 10
35 9
34 9
33 9
33 10
33 9
32 9
31 9
32 9
32 8
32 7
33 7
34 7
35 7
35 8
35 9
35 10
35 9
36 9
37 9
38 9
37 9
38 9
38 8
37 8
37 7
37 8
38 8
38 9
37 9
36 9
36 10
35 10
35 9
34 9
35 9
35 8
34 8
33 8
33 7
32 7
32 6
32 7
32 8
33 8
33 9
33 10
34 10
34 9
34 8
34 7
34 6
34 7
34 8
34 9
34 10
35 10
35 11
34 11
34 12
35 12
35 13
35 14
34 14
33 14
32 14
32 15
31 15
31 14
32 14
31 14
32 14
31 14
31 13
31 14
31 13
31 12
31 11
30 11
29 11
28 11
28 12
28 13
29 13
28 13
28 12
28 13
29 13
28 13
28 14
29 14
30 14
30 13
30 14
30 13
30 12
31 12
30 12
31 12
31 13
30 13
30 12
29 12
30 12
29 12
29 13
28 13
29 13
29 14
29 13
28 13
29 13
29 14
30 14
29 14
30 14
30 13
30 12
29 12
30 12
31 12
32 12
32 13
31 13
32 13
32 14
31 14
31 15
31 16
31 15
31 16
31 17
31 16
32 16
32 15
32 14
32 13
32 14
32 15
31 15
31 14
31 13
31 14
32 14
31 14
32 14
32 15
33 15
33 16
32 16
31 16
30 16
29 16
30 16
30 15
29 15
30 15
30 16
29 16
29 15
30 15
30 14
31 14
30 14
30 13
29 13
30 13
31 13
31 14
31 13
31 14
32 14
32 15
32 16
32 15
32 16
32 17
32 18
33 18
33 17
33 16
33 17
32 17
32 18
32 19
32 18
31 18
32 18
33 18
33 19
33 20
33 21
34 21
35 21
35 20
35 19
35 18
35 19
35 18
35 17
34 17
33 17
33 16
33 17
33 18
32 18
33 18
34 18
34 17
33 17
33 16
33 15
32 15
31 15
32 15
31 15
30 15
30 16
31 16
31 17
32 17
31 17
31 18
31 19
31 20
32 20
32 19
32 18
32 17
31 17
31 16
31 15
31 16
32 16
33 16
33 17
33 16
33 15
34 15
33 15
34 15
34 16
34 15
34 16
34 15
34 14
34 13
34 12
35 12
35 11
35 10
34 10
35 10
35 9
35 8
35 9
35 10
35 9
35 8
35 7
35 6
36 6
35 6
35 7
36 7
36 8
37 8
37 9
37 8
36 8
35 8
36 8
35 8
