0 0
0 1
1 1
2 1
1 1
1 0
2 0
3 0
2 0
2 1
2 2
2 1
2 2
2 1
3 1
3 2
2 2
3 2
2 2
2 3
3 3
2 3
2 2
1 2
1 3
0 3
1 3
0 3
1 3
1 4
1 5
2 5
2 6
2 7
3 7
3 6
2 6
3 6
2 6
3 6
4 6
5 6
5 5
5 4
4 4
3 4
2 4
1 4
0 4
0 5
0 4
1 4
1 3
0 3
0 4
0 5
0 4
1 4
1 5
0 5
0 4
1 4
1 5
0 5
1 5
1 6
1 5
2 5
3 5
3 6
3 7
2 7
2 8
2 9
1 9
2 9
3 9
3 10
4 10
4 11
3 11
4 11
4 12
4 13
5 13
5 12
6 12
5 12
4 12
5 12
5 13
4 13
5 13
6 13
7 13
7 14
6 14
7 14
8 14
9 14
9 15
9 14
8 14
8 13
8 14
7 14
8 14
8 15
9 15
9 16
8 16
8 17
8 18
8 19
7 19
8 19
8 20
7 20
8 20
8 21
8 22
8 21
8 22
9 22
9 23
9 24
8 24
8 25
9 25
10 25
10 26
11 26
11 27
11 26
10 26
11 26
11 27
11 28
11 27
10 27
11 27
10 27
9 27
10 27
11 27
11 28
12 28
13 28
13 29
13 28
13 29
12 29
13 29
12 29
13 29
12 29
12 28
11 28
12 28
12 29
11 29
10 29
10 28
9 28
9 27
9 26
10 26
10 27
10 28
10 29
10 30
11 30
12 30
12 29
11 29
12 29
11 29
12 29
12 30
11 30
10 30
11 30
11 29
11 30
10 30
9 30
8 30
7 30
7 29
7 28
7 29
6 29
6 30
5 30
5 29
6 29
6 30
6 29
5 29
4 29
5 29
4 29
5 29
5 28
5 29
6 29
5 29
6 29
6 30
5 30
6 30
6 29
7 29
7 28
6 28
6 27
5 27
6 27
5 27
6 27
6 28
6 27
7 27
7 28
6 28
5 28
5 27
6 27
6 28
7 28
8 28
8 27
8 28
8 27
7 27
7 28
7 29
7 28
6 28
5 28
6 28
5 28
4 28
4 27
4 26
4 25
3 25
3 26
3 25
2 25
2 24
1 24
1 23
2 23
3 23
4 23
3 23
2 23
2 22
1 22
1 23
1 24
1 23
1 24
0 24
0 23
1 23
1 22
1 23
1 22
2 22
2 21
3 21
2 21
3 21
4 21
4 20
3 20
4 20
5 20
5 21
6 21
7 21
7 20
7 21
8 21
8 20
8 19
8 18
7 18
8 18
8 19
8 18
7 18
6 18
5 18
6 18
5 18
5 19
6 19
7 19
7 18
7 19
7 18
7 19
8 19
9 19
9 18
10 18
10 17
10 16
10 15
10 14
10 15
10 16
10 15
10 14
10 15
10 14
11 14
11 15
12 15
11 15
10 15
9 15
8 15
9 15
9 14
9 15
8 15
8 14
7 14
7 13
8 13
8 14
9 14
9 13
9 14
10 14
10 15
11 15
11 16
10 16
10 17
9 17
10 17
10 16
11 16
12 16
12 17
12 16
13 16
13 17
12 17
12 16
11 16
11 17
11 18
11 19
10 19
10 20
10 19
10 18
11 18
12 18
13 18
13 17
14 17
14 16
14 17
15 17
14 17
13 17
12 17
11 17
10 17
10 16
10 17
11 17
11 16
12 16
12 17
12 18
11 18
11 17
11 18
12 18
11 18
11 17
11 18
12 18
12 17
12 18
13 18
12 18
11 18
12 18
13 18
12 18
13 18
14 18
14 19
13 19
14 19
13 19
13 18
12 18
12 17
12 18
12 17
11 17
11 18
10 18
9 18
9 17
9 16
9 15
9 16
9 17
9 16
8 16
8 17
8 16
9 16
9 15
8 15
7 15
8 15
7 15
8 15
8 16
7 16
7 17
7 18
8 18
8 17
9 17
10 17
10 16
11 16
12 16
12 15
11 15
11 14
10 14
10 15
10 14
11 14
10 14
11 14
11 13
10 13
11 13
12 13
13 13
12 13
12 12
13 12
12 12
12 13
12 12
13 12
12 12
13 12
12 12
12 11
12 10
11 10
12 10
12 11
11 11
10 11
10 10
11 10
12 10
13 10
13 9
13 10
14 10
14 9
14 8
15 8
15 9
16 9
16 10
17 10
18 10
18 11
18 10
19 10
18 10
18 11
18 10
18 11
18 12
19 12
19 13
19 12
19 11
20 11
19 11
20 11
21 11
22 11
23 11
23 10
22 10
22 9
22 10
22 9
21 9
22 9
22 8
22 7
23 7
22 7
22 8
22 7
21 7
20 7
20 6
20 7
20 8
20 9
21 9
21 10
21 9
22 9
23 9
23 8
24 8
25 8
26 8
26 7
26 8
26 9
26 10
26 11
26 12
26 13
25 13
25 14
25 15
24 15
24 14
25 14
24 14
24 15
24 14
24 13
24 14
24 15
25 15
24 15
24 14
23 14
23 15
24 15
24 16
24 15
24 14
24 13
24 12
24 13
23 13
24 13
23 13
22 13
22 12
21 12
22 12
22 13
22 14
21 14
21 13
20 13
20 12
21 12
22 12
21 12
20 12
19 12
19 13
19 12
19 13
19 14
19 13
19 12
19 13
20 13
21 13
20 13
21 13
21 12
20 12
20 11
19 11
19 10
20 10
19 10
19 9
18 9
18 8
18 7
19 7
19 6
19 7
18 7
17 7
17 6
17 7
18 7
18 8
19 8
18 8
17 8
17 7
17 8
18 8
17 8
17 7
16 7
16 6
17 6
17 7
18 7
18 8
18 7
19 7
19 6
20 6
19 6
19 7
19 8
20 8
20 9
20 10
19 10
19 9
20 9
20 8
19 8
19 9
18 9
19 9
20 9
20 8
20 9
19 9
19 8
19 7
19 6
19 7
20 7
20 8
20 7
20 6
19 6
20 6
21 6
21 5
22 5
22 4
22 3
22 2
23 2
24 2
23 2
23 3
24 3
24 2
23 2
24 2
23 2
24 2
25 2
26 2
27 2
27 3
28 3
27 3
28 3
29 3
29 4
30 4
29 4
29 3
30 3
30 4
31 4
31 5
31 4
31 5
30 5
30 4
30 3
30 4
29 4
29 3
30 3
30 2
29 2
29 3
29 2
29 1
28 1
27 1
27 2
27 1
27 2
28 2
28 3
28 2
28 1
28 0
27 0
28 0
29 0
30 0
30 1
30 2
30 3
30 4
31 4
31 5
31 6
32 6
32 5
32 6
31 6
32 6
33 6
33 5
33 6
33 5
33 4
34 4
33 4
33 3
33 2
33 1
32 1
33 1
33 2
33 3
33 2
33 3
33 2
32 2
32 3
31 3
32 3
32 4
32 3
32 2
32 3
33 3
33 4
34 4
34 3
33 3
33 4
33 3
34 3
35 3
35 4
35 3
35 2
35 1
35 0
35 1
35 0
36 0
36 1
35 1
34 1
33 1
33 2
33 3
32 3
32 4
32 3
31 3
31 2
32 2
33 2
32 2
33 2
32 2
31 2
30 2
30 1
30 2
29 2
29 3
29 2
30 2
30 3
30 4
31 4
31 3
30 3
30 4
29 4
29 5
30 5
29 5
29 6
28 6
27 6
27 7
28 7
28 8
27 8
26 8
26 9
27 9
28 9
28 10
28 9
27 9
28 9
28 8
28 9
28 8
28 9
28 8
27 8
27 7
26 7
27 7
28 7
29 7
28 7
29 7
29 6
28 6
28 7
28 8
28 7
27 7
27 6
26 6
27 6
27 5
27 4
27 3
28 3
29 3
29 2
29 3
30 3
30 4
30 5
30 4
30 5
29 5
28 5
28 4
28 3
28 4
28 5
28 4
27 4
28 4
28 3
28 4
28 5
29 5
28 5
29 5
28 5
28 4
28 3
28 2
28 3
28 2
28 1
29 1
29 0
29 1
29 0
28 0
27 0
27 1
27 0
27 1
26 1
26 2
27 2
28 2
28 1
29 1
30 1
30 0
29 0
30 0
30 1
31 1
31 2
31 1
32 1
33 1
32 1
32 2
33 2
33 3
32 3
32 4
32 3
33 3
34 3
34 2
34 1
35 1
34 1
34 0
35 0
35 1
34 1
34 2
34 1
35 1
34 1
35 1
36 1
37 1
37 0
36 0
36 1
36 2
36 1
36 0
36 1
35 1
35 0
36 0
36 1
36 2
36 1
36 2
36 1
36 2
36 1
37 1
37 0
37 1
36 1
36 2
36 1
36 0
36 1
36 2
36 3
37 3
38 3
37 3
38 3
38 2
38 3
39 3
40 3
40 4
39 4
39 5
39 6
39 5
40 5
40 6
39 6
38 6
39 6
39 7
38 7
39 7
39 8
39 9
40 9
39 9
39 10
40 10
40 11
40 10
41 10
41 9
42 9
42 10
42 11
42 10
43 10
44 10
44 11
45 11
45 12
45 11
44 11
44 10
44 9
44 10
44 9
