0 0
1 0
1 1
1 0
1 1
1 2
1 1
2 1
2 2
2 3
1 3
1 4
1 3
1 2
1 3
0 3
0 2
1 2
2 2
1 2
1 3
2 3
2 4
2 3
2 4
1 4
0 4
0 5
0 4
1 4
2 4
2 5
2 4
3 4
3 5
3 4
4 4
4 5
4 4
4 3
3 3
3 4
3 5
3 6
3 5
2 5
3 5
2 5
3 5
2 5
2 6
1 6
1 5
1 6
1 7
1 8
2 8
3 8
3 9
3 8
3 9
3 10
3 11
3 10
4 10
4 11
4 10
3 10
3 9
3 8
2 8
1 8
1 9
1 10
0 10
0 9
1 9
1 8
1 7
1 6
1 5
1 4
0 4
1 4
0 4
0 3
1 3
0 3
0 4
1 4
2 4
3 4
2 4
1 4
1 5
1 4
2 4
2 3
2 2
1 2
1 1
0 1
1 1
1 2
1 1
1 0
1 1
1 0
1 1
1 2
1 3
2 3
3 3
3 4
3 3
3 4
3 5
3 4
3 3
2 3
3 3
2 3
1 3
1 4
0 4
0 5
0 6
1 6
1 5
1 4
1 5
1 4
0 4
0 3
1 3
2 3
1 3
2 3
3 3
2 3
1 3
1 4
2 4
3 4
2 4
3 4
2 4
2 5
2 6
3 6
3 5
4 5
4 4
5 4
4 4
4 5
4 4
4 5
4 4
5 4
5 3
5 2
5 1
6 1
6 2
7 2
7 1
8 1
9 1
10 1
11 1
11 0
11 1
11 2
11 3
12 3
12 4
12 5
12 4
11 4
11 5
12 5
12 6
12 5
11 5
10 5
10 6
10 7
10 6
10 5
9 5
10 5
10 6
10 5
10 6
10 5
9 5
10 5
11 5
12 5
12 4
12 3
13 3
14 3
14 2
14 1
13 1
13 0
14 0
13 0
13 1
13 2
13 3
14 3
13 3
13 4
12 4
12 5
12 6
13 6
13 5
13 6
13 7
12 7
12 8
13 8
12 8
13 8
13 9
13 8
13 7
13 6
12 6
12 7
12 6
12 7
12 6
12 5
12 6
13 6
13 7
12 7
13 7
12 7
12 6
12 5
13 5
14 5
15 5
15 6
15 7
16 7
16 6
16 5
15 5
14 5
14 4
14 3
14 4
15 4
16 4
17 4
17 3
18 3
19 3
19 4
18 4
17 4
17 3
17 2
18 2
19 2
20 2
20 1
20 2
20 3
20 4
20 5
19 5
19 4
18 4
18 3
18 4
17 4
16 4
16 3
16 2
17 2
17 3
17 4
18 4
18 5
19 5
18 5
19 5
19 6
18 6
18 5
17 5
17 6
17 7
17 8
17 9
16 9
15 9
15 8
16 8
17 8
17 7
17 6
18 6
17 6
17 7
16 7
15 7
15 8
15 9
16 9
17 9
16 9
17 9
17 8
17 7
17 8
16 8
16 9
15 9
14 9
14 8
13 8
13 7
12 7
12 6
12 7
12 6
12 7
13 7
12 7
12 8
13 8
13 9
14 9
15 9
14 9
14 10
15 10
16 10
16 9
15 9
14 9
14 10
13 10
14 10
13 10
14 10
14 9
14 10
15 10
15 11
14 11
15 11
15 12
15 13
15 14
15 15
16 15
15 15
15 14
14 14
14 15
15 15
15 14
14 14
15 14
15 15
15 14
15 15
15 14
14 14
15 14
16 14
16 15
16 14
16 13
16 12
16 11
16 12
16 13
17 13
18 13
18 14
19 14
19 13
19 14
19 15
20 15
19 15
19 14
19 15
20 15
20 16
20 17
20 16
21 16
20 16
20 15
21 15
21 16
21 17
21 16
22 16
21 16
22 16
23 16
23 15
24 15
24 16
24 15
23 15
24 15
25 15
25 14
25 13
25 14
25 13
26 13
26 14
27 14
27 15
27 14
27 13
27 14
26 14
27 14
27 15
28 15
28 14
28 15
27 15
27 14
27 15
27 16
27 15
26 15
25 15
24 15
25 15
26 15
25 15
25 14
25 15
25 16
25 17
24 17
24 18
23 18
24 18
24 19
24 20
24 19
25 19
24 19
24 18
24 19
24 18
25 18
25 17
25 18
25 19
26 19
26 18
27 18
27 19
27 20
28 20
27 20
27 19
27 18
27 19
26 19
26 20
26 19
27 19
28 19
27 19
28 19
29 19
29 18
28 18
28 17
28 16
29 16
30 16
29 16
29 15
29 16
29 17
29 16
30 16
30 15
30 16
29 16
28 16
29 16
28 16
28 17
28 18
27 18
28 18
28 17
28 16
27 16
26 16
25 16
26 16
25 16
25 17
24 17
24 18
24 17
23 17
23 18
23 19
23 18
23 19
23 20
24 20
25 20
24 20
24 19
23 19
22 19
23 19
22 19
22 20
23 20
23 21
24 21
24 20
25 20
26 20
25 20
24 20
24 19
25 19
25 20
25 21
26 21
26 20
26 21
26 20
27 20
27 19
26 19
27 19
26 19
26 20
26 19
26 18
26 17
26 18
25 18
26 18
27 18
26 18
25 18
25 19
25 20
26 20
26 19
26 20
26 21
25 21
26 21
25 21
25 20
25 19
26 19
25 19
25 18
25 19
25 20
25 19
24 19
24 18
23 18
23 17
23 18
24 18
25 18
26 18
26 17
26 18
26 17
27 17
27 16
27 17
27 18
27 17
27 16
28 16
28 15
29 15
28 15
29 15
29 14
29 13
29 12
30 12
29 12
30 12
31 12
30 12
31 12
31 13
30 13
29 13
29 14
28 14
28 13
29 13
28 13
29 13
28 13
28 12
28 13
28 14
29 14
29 15
29 14
29 15
29 14
29 13
30 13
31 13
30 13
29 13
28 13
27 13
27 14
26 14
26 13
27 13
27 14
28 14
29 14
30 14
31 14
31 15
30 15
30 14
30 15
31 15
31 14
31 15
30 15
30 16
31 16
32 16
32 15
33 15
34 15
35 15
36 15
36 16
35 16
36 16
36 15
36 14
37 14
38 14
37 14
37 15
36 15
36 14
36 13
36 12
36 11
35 11
35 12
35 11
35 10
35 11
35 12
35 11
36 11
36 12
36 13
36 12
36 13
36 14
35 14
35 13
35 12
35 13
35 12
36 12
36 11
37 11
38 11
37 11
36 11
37 11
37 10
38 10
38 11
37 11
37 10
38 10
38 11
37 11
38 11
38 10
38 9
38 10
37 10
36 10
36 11
37 11
37 12
38 12
38 13
39 13
40 13
41 13
42 13
42 14
42 15
41 15
42 15
43 15
43 16
43 15
43 14
44 14
44 15
45 15
46 15
46 16
47 16
48 16
48 15
49 15
48 15
48 14
47 14
46 14
47 14
47 13
46 13
45 13
45 14
45 15
44 15
44 16
45 16
46 16
47 16
48 16
47 16
47 17
48 17
47 17
46 17
47 17
48 17
47 17
46 17
45 17
46 17
46 18
46 19
45 19
45 20
44 20
43 20
44 20
45 20
45 21
45 20
44 20
44 21
44 20
44 21
44 20
43 20
43 21
43 20
43 21
43 22
42 22
41 22
41 21
40 21
39 21
39 20
39 21
39 20
38 20
38 19
37 19
36 19
37 19
38 19
38 20
38 21
38 20
38 19
38 20
38 21
38 22
37 22
37 21
38 21
38 20
37 20
37 21
37 22
37 21
38 21
39 21
40 21
40 22
40 23
40 22
40 21
40 20
41 20
41 21
42 21
42 20
42 21
41 21
42 21
42 22
42 23
43 23
43 22
44 22
44 23
44 22
44 23
45 23
46 23
47 23
48 23
48 24
47 24
46 24
46 23
47 23
47 22
47 23
46 23
46 22
47 22
47 21
48 21
49 21
48 21
48 22
47 22
48 22
49 22
48 22
48 21
47 21
48 21
48 22
49 22
49 21
50 21
50 20
51 20
50 20
50 21
51 21
50 21
50 22
50 21
50 20
50 19
50 20
50 21
51 21
50 21
50 20
51 20
51 19
51 18
50 18
51 18
51 17
51 18
51 19
50 19
50 20
51 20
50 20
51 20
50 20
50 19
50 18
50 19
50 20
50 19
51 19
51 18
51 19
52 19
51 19
52 19
53 19
53 18
54 18
55 18
54 18
53 18
53 19
52 19
51 19
50 19
51 19
51 18
51 17
52 17
51 17
52 17
52 18
53 18
53 19
52 19
52 20
52 19
52 20
53 20
54 20
54 19
53 19
53 20
53 21
53 20
54 20
53 20
53 19
53 20
52 20
53 20
54 20
55 20
55 19
55 18
55 17
54 17
54 16
54 15
53 15
53 14
54 14
53 14
53 13
53 14
54 14
54 15
55 15
54 15
53 15
52 15
52 14
51 14
50 14
49 14
49 15
49 16
48 16
48 17
47 17
47 16
47 17
46 17
47 17
47 18
47 17
47 18
47 17
46 17
46 18
45 18
45 19
45 20
46 20
46 21
46 20
46 19
47 19
47 20
47 19
46 19
46 18
47 18
