0 0
0 1
0 0
1 0
1 1
0 1
1 1
2 1
2 2
2 3
2 4
3 4
3 5
3 4
2 4
3 4
4 4
4 5
5 5
5 4
5 3
4 3
4 2
4 1
3 1
4 1
5 1
4 1
3 1
3 0
3 1
2 1
3 1
3 0
3 1
3 0
3 1
2 1
2 2
2 1
3 1
2 1
2 2
1 2
2 2
3 2
4 2
4 1
4 0
3 0
3 1
2 1
2 0
3 0
2 0
2 1
1 1
2 1
1 1
1 0
2 0
2 1
1 1
1 0
1 1
1 0
2 0
2 1
2 0
1 0
1 1
2 1
2 0
1 0
0 0
0 1
1 1
2 1
2 0
1 0
1 1
2 1
2 2
1 2
2 2
2 3
1 3
1 2
0 2
0 3
1 3
1 2
1 3
1 4
1 3
1 4
1 3
0 3
0 2
0 1
1 1
1 0
1 1
0 1
1 1
0 1
0 0
1 0
0 0
1 0
2 0
3 0
4 0
4 1
5 1
6 1
6 2
6 1
7 1
7 2
8 2
9 2
10 2
10 3
10 2
11 2
11 1
11 2
12 2
12 1
12 2
12 3
12 2
12 3
11 3
12 3
13 3
13 2
13 1
13 2
13 3
14 3
13 3
13 4
14 4
13 4
14 4
14 3
14 4
15 4
15 5
15 4
14 4
15 4
15 5
15 6
16 6
15 6
16 6
15 6
15 7
15 8
15 9
14 9
14 8
13 8
13 9
12 9
12 8
13 8
14 8
14 9
14 10
13 10
14 10
14 9
15 9
16 9
16 10
17 10
17 9
18 9
18 10
19 10
19 11
20 11
20 12
19 12
20 12
20 11
19 11
19 12
19 11
19 12
20 12
20 11
19 11
20 11
20 10
20 11
21 11
21 12
22 12
22 11
22 12
22 13
21 13
22 13
22 12
22 13
22 12
22 11
22 10
21 10
21 11
21 12
20 12
21 12
22 12
22 11
21 11
21 12
20 12
19 12
19 13
20 13
20 12
20 11
20 12
20 13
21 13
21 14
20 14
19 14
19 13
19 14
19 13
19 12
19 13
19 12
20 12
20 13
20 12
21 12
20 12
20 13
20 12
21 12
22 12
22 13
23 13
23 12
22 12
21 12
20 12
21 12
21 13
21 12
21 11
21 10
20 10
20 9
20 8
19 8
20 8
20 7
20 8
21 8
21 9
20 9
20 8
20 9
20 10
20 9
21 9
20 9
20 10
21 10
22 10
22 9
21 9
20 9
20 10
20 11
19 11
19 12
19 11
20 11
19 11
18 11
19 11
19 10
18 10
18 11
17 11
17 12
16 12
16 13
16 14
15 14
14 14
15 14
16 14
16 13
17 13
18 13
17 13
17 14
17 15
17 16
17 17
17 18
16 18
16 19
15 19
16 19
16 20
17 20
18 20
18 19
18 20
18 21
19 21
18 21
18 20
18 21
19 21
20 21
20 20
20 21
21 21
21 20
22 20
21 20
20 20
20 19
21 19
20 19
19 19
20 19
20 18
20 17
21 17
20 17
21 17
22 17
21 17
22 17
21 17
20 17
21 17
21 16
20 16
20 15
21 15
21 14
21 13
21 12
21 11
21 12
22 12
22 13
21 13
21 14
21 15
21 16
22 16
22 17
21 17
21 16
21 15
21 16
22 16
23 16
23 17
23 16
23 17
23 18
24 18
24 19
24 18
24 19
25 19
25 18
26 18
26 19
26 18
27 18
26 18
27 18
26 18
25 18
26 18
27 18
28 18
27 18
26 18
25 18
25 17
24 17
24 18
24 19
25 19
26 19
26 20
25 20
25 21
26 21
26 22
26 23
26 22
26 23
27 23
26 23
26 22
25 22
26 22
25 22
25 21
25 22
25 21
25 20
25 19
24 19
25 19
24 19
24 18
23 18
23 17
23 18
22 18
22 17
22 16
21 16
22 16
22 17
23 17
23 18
23 19
22 19
21 19
21 20
21 21
20 21
20 20
20 19
19 19
19 20
20 20
19 20
19 21
19 22
19 21
19 20
18 20
19 20
19 21
20 21
21 21
22 21
21 21
21 22
21 21
21 22
22 22
22 21
21 21
21 22
22 22
22 23
23 23
23 24
22 24
22 25
22 26
23 26
23 27
24 27
23 27
24 27
24 28
25 28
25 27
24 27
25 27
26 27
26 28
26 27
26 28
25 28
25 27
26 27
27 27
28 27
29 27
29 26
28 26
29 26
29 25
29 24
28 24
28 25
29 25
28 25
29 25
28 25
28 24
28 25
27 25
28 25
28 26
29 26
29 25
30 25
31 25
30 25
30 24
31 24
31 25
31 26
30 26
31 26
31 27
31 28
30 28
30 29
30 30
29 30
30 30
30 31
31 31
30 31
31 31
32 31
32 30
33 30
33 29
34 29
34 28
35 28
34 28
34 29
35 29
36 29
36 30
37 30
37 31
38 31
39 31
40 31
40 32
40 33
40 32
40 31
39 31
39 32
39 33
39 34
40 34
41 34
41 35
42 35
42 36
43 36
43 37
43 36
42 36
43 36
44 36
43 36
44 36
43 36
44 36
43 36
42 36
42 37
42 36
42 35
41 35
41 34
41 33
41 34
42 34
41 34
41 35
41 34
41 35
41 36
41 37
41 36
41 35
40 35
40 36
41 36
42 36
43 36
43 35
44 35
44 36
45 36
46 36
45 36
45 37
46 37
45 37
44 37
44 38
45 38
46 38
45 38
45 39
45 40
45 39
44 39
45 39
46 39
47 39
47 40
46 40
46 39
46 40
46 39
46 40
45 40
46 40
47 40
47 39
47 40
46 40
46 39
45 39
45 38
45 39
45 40
46 40
46 39
47 39
48 39
48 38
48 39
48 38
48 37
47 37
46 37
45 37
45 36
46 36
47 36
47 37
47 36
47 37
48 37
48 38
48 37
48 36
47 36
47 35
48 35
49 35
48 35
48 36
48 35
47 35
47 36
48 36
48 37
48 36
48 35
49 35
49 36
48 36
48 37
47 37
47 38
48 38
48 39
47 39
46 39
46 38
46 37
47 37
47 38
47 39
47 38
48 38
48 37
47 37
47 38
46 38
46 39
46 38
46 37
46 36
45 36
45 37
46 37
46 36
46 35
46 36
45 36
45 37
44 37
43 37
42 37
41 37
41 38
41 39
42 39
43 39
42 39
41 39
41 38
41 39
42 39
42 40
41 40
40 40
40 39
40 40
40 39
40 38
40 37
41 37
42 37
42 36
43 36
43 37
43 38
43 39
43 38
43 39
43 38
42 38
42 37
41 37
42 37
42 36
42 37
41 37
41 36
41 37
42 37
41 37
40 37
41 37
42 37
42 38
41 38
41 37
41 38
41 37
42 37
42 36
42 35
42 36
41 36
41 35
41 34
41 35
42 35
41 35
42 35
42 36
42 37
42 38
41 38
41 39
42 39
42 38
41 38
42 38
42 37
41 37
41 38
42 38
42 39
42 40
42 41
42 42
42 41
42 42
42 43
42 44
42 45
42 44
41 44
40 44
40 43
39 43
39 44
39 43
38 43
39 43
38 43
38 44
38 45
38 46
38 47
37 47
36 47
35 47
35 46
34 46
34 47
35 47
36 47
36 48
37 48
36 48
37 48
38 48
38 49
39 49
38 49
37 49
38 49
38 48
38 49
39 49
40 49
40 48
40 49
41 49
42 49
42 50
42 49
42 50
41 50
42 50
42 49
41 49
42 49
41 49
42 49
42 48
43 48
42 48
43 48
43 49
42 49
42 50
42 49
43 49
43 48
43 47
43 48
42 48
42 47
43 47
42 47
42 46
42 47
43 47
42 47
42 48
42 47
42 48
42 49
42 48
42 47
41 47
41 48
41 49
41 50
41 49
42 49
42 50
42 49
41 49
41 48
40 48
39 48
40 48
40 49
39 49
38 49
37 49
36 49
36 50
37 50
37 49
38 49
37 49
38 49
39 49
38 49
39 49
39 48
38 48
37 48
37 49
36 49
37 49
38 49
38 50
37 50
36 50
36 49
36 48
37 48
37 49
38 49
39 49
39 48
39 49
40 49
40 50
40 49
41 49
41 50
41 51
41 52
40 52
40 53
40 54
39 54
40 54
40 55
40 54
40 53
39 53
39 54
39 55
38 55
37 55
36 55
36 54
37 54
38 54
38 55
38 56
38 55
39 55
38 55
38 56
39 56
38 56
39 56
40 56
41 56
42 56
42 55
41 55
41 54
42 54
42 53
43 53
42 53
42 54
42 55
43 55
43 56
43 57
43 58
43 57
42 57
42 56
43 56
43 57
42 57
42 58
42 59
41 59
40 59
39 59
40 59
39 59
38 59
39 59
39 60
39 59
39 58
39 59
40 59
40 58
41 58
42 58
42 59
43 59
43 60
43 59
43 60
44 60
44 61
44 62
43 62
43 63
43 62
43 63
42 63
42 62
43 62
42 62
42 63
41 63
40 63
40 62
39 62
40 62
41 62
