0 0
0 1
1 1
2 1
2 0
2 1
3 1
2 1
3 1
3 0
3 1
3 2
2 2
3 2
3 1
2 1
3 1
3 0
2 0
2 1
3 1
2 1
3 1
3 2
4 2
4 3
4 2
5 2
5 3
4 3
4 4
4 5
4 6
4 5
5 5
5 4
5 5
6 5
5 5
4 5
3 5
2 5
2 6
2 7
2 8
3 8
3 9
2 9
3 9
3 8
4 8
4 7
4 6
3 6
3 7
3 6
3 5
3 6
3 5
2 5
1 5
2 5
1 5
2 5
2 4
2 3
2 4
2 3
1 3
2 3
1 3
1 2
1 3
1 2
0 2
0 1
0 0
0 1
0 2
1 2
2 2
1 2
1 1
1 2
2 2
3 2
3 1
3 2
3 3
3 2
4 2
3 2
2 2
2 1
2 2
2 3
2 4
2 3
2 4
3 4
3 5
3 6
2 6
2 5
2 4
2 5
2 4
2 5
1 5
0 5
0 6
1 6
2 6
2 5
3 5
4 5
4 6
4 5
4 4
3 4
2 4
3 4
4 4
3 4
4 4
3 4
3 5
3 4
3 5
4 5
3 5
3 6
2 6
2 5
1 5
0 5
0 4
1 4
2 4
3 4
4 4
4 5
4 6
4 7
5 7
4 7
4 6
3 6
4 6
5 6
4 6
4 5
3 5
3 6
3 5
3 4
2 4
2 3
2 4
1 4
2 4
3 4
3 5
3 4
2 4
2 5
2 4
2 5
1 5
2 5
2 4
2 5
2 6
2 7
2 6
2 5
1 5
1 6
2 6
2 5
3 5
3 4
4 4
4 3
4 4
5 4
4 4
4 5
4 6
4 5
4 6
4 5
5 5
4 5
3 5
2 5
1 5
1 6
2 6
1 6
0 6
1 6
1 7
0 7
1 7
0 7
1 7
1 8
1 7
0 7
0 8
0 7
0 6
0 5
0 6
1 6
0 6
0 7
0 8
0 7
0 8
0 9
1 9
1 8
1 9
1 8
2 8
2 9
1 9
1 8
0 8
1 8
1 9
1 8
1 9
0 9
0 10
0 11
1 11
0 11
1 11
1 10
1 9
0 9
1 9
0 9
1 9
2 9
2 10
3 10
4 10
4 11
5 11
5 12
5 13
5 12
5 13
4 13
3 13
2 13
1 13
1 12
2 12
3 12
3 13
2 13
1 13
2 13
1 13
2 13
3 13
4 13
4 14
4 15
4 16
4 17
4 16
4 17
3 17
4 17
4 16
5 16
6 16
5 16
5 15
5 16
5 17
6 17
5 17
5 16
5 17
5 16
6 16
6 15
6 16
6 15
5 15
5 16
5 15
4 15
3 15
4 15
3 15
3 14
4 14
5 14
5 13
5 12
5 13
5 14
4 14
5 14
5 15
5 14
5 15
4 15
4 16
4 15
4 14
4 15
4 16
4 15
4 14
4 15
3 15
4 15
5 15
6 15
7 15
8 15
7 15
7 14
7 13
7 12
7 11
8 11
7 11
6 11
7 11
7 10
7 9
8 9
9 9
9 8
9 9
9 10
10 10
9 10
9 11
10 11
9 11
9 10
9 9
10 9
10 10
10 9
9 9
8 9
9 9
9 8
10 8
9 8
9 7
9 8
9 9
8 9
8 10
7 10
7 11
8 11
9 11
9 12
10 12
9 12
10 12
9 12
8 12
7 12
6 12
6 11
6 10
6 11
5 11
6 11
6 12
5 12
5 13
5 14
5 13
6 13
6 14
5 14
5 13
6 13
6 14
7 14
8 14
8 15
7 15
8 15
8 16
7 16
8 16
9 16
9 15
9 16
9 15
9 14
9 15
9 16
8 16
8 17
9 17
8 17
8 18
8 19
7 19
6 19
6 20
7 20
7 19
7 20
7 21
7 20
8 20
8 21
8 20
8 21
8 22
9 22
8 22
8 23
7 23
6 23
7 23
7 24
7 25
8 25
8 24
7 24
7 25
6 25
7 25
7 24
6 24
6 25
6 24
6 23
7 23
8 23
9 23
10 23
10 22
11 22
11 21
11 20
10 20
9 20
9 21
9 20
10 20
10 19
9 19
9 20
9 19
9 20
9 19
10 19
11 19
11 20
11 21
11 20
11 21
11 20
11 21
10 21
11 21
11 22
11 23
10 23
10 22
9 22
9 23
9 22
9 21
9 20
8 20
9 20
8 20
9 20
9 19
9 20
9 19
8 19
8 20
7 20
6 20
6 19
6 20
7 20
6 20
5 20
5 21
6 21
7 21
8 21
7 21
8 21
9 21
10 21
10 20
10 19
10 20
11 20
10 20
11 20
10 20
9 20
9 21
9 22
8 22
8 21
8 20
7 20
6 20
6 19
7 19
7 18
8 18
8 19
8 18
7 18
8 18
8 17
7 17
8 17
7 17
7 16
8 16
9 16
10 16
9 16
8 16
8 15
9 15
9 16
9 17
9 16
9 17
10 17
11 17
11 16
10 16
10 15
10 14
10 13
11 13
10 13
10 12
10 13
9 13
10 13
10 12
10 11
9 11
10 11
10 12
9 12
10 12
10 11
11 11
10 11
10 12
9 12
8 12
8 13
8 12
8 11
7 11
7 12
7 13
7 14
7 13
7 12
7 13
7 12
6 12
5 12
6 12
7 12
7 11
6 11
6 12
6 11
7 11
8 11
8 10
8 11
9 11
10 11
10 10
9 10
9 9
9 8
9 9
10 9
10 10
10 9
10 8
10 9
11 9
12 9
13 9
13 8
13 9
13 10
14 10
13 10
13 9
14 9
15 9
15 10
15 11
15 10
15 11
15 12
14 12
14 11
13 11
13 12
12 12
11 12
12 12
13 12
13 13
13 12
13 11
14 11
15 11
14 11
14 10
14 11
13 11
14 11
15 11
14 11
14 12
14 13
14 12
14 11
13 11
14 11
15 11
16 11
15 11
16 11
16 12
16 13
16 12
16 11
15 11
15 12
15 13
16 13
17 13
18 13
19 13
20 13
20 14
20 13
20 14
19 14
19 15
20 15
19 15
19 16
20 16
19 16
18 16
19 16
19 17
19 18
19 19
20 19
19 19
18 19
18 20
18 21
19 21
19 22
19 23
18 23
18 24
18 23
17 23
16 23
15 23
15 22
15 21
16 21
17 21
18 21
17 21
18 21
18 22
18 21
18 20
18 21
19 21
19 22
19 21
19 22
18 22
19 22
19 21
20 21
20 22
19 22
20 22
19 22
19 23
18 23
17 23
16 23
16 24
16 25
17 25
17 24
18 24
19 24
18 24
18 23
18 22
17 22
17 21
17 20
18 20
18 21
18 22
18 21
19 21
18 21
18 22
19 22
18 22
18 23
17 23
18 23
18 22
19 22
18 22
18 21
18 20
18 19
18 20
17 20
16 20
17 20
18 20
19 20
20 20
20 21
19 21
18 21
18 20
18 21
18 22
18 23
17 23
17 22
16 22
17 22
18 22
17 22
17 23
18 23
18 24
18 23
17 23
18 23
19 23
20 23
19 23
19 24
20 24
20 25
20 26
20 27
21 27
21 28
22 28
21 28
22 28
23 28
24 28
23 28
22 28
22 29
22 30
21 30
22 30
23 30
22 30
23 30
23 31
24 31
25 31
25 32
25 31
24 31
25 31
25 30
24 30
24 31
24 30
25 30
26 30
27 30
28 30
29 30
30 30
30 31
31 31
31 30
30 30
30 31
30 30
29 30
29 29
29 30
29 31
29 30
29 29
29 28
30 28
30 27
29 27
28 27
29 27
29 28
29 29
29 28
29 27
29 28
29 29
29 28
30 28
29 28
29 29
29 30
29 29
29 30
30 30
30 29
29 29
29 30
29 29
29 28
29 29
30 29
29 29
29 28
28 28
28 27
29 27
28 27
27 27
27 28
28 28
27 28
26 28
26 29
27 29
26 29
25 29
26 29
27 29
26 29
27 29
28 29
28 28
28 29
27 29
27 28
28 28
27 28
27 29
26 29
25 29
25 28
25 29
25 28
24 28
24 29
24 30
24 29
24 28
23 28
22 28
22 27
21 27
21 26
21 27
21 26
22 26
23 26
22 26
22 27
22 26
22 27
21 27
20 27
19 27
20 27
21 27
22 27
21 27
20 27
19 27
19 26
19 25
19 26
18 26
18 27
18 26
18 25
18 26
17 26
16 26
16 25
15 25
14 25
15 25
14 25
15 25
16 25
15 25
14 25
15 25
14 25
14 26
14 27
14 26
14 25
14 26
13 26
14 26
14 25
15 25
15 26
16 26
16 27
16 28
17 28
17 29
17 28
17 29
17 30
18 30
19 30
19 31
20 31
19 31
18 31
18 30
17 30
17 29
17 30
17 29
18 29
18 30
17 30
17 29
16 29
15 29
14 29
15 29
16 29
15 29
15 30
15 31
16 31
17 31
17 32
18 32
18 33
18 34
18 35
18 36
18 35
18 34
18 35
18 36
19 36
19 35
18 35
18 36
17 36
17 37
17 36
