0 0
1 0
2 0
3 0
3 1
4 1
4 2
3 2
3 3
3 4
3 3
2 3
2 4
1 4
2 4
2 3
1 3
1 2
1 1
1 0
2 0
2 1
1 1
1 0
1 1
1 0
1 1
0 1
0 0
0 1
0 0
1 0
1 1
1 2
2 2
2 3
2 2
1 2
0 2
0 1
0 2
0 1
0 0
1 0
2 0
1 0
1 1
0 1
0 0
0 1
1 1
1 2
0 2
1 2
0 2
0 1
0 2
1 2
1 3
0 3
0 4
0 5
0 6
1 6
0 6
1 6
1 7
1 6
0 6
0 7
0 8
0 7
0 6
1 6
0 6
1 6
2 6
2 5
1 5
0 5
0 6
0 5
0 4
0 3
1 3
2 3
2 2
3 2
3 1
3 2
2 2
1 2
2 2
1 2
1 1
0 1
1 1
0 1
0 0
1 0
1 1
0 1
1 1
2 1
1 1
2 1
3 1
3 0
4 0
4 1
4 2
5 2
5 3
5 4
4 4
3 4
4 4
4 5
4 6
3 6
3 5
3 4
3 5
3 6
2 6
1 6
0 6
1 6
2 6
2 7
2 8
2 7
2 6
2 7
3 7
3 6
3 7
2 7
3 7
3 6
2 6
1 6
2 6
1 6
2 6
2 7
1 7
0 7
0 8
0 9
0 10
1 10
0 10
0 11
0 12
1 12
1 11
1 12
2 12
2 13
2 12
2 11
3 11
3 12
4 12
3 12
3 13
3 12
4 12
3 12
3 11
3 12
3 11
2 11
2 12
3 12
3 11
3 12
4 12
4 11
4 10
5 10
5 9
5 10
4 10
4 11
3 11
3 10
4 10
5 10
6 10
5 10
5 11
5 12
4 12
5 12
6 12
6 11
5 11
5 12
5 13
5 14
6 14
6 15
6 16
6 17
7 17
6 17
6 16
6 17
6 16
6 17
6 16
6 17
6 16
6 17
6 16
7 16
7 17
7 18
8 18
8 19
8 20
7 20
7 21
6 21
7 21
7 22
6 22
6 21
6 20
7 20
7 19
6 19
7 19
7 20
6 20
7 20
7 19
8 19
7 19
7 18
8 18
8 17
8 16
8 15
7 15
8 15
8 16
7 16
7 17
8 17
8 16
7 16
8 16
9 16
9 15
10 15
10 14
11 14
11 13
11 14
12 14
11 14
11 13
11 12
12 12
11 12
11 11
11 10
11 11
12 11
11 11
11 12
10 12
10 11
9 11
9 10
10 10
10 11
11 11
12 11
13 11
13 10
13 11
13 10
14 10
14 9
13 9
13 10
13 9
14 9
14 8
14 9
13 9
12 9
12 10
11 10
11 9
12 9
13 9
13 8
13 7
14 7
15 7
16 7
15 7
15 8
15 9
15 8
15 9
15 8
16 8
16 9
16 10
16 9
16 10
17 10
17 11
18 11
17 11
18 11
19 11
19 12
19 13
20 13
21 13
21 12
21 11
21 12
22 12
22 13
23 13
23 12
22 12
22 13
22 14
23 14
23 15
22 15
23 15
23 14
22 14
22 15
22 16
21 16
21 15
21 16
20 16
20 15
19 15
20 15
20 14
20 13
20 14
19 14
19 15
19 16
19 15
19 16
20 16
21 16
22 16
22 15
23 15
23 16
23 17
23 16
22 16
21 16
21 17
20 17
20 18
21 18
21 17
20 17
20 16
21 16
21 17
22 17
23 17
22 17
21 17
21 16
21 17
22 17
22 16
21 16
21 17
22 17
22 16
21 16
21 15
22 15
21 15
21 16
22 16
23 16
24 16
24 17
24 16
24 15
25 15
25 16
25 17
25 16
25 15
26 15
26 14
27 14
27 15
28 15
29 15
29 14
29 15
28 15
27 15
27 14
27 13
28 13
28 12
28 13
27 13
28 13
29 13
30 13
30 12
31 12
30 12
29 12
28 12
28 11
28 12
29 12
28 12
28 11
28 12
29 12
29 11
29 12
28 12
28 11
28 10
27 10
27 9
28 9
28 8
28 9
29 9
29 10
29 11
28 11
27 11
27 10
28 10
27 10
26 10
27 10
27 9
28 9
29 9
29 10
28 10
29 10
29 11
29 12
28 12
29 12
28 12
28 13
27 13
26 13
26 12
26 11
27 11
28 11
28 10
28 9
28 8
27 8
26 8
27 8
27 9
27 10
28 10
27 10
27 9
26 9
27 9
27 8
27 9
26 9
27 9
28 9
28 8
27 8
26 8
27 8
27 7
26 7
26 8
27 8
27 7
27 6
26 6
26 7
26 8
27 8
27 7
28 7
28 8
29 8
29 9
29 8
29 7
29 8
29 9
29 8
28 8
27 8
28 8
28 7
29 7
30 7
30 6
30 7
30 8
30 9
30 8
30 9
29 9
29 10
30 10
30 9
29 9
30 9
30 8
30 9
29 9
28 9
29 9
29 10
28 10
28 11
29 11
30 11
30 10
31 10
31 9
31 8
32 8
32 9
32 8
31 8
31 9
32 9
33 9
34 9
34 10
33 10
32 10
32 9
33 9
32 9
32 8
32 9
32 8
31 8
31 7
32 7
32 8
31 8
31 9
32 9
33 9
34 9
33 9
33 8
33 9
33 10
32 10
32 9
33 9
34 9
34 8
34 9
33 9
34 9
34 10
35 10
35 9
35 10
35 9
34 9
33 9
33 10
33 11
33 12
33 11
33 10
33 11
34 11
35 11
36 11
37 11
36 11
36 10
36 9
37 9
37 10
37 9
38 9
39 9
38 9
38 8
37 8
37 7
37 8
36 8
37 8
36 8
36 9
36 10
36 9
36 10
35 10
34 10
34 11
35 11
35 12
35 11
36 11
36 10
36 11
36 10
37 10
37 9
37 10
38 10
38 11
38 10
39 10
39 11
39 10
40 10
40 11
40 10
41 10
41 9
42 9
42 8
42 9
41 9
41 10
42 10
43 10
44 10
43 10
43 11
43 12
44 12
44 11
44 10
44 11
43 11
42 11
42 12
42 11
43 11
42 11
41 11
41 10
42 10
42 11
43 11
43 12
43 13
43 12
42 12
41 12
41 13
41 12
41 13
41 12
41 11
41 12
40 12
41 12
40 12
40 11
40 12
39 12
40 12
40 13
40 12
41 12
41 11
42 11
42 12
42 11
42 12
41 12
41 11
41 12
40 12
40 13
40 14
40 15
39 15
38 15
38 14
38 13
37 13
37 12
38 12
39 12
38 12
39 12
39 13
40 13
39 13
40 13
39 13
40 13
39 13
38 13
37 13
38 13
38 14
38 15
38 14
39 14
39 15
38 15
38 14
37 14
37 13
37 14
36 14
37 14
36 14
35 14
34 14
35 14
36 14
37 14
37 15
37 14
37 13
36 13
36 14
36 15
37 15
38 15
38 14
38 15
37 15
38 15
37 15
37 16
36 16
37 16
36 16
36 15
36 14
36 13
37 13
37 12
38 12
38 11
37 11
38 11
37 11
37 10
37 11
37 10
36 10
36 9
36 8
35 8
35 7
35 6
34 6
34 5
34 4
34 3
35 3
34 3
33 3
32 3
32 2
33 2
34 2
34 1
35 1
34 1
35 1
35 0
36 0
37 0
38 0
38 1
38 2
38 1
37 1
38 1
37 1
36 1
37 1
37 0
38 0
38 1
38 2
38 3
38 2
38 3
39 3
38 3
39 3
40 3
40 4
41 4
40 4
40 5
41 5
42 5
42 6
42 7
43 7
44 7
44 6
44 7
44 8
44 7
45 7
45 8
45 7
45 8
45 9
44 9
44 10
44 11
45 11
46 11
47 11
46 11
46 10
46 9
46 10
45 10
45 11
44 11
44 10
44 11
43 11
43 12
43 13
43 12
43 13
42 13
42 12
42 11
43 11
43 10
43 9
43 8
42 8
41 8
42 8
41 8
41 7
41 8
41 9
41 10
41 9
40 9
41 9
40 9
40 8
41 8
41 7
42 7
41 7
41 8
42 8
42 9
41 9
41 8
42 8
41 8
40 8
40 9
40 10
39 10
38 10
37 10
37 11
37 10
37 11
37 10
37 9
37 10
37 9
36 9
35 9
35 8
35 9
34 9
34 10
33 10
32 10
32 9
32 8
31 8
30 8
30 9
31 9
31 10
30 10
30 11
30 10
30 9
29 9
28 9
28 10
28 11
28 10
27 10
27 9
27 10
26 10
26 11
27 11
28 11
28 12
27 12
27 11
28 11
27 11
27 10
27 11
26 11
26 12
26 11
27 11
26 11
27 11
28 11
28 12
29 12
29 13
29 14
29 13
30 13
30 12
30 11
30 12
29 12
28 12
28 11
27 11
27 12
27 13
27 14
27 15
27 14
27 15
26 15
26 14
26 13
26 14
25 14
26 14
26 13
25 13
26 13
26 14
27 14
26 14
27 14
27 15
27 16
28 16
28 15
28 14
29 14
30 14
30 15
30 16
29 16
29 17
29 18
29 17
29 16
30 16
31 16
31 17
31 16
31 15
32 15
