0 0
0 1
1 1
0 1
0 0
0 1
0 2
1 2
0 2
1 2
1 1
1 0
1 1
0 1
0 0
0 1
1 1
1 2
0 2
1 2
1 1
0 1
1 1
1 0
0 0
0 1
1 1
2 1
1 1
1 2
1 3
2 3
2 2
1 2
0 2
1 2
1 3
1 4
1 5
1 4
1 5
1 6
2 6
2 7
1 7
2 7
2 8
3 8
3 9
3 8
3 9
4 9
3 9
2 9
2 10
1 10
2 10
1 10
1 11
2 11
1 11
0 11
0 12
1 12
1 13
1 12
1 13
1 14
0 14
0 13
0 14
0 15
1 15
1 14
0 14
1 14
2 14
2 15
3 15
3 14
2 14
1 14
1 15
2 15
2 16
2 15
2 14
3 14
4 14
4 13
4 12
5 12
4 12
4 13
4 12
4 13
4 14
4 13
4 14
5 14
5 13
5 12
4 12
4 11
3 11
3 12
4 12
4 13
3 13
3 12
3 13
3 14
2 14
2 15
2 16
3 16
3 17
3 18
3 17
4 17
3 17
4 17
4 18
4 19
4 18
5 18
5 17
4 17
4 18
4 17
3 17
2 17
1 17
1 16
1 15
1 14
1 15
2 15
3 15
3 16
3 15
4 15
3 15
4 15
3 15
4 15
4 16
5 16
4 16
3 16
2 16
2 17
3 17
3 18
2 18
3 18
4 18
4 17
4 16
4 15
5 15
5 16
6 16
6 15
6 14
6 13
6 14
5 14
5 15
5 16
4 16
4 15
5 15
5 16
5 17
5 18
4 18
5 18
6 18
7 18
8 18
9 18
9 19
8 19
7 19
7 18
8 18
8 17
8 18
9 18
10 18
10 17
10 16
11 16
11 15
10 15
10 16
9 16
9 17
9 16
9 17
9 16
9 15
9 16
9 17
10 17
10 18
10 19
10 18
9 18
10 18
11 18
10 18
10 17
11 17
10 17
10 16
11 16
11 17
10 17
10 16
10 15
10 16
9 16
9 17
10 17
9 17
9 18
8 18
9 18
9 17
9 16
10 16
11 16
12 16
11 16
11 17
11 18
11 19
11 20
10 20
10 19
9 19
8 19
8 20
8 19
9 19
10 19
9 19
9 18
9 17
10 17
10 16
11 16
10 16
10 17
10 16
11 16
10 16
11 16
11 15
10 15
10 16
10 15
11 15
11 16
12 16
13 16
13 17
14 17
13 17
13 16
12 16
11 16
10 16
11 16
11 17
10 17
11 17
12 17
11 17
10 17
10 18
10 19
10 18
9 18
8 18
8 19
8 18
8 19
7 19
6 19
6 18
6 19
5 19
5 18
5 17
5 18
4 18
5 18
5 17
5 16
4 16
4 17
5 17
5 18
6 18
6 17
7 17
6 17
7 17
7 18
6 18
5 18
6 18
6 19
5 19
5 18
4 18
4 19
4 20
5 20
5 21
6 21
7 21
8 21
8 20
8 19
8 18
9 18
10 18
10 19
9 19
10 19
11 19
12 19
11 19
11 18
10 18
11 18
11 17
11 18
11 19
11 18
11 17
11 16
12 16
13 16
12 16
12 17
13 17
12 17
11 17
12 17
12 18
11 18
12 18
12 17
11 17
10 17
10 16
11 16
11 17
10 17
9 17
9 16
8 16
9 16
10 16
9 16
10 16
10 17
9 17
10 17
10 16
10 15
11 15
11 16
12 16
11 16
12 16
12 15
11 15
11 14
11 13
11 14
12 14
13 14
13 15
13 16
13 15
13 16
14 16
14 15
14 14
13 14
12 14
11 14
12 14
13 14
13 15
14 15
15 15
15 16
15 15
15 14
16 14
16 15
16 16
16 15
15 15
14 15
15 15
15 14
15 15
15 14
15 15
16 15
15 15
15 14
15 13
15 12
16 12
16 11
17 11
16 11
16 10
17 10
18 10
18 9
19 9
18 9
17 9
18 9
18 8
17 8
16 8
16 9
16 10
16 9
15 9
15 10
15 11
15 10
15 11
16 11
16 10
16 9
15 9
16 9
17 9
17 8
17 9
17 10
18 10
19 10
18 10
18 9
18 10
17 10
18 10
19 10
19 11
20 11
20 10
21 10
22 10
23 10
23 9
22 9
22 8
23 8
23 7
24 7
25 7
26 7
27 7
27 6
28 6
28 7
27 7
28 7
28 8
29 8
29 9
30 9
31 9
30 9
30 10
30 9
30 10
31 10
31 11
32 11
33 11
33 10
32 10
31 10
32 10
33 10
33 11
34 11
34 10
34 9
34 8
33 8
34 8
35 8
34 8
34 9
33 9
33 8
32 8
32 7
32 8
33 8
32 8
31 8
32 8
32 7
33 7
33 8
33 9
34 9
33 9
33 10
33 9
33 10
33 9
34 9
33 9
33 8
34 8
34 9
33 9
32 9
31 9
31 10
31 11
30 11
31 11
31 10
31 9
31 8
32 8
32 9
31 9
31 10
31 9
30 9
30 10
30 11
31 11
30 11
29 11
30 11
31 11
30 11
30 12
30 13
31 13
30 13
31 13
30 13
30 12
29 12
30 12
31 12
30 12
30 13
30 12
29 12
30 12
31 12
32 12
31 12
32 12
33 12
34 12
33 12
33 13
32 13
32 12
32 11
31 11
32 11
33 11
33 12
33 13
33 12
34 12
33 12
34 12
34 13
34 12
35 12
34 12
35 12
36 12
35 12
34 12
33 12
33 13
34 13
34 12
34 13
33 13
33 14
33 15
32 15
32 14
32 13
33 13
34 13
33 13
32 13
31 13
30 13
29 13
29 14
29 13
29 14
30 14
30 13
30 14
29 14
30 14
30 13
30 14
31 14
31 15
32 15
31 15
31 14
32 14
33 14
32 14
33 14
32 14
33 14
32 14
31 14
30 14
30 13
30 12
30 11
30 12
31 12
31 13
30 13
30 14
30 13
30 14
30 15
29 15
28 15
28 16
29 16
29 17
30 17
29 17
29 18
29 17
29 16
29 15
28 15
28 16
28 17
29 17
28 17
29 17
29 16
29 15
29 14
30 14
31 14
31 13
31 12
31 13
31 12
31 11
31 12
31 13
32 13
32 14
31 14
31 13
30 13
30 12
29 12
29 11
29 10
30 10
31 10
31 9
30 9
30 8
31 8
31 7
32 7
32 6
32 7
32 8
32 7
32 6
32 5
32 4
32 5
32 6
32 5
32 4
33 4
33 5
32 5
32 4
33 4
34 4
35 4
36 4
35 4
35 5
34 5
34 6
33 6
33 5
34 5
35 5
35 6
36 6
35 6
36 6
36 5
36 4
36 3
36 2
37 2
38 2
38 3
39 3
38 3
37 3
38 3
37 3
36 3
37 3
37 4
37 3
37 4
38 4
38 5
39 5
39 6
40 6
39 6
39 7
40 7
40 8
41 8
41 9
41 8
41 7
41 6
40 6
39 6
39 5
38 5
39 5
38 5
38 6
39 6
39 7
40 7
41 7
41 8
42 8
41 8
41 9
41 8
42 8
43 8
42 8
42 7
42 6
42 7
41 7
41 8
41 9
41 10
40 10
40 9
41 9
41 8
41 7
41 8
42 8
42 7
43 7
42 7
42 6
42 7
42 6
42 5
42 6
43 6
44 6
44 7
43 7
43 6
42 6
41 6
41 5
42 5
42 4
43 4
42 4
41 4
41 3
41 2
41 3
41 4
41 3
41 2
40 2
39 2
39 1
40 1
40 0
41 0
41 1
41 0
40 0
40 1
41 1
41 0
40 0
40 1
40 2
40 1
39 1
39 0
39 1
38 1
39 1
39 0
40 0
40 1
39 1
39 2
39 1
39 2
38 2
38 1
38 2
39 2
40 2
40 1
39 1
38 1
38 0
37 0
38 0
38 1
38 2
39 2
39 3
40 3
40 2
39 2
39 1
40 1
40 2
39 2
39 1
40 1
41 1
41 0
41 1
41 2
41 1
42 1
43 1
44 1
44 2
44 1
44 2
45 2
46 2
45 2
44 2
43 2
43 1
43 2
44 2
45 2
44 2
44 1
44 0
43 0
43 1
43 2
43 3
43 2
43 1
42 1
43 1
43 2
43 3
43 2
43 3
43 2
42 2
43 2
42 2
43 2
43 3
43 4
42 4
43 4
44 4
43 4
43 3
43 4
44 4
43 4
43 3
43 4
44 4
44 3
45 3
46 3
46 4
47 4
47 3
46 3
46 2
45 2
45 1
44 1
44 0
44 1
44 2
44 1
44 0
43 0
43 1
42 1
43 1
43 2
42 2
41 2
40 2
40 1
40 0
40 1
40 0
39 0
39 1
39 0
40 0
41 0
41 1
42 1
41 1
40 1
40 2
40 3
40 4
40 3
39 3
39 2
40 2
41 2
40 2
40 3
41 3
41 2
41 1
41 0
41 1
41 2
42 2
42 1
41 1
41 0
41 1
40 1
40 0
41 0
40 0
41 0
41 1
41 0
42 0
43 0
42 0
41 0
40 0
40 1
41 1
40 1
