0 0
0 1
1 1
1 2
0 2
1 2
1 3
2 3
1 3
1 4
1 3
1 2
1 1
1 2
1 3
1 2
1 1
2 1
2 0
1 0
0 0
1 0
1 1
2 1
2 2
2 1
2 2
3 2
4 2
4 1
5 1
4 1
4 2
4 3
5 3
5 4
4 4
4 3
4 4
4 3
4 2
4 3
3 3
2 3
3 3
2 3
1 3
0 3
0 2
1 2
1 1
1 0
1 1
1 0
1 1
2 1
2 0
1 0
0 0
0 1
0 2
1 2
1 3
1 2
1 3
1 2
0 2
0 1
1 1
1 0
2 0
1 0
0 0
1 0
1 1
1 2
0 2
1 2
2 2
2 1
2 2
3 2
3 3
3 2
3 3
3 4
3 3
3 4
3 3
3 4
4 4
4 3
3 3
3 2
3 1
2 1
3 1
3 2
3 3
2 3
2 2
2 1
1 1
1 2
1 3
0 3
1 3
1 4
1 3
1 4
1 3
0 3
0 2
0 3
0 2
0 3
1 3
2 3
2 4
2 5
3 5
3 6
3 5
3 4
4 4
5 4
4 4
3 4
4 4
4 5
4 4
5 4
5 3
5 4
6 4
7 4
7 5
7 4
7 5
7 4
7 3
7 4
6 4
6 5
6 4
6 3
6 4
7 4
8 4
8 3
8 2
9 2
10 2
9 2
9 3
9 2
9 1
8 1
9 1
8 1
8 2
8 3
9 3
8 3
7 3
6 3
5 3
5 2
5 1
5 0
4 0
3 0
2 0
2 1
1 1
0 1
1 1
1 0
1 1
0 1
1 1
1 2
1 3
1 2
2 2
1 2
2 2
2 1
2 0
3 0
3 1
3 2
4 2
4 1
5 1
5 2
6 2
7 2
7 1
7 2
8 2
8 1
7 1
7 2
6 2
7 2
7 1
7 0
7 1
7 2
6 2
6 3
7 3
6 3
5 3
6 3
6 2
7 2
7 1
6 1
6 0
6 1
7 1
8 1
7 1
8 1
8 0
7 0
8 0
7 0
7 1
6 1
5 1
6 1
6 0
6 1
6 0
7 0
8 0
8 1
9 1
10 1
11 1
11 2
11 3
11 4
11 5
12 5
12 4
12 3
12 2
12 1
12 0
12 1
12 0
13 0
13 1
12 1
13 1
13 2
13 3
12 3
12 4
12 5
13 5
13 4
14 4
14 3
15 3
15 4
16 4
16 5
16 6
15 6
16 6
17 6
17 5
17 6
18 6
18 5
19 5
18 5
18 6
19 6
20 6
21 6
21 7
20 7
21 7
22 7
22 6
21 6
21 5
21 4
22 4
22 3
22 4
21 4
20 4
20 5
20 6
20 5
20 6
20 5
20 4
19 4
18 4
18 5
17 5
17 6
17 5
16 5
16 6
15 6
15 7
15 8
16 8
16 9
17 9
16 9
16 8
17 8
18 8
18 9
19 9
19 8
19 7
19 6
20 6
20 7
21 7
20 7
20 6
20 5
20 6
19 6
18 6
19 6
20 6
19 6
18 6
17 6
16 6
15 6
16 6
17 6
16 6
15 6
14 6
14 5
14 6
13 6
14 6
14 7
15 7
14 7
15 7
16 7
17 7
17 6
18 6
18 5
18 6
18 7
18 6
18 7
18 8
19 8
20 8
19 8
20 8
19 8
19 9
19 10
19 11
19 10
18 10
19 10
19 11
18 11
18 12
18 13
19 13
18 13
18 12
18 13
18 14
18 15
18 16
18 17
19 17
19 18
20 18
20 17
20 18
20 17
20 18
19 18
19 17
20 17
21 17
22 17
22 16
23 16
23 17
23 16
23 15
22 15
21 15
21 16
22 16
23 16
24 16
24 17
25 17
26 17
25 17
25 16
25 17
25 18
25 17
26 17
26 18
26 17
26 16
26 17
26 16
26 15
26 16
27 16
27 15
27 16
27 17
26 17
26 16
25 16
24 16
24 15
23 15
23 16
23 17
22 17
22 18
21 18
22 18
22 19
21 19
21 18
21 19
21 20
21 19
21 20
22 20
22 21
21 21
22 21
22 22
23 22
22 22
22 23
22 24
22 23
21 23
20 23
21 23
20 23
20 22
21 22
20 22
20 23
20 22
20 21
20 20
20 21
19 21
20 21
19 21
19 22
19 21
20 21
19 21
18 21
19 21
19 20
19 21
19 20
18 20
17 20
17 21
18 21
19 21
20 21
20 22
20 21
21 21
20 21
20 22
20 21
21 21
22 21
22 22
22 21
22 20
21 20
21 21
21 22
22 22
22 23
23 23
22 23
21 23
21 22
22 22
23 22
22 22
23 22
24 22
25 22
25 23
26 23
26 22
26 23
27 23
26 23
26 24
25 24
26 24
26 23
27 23
26 23
26 22
26 23
25 23
26 23
26 22
26 21
26 22
27 22
27 21
27 20
27 21
27 20
28 20
28 21
28 20
29 20
30 20
30 21
31 21
30 21
29 21
30 21
30 22
31 22
32 22
32 23
32 24
33 24
34 24
34 25
34 24
34 25
34 24
34 25
34 26
34 25
35 25
36 25
36 26
36 27
37 27
38 27
38 28
37 28
37 29
36 29
35 29
34 29
34 30
35 30
35 31
34 31
33 31
33 30
34 30
33 30
34 30
35 30
34 30
34 29
35 29
34 29
34 28
34 27
33 27
32 27
31 27
30 27
30 28
30 29
31 29
31 28
31 27
32 27
32 28
32 29
33 29
32 29
32 30
31 30
32 30
32 29
33 29
33 28
34 28
34 27
33 27
33 28
33 27
34 27
34 26
33 26
32 26
32 25
33 25
34 25
35 25
35 24
35 23
35 24
35 25
35 24
35 25
35 24
35 25
34 25
35 25
35 24
36 24
36 23
36 22
36 23
35 23
35 22
35 23
35 22
35 21
35 20
35 19
36 19
36 18
35 18
34 18
34 19
34 18
34 17
34 16
34 17
33 17
32 17
31 17
31 18
30 18
29 18
29 19
29 20
29 21
30 21
29 21
30 21
29 21
29 20
29 21
28 21
28 20
29 20
29 21
28 21
28 20
29 20
29 19
29 20
30 20
31 20
32 20
32 19
32 18
33 18
33 17
33 18
34 18
34 19
33 19
34 19
34 18
33 18
33 17
33 16
32 16
32 15
32 16
32 15
31 15
31 16
31 15
32 15
31 15
30 15
29 15
30 15
29 15
29 16
30 16
31 16
31 17
31 16
31 17
30 17
30 18
30 17
31 17
31 16
32 16
32 15
31 15
31 14
32 14
32 15
31 15
31 14
31 13
30 13
29 13
28 13
27 13
27 14
26 14
27 14
28 14
27 14
27 13
27 14
27 13
27 14
27 15
28 15
28 14
28 15
28 16
27 16
27 15
27 16
28 16
28 15
28 14
28 13
28 12
28 11
27 11
26 11
26 10
26 11
27 11
26 11
26 12
26 13
26 12
27 12
26 12
26 13
26 12
26 11
27 11
28 11
29 11
28 11
27 11
27 12
27 11
27 12
27 11
26 11
27 11
27 10
26 10
27 10
28 10
27 10
27 9
27 10
27 11
27 10
27 9
27 8
27 9
26 9
26 10
27 10
27 9
27 8
27 9
27 8
27 9
28 9
28 8
28 7
27 7
27 8
27 7
28 7
27 7
27 6
27 7
26 7
26 6
26 5
27 5
28 5
28 6
29 6
29 7
30 7
30 8
29 8
30 8
30 9
30 10
29 10
30 10
30 11
29 11
28 11
27 11
28 11
28 10
27 10
27 11
26 11
26 10
26 11
25 11
25 12
25 13
26 13
25 13
26 13
25 13
24 13
24 14
24 13
25 13
25 12
26 12
26 11
27 11
28 11
27 11
27 10
28 10
27 10
27 11
27 10
27 9
27 8
28 8
27 8
27 9
27 8
27 7
26 7
27 7
27 6
27 7
27 8
28 8
28 7
29 7
29 6
30 6
29 6
29 7
29 8
29 9
29 8
30 8
30 7
31 7
31 8
31 9
32 9
32 10
32 11
32 10
31 10
30 10
29 10
28 10
28 11
27 11
28 11
27 11
28 11
29 11
29 12
30 12
29 12
30 12
29 12
29 13
29 14
28 14
28 13
28 12
28 13
27 13
27 12
27 13
26 13
25 13
25 12
26 12
27 12
26 12
26 11
26 12
27 12
27 11
28 11
28 10
29 10
30 10
29 10
29 9
30 9
31 9
31 10
32 10
31 10
32 10
32 11
32 10
32 11
33 11
34 11
34 10
34 11
33 11
33 10
32 10
32 11
32 12
33 12
33 13
33 14
33 13
33 12
32 12
33 12
32 12
31 12
32 12
32 11
31 11
32 11
32 12
33 12
32 12
33 12
34 12
33 12
33 13
33 14
32 14
33 14
33 13
32 13
33 13
33 12
32 12
32 13
32 12
32 11
33 11
33 10
34 10
33 10
32 10
31 10
31 9
32 9
33 9
33 8
33 9
33 10
34 10
34 9
34 10
34 11
33 11
34 11
