0 0
1 0
1 1
2 1
2 0
2 1
2 0
3 0
2 0
3 0
2 0
1 0
1 1
1 0
1 1
2 1
1 1
1 0
1 1
0 1
1 1
0 1
0 0
0 1
1 1
1 0
2 0
2 1
1 1
0 1
0 2
1 2
1 1
2 1
3 1
2 1
2 2
1 2
0 2
0 1
1 1
1 2
2 2
2 1
2 0
2 1
2 0
1 0
0 0
1 0
1 1
1 0
1 1
1 0
1 1
1 0
1 1
0 1
1 1
1 2
1 3
1 4
1 3
1 2
1 1
0 1
1 1
1 2
1 1
1 2
1 1
1 2
1 1
2 1
3 1
4 1
4 2
5 2
6 2
6 1
6 2
5 2
5 1
4 1
5 1
4 1
5 1
5 0
4 0
5 0
5 1
4 1
4 0
3 0
2 0
2 1
2 2
1 2
1 3
1 2
0 2
0 1
1 1
1 0
0 0
0 1
1 1
2 1
2 2
3 2
2 2
2 1
3 1
4 1
3 1
3 2
3 3
3 2
3 3
3 2
3 1
4 1
4 2
5 2
5 3
6 3
6 2
6 3
6 2
5 2
5 1
5 2
5 1
4 1
4 0
5 0
6 0
7 0
7 1
7 0
6 0
7 0
6 0
5 0
4 0
3 0
3 1
3 2
2 2
2 3
2 2
1 2
1 1
1 0
1 1
2 1
1 1
1 2
1 3
1 4
1 5
1 4
1 3
2 3
1 3
1 2
2 2
3 2
3 1
3 0
3 1
2 1
2 0
1 0
1 1
2 1
2 2
3 2
3 3
2 3
2 2
2 3
2 4
2 5
2 4
2 5
2 4
3 4
4 4
3 4
2 4
3 4
4 4
5 4
6 4
7 4
7 3
8 3
7 3
6 3
5 3
5 2
5 1
5 0
5 1
4 1
3 1
3 0
3 1
3 2
4 2
4 1
4 0
4 1
4 0
4 1
3 1
2 1
2 2
2 3
2 2
3 2
4 2
5 2
4 2
5 2
6 2
5 2
6 2
5 2
6 2
6 1
6 0
5 0
5 1
5 0
5 1
5 0
6 0
5 0
4 0
4 1
4 0
5 0
4 0
4 1
5 1
4 1
3 1
3 0
4 0
4 1
4 2
4 3
4 4
4 5
4 4
3 4
4 4
5 4
6 4
5 4
5 5
4 5
5 5
6 5
5 5
5 4
6 4
6 3
5 3
5 4
5 5
4 5
3 5
4 5
4 6
5 6
5 7
6 7
6 8
7 8
7 9
7 10
7 11
7 10
7 9
7 10
6 10
5 10
4 10
3 10
4 10
4 11
5 11
4 11
4 10
5 10
4 10
4 11
5 11
5 12
5 13
5 12
6 12
6 13
6 12
6 11
6 12
6 11
6 10
5 10
4 10
5 10
5 9
6 9
6 8
5 8
5 9
5 10
6 10
5 10
4 10
3 10
3 11
2 11
3 11
2 11
1 11
1 10
1 9
2 9
3 9
4 9
4 10
4 9
3 9
3 8
3 7
2 7
2 8
2 7
1 7
1 6
2 6
3 6
3 5
4 5
4 4
3 4
3 5
4 5
4 6
4 7
3 7
4 7
4 8
3 8
3 7
3 6
3 7
2 7
3 7
3 6
3 7
2 7
2 8
3 8
3 9
4 9
4 10
4 11
5 11
4 11
5 11
4 11
4 10
3 10
3 11
4 11
3 11
3 10
2 10
3 10
3 9
4 9
3 9
3 8
3 9
3 10
3 11
3 12
3 11
3 12
4 12
5 12
6 12
5 12
5 13
6 13
6 14
6 13
7 13
7 12
8 12
9 12
8 12
7 12
7 13
7 12
7 11
6 11
5 11
4 11
3 11
4 11
3 11
4 11
3 11
3 10
3 9
2 9
2 10
2 9
2 8
2 7
1 7
2 7
3 7
3 8
3 9
3 8
2 8
2 7
1 7
2 7
2 8
2 9
2 8
2 7
2 8
2 9
3 9
2 9
2 10
3 10
2 10
2 11
2 12
2 13
2 12
2 11
3 11
2 11
1 11
0 11
0 10
0 9
0 10
1 10
2 10
2 11
1 11
2 11
3 11
3 12
2 12
1 12
1 13
0 13
1 13
2 13
2 12
2 11
2 10
2 11
3 11
3 10
2 10
2 9
2 10
3 10
3 11
2 11
1 11
1 12
1 11
1 10
2 10
2 11
3 11
2 11
3 11
3 12
3 11
2 11
2 12
1 12
0 12
1 12
1 11
1 10
1 9
2 9
3 9
3 10
3 9
4 9
5 9
4 9
5 9
5 10
4 10
4 9
5 9
6 9
6 8
6 9
5 9
5 10
6 10
5 10
4 10
4 9
4 10
3 10
4 10
3 10
2 10
3 10
3 11
2 11
1 11
1 12
2 12
2 13
1 13
2 13
3 13
3 14
2 14
1 14
1 13
0 13
1 13
0 13
0 12
0 13
1 13
1 14
2 14
2 15
3 15
3 14
3 13
3 14
2 14
2 15
1 15
1 14
2 14
2 15
1 15
1 14
0 14
0 13
1 13
0 13
1 13
1 14
0 14
1 14
1 15
1 16
0 16
0 17
1 17
1 18
2 18
3 18
3 17
4 17
5 17
6 17
5 17
5 16
5 17
4 17
4 18
4 17
3 17
3 16
2 16
1 16
0 16
0 17
1 17
1 18
1 17
0 17
0 18
1 18
1 17
2 17
2 18
2 17
2 16
2 17
3 17
3 16
2 16
1 16
1 17
1 18
1 19
1 18
2 18
1 18
1 19
2 19
3 19
3 20
2 20
3 20
3 19
4 19
5 19
5 18
5 19
4 19
4 18
5 18
4 18
4 19
3 19
2 19
1 19
2 19
3 19
2 19
1 19
1 18
1 19
0 19
1 19
1 20
2 20
1 20
2 20
2 21
2 22
3 22
3 21
4 21
5 21
6 21
7 21
7 22
7 21
7 20
7 19
7 18
7 17
7 18
7 19
7 18
6 18
7 18
8 18
8 17
8 18
9 18
8 18
9 18
8 18
9 18
9 19
9 20
8 20
8 19
8 18
8 19
9 19
10 19
9 19
8 19
8 20
9 20
10 20
11 20
11 21
11 22
10 22
10 23
9 23
9 22
9 21
8 21
8 22
9 22
10 22
10 21
10 20
10 19
10 18
10 19
10 20
10 21
10 20
10 21
10 22
10 21
11 21
11 22
10 22
10 23
11 23
11 22
11 21
10 21
10 22
11 22
12 22
13 22
13 21
12 21
13 21
12 21
11 21
10 21
11 21
10 21
11 21
12 21
13 21
13 20
14 20
13 20
14 20
14 21
14 20
13 20
13 19
12 19
13 19
14 19
14 20
15 20
16 20
17 20
16 20
17 20
17 19
17 18
17 17
16 17
15 17
15 16
15 15
15 16
16 16
16 17
17 17
17 16
17 15
18 15
17 15
17 16
17 17
16 17
16 16
17 16
17 17
17 18
18 18
18 17
18 16
19 16
20 16
21 16
22 16
22 15
22 14
22 13
21 13
21 14
21 15
22 15
21 15
22 15
21 15
21 16
21 17
21 18
21 19
22 19
23 19
22 19
22 18
23 18
22 18
22 19
22 18
22 17
21 17
20 17
20 16
20 15
20 14
20 15
19 15
18 15
19 15
19 16
20 16
19 16
20 16
20 17
20 18
20 19
20 20
21 20
21 21
21 22
22 22
22 23
23 23
22 23
23 23
22 23
21 23
20 23
20 22
19 22
18 22
17 22
17 23
17 24
17 25
18 25
18 26
19 26
20 26
21 26
22 26
23 26
23 27
23 28
23 29
22 29
21 29
21 28
22 28
22 27
22 26
22 25
23 25
23 26
23 25
23 26
24 26
24 27
25 27
24 27
23 27
23 28
24 28
24 27
25 27
25 26
25 27
24 27
24 28
24 29
24 28
25 28
26 28
27 28
26 28
27 28
27 29
28 29
29 29
29 30
29 31
30 31
30 30
31 30
30 30
31 30
31 29
31 28
32 28
33 28
33 27
34 27
34 28
33 28
34 28
34 29
34 30
35 30
34 30
35 30
34 30
35 30
35 31
35 32
36 32
36 31
36 32
36 33
37 33
36 33
36 34
36 33
37 33
38 33
39 33
40 33
39 33
40 33
39 33
39 34
40 34
40 33
39 33
39 32
39 33
38 33
39 33
40 33
40 34
39 34
40 34
40 33
40 34
40 35
39 35
38 35
38 34
37 34
37 35
36 35
35 35
35 34
34 34
34 33
35 33
36 33
35 33
35 32
36 32
37 32
36 32
35 32
36 32
36 33
36 34
36 35
36 34
36 35
36 34
35 34
36 34
36 33
36 32
36 33
35 33
34 33
34 34
33 34
33 33
32 33
32 34
32 35
32 36
32 35
32 36
32 37
33 37
33 36
34 36
33 36
33 35
33 36
34 36
33 36
32 36
31 36
31 35
31 34
31 35
31 34
32 34
31 34
31 33
31 32
31 33
31 32
