0 0
1 0
2 0
1 0
1 1
0 1
1 1
1 0
1 1
1 2
1 3
0 3
0 4
0 5
0 6
0 7
1 7
2 7
2 8
3 8
3 7
3 8
3 9
2 9
2 10
1 10
1 11
1 12
2 12
1 12
1 13
1 12
0 12
0 11
1 11
1 10
1 9
1 8
0 8
0 9
0 10
1 10
1 9
2 9
2 10
2 9
2 8
1 8
2 8
3 8
3 9
4 9
3 9
4 9
4 10
4 11
4 12
4 13
4 14
5 14
4 14
4 15
3 15
3 16
2 16
2 17
3 17
3 18
3 19
4 19
5 19
5 18
5 19
4 19
4 20
5 20
6 20
6 21
6 20
6 19
6 18
5 18
6 18
6 19
5 19
5 18
4 18
3 18
4 18
4 17
4 16
5 16
6 16
7 16
8 16
9 16
9 15
9 16
9 15
9 16
8 16
8 17
8 16
7 16
7 17
7 16
7 15
6 15
5 15
5 16
5 17
4 17
5 17
5 16
4 16
4 17
4 16
5 16
5 15
4 15
5 15
4 15
3 15
3 14
4 14
4 13
4 14
5 14
5 13
6 13
6 12
5 12
4 12
4 11
3 11
3 10
3 9
2 9
1 9
1 8
1 7
1 6
0 6
0 5
1 5
1 6
2 6
1 6
1 7
1 6
2 6
1 6
0 6
1 6
0 6
1 6
2 6
2 7
2 8
2 7
2 8
2 9
1 9
1 10
2 10
3 10
2 10
2 9
2 10
2 11
1 11
2 11
1 11
1 10
1 11
1 12
1 11
2 11
2 10
2 11
1 11
2 11
2 10
2 11
1 11
2 11
2 10
1 10
1 9
2 9
3 9
2 9
2 8
2 7
1 7
2 7
1 7
1 8
0 8
0 7
1 7
0 7
1 7
2 7
1 7
0 7
0 8
1 8
2 8
1 8
1 9
0 9
0 8
0 7
1 7
0 7
1 7
1 6
2 6
2 5
3 5
4 5
4 6
4 5
4 4
4 3
5 3
4 3
4 2
5 2
6 2
5 2
5 3
6 3
5 3
4 3
5 3
6 3
5 3
6 3
6 2
6 1
5 1
6 1
7 1
8 1
8 2
8 1
8 2
7 2
6 2
5 2
5 1
4 1
4 0
5 0
5 1
4 1
4 2
5 2
4 2
4 3
4 2
5 2
5 3
6 3
6 2
6 3
6 2
7 2
8 2
8 1
7 1
8 1
8 0
9 0
8 0
8 1
8 2
7 2
8 2
8 3
9 3
9 2
9 1
10 1
10 0
9 0
9 1
8 1
9 1
10 1
10 2
10 3
10 4
10 3
11 3
10 3
10 4
11 4
11 5
11 4
10 4
10 5
10 6
10 7
11 7
11 8
12 8
12 9
13 9
13 8
13 7
13 8
13 9
14 9
13 9
12 9
12 10
13 10
13 11
13 10
13 11
13 12
12 12
12 13
12 12
13 12
13 11
13 12
12 12
12 13
12 12
13 12
14 12
13 12
13 11
13 10
13 11
13 12
13 13
12 13
13 13
14 13
13 13
13 14
13 15
13 16
14 16
13 16
14 16
15 16
14 16
15 16
15 15
15 16
15 17
15 18
16 18
17 18
16 18
15 18
15 19
16 19
15 19
15 18
15 19
16 19
15 19
16 19
16 20
16 19
17 19
16 19
15 19
14 19
14 18
15 18
15 17
15 18
15 19
14 19
13 19
12 19
11 19
11 18
11 19
12 19
12 18
11 18
11 17
11 16
11 17
11 18
11 17
10 17
10 18
10 19
10 20
10 19
11 19
10 19
10 20
11 20
12 20
13 20
13 21
12 21
12 20
11 20
10 20
10 21
9 21
10 21
11 21
11 20
11 21
11 22
10 22
9 22
9 21
9 22
10 22
11 22
10 22
10 21
11 21
12 21
12 20
12 21
11 21
11 20
11 21
10 21
10 22
10 23
10 24
10 25
10 24
10 25
10 26
10 27
10 28
10 29
10 30
10 29
10 30
9 30
8 30
9 30
9 31
8 31
7 31
6 31
6 32
7 32
6 32
6 31
6 32
5 32
4 32
3 32
3 31
3 32
3 31
3 32
2 32
1 32
1 31
1 32
1 31
1 30
0 30
0 29
0 30
0 31
0 32
0 31
0 32
0 33
0 32
1 32
1 31
0 31
0 32
1 32
1 31
1 32
1 31
0 31
1 31
0 31
1 31
0 31
1 31
2 31
3 31
2 31
2 30
1 30
1 29
1 30
2 30
2 31
2 30
3 30
3 31
2 31
1 31
1 30
2 30
1 30
2 30
2 29
1 29
2 29
1 29
2 29
2 28
2 29
3 29
2 29
3 29
4 29
5 29
4 29
4 28
3 28
4 28
4 29
4 28
5 28
5 29
4 29
5 29
5 30
6 30
6 29
6 30
5 30
5 31
6 31
6 30
7 30
8 30
8 31
8 32
7 32
8 32
7 32
7 31
6 31
6 32
6 31
6 32
5 32
6 32
5 32
6 32
7 32
7 31
7 30
7 31
7 30
7 31
6 31
6 32
7 32
8 32
8 33
9 33
10 33
10 32
11 32
10 32
10 33
10 34
11 34
11 33
11 34
11 33
11 32
10 32
9 32
8 32
7 32
7 31
7 30
8 30
8 29
8 28
8 27
7 27
7 28
7 27
6 27
6 26
7 26
8 26
7 26
6 26
5 26
4 26
4 25
3 25
2 25
2 24
2 23
1 23
1 22
1 23
1 24
1 25
1 26
1 25
0 25
1 25
2 25
2 24
2 25
2 26
1 26
1 25
2 25
2 24
1 24
2 24
2 23
2 22
2 23
2 22
3 22
3 21
2 21
1 21
0 21
1 21
1 22
1 23
1 24
1 23
1 22
1 21
1 20
0 20
0 21
0 20
0 21
0 20
1 20
1 19
1 18
1 17
0 17
1 17
2 17
2 18
3 18
3 19
3 18
3 19
2 19
3 19
3 20
3 21
3 22
2 22
3 22
2 22
3 22
3 23
4 23
3 23
4 23
4 22
3 22
2 22
1 22
0 22
0 21
1 21
2 21
2 22
2 21
3 21
3 20
4 20
5 20
5 21
6 21
6 22
6 23
5 23
5 22
5 21
5 20
6 20
5 20
5 21
5 22
5 23
5 24
5 23
6 23
7 23
7 22
6 22
7 22
7 21
6 21
6 20
5 20
6 20
7 20
6 20
6 21
5 21
6 21
6 20
6 21
6 20
6 19
5 19
6 19
5 19
6 19
5 19
4 19
4 20
5 20
6 20
6 21
6 20
7 20
8 20
9 20
10 20
10 21
10 22
11 22
11 23
10 23
9 23
10 23
11 23
11 22
12 22
13 22
12 22
12 23
11 23
12 23
13 23
13 24
13 25
12 25
13 25
12 25
12 26
13 26
12 26
12 25
12 24
13 24
13 23
13 22
12 22
12 23
11 23
12 23
12 22
13 22
13 23
12 23
12 22
11 22
12 22
11 22
12 22
13 22
13 21
12 21
11 21
10 21
9 21
9 20
10 20
9 20
9 19
9 20
9 19
9 20
9 19
9 20
9 19
8 19
7 19
7 18
8 18
7 18
8 18
8 17
8 18
8 17
9 17
8 17
8 16
8 17
8 18
8 19
8 20
8 21
8 22
8 23
7 23
7 24
6 24
6 25
7 25
7 24
8 24
8 23
9 23
9 22
8 22
7 22
8 22
8 21
8 20
7 20
6 20
7 20
7 19
8 19
7 19
7 18
7 19
7 20
7 21
8 21
8 22
7 22
7 23
7 22
6 22
6 23
7 23
8 23
8 22
7 22
6 22
6 23
6 22
7 22
6 22
6 23
6 22
7 22
7 21
7 22
6 22
6 21
5 21
5 20
6 20
6 21
5 21
5 20
6 20
6 19
7 19
7 20
7 19
7 20
7 21
7 20
7 21
7 20
7 21
7 20
7 19
8 19
7 19
8 19
8 20
8 19
8 18
8 17
9 17
9 16
9 15
10 15
10 14
11 14
11 13
10 13
11 13
10 13
11 13
11 14
10 14
9 14
9 13
8 13
9 13
10 13
9 13
10 13
10 12
11 12
11 11
11 12
11 13
11 12
12 12
13 12
13 11
13 12
13 11
12 11
11 11
11 12
12 12
12 13
12 12
11 12
10 12
10 13
11 13
11 14
12 14
11 14
11 13
11 14
12 14
11 14
12 14
11 14
11 15
10 15
11 15
10 15
11 15
10 15
9 15
9 14
9 15
10 15
11 15
11 14
12 14
13 14
14 14
14 13
14 14
14 13
15 13
16 13
16 12
17 12
18 12
18 13
18 14
18 15
18 16
18 15
17 15
18 15
18 14
18 13
17 13
17 14
18 14
18 13
18 14
18 15
18 16
18 17
18 18
18 19
19 19
19 18
18 18
17 18
18 18
18 17
18 18
18 17
18 16
19 16
20 16
19 16
18 16
18 17
17 17
16 17
15 17
15 18
14 18
13 18
