0 0
1 0
1 1
1 2
0 2
1 2
2 2
3 2
2 2
2 1
2 2
3 2
3 1
3 0
2 0
1 0
1 1
2 1
1 1
0 1
0 0
0 1
1 1
2 1
3 1
2 1
3 1
3 0
2 0
2 1
1 1
1 0
0 0
1 0
1 1
2 1
2 2
1 2
1 3
0 3
1 3
1 2
2 2
2 1
2 2
1 2
1 1
0 1
0 0
0 1
0 2
0 1
0 0
0 1
0 0
1 0
1 1
2 1
1 1
0 1
0 2
1 2
0 2
1 2
1 3
2 3
1 3
1 2
2 2
3 2
3 3
4 3
4 4
5 4
5 5
6 5
7 5
8 5
8 4
8 3
7 3
8 3
8 2
8 1
7 1
8 1
7 1
7 0
8 0
9 0
8 0
7 0
7 1
7 2
7 3
7 2
6 2
6 1
5 1
5 0
6 0
7 0
7 1
7 0
6 0
6 1
6 2
6 1
6 0
5 0
6 0
6 1
5 1
4 1
4 2
4 1
4 2
5 2
4 2
4 1
4 0
4 1
4 0
3 0
3 1
2 1
1 1
0 1
0 2
0 3
1 3
1 4
1 5
1 6
0 6
1 6
0 6
0 5
1 5
2 5
3 5
3 6
2 6
1 6
1 7
1 8
1 7
1 8
1 9
0 9
1 9
1 10
1 9
1 8
2 8
1 8
1 9
2 9
2 8
2 9
2 8
1 8
2 8
3 8
3 9
2 9
3 9
3 10
3 11
2 11
3 11
2 11
1 11
2 11
2 10
1 10
2 10
2 11
2 12
2 13
3 13
4 13
5 13
6 13
6 12
6 11
6 12
6 11
7 11
7 12
7 11
8 11
7 11
7 10
8 10
8 9
8 10
8 9
7 9
7 10
8 10
8 9
9 9
9 10
9 9
9 8
9 9
10 9
10 8
11 8
11 7
12 7
11 7
11 8
10 8
10 7
10 6
10 5
11 5
10 5
11 5
11 4
11 3
11 4
11 5
11 6
11 5
12 5
12 6
11 6
11 7
12 7
12 6
12 7
13 7
13 8
12 8
13 8
14 8
15 8
15 7
15 8
15 9
15 8
15 7
14 7
13 7
12 7
11 7
10 7
11 7
12 7
13 7
12 7
11 7
12 7
11 7
12 7
12 8
13 8
13 7
13 6
13 5
13 4
13 3
13 4
14 4
14 3
15 3
15 2
15 3
14 3
14 4
14 3
15 3
16 3
17 3
17 2
17 1
18 1
19 1
19 0
20 0
19 0
20 0
20 1
21 1
21 0
20 0
20 1
20 0
19 0
19 1
19 0
19 1
19 0
20 0
21 0
21 1
20 1
21 1
20 1
19 1
20 1
19 1
18 1
18 0
17 0
16 0
17 0
16 0
16 1
15 1
16 1
15 1
14 1
13 1
14 1
15 1
15 2
16 2
16 3
16 4
16 5
17 5
17 6
17 7
17 8
17 7
17 6
17 5
16 5
16 4
15 4
15 5
15 4
15 5
14 5
15 5
16 5
16 4
16 5
15 5
14 5
15 5
15 4
15 5
16 5
16 6
16 7
17 7
17 8
17 7
17 6
16 6
15 6
15 7
15 8
15 9
16 9
16 8
16 9
15 9
15 10
16 10
16 9
16 8
15 8
15 7
14 7
13 7
12 7
12 8
12 9
11 9
11 8
12 8
12 7
13 7
12 7
11 7
10 7
11 7
10 7
10 6
11 6
11 5
11 4
12 4
12 3
12 2
13 2
13 1
13 2
14 2
14 1
13 1
12 1
12 0
12 1
13 1
12 1
12 0
12 1
11 1
10 1
9 1
8 1
8 2
7 2
6 2
6 1
5 1
4 1
4 0
4 1
3 1
3 0
4 0
3 0
3 1
3 2
2 2
2 1
2 2
1 2
1 3
2 3
2 4
2 3
1 3
0 3
1 3
0 3
1 3
1 4
1 3
0 3
0 4
0 3
1 3
1 4
0 4
1 4
2 4
2 5
2 6
1 6
1 5
1 4
1 5
2 5
2 6
2 7
2 8
2 7
3 7
3 8
2 8
2 7
2 8
3 8
3 9
2 9
3 9
2 9
2 10
1 10
1 11
2 11
2 10
2 11
2 10
2 9
3 9
4 9
4 10
3 10
3 9
3 10
4 10
5 10
6 10
6 9
7 9
7 8
7 9
8 9
7 9
8 9
7 9
8 9
9 9
9 10
10 10
10 11
10 10
11 10
12 10
13 10
12 10
11 10
10 10
10 11
11 11
11 10
11 9
12 9
13 9
13 10
14 10
15 10
15 11
15 12
14 12
15 12
15 11
15 12
14 12
13 12
14 12
14 11
14 10
14 11
13 11
13 12
12 12
13 12
12 12
12 13
11 13
11 12
12 12
12 11
12 10
12 11
13 11
13 10
12 10
11 10
12 10
11 10
12 10
13 10
12 10
12 11
12 10
12 11
11 11
10 11
9 11
9 12
9 11
9 10
10 10
9 10
8 10
8 11
9 11
10 11
9 11
9 10
9 11
8 11
8 10
8 9
9 9
10 9
11 9
12 9
13 9
13 10
14 10
13 10
13 9
13 10
12 10
12 9
12 10
13 10
13 11
14 11
15 11
14 11
14 10
13 10
13 11
14 11
14 10
14 9
14 8
14 9
14 10
15 10
16 10
15 10
16 10
17 10
18 10
18 11
18 12
19 12
19 11
18 11
17 11
18 11
18 12
19 12
19 11
18 11
18 12
17 12
18 12
19 12
19 13
19 12
19 13
18 13
17 13
16 13
15 13
14 13
14 14
15 14
16 14
16 13
16 14
16 15
16 14
15 14
15 15
15 14
15 15
14 15
14 14
15 14
16 14
16 15
16 16
17 16
18 16
19 16
19 15
19 16
20 16
19 16
19 17
20 17
21 17
21 18
20 18
20 19
21 19
21 20
21 19
20 19
20 18
19 18
19 17
19 18
19 17
20 17
20 18
21 18
21 19
22 19
23 19
22 19
22 20
21 20
21 21
22 21
22 22
23 22
23 21
23 20
24 20
23 20
23 21
23 22
23 21
23 22
24 22
25 22
25 23
24 23
24 24
24 23
25 23
26 23
26 24
27 24
28 24
29 24
30 24
29 24
29 23
28 23
27 23
26 23
27 23
27 24
28 24
27 24
28 24
27 24
27 23
28 23
27 23
26 23
25 23
25 22
25 23
25 22
26 22
27 22
28 22
28 23
28 22
28 23
28 24
28 25
28 24
27 24
27 23
27 24
27 25
27 26
27 25
27 24
28 24
28 25
29 25
28 25
29 25
28 25
28 26
27 26
26 26
26 27
26 26
25 26
26 26
26 25
27 25
28 25
29 25
28 25
27 25
26 25
26 26
27 26
28 26
28 25
29 25
30 25
30 24
29 24
28 24
29 24
30 24
30 23
30 24
30 23
30 22
30 23
30 22
31 22
31 23
31 24
32 24
31 24
32 24
32 25
31 25
31 26
30 26
29 26
30 26
29 26
29 25
30 25
30 26
31 26
31 27
31 26
32 26
32 25
32 24
32 25
33 25
33 26
33 25
33 24
33 25
32 25
32 24
31 24
30 24
31 24
31 25
31 26
30 26
29 26
29 25
30 25
30 26
30 25
31 25
31 26
31 27
32 27
32 28
32 27
32 28
33 28
33 27
33 28
34 28
34 27
34 26
34 25
34 26
33 26
33 25
33 24
32 24
32 23
31 23
32 23
31 23
32 23
32 24
32 23
32 24
32 25
32 24
33 24
33 25
33 26
33 25
34 25
33 25
33 26
32 26
31 26
31 27
32 27
33 27
33 28
34 28
34 29
35 29
36 29
36 28
36 29
37 29
37 30
37 29
38 29
38 28
38 27
38 26
37 26
37 25
37 24
37 25
38 25
39 25
38 25
39 25
39 24
40 24
39 24
39 25
40 25
41 25
41 24
41 23
40 23
40 24
40 25
40 26
39 26
39 25
39 24
39 23
38 23
38 24
37 24
38 24
38 23
37 23
37 24
36 24
35 24
35 25
35 26
35 27
35 26
36 26
35 26
34 26
34 25
33 25
33 26
32 26
33 26
33 25
33 26
32 26
33 26
33 27
32 27
32 26
32 27
33 27
33 28
33 27
33 26
34 26
34 25
33 25
32 25
32 26
32 25
32 24
32 25
32 24
33 24
33 25
32 25
32 24
32 25
33 25
34 25
35 25
35 24
35 25
35 24
36 24
35 24
35 23
35 22
36 22
36 23
37 23
37 22
37 21
37 20
37 21
37 22
37 23
37 24
38 24
38 23
37 23
37 24
38 24
38 25
38 26
38 27
38 26
38 25
38 26
38 27
38 28
38 27
39 27
40 27
40 28
39 28
39 27
40 27
41 27
41 28
42 28
42 27
42 26
41 26
42 26
42 25
42 26
42 27
42 28
42 29
43 29
42 29
41 29
42 29
42 30
43 30
42 30
42 29
42 30
43 30
42 30
43 30
42 30
42 29
