0 0
0 1
1 1
2 1
1 1
1 0
2 0
1 0
0 0
1 0
1 1
2 1
2 2
3 2
3 1
4 1
5 1
6 1
6 0
7 0
7 1
6 1
6 0
6 1
7 1
7 0
8 0
8 1
8 2
8 3
8 2
7 2
7 3
7 4
7 5
8 5
9 5
9 6
8 6
8 7
9 7
9 6
8 6
9 6
8 6
7 6
7 5
7 6
7 7
6 7
6 6
6 5
7 5
7 4
7 5
7 4
6 4
5 4
6 4
6 5
7 5
8 5
8 6
8 7
8 6
8 7
7 7
8 7
9 7
9 6
10 6
10 5
10 4
10 5
11 5
10 5
9 5
8 5
8 4
8 5
8 4
7 4
6 4
7 4
7 3
7 2
7 1
7 2
7 3
8 3
9 3
9 4
10 4
9 4
9 3
8 3
8 4
9 4
8 4
7 4
7 3
7 2
8 2
8 1
9 1
10 1
10 2
11 2
12 2
11 2
10 2
10 3
9 3
9 2
10 2
11 2
12 2
13 2
12 2
11 2
11 3
11 4
12 4
13 4
13 5
13 6
13 5
12 5
12 6
13 6
13 7
12 7
13 7
13 8
13 7
12 7
13 7
12 7
12 8
13 8
13 7
12 7
13 7
14 7
14 8
13 8
14 8
15 8
15 7
14 7
15 7
14 7
14 6
13 6
13 5
13 4
13 3
13 2
12 2
12 1
12 0
12 1
12 2
13 2
14 2
14 1
15 1
15 2
15 1
15 2
15 1
15 2
15 3
15 2
15 3
14 3
15 3
15 4
14 4
15 4
15 5
14 5
15 5
15 4
15 5
14 5
14 6
14 7
15 7
16 7
15 7
15 6
14 6
14 5
15 5
14 5
14 6
13 6
14 6
15 6
15 7
15 6
16 6
17 6
17 5
16 5
17 5
17 4
17 3
17 4
18 4
18 3
18 2
17 2
18 2
18 3
17 3
17 2
17 3
17 4
18 4
18 5
18 4
19 4
19 3
19 4
20 4
20 3
20 4
21 4
21 5
22 5
22 6
22 5
22 4
22 5
22 6
21 6
22 6
22 5
22 4
21 4
21 3
21 4
21 5
21 6
22 6
23 6
22 6
21 6
21 5
21 4
21 5
21 4
20 4
21 4
20 4
19 4
19 5
19 4
19 3
19 2
20 2
21 2
22 2
22 1
22 2
23 2
23 3
23 4
22 4
22 5
21 5
20 5
20 4
20 5
21 5
22 5
21 5
20 5
21 5
20 5
20 4
19 4
18 4
17 4
17 5
17 6
18 6
17 6
17 5
16 5
15 5
16 5
15 5
16 5
17 5
17 6
18 6
19 6
20 6
21 6
22 6
22 7
22 8
23 8
23 9
22 9
23 9
24 9
23 9
24 9
24 8
24 7
24 8
24 9
24 10
24 9
24 8
23 8
24 8
24 7
24 8
24 9
25 9
24 9
24 10
23 10
23 9
22 9
21 9
21 8
20 8
21 8
22 8
22 9
22 8
23 8
23 9
23 10
24 10
25 10
25 11
26 11
26 12
27 12
28 12
27 12
28 12
28 13
27 13
27 14
27 13
26 13
25 13
26 13
27 13
26 13
27 13
27 12
28 12
28 13
29 13
28 13
29 13
29 14
29 13
29 14
29 13
29 14
29 13
29 14
28 14
27 14
28 14
29 14
30 14
30 13
31 13
31 12
32 12
33 12
34 12
34 13
34 14
33 14
34 14
35 14
36 14
35 14
36 14
35 14
36 14
36 13
36 14
35 14
35 13
34 13
35 13
35 12
35 13
36 13
36 14
37 14
36 14
35 14
35 13
34 13
34 14
35 14
35 13
34 13
35 13
34 13
34 12
34 13
34 12
34 13
34 12
34 13
34 12
34 11
34 12
34 11
35 11
35 10
34 10
34 11
34 10
33 10
33 9
33 10
32 10
31 10
31 11
31 10
31 9
31 10
32 10
31 10
31 11
31 10
32 10
33 10
33 11
34 11
34 12
34 13
35 13
36 13
36 12
37 12
36 12
35 12
36 12
36 13
37 13
38 13
37 13
37 14
38 14
38 15
38 14
38 13
37 13
38 13
38 12
38 13
39 13
39 14
38 14
39 14
38 14
38 13
38 12
39 12
40 12
39 12
40 12
39 12
39 11
39 12
38 12
38 11
38 10
38 9
39 9
40 9
39 9
39 10
40 10
40 9
40 10
41 10
41 9
42 9
43 9
44 9
44 8
43 8
43 7
43 8
42 8
42 7
41 7
42 7
42 8
43 8
43 9
42 9
43 9
43 8
42 8
41 8
42 8
42 7
42 6
41 6
41 7
41 8
40 8
39 8
38 8
37 8
37 7
37 6
37 5
36 5
36 4
36 3
35 3
36 3
37 3
36 3
36 4
35 4
36 4
37 4
37 3
38 3
38 2
38 1
39 1
40 1
41 1
40 1
39 1
38 1
38 2
39 2
40 2
39 2
39 3
38 3
38 4
38 5
39 5
40 5
41 5
41 6
40 6
40 5
39 5
40 5
40 6
40 7
39 7
39 6
39 7
39 8
39 7
39 8
39 7
40 7
39 7
38 7
37 7
37 8
36 8
37 8
37 7
36 7
37 7
37 6
38 6
37 6
36 6
36 5
35 5
34 5
35 5
35 4
35 5
35 6
36 6
36 5
37 5
38 5
37 5
37 6
36 6
36 5
36 6
36 7
35 7
35 8
34 8
33 8
33 7
32 7
32 8
33 8
33 9
33 8
34 8
34 7
35 7
35 8
35 9
36 9
37 9
37 10
36 10
35 10
35 11
35 10
36 10
37 10
36 10
37 10
38 10
37 10
36 10
36 9
37 9
37 8
37 9
36 9
37 9
37 8
36 8
36 7
36 6
36 5
36 6
36 7
35 7
35 6
35 7
34 7
33 7
34 7
35 7
36 7
36 6
36 5
36 6
35 6
36 6
36 7
35 7
35 6
36 6
37 6
37 5
38 5
38 6
38 7
38 6
38 5
38 6
39 6
39 5
39 4
39 5
39 6
39 7
39 6
38 6
37 6
36 6
36 7
35 7
34 7
33 7
32 7
33 7
34 7
34 6
34 5
34 4
35 4
34 4
34 5
34 6
34 7
34 6
34 5
35 5
35 4
35 3
36 3
35 3
35 4
36 4
36 3
35 3
34 3
34 4
35 4
35 3
36 3
35 3
35 4
35 3
35 4
36 4
36 5
35 5
34 5
35 5
34 5
34 6
34 5
35 5
34 5
35 5
34 5
35 5
35 6
35 7
36 7
36 6
35 6
35 7
35 8
35 9
35 10
36 10
35 10
36 10
36 11
37 11
37 10
37 11
37 10
36 10
36 9
37 9
36 9
37 9
38 9
39 9
39 8
39 9
40 9
40 8
40 7
40 8
41 8
42 8
42 7
43 7
43 6
43 5
42 5
43 5
43 6
42 6
43 6
43 7
43 8
42 8
41 8
40 8
40 7
39 7
39 6
38 6
37 6
37 7
38 7
37 7
37 8
37 7
37 8
38 8
38 9
37 9
37 10
37 9
37 10
37 9
37 8
38 8
38 7
38 6
38 7
38 6
38 5
38 4
38 5
38 6
38 5
37 5
37 6
36 6
36 5
36 6
36 5
37 5
37 4
36 4
35 4
34 4
34 5
34 6
34 7
33 7
32 7
31 7
31 8
32 8
31 8
30 8
30 7
30 8
29 8
30 8
29 8
30 8
30 9
30 10
29 10
28 10
28 11
27 11
28 11
28 10
28 11
27 11
27 10
26 10
26 9
26 10
27 10
27 11
27 12
27 13
28 13
29 13
29 14
29 15
28 15
27 15
26 15
25 15
26 15
27 15
28 15
27 15
26 15
26 16
26 17
25 17
26 17
27 17
26 17
26 16
26 17
26 16
26 15
26 16
26 17
26 16
26 15
26 14
25 14
26 14
25 14
26 14
25 14
25 15
24 15
23 15
24 15
25 15
24 15
24 16
24 17
25 17
24 17
25 17
25 18
25 19
25 20
24 20
25 20
26 20
26 19
27 19
27 18
28 18
28 19
27 19
27 20
28 20
28 21
28 22
29 22
30 22
29 22
28 22
29 22
29 23
29 24
29 23
29 22
28 22
29 22
30 22
31 22
31 23
31 24
32 24
32 23
31 23
31 24
30 24
29 24
29 25
28 25
29 25
29 26
28 26
29 26
28 26
29 26
28 26
27 26
28 26
29 26
29 25
29 26
28 26
27 26
26 26
27 26
27 25
27 26
28 26
28 27
29 27
28 27
27 27
26 27
26 28
26 27
26 26
26 25
27 25
27 26
27 25
26 25
27 25
28 25
27 25
27 24
27 23
26 23
25 23
26 23
27 23
28 23
29 23
29 22
29 23
28 23
27 23
28 23
29 23
29 22
29 21
29 22
30 22
30 21
30 20
30 21
31 21
31 20
30 20
30 21
31 21
32 21
33 21
33 20
33 19
33 18
33 17
33 18
