0 0
1 0
1 1
1 2
1 1
0 1
0 0
0 1
0 2
0 1
0 0
1 0
1 1
0 1
0 2
1 2
1 1
0 1
1 1
1 2
1 3
1 2
1 3
2 3
2 4
3 4
3 3
4 3
5 3
4 3
3 3
3 2
2 2
2 3
3 3
2 3
1 3
0 3
1 3
2 3
3 3
4 3
3 3
3 4
2 4
1 4
1 5
1 6
1 7
0 7
0 8
0 9
1 9
1 8
2 8
2 7
2 6
2 5
3 5
2 5
2 4
2 3
2 4
2 3
2 2
2 1
2 0
2 1
2 0
1 0
1 1
0 1
0 2
0 3
1 3
2 3
1 3
1 2
1 3
1 4
0 4
0 3
0 4
0 5
1 5
0 5
1 5
0 5
0 6
1 6
2 6
2 7
1 7
1 8
1 7
0 7
1 7
1 8
1 7
2 7
1 7
1 6
2 6
1 6
0 6
1 6
1 7
2 7
2 6
2 5
3 5
4 5
5 5
5 4
6 4
6 5
7 5
7 4
6 4
6 5
7 5
7 6
8 6
8 5
8 4
7 4
6 4
6 3
6 4
6 3
7 3
6 3
7 3
8 3
9 3
9 2
8 2
8 3
8 4
8 3
7 3
8 3
8 2
7 2
8 2
8 3
8 2
8 3
7 3
6 3
6 4
5 4
5 5
5 4
5 3
5 2
5 3
5 2
4 2
4 1
5 1
6 1
6 2
7 2
8 2
8 3
8 2
8 3
8 2
9 2
9 1
10 1
9 1
10 1
10 2
11 2
11 3
12 3
12 4
12 3
13 3
14 3
14 4
14 5
13 5
13 4
13 3
13 4
12 4
13 4
14 4
14 3
13 3
13 2
13 3
13 4
12 4
12 5
13 5
13 6
13 7
13 6
12 6
12 5
13 5
13 4
13 5
13 4
13 3
12 3
13 3
13 2
13 1
13 0
12 0
12 1
12 0
12 1
12 2
12 1
12 0
12 1
11 1
11 0
12 0
13 0
13 1
12 1
12 0
12 1
12 0
12 1
11 1
12 1
12 0
11 0
11 1
12 1
11 1
12 1
13 1
12 1
12 2
12 3
12 4
12 3
11 3
12 3
12 4
11 4
11 5
11 6
11 7
12 7
13 7
13 6
12 6
12 5
12 6
13 6
14 6
14 7
14 6
14 7
13 7
14 7
15 7
16 7
16 8
16 9
17 9
17 10
16 10
17 10
18 10
18 11
18 10
18 11
17 11
17 10
18 10
18 11
18 12
18 13
18 12
18 13
19 13
18 13
17 13
17 14
18 14
18 15
18 14
19 14
19 13
20 13
19 13
19 12
20 12
21 12
20 12
21 12
21 13
21 14
21 15
21 14
21 13
22 13
22 12
22 13
23 13
23 12
24 12
25 12
25 11
26 11
26 12
25 12
24 12
24 11
25 11
26 11
27 11
27 12
27 13
27 12
28 12
27 12
26 12
27 12
28 12
28 13
29 13
29 14
30 14
30 13
30 14
30 15
30 16
30 17
30 16
30 17
29 17
28 17
27 17
28 17
29 17
29 18
29 17
28 17
27 17
26 17
26 18
26 17
26 18
26 17
27 17
27 16
28 16
29 16
29 15
29 14
28 14
29 14
29 13
28 13
27 13
27 12
27 13
26 13
26 14
26 13
26 14
26 13
25 13
25 14
25 13
24 13
25 13
26 13
25 13
25 12
24 12
24 11
24 12
23 12
23 11
24 11
24 12
24 11
24 12
25 12
24 12
23 12
22 12
23 12
24 12
25 12
26 12
25 12
25 11
24 11
25 11
26 11
27 11
28 11
28 10
29 10
28 10
29 10
29 11
28 11
28 10
28 11
29 11
30 11
29 11
28 11
29 11
30 11
30 12
30 13
31 13
31 12
31 11
31 10
30 10
29 10
29 9
29 8
28 8
27 8
28 8
29 8
29 9
29 10
28 10
28 11
27 11
27 10
28 10
28 11
28 12
27 12
28 12
27 12
28 12
29 12
29 11
29 12
29 11
29 12
28 12
27 12
27 13
28 13
29 13
29 14
29 15
30 15
30 16
30 15
31 15
32 15
32 14
32 13
32 14
31 14
32 14
31 14
31 15
30 15
31 15
31 16
32 16
32 15
32 16
33 16
33 15
32 15
31 15
31 14
32 14
31 14
30 14
30 13
29 13
30 13
29 13
28 13
29 13
29 14
29 15
30 15
31 15
30 15
31 15
31 16
31 15
31 16
31 15
31 14
30 14
30 15
30 14
30 15
30 16
29 16
29 17
29 18
29 17
29 18
30 18
30 19
30 20
31 20
30 20
29 20
29 21
29 22
28 22
28 23
28 24
28 25
28 26
27 26
28 26
29 26
28 26
28 27
28 26
27 26
26 26
26 27
27 27
27 26
27 27
26 27
26 26
27 26
26 26
25 26
26 26
26 27
25 27
25 26
25 27
24 27
25 27
25 28
25 27
26 27
27 27
26 27
25 27
25 26
24 26
24 27
25 27
26 27
25 27
26 27
26 26
27 26
26 26
26 25
26 26
26 25
26 26
26 27
25 27
24 27
25 27
25 26
24 26
25 26
25 25
25 24
25 25
24 25
24 26
24 27
25 27
24 27
23 27
24 27
24 26
25 26
25 25
25 26
25 25
26 25
27 25
27 24
26 24
27 24
27 25
27 24
28 24
28 23
28 22
28 23
28 24
28 25
29 25
28 25
29 25
30 25
30 24
31 24
31 25
31 24
31 25
30 25
31 25
30 25
30 26
30 25
30 24
31 24
31 23
31 22
32 22
32 21
31 21
32 21
32 20
32 19
33 19
33 18
33 19
34 19
34 20
34 21
33 21
33 22
33 23
34 23
34 22
34 21
34 22
35 22
34 22
35 22
34 22
35 22
35 23
36 23
35 23
34 23
34 22
34 23
34 24
34 25
33 25
34 25
35 25
35 24
36 24
35 24
36 24
36 23
36 22
35 22
36 22
36 23
36 22
37 22
37 23
37 22
37 21
37 22
37 23
36 23
37 23
37 24
37 23
37 22
38 22
38 23
38 22
39 22
39 21
39 20
40 20
39 20
39 21
39 22
40 22
40 21
40 22
39 22
39 21
40 21
40 22
39 22
39 21
38 21
37 21
36 21
37 21
36 21
35 21
34 21
35 21
34 21
34 20
34 19
34 20
35 20
35 19
36 19
37 19
37 20
37 21
37 22
38 22
38 21
37 21
38 21
38 20
37 20
37 19
37 18
36 18
35 18
35 19
34 19
35 19
35 20
35 21
35 20
35 21
35 22
34 22
33 22
33 21
32 21
31 21
31 22
31 21
30 21
30 22
31 22
32 22
32 23
33 23
34 23
34 24
34 25
34 26
35 26
35 27
35 28
34 28
34 27
34 28
34 29
34 30
33 30
33 29
33 28
34 28
35 28
35 29
34 29
34 30
34 29
34 30
33 30
33 31
34 31
33 31
33 30
33 31
32 31
31 31
32 31
33 31
32 31
31 31
31 32
30 32
30 33
30 32
30 33
30 34
30 33
31 33
32 33
32 34
33 34
34 34
34 33
34 34
34 35
34 34
33 34
32 34
31 34
31 35
31 34
31 33
32 33
32 32
31 32
31 33
31 32
32 32
33 32
33 33
33 34
32 34
31 34
32 34
32 35
32 36
32 35
33 35
33 36
33 37
33 36
33 35
32 35
31 35
32 35
33 35
32 35
32 36
33 36
33 35
33 36
33 37
34 37
35 37
35 36
34 36
34 35
33 35
33 34
33 33
33 34
33 35
33 34
33 33
34 33
35 33
35 34
36 34
36 35
36 34
36 33
36 34
37 34
37 35
38 35
38 34
38 35
39 35
39 34
39 33
40 33
41 33
40 33
41 33
41 34
41 33
41 34
42 34
43 34
43 33
42 33
42 32
42 31
43 31
43 30
43 29
42 29
43 29
43 30
42 30
42 31
41 31
40 31
39 31
39 30
39 29
39 30
39 31
39 32
39 33
39 34
39 35
39 36
39 35
38 35
37 35
37 34
37 33
38 33
37 33
36 33
36 32
36 33
36 34
36 33
35 33
34 33
33 33
32 33
32 34
32 35
33 35
34 35
35 35
34 35
33 35
33 36
33 37
34 37
35 37
36 37
36 38
36 39
36 40
36 41
36 40
36 41
36 40
36 41
35 41
36 41
36 40
36 39
36 38
35 38
35 39
36 39
35 39
35 38
35 37
36 37
36 36
35 36
35 37
34 37
34 36
33 36
33 37
33 36
33 37
34 37
33 37
33 36
33 35
32 35
32 34
31 34
31 35
32 35
32 34
32 33
32 34
33 34
33 33
33 34
33 35
34 35
34 34
34 35
34 34
33 34
34 34
35 34
35 35
34 35
34 36
34 37
34 38
34 39
33 39
32 39
31 39
32 39
33 39
33 40
33 41
34 41
35 41
35 40
35 41
36 41
36 42
37 42
38 42
37 42
37 41
38 41
37 41
38 41
