0 0
0 1
0 0
1 0
1 1
0 1
0 0
0 1
1 1
2 1
2 0
2 1
2 2
2 1
1 1
0 1
0 2
1 2
2 2
2 3
1 3
1 4
1 5
2 5
3 5
2 5
2 4
2 3
3 3
2 3
3 3
4 3
4 4
5 4
5 5
5 4
5 5
5 6
5 7
4 7
5 7
5 6
4 6
4 5
4 6
4 5
3 5
3 4
3 5
3 6
4 6
4 7
5 7
6 7
7 7
7 8
7 7
6 7
6 8
6 7
6 8
6 7
6 8
6 9
7 9
8 9
8 8
8 7
9 7
9 8
8 8
8 7
9 7
10 7
10 8
11 8
11 9
10 9
10 10
10 11
11 11
12 11
12 10
13 10
14 10
14 9
13 9
14 9
13 9
13 8
14 8
14 7
14 6
14 7
14 8
14 7
14 6
15 6
15 7
16 7
17 7
18 7
17 7
17 6
16 6
15 6
15 7
15 6
15 7
14 7
14 8
15 8
14 8
14 7
14 6
14 7
13 7
12 7
12 8
12 9
12 10
11 10
11 9
11 10
10 10
10 9
9 9
9 10
9 9
10 9
10 8
11 8
11 7
11 8
11 7
12 7
13 7
12 7
13 7
12 7
13 7
13 8
13 7
14 7
14 6
14 5
15 5
15 6
14 6
15 6
16 6
17 6
16 6
17 6
17 7
17 6
17 7
18 7
17 7
17 8
16 8
17 8
16 8
16 9
17 9
17 8
17 9
17 10
18 10
17 10
18 10
19 10
18 10
18 11
18 12
17 12
16 12
16 11
16 10
17 10
17 11
17 10
17 11
18 11
19 11
18 11
19 11
19 10
19 9
20 9
20 10
20 11
19 11
19 10
20 10
20 9
19 9
18 9
18 10
18 9
19 9
18 9
18 10
19 10
20 10
21 10
22 10
23 10
22 10
22 11
22 10
23 10
23 11
22 11
22 10
23 10
23 11
23 12
22 12
21 12
20 12
20 11
19 11
20 11
19 11
20 11
20 10
20 11
19 11
20 11
19 11
20 11
20 10
20 11
20 12
20 13
19 13
20 13
21 13
21 14
21 15
21 14
21 13
22 13
22 12
22 11
22 12
22 13
21 13
22 13
21 13
20 13
19 13
18 13
18 14
18 15
18 16
18 17
18 18
18 17
19 17
20 17
19 17
19 18
19 19
18 19
19 19
20 19
19 19
19 20
19 19
19 18
18 18
19 18
18 18
19 18
20 18
19 18
19 17
18 17
18 18
17 18
17 19
17 20
16 20
16 19
16 18
16 19
17 19
17 18
17 17
16 17
16 16
17 16
18 16
17 16
18 16
17 16
17 17
16 17
16 16
16 15
16 14
16 15
15 15
15 14
15 15
15 14
16 14
16 13
16 14
16 13
16 12
15 12
14 12
14 11
15 11
16 11
17 11
18 11
19 11
20 11
19 11
19 12
18 12
17 12
18 12
19 12
20 12
19 12
19 11
20 11
19 11
18 11
18 12
17 12
17 11
18 11
18 10
17 10
17 9
17 8
18 8
19 8
19 9
19 10
18 10
17 10
17 11
16 11
16 12
16 13
16 12
16 13
17 13
17 12
17 11
17 12
18 12
19 12
18 12
18 13
18 12
17 12
17 11
16 11
16 12
16 13
16 14
15 14
14 14
13 14
14 14
14 13
14 14
14 15
14 16
15 16
16 16
16 15
16 16
15 16
14 16
15 16
14 16
15 16
15 15
15 14
15 13
15 12
16 12
16 13
16 14
16 15
17 15
17 16
17 17
16 17
15 17
15 18
14 18
13 18
14 18
13 18
13 19
13 18
14 18
13 18
13 17
14 17
14 18
14 19
15 19
15 18
15 19
16 19
15 19
15 18
16 18
17 18
17 17
17 16
16 16
16 17
16 16
16 15
17 15
16 15
17 15
17 14
16 14
17 14
18 14
18 15
17 15
16 15
15 15
15 16
16 16
17 16
18 16
18 17
19 17
20 17
20 18
20 17
21 17
21 16
20 16
21 16
21 15
21 14
21 15
22 15
21 15
21 14
20 14
21 14
20 14
20 15
20 14
20 13
21 13
22 13
22 12
23 12
23 11
23 12
24 12
24 13
24 14
24 13
25 13
26 13
27 13
27 14
26 14
26 15
26 16
27 16
26 16
26 15
26 16
27 16
27 15
27 16
27 17
27 16
27 15
27 14
26 14
26 13
27 13
26 13
26 14
26 13
26 12
26 13
26 14
26 15
26 14
25 14
25 15
25 14
26 14
26 15
26 16
26 17
26 16
26 17
26 16
27 16
26 16
26 15
26 16
26 17
25 17
24 17
24 16
24 17
25 17
25 18
24 18
24 19
24 18
24 19
25 19
25 20
26 20
25 20
25 19
26 19
26 18
26 19
26 20
26 19
27 19
28 19
28 18
27 18
26 18
26 19
26 18
25 18
26 18
27 18
28 18
28 17
29 17
30 17
31 17
30 17
29 17
28 17
28 16
27 16
26 16
25 16
25 17
25 16
25 17
24 17
24 18
24 17
24 18
24 17
23 17
23 18
22 18
23 18
24 18
25 18
24 18
24 19
24 18
24 17
24 18
23 18
23 19
24 19
24 18
24 17
25 17
25 18
25 17
24 17
25 17
25 16
24 16
25 16
26 16
25 16
25 15
26 15
26 14
26 15
26 16
27 16
27 15
28 15
28 14
28 15
28 16
28 17
28 16
28 15
28 16
27 16
28 16
29 16
30 16
31 16
31 17
30 17
30 16
31 16
32 16
32 15
33 15
33 14
33 13
33 14
32 14
32 15
31 15
32 15
31 15
31 16
30 16
29 16
29 17
29 18
29 19
30 19
30 18
30 17
29 17
29 16
28 16
28 17
28 16
27 16
27 15
26 15
26 14
27 14
28 14
27 14
27 13
28 13
28 14
27 14
27 13
28 13
28 14
27 14
28 14
28 13
28 12
29 12
28 12
28 13
28 14
28 13
28 12
29 12
29 13
29 14
29 13
29 12
30 12
30 13
30 14
30 15
30 14
29 14
28 14
29 14
30 14
31 14
30 14
29 14
30 14
30 13
29 13
29 12
28 12
29 12
29 11
29 10
28 10
28 9
28 10
29 10
28 10
27 10
26 10
26 9
27 9
27 8
28 8
28 9
29 9
30 9
30 8
30 7
30 6
30 5
31 5
31 4
31 3
32 3
32 2
31 2
32 2
32 1
32 2
32 3
33 3
33 2
33 1
33 0
33 1
32 1
32 2
32 3
32 4
33 4
33 3
32 3
32 4
33 4
32 4
33 4
32 4
33 4
34 4
34 3
34 4
35 4
35 3
35 4
35 3
35 4
35 5
36 5
37 5
37 4
37 3
38 3
38 2
39 2
40 2
41 2
42 2
43 2
43 1
42 1
42 0
41 0
41 1
41 2
42 2
42 3
42 4
41 4
41 5
40 5
40 6
39 6
38 6
37 6
37 7
36 7
35 7
34 7
34 8
35 8
34 8
33 8
33 9
32 9
32 10
32 9
31 9
31 8
30 8
30 7
31 7
31 8
30 8
30 7
30 6
30 7
30 8
30 9
31 9
32 9
31 9
30 9
30 8
30 9
30 10
31 10
30 10
30 9
29 9
29 8
29 9
29 10
29 9
28 9
28 8
29 8
30 8
30 7
29 7
30 7
30 8
29 8
29 7
29 8
30 8
30 9
30 10
30 9
30 8
31 8
31 7
32 7
32 6
32 5
33 5
33 4
32 4
32 5
32 6
31 6
31 7
32 7
33 7
34 7
34 8
33 8
32 8
32 9
32 10
31 10
30 10
30 9
30 8
31 8
30 8
29 8
28 8
28 7
29 7
29 6
28 6
28 5
28 6
29 6
29 7
29 8
29 7
29 8
30 8
29 8
29 7
29 8
30 8
31 8
32 8
32 7
31 7
30 7
30 8
30 9
30 8
31 8
30 8
30 7
31 7
31 8
31 7
32 7
33 7
33 8
32 8
31 8
31 7
31 6
31 7
32 7
33 7
34 7
34 8
34 9
34 10
34 9
33 9
33 8
32 8
32 9
31 9
30 9
30 10
31 10
30 10
30 11
30 12
29 12
30 12
30 13
30 14
30 15
30 14
30 13
31 13
32 13
32 14
32 13
31 13
30 13
30 12
31 12
30 12
31 12
30 12
30 11
30 12
30 13
31 13
31 14
31 13
32 13
32 14
32 15
33 15
33 16
33 17
33 18
34 18
33 18
34 18
33 18
32 18
32 17
32 16
32 17
32 16
33 16
34 16
34 15
34 14
34 13
33 13
32 13
33 13
34 13
34 12
35 12
35 11
35 10
34 10
34 11
33 11
33 10
33 9
34 9
34 8
34 9
35 9
36 9
36 8
36 9
37 9
38 9
38 10
38 9
37 9
38 9
38 10
37 10
37 9
38 9
38 10
38 11
38 10
39 10
39 9
38 9
39 9
40 9
40 10
41 10
40 10
39 10
39 9
40 9
