0 0
0 1
0 2
0 1
0 0
1 0
0 0
1 0
0 0
1 0
2 0
1 0
1 1
1 2
2 2
2 3
2 2
2 3
2 4
2 3
3 3
4 3
3 3
2 3
3 3
3 4
3 5
2 5
2 4
3 4
3 5
3 6
2 6
3 6
3 5
3 4
2 4
2 5
2 4
2 3
1 3
0 3
1 3
1 2
0 2
1 2
2 2
2 3
1 3
0 3
1 3
1 2
1 1
2 1
2 2
2 1
2 2
3 2
3 3
2 3
1 3
2 3
2 2
2 1
1 1
1 0
1 1
1 2
1 3
0 3
0 4
0 5
1 5
2 5
3 5
3 4
3 5
3 6
3 5
3 4
3 5
3 4
3 3
4 3
4 2
5 2
5 3
4 3
4 2
4 1
4 0
3 0
4 0
3 0
3 1
2 1
2 2
2 3
2 4
2 3
1 3
1 4
1 5
1 4
0 4
1 4
0 4
1 4
1 5
2 5
2 6
2 5
3 5
3 6
3 7
3 6
3 5
2 5
3 5
3 6
3 7
3 8
3 7
3 6
2 6
1 6
0 6
0 7
1 7
0 7
0 8
1 8
2 8
2 7
2 8
3 8
3 7
3 8
3 9
4 9
5 9
4 9
4 8
3 8
3 9
4 9
5 9
5 8
4 8
5 8
5 7
4 7
4 6
4 7
3 7
3 8
3 7
3 6
2 6
3 6
4 6
4 5
5 5
5 4
5 3
6 3
6 4
6 5
5 5
5 6
4 6
5 6
6 6
5 6
4 6
4 5
4 6
4 5
4 4
3 4
4 4
4 3
4 2
5 2
5 1
5 2
5 3
6 3
6 4
6 3
6 2
5 2
5 1
6 1
7 1
8 1
9 1
8 1
7 1
6 1
6 2
6 1
7 1
6 1
7 1
7 0
8 0
8 1
7 1
8 1
7 1
8 1
9 1
10 1
10 0
10 1
9 1
10 1
10 0
10 1
9 1
9 2
8 2
7 2
6 2
6 3
5 3
5 4
4 4
3 4
3 5
2 5
1 5
1 4
1 3
1 2
1 1
1 0
1 1
1 2
1 3
1 2
2 2
2 1
2 2
2 3
3 3
3 4
3 5
3 4
3 5
3 4
2 4
2 5
2 4
2 3
1 3
1 4
1 3
1 2
2 2
1 2
0 2
1 2
1 3
0 3
0 2
0 1
1 1
0 1
1 1
1 2
2 2
2 3
3 3
3 2
3 1
2 1
3 1
3 0
3 1
4 1
4 2
5 2
5 1
4 1
3 1
4 1
4 2
5 2
5 1
5 0
4 0
4 1
4 0
3 0
3 1
3 0
3 1
2 1
1 1
0 1
1 1
0 1
1 1
1 2
1 1
1 0
2 0
3 0
3 1
3 2
4 2
5 2
5 1
4 1
3 1
2 1
3 1
4 1
4 2
4 3
3 3
3 4
2 4
3 4
2 4
2 5
3 5
3 4
3 5
2 5
1 5
1 4
0 4
1 4
2 4
2 3
2 4
1 4
0 4
1 4
2 4
2 5
1 5
1 6
2 6
3 6
3 5
3 6
4 6
4 7
4 6
4 7
4 6
4 7
3 7
3 6
2 6
2 7
3 7
3 8
2 8
3 8
3 9
2 9
2 10
2 9
2 10
1 10
0 10
1 10
1 9
0 9
1 9
1 10
2 10
2 9
1 9
1 8
0 8
0 7
0 8
0 7
0 8
1 8
1 7
0 7
1 7
1 6
0 6
1 6
1 5
1 6
2 6
2 7
1 7
1 8
1 7
2 7
2 8
2 9
1 9
1 8
2 8
2 7
2 8
1 8
2 8
1 8
2 8
1 8
1 7
0 7
1 7
1 6
2 6
2 5
2 6
2 7
2 6
2 5
2 4
2 3
2 4
1 4
0 4
1 4
2 4
2 5
2 4
1 4
2 4
2 5
2 6
2 5
1 5
2 5
2 6
3 6
3 7
3 8
4 8
4 9
4 10
4 11
3 11
4 11
3 11
4 11
3 11
3 10
2 10
1 10
1 11
2 11
2 12
2 13
1 13
1 12
0 12
1 12
1 13
0 13
0 12
1 12
1 13
1 12
1 11
1 10
0 10
1 10
1 9
0 9
1 9
0 9
1 9
1 8
1 9
1 10
1 9
1 8
1 9
0 9
1 9
1 10
1 11
1 12
0 12
1 12
1 11
1 12
1 13
1 12
0 12
1 12
0 12
1 12
0 12
1 12
0 12
0 11
1 11
1 12
1 13
1 14
1 13
0 13
1 13
0 13
0 14
0 13
0 14
0 15
0 14
0 13
0 14
1 14
1 15
2 15
2 16
3 16
3 15
3 14
3 13
2 13
2 12
2 13
3 13
3 12
2 12
2 11
1 11
1 12
0 12
0 13
1 13
1 12
2 12
2 13
2 12
1 12
1 13
2 13
2 12
2 13
1 13
1 12
2 12
3 12
3 13
4 13
4 14
5 14
5 15
4 15
5 15
6 15
5 15
5 16
5 17
6 17
5 17
5 16
5 17
6 17
7 17
8 17
8 16
8 15
7 15
8 15
9 15
8 15
7 15
7 16
8 16
8 17
8 16
8 15
9 15
8 15
9 15
10 15
10 16
9 16
9 15
9 14
8 14
9 14
9 15
9 14
9 13
10 13
11 13
10 13
9 13
9 12
8 12
9 12
9 11
8 11
7 11
7 10
7 11
8 11
8 10
9 10
10 10
10 9
11 9
11 10
12 10
13 10
13 11
13 10
13 9
12 9
13 9
13 10
13 9
13 10
13 11
13 12
12 12
12 11
12 10
12 11
13 11
13 12
14 12
15 12
15 11
16 11
16 10
15 10
15 11
15 10
15 9
14 9
13 9
14 9
13 9
13 8
14 8
14 9
15 9
16 9
17 9
17 8
17 7
17 8
17 9
17 10
17 9
16 9
17 9
18 9
19 9
19 8
20 8
19 8
19 7
19 8
19 9
18 9
19 9
20 9
20 10
20 11
19 11
20 11
21 11
22 11
22 10
22 11
22 12
21 12
22 12
22 13
23 13
23 12
23 11
24 11
25 11
24 11
24 10
25 10
24 10
23 10
22 10
22 9
22 8
22 7
22 6
23 6
23 7
23 6
23 7
24 7
23 7
24 7
23 7
24 7
25 7
24 7
24 8
24 9
24 10
24 9
24 8
25 8
24 8
24 7
24 8
25 8
26 8
25 8
26 8
26 7
27 7
26 7
25 7
26 7
26 8
26 7
27 7
28 7
27 7
27 6
27 7
27 6
26 6
26 7
26 8
26 7
27 7
27 6
27 7
27 6
28 6
28 5
29 5
28 5
28 4
28 3
29 3
29 4
29 5
29 6
29 7
30 7
31 7
31 6
30 6
31 6
31 5
30 5
29 5
29 6
30 6
30 7
30 6
30 5
30 4
30 3
30 4
31 4
31 5
30 5
30 6
30 7
29 7
29 6
30 6
29 6
28 6
27 6
28 6
27 6
27 7
27 6
27 5
27 6
27 7
26 7
25 7
24 7
25 7
25 8
24 8
25 8
25 9
24 9
24 8
25 8
25 7
25 8
25 9
25 8
25 9
25 10
24 10
23 10
23 9
22 9
23 9
22 9
23 9
23 10
23 9
22 9
22 10
22 11
23 11
23 10
22 10
22 11
23 11
22 11
22 12
22 13
22 12
21 12
22 12
22 13
22 14
22 15
21 15
21 16
21 17
21 18
20 18
20 17
20 16
19 16
19 17
20 17
20 16
21 16
21 15
21 16
20 16
20 15
19 15
20 15
19 15
20 15
21 15
21 14
21 13
20 13
21 13
20 13
19 13
20 13
21 13
22 13
21 13
22 13
21 13
20 13
19 13
18 13
18 14
17 14
17 15
16 15
16 14
17 14
17 15
16 15
16 16
15 16
16 16
17 16
17 17
18 17
18 16
18 17
18 18
19 18
19 19
18 19
18 18
17 18
17 17
17 16
17 15
17 14
17 15
17 16
18 16
18 17
18 18
19 18
18 18
19 18
20 18
19 18
20 18
19 18
18 18
19 18
19 17
18 17
19 17
19 16
18 16
19 16
19 17
19 18
19 19
19 20
19 19
20 19
19 19
19 20
19 21
18 21
18 22
17 22
17 21
18 21
18 20
18 21
17 21
18 21
18 22
17 22
17 23
17 24
18 24
19 24
18 24
18 25
17 25
17 24
16 24
16 25
16 24
16 23
15 23
14 23
13 23
14 23
14 22
14 23
13 23
12 23
12 22
11 22
10 22
9 22
8 22
8 23
9 23
9 22
10 22
9 22
9 21
8 21
8 22
7 22
7 23
7 24
6 24
6 23
7 23
7 24
7 23
7 24
6 24
5 24
5 25
5 24
6 24
6 25
5 25
5 26
6 26
7 26
6 26
6 27
6 28
6 29
6 30
6 29
6 28
6 27
7 27
8 27
9 27
8 27
7 27
8 27
8 26
9 26
8 26
7 26
