0 0
0 1
1 1
0 1
0 2
1 2
2 2
2 3
3 3
3 2
3 1
4 1
4 2
4 3
3 3
3 4
3 3
2 3
3 3
3 2
3 1
4 1
5 1
5 0
5 1
6 1
5 1
4 1
4 0
3 0
3 1
3 0
2 0
2 1
3 1
4 1
4 2
5 2
5 3
6 3
6 4
6 3
7 3
7 2
7 3
7 2
6 2
7 2
6 2
7 2
7 1
8 1
8 2
7 2
7 3
7 2
7 3
7 4
7 3
7 2
7 1
7 0
7 1
7 2
8 2
8 1
9 1
10 1
10 0
11 0
11 1
12 1
11 1
11 2
12 2
12 1
12 2
12 3
11 3
12 3
12 2
12 1
11 1
10 1
11 1
12 1
13 1
13 0
13 1
13 2
13 1
14 1
15 1
15 2
16 2
16 1
17 1
18 1
17 1
18 1
19 1
20 1
20 2
20 3
20 2
20 1
20 0
19 0
19 1
20 1
19 1
19 0
20 0
19 0
19 1
20 1
20 0
19 0
20 0
21 0
21 1
21 0
22 0
23 0
22 0
21 0
20 0
20 1
19 1
20 1
20 2
19 2
18 2
17 2
18 2
19 2
19 3
18 3
17 3
16 3
17 3
17 4
18 4
17 4
17 3
18 3
18 2
18 1
19 1
20 1
20 0
20 1
20 2
20 1
19 1
19 0
19 1
18 1
18 0
18 1
18 0
17 0
17 1
17 0
16 0
15 0
15 1
15 0
15 1
15 2
16 2
15 2
14 2
15 2
16 2
16 3
16 4
17 4
18 4
18 5
17 5
18 5
19 5
20 5
19 5
19 4
18 4
18 5
18 4
17 4
16 4
16 5
17 5
17 4
18 4
18 3
18 2
18 3
18 2
18 1
17 1
18 1
19 1
19 0
18 0
18 1
18 0
18 1
18 2
17 2
16 2
17 2
16 2
17 2
17 1
18 1
17 1
18 1
18 0
17 0
16 0
15 0
14 0
14 1
14 2
14 1
14 0
15 0
14 0
13 0
14 0
14 1
14 0
14 1
15 1
15 0
15 1
15 0
15 1
16 1
16 2
16 1
15 1
15 0
15 1
15 0
15 1
14 1
13 1
14 1
14 2
14 1
14 2
13 2
12 2
12 3
11 3
10 3
11 3
11 2
10 2
11 2
11 1
12 1
12 0
11 0
11 1
11 2
11 3
11 2
11 3
11 4
11 3
12 3
12 4
12 5
11 5
12 5
12 4
12 5
13 5
12 5
11 5
10 5
11 5
12 5
11 5
12 5
12 4
13 4
13 3
13 2
13 1
13 2
12 2
13 2
13 1
13 0
14 0
13 0
14 0
14 1
13 1
13 0
13 1
13 0
14 0
13 0
12 0
12 1
13 1
14 1
13 1
14 1
15 1
15 0
15 1
16 1
16 2
16 3
16 4
17 4
17 3
17 4
17 5
17 6
18 6
19 6
19 7
19 6
19 5
20 5
20 6
21 6
21 5
22 5
21 5
22 5
22 6
21 6
22 6
21 6
22 6
22 5
22 4
21 4
21 3
21 4
21 3
20 3
20 2
19 2
19 1
18 1
19 1
18 1
17 1
18 1
17 1
18 1
17 1
18 1
19 1
19 0
19 1
18 1
19 1
20 1
20 0
20 1
21 1
20 1
20 2
19 2
19 1
19 2
19 3
19 2
19 3
20 3
21 3
21 2
21 3
21 2
22 2
23 2
23 1
22 1
23 1
22 1
22 0
23 0
22 0
21 0
21 1
21 2
20 2
21 2
22 2
21 2
22 2
21 2
20 2
20 3
20 2
20 1
19 1
19 0
19 1
20 1
20 0
19 0
18 0
19 0
18 0
17 0
16 0
16 1
17 1
18 1
18 2
19 2
19 1
19 2
20 2
20 1
21 1
21 2
21 1
20 1
21 1
21 0
20 0
20 1
21 1
21 2
21 1
22 1
22 2
23 2
24 2
24 3
25 3
24 3
25 3
24 3
23 3
24 3
24 4
24 3
24 4
25 4
25 5
26 5
27 5
28 5
28 4
27 4
28 4
28 5
28 4
27 4
28 4
27 4
27 5
28 5
28 6
27 6
26 6
27 6
28 6
28 7
28 8
27 8
28 8
28 7
27 7
27 8
27 7
27 6
27 5
27 6
27 7
26 7
26 8
26 9
26 8
25 8
25 9
25 10
24 10
24 9
25 9
25 8
26 8
27 8
26 8
25 8
25 9
25 8
25 9
25 10
24 10
25 10
26 10
26 9
26 8
25 8
25 7
24 7
23 7
22 7
23 7
22 7
23 7
23 8
22 8
23 8
24 8
23 8
23 7
24 7
23 7
24 7
24 8
25 8
25 7
25 6
26 6
25 6
26 6
26 5
26 4
27 4
27 3
26 3
25 3
25 4
25 5
26 5
26 4
27 4
26 4
25 4
25 3
25 2
26 2
26 1
26 0
27 0
27 1
27 0
27 1
28 1
29 1
30 1
29 1
28 1
28 2
29 2
29 3
29 2
28 2
29 2
29 1
28 1
27 1
27 2
28 2
27 2
28 2
28 3
28 4
29 4
28 4
28 5
28 6
27 6
27 7
28 7
29 7
29 8
29 7
30 7
30 6
29 6
30 6
30 7
31 7
32 7
33 7
33 8
34 8
34 7
35 7
34 7
34 6
34 7
34 8
33 8
34 8
33 8
32 8
33 8
33 7
33 6
33 5
33 6
33 5
33 6
34 6
35 6
36 6
37 6
38 6
37 6
36 6
35 6
35 7
34 7
35 7
35 8
34 8
35 8
34 8
33 8
33 9
34 9
33 9
34 9
35 9
34 9
34 8
34 9
34 10
35 10
36 10
36 11
37 11
37 10
36 10
37 10
38 10
39 10
39 9
40 9
40 8
40 9
39 9
38 9
38 8
38 9
37 9
37 8
36 8
36 9
36 10
36 9
37 9
37 10
38 10
37 10
37 11
37 12
38 12
37 12
38 12
38 13
37 13
37 14
38 14
39 14
39 13
40 13
40 14
40 13
40 12
39 12
39 11
40 11
40 10
39 10
38 10
37 10
36 10
35 10
35 9
34 9
33 9
33 10
33 11
33 10
34 10
33 10
34 10
33 10
33 11
32 11
32 10
31 10
30 10
30 9
30 8
29 8
29 7
30 7
31 7
32 7
32 6
32 7
31 7
31 6
31 7
31 8
30 8
30 9
31 9
32 9
33 9
33 10
33 9
32 9
33 9
34 9
34 8
34 9
35 9
35 10
35 9
34 9
34 10
34 11
34 10
35 10
36 10
36 9
36 8
36 7
36 8
35 8
35 7
34 7
34 6
34 7
34 8
34 9
33 9
34 9
34 10
35 10
35 11
36 11
37 11
38 11
38 12
38 13
38 12
37 12
36 12
36 11
36 10
36 9
36 10
35 10
36 10
36 11
37 11
36 11
35 11
35 10
35 11
35 10
35 9
36 9
35 9
35 8
34 8
33 8
32 8
32 7
32 8
32 7
32 8
32 9
31 9
31 8
32 8
33 8
33 7
33 8
33 9
33 10
34 10
35 10
35 11
35 12
36 12
37 12
37 11
37 10
38 10
38 9
38 10
39 10
38 10
37 10
36 10
37 10
38 10
38 9
39 9
40 9
41 9
41 10
40 10
40 11
39 11
39 12
39 13
40 13
41 13
41 12
41 13
41 14
41 15
42 15
42 16
43 16
43 17
42 17
42 16
42 15
42 16
42 17
42 16
42 15
42 14
42 13
42 12
43 12
43 13
44 13
44 14
45 14
44 14
43 14
44 14
44 15
43 15
44 15
43 15
44 15
44 14
45 14
44 14
45 14
44 14
45 14
44 14
43 14
44 14
44 15
43 15
42 15
41 15
42 15
41 15
40 15
41 15
41 16
42 16
42 15
42 16
42 15
42 16
42 15
42 16
42 15
42 16
42 17
42 18
41 18
40 18
40 17
39 17
39 18
39 17
39 18
39 19
40 19
41 19
41 18
41 17
41 16
42 16
41 16
42 16
43 16
43 17
43 16
43 17
44 17
43 17
44 17
44 18
43 18
43 17
44 17
44 18
44 19
44 18
44 19
45 19
45 20
45 19
44 19
43 19
43 18
42 18
41 18
42 18
43 18
44 18
43 18
44 18
43 18
44 18
44 19
43 19
43 18
43 17
43 16
44 16
45 16
45 17
45 18
44 18
45 18
44 18
43 18
44 18
45 18
46 18
46 17
46 18
45 18
45 19
45 18
46 18
46 17
46 16
46 15
46 14
46 13
46 14
46 13
45 13
45 14
45 13
46 13
46 12
46 11
46 10
45 10
45 9
44 9
44 10
44 9
43 9
43 8
44 8
44 7
45 7
45 6
44 6
45 6
45 7
45 8
46 8
46 9
45 9
44 9
44 8
45 8
44 8
44 9
44 8
43 8
44 8
45 8
45 7
45 6
44 6
44 7
44 6
44 5
44 4
44 5
43 5
43 4
