0 0
1 0
1 1
1 0
0 0
0 1
1 1
2 1
2 0
3 0
4 0
5 0
5 1
5 0
4 0
5 0
5 1
6 1
6 0
7 0
6 0
6 1
5 1
5 0
4 0
4 1
3 1
4 1
4 2
3 2
3 3
3 2
3 3
4 3
3 3
4 3
4 2
4 3
5 3
5 2
6 2
5 2
4 2
3 2
3 1
3 0
4 0
4 1
4 0
3 0
4 0
4 1
4 2
4 3
3 3
3 2
3 1
3 0
3 1
4 1
4 2
4 1
4 0
4 1
5 1
5 0
6 0
6 1
7 1
7 2
7 1
7 2
8 2
9 2
10 2
10 1
9 1
9 0
10 0
11 0
10 0
10 1
11 1
12 1
11 1
10 1
10 0
11 0
12 0
13 0
13 1
13 0
13 1
13 0
13 1
13 2
13 1
12 1
11 1
12 1
12 0
12 1
12 2
12 3
11 3
12 3
12 4
13 4
12 4
13 4
13 3
14 3
13 3
14 3
14 4
15 4
14 4
15 4
14 4
15 4
14 4
15 4
16 4
15 4
16 4
16 5
16 6
17 6
17 7
16 7
15 7
16 7
16 6
17 6
17 5
18 5
17 5
16 5
17 5
16 5
17 5
17 6
16 6
16 5
17 5
17 6
18 6
19 6
20 6
20 7
19 7
20 7
19 7
19 8
20 8
19 8
19 7
19 6
19 5
20 5
20 4
20 5
20 6
19 6
19 7
20 7
19 7
19 6
19 7
20 7
21 7
22 7
22 8
23 8
22 8
22 7
22 6
22 5
22 4
23 4
22 4
22 3
23 3
22 3
21 3
22 3
22 4
22 3
22 4
21 4
21 5
22 5
22 6
21 6
21 5
22 5
21 5
21 6
21 7
22 7
22 6
23 6
23 5
22 5
23 5
24 5
24 6
23 6
23 5
22 5
23 5
23 4
23 5
22 5
22 4
23 4
23 5
22 5
22 6
21 6
21 7
21 6
21 5
21 4
22 4
22 3
23 3
24 3
24 2
23 2
24 2
24 1
23 1
24 1
25 1
24 1
24 2
24 3
24 4
25 4
25 5
25 4
25 3
25 2
26 2
27 2
27 3
27 4
26 4
26 3
25 3
25 2
26 2
25 2
25 1
26 1
26 0
27 0
26 0
25 0
26 0
27 0
26 0
26 1
26 2
26 1
27 1
27 0
27 1
28 1
27 1
26 1
26 0
25 0
26 0
26 1
26 2
26 3
26 2
27 2
27 3
28 3
28 4
28 3
28 2
28 3
29 3
29 2
28 2
27 2
26 2
25 2
25 1
25 2
24 2
23 2
23 1
22 1
22 0
21 0
22 0
23 0
24 0
25 0
25 1
25 0
25 1
25 0
25 1
25 0
25 1
24 1
23 1
22 1
21 1
20 1
21 1
22 1
23 1
23 2
23 1
22 1
22 0
22 1
23 1
24 1
25 1
24 1
25 1
25 2
25 1
24 1
24 0
24 1
25 1
24 1
25 1
26 1
25 1
25 0
24 0
24 1
23 1
23 0
22 0
21 0
20 0
20 1
20 0
19 0
19 1
18 1
17 1
16 1
17 1
17 2
17 3
17 4
18 4
17 4
16 4
16 3
16 4
16 3
15 3
15 4
15 5
15 4
15 3
15 4
15 5
15 6
16 6
15 6
15 5
15 6
15 5
15 4
15 3
15 4
15 3
14 3
15 3
15 4
14 4
13 4
12 4
12 5
12 4
12 3
12 2
13 2
14 2
15 2
14 2
15 2
15 3
16 3
17 3
17 4
17 3
17 2
17 3
17 2
16 2
17 2
17 1
17 0
17 1
16 1
17 1
18 1
17 1
16 1
16 2
16 3
15 3
15 4
16 4
16 5
16 4
16 3
16 2
17 2
17 1
17 0
18 0
18 1
18 0
17 0
17 1
18 1
18 2
19 2
18 2
17 2
16 2
17 2
17 3
18 3
18 4
19 4
19 3
19 4
19 3
20 3
20 4
20 3
20 4
20 3
21 3
21 4
21 3
21 4
21 3
21 4
20 4
20 5
20 6
20 5
20 4
21 4
22 4
22 5
23 5
23 6
23 5
23 6
22 6
23 6
24 6
25 6
25 5
25 6
26 6
26 7
26 8
26 9
27 9
28 9
27 9
27 10
27 9
27 10
28 10
28 11
29 11
28 11
29 11
29 10
28 10
27 10
27 9
26 9
26 10
26 9
27 9
27 10
27 11
28 11
27 11
28 11
27 11
27 10
27 11
26 11
26 12
26 13
27 13
27 12
26 12
25 12
26 12
27 12
28 12
28 13
28 12
28 13
28 14
29 14
29 13
30 13
30 14
29 14
29 15
29 14
30 14
30 13
31 13
32 13
32 14
32 13
32 14
32 13
32 12
32 13
33 13
34 13
34 12
34 11
35 11
35 12
36 12
36 13
36 14
37 14
38 14
38 13
38 14
38 13
38 12
38 11
38 12
37 12
38 12
37 12
37 11
37 10
38 10
39 10
38 10
39 10
38 10
38 11
39 11
38 11
38 12
39 12
40 12
40 11
40 12
40 11
41 11
40 11
40 12
39 12
39 13
38 13
38 12
38 13
37 13
38 13
38 12
37 12
37 13
38 13
37 13
38 13
39 13
39 12
39 11
39 10
38 10
38 9
38 8
39 8
39 7
39 6
38 6
38 7
37 7
38 7
38 6
38 7
38 8
37 8
38 8
37 8
36 8
36 7
36 6
36 5
35 5
35 4
36 4
35 4
34 4
33 4
32 4
33 4
34 4
34 5
35 5
34 5
33 5
34 5
35 5
35 4
35 5
35 4
34 4
35 4
36 4
35 4
36 4
36 5
37 5
37 6
36 6
35 6
34 6
34 7
34 8
34 7
34 6
34 5
35 5
36 5
36 6
37 6
38 6
39 6
40 6
40 5
39 5
39 4
38 4
38 5
38 4
38 3
37 3
37 4
38 4
39 4
39 5
38 5
38 6
38 7
37 7
38 7
38 6
38 5
37 5
38 5
38 4
39 4
39 3
38 3
39 3
38 3
37 3
37 2
37 3
37 4
38 4
38 3
38 2
37 2
36 2
35 2
34 2
33 2
33 3
33 4
32 4
33 4
32 4
31 4
31 5
30 5
29 5
29 6
30 6
31 6
31 7
30 7
30 6
30 7
30 6
30 7
30 8
29 8
29 7
30 7
30 8
31 8
31 9
31 10
30 10
30 11
30 10
30 11
31 11
32 11
32 10
32 9
33 9
32 9
32 10
32 11
32 10
31 10
30 10
30 9
30 8
29 8
30 8
30 7
30 8
30 7
29 7
29 6
29 7
29 8
30 8
30 9
30 10
29 10
28 10
28 9
27 9
28 9
28 10
27 10
28 10
27 10
27 9
27 8
28 8
28 9
28 10
27 10
27 9
27 8
26 8
27 8
26 8
26 7
26 6
26 7
26 8
25 8
24 8
23 8
23 9
24 9
23 9
22 9
22 8
21 8
22 8
22 7
22 8
21 8
21 7
22 7
23 7
23 8
22 8
21 8
21 9
21 8
21 9
21 10
21 11
21 12
21 13
21 12
21 11
21 12
21 13
20 13
21 13
21 12
21 11
22 11
22 10
21 10
22 10
22 9
23 9
24 9
25 9
24 9
24 10
25 10
26 10
26 9
27 9
27 10
28 10
29 10
28 10
27 10
27 9
27 10
26 10
27 10
26 10
25 10
25 9
24 9
24 8
23 8
24 8
24 9
24 8
24 7
24 6
24 5
23 5
24 5
23 5
24 5
24 4
24 3
24 4
23 4
24 4
25 4
25 5
25 6
25 7
26 7
25 7
26 7
25 7
25 8
26 8
25 8
24 8
25 8
25 9
24 9
23 9
22 9
22 8
21 8
22 8
22 7
22 8
22 7
21 7
21 8
21 7
20 7
20 8
21 8
22 8
22 7
22 6
21 6
21 5
22 5
21 5
20 5
21 5
21 6
20 6
21 6
20 6
19 6
19 7
18 7
18 6
18 7
18 8
19 8
20 8
20 9
21 9
22 9
21 9
21 10
20 10
20 9
20 10
20 11
19 11
18 11
17 11
17 10
17 11
17 12
16 12
16 13
15 13
14 13
14 14
15 14
15 15
14 15
14 16
13 16
13 15
13 16
14 16
14 17
13 17
12 17
11 17
10 17
10 16
10 17
9 17
9 16
8 16
8 17
7 17
6 17
7 17
8 17
9 17
9 16
10 16
10 15
10 14
11 14
11 15
10 15
11 15
11 14
11 13
11 14
12 14
13 14
13 15
13 16
12 16
12 17
13 17
13 18
12 18
12 19
13 19
14 19
15 19
14 19
14 20
13 20
13 21
13 22
13 23
12 23
12 24
12 23
13 23
14 23
13 23
14 23
13 23
14 23
14 22
15 22
14 22
14 21
14 20
13 20
13 21
13 20
12 20
12 21
12 22
12 21
12 20
13 20
14 20
15 20
15 19
15 18
