0 0
0 1
0 0
0 1
0 2
1 2
1 3
2 3
3 3
3 4
3 5
4 5
4 4
4 3
5 3
5 4
5 5
5 6
4 6
3 6
3 7
2 7
2 6
2 5
1 5
1 6
2 6
3 6
4 6
4 7
3 7
2 7
2 8
3 8
3 7
2 7
2 6
1 6
2 6
1 6
1 7
0 7
0 8
0 9
0 8
0 9
1 9
0 9
1 9
0 9
1 9
0 9
0 10
0 11
0 12
1 12
0 12
0 11
0 10
0 11
1 11
0 11
1 11
2 11
2 10
2 11
3 11
3 10
2 10
3 10
2 10
2 11
2 10
2 9
2 8
2 9
3 9
3 10
2 10
1 10
2 10
3 10
3 11
3 10
3 11
4 11
5 11
5 12
4 12
5 12
5 13
4 13
4 14
3 14
3 15
4 15
4 14
5 14
6 14
5 14
6 14
6 13
6 12
6 11
7 11
7 12
8 12
9 12
9 11
9 10
8 10
9 10
9 9
9 10
8 10
9 10
9 11
8 11
9 11
8 11
8 12
8 11
7 11
8 11
8 10
9 10
8 10
9 10
9 11
9 12
8 12
7 12
6 12
6 11
6 12
6 13
6 14
7 14
7 15
7 14
7 15
6 15
6 14
5 14
5 15
4 15
4 14
4 13
5 13
6 13
6 14
7 14
7 15
7 16
7 15
7 14
7 13
7 14
7 15
7 14
8 14
8 13
7 13
6 13
6 14
5 14
5 13
5 14
5 15
5 14
5 13
5 14
5 15
4 15
5 15
4 15
5 15
6 15
6 14
5 14
6 14
5 14
4 14
3 14
3 13
2 13
2 14
1 14
2 14
1 14
0 14
0 15
1 15
2 15
2 14
2 13
2 14
2 13
1 13
2 13
3 13
4 13
3 13
2 13
2 12
2 13
2 12
2 13
2 12
2 11
2 12
2 11
2 12
2 13
3 13
2 13
2 14
2 15
2 14
3 14
3 15
3 14
3 13
2 13
2 12
2 13
3 13
2 13
2 12
3 12
4 12
3 12
3 13
4 13
5 13
5 14
5 15
5 16
5 17
5 18
6 18
7 18
6 18
6 17
5 17
5 16
5 17
4 17
4 18
4 17
4 16
5 16
6 16
6 15
5 15
5 14
5 13
5 12
4 12
4 11
5 11
5 12
5 13
4 13
4 12
3 12
4 12
5 12
5 11
4 11
5 11
6 11
7 11
7 10
7 9
7 8
7 9
8 9
9 9
9 10
10 10
10 11
9 11
10 11
9 11
10 11
10 10
9 10
10 10
10 9
10 10
10 11
10 10
10 9
9 9
9 10
9 9
8 9
9 9
9 10
10 10
10 9
9 9
8 9
7 9
7 8
7 7
7 6
7 7
8 7
8 8
8 7
7 7
6 7
6 8
6 7
6 6
6 7
5 7
6 7
6 6
6 5
5 5
5 4
5 3
5 2
5 1
5 2
5 1
5 0
4 0
5 0
6 0
6 1
5 1
5 2
5 3
6 3
7 3
8 3
7 3
6 3
6 4
6 5
6 6
6 5
5 5
4 5
4 4
5 4
5 5
4 5
3 5
3 6
3 5
4 5
4 4
5 4
5 5
5 6
4 6
4 5
5 5
6 5
6 6
6 7
6 8
6 7
7 7
8 7
7 7
6 7
6 8
5 8
6 8
6 9
6 10
6 9
5 9
5 10
6 10
6 9
6 8
5 8
4 8
3 8
2 8
1 8
0 8
1 8
2 8
3 8
2 8
1 8
0 8
0 7
0 6
0 5
1 5
1 6
1 7
1 8
0 8
1 8
1 9
2 9
2 8
1 8
1 7
0 7
0 6
0 7
0 6
1 6
2 6
3 6
3 5
2 5
2 4
2 3
2 4
1 4
1 5
0 5
1 5
1 6
2 6
2 7
1 7
1 6
1 5
0 5
0 6
0 7
0 8
0 9
1 9
1 8
2 8
2 7
2 6
2 7
3 7
3 6
3 5
2 5
1 5
2 5
2 4
2 5
1 5
0 5
1 5
2 5
1 5
2 5
2 6
1 6
0 6
1 6
0 6
1 6
1 5
1 6
0 6
0 5
0 4
1 4
2 4
1 4
1 5
0 5
1 5
1 6
1 5
2 5
2 4
3 4
2 4
3 4
2 4
1 4
1 3
1 4
1 5
1 4
1 5
1 4
2 4
1 4
1 5
1 4
2 4
3 4
3 3
4 3
3 3
3 4
2 4
2 3
2 4
3 4
3 3
4 3
4 4
5 4
5 3
4 3
4 4
4 3
4 2
4 3
4 2
4 1
5 1
5 2
6 2
5 2
5 1
5 0
6 0
6 1
6 2
6 1
6 0
5 0
4 0
5 0
5 1
4 1
3 1
3 0
4 0
4 1
5 1
6 1
5 1
5 2
5 3
6 3
5 3
5 4
4 4
4 3
3 3
4 3
4 2
5 2
4 2
4 1
4 2
5 2
4 2
4 3
4 4
4 3
4 4
3 4
2 4
2 3
2 4
1 4
1 5
2 5
2 6
3 6
4 6
4 7
5 7
5 8
5 7
5 6
4 6
3 6
3 5
2 5
2 6
3 6
3 7
3 6
3 5
4 5
5 5
5 6
5 7
6 7
5 7
4 7
4 6
4 7
5 7
5 8
5 7
6 7
6 6
5 6
6 6
6 5
6 4
7 4
8 4
7 4
6 4
7 4
7 5
7 6
8 6
9 6
9 7
9 6
9 7
10 7
10 8
10 9
10 8
9 8
9 9
10 9
10 8
10 9
9 9
9 10
9 9
10 9
9 9
9 8
8 8
8 7
8 6
9 6
8 6
8 5
8 4
8 3
9 3
10 3
10 2
10 1
10 0
10 1
10 2
10 1
10 0
9 0
9 1
9 0
8 0
8 1
7 1
7 2
8 2
7 2
7 1
7 2
7 1
7 2
7 3
6 3
5 3
4 3
4 2
5 2
4 2
3 2
3 3
2 3
2 2
2 1
2 0
1 0
0 0
1 0
1 1
1 2
1 1
1 2
0 2
0 3
0 4
1 4
2 4
3 4
3 3
3 2
3 3
3 4
3 3
3 4
3 5
4 5
5 5
5 4
5 5
5 6
5 7
5 8
5 9
4 9
4 8
4 7
4 6
4 7
4 6
4 7
4 8
4 7
4 8
4 9
5 9
5 8
5 7
5 6
5 7
5 8
4 8
3 8
3 7
3 6
3 5
3 4
2 4
1 4
0 4
0 5
1 5
1 6
0 6
0 7
1 7
0 7
0 8
1 8
0 8
0 9
0 8
1 8
1 9
0 9
1 9
1 8
2 8
2 9
3 9
3 8
2 8
3 8
3 9
3 8
3 9
4 9
4 10
5 10
6 10
7 10
7 11
6 11
6 10
6 11
6 10
6 11
7 11
7 10
7 9
8 9
9 9
8 9
8 8
8 9
7 9
7 8
8 8
9 8
8 8
8 7
8 8
7 8
6 8
6 9
6 10
6 11
6 12
7 12
7 13
7 14
7 13
7 14
6 14
6 15
6 16
6 17
6 18
6 17
5 17
5 18
5 19
6 19
7 19
7 18
8 18
7 18
6 18
6 17
6 16
6 15
7 15
7 14
7 13
7 14
7 15
7 16
7 17
7 18
6 18
5 18
6 18
6 19
5 19
6 19
6 18
6 19
7 19
6 19
6 20
7 20
7 19
8 19
9 19
9 20
10 20
11 20
10 20
10 21
11 21
12 21
11 21
12 21
11 21
12 21
13 21
13 20
14 20
15 20
16 20
15 20
15 21
16 21
16 22
17 22
18 22
18 23
17 23
17 24
17 25
17 26
17 27
17 28
17 27
18 27
17 27
17 28
16 28
17 28
16 28
17 28
16 28
17 28
18 28
17 28
16 28
16 27
17 27
17 28
16 28
15 28
15 29
16 29
16 30
15 30
15 31
15 30
15 31
14 31
15 31
14 31
14 32
14 33
13 33
12 33
12 34
12 33
11 33
12 33
11 33
11 32
11 31
12 31
11 31
12 31
12 30
11 30
12 30
12 31
12 32
12 33
12 32
11 32
12 32
11 32
12 32
11 32
11 33
12 33
12 32
12 31
12 30
13 30
12 30
12 29
13 29
13 30
14 30
13 30
13 31
13 30
13 31
14 31
13 31
13 30
14 30
13 30
13 31
12 31
13 31
12 31
13 31
14 31
13 31
14 31
13 31
12 31
13 31
14 31
13 31
12 31
13 31
13 32
13 31
13 32
13 33
14 33
13 33
14 33
13 33
13 34
13 33
13 34
13 33
13 32
14 32
15 32
16 32
16 31
16 32
16 33
16 32
15 32
16 32
16 33
16 34
17 34
18 34
18 35
19 35
19 34
19 33
19 34
19 35
20 35
20 36
21 36
21 35
21 34
21 33
21 32
21 31
20 31
19 31
18 31
19 31
18 31
17 31
17 32
17 31
16 31
16 30
15 30
14 30
14 31
14 32
14 33
