0 0
1 0
2 0
3 0
2 0
2 1
2 0
1 0
1 1
1 0
1 1
1 0
0 0
1 0
1 1
2 1
3 1
3 2
3 3
4 3
4 4
4 5
3 5
3 4
3 5
2 5
2 6
3 6
4 6
4 7
4 6
4 7
4 8
5 8
5 9
6 9
6 8
7 8
6 8
6 7
5 7
6 7
5 7
5 8
5 9
6 9
6 10
7 10
6 10
6 9
6 10
6 11
6 12
7 12
8 12
7 12
8 12
8 11
7 11
8 11
9 11
9 10
9 11
9 12
9 13
9 14
9 15
9 16
9 17
10 17
9 17
8 17
7 17
6 17
6 16
7 16
8 16
8 17
8 18
7 18
7 17
8 17
8 18
7 18
7 17
7 18
8 18
7 18
7 17
7 16
6 16
7 16
7 17
6 17
7 17
7 16
6 16
6 17
5 17
6 17
6 16
6 17
6 16
6 17
7 17
6 17
7 17
6 17
5 17
5 18
5 19
5 18
6 18
6 17
5 17
4 17
3 17
2 17
2 16
1 16
1 17
1 18
1 19
1 20
1 19
1 20
0 20
1 20
1 19
2 19
2 20
2 21
2 22
2 21
2 20
3 20
3 19
3 20
3 19
3 18
2 18
2 17
1 17
2 17
3 17
3 18
4 18
4 19
3 19
2 19
2 18
1 18
2 18
2 19
2 18
2 17
2 16
1 16
2 16
2 17
2 16
1 16
0 16
0 17
1 17
2 17
2 18
2 19
2 18
1 18
0 18
1 18
1 17
2 17
1 17
1 16
1 17
1 18
2 18
1 18
1 17
2 17
3 17
3 18
3 19
3 18
3 19
3 18
4 18
5 18
6 18
6 17
6 16
5 16
6 16
6 17
6 16
6 17
7 17
7 18
6 18
6 17
7 17
7 18
7 19
6 19
6 18
7 18
7 19
7 18
7 19
8 19
8 20
8 19
9 19
9 20
9 21
9 22
10 22
10 23
11 23
11 22
11 23
11 24
11 23
11 24
11 25
10 25
10 24
10 23
11 23
12 23
12 24
11 24
11 25
12 25
12 26
13 26
12 26
12 25
12 26
12 27
11 27
12 27
12 28
11 28
11 27
11 26
11 25
11 24
12 24
13 24
12 24
11 24
11 23
10 23
10 24
11 24
10 24
11 24
11 25
10 25
9 25
9 26
10 26
10 27
11 27
10 27
9 27
10 27
9 27
8 27
8 28
8 27
9 27
8 27
7 27
7 28
8 28
8 27
8 28
8 27
7 27
8 27
9 27
8 27
8 28
9 28
8 28
8 29
9 29
9 28
9 27
10 27
11 27
11 28
11 29
10 29
9 29
10 29
9 29
9 28
10 28
10 29
10 30
10 29
9 29
10 29
10 30
10 31
10 32
9 32
8 32
9 32
8 32
9 32
9 31
8 31
8 30
7 30
6 30
6 31
6 30
7 30
8 30
9 30
8 30
9 30
9 29
9 30
8 30
8 31
9 31
9 32
9 31
10 31
11 31
11 30
12 30
13 30
12 30
13 30
12 30
12 29
13 29
13 28
13 29
13 28
13 29
14 29
14 28
14 27
13 27
13 28
13 29
14 29
14 30
15 30
16 30
16 29
16 30
17 30
16 30
16 31
16 32
17 32
18 32
19 32
19 33
19 32
19 33
19 32
18 32
18 31
17 31
16 31
15 31
16 31
17 31
16 31
17 31
17 30
17 29
18 29
18 30
18 29
18 28
19 28
20 28
21 28
21 27
21 28
20 28
20 27
21 27
22 27
22 28
23 28
24 28
25 28
26 28
26 27
26 26
26 27
27 27
26 27
25 27
25 26
24 26
25 26
25 27
24 27
25 27
25 26
26 26
27 26
27 27
28 27
28 28
28 27
29 27
30 27
30 26
30 25
30 24
31 24
31 23
30 23
30 24
29 24
30 24
29 24
29 23
30 23
30 24
31 24
31 23
30 23
30 24
30 23
31 23
30 23
30 24
30 23
29 23
28 23
28 24
29 24
29 25
28 25
29 25
28 25
27 25
28 25
28 24
28 23
27 23
26 23
25 23
25 24
25 25
25 26
26 26
26 27
27 27
26 27
26 26
26 27
27 27
27 28
26 28
26 29
25 29
24 29
24 28
24 27
25 27
26 27
26 26
25 26
26 26
25 26
25 25
26 25
26 26
27 26
27 25
28 25
29 25
28 25
28 24
29 24
29 23
29 22
28 22
28 23
28 22
28 21
27 21
27 22
27 21
27 22
27 23
27 22
26 22
27 22
27 21
26 21
26 20
25 20
25 21
24 21
24 20
25 20
25 21
24 21
24 20
24 19
24 18
24 19
25 19
25 18
25 17
25 16
25 15
25 16
24 16
23 16
24 16
25 16
26 16
25 16
26 16
26 15
26 16
26 15
26 16
27 16
26 16
27 16
28 16
27 16
28 16
27 16
26 16
26 15
27 15
26 15
26 14
26 15
26 14
27 14
26 14
25 14
25 15
24 15
24 14
24 15
24 14
24 13
23 13
23 14
23 13
23 12
23 13
23 12
24 12
24 11
24 10
25 10
24 10
25 10
24 10
24 9
25 9
25 10
26 10
26 11
26 10
26 9
27 9
26 9
26 8
26 9
26 8
27 8
26 8
26 7
27 7
27 6
27 5
26 5
26 4
26 3
25 3
25 4
26 4
27 4
27 5
27 6
26 6
26 5
26 4
26 3
26 4
26 5
27 5
26 5
26 6
27 6
28 6
28 5
28 4
28 5
28 4
28 3
28 4
28 3
29 3
30 3
31 3
32 3
32 4
31 4
32 4
32 5
31 5
31 6
31 5
32 5
31 5
31 6
30 6
30 7
31 7
31 6
31 5
32 5
33 5
33 6
33 5
33 6
33 5
33 4
33 5
33 4
34 4
34 5
33 5
33 6
34 6
34 5
34 4
34 3
35 3
36 3
36 4
37 4
37 3
37 4
37 5
38 5
38 4
38 5
38 4
39 4
40 4
41 4
40 4
41 4
40 4
39 4
38 4
38 3
39 3
40 3
41 3
41 2
41 1
40 1
40 2
40 3
41 3
41 4
42 4
42 5
42 4
42 5
41 5
41 4
41 5
41 4
41 3
41 4
42 4
41 4
40 4
39 4
40 4
39 4
38 4
38 5
37 5
37 6
37 7
37 8
38 8
39 8
38 8
39 8
39 7
39 6
39 7
39 8
40 8
39 8
39 7
39 8
38 8
39 8
38 8
37 8
37 7
37 8
38 8
37 8
37 9
37 10
37 9
36 9
36 10
37 10
36 10
35 10
36 10
36 11
36 12
36 13
35 13
35 12
35 11
36 11
36 12
36 13
37 13
36 13
36 14
37 14
38 14
39 14
39 15
39 14
38 14
38 15
39 15
40 15
41 15
40 15
40 14
40 13
39 13
39 14
39 13
39 12
38 12
37 12
36 12
37 12
37 13
37 12
36 12
35 12
35 11
35 10
35 9
35 8
35 7
34 7
34 8
34 7
34 6
34 7
34 8
34 9
34 10
34 11
33 11
34 11
34 12
33 12
34 12
34 13
33 13
33 14
33 15
33 16
34 16
33 16
33 15
33 14
32 14
32 15
33 15
32 15
31 15
32 15
31 15
31 16
30 16
29 16
29 15
28 15
28 16
29 16
28 16
28 17
29 17
30 17
30 18
30 19
30 18
29 18
29 17
30 17
29 17
30 17
31 17
31 16
31 15
30 15
29 15
29 14
29 15
30 15
29 15
29 16
30 16
30 15
30 16
29 16
30 16
31 16
32 16
31 16
31 17
30 17
29 17
28 17
29 17
29 18
30 18
30 19
31 19
31 18
32 18
32 19
32 20
31 20
32 20
32 21
32 22
32 23
33 23
34 23
34 22
33 22
32 22
32 21
32 22
31 22
31 23
30 23
29 23
28 23
27 23
28 23
27 23
28 23
27 23
28 23
28 24
28 25
29 25
30 25
29 25
28 25
27 25
27 24
27 25
28 25
28 26
28 27
28 28
28 29
29 29
29 28
29 27
29 28
29 27
29 28
29 27
30 27
29 27
30 27
30 28
31 28
30 28
29 28
28 28
28 27
29 27
29 28
30 28
30 27
30 28
31 28
32 28
33 28
33 29
33 28
32 28
32 27
32 28
31 28
30 28
31 28
31 29
31 28
30 28
30 29
30 28
29 28
29 29
30 29
29 29
30 29
30 30
30 31
30 32
29 32
29 31
29 30
30 30
31 30
31 31
31 30
31 29
30 29
30 28
31 28
31 29
31 28
32 28
32 29
32 28
32 27
32 26
32 27
32 26
33 26
34 26
34 25
34 24
34 25
33 25
33 24
32 24
32 23
32 24
31 24
32 24
32 23
32 24
32 23
32 24
32 23
31 23
32 23
32 22
32 21
31 21
30 21
29 21
28 21
27 21
28 21
28 22
27 22
27 21
27 20
28 20
28 21
27 21
26 21
26 20
27 20
27 19
26 19
26 20
27 20
