0 0
0 1
1 1
0 1
1 1
2 1
2 0
1 0
1 1
2 1
2 0
2 1
3 1
4 1
3 1
4 1
4 2
5 2
5 3
6 3
7 3
6 3
7 3
7 4
6 4
5 4
5 5
5 4
5 3
4 3
4 4
5 4
5 3
5 4
5 5
4 5
4 4
5 4
4 4
3 4
2 4
1 4
1 5
1 4
0 4
0 5
0 4
0 5
0 6
1 6
2 6
1 6
0 6
0 5
0 6
1 6
1 7
2 7
2 8
3 8
3 9
2 9
3 9
4 9
4 8
4 7
4 8
4 9
4 8
4 9
5 9
5 10
4 10
4 9
4 10
4 11
5 11
4 11
4 10
4 11
4 12
3 12
3 11
3 10
4 10
5 10
4 10
4 9
4 8
4 7
4 6
5 6
6 6
7 6
7 5
8 5
7 5
7 4
7 3
6 3
5 3
4 3
4 4
4 5
5 5
5 6
4 6
5 6
4 6
5 6
5 5
6 5
5 5
4 5
3 5
2 5
3 5
4 5
3 5
2 5
3 5
4 5
4 6
4 7
5 7
4 7
4 6
5 6
6 6
5 6
4 6
5 6
5 7
4 7
3 7
3 8
3 9
2 9
2 10
1 10
2 10
3 10
3 11
2 11
2 10
1 10
1 9
1 8
2 8
1 8
2 8
3 8
3 7
4 7
4 6
4 5
5 5
5 4
6 4
6 5
6 6
5 6
6 6
5 6
5 5
5 6
6 6
7 6
8 6
8 7
7 7
6 7
7 7
8 7
8 6
8 7
9 7
9 8
8 8
8 9
9 9
9 8
8 8
8 9
9 9
10 9
10 8
9 8
9 9
8 9
8 8
8 9
9 9
9 10
9 11
9 10
8 10
8 9
8 8
7 8
7 9
7 10
7 9
8 9
7 9
7 8
6 8
7 8
8 8
8 9
9 9
9 10
10 10
10 9
10 10
10 9
11 9
11 10
11 9
11 10
12 10
12 11
11 11
11 10
10 10
11 10
11 9
11 10
11 11
12 11
13 11
14 11
14 12
14 13
14 12
14 11
15 11
16 11
15 11
14 11
15 11
14 11
14 12
15 12
16 12
16 11
15 11
14 11
14 10
15 10
16 10
16 9
15 9
15 8
16 8
16 7
17 7
18 7
19 7
19 8
20 8
21 8
20 8
20 7
19 7
20 7
20 6
20 5
19 5
20 5
20 6
20 5
20 4
21 4
20 4
21 4
20 4
20 5
20 4
19 4
18 4
18 5
19 5
18 5
18 4
17 4
16 4
16 3
16 2
17 2
17 1
17 0
18 0
18 1
18 2
18 3
18 2
17 2
17 3
17 2
18 2
19 2
19 3
20 3
19 3
19 2
19 1
18 1
18 0
17 0
16 0
16 1
17 1
18 1
18 0
17 0
17 1
17 0
17 1
17 2
18 2
18 3
18 2
18 1
18 2
17 2
17 3
17 4
16 4
16 3
16 2
17 2
18 2
17 2
17 1
17 2
17 1
17 0
16 0
16 1
17 1
17 2
17 3
18 3
18 4
19 4
18 4
17 4
16 4
17 4
16 4
15 4
16 4
16 3
15 3
15 2
15 3
15 2
14 2
14 3
14 2
13 2
13 3
14 3
13 3
13 2
13 1
12 1
12 0
13 0
12 0
11 0
11 1
12 1
12 2
13 2
12 2
12 1
13 1
13 0
13 1
12 1
13 1
14 1
14 0
14 1
13 1
14 1
15 1
15 0
15 1
15 0
16 0
17 0
17 1
18 1
19 1
19 2
18 2
19 2
18 2
19 2
20 2
20 1
20 0
20 1
20 2
20 1
21 1
22 1
23 1
23 2
24 2
24 1
23 1
23 0
22 0
22 1
21 1
20 1
21 1
21 2
21 3
20 3
20 4
20 5
20 4
20 3
20 4
21 4
22 4
22 5
23 5
22 5
23 5
23 6
24 6
25 6
26 6
26 5
26 4
26 5
26 4
25 4
26 4
26 3
26 2
26 1
27 1
27 2
26 2
26 1
26 0
25 0
26 0
25 0
25 1
26 1
26 2
26 3
26 2
27 2
27 3
28 3
27 3
27 2
26 2
26 1
26 2
26 1
25 1
25 0
24 0
24 1
24 2
24 3
23 3
22 3
23 3
23 2
24 2
23 2
23 1
22 1
21 1
22 1
22 2
22 3
23 3
24 3
24 2
24 3
24 2
24 3
25 3
26 3
25 3
26 3
26 2
26 3
27 3
27 4
27 5
28 5
27 5
26 5
26 6
26 7
26 8
26 7
26 8
26 9
27 9
28 9
27 9
27 8
28 8
28 7
27 7
27 6
28 6
27 6
28 6
28 7
29 7
29 6
30 6
29 6
28 6
28 7
28 8
28 9
27 9
27 8
27 9
26 9
26 8
25 8
24 8
24 9
24 10
24 11
24 12
24 11
24 10
25 10
26 10
27 10
27 9
26 9
26 8
26 9
27 9
26 9
27 9
27 10
26 10
25 10
24 10
23 10
24 10
25 10
25 11
26 11
26 12
26 11
26 10
25 10
24 10
24 11
25 11
25 10
26 10
26 11
25 11
25 10
25 11
24 11
25 11
25 12
25 11
24 11
23 11
23 10
23 11
22 11
23 11
23 10
24 10
24 11
25 11
25 10
25 9
25 10
25 9
25 10
25 11
25 10
24 10
25 10
24 10
24 11
25 11
25 12
24 12
24 13
25 13
25 14
25 15
26 15
26 14
26 15
26 16
25 16
25 15
26 15
26 14
26 13
25 13
26 13
27 13
27 12
26 12
26 13
26 12
26 11
26 12
25 12
25 13
26 13
27 13
26 13
27 13
27 12
27 11
27 10
26 10
26 11
26 12
25 12
25 13
25 12
25 11
24 11
23 11
23 10
22 10
23 10
23 11
24 11
23 11
23 12
23 13
22 13
23 13
24 13
24 14
25 14
25 15
26 15
27 15
26 15
26 16
25 16
24 16
24 17
25 17
25 16
26 16
26 15
26 16
25 16
24 16
24 15
24 14
25 14
24 14
23 14
23 15
22 15
23 15
22 15
21 15
21 14
20 14
19 14
20 14
20 13
21 13
22 13
22 14
22 15
22 16
21 16
21 15
21 14
21 13
20 13
21 13
21 14
22 14
22 13
22 14
21 14
21 13
20 13
20 12
20 11
19 11
19 10
19 11
19 12
18 12
19 12
18 12
18 13
17 13
16 13
16 12
15 12
16 12
17 12
18 12
18 11
18 10
17 10
18 10
19 10
19 9
18 9
17 9
18 9
19 9
20 9
20 8
20 9
20 8
20 7
20 6
20 7
20 8
20 9
20 10
21 10
21 11
22 11
21 11
21 10
21 9
21 10
22 10
23 10
23 11
23 10
23 9
23 8
24 8
24 9
24 8
24 7
23 7
22 7
22 8
23 8
23 9
23 8
23 9
22 9
23 9
24 9
25 9
25 10
24 10
24 9
25 9
24 9
25 9
25 8
26 8
26 7
26 6
26 5
27 5
27 4
27 3
27 4
27 3
27 4
28 4
29 4
28 4
28 3
27 3
26 3
25 3
24 3
23 3
24 3
25 3
25 4
25 5
24 5
23 5
23 4
24 4
24 3
25 3
25 2
25 3
24 3
24 4
24 3
25 3
25 2
25 3
25 2
25 1
25 2
26 2
27 2
27 1
27 2
27 1
27 0
27 1
27 2
27 3
28 3
27 3
27 4
27 3
28 3
28 2
28 1
29 1
29 2
29 1
29 2
29 3
29 4
29 3
29 2
29 1
29 0
30 0
30 1
29 1
29 2
30 2
30 3
31 3
32 3
33 3
32 3
32 2
31 2
32 2
32 1
32 2
33 2
33 3
34 3
34 2
35 2
36 2
36 1
37 1
38 1
37 1
37 0
37 1
36 1
35 1
35 0
35 1
34 1
34 0
34 1
34 0
34 1
35 1
35 2
35 3
36 3
36 2
35 2
35 1
35 0
35 1
34 1
33 1
34 1
34 2
34 3
33 3
33 2
33 3
32 3
32 2
32 3
32 2
32 3
33 3
33 4
32 4
33 4
33 3
33 2
34 2
35 2
36 2
37 2
37 3
36 3
36 2
36 1
36 0
36 1
37 1
36 1
36 0
36 1
37 1
37 0
36 0
35 0
35 1
36 1
36 0
37 0
38 0
39 0
38 0
38 1
38 0
37 0
36 0
35 0
34 0
35 0
36 0
36 1
36 0
37 0
37 1
36 1
37 1
36 1
35 1
35 0
34 0
33 0
33 1
34 1
34 0
34 1
35 1
35 0
36 0
35 0
34 0
35 0
35 1
35 0
35 1
35 2
36 2
35 2
35 3
36 3
37 3
36 3
35 3
36 3
36 2
35 2
35 1
35 0
35 1
34 1
33 1
33 2
34 2
33 2
32 2
33 2
34 2
35 2
36 2
36 1
35 1
35 0
36 0
36 1
36 2
37 2
37 1
38 1
39 1
39 0
