0 0
1 0
1 1
1 2
1 3
0 3
1 3
2 3
1 3
1 4
1 5
1 4
1 3
0 3
1 3
2 3
3 3
2 3
1 3
0 3
0 2
0 3
0 2
1 2
2 2
2 1
3 1
4 1
3 1
3 0
4 0
3 0
3 1
3 0
3 1
3 0
2 0
3 0
3 1
4 1
5 1
5 0
4 0
5 0
5 1
4 1
4 0
5 0
6 0
7 0
7 1
7 0
6 0
7 0
8 0
7 0
7 1
6 1
6 0
5 0
5 1
5 0
4 0
5 0
5 1
5 2
5 1
5 2
5 3
5 4
5 3
4 3
5 3
5 2
5 3
4 3
4 4
5 4
5 3
4 3
4 4
5 4
6 4
6 3
7 3
6 3
6 4
7 4
8 4
9 4
10 4
10 5
10 4
11 4
10 4
9 4
9 3
9 2
9 3
8 3
8 4
8 5
9 5
8 5
8 6
7 6
7 7
6 7
5 7
6 7
6 6
6 7
7 7
7 8
8 8
9 8
10 8
9 8
9 7
9 8
9 7
10 7
11 7
11 6
11 7
10 7
9 7
9 6
10 6
10 7
10 8
10 9
10 10
10 9
11 9
11 8
12 8
12 9
12 8
12 9
13 9
13 8
13 9
14 9
15 9
16 9
17 9
17 10
18 10
19 10
19 9
18 9
17 9
17 8
17 7
17 6
17 7
18 7
18 8
18 7
17 7
17 6
18 6
18 7
17 7
18 7
17 7
18 7
18 6
17 6
17 5
16 5
17 5
18 5
17 5
18 5
18 4
19 4
19 5
19 4
19 5
18 5
17 5
17 4
18 4
18 3
18 2
19 2
20 2
20 3
20 2
20 3
20 4
21 4
20 4
20 3
20 4
20 5
20 6
19 6
19 5
20 5
19 5
19 6
19 5
20 5
19 5
18 5
18 6
18 7
18 8
18 9
18 8
18 9
19 9
19 10
18 10
19 10
19 11
19 10
19 9
18 9
18 8
17 8
17 9
18 9
18 8
19 8
20 8
20 7
19 7
19 6
19 5
18 5
19 5
19 4
20 4
20 5
19 5
19 4
18 4
17 4
18 4
19 4
20 4
20 3
20 2
20 1
20 2
19 2
19 3
18 3
18 4
18 5
19 5
19 6
18 6
17 6
17 5
17 4
18 4
18 5
18 4
19 4
18 4
19 4
19 3
20 3
20 4
19 4
20 4
19 4
20 4
19 4
20 4
20 5
20 4
19 4
20 4
21 4
21 3
22 3
21 3
22 3
23 3
24 3
25 3
24 3
24 2
24 3
25 3
24 3
24 2
24 3
24 4
24 5
23 5
23 6
23 7
23 6
22 6
22 7
21 7
21 8
21 7
22 7
23 7
23 6
24 6
25 6
26 6
26 5
27 5
28 5
28 4
27 4
26 4
26 3
25 3
26 3
26 4
27 4
28 4
28 3
28 2
29 2
29 3
30 3
30 4
29 4
29 3
30 3
31 3
31 4
31 5
31 6
30 6
29 6
28 6
29 6
29 7
29 8
30 8
30 9
29 9
29 8
29 7
30 7
29 7
29 8
29 9
28 9
28 10
28 9
28 10
29 10
30 10
31 10
31 9
31 10
31 9
31 8
30 8
29 8
29 7
30 7
30 8
30 7
31 7
31 6
31 7
32 7
33 7
34 7
33 7
33 6
34 6
34 5
33 5
33 4
33 5
33 4
32 4
32 3
33 3
33 4
34 4
34 5
35 5
36 5
36 6
35 6
35 7
35 8
35 9
36 9
37 9
37 10
38 10
38 9
38 8
39 8
39 7
39 6
39 5
39 4
39 3
39 4
39 3
40 3
40 4
40 3
40 4
40 3
39 3
39 4
39 5
38 5
38 4
38 3
38 2
38 1
37 1
37 0
36 0
37 0
36 0
36 1
36 0
36 1
35 1
35 0
36 0
36 1
37 1
37 2
38 2
37 2
38 2
37 2
37 3
36 3
37 3
37 2
38 2
38 3
37 3
38 3
39 3
39 4
38 4
39 4
39 3
39 2
39 3
39 2
39 1
39 0
40 0
41 0
42 0
41 0
42 0
42 1
42 2
42 1
42 2
42 3
42 4
41 4
41 5
40 5
41 5
41 4
42 4
41 4
40 4
40 5
41 5
41 4
40 4
39 4
38 4
38 3
39 3
38 3
38 4
39 4
39 5
39 4
40 4
40 5
40 4
41 4
40 4
40 5
40 4
40 5
41 5
41 4
41 5
40 5
41 5
42 5
42 6
42 7
41 7
41 8
42 8
41 8
41 9
41 10
41 11
40 11
39 11
39 12
40 12
40 13
40 14
39 14
39 13
39 14
40 14
41 14
41 15
42 15
43 15
44 15
44 16
44 15
44 14
44 15
43 15
42 15
42 16
43 16
43 15
43 14
44 14
44 13
44 14
43 14
43 15
44 15
44 16
43 16
44 16
43 16
44 16
44 15
44 16
44 15
44 14
44 15
45 15
46 15
47 15
48 15
49 15
50 15
50 16
51 16
50 16
51 16
51 15
52 15
53 15
53 14
53 13
53 14
54 14
54 13
54 14
54 13
53 13
53 12
53 13
53 12
54 12
53 12
52 12
52 13
52 14
51 14
50 14
50 13
51 13
50 13
50 14
49 14
48 14
49 14
49 13
48 13
49 13
49 14
50 14
49 14
49 13
49 12
49 11
50 11
50 10
50 9
50 8
51 8
52 8
52 9
53 9
52 9
53 9
54 9
55 9
56 9
55 9
55 10
55 9
56 9
57 9
57 10
56 10
55 10
55 9
55 8
55 7
56 7
57 7
58 7
58 6
58 7
57 7
58 7
59 7
59 8
59 9
60 9
59 9
58 9
58 8
57 8
57 9
58 9
59 9
59 8
60 8
60 7
61 7
60 7
60 6
60 7
61 7
60 7
61 7
61 8
60 8
60 9
60 10
59 10
59 9
59 10
60 10
59 10
59 9
59 8
59 7
59 6
59 7
59 8
59 7
59 8
59 7
58 7
57 7
58 7
58 8
57 8
56 8
55 8
56 8
55 8
56 8
57 8
57 7
57 8
58 8
57 8
57 9
57 10
56 10
55 10
55 11
54 11
54 12
55 12
54 12
55 12
55 11
55 12
55 11
55 10
55 9
56 9
57 9
57 10
57 9
58 9
57 9
56 9
56 8
56 9
55 9
56 9
56 10
56 11
57 11
56 11
57 11
58 11
58 12
58 13
58 14
58 13
57 13
57 14
58 14
57 14
57 13
57 14
57 15
57 14
57 15
57 14
57 13
57 14
56 14
57 14
56 14
55 14
55 13
54 13
54 12
55 12
56 12
56 11
57 11
56 11
57 11
58 11
58 10
57 10
57 11
56 11
56 10
55 10
54 10
54 11
53 11
53 12
54 12
55 12
55 11
54 11
53 11
54 11
53 11
54 11
54 10
54 11
53 11
54 11
55 11
54 11
55 11
54 11
54 10
54 11
53 11
53 10
53 11
53 12
53 11
54 11
55 11
56 11
56 10
56 11
56 12
55 12
55 13
55 12
56 12
57 12
57 13
58 13
57 13
57 12
58 12
59 12
59 13
59 14
59 15
59 14
58 14
59 14
59 13
58 13
57 13
57 14
57 13
56 13
56 14
56 15
55 15
54 15
55 15
56 15
56 16
55 16
55 17
56 17
56 18
55 18
56 18
56 17
56 18
55 18
55 17
55 16
55 17
55 16
55 15
55 14
54 14
54 13
55 13
56 13
56 12
56 11
55 11
56 11
56 12
56 13
57 13
58 13
59 13
59 12
60 12
60 11
59 11
58 11
58 12
59 12
59 13
60 13
60 14
61 14
62 14
63 14
63 15
63 16
62 16
62 17
62 16
63 16
64 16
63 16
62 16
63 16
63 15
63 16
63 17
62 17
62 18
61 18
61 19
60 19
61 19
60 19
61 19
62 19
63 19
63 18
64 18
65 18
65 17
66 17
65 17
66 17
66 16
67 16
67 17
68 17
67 17
67 18
66 18
67 18
68 18
69 18
69 19
69 18
70 18
71 18
71 17
72 17
72 18
72 19
73 19
74 19
74 20
74 19
74 20
73 20
73 21
72 21
72 20
72 21
72 22
71 22
72 22
72 21
72 22
71 22
72 22
71 22
71 21
72 21
72 20
73 20
73 21
73 20
72 20
72 21
73 21
73 22
72 22
72 23
73 23
72 23
72 24
72 23
72 24
71 24
70 24
70 23
70 24
70 25
70 26
70 25
71 25
71 24
70 24
71 24
71 25
71 24
71 25
71 24
72 24
71 24
71 25
70 25
70 26
70 27
70 26
70 27
71 27
71 28
72 28
72 29
72 30
72 31
71 31
70 31
70 30
70 31
70 32
71 32
71 31
72 31
71 31
71 30
71 31
70 31
70 30
70 29
69 29
69 28
68 28
67 28
67 27
67 26
68 26
68 27
67 27
66 27
65 27
64 27
63 27
63 28
63 27
63 28
