0 0
0 1
1 1
0 1
1 1
1 2
2 2
2 3
2 4
2 5
2 4
3 4
4 4
5 4
5 3
6 3
5 3
5 2
5 3
4 3
3 3
3 4
3 3
4 3
4 2
4 1
5 1
5 0
6 0
6 1
5 1
5 0
5 1
5 0
4 0
3 0
2 0
2 1
2 0
2 1
1 1
1 2
1 1
1 0
1 1
1 2
1 1
1 2
1 1
1 2
1 3
2 3
2 2
3 2
4 2
4 1
4 2
5 2
4 2
3 2
3 1
4 1
4 0
4 1
4 2
3 2
4 2
4 1
4 0
5 0
5 1
5 2
5 3
5 2
6 2
6 3
7 3
6 3
7 3
7 2
6 2
7 2
6 2
6 1
6 2
6 3
5 3
6 3
5 3
5 2
4 2
4 3
4 2
3 2
3 3
3 2
3 3
3 4
2 4
1 4
1 3
1 4
2 4
3 4
3 3
2 3
2 4
3 4
2 4
2 3
3 3
2 3
2 4
2 5
3 5
4 5
3 5
3 6
2 6
1 6
1 7
2 7
1 7
1 6
2 6
2 5
3 5
3 4
2 4
2 5
2 6
1 6
0 6
1 6
0 6
0 5
1 5
1 4
0 4
1 4
0 4
1 4
1 5
2 5
2 4
1 4
1 5
1 4
1 3
0 3
0 2
0 1
1 1
1 2
2 2
2 1
2 0
3 0
3 1
3 2
2 2
2 3
2 2
3 2
3 3
2 3
2 2
2 1
2 2
2 3
2 2
2 1
3 1
3 2
4 2
4 3
4 2
5 2
6 2
6 3
6 4
7 4
7 5
7 6
7 7
7 8
6 8
5 8
6 8
7 8
7 7
7 8
8 8
8 7
9 7
9 6
10 6
11 6
12 6
12 7
11 7
11 8
12 8
12 9
12 8
12 9
12 10
12 9
12 10
11 10
10 10
9 10
8 10
8 9
8 10
8 11
7 11
7 10
7 9
8 9
7 9
6 9
6 10
6 9
6 10
7 10
6 10
6 11
6 10
6 9
6 8
5 8
5 7
5 8
4 8
4 7
4 8
4 9
4 10
4 11
5 11
4 11
3 11
3 10
4 10
4 11
3 11
2 11
3 11
3 10
2 10
2 9
2 8
2 9
1 9
1 8
1 9
0 9
1 9
1 10
1 9
1 10
2 10
2 9
2 8
3 8
3 7
3 8
3 7
3 8
3 9
2 9
3 9
3 8
3 9
3 10
3 9
3 10
2 10
2 11
2 12
3 12
3 11
3 10
3 9
4 9
5 9
4 9
3 9
4 9
4 10
4 9
5 9
4 9
4 10
3 10
2 10
3 10
2 10
2 9
3 9
3 8
3 9
3 10
3 11
4 11
3 11
2 11
3 11
4 11
5 11
6 11
7 11
7 12
7 13
8 13
7 13
7 14
8 14
7 14
7 13
8 13
9 13
9 14
10 14
10 13
11 13
10 13
11 13
11 14
11 15
11 16
10 16
9 16
9 15
8 15
9 15
8 15
9 15
10 15
10 14
11 14
12 14
13 14
13 15
14 15
14 16
14 17
14 18
13 18
13 19
13 18
13 19
13 18
14 18
13 18
14 18
14 19
14 20
14 19
15 19
16 19
16 20
16 19
15 19
15 18
15 17
14 17
15 17
16 17
16 16
16 17
16 18
17 18
18 18
17 18
17 17
16 17
16 18
15 18
15 17
14 17
15 17
16 17
17 17
16 17
16 16
17 16
16 16
16 15
16 16
15 16
15 15
15 16
16 16
17 16
17 17
16 17
15 17
15 18
16 18
16 19
16 20
16 21
15 21
15 22
15 21
15 20
15 19
16 19
15 19
16 19
16 18
17 18
17 19
18 19
18 18
18 17
18 16
19 16
19 15
19 16
18 16
17 16
16 16
17 16
17 17
17 16
18 16
18 17
18 16
18 15
17 15
17 14
18 14
18 13
17 13
18 13
19 13
20 13
20 12
19 12
19 13
19 12
20 12
20 13
21 13
22 13
21 13
20 13
20 14
20 15
21 15
22 15
22 16
22 17
22 16
21 16
21 17
21 16
21 17
20 17
21 17
20 17
20 18
20 17
19 17
20 17
20 18
20 17
21 17
20 17
21 17
21 16
22 16
22 17
21 17
21 18
21 19
20 19
21 19
20 19
20 18
19 18
19 19
19 20
20 20
20 19
21 19
22 19
23 19
22 19
21 19
21 20
22 20
22 21
22 20
22 21
22 20
22 19
22 18
22 19
22 18
23 18
24 18
24 19
24 20
25 20
24 20
23 20
22 20
22 19
21 19
21 20
20 20
19 20
19 19
18 19
18 20
17 20
18 20
17 20
17 19
17 18
18 18
19 18
18 18
19 18
18 18
18 17
18 16
18 17
18 18
19 18
19 19
18 19
19 19
19 20
19 19
18 19
19 19
18 19
19 19
20 19
20 18
19 18
19 17
18 17
17 17
18 17
18 16
18 17
19 17
19 16
19 17
19 16
20 16
21 16
21 15
22 15
22 16
21 16
21 17
20 17
19 17
18 17
18 16
19 16
20 16
20 17
19 17
19 16
19 17
19 18
18 18
18 17
17 17
17 18
18 18
19 18
18 18
19 18
20 18
20 19
20 20
20 19
21 19
21 20
22 20
22 19
22 20
23 20
23 19
23 20
22 20
22 21
22 20
22 21
22 22
22 23
22 24
22 23
22 24
22 25
22 24
22 25
23 25
23 24
22 24
22 23
22 22
22 21
22 20
23 20
23 19
23 20
22 20
22 19
23 19
23 20
24 20
25 20
25 21
25 20
24 20
24 19
23 19
23 18
23 17
23 16
22 16
22 15
22 14
21 14
20 14
20 15
20 14
21 14
21 13
21 14
21 13
21 14
20 14
20 13
20 14
19 14
20 14
20 15
20 16
20 17
19 17
19 16
19 15
19 14
18 14
18 15
19 15
19 14
18 14
19 14
19 13
18 13
18 12
18 13
17 13
18 13
17 13
17 14
18 14
17 14
17 15
17 16
17 15
18 15
18 16
19 16
19 17
19 18
18 18
19 18
19 19
20 19
21 19
22 19
23 19
23 18
22 18
23 18
23 19
23 18
23 17
23 16
23 17
24 17
24 16
24 15
25 15
25 14
25 13
24 13
24 14
24 15
24 16
25 16
25 17
26 17
26 18
26 19
26 20
25 20
25 21
25 20
24 20
24 21
24 22
24 21
24 22
24 21
23 21
23 22
23 21
23 20
23 21
22 21
21 21
21 22
21 23
21 22
21 23
20 23
20 24
19 24
20 24
19 24
19 25
18 25
17 25
17 26
17 25
17 26
17 25
16 25
15 25
16 25
15 25
15 24
15 25
15 26
14 26
15 26
14 26
15 26
14 26
15 26
15 27
14 27
14 26
14 25
15 25
14 25
14 24
14 23
13 23
13 22
12 22
12 21
12 20
12 21
12 20
13 20
13 19
14 19
13 19
12 19
12 20
13 20
13 19
14 19
13 19
13 18
12 18
12 17
12 16
11 16
10 16
10 15
10 16
11 16
11 15
11 16
12 16
12 17
12 18
12 19
12 18
12 17
13 17
13 16
13 15
14 15
14 16
15 16
15 17
15 18
15 19
16 19
16 18
16 17
16 16
17 16
17 15
17 16
17 17
17 16
17 17
17 16
18 16
17 16
18 16
19 16
18 16
17 16
17 15
16 15
15 15
15 14
15 15
15 16
16 16
15 16
15 17
15 16
14 16
14 15
13 15
14 15
13 15
14 15
14 16
15 16
16 16
16 17
16 18
15 18
14 18
14 19
14 20
13 20
13 21
12 21
11 21
12 21
13 21
14 21
15 21
15 20
16 20
15 20
15 19
15 20
14 20
15 20
16 20
16 21
17 21
16 21
16 22
15 22
15 23
14 23
14 22
13 22
12 22
12 23
12 22
12 23
13 23
14 23
15 23
15 24
15 23
15 24
14 24
15 24
14 24
14 25
13 25
13 26
12 26
13 26
13 25
12 25
11 25
11 24
10 24
11 24
11 25
11 24
11 25
12 25
11 25
10 25
10 24
10 23
10 22
10 21
10 20
10 19
10 20
10 21
11 21
12 21
12 22
12 21
12 22
11 22
12 22
12 21
12 22
11 22
10 22
10 23
11 23
10 23
11 23
11 22
11 23
10 23
10 24
10 25
11 25
12 25
11 25
12 25
13 25
13 26
14 26
13 26
12 26
12 27
11 27
11 28
10 28
9 28
9 27
8 27
8 28
7 28
7 27
6 27
6 26
5 26
5 25
6 25
5 25
5 26
6 26
5 26
4 26
5 26
5 25
5 24
6 24
5 24
6 24
6 25
6 24
5 24
4 24
4 23
4 24
4 23
4 22
4 21
5 21
6 21
5 21
6 21
6 20
7 20
7 19
8 19
7 19
7 18
7 19
7 18
6 18
6 19
7 19
7 20
6 20
7 20
8 20
7 20
6 20
5 20
6 20
7 20
8 20
8 21
