0 0
1 0
1 1
2 1
3 1
3 0
3 1
4 1
3 1
3 2
2 2
2 3
3 3
2 3
1 3
1 2
2 2
2 1
1 1
1 2
1 1
1 0
1 1
2 1
3 1
3 2
4 2
5 2
5 1
6 1
6 0
7 0
7 1
8 1
9 1
9 0
9 1
9 2
9 3
9 2
9 3
9 2
10 2
10 3
11 3
10 3
11 3
11 2
11 1
11 2
11 3
10 3
10 2
10 3
9 3
9 4
10 4
9 4
9 3
9 2
10 2
10 3
10 2
10 3
9 3
10 3
11 3
11 2
11 1
11 2
10 2
10 3
11 3
11 4
11 3
10 3
10 2
10 3
10 4
10 3
10 4
11 4
10 4
10 3
10 4
10 5
11 5
10 5
11 5
11 4
11 5
11 6
11 7
12 7
12 8
13 8
12 8
13 8
13 7
13 6
13 7
13 8
12 8
12 7
13 7
13 6
13 5
13 6
14 6
15 6
15 5
15 6
16 6
17 6
18 6
18 7
19 7
20 7
21 7
21 6
20 6
21 6
21 5
21 6
21 7
21 8
21 7
21 6
21 5
21 6
20 6
20 5
19 5
19 4
20 4
20 3
20 2
20 3
20 4
20 3
20 2
20 3
19 3
19 4
18 4
19 4
20 4
20 5
21 5
22 5
23 5
23 4
22 4
21 4
21 5
22 5
22 6
21 6
21 5
22 5
22 6
22 5
23 5
23 4
23 5
23 6
23 5
24 5
24 6
23 6
23 5
24 5
23 5
23 6
23 5
24 5
25 5
25 6
24 6
24 7
25 7
26 7
27 7
27 6
27 7
27 6
26 6
25 6
25 7
26 7
27 7
27 6
27 7
28 7
27 7
27 8
28 8
28 7
29 7
29 8
30 8
30 7
31 7
31 8
31 7
31 6
32 6
32 5
32 4
32 5
32 6
32 7
32 8
32 9
33 9
33 10
33 9
34 9
34 8
33 8
33 9
33 8
32 8
32 7
32 6
33 6
32 6
32 5
32 4
32 3
32 2
32 1
32 0
33 0
34 0
33 0
32 0
31 0
31 1
31 2
31 3
31 2
32 2
33 2
34 2
35 2
34 2
35 2
34 2
33 2
33 3
34 3
34 4
34 5
34 4
34 3
35 3
34 3
34 2
33 2
34 2
34 1
34 0
35 0
35 1
35 2
35 3
36 3
36 4
37 4
36 4
36 5
36 4
37 4
38 4
37 4
38 4
39 4
38 4
37 4
36 4
36 5
35 5
35 4
36 4
35 4
34 4
34 5
35 5
35 4
36 4
35 4
35 5
36 5
35 5
35 4
34 4
35 4
35 3
36 3
36 2
36 1
36 0
36 1
36 0
37 0
36 0
36 1
37 1
36 1
36 2
36 1
36 0
36 1
36 0
35 0
35 1
35 2
35 3
35 2
35 1
34 1
35 1
35 2
34 2
34 1
35 1
36 1
36 0
37 0
37 1
37 2
37 1
37 2
38 2
39 2
39 3
39 4
39 5
40 5
40 4
39 4
38 4
39 4
39 5
39 6
40 6
40 5
39 5
40 5
39 5
40 5
40 6
40 5
39 5
39 6
39 7
40 7
40 6
40 5
40 4
40 5
39 5
39 4
39 3
38 3
39 3
38 3
38 2
38 1
39 1
39 2
39 1
39 2
40 2
40 3
39 3
38 3
38 2
37 2
37 3
38 3
38 2
38 3
39 3
39 4
40 4
40 5
41 5
42 5
42 4
42 5
43 5
43 4
44 4
44 5
44 4
44 5
44 6
43 6
44 6
44 5
43 5
43 6
43 5
43 4
43 3
43 4
43 5
44 5
45 5
46 5
46 6
46 5
47 5
47 4
48 4
49 4
49 3
49 4
49 3
49 4
48 4
49 4
50 4
50 3
49 3
49 4
48 4
47 4
48 4
48 3
47 3
47 2
46 2
47 2
48 2
49 2
49 1
49 2
50 2
51 2
51 3
51 4
51 5
51 6
52 6
51 6
52 6
52 7
53 7
53 6
54 6
53 6
53 7
53 8
53 7
53 8
52 8
51 8
50 8
51 8
52 8
52 7
52 8
52 9
53 9
52 9
52 10
51 10
52 10
52 11
52 12
51 12
51 11
50 11
51 11
51 10
52 10
52 11
53 11
53 12
53 13
53 12
53 11
52 11
51 11
50 11
50 12
50 11
50 12
50 13
50 12
51 12
52 12
52 11
52 12
52 11
51 11
51 12
50 12
50 11
50 12
51 12
51 13
51 14
51 15
51 14
52 14
53 14
54 14
55 14
55 15
54 15
53 15
52 15
53 15
52 15
52 14
52 13
51 13
51 12
50 12
51 12
52 12
53 12
53 11
52 11
52 12
51 12
51 13
51 14
50 14
50 13
50 14
49 14
48 14
49 14
50 14
50 15
49 15
49 16
48 16
48 17
47 17
47 16
48 16
47 16
48 16
48 15
48 16
47 16
46 16
47 16
48 16
49 16
49 15
50 15
50 16
50 15
51 15
51 14
51 13
51 14
50 14
51 14
52 14
51 14
50 14
50 15
51 15
51 16
50 16
49 16
49 17
49 16
49 17
48 17
49 17
49 16
49 15
49 14
49 15
49 14
50 14
50 13
51 13
51 14
52 14
53 14
52 14
51 14
52 14
53 14
53 13
52 13
52 14
52 15
52 14
51 14
51 13
51 12
51 11
50 11
51 11
51 12
51 11
51 12
50 12
50 13
50 12
50 13
51 13
51 14
51 15
50 15
50 16
50 15
50 14
50 13
50 14
50 13
49 13
49 14
50 14
50 15
51 15
51 16
51 17
51 16
51 17
51 16
51 17
51 16
50 16
50 15
50 14
50 15
49 15
50 15
50 14
50 15
51 15
50 15
50 16
49 16
49 17
50 17
51 17
50 17
50 18
50 19
51 19
52 19
52 20
52 21
52 22
52 21
53 21
53 22
53 23
54 23
53 23
52 23
52 22
51 22
51 21
51 22
51 21
52 21
52 22
52 23
51 23
52 23
52 22
52 21
51 21
51 22
50 22
51 22
51 23
50 23
49 23
50 23
51 23
50 23
50 24
51 24
52 24
52 23
51 23
50 23
49 23
49 22
49 23
49 22
48 22
48 23
48 24
48 23
48 22
48 21
48 20
47 20
47 21
48 21
48 22
48 21
49 21
49 20
49 21
49 22
49 23
49 22
49 23
49 22
48 22
49 22
49 23
49 24
49 23
49 22
48 22
49 22
48 22
47 22
48 22
48 23
47 23
47 24
46 24
46 23
46 24
46 25
46 24
45 24
45 25
44 25
44 26
45 26
45 25
44 25
44 24
44 25
45 25
45 24
44 24
44 23
45 23
45 24
44 24
44 23
44 24
43 24
44 24
43 24
44 24
44 25
44 26
44 25
44 24
43 24
43 25
43 26
44 26
45 26
45 27
44 27
45 27
44 27
44 26
43 26
42 26
43 26
44 26
44 25
43 25
43 26
43 25
43 24
44 24
43 24
43 25
43 24
43 25
43 26
43 27
44 27
43 27
43 26
44 26
44 27
44 28
44 29
45 29
45 30
46 30
46 31
46 32
46 31
47 31
46 31
47 31
46 31
47 31
46 31
46 32
46 31
46 30
46 29
46 28
45 28
45 29
46 29
45 29
44 29
43 29
42 29
42 30
42 29
42 30
41 30
42 30
42 29
42 30
42 29
42 30
41 30
41 31
41 32
41 31
41 30
41 29
41 30
41 29
42 29
41 29
41 28
41 29
41 30
41 31
40 31
41 31
41 30
42 30
43 30
43 29
43 30
43 29
44 29
44 28
44 27
44 28
45 28
45 29
45 30
45 31
45 32
46 32
45 32
46 32
46 31
46 32
47 32
46 32
45 32
45 33
45 34
46 34
46 33
45 33
45 32
46 32
45 32
46 32
45 32
44 32
44 33
44 32
45 32
46 32
45 32
46 32
46 33
45 33
44 33
45 33
45 34
45 35
46 35
45 35
45 34
44 34
44 35
44 34
43 34
42 34
42 35
42 34
42 33
41 33
41 32
41 31
41 32
41 31
40 31
40 32
39 32
39 33
39 32
39 31
39 32
40 32
39 32
39 31
38 31
38 32
38 31
38 32
38 31
37 31
37 30
38 30
37 30
38 30
39 30
38 30
37 30
36 30
36 31
36 30
35 30
35 29
36 29
35 29
36 29
37 29
37 30
38 30
37 30
36 30
37 30
38 30
39 30
38 30
38 29
38 30
38 29
39 29
38 29
37 29
37 30
37 29
37 30
36 30
36 31
36 32
36 31
36 30
37 30
37 31
37 30
37 29
37 28
36 28
36 27
36 28
36 29
37 29
38 29
39 29
39 30
38 30
38 31
37 31
37 32
37 33
37 34
37 35
38 35
38 34
39 34
38 34
38 33
37 33
37 34
36 34
37 34
37 33
38 33
37 33
37 34
37 35
37 36
38 36
38 37
38 36
38 35
39 35
40 35
