0 0
1 0
1 1
1 2
2 2
2 1
2 0
1 0
1 1
0 1
1 1
0 1
1 1
1 2
2 2
3 2
4 2
3 2
2 2
1 2
1 3
2 3
1 3
1 2
1 3
2 3
2 2
2 1
3 1
3 0
3 1
4 1
4 0
4 1
5 1
6 1
5 1
4 1
5 1
5 0
5 1
4 1
3 1
2 1
3 1
4 1
4 0
5 0
5 1
4 1
3 1
3 0
2 0
2 1
2 0
3 0
3 1
3 0
4 0
3 0
3 1
2 1
2 0
2 1
2 2
2 1
1 1
2 1
2 0
2 1
1 1
1 0
0 0
1 0
1 1
0 1
1 1
1 0
2 0
2 1
2 0
1 0
0 0
1 0
2 0
2 1
1 1
0 1
1 1
0 1
1 1
0 1
1 1
0 1
1 1
0 1
0 0
0 1
0 2
1 2
1 1
0 1
0 0
1 0
0 0
1 0
2 0
2 1
3 1
3 2
4 2
3 2
4 2
5 2
5 1
5 0
5 1
4 1
4 0
3 0
3 1
4 1
5 1
4 1
4 0
3 0
4 0
4 1
4 0
3 0
4 0
3 0
4 0
4 1
4 0
5 0
4 0
3 0
3 1
3 0
3 1
3 0
3 1
3 2
3 1
3 2
3 3
3 4
2 4
2 5
2 4
3 4
3 3
2 3
2 2
1 2
0 2
1 2
1 3
2 3
2 2
2 3
3 3
4 3
4 2
4 1
4 0
5 0
4 0
4 1
4 0
5 0
5 1
6 1
7 1
7 2
6 2
6 3
7 3
7 4
7 5
8 5
9 5
8 5
9 5
9 6
10 6
11 6
12 6
13 6
12 6
11 6
11 5
11 4
10 4
10 5
10 6
10 7
9 7
9 8
9 9
10 9
10 8
11 8
11 7
11 6
10 6
11 6
11 5
11 6
11 7
11 8
10 8
9 8
9 7
8 7
8 6
8 7
7 7
6 7
7 7
7 8
7 7
8 7
8 6
7 6
8 6
8 7
8 6
8 7
8 6
9 6
9 5
10 5
11 5
12 5
13 5
12 5
12 6
13 6
13 5
14 5
14 6
14 5
13 5
14 5
13 5
13 4
13 5
13 4
14 4
13 4
13 3
13 4
12 4
12 3
13 3
13 4
13 5
13 4
13 5
13 6
13 5
12 5
12 4
11 4
11 5
10 5
11 5
12 5
12 6
11 6
11 7
11 8
11 9
11 8
10 8
10 7
10 8
11 8
11 9
11 10
12 10
11 10
11 11
11 12
11 11
12 11
13 11
14 11
15 11
15 10
14 10
15 10
16 10
17 10
16 10
16 9
16 10
16 9
15 9
15 8
16 8
16 9
16 8
16 9
17 9
18 9
19 9
18 9
18 8
19 8
19 7
20 7
20 8
20 9
20 10
19 10
19 11
20 11
21 11
21 12
21 13
21 14
21 13
22 13
23 13
24 13
24 12
25 12
25 13
24 13
24 12
24 13
25 13
26 13
26 14
25 14
25 15
24 15
23 15
23 14
24 14
24 13
24 12
25 12
25 11
25 12
26 12
26 11
27 11
28 11
27 11
28 11
27 11
27 10
27 11
26 11
27 11
28 11
28 12
28 11
29 11
29 10
29 11
30 11
30 10
30 11
30 12
30 13
29 13
28 13
29 13
29 14
29 15
29 16
29 17
30 17
30 16
30 17
29 17
28 17
29 17
29 18
28 18
27 18
28 18
29 18
29 17
28 17
29 17
30 17
29 17
29 18
29 19
29 20
30 20
30 19
30 20
31 20
31 21
30 21
31 21
30 21
30 22
31 22
31 23
31 22
31 21
31 20
31 19
32 19
32 20
32 21
32 20
31 20
31 21
31 22
32 22
33 22
32 22
32 21
32 22
31 22
32 22
32 23
32 24
32 25
33 25
32 25
33 25
34 25
34 24
34 25
33 25
34 25
35 25
35 24
35 23
35 24
35 23
35 24
35 23
36 23
35 23
36 23
37 23
37 22
37 21
37 22
37 23
37 24
37 23
36 23
36 22
36 23
35 23
35 22
34 22
34 23
34 24
35 24
35 23
34 23
34 24
34 25
35 25
35 26
35 27
35 26
34 26
34 27
34 26
34 25
35 25
36 25
36 24
35 24
35 23
35 24
35 23
34 23
33 23
33 24
33 23
33 22
32 22
32 21
32 20
32 19
32 18
32 19
31 19
32 19
31 19
31 20
31 21
32 21
32 22
32 21
33 21
33 22
34 22
33 22
33 23
32 23
31 23
31 24
32 24
32 25
32 24
32 23
33 23
33 24
33 23
33 24
33 25
33 26
33 27
33 28
34 28
35 28
34 28
35 28
34 28
33 28
33 29
32 29
33 29
34 29
35 29
35 30
35 29
35 30
35 31
35 32
34 32
35 32
34 32
34 33
33 33
34 33
35 33
36 33
36 32
36 31
36 32
35 32
36 32
36 31
36 30
37 30
37 29
38 29
38 30
39 30
38 30
39 30
40 30
40 31
41 31
41 30
40 30
39 30
40 30
39 30
39 29
40 29
39 29
39 30
39 29
40 29
39 29
39 30
39 31
39 32
39 33
39 34
39 33
39 34
39 33
40 33
39 33
38 33
37 33
37 34
37 33
36 33
37 33
36 33
37 33
37 34
36 34
36 33
35 33
36 33
36 32
36 31
36 32
35 32
36 32
36 33
36 34
37 34
37 33
37 34
37 35
38 35
37 35
37 36
36 36
36 35
35 35
35 36
35 35
34 35
35 35
34 35
35 35
35 34
34 34
34 35
34 34
33 34
34 34
33 34
34 34
34 33
35 33
35 32
35 33
35 34
35 35
34 35
33 35
32 35
32 34
32 33
33 33
34 33
34 32
34 33
34 32
33 32
34 32
34 31
34 30
33 30
34 30
35 30
35 29
36 29
36 30
36 31
36 32
36 33
36 32
35 32
35 31
34 31
33 31
33 32
32 32
32 33
32 32
32 33
31 33
31 32
32 32
31 32
31 33
31 32
30 32
30 33
30 34
30 33
29 33
29 32
29 31
30 31
29 31
28 31
28 32
28 33
28 34
28 33
27 33
27 34
27 35
26 35
26 36
26 35
25 35
26 35
26 36
27 36
27 37
27 36
27 37
28 37
28 36
29 36
30 36
30 37
30 36
29 36
29 35
29 34
28 34
28 35
29 35
28 35
28 36
29 36
29 35
30 35
31 35
30 35
30 36
30 35
31 35
30 35
30 34
30 35
31 35
31 34
31 35
31 34
32 34
32 35
32 34
32 35
32 36
32 35
33 35
34 35
33 35
34 35
35 35
35 34
34 34
33 34
32 34
32 35
31 35
32 35
33 35
32 35
32 36
33 36
33 35
34 35
34 34
34 33
34 32
35 32
35 33
35 34
36 34
35 34
35 33
35 34
35 33
35 34
34 34
34 33
33 33
33 34
32 34
33 34
34 34
34 35
33 35
33 36
33 37
33 38
33 37
33 36
32 36
32 35
33 35
34 35
34 34
34 35
35 35
36 35
37 35
37 36
37 35
38 35
38 36
37 36
36 36
37 36
37 35
37 34
38 34
37 34
38 34
38 35
38 34
37 34
37 35
36 35
37 35
37 34
36 34
36 35
36 34
37 34
36 34
35 34
36 34
35 34
34 34
35 34
34 34
34 35
33 35
33 36
34 36
35 36
35 35
36 35
37 35
38 35
38 34
38 35
37 35
36 35
36 36
36 35
35 35
36 35
36 34
35 34
34 34
33 34
32 34
31 34
30 34
31 34
31 35
30 35
30 34
30 35
30 34
31 34
31 33
30 33
30 32
30 33
31 33
31 34
31 35
31 36
32 36
32 37
33 37
33 38
33 37
34 37
33 37
32 37
33 37
34 37
34 36
34 35
34 36
35 36
36 36
37 36
38 36
39 36
39 35
38 35
38 34
37 34
36 34
36 35
36 36
36 35
35 35
36 35
37 35
37 36
36 36
36 37
36 36
37 36
36 36
36 37
36 36
35 36
34 36
35 36
35 35
35 36
35 35
36 35
35 35
36 35
35 35
35 34
36 34
35 34
36 34
36 35
36 34
35 34
34 34
33 34
33 35
34 35
35 35
36 35
37 35
37 34
38 34
38 35
37 35
37 34
37 33
38 33
38 32
37 32
37 31
36 31
36 30
36 31
36 32
37 32
36 32
36 33
37 33
38 33
38 32
39 32
39 33
40 33
39 33
39 34
38 34
37 34
38 34
37 34
37 33
38 33
37 33
38 33
38 32
39 32
39 31
40 31
39 31
39 30
38 30
38 29
39 29
38 29
38 30
37 30
37 31
38 31
37 31
36 31
37 31
36 31
37 31
37 32
38 32
38 31
38 30
37 30
37 29
38 29
39 29
39 28
40 28
40 29
40 30
40 31
39 31
39 32
39 31
39 30
39 31
39 32
38 32
38 31
39 31
39 30
40 30
41 30
41 31
40 31
40 30
41 30
40 30
41 30
