0 0
1 0
0 0
0 1
1 1
2 1
2 0
1 0
1 1
2 1
2 2
2 3
1 3
0 3
0 2
0 3
1 3
1 2
1 3
1 2
0 2
1 2
2 2
1 2
2 2
2 1
2 2
2 1
1 1
0 1
1 1
0 1
1 1
1 2
0 2
0 3
1 3
1 4
0 4
0 3
0 2
1 2
2 2
2 1
2 0
2 1
3 1
2 1
1 1
2 1
2 2
2 1
3 1
3 0
2 0
2 1
2 0
2 1
3 1
3 0
4 0
4 1
4 0
4 1
4 0
4 1
3 1
4 1
4 0
3 0
2 0
3 0
2 0
2 1
3 1
2 1
1 1
1 0
1 1
2 1
2 2
3 2
4 2
4 3
3 3
2 3
2 2
2 3
2 4
2 5
2 4
2 3
2 2
2 1
2 2
2 3
3 3
3 4
3 3
2 3
1 3
1 2
1 1
0 1
0 2
1 2
1 3
1 4
1 5
2 5
3 5
4 5
4 4
5 4
5 3
5 4
6 4
5 4
4 4
4 5
5 5
4 5
4 6
4 5
4 6
4 5
5 5
5 6
6 6
6 7
6 6
7 6
6 6
6 7
5 7
5 8
6 8
6 9
6 8
5 8
4 8
4 7
4 8
3 8
3 7
4 7
5 7
5 6
6 6
5 6
4 6
3 6
3 7
3 8
3 9
4 9
3 9
4 9
3 9
3 8
3 7
2 7
2 6
2 5
3 5
3 4
3 3
3 2
3 1
3 2
3 3
4 3
4 4
5 4
6 4
5 4
5 3
5 2
5 3
5 2
4 2
3 2
3 3
3 4
4 4
5 4
5 3
4 3
4 4
3 4
2 4
3 4
4 4
4 3
4 2
4 3
3 3
4 3
5 3
5 2
5 1
6 1
7 1
7 0
8 0
8 1
8 2
9 2
9 1
9 0
10 0
10 1
11 1
10 1
11 1
11 2
11 3
12 3
12 4
13 4
13 5
12 5
12 6
12 7
12 8
12 7
12 8
12 9
12 10
11 10
10 10
11 10
10 10
10 11
10 10
10 11
10 12
11 12
11 13
11 14
11 15
10 15
9 15
10 15
10 16
10 15
10 16
11 16
11 15
11 16
10 16
9 16
10 16
10 15
11 15
10 15
9 15
8 15
7 15
6 15
7 15
6 15
6 16
5 16
4 16
5 16
6 16
6 15
6 14
6 13
6 14
6 15
5 15
4 15
3 15
2 15
2 14
3 14
2 14
3 14
3 15
3 16
4 16
4 15
5 15
5 14
6 14
6 15
6 16
5 16
5 15
4 15
5 15
4 15
5 15
5 16
5 15
5 14
4 14
4 15
3 15
3 14
4 14
4 15
4 14
3 14
4 14
5 14
4 14
5 14
5 15
5 16
6 16
6 15
5 15
6 15
6 14
7 14
7 15
8 15
9 15
10 15
11 15
11 14
11 15
12 15
11 15
10 15
10 14
11 14
12 14
11 14
10 14
9 14
9 15
9 14
9 15
10 15
9 15
8 15
8 14
7 14
8 14
8 15
9 15
10 15
11 15
10 15
10 14
11 14
11 15
12 15
12 14
12 13
11 13
11 12
12 12
13 12
13 13
13 12
12 12
13 12
13 13
13 12
13 13
12 13
12 14
11 14
10 14
10 13
10 12
10 13
10 12
11 12
10 12
10 13
10 14
10 13
10 14
10 13
10 12
9 12
8 12
9 12
9 13
9 14
9 15
9 14
9 15
9 16
8 16
8 15
9 15
9 14
10 14
10 13
11 13
12 13
12 12
12 11
11 11
11 12
11 11
12 11
11 11
11 12
10 12
10 13
10 12
11 12
10 12
9 12
8 12
8 11
7 11
7 10
7 9
6 9
5 9
5 8
5 7
6 7
6 8
6 9
5 9
6 9
7 9
7 8
8 8
9 8
8 8
9 8
9 7
9 6
8 6
7 6
7 7
7 8
8 8
9 8
8 8
9 8
9 7
9 6
8 6
8 7
7 7
8 7
8 6
8 7
9 7
9 8
9 7
10 7
11 7
12 7
12 6
12 5
13 5
13 4
14 4
14 5
14 6
14 5
14 4
14 5
13 5
12 5
13 5
12 5
12 4
12 3
11 3
11 4
10 4
10 3
10 2
11 2
12 2
12 3
13 3
12 3
12 2
11 2
10 2
10 1
11 1
12 1
11 1
12 1
12 2
11 2
11 3
11 2
10 2
11 2
12 2
13 2
13 1
13 0
13 1
13 2
14 2
14 1
15 1
16 1
17 1
17 0
17 1
18 1
19 1
20 1
20 2
20 3
21 3
22 3
22 2
23 2
23 1
23 2
23 1
24 1
24 2
24 3
24 2
24 3
23 3
23 2
24 2
24 1
24 0
24 1
24 2
25 2
26 2
27 2
27 3
27 4
28 4
28 5
29 5
29 6
29 7
29 8
30 8
30 7
31 7
31 8
32 8
33 8
33 7
32 7
31 7
31 8
31 9
30 9
31 9
30 9
30 8
29 8
29 9
30 9
29 9
29 8
30 8
31 8
31 7
32 7
32 8
32 9
31 9
30 9
31 9
31 8
30 8
31 8
32 8
31 8
31 7
31 8
31 7
30 7
30 6
30 7
29 7
28 7
29 7
30 7
29 7
29 6
29 5
29 6
28 6
27 6
26 6
26 5
25 5
25 4
25 3
24 3
25 3
26 3
27 3
27 2
28 2
29 2
28 2
28 1
28 0
28 1
28 0
28 1
27 1
27 0
27 1
26 1
26 2
25 2
24 2
24 3
23 3
23 4
22 4
22 3
23 3
23 4
23 5
23 4
23 3
23 4
23 3
23 2
23 1
23 2
23 3
23 2
23 1
24 1
24 2
24 1
25 1
24 1
25 1
25 0
24 0
25 0
25 1
24 1
23 1
23 2
22 2
22 3
21 3
22 3
22 2
21 2
21 3
22 3
22 2
22 1
22 2
23 2
24 2
25 2
24 2
24 1
24 0
23 0
23 1
23 2
22 2
22 3
22 4
22 3
22 2
21 2
21 3
21 2
20 2
20 3
21 3
22 3
22 2
22 1
21 1
22 1
23 1
24 1
23 1
24 1
24 2
24 3
24 2
25 2
25 1
25 0
25 1
24 1
24 0
25 0
25 1
26 1
27 1
27 2
28 2
27 2
28 2
28 1
28 2
28 3
27 3
27 2
26 2
26 3
27 3
26 3
26 2
26 1
26 0
26 1
26 0
26 1
26 2
26 1
25 1
26 1
27 1
26 1
25 1
26 1
27 1
27 0
28 0
28 1
27 1
26 1
26 2
27 2
28 2
29 2
29 1
29 2
29 3
29 4
29 5
30 5
29 5
28 5
29 5
29 6
30 6
29 6
29 7
30 7
30 8
29 8
29 7
29 8
30 8
30 9
31 9
30 9
30 10
30 11
30 12
29 12
28 12
29 12
28 12
27 12
27 13
28 13
28 12
27 12
28 12
29 12
28 12
27 12
27 13
26 13
27 13
27 14
27 15
28 15
28 14
28 13
27 13
28 13
28 12
27 12
27 11
26 11
26 10
27 10
28 10
29 10
29 11
28 11
28 10
28 9
28 10
28 9
28 8
28 7
29 7
30 7
30 8
29 8
30 8
30 7
31 7
32 7
32 8
33 8
33 9
34 9
35 9
35 10
35 11
35 12
35 11
35 10
35 9
36 9
36 8
37 8
37 9
36 9
36 8
36 9
35 9
35 10
36 10
36 11
37 11
38 11
38 12
37 12
38 12
38 11
37 11
37 10
36 10
37 10
37 11
37 12
38 12
37 12
37 13
37 14
36 14
36 15
35 15
34 15
34 16
34 17
35 17
36 17
37 17
36 17
35 17
35 18
35 17
35 16
36 16
36 17
36 16
35 16
36 16
37 16
36 16
36 15
36 14
36 15
35 15
35 16
34 16
34 15
34 16
34 17
34 18
33 18
34 18
34 19
34 18
34 17
35 17
35 16
36 16
36 17
36 16
37 16
36 16
36 17
35 17
34 17
35 17
35 18
36 18
36 17
37 17
37 16
37 17
37 16
36 16
35 16
35 15
36 15
35 15
34 15
34 14
35 14
35 15
34 15
34 14
35 14
34 14
35 14
35 13
36 13
36 14
37 14
37 13
37 14
38 14
37 14
37 15
36 15
36 14
35 14
34 14
34 15
35 15
36 15
36 16
37 16
38 16
38 15
37 15
36 15
37 15
37 16
37 15
37 16
38 16
39 16
39 15
39 16
38 16
38 15
37 15
38 15
38 14
37 14
38 14
38 15
38 14
37 14
38 14
39 14
39 13
39 14
38 14
38 15
39 15
38 15
39 15
38 15
39 15
39 14
38 14
38 15
38 16
38 17
38 16
38 17
38 16
38 15
37 15
37 16
37 15
36 15
35 15
34 15
34 14
35 14
35 15
36 15
36 14
35 14
35 13
35 14
35 13
35 12
35 11
35 12
34 12
33 12
33 13
33 12
