0 0
0 1
1 1
0 1
1 1
0 1
0 2
0 1
1 1
1 0
1 1
0 1
0 0
1 0
1 1
1 0
1 1
2 1
2 2
2 1
2 2
2 1
1 1
0 1
1 1
1 0
2 0
1 0
1 1
2 1
2 0
2 1
1 1
1 0
1 1
1 0
0 0
0 1
0 2
0 3
1 3
1 4
2 4
2 3
3 3
3 2
4 2
4 3
5 3
6 3
7 3
7 2
7 1
6 1
6 2
7 2
6 2
5 2
4 2
3 2
2 2
3 2
3 3
3 4
2 4
2 3
3 3
2 3
2 2
1 2
1 3
1 2
2 2
1 2
1 1
1 0
1 1
0 1
1 1
1 2
1 1
2 1
2 2
2 3
3 3
4 3
4 4
3 4
4 4
5 4
4 4
4 5
4 4
5 4
6 4
7 4
6 4
6 5
6 4
6 3
6 4
7 4
7 5
7 6
7 7
8 7
9 7
10 7
9 7
9 8
9 9
9 8
10 8
9 8
9 9
9 10
10 10
10 11
9 11
9 10
9 11
9 10
9 9
9 8
9 7
9 8
9 9
10 9
9 9
10 9
10 10
11 10
11 9
10 9
11 9
11 8
12 8
11 8
12 8
11 8
11 9
10 9
10 10
10 9
11 9
11 10
12 10
13 10
13 11
12 11
11 11
11 12
12 12
12 13
12 14
13 14
13 15
13 14
13 15
14 15
15 15
14 15
13 15
12 15
13 15
13 16
14 16
14 15
15 15
14 15
14 14
14 15
14 16
15 16
15 17
16 17
16 16
16 15
16 16
17 16
17 17
17 16
17 15
17 14
18 14
19 14
18 14
19 14
19 13
19 14
18 14
18 13
18 12
18 13
18 14
17 14
17 15
18 15
18 16
18 15
17 15
17 16
17 17
17 16
17 17
17 18
16 18
16 17
16 18
16 19
15 19
15 20
14 20
14 21
14 22
14 23
14 24
14 25
15 25
15 24
14 24
14 23
13 23
14 23
14 24
15 24
15 25
14 25
14 26
14 27
13 27
13 26
12 26
12 27
13 27
13 26
14 26
14 27
14 26
15 26
14 26
13 26
14 26
15 26
15 25
15 24
15 25
14 25
14 26
14 27
13 27
14 27
14 26
15 26
15 27
15 28
16 28
17 28
16 28
15 28
15 29
16 29
15 29
14 29
14 30
15 30
16 30
16 29
16 28
17 28
17 27
17 28
18 28
18 29
18 28
18 29
17 29
17 30
18 30
18 31
17 31
18 31
19 31
20 31
20 30
19 30
19 31
20 31
20 30
21 30
21 29
21 30
21 29
21 30
21 31
21 32
22 32
22 33
22 32
23 32
23 31
22 31
22 32
22 33
21 33
21 34
21 33
20 33
19 33
18 33
18 32
18 33
18 34
18 35
18 34
17 34
17 33
18 33
19 33
20 33
21 33
20 33
21 33
20 33
20 32
21 32
20 32
19 32
18 32
18 31
17 31
17 30
16 30
15 30
14 30
14 29
13 29
13 30
12 30
12 31
13 31
13 32
12 32
13 32
13 33
14 33
14 32
13 32
13 31
12 31
12 32
13 32
14 32
15 32
16 32
15 32
16 32
17 32
17 33
16 33
16 32
15 32
16 32
16 31
17 31
16 31
15 31
15 30
15 31
15 32
15 33
16 33
16 32
16 31
15 31
15 32
16 32
15 32
14 32
14 31
14 30
15 30
16 30
15 30
14 30
15 30
15 31
15 32
15 31
15 32
15 31
16 31
16 32
16 31
16 30
16 31
17 31
18 31
18 30
18 31
18 32
18 33
18 32
19 32
20 32
20 31
20 32
20 33
20 32
20 33
20 34
19 34
20 34
21 34
22 34
23 34
24 34
24 35
25 35
25 34
25 35
24 35
23 35
22 35
21 35
22 35
22 36
22 35
23 35
22 35
23 35
23 36
23 35
22 35
21 35
21 34
21 33
21 34
20 34
19 34
19 35
19 36
19 37
19 36
19 37
19 36
20 36
21 36
22 36
22 37
21 37
20 37
21 37
22 37
22 38
22 37
22 38
23 38
23 37
23 36
22 36
21 36
20 36
20 35
20 34
19 34
18 34
19 34
18 34
18 35
18 34
18 33
18 34
18 35
18 34
19 34
18 34
18 35
18 34
18 35
18 36
17 36
18 36
19 36
19 37
18 37
19 37
19 38
20 38
20 39
19 39
19 40
19 39
19 38
19 37
20 37
20 36
20 35
19 35
20 35
19 35
20 35
20 34
20 35
20 36
20 37
19 37
20 37
21 37
22 37
23 37
23 36
22 36
23 36
22 36
23 36
24 36
25 36
26 36
26 35
26 36
26 37
27 37
27 38
28 38
29 38
30 38
31 38
31 39
32 39
33 39
33 40
34 40
33 40
34 40
34 39
33 39
34 39
34 40
34 41
34 42
34 41
35 41
34 41
34 40
35 40
35 39
35 38
35 39
35 40
35 39
35 40
35 41
36 41
37 41
38 41
38 42
38 43
38 42
38 41
38 42
39 42
38 42
38 41
38 40
37 40
38 40
39 40
40 40
40 39
40 38
39 38
39 39
40 39
40 38
40 39
39 39
39 38
40 38
39 38
40 38
39 38
38 38
37 38
38 38
39 38
39 37
38 37
39 37
39 38
40 38
41 38
42 38
43 38
44 38
43 38
44 38
45 38
45 39
44 39
43 39
42 39
43 39
44 39
45 39
45 40
45 41
44 41
44 42
45 42
45 43
44 43
43 43
42 43
42 42
41 42
41 43
40 43
41 43
42 43
42 42
43 42
44 42
43 42
44 42
43 42
43 41
42 41
42 42
41 42
41 41
41 42
41 41
41 42
40 42
40 41
41 41
42 41
41 41
42 41
43 41
43 42
42 42
41 42
42 42
42 41
42 42
42 41
42 40
43 40
43 41
43 40
43 39
42 39
42 40
42 39
41 39
41 40
41 39
40 39
40 40
41 40
42 40
41 40
40 40
39 40
40 40
41 40
40 40
40 41
40 42
39 42
39 41
38 41
38 40
37 40
37 39
36 39
35 39
35 38
35 39
36 39
36 40
37 40
38 40
38 41
38 42
38 43
39 43
39 44
38 44
38 43
37 43
37 44
36 44
37 44
36 44
36 45
35 45
35 44
34 44
34 45
34 46
33 46
32 46
32 45
32 46
32 45
32 46
32 45
31 45
30 45
30 44
30 45
30 44
31 44
32 44
32 45
31 45
32 45
32 44
32 43
33 43
34 43
33 43
34 43
34 44
34 45
33 45
34 45
33 45
33 44
34 44
33 44
33 45
34 45
34 46
35 46
34 46
34 47
34 48
35 48
34 48
34 47
34 48
33 48
33 49
32 49
32 48
31 48
30 48
30 49
30 48
30 47
31 47
31 46
30 46
30 47
30 48
31 48
31 49
32 49
32 50
32 51
32 50
33 50
33 51
33 52
33 53
34 53
34 54
34 55
35 55
35 56
36 56
35 56
35 57
35 58
36 58
37 58
37 57
36 57
37 57
38 57
38 56
38 55
37 55
37 56
36 56
37 56
37 57
37 58
37 59
37 60
38 60
38 59
38 60
38 59
37 59
38 59
38 60
38 59
38 58
37 58
36 58
37 58
37 57
37 58
36 58
36 59
36 60
35 60
35 61
36 61
35 61
35 60
36 60
37 60
37 61
38 61
38 62
39 62
38 62
37 62
36 62
37 62
37 61
38 61
38 62
38 63
38 62
37 62
36 62
36 63
36 62
35 62
35 61
34 61
34 62
34 61
34 62
35 62
35 63
35 62
34 62
35 62
36 62
36 61
36 62
36 61
36 60
35 60
35 61
34 61
35 61
35 62
36 62
35 62
35 63
35 62
35 63
35 62
35 63
35 64
35 65
36 65
35 65
35 64
34 64
33 64
33 65
34 65
34 66
34 67
33 67
34 67
34 68
35 68
34 68
33 68
34 68
33 68
34 68
33 68
33 67
33 66
33 65
34 65
34 64
34 65
35 65
36 65
37 65
36 65
36 64
36 65
35 65
35 66
35 67
34 67
33 67
33 68
34 68
34 69
33 69
33 68
32 68
32 69
31 69
32 69
33 69
32 69
31 69
31 68
31 67
31 66
32 66
33 66
33 67
33 66
33 65
33 64
32 64
31 64
31 63
31 62
30 62
30 61
31 61
30 61
29 61
29 62
30 62
29 62
30 62
31 62
31 61
31 62
31 63
32 63
32 64
32 63
32 64
32 65
32 64
32 63
31 63
32 63
33 63
33 64
34 64
34 63
34 64
34 63
33 63
32 63
33 63
32 63
31 63
31 62
32 62
31 62
31 63
31 62
30 62
30 63
31 63
32 63
32 62
31 62
30 62
31 62
31 63
32 63
33 63
34 63
33 63
34 63
33 63
33 62
34 62
34 61
34 62
34 61
34 62
34 63
34 62
35 62
35 63
34 63
34 62
33 62
33 61
32 61
33 61
33 62
33 61
33 62
34 62
34 61
