0 0
0 1
1 1
1 0
1 1
0 1
0 0
0 1
0 2
0 3
0 4
1 4
1 5
2 5
3 5
3 4
4 4
4 5
4 4
4 5
4 4
5 4
5 5
5 6
5 5
5 6
6 6
7 6
8 6
7 6
8 6
7 6
6 6
7 6
6 6
5 6
5 7
5 8
4 8
5 8
5 7
5 6
6 6
5 6
5 5
5 4
6 4
5 4
6 4
6 3
6 2
6 1
6 2
6 3
6 2
5 2
5 3
4 3
4 4
4 5
5 5
6 5
6 6
6 5
5 5
5 6
5 5
5 6
5 5
6 5
5 5
6 5
7 5
7 6
8 6
9 6
9 5
8 5
7 5
7 4
7 5
7 6
8 6
8 5
8 6
8 5
8 6
7 6
8 6
7 6
7 7
7 8
7 7
7 6
7 5
7 6
7 7
6 7
6 8
6 7
7 7
7 8
8 8
8 9
7 9
7 10
6 10
5 10
4 10
5 10
5 9
5 10
5 11
6 11
7 11
7 10
7 9
7 10
8 10
8 11
9 11
8 11
9 11
8 11
8 12
8 11
8 10
8 9
7 9
8 9
9 9
9 10
10 10
9 10
9 11
8 11
8 12
8 13
9 13
9 12
8 12
8 11
8 10
7 10
7 9
8 9
7 9
7 8
8 8
9 8
9 7
9 8
10 8
11 8
12 8
12 7
12 8
12 9
12 10
11 10
12 10
11 10
11 11
12 11
12 12
11 12
12 12
11 12
10 12
10 13
10 12
10 11
10 10
9 10
9 9
10 9
10 8
10 9
9 9
9 8
9 9
10 9
9 9
9 10
9 9
8 9
8 8
7 8
8 8
7 8
6 8
5 8
6 8
6 9
6 8
6 7
5 7
5 6
6 6
6 5
7 5
8 5
7 5
6 5
7 5
7 6
7 5
7 6
7 5
6 5
7 5
7 4
7 3
7 4
6 4
7 4
6 4
6 5
7 5
7 6
7 5
8 5
9 5
8 5
8 6
7 6
7 7
7 8
6 8
6 9
7 9
7 8
8 8
8 7
8 6
7 6
7 5
6 5
6 4
6 5
6 4
6 5
5 5
5 6
5 7
5 8
5 9
5 8
4 8
3 8
3 9
2 9
3 9
4 9
3 9
4 9
4 10
4 9
5 9
4 9
4 8
4 7
4 8
5 8
5 7
5 6
4 6
4 7
4 8
3 8
2 8
2 9
3 9
4 9
5 9
5 8
5 7
6 7
5 7
5 6
5 5
5 4
5 3
5 2
5 1
4 1
3 1
2 1
2 0
2 1
3 1
3 0
3 1
4 1
3 1
2 1
2 0
2 1
3 1
3 0
3 1
3 2
2 2
2 1
2 2
2 3
2 4
2 5
3 5
4 5
4 4
5 4
4 4
3 4
4 4
3 4
4 4
3 4
4 4
4 3
3 3
2 3
1 3
1 2
1 1
0 1
1 1
0 1
0 0
0 1
0 0
0 1
0 2
1 2
1 1
1 0
0 0
0 1
0 0
0 1
0 0
0 1
0 2
1 2
0 2
1 2
1 1
1 2
0 2
0 1
0 2
0 3
0 2
1 2
2 2
1 2
2 2
2 3
1 3
2 3
3 3
3 2
2 2
1 2
2 2
3 2
4 2
4 3
3 3
4 3
5 3
6 3
6 4
6 3
7 3
6 3
6 4
6 5
5 5
5 4
4 4
4 5
4 6
3 6
3 7
3 8
3 9
4 9
5 9
5 10
5 11
5 10
5 11
6 11
6 10
6 9
6 8
6 9
7 9
7 10
7 11
8 11
9 11
10 11
10 10
9 10
10 10
11 10
11 11
12 11
11 11
11 10
11 11
12 11
11 11
12 11
13 11
14 11
15 11
15 12
16 12
16 13
15 13
15 12
15 13
15 12
16 12
16 13
16 14
15 14
16 14
15 14
15 13
16 13
17 13
18 13
17 13
17 12
17 11
17 10
17 11
18 11
18 10
18 11
18 12
19 12
20 12
21 12
21 11
21 10
20 10
20 9
20 10
20 11
20 12
20 13
20 14
21 14
22 14
21 14
21 13
21 14
22 14
22 15
22 14
22 15
21 15
20 15
21 15
22 15
21 15
20 15
19 15
20 15
21 15
21 14
21 15
21 14
20 14
20 13
20 14
19 14
19 15
19 16
19 15
20 15
20 14
21 14
21 13
22 13
21 13
20 13
20 12
19 12
18 12
19 12
19 11
19 12
20 12
20 13
20 14
21 14
22 14
22 15
21 15
21 14
21 15
22 15
22 14
22 15
23 15
22 15
22 14
21 14
21 13
22 13
21 13
21 14
21 15
21 16
22 16
22 15
21 15
21 14
21 15
22 15
23 15
24 15
25 15
24 15
24 14
24 15
25 15
25 16
25 15
26 15
25 15
25 16
24 16
23 16
23 15
23 14
23 13
23 14
23 13
24 13
23 13
23 12
23 13
24 13
23 13
24 13
24 12
24 11
24 10
25 10
24 10
25 10
24 10
24 9
24 10
24 11
23 11
23 12
22 12
22 13
22 12
21 12
20 12
20 13
20 14
20 15
20 14
21 14
21 15
20 15
21 15
21 16
21 17
22 17
21 17
21 18
21 17
21 18
21 19
22 19
23 19
23 20
23 21
23 20
24 20
24 19
23 19
22 19
22 20
23 20
24 20
24 21
25 21
25 22
25 21
25 20
25 21
25 22
26 22
25 22
26 22
27 22
27 21
27 22
27 21
27 20
27 19
28 19
28 18
28 17
27 17
27 18
27 17
26 17
25 17
24 17
24 18
23 18
22 18
22 19
22 20
22 21
23 21
24 21
24 22
23 22
23 21
23 22
24 22
23 22
22 22
22 21
22 22
22 21
22 20
23 20
23 21
23 20
24 20
23 20
22 20
22 19
21 19
20 19
21 19
21 20
20 20
21 20
21 19
21 20
20 20
20 19
21 19
22 19
23 19
23 20
23 19
23 20
23 21
23 22
23 23
23 22
23 21
23 22
24 22
25 22
25 21
25 20
26 20
26 19
25 19
26 19
27 19
28 19
28 18
27 18
27 17
28 17
29 17
29 16
30 16
29 16
29 15
30 15
30 14
30 15
30 14
30 15
29 15
28 15
29 15
30 15
30 16
30 17
29 17
30 17
29 17
29 18
29 17
28 17
28 18
27 18
27 19
27 18
27 17
27 18
27 17
27 18
27 19
26 19
25 19
25 18
25 19
25 18
26 18
26 19
26 18
26 19
26 20
25 20
25 19
25 20
25 19
25 20
25 21
25 22
26 22
25 22
25 21
26 21
26 22
26 21
25 21
25 20
25 19
25 20
24 20
24 19
25 19
25 18
26 18
26 19
25 19
25 20
26 20
27 20
27 19
27 18
27 17
26 17
25 17
26 17
25 17
25 18
25 19
24 19
24 18
24 19
24 18
23 18
24 18
24 19
25 19
25 20
26 20
26 19
26 18
27 18
28 18
27 18
28 18
29 18
29 19
28 19
28 20
27 20
27 19
28 19
28 20
27 20
28 20
28 21
29 21
29 20
29 19
29 20
28 20
28 21
28 22
29 22
29 21
28 21
27 21
27 22
28 22
29 22
30 22
30 23
29 23
29 22
29 23
30 23
30 22
30 23
29 23
30 23
31 23
30 23
30 24
29 24
29 25
29 24
29 25
29 26
29 27
29 28
30 28
30 27
30 28
30 27
29 27
28 27
27 27
27 26
27 27
26 27
26 26
25 26
26 26
27 26
27 25
26 25
26 26
26 27
25 27
24 27
23 27
23 26
22 26
22 25
22 24
21 24
21 23
20 23
20 24
20 25
21 25
21 24
20 24
19 24
19 25
20 25
19 25
19 26
19 27
19 28
19 29
18 29
17 29
16 29
16 28
15 28
15 29
15 30
14 30
13 30
13 29
12 29
12 28
13 28
13 29
12 29
13 29
13 30
13 29
14 29
15 29
15 30
15 31
15 30
16 30
16 31
17 31
17 30
16 30
16 29
15 29
14 29
14 28
14 27
13 27
13 26
14 26
14 27
15 27
14 27
14 28
14 27
15 27
16 27
16 28
16 29
16 28
16 27
16 28
17 28
17 29
17 28
16 28
16 29
17 29
17 30
17 31
18 31
17 31
18 31
17 31
18 31
18 32
18 31
17 31
17 30
18 30
18 31
18 30
18 31
17 31
18 31
19 31
18 31
18 30
18 29
17 29
17 30
18 30
17 30
18 30
18 29
19 29
19 30
19 29
18 29
17 29
18 29
18 30
18 31
19 31
20 31
20 32
19 32
19 33
19 32
20 32
20 31
19 31
19 32
19 33
20 33
20 34
20 33
21 33
21 32
20 32
20 31
20 32
21 32
21 33
21 32
21 31
21 30
22 30
22 31
21 31
20 31
20 32
20 33
19 33
20 33
21 33
20 33
19 33
19 34
20 34
21 34
22 34
23 34
22 34
21 34
20 34
20 35
20 36
19 36
18 36
18 37
