0 0
0 1
0 0
1 0
1 1
1 2
0 2
1 2
0 2
0 1
1 1
1 2
1 1
0 1
0 0
0 1
1 1
1 0
2 0
1 0
1 1
2 1
1 1
1 0
1 1
1 0
1 1
1 0
1 1
2 1
2 0
2 1
2 2
2 1
1 1
2 1
2 0
2 1
2 2
2 3
1 3
1 2
0 2
0 3
1 3
1 4
1 5
1 4
1 3
1 4
0 4
0 3
1 3
2 3
3 3
2 3
2 2
1 2
0 2
0 3
1 3
1 4
1 3
2 3
1 3
2 3
3 3
3 2
3 1
4 1
4 0
4 1
5 1
4 1
4 2
5 2
5 1
4 1
4 0
5 0
5 1
5 2
4 2
4 1
3 1
3 2
4 2
4 1
4 0
5 0
5 1
5 2
5 3
5 4
5 5
6 5
6 4
5 4
4 4
4 3
5 3
6 3
7 3
7 2
7 1
8 1
7 1
7 0
7 1
6 1
6 2
6 1
5 1
5 0
5 1
4 1
5 1
5 2
5 3
5 2
5 1
6 1
5 1
4 1
4 2
4 3
4 4
4 3
4 2
4 1
3 1
2 1
3 1
3 2
3 1
3 2
2 2
2 3
2 4
3 4
3 3
2 3
2 2
3 2
2 2
2 3
3 3
4 3
5 3
4 3
4 2
3 2
3 3
3 2
3 3
3 2
2 2
3 2
4 2
4 1
5 1
5 2
6 2
5 2
4 2
5 2
5 3
5 2
6 2
7 2
7 3
7 2
8 2
8 1
7 1
7 0
6 0
6 1
7 1
8 1
8 0
8 1
8 0
7 0
7 1
8 1
7 1
8 1
8 0
8 1
7 1
8 1
9 1
8 1
8 2
7 2
7 3
7 2
8 2
9 2
9 1
9 0
9 1
10 1
10 2
10 1
11 1
12 1
13 1
14 1
14 0
15 0
15 1
15 0
16 0
16 1
15 1
15 2
14 2
13 2
12 2
12 1
13 1
13 2
12 2
13 2
14 2
15 2
15 3
15 2
14 2
14 1
15 1
16 1
17 1
17 0
16 0
16 1
15 1
15 0
14 0
14 1
14 0
13 0
14 0
13 0
14 0
14 1
13 1
13 0
14 0
14 1
14 0
13 0
13 1
12 1
12 0
11 0
11 1
11 0
10 0
9 0
8 0
7 0
7 1
7 2
7 1
7 0
7 1
7 2
8 2
9 2
9 1
9 2
9 1
10 1
9 1
8 1
8 0
8 1
8 2
7 2
6 2
6 1
6 0
5 0
4 0
3 0
3 1
4 1
5 1
5 2
4 2
4 3
3 3
3 4
3 3
2 3
3 3
4 3
4 2
4 1
3 1
3 2
2 2
2 3
3 3
2 3
2 2
2 3
3 3
2 3
2 2
2 3
3 3
3 4
4 4
4 3
4 2
4 3
4 4
3 4
3 3
3 2
2 2
3 2
4 2
5 2
5 3
4 3
5 3
5 2
6 2
5 2
5 3
5 4
6 4
5 4
5 5
4 5
4 4
4 5
3 5
4 5
5 5
5 4
4 4
4 5
3 5
4 5
3 5
3 6
2 6
2 7
2 6
2 7
2 8
3 8
3 9
2 9
2 10
1 10
2 10
2 9
2 10
1 10
1 9
1 10
0 10
0 11
0 10
0 9
0 8
0 7
1 7
1 6
2 6
3 6
2 6
3 6
4 6
3 6
2 6
2 7
1 7
1 6
1 7
0 7
1 7
2 7
1 7
0 7
0 8
0 9
1 9
1 8
0 8
1 8
1 7
1 8
2 8
2 9
1 9
1 8
2 8
2 9
2 10
2 11
2 10
2 9
3 9
2 9
1 9
1 8
0 8
0 9
1 9
0 9
1 9
0 9
0 10
0 11
0 10
0 9
0 8
0 7
1 7
2 7
1 7
2 7
1 7
0 7
0 6
1 6
1 5
1 6
1 5
1 6
1 7
2 7
3 7
4 7
4 6
5 6
4 6
4 5
3 5
3 4
4 4
4 3
4 4
4 5
4 4
3 4
3 5
3 6
3 5
3 6
4 6
4 7
5 7
6 7
5 7
5 8
5 7
5 6
5 5
5 4
4 4
4 5
4 6
5 6
6 6
6 7
5 7
6 7
7 7
6 7
5 7
4 7
3 7
3 8
3 9
3 10
2 10
2 11
2 12
2 13
1 13
1 14
0 14
0 13
0 14
1 14
2 14
2 13
1 13
1 14
1 15
1 16
2 16
2 17
1 17
1 18
0 18
1 18
1 19
1 20
0 20
1 20
0 20
1 20
1 21
2 21
2 22
3 22
4 22
3 22
3 21
3 22
4 22
4 21
5 21
4 21
4 22
3 22
3 21
4 21
5 21
4 21
4 22
5 22
6 22
7 22
7 21
7 20
7 21
6 21
6 22
7 22
6 22
6 21
6 20
6 19
5 19
6 19
7 19
6 19
6 18
7 18
8 18
7 18
7 19
6 19
5 19
5 20
4 20
5 20
4 20
5 20
5 21
5 20
6 20
6 19
6 20
6 19
6 18
7 18
8 18
9 18
9 17
10 17
10 18
10 19
10 20
10 21
11 21
12 21
12 22
13 22
12 22
11 22
11 21
11 20
11 19
11 20
11 19
10 19
9 19
9 20
9 21
9 22
9 21
9 22
9 23
9 22
10 22
10 21
10 22
10 23
10 24
9 24
10 24
9 24
9 23
9 22
8 22
8 23
8 24
8 25
7 25
6 25
6 26
7 26
6 26
6 27
6 26
6 25
5 25
4 25
4 26
4 25
5 25
5 26
6 26
5 26
5 25
6 25
7 25
8 25
8 24
8 25
8 26
8 25
9 25
9 26
10 26
11 26
11 27
10 27
10 28
10 29
11 29
10 29
11 29
12 29
12 28
11 28
11 27
11 26
12 26
13 26
13 27
12 27
11 27
12 27
12 26
12 27
13 27
14 27
14 26
13 26
12 26
13 26
13 27
12 27
11 27
10 27
11 27
12 27
12 28
13 28
14 28
14 27
14 28
14 29
14 28
13 28
12 28
12 27
12 28
12 27
11 27
12 27
12 26
12 25
12 26
11 26
11 25
12 25
12 24
12 23
11 23
11 22
11 23
10 23
10 24
9 24
9 23
9 22
8 22
7 22
6 22
6 23
7 23
8 23
8 22
8 23
8 22
9 22
8 22
8 23
8 22
9 22
10 22
9 22
8 22
8 23
7 23
8 23
9 23
10 23
9 23
8 23
8 24
9 24
8 24
8 25
8 26
9 26
10 26
10 27
11 27
10 27
10 28
10 27
10 28
9 28
9 29
9 30
10 30
11 30
11 29
10 29
9 29
9 30
9 29
9 30
9 29
10 29
9 29
10 29
9 29
9 30
9 29
8 29
9 29
10 29
10 28
9 28
9 29
8 29
8 30
8 31
9 31
8 31
7 31
7 32
8 32
8 33
7 33
7 32
8 32
8 33
8 34
8 33
7 33
7 34
7 35
6 35
6 36
5 36
6 36
7 36
6 36
6 35
7 35
6 35
7 35
8 35
8 34
8 33
7 33
7 32
7 33
7 34
7 35
8 35
7 35
7 36
8 36
7 36
7 35
6 35
5 35
4 35
4 36
4 35
4 36
4 35
3 35
3 34
4 34
3 34
3 35
3 34
4 34
5 34
5 33
4 33
4 32
5 32
6 32
5 32
6 32
6 33
7 33
6 33
7 33
8 33
8 34
7 34
7 33
7 32
8 32
8 31
8 30
9 30
8 30
8 29
8 30
7 30
7 31
8 31
7 31
8 31
8 30
9 30
8 30
9 30
10 30
10 31
9 31
9 32
9 31
9 32
9 31
9 32
8 32
8 31
8 32
9 32
8 32
8 31
7 31
7 30
8 30
7 30
6 30
5 30
6 30
7 30
8 30
7 30
6 30
7 30
7 29
7 30
7 29
8 29
7 29
6 29
6 30
7 30
6 30
6 29
5 29
5 30
6 30
6 29
6 28
7 28
8 28
7 28
7 29
8 29
8 30
9 30
9 31
8 31
9 31
10 31
11 31
11 30
12 30
13 30
13 31
14 31
14 32
14 31
15 31
16 31
16 30
17 30
18 30
19 30
20 30
21 30
21 29
22 29
22 30
22 31
22 30
21 30
20 30
19 30
20 30
20 31
20 32
21 32
21 31
21 30
20 30
19 30
19 29
20 29
20 28
19 28
19 29
20 29
20 30
21 30
21 31
21 32
20 32
20 31
21 31
22 31
22 32
22 31
22 30
22 29
23 29
22 29
22 28
21 28
20 28
21 28
20 28
20 27
19 27
19 26
19 25
18 25
18 24
17 24
16 24
16 25
15 25
15 26
15 27
16 27
15 27
15 28
14 28
14 29
14 28
14 29
14 30
15 30
16 30
16 29
17 29
17 30
16 30
16 29
15 29
14 29
15 29
14 29
14 30
14 31
14 32
13 32
14 32
14 31
13 31
14 31
14 30
14 29
