0 0
0 1
0 0
1 0
1 1
0 1
1 1
1 2
1 1
1 2
1 3
0 3
0 4
1 4
2 4
1 4
1 3
1 4
2 4
2 3
2 2
2 1
1 1
1 0
1 1
2 1
1 1
2 1
1 1
1 0
1 1
2 1
2 2
2 1
2 0
2 1
2 0
3 0
3 1
4 1
4 0
4 1
4 2
5 2
5 3
5 4
6 4
6 3
6 2
6 3
7 3
8 3
7 3
8 3
7 3
7 4
7 3
6 3
6 2
6 3
6 4
6 5
5 5
6 5
6 6
6 7
5 7
6 7
5 7
5 8
6 8
6 9
7 9
7 10
7 9
6 9
5 9
5 8
5 7
4 7
4 8
4 7
3 7
3 6
3 5
3 6
3 5
3 6
3 7
3 6
3 7
3 6
4 6
3 6
3 5
3 4
4 4
3 4
3 5
3 6
3 5
4 5
4 6
5 6
5 5
4 5
4 4
4 5
3 5
4 5
3 5
2 5
1 5
1 4
1 5
0 5
1 5
1 4
1 3
1 2
2 2
1 2
2 2
3 2
2 2
1 2
2 2
2 1
2 0
2 1
2 0
2 1
3 1
3 0
3 1
3 2
3 1
3 0
3 1
3 0
3 1
4 1
4 0
4 1
4 0
5 0
6 0
5 0
6 0
6 1
5 1
4 1
4 0
4 1
4 0
4 1
4 0
4 1
4 2
4 3
5 3
4 3
4 4
4 5
3 5
4 5
3 5
3 4
3 5
2 5
2 4
2 5
1 5
0 5
1 5
1 6
0 6
0 7
0 8
0 9
0 10
0 9
1 9
1 10
2 10
3 10
3 11
4 11
3 11
3 12
3 11
3 12
3 11
3 10
2 10
2 9
1 9
1 8
1 9
1 10
1 9
0 9
0 8
0 9
1 9
2 9
1 9
1 8
1 7
1 6
2 6
3 6
4 6
5 6
5 7
5 8
5 9
5 10
5 9
4 9
5 9
6 9
7 9
8 9
8 10
9 10
10 10
10 11
10 10
11 10
11 11
10 11
10 12
10 13
9 13
9 14
9 15
9 14
9 13
8 13
9 13
9 14
10 14
9 14
10 14
11 14
10 14
10 13
10 12
10 11
11 11
12 11
13 11
12 11
12 10
12 11
11 11
11 12
11 13
12 13
12 12
12 13
12 12
11 12
10 12
11 12
11 13
11 12
11 13
12 13
13 13
13 12
12 12
11 12
11 13
11 12
11 13
12 13
13 13
13 12
13 13
12 13
13 13
13 12
13 13
13 14
12 14
13 14
12 14
13 14
13 15
12 15
13 15
13 16
13 17
14 17
14 18
15 18
16 18
16 17
17 17
17 18
16 18
16 19
15 19
16 19
16 18
15 18
14 18
13 18
13 19
13 20
13 21
14 21
14 20
13 20
14 20
14 21
14 22
14 21
13 21
13 20
12 20
12 21
12 22
11 22
11 23
12 23
12 22
13 22
13 21
12 21
12 22
13 22
13 21
12 21
12 22
12 23
11 23
11 24
12 24
12 23
11 23
11 22
12 22
12 21
13 21
13 20
13 19
13 20
12 20
13 20
13 21
13 20
14 20
15 20
15 21
14 21
14 22
13 22
13 23
13 22
14 22
14 23
14 22
14 21
14 20
14 21
15 21
15 22
15 23
14 23
14 24
15 24
15 25
15 26
14 26
14 27
13 27
14 27
14 28
14 27
14 28
14 27
13 27
13 26
13 25
12 25
12 26
12 25
13 25
13 26
13 25
13 26
13 25
12 25
12 24
13 24
12 24
11 24
11 23
11 22
12 22
11 22
11 21
11 22
10 22
11 22
10 22
11 22
12 22
12 23
12 22
12 21
13 21
14 21
13 21
13 22
13 21
14 21
14 22
14 21
14 22
14 23
14 24
13 24
13 25
13 26
12 26
11 26
11 25
10 25
11 25
11 24
11 25
12 25
12 24
11 24
12 24
12 25
13 25
14 25
14 26
14 27
13 27
13 26
13 27
13 26
13 25
13 24
13 23
12 23
12 24
12 25
12 26
13 26
14 26
14 25
14 26
15 26
15 25
14 25
14 26
15 26
16 26
15 26
15 27
15 28
15 27
15 26
15 27
15 28
15 29
15 28
15 29
16 29
16 28
15 28
14 28
13 28
12 28
12 27
12 26
11 26
10 26
10 27
11 27
12 27
12 28
11 28
10 28
11 28
11 27
11 26
11 25
10 25
10 26
11 26
12 26
11 26
11 27
11 26
10 26
10 27
10 28
10 27
9 27
9 28
10 28
10 27
11 27
10 27
10 26
9 26
9 27
8 27
7 27
7 26
7 25
7 26
7 27
6 27
5 27
4 27
5 27
5 28
5 27
6 27
7 27
7 28
8 28
7 28
7 27
8 27
9 27
9 28
9 29
9 30
9 31
9 30
10 30
9 30
9 29
8 29
9 29
10 29
9 29
9 30
10 30
10 31
11 31
10 31
11 31
11 30
11 29
11 30
11 29
12 29
13 29
14 29
14 30
14 29
13 29
14 29
13 29
13 28
14 28
14 29
13 29
12 29
13 29
13 28
13 27
14 27
15 27
15 26
14 26
14 25
13 25
12 25
11 25
10 25
10 26
11 26
12 26
11 26
11 27
11 28
11 27
11 26
11 25
11 26
12 26
12 25
13 25
13 26
13 25
12 25
12 24
13 24
12 24
12 25
11 25
10 25
10 24
9 24
9 23
9 22
9 21
8 21
8 20
8 21
9 21
9 22
9 23
9 22
8 22
8 23
9 23
9 22
8 22
7 22
8 22
9 22
9 21
10 21
10 20
11 20
10 20
11 20
11 19
11 18
11 19
12 19
11 19
11 18
11 19
12 19
12 20
13 20
13 21
13 22
13 21
13 20
13 19
13 18
14 18
13 18
13 19
13 18
14 18
14 17
14 16
14 15
15 15
14 15
14 16
14 15
15 15
15 14
15 15
15 14
15 13
15 14
15 13
15 14
15 13
15 14
16 14
16 15
15 15
15 16
14 16
13 16
13 15
13 16
14 16
14 15
14 14
15 14
15 15
14 15
15 15
16 15
16 16
15 16
16 16
17 16
16 16
15 16
16 16
16 17
15 17
14 17
15 17
15 16
15 17
15 18
15 17
15 16
15 17
14 17
13 17
13 16
14 16
14 17
15 17
16 17
15 17
14 17
13 17
13 18
12 18
11 18
11 17
12 17
12 18
12 19
13 19
12 19
12 18
12 19
11 19
12 19
11 19
11 20
11 21
11 20
11 21
11 20
12 20
12 21
11 21
12 21
11 21
11 20
11 19
12 19
12 18
12 17
13 17
13 16
13 15
13 14
13 15
14 15
14 14
14 13
14 12
15 12
15 13
14 13
14 12
13 12
14 12
14 13
14 14
13 14
13 15
13 16
13 15
12 15
12 16
12 15
12 16
13 16
14 16
13 16
13 17
14 17
15 17
15 16
16 16
16 15
16 14
16 13
17 13
17 14
17 15
17 14
17 15
17 14
18 14
18 13
18 14
17 14
17 13
16 13
16 12
15 12
15 11
15 10
15 11
14 11
14 12
13 12
13 13
14 13
14 12
15 12
14 12
14 11
14 12
14 11
14 12
13 12
14 12
14 11
15 11
15 12
15 11
14 11
14 12
14 13
14 14
15 14
16 14
15 14
15 13
15 14
15 13
16 13
15 13
15 14
15 13
14 13
14 12
14 11
14 12
14 11
15 11
15 10
15 9
16 9
16 8
15 8
15 7
16 7
16 8
17 8
16 8
16 9
17 9
17 8
16 8
16 7
17 7
16 7
16 6
17 6
16 6
15 6
15 5
16 5
17 5
17 4
17 5
16 5
17 5
17 4
16 4
16 3
15 3
15 2
14 2
14 3
14 2
14 1
14 2
14 1
13 1
14 1
13 1
13 2
13 1
14 1
15 1
15 2
16 2
16 3
17 3
17 2
16 2
16 1
15 1
15 2
15 1
15 2
16 2
17 2
17 3
18 3
18 2
18 3
19 3
20 3
20 2
21 2
21 3
21 4
21 5
20 5
21 5
21 4
20 4
20 5
21 5
22 5
22 6
21 6
21 5
22 5
22 6
21 6
21 7
21 6
22 6
23 6
24 6
24 5
24 4
24 3
24 2
23 2
22 2
22 3
23 3
24 3
24 2
24 1
24 2
25 2
24 2
24 3
25 3
24 3
24 4
24 5
24 6
24 5
23 5
23 6
23 7
23 6
24 6
25 6
26 6
26 5
27 5
27 4
26 4
25 4
25 3
25 4
25 5
25 4
24 4
25 4
26 4
26 5
26 4
26 5
27 5
26 5
26 4
26 5
26 6
26 5
25 5
25 4
26 4
26 5
26 6
25 6
24 6
24 7
25 7
25 6
25 5
26 5
26 6
27 6
26 6
25 6
26 6
25 6
25 5
25 6
25 7
26 7
27 7
27 8
27 9
26 9
26 10
27 10
27 11
28 11
28 12
29 12
