0 0
1 0
2 0
1 0
1 1
1 2
2 2
1 2
1 1
0 1
0 2
1 2
2 2
2 3
2 2
2 1
2 2
1 2
0 2
0 3
0 2
1 2
2 2
3 2
4 2
4 1
4 0
5 0
5 1
5 0
5 1
5 0
5 1
5 2
5 1
6 1
5 1
5 0
4 0
4 1
5 1
4 1
4 0
4 1
3 1
4 1
4 0
3 0
2 0
2 1
1 1
1 2
2 2
2 1
3 1
3 2
2 2
3 2
2 2
2 1
2 2
1 2
1 1
2 1
2 0
2 1
3 1
4 1
3 1
2 1
2 0
2 1
2 2
1 2
0 2
1 2
2 2
1 2
1 3
2 3
2 2
3 2
3 1
2 1
1 1
2 1
1 1
2 1
2 0
2 1
2 0
2 1
1 1
1 2
0 2
0 1
0 0
1 0
1 1
1 0
2 0
3 0
4 0
4 1
4 0
4 1
4 0
5 0
6 0
6 1
6 2
6 3
5 3
5 4
5 3
6 3
5 3
4 3
3 3
2 3
2 2
1 2
1 1
2 1
3 1
3 0
4 0
3 0
3 1
3 0
3 1
3 0
3 1
4 1
3 1
2 1
2 2
2 1
2 0
3 0
3 1
3 2
3 3
3 2
3 1
2 1
2 2
1 2
1 3
0 3
0 2
1 2
2 2
2 1
1 1
0 1
0 0
0 1
1 1
1 0
0 0
0 1
1 1
0 1
1 1
1 0
1 1
2 1
1 1
1 0
1 1
2 1
1 1
1 0
2 0
3 0
4 0
5 0
5 1
6 1
7 1
7 2
6 2
5 2
5 3
5 4
5 5
5 6
6 6
6 5
6 4
5 4
5 5
4 5
3 5
2 5
1 5
2 5
2 4
2 5
2 4
2 5
2 6
2 7
2 8
2 7
2 8
1 8
1 9
2 9
1 9
1 10
2 10
2 9
3 9
3 8
2 8
2 7
3 7
4 7
5 7
5 8
5 7
6 7
5 7
6 7
7 7
8 7
7 7
7 8
7 9
6 9
7 9
7 10
7 9
6 9
7 9
8 9
8 10
8 9
9 9
9 10
10 10
9 10
9 11
8 11
8 10
8 9
7 9
6 9
5 9
5 8
6 8
6 9
6 8
6 9
6 10
6 11
7 11
6 11
5 11
6 11
7 11
7 10
8 10
8 9
8 8
8 9
9 9
9 10
8 10
9 10
9 9
9 10
8 10
8 11
9 11
10 11
11 11
11 12
11 11
11 12
11 11
10 11
11 11
12 11
12 10
13 10
13 11
13 12
14 12
14 11
15 11
16 11
17 11
17 12
17 13
16 13
15 13
14 13
15 13
15 12
15 13
14 13
13 13
12 13
12 12
11 12
11 13
11 14
12 14
11 14
11 13
12 13
13 13
13 14
14 14
14 13
14 12
14 11
13 11
13 12
12 12
13 12
13 13
12 13
12 14
12 13
12 14
12 15
12 14
12 15
11 15
10 15
9 15
10 15
11 15
12 15
11 15
11 14
12 14
12 15
12 14
12 13
13 13
13 14
13 15
13 14
12 14
12 15
12 14
12 15
12 16
13 16
13 17
13 16
13 15
13 14
14 14
14 13
15 13
14 13
14 12
15 12
15 13
15 14
16 14
17 14
16 14
16 13
17 13
17 14
17 13
18 13
18 14
19 14
19 13
19 14
20 14
20 13
20 14
19 14
19 15
20 15
20 14
20 15
21 15
21 16
20 16
20 15
19 15
18 15
19 15
19 14
19 15
20 15
20 14
20 15
21 15
21 16
22 16
22 17
23 17
23 16
24 16
24 17
24 16
24 15
24 14
23 14
24 14
24 13
24 12
24 11
23 11
23 12
24 12
23 12
24 12
23 12
23 13
24 13
24 14
24 15
24 16
24 15
24 16
25 16
25 15
24 15
24 14
25 14
25 13
26 13
27 13
26 13
26 14
27 14
26 14
25 14
24 14
23 14
23 13
22 13
21 13
20 13
20 14
20 15
21 15
20 15
20 14
19 14
19 13
19 12
19 11
18 11
19 11
19 10
19 9
20 9
20 10
20 9
20 8
20 9
21 9
21 10
22 10
23 10
22 10
22 9
22 10
23 10
23 11
23 12
23 11
24 11
24 12
23 12
24 12
24 11
24 10
24 9
24 8
24 9
23 9
24 9
24 10
25 10
25 11
25 10
26 10
27 10
27 11
27 12
26 12
26 13
27 13
26 13
25 13
26 13
27 13
27 14
27 15
26 15
26 14
27 14
27 15
27 16
27 15
26 15
25 15
26 15
27 15
26 15
26 16
26 15
27 15
27 16
27 15
27 14
27 13
26 13
27 13
26 13
25 13
26 13
27 13
26 13
26 12
27 12
26 12
25 12
24 12
25 12
25 11
25 12
26 12
27 12
27 11
27 10
26 10
26 9
26 10
26 9
26 8
26 7
26 6
27 6
27 7
28 7
29 7
29 6
28 6
27 6
27 7
27 8
26 8
27 8
28 8
29 8
30 8
30 9
30 10
29 10
30 10
30 11
31 11
31 10
31 9
31 10
31 11
30 11
29 11
28 11
27 11
26 11
26 12
26 11
27 11
26 11
26 10
26 11
26 12
27 12
27 11
28 11
28 10
29 10
29 9
30 9
31 9
31 8
31 7
30 7
30 8
31 8
31 7
31 8
30 8
31 8
30 8
29 8
28 8
28 7
27 7
27 6
27 5
27 6
26 6
27 6
27 5
26 5
26 6
26 5
26 6
26 5
26 4
26 5
27 5
26 5
27 5
27 6
26 6
26 7
26 6
26 7
27 7
27 6
27 5
26 5
26 6
27 6
27 5
28 5
27 5
27 6
28 6
27 6
26 6
27 6
27 5
28 5
29 5
29 4
29 3
29 2
30 2
30 3
30 4
29 4
30 4
29 4
30 4
30 5
30 6
29 6
30 6
30 7
29 7
30 7
29 7
28 7
28 6
28 7
29 7
29 8
30 8
29 8
28 8
27 8
27 9
26 9
26 10
26 11
27 11
27 12
27 11
27 10
27 9
27 8
28 8
28 7
28 8
28 9
29 9
29 10
29 11
30 11
31 11
32 11
32 12
32 11
33 11
32 11
31 11
31 12
31 11
31 10
32 10
32 9
32 10
31 10
32 10
32 11
32 10
32 11
31 11
31 12
30 12
29 12
29 13
29 14
30 14
29 14
29 15
30 15
30 16
29 16
29 15
29 16
28 16
27 16
27 15
27 16
26 16
25 16
25 15
25 16
25 15
24 15
25 15
24 15
25 15
25 16
25 17
25 18
25 17
24 17
24 18
23 18
22 18
22 19
22 18
23 18
24 18
24 19
25 19
24 19
25 19
26 19
26 18
26 19
27 19
27 18
26 18
27 18
28 18
27 18
26 18
26 19
25 19
25 20
26 20
26 21
25 21
25 20
25 19
25 18
25 17
25 16
25 15
24 15
24 14
23 14
23 15
24 15
23 15
23 16
23 17
24 17
24 18
24 17
24 18
24 19
25 19
24 19
24 18
23 18
22 18
21 18
20 18
19 18
19 19
18 19
18 18
18 17
17 17
18 17
17 17
17 16
16 16
17 16
17 15
17 16
17 15
16 15
16 14
15 14
15 13
16 13
17 13
18 13
18 14
17 14
16 14
16 13
17 13
17 14
17 15
17 16
17 17
17 16
17 15
16 15
16 14
16 13
16 12
17 12
18 12
18 11
17 11
17 12
16 12
16 13
17 13
17 12
16 12
17 12
17 13
18 13
18 14
18 15
17 15
17 14
17 15
17 16
17 15
18 15
18 14
18 13
17 13
17 12
18 12
17 12
18 12
19 12
20 12
21 12
20 12
19 12
20 12
20 13
21 13
20 13
19 13
19 12
19 11
20 11
19 11
20 11
20 10
20 11
20 12
19 12
18 12
19 12
18 12
18 11
18 10
18 11
18 12
19 12
20 12
19 12
19 13
18 13
18 12
17 12
17 13
17 12
17 11
17 12
16 12
17 12
18 12
19 12
18 12
17 12
16 12
17 12
18 12
18 13
19 13
18 13
17 13
17 14
18 14
18 15
18 16
18 17
17 17
17 16
17 15
16 15
16 14
16 15
17 15
17 14
17 15
16 15
16 16
17 16
18 16
19 16
18 16
18 15
18 14
18 13
19 13
19 12
18 12
17 12
17 11
17 12
17 11
16 11
17 11
17 12
17 13
17 14
17 15
17 14
16 14
16 13
15 13
15 12
14 12
14 13
13 13
13 14
12 14
11 14
12 14
11 14
10 14
9 14
9 13
8 13
8 14
7 14
6 14
5 14
6 14
5 14
5 15
4 15
4 16
3 16
2 16
3 16
3 15
3 14
4 14
3 14
4 14
5 14
5 15
5 16
6 16
7 16
7 15
6 15
6 16
6 15
6 16
6 17
6 18
6 17
7 17
8 17
8 18
7 18
7 19
7 20
7 21
8 21
7 21
8 21
8 22
9 22
