0 0
0 1
1 1
2 1
1 1
0 1
1 1
1 0
1 1
1 2
1 1
1 0
0 0
0 1
0 0
1 0
1 1
2 1
2 2
2 3
2 4
3 4
4 4
4 5
4 4
3 4
2 4
2 5
1 5
1 6
1 5
2 5
2 6
2 5
2 4
1 4
2 4
1 4
0 4
1 4
0 4
0 3
0 4
0 3
0 2
0 3
0 4
0 3
0 2
0 1
1 1
1 2
1 3
2 3
2 2
2 3
1 3
0 3
1 3
1 2
2 2
1 2
1 3
1 2
2 2
2 3
2 4
1 4
1 5
0 5
1 5
1 4
1 3
1 4
0 4
1 4
2 4
3 4
2 4
2 5
1 5
1 4
1 5
2 5
1 5
0 5
0 6
0 7
0 6
1 6
1 7
1 8
1 7
1 8
2 8
2 9
3 9
3 10
3 9
3 10
2 10
1 10
2 10
2 9
3 9
3 10
4 10
4 9
5 9
5 10
5 9
5 10
6 10
6 11
6 12
5 12
5 13
5 14
5 13
5 14
4 14
5 14
4 14
5 14
6 14
6 13
6 12
7 12
8 12
9 12
10 12
10 11
10 12
9 12
10 12
10 13
10 14
10 13
10 12
11 12
11 13
12 13
12 14
12 15
13 15
13 16
12 16
11 16
11 15
10 15
10 14
9 14
10 14
11 14
11 13
10 13
10 14
10 15
10 16
9 16
10 16
10 15
11 15
11 14
12 14
12 13
12 14
12 15
12 14
12 13
13 13
14 13
15 13
15 14
15 13
14 13
14 14
14 13
14 14
14 15
14 14
14 13
13 13
13 14
14 14
14 15
13 15
14 15
15 15
16 15
16 16
17 16
17 17
17 16
16 16
16 15
16 16
15 16
16 16
17 16
17 17
17 18
17 19
17 18
16 18
16 19
17 19
16 19
16 18
16 17
17 17
17 18
17 19
18 19
18 18
18 17
18 16
18 17
17 17
18 17
18 16
19 16
19 17
19 16
20 16
20 17
19 17
18 17
17 17
18 17
18 18
18 17
18 18
18 19
18 20
18 19
18 20
18 21
19 21
19 22
20 22
21 22
22 22
22 21
22 22
23 22
23 23
22 23
22 22
22 21
21 21
21 20
22 20
22 21
21 21
21 22
21 21
22 21
21 21
21 22
20 22
19 22
19 23
19 24
19 25
19 26
18 26
19 26
19 25
19 26
20 26
19 26
18 26
18 27
18 28
17 28
16 28
16 29
16 28
16 29
16 28
17 28
18 28
17 28
16 28
17 28
16 28
16 29
17 29
17 28
16 28
16 27
15 27
14 27
14 28
14 27
14 28
14 27
14 26
14 27
15 27
16 27
16 26
17 26
16 26
17 26
16 26
15 26
15 27
15 26
15 27
15 26
16 26
15 26
16 26
15 26
16 26
15 26
14 26
14 25
15 25
15 26
14 26
15 26
15 27
14 27
13 27
12 27
13 27
13 26
13 27
14 27
14 26
13 26
13 25
13 26
13 27
13 26
13 27
13 26
12 26
11 26
10 26
11 26
12 26
12 27
12 26
12 25
11 25
11 26
12 26
11 26
11 25
10 25
11 25
12 25
11 25
12 25
12 26
12 25
12 26
12 25
11 25
11 24
10 24
10 23
11 23
10 23
11 23
12 23
13 23
14 23
14 24
15 24
14 24
13 24
12 24
11 24
11 23
11 22
11 23
11 24
11 25
12 25
12 26
12 25
13 25
12 25
11 25
12 25
13 25
13 24
13 23
13 24
14 24
15 24
15 25
16 25
16 26
17 26
17 27
17 26
17 25
17 26
18 26
17 26
17 25
17 24
18 24
18 23
18 22
18 21
18 22
18 23
17 23
17 24
16 24
16 23
16 24
15 24
15 25
15 24
15 23
15 22
15 21
14 21
13 21
13 22
13 21
14 21
13 21
14 21
14 20
15 20
15 19
15 20
14 20
14 19
14 18
13 18
13 19
12 19
12 20
11 20
12 20
13 20
13 19
14 19
13 19
12 19
12 18
11 18
12 18
12 19
12 18
11 18
11 17
11 16
11 17
11 18
11 17
12 17
13 17
13 18
13 19
13 20
13 21
12 21
11 21
11 20
11 21
11 20
11 19
12 19
12 18
13 18
12 18
12 19
11 19
11 20
10 20
10 19
9 19
9 20
9 21
9 20
9 19
9 18
8 18
8 19
8 18
8 17
8 18
8 19
8 20
7 20
6 20
6 21
5 21
6 21
6 20
6 19
5 19
5 18
5 19
5 20
5 21
4 21
4 20
3 20
2 20
2 21
2 20
3 20
3 21
3 20
3 19
4 19
5 19
4 19
4 18
3 18
3 19
3 20
2 20
2 19
2 18
3 18
2 18
3 18
3 19
3 18
3 17
3 18
3 19
3 18
4 18
4 19
3 19
4 19
4 18
4 17
4 18
4 17
4 16
4 17
3 17
2 17
3 17
3 18
2 18
3 18
3 17
4 17
3 17
3 18
3 19
3 18
3 19
3 20
3 21
3 22
2 22
2 23
1 23
2 23
2 22
2 21
2 20
3 20
3 19
2 19
1 19
1 18
1 19
2 19
2 18
2 17
2 16
2 15
2 16
2 17
2 16
3 16
4 16
4 15
3 15
2 15
3 15
4 15
4 16
3 16
2 16
1 16
0 16
0 17
1 17
1 18
2 18
1 18
0 18
0 17
0 18
0 17
0 16
1 16
1 15
1 14
2 14
2 13
2 14
2 13
3 13
3 14
4 14
5 14
5 15
5 14
5 13
6 13
6 12
6 13
6 14
6 15
6 14
6 15
5 15
6 15
6 16
7 16
7 15
7 14
6 14
6 13
6 12
5 12
4 12
3 12
3 11
3 12
2 12
2 11
2 10
1 10
1 11
0 11
1 11
1 12
1 11
0 11
0 10
0 11
0 10
0 11
1 11
1 12
0 12
0 13
1 13
2 13
2 14
2 15
2 16
2 17
3 17
4 17
4 16
3 16
3 17
3 18
2 18
3 18
3 19
3 18
2 18
3 18
3 19
2 19
1 19
1 18
0 18
1 18
0 18
0 19
1 19
1 18
0 18
1 18
2 18
2 19
2 18
2 19
3 19
4 19
4 20
5 20
4 20
4 21
4 20
4 21
5 21
5 22
5 23
4 23
3 23
3 24
3 23
4 23
4 24
4 23
4 22
3 22
3 21
4 21
4 22
5 22
4 22
5 22
5 23
5 22
6 22
5 22
6 22
7 22
7 23
7 24
7 23
7 24
8 24
8 25
8 26
8 25
8 24
8 25
8 24
7 24
8 24
8 25
9 25
9 24
8 24
8 25
9 25
9 26
10 26
9 26
9 25
8 25
8 26
8 27
7 27
7 26
8 26
8 27
8 28
9 28
9 29
8 29
8 30
8 29
8 28
8 27
7 27
8 27
8 28
8 29
9 29
9 28
10 28
11 28
11 29
10 29
10 28
9 28
9 27
9 26
10 26
10 25
10 26
11 26
11 25
10 25
11 25
10 25
11 25
10 25
11 25
10 25
9 25
8 25
8 26
8 27
8 28
8 29
9 29
9 30
9 31
9 32
9 31
8 31
9 31
8 31
8 30
8 29
7 29
6 29
7 29
6 29
7 29
7 30
8 30
8 29
8 28
8 29
7 29
7 30
7 31
7 32
6 32
6 31
7 31
7 30
8 30
9 30
9 29
9 28
9 27
8 27
7 27
7 26
7 25
7 24
8 24
9 24
10 24
10 23
10 24
10 25
10 24
10 25
10 24
10 23
10 24
9 24
8 24
8 25
8 24
9 24
9 23
9 24
8 24
7 24
6 24
7 24
7 25
6 25
6 24
6 23
5 23
4 23
4 24
4 25
4 24
4 23
5 23
5 22
5 23
6 23
7 23
8 23
8 24
8 23
8 22
8 23
7 23
6 23
7 23
7 24
7 25
8 25
7 25
6 25
6 24
6 23
7 23
7 24
7 25
7 26
7 27
6 27
6 28
6 29
6 30
6 29
5 29
5 28
5 27
4 27
5 27
5 28
5 29
5 28
6 28
6 27
6 26
5 26
6 26
6 25
7 25
6 25
6 26
6 25
6 24
7 24
6 24
5 24
4 24
4 25
4 24
5 24
5 23
6 23
6 24
7 24
7 25
8 25
7 25
6 25
6 26
6 27
7 27
8 27
9 27
9 26
9 25
9 24
10 24
10 23
11 23
12 23
13 23
13 22
12 22
12 21
12 20
12 21
12 22
12 23
11 23
11 22
10 22
11 22
12 22
11 22
11 21
12 21
12 22
13 22
12 22
13 22
13 23
13 24
12 24
12 23
12 24
13 24
12 24
11 24
10 24
9 24
8 24
8 25
8 24
9 24
9 23
8 23
7 23
8 23
9 23
9 24
9 25
8 25
8 26
9 26
9 27
9 26
9 25
9 26
9 25
8 25
9 25
9 26
8 26
8 25
9 25
8 25
9 25
9 26
8 26
8 25
