0 0
1 0
0 0
1 0
2 0
1 0
1 1
1 2
1 3
1 4
0 4
0 3
1 3
2 3
2 2
1 2
0 2
1 2
1 3
0 3
1 3
2 3
1 3
2 3
2 4
3 4
3 5
4 5
5 5
5 6
4 6
5 6
6 6
6 5
5 5
5 4
4 4
4 3
4 2
5 2
5 3
5 4
5 5
5 6
5 5
5 6
5 5
4 5
4 4
5 4
5 5
5 4
4 4
4 3
5 3
6 3
6 2
5 2
4 2
5 2
6 2
6 3
6 4
7 4
7 5
7 4
7 3
8 3
7 3
6 3
7 3
6 3
7 3
6 3
6 4
6 5
6 4
5 4
6 4
6 3
6 4
7 4
7 5
6 5
5 5
4 5
4 6
3 6
2 6
2 5
3 5
3 4
3 3
3 2
3 3
3 2
3 1
3 0
3 1
4 1
4 2
4 1
4 0
5 0
5 1
4 1
4 2
5 2
6 2
7 2
8 2
8 1
8 2
9 2
8 2
8 3
9 3
10 3
10 4
10 5
9 5
9 4
9 3
10 3
9 3
9 4
9 3
8 3
8 2
7 2
8 2
7 2
8 2
8 3
9 3
9 2
9 1
9 2
9 3
9 2
8 2
7 2
7 1
8 1
8 2
8 3
8 4
8 3
8 4
8 3
8 2
7 2
7 3
6 3
6 2
6 3
6 4
6 3
6 2
5 2
5 3
4 3
3 3
3 4
2 4
3 4
3 3
2 3
2 2
2 3
1 3
1 2
0 2
1 2
0 2
0 1
0 2
1 2
2 2
2 3
1 3
2 3
1 3
2 3
1 3
1 4
0 4
0 5
1 5
2 5
2 6
2 7
3 7
2 7
2 8
3 8
4 8
3 8
4 8
4 7
4 6
3 6
3 7
3 8
3 7
4 7
5 7
5 8
4 8
5 8
6 8
7 8
7 7
8 7
9 7
9 8
9 7
9 6
9 7
9 6
8 6
8 5
8 4
8 3
8 2
8 1
8 0
7 0
7 1
7 0
6 0
6 1
5 1
5 2
5 1
5 2
6 2
6 1
5 1
4 1
5 1
4 1
3 1
4 1
4 0
4 1
3 1
3 0
4 0
4 1
3 1
3 2
2 2
2 1
2 2
2 1
2 2
3 2
3 3
3 2
3 3
4 3
4 2
5 2
6 2
6 1
6 2
5 2
4 2
4 3
4 2
5 2
5 1
5 2
5 3
5 2
4 2
3 2
3 3
2 3
1 3
1 4
1 5
1 6
0 6
0 7
1 7
2 7
2 8
2 9
2 10
2 11
1 11
1 10
1 11
1 12
2 12
1 12
0 12
0 13
0 12
1 12
1 11
1 12
1 13
1 14
2 14
2 13
3 13
3 12
3 13
4 13
4 12
5 12
5 11
5 12
4 12
3 12
4 12
4 13
4 12
4 13
5 13
5 14
6 14
6 15
5 15
4 15
3 15
4 15
5 15
6 15
6 14
6 13
5 13
4 13
5 13
6 13
5 13
5 12
6 12
5 12
4 12
5 12
5 11
4 11
3 11
3 12
3 13
3 14
3 13
2 13
2 12
2 11
2 10
1 10
1 9
1 10
1 9
1 10
0 10
1 10
0 10
0 11
1 11
1 12
0 12
0 13
1 13
0 13
1 13
1 14
2 14
2 15
2 16
2 15
3 15
4 15
4 16
3 16
4 16
4 17
5 17
4 17
4 16
3 16
2 16
3 16
3 15
3 14
2 14
1 14
0 14
0 13
0 12
1 12
0 12
1 12
2 12
3 12
2 12
2 13
3 13
3 14
3 13
2 13
1 13
1 14
1 15
2 15
2 14
1 14
0 14
0 15
1 15
0 15
0 14
1 14
1 13
2 13
3 13
3 14
3 13
3 14
2 14
2 15
2 14
2 15
3 15
2 15
1 15
2 15
3 15
2 15
1 15
1 14
2 14
2 15
3 15
3 16
3 17
4 17
5 17
5 16
5 15
6 15
7 15
8 15
8 16
9 16
9 15
8 15
9 15
9 16
9 17
10 17
11 17
12 17
13 17
12 17
13 17
13 18
13 19
14 19
14 20
14 19
14 20
14 19
14 20
15 20
15 19
16 19
16 18
16 19
17 19
17 18
16 18
16 19
16 18
15 18
16 18
16 19
15 19
16 19
17 19
17 18
18 18
19 18
19 17
19 18
20 18
20 17
20 18
21 18
21 19
21 18
21 19
21 18
20 18
21 18
21 17
20 17
20 18
19 18
18 18
18 17
19 17
18 17
17 17
17 16
17 15
17 16
18 16
18 15
19 15
19 16
19 15
20 15
20 16
21 16
21 15
21 16
22 16
23 16
23 17
22 17
22 16
23 16
23 17
23 18
23 19
23 20
24 20
23 20
23 19
23 20
23 21
23 22
23 23
23 24
23 25
22 25
22 26
23 26
23 25
22 25
22 26
23 26
22 26
22 25
22 24
23 24
23 23
23 24
23 23
23 22
23 23
23 24
22 24
23 24
23 25
24 25
23 25
23 26
23 25
24 25
24 24
24 23
23 23
23 22
23 21
22 21
22 20
22 19
22 20
21 20
21 19
22 19
22 18
23 18
23 17
23 16
22 16
21 16
21 17
21 16
21 15
21 16
20 16
20 17
19 17
18 17
17 17
17 16
18 16
17 16
17 15
17 14
17 15
17 14
17 15
17 14
17 15
16 15
16 16
16 17
17 17
17 18
17 19
17 20
16 20
15 20
15 19
15 18
15 17
16 17
16 18
15 18
15 17
15 18
15 19
14 19
15 19
16 19
16 18
15 18
15 19
14 19
14 20
13 20
13 19
14 19
13 19
13 18
13 17
14 17
14 16
13 16
13 15
13 16
12 16
12 17
11 17
11 18
12 18
12 17
13 17
13 16
14 16
14 17
15 17
16 17
16 16
17 16
17 15
18 15
18 14
18 15
19 15
19 14
19 13
20 13
20 12
20 13
21 13
22 13
23 13
23 14
23 15
23 16
24 16
23 16
23 15
23 14
23 13
23 12
24 12
24 11
24 12
24 11
24 12
24 13
24 14
24 13
24 14
24 15
24 16
25 16
25 15
26 15
27 15
26 15
27 15
27 16
27 17
26 17
26 16
26 15
25 15
24 15
25 15
25 16
25 15
24 15
25 15
26 15
26 14
26 13
25 13
25 12
25 11
24 11
25 11
25 10
24 10
24 11
24 12
24 13
23 13
23 14
23 15
22 15
22 14
21 14
22 14
21 14
21 15
21 14
21 13
20 13
20 14
19 14
20 14
21 14
21 15
21 16
22 16
23 16
23 17
24 17
25 17
24 17
24 16
23 16
24 16
23 16
24 16
23 16
22 16
23 16
23 17
24 17
25 17
24 17
24 16
24 15
24 14
25 14
26 14
25 14
25 15
25 16
26 16
25 16
24 16
24 15
23 15
23 14
23 13
23 14
23 15
24 15
24 16
25 16
25 17
26 17
27 17
28 17
28 18
27 18
27 17
27 18
28 18
27 18
28 18
28 19
28 20
28 19
28 18
27 18
26 18
27 18
27 19
27 18
27 17
27 18
26 18
26 19
26 20
27 20
27 19
27 20
27 19
27 20
28 20
28 21
28 22
27 22
28 22
28 23
28 24
27 24
27 23
27 24
26 24
26 23
26 24
27 24
26 24
27 24
26 24
26 25
27 25
27 24
27 25
28 25
29 25
29 24
29 25
30 25
31 25
30 25
30 24
30 23
29 23
30 23
30 24
31 24
31 25
30 25
31 25
30 25
30 24
30 25
30 26
31 26
31 25
31 26
31 25
31 24
32 24
32 23
33 23
33 22
32 22
31 22
31 23
30 23
29 23
29 22
29 21
29 20
29 21
28 21
28 20
27 20
27 19
27 20
27 19
27 20
27 21
26 21
27 21
27 22
27 21
27 20
27 21
28 21
28 22
27 22
28 22
28 21
28 22
28 23
29 23
28 23
29 23
29 24
30 24
30 25
30 24
29 24
28 24
28 25
28 24
28 23
27 23
27 24
27 23
27 24
27 25
26 25
26 24
25 24
25 23
25 24
25 23
26 23
27 23
28 23
28 24
28 25
28 24
28 23
27 23
27 22
28 22
29 22
30 22
29 22
30 22
29 22
29 21
28 21
28 20
28 21
28 22
29 22
30 22
30 23
30 22
30 21
30 20
31 20
31 21
31 22
32 22
31 22
31 23
32 23
31 23
30 23
30 22
29 22
29 23
29 24
28 24
28 23
29 23
29 24
29 23
29 24
29 23
28 23
28 24
28 25
28 26
28 27
28 28
27 28
26 28
26 27
27 27
28 27
28 28
27 28
27 27
26 27
26 26
26 25
27 25
26 25
25 25
26 25
27 25
27 26
26 26
26 25
25 25
24 25
24 24
23 24
24 24
25 24
25 25
25 24
25 23
25 22
26 22
26 23
26 22
27 22
27 21
27 22
26 22
26 21
26 20
27 20
26 20
25 20
