0 0
1 0
2 0
2 1
1 1
1 0
0 0
0 1
0 2
1 2
1 3
1 4
1 3
1 2
2 2
1 2
2 2
3 2
2 2
1 2
2 2
3 2
3 1
3 0
3 1
4 1
5 1
5 2
6 2
6 3
5 3
6 3
7 3
7 2
7 3
8 3
7 3
7 4
7 5
8 5
8 4
8 5
7 5
7 4
7 3
7 2
7 3
6 3
7 3
7 2
7 1
7 2
8 2
9 2
10 2
10 3
11 3
10 3
11 3
10 3
10 4
11 4
11 3
12 3
12 4
12 3
13 3
13 2
13 3
14 3
13 3
14 3
14 4
14 3
15 3
15 4
15 3
15 4
14 4
15 4
15 3
14 3
13 3
13 4
12 4
13 4
13 3
13 2
12 2
13 2
13 3
13 4
12 4
11 4
12 4
12 3
11 3
11 4
12 4
12 5
12 4
13 4
13 3
12 3
12 2
12 1
11 1
11 0
10 0
10 1
10 2
11 2
12 2
11 2
11 3
12 3
13 3
14 3
15 3
14 3
14 2
13 2
13 3
13 4
12 4
13 4
13 5
14 5
15 5
14 5
15 5
15 6
16 6
17 6
16 6
17 6
17 7
16 7
16 8
15 8
16 8
15 8
15 9
14 9
14 10
14 11
14 12
15 12
14 12
14 13
13 13
14 13
15 13
15 12
14 12
15 12
15 13
15 12
15 13
15 14
15 15
16 15
16 16
15 16
15 17
14 17
14 18
15 18
15 19
16 19
17 19
18 19
18 20
17 20
18 20
19 20
18 20
18 21
18 20
19 20
19 21
20 21
21 21
22 21
22 22
23 22
23 21
22 21
22 20
21 20
21 19
21 18
22 18
22 17
23 17
24 17
25 17
25 18
25 17
26 17
26 16
26 15
25 15
25 14
26 14
25 14
25 13
24 13
25 13
25 12
26 12
26 13
27 13
27 14
28 14
28 13
28 12
28 13
27 13
27 14
27 13
27 12
27 13
26 13
26 14
27 14
27 13
27 14
27 13
27 14
26 14
25 14
25 15
25 16
24 16
24 17
23 17
23 18
23 19
23 18
22 18
21 18
21 19
20 19
20 20
20 21
19 21
20 21
19 21
20 21
20 22
20 21
20 20
20 19
20 20
21 20
20 20
19 20
19 19
20 19
21 19
20 19
20 20
20 19
20 18
20 19
20 18
19 18
19 17
18 17
18 16
18 15
18 16
18 17
18 18
18 19
19 19
20 19
21 19
21 20
20 20
20 21
20 20
21 20
21 21
21 22
21 23
21 24
21 25
20 25
21 25
22 25
21 25
21 24
21 25
21 24
21 23
21 22
22 22
23 22
24 22
23 22
24 22
24 21
24 22
23 22
24 22
23 22
22 22
23 22
23 23
23 24
24 24
25 24
26 24
25 24
25 23
25 24
26 24
25 24
26 24
26 23
25 23
24 23
24 24
24 23
23 23
24 23
25 23
25 24
25 25
24 25
24 24
24 23
23 23
23 24
23 23
22 23
22 22
21 22
21 21
21 20
21 19
21 18
22 18
22 19
23 19
23 18
23 17
23 18
23 17
23 16
24 16
24 15
23 15
23 16
23 17
23 16
23 15
23 16
23 17
24 17
24 18
24 17
24 16
25 16
25 15
26 15
26 16
27 16
27 15
28 15
28 16
28 17
29 17
30 17
31 17
30 17
29 17
28 17
29 17
29 16
29 17
28 17
28 16
28 15
28 16
29 16
29 17
28 17
28 18
29 18
29 19
29 20
29 19
29 18
30 18
30 19
30 20
29 20
29 19
29 18
29 17
29 16
30 16
31 16
30 16
29 16
30 16
30 17
30 18
30 19
30 18
29 18
28 18
27 18
27 17
26 17
26 16
27 16
28 16
29 16
28 16
27 16
27 17
27 16
27 17
27 18
27 19
27 20
26 20
26 21
25 21
26 21
26 20
26 19
27 19
28 19
27 19
27 18
28 18
28 19
27 19
27 20
27 19
26 19
27 19
27 20
28 20
29 20
29 19
29 18
29 17
30 17
30 18
30 17
31 17
31 18
31 19
31 20
30 20
29 20
29 19
30 19
30 20
29 20
29 19
29 20
30 20
29 20
29 21
28 21
27 21
27 22
28 22
28 23
28 24
28 25
29 25
29 26
29 25
30 25
29 25
29 26
30 26
30 25
30 26
31 26
31 27
31 26
30 26
30 27
30 26
30 25
29 25
29 26
29 25
28 25
29 25
29 26
29 27
29 28
29 29
30 29
30 28
30 29
30 30
29 30
30 30
30 31
29 31
29 32
28 32
28 31
28 32
28 31
27 31
27 32
27 33
28 33
27 33
28 33
28 34
28 35
29 35
28 35
27 35
27 36
26 36
26 35
25 35
25 36
24 36
25 36
26 36
27 36
27 37
26 37
26 38
26 37
26 38
26 37
26 38
26 37
26 36
26 37
26 36
26 37
25 37
25 38
25 39
25 40
25 39
25 40
25 41
26 41
27 41
28 41
28 40
28 39
27 39
27 40
26 40
27 40
27 41
27 40
27 39
28 39
28 38
29 38
29 39
30 39
30 38
29 38
29 37
29 38
30 38
30 39
30 40
31 40
31 41
31 40
31 41
30 41
29 41
30 41
30 42
29 42
30 42
30 43
30 42
30 41
31 41
31 40
31 41
30 41
30 42
30 41
29 41
28 41
29 41
29 40
29 39
29 40
29 41
28 41
27 41
28 41
29 41
28 41
28 40
28 39
29 39
29 40
29 39
30 39
30 40
30 41
31 41
31 40
32 40
32 39
32 38
32 37
31 37
32 37
32 38
33 38
34 38
35 38
35 37
35 38
35 39
35 40
36 40
37 40
37 39
37 38
38 38
39 38
40 38
40 37
40 38
40 39
39 39
38 39
38 40
39 40
39 41
38 41
39 41
38 41
38 40
39 40
38 40
38 41
39 41
40 41
40 40
40 39
39 39
39 40
39 41
38 41
37 41
37 42
37 43
36 43
35 43
35 42
34 42
34 41
34 42
34 43
35 43
35 42
35 43
35 42
35 41
34 41
34 40
35 40
34 40
33 40
32 40
32 39
32 40
32 39
32 38
31 38
31 39
32 39
32 40
33 40
33 39
32 39
33 39
33 38
33 37
34 37
33 37
32 37
32 36
32 35
33 35
33 34
34 34
34 35
33 35
33 34
34 34
33 34
32 34
33 34
34 34
35 34
35 35
35 34
35 35
35 34
36 34
35 34
36 34
36 35
36 34
35 34
35 33
36 33
36 32
35 32
36 32
36 31
35 31
34 31
34 32
35 32
35 33
36 33
35 33
36 33
36 32
35 32
34 32
35 32
34 32
33 32
33 33
32 33
33 33
33 34
33 33
33 34
32 34
32 35
33 35
33 34
33 35
33 36
32 36
33 36
32 36
33 36
33 35
33 36
33 37
32 37
32 36
31 36
31 35
31 34
31 35
31 36
32 36
33 36
34 36
35 36
36 36
36 35
37 35
37 34
38 34
37 34
36 34
37 34
38 34
38 35
39 35
39 34
39 35
39 34
40 34
41 34
41 35
41 34
41 35
42 35
43 35
43 36
44 36
45 36
45 35
44 35
44 36
45 36
44 36
44 35
43 35
43 36
42 36
43 36
43 35
43 36
44 36
44 37
45 37
46 37
46 38
46 37
47 37
46 37
46 36
45 36
45 35
45 34
44 34
44 35
43 35
43 36
43 37
44 37
44 38
45 38
45 39
45 40
46 40
47 40
46 40
46 39
46 40
47 40
47 39
47 40
47 41
47 40
47 41
46 41
46 40
46 39
46 40
46 39
46 38
45 38
45 37
45 36
45 37
45 38
45 39
45 40
45 41
45 40
44 40
45 40
45 41
45 42
45 41
44 41
43 41
43 40
42 40
42 39
42 40
41 40
40 40
41 40
41 41
41 42
40 42
41 42
41 43
42 43
42 44
43 44
43 45
43 44
43 43
44 43
45 43
45 44
45 45
45 46
45 45
45 46
44 46
44 45
43 45
43 46
44 46
44 47
43 47
42 47
41 47
42 47
42 46
42 47
43 47
43 46
43 47
44 47
44 46
44 47
44 46
44 47
45 47
46 47
46 46
45 46
45 45
44 45
43 45
42 45
41 45
42 45
43 45
43 44
43 43
42 43
42 44
42 43
43 43
42 43
43 43
42 43
42 42
43 42
43 43
42 43
42 42
42 41
41 41
41 42
41 43
41 42
41 41
41 42
41 41
41 42
41 43
41 42
40 42
39 42
39 43
39 44
39 45
39 46
39 45
40 45
41 45
42 45
42 44
42 45
41 45
41 44
41 43
40 43
40 42
39 42
40 42
40 41
40 42
40 41
40 42
40 41
40 42
40 43
40 42
39 42
40 42
41 42
41 43
40 43
39 43
38 43
38 44
39 44
39 45
39 44
39 45
40 45
39 45
40 45
41 45
40 45
39 45
40 45
40 44
40 45
40 46
39 46
39 45
40 45
