0 0
1 0
2 0
1 0
0 0
1 0
1 1
0 1
0 2
0 3
0 4
1 4
0 4
1 4
2 4
1 4
0 4
0 3
1 3
1 2
2 2
3 2
3 1
3 2
4 2
3 2
4 2
3 2
3 1
2 1
3 1
3 0
3 1
3 2
3 3
4 3
5 3
5 4
5 5
4 5
4 6
5 6
5 7
6 7
6 6
5 6
5 7
6 7
6 6
7 6
6 6
6 7
6 6
6 5
6 6
7 6
7 5
7 4
6 4
5 4
5 3
5 2
5 3
6 3
6 4
5 4
4 4
5 4
4 4
4 3
3 3
4 3
4 4
4 3
5 3
4 3
4 2
3 2
3 1
3 0
3 1
3 2
3 3
3 2
3 3
4 3
5 3
5 4
6 4
5 4
4 4
5 4
6 4
5 4
4 4
4 5
4 4
3 4
3 5
3 6
2 6
2 7
2 8
3 8
4 8
3 8
3 9
3 8
3 9
3 8
3 7
3 8
3 7
4 7
3 7
3 8
2 8
1 8
1 9
2 9
1 9
1 10
2 10
2 9
2 8
3 8
3 7
4 7
3 7
2 7
3 7
4 7
4 8
4 9
4 8
4 7
4 6
5 6
6 6
6 7
5 7
5 8
4 8
5 8
6 8
5 8
5 7
5 8
5 9
5 8
4 8
3 8
3 9
3 10
2 10
3 10
3 9
4 9
4 8
4 9
4 10
4 11
5 11
6 11
5 11
5 10
6 10
5 10
6 10
6 9
6 8
6 7
5 7
5 8
5 9
5 8
5 7
5 8
5 9
5 8
5 7
5 8
4 8
4 9
3 9
3 10
2 10
2 9
2 8
2 7
3 7
2 7
2 8
2 7
2 8
3 8
4 8
3 8
3 7
3 8
3 7
3 8
3 7
3 8
4 8
5 8
5 9
5 10
5 9
5 8
5 9
4 9
4 10
4 9
4 10
4 9
4 10
4 9
4 10
3 10
4 10
3 10
3 11
3 12
4 12
4 11
4 10
3 10
3 11
3 12
2 12
2 11
2 12
3 12
3 11
2 11
2 10
2 9
3 9
3 10
2 10
1 10
1 9
0 9
1 9
0 9
0 8
1 8
0 8
0 9
0 10
0 11
1 11
2 11
1 11
1 10
1 11
2 11
3 11
4 11
3 11
3 12
4 12
4 11
3 11
4 11
4 12
5 12
4 12
4 13
4 12
4 11
4 12
4 13
3 13
3 12
4 12
3 12
3 11
2 11
2 10
2 9
2 8
2 7
3 7
2 7
2 8
3 8
4 8
5 8
4 8
4 7
4 6
4 7
3 7
3 8
3 9
3 8
3 9
3 10
3 9
3 8
4 8
3 8
3 9
2 9
2 8
1 8
1 9
1 10
1 11
1 12
1 11
2 11
1 11
0 11
0 10
1 10
1 11
1 12
0 12
1 12
1 13
1 14
1 13
1 14
1 13
0 13
0 14
1 14
0 14
0 13
0 12
0 11
1 11
1 12
0 12
0 13
1 13
1 12
2 12
2 13
1 13
1 14
1 15
2 15
1 15
1 14
0 14
0 13
0 12
0 13
0 12
0 13
1 13
1 12
1 13
1 14
0 14
0 15
1 15
1 14
1 13
2 13
2 14
2 15
1 15
1 14
2 14
2 13
3 13
3 14
3 13
4 13
4 14
5 14
5 15
5 16
5 15
6 15
7 15
8 15
9 15
9 14
10 14
11 14
12 14
12 13
11 13
12 13
12 12
13 12
12 12
11 12
12 12
13 12
13 13
13 14
12 14
13 14
13 13
12 13
11 13
10 13
11 13
11 12
12 12
13 12
13 13
13 14
12 14
13 14
13 15
13 14
13 15
12 15
12 16
12 17
13 17
14 17
13 17
13 18
13 19
13 18
14 18
14 17
15 17
15 18
15 17
15 18
16 18
16 17
17 17
17 16
17 17
17 18
17 19
16 19
16 18
16 17
17 17
18 17
18 16
17 16
17 15
17 14
17 13
17 12
18 12
17 12
17 13
17 12
17 13
16 13
16 14
16 15
17 15
17 14
17 15
18 15
18 16
17 16
17 15
17 16
17 17
17 18
17 19
16 19
16 18
16 17
16 16
16 15
15 15
14 15
14 16
13 16
14 16
14 15
14 14
13 14
14 14
15 14
14 14
14 13
13 13
13 14
14 14
14 13
15 13
15 14
15 13
16 13
16 12
15 12
14 12
13 12
13 11
13 10
13 9
13 8
12 8
13 8
14 8
15 8
16 8
16 7
15 7
15 8
15 7
15 6
14 6
14 7
13 7
14 7
14 6
13 6
13 5
14 5
14 4
14 5
14 6
14 5
13 5
13 4
13 3
14 3
14 4
15 4
14 4
13 4
14 4
13 4
14 4
15 4
15 5
14 5
14 6
14 7
15 7
15 8
15 7
15 6
15 5
16 5
15 5
16 5
15 5
16 5
15 5
16 5
16 6
15 6
15 5
15 6
15 5
14 5
14 6
15 6
16 6
16 5
17 5
16 5
17 5
17 6
18 6
18 7
18 8
17 8
18 8
18 7
19 7
19 8
18 8
18 9
18 8
19 8
19 7
19 6
18 6
18 7
19 7
18 7
17 7
16 7
16 8
16 7
17 7
18 7
18 8
18 9
19 9
20 9
20 10
21 10
22 10
21 10
22 10
23 10
23 9
23 10
24 10
24 9
24 10
24 11
24 12
24 13
25 13
25 12
26 12
26 11
26 10
26 11
25 11
24 11
25 11
25 12
25 13
24 13
23 13
23 14
23 15
22 15
23 15
23 14
24 14
24 15
25 15
26 15
26 16
26 15
26 14
25 14
26 14
27 14
26 14
26 15
26 14
27 14
28 14
28 15
28 14
29 14
29 13
29 12
30 12
30 11
30 12
30 13
30 14
30 15
29 15
28 15
28 14
28 15
27 15
27 16
28 16
28 15
27 15
26 15
27 15
27 16
28 16
27 16
27 17
26 17
26 18
26 17
26 18
26 19
26 20
25 20
25 21
25 22
25 23
25 22
25 23
24 23
23 23
24 23
24 22
24 23
23 23
22 23
22 24
23 24
24 24
24 25
24 26
25 26
25 25
25 26
26 26
25 26
25 27
26 27
25 27
25 26
24 26
25 26
26 26
25 26
25 27
25 26
25 25
25 24
25 23
25 22
25 21
25 22
25 21
24 21
24 20
24 19
24 20
24 21
24 20
24 21
24 20
24 19
23 19
23 20
23 19
24 19
23 19
22 19
22 20
23 20
22 20
21 20
20 20
20 21
20 20
20 21
21 21
21 22
21 21
21 20
21 19
20 19
21 19
21 20
21 21
21 22
22 22
21 22
21 21
22 21
21 21
20 21
20 20
20 21
20 22
19 22
19 21
19 22
20 22
21 22
21 21
22 21
21 21
21 20
22 20
23 20
23 19
23 18
23 19
24 19
23 19
22 19
23 19
23 18
23 17
22 17
22 16
22 17
22 16
23 16
24 16
24 17
24 16
25 16
25 15
24 15
24 16
24 17
24 18
23 18
23 19
23 18
23 19
23 20
24 20
24 21
24 22
24 21
23 21
23 22
23 21
22 21
22 22
21 22
22 22
22 23
21 23
20 23
21 23
22 23
22 22
22 21
22 22
22 21
22 20
23 20
22 20
22 19
21 19
22 19
22 20
23 20
23 21
23 22
23 21
23 22
23 23
22 23
22 24
22 25
21 25
20 25
20 26
21 26
22 26
21 26
22 26
23 26
23 25
23 24
23 23
23 22
23 21
23 20
22 20
23 20
24 20
25 20
26 20
25 20
25 19
25 20
26 20
26 19
26 18
26 17
25 17
25 18
25 19
25 18
26 18
26 19
27 19
26 19
26 20
26 19
25 19
26 19
26 20
27 20
27 21
28 21
27 21
26 21
25 21
26 21
27 21
27 20
28 20
27 20
27 19
26 19
26 20
26 19
27 19
27 20
28 20
28 19
28 18
27 18
28 18
28 19
28 20
29 20
29 21
29 22
29 21
29 22
29 23
28 23
28 22
28 21
28 22
29 22
29 23
28 23
28 22
29 22
29 21
29 20
29 19
29 18
30 18
30 19
31 19
31 18
31 19
32 19
33 19
32 19
31 19
31 18
32 18
33 18
33 17
33 18
34 18
33 18
33 19
34 19
34 20
34 19
35 19
35 18
34 18
33 18
32 18
33 18
32 18
32 19
33 19
33 18
32 18
31 18
30 18
29 18
29 17
30 17
31 17
31 18
31 19
32 19
32 18
32 17
33 17
33 18
32 18
33 18
33 17
34 17
35 17
34 17
35 17
36 17
35 17
35 18
35 19
34 19
34 18
34 17
34 18
34 17
35 17
34 17
34 16
35 16
35 17
35 18
35 17
34 17
34 16
35 16
34 16
34 15
35 15
35 16
34 16
34 17
34 18
33 18
33 17
34 17
34 16
34 17
35 17
34 17
35 17
35 16
35 15
35 14
34 14
34 15
