0 0
0 1
1 1
2 1
3 1
2 1
2 2
2 1
3 1
3 0
2 0
3 0
2 0
2 1
2 0
3 0
4 0
5 0
5 1
5 2
6 2
7 2
7 3
7 2
6 2
7 2
6 2
6 3
5 3
5 4
4 4
4 5
4 4
5 4
6 4
6 3
6 2
7 2
8 2
8 3
9 3
8 3
8 4
8 5
9 5
8 5
8 6
8 7
8 8
8 9
8 8
8 9
9 9
9 8
9 9
10 9
11 9
10 9
10 8
11 8
11 9
11 8
11 9
10 9
10 8
9 8
9 7
9 8
9 9
9 8
9 7
8 7
8 8
9 8
9 9
10 9
9 9
10 9
10 10
10 9
11 9
11 10
10 10
11 10
11 11
11 12
11 13
12 13
12 12
12 13
13 13
13 14
12 14
12 15
13 15
13 14
13 15
12 15
12 16
12 17
13 17
13 16
14 16
14 15
14 16
14 17
13 17
12 17
12 18
12 19
12 18
13 18
13 17
12 17
13 17
13 16
14 16
13 16
12 16
13 16
14 16
14 17
13 17
12 17
12 16
12 17
12 18
12 17
11 17
12 17
11 17
10 17
10 18
10 19
9 19
10 19
11 19
11 20
11 21
10 21
10 20
10 19
10 20
11 20
11 19
11 18
10 18
10 19
10 20
10 21
10 20
10 21
10 22
10 21
10 20
10 19
11 19
11 20
10 20
10 19
9 19
9 20
9 19
9 20
9 21
8 21
7 21
8 21
8 22
8 21
8 22
8 23
8 22
8 21
8 22
8 23
8 22
7 22
7 21
7 22
7 23
7 22
7 21
8 21
8 20
7 20
7 19
7 20
8 20
8 21
9 21
10 21
10 22
10 23
11 23
11 22
11 23
12 23
11 23
12 23
12 22
12 21
11 21
11 22
11 21
10 21
10 22
11 22
11 21
10 21
11 21
12 21
11 21
11 22
12 22
11 22
11 21
11 20
10 20
11 20
10 20
10 19
11 19
10 19
10 20
10 19
10 18
10 19
10 20
11 20
11 19
12 19
12 18
12 17
12 18
11 18
11 17
12 17
11 17
12 17
13 17
13 18
13 17
13 18
14 18
14 19
15 19
15 20
16 20
17 20
17 21
17 22
16 22
15 22
15 21
15 20
16 20
16 19
16 18
16 19
17 19
17 20
17 21
17 22
17 21
16 21
16 22
17 22
16 22
16 21
16 20
16 21
15 21
14 21
14 20
14 19
14 18
13 18
14 18
15 18
16 18
17 18
17 19
17 20
16 20
17 20
16 20
17 20
17 21
17 20
17 19
16 19
16 18
16 19
17 19
18 19
19 19
19 20
19 19
19 18
18 18
17 18
17 19
16 19
16 20
16 21
17 21
18 21
19 21
18 21
18 22
18 23
18 24
18 25
19 25
20 25
19 25
18 25
17 25
16 25
16 26
16 27
15 27
14 27
14 28
13 28
13 27
13 28
12 28
12 29
13 29
13 30
14 30
14 29
13 29
13 30
13 31
14 31
14 30
15 30
16 30
16 29
16 28
16 29
16 30
17 30
17 29
16 29
16 30
17 30
16 30
16 31
16 30
16 31
17 31
16 31
15 31
14 31
13 31
14 31
13 31
13 32
12 32
13 32
14 32
15 32
14 32
13 32
13 31
12 31
11 31
10 31
9 31
9 32
10 32
10 31
10 32
10 33
9 33
10 33
10 32
10 33
9 33
9 34
8 34
8 35
9 35
8 35
9 35
10 35
9 35
8 35
8 34
8 35
8 36
8 37
9 37
10 37
10 38
9 38
9 39
8 39
8 40
8 41
9 41
8 41
7 41
8 41
9 41
10 41
9 41
10 41
10 42
11 42
10 42
9 42
9 43
10 43
11 43
10 43
10 42
11 42
12 42
11 42
12 42
13 42
12 42
13 42
12 42
13 42
12 42
11 42
11 41
11 40
11 39
11 40
11 39
10 39
11 39
10 39
10 38
11 38
11 39
12 39
11 39
12 39
12 40
11 40
12 40
11 40
11 39
11 38
11 39
12 39
13 39
12 39
12 40
12 39
12 38
11 38
12 38
12 37
11 37
12 37
13 37
13 38
12 38
12 39
12 40
13 40
14 40
14 39
14 38
13 38
13 39
13 40
12 40
11 40
10 40
10 41
10 42
9 42
9 41
9 42
9 41
9 42
9 43
8 43
8 44
8 45
9 45
9 44
10 44
10 43
11 43
12 43
13 43
13 44
13 45
13 46
13 45
13 44
13 43
14 43
14 42
14 43
14 44
14 45
15 45
16 45
17 45
18 45
17 45
16 45
16 44
16 43
15 43
14 43
14 42
14 41
14 40
15 40
16 40
15 40
14 40
14 41
13 41
12 41
12 40
12 39
13 39
14 39
15 39
14 39
14 40
14 41
14 42
14 43
13 43
14 43
14 42
14 43
15 43
14 43
14 42
15 42
15 43
14 43
14 44
15 44
14 44
14 45
13 45
14 45
15 45
14 45
13 45
13 44
13 43
13 44
13 43
12 43
12 42
12 41
12 40
11 40
11 41
11 40
11 41
12 41
13 41
12 41
11 41
12 41
12 40
11 40
12 40
12 39
12 40
12 39
12 38
13 38
13 39
14 39
15 39
16 39
16 40
17 40
17 39
18 39
18 38
19 38
18 38
17 38
17 39
16 39
17 39
16 39
16 38
15 38
16 38
16 37
16 36
16 35
16 36
17 36
18 36
17 36
17 37
18 37
18 38
17 38
17 39
16 39
15 39
14 39
15 39
15 38
16 38
16 39
16 40
17 40
17 41
16 41
16 40
16 41
16 42
16 43
17 43
18 43
18 44
19 44
19 43
18 43
18 42
17 42
18 42
19 42
20 42
20 43
21 43
22 43
21 43
22 43
22 44
23 44
23 45
23 46
23 45
22 45
21 45
21 44
21 45
21 46
21 47
20 47
21 47
20 47
21 47
21 48
20 48
20 47
20 46
20 47
20 48
19 48
20 48
20 49
20 50
20 51
20 50
19 50
19 51
19 50
19 49
20 49
20 50
21 50
20 50
19 50
19 51
20 51
20 50
20 49
20 50
21 50
20 50
19 50
20 50
20 49
20 50
20 51
21 51
21 50
20 50
19 50
19 49
18 49
19 49
19 48
19 47
19 48
18 48
18 49
18 48
17 48
18 48
17 48
16 48
15 48
15 49
15 50
15 49
16 49
15 49
14 49
14 48
14 49
14 48
13 48
12 48
13 48
13 47
13 48
13 47
13 48
13 47
14 47
14 46
14 45
14 44
14 43
15 43
15 44
15 45
15 46
14 46
15 46
15 47
15 46
16 46
15 46
14 46
14 45
14 46
14 47
14 48
13 48
14 48
13 48
14 48
14 47
14 48
13 48
13 47
14 47
15 47
15 48
15 49
16 49
16 50
16 51
16 50
16 51
15 51
14 51
14 50
14 51
15 51
15 52
16 52
16 51
16 50
16 51
15 51
15 50
15 49
16 49
17 49
16 49
16 48
16 49
16 50
17 50
17 49
18 49
18 50
19 50
20 50
21 50
21 49
21 48
22 48
22 47
23 47
23 46
23 45
23 46
24 46
24 45
25 45
26 45
26 46
27 46
26 46
26 47
26 48
25 48
25 47
25 48
25 47
26 47
26 46
27 46
27 45
27 44
26 44
26 45
25 45
24 45
23 45
23 46
24 46
24 45
24 44
23 44
24 44
24 45
25 45
26 45
26 46
27 46
27 47
26 47
27 47
28 47
28 48
27 48
28 48
28 47
28 46
28 45
27 45
28 45
28 44
27 44
28 44
28 43
28 44
29 44
29 45
29 44
29 45
28 45
29 45
29 44
30 44
31 44
31 43
31 44
31 43
32 43
32 42
32 43
33 43
33 44
32 44
33 44
32 44
31 44
32 44
31 44
30 44
29 44
29 43
29 42
29 41
29 40
28 40
27 40
26 40
26 41
26 42
27 42
28 42
28 43
29 43
29 42
28 42
29 42
29 43
28 43
29 43
28 43
28 42
27 42
28 42
27 42
28 42
27 42
28 42
28 41
29 41
29 42
29 41
30 41
31 41
31 42
30 42
30 43
31 43
31 42
31 41
30 41
30 40
30 41
29 41
30 41
30 42
29 42
30 42
29 42
29 43
29 42
28 42
27 42
26 42
26 41
26 42
25 42
26 42
26 41
26 40
25 40
25 39
25 38
26 38
25 38
25 39
25 38
25 39
24 39
23 39
23 38
23 39
23 40
23 41
24 41
25 41
26 41
25 41
25 40
24 40
25 40
25 41
26 41
27 41
27 40
27 39
27 40
27 41
28 41
29 41
29 40
29 39
29 38
30 38
29 38
28 38
28 39
28 38
28 37
29 37
30 37
29 37
28 37
29 37
29 38
29 39
30 39
29 39
28 39
29 39
28 39
27 39
27 40
28 40
29 40
30 40
30 41
30 40
29 40
29 39
28 39
29 39
30 39
29 39
28 39
29 39
28 39
