0 0
0 1
0 2
1 2
0 2
1 2
1 1
0 1
0 0
0 1
0 2
1 2
0 2
0 3
0 4
1 4
2 4
2 5
3 5
3 4
4 4
4 3
5 3
6 3
6 2
6 1
5 1
6 1
5 1
5 0
4 0
4 1
5 1
5 0
6 0
5 0
5 1
4 1
3 1
3 0
2 0
1 0
1 1
1 2
0 2
1 2
1 1
1 0
1 1
2 1
2 0
3 0
2 0
2 1
2 2
3 2
4 2
4 1
4 2
4 3
4 4
4 3
5 3
6 3
6 2
5 2
5 1
5 2
6 2
6 3
5 3
4 3
4 4
5 4
5 5
5 4
5 3
5 2
5 1
5 0
5 1
4 1
3 1
3 0
4 0
5 0
4 0
4 1
5 1
6 1
5 1
4 1
5 1
4 1
4 2
3 2
4 2
4 1
4 2
3 2
3 3
3 4
4 4
5 4
5 5
5 6
5 7
5 6
5 5
6 5
6 4
6 3
7 3
7 4
6 4
7 4
6 4
5 4
4 4
5 4
5 5
5 4
5 3
6 3
6 2
5 2
6 2
7 2
7 1
7 2
7 3
7 4
6 4
6 3
6 2
6 1
7 1
8 1
7 1
8 1
8 2
9 2
9 1
10 1
11 1
12 1
12 2
11 2
11 1
12 1
12 0
13 0
13 1
13 2
13 3
13 4
13 3
13 2
12 2
13 2
14 2
15 2
15 3
15 4
16 4
16 3
16 2
16 1
15 1
16 1
17 1
17 2
16 2
15 2
14 2
14 3
14 4
14 5
13 5
13 6
13 5
13 4
13 5
14 5
13 5
13 6
13 7
14 7
13 7
13 6
14 6
13 6
12 6
11 6
11 7
12 7
12 6
12 5
11 5
11 4
12 4
12 5
12 4
12 5
12 4
13 4
12 4
12 5
13 5
13 6
13 7
13 6
12 6
12 7
12 6
11 6
12 6
11 6
12 6
12 7
13 7
13 8
13 7
14 7
13 7
13 8
14 8
13 8
12 8
11 8
10 8
10 7
10 6
10 5
9 5
10 5
9 5
9 6
9 5
10 5
9 5
8 5
8 4
9 4
9 5
8 5
9 5
8 5
8 4
8 5
8 4
8 5
7 5
7 6
7 7
6 7
6 8
7 8
8 8
8 7
8 8
9 8
10 8
11 8
12 8
11 8
12 8
13 8
13 7
13 6
13 7
13 6
13 5
12 5
13 5
13 6
14 6
14 5
14 6
13 6
14 6
15 6
16 6
15 6
14 6
14 7
13 7
12 7
12 8
11 8
10 8
9 8
10 8
9 8
10 8
10 9
9 9
10 9
11 9
11 10
11 9
11 10
10 10
9 10
8 10
8 11
9 11
9 10
10 10
11 10
10 10
10 11
11 11
11 10
11 11
11 12
11 11
10 11
10 10
11 10
11 11
11 10
11 11
12 11
12 12
11 12
11 13
12 13
13 13
14 13
14 14
14 15
14 14
13 14
14 14
14 13
15 13
16 13
17 13
16 13
16 12
17 12
17 11
18 11
18 12
18 11
18 12
18 11
17 11
16 11
16 12
17 12
17 11
17 12
16 12
16 11
16 12
16 13
17 13
16 13
16 14
16 15
16 16
16 15
16 16
15 16
16 16
16 17
15 17
15 18
15 19
14 19
15 19
15 20
14 20
14 19
14 20
14 19
14 20
14 19
15 19
15 20
15 21
14 21
15 21
16 21
15 21
15 20
16 20
16 19
16 18
16 19
16 18
16 17
16 18
16 19
16 18
16 17
17 17
17 18
17 19
18 19
19 19
20 19
21 19
21 20
22 20
22 19
22 18
23 18
22 18
23 18
23 19
22 19
23 19
22 19
21 19
21 20
21 19
20 19
21 19
22 19
22 18
23 18
23 19
24 19
23 19
22 19
22 18
22 19
22 18
22 19
23 19
23 18
24 18
24 17
24 18
25 18
26 18
26 17
27 17
28 17
28 16
27 16
28 16
28 17
29 17
29 16
29 17
29 18
29 17
30 17
30 16
30 15
29 15
28 15
28 16
28 15
29 15
29 14
29 15
28 15
29 15
30 15
29 15
29 16
29 15
29 14
28 14
28 15
29 15
29 14
29 13
29 14
29 13
29 12
29 13
28 13
28 14
29 14
30 14
30 15
30 16
29 16
29 15
30 15
29 15
29 14
29 15
29 14
29 13
29 14
30 14
31 14
30 14
31 14
31 15
32 15
31 15
32 15
33 15
34 15
35 15
35 14
35 15
35 14
36 14
37 14
36 14
37 14
37 15
37 16
38 16
37 16
37 15
36 15
37 15
37 16
37 17
36 17
36 18
36 17
36 18
36 19
35 19
35 20
36 20
36 21
37 21
37 20
36 20
35 20
35 21
35 20
35 19
36 19
35 19
35 20
35 19
35 18
35 19
36 19
37 19
37 18
36 18
36 17
36 18
36 17
35 17
36 17
35 17
36 17
35 17
34 17
33 17
33 18
34 18
34 17
34 18
34 17
34 16
33 16
32 16
32 15
33 15
33 14
33 15
33 14
33 15
33 14
33 15
34 15
33 15
34 15
34 16
35 16
35 15
36 15
36 14
35 14
35 13
35 12
35 13
36 13
37 13
37 14
36 14
37 14
37 15
37 14
38 14
37 14
38 14
37 14
37 15
36 15
36 16
35 16
35 15
35 16
35 17
36 17
36 18
36 19
35 19
34 19
34 20
34 21
34 20
35 20
36 20
37 20
37 19
37 20
38 20
38 21
37 21
37 22
36 22
35 22
35 23
36 23
36 22
36 23
37 23
36 23
36 24
37 24
38 24
38 23
39 23
39 22
39 21
38 21
38 20
38 21
37 21
37 20
37 21
37 22
36 22
36 23
36 24
35 24
35 25
35 26
35 25
35 24
34 24
33 24
33 25
32 25
31 25
32 25
32 26
32 25
33 25
33 24
32 24
32 25
33 25
33 24
34 24
33 24
33 25
32 25
32 26
32 25
31 25
31 26
31 25
31 24
31 25
31 24
30 24
30 25
29 25
29 26
29 25
29 26
28 26
28 27
28 28
28 29
27 29
28 29
27 29
28 29
29 29
29 28
29 27
30 27
30 26
31 26
30 26
30 27
30 26
29 26
29 27
28 27
28 28
28 29
27 29
26 29
25 29
26 29
26 30
25 30
26 30
27 30
26 30
26 31
26 30
26 29
25 29
26 29
25 29
25 28
25 29
25 30
25 31
26 31
27 31
27 32
27 31
27 30
28 30
29 30
30 30
30 29
30 28
29 28
29 27
30 27
31 27
30 27
29 27
30 27
30 26
29 26
29 27
29 28
30 28
30 27
29 27
28 27
28 26
28 27
28 26
28 27
28 28
29 28
30 28
29 28
28 28
28 27
27 27
27 26
27 27
27 26
27 27
27 26
28 26
28 25
27 25
27 26
28 26
27 26
28 26
28 27
27 27
28 27
29 27
29 28
30 28
31 28
32 28
32 29
31 29
31 30
30 30
30 29
31 29
31 28
31 27
31 28
31 29
30 29
30 28
30 29
31 29
30 29
30 28
30 29
31 29
32 29
31 29
30 29
29 29
29 30
29 31
28 31
29 31
29 30
29 29
28 29
27 29
27 28
26 28
26 29
27 29
27 28
27 29
28 29
28 30
27 30
27 31
26 31
26 30
25 30
24 30
24 29
24 28
24 27
23 27
23 26
24 26
24 25
24 26
23 26
24 26
25 26
26 26
26 27
26 28
26 27
26 28
25 28
26 28
25 28
26 28
25 28
24 28
24 27
24 28
23 28
22 28
21 28
22 28
21 28
21 27
22 27
22 26
22 25
22 26
23 26
24 26
24 27
25 27
26 27
25 27
25 28
25 27
25 28
25 27
25 28
26 28
27 28
27 27
27 28
28 28
28 27
28 26
28 27
28 28
28 29
27 29
27 30
26 30
26 31
27 31
27 30
28 30
27 30
27 31
28 31
29 31
29 32
29 33
28 33
29 33
28 33
28 32
29 32
29 31
29 32
29 31
30 31
29 31
29 30
29 29
30 29
30 28
30 29
29 29
30 29
30 30
30 29
29 29
29 30
30 30
30 31
29 31
30 31
30 30
31 30
31 31
31 30
32 30
31 30
30 30
29 30
29 31
29 30
29 31
29 32
30 32
30 31
30 32
30 31
29 31
29 30
30 30
30 29
29 29
29 28
30 28
30 29
29 29
29 28
29 29
28 29
28 30
27 30
28 30
29 30
29 29
28 29
29 29
28 29
28 28
28 29
27 29
27 30
28 30
28 31
28 30
27 30
26 30
26 29
26 28
26 27
25 27
25 26
24 26
24 25
25 25
26 25
27 25
26 25
26 26
26 25
26 24
26 25
26 24
26 23
27 23
28 23
29 23
28 23
28 24
28 25
28 26
28 27
28 26
28 25
28 26
28 27
28 28
29 28
30 28
29 28
29 27
30 27
30 28
29 28
30 28
30 29
31 29
31 28
