0 0
1 0
1 1
1 0
2 0
3 0
3 1
2 1
3 1
3 0
3 1
2 1
2 0
2 1
1 1
1 2
2 2
3 2
4 2
3 2
3 3
2 3
1 3
0 3
0 2
1 2
2 2
2 1
2 2
1 2
2 2
2 3
2 2
1 2
1 1
0 1
1 1
0 1
1 1
2 1
2 2
1 2
1 1
2 1
1 1
1 0
1 1
0 1
1 1
0 1
0 0
0 1
1 1
1 2
1 1
0 1
0 0
1 0
0 0
0 1
1 1
1 2
2 2
3 2
3 1
3 2
3 1
2 1
2 0
2 1
2 0
2 1
2 0
2 1
3 1
2 1
3 1
3 0
3 1
3 0
3 1
3 2
3 3
3 4
3 5
3 6
4 6
4 5
4 4
5 4
5 5
5 4
5 3
6 3
6 4
7 4
8 4
8 5
9 5
10 5
10 4
11 4
11 5
11 6
10 6
9 6
8 6
8 5
8 6
7 6
8 6
8 7
7 7
7 6
6 6
6 5
6 6
6 7
7 7
8 7
8 6
8 5
7 5
7 4
7 5
6 5
6 6
5 6
6 6
6 5
5 5
5 6
6 6
6 7
5 7
5 8
5 9
5 8
6 8
6 7
6 6
7 6
7 7
6 7
5 7
6 7
6 8
7 8
7 9
7 8
7 7
6 7
6 6
5 6
4 6
4 5
5 5
4 5
3 5
4 5
4 6
4 5
4 4
3 4
2 4
2 5
2 6
3 6
2 6
2 7
3 7
3 8
2 8
3 8
3 7
3 6
2 6
1 6
1 7
1 6
1 7
2 7
1 7
1 6
0 6
1 6
2 6
3 6
3 7
3 6
3 7
3 8
3 7
2 7
3 7
4 7
4 8
4 7
5 7
5 8
5 7
6 7
5 7
6 7
6 8
5 8
5 9
5 8
5 7
5 8
6 8
7 8
6 8
6 7
6 8
6 9
6 10
7 10
8 10
7 10
7 9
7 8
8 8
7 8
8 8
8 9
7 9
7 10
7 9
7 10
7 9
8 9
8 8
9 8
10 8
10 9
10 10
11 10
11 11
11 12
12 12
12 13
12 12
11 12
12 12
11 12
11 13
11 12
11 13
11 14
12 14
12 13
13 13
12 13
12 12
13 12
13 11
12 11
12 12
12 11
12 12
13 12
13 11
13 10
12 10
11 10
11 11
11 12
10 12
10 13
10 12
9 12
9 13
8 13
8 12
7 12
7 13
7 12
8 12
9 12
9 13
10 13
10 12
11 12
11 11
11 12
11 11
10 11
10 10
11 10
11 11
11 12
11 13
10 13
11 13
11 14
11 15
11 16
11 17
11 16
12 16
12 17
12 16
12 15
11 15
11 16
12 16
11 16
11 17
10 17
9 17
9 18
9 17
8 17
8 18
8 19
8 20
9 20
9 21
9 20
8 20
7 20
8 20
9 20
9 19
8 19
9 19
8 19
9 19
8 19
8 18
9 18
10 18
11 18
11 17
11 16
11 17
10 17
10 16
10 15
9 15
8 15
8 16
9 16
9 17
9 16
9 17
8 17
8 16
8 17
9 17
9 16
8 16
8 15
9 15
9 14
9 13
10 13
10 14
10 15
10 16
10 15
10 14
11 14
11 15
11 16
12 16
13 16
14 16
15 16
16 16
15 16
15 17
14 17
15 17
14 17
14 18
15 18
14 18
14 17
14 16
14 17
13 17
14 17
14 18
14 19
15 19
16 19
16 20
16 21
15 21
15 22
14 22
15 22
15 21
16 21
15 21
15 20
16 20
16 19
17 19
16 19
15 19
15 20
16 20
16 21
17 21
17 20
16 20
16 19
15 19
15 18
16 18
16 19
15 19
14 19
15 19
14 19
14 20
15 20
15 21
15 22
16 22
15 22
15 23
15 24
15 23
16 23
17 23
17 24
17 23
18 23
17 23
17 24
17 23
18 23
19 23
20 23
21 23
22 23
21 23
21 22
20 22
20 23
20 22
19 22
19 21
20 21
20 20
20 21
21 21
22 21
23 21
24 21
24 22
23 22
24 22
24 23
24 24
25 24
25 23
24 23
24 22
24 21
25 21
24 21
25 21
25 22
25 23
26 23
25 23
26 23
25 23
25 24
24 24
24 25
23 25
24 25
23 25
23 24
22 24
22 23
22 22
22 21
22 20
23 20
23 21
24 21
24 20
24 21
25 21
25 20
25 19
25 18
25 19
26 19
26 20
26 21
26 22
26 23
26 24
27 24
27 23
27 24
26 24
27 24
26 24
27 24
27 25
26 25
25 25
25 24
25 25
25 26
26 26
26 25
26 26
26 25
26 24
26 23
27 23
28 23
27 23
26 23
26 24
26 23
26 24
26 23
26 24
26 25
26 24
26 23
25 23
24 23
23 23
23 24
23 23
23 24
23 23
23 24
22 24
23 24
22 24
21 24
22 24
22 25
21 25
22 25
22 24
22 23
21 23
21 22
22 22
21 22
22 22
22 21
21 21
20 21
20 20
21 20
21 21
22 21
22 22
23 22
24 22
24 23
23 23
23 22
23 23
22 23
22 22
21 22
22 22
22 23
22 22
22 23
21 23
22 23
22 24
22 23
22 22
22 23
22 22
23 22
22 22
23 22
23 23
24 23
23 23
24 23
25 23
26 23
27 23
27 22
27 23
27 22
28 22
29 22
30 22
30 23
30 22
31 22
30 22
29 22
29 23
29 24
29 25
30 25
31 25
32 25
33 25
34 25
35 25
35 24
36 24
36 23
37 23
38 23
37 23
37 24
37 23
38 23
38 22
38 23
39 23
39 22
39 21
38 21
38 20
37 20
36 20
36 19
36 20
37 20
37 21
38 21
39 21
38 21
39 21
39 22
38 22
39 22
39 23
40 23
40 24
39 24
40 24
40 23
41 23
40 23
40 22
39 22
39 21
40 21
40 22
40 21
40 22
40 21
41 21
41 22
41 21
41 22
40 22
41 22
41 21
41 22
41 23
41 22
41 23
40 23
40 22
40 23
39 23
38 23
37 23
36 23
36 22
37 22
38 22
39 22
40 22
41 22
41 21
41 20
41 21
40 21
41 21
41 22
41 21
42 21
43 21
43 20
44 20
43 20
43 21
42 21
41 21
40 21
40 22
40 21
40 20
39 20
40 20
41 20
41 19
40 19
41 19
41 20
41 19
40 19
40 18
40 17
40 16
40 17
40 18
41 18
41 17
40 17
41 17
40 17
39 17
39 16
39 15
38 15
38 14
37 14
37 13
38 13
39 13
38 13
38 12
38 13
39 13
40 13
40 12
41 12
40 12
40 11
40 10
40 11
39 11
38 11
38 12
37 12
36 12
35 12
36 12
36 11
35 11
34 11
35 11
36 11
37 11
37 10
37 11
36 11
36 10
36 9
36 8
36 9
36 8
37 8
37 9
38 9
37 9
36 9
35 9
35 8
36 8
36 9
36 10
36 9
36 10
37 10
37 11
37 10
38 10
38 11
38 12
38 13
38 12
38 11
39 11
39 10
38 10
39 10
38 10
38 11
37 11
37 12
38 12
38 13
37 13
38 13
38 14
38 13
37 13
37 12
38 12
38 13
39 13
39 14
39 15
39 14
38 14
37 14
37 15
37 14
37 13
37 12
37 11
38 11
38 10
37 10
37 11
37 12
37 13
36 13
35 13
34 13
34 12
33 12
34 12
33 12
34 12
35 12
34 12
34 13
35 13
35 14
34 14
33 14
32 14
31 14
31 13
31 12
30 12
30 11
31 11
31 12
30 12
30 13
30 14
29 14
29 15
30 15
30 16
31 16
32 16
31 16
32 16
31 16
32 16
32 17
32 18
32 17
32 18
32 17
31 17
30 17
30 16
31 16
30 16
30 15
30 14
31 14
31 13
31 14
31 13
31 14
31 13
31 14
31 13
31 12
31 11
32 11
33 11
33 12
33 13
32 13
32 14
32 15
31 15
30 15
30 16
30 17
31 17
31 18
31 17
32 17
32 18
31 18
31 19
32 19
33 19
33 20
33 19
34 19
34 20
33 20
33 21
33 20
33 21
33 20
33 19
33 20
34 20
35 20
34 20
33 20
33 21
32 21
32 20
32 21
32 20
33 20
32 20
33 20
33 19
32 19
32 18
32 17
33 17
33 18
32 18
32 19
33 19
34 19
34 20
35 20
36 20
37 20
38 20
38 21
38 22
39 22
39 23
38 23
39 23
38 23
37 23
38 23
38 24
37 24
38 24
38 23
39 23
40 23
40 24
40 23
39 23
40 23
40 24
41 24
42 24
41 24
40 24
41 24
42 24
41 24
41 23
40 23
41 23
40 23
40 22
39 22
40 22
41 22
40 22
41 22
42 22
42 23
43 23
44 23
44 22
44 21
44 22
44 21
44 22
45 22
45 21
44 21
44 20
44 19
44 20
43 20
43 21
43 20
42 20
42 21
42 22
42 21
42 20
42 21
42 22
42 23
42 24
41 24
42 24
42 23
