0 0
1 0
0 0
1 0
1 1
1 2
2 2
3 2
3 1
3 0
3 1
4 1
4 2
3 2
3 3
3 4
3 3
3 4
4 4
4 3
4 4
5 4
6 4
6 3
6 2
5 2
5 1
5 2
5 3
6 3
6 2
5 2
4 2
4 1
4 2
4 1
3 1
4 1
4 2
4 3
4 4
5 4
5 3
5 4
4 4
5 4
5 3
4 3
4 4
5 4
5 5
5 6
4 6
3 6
3 5
3 6
3 7
2 7
2 8
3 8
4 8
4 7
5 7
4 7
4 8
5 8
5 9
4 9
4 8
4 7
4 6
4 7
4 8
5 8
5 9
5 8
5 7
6 7
6 8
7 8
8 8
8 7
9 7
9 6
10 6
10 7
11 7
11 8
10 8
11 8
11 7
10 7
10 6
10 7
11 7
10 7
9 7
9 8
10 8
11 8
11 7
10 7
10 6
11 6
10 6
11 6
11 7
11 6
12 6
12 5
11 5
11 6
12 6
13 6
14 6
15 6
15 7
15 6
15 7
16 7
17 7
16 7
17 7
18 7
18 6
18 7
18 8
18 9
17 9
16 9
16 10
15 10
14 10
15 10
15 11
16 11
15 11
15 10
14 10
13 10
14 10
14 11
14 10
14 9
14 10
14 11
15 11
16 11
17 11
17 10
17 9
18 9
19 9
18 9
19 9
20 9
20 8
21 8
21 9
21 8
20 8
20 7
19 7
19 8
19 7
19 8
20 8
19 8
19 9
18 9
19 9
19 8
18 8
18 9
19 9
19 8
19 9
18 9
19 9
19 10
19 9
20 9
21 9
21 10
21 11
21 12
21 13
21 12
22 12
22 13
21 13
21 14
21 15
21 14
22 14
22 13
22 12
23 12
23 13
22 13
22 12
21 12
22 12
23 12
23 13
23 12
24 12
24 11
25 11
24 11
25 11
25 10
24 10
24 9
24 10
24 9
25 9
25 10
26 10
25 10
25 9
25 8
24 8
25 8
26 8
27 8
27 9
26 9
27 9
28 9
28 8
28 7
29 7
30 7
29 7
30 7
30 6
31 6
30 6
31 6
31 7
31 6
31 5
32 5
32 6
31 6
30 6
30 7
29 7
30 7
31 7
32 7
32 8
32 7
31 7
31 8
31 7
31 6
32 6
33 6
33 7
33 6
33 7
32 7
32 8
33 8
34 8
35 8
36 8
37 8
37 9
37 10
37 9
36 9
36 8
37 8
36 8
36 9
35 9
36 9
37 9
36 9
35 9
34 9
34 10
34 9
33 9
33 10
33 11
34 11
33 11
32 11
32 12
32 11
31 11
32 11
33 11
34 11
33 11
34 11
33 11
33 10
33 11
33 10
33 11
34 11
34 12
33 12
34 12
33 12
32 12
33 12
32 12
33 12
33 13
34 13
33 13
34 13
34 14
35 14
34 14
35 14
36 14
37 14
36 14
37 14
37 15
36 15
35 15
35 14
34 14
34 13
33 13
33 12
33 11
33 12
33 11
34 11
34 10
34 11
34 12
34 11
34 12
34 13
34 12
34 13
35 13
34 13
35 13
36 13
36 14
37 14
37 13
36 13
36 14
37 14
38 14
37 14
37 13
36 13
36 14
37 14
38 14
38 15
38 16
37 16
37 17
37 16
37 15
37 14
37 13
37 14
38 14
39 14
40 14
41 14
41 15
41 14
40 14
39 14
39 13
38 13
38 14
38 15
38 14
38 15
38 14
38 13
39 13
39 12
40 12
39 12
39 13
40 13
39 13
38 13
38 14
38 13
38 14
38 13
38 12
39 12
40 12
39 12
38 12
38 13
38 12
39 12
39 13
39 12
39 13
39 12
40 12
40 11
40 10
40 11
40 12
40 13
40 14
40 13
41 13
40 13
40 12
40 13
40 12
39 12
40 12
40 13
41 13
41 14
40 14
40 13
41 13
41 12
41 13
41 12
42 12
43 12
44 12
44 13
44 14
44 13
45 13
44 13
45 13
44 13
43 13
43 12
42 12
42 13
42 12
42 11
41 11
40 11
39 11
39 12
40 12
41 12
41 11
41 10
42 10
41 10
40 10
40 11
41 11
40 11
39 11
39 10
40 10
40 11
40 10
40 9
41 9
41 10
42 10
41 10
41 11
42 11
43 11
44 11
44 10
44 9
44 8
43 8
42 8
42 7
42 8
42 7
42 6
42 5
43 5
43 6
44 6
44 7
44 6
44 7
45 7
45 6
45 7
45 8
46 8
47 8
48 8
48 7
47 7
47 6
46 6
46 5
46 4
45 4
45 3
45 2
45 1
46 1
46 0
46 1
47 1
48 1
48 0
48 1
49 1
48 1
49 1
49 2
50 2
50 1
50 2
50 3
51 3
51 4
51 3
50 3
50 2
51 2
51 3
51 2
50 2
50 1
49 1
48 1
48 0
48 1
48 2
47 2
48 2
48 3
47 3
46 3
47 3
48 3
47 3
47 4
47 3
47 4
47 5
46 5
47 5
46 5
45 5
45 4
45 3
45 2
44 2
43 2
44 2
44 1
43 1
43 2
43 3
44 3
43 3
44 3
43 3
44 3
43 3
42 3
42 4
43 4
43 5
44 5
43 5
44 5
44 4
44 5
43 5
43 4
42 4
41 4
41 5
42 5
41 5
41 6
40 6
39 6
39 5
40 5
40 6
40 5
40 6
39 6
39 7
39 8
38 8
38 9
39 9
39 10
40 10
40 9
40 8
41 8
41 9
40 9
40 8
40 7
41 7
41 6
40 6
39 6
39 5
39 4
40 4
40 5
41 5
42 5
43 5
42 5
42 4
43 4
42 4
43 4
44 4
44 3
43 3
44 3
44 2
44 1
43 1
43 0
43 1
43 2
43 1
43 0
44 0
43 0
43 1
42 1
42 0
43 0
43 1
43 2
43 3
44 3
45 3
45 2
44 2
45 2
46 2
47 2
47 3
46 3
45 3
45 2
45 3
44 3
44 2
44 1
43 1
43 2
44 2
45 2
45 3
44 3
44 2
43 2
44 2
43 2
43 1
43 0
43 1
43 0
44 0
44 1
43 1
44 1
43 1
43 0
43 1
44 1
45 1
44 1
44 2
44 3
44 2
45 2
45 1
45 0
45 1
45 0
45 1
45 0
45 1
44 1
44 0
45 0
46 0
46 1
47 1
47 0
47 1
48 1
47 1
48 1
49 1
49 2
50 2
51 2
50 2
51 2
51 3
51 4
50 4
51 4
52 4
53 4
53 3
53 4
54 4
54 3
55 3
56 3
55 3
54 3
54 2
53 2
53 3
52 3
53 3
52 3
52 2
52 3
52 2
52 1
51 1
52 1
51 1
50 1
50 2
50 3
49 3
48 3
48 4
49 4
49 3
50 3
51 3
51 2
52 2
52 1
51 1
52 1
53 1
54 1
53 1
52 1
52 0
53 0
52 0
53 0
52 0
52 1
52 0
51 0
51 1
51 0
51 1
52 1
51 1
52 1
52 2
52 3
52 4
53 4
52 4
53 4
54 4
55 4
55 5
54 5
55 5
54 5
54 6
53 6
53 7
54 7
54 6
53 6
53 5
53 4
53 3
53 4
53 5
52 5
53 5
54 5
53 5
53 6
53 7
54 7
54 8
54 7
54 8
55 8
54 8
54 7
54 8
54 7
54 8
55 8
56 8
55 8
55 9
55 10
56 10
56 11
57 11
57 12
58 12
58 13
59 13
60 13
59 13
59 14
59 13
59 12
58 12
58 13
58 12
58 13
59 13
60 13
59 13
59 12
58 12
59 12
58 12
58 13
59 13
60 13
61 13
60 13
59 13
58 13
58 12
59 12
59 11
59 10
60 10
59 10
58 10
57 10
56 10
55 10
54 10
54 11
54 10
54 9
54 10
55 10
55 11
56 11
56 10
56 9
56 8
56 9
57 9
57 10
57 11
57 10
57 11
57 12
57 13
58 13
58 14
58 15
59 15
59 16
60 16
60 15
59 15
60 15
59 15
58 15
58 16
59 16
60 16
61 16
62 16
62 15
62 14
62 13
63 13
63 14
63 13
63 14
63 13
62 13
63 13
64 13
64 12
64 11
64 12
65 12
66 12
66 13
67 13
67 12
68 12
68 13
68 12
68 13
68 14
68 13
68 14
68 13
69 13
70 13
71 13
71 12
71 13
70 13
69 13
69 12
70 12
71 12
70 12
69 12
69 11
70 11
70 10
71 10
71 9
72 9
72 10
72 9
72 10
72 9
72 8
72 9
72 10
71 10
71 9
71 8
71 9
71 10
71 11
70 11
70 12
70 13
70 14
71 14
72 14
73 14
73 15
74 15
75 15
75 14
75 13
76 13
76 12
77 12
76 12
76 13
77 13
78 13
77 13
78 13
78 14
78 13
77 13
77 14
78 14
78 13
77 13
77 14
78 14
79 14
79 15
78 15
78 14
79 14
78 14
77 14
77 15
78 15
79 15
79 16
80 16
80 17
80 16
81 16
