0 0
1 0
0 0
0 1
0 0
1 0
1 1
1 2
1 1
1 2
2 2
2 1
3 1
2 1
1 1
0 1
1 1
0 1
0 2
1 2
1 1
1 0
1 1
1 2
1 1
0 1
1 1
1 2
1 1
0 1
0 2
0 3
0 2
1 2
2 2
2 3
1 3
2 3
2 2
2 3
2 2
1 2
2 2
2 3
2 2
1 2
2 2
2 1
2 2
2 1
2 2
2 3
2 4
3 4
3 5
3 6
2 6
2 7
1 7
1 6
2 6
3 6
3 5
4 5
4 4
3 4
3 5
3 4
2 4
2 5
2 4
1 4
0 4
1 4
1 3
0 3
0 2
0 1
0 0
1 0
1 1
1 0
1 1
1 0
1 1
0 1
0 0
0 1
0 0
1 0
1 1
1 0
1 1
0 1
0 0
1 0
1 1
1 2
2 2
2 3
2 2
1 2
0 2
1 2
2 2
3 2
3 3
3 2
4 2
5 2
6 2
6 3
5 3
5 2
6 2
6 3
7 3
7 4
7 3
7 4
7 5
8 5
9 5
9 4
9 3
8 3
8 2
8 3
7 3
6 3
6 2
6 1
5 1
5 0
6 0
6 1
6 2
6 1
6 0
5 0
5 1
5 2
5 1
6 1
6 2
6 3
6 2
6 3
7 3
7 4
7 5
8 5
8 6
7 6
7 5
7 6
7 7
8 7
8 6
8 7
7 7
8 7
8 8
8 7
8 6
8 5
9 5
10 5
11 5
11 4
10 4
11 4
11 5
12 5
12 4
12 5
12 6
12 5
11 5
10 5
9 5
9 4
9 5
8 5
9 5
8 5
8 4
8 3
8 4
9 4
9 3
8 3
7 3
6 3
6 4
6 5
5 5
6 5
6 4
5 4
6 4
6 3
5 3
4 3
5 3
5 4
4 4
5 4
5 3
5 2
4 2
5 2
4 2
4 3
4 4
4 3
4 2
4 3
5 3
4 3
3 3
2 3
2 4
2 3
2 4
2 3
1 3
1 2
1 3
0 3
0 4
0 5
0 6
0 7
1 7
1 8
2 8
3 8
3 7
3 6
3 7
2 7
2 8
2 9
1 9
1 10
1 9
0 9
1 9
1 8
0 8
1 8
0 8
0 7
0 6
0 7
0 8
0 7
0 6
0 7
0 6
1 6
1 5
0 5
0 4
0 5
0 6
1 6
1 7
0 7
0 8
0 7
0 8
1 8
2 8
1 8
2 8
3 8
3 9
3 8
2 8
3 8
3 9
3 8
4 8
5 8
6 8
7 8
6 8
5 8
6 8
6 7
6 6
5 6
4 6
4 7
5 7
5 6
6 6
6 7
6 8
6 9
5 9
5 10
6 10
6 11
7 11
7 10
6 10
6 11
6 10
6 9
6 8
6 7
6 6
5 6
4 6
4 7
4 8
4 7
5 7
6 7
6 8
6 9
5 9
4 9
4 8
4 7
4 8
5 8
5 9
6 9
7 9
7 8
7 7
7 8
6 8
5 8
5 9
5 10
5 9
6 9
7 9
8 9
9 9
9 8
9 9
8 9
7 9
7 8
8 8
8 9
8 8
8 7
7 7
7 8
7 7
8 7
7 7
7 6
8 6
8 7
8 8
8 9
9 9
9 10
9 9
8 9
8 10
9 10
10 10
10 11
10 10
10 11
10 12
9 12
8 12
9 12
10 12
10 11
10 12
11 12
11 11
11 12
11 11
11 12
11 11
10 11
10 12
10 11
10 10
10 11
10 12
11 12
10 12
10 13
11 13
11 12
10 12
10 11
10 10
10 9
10 8
10 7
9 7
9 6
10 6
10 7
11 7
10 7
9 7
9 6
9 7
9 8
8 8
8 9
9 9
10 9
11 9
12 9
12 10
11 10
10 10
10 9
9 9
8 9
8 10
7 10
6 10
6 11
6 12
7 12
6 12
6 11
5 11
5 10
4 10
5 10
6 10
5 10
5 11
5 12
5 11
5 10
5 9
5 10
4 10
5 10
6 10
6 11
6 10
7 10
7 9
7 10
7 9
6 9
6 8
6 9
6 10
5 10
5 9
6 9
7 9
6 9
7 9
7 8
6 8
5 8
6 8
7 8
7 9
8 9
8 8
7 8
7 9
7 8
6 8
7 8
6 8
5 8
5 9
5 10
5 11
4 11
4 10
4 11
5 11
4 11
4 12
5 12
4 12
3 12
2 12
2 13
2 14
1 14
1 15
2 15
3 15
3 14
4 14
4 13
3 13
2 13
1 13
1 12
2 12
2 13
3 13
4 13
5 13
5 12
6 12
6 13
5 13
5 14
6 14
7 14
7 13
7 14
7 13
7 12
7 11
6 11
7 11
7 12
8 12
9 12
9 13
10 13
9 13
9 12
9 11
10 11
10 12
10 13
10 14
10 13
11 13
11 14
11 15
12 15
12 16
12 17
12 16
13 16
13 17
14 17
13 17
13 16
12 16
12 17
13 17
13 16
14 16
13 16
13 15
13 16
14 16
14 17
14 18
14 17
15 17
14 17
14 18
14 19
13 19
14 19
14 20
14 21
14 20
14 21
14 20
14 19
14 20
15 20
14 20
15 20
16 20
16 21
16 20
15 20
15 19
15 18
15 19
15 20
15 19
14 19
14 20
14 21
14 22
14 23
13 23
13 24
13 23
14 23
15 23
14 23
15 23
15 22
15 21
15 22
15 21
15 22
15 21
15 22
14 22
14 21
15 21
15 22
15 23
16 23
15 23
15 24
15 23
16 23
17 23
17 24
17 23
17 24
17 23
17 22
16 22
17 22
17 23
17 24
16 24
15 24
14 24
14 23
13 23
14 23
14 22
14 21
13 21
13 22
13 21
12 21
13 21
13 20
14 20
15 20
15 19
14 19
15 19
15 18
14 18
13 18
13 17
12 17
11 17
11 18
12 18
12 19
13 19
13 20
13 19
13 20
13 19
12 19
13 19
12 19
12 18
11 18
12 18
12 19
12 20
11 20
11 21
10 21
9 21
9 22
10 22
10 23
10 22
11 22
10 22
9 22
10 22
10 23
10 22
11 22
11 23
12 23
12 24
12 25
13 25
13 26
12 26
13 26
14 26
13 26
12 26
11 26
12 26
11 26
11 25
10 25
11 25
11 24
11 25
10 25
10 26
11 26
10 26
10 25
9 25
9 26
9 27
8 27
7 27
7 26
6 26
5 26
5 25
5 26
5 27
6 27
6 26
6 25
5 25
4 25
3 25
3 26
3 25
2 25
1 25
1 24
2 24
2 25
3 25
3 26
4 26
5 26
5 27
6 27
5 27
5 28
5 27
6 27
6 26
7 26
8 26
8 27
8 26
8 25
8 24
8 25
8 24
9 24
9 23
10 23
10 22
10 21
10 22
9 22
8 22
7 22
7 23
7 24
7 23
7 24
7 23
8 23
9 23
8 23
9 23
9 24
10 24
10 25
10 24
10 25
10 24
10 23
10 22
10 23
9 23
10 23
10 24
10 25
10 24
10 23
11 23
10 23
9 23
9 24
10 24
9 24
8 24
8 23
7 23
7 24
8 24
7 24
6 24
6 25
7 25
6 25
6 26
6 27
6 28
5 28
5 27
5 28
5 27
6 27
5 27
5 26
5 27
5 28
6 28
5 28
5 29
5 30
6 30
6 29
6 30
5 30
4 30
4 31
5 31
5 32
6 32
7 32
7 31
7 30
7 29
7 28
6 28
6 27
6 28
7 28
6 28
6 29
6 30
7 30
6 30
6 31
6 32
7 32
7 31
6 31
5 31
6 31
6 32
7 32
7 31
7 32
7 33
6 33
6 34
5 34
5 35
5 34
5 35
4 35
3 35
3 36
4 36
4 35
5 35
5 36
5 35
4 35
3 35
2 35
2 36
2 35
1 35
1 34
2 34
2 35
2 34
2 35
2 34
1 34
1 33
1 32
0 32
1 32
1 33
2 33
2 32
2 31
1 31
1 30
1 29
0 29
1 29
1 30
1 29
0 29
0 30
0 29
1 29
2 29
1 29
2 29
3 29
3 28
3 29
4 29
5 29
4 29
5 29
4 29
3 29
3 30
3 29
4 29
5 29
5 28
6 28
7 28
6 28
6 27
6 28
5 28
5 27
6 27
6 26
7 26
8 26
8 27
8 26
8 25
8 24
7 24
6 24
7 24
7 25
7 26
8 26
7 26
7 27
6 27
6 28
7 28
8 28
9 28
9 29
9 30
9 31
9 30
10 30
10 31
11 31
11 32
11 33
11 34
10 34
10 33
11 33
11 32
10 32
11 32
12 32
13 32
13 33
12 33
12 34
12 33
12 32
12 33
11 33
12 33
11 33
11 32
12 32
12 31
12 32
12 31
13 31
13 30
14 30
13 30
12 30
13 30
13 31
12 31
13 31
13 32
13 33
12 33
13 33
12 33
13 33
13 34
13 35
13 36
14 36
14 35
14 34
14 33
14 32
13 32
13 31
13 30
12 30
13 30
