0 0
0 1
1 1
0 1
1 1
2 1
2 2
3 2
2 2
2 3
2 2
2 3
3 3
4 3
3 3
2 3
2 2
2 3
3 3
4 3
4 4
3 4
4 4
5 4
5 3
5 2
4 2
4 1
3 1
3 0
4 0
4 1
4 2
5 2
5 1
5 2
4 2
5 2
6 2
7 2
6 2
6 3
5 3
5 4
5 5
4 5
3 5
2 5
3 5
3 6
3 7
3 6
3 7
3 6
3 5
3 6
4 6
4 7
3 7
3 6
2 6
2 5
3 5
3 4
4 4
3 4
4 4
4 5
4 6
4 5
5 5
6 5
7 5
8 5
9 5
8 5
9 5
9 4
9 5
9 4
8 4
8 3
9 3
10 3
9 3
8 3
8 4
8 3
7 3
7 4
6 4
7 4
7 5
7 6
7 5
8 5
8 4
7 4
7 5
7 6
7 5
6 5
7 5
6 5
6 6
6 5
6 4
6 5
7 5
8 5
8 4
8 3
9 3
9 4
10 4
9 4
8 4
8 5
7 5
8 5
8 6
8 5
8 6
9 6
8 6
8 7
8 8
8 7
9 7
8 7
8 8
8 9
8 8
8 7
8 8
7 8
7 7
6 7
6 6
6 5
6 4
5 4
6 4
7 4
7 3
7 2
8 2
8 1
8 0
8 1
8 0
7 0
7 1
7 2
7 3
8 3
8 2
9 2
9 3
9 4
8 4
7 4
6 4
6 3
7 3
7 4
7 3
7 4
8 4
8 5
9 5
8 5
9 5
9 4
8 4
8 3
7 3
7 4
8 4
7 4
8 4
7 4
7 3
7 4
7 3
6 3
5 3
5 2
5 3
5 2
4 2
4 3
4 2
3 2
3 3
4 3
3 3
3 2
3 1
2 1
1 1
1 2
1 3
2 3
1 3
1 4
1 5
1 4
1 5
1 6
1 5
1 4
0 4
1 4
1 3
2 3
2 2
1 2
2 2
2 1
3 1
3 0
4 0
4 1
5 1
5 2
5 1
5 2
4 2
4 3
4 4
4 3
5 3
6 3
6 2
7 2
7 1
8 1
7 1
6 1
6 0
7 0
8 0
8 1
8 2
9 2
9 3
9 2
8 2
8 3
8 2
8 3
8 4
7 4
6 4
7 4
8 4
8 5
7 5
8 5
8 6
8 5
9 5
10 5
9 5
10 5
10 4
10 5
9 5
10 5
10 4
11 4
10 4
10 5
10 4
11 4
11 5
11 6
10 6
10 7
9 7
10 7
10 8
11 8
12 8
13 8
13 9
13 10
12 10
11 10
11 11
11 10
11 9
11 10
10 10
10 11
10 10
10 11
10 12
10 13
10 14
9 14
9 13
8 13
9 13
8 13
9 13
10 13
10 14
11 14
10 14
10 15
9 15
9 14
10 14
9 14
9 15
10 15
10 16
11 16
12 16
12 17
11 17
10 17
9 17
8 17
8 16
8 17
9 17
9 18
9 19
8 19
9 19
9 18
9 19
9 18
9 19
9 20
10 20
10 19
10 18
9 18
8 18
8 19
8 18
7 18
6 18
6 19
6 20
6 21
5 21
5 22
4 22
3 22
2 22
2 21
2 22
1 22
2 22
1 22
2 22
2 21
2 22
2 21
2 22
2 21
2 20
2 21
2 20
2 21
2 22
3 22
3 23
3 22
4 22
3 22
3 23
3 24
2 24
3 24
4 24
5 24
5 25
4 25
4 24
3 24
3 25
4 25
5 25
5 26
5 25
5 24
5 25
6 25
6 26
6 25
6 24
5 24
5 25
4 25
3 25
2 25
1 25
2 25
1 25
0 25
0 26
1 26
1 27
2 27
1 27
1 28
1 27
1 26
2 26
2 25
1 25
0 25
0 26
1 26
1 27
1 28
1 29
0 29
0 28
0 27
1 27
1 26
1 27
0 27
0 28
1 28
1 27
2 27
2 26
3 26
3 25
3 24
3 25
3 26
4 26
4 25
4 26
4 25
3 25
4 25
3 25
3 26
4 26
5 26
5 25
6 25
7 25
7 26
7 27
7 28
7 27
6 27
6 28
6 29
6 30
6 29
5 29
5 28
5 29
6 29
6 30
6 31
5 31
5 32
4 32
4 33
3 33
3 32
3 33
3 32
3 33
3 34
2 34
2 35
2 36
1 36
2 36
2 35
2 36
2 37
1 37
0 37
0 38
1 38
2 38
1 38
0 38
1 38
1 39
1 38
0 38
1 38
0 38
1 38
1 39
0 39
1 39
1 40
0 40
0 39
1 39
2 39
2 38
2 39
2 40
2 41
1 41
1 40
1 41
1 42
2 42
2 41
2 40
3 40
3 41
3 42
3 43
3 44
3 43
4 43
4 42
5 42
4 42
4 43
3 43
2 43
1 43
1 44
0 44
1 44
2 44
3 44
3 45
3 46
4 46
5 46
4 46
5 46
4 46
4 45
3 45
4 45
4 44
4 43
4 44
3 44
3 45
2 45
2 44
3 44
4 44
3 44
3 43
3 44
4 44
4 45
4 46
4 45
4 44
3 44
2 44
2 43
3 43
4 43
4 44
4 45
3 45
2 45
2 46
2 47
2 46
2 47
1 47
1 48
0 48
1 48
1 49
1 48
0 48
0 49
0 50
1 50
1 51
0 51
1 51
1 52
1 51
1 52
1 51
1 52
1 53
1 52
0 52
1 52
1 51
0 51
1 51
2 51
3 51
3 50
2 50
2 49
2 48
2 47
2 48
3 48
3 47
2 47
2 46
2 45
1 45
2 45
2 46
2 47
2 46
1 46
0 46
0 47
1 47
2 47
2 48
1 48
0 48
0 49
0 50
1 50
1 49
1 48
1 47
1 48
1 47
1 46
2 46
2 45
3 45
3 44
4 44
4 43
5 43
5 44
5 43
5 42
6 42
6 41
6 42
5 42
4 42
5 42
5 43
5 42
5 43
5 44
5 45
5 46
5 47
5 48
4 48
4 47
4 48
4 49
5 49
6 49
7 49
7 48
7 49
7 48
7 47
7 48
8 48
9 48
10 48
11 48
11 49
10 49
11 49
10 49
10 50
10 49
11 49
10 49
9 49
8 49
9 49
10 49
10 48
11 48
10 48
11 48
11 47
10 47
11 47
10 47
10 48
10 47
10 46
10 47
11 47
11 48
11 49
11 48
11 47
12 47
12 46
12 47
12 48
12 47
13 47
13 48
13 49
13 48
12 48
12 47
12 48
12 47
12 48
13 48
14 48
15 48
16 48
16 49
17 49
16 49
16 48
16 47
16 46
16 47
16 48
16 47
17 47
17 48
17 49
17 50
17 51
18 51
17 51
18 51
18 50
17 50
17 49
18 49
18 48
19 48
19 47
19 46
20 46
20 47
19 47
18 47
18 48
18 49
19 49
19 50
18 50
17 50
17 51
16 51
16 50
16 49
16 50
16 49
15 49
16 49
15 49
14 49
14 50
13 50
13 49
13 48
13 47
12 47
12 46
12 47
13 47
14 47
13 47
13 46
13 45
13 46
13 45
12 45
11 45
11 44
11 43
11 42
10 42
9 42
9 41
9 42
9 41
10 41
11 41
10 41
11 41
12 41
13 41
13 40
14 40
14 41
14 40
13 40
14 40
14 41
14 40
15 40
14 40
13 40
12 40
11 40
10 40
10 41
11 41
11 40
10 40
10 39
9 39
8 39
9 39
8 39
9 39
8 39
8 38
9 38
9 39
9 38
9 39
9 38
8 38
9 38
9 37
8 37
8 38
8 37
8 38
7 38
7 39
7 38
8 38
7 38
6 38
7 38
6 38
7 38
7 37
6 37
5 37
6 37
5 37
5 38
5 37
5 38
5 39
5 40
5 41
6 41
6 40
5 40
5 39
4 39
5 39
4 39
4 38
3 38
3 39
3 40
3 39
3 40
3 39
3 38
3 37
2 37
3 37
3 38
2 38
3 38
3 37
4 37
4 38
3 38
4 38
4 39
4 40
4 39
4 38
4 37
3 37
2 37
2 38
2 39
1 39
1 38
0 38
1 38
0 38
0 39
1 39
2 39
3 39
3 40
2 40
2 39
3 39
3 40
4 40
3 40
3 39
3 40
2 40
2 39
1 39
0 39
0 40
1 40
1 41
0 41
0 40
1 40
2 40
2 39
1 39
1 40
1 41
0 41
0 42
1 42
2 42
1 42
0 42
0 43
0 44
1 44
2 44
1 44
1 43
0 43
0 42
1 42
1 43
1 42
1 43
0 43
0 44
0 43
1 43
1 44
1 45
1 46
2 46
3 46
4 46
4 45
4 44
5 44
5 43
5 44
5 43
4 43
3 43
3 44
3 45
2 45
1 45
1 44
1 45
1 46
1 45
2 45
1 45
1 46
1 45
1 44
2 44
3 44
3 45
3 46
4 46
4 45
3 45
3 44
3 43
2 43
3 43
4 43
3 43
3 42
4 42
4 41
4 42
5 42
6 42
5 42
6 42
5 42
6 42
6 41
