0 0
1 0
1 1
2 1
2 2
1 2
2 2
2 3
3 3
4 3
4 2
3 2
4 2
4 3
4 2
5 2
4 2
3 2
2 2
2 1
3 1
3 0
3 1
3 0
3 1
2 1
2 2
3 2
4 2
3 2
2 2
2 3
1 3
2 3
2 4
2 3
1 3
1 2
2 2
2 3
2 2
2 1
2 2
2 1
1 1
1 0
1 1
1 2
2 2
3 2
4 2
5 2
5 1
5 0
6 0
5 0
5 1
5 0
5 1
5 2
5 3
4 3
5 3
4 3
5 3
5 2
4 2
3 2
3 1
3 2
3 1
3 2
4 2
4 1
5 1
6 1
6 2
6 3
5 3
5 2
4 2
5 2
5 1
5 2
5 3
5 2
6 2
7 2
7 3
6 3
6 4
7 4
8 4
9 4
10 4
9 4
9 5
9 6
9 7
9 6
8 6
8 7
9 7
9 8
8 8
8 9
7 9
8 9
9 9
8 9
9 9
10 9
11 9
10 9
10 8
10 9
11 9
10 9
9 9
9 10
10 10
10 11
10 12
10 13
11 13
11 14
12 14
12 13
11 13
10 13
10 12
9 12
9 11
9 12
9 11
8 11
9 11
10 11
11 11
10 11
9 11
9 10
8 10
9 10
8 10
8 9
7 9
7 10
8 10
8 11
8 12
9 12
9 11
10 11
11 11
11 10
11 11
11 12
11 13
11 12
11 11
12 11
11 11
12 11
13 11
14 11
15 11
15 10
14 10
14 11
15 11
16 11
17 11
17 10
18 10
18 9
18 10
17 10
16 10
16 11
16 12
16 13
16 12
16 13
16 12
16 11
17 11
18 11
18 12
17 12
18 12
18 11
17 11
18 11
19 11
19 12
19 13
18 13
18 14
19 14
19 13
20 13
21 13
20 13
20 14
19 14
18 14
17 14
18 14
18 13
18 12
19 12
20 12
19 12
20 12
19 12
19 13
20 13
19 13
19 14
19 13
20 13
20 12
20 11
20 12
20 11
20 12
20 11
21 11
20 11
20 10
20 11
21 11
22 11
23 11
23 12
23 11
23 10
24 10
23 10
23 11
22 11
22 12
21 12
21 11
22 11
22 10
21 10
21 11
21 10
21 9
21 8
20 8
20 7
20 6
21 6
21 7
20 7
20 8
19 8
19 9
18 9
18 10
17 10
16 10
16 11
16 10
17 10
16 10
16 11
16 10
16 9
16 8
16 7
16 8
15 8
14 8
13 8
13 7
13 8
13 7
13 8
13 9
12 9
11 9
12 9
13 9
13 8
12 8
12 7
13 7
13 6
13 5
13 4
14 4
14 5
14 4
13 4
13 5
14 5
14 4
15 4
15 5
14 5
13 5
13 6
13 5
13 4
12 4
13 4
13 5
13 6
14 6
14 7
15 7
15 6
15 5
15 4
14 4
15 4
15 3
15 2
16 2
15 2
15 1
15 2
14 2
13 2
12 2
12 3
13 3
13 4
14 4
14 5
14 4
13 4
13 3
12 3
12 2
12 3
13 3
14 3
14 2
13 2
12 2
13 2
14 2
14 1
15 1
16 1
16 2
17 2
17 3
17 2
18 2
18 3
18 4
18 5
19 5
20 5
20 6
20 7
20 6
20 7
20 8
19 8
20 8
19 8
19 7
18 7
19 7
19 8
19 9
19 10
20 10
20 11
21 11
22 11
23 11
23 10
23 11
23 12
23 13
24 13
25 13
25 12
25 11
26 11
27 11
27 12
27 11
28 11
28 10
29 10
29 11
30 11
29 11
28 11
27 11
27 12
27 11
26 11
27 11
26 11
25 11
24 11
25 11
24 11
24 12
24 13
24 14
25 14
25 13
25 12
25 11
25 12
25 13
26 13
26 14
26 13
26 12
27 12
27 13
28 13
27 13
27 14
28 14
28 15
29 15
29 16
29 17
29 18
29 19
29 20
30 20
30 21
29 21
29 22
30 22
29 22
30 22
31 22
31 23
31 22
32 22
32 21
33 21
33 20
33 21
34 21
34 20
34 21
35 21
35 20
35 21
35 20
35 21
35 22
34 22
34 23
35 23
34 23
34 24
35 24
36 24
36 23
36 22
36 23
37 23
36 23
36 22
35 22
34 22
34 23
34 24
34 25
35 25
35 24
34 24
35 24
34 24
34 23
35 23
35 24
35 25
35 26
35 25
35 24
35 23
35 22
35 21
34 21
34 20
34 19
33 19
34 19
34 18
34 19
35 19
36 19
37 19
36 19
37 19
37 20
37 19
37 18
37 19
37 18
37 19
36 19
36 18
35 18
35 17
35 18
35 19
34 19
35 19
36 19
36 20
36 21
35 21
35 20
35 19
36 19
35 19
34 19
35 19
34 19
35 19
36 19
35 19
35 20
36 20
36 19
35 19
36 19
35 19
34 19
34 20
33 20
33 21
34 21
34 20
33 20
34 20
34 19
34 20
33 20
32 20
32 19
33 19
33 18
33 17
34 17
35 17
34 17
35 17
36 17
37 17
38 17
37 17
37 18
36 18
35 18
34 18
35 18
34 18
35 18
35 19
35 18
34 18
34 17
34 16
35 16
35 15
36 15
36 16
35 16
34 16
34 15
35 15
35 16
35 17
35 18
34 18
35 18
36 18
36 19
35 19
35 20
35 19
34 19
35 19
34 19
35 19
35 20
34 20
33 20
33 19
34 19
34 18
34 17
34 16
34 15
34 16
33 16
33 17
33 18
34 18
34 19
33 19
32 19
32 20
33 20
33 21
32 21
33 21
32 21
31 21
30 21
31 21
30 21
30 22
29 22
30 22
29 22
30 22
30 21
30 22
31 22
30 22
31 22
32 22
31 22
32 22
32 23
32 22
31 22
32 22
32 23
32 22
31 22
31 23
31 24
31 23
31 22
31 23
31 22
31 23
32 23
32 24
31 24
31 25
31 24
31 25
31 26
31 27
32 27
32 26
33 26
34 26
34 25
35 25
36 25
37 25
36 25
35 25
35 26
36 26
36 27
36 26
35 26
35 27
34 27
34 26
34 25
35 25
34 25
34 24
35 24
34 24
33 24
34 24
33 24
32 24
32 23
31 23
30 23
30 22
30 21
30 20
29 20
28 20
28 19
28 18
29 18
28 18
29 18
28 18
28 17
29 17
28 17
28 16
28 15
28 16
28 17
27 17
26 17
26 16
27 16
27 15
27 16
27 15
27 14
28 14
27 14
26 14
26 15
26 16
26 17
27 17
27 18
26 18
26 19
26 20
25 20
24 20
23 20
22 20
22 21
23 21
24 21
25 21
26 21
25 21
25 22
25 21
25 22
25 21
24 21
24 20
25 20
26 20
27 20
28 20
29 20
29 19
29 18
28 18
28 19
29 19
30 19
30 20
29 20
29 19
29 18
30 18
31 18
31 17
32 17
33 17
33 16
34 16
35 16
35 15
35 14
36 14
36 15
37 15
36 15
36 14
35 14
35 13
35 14
35 15
36 15
36 14
36 13
36 12
36 11
37 11
38 11
38 10
38 9
38 8
37 8
36 8
35 8
36 8
36 9
36 10
35 10
35 9
34 9
35 9
35 10
35 11
35 12
35 11
35 12
34 12
33 12
33 11
32 11
32 10
32 11
31 11
31 10
32 10
33 10
34 10
33 10
34 10
35 10
35 11
34 11
34 12
34 11
35 11
36 11
37 11
38 11
38 12
37 12
38 12
38 11
38 12
37 12
37 11
37 10
38 10
37 10
36 10
35 10
36 10
36 11
37 11
37 12
36 12
37 12
37 11
37 10
38 10
38 11
37 11
37 12
38 12
39 12
38 12
38 11
38 12
37 12
36 12
36 11
36 12
36 11
35 11
36 11
36 12
36 11
36 12
37 12
38 12
37 12
38 12
38 13
39 13
39 12
39 13
39 14
40 14
41 14
40 14
40 15
40 16
40 15
40 16
40 15
39 15
39 14
40 14
41 14
42 14
41 14
42 14
43 14
43 13
44 13
43 13
42 13
41 13
41 14
41 13
41 14
40 14
41 14
42 14
42 13
42 14
42 13
42 14
43 14
44 14
44 15
44 14
44 13
44 12
44 11
44 12
43 12
44 12
44 11
44 12
43 12
43 11
43 10
42 10
42 9
42 8
43 8
42 8
42 9
42 8
42 7
43 7
43 8
42 8
43 8
43 7
42 7
42 8
41 8
42 8
42 7
41 7
40 7
40 6
40 5
41 5
40 5
41 5
41 6
41 5
41 4
40 4
40 5
41 5
41 4
41 5
41 4
41 5
41 6
40 6
41 6
41 7
41 8
40 8
40 9
40 8
41 8
41 7
41 8
41 7
41 8
40 8
40 9
41 9
42 9
43 9
44 9
44 10
44 11
44 12
44 11
43 11
43 12
44 12
44 13
43 13
43 12
42 12
43 12
43 11
44 11
43 11
43 12
44 12
45 12
45 11
45 10
45 11
45 10
45 9
45 10
45 11
46 11
47 11
47 12
47 11
47 12
