0 0
0 1
0 0
0 1
0 0
0 1
0 0
0 1
0 0
1 0
1 1
2 1
2 2
2 3
2 4
2 3
2 4
1 4
0 4
0 5
1 5
1 6
0 6
1 6
1 7
0 7
1 7
1 6
1 7
2 7
3 7
4 7
3 7
4 7
3 7
3 8
4 8
3 8
3 9
3 10
4 10
4 9
3 9
2 9
2 10
1 10
1 9
0 9
0 10
0 11
0 10
1 10
1 9
0 9
1 9
1 10
0 10
1 10
2 10
3 10
3 9
4 9
4 10
4 11
4 12
3 12
3 11
4 11
5 11
5 12
4 12
3 12
2 12
2 13
3 13
4 13
5 13
5 12
5 11
5 10
6 10
5 10
6 10
5 10
5 9
6 9
7 9
6 9
5 9
6 9
7 9
7 10
7 9
7 10
7 11
7 12
7 11
7 12
8 12
9 12
9 13
8 13
8 14
7 14
8 14
8 13
9 13
9 14
8 14
8 15
7 15
7 16
8 16
7 16
7 15
7 14
6 14
7 14
8 14
9 14
8 14
8 15
7 15
7 16
6 16
5 16
6 16
7 16
6 16
7 16
6 16
5 16
6 16
6 15
6 16
5 16
6 16
6 17
7 17
7 18
7 19
6 19
5 19
5 18
6 18
6 17
7 17
8 17
7 17
7 18
7 19
7 18
6 18
6 19
7 19
8 19
8 18
8 17
8 16
7 16
7 15
7 16
7 17
7 16
7 17
7 16
7 17
7 18
7 19
8 19
9 19
9 18
9 17
10 17
10 16
9 16
9 17
8 17
7 17
8 17
7 17
8 17
7 17
6 17
6 16
6 15
5 15
4 15
4 16
3 16
2 16
2 17
3 17
2 17
2 18
2 17
1 17
1 16
1 15
1 16
2 16
1 16
1 15
1 16
1 17
1 18
1 19
1 20
0 20
1 20
2 20
2 19
1 19
0 19
0 20
0 21
0 22
0 21
0 20
0 19
0 18
1 18
2 18
2 17
2 18
2 17
2 18
3 18
3 17
2 17
2 16
3 16
2 16
3 16
2 16
1 16
1 17
1 18
0 18
1 18
0 18
0 17
1 17
1 16
0 16
1 16
1 17
1 16
0 16
0 17
0 16
0 17
1 17
2 17
2 18
2 19
1 19
2 19
2 20
2 21
2 22
3 22
2 22
3 22
2 22
2 21
3 21
2 21
3 21
2 21
1 21
0 21
1 21
1 22
0 22
1 22
0 22
1 22
2 22
2 23
2 22
2 21
1 21
2 21
2 22
1 22
2 22
3 22
4 22
4 21
3 21
3 22
3 21
4 21
4 22
4 21
4 22
4 23
4 24
4 25
3 25
2 25
2 26
3 26
2 26
2 25
1 25
2 25
2 26
2 27
2 26
2 25
2 26
2 27
3 27
3 26
4 26
4 27
5 27
4 27
4 26
5 26
5 27
5 28
4 28
4 27
5 27
6 27
6 26
6 27
5 27
5 28
5 27
5 26
5 25
5 26
4 26
3 26
4 26
4 27
4 28
5 28
5 27
6 27
6 26
6 27
5 27
5 28
4 28
4 27
3 27
4 27
4 28
5 28
5 27
5 26
4 26
4 25
5 25
4 25
4 24
4 23
4 24
5 24
4 24
4 25
5 25
4 25
3 25
4 25
4 24
4 23
5 23
5 24
4 24
3 24
3 23
3 24
4 24
4 23
5 23
4 23
4 22
4 23
3 23
2 23
2 22
2 23
2 22
2 23
2 24
2 23
2 22
1 22
2 22
2 23
1 23
1 22
1 23
2 23
2 24
1 24
0 24
1 24
2 24
3 24
4 24
3 24
4 24
4 25
5 25
4 25
3 25
2 25
2 24
2 25
2 26
1 26
2 26
3 26
3 27
3 26
3 25
2 25
2 26
2 27
2 28
3 28
4 28
4 29
4 30
4 29
3 29
3 30
3 31
2 31
3 31
3 32
4 32
3 32
2 32
3 32
2 32
3 32
2 32
1 32
1 31
1 30
2 30
3 30
3 31
3 32
2 32
1 32
1 33
1 32
2 32
2 33
2 32
1 32
2 32
1 32
0 32
0 31
0 30
1 30
1 31
1 30
0 30
1 30
0 30
0 31
1 31
1 30
0 30
1 30
1 29
1 30
0 30
0 29
0 28
1 28
2 28
2 27
2 28
3 28
3 29
3 28
3 29
3 28
3 27
4 27
4 28
4 29
4 30
3 30
4 30
3 30
3 29
2 29
3 29
4 29
4 28
5 28
4 28
4 29
5 29
6 29
7 29
8 29
8 30
9 30
9 31
8 31
8 30
9 30
8 30
8 31
8 32
7 32
8 32
8 31
9 31
9 30
9 29
8 29
8 30
8 31
7 31
7 32
6 32
7 32
8 32
8 33
8 34
7 34
8 34
8 35
9 35
9 36
10 36
10 35
10 36
10 37
10 36
10 35
10 34
11 34
10 34
10 33
10 32
11 32
11 33
10 33
10 34
10 33
11 33
10 33
11 33
12 33
12 34
12 33
12 34
13 34
13 33
14 33
13 33
13 34
13 33
13 34
13 33
13 32
13 31
13 32
13 31
14 31
14 30
15 30
15 29
15 30
16 30
16 31
16 30
16 31
17 31
18 31
18 32
19 32
18 32
18 33
19 33
19 32
18 32
17 32
17 33
17 34
16 34
17 34
18 34
18 33
18 34
18 33
17 33
17 34
17 33
17 34
18 34
18 33
18 34
18 33
18 32
18 31
17 31
18 31
17 31
17 32
18 32
17 32
17 31
18 31
17 31
17 30
17 29
17 30
16 30
15 30
15 31
14 31
14 32
14 31
13 31
13 32
13 31
13 32
13 33
14 33
14 34
15 34
16 34
17 34
18 34
18 35
19 35
19 36
20 36
20 37
20 38
20 37
21 37
21 36
20 36
19 36
19 37
18 37
18 38
17 38
17 39
17 40
17 39
18 39
18 40
19 40
18 40
19 40
19 41
18 41
18 40
18 41
18 40
18 39
18 38
18 37
18 38
17 38
17 39
17 40
16 40
16 41
16 40
15 40
15 41
15 42
14 42
13 42
12 42
12 41
11 41
11 42
12 42
11 42
11 41
11 40
11 41
10 41
11 41
10 41
10 40
9 40
9 39
9 40
9 39
10 39
10 38
9 38
8 38
7 38
6 38
6 37
7 37
7 38
7 39
7 40
7 41
7 40
7 39
6 39
5 39
5 38
5 39
5 38
6 38
6 37
5 37
5 36
5 35
5 36
5 35
5 34
6 34
7 34
7 33
6 33
6 32
5 32
6 32
5 32
6 32
7 32
7 31
7 30
7 31
6 31
5 31
5 32
5 33
4 33
5 33
5 34
6 34
6 35
5 35
5 34
4 34
3 34
2 34
2 35
1 35
0 35
1 35
2 35
1 35
1 36
1 35
1 36
0 36
1 36
1 37
2 37
1 37
2 37
3 37
4 37
5 37
6 37
5 37
5 36
4 36
5 36
4 36
3 36
3 37
3 38
3 37
3 38
2 38
3 38
3 37
3 36
3 37
4 37
5 37
5 36
5 37
5 38
4 38
4 39
4 40
4 41
4 42
4 41
3 41
4 41
5 41
5 42
4 42
5 42
6 42
6 41
7 41
8 41
8 42
9 42
9 43
9 42
10 42
10 41
9 41
8 41
8 42
7 42
8 42
8 41
7 41
7 42
7 41
8 41
9 41
10 41
9 41
8 41
8 40
7 40
7 41
8 41
7 41
7 42
7 41
7 42
7 43
6 43
5 43
5 42
5 41
6 41
6 40
5 40
4 40
4 41
5 41
4 41
3 41
3 42
3 41
3 40
3 41
3 42
3 43
3 42
4 42
3 42
3 41
3 40
3 39
2 39
1 39
0 39
1 39
1 38
1 39
1 40
2 40
3 40
4 40
3 40
4 40
5 40
5 41
4 41
3 41
3 42
3 41
2 41
3 41
3 40
3 41
3 40
3 39
2 39
1 39
0 39
0 40
1 40
2 40
3 40
3 39
3 38
2 38
2 39
3 39
4 39
4 40
5 40
5 39
6 39
7 39
7 40
8 40
8 39
7 39
7 40
7 41
7 42
7 41
8 41
7 41
6 41
6 40
6 39
6 40
6 41
6 40
6 39
7 39
7 40
6 40
6 39
6 40
7 40
7 41
7 40
6 40
6 41
6 40
6 41
5 41
6 41
7 41
6 41
6 40
7 40
7 39
7 38
6 38
5 38
5 37
5 38
6 38
6 39
7 39
7 40
7 41
7 42
6 42
7 42
8 42
9 42
9 43
8 43
7 43
6 43
5 43
6 43
5 43
5 42
6 42
6 41
5 41
6 41
7 41
6 41
5 41
5 42
4 42
4 41
4 40
5 40
4 40
4 39
5 39
5 40
5 41
5 40
4 40
4 39
4 38
3 38
2 38
1 38
1 37
0 37
1 37
1 36
2 36
2 35
2 34
3 34
2 34
1 34
1 33
2 33
