0 0
0 1
1 1
2 1
2 0
1 0
1 1
1 2
1 3
1 2
2 2
2 3
2 2
2 3
2 2
2 3
1 3
0 3
0 4
0 5
1 5
2 5
2 4
1 4
0 4
1 4
1 5
1 6
0 6
0 5
0 4
0 5
0 4
0 5
0 6
0 7
1 7
1 8
0 8
1 8
0 8
0 9
0 10
1 10
1 11
1 10
2 10
1 10
2 10
1 10
1 11
2 11
2 12
3 12
3 13
2 13
2 14
1 14
2 14
2 13
1 13
1 12
1 13
0 13
0 14
1 14
2 14
3 14
2 14
2 15
3 15
3 14
3 15
3 16
3 17
3 16
2 16
2 17
3 17
4 17
3 17
2 17
3 17
4 17
5 17
6 17
7 17
6 17
5 17
5 18
5 17
5 18
4 18
4 19
4 20
5 20
5 21
5 22
6 22
7 22
7 23
6 23
6 24
6 23
5 23
6 23
6 24
5 24
5 23
6 23
5 23
5 24
5 23
5 24
5 25
5 24
6 24
6 25
7 25
6 25
6 26
5 26
5 27
5 28
4 28
4 27
3 27
2 27
2 26
1 26
1 25
2 25
2 26
1 26
2 26
2 25
2 26
1 26
2 26
1 26
0 26
1 26
0 26
0 27
1 27
2 27
2 26
2 27
1 27
1 28
1 27
1 28
0 28
1 28
1 29
1 28
0 28
0 29
1 29
1 28
2 28
2 29
3 29
2 29
1 29
0 29
0 28
1 28
2 28
2 27
2 26
2 27
2 26
3 26
3 27
4 27
5 27
5 28
6 28
5 28
5 27
4 27
4 28
3 28
2 28
2 29
2 28
2 27
2 26
3 26
3 27
2 27
3 27
3 28
3 27
3 28
4 28
5 28
4 28
4 29
3 29
3 28
4 28
4 27
3 27
3 26
3 25
3 26
4 26
3 26
3 27
3 28
3 29
3 28
4 28
3 28
2 28
3 28
3 27
3 28
2 28
2 29
2 30
2 31
2 32
2 31
2 32
3 32
2 32
2 31
3 31
4 31
3 31
4 31
4 30
4 31
3 31
4 31
5 31
4 31
3 31
3 30
3 29
2 29
2 30
3 30
3 31
3 32
4 32
5 32
5 33
5 34
6 34
5 34
5 33
5 32
5 33
6 33
6 34
7 34
7 35
8 35
8 34
8 35
8 34
9 34
9 33
9 34
9 35
8 35
9 35
10 35
9 35
8 35
9 35
9 34
9 33
8 33
8 34
8 33
8 34
7 34
8 34
8 35
8 34
8 35
9 35
9 34
9 33
9 32
10 32
9 32
9 33
9 32
10 32
10 33
9 33
10 33
9 33
9 34
10 34
9 34
9 33
10 33
11 33
10 33
11 33
10 33
11 33
11 32
10 32
10 33
10 34
10 35
9 35
9 34
9 35
9 36
9 37
9 36
9 35
10 35
10 34
10 33
10 34
11 34
11 33
11 32
10 32
9 32
10 32
10 33
11 33
10 33
10 32
10 33
10 32
10 33
10 34
10 33
10 34
9 34
9 35
10 35
10 34
9 34
9 35
8 35
8 34
8 35
8 36
8 35
9 35
9 36
9 35
8 35
8 34
8 35
9 35
8 35
9 35
10 35
10 34
9 34
10 34
9 34
9 33
10 33
9 33
10 33
10 34
9 34
9 33
9 34
9 33
9 32
8 32
9 32
8 32
8 33
8 32
7 32
7 33
7 32
6 32
5 32
5 31
5 30
5 31
6 31
5 31
5 32
4 32
4 33
4 32
4 33
3 33
2 33
2 34
2 33
1 33
2 33
1 33
0 33
1 33
1 34
0 34
0 33
1 33
1 32
1 31
0 31
0 32
0 31
0 30
0 31
1 31
1 30
1 31
1 32
1 31
0 31
1 31
2 31
2 32
3 32
3 31
3 30
3 31
4 31
4 30
3 30
3 29
3 28
2 28
2 29
3 29
2 29
1 29
1 30
1 31
0 31
0 32
1 32
1 33
2 33
2 34
2 35
2 36
1 36
0 36
0 35
1 35
1 34
0 34
1 34
1 33
1 32
1 31
2 31
2 30
1 30
1 29
1 28
1 29
0 29
1 29
1 28
1 27
1 26
1 25
1 24
1 25
0 25
0 24
0 23
0 22
0 21
1 21
2 21
3 21
3 22
3 21
3 22
4 22
4 23
4 24
3 24
4 24
5 24
4 24
4 25
4 24
5 24
5 25
5 24
4 24
4 25
4 24
3 24
4 24
4 25
4 26
3 26
3 25
4 25
3 25
2 25
2 24
2 23
2 24
2 23
2 24
1 24
0 24
0 25
1 25
2 25
2 26
2 27
3 27
3 28
3 29
2 29
3 29
4 29
5 29
5 28
4 28
4 27
4 28
4 27
3 27
2 27
3 27
4 27
5 27
5 26
4 26
4 27
3 27
4 27
4 26
3 26
4 26
4 27
3 27
3 26
2 26
3 26
4 26
3 26
4 26
4 25
5 25
6 25
7 25
8 25
8 24
8 23
8 22
9 22
9 21
8 21
8 22
8 23
8 24
7 24
6 24
7 24
6 24
5 24
5 23
4 23
5 23
4 23
5 23
4 23
4 24
4 23
4 24
4 23
4 24
4 23
5 23
5 22
5 23
4 23
3 23
3 24
3 25
3 26
3 27
3 26
3 25
3 24
4 24
4 25
3 25
2 25
1 25
2 25
3 25
3 26
3 27
3 28
3 27
3 26
4 26
4 25
3 25
3 24
3 23
3 22
4 22
5 22
5 21
5 22
6 22
5 22
5 23
5 22
6 22
6 23
7 23
7 22
8 22
8 23
7 23
6 23
7 23
7 24
6 24
6 25
7 25
7 24
6 24
6 25
7 25
6 25
5 25
6 25
5 25
5 26
5 27
5 26
6 26
5 26
5 27
5 28
5 27
5 26
4 26
5 26
5 27
4 27
4 28
4 27
4 28
4 27
4 28
5 28
5 29
4 29
4 30
4 31
5 31
6 31
6 32
6 33
6 34
6 35
5 35
4 35
5 35
5 36
5 37
6 37
6 36
6 35
7 35
8 35
8 34
7 34
7 33
7 34
7 35
8 35
8 36
8 37
8 36
7 36
6 36
7 36
6 36
5 36
5 35
5 34
6 34
5 34
5 33
6 33
6 32
6 31
7 31
7 32
7 31
8 31
8 32
8 31
8 30
7 30
7 31
8 31
8 30
9 30
9 29
9 30
9 29
8 29
8 30
9 30
9 29
10 29
9 29
9 30
9 29
9 30
8 30
8 31
9 31
8 31
8 32
8 31
8 32
7 32
7 31
8 31
9 31
8 31
7 31
7 30
8 30
8 31
8 32
8 31
7 31
7 30
7 29
6 29
6 30
7 30
7 29
7 28
7 29
7 28
7 27
7 28
8 28
7 28
6 28
6 27
6 26
6 25
6 26
5 26
5 25
5 26
6 26
5 26
5 25
6 25
5 25
6 25
7 25
6 25
6 26
7 26
7 25
7 26
7 25
8 25
9 25
10 25
10 26
9 26
9 27
8 27
8 28
8 29
9 29
9 28
9 27
9 28
8 28
7 28
7 29
8 29
9 29
9 28
9 29
9 30
9 31
9 32
8 32
8 33
9 33
8 33
8 32
8 31
8 32
9 32
10 32
10 31
11 31
11 30
11 31
11 30
12 30
13 30
12 30
13 30
13 31
12 31
12 30
12 31
11 31
12 31
12 32
13 32
13 31
14 31
14 30
14 29
14 28
14 29
15 29
15 30
14 30
15 30
15 31
16 31
16 30
17 30
17 31
18 31
18 32
18 31
18 32
18 33
18 32
18 31
18 32
19 32
19 31
20 31
20 30
21 30
20 30
20 29
19 29
19 28
20 28
20 29
20 30
19 30
20 30
20 31
21 31
21 32
21 31
22 31
22 32
22 31
21 31
21 32
21 33
21 34
22 34
21 34
21 33
21 34
22 34
22 35
22 36
22 35
22 34
23 34
22 34
23 34
22 34
23 34
23 35
23 34
22 34
22 35
22 36
23 36
23 37
23 36
23 35
23 34
23 33
23 34
23 33
24 33
24 32
23 32
24 32
23 32
23 31
23 32
24 32
24 33
24 34
24 33
24 32
24 33
25 33
25 32
25 31
24 31
23 31
22 31
21 31
22 31
21 31
21 32
21 31
21 32
20 32
19 32
19 31
19 30
19 31
19 30
20 30
20 31
19 31
19 32
18 32
18 33
19 33
18 33
17 33
16 33
17 33
17 34
18 34
18 35
18 36
18 37
17 37
17 36
16 36
16 37
16 38
15 38
16 38
16 39
17 39
18 39
19 39
19 40
19 39
19 40
19 41
19 40
19 39
19 38
19 39
19 40
19 41
19 42
19 43
19 44
20 44
20 43
21 43
21 44
20 44
20 45
20 44
20 43
20 44
20 43
21 43
21 42
21 41
21 40
21 39
21 38
21 39
21 40
22 40
23 40
23 39
22 39
22 40
23 40
