0 0
1 0
2 0
2 1
2 2
3 2
4 2
4 1
3 1
2 1
2 0
2 1
2 0
2 1
1 1
2 1
1 1
1 2
1 1
0 1
0 0
0 1
1 1
1 2
1 1
1 0
2 0
2 1
2 0
2 1
3 1
4 1
3 1
3 2
3 1
3 2
3 3
4 3
4 4
3 4
3 5
2 5
3 5
2 5
2 6
1 6
1 5
2 5
2 4
3 4
3 3
4 3
4 2
4 1
5 1
6 1
5 1
5 2
5 1
6 1
6 0
7 0
7 1
6 1
6 0
6 1
6 2
7 2
7 1
7 0
7 1
8 1
9 1
9 2
10 2
11 2
10 2
11 2
11 1
12 1
12 2
11 2
11 3
12 3
11 3
11 4
11 5
12 5
13 5
13 4
12 4
12 3
13 3
14 3
13 3
14 3
15 3
15 4
15 3
15 2
16 2
15 2
16 2
16 3
16 2
16 3
16 2
16 3
16 4
16 3
16 2
16 3
16 2
16 3
16 4
16 3
16 2
15 2
16 2
16 1
16 2
16 3
15 3
15 4
14 4
15 4
14 4
14 5
15 5
15 4
15 5
15 6
16 6
17 6
17 5
18 5
19 5
20 5
19 5
20 5
19 5
18 5
18 6
18 7
17 7
17 6
17 7
18 7
18 8
18 7
18 8
18 9
19 9
18 9
19 9
19 8
19 9
18 9
17 9
17 10
16 10
16 11
16 10
16 9
15 9
14 9
13 9
13 8
13 7
13 6
14 6
15 6
15 7
14 7
14 6
13 6
14 6
14 7
14 6
13 6
13 5
13 4
13 3
12 3
12 2
12 1
12 0
12 1
13 1
14 1
13 1
12 1
12 0
13 0
13 1
13 2
13 1
14 1
14 2
14 1
14 2
14 1
13 1
14 1
15 1
15 0
16 0
16 1
17 1
16 1
16 0
17 0
17 1
17 0
17 1
17 0
17 1
18 1
18 0
18 1
17 1
18 1
18 0
17 0
17 1
17 0
18 0
19 0
18 0
18 1
17 1
18 1
18 0
19 0
18 0
18 1
17 1
17 0
17 1
18 1
17 1
17 0
16 0
15 0
14 0
13 0
12 0
13 0
12 0
12 1
11 1
12 1
12 0
12 1
12 2
11 2
11 3
10 3
9 3
8 3
8 4
9 4
8 4
8 3
8 4
7 4
7 3
6 3
6 4
6 5
7 5
7 6
8 6
8 7
8 6
8 7
7 7
6 7
7 7
7 6
6 6
7 6
7 5
6 5
6 4
7 4
7 3
7 2
7 1
6 1
7 1
8 1
8 0
7 0
7 1
7 0
7 1
6 1
6 2
7 2
7 3
6 3
7 3
6 3
7 3
7 2
7 3
8 3
8 2
8 1
9 1
9 0
8 0
8 1
8 0
8 1
7 1
6 1
6 2
6 1
7 1
7 0
8 0
8 1
8 0
9 0
10 0
9 0
9 1
9 2
8 2
9 2
10 2
10 3
9 3
9 2
9 1
9 2
9 3
10 3
9 3
10 3
10 2
10 1
10 2
11 2
11 3
12 3
13 3
13 2
13 1
12 1
12 0
13 0
12 0
12 1
12 0
11 0
11 1
11 2
11 3
11 4
10 4
11 4
11 5
11 4
10 4
11 4
10 4
9 4
8 4
9 4
9 5
8 5
8 6
8 7
8 6
8 5
9 5
9 4
10 4
9 4
9 5
8 5
9 5
10 5
10 4
11 4
12 4
11 4
12 4
12 5
11 5
11 4
11 3
11 2
11 3
12 3
12 4
13 4
14 4
14 3
14 4
13 4
14 4
13 4
14 4
14 5
13 5
12 5
12 4
11 4
12 4
11 4
10 4
9 4
9 3
9 4
10 4
11 4
12 4
12 3
11 3
11 2
12 2
13 2
12 2
12 1
11 1
11 0
11 1
12 1
13 1
12 1
13 1
14 1
14 0
13 0
13 1
13 2
12 2
11 2
11 1
11 2
11 3
11 2
11 1
12 1
12 0
12 1
12 2
11 2
11 3
11 4
10 4
11 4
12 4
11 4
11 5
11 6
10 6
9 6
8 6
7 6
8 6
8 7
8 6
9 6
8 6
8 5
7 5
8 5
9 5
9 6
9 5
8 5
8 4
8 3
9 3
10 3
11 3
10 3
11 3
10 3
10 4
11 4
12 4
13 4
13 3
14 3
14 4
15 4
15 3
16 3
16 4
16 5
15 5
14 5
13 5
12 5
12 4
11 4
11 5
12 5
11 5
10 5
9 5
8 5
8 6
8 7
8 6
8 5
8 4
8 3
9 3
9 4
10 4
11 4
11 3
10 3
9 3
9 4
9 5
9 6
10 6
10 7
10 6
10 5
10 6
9 6
8 6
7 6
7 7
7 8
7 7
7 6
7 5
6 5
6 6
7 6
8 6
7 6
7 7
6 7
5 7
4 7
4 8
5 8
6 8
7 8
7 9
7 8
6 8
6 9
7 9
6 9
6 10
6 11
7 11
8 11
7 11
6 11
6 12
7 12
6 12
5 12
5 11
4 11
3 11
3 12
2 12
3 12
3 11
3 12
3 13
3 14
3 15
3 16
3 15
4 15
3 15
3 16
3 17
2 17
3 17
3 18
3 19
3 20
3 21
4 21
4 20
5 20
6 20
6 21
7 21
7 20
7 19
7 20
7 21
7 20
8 20
8 21
7 21
6 21
5 21
5 22
4 22
5 22
5 23
5 22
4 22
5 22
5 23
6 23
7 23
7 24
7 25
7 24
7 25
7 26
7 27
7 26
7 25
6 25
6 24
5 24
5 25
4 25
4 24
4 25
5 25
5 26
6 26
7 26
6 26
6 27
6 28
6 27
5 27
5 26
5 25
6 25
5 25
5 24
4 24
5 24
5 25
4 25
4 24
3 24
4 24
3 24
4 24
5 24
5 23
6 23
6 24
5 24
5 23
6 23
7 23
8 23
8 24
8 25
8 24
7 24
6 24
6 23
6 24
5 24
5 25
5 26
6 26
5 26
5 27
5 26
6 26
6 27
5 27
5 26
5 27
5 28
6 28
5 28
4 28
4 29
3 29
3 28
3 29
3 28
2 28
2 29
2 28
1 28
1 27
1 26
1 27
1 26
1 27
1 28
2 28
2 27
1 27
1 28
1 29
1 28
1 27
2 27
3 27
2 27
3 27
4 27
4 26
5 26
5 27
5 28
5 29
6 29
7 29
7 28
6 28
6 29
6 28
7 28
7 29
7 30
7 29
7 28
8 28
7 28
7 29
6 29
5 29
6 29
6 28
6 29
5 29
5 28
5 29
5 30
5 31
6 31
5 31
6 31
7 31
6 31
7 31
7 32
7 31
6 31
5 31
4 31
4 32
5 32
6 32
6 31
6 30
7 30
6 30
6 31
5 31
6 31
5 31
4 31
5 31
5 30
5 29
5 28
4 28
3 28
2 28
2 27
3 27
4 27
4 26
3 26
2 26
2 25
1 25
0 25
1 25
1 24
0 24
0 23
0 24
1 24
0 24
1 24
1 25
1 26
2 26
2 27
3 27
3 26
3 27
3 26
3 25
3 26
3 25
4 25
3 25
3 26
3 27
3 28
3 27
2 27
3 27
2 27
3 27
3 28
3 29
4 29
4 30
5 30
6 30
5 30
5 31
4 31
3 31
2 31
3 31
3 32
3 31
3 32
4 32
4 33
5 33
6 33
6 32
6 33
6 34
7 34
7 33
8 33
8 32
9 32
9 33
8 33
8 34
9 34
9 33
9 32
9 33
9 32
9 31
8 31
8 30
8 31
8 32
8 31
8 30
8 29
9 29
9 30
9 31
10 31
10 30
9 30
8 30
7 30
8 30
8 29
9 29
9 30
10 30
9 30
10 30
10 29
10 30
11 30
10 30
10 29
11 29
11 28
11 27
11 26
10 26
10 25
9 25
9 26
8 26
9 26
8 26
9 26
8 26
7 26
6 26
6 27
6 28
6 29
5 29
4 29
4 28
5 28
4 28
4 27
3 27
4 27
4 26
4 25
4 24
4 23
4 24
4 23
4 24
4 25
4 24
5 24
6 24
6 25
7 25
6 25
7 25
6 25
6 26
6 27
7 27
8 27
8 26
8 27
8 26
8 27
7 27
8 27
9 27
8 27
7 27
6 27
7 27
7 28
7 29
6 29
6 30
7 30
8 30
8 31
8 32
9 32
10 32
9 32
10 32
9 32
8 32
9 32
9 33
8 33
9 33
10 33
10 32
10 33
9 33
8 33
9 33
9 34
10 34
9 34
9 35
9 36
10 36
10 37
11 37
11 38
10 38
9 38
9 39
10 39
9 39
9 40
9 39
9 40
9 39
9 40
9 41
9 42
8 42
7 42
6 42
6 43
7 43
6 43
7 43
6 43
6 42
5 42
6 42
6 43
5 43
5 42
6 42
7 42
6 42
5 42
6 42
7 42
7 43
6 43
7 43
7 44
8 44
7 44
