0 0
0 1
0 2
0 3
1 3
1 4
0 4
1 4
1 5
2 5
2 6
2 5
1 5
2 5
3 5
2 5
1 5
1 4
2 4
2 3
2 4
2 3
1 3
1 4
2 4
1 4
0 4
0 3
0 2
1 2
1 3
1 2
0 2
0 3
0 2
1 2
1 1
1 2
1 1
1 0
1 1
1 0
0 0
1 0
1 1
2 1
2 2
3 2
2 2
3 2
4 2
5 2
4 2
4 1
4 2
4 1
3 1
4 1
4 0
4 1
3 1
4 1
4 0
5 0
6 0
5 0
6 0
5 0
5 1
6 1
5 1
5 2
5 3
5 2
6 2
6 3
6 2
5 2
5 3
4 3
4 2
4 3
5 3
6 3
6 2
5 2
6 2
6 1
5 1
5 0
5 1
5 2
5 3
5 4
5 5
6 5
7 5
8 5
9 5
9 6
10 6
10 7
11 7
12 7
11 7
11 8
11 7
11 8
12 8
13 8
13 9
13 10
13 11
13 10
13 9
13 10
14 10
14 11
14 10
14 9
13 9
14 9
14 10
14 11
13 11
13 12
14 12
13 12
13 11
13 12
13 11
12 11
13 11
14 11
15 11
14 11
15 11
15 12
14 12
13 12
12 12
12 11
11 11
12 11
12 12
11 12
11 13
12 13
12 14
12 13
12 14
13 14
13 13
13 12
14 12
13 12
13 13
14 13
15 13
15 12
16 12
17 12
18 12
17 12
16 12
15 12
15 13
16 13
17 13
18 13
19 13
20 13
20 14
21 14
21 13
22 13
22 12
22 11
22 12
22 11
22 10
22 9
23 9
24 9
24 8
23 8
23 9
24 9
24 10
24 11
24 12
24 11
24 12
24 13
25 13
24 13
24 12
25 12
26 12
27 12
27 13
27 12
27 11
28 11
29 11
29 10
30 10
30 11
29 11
29 12
29 11
30 11
30 10
29 10
29 9
29 8
29 9
30 9
30 8
29 8
28 8
29 8
30 8
31 8
30 8
29 8
29 7
29 6
28 6
28 7
29 7
28 7
28 8
27 8
27 7
26 7
27 7
28 7
28 6
29 6
29 7
29 8
29 7
29 6
30 6
30 7
31 7
32 7
31 7
31 6
31 5
31 4
31 3
32 3
33 3
33 2
32 2
32 3
33 3
33 2
33 3
33 4
33 5
33 6
32 6
33 6
33 5
32 5
32 4
33 4
33 3
33 2
34 2
34 1
34 0
35 0
34 0
34 1
35 1
36 1
37 1
36 1
36 2
36 1
36 0
36 1
36 0
37 0
36 0
36 1
36 0
35 0
36 0
36 1
35 1
34 1
35 1
34 1
34 0
34 1
35 1
35 0
36 0
37 0
38 0
38 1
37 1
37 2
37 1
38 1
38 2
37 2
36 2
35 2
35 3
35 4
34 4
35 4
35 3
35 4
36 4
36 5
36 6
36 7
37 7
37 8
37 9
37 10
38 10
39 10
38 10
38 11
39 11
38 11
37 11
36 11
36 10
36 9
37 9
38 9
37 9
37 10
37 11
38 11
39 11
38 11
39 11
38 11
38 10
37 10
36 10
36 11
35 11
36 11
37 11
37 10
36 10
36 9
36 10
36 9
37 9
37 8
36 8
37 8
36 8
37 8
37 9
37 10
36 10
37 10
37 9
37 8
37 9
37 8
37 7
38 7
39 7
39 6
40 6
40 7
40 8
39 8
39 9
39 8
39 9
40 9
40 10
41 10
41 9
42 9
42 8
43 8
44 8
44 9
44 8
44 7
45 7
46 7
46 6
45 6
46 6
47 6
46 6
46 5
46 4
45 4
46 4
46 3
46 4
46 3
45 3
46 3
46 4
45 4
45 5
45 4
45 3
45 2
45 1
45 2
45 3
45 2
45 1
45 0
46 0
45 0
45 1
46 1
45 1
44 1
44 0
45 0
45 1
46 1
47 1
47 2
47 3
47 4
46 4
47 4
48 4
47 4
48 4
49 4
49 3
48 3
48 2
49 2
49 3
50 3
50 2
50 1
49 1
49 0
49 1
49 0
49 1
49 0
48 0
48 1
48 2
48 3
49 3
49 2
50 2
50 3
49 3
50 3
50 2
49 2
49 1
49 2
49 3
49 4
49 5
49 4
49 3
49 2
49 3
49 2
50 2
50 3
49 3
48 3
49 3
48 3
48 2
48 3
47 3
47 2
47 1
47 2
47 1
46 1
46 2
45 2
45 3
45 4
46 4
46 3
46 4
45 4
45 3
45 4
44 4
44 3
43 3
43 2
43 3
43 2
43 1
44 1
43 1
42 1
43 1
43 2
44 2
43 2
42 2
41 2
41 1
40 1
40 0
40 1
39 1
39 0
39 1
39 2
38 2
38 3
38 4
38 5
38 4
39 4
39 5
40 5
41 5
42 5
41 5
40 5
40 6
39 6
39 7
38 7
39 7
39 6
39 5
39 4
38 4
38 3
37 3
37 2
36 2
37 2
37 1
38 1
38 2
37 2
37 3
36 3
36 2
36 1
36 2
37 2
37 3
37 4
38 4
38 3
39 3
38 3
38 2
39 2
40 2
39 2
38 2
37 2
37 3
37 2
37 1
38 1
37 1
37 2
36 2
36 1
37 1
38 1
38 2
38 1
38 0
38 1
38 0
37 0
37 1
36 1
36 2
36 1
36 2
36 1
37 1
37 2
36 2
36 3
37 3
36 3
36 2
36 1
35 1
34 1
34 0
34 1
34 2
34 1
34 0
34 1
34 2
35 2
34 2
34 3
33 3
33 4
32 4
32 5
33 5
33 6
33 7
32 7
31 7
31 8
30 8
30 7
31 7
31 6
32 6
31 6
31 7
31 6
32 6
31 6
31 7
30 7
30 8
30 7
30 8
29 8
29 7
30 7
29 7
30 7
31 7
31 6
30 6
30 5
30 6
29 6
29 5
29 6
30 6
29 6
28 6
28 7
28 6
29 6
28 6
29 6
29 5
29 4
28 4
28 3
28 4
28 3
29 3
28 3
27 3
28 3
29 3
29 2
29 1
29 2
30 2
29 2
28 2
29 2
29 1
29 0
28 0
28 1
28 0
28 1
28 2
28 1
29 1
30 1
30 0
30 1
30 2
29 2
29 3
30 3
29 3
28 3
28 4
28 5
29 5
29 6
29 7
30 7
30 8
31 8
31 9
31 10
32 10
33 10
33 9
33 8
33 7
32 7
32 8
32 7
33 7
32 7
32 6
31 6
31 7
31 8
30 8
30 7
31 7
31 8
30 8
30 9
29 9
30 9
29 9
28 9
27 9
26 9
26 8
26 7
26 6
27 6
26 6
26 7
25 7
24 7
23 7
24 7
24 8
24 7
25 7
26 7
26 8
26 9
26 10
26 11
26 10
26 9
26 10
27 10
26 10
27 10
28 10
28 9
27 9
27 8
26 8
26 7
26 8
26 7
27 7
27 8
28 8
28 9
28 8
28 9
27 9
27 10
26 10
26 9
26 10
26 11
27 11
26 11
26 10
26 9
25 9
26 9
26 10
26 11
26 12
27 12
26 12
25 12
25 11
25 10
25 11
26 11
26 12
25 12
25 11
26 11
27 11
28 11
29 11
28 11
28 12
27 12
27 13
27 14
27 15
26 15
26 16
26 15
26 14
25 14
25 15
25 16
24 16
24 17
24 16
23 16
23 15
23 14
23 15
22 15
22 14
22 15
22 14
22 13
23 13
23 14
24 14
25 14
26 14
26 13
26 12
26 11
26 10
26 9
27 9
27 8
27 7
27 6
27 5
28 5
27 5
27 6
27 7
28 7
29 7
28 7
29 7
28 7
28 8
29 8
28 8
27 8
27 9
27 8
26 8
27 8
26 8
27 8
27 9
26 9
27 9
28 9
27 9
26 9
25 9
24 9
23 9
22 9
22 10
22 11
22 10
23 10
23 11
23 12
23 13
22 13
23 13
23 12
24 12
24 11
24 10
24 9
23 9
22 9
22 8
21 8
21 9
20 9
21 9
21 10
22 10
21 10
22 10
22 9
22 10
22 11
23 11
22 11
21 11
20 11
21 11
22 11
22 12
21 12
21 11
22 11
22 12
23 12
23 11
22 11
22 12
22 11
22 12
22 11
21 11
22 11
22 12
21 12
20 12
19 12
19 13
20 13
20 14
20 13
20 14
20 13
21 13
20 13
19 13
20 13
20 14
20 13
19 13
19 14
18 14
18 13
18 14
18 15
19 15
18 15
18 16
17 16
18 16
18 15
19 15
19 16
19 15
18 15
18 14
18 13
19 13
18 13
18 14
17 14
18 14
18 13
19 13
19 12
19 13
20 13
20 14
19 14
20 14
19 14
18 14
18 15
19 15
19 16
19 15
20 15
20 16
20 17
19 17
18 17
17 17
17 18
17 17
18 17
19 17
20 17
20 16
20 17
19 17
19 18
20 18
20 17
20 18
21 18
21 19
20 19
20 18
20 19
20 20
19 20
19 19
19 18
