0 0
0 1
0 0
0 1
1 1
1 0
2 0
1 0
2 0
2 1
1 1
0 1
0 0
1 0
1 1
1 2
2 2
2 1
2 2
1 2
1 1
1 0
2 0
2 1
2 2
3 2
2 2
2 3
3 3
3 4
3 3
2 3
2 4
1 4
1 5
2 5
2 4
2 3
2 4
2 5
2 4
3 4
3 3
2 3
1 3
1 4
2 4
2 5
2 4
1 4
1 5
2 5
3 5
3 6
4 6
4 5
4 6
5 6
6 6
5 6
4 6
4 5
5 5
5 4
5 5
4 5
4 4
4 5
4 4
3 4
4 4
3 4
2 4
3 4
3 5
2 5
2 6
2 5
2 4
1 4
1 3
1 2
0 2
1 2
1 1
2 1
1 1
2 1
2 0
3 0
3 1
3 2
3 3
3 4
2 4
3 4
3 3
4 3
4 2
5 2
5 3
5 4
6 4
6 5
7 5
7 6
7 5
7 6
8 6
9 6
10 6
9 6
8 6
9 6
9 7
9 8
9 9
10 9
11 9
11 8
11 7
12 7
11 7
11 8
11 9
11 10
11 11
11 10
11 9
11 8
11 7
11 8
11 9
12 9
11 9
10 9
9 9
8 9
8 10
8 11
8 12
8 11
8 10
9 10
9 11
9 10
10 10
11 10
11 9
12 9
13 9
13 8
14 8
14 7
15 7
14 7
14 6
15 6
15 5
15 4
15 5
16 5
16 4
17 4
18 4
18 5
18 4
18 3
19 3
18 3
19 3
20 3
19 3
19 2
19 1
19 2
18 2
19 2
18 2
19 2
20 2
21 2
21 1
22 1
22 2
23 2
22 2
23 2
23 3
23 4
22 4
22 5
21 5
20 5
20 4
20 3
20 4
20 3
21 3
21 2
21 1
20 1
20 2
19 2
20 2
20 3
21 3
21 2
21 1
21 0
20 0
20 1
20 2
19 2
18 2
18 1
19 1
18 1
17 1
17 0
16 0
16 1
16 2
17 2
18 2
17 2
17 3
18 3
17 3
17 4
18 4
18 5
18 4
18 3
19 3
19 2
19 1
18 1
19 1
19 0
18 0
18 1
19 1
20 1
21 1
21 0
21 1
21 0
21 1
21 0
21 1
20 1
20 2
20 3
20 4
20 5
20 6
21 6
20 6
20 5
20 6
21 6
21 7
22 7
22 8
23 8
24 8
24 7
25 7
26 7
26 6
26 5
27 5
28 5
29 5
30 5
29 5
29 4
28 4
29 4
28 4
29 4
29 3
30 3
30 4
29 4
29 5
29 6
28 6
27 6
27 5
26 5
27 5
26 5
27 5
27 6
26 6
26 7
26 6
26 7
25 7
25 8
26 8
25 8
26 8
26 7
25 7
25 6
25 5
25 6
26 6
26 5
25 5
25 6
25 5
24 5
24 6
25 6
25 5
26 5
26 4
26 5
25 5
25 6
26 6
26 7
26 8
26 7
26 6
26 7
26 6
25 6
25 7
25 8
26 8
26 9
27 9
27 10
27 9
27 8
27 9
27 8
28 8
27 8
27 9
26 9
27 9
26 9
26 10
26 9
27 9
27 8
27 9
27 8
28 8
29 8
28 8
29 8
28 8
28 9
28 8
27 8
27 7
27 6
26 6
26 7
25 7
25 6
26 6
26 7
26 8
25 8
26 8
27 8
28 8
28 7
28 8
28 9
28 8
28 7
27 7
27 8
28 8
28 7
28 8
29 8
29 7
28 7
29 7
29 8
30 8
31 8
30 8
31 8
31 7
31 8
30 8
30 7
30 6
29 6
30 6
31 6
31 5
31 4
32 4
31 4
31 3
32 3
32 4
32 5
32 4
32 3
32 4
32 3
33 3
32 3
32 4
32 3
32 2
32 1
32 0
31 0
32 0
32 1
31 1
31 2
32 2
32 3
33 3
33 2
33 1
33 0
33 1
32 1
32 2
32 1
32 2
32 1
32 2
33 2
33 1
33 2
33 1
34 1
35 1
35 0
36 0
37 0
38 0
39 0
38 0
39 0
38 0
39 0
40 0
40 1
39 1
40 1
40 0
41 0
42 0
42 1
43 1
43 2
43 3
43 4
43 3
43 4
43 5
44 5
44 6
43 6
44 6
45 6
45 5
44 5
43 5
42 5
41 5
41 4
41 5
42 5
41 5
42 5
42 6
42 7
41 7
41 6
42 6
41 6
40 6
41 6
40 6
40 5
40 4
40 3
40 2
40 1
40 2
40 3
41 3
40 3
40 4
40 3
41 3
42 3
41 3
41 2
42 2
42 3
42 2
42 3
41 3
42 3
43 3
43 2
42 2
43 2
44 2
43 2
43 3
44 3
45 3
46 3
46 2
47 2
46 2
47 2
46 2
47 2
47 3
46 3
46 2
47 2
47 3
47 4
48 4
48 5
49 5
49 4
48 4
48 5
47 5
48 5
48 4
48 3
48 4
49 4
50 4
50 3
50 2
50 1
51 1
51 0
52 0
53 0
53 1
53 0
53 1
53 0
53 1
54 1
55 1
56 1
55 1
55 0
55 1
55 2
55 3
55 2
56 2
55 2
56 2
55 2
55 1
55 0
56 0
57 0
58 0
58 1
58 0
57 0
57 1
57 0
58 0
58 1
58 0
58 1
58 2
58 3
58 2
59 2
60 2
59 2
58 2
58 3
59 3
60 3
60 2
59 2
58 2
57 2
57 1
57 0
57 1
57 2
56 2
56 1
56 2
56 1
56 0
57 0
57 1
57 0
57 1
58 1
59 1
59 2
58 2
58 3
57 3
57 2
56 2
56 1
56 0
56 1
56 0
55 0
55 1
56 1
56 2
57 2
56 2
57 2
57 3
58 3
58 4
58 3
58 2
59 2
59 3
59 2
59 1
58 1
58 0
57 0
57 1
57 2
58 2
58 3
58 4
59 4
58 4
58 3
57 3
57 4
56 4
57 4
57 3
58 3
58 4
57 4
57 3
57 4
58 4
59 4
58 4
57 4
56 4
55 4
56 4
56 5
55 5
55 6
55 5
55 6
54 6
54 5
54 4
54 3
54 2
53 2
52 2
52 1
53 1
54 1
54 2
54 3
54 4
55 4
56 4
57 4
58 4
58 3
58 4
59 4
58 4
58 3
59 3
59 2
59 1
58 1
58 0
58 1
58 0
59 0
59 1
59 2
59 3
58 3
57 3
58 3
58 2
57 2
58 2
59 2
60 2
60 1
60 0
59 0
59 1
60 1
60 2
60 3
60 4
60 3
61 3
60 3
59 3
59 2
60 2
61 2
62 2
62 1
63 1
63 2
64 2
65 2
64 2
64 1
63 1
62 1
61 1
61 2
60 2
59 2
59 1
59 0
59 1
59 0
59 1
58 1
58 0
58 1
59 1
59 2
59 3
59 2
58 2
58 1
58 2
58 1
58 2
57 2
58 2
58 3
59 3
58 3
59 3
58 3
58 2
59 2
59 3
59 4
59 5
58 5
59 5
60 5
60 6
60 7
60 8
60 9
59 9
59 8
59 7
58 7
58 6
59 6
58 6
58 7
58 6
58 7
59 7
58 7
57 7
56 7
57 7
56 7
56 8
56 7
57 7
58 7
58 8
57 8
57 7
58 7
57 7
58 7
58 6
57 6
57 5
57 4
56 4
57 4
56 4
56 5
57 5
58 5
58 6
57 6
58 6
58 5
57 5
58 5
57 5
58 5
57 5
57 6
57 7
56 7
57 7
58 7
58 6
59 6
59 5
59 4
58 4
58 5
57 5
57 6
57 5
58 5
58 4
57 4
58 4
58 5
59 5
58 5
57 5
58 5
57 5
57 4
57 3
57 2
57 1
57 2
57 3
57 4
56 4
56 5
55 5
56 5
55 5
55 4
56 4
56 3
55 3
55 2
54 2
54 3
54 2
54 3
54 4
55 4
54 4
53 4
53 3
53 2
53 3
52 3
52 4
52 3
52 4
51 4
51 3
51 4
52 4
51 4
52 4
51 4
51 5
51 4
51 3
50 3
51 3
51 4
51 3
51 4
50 4
50 5
51 5
51 6
50 6
51 6
50 6
51 6
51 5
51 6
50 6
51 6
50 6
49 6
49 5
50 5
50 6
50 5
51 5
51 6
51 5
51 4
51 3
51 2
51 3
51 2
52 2
51 2
50 2
50 1
49 1
49 2
49 1
50 1
49 1
49 0
48 0
47 0
48 0
47 0
47 1
48 1
47 1
48 1
48 2
48 3
48 4
47 4
46 4
47 4
46 4
46 3
45 3
44 3
44 2
44 1
44 0
44 1
44 2
45 2
45 3
45 4
45 3
45 4
45 3
46 3
46 2
46 3
46 4
46 3
47 3
46 3
46 4
46 5
45 5
45 4
45 3
45 4
45 3
46 3
46 2
46 3
46 4
46 3
45 3
45 2
44 2
45 2
45 3
45 2
45 1
46 1
47 1
47 0
46 0
47 0
47 1
47 2
47 3
46 3
46 2
45 2
