0 0
0 1
0 2
1 2
2 2
2 1
2 2
1 2
2 2
2 1
1 1
0 1
1 1
1 0
2 0
2 1
3 1
4 1
4 2
4 1
5 1
5 0
6 0
7 0
6 0
6 1
7 1
8 1
8 2
8 3
9 3
9 2
9 3
8 3
8 2
8 3
9 3
9 4
9 3
9 2
9 1
9 2
8 2
8 3
8 2
8 1
7 1
7 0
8 0
7 0
8 0
8 1
7 1
7 2
8 2
8 1
8 0
9 0
8 0
8 1
8 0
9 0
9 1
10 1
9 1
8 1
8 2
9 2
9 3
9 4
9 3
10 3
10 2
11 2
10 2
11 2
11 3
10 3
9 3
9 4
10 4
10 5
11 5
11 4
11 3
11 4
11 5
10 5
9 5
10 5
10 6
10 7
10 6
10 7
11 7
11 6
11 7
10 7
9 7
10 7
10 8
9 8
9 7
9 8
10 8
10 7
9 7
8 7
9 7
8 7
7 7
7 8
8 8
7 8
6 8
5 8
4 8
3 8
3 7
3 6
3 7
4 7
3 7
4 7
4 8
4 7
4 6
3 6
4 6
4 5
3 5
2 5
1 5
2 5
1 5
2 5
3 5
2 5
2 4
2 3
2 4
2 5
2 4
1 4
0 4
0 3
0 4
0 5
0 6
0 5
0 4
0 3
1 3
0 3
0 4
0 5
0 6
1 6
0 6
1 6
1 7
0 7
1 7
0 7
0 6
1 6
2 6
2 7
2 8
2 7
3 7
4 7
4 8
4 7
4 8
4 7
3 7
4 7
4 6
4 5
5 5
4 5
4 4
5 4
4 4
4 5
4 6
4 5
5 5
5 4
5 5
6 5
7 5
7 4
8 4
8 5
8 6
8 7
9 7
8 7
8 8
8 7
7 7
7 6
7 7
8 7
8 8
9 8
9 9
9 10
9 9
10 9
10 8
9 8
9 7
10 7
10 6
9 6
10 6
10 5
10 4
10 5
10 6
9 6
8 6
8 7
8 8
7 8
6 8
6 7
5 7
4 7
4 6
4 7
5 7
6 7
5 7
5 8
5 7
5 8
6 8
6 7
7 7
7 6
6 6
5 6
5 7
6 7
7 7
6 7
5 7
4 7
4 8
4 7
4 6
4 5
4 6
5 6
5 7
5 6
5 7
4 7
3 7
2 7
3 7
4 7
3 7
2 7
3 7
4 7
3 7
4 7
4 6
3 6
3 5
2 5
1 5
1 4
1 5
0 5
1 5
1 6
0 6
1 6
2 6
3 6
3 5
3 4
3 3
2 3
2 4
2 5
2 4
3 4
3 3
3 4
3 5
3 6
4 6
4 5
4 6
3 6
2 6
2 5
3 5
2 5
2 6
3 6
2 6
2 5
2 6
1 6
2 6
2 5
1 5
0 5
0 4
1 4
2 4
3 4
3 3
3 4
3 5
2 5
2 4
2 3
2 2
2 1
2 0
1 0
1 1
1 2
2 2
2 1
2 2
3 2
2 2
2 1
1 1
1 2
1 1
0 1
1 1
2 1
1 1
1 0
2 0
2 1
2 2
2 3
3 3
4 3
4 4
5 4
6 4
7 4
7 3
6 3
6 4
5 4
6 4
7 4
6 4
7 4
7 5
7 6
7 5
6 5
5 5
5 4
5 5
5 4
6 4
6 5
6 4
6 5
7 5
6 5
5 5
5 6
5 7
5 8
6 8
5 8
5 9
5 8
5 9
5 10
5 9
5 10
6 10
5 10
6 10
5 10
6 10
5 10
4 10
3 10
3 9
3 10
2 10
2 11
1 11
0 11
1 11
1 12
2 12
1 12
1 11
1 10
1 9
0 9
0 10
0 9
0 10
1 10
1 11
1 12
2 12
2 13
3 13
2 13
2 14
2 13
3 13
3 12
4 12
4 11
4 10
5 10
4 10
4 11
5 11
6 11
6 10
5 10
5 11
4 11
3 11
4 11
3 11
3 12
3 11
3 12
3 11
3 10
3 9
4 9
3 9
3 8
3 9
3 8
3 9
4 9
4 10
3 10
3 9
2 9
2 8
2 7
2 6
2 5
1 5
0 5
0 4
1 4
0 4
0 3
0 4
1 4
0 4
1 4
0 4
0 5
1 5
1 4
0 4
0 3
1 3
1 4
1 5
1 4
1 5
1 4
2 4
2 5
1 5
1 6
1 7
2 7
3 7
4 7
5 7
5 6
6 6
5 6
5 5
5 6
5 7
5 6
4 6
4 5
4 6
5 6
5 7
6 7
5 7
6 7
6 8
6 7
5 7
5 8
4 8
3 8
2 8
2 7
3 7
3 6
3 5
3 4
4 4
4 5
3 5
2 5
1 5
2 5
3 5
2 5
2 6
2 5
2 6
2 7
2 8
2 9
3 9
3 8
4 8
3 8
3 7
3 6
4 6
3 6
2 6
2 5
1 5
0 5
1 5
1 4
1 3
1 4
1 5
1 4
1 5
2 5
1 5
2 5
3 5
2 5
1 5
1 4
0 4
0 5
1 5
2 5
2 6
3 6
4 6
4 7
4 8
5 8
5 9
5 10
5 9
6 9
6 10
6 11
7 11
7 10
8 10
9 10
9 9
9 8
10 8
10 7
10 8
10 7
10 6
11 6
12 6
13 6
13 5
12 5
13 5
13 6
14 6
15 6
15 7
15 6
14 6
14 5
15 5
15 6
15 5
14 5
15 5
16 5
16 4
16 3
16 4
17 4
17 5
17 4
16 4
17 4
17 5
18 5
17 5
17 4
17 3
17 2
18 2
18 1
18 0
19 0
18 0
18 1
17 1
16 1
15 1
15 0
15 1
14 1
14 2
14 1
13 1
13 0
14 0
13 0
14 0
13 0
12 0
13 0
13 1
14 1
15 1
16 1
17 1
18 1
18 0
19 0
19 1
20 1
20 0
19 0
20 0
21 0
20 0
20 1
21 1
21 0
20 0
20 1
20 2
20 3
20 2
21 2
21 3
21 4
22 4
23 4
23 5
22 5
21 5
20 5
20 6
21 6
22 6
22 5
22 6
22 7
23 7
23 6
23 7
24 7
25 7
26 7
27 7
26 7
27 7
28 7
28 6
27 6
26 6
26 5
27 5
27 4
27 3
27 2
26 2
26 1
25 1
25 2
26 2
26 1
25 1
25 0
25 1
24 1
24 2
24 3
24 2
25 2
24 2
25 2
24 2
25 2
25 3
25 4
24 4
24 5
23 5
23 6
23 5
24 5
24 4
24 5
24 6
23 6
23 5
24 5
24 4
24 3
25 3
25 4
25 5
25 4
25 3
25 2
25 1
25 2
26 2
26 1
25 1
25 2
25 3
25 2
25 1
26 1
27 1
28 1
29 1
28 1
28 2
29 2
28 2
28 3
28 4
28 5
29 5
29 4
28 4
27 4
27 3
27 2
27 1
27 0
27 1
27 0
28 0
28 1
29 1
30 1
29 1
29 2
29 1
28 1
28 2
27 2
27 3
28 3
28 2
28 1
29 1
29 0
28 0
28 1
28 0
28 1
28 0
27 0
27 1
27 0
28 0
28 1
28 2
28 3
28 4
27 4
26 4
25 4
24 4
25 4
24 4
24 5
24 6
23 6
22 6
21 6
22 6
23 6
23 7
24 7
24 6
24 7
24 6
25 6
25 7
26 7
26 8
27 8
27 7
28 7
29 7
29 8
29 9
29 10
28 10
27 10
27 11
27 12
28 12
28 11
29 11
30 11
30 10
29 10
29 9
30 9
30 10
30 9
30 8
30 9
29 9
28 9
28 10
27 10
27 9
26 9
27 9
26 9
26 10
26 9
27 9
28 9
28 8
29 8
29 9
28 9
28 8
27 8
27 9
27 8
26 8
26 7
25 7
25 6
24 6
23 6
22 6
22 7
23 7
23 6
23 7
24 7
25 7
25 6
26 6
27 6
27 7
28 7
28 6
27 6
26 6
26 7
26 6
27 6
27 5
27 6
27 7
27 6
28 6
27 6
28 6
29 6
28 6
28 5
28 4
28 5
28 6
28 7
28 8
29 8
28 8
28 9
28 10
28 11
28 12
27 12
26 12
27 12
28 12
29 12
28 12
27 12
27 11
27 10
27 9
26 9
26 10
26 9
25 9
25 10
25 9
25 10
25 11
25 12
25 11
24 11
25 11
25 12
24 12
23 12
23 11
23 10
24 10
24 11
25 11
25 12
25 13
25 14
24 14
23 14
22 14
23 14
22 14
22 15
23 15
24 15
23 15
24 15
24 14
24 15
23 15
23 14
23 13
23 12
24 12
24 11
24 10
25 10
26 10
26 9
26 10
27 10
27 11
27 12
28 12
28 13
29 13
29 14
29 13
29 14
29 15
29 14
28 14
28 15
29 15
30 15
30 16
30 17
30 16
30 15
31 15
31 14
31 13
31 12
31 13
32 13
32 12
32 11
32 10
32 11
32 12
32 11
32 10
33 10
33 9
34 9
35 9
36 9
