0 0
0 1
1 1
0 1
0 0
1 0
0 0
1 0
0 0
0 1
0 0
0 1
0 0
1 0
2 0
1 0
0 0
0 1
0 0
0 1
0 0
0 1
0 0
1 0
1 1
0 1
0 2
0 1
0 2
0 3
0 4
0 5
1 5
1 6
2 6
2 5
1 5
1 6
2 6
2 7
2 6
2 5
1 5
1 6
0 6
1 6
0 6
0 5
1 5
1 6
1 5
1 4
1 5
1 4
0 4
1 4
0 4
0 5
0 4
0 5
0 4
1 4
2 4
3 4
3 5
3 4
2 4
1 4
1 5
0 5
1 5
0 5
0 6
1 6
2 6
2 7
2 6
2 7
2 6
2 7
3 7
3 6
3 7
2 7
1 7
1 8
2 8
2 7
2 6
2 7
3 7
4 7
4 6
4 7
4 8
4 9
5 9
5 8
6 8
7 8
6 8
6 7
6 8
7 8
7 9
6 9
6 10
6 11
5 11
6 11
6 12
7 12
7 11
7 12
6 12
5 12
5 11
5 12
5 11
5 10
6 10
6 11
7 11
6 11
6 10
6 9
5 9
5 8
6 8
5 8
4 8
3 8
3 7
4 7
4 8
4 7
4 8
4 9
5 9
6 9
6 10
6 9
7 9
7 8
6 8
5 8
4 8
3 8
2 8
2 7
2 8
2 9
2 8
3 8
3 7
3 8
3 7
3 6
3 5
4 5
5 5
5 6
5 7
5 6
4 6
4 7
3 7
3 8
4 8
4 9
5 9
6 9
7 9
8 9
7 9
8 9
8 8
8 7
9 7
10 7
10 6
11 6
11 5
11 6
11 5
11 4
12 4
12 5
13 5
13 4
13 5
12 5
11 5
11 4
12 4
12 5
12 6
11 6
11 5
11 6
12 6
13 6
14 6
14 7
14 6
14 7
14 6
14 7
14 6
14 5
14 4
14 3
14 4
14 3
15 3
14 3
15 3
15 4
14 4
15 4
14 4
15 4
15 3
14 3
13 3
13 4
13 3
13 2
12 2
13 2
13 1
14 1
14 0
14 1
14 2
14 1
14 2
14 1
14 2
14 1
13 1
12 1
12 0
12 1
12 2
13 2
13 1
13 0
13 1
14 1
14 0
13 0
12 0
13 0
13 1
13 0
14 0
15 0
14 0
14 1
13 1
14 1
13 1
12 1
11 1
12 1
12 0
11 0
10 0
10 1
9 1
8 1
8 0
7 0
7 1
8 1
8 0
7 0
7 1
7 2
7 1
7 2
7 3
7 2
7 3
7 4
6 4
7 4
8 4
7 4
8 4
8 3
9 3
9 4
9 3
9 2
9 3
10 3
11 3
12 3
12 2
11 2
11 3
10 3
10 2
10 3
9 3
9 2
10 2
10 3
9 3
8 3
9 3
9 4
9 3
9 4
9 3
10 3
10 4
10 5
10 4
10 3
9 3
9 4
8 4
9 4
9 5
8 5
8 6
8 5
7 5
7 4
8 4
9 4
10 4
10 5
11 5
10 5
10 4
11 4
11 3
12 3
11 3
11 2
11 1
12 1
13 1
13 2
13 1
13 2
13 1
14 1
14 2
13 2
13 1
14 1
13 1
14 1
15 1
14 1
15 1
16 1
17 1
17 2
18 2
17 2
18 2
18 1
18 0
18 1
17 1
17 2
17 3
17 2
18 2
19 2
20 2
20 3
20 4
20 5
19 5
19 6
19 7
18 7
18 6
17 6
18 6
17 6
17 7
16 7
16 6
15 6
15 5
16 5
17 5
18 5
17 5
17 4
17 3
17 2
17 3
17 4
16 4
15 4
15 5
14 5
13 5
14 5
13 5
12 5
13 5
14 5
15 5
15 6
14 6
14 7
14 8
13 8
12 8
11 8
12 8
11 8
10 8
11 8
12 8
12 9
12 10
12 9
12 8
11 8
10 8
9 8
9 9
9 8
8 8
8 9
9 9
9 8
9 7
9 6
9 7
9 8
9 9
9 8
8 8
9 8
10 8
11 8
10 8
10 9
10 8
10 9
10 8
11 8
10 8
9 8
10 8
11 8
11 7
10 7
11 7
11 8
11 7
12 7
12 8
11 8
11 7
10 7
10 8
10 9
9 9
10 9
9 9
8 9
8 10
8 11
7 11
7 12
7 11
7 10
7 11
7 10
7 9
8 9
8 8
8 7
9 7
8 7
8 6
8 5
7 5
7 6
8 6
8 5
8 4
9 4
9 5
8 5
9 5
9 4
8 4
7 4
6 4
7 4
8 4
8 5
8 4
7 4
6 4
5 4
5 3
5 2
5 3
6 3
6 4
5 4
5 5
5 4
5 3
4 3
5 3
5 2
5 3
4 3
5 3
4 3
5 3
5 4
5 5
5 6
4 6
4 5
5 5
5 4
4 4
3 4
3 3
4 3
5 3
4 3
5 3
4 3
5 3
4 3
4 4
4 5
4 4
3 4
2 4
2 3
1 3
0 3
0 4
0 5
0 4
1 4
0 4
0 3
1 3
1 2
1 1
2 1
1 1
2 1
1 1
1 2
0 2
0 3
1 3
2 3
2 2
3 2
2 2
2 3
1 3
2 3
2 4
2 5
1 5
1 6
1 7
1 8
1 9
2 9
2 10
2 11
2 12
2 13
2 14
1 14
2 14
3 14
3 15
3 16
3 15
4 15
3 15
4 15
4 14
5 14
6 14
5 14
5 15
5 14
5 13
6 13
6 14
6 13
7 13
8 13
9 13
10 13
9 13
9 12
8 12
9 12
9 13
10 13
9 13
8 13
7 13
8 13
8 12
8 11
8 12
7 12
7 11
8 11
7 11
7 12
7 13
8 13
8 14
9 14
9 15
10 15
9 15
9 14
10 14
10 13
10 14
10 15
10 16
10 15
11 15
11 14
10 14
10 15
10 14
9 14
9 15
8 15
9 15
9 14
9 15
9 14
10 14
10 13
10 14
10 15
11 15
11 16
11 17
11 18
11 19
11 20
12 20
12 19
13 19
14 19
13 19
14 19
15 19
16 19
16 18
15 18
16 18
15 18
14 18
15 18
14 18
14 19
15 19
16 19
16 20
17 20
17 19
16 19
16 18
15 18
14 18
15 18
15 17
15 18
15 17
15 16
16 16
15 16
16 16
15 16
15 15
16 15
17 15
16 15
17 15
17 16
18 16
19 16
18 16
19 16
19 17
20 17
19 17
19 16
19 17
20 17
19 17
19 18
18 18
19 18
18 18
18 19
19 19
19 18
19 17
20 17
20 18
20 17
21 17
20 17
21 17
22 17
21 17
22 17
22 18
22 17
22 18
22 19
22 20
21 20
20 20
21 20
20 20
19 20
19 21
18 21
19 21
19 20
18 20
17 20
17 19
17 20
16 20
16 21
16 22
16 21
16 22
15 22
14 22
14 23
13 23
14 23
15 23
15 24
16 24
16 23
16 22
16 23
16 22
15 22
15 23
16 23
16 24
17 24
17 23
16 23
16 24
16 23
16 24
16 25
16 24
15 24
15 25
15 26
15 25
15 26
14 26
14 25
14 24
14 25
13 25
13 24
14 24
14 25
14 26
15 26
16 26
17 26
17 25
17 26
16 26
17 26
18 26
17 26
17 27
18 27
18 28
18 29
18 30
18 29
18 28
18 27
17 27
18 27
18 26
18 27
18 28
17 28
17 29
16 29
16 30
15 30
15 31
16 31
15 31
14 31
15 31
15 30
15 31
15 30
15 31
15 32
14 32
15 32
15 31
16 31
16 30
16 29
16 30
17 30
18 30
18 31
18 32
17 32
17 33
17 32
18 32
19 32
19 31
20 31
21 31
22 31
21 31
22 31
21 31
20 31
19 31
19 32
19 31
19 32
20 32
20 31
19 31
20 31
20 30
20 31
20 32
20 31
19 31
19 30
19 31
18 31
18 32
19 32
19 33
19 34
18 34
17 34
17 35
16 35
15 35
15 34
14 34
13 34
13 35
14 35
13 35
14 35
14 36
15 36
15 35
15 36
14 36
14 37
14 36
14 37
14 36
14 37
15 37
15 38
15 39
14 39
14 40
14 39
14 40
15 40
15 39
15 38
14 38
15 38
15 37
15 36
16 36
16 35
17 35
18 35
17 35
16 35
16 34
16 33
15 33
15 34
14 34
13 34
13 35
13 34
13 33
12 33
12 34
12 35
12 36
12 37
11 37
10 37
10 36
10 37
11 37
10 37
9 37
10 37
11 37
10 37
10 36
11 36
11 37
10 37
10 36
9 36
9 37
9 36
8 36
8 35
9 35
9 36
8 36
7 36
7 37
6 37
7 37
7 38
8 38
9 38
9 39
8 39
8 38
8 37
9 37
9 38
9 37
10 37
11 37
11 36
11 37
10 37
10 38
10 37
10 36
10 35
9 35
9 36
9 37
9 38
8 38
8 39
7 39
7 38
6 38
6 37
7 37
7 36
7 37
7 36
8 36
9 36
8 36
8 37
8 38
8 37
7 37
8 37
