0 0
0 1
1 1
0 1
0 2
0 1
1 1
2 1
3 1
2 1
2 0
2 1
3 1
4 1
5 1
5 2
5 3
5 2
6 2
5 2
5 3
5 4
4 4
3 4
4 4
4 5
4 4
4 3
4 2
5 2
4 2
4 1
4 2
4 1
4 0
4 1
5 1
5 0
5 1
6 1
7 1
7 2
7 1
7 0
6 0
5 0
6 0
6 1
7 1
7 2
8 2
8 3
8 2
9 2
9 3
10 3
11 3
12 3
13 3
14 3
14 2
13 2
12 2
12 1
13 1
12 1
12 0
13 0
12 0
12 1
13 1
13 0
12 0
12 1
12 0
13 0
13 1
14 1
15 1
16 1
16 2
16 1
17 1
17 2
17 1
18 1
18 0
18 1
18 0
19 0
19 1
19 0
19 1
19 2
19 3
19 2
20 2
20 1
21 1
21 0
20 0
21 0
20 0
20 1
21 1
21 2
21 3
22 3
23 3
24 3
25 3
25 4
25 3
24 3
25 3
24 3
25 3
26 3
27 3
27 2
27 3
27 2
27 3
26 3
26 4
26 3
27 3
27 2
28 2
28 3
27 3
26 3
26 4
27 4
26 4
25 4
25 3
26 3
27 3
27 4
27 3
26 3
27 3
27 4
27 5
28 5
29 5
30 5
31 5
32 5
33 5
33 6
34 6
35 6
35 7
34 7
35 7
35 6
36 6
36 5
37 5
36 5
37 5
37 4
36 4
35 4
35 5
35 4
35 5
34 5
33 5
32 5
32 6
31 6
30 6
29 6
30 6
31 6
31 5
32 5
32 4
32 3
31 3
31 4
31 3
31 4
31 5
32 5
31 5
30 5
31 5
30 5
29 5
28 5
28 4
27 4
27 5
28 5
29 5
29 4
29 5
30 5
30 4
29 4
29 3
29 2
29 3
29 2
29 1
29 0
29 1
28 1
28 2
28 1
28 0
28 1
28 0
28 1
28 0
27 0
27 1
26 1
25 1
25 0
24 0
24 1
25 1
24 1
23 1
22 1
22 2
21 2
20 2
20 1
19 1
19 2
19 3
20 3
20 2
21 2
21 1
21 2
21 3
22 3
21 3
21 4
21 3
20 3
19 3
19 2
19 1
19 0
19 1
18 1
18 2
19 2
19 3
19 4
19 5
20 5
21 5
20 5
21 5
20 5
21 5
21 4
21 5
21 6
20 6
20 7
19 7
18 7
17 7
18 7
18 8
18 9
18 10
18 9
18 10
18 11
17 11
17 10
16 10
16 9
16 10
15 10
15 11
15 10
15 11
15 10
16 10
15 10
16 10
16 9
16 10
15 10
16 10
16 11
17 11
17 10
17 11
17 10
17 9
16 9
16 10
15 10
15 11
15 10
15 11
15 10
15 11
16 11
16 10
16 11
16 12
16 13
17 13
17 14
16 14
16 15
16 16
17 16
17 15
18 15
17 15
17 14
17 13
16 13
16 12
15 12
16 12
15 12
16 12
15 12
16 12
17 12
18 12
19 12
20 12
20 11
20 12
21 12
21 11
21 10
21 9
22 9
21 9
20 9
21 9
20 9
20 8
19 8
18 8
18 9
17 9
16 9
16 8
15 8
15 7
15 6
15 5
16 5
15 5
15 4
14 4
13 4
14 4
14 3
13 3
13 2
14 2
14 3
13 3
12 3
12 2
12 1
13 1
12 1
13 1
12 1
13 1
13 2
13 3
14 3
14 4
14 5
13 5
13 4
12 4
12 5
13 5
14 5
13 5
13 4
14 4
13 4
14 4
14 5
14 6
13 6
14 6
14 5
14 4
13 4
13 5
12 5
12 4
12 3
12 2
12 3
12 2
12 1
11 1
12 1
13 1
14 1
14 0
15 0
14 0
13 0
14 0
15 0
16 0
17 0
17 1
18 1
19 1
18 1
17 1
16 1
16 0
15 0
16 0
17 0
18 0
18 1
18 0
18 1
19 1
18 1
18 0
18 1
18 0
18 1
18 0
18 1
19 1
19 0
19 1
19 0
18 0
18 1
18 0
18 1
18 2
18 3
18 2
18 3
17 3
17 4
16 4
15 4
15 5
15 6
15 7
15 6
15 5
15 6
15 5
15 6
14 6
14 7
13 7
13 8
13 7
13 8
12 8
13 8
13 7
13 8
14 8
14 9
14 10
14 9
13 9
13 8
13 9
13 10
13 11
13 12
13 11
12 11
11 11
12 11
12 12
13 12
12 12
13 12
13 11
12 11
13 11
12 11
13 11
14 11
13 11
14 11
14 10
14 9
14 8
13 8
13 9
14 9
14 10
14 9
14 8
15 8
15 7
16 7
16 6
16 5
16 6
15 6
16 6
16 5
16 6
15 6
16 6
15 6
15 7
15 6
14 6
14 7
14 6
13 6
12 6
12 7
11 7
10 7
10 8
10 7
10 6
10 5
10 6
10 5
10 4
10 5
10 4
11 4
10 4
9 4
9 5
9 4
9 5
9 6
10 6
10 5
10 4
9 4
9 3
9 2
10 2
9 2
9 1
9 0
10 0
10 1
10 2
11 2
11 1
12 1
11 1
12 1
13 1
13 2
13 3
13 2
13 3
13 2
14 2
14 1
14 0
13 0
14 0
13 0
13 1
13 2
14 2
13 2
12 2
12 1
11 1
11 0
11 1
11 2
12 2
12 1
12 0
12 1
11 1
12 1
11 1
10 1
10 2
11 2
12 2
11 2
11 3
11 4
11 5
11 4
11 5
11 6
12 6
13 6
12 6
12 7
12 6
13 6
14 6
14 7
14 6
14 7
14 8
14 9
14 10
13 10
14 10
14 9
15 9
16 9
16 10
16 11
15 11
15 10
15 9
15 8
16 8
16 7
16 8
15 8
15 9
15 8
15 9
15 10
15 11
15 10
16 10
16 9
17 9
18 9
18 8
18 7
18 6
18 5
19 5
20 5
20 4
21 4
21 5
21 6
21 7
21 8
21 7
21 6
22 6
21 6
21 5
20 5
20 4
19 4
18 4
17 4
17 3
18 3
17 3
18 3
17 3
17 2
17 1
18 1
19 1
20 1
21 1
21 0
20 0
20 1
19 1
18 1
19 1
19 2
20 2
21 2
21 3
22 3
22 4
22 5
21 5
21 4
21 3
21 4
22 4
23 4
23 5
23 6
23 5
23 4
23 5
24 5
25 5
24 5
23 5
24 5
25 5
25 4
26 4
26 3
25 3
26 3
25 3
25 4
26 4
25 4
26 4
26 5
27 5
27 4
28 4
29 4
30 4
30 3
31 3
32 3
31 3
32 3
32 2
32 1
32 0
31 0
31 1
31 0
31 1
30 1
29 1
29 2
30 2
30 1
30 0
30 1
30 2
30 1
31 1
32 1
33 1
34 1
34 2
34 3
35 3
35 2
35 1
34 1
34 2
34 3
33 3
33 2
32 2
33 2
34 2
35 2
35 1
35 2
36 2
35 2
35 1
36 1
36 2
36 3
36 2
36 3
36 4
36 3
37 3
37 4
36 4
37 4
36 4
37 4
37 3
36 3
36 2
37 2
37 1
38 1
39 1
39 2
40 2
40 3
41 3
41 2
42 2
42 3
42 4
41 4
41 5
41 6
41 7
42 7
41 7
42 7
43 7
44 7
44 8
43 8
42 8
42 7
43 7
43 8
43 7
44 7
44 6
43 6
42 6
42 5
42 6
41 6
42 6
42 5
41 5
42 5
42 6
43 6
43 7
43 8
44 8
45 8
44 8
44 9
45 9
46 9
46 8
46 9
45 9
44 9
43 9
42 9
42 8
42 7
42 8
42 7
42 6
42 7
42 8
43 8
43 7
43 8
42 8
43 8
44 8
45 8
45 7
45 6
46 6
46 5
46 6
45 6
45 5
45 6
45 7
45 8
44 8
44 7
44 6
45 6
45 5
46 5
45 5
46 5
45 5
44 5
43 5
43 4
44 4
44 5
44 6
44 7
44 8
43 8
42 8
41 8
40 8
39 8
38 8
37 8
37 9
36 9
37 9
38 9
39 9
38 9
38 10
37 10
38 10
37 10
37 11
36 11
37 11
38 11
37 11
37 10
36 10
36 9
37 9
38 9
38 8
38 7
39 7
38 7
37 7
37 8
38 8
39 8
39 9
39 8
39 7
40 7
41 7
40 7
39 7
39 6
38 6
38 7
38 8
38 9
37 9
36 9
36 8
36 7
37 7
37 6
38 6
37 6
37 5
37 6
37 5
37 6
37 5
37 4
38 4
38 5
38 6
39 6
39 7
40 7
39 7
39 6
40 6
39 6
39 7
39 8
39 9
39 10
38 10
38 11
37 11
37 10
37 9
37 8
37 7
38 7
37 7
38 7
38 6
39 6
40 6
40 5
39 5
39 6
39 5
39 4
39 3
40 3
39 3
39 2
38 2
38 1
39 1
39 0
40 0
41 0
40 0
40 1
40 2
40 3
40 2
41 2
40 2
40 1
39 1
40 1
41 1
41 2
