0 0
0 1
1 1
0 1
1 1
2 1
2 0
2 1
1 1
2 1
1 1
1 0
2 0
1 0
2 0
2 1
2 2
1 2
2 2
3 2
3 1
4 1
4 0
4 1
4 0
4 1
4 2
5 2
5 1
5 2
6 2
6 1
6 2
5 2
6 2
5 2
5 1
4 1
4 0
4 1
4 2
4 1
5 1
6 1
7 1
8 1
8 2
8 3
8 2
8 1
8 2
7 2
7 3
8 3
7 3
7 2
7 1
7 2
7 3
8 3
7 3
7 2
7 3
7 2
7 1
7 0
6 0
7 0
7 1
7 0
7 1
7 2
7 3
8 3
8 2
8 1
8 2
8 3
9 3
10 3
11 3
10 3
11 3
10 3
9 3
10 3
9 3
9 4
9 5
9 6
8 6
7 6
7 7
8 7
9 7
8 7
7 7
7 8
7 7
6 7
6 8
6 9
6 8
6 7
7 7
7 6
7 7
7 8
7 9
8 9
8 10
8 11
7 11
6 11
5 11
5 12
4 12
4 13
4 14
4 15
4 14
5 14
6 14
7 14
6 14
7 14
6 14
7 14
8 14
8 13
9 13
9 12
8 12
9 12
9 13
9 12
8 12
7 12
8 12
8 11
9 11
9 10
8 10
8 11
7 11
7 10
7 11
6 11
5 11
5 12
5 11
4 11
4 10
5 10
6 10
6 9
6 10
6 11
6 12
6 11
6 10
6 9
6 8
5 8
5 7
5 8
5 9
5 8
5 9
5 10
4 10
4 11
4 12
4 13
5 13
5 12
5 11
5 10
6 10
5 10
4 10
3 10
3 11
3 12
2 12
2 11
2 12
2 11
1 11
1 12
1 13
1 12
2 12
2 11
3 11
2 11
2 10
2 9
2 8
2 9
1 9
1 10
1 11
2 11
2 12
3 12
2 12
3 12
3 13
4 13
3 13
3 14
3 15
2 15
1 15
0 15
0 16
0 15
1 15
0 15
0 14
0 13
1 13
1 12
0 12
1 12
1 13
1 14
2 14
1 14
1 15
1 16
0 16
0 15
0 14
0 15
0 14
0 13
0 12
0 13
0 12
0 13
0 12
1 12
0 12
1 12
1 13
0 13
0 14
1 14
1 13
1 14
1 13
1 14
1 13
2 13
2 14
1 14
1 15
1 14
1 15
1 16
1 15
1 16
0 16
0 17
1 17
1 16
1 17
1 16
1 17
1 16
2 16
2 15
1 15
1 16
1 15
1 14
2 14
2 15
1 15
0 15
0 14
0 15
0 16
0 15
1 15
1 16
2 16
2 15
2 14
2 13
2 14
2 15
2 14
3 14
2 14
3 14
3 13
3 14
3 15
4 15
3 15
2 15
3 15
4 15
4 14
5 14
5 15
5 16
6 16
5 16
5 15
5 14
5 15
4 15
3 15
3 16
4 16
3 16
3 17
4 17
4 16
4 17
4 18
4 19
5 19
4 19
4 20
5 20
4 20
4 19
4 18
4 19
5 19
4 19
5 19
4 19
4 20
4 19
3 19
3 20
3 21
4 21
3 21
4 21
3 21
2 21
2 22
2 21
2 22
3 22
2 22
2 21
2 22
2 21
2 22
3 22
3 21
3 20
3 19
3 20
3 19
3 18
3 19
3 20
4 20
4 19
5 19
5 20
5 21
6 21
7 21
7 20
8 20
9 20
8 20
9 20
8 20
9 20
9 21
9 22
8 22
8 21
8 22
8 23
9 23
9 24
8 24
8 25
9 25
8 25
9 25
9 26
9 27
9 26
10 26
9 26
10 26
10 27
10 28
10 27
10 28
10 29
10 28
10 27
11 27
11 26
12 26
12 25
13 25
14 25
14 24
14 25
14 26
13 26
12 26
11 26
12 26
11 26
10 26
11 26
11 27
10 27
9 27
9 26
8 26
9 26
10 26
10 27
10 26
10 25
10 24
11 24
12 24
13 24
13 23
14 23
14 24
14 25
13 25
14 25
14 26
14 27
15 27
16 27
16 26
15 26
15 27
14 27
15 27
16 27
16 26
17 26
18 26
18 25
19 25
19 24
19 25
19 24
18 24
19 24
18 24
19 24
20 24
20 25
21 25
20 25
21 25
22 25
22 24
22 23
21 23
21 22
20 22
21 22
22 22
23 22
22 22
22 21
23 21
23 20
23 19
24 19
24 18
23 18
23 19
24 19
24 20
24 21
24 20
23 20
22 20
21 20
22 20
22 19
22 18
21 18
21 19
20 19
20 20
20 21
20 20
21 20
20 20
21 20
21 21
22 21
22 22
22 23
23 23
23 24
22 24
22 23
22 22
23 22
23 23
23 22
22 22
23 22
24 22
25 22
26 22
26 21
26 22
26 23
26 22
25 22
26 22
25 22
26 22
27 22
28 22
29 22
28 22
27 22
28 22
28 21
28 22
28 23
29 23
28 23
28 22
28 23
27 23
26 23
27 23
28 23
29 23
29 22
29 21
29 20
29 19
28 19
29 19
30 19
30 20
31 20
30 20
30 21
30 22
30 23
29 23
28 23
28 22
28 21
28 20
29 20
29 19
29 18
28 18
27 18
28 18
28 19
28 20
29 20
28 20
29 20
30 20
29 20
28 20
28 19
28 20
27 20
28 20
27 20
28 20
28 21
28 20
29 20
28 20
29 20
29 21
30 21
30 22
30 21
29 21
29 20
29 21
28 21
28 20
28 21
28 22
27 22
27 23
27 22
27 21
27 20
27 19
28 19
27 19
27 18
28 18
27 18
27 17
27 16
26 16
27 16
26 16
27 16
27 15
26 15
26 14
27 14
27 13
27 14
27 13
27 14
27 15
28 15
28 14
27 14
27 15
27 14
27 13
28 13
28 12
27 12
27 11
27 12
27 13
27 14
27 15
26 15
27 15
27 14
26 14
27 14
27 13
27 14
26 14
25 14
25 13
25 14
24 14
25 14
25 13
25 14
25 13
25 12
24 12
23 12
23 11
23 12
23 11
24 11
25 11
25 12
25 13
25 14
25 13
24 13
24 14
24 15
23 15
23 14
22 14
21 14
21 15
21 14
22 14
22 15
23 15
23 14
23 13
22 13
22 12
21 12
21 13
21 14
21 13
22 13
21 13
20 13
20 12
20 13
20 14
21 14
21 15
22 15
22 16
21 16
22 16
22 17
23 17
22 17
23 17
23 16
23 15
22 15
23 15
24 15
24 14
24 15
24 14
23 14
23 13
23 14
24 14
24 15
24 14
23 14
23 15
23 14
23 15
24 15
25 15
25 14
24 14
24 13
25 13
25 14
24 14
24 13
25 13
24 13
25 13
24 13
25 13
25 12
26 12
27 12
28 12
28 13
29 13
29 14
29 15
28 15
27 15
27 14
26 14
25 14
24 14
23 14
22 14
22 13
22 14
22 13
21 13
21 14
21 13
21 14
20 14
19 14
19 13
20 13
19 13
18 13
19 13
20 13
21 13
21 12
21 11
22 11
22 10
22 11
23 11
23 12
24 12
25 12
25 13
25 14
24 14
25 14
25 13
25 12
26 12
27 12
27 11
27 10
26 10
27 10
27 9
27 8
27 9
27 8
26 8
27 8
28 8
29 8
29 9
29 10
29 9
29 10
30 10
30 11
29 11
29 10
28 10
27 10
27 11
26 11
26 10
27 10
26 10
26 11
27 11
27 12
27 11
27 12
28 12
29 12
28 12
27 12
28 12
27 12
27 11
27 10
27 11
27 10
27 9
27 8
26 8
25 8
25 7
25 6
24 6
24 5
25 5
25 6
26 6
26 5
26 4
26 3
27 3
27 4
28 4
28 3
29 3
29 4
29 5
28 5
27 5
27 4
27 5
26 5
25 5
26 5
25 5
25 4
24 4
25 4
25 3
25 4
26 4
25 4
25 5
24 5
24 6
23 6
23 7
23 6
23 5
22 5
21 5
21 6
20 6
20 7
20 6
20 5
21 5
21 4
22 4
22 3
22 2
21 2
20 2
19 2
19 1
18 1
19 1
19 0
19 1
19 2
19 1
18 1
18 2
18 1
18 0
18 1
18 2
17 2
16 2
16 3
17 3
18 3
18 2
17 2
17 1
18 1
17 1
17 0
18 0
19 0
19 1
18 1
18 0
19 0
18 0
19 0
18 0
18 1
18 2
17 2
16 2
17 2
16 2
16 1
16 2
15 2
16 2
15 2
15 1
15 0
14 0
13 0
13 1
13 2
14 2
15 2
15 1
16 1
16 0
17 0
17 1
17 0
16 0
17 0
16 0
16 1
16 0
17 0
18 0
19 0
20 0
19 0
19 1
18 1
19 1
19 2
19 1
18 1
19 1
20 1
21 1
20 1
21 1
21 2
22 2
21 2
21 3
21 4
20 4
21 4
20 4
19 4
18 4
18 5
17 5
17 6
18 6
17 6
17 7
17 8
16 8
16 9
16 8
17 8
16 8
16 9
17 9
16 9
15 9
16 9
16 10
15 10
15 11
15 12
15 13
15 14
