0 0
1 0
1 1
2 1
1 1
2 1
1 1
0 1
1 1
2 1
1 1
2 1
1 1
0 1
1 1
2 1
3 1
3 2
3 1
3 0
3 1
2 1
3 1
3 0
2 0
2 1
3 1
3 2
3 1
3 2
2 2
2 1
1 1
1 2
2 2
2 1
2 0
3 0
3 1
3 0
2 0
2 1
1 1
1 0
0 0
1 0
2 0
1 0
2 0
2 1
3 1
2 1
3 1
4 1
5 1
5 2
6 2
6 1
7 1
6 1
5 1
5 0
4 0
4 1
5 1
5 2
4 2
4 3
4 2
4 3
4 2
5 2
5 3
6 3
7 3
6 3
7 3
7 4
6 4
5 4
5 5
5 6
4 6
4 5
3 5
3 4
4 4
5 4
4 4
4 3
3 3
4 3
4 2
4 1
3 1
4 1
4 2
3 2
3 1
3 2
4 2
3 2
3 3
3 4
4 4
4 3
4 2
5 2
6 2
5 2
5 1
4 1
3 1
3 0
4 0
5 0
5 1
4 1
4 2
4 3
4 4
4 5
4 6
5 6
4 6
5 6
4 6
4 7
4 8
3 8
4 8
4 7
4 6
4 7
3 7
4 7
4 6
5 6
5 7
4 7
3 7
4 7
4 8
3 8
4 8
4 9
4 8
4 7
4 8
4 9
4 10
4 11
4 12
4 11
4 12
4 13
4 12
5 12
5 11
4 11
4 10
4 11
4 12
4 13
3 13
3 12
4 12
5 12
5 11
5 10
6 10
6 11
7 11
7 10
8 10
9 10
8 10
8 9
9 9
9 8
9 9
9 10
8 10
9 10
8 10
7 10
8 10
7 10
8 10
8 9
8 8
8 9
9 9
9 10
10 10
11 10
10 10
10 9
10 8
10 9
11 9
11 8
10 8
10 7
9 7
9 8
10 8
11 8
11 9
12 9
11 9
11 10
12 10
12 9
12 10
12 9
12 10
11 10
10 10
9 10
9 11
8 11
9 11
9 10
10 10
11 10
11 11
11 12
12 12
12 13
13 13
14 13
15 13
16 13
16 12
15 12
16 12
17 12
17 13
16 13
16 14
16 15
16 16
15 16
15 17
15 18
15 19
15 18
16 18
17 18
18 18
19 18
19 17
19 16
20 16
19 16
18 16
19 16
20 16
20 17
20 16
19 16
20 16
21 16
22 16
22 15
22 14
21 14
20 14
19 14
20 14
20 15
20 16
19 16
19 15
19 14
18 14
18 15
18 14
18 15
17 15
18 15
18 16
19 16
18 16
17 16
18 16
18 15
19 15
18 15
18 14
19 14
20 14
20 13
20 12
20 13
20 12
20 11
20 12
19 12
20 12
21 12
20 12
20 13
21 13
20 13
21 13
21 12
22 12
23 12
24 12
23 12
23 13
23 14
23 15
24 15
24 16
24 17
23 17
23 18
23 17
23 18
23 19
23 18
23 17
23 18
22 18
23 18
24 18
25 18
25 17
24 17
24 16
25 16
25 17
24 17
23 17
24 17
24 16
24 15
23 15
22 15
21 15
21 16
21 15
22 15
21 15
22 15
22 14
23 14
24 14
24 13
24 12
24 13
25 13
26 13
25 13
24 13
23 13
23 12
22 12
22 11
23 11
23 12
23 13
22 13
22 14
23 14
22 14
23 14
22 14
22 13
22 14
22 15
23 15
24 15
24 16
24 15
24 14
23 14
23 13
23 12
24 12
23 12
22 12
21 12
20 12
20 11
20 10
19 10
19 9
18 9
18 8
18 9
17 9
17 8
18 8
18 7
18 8
18 9
18 10
19 10
19 9
19 8
19 7
20 7
20 8
20 7
20 8
21 8
20 8
20 9
20 8
20 9
20 10
20 9
21 9
21 8
21 7
21 6
20 6
20 7
20 8
20 7
19 7
19 6
19 7
20 7
21 7
21 8
21 9
21 8
22 8
21 8
21 7
21 6
21 7
21 6
21 5
21 4
21 5
21 6
21 7
22 7
21 7
22 7
22 6
22 5
22 4
21 4
20 4
21 4
21 5
22 5
23 5
24 5
25 5
25 4
24 4
24 3
23 3
24 3
24 4
25 4
25 5
25 6
26 6
26 5
27 5
28 5
28 4
27 4
27 3
27 4
28 4
27 4
26 4
25 4
25 5
26 5
26 6
25 6
25 5
25 4
26 4
26 5
25 5
25 6
26 6
27 6
27 5
27 6
27 5
27 4
27 3
27 2
27 1
27 2
26 2
26 3
26 4
25 4
26 4
27 4
26 4
27 4
28 4
29 4
29 3
29 2
28 2
28 3
28 4
27 4
28 4
29 4
30 4
31 4
31 3
31 4
31 3
32 3
32 2
31 2
32 2
32 3
33 3
33 2
33 1
33 0
33 1
33 2
32 2
32 1
31 1
31 2
31 3
31 2
31 3
31 4
32 4
32 5
32 4
31 4
31 3
31 2
30 2
30 1
29 1
28 1
27 1
28 1
27 1
28 1
29 1
29 2
30 2
29 2
30 2
30 3
29 3
29 4
29 3
30 3
30 2
30 3
31 3
32 3
31 3
32 3
33 3
34 3
34 2
34 3
34 4
34 5
33 5
33 6
33 5
33 6
33 7
34 7
33 7
33 6
34 6
33 6
33 5
33 4
33 5
32 5
33 5
33 4
34 4
33 4
34 4
33 4
33 3
34 3
34 4
33 4
33 3
32 3
32 2
32 1
32 2
31 2
31 1
31 0
31 1
31 2
31 3
31 4
30 4
30 3
31 3
31 4
30 4
30 3
29 3
30 3
30 4
30 3
30 4
30 5
30 4
30 5
30 4
30 3
30 2
31 2
32 2
31 2
31 1
31 0
30 0
31 0
30 0
31 0
30 0
30 1
30 0
30 1
29 1
29 2
29 1
28 1
28 2
27 2
26 2
25 2
24 2
23 2
22 2
22 1
23 1
24 1
24 0
23 0
24 0
25 0
25 1
24 1
24 2
25 2
25 1
25 0
24 0
24 1
25 1
25 0
25 1
25 0
26 0
27 0
27 1
26 1
26 2
26 3
27 3
26 3
27 3
26 3
27 3
28 3
27 3
28 3
29 3
30 3
30 2
29 2
28 2
28 1
28 0
29 0
29 1
28 1
28 0
28 1
27 1
28 1
28 2
28 1
28 2
28 1
28 2
27 2
27 1
27 2
26 2
27 2
28 2
28 3
27 3
27 2
27 3
27 2
26 2
27 2
28 2
29 2
29 3
29 2
29 1
30 1
29 1
30 1
30 0
29 0
28 0
28 1
29 1
28 1
27 1
28 1
28 2
28 1
28 0
28 1
29 1
29 2
30 2
29 2
30 2
30 3
31 3
30 3
30 4
29 4
30 4
30 5
30 6
30 5
30 4
29 4
29 5
30 5
31 5
32 5
31 5
31 4
31 3
32 3
32 2
32 3
31 3
32 3
33 3
33 4
33 3
33 2
33 3
34 3
34 2
34 1
33 1
34 1
34 0
35 0
35 1
35 0
36 0
37 0
38 0
38 1
37 1
36 1
35 1
36 1
35 1
35 0
36 0
35 0
35 1
34 1
34 0
34 1
33 1
34 1
33 1
32 1
33 1
33 0
32 0
32 1
33 1
33 2
32 2
32 1
32 2
31 2
32 2
32 3
31 3
32 3
32 2
33 2
32 2
31 2
30 2
30 1
31 1
31 2
31 3
31 2
32 2
32 1
32 0
31 0
32 0
32 1
33 1
33 0
34 0
33 0
33 1
34 1
34 2
34 3
34 4
34 5
33 5
33 4
33 5
33 4
34 4
34 3
34 2
34 1
35 1
35 0
35 1
36 1
36 2
35 2
35 3
34 3
34 2
33 2
34 2
35 2
35 3
35 2
36 2
35 2
36 2
37 2
37 3
37 4
37 5
37 6
36 6
35 6
34 6
34 5
35 5
34 5
33 5
33 6
33 7
33 6
33 5
32 5
33 5
34 5
33 5
33 6
34 6
34 7
33 7
33 6
34 6
34 7
33 7
34 7
34 8
34 7
33 7
32 7
32 8
31 8
31 7
32 7
32 6
33 6
32 6
32 7
32 8
32 7
31 7
31 6
31 7
32 7
33 7
34 7
33 7
33 6
33 5
33 4
33 5
33 6
34 6
34 7
35 7
34 7
33 7
34 7
34 8
34 9
35 9
34 9
34 8
33 8
32 8
31 8
31 7
31 6
31 7
32 7
33 7
33 6
33 5
32 5
31 5
31 6
32 6
32 7
32 6
32 5
31 5
32 5
32 6
32 7
32 8
32 7
32 6
33 6
33 5
34 5
34 6
34 7
33 7
32 7
32 8
32 7
31 7
32 7
31 7
31 6
30 6
31 6
31 5
31 4
31 3
31 4
31 3
32 3
31 3
31 4
31 3
32 3
32 4
32 5
32 6
32 7
32 6
33 6
33 5
34 5
33 5
34 5
33 5
33 6
34 6
35 6
36 6
36 7
36 6
35 6
36 6
36 7
