0 0
1 0
1 1
1 0
1 1
0 1
1 1
0 1
1 1
1 0
2 0
2 1
2 0
2 1
2 2
1 2
0 2
1 2
1 3
1 4
0 4
1 4
0 4
1 4
1 3
0 3
0 4
0 5
1 5
0 5
1 5
0 5
1 5
2 5
2 6
2 7
1 7
0 7
0 6
1 6
2 6
2 7
2 6
2 7
1 7
2 7
2 6
2 7
2 8
2 9
2 8
2 9
2 10
2 9
3 9
3 10
4 10
5 10
5 11
5 12
5 11
5 10
5 11
5 12
5 13
4 13
5 13
5 12
5 13
5 14
4 14
4 13
4 14
4 13
5 13
5 14
6 14
6 13
6 14
6 13
6 12
6 11
5 11
5 12
4 12
5 12
5 11
4 11
4 10
5 10
6 10
5 10
6 10
7 10
7 9
7 10
6 10
6 9
6 8
6 9
7 9
6 9
5 9
4 9
4 10
4 11
3 11
4 11
4 12
5 12
4 12
5 12
5 11
5 12
6 12
6 13
7 13
7 12
7 11
6 11
5 11
5 10
6 10
5 10
6 10
7 10
7 11
8 11
8 12
7 12
6 12
7 12
8 12
8 11
8 12
8 13
8 12
8 11
9 11
10 11
10 10
10 9
10 8
10 9
9 9
9 8
10 8
10 9
10 8
11 8
11 7
12 7
12 6
11 6
11 5
11 4
11 5
11 6
10 6
11 6
12 6
12 5
12 6
12 5
11 5
11 4
12 4
13 4
13 3
13 2
12 2
12 3
11 3
11 4
11 5
12 5
12 6
12 5
11 5
10 5
11 5
11 4
11 5
10 5
10 6
9 6
9 7
10 7
11 7
11 8
11 7
11 8
10 8
11 8
11 9
10 9
9 9
10 9
10 8
9 8
10 8
10 9
10 10
9 10
9 9
9 10
8 10
7 10
6 10
7 10
7 11
8 11
9 11
9 10
8 10
8 11
8 10
7 10
7 9
8 9
8 8
7 8
6 8
5 8
4 8
4 7
4 8
4 7
5 7
5 6
4 6
3 6
2 6
1 6
0 6
1 6
0 6
1 6
2 6
1 6
0 6
1 6
1 5
1 4
1 5
2 5
2 6
3 6
2 6
2 5
2 6
2 5
2 4
2 3
3 3
3 2
3 3
3 4
4 4
4 5
4 4
5 4
6 4
5 4
6 4
6 5
6 4
5 4
5 5
4 5
5 5
5 4
6 4
6 5
6 4
7 4
8 4
8 5
7 5
6 5
6 4
5 4
4 4
3 4
3 3
2 3
3 3
3 2
4 2
4 3
4 4
3 4
3 5
2 5
1 5
2 5
3 5
2 5
3 5
3 4
3 3
2 3
3 3
4 3
4 2
3 2
4 2
4 3
4 4
5 4
6 4
7 4
7 5
7 6
8 6
8 5
8 4
9 4
10 4
9 4
9 3
10 3
9 3
9 4
10 4
9 4
10 4
11 4
11 5
11 6
11 7
12 7
12 8
13 8
13 7
13 8
13 7
13 6
13 5
12 5
11 5
11 4
12 4
12 3
12 4
12 5
13 5
13 4
13 3
12 3
11 3
12 3
12 2
13 2
13 3
14 3
14 4
15 4
14 4
14 5
14 4
14 3
15 3
14 3
14 2
15 2
15 3
15 4
15 3
16 3
16 4
15 4
15 3
15 4
16 4
15 4
16 4
16 3
15 3
14 3
15 3
15 2
15 1
15 0
14 0
14 1
13 1
13 2
13 1
14 1
15 1
16 1
16 0
15 0
16 0
16 1
15 1
14 1
13 1
14 1
14 0
15 0
15 1
16 1
17 1
17 0
18 0
19 0
20 0
21 0
20 0
20 1
20 2
20 3
20 4
19 4
19 3
20 3
21 3
21 4
21 5
21 6
21 7
20 7
20 8
19 8
18 8
18 7
17 7
18 7
18 6
18 7
17 7
17 6
17 5
16 5
16 6
16 7
16 8
17 8
17 9
17 8
18 8
18 7
18 8
17 8
16 8
16 7
17 7
18 7
17 7
17 8
18 8
19 8
19 9
19 8
20 8
20 7
20 8
20 7
19 7
19 8
20 8
21 8
22 8
22 9
21 9
20 9
19 9
19 8
19 7
19 8
18 8
18 7
18 8
18 7
18 6
18 7
18 6
18 7
18 8
17 8
17 7
17 6
17 7
17 8
17 9
17 10
16 10
16 9
17 9
17 8
18 8
18 9
19 9
18 9
19 9
19 8
18 8
17 8
17 7
16 7
16 8
16 7
16 8
16 7
16 6
16 5
15 5
15 4
15 5
14 5
15 5
16 5
17 5
17 6
18 6
18 7
18 8
18 7
19 7
19 6
19 7
19 6
20 6
21 6
21 5
21 6
21 7
21 6
20 6
21 6
22 6
22 7
22 6
23 6
23 5
23 6
23 5
23 6
24 6
24 7
23 7
23 6
23 5
24 5
23 5
23 6
22 6
21 6
22 6
22 5
21 5
21 4
20 4
21 4
21 5
21 6
22 6
23 6
23 7
23 6
24 6
24 7
24 8
23 8
24 8
24 7
24 6
23 6
23 5
23 4
23 5
23 6
24 6
23 6
24 6
23 6
23 7
23 6
24 6
24 7
24 8
23 8
23 9
23 8
23 9
23 10
22 10
22 11
23 11
23 12
24 12
24 11
24 12
23 12
22 12
22 11
23 11
24 11
25 11
26 11
25 11
26 11
26 10
25 10
26 10
25 10
26 10
25 10
25 11
24 11
23 11
23 10
23 11
22 11
23 11
23 12
24 12
24 13
25 13
26 13
25 13
25 12
25 13
25 14
25 15
25 16
24 16
23 16
23 17
23 18
24 18
25 18
25 17
24 17
24 16
24 15
24 14
24 13
23 13
24 13
23 13
23 12
24 12
23 12
24 12
25 12
26 12
26 11
25 11
24 11
24 12
25 12
25 11
25 12
24 12
23 12
23 11
23 10
23 11
22 11
21 11
21 12
20 12
20 13
20 14
19 14
19 13
20 13
19 13
19 14
19 13
20 13
21 13
21 12
20 12
20 13
20 14
20 15
20 14
19 14
20 14
19 14
19 13
18 13
19 13
18 13
18 12
17 12
16 12
16 13
17 13
18 13
19 13
18 13
17 13
17 12
16 12
17 12
17 11
17 10
18 10
19 10
19 11
20 11
21 11
20 11
20 10
20 9
20 8
21 8
21 9
21 10
22 10
23 10
22 10
23 10
22 10
22 9
23 9
24 9
24 8
24 7
24 6
23 6
23 5
23 6
24 6
24 7
23 7
23 8
24 8
25 8
24 8
24 7
24 8
25 8
26 8
27 8
27 7
28 7
29 7
29 6
28 6
29 6
29 5
28 5
28 6
28 5
27 5
26 5
26 6
25 6
25 5
26 5
25 5
26 5
27 5
28 5
27 5
28 5
29 5
28 5
28 6
28 7
27 7
27 8
26 8
26 7
25 7
24 7
24 8
23 8
24 8
25 8
25 9
26 9
27 9
27 10
28 10
29 10
29 11
28 11
28 10
27 10
28 10
27 10
27 9
27 8
26 8
25 8
24 8
24 7
24 6
24 5
23 5
24 5
24 6
25 6
26 6
25 6
26 6
25 6
24 6
24 7
24 6
24 7
23 7
23 8
22 8
23 8
24 8
23 8
23 7
23 6
23 5
22 5
23 5
24 5
25 5
25 4
25 3
24 3
24 2
24 3
24 4
25 4
25 5
25 6
24 6
25 6
24 6
25 6
26 6
26 5
26 6
26 5
26 4
26 3
26 2
27 2
28 2
29 2
29 1
30 1
30 0
30 1
30 0
29 0
29 1
29 2
30 2
31 2
31 1
32 1
31 1
30 1
31 1
31 0
31 1
30 1
30 0
30 1
31 1
31 0
31 1
30 1
31 1
31 2
31 3
30 3
30 2
29 2
29 1
30 1
29 1
29 2
28 2
28 1
28 0
29 0
29 1
29 2
29 1
30 1
29 1
29 2
30 2
31 2
31 3
31 2
31 1
31 2
30 2
31 2
31 1
30 1
31 1
31 2
30 2
29 2
29 3
29 2
30 2
30 1
31 1
30 1
31 1
32 1
33 1
34 1
35 1
35 0
35 1
36 1
35 1
36 1
37 1
38 1
39 1
38 1
37 1
37 2
38 2
38 1
37 1
36 1
37 1
37 2
38 2
37 2
36 2
36 1
36 2
37 2
37 3
37 2
37 3
38 3
37 3
37 2
37 1
38 1
37 1
36 1
36 2
37 2
38 2
37 2
37 3
38 3
38 4
38 5
37 5
36 5
37 5
36 5
37 5
36 5
35 5
35 4
35 5
34 5
33 5
33 4
34 4
34 3
33 3
33 4
32 4
32 3
31 3
30 3
30 4
31 4
32 4
31 4
30 4
30 3
29 3
30 3
30 2
30 1
30 2
30 3
31 3
32 3
33 3
33 4
33 3
33 4
32 4
33 4
33 3
34 3
35 3
36 3
36 2
35 2
