0 0
0 1
0 0
0 1
0 2
0 3
0 2
1 2
2 2
2 1
3 1
4 1
5 1
4 1
3 1
3 2
4 2
5 2
5 1
6 1
5 1
4 1
4 0
3 0
3 1
4 1
3 1
3 0
3 1
3 0
3 1
3 0
3 1
3 2
4 2
3 2
2 2
2 3
3 3
3 4
2 4
2 3
1 3
0 3
0 4
0 5
0 4
1 4
0 4
0 5
1 5
2 5
3 5
2 5
2 4
1 4
0 4
0 3
1 3
1 4
2 4
3 4
4 4
3 4
2 4
2 3
3 3
3 2
2 2
2 3
2 4
2 5
2 4
2 5
1 5
2 5
3 5
3 6
3 7
3 8
3 9
3 10
4 10
3 10
2 10
2 11
3 11
4 11
4 10
5 10
5 11
5 10
6 10
7 10
8 10
8 9
8 8
8 7
9 7
9 8
9 7
9 6
10 6
10 7
10 6
11 6
10 6
9 6
9 7
9 6
10 6
11 6
11 5
11 6
11 5
11 4
10 4
10 5
10 4
11 4
10 4
11 4
10 4
11 4
10 4
9 4
9 5
10 5
11 5
11 4
12 4
11 4
10 4
10 5
10 4
10 5
10 6
9 6
9 7
9 8
8 8
8 7
8 6
8 7
8 8
7 8
6 8
7 8
7 9
6 9
6 10
6 9
7 9
8 9
9 9
8 9
7 9
8 9
8 8
9 8
8 8
8 7
7 7
8 7
7 7
8 7
7 7
6 7
5 7
5 6
4 6
5 6
4 6
3 6
3 5
3 6
2 6
1 6
1 5
1 4
1 5
2 5
1 5
1 4
1 5
1 4
1 5
2 5
3 5
3 6
3 7
2 7
1 7
2 7
1 7
0 7
1 7
1 8
0 8
0 7
1 7
1 8
1 9
2 9
1 9
1 10
0 10
1 10
2 10
3 10
3 11
3 10
3 9
3 10
4 10
4 11
4 10
5 10
4 10
5 10
5 9
6 9
6 8
6 9
6 10
6 11
6 10
6 9
7 9
8 9
8 8
7 8
7 7
8 7
8 8
8 9
7 9
6 9
6 8
5 8
6 8
5 8
5 9
6 9
7 9
7 10
7 11
8 11
8 12
8 13
7 13
7 14
6 14
6 15
7 15
7 14
8 14
8 15
9 15
10 15
11 15
11 14
12 14
12 15
12 14
13 14
12 14
12 13
12 14
12 13
11 13
11 14
11 13
12 13
11 13
11 14
11 15
10 15
10 14
11 14
11 15
11 14
12 14
12 15
13 15
12 15
12 16
12 15
13 15
14 15
13 15
12 15
13 15
13 14
14 14
13 14
12 14
12 13
12 12
12 13
11 13
11 14
11 13
11 12
12 12
11 12
11 11
12 11
12 12
13 12
14 12
13 12
12 12
12 11
12 12
12 13
13 13
13 14
14 14
14 13
14 12
15 12
16 12
16 13
16 14
16 15
16 16
15 16
15 15
14 15
14 14
14 13
13 13
13 14
13 13
13 12
12 12
12 11
12 10
12 11
12 10
12 9
13 9
13 8
13 7
14 7
13 7
12 7
13 7
13 8
13 9
14 9
13 9
13 8
13 7
14 7
14 6
14 7
15 7
16 7
16 8
17 8
18 8
19 8
19 7
20 7
21 7
20 7
19 7
19 6
20 6
21 6
21 5
22 5
21 5
20 5
21 5
22 5
23 5
23 4
22 4
21 4
22 4
22 3
22 2
21 2
22 2
22 1
22 2
22 1
21 1
21 2
21 1
21 0
22 0
22 1
22 0
23 0
24 0
24 1
23 1
23 2
24 2
25 2
24 2
24 3
23 3
23 4
23 5
23 4
23 3
22 3
22 4
21 4
21 5
21 6
21 7
21 6
20 6
21 6
21 5
20 5
20 4
20 3
20 2
20 3
20 2
20 1
20 0
19 0
19 1
19 0
19 1
19 0
19 1
19 2
20 2
19 2
19 1
18 1
19 1
20 1
20 0
21 0
21 1
22 1
23 1
22 1
23 1
22 1
22 0
21 0
21 1
21 0
21 1
21 2
22 2
22 3
21 3
22 3
23 3
23 4
24 4
23 4
24 4
23 4
22 4
23 4
23 5
24 5
25 5
26 5
26 4
26 3
25 3
24 3
23 3
24 3
23 3
22 3
22 4
23 4
24 4
24 5
24 4
23 4
22 4
21 4
20 4
21 4
21 5
20 5
21 5
21 6
21 7
22 7
22 8
22 9
23 9
23 10
22 10
22 11
23 11
24 11
23 11
22 11
22 12
21 12
22 12
22 13
22 12
21 12
21 11
21 12
22 12
21 12
21 13
22 13
22 12
22 11
22 12
22 11
21 11
22 11
23 11
22 11
22 12
22 11
22 12
23 12
23 11
23 12
23 11
22 11
23 11
23 12
23 11
24 11
24 10
25 10
25 11
25 10
25 11
25 12
25 13
24 13
23 13
24 13
24 12
24 11
24 12
23 12
24 12
24 13
24 12
24 13
24 14
24 15
24 16
24 17
23 17
23 16
22 16
22 15
21 15
22 15
21 15
22 15
22 16
23 16
24 16
23 16
22 16
22 15
22 16
22 17
23 17
24 17
24 16
24 15
23 15
23 16
23 17
24 17
24 18
25 18
25 17
26 17
27 17
26 17
27 17
27 16
26 16
25 16
25 15
26 15
27 15
26 15
26 16
27 16
28 16
29 16
29 15
30 15
29 15
29 16
29 15
28 15
27 15
28 15
28 16
28 15
27 15
28 15
27 15
26 15
26 14
25 14
25 13
24 13
25 13
25 14
24 14
25 14
26 14
25 14
26 14
27 14
27 13
27 14
28 14
28 13
28 14
27 14
26 14
26 15
25 15
26 15
25 15
26 15
27 15
27 16
28 16
29 16
29 15
29 16
29 15
28 15
27 15
28 15
27 15
28 15
27 15
28 15
29 15
29 14
28 14
27 14
26 14
26 13
25 13
26 13
27 13
26 13
26 12
26 13
26 14
26 15
26 16
26 17
25 17
24 17
23 17
23 18
23 17
22 17
23 17
24 17
24 16
24 17
25 17
25 18
25 17
26 17
26 16
26 15
26 16
25 16
25 17
24 17
23 17
24 17
25 17
25 18
25 19
25 18
24 18
24 19
24 20
24 21
25 21
25 22
24 22
24 23
23 23
24 23
24 22
24 23
24 24
24 23
25 23
24 23
24 24
24 23
23 23
24 23
24 22
23 22
23 23
23 24
24 24
24 25
23 25
23 24
24 24
23 24
23 23
23 22
23 23
23 22
23 21
23 20
22 20
22 21
22 22
22 23
23 23
23 22
22 22
21 22
21 21
21 20
20 20
21 20
21 19
21 18
20 18
21 18
22 18
21 18
22 18
23 18
23 17
24 17
24 16
24 15
24 14
24 13
23 13
23 14
23 13
23 12
23 11
23 12
23 11
24 11
24 10
24 9
25 9
25 10
25 9
24 9
25 9
25 8
26 8
26 9
27 9
28 9
28 8
28 7
27 7
27 8
27 9
28 9
29 9
29 8
29 7
30 7
31 7
31 6
31 5
31 6
31 5
32 5
32 4
33 4
34 4
33 4
32 4
32 5
31 5
31 6
32 6
32 5
33 5
33 4
33 5
34 5
34 4
34 3
34 4
34 5
34 6
34 7
33 7
33 6
33 7
33 6
32 6
32 7
32 8
31 8
30 8
30 9
30 10
30 9
30 8
30 7
31 7
30 7
31 7
31 6
32 6
33 6
33 5
34 5
34 6
35 6
36 6
37 6
37 5
38 5
37 5
37 6
36 6
36 7
35 7
36 7
37 7
37 6
38 6
37 6
36 6
36 7
35 7
35 6
36 6
36 7
35 7
34 7
35 7
34 7
33 7
34 7
34 8
34 7
34 6
34 7
34 8
34 7
34 8
33 8
34 8
33 8
33 9
34 9
34 10
34 9
34 10
33 10
33 11
33 10
33 11
32 11
32 10
33 10
33 9
32 9
31 9
32 9
33 9
33 10
33 11
33 12
34 12
34 13
35 13
34 13
33 13
34 13
34 14
34 15
34 14
35 14
35 15
35 14
34 14
34 13
35 13
34 13
34 12
34 11
33 11
32 11
32 10
33 10
33 11
32 11
33 11
32 11
32 12
31 12
32 12
31 12
32 12
33 12
34 12
34 13
33 13
33 14
32 14
33 14
32 14
31 14
32 14
33 14
34 14
33 14
33 13
33 14
34 14
34 15
34 16
34 15
34 16
34 15
34 14
33 14
33 15
34 15
33 15
33 16
33 15
32 15
32 16
33 16
34 16
33 16
33 15
34 15
34 14
34 15
34 16
35 16
36 16
37 16
37 17
37 18
38 18
38 17
39 17
40 17
40 16
41 16
40 16
40 15
40 16
40 17
40 16
41 16
41 17
42 17
41 17
40 17
39 17
40 17
40 16
40 17
40 16
40 15
40 14
40 13
39 13
39 12
39 11
40 11
41 11
41 12
40 12
40 13
