0 0
1 0
2 0
2 1
1 1
2 1
3 1
4 1
4 2
3 2
4 2
4 1
4 0
4 1
5 1
5 2
4 2
4 1
5 1
6 1
5 1
6 1
7 1
7 2
7 1
7 0
8 0
7 0
7 1
8 1
9 1
8 1
9 1
9 0
10 0
10 1
9 1
10 1
10 2
10 1
10 0
9 0
8 0
7 0
8 0
8 1
9 1
8 1
8 2
8 1
8 0
7 0
8 0
9 0
9 1
10 1
10 2
9 2
9 3
9 2
9 3
8 3
9 3
9 4
10 4
10 3
10 4
10 3
11 3
11 4
12 4
12 5
13 5
13 4
14 4
14 3
14 4
14 3
14 2
14 3
14 2
13 2
14 2
15 2
15 1
14 1
13 1
12 1
12 0
12 1
11 1
11 2
10 2
11 2
12 2
13 2
12 2
12 1
12 2
12 3
12 2
11 2
11 1
11 2
11 3
11 4
12 4
13 4
14 4
15 4
15 3
14 3
14 2
15 2
15 1
16 1
15 1
16 1
17 1
16 1
17 1
16 1
16 2
17 2
17 3
17 2
16 2
15 2
16 2
16 1
16 0
15 0
16 0
16 1
15 1
16 1
15 1
15 0
16 0
16 1
15 1
15 2
15 1
15 2
16 2
17 2
17 3
18 3
17 3
18 3
18 4
17 4
17 3
17 4
18 4
19 4
19 3
19 2
19 1
20 1
20 2
21 2
21 3
21 4
20 4
21 4
21 5
20 5
21 5
22 5
21 5
21 6
21 5
21 6
20 6
20 5
21 5
20 5
20 4
20 5
19 5
18 5
19 5
19 4
20 4
19 4
18 4
19 4
18 4
19 4
19 3
18 3
19 3
18 3
18 4
18 5
19 5
18 5
17 5
16 5
17 5
18 5
17 5
18 5
18 6
18 5
17 5
17 4
17 3
17 2
17 3
18 3
18 4
18 3
17 3
17 4
16 4
17 4
17 5
16 5
17 5
18 5
19 5
19 6
19 5
19 4
19 3
19 4
19 3
18 3
17 3
17 2
18 2
17 2
18 2
18 1
18 0
18 1
17 1
17 0
18 0
17 0
17 1
16 1
15 1
14 1
14 0
14 1
15 1
15 2
16 2
16 1
16 2
15 2
15 3
14 3
13 3
12 3
11 3
11 4
11 5
11 6
10 6
11 6
10 6
9 6
9 7
10 7
10 6
10 5
11 5
11 6
10 6
10 5
11 5
11 6
12 6
12 7
13 7
14 7
14 6
14 7
15 7
14 7
13 7
14 7
14 6
14 5
14 4
14 5
14 6
14 5
13 5
13 6
12 6
13 6
13 5
14 5
13 5
12 5
12 6
12 7
12 6
13 6
13 7
13 6
12 6
12 7
12 6
12 7
11 7
11 6
11 5
10 5
9 5
10 5
10 6
9 6
8 6
9 6
10 6
9 6
9 5
10 5
10 6
10 5
9 5
8 5
8 4
8 5
7 5
7 4
7 3
8 3
7 3
8 3
9 3
8 3
8 4
9 4
8 4
8 5
9 5
9 4
10 4
9 4
9 3
8 3
9 3
9 4
10 4
10 5
10 4
11 4
12 4
12 3
12 2
13 2
13 3
12 3
11 3
11 2
12 2
12 3
12 2
11 2
11 3
10 3
9 3
9 2
9 3
10 3
9 3
9 4
10 4
11 4
12 4
13 4
13 3
13 2
13 3
14 3
13 3
13 4
13 3
14 3
14 4
15 4
15 5
15 6
15 5
15 6
14 6
14 5
15 5
16 5
16 6
17 6
17 7
17 6
17 7
18 7
18 6
18 7
17 7
18 7
18 8
19 8
18 8
19 8
19 9
19 10
19 11
20 11
21 11
22 11
23 11
22 11
22 12
23 12
23 11
24 11
25 11
25 12
25 11
25 12
26 12
26 13
26 12
27 12
27 13
26 13
27 13
28 13
28 14
29 14
30 14
30 15
29 15
30 15
29 15
28 15
29 15
30 15
29 15
29 14
30 14
30 13
30 12
30 11
29 11
29 12
29 11
29 10
29 9
28 9
28 10
27 10
26 10
26 9
26 10
26 9
25 9
26 9
26 10
26 9
26 8
27 8
26 8
25 8
26 8
26 9
27 9
28 9
28 8
28 9
28 10
29 10
29 11
29 12
29 11
29 10
28 10
27 10
27 9
26 9
26 8
25 8
24 8
23 8
24 8
24 9
25 9
25 10
25 11
25 10
25 9
26 9
25 9
24 9
23 9
23 10
24 10
24 11
24 12
23 12
24 12
25 12
24 12
23 12
23 11
24 11
25 11
24 11
25 11
25 10
26 10
26 11
27 11
27 10
27 9
27 10
26 10
26 9
25 9
25 10
25 9
26 9
26 8
26 7
25 7
24 7
24 6
25 6
24 6
24 5
24 6
23 6
23 7
22 7
22 8
21 8
22 8
21 8
21 7
21 8
22 8
21 8
21 9
21 8
21 7
22 7
22 6
21 6
22 6
22 5
22 6
22 5
21 5
20 5
20 4
21 4
22 4
22 5
21 5
21 6
22 6
22 5
22 4
23 4
22 4
22 5
23 5
24 5
25 5
26 5
25 5
26 5
25 5
25 6
26 6
26 7
25 7
25 8
25 7
24 7
24 6
25 6
24 6
24 7
23 7
24 7
24 8
24 9
25 9
25 10
24 10
24 11
24 12
23 12
24 12
24 13
23 13
23 14
22 14
22 15
21 15
20 15
19 15
20 15
20 14
21 14
21 15
20 15
20 16
21 16
22 16
22 17
22 16
21 16
21 15
22 15
22 14
22 15
22 14
22 15
21 15
21 14
21 15
21 16
21 17
20 17
20 16
20 15
21 15
22 15
22 14
22 13
22 12
21 12
21 11
21 12
20 12
21 12
22 12
21 12
21 13
21 12
20 12
19 12
18 12
19 12
19 11
18 11
18 12
18 11
18 10
17 10
18 10
17 10
17 9
17 10
17 9
16 9
16 8
16 9
17 9
16 9
16 10
16 11
15 11
15 10
16 10
17 10
17 11
18 11
17 11
17 10
17 11
17 10
17 11
17 12
17 13
17 14
17 15
17 14
17 13
16 13
16 14
15 14
16 14
15 14
14 14
13 14
14 14
15 14
14 14
13 14
13 15
13 14
12 14
12 15
12 16
11 16
11 17
11 18
11 19
11 18
12 18
13 18
13 17
13 18
12 18
11 18
12 18
12 19
13 19
12 19
12 20
13 20
12 20
13 20
12 20
13 20
12 20
11 20
11 19
11 18
10 18
10 19
11 19
11 20
12 20
11 20
10 20
10 21
9 21
8 21
7 21
8 21
8 22
8 23
8 24
8 25
8 24
8 25
7 25
7 24
7 25
6 25
6 26
6 27
6 26
5 26
6 26
5 26
4 26
4 27
4 26
4 27
3 27
2 27
1 27
2 27
2 26
3 26
3 27
2 27
2 28
1 28
0 28
0 27
0 28
0 29
0 28
0 29
0 28
0 27
1 27
1 28
1 29
1 28
1 27
2 27
3 27
2 27
2 26
1 26
1 25
1 24
1 23
1 24
1 25
1 26
2 26
2 27
1 27
0 27
0 26
0 25
0 26
1 26
1 25
1 26
2 26
3 26
3 27
3 26
2 26
2 27
2 26
1 26
1 27
1 26
2 26
2 27
2 28
2 27
3 27
2 27
3 27
4 27
4 28
4 27
4 26
3 26
3 27
3 28
3 27
2 27
1 27
0 27
1 27
1 26
1 25
1 26
1 25
1 26
1 27
1 28
0 28
0 27
0 26
1 26
0 26
1 26
2 26
3 26
2 26
2 27
1 27
1 28
1 27
2 27
2 28
1 28
2 28
2 27
3 27
3 26
3 27
3 28
3 27
3 26
3 25
3 26
4 26
4 27
4 26
4 25
3 25
4 25
4 26
3 26
3 27
3 26
3 27
2 27
2 28
2 29
2 28
2 29
2 30
2 29
3 29
2 29
1 29
0 29
1 29
1 28
2 28
1 28
0 28
0 29
1 29
2 29
1 29
2 29
3 29
3 28
3 27
4 27
4 26
4 27
4 28
4 27
4 28
4 29
4 28
4 27
4 26
4 25
3 25
3 24
2 24
2 23
1 23
0 23
0 22
1 22
1 23
0 23
1 23
2 23
1 23
1 22
0 22
0 23
0 22
1 22
1 23
1 24
0 24
0 25
1 25
1 26
1 25
0 25
0 26
0 25
0 24
0 25
0 26
0 25
0 26
0 25
1 25
0 25
0 24
1 24
1 25
1 26
1 25
1 26
0 26
0 25
1 25
2 25
1 25
2 25
1 25
0 25
0 26
0 27
0 28
1 28
2 28
2 27
1 27
1 26
1 25
1 26
1 27
0 27
1 27
2 27
1 27
0 27
1 27
1 28
1 27
0 27
1 27
1 28
0 28
1 28
1 27
1 26
1 27
2 27
2 28
2 29
3 29
4 29
4 30
3 30
3 31
4 31
5 31
4 31
