0 0
1 0
0 0
0 1
1 1
2 1
2 0
2 1
2 2
2 1
2 0
1 0
0 0
0 1
0 2
0 1
0 2
1 2
1 3
0 3
0 2
1 2
1 1
1 0
2 0
1 0
1 1
1 2
0 2
1 2
1 1
2 1
2 0
1 0
0 0
0 1
1 1
1 2
0 2
0 3
0 4
1 4
1 3
0 3
0 2
1 2
1 3
1 2
0 2
0 3
0 4
0 3
1 3
1 2
0 2
1 2
1 3
2 3
1 3
1 4
0 4
0 5
0 4
0 3
0 2
0 3
1 3
2 3
1 3
1 4
2 4
3 4
2 4
1 4
1 3
2 3
3 3
3 4
3 3
4 3
4 2
5 2
6 2
7 2
6 2
6 3
6 4
6 3
7 3
7 4
7 3
8 3
8 2
9 2
9 1
10 1
9 1
9 0
10 0
9 0
8 0
9 0
10 0
9 0
9 1
8 1
9 1
10 1
9 1
9 0
10 0
11 0
10 0
11 0
11 1
11 2
12 2
13 2
13 3
13 2
13 3
12 3
12 4
12 3
12 4
12 5
13 5
13 4
14 4
15 4
15 3
14 3
13 3
13 2
12 2
11 2
12 2
12 1
12 0
11 0
11 1
12 1
12 2
12 1
11 1
12 1
12 2
12 1
12 2
12 1
12 0
11 0
11 1
10 1
10 2
10 3
10 4
11 4
11 3
11 2
11 1
10 1
10 0
9 0
10 0
11 0
10 0
10 1
10 0
10 1
11 1
11 0
10 0
10 1
11 1
12 1
11 1
10 1
10 0
9 0
9 1
8 1
8 0
9 0
9 1
8 1
7 1
8 1
9 1
9 0
9 1
9 2
8 2
8 1
8 0
7 0
7 1
8 1
7 1
7 0
6 0
6 1
7 1
7 2
6 2
7 2
6 2
7 2
8 2
8 3
8 4
9 4
8 4
9 4
9 3
8 3
9 3
8 3
9 3
10 3
10 2
9 2
8 2
7 2
7 1
7 0
7 1
7 2
8 2
8 1
9 1
8 1
7 1
8 1
8 0
8 1
9 1
8 1
7 1
7 2
7 3
8 3
8 2
9 2
9 3
10 3
10 2
10 1
9 1
9 2
9 1
9 0
10 0
9 0
9 1
9 2
9 3
9 4
9 3
9 2
8 2
7 2
6 2
7 2
8 2
8 3
7 3
7 4
6 4
5 4
5 3
6 3
6 2
5 2
6 2
6 1
5 1
5 2
5 1
5 0
6 0
7 0
6 0
6 1
6 2
6 3
6 2
7 2
6 2
6 1
5 1
6 1
7 1
6 1
7 1
8 1
8 2
8 1
8 0
8 1
8 0
8 1
9 1
10 1
10 0
10 1
10 2
10 1
10 0
10 1
11 1
10 1
9 1
9 0
8 0
9 0
9 1
10 1
10 2
10 1
10 2
9 2
10 2
11 2
10 2
9 2
9 1
9 0
9 1
9 2
9 3
9 4
9 3
10 3
10 4
10 5
11 5
11 6
12 6
12 5
12 6
12 5
12 6
12 7
12 6
12 7
12 6
12 5
12 4
12 5
12 4
12 3
12 2
12 3
12 2
12 3
12 2
13 2
13 3
13 4
13 3
14 3
15 3
15 4
15 3
16 3
16 2
15 2
15 1
14 1
13 1
13 0
12 0
11 0
11 1
11 2
11 3
11 4
11 3
10 3
10 4
11 4
12 4
11 4
10 4
10 5
11 5
11 6
11 7
10 7
10 8
11 8
11 9
12 9
13 9
12 9
11 9
11 10
12 10
12 11
12 10
13 10
12 10
13 10
13 9
13 10
13 11
12 11
11 11
10 11
10 12
11 12
12 12
13 12
13 13
13 14
13 13
12 13
13 13
14 13
13 13
13 14
13 15
13 14
13 13
13 14
13 15
13 16
14 16
14 15
13 15
14 15
14 16
14 17
15 17
16 17
16 18
17 18
17 19
18 19
19 19
19 20
19 21
19 20
19 21
20 21
19 21
19 20
18 20
18 19
18 20
18 19
19 19
19 18
18 18
18 19
18 18
19 18
20 18
20 19
20 20
20 19
19 19
20 19
20 18
21 18
21 19
21 18
21 19
20 19
20 20
21 20
20 20
20 21
21 21
20 21
19 21
20 21
19 21
18 21
19 21
18 21
17 21
17 22
18 22
17 22
17 23
17 22
17 23
17 24
17 23
18 23
19 23
20 23
21 23
21 22
21 23
20 23
21 23
22 23
23 23
24 23
25 23
25 22
26 22
26 23
26 22
27 22
28 22
28 23
29 23
28 23
28 22
28 21
27 21
27 22
28 22
28 23
29 23
29 24
28 24
29 24
29 23
29 24
30 24
30 23
30 24
29 24
29 25
28 25
29 25
28 25
28 26
28 27
28 28
27 28
27 29
26 29
25 29
26 29
27 29
26 29
27 29
27 28
26 28
25 28
25 29
25 28
25 29
25 30
25 31
26 31
25 31
26 31
26 30
27 30
28 30
28 31
29 31
30 31
30 32
31 32
30 32
30 31
31 31
31 30
32 30
32 29
31 29
31 30
31 31
31 30
31 31
30 31
31 31
31 32
32 32
31 32
31 33
31 34
30 34
31 34
31 33
31 34
31 35
32 35
33 35
33 34
33 33
33 32
34 32
35 32
36 32
37 32
37 31
37 30
38 30
38 29
39 29
40 29
41 29
41 28
40 28
40 29
41 29
42 29
42 30
43 30
44 30
44 29
43 29
44 29
43 29
43 28
44 28
44 29
43 29
43 28
42 28
41 28
42 28
43 28
42 28
42 27
41 27
41 26
42 26
43 26
44 26
44 27
44 28
44 27
43 27
43 26
44 26
44 27
45 27
45 26
45 27
45 28
46 28
45 28
45 27
45 26
46 26
46 25
46 26
46 25
45 25
46 25
45 25
45 24
45 23
45 22
46 22
47 22
47 23
47 22
47 21
46 21
45 21
46 21
47 21
47 22
46 22
46 21
47 21
46 21
46 22
46 23
47 23
46 23
45 23
45 22
45 23
45 24
45 25
45 26
46 26
45 26
45 27
45 28
45 27
46 27
46 26
46 25
45 25
45 24
46 24
47 24
46 24
47 24
47 25
47 26
47 27
47 28
48 28
49 28
48 28
49 28
49 29
49 28
50 28
50 29
50 30
50 29
51 29
51 30
50 30
51 30
50 30
51 30
51 29
51 28
50 28
51 28
51 27
52 27
52 28
53 28
54 28
54 27
55 27
55 28
55 27
54 27
54 28
54 29
54 28
54 29
53 29
53 28
53 29
52 29
53 29
54 29
54 28
54 27
54 26
55 26
54 26
54 27
55 27
55 28
55 27
55 28
55 27
55 26
56 26
56 27
55 27
55 28
55 27
55 28
54 28
54 27
55 27
55 26
55 25
54 25
53 25
53 24
53 23
54 23
54 22
53 22
53 21
53 20
53 19
53 18
52 18
51 18
51 17
52 17
52 16
53 16
52 16
52 15
52 14
51 14
51 13
50 13
50 12
50 11
51 11
52 11
52 12
53 12
53 11
52 11
51 11
51 12
51 13
51 12
51 11
50 11
50 12
49 12
50 12
50 11
51 11
51 12
51 11
50 11
51 11
51 10
51 9
52 9
51 9
51 8
51 7
52 7
52 6
52 5
52 6
51 6
52 6
52 7
53 7
52 7
52 8
53 8
52 8
52 7
51 7
50 7
51 7
52 7
52 8
52 7
52 8
51 8
50 8
49 8
49 7
50 7
49 7
48 7
48 8
48 9
48 8
48 9
47 9
46 9
46 8
46 9
45 9
46 9
45 9
45 10
45 11
46 11
45 11
44 11
44 12
45 12
44 12
45 12
45 11
44 11
44 12
44 13
45 13
46 13
45 13
46 13
45 13
45 14
45 15
44 15
43 15
42 15
43 15
42 15
43 15
44 15
44 16
44 17
43 17
44 17
44 18
45 18
45 19
44 19
44 18
45 18
45 17
45 16
45 17
46 17
47 17
47 18
48 18
47 18
46 18
45 18
45 17
44 17
44 18
44 17
44 18
44 17
44 16
44 17
44 16
45 16
44 16
43 16
43 17
43 16
42 16
41 16
42 16
42 17
41 17
40 17
39 17
40 17
41 17
42 17
43 17
43 16
43 15
43 16
43 15
43 16
43 15
43 14
43 15
42 15
43 15
42 15
42 16
43 16
43 17
43 18
43 17
43 16
43 17
44 17
44 18
44 19
44 18
44 17
43 17
43 16
43 15
44 15
45 15
46 15
46 16
47 16
48 16
47 16
47 17
47 18
48 18
48 19
47 19
47 18
47 19
47 20
46 20
47 20
47 21
47 20
47 19
48 19
47 19
47 20
47 21
47 20
47 21
48 21
47 21
48 21
49 21
50 21
49 21
48 21
47 21
46 21
46 22
46 23
47 23
48 23
49 23
49 22
48 22
47 22
48 22
49 22
50 22
50 23
50 22
49 22
48 22
48 23
48 22
49 22
