0 0
0 1
1 1
1 2
1 1
1 2
1 3
2 3
2 2
2 3
2 4
2 3
2 4
1 4
1 3
1 4
1 3
1 4
1 3
1 4
1 5
2 5
1 5
1 4
1 3
2 3
1 3
0 3
0 4
1 4
1 3
1 4
0 4
1 4
2 4
3 4
3 5
3 4
3 3
2 3
2 2
2 3
3 3
3 4
3 5
3 4
2 4
2 5
2 4
2 3
1 3
1 2
1 3
1 2
2 2
2 1
1 1
1 0
2 0
1 0
0 0
0 1
1 1
2 1
2 2
2 1
2 2
1 2
2 2
1 2
1 3
2 3
2 4
2 5
1 5
2 5
1 5
1 6
1 7
1 6
1 5
1 6
2 6
2 7
2 6
2 7
2 6
3 6
4 6
5 6
5 5
5 6
5 7
4 7
3 7
2 7
1 7
1 6
0 6
0 7
0 6
0 7
1 7
1 6
1 5
1 4
2 4
2 3
2 4
1 4
1 3
2 3
1 3
1 2
2 2
3 2
4 2
4 3
3 3
3 4
2 4
2 5
1 5
1 6
2 6
2 5
1 5
1 6
1 7
1 6
1 5
1 6
0 6
0 7
1 7
0 7
0 8
0 7
0 8
0 7
0 6
1 6
1 7
1 8
2 8
1 8
0 8
0 9
1 9
0 9
0 10
0 9
0 8
0 9
0 10
1 10
1 9
0 9
0 10
0 11
0 10
1 10
1 11
0 11
1 11
0 11
0 12
1 12
2 12
2 13
2 12
2 11
3 11
3 12
3 13
2 13
2 14
2 15
2 16
2 15
3 15
3 14
2 14
2 15
2 16
2 17
1 17
1 18
2 18
3 18
4 18
3 18
2 18
2 19
2 20
2 19
1 19
2 19
2 20
3 20
3 19
4 19
3 19
2 19
1 19
1 18
1 17
1 16
0 16
1 16
2 16
2 15
2 16
3 16
3 17
3 16
3 17
3 16
2 16
2 17
2 16
2 15
1 15
1 14
2 14
2 15
2 16
2 17
3 17
3 16
2 16
2 17
3 17
2 17
2 18
1 18
1 19
1 18
2 18
2 17
1 17
2 17
1 17
2 17
2 18
2 17
3 17
4 17
3 17
2 17
1 17
2 17
2 16
3 16
4 16
4 15
4 14
5 14
5 15
4 15
3 15
4 15
3 15
2 15
2 16
3 16
2 16
2 17
2 18
3 18
2 18
3 18
3 19
3 18
2 18
1 18
0 18
0 17
0 16
0 15
0 16
0 15
1 15
2 15
1 15
2 15
3 15
3 14
2 14
2 15
2 14
2 15
3 15
4 15
3 15
3 16
2 16
2 17
2 16
2 15
2 16
3 16
2 16
3 16
4 16
4 15
4 16
4 17
4 16
4 17
5 17
4 17
5 17
5 16
6 16
6 15
7 15
8 15
7 15
7 14
8 14
7 14
8 14
9 14
10 14
11 14
12 14
11 14
10 14
11 14
11 13
12 13
11 13
11 12
11 13
11 12
11 13
12 13
11 13
12 13
12 14
11 14
11 15
12 15
13 15
14 15
14 16
14 17
15 17
14 17
14 18
15 18
15 17
15 18
14 18
15 18
14 18
15 18
15 19
16 19
16 18
16 17
15 17
15 18
15 17
15 16
15 15
15 16
15 17
15 18
15 19
15 18
15 19
14 19
13 19
13 18
14 18
15 18
15 19
15 18
15 19
15 20
16 20
17 20
17 21
17 20
18 20
17 20
16 20
16 21
16 20
17 20
16 20
16 21
16 20
17 20
17 21
16 21
16 20
15 20
15 19
16 19
16 18
16 19
16 20
15 20
15 21
14 21
14 22
14 21
14 20
15 20
16 20
16 19
16 18
17 18
16 18
17 18
16 18
15 18
16 18
17 18
18 18
19 18
19 19
19 18
18 18
19 18
19 19
19 18
19 17
19 18
19 17
19 16
20 16
20 17
19 17
18 17
17 17
17 16
16 16
15 16
16 16
15 16
15 15
14 15
15 15
15 16
16 16
16 15
16 14
16 13
16 12
15 12
16 12
16 13
17 13
16 13
16 12
16 13
17 13
17 14
17 13
18 13
18 12
17 12
16 12
16 11
15 11
15 10
15 11
15 10
16 10
16 11
17 11
16 11
15 11
16 11
17 11
17 10
17 11
16 11
17 11
17 10
17 9
17 8
17 9
18 9
17 9
16 9
16 10
17 10
18 10
17 10
18 10
17 10
18 10
18 11
19 11
19 10
20 10
21 10
21 11
20 11
20 10
21 10
22 10
21 10
22 10
23 10
23 11
22 11
22 10
22 9
22 8
21 8
22 8
22 7
21 7
22 7
22 8
21 8
21 9
20 9
20 8
21 8
21 7
22 7
22 6
21 6
20 6
21 6
22 6
23 6
23 5
22 5
22 6
23 6
23 7
23 8
24 8
24 9
24 10
25 10
26 10
26 11
25 11
25 12
24 12
24 11
23 11
24 11
25 11
25 12
25 11
26 11
26 12
27 12
27 13
28 13
27 13
27 12
27 13
28 13
28 14
28 13
28 12
29 12
29 11
29 10
29 9
30 9
31 9
31 10
30 10
29 10
30 10
29 10
28 10
28 9
27 9
26 9
26 10
26 11
25 11
25 10
24 10
24 9
23 9
23 8
23 9
24 9
23 9
24 9
24 8
24 7
24 6
25 6
25 5
26 5
27 5
26 5
26 4
27 4
27 5
27 6
27 7
27 8
28 8
28 7
28 6
27 6
27 7
27 8
26 8
25 8
25 7
25 6
25 5
25 4
25 5
24 5
24 6
25 6
25 7
26 7
26 6
26 7
26 8
25 8
25 7
25 6
25 7
26 7
26 8
25 8
26 8
25 8
25 7
25 8
25 9
25 10
24 10
24 11
23 11
23 10
24 10
23 10
24 10
24 9
25 9
25 10
25 11
24 11
24 10
24 11
25 11
26 11
25 11
25 10
25 9
25 8
24 8
24 7
25 7
25 8
24 8
24 7
25 7
24 7
23 7
23 8
23 7
22 7
22 8
22 7
22 6
22 5
22 4
22 5
23 5
24 5
24 6
24 5
24 6
23 6
22 6
21 6
21 5
21 4
22 4
22 3
23 3
22 3
21 3
20 3
19 3
19 2
18 2
18 1
18 2
18 1
19 1
19 0
20 0
21 0
21 1
21 0
21 1
21 2
20 2
20 3
19 3
20 3
19 3
18 3
18 4
17 4
18 4
17 4
16 4
17 4
17 3
18 3
18 4
18 3
19 3
19 4
20 4
21 4
21 5
22 5
22 4
22 5
23 5
24 5
24 4
24 5
25 5
26 5
26 6
27 6
28 6
28 5
28 4
29 4
30 4
31 4
31 5
32 5
32 4
32 3
31 3
31 4
30 4
30 3
31 3
31 4
32 4
31 4
31 3
30 3
29 3
29 2
30 2
30 1
31 1
30 1
30 0
29 0
29 1
29 2
29 3
29 2
30 2
30 3
30 2
30 3
31 3
31 2
30 2
29 2
29 1
29 2
29 3
30 3
30 4
30 3
29 3
28 3
28 4
28 3
28 2
28 1
28 0
29 0
29 1
29 2
30 2
29 2
29 3
28 3
28 2
28 3
27 3
27 2
27 1
27 0
28 0
27 0
26 0
27 0
28 0
27 0
27 1
26 1
26 0
26 1
26 2
25 2
24 2
24 1
24 0
24 1
24 2
24 3
24 4
23 4
24 4
24 3
24 4
24 3
23 3
22 3
22 2
23 2
24 2
25 2
26 2
26 3
27 3
28 3
28 4
28 5
28 4
28 3
27 3
26 3
26 2
27 2
26 2
27 2
28 2
28 1
27 1
27 0
28 0
27 0
28 0
28 1
28 2
28 3
29 3
30 3
31 3
31 2
32 2
32 1
33 1
34 1
34 2
35 2
34 2
33 2
34 2
34 3
34 4
34 5
33 5
33 4
33 5
33 4
34 4
34 5
33 5
32 5
32 6
32 5
33 5
34 5
33 5
32 5
33 5
33 6
33 7
33 6
34 6
35 6
34 6
35 6
35 5
36 5
35 5
35 4
35 5
35 6
36 6
37 6
38 6
39 6
39 5
38 5
38 4
37 4
37 3
37 4
38 4
37 4
37 3
36 3
36 4
37 4
38 4
38 3
38 2
38 1
37 1
37 2
38 2
38 1
38 0
38 1
37 1
37 2
36 2
37 2
37 3
36 3
36 4
37 4
37 5
38 5
39 5
39 4
40 4
40 5
39 5
39 4
39 3
39 2
38 2
39 2
38 2
38 1
39 1
39 0
39 1
38 1
38 0
38 1
39 1
38 1
38 0
38 1
39 1
40 1
40 0
40 1
41 1
40 1
39 1
40 1
39 1
40 1
39 1
39 0
38 0
37 0
36 0
37 0
38 0
38 1
38 2
38 3
38 4
38 3
37 3
37 2
36 2
37 2
38 2
39 2
38 2
37 2
36 2
35 2
34 2
34 1
34 2
34 3
