0 0
1 0
0 0
0 1
1 1
2 1
2 2
3 2
3 1
3 0
3 1
4 1
3 1
3 0
3 1
3 2
4 2
3 2
4 2
5 2
5 1
5 2
4 2
3 2
2 2
2 3
2 4
2 5
2 6
2 5
2 4
2 5
2 4
1 4
1 3
2 3
3 3
4 3
4 2
5 2
6 2
7 2
8 2
8 1
7 1
8 1
9 1
9 0
9 1
10 1
10 0
9 0
9 1
9 0
10 0
10 1
9 1
9 0
10 0
10 1
11 1
11 2
11 1
10 1
9 1
8 1
8 2
9 2
10 2
11 2
10 2
11 2
11 1
10 1
11 1
11 0
11 1
12 1
12 0
12 1
11 1
12 1
13 1
13 2
13 3
12 3
12 4
12 5
12 4
12 5
13 5
13 6
13 7
14 7
14 6
15 6
16 6
15 6
15 5
14 5
13 5
13 4
13 5
13 6
14 6
14 5
14 6
13 6
13 7
13 8
14 8
14 7
14 8
14 7
14 6
14 7
15 7
15 8
15 9
15 10
16 10
15 10
15 11
15 10
15 9
16 9
15 9
15 8
15 7
16 7
16 8
16 7
16 6
15 6
16 6
16 7
16 6
16 5
17 5
16 5
16 6
16 7
15 7
16 7
16 8
16 9
17 9
17 10
17 11
17 12
16 12
16 13
17 13
17 14
17 13
16 13
15 13
16 13
16 12
16 11
17 11
17 10
17 9
17 8
17 9
16 9
15 9
16 9
16 10
17 10
16 10
16 11
17 11
17 12
17 11
16 11
17 11
17 10
16 10
16 11
17 11
16 11
16 10
16 9
17 9
17 10
16 10
17 10
17 11
16 11
16 10
16 11
16 10
16 11
17 11
17 12
16 12
17 12
17 13
17 12
16 12
16 13
16 12
17 12
18 12
17 12
17 11
17 12
16 12
16 11
15 11
16 11
15 11
14 11
15 11
15 12
15 11
15 12
15 11
16 11
17 11
17 12
17 11
17 10
18 10
18 11
17 11
17 10
17 9
18 9
18 8
18 7
19 7
19 6
19 5
19 4
20 4
19 4
19 3
18 3
18 2
18 1
18 2
18 1
19 1
19 2
20 2
21 2
21 3
21 4
21 3
21 4
22 4
22 5
23 5
22 5
23 5
23 6
24 6
25 6
24 6
25 6
26 6
25 6
24 6
24 7
24 8
24 7
25 7
25 8
25 7
25 8
25 7
25 6
25 5
26 5
26 4
26 5
25 5
25 6
25 5
26 5
26 4
27 4
28 4
28 3
27 3
27 2
26 2
27 2
26 2
26 1
26 0
26 1
27 1
26 1
27 1
26 1
26 0
26 1
25 1
25 0
24 0
25 0
25 1
25 0
25 1
26 1
26 0
26 1
27 1
28 1
27 1
27 0
28 0
28 1
27 1
28 1
28 0
28 1
27 1
27 0
27 1
28 1
27 1
26 1
27 1
26 1
25 1
26 1
27 1
27 2
27 1
27 2
27 1
27 2
27 1
27 2
26 2
26 3
26 2
26 3
26 4
27 4
27 5
28 5
27 5
26 5
25 5
25 4
25 5
25 6
26 6
26 7
25 7
24 7
23 7
22 7
22 8
22 9
22 8
21 8
22 8
21 8
20 8
20 7
19 7
19 8
19 7
19 6
19 7
20 7
21 7
20 7
20 6
21 6
22 6
22 5
22 6
23 6
23 7
23 8
23 9
23 10
23 11
24 11
24 10
25 10
26 10
27 10
27 11
28 11
27 11
26 11
26 10
26 9
26 10
27 10
26 10
25 10
26 10
25 10
26 10
26 9
26 10
26 11
26 10
25 10
24 10
24 9
24 10
25 10
25 11
25 12
26 12
25 12
24 12
24 11
23 11
24 11
23 11
23 12
22 12
23 12
22 12
21 12
22 12
22 11
22 10
22 9
23 9
22 9
21 9
21 10
21 9
21 8
20 8
20 9
19 9
19 10
19 11
19 12
19 13
18 13
18 14
18 13
18 12
18 11
19 11
20 11
21 11
21 12
21 11
21 12
21 13
20 13
20 12
19 12
20 12
20 11
19 11
20 11
20 12
20 11
20 12
19 12
19 11
19 12
20 12
19 12
19 11
19 10
18 10
19 10
18 10
18 9
18 10
19 10
19 11
19 10
19 9
19 8
18 8
17 8
18 8
19 8
19 9
18 9
17 9
16 9
17 9
17 8
17 9
17 8
17 9
16 9
16 8
15 8
14 8
14 9
14 10
13 10
13 9
13 8
13 7
13 6
14 6
14 5
15 5
16 5
16 4
16 5
16 4
16 5
16 4
16 5
16 4
15 4
15 3
15 2
14 2
14 1
14 0
14 1
15 1
15 0
15 1
15 0
14 0
15 0
16 0
16 1
16 2
15 2
15 3
15 4
14 4
14 3
14 2
13 2
14 2
14 3
13 3
13 2
13 1
13 0
12 0
11 0
10 0
9 0
9 1
10 1
10 2
11 2
12 2
11 2
10 2
9 2
8 2
8 1
7 1
7 0
7 1
7 2
7 1
7 0
7 1
6 1
7 1
7 0
8 0
9 0
9 1
9 0
9 1
8 1
7 1
7 0
7 1
7 2
6 2
6 1
6 2
6 1
5 1
4 1
3 1
2 1
2 0
2 1
2 0
1 0
2 0
2 1
1 1
1 2
2 2
3 2
3 1
3 0
3 1
2 1
2 2
3 2
3 1
2 1
2 0
2 1
1 1
1 0
1 1
2 1
3 1
3 2
3 1
4 1
3 1
3 2
3 1
4 1
4 0
4 1
4 0
3 0
2 0
1 0
2 0
2 1
2 2
2 3
1 3
1 2
1 1
1 0
1 1
2 1
3 1
4 1
5 1
5 2
5 1
5 2
4 2
4 3
5 3
5 2
6 2
6 3
5 3
4 3
3 3
3 2
3 3
3 4
4 4
4 5
5 5
5 4
4 4
4 3
4 4
4 5
3 5
2 5
1 5
1 6
1 7
1 6
2 6
3 6
2 6
2 7
2 6
2 7
3 7
3 8
4 8
4 7
5 7
5 6
5 7
5 6
5 5
6 5
6 6
6 7
7 7
6 7
7 7
7 8
7 9
6 9
6 8
5 8
4 8
5 8
4 8
5 8
5 9
5 10
4 10
3 10
4 10
5 10
5 9
4 9
3 9
4 9
3 9
3 8
4 8
4 7
5 7
5 8
5 7
4 7
4 6
5 6
5 7
6 7
5 7
4 7
5 7
5 6
5 5
4 5
3 5
4 5
4 6
3 6
3 7
4 7
5 7
6 7
6 8
6 7
6 8
7 8
7 9
8 9
9 9
9 8
10 8
10 9
10 8
9 8
8 8
7 8
7 7
7 6
7 5
6 5
7 5
7 4
6 4
6 5
5 5
4 5
4 6
5 6
5 5
6 5
7 5
7 6
6 6
7 6
8 6
7 6
7 7
8 7
9 7
9 6
8 6
9 6
8 6
8 5
9 5
10 5
10 6
10 5
9 5
10 5
11 5
12 5
11 5
11 6
12 6
13 6
12 6
12 5
12 6
12 5
11 5
12 5
11 5
11 4
11 3
11 4
11 3
12 3
12 2
11 2
12 2
12 3
13 3
12 3
12 2
12 3
12 2
12 3
13 3
14 3
15 3
15 2
15 1
16 1
17 1
17 2
17 3
17 2
16 2
16 1
17 1
17 2
16 2
16 1
16 0
16 1
17 1
17 2
18 2
18 3
18 2
18 3
18 2
17 2
16 2
15 2
16 2
15 2
16 2
16 3
16 4
17 4
16 4
16 3
17 3
18 3
18 2
18 1
17 1
17 0
17 1
16 1
16 2
16 1
16 0
16 1
16 2
15 2
15 1
15 2
16 2
17 2
16 2
16 3
16 2
16 3
16 2
15 2
16 2
16 1
16 2
17 2
17 3
18 3
18 2
19 2
18 2
19 2
19 3
18 3
18 4
18 3
18 2
18 3
18 4
18 3
18 4
17 4
18 4
18 5
17 5
17 6
18 6
19 6
19 7
20 7
21 7
21 8
21 9
21 10
22 10
23 10
24 10
24 9
24 10
23 10
23 9
24 9
25 9
25 10
26 10
27 10
28 10
29 10
30 10
30 9
30 8
31 8
32 8
33 8
33 9
32 9
31 9
31 8
32 8
32 9
33 9
32 9
32 8
32 9
32 10
32 9
32 10
33 10
32 10
32 9
32 10
32 11
32 10
33 10
32 10
33 10
32 10
33 10
32 10
32 9
33 9
33 10
32 10
33 10
34 10
35 10
35 11
35 10
36 10
36 11
36 10
36 9
36 10
35 10
35 9
35 8
34 8
33 8
33 9
33 10
33 9
33 10
33 9
32 9
32 8
32 7
31 7
32 7
33 7
33 6
32 6
32 7
33 7
34 7
35 7
34 7
34 8
33 8
32 8
32 7
32 6
33 6
33 5
32 5
32 4
32 5
33 5
34 5
34 4
34 5
33 5
33 4
