0 0
0 1
1 1
2 1
2 2
3 2
2 2
1 2
1 1
2 1
3 1
3 0
2 0
3 0
3 1
3 2
2 2
3 2
4 2
3 2
4 2
4 1
5 1
5 2
4 2
4 3
4 2
5 2
6 2
6 1
5 1
6 1
5 1
6 1
5 1
5 0
4 0
4 1
4 2
4 3
3 3
3 2
3 1
3 2
3 3
2 3
1 3
2 3
1 3
2 3
2 2
3 2
4 2
4 1
5 1
5 2
5 1
5 0
5 1
6 1
6 0
5 0
4 0
5 0
5 1
4 1
4 2
4 3
4 2
4 3
3 3
4 3
4 4
4 5
3 5
3 6
3 7
4 7
5 7
6 7
6 6
5 6
4 6
4 7
5 7
5 8
4 8
4 9
5 9
6 9
5 9
6 9
7 9
7 8
6 8
7 8
7 7
6 7
6 8
5 8
5 9
5 10
6 10
7 10
6 10
5 10
5 11
5 10
4 10
4 11
5 11
5 10
4 10
4 11
3 11
2 11
2 10
1 10
0 10
1 10
1 11
1 10
1 11
0 11
1 11
1 12
1 13
0 13
1 13
2 13
1 13
1 12
0 12
1 12
1 13
1 12
1 11
0 11
0 10
0 9
0 10
0 11
1 11
1 12
0 12
0 11
1 11
2 11
1 11
0 11
1 11
0 11
0 12
0 13
0 12
0 11
0 12
1 12
1 13
1 12
1 11
1 12
1 13
1 12
1 13
0 13
1 13
0 13
1 13
1 12
1 11
1 12
1 13
1 12
2 12
3 12
2 12
2 13
2 12
1 12
2 12
2 11
2 10
1 10
1 9
0 9
1 9
0 9
0 10
1 10
0 10
0 11
1 11
2 11
2 12
1 12
1 13
2 13
2 12
2 11
1 11
1 12
1 11
1 10
0 10
1 10
2 10
2 9
1 9
0 9
1 9
1 8
2 8
3 8
3 9
3 10
3 9
4 9
5 9
4 9
4 10
4 9
4 8
3 8
3 7
3 6
2 6
1 6
2 6
2 5
3 5
3 4
3 3
3 4
3 5
3 4
3 3
2 3
2 2
3 2
3 3
2 3
1 3
2 3
2 2
2 3
2 2
1 2
1 1
1 2
1 1
0 1
0 0
1 0
1 1
2 1
2 2
3 2
3 1
3 0
4 0
3 0
4 0
5 0
6 0
7 0
7 1
7 0
6 0
5 0
6 0
7 0
8 0
7 0
8 0
8 1
8 0
7 0
7 1
7 2
7 3
6 3
5 3
6 3
5 3
5 2
5 1
6 1
7 1
8 1
9 1
8 1
7 1
7 0
7 1
7 2
8 2
8 1
8 0
9 0
8 0
7 0
6 0
6 1
7 1
6 1
5 1
6 1
7 1
7 2
8 2
8 3
7 3
6 3
6 2
6 3
5 3
4 3
4 2
4 3
4 2
4 1
3 1
2 1
2 2
2 3
3 3
2 3
2 4
1 4
2 4
2 5
1 5
1 4
2 4
1 4
0 4
0 5
0 6
0 5
0 4
0 5
1 5
0 5
0 6
1 6
1 7
1 8
1 7
2 7
2 6
3 6
3 7
3 8
2 8
2 7
2 6
2 5
2 4
3 4
4 4
4 5
3 5
3 4
2 4
2 3
2 4
1 4
2 4
2 5
1 5
2 5
2 4
2 5
1 5
2 5
1 5
2 5
1 5
2 5
2 4
3 4
3 5
3 6
2 6
1 6
1 5
1 6
0 6
0 5
1 5
1 6
0 6
1 6
2 6
1 6
1 7
0 7
1 7
0 7
1 7
0 7
0 8
1 8
1 7
1 8
1 7
2 7
2 6
1 6
1 7
0 7
1 7
0 7
1 7
1 6
0 6
0 5
1 5
1 4
1 5
2 5
3 5
3 4
2 4
2 3
2 4
3 4
4 4
5 4
6 4
6 5
5 5
6 5
7 5
7 4
7 3
7 2
7 3
6 3
7 3
8 3
9 3
9 2
9 3
10 3
10 4
11 4
11 5
10 5
10 4
10 5
10 6
10 7
9 7
9 6
10 6
10 7
10 8
10 9
11 9
11 10
12 10
11 10
12 10
12 11
12 10
11 10
11 11
11 12
12 12
13 12
13 11
12 11
12 10
12 11
13 11
14 11
15 11
15 10
14 10
14 9
15 9
15 10
15 9
15 10
15 9
14 9
15 9
14 9
14 8
13 8
13 7
13 8
13 9
13 8
13 9
12 9
11 9
10 9
11 9
12 9
13 9
13 8
12 8
12 9
11 9
11 8
12 8
11 8
11 9
11 10
11 11
11 10
10 10
11 10
12 10
13 10
14 10
15 10
15 9
15 10
15 11
15 10
16 10
16 11
16 10
15 10
15 11
16 11
15 11
15 10
15 11
15 12
15 11
15 12
15 13
16 13
17 13
18 13
18 12
19 12
18 12
18 11
19 11
18 11
19 11
19 10
18 10
18 11
18 12
19 12
19 11
20 11
20 10
20 9
20 10
20 9
21 9
22 9
22 8
22 9
22 8
21 8
21 7
22 7
23 7
23 6
23 5
22 5
22 4
23 4
23 3
24 3
24 4
25 4
24 4
24 5
24 6
24 5
24 4
24 5
25 5
25 6
24 6
24 5
23 5
23 4
22 4
22 5
23 5
24 5
24 6
25 6
26 6
26 5
26 4
26 5
26 6
26 5
26 4
25 4
26 4
25 4
26 4
27 4
28 4
28 3
28 4
28 3
27 3
28 3
27 3
26 3
27 3
28 3
28 4
28 3
29 3
29 4
29 5
29 6
29 7
29 6
28 6
28 5
28 6
29 6
28 6
27 6
27 5
28 5
28 6
28 7
27 7
26 7
26 6
26 7
26 8
26 9
25 9
24 9
23 9
22 9
22 10
22 11
21 11
21 10
20 10
20 11
21 11
21 10
20 10
20 9
21 9
21 8
21 7
21 6
22 6
22 7
23 7
24 7
24 8
24 9
24 8
24 7
23 7
23 6
24 6
24 7
24 6
24 7
24 6
24 5
23 5
23 6
22 6
22 5
21 5
21 4
21 5
21 6
21 5
21 6
21 7
21 8
21 9
22 9
21 9
22 9
22 10
22 11
22 10
22 11
22 10
22 11
22 10
22 11
22 12
22 11
23 11
23 10
23 11
23 12
24 12
24 11
23 11
22 11
22 10
23 10
23 11
22 11
23 11
24 11
23 11
22 11
22 10
23 10
24 10
24 11
24 12
24 11
24 12
24 13
25 13
25 12
26 12
26 13
27 13
27 14
27 15
28 15
28 16
27 16
27 15
28 15
29 15
30 15
29 15
30 15
30 14
29 14
30 14
31 14
31 15
31 16
31 17
31 18
30 18
31 18
30 18
29 18
29 17
30 17
30 16
29 16
29 17
28 17
28 16
28 17
28 16
29 16
28 16
27 16
28 16
28 17
28 18
28 17
28 18
28 17
29 17
29 18
29 17
29 16
29 17
28 17
28 18
28 19
27 19
28 19
28 18
29 18
29 17
29 16
28 16
28 15
29 15
29 16
28 16
29 16
29 15
30 15
31 15
30 15
31 15
31 16
30 16
30 15
29 15
30 15
30 16
31 16
30 16
31 16
32 16
32 15
32 14
32 15
33 15
32 15
33 15
33 16
33 17
33 18
33 17
32 17
32 18
31 18
32 18
33 18
32 18
32 19
32 18
31 18
30 18
30 17
29 17
30 17
29 17
29 16
28 16
28 17
28 16
28 17
27 17
26 17
26 16
26 17
26 18
27 18
27 19
27 18
26 18
26 17
26 18
25 18
25 17
25 16
25 17
25 18
26 18
26 17
26 18
26 17
26 18
26 19
27 19
28 19
29 19
29 18
29 19
28 19
28 18
28 19
27 19
27 20
27 21
28 21
27 21
28 21
28 22
28 23
28 24
29 24
28 24
28 23
29 23
29 22
30 22
29 22
29 23
28 23
29 23
28 23
28 22
29 22
28 22
28 23
28 22
29 22
29 21
29 20
29 19
29 18
30 18
30 19
30 20
29 20
29 19
29 20
30 20
29 20
29 21
29 22
29 21
29 20
29 19
28 19
29 19
28 19
28 20
28 21
27 21
26 21
25 21
24 21
25 21
24 21
24 22
24 21
25 21
26 21
27 21
26 21
27 21
27 22
26 22
26 23
26 24
26 25
27 25
27 24
26 24
26 25
25 25
26 25
27 25
28 25
27 25
26 25
26 24
27 24
26 24
27 24
28 24
29 24
30 24
30 23
30 24
31 24
30 24
29 24
29 25
29 26
28 26
28 27
27 27
27 26
26 26
26 25
27 25
27 24
28 24
27 24
27 23
26 23
26 24
26 23
26 24
26 25
27 25
27 26
28 26
27 26
27 27
28 27
29 27
28 27
28 28
28 29
29 29
28 29
29 29
28 29
27 29
28 29
28 30
29 30
29 31
28 31
28 30
29 30
30 30
29 30
28 30
27 30
26 30
25 30
26 30
26 29
