0 0
0 1
1 1
1 0
1 1
1 0
2 0
1 0
1 1
1 2
2 2
1 2
1 3
2 3
3 3
4 3
4 2
4 1
4 0
4 1
4 2
5 2
5 3
5 2
4 2
3 2
3 1
4 1
5 1
5 0
6 0
6 1
7 1
8 1
7 1
6 1
6 2
6 3
6 4
7 4
8 4
7 4
7 3
8 3
7 3
6 3
6 2
7 2
8 2
9 2
8 2
9 2
9 3
10 3
10 4
10 5
11 5
11 4
11 3
11 4
12 4
11 4
11 5
11 6
11 7
11 6
11 7
12 7
11 7
10 7
10 8
10 9
10 10
10 11
10 10
11 10
11 11
10 11
10 10
11 10
11 11
12 11
11 11
11 12
10 12
10 13
10 14
9 14
10 14
9 14
9 15
8 15
8 14
8 15
7 15
6 15
5 15
6 15
6 16
6 17
6 16
6 15
6 14
6 15
6 16
6 15
5 15
6 15
7 15
7 14
6 14
6 13
7 13
8 13
8 14
8 15
8 16
8 15
8 14
8 13
9 13
8 13
8 12
8 13
8 14
8 13
7 13
6 13
6 12
7 12
7 13
7 14
8 14
8 15
8 16
8 17
7 17
7 16
8 16
8 17
8 16
8 17
8 18
8 19
8 18
8 19
8 20
9 20
9 19
10 19
11 19
10 19
9 19
9 18
8 18
7 18
7 19
7 20
7 19
6 19
7 19
6 19
6 20
5 20
5 19
4 19
4 20
4 19
4 18
5 18
5 19
5 18
5 19
5 20
5 21
4 21
5 21
5 22
5 23
5 22
6 22
5 22
5 21
5 20
6 20
6 19
5 19
5 20
5 19
6 19
6 18
7 18
7 17
8 17
8 16
9 16
8 16
9 16
9 17
10 17
11 17
11 16
12 16
12 15
12 14
13 14
14 14
13 14
12 14
13 14
14 14
13 14
13 13
13 14
12 14
11 14
11 13
11 12
11 11
11 10
11 9
11 10
11 9
12 9
12 8
11 8
10 8
11 8
12 8
12 7
13 7
13 6
12 6
11 6
10 6
11 6
11 7
12 7
13 7
13 6
13 7
13 8
13 9
13 8
13 7
12 7
12 8
12 9
12 8
11 8
11 9
10 9
11 9
12 9
13 9
13 10
13 11
12 11
12 10
12 11
12 10
12 11
11 11
12 11
11 11
11 10
11 9
12 9
11 9
11 10
11 9
10 9
11 9
10 9
11 9
10 9
11 9
11 8
12 8
11 8
12 8
13 8
13 7
12 7
13 7
14 7
14 8
14 9
13 9
13 10
12 10
13 10
13 11
13 10
13 9
13 10
13 11
12 11
12 10
11 10
12 10
12 11
12 10
13 10
13 9
14 9
14 10
14 9
15 9
16 9
16 10
17 10
17 9
18 9
18 8
18 7
18 8
19 8
19 7
18 7
18 6
18 7
18 8
17 8
17 7
17 8
18 8
18 7
18 8
19 8
19 7
19 8
20 8
20 9
21 9
21 10
20 10
21 10
22 10
23 10
23 11
22 11
23 11
22 11
22 12
22 11
23 11
23 12
23 13
23 12
23 13
23 12
23 13
23 14
23 13
22 13
21 13
22 13
23 13
23 14
23 15
23 14
24 14
24 15
24 14
24 15
24 16
24 17
24 16
23 16
24 16
24 17
23 17
24 17
24 16
24 17
24 18
23 18
24 18
23 18
24 18
25 18
24 18
25 18
24 18
23 18
24 18
24 19
23 19
23 20
23 19
23 20
23 21
23 20
23 19
23 18
23 17
23 16
23 15
23 14
23 15
23 16
23 17
24 17
24 16
25 16
26 16
25 16
26 16
25 16
25 15
24 15
24 16
24 17
24 18
25 18
24 18
24 19
24 20
25 20
24 20
24 19
23 19
22 19
22 18
21 18
21 17
21 18
20 18
20 17
20 16
20 17
20 18
20 19
20 20
21 20
20 20
21 20
20 20
20 21
19 21
19 22
18 22
19 22
18 22
17 22
17 23
18 23
19 23
19 24
20 24
21 24
21 25
21 24
21 25
21 24
22 24
21 24
22 24
22 23
21 23
22 23
23 23
24 23
25 23
25 24
24 24
24 25
24 26
24 25
24 24
24 25
24 24
24 23
24 22
23 22
23 21
23 22
23 23
23 22
22 22
23 22
22 22
22 23
21 23
21 22
22 22
21 22
21 23
21 24
22 24
22 25
22 24
21 24
21 25
20 25
19 25
18 25
18 24
18 23
17 23
18 23
19 23
18 23
17 23
18 23
18 24
18 23
18 24
18 23
17 23
16 23
16 22
16 23
16 24
16 25
16 26
16 25
17 25
17 26
17 27
16 27
17 27
17 28
16 28
16 29
16 28
16 27
16 28
16 29
15 29
15 28
15 27
14 27
14 28
13 28
13 29
14 29
15 29
14 29
13 29
12 29
13 29
14 29
14 28
14 27
14 26
13 26
13 27
13 26
13 27
13 26
13 27
13 26
13 25
13 24
13 25
12 25
12 26
13 26
14 26
14 27
14 28
15 28
15 27
14 27
15 27
14 27
14 26
14 27
13 27
13 26
13 25
13 24
13 25
13 26
13 25
12 25
12 26
11 26
10 26
10 27
10 28
11 28
10 28
10 29
10 30
9 30
8 30
9 30
10 30
11 30
12 30
13 30
13 29
13 30
14 30
15 30
15 31
14 31
14 32
15 32
15 31
15 30
15 31
14 31
15 31
16 31
17 31
18 31
17 31
18 31
18 32
18 33
18 34
18 35
18 36
17 36
18 36
18 35
19 35
19 34
19 35
20 35
20 34
20 33
21 33
20 33
20 34
21 34
22 34
22 35
22 36
22 35
21 35
22 35
21 35
20 35
20 36
21 36
22 36
22 37
21 37
22 37
22 38
22 39
22 38
21 38
22 38
22 39
23 39
22 39
22 38
23 38
23 37
23 38
24 38
23 38
23 37
23 38
23 39
22 39
22 40
23 40
23 41
23 42
23 41
24 41
24 42
23 42
23 41
23 42
23 41
23 42
23 41
23 42
22 42
22 43
21 43
20 43
20 42
21 42
21 41
20 41
21 41
21 40
21 41
22 41
23 41
23 42
24 42
24 41
24 42
23 42
22 42
21 42
20 42
20 43
20 42
20 43
21 43
21 44
22 44
22 45
22 44
22 43
21 43
22 43
22 44
23 44
22 44
22 43
21 43
20 43
19 43
18 43
17 43
17 42
16 42
16 43
15 43
15 42
14 42
14 43
13 43
13 44
12 44
13 44
13 45
13 44
12 44
13 44
13 45
12 45
13 45
13 44
13 43
14 43
13 43
12 43
13 43
13 42
13 41
14 41
15 41
15 40
15 39
16 39
16 38
15 38
14 38
14 39
14 40
15 40
16 40
15 40
15 41
15 42
15 41
14 41
15 41
14 41
14 40
13 40
12 40
12 41
12 40
11 40
12 40
12 41
12 42
12 43
11 43
12 43
12 42
12 43
12 44
11 44
11 45
10 45
11 45
12 45
13 45
12 45
12 44
12 45
12 46
13 46
12 46
13 46
12 46
11 46
11 47
11 48
11 49
12 49
13 49
14 49
15 49
15 50
14 50
14 49
14 50
14 51
15 51
14 51
13 51
13 52
14 52
13 52
12 52
13 52
14 52
14 53
14 52
14 51
14 52
14 53
15 53
15 52
16 52
15 52
16 52
17 52
17 51
16 51
17 51
17 52
17 53
16 53
17 53
17 54
16 54
16 55
16 54
15 54
14 54
13 54
12 54
12 53
12 52
12 51
11 51
10 51
10 52
10 51
11 51
11 50
11 51
11 50
11 49
10 49
10 48
9 48
8 48
8 49
8 48
8 49
8 50
8 51
8 50
9 50
9 49
8 49
9 49
9 50
9 49
9 50
9 51
9 52
8 52
8 53
9 53
8 53
8 54
9 54
8 54
9 54
10 54
10 53
10 54
10 53
10 54
9 54
10 54
9 54
10 54
10 53
10 54
10 55
10 54
10 53
10 54
9 54
10 54
10 53
10 52
9 52
9 51
9 50
9 51
8 51
8 50
8 51
7 51
8 51
8 52
7 52
8 52
8 53
8 52
8 53
8 52
8 51
8 52
9 52
9 51
9 50
10 50
10 51
9 51
9 50
9 51
9 50
10 50
9 50
9 51
10 51
11 51
10 51
10 52
11 52
11 53
11 52
11 51
11 50
12 50
12 51
12 52
11 52
10 52
9 52
10 52
10 51
10 52
9 52
9 51
10 51
11 51
10 51
10 52
11 52
10 52
11 52
10 52
10 51
11 51
11 50
10 50
10 51
11 51
10 51
10 52
9 52
10 52
9 52
9 51
8 51
7 51
6 51
5 51
5 52
4 52
5 52
5 51
5 52
4 52
4 51
3 51
4 51
5 51
5 50
6 50
6 49
6 48
7 48
8 48
7 48
8 48
7 48
8 48
7 48
8 48
7 48
7 47
7 48
7 49
6 49
5 49
6 49
