0 0
1 0
1 1
2 1
3 1
3 2
4 2
5 2
6 2
6 1
6 2
6 3
5 3
6 3
6 4
6 3
6 2
5 2
4 2
4 1
5 1
5 2
6 2
7 2
7 1
7 0
6 0
7 0
6 0
5 0
5 1
5 2
4 2
4 3
4 2
4 3
4 2
4 3
3 3
3 4
2 4
3 4
4 4
4 5
3 5
3 6
2 6
1 6
1 5
0 5
1 5
0 5
1 5
0 5
0 4
1 4
0 4
0 3
1 3
0 3
0 4
0 3
1 3
0 3
0 4
1 4
1 3
0 3
0 4
0 3
0 2
0 3
1 3
1 2
0 2
0 1
0 2
0 3
0 4
1 4
0 4
1 4
0 4
1 4
0 4
0 5
0 6
1 6
1 5
1 6
2 6
3 6
4 6
4 7
4 8
4 9
5 9
5 10
5 9
4 9
4 10
4 9
4 10
4 9
5 9
5 10
5 11
5 12
4 12
4 13
4 12
4 13
4 14
4 15
5 15
5 16
6 16
5 16
5 15
4 15
5 15
5 16
5 15
5 16
4 16
4 17
3 17
3 18
2 18
2 19
1 19
0 19
0 18
1 18
1 19
0 19
0 18
0 19
0 18
0 17
0 18
1 18
2 18
2 19
3 19
2 19
3 19
3 18
2 18
1 18
2 18
3 18
3 17
3 18
2 18
3 18
4 18
4 17
4 18
4 17
4 18
4 19
4 20
4 19
3 19
4 19
4 20
4 19
3 19
3 20
2 20
2 19
3 19
3 18
3 19
3 20
2 20
2 21
3 21
3 20
3 19
4 19
3 19
3 20
3 19
4 19
4 20
4 21
3 21
4 21
3 21
3 20
2 20
3 20
3 21
2 21
1 21
1 20
1 19
2 19
3 19
3 20
4 20
4 21
4 22
5 22
6 22
6 21
7 21
7 22
8 22
7 22
7 21
8 21
8 20
7 20
7 19
8 19
8 18
8 17
8 18
9 18
8 18
7 18
8 18
7 18
7 17
8 17
7 17
7 18
8 18
9 18
8 18
9 18
9 19
9 18
9 19
8 19
7 19
6 19
7 19
8 19
8 18
8 19
8 20
7 20
8 20
9 20
9 21
10 21
10 22
11 22
12 22
13 22
14 22
14 21
14 22
15 22
16 22
17 22
17 23
17 24
18 24
18 23
17 23
17 24
16 24
16 25
16 24
17 24
17 23
18 23
17 23
18 23
17 23
18 23
18 22
18 23
19 23
20 23
20 24
20 25
19 25
19 24
18 24
18 23
18 22
17 22
18 22
18 23
18 24
18 23
18 22
18 23
19 23
19 24
19 23
20 23
21 23
21 22
22 22
22 23
21 23
20 23
19 23
18 23
19 23
19 24
19 25
19 24
20 24
20 25
21 25
20 25
19 25
19 24
19 25
19 26
19 25
19 24
19 25
19 24
20 24
21 24
22 24
22 25
22 24
22 25
21 25
21 26
20 26
20 27
20 26
19 26
18 26
19 26
19 25
20 25
19 25
20 25
19 25
18 25
18 24
17 24
18 24
17 24
17 25
17 26
16 26
16 25
15 25
15 26
16 26
16 27
16 28
15 28
14 28
14 29
13 29
12 29
12 30
12 31
13 31
12 31
11 31
12 31
13 31
14 31
15 31
15 32
15 31
15 30
16 30
17 30
16 30
15 30
16 30
17 30
17 31
17 30
16 30
15 30
15 29
16 29
17 29
17 28
16 28
16 29
16 28
15 28
15 29
14 29
14 28
14 27
13 27
12 27
11 27
10 27
10 26
9 26
9 25
9 24
9 25
9 26
9 27
10 27
11 27
10 27
9 27
9 26
9 25
9 24
9 25
9 26
9 27
10 27
10 28
10 29
10 28
10 29
9 29
9 30
10 30
10 31
9 31
10 31
10 32
10 31
9 31
8 31
9 31
9 32
10 32
9 32
10 32
11 32
10 32
10 33
11 33
10 33
11 33
11 32
12 32
13 32
12 32
13 32
12 32
12 31
11 31
10 31
9 31
8 31
8 32
8 31
9 31
9 30
8 30
8 29
9 29
10 29
10 28
10 29
11 29
10 29
10 28
10 29
11 29
10 29
10 30
9 30
9 29
8 29
7 29
8 29
7 29
7 28
8 28
8 29
8 30
8 29
8 28
8 29
8 30
9 30
9 29
8 29
8 28
8 27
8 28
9 28
8 28
7 28
7 27
7 26
7 25
8 25
8 24
8 23
9 23
9 24
10 24
10 25
10 24
9 24
9 25
9 24
8 24
8 23
8 24
8 23
7 23
7 24
6 24
6 25
6 26
5 26
6 26
6 27
7 27
6 27
6 26
6 25
6 24
6 25
7 25
8 25
7 25
6 25
5 25
6 25
5 25
4 25
5 25
6 25
7 25
8 25
7 25
7 24
7 23
7 22
7 21
7 20
7 21
7 22
7 21
6 21
6 22
6 21
6 20
5 20
5 19
6 19
6 20
5 20
5 19
6 19
6 18
6 17
6 18
7 18
6 18
6 19
7 19
7 18
8 18
8 17
8 16
7 16
6 16
6 17
5 17
4 17
3 17
3 16
3 17
2 17
2 18
3 18
4 18
4 17
5 17
4 17
3 17
3 16
4 16
4 17
4 16
3 16
3 17
3 16
3 17
3 18
3 17
2 17
2 16
1 16
1 15
1 14
0 14
1 14
1 15
0 15
0 14
1 14
1 15
2 15
1 15
1 14
1 13
2 13
3 13
3 14
2 14
3 14
4 14
4 15
4 16
4 15
5 15
6 15
6 14
6 13
6 12
6 11
7 11
7 12
7 11
7 12
7 11
8 11
8 10
7 10
6 10
5 10
5 9
6 9
7 9
6 9
5 9
5 8
4 8
4 7
4 8
5 8
4 8
5 8
5 9
5 8
5 7
5 8
4 8
4 9
4 10
4 11
3 11
3 10
2 10
3 10
3 11
4 11
4 10
4 9
4 10
4 11
4 12
4 11
4 12
4 11
3 11
4 11
4 10
4 9
5 9
4 9
5 9
6 9
5 9
4 9
4 8
4 9
3 9
4 9
3 9
3 8
4 8
4 7
3 7
3 8
2 8
1 8
1 7
2 7
2 6
2 5
2 6
1 6
1 5
0 5
1 5
1 4
1 3
2 3
2 2
1 2
0 2
0 3
1 3
1 4
0 4
1 4
2 4
3 4
2 4
2 3
3 3
2 3
3 3
3 4
3 5
3 4
3 5
4 5
4 4
4 3
4 2
5 2
5 3
5 2
4 2
4 3
3 3
4 3
4 4
3 4
3 3
2 3
2 4
2 3
3 3
3 2
3 1
3 0
3 1
4 1
4 0
4 1
5 1
5 2
4 2
4 1
4 2
5 2
5 3
4 3
3 3
4 3
4 4
4 5
4 6
4 7
5 7
5 6
5 5
6 5
7 5
6 5
6 6
6 7
6 6
7 6
6 6
6 7
7 7
7 8
8 8
7 8
8 8
8 7
8 6
8 5
7 5
7 4
8 4
8 5
9 5
9 6
9 7
8 7
8 6
9 6
9 7
9 8
10 8
10 9
9 9
8 9
9 9
9 8
9 9
10 9
9 9
9 10
10 10
10 11
11 11
11 12
12 12
13 12
13 11
12 11
12 12
13 12
12 12
13 12
13 13
14 13
13 13
13 12
13 11
13 10
14 10
15 10
15 11
15 10
15 11
16 11
17 11
16 11
15 11
15 12
15 13
15 12
15 13
15 12
15 13
15 14
14 14
14 15
13 15
12 15
12 16
11 16
11 15
11 16
11 17
11 16
11 17
12 17
12 18
13 18
13 17
12 17
12 18
12 17
13 17
14 17
13 17
14 17
15 17
15 18
14 18
15 18
16 18
17 18
16 18
16 17
15 17
16 17
16 16
16 17
16 18
16 17
16 16
16 15
17 15
17 16
17 17
17 16
16 16
17 16
16 16
16 17
16 18
15 18
16 18
17 18
17 19
17 20
18 20
18 21
17 21
18 21
19 21
19 22
19 21
20 21
20 22
20 23
20 22
21 22
20 22
19 22
19 21
19 22
19 23
19 24
18 24
18 25
19 25
19 26
19 27
19 26
19 25
19 24
19 25
19 24
18 24
18 23
18 24
17 24
17 23
17 24
18 24
18 23
17 23
16 23
16 24
16 25
17 25
16 25
16 26
16 25
17 25
16 25
16 24
17 24
18 24
18 23
18 22
18 23
19 23
18 23
17 23
17 24
18 24
17 24
18 24
18 25
19 25
18 25
19 25
18 25
17 25
16 25
17 25
17 26
17 25
18 25
19 25
18 25
19 25
19 26
19 25
20 25
21 25
21 26
20 26
20 25
20 24
20 25
19 25
19 26
19 25
19 24
18 24
19 24
19 23
18 23
17 23
18 23
18 22
17 22
16 22
15 22
14 22
14 23
15 23
16 23
15 23
14 23
14 24
14 25
14 26
15 26
15 25
15 24
14 24
14 25
15 25
16 25
