0 0
1 0
1 1
2 1
1 1
2 1
2 2
2 3
2 2
2 1
3 1
3 0
2 0
2 1
1 1
1 0
1 1
0 1
1 1
2 1
1 1
2 1
1 1
1 0
2 0
3 0
2 0
1 0
1 1
1 0
1 1
2 1
1 1
0 1
0 2
1 2
0 2
1 2
0 2
1 2
0 2
1 2
2 2
1 2
1 1
2 1
2 0
1 0
2 0
1 0
1 1
1 2
1 3
1 4
1 5
1 4
1 3
0 3
1 3
2 3
3 3
2 3
2 2
2 1
3 1
4 1
4 0
5 0
5 1
5 0
5 1
5 0
5 1
5 0
4 0
4 1
5 1
6 1
6 0
6 1
6 0
7 0
6 0
7 0
8 0
8 1
8 0
9 0
8 0
8 1
7 1
7 0
7 1
6 1
6 0
6 1
6 2
5 2
5 3
4 3
4 4
4 5
3 5
3 6
3 5
3 4
2 4
3 4
3 3
3 4
3 5
2 5
2 6
3 6
4 6
3 6
4 6
5 6
5 7
6 7
5 7
4 7
4 8
3 8
2 8
2 9
2 8
3 8
3 7
3 8
4 8
4 9
5 9
5 8
5 9
4 9
5 9
5 8
5 7
5 8
6 8
7 8
7 7
6 7
6 6
6 7
7 7
7 6
7 5
7 4
7 3
7 2
7 1
8 1
8 2
9 2
8 2
7 2
6 2
6 3
5 3
4 3
4 4
3 4
2 4
1 4
2 4
1 4
0 4
1 4
2 4
3 4
3 3
2 3
1 3
2 3
2 2
2 3
1 3
1 2
2 2
3 2
3 1
3 0
3 1
4 1
4 0
5 0
5 1
6 1
5 1
6 1
7 1
7 2
6 2
6 3
6 2
5 2
5 3
5 2
5 3
5 2
5 1
6 1
6 2
6 3
6 4
7 4
8 4
8 3
7 3
6 3
6 4
6 3
7 3
6 3
6 2
7 2
6 2
6 1
6 2
7 2
7 3
7 4
7 5
7 6
8 6
9 6
9 5
10 5
10 4
11 4
12 4
12 3
13 3
13 2
14 2
14 3
14 4
14 5
14 4
15 4
15 3
15 2
16 2
17 2
17 1
16 1
17 1
17 2
17 1
17 2
17 3
17 4
16 4
15 4
15 3
14 3
14 2
14 3
15 3
16 3
16 4
17 4
16 4
16 5
16 4
16 3
15 3
15 4
16 4
17 4
18 4
18 3
17 3
17 4
17 3
17 2
17 1
18 1
17 1
16 1
16 2
16 1
16 2
16 3
15 3
15 2
15 1
16 1
16 0
17 0
17 1
18 1
18 0
19 0
20 0
21 0
22 0
22 1
22 2
21 2
21 3
21 2
21 3
21 4
20 4
19 4
20 4
19 4
20 4
19 4
18 4
19 4
18 4
18 3
18 2
18 3
17 3
16 3
16 4
15 4
15 5
16 5
16 6
16 7
16 6
15 6
14 6
15 6
14 6
13 6
12 6
12 5
11 5
11 4
12 4
12 5
12 4
12 3
12 4
11 4
11 5
11 6
11 7
12 7
12 8
13 8
13 9
13 10
12 10
11 10
12 10
11 10
11 11
11 12
11 13
12 13
12 14
12 13
12 12
11 12
12 12
12 11
12 12
11 12
11 11
11 10
11 11
12 11
11 11
11 12
10 12
10 13
11 13
11 12
11 11
12 11
13 11
12 11
12 12
12 11
11 11
10 11
10 12
11 12
12 12
12 13
11 13
10 13
10 14
9 14
8 14
8 15
8 14
8 13
8 14
8 13
8 14
8 13
7 13
7 14
7 13
7 14
8 14
7 14
6 14
6 13
5 13
5 14
6 14
5 14
5 13
4 13
4 14
5 14
5 13
5 12
5 11
5 12
4 12
5 12
5 13
4 13
5 13
5 12
6 12
5 12
6 12
5 12
6 12
6 13
7 13
6 13
7 13
7 14
7 13
6 13
7 13
8 13
8 14
9 14
9 13
9 12
9 11
9 12
9 11
10 11
10 10
10 9
9 9
9 10
10 10
9 10
9 9
9 8
8 8
9 8
10 8
11 8
10 8
10 9
11 9
11 10
12 10
11 10
10 10
9 10
9 11
9 12
10 12
10 11
10 12
10 11
11 11
11 10
12 10
13 10
14 10
14 9
15 9
15 8
14 8
15 8
15 7
15 8
16 8
16 7
15 7
16 7
16 6
17 6
16 6
16 7
16 6
16 5
17 5
18 5
19 5
20 5
20 4
20 5
21 5
21 4
21 3
20 3
20 2
19 2
19 3
18 3
17 3
18 3
19 3
19 4
18 4
18 5
18 4
18 5
19 5
20 5
20 4
19 4
20 4
20 5
20 4
20 5
19 5
20 5
19 5
20 5
20 4
21 4
21 3
20 3
21 3
22 3
22 2
23 2
23 1
24 1
24 0
24 1
23 1
24 1
23 1
24 1
24 0
24 1
25 1
25 2
26 2
26 3
26 2
26 3
26 2
26 1
27 1
26 1
26 2
26 3
26 2
25 2
24 2
24 3
24 2
23 2
23 3
22 3
22 4
22 3
22 4
23 4
23 5
24 5
24 4
24 3
24 2
23 2
24 2
23 2
22 2
22 3
22 2
22 3
22 2
22 3
23 3
23 2
24 2
24 3
23 3
22 3
21 3
22 3
22 4
22 3
21 3
21 4
21 3
21 4
21 3
22 3
21 3
20 3
20 2
19 2
19 1
19 2
19 1
18 1
19 1
19 2
20 2
21 2
21 3
21 4
20 4
19 4
19 3
19 4
19 5
19 6
18 6
18 7
19 7
19 6
19 7
19 6
19 7
19 6
19 7
20 7
19 7
19 6
18 6
18 7
17 7
17 8
17 9
17 8
17 7
16 7
15 7
15 8
16 8
17 8
18 8
19 8
19 7
20 7
21 7
21 6
22 6
22 7
21 7
21 8
21 9
22 9
22 10
21 10
21 9
20 9
20 8
20 9
20 8
19 8
19 9
19 8
19 7
19 8
19 9
19 10
20 10
20 9
19 9
19 8
19 7
19 6
19 7
18 7
17 7
17 6
17 7
16 7
16 6
16 5
17 5
17 6
17 7
17 8
17 7
16 7
17 7
17 6
17 7
16 7
17 7
16 7
16 6
17 6
16 6
16 7
16 8
15 8
15 9
15 8
14 8
14 7
14 6
13 6
12 6
12 7
11 7
11 6
10 6
9 6
9 5
10 5
11 5
10 5
11 5
12 5
11 5
12 5
11 5
10 5
9 5
9 6
10 6
11 6
12 6
13 6
14 6
14 5
14 4
14 5
14 6
15 6
15 7
16 7
16 8
16 7
15 7
16 7
16 6
15 6
15 7
16 7
17 7
17 8
18 8
19 8
19 9
19 10
19 9
19 10
19 9
18 9
18 10
18 9
18 10
18 9
19 9
19 10
19 11
19 10
19 11
20 11
21 11
22 11
23 11
23 10
22 10
23 10
22 10
21 10
22 10
22 11
22 10
22 9
23 9
23 10
24 10
24 11
24 10
25 10
25 11
26 11
25 11
25 10
26 10
26 9
26 8
27 8
27 9
28 9
28 8
27 8
28 8
29 8
29 9
29 8
29 7
30 7
29 7
29 8
29 9
30 9
31 9
32 9
32 8
33 8
33 7
33 8
33 9
32 9
31 9
30 9
29 9
30 9
29 9
29 8
29 7
28 7
29 7
30 7
31 7
31 8
31 7
32 7
33 7
32 7
32 6
33 6
32 6
33 6
32 6
31 6
31 7
31 6
31 7
31 6
32 6
32 5
32 4
33 4
33 3
33 2
33 3
33 2
34 2
33 2
33 3
34 3
33 3
33 2
32 2
32 3
32 2
33 2
34 2
34 3
35 3
35 4
36 4
36 5
36 6
36 5
36 4
36 5
36 6
35 6
36 6
36 5
37 5
37 4
37 3
36 3
37 3
36 3
35 3
34 3
34 4
34 5
34 4
34 5
33 5
33 6
32 6
32 7
32 6
32 5
32 4
32 5
33 5
33 6
33 5
34 5
34 4
35 4
35 5
35 4
36 4
36 3
36 4
36 5
35 5
34 5
34 6
34 5
35 5
36 5
35 5
35 4
34 4
34 3
35 3
36 3
36 2
36 3
37 3
37 2
37 1
37 0
36 0
35 0
34 0
34 1
33 1
34 1
35 1
34 1
35 1
36 1
35 1
34 1
34 2
35 2
34 2
34 3
34 4
33 4
33 5
33 4
32 4
33 4
34 4
33 4
33 3
32 3
31 3
31 2
31 3
31 4
31 3
31 2
31 1
31 0
31 1
31 0
30 0
30 1
31 1
32 1
32 0
32 1
31 1
31 2
31 3
30 3
30 2
29 2
29 3
29 4
30 4
31 4
31 3
31 2
32 2
33 2
33 3
33 4
33 5
33 6
34 6
34 5
33 5
33 6
32 6
32 5
33 5
34 5
34 6
35 6
36 6
37 6
36 6
35 6
35 7
34 7
