0 0
0 1
1 1
0 1
0 0
0 1
0 0
0 1
0 0
1 0
0 0
0 1
1 1
1 2
1 3
1 4
1 5
2 5
2 6
3 6
2 6
2 5
2 4
2 5
3 5
3 6
3 7
3 8
3 9
3 8
3 9
2 9
1 9
2 9
2 10
3 10
3 9
3 10
3 9
3 10
2 10
2 11
3 11
4 11
4 10
4 11
3 11
4 11
5 11
6 11
6 10
6 9
6 10
7 10
7 9
8 9
8 10
8 9
8 10
7 10
7 9
7 8
6 8
6 7
6 6
6 7
6 6
6 5
6 6
6 5
5 5
6 5
6 6
7 6
7 5
6 5
6 4
6 3
5 3
6 3
5 3
4 3
4 2
4 3
5 3
5 2
4 2
4 1
4 0
5 0
5 1
4 1
3 1
4 1
4 0
3 0
3 1
2 1
3 1
3 0
3 1
4 1
5 1
4 1
3 1
3 2
3 1
3 2
3 1
3 0
2 0
2 1
1 1
1 2
1 1
2 1
2 2
1 2
0 2
1 2
1 1
1 2
2 2
3 2
3 1
3 2
3 3
3 4
4 4
3 4
4 4
5 4
4 4
3 4
4 4
4 3
4 2
3 2
3 1
3 2
2 2
1 2
2 2
2 1
2 0
3 0
2 0
1 0
0 0
0 1
0 0
0 1
0 2
1 2
1 1
1 2
1 1
0 1
0 0
0 1
1 1
2 1
1 1
1 2
1 1
0 1
1 1
1 0
0 0
1 0
1 1
1 0
2 0
2 1
2 0
2 1
1 1
1 2
1 3
2 3
2 2
1 2
0 2
0 3
0 2
0 1
1 1
0 1
0 0
0 1
1 1
1 0
1 1
1 0
2 0
2 1
2 0
3 0
3 1
3 2
4 2
3 2
3 1
4 1
4 0
5 0
5 1
5 0
5 1
4 1
4 0
4 1
4 2
4 1
5 1
5 2
5 1
4 1
4 2
5 2
4 2
4 1
5 1
4 1
5 1
5 2
4 2
4 3
4 2
3 2
3 3
4 3
5 3
5 4
5 3
6 3
6 4
6 5
6 4
6 3
6 4
6 5
6 4
6 3
6 4
6 3
6 2
6 1
6 0
6 1
6 2
6 3
6 4
6 3
6 2
6 3
6 2
5 2
5 3
5 2
5 1
6 1
6 2
5 2
5 3
4 3
3 3
2 3
3 3
3 2
3 3
2 3
1 3
0 3
1 3
2 3
3 3
3 2
3 1
3 0
2 0
3 0
3 1
3 0
2 0
3 0
3 1
3 2
2 2
2 1
2 0
2 1
2 0
2 1
3 1
4 1
5 1
6 1
7 1
6 1
7 1
7 0
6 0
6 1
6 2
7 2
8 2
7 2
6 2
6 3
6 4
6 5
6 4
7 4
7 3
7 2
8 2
7 2
6 2
5 2
5 3
6 3
6 4
7 4
7 5
7 6
6 6
5 6
5 7
6 7
6 6
6 5
6 6
6 7
6 8
6 7
5 7
5 6
5 7
4 7
5 7
5 8
5 9
6 9
6 8
5 8
6 8
6 9
6 10
6 9
6 10
7 10
7 11
7 10
6 10
6 11
7 11
6 11
7 11
7 10
8 10
9 10
9 11
9 12
9 11
9 12
9 11
10 11
10 12
11 12
11 11
11 10
12 10
11 10
10 10
10 9
10 8
11 8
10 8
9 8
9 9
10 9
9 9
9 8
8 8
9 8
9 9
8 9
8 8
7 8
7 9
7 10
7 9
8 9
8 8
8 7
9 7
9 8
9 7
9 6
9 5
8 5
7 5
8 5
7 5
8 5
8 4
9 4
9 3
8 3
8 4
8 5
7 5
6 5
7 5
7 4
7 5
8 5
7 5
6 5
7 5
8 5
7 5
7 6
7 5
7 6
7 7
7 6
8 6
9 6
8 6
8 5
7 5
7 6
6 6
6 5
6 4
6 3
6 2
5 2
4 2
5 2
5 1
5 0
5 1
6 1
6 2
5 2
6 2
7 2
7 3
8 3
8 2
8 3
8 4
9 4
10 4
9 4
9 5
10 5
9 5
10 5
9 5
9 4
9 3
10 3
10 4
10 5
10 6
9 6
9 5
9 4
9 3
10 3
9 3
9 2
10 2
11 2
10 2
10 1
11 1
10 1
10 2
10 3
11 3
11 4
12 4
12 5
12 4
13 4
14 4
15 4
16 4
17 4
17 5
17 4
18 4
17 4
18 4
18 5
17 5
18 5
18 4
18 3
18 2
19 2
18 2
18 1
18 0
18 1
18 2
19 2
18 2
17 2
17 3
17 2
16 2
17 2
17 3
17 4
18 4
18 3
18 4
17 4
16 4
16 5
17 5
17 6
18 6
18 7
18 8
19 8
19 7
19 6
18 6
18 5
18 4
18 5
19 5
18 5
18 6
19 6
18 6
19 6
18 6
17 6
17 7
18 7
17 7
16 7
16 8
16 9
17 9
16 9
16 10
17 10
17 9
17 8
18 8
17 8
17 7
17 8
17 9
17 8
16 8
15 8
15 9
15 8
15 7
15 6
16 6
17 6
16 6
17 6
18 6
18 5
19 5
20 5
20 4
20 5
20 6
21 6
22 6
22 7
22 6
21 6
21 7
20 7
20 6
20 7
19 7
19 8
19 7
18 7
18 6
19 6
19 5
19 6
18 6
18 7
18 8
19 8
19 7
18 7
19 7
20 7
20 6
20 5
19 5
18 5
18 4
18 3
19 3
19 4
18 4
18 3
19 3
20 3
20 2
21 2
22 2
23 2
24 2
23 2
22 2
23 2
22 2
21 2
22 2
22 1
21 1
21 0
20 0
20 1
21 1
21 0
21 1
21 2
21 3
21 2
22 2
23 2
24 2
24 1
25 1
24 1
24 0
25 0
25 1
25 0
24 0
23 0
23 1
24 1
25 1
26 1
26 2
25 2
24 2
24 1
23 1
23 0
23 1
24 1
25 1
26 1
26 0
26 1
27 1
26 1
26 0
26 1
27 1
26 1
26 0
27 0
26 0
27 0
27 1
27 0
28 0
29 0
30 0
29 0
29 1
29 0
29 1
28 1
27 1
26 1
26 0
26 1
27 1
28 1
28 2
27 2
27 1
27 2
27 3
28 3
29 3
29 4
29 5
29 4
28 4
28 3
29 3
28 3
28 2
29 2
29 1
28 1
29 1
28 1
28 2
28 1
28 2
29 2
29 3
29 4
29 5
28 5
27 5
27 6
27 7
27 6
27 7
26 7
25 7
25 8
24 8
24 9
23 9
23 8
24 8
25 8
25 7
25 8
25 7
25 8
25 9
24 9
24 8
25 8
24 8
24 7
24 6
24 7
25 7
24 7
25 7
26 7
27 7
27 6
26 6
25 6
25 7
25 8
26 8
25 8
25 7
24 7
24 8
23 8
23 7
24 7
23 7
24 7
24 8
25 8
24 8
24 9
23 9
23 10
24 10
25 10
25 11
25 10
25 11
25 12
25 11
24 11
24 12
24 13
25 13
26 13
25 13
24 13
23 13
23 12
24 12
23 12
22 12
23 12
23 13
23 14
24 14
24 13
24 12
23 12
23 11
22 11
23 11
23 10
24 10
23 10
23 9
23 8
23 9
23 10
23 9
23 8
24 8
24 7
24 6
25 6
26 6
26 5
27 5
27 4
27 5
26 5
27 5
27 6
26 6
25 6
25 7
25 8
24 8
24 9
25 9
25 10
25 11
26 11
26 10
26 9
26 10
27 10
27 9
27 10
27 9
27 10
27 9
26 9
27 9
27 8
26 8
26 7
26 8
26 9
25 9
26 9
26 8
26 7
26 8
27 8
27 9
27 10
27 9
28 9
28 8
28 9
27 9
26 9
26 10
25 10
25 11
25 10
25 11
25 12
26 12
27 12
28 12
27 12
27 13
27 14
27 13
28 13
28 14
28 13
28 14
27 14
28 14
29 14
30 14
29 14
28 14
28 15
29 15
29 14
29 15
29 16
30 16
30 15
29 15
30 15
30 16
31 16
31 17
30 17
31 17
32 17
33 17
34 17
35 17
35 18
35 19
35 20
35 21
35 22
36 22
35 22
36 22
36 21
36 22
36 23
36 24
36 25
35 25
35 26
35 25
36 25
37 25
38 25
38 26
38 25
38 26
38 25
37 25
38 25
38 26
38 27
38 26
38 25
38 26
38 27
38 26
37 26
36 26
37 26
36 26
36 27
37 27
37 26
38 26
37 26
38 26
38 27
39 27
39 26
39 27
40 27
39 27
39 28
40 28
40 29
39 29
39 28
38 28
38 29
37 29
36 29
35 29
36 29
37 29
37 28
36 28
36 27
36 26
36 27
37 27
37 28
36 28
36 27
37 27
37 26
37 27
36 27
36 28
36 27
36 26
35 26
35 25
35 26
35 25
35 26
36 26
36 27
35 27
36 27
36 26
35 26
35 27
35 28
34 28
34 29
33 29
33 28
34 28
35 28
