0 0
0 1
0 0
0 1
0 0
1 0
2 0
2 1
1 1
1 2
1 1
2 1
2 0
1 0
2 0
3 0
2 0
1 0
2 0
1 0
1 1
1 2
1 1
1 2
0 2
0 3
0 4
0 3
1 3
1 2
1 3
1 2
2 2
2 3
2 2
3 2
4 2
3 2
2 2
2 3
3 3
2 3
3 3
4 3
3 3
4 3
4 4
4 5
3 5
3 4
2 4
1 4
1 5
1 4
2 4
2 5
2 6
2 7
1 7
1 6
2 6
3 6
2 6
2 7
2 6
3 6
2 6
1 6
0 6
1 6
2 6
3 6
3 5
4 5
3 5
3 4
3 5
2 5
1 5
1 6
2 6
2 5
3 5
2 5
3 5
3 6
3 7
4 7
5 7
4 7
5 7
5 8
4 8
4 7
4 6
5 6
6 6
6 7
6 8
5 8
5 9
4 9
4 8
4 9
5 9
6 9
6 8
6 9
6 10
6 11
6 10
5 10
4 10
3 10
3 11
4 11
3 11
3 10
2 10
3 10
4 10
4 11
5 11
4 11
4 10
3 10
3 9
4 9
3 9
2 9
1 9
1 10
1 9
2 9
2 8
2 7
2 6
2 7
2 6
1 6
1 5
0 5
0 6
1 6
2 6
2 5
2 4
2 3
3 3
3 4
2 4
2 5
2 6
2 7
3 7
2 7
2 6
1 6
1 5
2 5
1 5
1 6
0 6
0 7
0 8
1 8
1 7
1 8
1 9
2 9
1 9
0 9
1 9
0 9
0 10
1 10
1 9
0 9
1 9
1 10
1 9
1 8
2 8
3 8
2 8
2 9
2 8
2 9
1 9
1 8
0 8
0 7
1 7
1 8
2 8
2 7
2 6
1 6
1 7
0 7
1 7
2 7
3 7
3 8
4 8
4 9
3 9
3 10
2 10
1 10
2 10
3 10
4 10
5 10
5 9
6 9
5 9
6 9
7 9
7 10
6 10
6 11
5 11
4 11
3 11
3 12
4 12
5 12
6 12
6 13
6 14
6 13
7 13
6 13
7 13
7 14
8 14
7 14
7 15
6 15
6 16
5 16
6 16
6 15
6 14
7 14
7 15
8 15
9 15
9 14
10 14
10 13
10 14
9 14
9 15
9 16
9 17
8 17
8 18
9 18
10 18
11 18
11 19
12 19
12 18
11 18
11 17
11 18
12 18
12 19
13 19
13 18
12 18
11 18
11 17
11 18
12 18
12 19
13 19
13 20
13 19
14 19
13 19
13 18
14 18
14 17
14 16
13 16
12 16
11 16
10 16
10 15
9 15
8 15
8 16
8 15
8 14
8 13
8 12
9 12
9 13
9 12
8 12
7 12
7 13
6 13
7 13
7 12
8 12
8 11
7 11
8 11
8 12
9 12
9 11
10 11
10 12
9 12
8 12
8 11
8 10
8 11
9 11
9 10
10 10
10 11
11 11
12 11
12 10
13 10
12 10
12 9
11 9
12 9
12 8
12 9
13 9
12 9
11 9
11 8
11 9
11 10
12 10
13 10
14 10
14 11
14 10
15 10
14 10
14 9
15 9
15 10
14 10
14 11
13 11
14 11
15 11
16 11
16 10
15 10
16 10
16 9
16 8
17 8
16 8
17 8
17 7
18 7
19 7
20 7
21 7
20 7
21 7
20 7
20 6
21 6
21 5
22 5
23 5
23 6
23 7
23 6
23 5
23 4
23 5
24 5
24 4
24 5
24 4
24 5
24 4
24 5
24 4
24 5
24 4
24 3
24 2
25 2
26 2
25 2
25 1
25 0
26 0
26 1
25 1
24 1
25 1
25 2
26 2
26 3
26 2
27 2
27 1
28 1
28 0
28 1
28 0
28 1
27 1
27 0
28 0
29 0
29 1
29 2
30 2
31 2
30 2
31 2
32 2
33 2
33 3
33 4
33 3
34 3
34 4
35 4
35 3
35 2
36 2
37 2
38 2
38 1
37 1
37 0
37 1
38 1
37 1
36 1
35 1
36 1
35 1
35 0
35 1
36 1
36 2
37 2
36 2
36 1
37 1
37 2
37 1
37 2
36 2
36 3
36 4
36 5
35 5
36 5
37 5
37 6
37 7
36 7
36 8
35 8
35 9
35 8
36 8
37 8
37 9
37 10
38 10
37 10
36 10
36 9
37 9
37 10
37 9
37 8
38 8
38 7
39 7
38 7
38 6
38 7
37 7
38 7
39 7
38 7
37 7
36 7
37 7
38 7
37 7
37 6
37 5
38 5
37 5
37 4
36 4
36 5
37 5
37 6
38 6
38 7
38 8
38 7
39 7
38 7
39 7
39 8
40 8
39 8
39 9
38 9
38 8
39 8
39 9
39 10
39 11
40 11
40 12
41 12
41 13
42 13
42 12
42 11
43 11
43 12
43 11
43 12
42 12
43 12
44 12
44 13
44 14
44 15
44 14
44 13
44 14
44 13
44 12
45 12
46 12
47 12
46 12
46 13
46 12
46 13
45 13
46 13
46 14
46 13
46 14
47 14
47 15
47 16
47 17
48 17
49 17
49 16
48 16
48 17
47 17
48 17
49 17
49 16
50 16
49 16
49 17
49 18
49 19
48 19
49 19
50 19
51 19
51 18
50 18
49 18
48 18
48 19
48 20
49 20
50 20
50 21
50 20
49 20
49 19
49 18
48 18
47 18
47 17
47 18
48 18
47 18
48 18
48 19
48 18
48 19
49 19
48 19
48 18
47 18
47 19
47 18
46 18
47 18
47 17
47 16
48 16
49 16
49 17
50 17
50 18
51 18
52 18
51 18
50 18
51 18
50 18
50 17
51 17
50 17
49 17
49 16
50 16
50 17
49 17
50 17
50 18
50 19
50 20
49 20
50 20
50 19
50 20
50 19
49 19
49 18
50 18
51 18
51 19
51 20
50 20
51 20
51 19
51 18
51 19
51 20
52 20
51 20
51 21
51 20
51 19
51 18
51 19
51 20
51 19
51 20
52 20
53 20
54 20
55 20
54 20
55 20
55 21
55 20
55 19
55 20
54 20
54 19
53 19
53 20
53 21
53 22
52 22
52 21
52 20
53 20
53 19
54 19
54 18
55 18
55 17
54 17
54 18
53 18
53 19
53 20
53 19
52 19
52 20
52 21
53 21
53 22
52 22
51 22
51 23
52 23
51 23
50 23
51 23
51 22
50 22
49 22
50 22
51 22
52 22
52 21
53 21
54 21
54 20
55 20
56 20
56 21
55 21
55 22
55 23
56 23
56 24
57 24
57 23
56 23
56 22
55 22
56 22
56 21
56 20
56 19
56 18
57 18
58 18
59 18
59 17
58 17
59 17
59 16
60 16
60 17
59 17
59 18
59 17
58 17
58 18
59 18
59 17
60 17
61 17
60 17
60 16
59 16
58 16
58 15
59 15
58 15
58 16
58 17
58 18
58 17
58 16
58 17
58 16
57 16
57 17
58 17
58 16
57 16
57 15
57 14
57 15
56 15
55 15
55 14
55 15
54 15
55 15
55 16
56 16
56 17
56 18
57 18
57 17
57 16
58 16
57 16
57 15
57 14
56 14
56 13
56 12
57 12
57 11
57 10
58 10
59 10
58 10
59 10
59 11
59 12
58 12
59 12
60 12
59 12
59 11
59 10
60 10
60 9
59 9
59 8
59 7
58 7
59 7
59 6
59 7
60 7
59 7
58 7
58 8
57 8
58 8
58 9
59 9
59 8
59 9
58 9
57 9
58 9
58 8
58 7
58 6
58 5
58 4
59 4
60 4
59 4
59 3
59 2
59 1
58 1
58 2
59 2
59 3
60 3
60 2
61 2
61 1
61 0
60 0
60 1
60 0
60 1
60 2
60 1
60 2
59 2
59 1
58 1
58 2
59 2
58 2
59 2
59 3
59 2
59 3
60 3
60 2
59 2
58 2
57 2
57 3
57 4
57 3
58 3
59 3
59 4
58 4
58 3
59 3
60 3
60 2
60 1
61 1
62 1
61 1
61 0
61 1
61 0
60 0
59 0
59 1
59 0
58 0
59 0
58 0
59 0
59 1
58 1
58 2
59 2
59 3
59 4
59 3
59 4
58 4
57 4
56 4
55 4
55 5
56 5
55 5
55 6
55 5
55 4
54 4
54 3
53 3
52 3
51 3
51 4
50 4
50 3
50 2
49 2
50 2
50 1
51 1
52 1
53 1
54 1
54 2
53 2
53 1
53 2
54 2
55 2
54 2
53 2
53 1
54 1
54 2
53 2
53 1
52 1
52 0
52 1
52 2
51 2
50 2
50 1
50 0
51 0
51 1
50 1
51 1
52 1
52 0
52 1
52 0
52 1
52 2
53 2
53 1
53 2
54 2
54 3
53 3
53 4
53 3
54 3
54 4
54 3
54 4
53 4
52 4
53 4
52 4
53 4
54 4
54 3
54 4
54 3
55 3
56 3
55 3
54 3
54 2
54 1
54 0
53 0
52 0
52 1
