0 0
1 0
0 0
0 1
1 1
0 1
0 2
0 1
1 1
2 1
2 2
2 3
2 4
1 4
1 3
1 2
1 3
2 3
2 4
2 3
2 4
1 4
1 3
0 3
1 3
0 3
1 3
0 3
1 3
2 3
1 3
2 3
1 3
0 3
0 4
0 5
1 5
1 6
1 7
2 7
3 7
3 8
3 9
3 8
2 8
2 7
3 7
3 6
3 7
3 6
4 6
5 6
6 6
6 5
6 6
6 5
7 5
8 5
9 5
10 5
10 6
11 6
12 6
11 6
10 6
10 7
10 8
10 9
10 10
10 9
11 9
11 8
12 8
11 8
11 7
12 7
13 7
12 7
12 8
12 9
12 10
11 10
12 10
12 9
13 9
12 9
11 9
10 9
9 9
10 9
10 10
11 10
11 11
12 11
13 11
14 11
15 11
16 11
17 11
17 10
17 11
16 11
16 12
15 12
16 12
16 13
17 13
17 14
18 14
19 14
20 14
19 14
19 13
19 14
18 14
18 13
18 14
18 15
18 14
17 14
17 13
18 13
17 13
17 12
17 11
18 11
17 11
18 11
18 10
17 10
17 11
18 11
17 11
18 11
17 11
17 12
17 11
17 10
17 11
16 11
15 11
15 10
15 11
15 12
16 12
16 13
15 13
15 12
15 11
15 10
15 11
15 10
15 9
14 9
15 9
15 10
14 10
14 9
14 8
15 8
15 7
14 7
14 8
14 9
14 8
13 8
13 9
13 10
13 11
13 10
13 11
12 11
12 10
11 10
12 10
12 11
12 10
13 10
14 10
14 9
14 8
14 7
14 6
14 7
14 6
14 5
14 4
13 4
13 3
14 3
15 3
16 3
15 3
15 4
15 5
15 4
14 4
15 4
15 5
15 4
15 3
14 3
14 4
15 4
15 5
15 6
16 6
16 7
16 8
15 8
15 7
15 6
15 7
15 6
14 6
15 6
14 6
14 7
15 7
16 7
17 7
16 7
17 7
18 7
18 8
18 9
18 8
18 9
17 9
18 9
19 9
19 10
19 11
20 11
19 11
19 12
20 12
19 12
19 11
19 10
18 10
19 10
20 10
20 11
19 11
19 12
19 11
19 12
18 12
18 13
18 14
19 14
19 15
18 15
18 16
17 16
17 17
17 18
18 18
18 19
19 19
19 20
20 20
19 20
18 20
18 21
18 20
18 19
19 19
18 19
19 19
19 18
19 17
20 17
21 17
21 18
22 18
22 19
21 19
21 20
20 20
21 20
22 20
22 21
22 20
22 19
22 20
22 19
21 19
22 19
23 19
22 19
21 19
21 20
21 21
21 20
21 19
22 19
23 19
22 19
23 19
23 18
22 18
21 18
21 17
20 17
20 16
20 17
19 17
19 18
20 18
21 18
22 18
22 19
23 19
24 19
24 18
24 19
24 20
25 20
24 20
24 21
25 21
25 22
26 22
26 23
25 23
25 22
25 21
25 22
25 21
26 21
26 22
26 23
26 24
26 23
26 22
27 22
27 23
27 22
28 22
27 22
27 21
26 21
25 21
25 22
25 21
25 22
25 23
25 22
25 21
24 21
24 22
24 23
24 24
24 25
25 25
26 25
26 26
26 25
26 24
26 23
25 23
26 23
26 24
27 24
26 24
26 23
26 24
26 23
26 22
27 22
28 22
28 21
29 21
30 21
29 21
29 22
29 21
30 21
31 21
32 21
31 21
30 21
31 21
32 21
32 20
32 21
31 21
30 21
30 22
29 22
30 22
30 23
29 23
30 23
30 24
29 24
28 24
27 24
27 25
26 25
27 25
26 25
25 25
25 24
25 25
26 25
26 26
25 26
26 26
25 26
24 26
23 26
24 26
25 26
24 26
25 26
26 26
26 27
25 27
24 27
23 27
24 27
23 27
22 27
22 26
21 26
22 26
21 26
21 27
22 27
21 27
21 28
21 29
21 28
20 28
21 28
20 28
19 28
19 27
18 27
19 27
20 27
19 27
18 27
18 26
19 26
19 27
19 26
18 26
18 25
19 25
20 25
20 24
20 23
20 22
20 23
21 23
22 23
22 22
23 22
24 22
24 23
25 23
25 22
26 22
26 21
26 20
26 19
26 20
26 19
26 20
26 19
26 20
26 19
27 19
26 19
26 20
26 21
27 21
26 21
25 21
25 22
25 21
25 20
26 20
27 20
27 21
27 20
27 19
27 20
27 19
27 18
26 18
26 17
26 16
26 17
27 17
28 17
28 18
29 18
30 18
29 18
29 19
29 18
30 18
29 18
29 19
28 19
27 19
28 19
29 19
28 19
27 19
28 19
28 18
28 17
28 16
28 17
28 16
29 16
28 16
27 16
27 15
26 15
25 15
24 15
24 16
23 16
24 16
24 15
24 16
25 16
25 15
26 15
27 15
27 16
27 17
27 18
27 19
27 18
26 18
25 18
25 19
25 18
25 17
25 18
24 18
24 19
23 19
23 20
23 19
22 19
22 18
23 18
24 18
24 19
25 19
25 18
24 18
25 18
24 18
25 18
25 17
26 17
27 17
27 16
26 16
26 15
25 15
25 16
24 16
23 16
23 17
24 17
23 17
23 18
23 17
23 18
23 19
23 18
23 17
23 18
24 18
24 19
24 20
25 20
25 21
24 21
25 21
26 21
26 22
25 22
24 22
24 21
24 20
24 21
24 22
25 22
25 23
26 23
25 23
24 23
25 23
26 23
25 23
24 23
23 23
24 23
23 23
23 22
23 21
22 21
23 21
24 21
24 22
23 22
22 22
22 21
22 22
22 23
22 22
22 21
23 21
23 20
23 21
22 21
21 21
20 21
21 21
21 22
20 22
19 22
18 22
19 22
20 22
21 22
21 23
21 22
21 23
22 23
22 22
22 21
22 20
23 20
23 19
24 19
23 19
22 19
22 20
23 20
23 19
24 19
24 20
24 21
24 22
25 22
26 22
27 22
27 21
27 20
28 20
28 21
28 22
29 22
28 22
28 21
27 21
27 22
27 23
27 24
27 23
27 24
26 24
27 24
28 24
29 24
30 24
29 24
28 24
28 25
29 25
29 26
29 27
30 27
30 26
29 26
29 25
28 25
28 26
27 26
27 27
27 28
28 28
27 28
27 27
26 27
25 27
25 28
26 28
26 29
25 29
24 29
24 28
24 27
24 28
23 28
22 28
22 27
22 26
21 26
22 26
21 26
20 26
19 26
20 26
21 26
21 25
20 25
20 26
19 26
20 26
20 25
19 25
20 25
20 26
20 27
21 27
21 26
20 26
19 26
19 25
19 26
18 26
17 26
18 26
17 26
16 26
16 25
17 25
17 26
17 25
17 26
17 27
16 27
16 28
15 28
15 27
16 27
16 26
15 26
16 26
17 26
18 26
18 27
18 28
19 28
20 28
20 27
20 28
21 28
21 29
20 29
20 30
19 30
19 29
18 29
18 30
19 30
18 30
18 29
18 28
18 29
17 29
16 29
17 29
16 29
15 29
15 30
14 30
14 31
14 32
14 31
15 31
16 31
15 31
15 32
15 33
16 33
17 33
16 33
16 32
17 32
18 32
19 32
18 32
18 33
18 32
18 33
18 34
17 34
18 34
18 33
17 33
16 33
17 33
18 33
18 32
19 32
19 31
19 32
18 32
17 32
17 31
16 31
16 32
17 32
18 32
18 31
18 32
17 32
16 32
16 31
16 32
16 31
17 31
17 30
16 30
15 30
15 31
14 31
15 31
15 30
15 29
16 29
17 29
18 29
18 28
18 29
17 29
17 28
18 28
19 28
19 29
19 30
20 30
20 31
20 32
20 33
20 34
20 35
19 35
20 35
21 35
22 35
21 35
20 35
20 34
19 34
18 34
18 35
17 35
18 35
17 35
16 35
17 35
18 35
19 35
18 35
18 34
18 33
19 33
19 32
20 32
20 33
21 33
20 33
21 33
20 33
21 33
21 32
20 32
21 32
20 32
19 32
19 31
20 31
19 31
19 30
18 30
18 29
18 30
17 30
17 29
18 29
17 29
17 28
16 28
16 29
16 30
17 30
16 30
16 31
15 31
15 30
15 29
14 29
13 29
14 29
13 29
12 29
11 29
12 29
12 28
12 29
12 28
12 27
12 28
11 28
11 29
10 29
9 29
9 28
10 28
9 28
9 29
8 29
8 28
9 28
8 28
8 29
7 29
6 29
5 29
6 29
6 30
6 31
6 30
7 30
7 31
7 30
8 30
8 29
7 29
6 29
6 30
7 30
8 30
7 30
7 31
7 30
6 30
5 30
5 29
5 30
4 30
5 30
4 30
3 30
2 30
2 31
3 31
4 31
3 31
4 31
4 30
4 29
4 30
5 30
5 31
4 31
5 31
6 31
6 32
6 31
6 32
6 33
5 33
5 32
5 33
6 33
5 33
6 33
6 34
5 34
6 34
6 35
7 35
7 36
7 37
7 38
7 39
8 39
7 39
6 39
7 39
8 39
8 38
7 38
