0 0
1 0
1 1
0 1
0 2
1 2
2 2
3 2
3 1
4 1
3 1
3 2
2 2
2 3
3 3
3 4
2 4
3 4
3 5
3 6
2 6
3 6
4 6
4 7
3 7
3 8
4 8
5 8
6 8
5 8
6 8
6 9
7 9
6 9
6 10
7 10
6 10
6 11
6 12
5 12
5 11
6 11
5 11
5 12
6 12
6 13
5 13
4 13
4 14
5 14
5 13
4 13
5 13
6 13
6 14
7 14
7 15
8 15
8 14
8 13
8 12
8 13
8 14
7 14
6 14
6 13
5 13
6 13
6 12
7 12
7 13
6 13
6 14
6 13
6 12
6 11
5 11
5 12
6 12
6 13
5 13
4 13
3 13
4 13
5 13
5 14
5 13
5 12
6 12
6 13
6 14
6 13
5 13
5 14
4 14
3 14
2 14
1 14
0 14
0 15
0 16
1 16
1 15
1 16
1 17
2 17
2 16
3 16
2 16
2 15
1 15
1 16
1 17
1 18
1 17
0 17
1 17
2 17
1 17
0 17
0 18
1 18
0 18
1 18
1 17
0 17
1 17
1 16
1 17
0 17
0 16
1 16
0 16
0 17
1 17
2 17
1 17
1 16
0 16
1 16
1 17
1 18
1 19
0 19
0 18
1 18
0 18
0 17
0 16
0 17
1 17
2 17
3 17
2 17
2 18
1 18
0 18
1 18
0 18
0 17
0 18
0 17
1 17
2 17
3 17
4 17
4 18
4 17
3 17
2 17
3 17
3 16
3 15
2 15
2 14
1 14
1 15
0 15
1 15
1 14
0 14
0 15
1 15
2 15
2 14
3 14
2 14
1 14
2 14
3 14
3 15
3 14
2 14
3 14
3 15
4 15
4 14
5 14
5 13
5 14
6 14
5 14
5 13
5 14
5 13
5 12
4 12
4 11
5 11
4 11
3 11
3 10
3 11
4 11
4 12
4 13
4 12
4 13
4 14
3 14
2 14
2 15
2 14
2 13
2 14
2 15
2 16
2 15
2 14
2 13
2 14
1 14
0 14
0 15
1 15
1 14
1 13
2 13
2 14
1 14
2 14
3 14
3 15
3 14
3 15
3 16
4 16
4 17
4 18
5 18
4 18
3 18
3 17
3 18
3 17
4 17
4 16
3 16
3 15
3 14
3 15
3 14
2 14
3 14
2 14
1 14
1 13
2 13
3 13
3 12
2 12
1 12
0 12
0 11
1 11
2 11
2 12
2 13
3 13
3 12
4 12
3 12
2 12
3 12
3 11
3 10
3 11
2 11
2 10
3 10
4 10
4 9
5 9
5 10
6 10
7 10
7 9
7 8
7 9
6 9
7 9
7 8
6 8
6 7
7 7
6 7
5 7
5 8
5 7
4 7
3 7
3 8
3 9
2 9
1 9
1 10
2 10
2 9
3 9
2 9
1 9
1 10
1 11
1 10
1 11
0 11
1 11
0 11
1 11
2 11
2 12
1 12
2 12
2 13
2 14
2 15
3 15
3 16
3 17
4 17
4 18
3 18
3 17
3 18
2 18
2 17
3 17
3 16
2 16
3 16
3 15
3 14
4 14
5 14
5 13
6 13
7 13
7 14
6 14
6 15
6 16
6 17
6 16
7 16
7 15
6 15
6 14
6 15
7 15
6 15
5 15
5 14
5 15
5 16
5 15
6 15
5 15
4 15
3 15
3 14
3 13
2 13
1 13
0 13
1 13
1 12
1 13
1 12
1 11
2 11
2 12
2 13
3 13
2 13
1 13
2 13
2 12
1 12
1 11
0 11
1 11
1 12
0 12
0 13
1 13
1 12
1 11
1 12
1 11
2 11
2 12
2 13
1 13
1 12
1 13
1 12
1 13
1 12
0 12
0 13
0 14
0 13
0 14
0 13
0 14
0 15
1 15
0 15
0 14
0 15
1 15
1 14
2 14
2 15
1 15
0 15
0 16
1 16
1 17
0 17
0 16
0 15
0 16
0 17
0 16
0 15
0 16
1 16
1 17
2 17
2 16
2 15
1 15
1 16
1 17
2 17
2 16
2 17
2 18
2 17
3 17
3 16
2 16
1 16
2 16
2 17
1 17
1 18
1 17
0 17
0 18
0 17
1 17
1 16
1 17
1 16
0 16
1 16
1 17
1 18
1 19
0 19
0 20
1 20
0 20
1 20
0 20
1 20
1 21
1 22
0 22
0 21
1 21
1 20
2 20
2 21
3 21
3 20
3 21
3 22
2 22
3 22
3 21
3 22
3 23
2 23
2 22
2 21
2 20
3 20
3 19
3 18
3 19
2 19
2 20
2 21
3 21
4 21
4 20
3 20
3 19
3 18
3 17
3 18
3 19
4 19
5 19
5 20
4 20
5 20
6 20
5 20
4 20
4 21
4 20
4 19
5 19
5 20
5 21
4 21
4 20
3 20
4 20
3 20
3 21
2 21
2 22
1 22
2 22
1 22
1 23
0 23
0 24
0 25
1 25
0 25
1 25
2 25
2 24
2 25
2 24
2 23
3 23
4 23
4 22
4 21
5 21
5 22
4 22
5 22
5 23
4 23
5 23
5 24
5 23
5 22
6 22
7 22
7 23
8 23
9 23
8 23
8 24
8 23
8 22
7 22
8 22
8 21
9 21
9 22
9 23
8 23
9 23
10 23
10 22
10 23
9 23
10 23
9 23
9 22
8 22
9 22
9 23
8 23
8 24
8 23
7 23
6 23
6 24
6 23
6 22
7 22
8 22
7 22
7 23
7 22
6 22
7 22
8 22
9 22
9 21
10 21
9 21
10 21
9 21
9 20
9 21
9 20
8 20
7 20
6 20
6 19
7 19
6 19
7 19
7 20
7 21
6 21
7 21
7 22
7 23
7 24
8 24
7 24
6 24
7 24
7 25
7 26
8 26
8 27
7 27
8 27
9 27
8 27
8 26
9 26
10 26
9 26
9 25
9 24
9 25
10 25
10 26
11 26
12 26
11 26
12 26
12 27
13 27
13 28
13 29
13 30
13 29
13 30
13 29
13 30
13 31
14 31
14 30
15 30
14 30
14 29
14 28
13 28
13 29
14 29
14 30
14 29
15 29
15 28
14 28
15 28
16 28
16 29
17 29
17 30
17 31
17 32
17 33
17 34
18 34
18 35
18 36
19 36
19 35
19 34
19 35
19 34
19 35
20 35
20 36
20 35
19 35
18 35
18 36
18 37
18 36
19 36
19 35
18 35
18 36
17 36
18 36
19 36
19 37
19 36
20 36
19 36
20 36
19 36
18 36
18 35
18 36
18 37
17 37
17 38
17 37
17 36
16 36
16 35
16 34
16 33
17 33
17 34
18 34
19 34
18 34
17 34
17 35
16 35
17 35
17 36
18 36
18 35
19 35
19 36
19 37
19 38
19 37
20 37
20 38
20 37
20 36
20 37
19 37
19 38
18 38
19 38
19 39
20 39
20 38
19 38
19 39
19 40
18 40
18 41
18 42
17 42
17 43
18 43
18 42
19 42
18 42
17 42
17 43
18 43
17 43
16 43
16 42
16 43
15 43
14 43
15 43
15 42
15 41
15 42
14 42
13 42
12 42
12 41
12 40
12 39
12 38
12 39
13 39
13 38
13 37
12 37
12 36
12 37
11 37
11 38
10 38
9 38
10 38
10 39
10 38
10 39
10 40
11 40
11 39
11 38
12 38
12 39
12 40
12 39
13 39
13 38
13 39
12 39
11 39
11 40
11 39
12 39
13 39
13 40
13 39
14 39
14 40
15 40
14 40
14 41
15 41
15 40
15 39
15 38
15 37
14 37
14 36
13 36
14 36
15 36
15 35
16 35
17 35
17 36
18 36
17 36
17 35
16 35
16 34
16 35
15 35
14 35
13 35
13 34
13 33
13 32
14 32
14 33
13 33
13 32
14 32
14 31
13 31
13 32
13 31
14 31
14 32
15 32
15 31
15 32
14 32
14 31
14 32
14 33
13 33
13 32
12 32
13 32
14 32
14 31
14 30
15 30
16 30
16 29
16 30
15 30
15 29
14 29
14 30
15 30
14 30
13 30
13 31
13 30
12 30
13 30
12 30
13 30
12 30
12 29
13 29
12 29
12 30
12 29
11 29
11 30
10 30
11 30
12 30
12 31
12 30
11 30
11 31
10 31
11 31
11 30
12 30
12 31
13 31
14 31
13 31
14 31
14 30
15 30
15 29
15 28
16 28
16 27
16 26
15 26
15 25
15 24
15 23
15 24
16 24
16 25
17 25
16 25
17 25
17 26
17 25
18 25
17 25
17 26
16 26
15 26
16 26
16 27
16 26
16 25
17 25
16 25
17 25
16 25
15 25
14 25
13 25
12 25
12 26
12 27
12 26
11 26
11 27
10 27
11 27
11 26
11 27
11 28
10 28
10 27
9 27
8 27
8 28
8 29
7 29
7 28
7 29
8 29
9 29
8 29
7 29
7 30
7 31
8 31
8 32
9 32
9 31
9 32
