0 0
1 0
0 0
1 0
2 0
2 1
2 0
3 0
4 0
4 1
3 1
2 1
1 1
1 0
2 0
2 1
2 2
3 2
3 1
4 1
4 2
5 2
4 2
4 3
4 2
3 2
3 3
4 3
4 4
4 3
4 2
5 2
4 2
3 2
3 1
2 1
2 2
1 2
1 1
2 1
1 1
0 1
1 1
0 1
0 0
1 0
0 0
1 0
1 1
1 0
0 0
1 0
1 1
1 0
1 1
2 1
2 0
3 0
2 0
3 0
3 1
3 2
2 2
3 2
3 3
4 3
4 2
5 2
6 2
7 2
7 1
6 1
7 1
7 2
7 1
8 1
8 0
8 1
9 1
8 1
7 1
7 2
8 2
7 2
7 3
7 2
7 3
6 3
7 3
6 3
6 4
6 3
6 2
7 2
7 3
7 4
6 4
7 4
7 5
6 5
6 4
5 4
5 3
5 2
5 1
5 0
5 1
5 0
6 0
7 0
6 0
7 0
6 0
5 0
4 0
5 0
5 1
5 0
5 1
4 1
4 0
4 1
5 1
4 1
4 2
4 1
5 1
5 0
6 0
6 1
7 1
8 1
9 1
8 1
8 0
7 0
8 0
8 1
8 0
7 0
6 0
7 0
7 1
6 1
6 2
6 1
5 1
6 1
5 1
5 2
5 1
4 1
3 1
3 2
4 2
5 2
6 2
6 1
6 2
7 2
6 2
5 2
4 2
4 1
4 0
5 0
4 0
4 1
4 2
4 1
5 1
5 2
4 2
5 2
4 2
4 3
5 3
5 4
5 5
5 4
6 4
7 4
7 3
8 3
9 3
10 3
10 2
11 2
10 2
10 1
10 0
11 0
10 0
10 1
10 2
9 2
10 2
10 1
10 2
11 2
11 3
10 3
11 3
11 4
10 4
10 5
10 6
10 5
9 5
8 5
9 5
9 6
9 7
10 7
11 7
12 7
11 7
12 7
11 7
12 7
11 7
11 6
12 6
11 6
12 6
13 6
13 7
13 8
13 7
14 7
14 8
14 7
14 8
13 8
13 7
14 7
14 8
13 8
13 7
13 6
13 5
13 4
14 4
14 5
14 6
14 7
13 7
14 7
14 8
14 9
13 9
13 10
12 10
13 10
13 9
13 8
14 8
14 9
13 9
14 9
14 10
15 10
14 10
15 10
15 11
15 12
15 11
15 10
16 10
16 11
16 10
16 9
16 10
16 11
15 11
15 12
16 12
15 12
14 12
14 11
15 11
14 11
13 11
13 10
12 10
11 10
11 11
12 11
13 11
12 11
13 11
14 11
14 10
13 10
12 10
13 10
13 9
13 10
13 11
13 12
13 13
13 14
12 14
11 14
11 15
10 15
10 16
10 17
9 17
9 16
10 16
10 17
10 18
11 18
11 17
10 17
11 17
12 17
12 16
13 16
12 16
13 16
13 17
12 17
13 17
13 18
14 18
13 18
14 18
14 19
14 18
14 19
14 20
14 19
15 19
15 20
15 21
15 20
15 19
16 19
15 19
14 19
15 19
15 18
14 18
14 17
14 16
15 16
15 17
14 17
14 16
14 17
14 18
13 18
13 17
12 17
13 17
14 17
14 16
15 16
15 17
15 18
16 18
17 18
17 17
16 17
16 18
17 18
18 18
17 18
16 18
16 19
17 19
18 19
19 19
19 18
19 19
18 19
19 19
19 18
19 19
19 18
19 17
19 16
18 16
18 17
18 16
19 16
18 16
19 16
19 15
19 16
20 16
21 16
21 15
22 15
22 14
22 13
21 13
20 13
20 14
20 13
21 13
20 13
21 13
20 13
20 12
21 12
22 12
23 12
22 12
22 11
22 12
21 12
20 12
20 11
21 11
22 11
21 11
20 11
19 11
18 11
19 11
18 11
17 11
18 11
18 10
18 11
18 10
18 11
17 11
17 10
17 9
18 9
18 8
18 7
18 8
17 8
17 7
17 8
17 9
18 9
18 10
18 9
18 8
17 8
16 8
17 8
17 9
17 10
18 10
18 11
19 11
19 10
18 10
17 10
16 10
15 10
16 10
16 11
17 11
17 12
17 13
16 13
15 13
15 12
14 12
15 12
15 11
16 11
16 10
16 9
15 9
15 8
14 8
14 7
14 8
15 8
14 8
13 8
13 7
13 8
12 8
11 8
11 7
12 7
13 7
14 7
13 7
13 8
13 9
13 8
12 8
13 8
12 8
11 8
11 9
12 9
13 9
13 8
14 8
14 9
14 10
14 11
15 11
15 12
16 12
15 12
15 13
15 14
16 14
15 14
14 14
13 14
13 15
13 16
12 16
12 17
13 17
14 17
13 17
13 16
14 16
14 17
14 16
15 16
15 15
16 15
17 15
17 14
16 14
17 14
18 14
18 13
19 13
20 13
20 12
20 13
20 14
19 14
19 15
20 15
20 14
21 14
22 14
21 14
22 14
23 14
23 13
24 13
23 13
24 13
24 14
25 14
25 13
25 14
25 13
25 14
25 13
26 13
26 14
26 15
25 15
26 15
25 15
25 14
24 14
24 13
25 13
26 13
26 14
27 14
28 14
29 14
29 13
29 12
30 12
30 11
30 10
31 10
30 10
29 10
29 11
29 10
30 10
31 10
30 10
30 9
30 10
30 9
29 9
29 8
29 9
30 9
30 10
29 10
29 9
29 8
29 9
30 9
30 8
29 8
29 7
30 7
31 7
32 7
32 8
32 9
32 8
32 7
31 7
32 7
32 6
32 5
32 6
32 5
32 4
32 3
32 2
33 2
32 2
32 3
32 2
32 1
32 2
32 3
32 4
32 5
32 6
32 7
32 6
32 7
31 7
32 7
31 7
30 7
30 8
29 8
28 8
28 7
28 6
28 7
28 6
28 7
27 7
28 7
29 7
28 7
27 7
28 7
27 7
26 7
25 7
25 6
25 7
25 6
24 6
24 7
24 8
23 8
24 8
24 7
25 7
25 8
24 8
24 9
24 10
24 11
25 11
25 12
26 12
26 11
26 12
26 13
26 14
26 15
26 14
26 15
25 15
25 14
25 15
26 15
27 15
27 16
27 17
27 18
28 18
27 18
28 18
28 19
27 19
27 20
26 20
27 20
28 20
29 20
29 21
29 22
29 23
29 22
30 22
30 21
30 22
29 22
29 21
28 21
27 21
28 21
27 21
26 21
27 21
27 20
27 21
28 21
28 20
28 21
29 21
29 20
30 20
31 20
31 19
31 18
31 17
31 16
32 16
32 17
32 16
32 17
32 16
33 16
34 16
35 16
35 17
35 16
35 17
35 16
35 17
35 18
34 18
34 19
34 18
35 18
35 19
34 19
35 19
35 18
36 18
36 19
36 20
36 21
36 20
37 20
37 21
37 20
37 19
37 20
37 19
36 19
35 19
35 18
36 18
37 18
36 18
36 17
37 17
37 18
36 18
37 18
37 19
37 20
37 19
37 18
38 18
37 18
38 18
39 18
38 18
38 19
39 19
38 19
38 20
38 21
38 20
38 19
38 20
39 20
40 20
39 20
39 21
39 20
39 19
38 19
37 19
37 20
37 21
37 22
37 23
38 23
38 24
38 23
38 22
39 22
39 23
38 23
39 23
40 23
41 23
41 22
42 22
43 22
44 22
44 21
45 21
44 21
43 21
43 20
43 19
44 19
44 18
45 18
45 17
46 17
47 17
46 17
46 16
46 15
46 16
45 16
45 15
44 15
45 15
45 16
46 16
46 17
45 17
45 16
44 16
43 16
43 15
44 15
44 16
45 16
44 16
43 16
44 16
44 15
44 14
43 14
43 15
44 15
44 16
44 17
43 17
43 18
42 18
43 18
44 18
43 18
43 17
44 17
44 18
44 17
45 17
44 17
43 17
44 17
45 17
45 16
45 17
45 16
44 16
43 16
43 15
43 14
43 15
44 15
44 14
44 15
44 16
44 17
45 17
44 17
43 17
43 16
44 16
43 16
43 17
42 17
41 17
42 17
41 17
41 18
41 17
42 17
41 17
42 17
43 17
44 17
43 17
42 17
41 17
42 17
42 16
43 16
42 16
42 17
42 16
43 16
44 16
44 15
44 16
43 16
43 15
43 16
44 16
44 15
44 16
45 16
45 15
45 16
46 16
46 17
47 17
47 16
48 16
48 15
48 16
48 17
49 17
49 18
49 19
50 19
51 19
50 19
49 19
48 19
49 19
50 19
51 19
52 19
52 18
52 17
51 17
51 18
51 19
50 19
51 19
52 19
53 19
53 18
53 19
53 18
54 18
54 17
54 16
55 16
54 16
54 15
53 15
53 14
53 15
53 14
54 14
54 13
53 13
53 14
53 15
53 16
53 17
52 17
52 18
51 18
52 18
52 19
53 19
53 20
52 20
52 19
52 20
52 21
53 21
53 20
53 19
53 18
54 18
55 18
54 18
54 17
54 18
53 18
53 19
52 19
52 18
52 17
52 18
52 19
53 19
54 19
54 20
54 21
