0 0
1 0
0 0
1 0
0 0
0 1
1 1
2 1
1 1
0 1
0 0
0 1
0 2
0 3
0 4
1 4
2 4
3 4
2 4
2 5
2 6
1 6
0 6
0 5
0 6
1 6
1 5
2 5
1 5
2 5
2 6
3 6
3 5
2 5
2 4
1 4
1 5
1 6
0 6
0 5
1 5
1 4
1 3
2 3
3 3
2 3
1 3
0 3
0 4
1 4
0 4
1 4
1 3
2 3
2 4
2 3
2 2
2 1
2 2
1 2
1 1
0 1
1 1
2 1
1 1
0 1
1 1
2 1
2 0
2 1
2 2
2 1
3 1
2 1
1 1
0 1
0 0
0 1
0 0
1 0
0 0
0 1
0 2
0 1
1 1
0 1
0 0
1 0
1 1
1 2
1 1
1 2
1 3
1 4
0 4
0 5
1 5
1 4
2 4
1 4
1 3
2 3
3 3
3 2
4 2
4 1
3 1
2 1
2 2
3 2
2 2
2 3
2 2
2 3
1 3
1 2
1 1
1 2
0 2
1 2
0 2
1 2
1 3
1 2
1 1
0 1
1 1
1 0
1 1
0 1
0 0
1 0
1 1
0 1
0 2
1 2
1 3
1 4
0 4
0 5
0 6
1 6
2 6
2 7
3 7
4 7
5 7
5 8
4 8
3 8
2 8
2 9
2 8
3 8
3 9
3 8
2 8
1 8
1 9
2 9
3 9
4 9
4 8
3 8
4 8
5 8
5 7
5 8
4 8
5 8
5 7
5 6
5 5
5 4
5 3
4 3
4 4
4 5
4 6
5 6
4 6
3 6
3 5
2 5
2 6
2 5
2 4
2 5
2 6
2 7
2 6
3 6
4 6
3 6
3 5
4 5
4 6
5 6
6 6
5 6
4 6
3 6
3 7
4 7
4 8
4 9
4 10
5 10
6 10
7 10
8 10
9 10
9 9
8 9
8 10
9 10
9 11
8 11
9 11
9 12
10 12
10 13
9 13
9 14
10 14
10 15
10 16
9 16
10 16
9 16
8 16
7 16
7 15
8 15
8 16
7 16
7 17
6 17
5 17
6 17
7 17
6 17
7 17
7 16
8 16
8 17
8 18
8 17
8 16
9 16
9 17
8 17
9 17
10 17
10 18
10 19
10 20
10 21
9 21
9 20
9 21
8 21
7 21
6 21
7 21
8 21
8 20
8 19
9 19
9 20
10 20
10 19
10 20
10 21
10 22
9 22
9 23
9 22
10 22
10 23
11 23
10 23
9 23
10 23
11 23
11 24
12 24
12 25
13 25
13 26
13 27
12 27
11 27
12 27
12 26
13 26
14 26
15 26
15 27
16 27
16 28
16 29
17 29
17 30
17 31
17 32
17 33
17 32
16 32
17 32
17 33
17 34
17 33
16 33
15 33
14 33
14 32
15 32
14 32
14 31
13 31
13 30
13 31
13 30
13 29
13 28
14 28
15 28
14 28
13 28
13 29
14 29
14 30
13 30
14 30
14 29
15 29
15 30
14 30
15 30
15 31
14 31
15 31
15 32
15 31
14 31
15 31
16 31
16 32
16 33
15 33
14 33
14 34
13 34
13 35
14 35
15 35
16 35
16 36
15 36
15 35
15 36
16 36
15 36
15 37
16 37
16 38
16 37
16 38
16 37
17 37
16 37
17 37
16 37
17 37
18 37
18 36
18 35
17 35
17 36
16 36
16 37
17 37
17 38
18 38
17 38
16 38
15 38
15 37
15 38
16 38
15 38
14 38
13 38
12 38
11 38
11 37
11 38
11 39
11 40
11 41
11 40
10 40
10 39
11 39
11 38
11 37
11 38
11 37
11 38
11 37
12 37
13 37
12 37
11 37
10 37
10 36
11 36
11 35
11 36
11 37
10 37
9 37
9 36
10 36
9 36
9 37
9 36
8 36
8 35
7 35
8 35
8 34
7 34
6 34
7 34
6 34
5 34
5 33
6 33
7 33
6 33
6 34
5 34
5 35
6 35
5 35
4 35
4 36
5 36
5 37
4 37
4 36
4 37
4 38
4 39
4 38
4 39
5 39
6 39
6 40
7 40
7 41
7 40
6 40
7 40
7 41
8 41
7 41
7 40
7 39
7 40
7 39
7 38
8 38
8 37
8 36
8 37
8 36
7 36
7 37
6 37
6 36
6 37
6 38
7 38
7 37
7 36
7 37
7 36
7 37
7 38
6 38
7 38
8 38
8 37
8 38
7 38
6 38
5 38
5 37
6 37
6 36
7 36
6 36
5 36
5 37
6 37
7 37
7 36
7 37
7 38
6 38
5 38
4 38
5 38
4 38
3 38
3 39
4 39
4 38
4 39
5 39
5 40
5 39
6 39
6 38
7 38
7 39
6 39
5 39
4 39
4 40
4 39
4 38
5 38
4 38
5 38
6 38
5 38
5 37
5 38
5 39
4 39
5 39
5 40
5 41
5 40
6 40
7 40
6 40
6 39
6 40
7 40
7 39
8 39
8 38
8 39
8 38
7 38
7 39
8 39
9 39
9 38
10 38
10 39
10 38
10 39
10 40
10 41
11 41
11 42
10 42
10 41
10 42
10 43
11 43
11 44
11 43
11 44
11 45
12 45
12 46
12 47
13 47
13 46
12 46
12 47
13 47
14 47
14 48
14 49
14 48
15 48
16 48
17 48
17 49
16 49
16 48
16 47
15 47
14 47
13 47
13 46
13 47
13 48
13 47
13 48
13 49
12 49
11 49
11 50
10 50
10 51
11 51
11 50
11 51
11 50
10 50
11 50
10 50
11 50
11 49
10 49
10 48
11 48
11 47
11 48
12 48
13 48
14 48
14 47
15 47
16 47
17 47
16 47
15 47
16 47
16 48
15 48
16 48
15 48
15 49
16 49
15 49
14 49
14 48
15 48
14 48
15 48
15 49
16 49
15 49
15 50
15 51
15 52
15 53
16 53
16 52
16 53
15 53
15 54
16 54
17 54
17 53
17 52
18 52
19 52
20 52
21 52
20 52
21 52
20 52
19 52
20 52
19 52
19 51
18 51
19 51
20 51
19 51
20 51
20 52
21 52
20 52
21 52
20 52
20 51
20 50
21 50
21 51
20 51
19 51
19 50
19 49
20 49
19 49
19 50
20 50
21 50
21 51
21 50
21 49
21 48
21 47
21 46
22 46
23 46
23 47
23 48
24 48
24 47
25 47
25 46
25 45
25 44
25 45
26 45
26 46
26 47
25 47
25 48
26 48
26 49
25 49
25 50
25 49
24 49
24 48
24 47
25 47
26 47
27 47
27 46
26 46
26 47
27 47
27 48
27 49
27 50
27 51
26 51
26 52
25 52
25 53
26 53
27 53
27 54
26 54
26 53
27 53
27 54
27 55
26 55
26 56
27 56
27 57
28 57
27 57
27 56
27 55
28 55
28 54
28 55
28 56
28 57
29 57
30 57
30 56
31 56
31 57
31 58
32 58
32 59
32 60
31 60
30 60
31 60
31 61
32 61
32 62
32 61
31 61
32 61
32 60
31 60
30 60
31 60
30 60
29 60
30 60
30 59
30 60
30 61
30 62
31 62
31 61
32 61
31 61
31 60
32 60
31 60
30 60
29 60
29 61
28 61
27 61
27 60
28 60
28 59
29 59
29 60
30 60
31 60
30 60
30 61
30 60
31 60
31 61
30 61
30 62
30 61
31 61
30 61
31 61
31 60
32 60
32 61
31 61
32 61
32 60
32 59
33 59
33 58
33 57
32 57
31 57
30 57
29 57
30 57
30 58
30 57
31 57
30 57
29 57
29 56
28 56
28 55
28 54
28 55
29 55
29 54
29 55
30 55
29 55
30 55
30 54
30 55
30 54
30 53
30 54
31 54
32 54
33 54
34 54
34 55
35 55
35 54
34 54
34 55
34 56
33 56
33 55
33 56
33 57
32 57
32 58
32 57
31 57
32 57
32 56
32 55
33 55
32 55
33 55
32 55
32 56
32 57
31 57
31 56
31 57
32 57
32 58
31 58
30 58
30 59
30 60
30 61
30 62
31 62
30 62
31 62
31 61
31 62
32 62
32 61
33 61
34 61
34 60
35 60
34 60
34 61
35 61
35 60
34 60
33 60
34 60
34 61
34 62
35 62
35 63
35 64
35 63
35 62
35 61
35 62
35 61
35 60
36 60
35 60
36 60
36 61
36 62
35 62
34 62
35 62
34 62
34 61
35 61
35 60
35 61
34 61
35 61
36 61
37 61
37 60
37 61
38 61
37 61
37 60
38 60
38 61
39 61
39 60
40 60
39 60
40 60
40 59
40 58
41 58
41 59
41 58
40 58
40 59
40 58
41 58
41 59
41 58
42 58
41 58
41 59
41 58
41 59
41 60
40 60
39 60
38 60
38 59
39 59
39 58
40 58
41 58
41 59
41 58
42 58
42 57
41 57
42 57
43 57
43 56
42 56
42 57
43 57
42 57
41 57
41 58
40 58
40 59
40 60
39 60
