0 0
1 0
0 0
1 0
2 0
2 1
3 1
3 2
3 3
2 3
2 2
2 1
2 0
3 0
3 1
3 0
3 1
2 1
2 0
2 1
2 2
2 1
2 2
3 2
3 1
2 1
2 0
3 0
3 1
3 0
3 1
3 2
4 2
3 2
4 2
3 2
4 2
3 2
2 2
3 2
3 1
3 2
3 1
2 1
1 1
2 1
2 0
3 0
3 1
3 2
4 2
3 2
2 2
1 2
0 2
0 1
1 1
1 0
1 1
2 1
2 0
2 1
1 1
1 0
1 1
2 1
2 2
1 2
2 2
2 1
2 0
1 0
1 1
2 1
2 2
2 3
2 2
2 3
1 3
1 2
1 3
0 3
1 3
2 3
2 4
3 4
3 3
3 4
2 4
1 4
2 4
1 4
1 5
1 6
2 6
2 5
2 4
3 4
3 5
3 4
3 3
3 2
3 3
4 3
4 4
4 3
4 2
4 3
4 4
3 4
3 5
4 5
4 4
3 4
4 4
3 4
2 4
1 4
1 5
0 5
0 6
0 7
0 6
1 6
2 6
1 6
1 5
0 5
1 5
2 5
2 6
3 6
2 6
2 7
3 7
2 7
2 6
2 7
2 6
2 5
1 5
1 6
1 5
2 5
2 6
3 6
3 7
2 7
3 7
4 7
5 7
5 6
5 5
4 5
4 4
5 4
4 4
3 4
3 5
2 5
2 4
3 4
2 4
3 4
3 5
3 6
4 6
4 5
5 5
6 5
5 5
5 4
5 5
5 4
6 4
7 4
7 5
6 5
6 6
6 5
6 6
7 6
7 7
7 8
7 9
6 9
6 8
5 8
4 8
4 7
5 7
5 8
5 9
6 9
6 10
5 10
6 10
5 10
4 10
4 11
4 12
4 13
4 14
4 15
5 15
6 15
7 15
7 14
7 13
7 12
8 12
8 13
8 12
9 12
9 11
8 11
8 10
8 9
8 10
9 10
9 11
9 12
10 12
10 11
9 11
9 10
9 9
8 9
8 10
8 9
8 8
8 9
9 9
9 10
9 11
9 10
9 9
9 8
8 8
9 8
10 8
10 7
11 7
12 7
13 7
14 7
13 7
13 8
12 8
13 8
13 7
14 7
15 7
15 6
15 7
15 8
14 8
15 8
16 8
16 7
16 8
16 9
16 10
15 10
15 11
16 11
17 11
18 11
19 11
20 11
21 11
21 12
20 12
21 12
21 13
21 14
21 15
20 15
20 16
20 17
20 18
21 18
22 18
21 18
22 18
21 18
21 17
22 17
23 17
23 16
23 17
23 18
23 17
23 16
22 16
23 16
23 17
24 17
23 17
23 16
23 15
22 15
21 15
20 15
19 15
19 16
19 15
18 15
19 15
19 16
20 16
19 16
19 17
19 16
18 16
19 16
20 16
19 16
18 16
18 17
18 16
17 16
17 17
16 17
16 16
16 15
17 15
18 15
17 15
16 15
16 16
15 16
15 15
14 15
14 14
13 14
14 14
14 15
15 15
15 16
16 16
15 16
15 15
16 15
15 15
15 14
15 13
15 12
15 11
15 12
15 13
14 13
14 12
14 13
15 13
15 12
14 12
13 12
14 12
14 13
14 14
13 14
14 14
14 13
15 13
15 12
15 13
16 13
15 13
14 13
14 14
14 15
15 15
15 16
16 16
15 16
15 17
14 17
13 17
14 17
14 16
13 16
13 15
13 16
13 15
14 15
15 15
14 15
14 14
14 15
15 15
16 15
16 16
16 15
17 15
16 15
15 15
15 14
15 15
15 14
16 14
16 15
17 15
17 16
17 17
17 16
18 16
19 16
19 15
20 15
21 15
21 16
21 15
21 16
21 17
21 16
21 17
21 16
21 15
21 16
22 16
21 16
20 16
19 16
18 16
18 17
19 17
19 16
18 16
19 16
19 15
19 16
18 16
18 15
18 16
18 15
19 15
19 14
20 14
21 14
21 15
21 14
20 14
21 14
21 13
21 14
21 15
22 15
22 16
22 15
21 15
21 16
22 16
23 16
23 17
22 17
23 17
23 16
23 15
22 15
23 15
24 15
25 15
25 14
25 13
26 13
26 14
25 14
25 15
25 16
26 16
26 17
26 16
25 16
24 16
23 16
23 17
22 17
22 18
21 18
22 18
22 19
22 18
22 17
21 17
21 18
20 18
20 17
19 17
19 18
18 18
18 17
18 18
18 17
18 18
18 17
17 17
17 16
16 16
16 17
16 16
16 17
17 17
16 17
17 17
18 17
17 17
17 18
17 19
16 19
17 19
16 19
17 19
16 19
15 19
15 20
14 20
15 20
15 19
16 19
15 19
14 19
14 18
13 18
14 18
13 18
14 18
15 18
15 19
15 18
14 18
13 18
14 18
14 19
13 19
13 18
14 18
14 19
13 19
13 18
13 17
14 17
14 16
15 16
14 16
14 15
13 15
12 15
11 15
10 15
10 14
9 14
8 14
9 14
9 13
9 12
9 13
9 14
9 15
10 15
10 16
11 16
11 17
12 17
12 18
12 19
13 19
12 19
12 18
12 19
11 19
12 19
13 19
12 19
12 18
11 18
10 18
10 19
9 19
10 19
10 20
11 20
12 20
12 19
13 19
13 18
14 18
14 19
13 19
12 19
12 20
12 21
11 21
11 20
12 20
11 20
11 19
11 18
11 19
12 19
11 19
12 19
13 19
13 18
14 18
15 18
15 17
14 17
13 17
12 17
12 18
11 18
11 17
12 17
13 17
12 17
11 17
11 18
11 19
12 19
12 20
12 19
12 18
12 17
13 17
13 18
13 19
14 19
15 19
15 20
15 21
16 21
16 22
16 23
16 22
17 22
18 22
18 23
17 23
17 24
17 25
18 25
17 25
16 25
16 24
16 23
15 23
14 23
14 22
15 22
15 21
15 20
15 19
14 19
13 19
13 20
12 20
13 20
13 19
13 18
13 19
13 20
14 20
14 19
15 19
15 18
15 19
14 19
15 19
15 18
15 19
15 20
14 20
14 21
14 22
13 22
13 21
13 22
12 22
12 23
13 23
13 22
13 21
13 20
13 21
13 22
13 21
14 21
13 21
12 21
13 21
14 21
14 20
15 20
16 20
16 19
15 19
15 18
14 18
14 19
15 19
15 20
15 19
15 20
15 21
14 21
15 21
15 20
14 20
14 19
13 19
14 19
14 18
14 19
14 18
14 19
14 18
15 18
16 18
17 18
16 18
17 18
16 18
17 18
16 18
17 18
18 18
19 18
18 18
17 18
18 18
18 19
18 18
19 18
19 19
18 19
18 20
18 21
18 20
18 19
17 19
17 18
17 19
16 19
17 19
17 20
17 19
18 19
19 19
18 19
17 19
16 19
17 19
16 19
16 20
15 20
15 19
15 20
14 20
14 19
13 19
12 19
11 19
10 19
9 19
10 19
11 19
10 19
9 19
10 19
10 20
11 20
11 21
11 22
10 22
10 23
11 23
10 23
9 23
9 24
8 24
8 25
8 24
9 24
10 24
9 24
10 24
9 24
10 24
9 24
9 25
9 26
9 27
8 27
7 27
7 28
8 28
9 28
9 27
8 27
8 26
8 27
7 27
6 27
7 27
7 26
6 26
7 26
7 25
7 24
7 25
8 25
9 25
8 25
8 26
7 26
7 25
6 25
6 26
7 26
8 26
8 27
9 27
9 26
9 25
10 25
11 25
11 24
11 25
10 25
10 26
11 26
10 26
11 26
11 25
10 25
9 25
8 25
7 25
7 26
7 27
7 26
7 27
6 27
7 27
8 27
7 27
6 27
6 28
5 28
5 29
5 28
4 28
5 28
5 29
5 28
6 28
5 28
4 28
3 28
2 28
2 27
2 28
2 27
2 26
3 26
2 26
2 27
2 28
2 29
2 30
2 31
3 31
2 31
3 31
2 31
1 31
2 31
2 30
1 30
1 31
1 32
0 32
0 31
0 32
1 32
2 32
2 31
2 32
2 33
1 33
0 33
0 32
1 32
1 33
0 33
0 34
1 34
1 35
1 34
2 34
2 35
2 34
2 35
2 34
2 33
1 33
0 33
1 33
2 33
2 32
3 32
4 32
3 32
3 31
3 32
4 32
5 32
4 32
5 32
5 33
5 32
5 31
6 31
6 30
5 30
5 29
5 30
6 30
5 30
6 30
6 31
6 32
6 31
6 32
6 33
7 33
7 32
7 31
7 32
6 32
5 32
4 32
4 31
3 31
3 32
3 33
3 32
2 32
2 33
2 32
2 31
2 32
2 33
1 33
2 33
1 33
0 33
1 33
1 32
2 32
2 33
2 32
2 33
2 32
1 32
2 32
3 32
3 33
4 33
5 33
4 33
4 32
3 32
4 32
4 31
4 30
3 30
3 29
3 30
3 29
3 30
3 31
2 31
2 32
3 32
3 33
4 33
4 34
4 35
3 35
3 34
4 34
3 34
3 35
2 35
1 35
1 34
0 34
0 33
