0 0
0 1
0 0
1 0
2 0
3 0
3 1
3 2
3 3
3 2
4 2
4 3
3 3
3 2
3 1
4 1
3 1
4 1
4 0
3 0
3 1
3 2
3 1
3 2
3 1
3 2
2 2
2 1
2 0
1 0
1 1
0 1
0 0
1 0
0 0
0 1
1 1
2 1
3 1
3 0
3 1
4 1
5 1
4 1
5 1
5 2
5 1
4 1
4 0
4 1
4 0
5 0
4 0
5 0
6 0
7 0
7 1
8 1
8 2
8 3
9 3
9 2
9 1
10 1
10 2
9 2
8 2
9 2
9 1
8 1
8 2
8 1
8 2
7 2
7 1
7 2
7 1
8 1
8 2
8 3
8 4
8 5
8 6
8 7
7 7
6 7
7 7
6 7
6 6
7 6
7 5
7 4
8 4
9 4
9 3
9 4
10 4
10 3
10 2
11 2
11 3
10 3
9 3
10 3
9 3
9 4
10 4
10 3
10 4
9 4
9 5
10 5
10 6
11 6
10 6
10 7
11 7
11 8
11 7
11 6
12 6
12 7
11 7
10 7
10 8
10 7
11 7
11 8
12 8
12 9
12 10
12 11
12 10
11 10
11 11
11 12
11 11
11 12
11 11
11 12
11 11
11 12
11 11
12 11
11 11
12 11
12 12
12 13
12 14
11 14
11 15
11 14
12 14
13 14
14 14
13 14
13 15
13 16
13 17
13 16
14 16
14 15
14 14
15 14
16 14
16 15
16 14
15 14
15 13
16 13
16 12
16 11
16 12
16 11
15 11
14 11
15 11
15 10
14 10
15 10
16 10
16 11
16 12
17 12
18 12
17 12
16 12
15 12
15 13
14 13
14 12
15 12
15 11
15 12
15 13
16 13
16 14
16 13
15 13
14 13
14 14
13 14
12 14
11 14
10 14
10 13
10 14
10 15
11 15
11 14
10 14
11 14
11 15
10 15
10 14
9 14
10 14
10 15
10 14
11 14
11 15
11 14
11 15
12 15
11 15
12 15
12 14
12 15
12 14
12 13
13 13
13 12
12 12
13 12
13 11
13 12
13 13
14 13
15 13
15 14
15 13
15 14
14 14
14 13
14 14
15 14
15 15
14 15
14 16
13 16
12 16
12 15
13 15
12 15
12 16
13 16
13 17
13 18
13 17
14 17
13 17
14 17
13 17
14 17
13 17
13 16
13 15
12 15
12 16
12 17
12 18
12 19
12 20
12 19
12 20
13 20
12 20
12 21
12 22
13 22
13 21
12 21
12 20
12 21
12 20
13 20
14 20
15 20
16 20
17 20
18 20
19 20
19 19
19 20
19 21
19 22
19 23
18 23
19 23
20 23
20 22
21 22
21 21
20 21
19 21
19 20
18 20
19 20
18 20
19 20
19 19
18 19
18 18
19 18
18 18
18 19
18 18
18 19
18 20
18 19
18 20
17 20
18 20
18 21
19 21
18 21
19 21
19 22
18 22
19 22
18 22
17 22
18 22
19 22
20 22
20 23
21 23
21 22
20 22
19 22
19 23
19 24
19 23
18 23
18 24
19 24
19 23
19 24
20 24
19 24
19 23
18 23
18 24
17 24
17 23
17 24
18 24
18 23
17 23
17 22
17 23
16 23
17 23
16 23
16 24
15 24
14 24
14 23
15 23
15 24
15 25
15 24
15 23
14 23
15 23
15 24
15 23
15 24
15 25
14 25
15 25
14 25
13 25
13 26
12 26
11 26
11 27
11 26
11 27
11 28
11 29
11 28
11 29
10 29
9 29
9 30
9 29
10 29
11 29
12 29
12 30
11 30
12 30
13 30
12 30
11 30
11 31
11 32
11 33
10 33
9 33
9 34
10 34
10 33
9 33
10 33
9 33
10 33
10 34
10 35
11 35
10 35
10 36
9 36
10 36
10 37
11 37
12 37
13 37
14 37
14 38
14 37
14 38
15 38
16 38
17 38
17 37
18 37
17 37
18 37
18 38
18 37
18 36
17 36
16 36
17 36
18 36
18 35
17 35
16 35
16 36
17 36
16 36
16 35
16 34
15 34
15 35
14 35
15 35
16 35
15 35
16 35
16 34
16 35
16 36
15 36
16 36
16 37
15 37
15 36
14 36
15 36
16 36
16 37
15 37
16 37
17 37
18 37
19 37
20 37
21 37
21 36
21 37
21 38
22 38
23 38
23 37
22 37
23 37
22 37
21 37
21 36
20 36
21 36
20 36
19 36
19 37
19 36
19 35
20 35
20 36
20 35
20 34
21 34
20 34
21 34
21 33
21 34
20 34
19 34
19 33
18 33
18 32
17 32
17 33
16 33
15 33
15 34
14 34
13 34
14 34
15 34
15 35
15 36
15 37
16 37
16 36
15 36
16 36
16 37
15 37
16 37
16 36
15 36
16 36
17 36
17 37
17 38
17 39
18 39
17 39
16 39
17 39
16 39
16 40
16 39
17 39
17 40
16 40
15 40
16 40
15 40
14 40
14 39
15 39
15 40
16 40
17 40
16 40
17 40
18 40
17 40
17 41
17 40
16 40
15 40
15 41
15 40
16 40
17 40
16 40
17 40
17 41
17 40
18 40
18 39
18 38
19 38
18 38
18 37
18 36
18 35
19 35
19 34
18 34
18 35
17 35
17 34
18 34
19 34
19 33
19 34
18 34
18 33
18 32
17 32
16 32
16 31
15 31
15 30
16 30
16 29
16 30
16 29
15 29
14 29
15 29
15 30
15 29
14 29
13 29
13 28
14 28
14 27
15 27
15 28
15 27
14 27
13 27
13 28
12 28
12 29
12 28
13 28
13 29
13 28
13 27
14 27
14 26
14 27
13 27
13 26
13 25
14 25
15 25
16 25
16 26
15 26
14 26
14 25
14 24
15 24
15 25
15 24
16 24
17 24
17 23
16 23
16 24
16 25
17 25
17 26
16 26
16 25
15 25
15 26
14 26
14 27
13 27
13 28
14 28
15 28
16 28
16 29
16 28
16 29
17 29
16 29
15 29
16 29
17 29
16 29
15 29
16 29
16 28
16 27
16 26
16 27
16 26
16 25
17 25
17 26
18 26
18 25
17 25
18 25
17 25
17 26
17 27
17 28
17 27
18 27
19 27
19 28
19 27
18 27
17 27
16 27
15 27
15 26
14 26
14 27
13 27
12 27
11 27
11 28
11 29
10 29
11 29
12 29
12 28
12 27
12 26
12 27
11 27
10 27
11 27
11 28
10 28
10 29
10 28
11 28
12 28
11 28
10 28
10 29
10 30
11 30
10 30
9 30
9 31
10 31
11 31
11 32
11 33
10 33
11 33
10 33
11 33
10 33
10 34
10 33
10 32
11 32
11 33
12 33
12 32
13 32
14 32
14 33
14 34
14 35
15 35
16 35
15 35
14 35
15 35
15 34
14 34
14 35
15 35
15 34
15 33
16 33
16 32
17 32
17 31
17 30
18 30
17 30
16 30
16 31
16 30
16 29
15 29
15 30
15 31
15 32
15 31
15 32
15 31
16 31
15 31
15 30
14 30
13 30
14 30
15 30
16 30
16 31
16 32
16 33
16 34
15 34
15 35
16 35
16 34
17 34
18 34
18 33
18 34
19 34
20 34
21 34
21 35
20 35
20 36
20 35
20 36
20 37
20 36
20 37
20 36
20 35
20 36
21 36
20 36
21 36
21 37
22 37
22 38
22 37
23 37
24 37
25 37
25 36
25 35
25 36
26 36
27 36
26 36
26 37
26 38
27 38
28 38
27 38
27 37
27 36
27 35
28 35
28 34
29 34
29 33
28 33
29 33
28 33
28 32
29 32
29 31
30 31
31 31
32 31
31 31
31 32
30 32
29 32
29 31
30 31
30 32
31 32
32 32
31 32
31 33
30 33
31 33
31 32
30 32
30 33
30 34
30 35
29 35
29 34
29 33
30 33
31 33
31 32
30 32
31 32
31 33
31 34
31 33
32 33
32 34
32 33
32 34
32 33
31 33
31 34
30 34
29 34
29 35
29 36
30 36
30 37
29 37
29 36
30 36
31 36
32 36
32 37
32 38
33 38
34 38
34 39
35 39
35 40
36 40
36 39
35 39
35 38
35 39
35 40
34 40
35 40
35 41
35 40
35 39
35 38
35 37
35 36
34 36
34 37
35 37
35 38
34 38
35 38
35 39
36 39
36 38
37 38
37 37
36 37
36 36
36 35
35 35
35 34
35 35
35 36
36 36
36 35
36 34
36 33
36 34
35 34
35 35
35 36
35 37
35 36
35 37
36 37
37 37
36 37
35 37
35 38
35 39
36 39
36 38
35 38
35 37
34 37
34 38
33 38
32 38
32 39
31 39
31 38
31 37
30 37
30 38
30 39
29 39
28 39
27 39
28 39
28 40
28 41
27 41
28 41
27 41
27 42
27 41
27 42
27 41
28 41
29 41
29 40
28 40
28 41
28 42
28 41
28 42
29 42
29 41
29 42
29 43
28 43
28 42
28 43
28 44
28 45
