0 0
0 1
1 1
1 0
1 1
1 0
1 1
1 0
2 0
1 0
1 1
1 2
1 1
1 0
2 0
1 0
1 1
1 0
1 1
1 2
1 1
0 1
0 2
0 1
1 1
2 1
3 1
3 0
2 0
2 1
2 2
1 2
1 3
0 3
0 2
1 2
1 1
1 0
1 1
1 0
1 1
0 1
1 1
2 1
2 2
2 1
3 1
4 1
3 1
4 1
5 1
5 2
5 1
6 1
6 0
6 1
6 0
5 0
6 0
6 1
7 1
7 2
6 2
6 3
7 3
8 3
9 3
9 2
8 2
9 2
8 2
9 2
9 3
9 4
8 4
9 4
9 3
8 3
9 3
9 2
9 1
9 2
10 2
10 3
11 3
12 3
13 3
14 3
13 3
12 3
11 3
12 3
11 3
10 3
10 2
9 2
8 2
8 3
8 2
9 2
9 1
9 2
10 2
9 2
10 2
10 1
11 1
12 1
12 0
12 1
13 1
14 1
13 1
12 1
11 1
11 2
10 2
11 2
11 1
12 1
13 1
13 0
14 0
13 0
12 0
11 0
11 1
10 1
10 2
11 2
11 3
12 3
11 3
12 3
12 4
12 3
12 4
11 4
11 5
12 5
12 4
12 5
12 4
12 3
12 2
13 2
13 1
12 1
13 1
13 0
13 1
14 1
14 2
13 2
13 1
13 2
13 3
13 2
12 2
12 1
12 0
12 1
12 2
13 2
14 2
14 1
14 2
15 2
15 1
15 2
15 1
15 2
16 2
17 2
17 3
16 3
15 3
15 2
15 3
15 2
15 3
15 4
15 3
16 3
17 3
17 4
18 4
19 4
20 4
19 4
18 4
17 4
17 5
17 4
17 3
16 3
17 3
18 3
19 3
20 3
19 3
18 3
18 2
19 2
18 2
18 3
19 3
19 2
19 3
20 3
19 3
19 2
18 2
18 1
19 1
20 1
19 1
20 1
20 2
19 2
20 2
21 2
21 1
21 2
20 2
20 3
21 3
22 3
22 2
23 2
24 2
23 2
23 3
22 3
23 3
23 4
22 4
22 3
21 3
21 2
21 3
21 2
22 2
22 3
22 2
22 3
22 4
21 4
21 5
21 4
21 3
22 3
22 2
23 2
22 2
23 2
24 2
25 2
25 1
25 2
25 1
25 2
25 1
25 0
26 0
26 1
26 0
26 1
27 1
28 1
27 1
27 0
27 1
27 2
26 2
26 3
25 3
26 3
26 4
25 4
25 3
24 3
23 3
22 3
23 3
24 3
24 4
24 3
24 4
23 4
22 4
22 5
22 4
23 4
22 4
23 4
24 4
24 3
24 4
24 3
24 2
25 2
24 2
25 2
25 3
24 3
24 4
25 4
25 3
24 3
25 3
25 2
25 3
25 4
26 4
26 5
26 4
26 3
25 3
24 3
25 3
25 4
25 5
26 5
26 4
26 3
25 3
26 3
26 2
25 2
26 2
25 2
24 2
23 2
22 2
23 2
23 3
22 3
22 2
21 2
21 3
20 3
21 3
21 2
22 2
23 2
22 2
21 2
20 2
20 3
20 2
20 3
20 4
20 5
20 6
20 5
20 4
21 4
21 3
21 2
21 3
22 3
21 3
21 2
22 2
23 2
23 3
23 2
23 3
24 3
24 4
25 4
25 3
25 2
24 2
24 3
23 3
23 2
23 3
23 2
24 2
25 2
25 3
24 3
24 4
24 3
23 3
24 3
23 3
23 2
22 2
21 2
22 2
21 2
21 3
21 2
21 1
20 1
20 2
21 2
21 3
21 2
22 2
23 2
24 2
24 1
24 0
25 0
25 1
25 0
24 0
24 1
25 1
24 1
24 2
24 3
24 2
23 2
24 2
23 2
22 2
22 3
23 3
23 2
23 3
23 4
24 4
24 5
24 4
24 3
25 3
24 3
24 2
24 3
23 3
23 2
22 2
22 3
23 3
24 3
23 3
22 3
21 3
20 3
20 2
20 3
20 2
20 3
21 3
20 3
19 3
20 3
19 3
20 3
20 2
19 2
20 2
20 1
20 0
19 0
20 0
19 0
20 0
19 0
19 1
18 1
18 2
18 1
19 1
19 2
19 3
18 3
17 3
17 4
16 4
15 4
14 4
14 5
15 5
15 4
14 4
14 3
15 3
15 4
14 4
14 3
14 2
14 1
13 1
14 1
13 1
14 1
14 0
13 0
12 0
11 0
12 0
12 1
11 1
12 1
11 1
12 1
11 1
11 2
11 1
11 0
12 0
12 1
11 1
10 1
10 2
11 2
10 2
11 2
12 2
13 2
13 1
14 1
15 1
16 1
15 1
15 2
15 1
16 1
16 2
15 2
15 3
16 3
16 4
16 5
16 4
17 4
16 4
16 5
17 5
17 4
18 4
19 4
20 4
20 3
20 2
21 2
21 1
22 1
23 1
24 1
23 1
24 1
24 0
25 0
24 0
25 0
25 1
25 2
25 3
24 3
23 3
23 4
22 4
21 4
21 5
21 6
21 7
21 8
20 8
20 7
20 6
20 5
19 5
19 6
19 5
18 5
17 5
17 6
16 6
16 5
16 4
17 4
17 5
17 6
16 6
17 6
17 5
18 5
18 6
17 6
17 5
18 5
19 5
20 5
20 6
21 6
22 6
22 5
23 5
22 5
22 4
22 5
23 5
22 5
21 5
21 6
20 6
21 6
20 6
20 7
21 7
21 6
21 5
20 5
19 5
19 4
20 4
20 3
20 2
20 3
20 2
20 3
21 3
21 2
21 1
22 1
22 0
22 1
22 2
22 1
22 2
22 3
22 4
22 5
23 5
23 4
23 5
24 5
24 4
25 4
25 3
25 2
25 1
24 1
24 2
24 3
25 3
25 4
26 4
27 4
26 4
27 4
26 4
25 4
25 5
24 5
24 6
24 7
24 8
25 8
25 7
25 6
24 6
24 7
24 6
24 7
25 7
25 6
24 6
24 5
24 6
24 7
23 7
22 7
21 7
21 8
21 9
21 8
22 8
21 8
20 8
19 8
18 8
18 9
18 10
18 11
18 10
18 9
17 9
17 10
16 10
17 10
17 11
17 10
16 10
16 9
17 9
17 8
18 8
17 8
17 9
17 8
17 9
18 9
18 10
19 10
19 11
19 10
19 11
19 10
20 10
20 9
20 10
20 11
20 12
20 13
20 14
20 13
20 14
20 13
21 13
21 12
21 11
20 11
20 10
21 10
22 10
22 9
22 10
22 9
23 9
23 10
24 10
24 11
23 11
23 12
22 12
23 12
22 12
22 11
21 11
22 11
23 11
23 12
22 12
21 12
21 11
20 11
21 11
22 11
22 12
22 11
22 10
21 10
20 10
21 10
22 10
23 10
24 10
23 10
22 10
23 10
23 11
24 11
25 11
25 12
26 12
26 11
26 12
26 11
25 11
25 12
25 11
26 11
26 10
26 9
25 9
25 10
24 10
23 10
23 11
23 10
24 10
25 10
24 10
23 10
24 10
24 11
23 11
22 11
23 11
23 12
23 13
22 13
21 13
20 13
20 12
20 11
19 11
20 11
20 12
19 12
19 11
20 11
20 10
20 11
20 10
21 10
22 10
23 10
23 9
22 9
22 8
22 7
21 7
20 7
20 8
20 9
20 10
21 10
20 10
19 10
18 10
18 11
17 11
17 12
17 11
18 11
17 11
18 11
18 10
19 10
20 10
19 10
19 9
20 9
19 9
19 10
19 9
18 9
18 10
18 9
19 9
20 9
20 10
20 11
19 11
19 12
19 11
18 11
18 10
18 9
17 9
17 10
18 10
18 9
17 9
16 9
17 9
17 10
17 11
17 10
17 9
16 9
16 8
16 7
17 7
17 8
16 8
16 7
16 8
17 8
16 8
15 8
15 7
16 7
15 7
15 8
15 9
15 10
16 10
15 10
15 9
16 9
17 9
17 8
17 7
18 7
19 7
19 8
18 8
18 9
17 9
17 8
17 7
18 7
17 7
18 7
18 8
18 7
18 6
18 5
18 6
18 7
18 6
18 7
19 7
19 6
20 6
19 6
19 7
20 7
20 8
20 7
19 7
20 7
19 7
19 8
19 7
19 8
18 8
18 9
19 9
18 9
18 10
19 10
18 10
18 9
18 8
17 8
17 9
18 9
17 9
18 9
19 9
19 10
19 11
19 12
20 12
20 13
20 14
21 14
22 14
22 15
23 15
24 15
24 14
24 15
23 15
24 15
23 15
24 15
24 16
25 16
24 16
24 17
23 17
23 16
23 17
23 18
23 17
24 17
24 16
24 17
25 17
26 17
26 18
27 18
27 19
27 20
27 21
28 21
28 20
28 21
28 20
28 19
29 19
28 19
28 18
29 18
28 18
28 19
27 19
28 19
27 19
28 19
28 18
28 19
27 19
26 19
26 20
26 21
25 21
26 21
26 22
27 22
26 22
27 22
26 22
26 23
26 24
25 24
24 24
24 25
