0 0
1 0
0 0
1 0
1 1
0 1
0 2
1 2
0 2
0 3
1 3
0 3
1 3
1 2
1 1
0 1
0 2
0 1
1 1
1 2
2 2
1 2
0 2
0 1
1 1
0 1
0 2
1 2
0 2
0 1
0 2
1 2
0 2
1 2
0 2
1 2
2 2
1 2
1 1
2 1
2 2
1 2
1 1
1 2
1 3
1 2
1 3
2 3
2 4
3 4
3 5
4 5
3 5
3 4
3 5
3 4
2 4
2 3
1 3
1 2
1 3
1 4
0 4
1 4
0 4
1 4
1 5
1 6
2 6
3 6
2 6
1 6
1 5
1 6
2 6
1 6
1 5
2 5
1 5
1 6
2 6
3 6
3 7
2 7
3 7
4 7
3 7
3 8
2 8
1 8
1 7
1 8
2 8
1 8
0 8
1 8
0 8
0 7
0 8
1 8
0 8
1 8
1 7
1 8
0 8
1 8
0 8
0 7
0 8
0 7
0 6
0 7
0 8
1 8
0 8
1 8
2 8
3 8
3 7
3 6
3 5
4 5
4 4
5 4
6 4
5 4
6 4
6 3
5 3
5 4
6 4
5 4
5 3
4 3
5 3
6 3
5 3
6 3
5 3
5 4
5 3
5 4
5 5
5 4
4 4
4 5
4 6
3 6
3 7
4 7
5 7
5 6
4 6
5 6
4 6
3 6
3 7
3 8
2 8
3 8
3 7
3 6
3 5
3 6
3 7
4 7
4 6
4 7
5 7
4 7
4 6
4 5
5 5
5 6
5 7
5 6
5 5
5 6
5 7
6 7
5 7
5 8
6 8
6 7
7 7
7 8
6 8
5 8
5 7
4 7
4 8
3 8
2 8
2 9
3 9
2 9
1 9
0 9
0 8
1 8
2 8
2 7
2 6
1 6
1 7
1 8
0 8
1 8
0 8
1 8
1 7
1 8
1 7
2 7
2 6
2 5
2 4
2 5
1 5
0 5
1 5
2 5
2 6
2 5
2 6
2 7
2 6
3 6
2 6
2 7
2 6
1 6
2 6
2 7
2 8
2 9
1 9
2 9
1 9
1 10
1 11
1 10
1 11
0 11
1 11
1 12
1 13
2 13
2 14
3 14
4 14
4 13
5 13
4 13
4 14
5 14
6 14
7 14
8 14
8 13
7 13
6 13
7 13
7 14
7 15
7 16
8 16
8 15
8 16
8 15
8 14
7 14
8 14
7 14
6 14
7 14
7 13
7 14
7 13
7 14
7 13
8 13
9 13
9 14
8 14
7 14
8 14
8 15
9 15
9 16
9 17
10 17
11 17
11 16
12 16
13 16
14 16
15 16
15 15
15 14
15 15
15 16
15 15
15 16
16 16
15 16
14 16
14 17
15 17
15 18
15 19
15 20
14 20
13 20
13 19
13 20
13 19
13 20
14 20
14 21
14 20
14 21
15 21
14 21
14 22
13 22
12 22
13 22
13 23
13 22
12 22
12 23
12 24
13 24
13 23
14 23
13 23
12 23
11 23
11 22
11 23
11 22
10 22
11 22
10 22
10 23
11 23
11 24
12 24
12 23
11 23
10 23
10 24
10 23
11 23
12 23
11 23
12 23
12 22
11 22
11 21
12 21
13 21
14 21
15 21
15 20
15 21
14 21
14 22
15 22
15 21
15 20
16 20
16 21
16 22
16 23
16 24
16 25
17 25
17 26
17 25
17 26
16 26
16 27
17 27
17 28
16 28
16 29
17 29
18 29
19 29
20 29
20 28
19 28
19 27
19 28
19 29
20 29
20 28
19 28
19 27
19 28
19 27
19 26
18 26
19 26
18 26
18 27
17 27
17 26
16 26
17 26
18 26
17 26
16 26
17 26
17 27
17 28
18 28
19 28
19 29
19 28
19 27
18 27
18 26
17 26
16 26
16 25
16 26
15 26
16 26
16 25
17 25
17 24
18 24
17 24
18 24
19 24
20 24
20 23
19 23
19 24
19 25
19 26
19 25
19 24
19 25
20 25
20 26
20 25
19 25
19 26
19 27
18 27
18 28
19 28
19 27
19 28
19 27
19 26
19 25
19 24
20 24
19 24
19 25
19 26
19 25
20 25
20 24
19 24
18 24
19 24
20 24
20 25
20 24
21 24
21 23
20 23
19 23
19 24
19 25
19 24
18 24
19 24
19 25
20 25
20 24
19 24
20 24
19 24
20 24
21 24
21 25
20 25
20 24
20 25
20 24
21 24
21 25
22 25
22 26
22 25
21 25
22 25
21 25
20 25
19 25
20 25
19 25
19 24
18 24
18 23
17 23
16 23
16 24
16 23
15 23
15 24
15 25
15 24
14 24
13 24
13 25
12 25
13 25
12 25
12 24
13 24
13 23
13 22
14 22
14 21
15 21
16 21
16 22
16 21
16 20
15 20
15 19
16 19
16 20
16 21
16 20
16 19
16 20
15 20
15 21
15 22
15 21
15 22
16 22
16 21
17 21
16 21
16 22
16 23
15 23
16 23
17 23
17 22
17 21
18 21
18 20
18 21
18 20
18 19
17 19
16 19
15 19
15 18
15 17
15 16
15 15
15 16
15 17
16 17
16 18
16 19
16 18
17 18
17 17
18 17
18 16
17 16
17 17
17 16
18 16
18 15
18 16
18 17
19 17
19 18
19 19
19 20
19 21
19 22
20 22
20 21
20 22
19 22
18 22
18 23
17 23
16 23
16 24
16 25
16 26
15 26
16 26
15 26
15 27
16 27
16 28
17 28
16 28
16 29
16 30
15 30
15 31
15 32
16 32
16 33
17 33
17 34
17 33
17 34
18 34
18 35
18 34
18 35
17 35
17 34
17 33
17 34
18 34
18 33
19 33
19 32
18 32
18 33
18 34
17 34
18 34
19 34
20 34
20 33
20 32
20 31
21 31
21 32
22 32
22 33
21 33
22 33
23 33
23 32
23 33
23 32
23 33
23 34
23 35
22 35
23 35
23 36
23 37
22 37
22 38
22 39
22 38
23 38
23 37
22 37
21 37
21 36
20 36
19 36
19 37
19 36
19 37
19 38
20 38
19 38
18 38
17 38
18 38
19 38
19 37
19 38
18 38
18 39
19 39
18 39
18 40
18 41
18 40
19 40
20 40
20 41
21 41
21 42
21 43
21 44
20 44
20 45
20 44
19 44
19 43
18 43
18 44
18 45
18 46
18 45
18 46
19 46
18 46
18 45
18 46
17 46
18 46
19 46
19 47
19 48
19 47
19 48
20 48
19 48
20 48
20 47
21 47
22 47
23 47
24 47
24 46
24 45
24 44
24 45
23 45
23 44
24 44
23 44
24 44
24 43
24 44
24 43
24 42
24 43
25 43
24 43
24 42
23 42
22 42
22 43
21 43
22 43
21 43
21 44
21 45
21 46
20 46
21 46
21 47
21 48
21 49
22 49
22 50
22 49
22 48
23 48
23 49
23 50
23 51
22 51
22 52
22 53
21 53
21 52
21 53
20 53
19 53
20 53
21 53
21 52
21 51
22 51
23 51
23 50
23 49
23 50
23 51
23 50
22 50
21 50
22 50
22 49
22 48
22 47
21 47
21 46
22 46
22 47
23 47
24 47
23 47
24 47
25 47
26 47
27 47
27 46
27 45
26 45
27 45
26 45
26 46
25 46
25 47
26 47
25 47
25 48
24 48
25 48
25 49
25 48
25 49
24 49
23 49
23 50
24 50
24 51
24 50
24 51
25 51
25 52
26 52
27 52
27 51
27 50
26 50
26 49
26 48
26 49
27 49
27 48
27 47
27 48
27 49
26 49
26 50
26 51
26 50
25 50
25 49
26 49
26 48
26 47
25 47
25 48
25 49
24 49
24 48
23 48
22 48
22 47
22 46
22 45
23 45
22 45
22 46
23 46
23 45
22 45
21 45
21 46
21 47
21 48
21 49
21 50
21 49
21 48
20 48
20 49
20 48
20 47
19 47
19 48
19 49
20 49
21 49
21 50
21 49
22 49
21 49
20 49
20 48
21 48
21 47
21 48
22 48
21 48
22 48
22 47
22 46
21 46
21 47
21 46
22 46
23 46
22 46
21 46
20 46
20 47
21 47
21 46
21 47
21 46
21 45
21 46
21 45
22 45
23 45
23 44
23 45
23 44
24 44
24 45
24 44
25 44
24 44
25 44
25 43
26 43
25 43
26 43
26 44
26 43
26 44
26 45
26 44
25 44
25 45
24 45
24 46
25 46
26 46
25 46
26 46
26 45
26 44
25 44
24 44
25 44
24 44
24 45
25 45
24 45
24 44
25 44
25 43
25 44
25 45
25 46
24 46
24 47
24 48
25 48
25 49
25 50
25 51
26 51
25 51
25 50
25 49
25 48
26 48
26 47
26 46
27 46
27 47
27 46
26 46
25 46
25 45
25 44
26 44
25 44
25 43
25 42
25 41
25 42
25 43
24 43
24 44
25 44
25 45
26 45
27 45
28 45
27 45
27 46
28 46
29 46
