0 0
1 0
2 0
2 1
1 1
1 2
2 2
2 3
1 3
1 2
1 3
2 3
2 4
1 4
2 4
2 3
2 2
1 2
1 3
2 3
2 2
2 1
2 0
3 0
2 0
2 1
2 0
2 1
2 2
2 3
1 3
2 3
2 4
1 4
2 4
2 3
2 2
3 2
3 3
3 4
2 4
2 3
3 3
3 4
4 4
5 4
6 4
6 5
6 4
5 4
4 4
4 5
5 5
4 5
5 5
6 5
7 5
7 6
8 6
8 5
8 6
8 5
8 6
8 5
9 5
10 5
10 4
10 5
11 5
10 5
10 6
11 6
10 6
10 5
10 4
9 4
8 4
8 5
7 5
6 5
7 5
8 5
7 5
7 6
6 6
5 6
5 5
5 4
6 4
5 4
5 5
6 5
7 5
8 5
8 4
8 5
8 6
8 7
9 7
8 7
9 7
8 7
8 6
8 5
9 5
8 5
9 5
8 5
8 4
9 4
9 3
9 2
9 1
8 1
9 1
9 0
9 1
9 2
9 3
9 4
8 4
7 4
6 4
7 4
7 5
7 6
8 6
7 6
7 7
8 7
7 7
8 7
8 8
8 7
7 7
7 8
8 8
7 8
6 8
6 7
6 8
6 9
7 9
7 8
7 7
7 6
6 6
6 5
6 4
6 3
7 3
7 4
7 5
7 6
6 6
7 6
8 6
8 7
8 8
8 7
8 6
8 7
8 8
8 7
7 7
8 7
8 8
7 8
8 8
8 7
7 7
7 6
8 6
8 7
7 7
8 7
8 6
9 6
9 5
9 4
9 5
10 5
11 5
11 6
11 7
11 6
12 6
12 7
12 6
13 6
13 7
12 7
13 7
13 6
14 6
15 6
16 6
16 5
16 4
16 5
15 5
14 5
14 6
15 6
16 6
16 5
15 5
14 5
15 5
16 5
16 4
15 4
16 4
15 4
15 5
16 5
16 6
16 7
16 6
16 7
16 6
17 6
17 5
17 4
16 4
15 4
15 5
15 6
16 6
17 6
18 6
17 6
17 7
18 7
18 6
19 6
20 6
20 5
20 6
19 6
18 6
18 5
18 6
19 6
20 6
21 6
20 6
20 5
20 6
20 5
21 5
20 5
21 5
20 5
19 5
20 5
19 5
19 6
19 5
18 5
19 5
19 4
20 4
21 4
22 4
22 5
22 6
21 6
21 7
22 7
22 6
23 6
22 6
22 7
23 7
22 7
23 7
22 7
21 7
21 6
20 6
19 6
20 6
20 5
20 4
19 4
18 4
18 5
18 4
19 4
19 3
19 4
19 5
18 5
17 5
18 5
18 6
17 6
16 6
16 5
15 5
14 5
13 5
14 5
15 5
14 5
14 4
15 4
16 4
15 4
15 5
14 5
14 4
15 4
16 4
15 4
14 4
14 5
14 6
14 7
13 7
13 8
14 8
13 8
13 7
14 7
14 8
13 8
12 8
11 8
10 8
11 8
11 9
10 9
11 9
11 8
11 9
10 9
9 9
8 9
9 9
9 10
8 10
8 11
8 12
8 13
7 13
7 14
6 14
6 15
6 16
5 16
5 15
4 15
3 15
2 15
2 16
1 16
2 16
2 15
2 14
3 14
4 14
4 13
4 12
5 12
4 12
4 11
3 11
3 10
3 11
3 10
2 10
1 10
1 9
1 8
1 7
1 8
1 9
1 8
0 8
1 8
2 8
2 7
3 7
3 6
4 6
5 6
5 5
5 6
4 6
4 7
4 8
4 7
5 7
4 7
4 8
5 8
5 7
5 6
6 6
7 6
7 5
8 5
8 4
9 4
9 3
10 3
11 3
11 4
11 5
12 5
12 6
12 5
12 4
11 4
10 4
10 5
10 6
11 6
11 5
10 5
10 4
10 5
11 5
12 5
12 6
11 6
11 7
11 8
11 9
10 9
9 9
8 9
8 10
8 9
7 9
7 10
8 10
8 9
7 9
7 8
7 7
8 7
8 6
7 6
7 5
6 5
7 5
8 5
9 5
9 6
8 6
8 7
8 6
9 6
10 6
10 7
11 7
11 6
11 7
11 6
11 5
11 6
11 7
10 7
10 6
11 6
11 7
12 7
12 6
13 6
13 7
13 8
13 7
13 8
13 7
13 6
13 7
12 7
12 8
12 9
11 9
10 9
10 8
9 8
8 8
9 8
10 8
11 8
12 8
12 9
12 8
11 8
11 7
10 7
10 8
10 7
10 6
11 6
12 6
12 5
12 6
11 6
10 6
10 7
11 7
11 8
11 7
11 8
11 7
12 7
13 7
14 7
13 7
14 7
14 8
14 9
14 8
14 7
13 7
12 7
11 7
10 7
11 7
11 8
11 7
10 7
10 6
9 6
9 7
10 7
9 7
9 8
9 7
10 7
10 8
11 8
10 8
10 9
10 8
9 8
8 8
8 7
7 7
8 7
7 7
8 7
8 6
8 5
7 5
6 5
5 5
4 5
3 5
4 5
3 5
3 4
2 4
3 4
4 4
3 4
2 4
2 5
1 5
1 4
2 4
2 5
3 5
2 5
2 6
3 6
2 6
2 5
3 5
2 5
2 4
3 4
4 4
4 3
3 3
3 4
4 4
4 3
4 4
4 3
5 3
4 3
4 4
3 4
4 4
3 4
4 4
3 4
3 5
4 5
4 4
4 3
3 3
3 4
2 4
2 3
1 3
1 4
2 4
2 3
2 4
2 5
2 6
1 6
1 7
1 6
0 6
1 6
0 6
0 7
1 7
1 6
1 7
2 7
3 7
2 7
2 6
2 7
2 8
1 8
2 8
3 8
3 7
4 7
4 6
4 5
4 6
4 7
4 8
5 8
6 8
7 8
8 8
8 9
7 9
7 8
7 9
7 8
8 8
8 7
9 7
9 8
8 8
7 8
7 9
6 9
7 9
8 9
8 8
8 9
8 8
7 8
7 7
8 7
9 7
10 7
11 7
12 7
13 7
14 7
13 7
12 7
13 7
14 7
13 7
12 7
12 6
12 5
12 6
13 6
13 7
13 8
14 8
13 8
13 7
14 7
15 7
16 7
15 7
15 6
14 6
14 7
15 7
15 6
15 7
15 6
14 6
15 6
15 7
15 8
15 7
16 7
15 7
15 8
14 8
14 9
14 10
15 10
16 10
16 9
16 8
15 8
16 8
16 9
16 8
16 9
17 9
16 9
17 9
16 9
16 10
17 10
17 11
18 11
18 12
18 11
18 12
18 13
19 13
18 13
17 13
17 14
17 15
18 15
17 15
18 15
19 15
19 14
18 14
17 14
16 14
16 15
15 15
16 15
16 16
16 17
16 18
16 19
16 20
17 20
17 21
18 21
18 22
18 23
17 23
18 23
18 22
19 22
19 23
19 24
19 23
20 23
20 22
20 23
21 23
21 24
21 23
21 24
21 25
20 25
20 26
21 26
22 26
23 26
22 26
21 26
20 26
19 26
19 27
19 26
20 26
19 26
19 27
19 26
19 27
19 26
20 26
19 26
19 25
18 25
19 25
18 25
18 24
18 23
19 23
19 24
18 24
18 25
18 24
19 24
19 23
19 24
18 24
19 24
18 24
18 23
18 22
17 22
18 22
18 23
18 24
18 25
18 26
19 26
18 26
18 25
18 26
17 26
18 26
18 25
18 24
18 25
18 24
18 23
18 22
18 23
19 23
19 22
19 23
20 23
20 24
20 23
20 22
20 23
20 22
21 22
20 22
21 22
20 22
21 22
21 23
21 24
20 24
20 23
20 24
20 25
21 25
21 26
22 26
23 26
23 27
22 27
21 27
21 26
20 26
19 26
19 27
20 27
20 28
19 28
18 28
17 28
17 29
16 29
15 29
16 29
16 30
16 31
16 30
16 29
16 30
15 30
15 31
16 31
16 32
15 32
14 32
15 32
15 33
15 32
15 33
14 33
15 33
15 34
15 35
15 36
14 36
14 37
14 36
14 37
13 37
13 38
13 39
14 39
15 39
14 39
14 40
15 40
15 41
16 41
16 40
16 39
16 38
17 38
17 39
18 39
18 38
18 37
17 37
17 38
17 39
17 40
16 40
16 39
17 39
17 38
18 38
18 37
18 36
18 37
18 36
17 36
17 35
17 34
18 34
19 34
20 34
20 35
21 35
20 35
21 35
22 35
23 35
24 35
24 36
24 35
24 34
25 34
25 33
24 33
24 32
24 33
24 32
23 32
22 32
22 33
22 34
22 33
21 33
20 33
20 32
19 32
19 33
19 34
19 35
18 35
18 36
19 36
20 36
21 36
22 36
23 36
23 35
22 35
23 35
22 35
21 35
21 34
22 34
22 33
21 33
20 33
21 33
22 33
22 34
23 34
23 33
23 34
24 34
24 35
25 35
26 35
26 34
25 34
26 34
26 35
27 35
27 36
28 36
27 36
27 37
26 37
25 37
25 36
24 36
23 36
24 36
25 36
25 35
26 35
25 35
25 36
25 35
24 35
