0 0
0 1
1 1
0 1
0 0
0 1
1 1
2 1
2 2
1 2
0 2
0 3
1 3
2 3
2 2
1 2
1 3
2 3
2 4
3 4
4 4
4 5
4 6
4 7
3 7
2 7
3 7
4 7
3 7
4 7
4 6
4 5
3 5
4 5
3 5
2 5
3 5
3 4
3 5
2 5
2 4
2 3
2 2
2 3
3 3
3 4
4 4
3 4
2 4
3 4
3 5
3 4
4 4
4 3
4 2
5 2
5 1
4 1
3 1
4 1
4 2
3 2
3 1
4 1
5 1
4 1
3 1
3 2
4 2
4 1
4 0
4 1
5 1
6 1
6 2
5 2
5 3
4 3
5 3
4 3
4 2
4 1
4 2
4 3
4 4
3 4
2 4
2 5
1 5
1 6
2 6
3 6
2 6
2 7
2 8
2 7
2 6
2 5
1 5
1 4
0 4
1 4
0 4
0 3
0 2
0 1
0 2
0 1
0 2
1 2
1 3
1 4
1 5
1 6
0 6
1 6
0 6
1 6
1 7
1 8
2 8
2 7
1 7
2 7
2 8
3 8
3 9
3 10
3 9
4 9
4 8
3 8
2 8
1 8
2 8
2 7
3 7
4 7
5 7
5 6
5 7
5 6
6 6
7 6
7 7
7 8
7 9
7 8
7 9
6 9
5 9
6 9
7 9
8 9
8 10
8 11
7 11
6 11
6 12
7 12
6 12
6 13
5 13
5 14
5 13
5 14
6 14
7 14
6 14
6 13
7 13
8 13
7 13
7 12
6 12
7 12
8 12
8 13
8 12
9 12
8 12
8 11
7 11
7 12
8 12
9 12
9 13
8 13
8 14
8 15
8 14
9 14
9 13
9 14
9 15
9 14
9 15
9 16
9 15
9 16
8 16
7 16
7 17
6 17
7 17
7 16
8 16
8 15
7 15
8 15
7 15
7 16
7 17
6 17
6 18
6 17
7 17
7 18
6 18
7 18
6 18
5 18
4 18
3 18
3 17
4 17
4 16
3 16
2 16
2 15
1 15
0 15
0 14
1 14
1 15
2 15
1 15
2 15
3 15
3 14
2 14
2 15
3 15
2 15
2 16
3 16
4 16
5 16
5 17
5 18
5 17
6 17
7 17
7 18
7 19
8 19
8 20
7 20
7 21
8 21
8 20
8 21
7 21
8 21
9 21
9 20
10 20
11 20
11 19
12 19
11 19
11 20
12 20
11 20
11 19
12 19
13 19
12 19
11 19
11 20
10 20
11 20
12 20
12 21
12 20
11 20
11 21
11 22
11 23
12 23
12 22
12 23
12 22
12 21
12 20
11 20
10 20
11 20
11 19
11 20
11 19
12 19
11 19
11 20
10 20
10 21
11 21
12 21
13 21
12 21
11 21
10 21
11 21
11 22
11 23
12 23
13 23
13 22
13 21
13 20
12 20
11 20
11 19
11 18
11 19
11 20
11 21
12 21
11 21
11 20
10 20
10 19
11 19
12 19
12 18
12 17
12 16
12 17
12 18
12 19
12 18
11 18
11 17
11 18
11 19
11 20
11 21
10 21
9 21
10 21
9 21
9 20
10 20
10 21
10 20
10 21
10 20
9 20
9 21
9 20
9 21
9 22
9 23
9 24
8 24
7 24
7 23
6 23
7 23
7 22
7 23
6 23
6 24
6 25
5 25
6 25
7 25
8 25
9 25
10 25
9 25
9 26
9 25
10 25
11 25
12 25
13 25
14 25
14 24
14 23
14 24
15 24
15 25
15 26
16 26
16 27
17 27
17 26
17 27
16 27
17 27
16 27
15 27
15 26
15 25
16 25
16 26
16 27
15 27
15 28
14 28
13 28
14 28
15 28
16 28
15 28
16 28
15 28
15 29
14 29
13 29
12 29
12 28
13 28
14 28
13 28
13 27
13 26
12 26
11 26
10 26
10 25
10 24
11 24
11 23
12 23
13 23
13 22
14 22
15 22
14 22
13 22
12 22
13 22
13 21
12 21
11 21
11 20
10 20
11 20
11 21
12 21
12 22
13 22
14 22
13 22
14 22
13 22
13 21
13 22
13 21
13 22
13 21
13 20
14 20
15 20
15 21
15 22
15 23
15 24
16 24
15 24
14 24
13 24
12 24
11 24
10 24
10 23
9 23
9 24
8 24
9 24
10 24
11 24
11 23
11 22
11 23
12 23
12 22
11 22
11 23
11 24
12 24
12 23
11 23
11 22
11 21
10 21
11 21
10 21
10 20
10 21
10 22
11 22
11 21
11 22
11 23
11 24
10 24
11 24
10 24
10 25
11 25
12 25
12 24
12 25
12 26
13 26
14 26
13 26
14 26
14 27
13 27
12 27
12 26
12 27
12 26
11 26
11 25
11 24
12 24
11 24
11 23
12 23
12 24
12 25
11 25
11 26
12 26
12 25
13 25
14 25
14 24
14 25
14 26
15 26
15 27
15 26
16 26
17 26
16 26
16 27
15 27
15 26
16 26
16 27
16 28
16 29
16 28
15 28
15 27
14 27
14 28
14 29
15 29
15 30
16 30
15 30
16 30
17 30
17 31
17 32
18 32
18 33
19 33
19 32
20 32
21 32
21 33
21 32
22 32
23 32
23 33
23 32
22 32
21 32
22 32
23 32
24 32
25 32
24 32
24 31
24 30
25 30
26 30
26 29
26 30
26 29
26 28
26 27
26 26
27 26
26 26
26 25
26 26
25 26
25 25
25 26
25 27
26 27
26 28
27 28
26 28
25 28
26 28
26 29
26 28
25 28
26 28
25 28
24 28
23 28
24 28
25 28
25 29
25 28
24 28
24 27
23 27
23 26
22 26
22 25
23 25
22 25
21 25
22 25
21 25
21 26
21 25
22 25
21 25
21 26
22 26
22 25
22 26
23 26
23 25
22 25
22 24
22 23
23 23
22 23
21 23
21 24
20 24
20 23
20 24
20 25
20 26
20 27
20 26
19 26
19 25
18 25
19 25
19 24
19 23
19 22
20 22
19 22
20 22
19 22
19 23
19 24
20 24
20 25
20 24
20 25
21 25
20 25
20 24
19 24
18 24
19 24
19 25
19 26
19 27
19 26
20 26
20 25
19 25
18 25
18 26
19 26
20 26
19 26
19 25
19 24
18 24
18 23
18 24
18 23
17 23
16 23
15 23
15 24
16 24
16 23
15 23
15 22
16 22
16 21
17 21
17 20
17 21
18 21
19 21
19 22
20 22
20 23
20 22
20 21
19 21
18 21
18 20
18 19
17 19
16 19
17 19
16 19
16 18
16 19
16 20
16 21
15 21
14 21
14 20
13 20
12 20
13 20
12 20
13 20
14 20
14 21
13 21
12 21
12 20
11 20
11 19
11 20
12 20
12 19
13 19
14 19
15 19
14 19
14 18
14 19
14 20
14 19
15 19
14 19
14 20
14 21
13 21
12 21
12 20
11 20
12 20
13 20
13 19
12 19
13 19
13 20
14 20
13 20
14 20
13 20
12 20
13 20
13 19
13 18
12 18
12 19
11 19
12 19
11 19
11 18
11 19
12 19
11 19
11 20
11 19
10 19
10 18
10 19
9 19
9 18
9 17
10 17
10 18
11 18
11 17
11 16
12 16
11 16
11 17
11 16
11 17
11 16
11 15
11 14
12 14
12 15
13 15
13 16
13 15
13 14
12 14
12 15
12 14
13 14
14 14
14 15
13 15
13 14
14 14
13 14
13 13
14 13
13 13
13 14
14 14
14 13
14 12
14 11
13 11
13 10
13 9
12 9
12 8
12 7
12 6
11 6
12 6
12 5
12 6
12 7
13 7
13 8
12 8
12 9
12 8
12 7
12 6
13 6
13 5
12 5
12 4
11 4
11 3
10 3
10 4
11 4
11 3
10 3
10 4
10 5
10 6
10 5
11 5
10 5
11 5
10 5
10 6
10 5
10 4
9 4
9 5
9 6
8 6
9 6
9 7
10 7
10 6
10 5
11 5
12 5
12 6
13 6
14 6
14 7
15 7
14 7
14 8
13 8
13 9
13 8
13 7
12 7
12 8
11 8
11 7
12 7
13 7
13 8
13 7
13 8
13 7
12 7
13 7
12 7
12 6
12 7
12 8
13 8
13 7
14 7
15 7
14 7
15 7
14 7
14 8
13 8
14 8
13 8
12 8
12 9
13 9
13 8
13 9
13 8
14 8
14 7
13 7
13 8
13 7
13 6
14 6
15 6
16 6
17 6
16 6
16 5
15 5
15 6
16 6
16 5
15 5
15 4
15 5
14 5
15 5
15 6
15 7
15 8
15 9
15 10
16 10
15 10
14 10
14 9
15 9
16 9
16 8
15 8
15 7
15 8
15 9
14 9
14 8
15 8
16 8
15 8
15 9
14 9
14 10
14 9
14 8
15 8
15 9
16 9
16 10
17 10
16 10
16 11
17 11
16 11
17 11
17 10
17 11
17 10
18 10
18 11
19 11
19 10
19 11
19 10
19 11
20 11
