0 0
1 0
0 0
1 0
1 1
1 2
2 2
2 1
2 0
2 1
1 1
1 2
2 2
1 2
0 2
0 1
1 1
1 2
1 3
1 2
1 3
1 4
2 4
2 3
1 3
1 2
1 1
2 1
1 1
2 1
3 1
4 1
4 0
4 1
4 0
4 1
5 1
5 0
6 0
6 1
7 1
7 2
7 1
7 2
8 2
9 2
8 2
8 3
8 4
7 4
6 4
6 5
5 5
4 5
3 5
3 4
2 4
1 4
1 5
0 5
0 6
0 5
0 4
1 4
2 4
3 4
3 3
3 2
3 3
2 3
1 3
1 2
1 1
1 2
0 2
1 2
1 3
0 3
1 3
0 3
0 4
1 4
1 5
1 6
1 7
0 7
1 7
2 7
3 7
3 8
2 8
3 8
3 9
2 9
1 9
1 8
0 8
0 9
0 10
0 11
1 11
2 11
2 10
3 10
2 10
2 11
1 11
1 10
2 10
1 10
1 11
1 10
1 11
1 10
2 10
1 10
0 10
1 10
2 10
2 11
2 10
3 10
4 10
4 9
4 8
4 9
5 9
4 9
3 9
3 8
3 9
3 10
3 9
3 10
2 10
2 11
2 10
3 10
4 10
5 10
6 10
5 10
5 11
5 12
4 12
4 13
5 13
5 12
4 12
4 13
5 13
5 12
5 11
5 10
6 10
6 9
7 9
7 8
7 9
7 8
8 8
8 9
8 10
8 9
7 9
6 9
7 9
8 9
8 8
9 8
10 8
10 9
10 10
11 10
12 10
12 9
12 10
11 10
11 9
11 10
12 10
12 9
12 10
13 10
13 11
14 11
13 11
14 11
13 11
13 10
13 11
13 10
12 10
13 10
13 11
13 12
13 13
12 13
13 13
14 13
14 14
14 13
14 12
14 11
13 11
14 11
14 12
14 11
14 10
13 10
13 11
13 12
13 11
14 11
15 11
14 11
13 11
13 12
13 13
14 13
14 14
15 14
15 15
15 14
15 15
16 15
16 16
15 16
15 17
15 16
15 15
16 15
16 16
15 16
16 16
16 17
16 16
16 15
16 16
17 16
16 16
16 17
16 18
16 19
16 18
16 17
16 18
16 17
16 18
17 18
16 18
16 19
17 19
17 20
18 20
18 19
18 18
18 17
18 18
17 18
17 19
18 19
18 18
18 17
17 17
17 16
16 16
15 16
15 17
16 17
16 18
16 17
16 16
17 16
17 17
16 17
16 16
15 16
15 15
15 14
14 14
14 13
14 14
14 15
15 15
16 15
16 14
16 13
17 13
18 13
18 12
18 11
17 11
16 11
17 11
16 11
16 10
15 10
16 10
15 10
14 10
15 10
15 11
15 10
16 10
16 11
16 12
16 11
17 11
18 11
17 11
17 12
18 12
18 13
18 12
19 12
19 13
20 13
20 14
19 14
20 14
20 15
19 15
19 14
20 14
20 15
19 15
19 14
19 13
18 13
18 14
18 13
19 13
19 14
19 15
19 14
20 14
20 15
21 15
21 16
20 16
20 15
20 14
19 14
18 14
18 13
18 14
18 15
19 15
19 14
20 14
20 13
19 13
19 12
18 12
18 11
17 11
17 12
16 12
16 13
16 14
17 14
18 14
17 14
17 15
18 15
19 15
18 15
18 16
18 17
18 18
17 18
18 18
18 17
18 18
18 17
19 17
20 17
20 16
20 17
19 17
19 18
19 19
19 20
18 20
18 21
19 21
18 21
17 21
18 21
18 20
17 20
17 21
18 21
19 21
19 22
18 22
19 22
20 22
20 21
19 21
19 20
20 20
20 19
20 20
20 21
20 20
21 20
20 20
21 20
21 19
20 19
19 19
18 19
18 18
17 18
18 18
18 19
18 20
18 21
19 21
19 20
19 21
19 22
19 23
19 24
19 25
20 25
19 25
19 26
19 27
18 27
19 27
19 28
19 29
19 30
18 30
18 31
18 30
19 30
19 31
20 31
19 31
19 30
20 30
20 31
20 32
20 33
19 33
19 34
19 33
20 33
21 33
20 33
21 33
20 33
19 33
20 33
21 33
20 33
19 33
18 33
18 34
19 34
18 34
19 34
19 35
20 35
20 34
19 34
19 33
20 33
19 33
19 34
18 34
18 33
18 32
19 32
20 32
21 32
21 31
21 32
22 32
22 31
21 31
22 31
22 32
22 31
21 31
22 31
22 32
21 32
22 32
22 33
22 32
22 31
22 32
22 33
22 34
22 33
21 33
21 32
21 33
20 33
20 32
19 32
19 33
18 33
18 34
18 33
17 33
16 33
15 33
15 34
14 34
15 34
14 34
14 33
13 33
13 34
14 34
14 33
15 33
15 32
15 33
15 34
15 35
15 34
15 35
16 35
15 35
16 35
15 35
16 35
16 34
16 35
17 35
17 34
17 33
18 33
17 33
17 32
17 33
18 33
17 33
17 32
16 32
16 31
16 30
15 30
14 30
15 30
15 31
14 31
14 32
14 31
13 31
12 31
12 30
13 30
12 30
13 30
13 29
13 28
13 27
13 28
12 28
12 27
11 27
12 27
12 28
12 29
11 29
11 30
11 29
11 30
11 31
11 30
12 30
12 31
11 31
11 32
10 32
11 32
11 33
10 33
11 33
10 33
10 32
11 32
11 31
10 31
11 31
12 31
12 32
13 32
13 31
13 30
14 30
13 30
14 30
14 31
13 31
14 31
14 32
15 32
15 31
16 31
17 31
16 31
15 31
15 32
14 32
14 33
14 32
15 32
15 31
14 31
14 32
13 32
12 32
12 31
13 31
13 32
14 32
14 33
14 32
14 31
13 31
12 31
13 31
14 31
15 31
14 31
13 31
14 31
14 32
14 33
14 34
13 34
12 34
12 35
12 34
11 34
10 34
10 35
9 35
9 34
10 34
10 33
9 33
9 32
8 32
8 31
8 32
9 32
9 31
10 31
10 32
11 32
12 32
11 32
12 32
12 33
12 34
11 34
11 35
10 35
10 36
10 37
11 37
10 37
10 36
9 36
8 36
8 35
7 35
7 34
6 34
5 34
5 33
5 34
6 34
6 35
6 36
6 35
6 34
7 34
7 33
6 33
6 34
6 35
5 35
4 35
4 34
4 35
4 36
5 36
6 36
7 36
7 35
6 35
6 36
7 36
7 35
7 36
8 36
8 37
8 36
7 36
7 37
6 37
6 36
6 37
7 37
8 37
9 37
9 36
9 37
10 37
11 37
10 37
10 38
9 38
9 37
9 38
9 37
9 36
8 36
7 36
7 35
8 35
8 36
8 35
8 36
8 37
8 36
8 35
8 34
9 34
10 34
10 35
10 36
10 37
11 37
11 38
10 38
10 39
9 39
10 39
11 39
10 39
9 39
9 38
9 39
9 40
9 41
9 42
8 42
7 42
6 42
6 43
5 43
5 42
6 42
6 43
5 43
4 43
4 44
4 45
4 46
4 47
4 48
3 48
3 49
4 49
4 50
5 50
4 50
5 50
5 51
6 51
6 50
7 50
8 50
8 51
8 50
8 49
9 49
8 49
8 48
9 48
10 48
9 48
10 48
10 47
10 46
10 45
11 45
10 45
10 44
9 44
8 44
7 44
7 43
7 44
7 43
8 43
7 43
7 42
7 41
6 41
5 41
4 41
4 42
4 43
4 44
3 44
3 45
3 44
4 44
4 43
4 44
5 44
5 43
6 43
6 44
7 44
8 44
7 44
8 44
7 44
7 43
8 43
7 43
7 42
6 42
5 42
6 42
6 43
5 43
5 44
5 45
4 45
4 46
5 46
5 47
5 46
5 47
5 46
5 45
6 45
6 46
6 45
7 45
6 45
6 44
6 43
6 44
6 45
6 46
7 46
6 46
5 46
5 45
6 45
6 46
6 45
5 45
4 45
3 45
3 46
4 46
5 46
5 45
5 46
6 46
7 46
8 46
9 46
9 45
8 45
9 45
9 46
9 45
10 45
11 45
10 45
9 45
10 45
9 45
9 46
9 45
10 45
10 44
9 44
9 43
9 44
9 43
9 42
9 41
8 41
8 42
7 42
8 42
8 41
8 42
7 42
7 43
6 43
6 44
6 43
7 43
6 43
6 44
5 44
5 43
5 44
6 44
7 44
7 43
6 43
6 42
6 43
6 42
6 43
6 44
7 44
6 44
6 43
6 44
7 44
7 43
7 42
8 42
8 43
8 44
7 44
7 43
7 42
6 42
6 43
7 43
8 43
8 44
8 43
7 43
8 43
7 43
7 44
7 43
6 43
7 43
7 42
7 41
7 42
6 42
5 42
6 42
6 43
6 44
5 44
5 43
6 43
5 43
6 43
7 43
7 42
8 42
8 41
7 41
7 40
7 39
7 40
8 40
8 41
9 41
9 42
8 42
8 43
8 42
7 42
7 41
6 41
6 40
7 40
7 41
8 41
9 41
10 41
9 41
9 40
9 39
9 40
9 41
9 40
8 40
9 40
8 40
9 40
