0 0
0 1
0 2
1 2
1 1
1 2
1 3
1 2
1 3
0 3
0 4
1 4
2 4
1 4
1 3
2 3
2 4
2 5
2 4
2 3
3 3
2 3
1 3
1 4
1 5
0 5
1 5
2 5
3 5
3 6
2 6
2 7
1 7
0 7
1 7
1 6
1 5
2 5
2 6
2 5
3 5
2 5
1 5
0 5
0 4
1 4
2 4
2 3
3 3
3 4
3 3
4 3
5 3
5 2
6 2
7 2
7 3
6 3
7 3
7 2
8 2
8 1
7 1
6 1
6 2
6 3
6 2
6 1
6 0
7 0
6 0
7 0
7 1
7 2
7 3
7 2
7 1
6 1
7 1
7 2
8 2
8 3
9 3
8 3
8 4
8 3
9 3
10 3
9 3
9 2
9 3
10 3
10 4
9 4
10 4
9 4
9 5
8 5
9 5
9 6
8 6
7 6
7 5
7 6
8 6
7 6
6 6
5 6
6 6
6 7
5 7
5 8
5 7
5 8
4 8
3 8
4 8
3 8
3 9
3 10
3 11
3 12
3 11
4 11
5 11
4 11
4 10
5 10
5 11
5 12
5 13
5 14
6 14
6 15
5 15
4 15
5 15
6 15
6 16
6 17
5 17
4 17
3 17
3 16
3 17
3 16
4 16
5 16
4 16
4 15
4 16
4 17
3 17
3 18
4 18
5 18
5 19
6 19
6 20
6 19
7 19
7 18
6 18
6 17
5 17
5 16
5 15
5 14
5 15
5 14
5 13
6 13
6 14
7 14
8 14
9 14
9 13
10 13
10 14
11 14
11 15
11 16
10 16
9 16
8 16
8 15
9 15
9 14
9 15
10 15
11 15
12 15
12 16
12 15
11 15
11 14
11 15
11 16
11 17
11 16
12 16
12 17
12 18
12 19
12 20
13 20
14 20
14 19
14 18
13 18
12 18
12 19
12 18
13 18
14 18
14 17
14 18
13 18
13 19
13 20
13 19
13 20
12 20
12 19
13 19
12 19
13 19
13 18
13 17
14 17
14 18
14 19
14 20
14 19
15 19
15 20
15 21
14 21
13 21
14 21
15 21
16 21
16 22
16 21
15 21
14 21
15 21
15 22
14 22
14 23
15 23
14 23
13 23
13 22
13 21
13 22
13 21
12 21
13 21
13 22
13 23
12 23
12 22
12 21
11 21
10 21
11 21
11 22
11 23
10 23
10 22
11 22
10 22
9 22
10 22
11 22
11 23
10 23
9 23
8 23
9 23
8 23
7 23
7 24
7 23
7 22
8 22
7 22
7 23
8 23
7 23
6 23
6 22
7 22
7 21
7 20
6 20
6 19
6 18
7 18
6 18
7 18
7 17
6 17
7 17
7 18
6 18
7 18
6 18
6 17
7 17
8 17
7 17
7 16
8 16
9 16
9 17
10 17
11 17
12 17
13 17
12 17
13 17
12 17
12 18
12 17
13 17
12 17
12 16
13 16
13 17
13 16
14 16
14 17
13 17
12 17
13 17
14 17
13 17
13 18
13 19
14 19
14 18
13 18
13 19
13 18
14 18
14 19
13 19
14 19
14 18
13 18
13 19
13 18
14 18
15 18
15 17
15 16
16 16
15 16
15 15
14 15
14 14
14 13
14 12
14 13
13 13
13 12
12 12
12 13
12 12
13 12
12 12
12 11
12 12
12 11
12 12
12 11
12 12
12 11
11 11
11 10
11 9
10 9
10 8
11 8
12 8
12 9
12 10
12 9
12 8
11 8
11 9
11 10
11 11
11 10
10 10
10 11
10 12
11 12
10 12
10 13
10 14
9 14
9 15
9 16
10 16
11 16
12 16
13 16
14 16
15 16
14 16
14 17
13 17
13 18
13 17
13 18
13 19
13 18
13 17
14 17
13 17
12 17
12 18
11 18
11 19
11 20
11 19
12 19
11 19
11 20
11 21
12 21
12 20
12 19
12 18
12 19
12 20
13 20
14 20
13 20
12 20
12 19
13 19
13 20
13 21
14 21
13 21
14 21
14 20
15 20
15 19
15 20
16 20
16 21
16 22
15 22
15 21
16 21
17 21
17 22
18 22
17 22
17 23
18 23
19 23
20 23
20 22
19 22
18 22
18 21
19 21
19 22
19 21
20 21
20 20
20 19
21 19
21 18
22 18
21 18
20 18
20 19
21 19
20 19
19 19
20 19
19 19
19 20
19 21
19 22
19 21
18 21
17 21
18 21
17 21
16 21
17 21
18 21
19 21
19 22
18 22
17 22
18 22
18 21
18 20
19 20
19 19
20 19
19 19
19 20
20 20
20 21
21 21
20 21
19 21
19 20
19 21
19 20
19 21
20 21
20 20
21 20
21 21
22 21
22 22
21 22
22 22
23 22
22 22
21 22
22 22
22 21
22 22
22 21
21 21
20 21
20 22
19 22
19 21
18 21
18 20
17 20
17 21
16 21
16 20
17 20
16 20
16 19
16 18
17 18
17 17
16 17
16 16
17 16
16 16
16 15
16 16
16 17
16 16
15 16
15 17
14 17
14 18
15 18
14 18
13 18
13 19
14 19
15 19
15 20
15 19
14 19
14 18
15 18
16 18
16 19
16 20
17 20
18 20
19 20
18 20
18 21
18 22
18 21
18 22
19 22
19 23
20 23
20 24
19 24
18 24
18 23
17 23
18 23
18 22
18 21
18 22
17 22
17 23
16 23
17 23
18 23
18 22
18 23
18 22
18 21
18 20
19 20
18 20
18 19
17 19
16 19
16 18
16 19
17 19
17 20
16 20
16 21
16 22
16 23
16 24
17 24
18 24
18 23
17 23
16 23
16 22
16 23
15 23
16 23
15 23
14 23
14 24
14 23
14 22
15 22
16 22
17 22
16 22
17 22
17 23
18 23
17 23
17 22
17 23
16 23
17 23
18 23
17 23
16 23
16 22
16 21
15 21
15 22
15 23
15 22
15 21
16 21
16 20
17 20
17 21
18 21
18 22
18 21
18 20
18 19
18 18
18 17
17 17
16 17
16 18
15 18
15 19
14 19
14 20
15 20
16 20
17 20
18 20
18 21
19 21
19 22
19 23
20 23
20 24
21 24
21 25
22 25
23 25
23 26
22 26
22 27
21 27
22 27
21 27
21 28
21 27
22 27
22 28
22 27
23 27
23 28
23 27
23 26
23 27
22 27
22 26
22 27
22 28
22 27
22 26
23 26
22 26
21 26
21 25
21 26
20 26
20 27
21 27
21 28
20 28
20 29
20 30
20 29
19 29
19 28
19 29
18 29
18 28
17 28
17 27
16 27
15 27
15 26
15 25
16 25
15 25
15 24
15 23
15 24
15 25
15 24
15 23
15 22
15 23
15 22
16 22
15 22
14 22
15 22
14 22
15 22
15 23
15 22
15 21
14 21
15 21
15 20
15 21
15 22
14 22
14 21
14 22
14 21
15 21
15 20
15 21
16 21
15 21
15 20
14 20
13 20
12 20
11 20
11 19
12 19
13 19
14 19
15 19
14 19
14 20
15 20
15 19
15 18
14 18
15 18
15 17
16 17
15 17
14 17
14 18
15 18
15 17
15 18
15 19
14 19
13 19
12 19
11 19
11 20
12 20
12 21
13 21
13 22
14 22
14 23
14 22
14 23
14 22
13 22
13 23
13 24
14 24
15 24
15 23
14 23
14 22
14 23
15 23
14 23
15 23
15 24
16 24
16 25
16 24
17 24
17 23
16 23
17 23
17 24
16 24
15 24
14 24
13 24
13 23
14 23
13 23
13 22
13 23
14 23
14 22
13 22
14 22
14 21
14 22
15 22
15 21
14 21
15 21
16 21
17 21
16 21
16 20
17 20
17 21
18 21
17 21
17 20
17 21
17 22
16 22
15 22
16 22
15 22
16 22
15 22
15 23
16 23
16 22
15 22
15 21
15 22
16 22
17 22
17 21
17 20
17 21
16 21
15 21
14 21
15 21
15 22
15 23
15 24
16 24
16 25
16 24
16 25
15 25
14 25
14 24
14 25
15 25
15 26
15 25
16 25
17 25
17 24
17 25
17 26
18 26
17 26
17 27
18 27
17 27
17 28
16 28
16 27
17 27
16 27
17 27
17 26
17 25
17 24
16 24
15 24
15 23
16 23
16 24
16 23
17 23
18 23
18 22
18 23
18 24
18 23
19 23
19 22
19 23
19 22
18 22
19 22
19 21
18 21
18 20
18 21
19 21
18 21
19 21
20 21
20 22
20 23
20 24
20 25
19 25
20 25
20 24
19 24
20 24
20 23
20 24
20 25
20 24
20 23
20 24
20 23
21 23
21 22
20 22
21 22
21 23
20 23
19 23
19 22
19 21
20 21
20 22
20 21
21 21
21 20
21 21
20 21
20 22
19 22
19 21
19 20
20 20
21 20
22 20
23 20
24 20
25 20
26 20
25 20
25 21
25 22
25 23
25 24
25 25
24 25
24 26
25 26
25 27
25 26
26 26
26 25
26 24
27 24
