0 0
0 1
1 1
1 0
1 1
1 0
2 0
3 0
3 1
3 2
2 2
2 1
1 1
1 2
2 2
3 2
3 1
3 0
3 1
3 0
3 1
3 2
3 3
4 3
3 3
2 3
1 3
2 3
2 2
3 2
4 2
4 3
5 3
5 2
5 1
5 2
5 1
4 1
5 1
4 1
5 1
5 2
5 1
5 0
4 0
4 1
5 1
5 0
5 1
5 2
4 2
4 3
3 3
3 2
3 3
2 3
1 3
0 3
0 4
1 4
1 5
1 4
1 3
1 2
0 2
1 2
1 1
2 1
3 1
4 1
3 1
4 1
4 2
3 2
4 2
4 1
3 1
2 1
1 1
2 1
2 2
2 1
1 1
1 2
1 3
0 3
1 3
1 4
1 3
1 4
1 5
0 5
1 5
2 5
2 6
1 6
2 6
1 6
0 6
1 6
1 7
2 7
1 7
2 7
2 8
3 8
4 8
5 8
5 9
5 8
5 9
5 8
5 7
5 6
5 7
4 7
3 7
2 7
1 7
1 8
1 9
1 8
2 8
2 9
1 9
1 10
2 10
1 10
1 9
1 10
2 10
2 9
2 8
2 9
2 10
2 11
2 10
2 11
2 10
2 11
2 10
1 10
0 10
0 9
1 9
2 9
2 10
2 9
2 10
2 11
2 12
2 11
2 12
2 11
2 10
1 10
1 11
1 10
2 10
2 9
1 9
1 10
1 9
0 9
1 9
2 9
1 9
0 9
0 8
1 8
1 9
2 9
1 9
0 9
1 9
2 9
3 9
3 10
2 10
1 10
1 11
0 11
1 11
1 10
1 11
1 10
2 10
3 10
3 11
4 11
4 12
5 12
5 13
5 14
4 14
3 14
3 15
2 15
3 15
3 16
3 17
3 16
3 17
3 18
3 17
3 18
4 18
5 18
5 17
5 18
6 18
6 17
6 18
7 18
7 17
8 17
9 17
10 17
10 18
9 18
10 18
10 17
10 18
10 17
11 17
10 17
11 17
11 18
10 18
11 18
11 19
10 19
11 19
11 18
11 19
10 19
10 20
11 20
10 20
9 20
8 20
8 21
8 22
8 23
8 22
8 21
7 21
7 22
7 21
8 21
9 21
8 21
7 21
6 21
6 20
5 20
6 20
6 21
6 22
6 23
7 23
8 23
7 23
7 22
7 23
7 22
7 23
7 22
7 23
7 24
7 25
6 25
7 25
6 25
6 24
6 25
6 24
6 25
7 25
8 25
9 25
9 24
9 25
8 25
8 24
7 24
7 23
7 24
8 24
7 24
7 23
7 24
7 23
8 23
9 23
9 24
9 23
9 22
9 23
9 24
9 25
10 25
10 26
9 26
9 27
10 27
11 27
11 26
11 27
11 28
11 29
11 28
10 28
10 29
10 30
11 30
11 31
12 31
11 31
12 31
11 31
10 31
11 31
12 31
12 32
12 31
13 31
13 30
13 31
12 31
13 31
14 31
13 31
14 31
13 31
14 31
14 30
14 29
15 29
15 30
15 29
15 30
16 30
16 29
17 29
17 28
17 29
17 28
17 29
16 29
16 30
15 30
14 30
14 31
15 31
15 32
15 33
16 33
15 33
15 32
14 32
14 33
13 33
14 33
14 34
13 34
14 34
14 35
14 34
15 34
15 33
15 32
14 32
14 31
15 31
15 32
15 31
15 32
16 32
16 33
17 33
17 32
16 32
16 33
16 34
17 34
16 34
17 34
17 35
17 36
17 37
17 36
17 37
17 36
18 36
18 37
17 37
17 36
18 36
18 35
19 35
20 35
20 34
20 35
21 35
22 35
21 35
21 36
21 37
20 37
19 37
19 38
19 37
20 37
19 37
19 36
19 37
19 36
20 36
20 35
21 35
21 34
21 33
21 32
21 31
20 31
21 31
20 31
21 31
21 30
21 29
22 29
22 30
23 30
23 29
24 29
24 28
24 27
23 27
23 26
23 25
24 25
25 25
26 25
27 25
27 24
27 25
27 26
27 25
28 25
27 25
27 24
27 23
27 22
28 22
28 21
29 21
28 21
28 22
29 22
28 22
28 21
29 21
29 22
30 22
31 22
31 23
31 22
30 22
30 21
30 20
30 19
31 19
30 19
29 19
29 20
30 20
30 19
30 20
29 20
30 20
30 19
29 19
28 19
29 19
28 19
29 19
30 19
30 18
30 17
30 18
30 17
30 18
30 17
30 18
31 18
31 19
31 20
31 21
32 21
33 21
33 22
32 22
32 21
32 20
31 20
31 19
31 20
31 19
32 19
31 19
32 19
32 20
32 19
32 20
33 20
32 20
31 20
32 20
32 21
33 21
33 22
32 22
33 22
32 22
33 22
34 22
35 22
35 21
34 21
33 21
32 21
31 21
32 21
32 22
32 21
31 21
31 20
32 20
33 20
32 20
32 19
32 18
32 19
31 19
31 20
30 20
29 20
29 21
30 21
30 22
29 22
28 22
28 21
29 21
29 20
30 20
31 20
31 19
32 19
32 18
32 19
33 19
33 18
32 18
33 18
33 19
34 19
34 18
34 17
35 17
36 17
35 17
36 17
35 17
35 16
35 15
34 15
33 15
34 15
33 15
32 15
33 15
34 15
35 15
35 16
34 16
33 16
34 16
35 16
36 16
37 16
36 16
36 15
36 14
36 15
36 14
36 15
37 15
36 15
36 16
35 16
35 17
35 16
35 17
34 17
35 17
35 16
35 17
36 17
35 17
36 17
36 16
36 17
36 18
36 19
36 20
37 20
38 20
38 21
38 22
39 22
38 22
38 21
38 22
38 23
38 24
38 23
38 22
38 21
38 22
38 21
37 21
37 20
36 20
36 19
36 20
36 19
36 20
35 20
35 21
34 21
34 22
34 21
34 22
33 22
32 22
33 22
34 22
34 21
34 22
33 22
33 23
34 23
33 23
34 23
33 23
32 23
31 23
31 22
31 21
31 22
31 23
30 23
31 23
31 24
32 24
31 24
32 24
32 25
31 25
30 25
31 25
31 24
31 23
30 23
30 24
29 24
28 24
28 25
27 25
27 26
27 27
27 28
27 27
27 28
27 27
27 28
27 29
26 29
26 30
25 30
26 30
27 30
27 29
28 29
28 30
27 30
27 29
27 30
26 30
26 31
25 31
26 31
26 32
27 32
26 32
27 32
28 32
27 32
26 32
27 32
28 32
28 33
29 33
29 32
29 31
29 32
30 32
31 32
30 32
31 32
32 32
32 31
31 31
30 31
29 31
29 30
29 31
28 31
28 30
27 30
28 30
29 30
29 31
30 31
30 30
30 29
30 28
30 29
30 30
30 29
31 29
30 29
30 30
30 31
31 31
30 31
30 32
29 32
29 33
30 33
31 33
31 34
32 34
33 34
33 35
33 36
32 36
32 35
31 35
31 36
30 36
30 37
30 38
29 38
29 37
30 37
30 38
30 37
31 37
32 37
33 37
34 37
33 37
33 36
32 36
32 35
33 35
34 35
34 36
34 37
35 37
36 37
37 37
37 38
36 38
36 39
36 40
36 39
37 39
37 38
37 37
38 37
37 37
36 37
36 38
36 37
36 38
37 38
37 39
38 39
37 39
37 38
38 38
38 39
37 39
37 38
37 39
38 39
39 39
40 39
39 39
40 39
41 39
42 39
43 39
43 38
44 38
44 39
43 39
43 40
43 39
43 38
43 37
42 37
43 37
44 37
44 38
44 39
44 38
44 39
43 39
42 39
42 40
42 41
42 42
43 42
43 41
44 41
44 42
44 43
43 43
42 43
43 43
43 44
43 45
43 44
42 44
43 44
43 45
42 45
43 45
44 45
44 44
45 44
44 44
45 44
45 43
46 43
46 42
47 42
47 41
47 40
47 39
46 39
46 40
45 40
44 40
44 39
45 39
44 39
43 39
43 38
42 38
42 37
42 36
42 35
42 34
43 34
44 34
45 34
45 35
45 34
44 34
43 34
43 33
42 33
42 32
42 31
43 31
43 30
43 31
43 30
42 30
42 29
42 28
43 28
43 29
43 30
43 29
44 29
45 29
44 29
44 28
44 27
44 26
44 25
44 24
45 24
44 24
45 24
45 23
45 24
44 24
45 24
46 24
47 24
47 23
47 24
48 24
49 24
48 24
47 24
47 23
47 24
48 24
49 24
50 24
50 23
51 23
50 23
49 23
49 24
49 23
49 24
48 24
49 24
49 23
49 22
48 22
49 22
49 21
49 20
48 20
48 21
48 20
48 19
47 19
46 19
47 19
48 19
48 18
47 18
48 18
49 18
50 18
49 18
48 18
49 18
49 19
50 19
50 20
51 20
51 21
50 21
50 22
51 22
51 23
50 23
50 24
49 24
48 24
47 24
46 24
47 24
47 25
47 26
47 25
47 24
48 24
48 25
48 26
48 27
48 28
48 27
48 28
49 28
48 28
48 27
47 27
46 27
46 28
46 29
45 29
46 29
47 29
47 28
47 29
46 29
