0 0
0 1
0 0
1 0
1 1
1 0
2 0
1 0
0 0
1 0
2 0
2 1
2 2
3 2
4 2
3 2
3 3
3 4
3 5
3 6
2 6
3 6
3 5
4 5
4 6
5 6
5 7
4 7
4 8
4 7
5 7
6 7
5 7
5 6
6 6
6 5
5 5
4 5
3 5
3 6
4 6
4 5
5 5
5 4
5 3
4 3
4 2
4 1
5 1
5 0
5 1
4 1
4 2
4 1
5 1
5 0
5 1
6 1
6 0
7 0
8 0
7 0
8 0
9 0
8 0
9 0
9 1
9 2
8 2
8 3
7 3
7 4
7 5
7 6
6 6
7 6
6 6
6 5
7 5
6 5
6 6
6 7
6 6
6 7
6 8
6 9
7 9
7 10
7 11
7 10
7 11
8 11
8 10
8 9
9 9
10 9
9 9
9 10
9 9
10 9
9 9
9 10
9 9
10 9
11 9
11 10
10 10
10 9
9 9
8 9
9 9
9 8
8 8
7 8
8 8
9 8
10 8
10 7
11 7
10 7
10 6
10 7
9 7
9 8
10 8
11 8
11 7
12 7
11 7
11 6
10 6
10 7
9 7
9 8
8 8
9 8
9 9
10 9
10 10
10 11
10 12
11 12
12 12
13 12
13 11
13 10
13 9
13 8
12 8
12 9
13 9
14 9
14 8
15 8
16 8
17 8
18 8
18 9
19 9
20 9
19 9
20 9
21 9
20 9
19 9
20 9
21 9
22 9
23 9
23 8
23 9
22 9
22 10
22 9
22 10
23 10
23 9
23 10
23 11
23 10
24 10
23 10
23 9
23 10
23 9
24 9
24 10
24 11
23 11
22 11
22 10
23 10
24 10
25 10
26 10
25 10
24 10
25 10
24 10
24 9
23 9
23 10
24 10
24 9
24 10
24 9
23 9
23 8
23 9
23 10
22 10
21 10
20 10
20 11
21 11
21 12
20 12
21 12
21 11
21 10
20 10
19 10
19 11
19 10
18 10
19 10
19 9
19 10
19 9
19 10
19 11
19 10
19 9
19 10
19 11
19 12
19 11
20 11
20 12
21 12
21 11
21 10
22 10
23 10
22 10
22 11
22 12
22 13
22 14
22 13
22 12
22 11
21 11
22 11
22 12
23 12
23 13
22 13
21 13
20 13
21 13
22 13
23 13
22 13
23 13
23 12
24 12
24 11
24 10
24 9
24 10
23 10
23 9
23 8
23 7
22 7
22 8
22 7
22 8
22 9
22 8
22 9
22 10
22 11
23 11
23 12
22 12
23 12
23 13
23 14
24 14
23 14
22 14
23 14
23 15
23 14
23 13
23 14
23 15
24 15
24 14
24 15
25 15
24 15
25 15
24 15
23 15
23 16
22 16
21 16
22 16
21 16
21 17
21 18
22 18
21 18
21 17
20 17
20 16
20 17
21 17
21 16
20 16
21 16
21 15
21 16
21 15
22 15
21 15
21 14
21 15
21 14
21 13
22 13
21 13
20 13
20 14
20 15
20 16
20 17
21 17
20 17
20 16
20 15
19 15
18 15
19 15
18 15
19 15
20 15
20 14
19 14
20 14
20 13
21 13
20 13
20 14
19 14
20 14
20 13
19 13
20 13
20 12
19 12
19 13
18 13
19 13
20 13
20 14
21 14
22 14
22 15
22 16
22 17
23 17
23 16
24 16
25 16
24 16
24 17
23 17
23 18
24 18
24 17
23 17
23 18
24 18
25 18
25 19
25 20
25 19
26 19
26 20
26 21
26 20
26 21
27 21
28 21
27 21
26 21
25 21
24 21
24 20
23 20
23 19
23 18
23 17
23 18
23 17
22 17
21 17
21 16
20 16
19 16
19 17
18 17
18 18
18 17
18 18
18 19
19 19
18 19
19 19
18 19
17 19
17 18
17 17
17 18
17 19
18 19
18 20
19 20
19 21
19 22
19 21
19 22
19 21
18 21
17 21
18 21
18 22
18 23
19 23
20 23
20 22
19 22
19 21
19 20
19 19
18 19
18 18
17 18
17 19
17 20
16 20
16 21
16 22
16 21
16 22
17 22
17 21
18 21
19 21
19 22
19 23
19 24
18 24
19 24
20 24
21 24
22 24
23 24
23 25
23 24
22 24
23 24
22 24
23 24
22 24
22 25
22 24
22 23
23 23
22 23
22 24
22 23
21 23
21 22
21 21
20 21
21 21
22 21
23 21
24 21
24 20
24 19
24 20
25 20
24 20
24 19
24 20
23 20
24 20
23 20
23 19
23 18
24 18
24 19
23 19
22 19
21 19
21 20
21 19
21 18
20 18
19 18
19 19
20 19
19 19
19 20
20 20
20 19
20 20
20 19
21 19
21 20
21 19
22 19
23 19
22 19
21 19
21 18
21 19
20 19
20 20
20 19
19 19
20 19
19 19
19 18
19 19
18 19
19 19
18 19
19 19
18 19
17 19
16 19
17 19
18 19
19 19
19 20
19 19
18 19
19 19
20 19
20 18
20 19
21 19
21 20
21 21
22 21
23 21
23 20
23 21
24 21
24 20
24 21
24 22
24 23
24 24
24 25
23 25
23 26
23 25
24 25
24 24
25 24
26 24
25 24
25 23
25 24
25 23
25 24
25 25
24 25
23 25
23 26
22 26
21 26
22 26
22 25
23 25
23 24
23 23
22 23
21 23
20 23
20 22
20 23
21 23
21 22
22 22
23 22
23 21
24 21
25 21
25 22
24 22
24 23
24 22
23 22
23 21
23 20
23 19
23 18
22 18
21 18
22 18
23 18
22 18
22 19
21 19
21 20
20 20
19 20
18 20
19 20
19 21
19 20
19 21
19 20
19 21
18 21
18 22
18 21
18 22
17 22
17 23
17 24
17 25
16 25
16 26
16 25
15 25
16 25
15 25
14 25
14 26
13 26
12 26
12 27
11 27
11 28
10 28
10 29
10 30
10 31
10 30
9 30
9 29
9 28
9 29
9 30
10 30
11 30
12 30
11 30
12 30
13 30
12 30
13 30
12 30
12 31
12 32
12 31
13 31
13 30
13 29
13 30
13 31
13 32
12 32
12 31
11 31
12 31
13 31
13 30
12 30
12 31
13 31
13 32
14 32
15 32
14 32
15 32
15 33
15 32
15 31
16 31
15 31
15 30
15 29
16 29
17 29
18 29
18 28
19 28
19 27
20 27
19 27
20 27
20 28
20 29
20 30
19 30
19 29
20 29
20 28
21 28
21 29
21 30
21 29
21 30
20 30
20 29
20 30
20 31
19 31
19 30
19 29
19 28
19 29
18 29
19 29
19 30
19 31
19 32
20 32
20 31
20 30
20 29
19 29
19 28
18 28
18 27
17 27
16 27
17 27
16 27
16 28
17 28
17 27
17 26
17 27
18 27
17 27
17 28
17 27
17 26
17 27
17 26
16 26
15 26
15 27
16 27
15 27
16 27
16 26
15 26
15 25
16 25
17 25
16 25
16 24
15 24
15 25
16 25
15 25
16 25
16 24
16 25
16 26
16 27
15 27
16 27
16 26
16 25
17 25
17 26
17 27
16 27
17 27
18 27
18 28
18 27
18 26
18 27
19 27
18 27
18 26
19 26
20 26
20 27
20 26
20 25
19 25
18 25
18 24
18 25
18 24
17 24
18 24
17 24
16 24
17 24
16 24
16 23
15 23
14 23
14 24
14 25
15 25
16 25
16 26
16 27
16 28
16 27
17 27
18 27
17 27
17 26
18 26
19 26
19 27
19 26
18 26
19 26
19 27
19 26
19 27
19 28
19 29
19 30
18 30
19 30
18 30
19 30
19 31
20 31
21 31
22 31
21 31
20 31
20 30
20 31
20 32
19 32
19 31
20 31
19 31
18 31
17 31
17 32
17 31
17 30
17 31
18 31
19 31
19 32
19 33
18 33
18 34
17 34
17 33
16 33
16 32
16 31
15 31
15 32
15 33
15 32
14 32
14 33
14 34
14 35
15 35
15 36
14 36
13 36
14 36
13 36
13 35
13 34
13 33
13 34
14 34
14 33
15 33
16 33
17 33
17 34
16 34
16 33
16 32
17 32
17 33
17 32
17 31
18 31
18 32
19 32
19 31
19 30
20 30
20 29
21 29
21 28
22 28
22 29
23 29
24 29
25 29
25 28
25 29
25 30
24 30
24 29
24 30
23 30
23 31
23 32
23 31
24 31
25 31
25 30
24 30
23 30
23 29
22 29
21 29
22 29
22 30
23 30
23 29
22 29
21 29
20 29
20 28
21 28
22 28
22 27
22 28
23 28
23 27
23 26
23 25
23 26
23 25
24 25
24 24
25 24
24 24
25 24
25 23
25 24
26 24
26 23
26 22
27 22
27 23
28 23
28 22
27 22
28 22
28 23
27 23
26 23
26 22
27 22
28 22
28 23
28 22
28 21
28 20
28 19
29 19
29 20
29 21
29 22
28 22
27 22
28 22
28 23
27 23
27 24
27 23
27 24
27 25
28 25
