0 0
1 0
0 0
0 1
0 0
0 1
0 0
1 0
0 0
1 0
0 0
1 0
0 0
0 1
0 2
0 3
0 2
1 2
1 3
1 2
1 3
0 3
0 4
0 5
0 6
1 6
2 6
2 7
1 7
0 7
1 7
1 6
2 6
2 5
2 4
2 5
2 6
3 6
4 6
4 7
4 8
4 7
3 7
4 7
4 8
4 9
4 10
3 10
4 10
4 9
4 10
4 11
5 11
4 11
4 10
4 9
4 8
5 8
5 7
6 7
7 7
7 8
7 7
6 7
6 6
6 7
6 8
5 8
4 8
4 7
4 6
3 6
2 6
3 6
3 7
4 7
4 6
4 7
4 8
4 9
4 10
5 10
4 10
4 11
4 10
4 9
4 8
4 9
3 9
3 10
3 9
2 9
2 10
2 9
1 9
1 8
1 7
1 8
0 8
0 9
0 10
0 9
0 8
1 8
0 8
1 8
2 8
3 8
3 9
3 8
4 8
5 8
5 9
4 9
5 9
5 10
4 10
3 10
2 10
1 10
1 9
2 9
2 8
2 9
2 8
3 8
2 8
2 7
1 7
2 7
2 6
2 7
2 8
1 8
0 8
0 7
0 8
0 7
0 6
0 5
0 6
0 7
0 8
1 8
2 8
2 9
1 9
2 9
3 9
2 9
2 10
3 10
3 9
3 10
2 10
1 10
2 10
1 10
1 9
2 9
3 9
3 8
3 7
2 7
3 7
2 7
2 6
3 6
4 6
3 6
3 5
4 5
4 4
5 4
6 4
7 4
8 4
8 5
9 5
9 4
10 4
10 3
11 3
10 3
11 3
11 4
10 4
10 5
9 5
8 5
8 4
8 5
8 6
8 5
8 6
8 5
7 5
7 6
7 7
7 6
6 6
5 6
5 7
4 7
4 6
4 7
3 7
2 7
1 7
2 7
2 6
1 6
1 5
2 5
3 5
3 6
2 6
1 6
0 6
1 6
1 7
2 7
2 8
2 9
1 9
1 8
2 8
2 9
3 9
3 8
3 7
4 7
3 7
2 7
2 6
2 7
2 6
2 5
1 5
0 5
0 6
1 6
1 7
0 7
1 7
1 6
1 7
0 7
0 6
0 5
0 4
1 4
1 3
1 4
1 5
1 6
1 5
0 5
0 4
0 5
1 5
1 6
1 5
2 5
2 6
1 6
1 7
0 7
0 8
0 9
1 9
0 9
0 10
0 9
1 9
2 9
2 8
3 8
3 7
4 7
5 7
4 7
4 6
4 5
5 5
5 6
6 6
6 7
6 8
6 9
7 9
8 9
7 9
7 8
6 8
6 7
6 6
6 5
7 5
7 4
7 3
7 2
7 3
8 3
7 3
8 3
8 4
8 3
9 3
8 3
7 3
8 3
9 3
9 2
9 1
10 1
11 1
11 0
11 1
11 0
12 0
13 0
14 0
14 1
14 2
13 2
14 2
13 2
13 1
13 2
13 3
13 4
14 4
14 5
14 6
13 6
12 6
12 5
13 5
12 5
12 4
13 4
14 4
15 4
16 4
16 3
15 3
15 4
16 4
17 4
16 4
15 4
15 5
15 6
15 5
15 4
15 3
16 3
16 4
16 5
15 5
15 4
16 4
16 5
16 4
16 5
16 4
16 3
16 4
17 4
16 4
15 4
15 5
14 5
14 4
14 5
15 5
15 6
15 5
16 5
15 5
14 5
15 5
14 5
13 5
13 6
12 6
12 7
12 6
11 6
11 7
10 7
10 8
11 8
11 7
10 7
10 8
10 7
11 7
11 8
12 8
12 7
13 7
13 8
13 7
14 7
14 6
13 6
13 7
14 7
14 8
15 8
15 9
16 9
17 9
18 9
18 10
19 10
19 11
19 12
20 12
21 12
22 12
23 12
22 12
23 12
24 12
24 11
25 11
26 11
25 11
25 12
25 13
26 13
26 14
26 13
26 14
26 15
26 14
25 14
25 13
24 13
25 13
26 13
26 14
27 14
27 15
26 15
26 14
27 14
27 15
27 16
26 16
25 16
26 16
26 15
26 14
26 15
26 14
27 14
27 15
28 15
29 15
28 15
27 15
28 15
27 15
26 15
27 15
28 15
28 14
28 13
28 12
28 13
27 13
28 13
29 13
29 12
28 12
27 12
26 12
25 12
26 12
26 11
26 10
25 10
25 11
25 10
25 11
25 10
25 9
24 9
24 8
23 8
23 7
24 7
24 6
24 5
24 4
25 4
25 3
25 4
25 5
25 4
25 3
24 3
24 4
23 4
24 4
23 4
22 4
22 5
21 5
21 6
20 6
20 5
19 5
19 4
18 4
17 4
18 4
19 4
19 3
20 3
19 3
18 3
17 3
17 4
18 4
19 4
20 4
20 5
20 6
20 7
20 6
21 6
21 7
21 8
21 9
22 9
22 8
22 9
22 8
21 8
22 8
23 8
24 8
24 9
24 8
24 7
24 8
25 8
25 9
24 9
23 9
22 9
21 9
20 9
21 9
20 9
20 10
21 10
21 11
21 10
21 9
20 9
21 9
21 10
20 10
20 11
19 11
19 10
19 9
19 8
19 7
19 8
18 8
19 8
19 9
19 8
18 8
17 8
17 9
17 10
18 10
19 10
20 10
20 9
21 9
22 9
22 10
22 9
23 9
23 10
24 10
24 11
23 11
23 12
24 12
24 13
24 12
24 11
23 11
23 10
23 11
22 11
23 11
23 10
23 11
23 12
23 11
23 10
23 11
22 11
21 11
21 10
21 11
22 11
21 11
21 12
22 12
22 11
21 11
21 12
20 12
20 11
21 11
21 12
20 12
19 12
20 12
20 11
20 10
19 10
20 10
20 9
20 8
21 8
21 7
20 7
21 7
20 7
21 7
21 8
21 9
21 8
21 7
22 7
23 7
23 6
24 6
25 6
25 5
24 5
23 5
24 5
25 5
26 5
26 6
25 6
25 5
25 6
25 5
25 6
24 6
24 5
23 5
23 4
22 4
23 4
23 3
23 4
22 4
22 5
21 5
21 4
22 4
23 4
23 5
24 5
24 6
24 7
25 7
25 8
25 7
24 7
24 8
25 8
25 9
25 8
24 8
23 8
23 9
23 8
22 8
23 8
24 8
25 8
25 7
24 7
25 7
24 7
23 7
24 7
24 8
23 8
23 9
22 9
22 8
22 7
23 7
24 7
24 8
23 8
23 9
24 9
25 9
26 9
25 9
25 10
25 9
24 9
23 9
23 8
24 8
24 7
24 8
24 7
23 7
22 7
23 7
23 6
23 5
23 6
23 5
23 6
24 6
23 6
24 6
23 6
23 7
24 7
23 7
23 8
22 8
22 9
22 8
22 7
23 7
24 7
24 8
23 8
23 7
23 6
23 7
23 8
22 8
23 8
24 8
24 7
24 8
24 9
24 8
24 7
25 7
25 6
25 7
24 7
24 8
24 7
23 7
23 6
24 6
25 6
25 5
26 5
25 5
26 5
26 4
25 4
25 3
26 3
25 3
26 3
27 3
28 3
27 3
27 4
28 4
28 5
29 5
28 5
28 4
27 4
27 5
28 5
29 5
29 4
28 4
27 4
28 4
28 3
29 3
29 4
28 4
28 5
28 4
28 5
28 4
28 5
28 6
28 5
28 6
28 7
27 7
26 7
27 7
27 6
28 6
28 5
28 4
29 4
29 5
29 6
28 6
28 7
29 7
30 7
30 6
30 7
30 6
29 6
30 6
30 5
31 5
31 6
31 7
31 6
32 6
32 7
31 7
31 8
31 7
31 8
31 9
30 9
30 10
30 11
30 12
30 13
30 14
30 13
31 13
31 14
31 15
31 14
30 14
30 13
30 12
30 13
31 13
31 12
32 12
32 13
32 14
32 15
32 16
32 17
32 16
33 16
33 17
32 17
31 17
32 17
32 16
31 16
31 17
30 17
29 17
28 17
28 18
27 18
28 18
28 17
29 17
28 17
27 17
28 17
28 18
28 17
29 17
30 17
31 17
31 18
30 18
31 18
30 18
30 19
31 19
32 19
32 20
32 19
33 19
33 18
33 19
34 19
34 20
35 20
34 20
35 20
36 20
36 19
36 18
35 18
36 18
37 18
37 19
37 20
37 19
37 20
38 20
37 20
37 19
37 18
37 19
36 19
35 19
36 19
37 19
36 19
36 20
36 21
35 21
35 22
36 22
36 21
36 22
36 21
35 21
35 20
34 20
35 20
34 20
34 21
34 20
33 20
33 19
34 19
33 19
33 20
34 20
34 21
34 22
34 23
34 24
34 23
33 23
33 24
33 23
34 23
35 23
35 24
35 25
35 24
36 24
35 24
34 24
35 24
35 25
35 24
34 24
33 24
32 24
32 25
33 25
34 25
35 25
35 26
36 26
36 25
36 26
35 26
35 27
35 26
35 27
35 28
35 27
35 28
34 28
34 29
34 28
34 27
35 27
35 28
35 27
35 26
35 27
35 26
34 26
35 26
