0 0
1 0
2 0
2 1
3 1
3 2
3 1
4 1
3 1
3 0
2 0
3 0
3 1
2 1
2 2
1 2
1 3
1 2
1 3
1 4
1 3
0 3
1 3
0 3
1 3
1 4
2 4
2 5
3 5
4 5
3 5
3 6
3 7
3 8
2 8
1 8
1 9
1 10
1 9
0 9
0 10
1 10
1 11
2 11
3 11
3 12
3 13
2 13
2 14
2 13
2 14
1 14
0 14
0 13
1 13
1 12
1 13
2 13
2 12
1 12
1 13
1 12
0 12
1 12
2 12
1 12
1 13
2 13
2 12
3 12
4 12
3 12
4 12
4 13
4 12
4 13
4 14
5 14
5 15
6 15
7 15
6 15
6 16
5 16
4 16
4 17
4 18
5 18
5 17
5 18
5 17
5 18
5 17
4 17
5 17
6 17
6 18
7 18
6 18
5 18
4 18
4 17
4 16
4 15
4 16
4 17
5 17
6 17
6 18
7 18
8 18
7 18
7 19
8 19
8 20
7 20
7 19
6 19
7 19
7 18
7 19
6 19
6 20
5 20
6 20
7 20
6 20
6 19
5 19
5 18
4 18
5 18
5 17
6 17
5 17
5 16
6 16
6 15
6 16
6 17
5 17
5 16
5 17
4 17
4 16
4 17
4 18
4 19
5 19
5 18
6 18
6 17
6 16
7 16
7 15
6 15
5 15
6 15
5 15
4 15
4 16
4 15
5 15
5 14
5 15
5 16
6 16
7 16
7 17
7 16
7 15
6 15
5 15
5 14
5 15
4 15
4 16
4 17
3 17
3 16
3 17
2 17
1 17
0 17
0 18
0 17
0 16
1 16
1 17
2 17
3 17
4 17
4 16
4 17
4 16
4 17
3 17
3 18
2 18
3 18
4 18
3 18
2 18
2 17
2 18
2 17
2 18
2 17
2 18
3 18
3 17
2 17
2 16
1 16
0 16
1 16
1 17
2 17
2 18
2 19
2 20
3 20
3 21
2 21
2 20
1 20
2 20
2 21
1 21
2 21
3 21
3 22
2 22
3 22
2 22
3 22
3 23
3 24
3 25
3 24
4 24
4 25
5 25
5 26
5 27
6 27
5 27
5 28
5 29
6 29
7 29
8 29
8 30
8 31
8 32
7 32
7 31
8 31
9 31
8 31
7 31
6 31
6 32
6 33
6 32
5 32
4 32
4 33
3 33
4 33
4 34
5 34
6 34
5 34
6 34
5 34
6 34
6 35
5 35
5 34
5 33
5 32
4 32
4 31
4 32
3 32
2 32
3 32
2 32
2 31
3 31
3 32
4 32
3 32
3 31
4 31
4 30
3 30
3 31
2 31
3 31
4 31
4 32
4 31
3 31
2 31
2 30
3 30
4 30
4 31
4 32
5 32
5 33
5 34
5 35
5 34
5 35
6 35
5 35
6 35
5 35
4 35
3 35
3 34
2 34
2 35
1 35
1 36
0 36
0 37
0 36
1 36
0 36
0 35
0 34
0 33
1 33
2 33
3 33
3 34
3 35
3 34
2 34
2 35
2 34
2 35
3 35
4 35
5 35
5 36
6 36
7 36
7 35
8 35
8 36
9 36
9 35
9 34
10 34
10 33
11 33
11 32
12 32
12 33
13 33
13 32
14 32
15 32
16 32
17 32
17 31
18 31
19 31
20 31
21 31
22 31
21 31
22 31
21 31
21 32
20 32
20 33
21 33
20 33
21 33
20 33
21 33
22 33
22 34
22 33
22 34
21 34
21 33
21 34
20 34
20 35
21 35
20 35
21 35
21 36
22 36
22 35
22 36
23 36
22 36
22 37
23 37
24 37
23 37
23 36
23 35
24 35
24 36
24 37
24 38
24 37
25 37
25 36
25 37
25 36
25 37
25 38
26 38
25 38
25 39
24 39
24 40
23 40
23 41
23 40
24 40
23 40
23 39
22 39
22 40
22 41
22 42
21 42
21 41
20 41
20 40
19 40
18 40
18 41
18 42
18 43
17 43
17 44
18 44
18 43
17 43
17 44
18 44
18 45
18 44
19 44
19 43
19 42
20 42
20 41
21 41
21 40
21 41
20 41
21 41
20 41
19 41
18 41
18 40
18 39
17 39
16 39
16 40
15 40
15 39
14 39
15 39
16 39
17 39
18 39
18 40
17 40
16 40
15 40
15 41
14 41
14 40
13 40
13 41
14 41
14 42
13 42
14 42
13 42
13 41
14 41
15 41
14 41
15 41
15 42
15 41
16 41
15 41
16 41
17 41
17 40
16 40
15 40
15 39
16 39
17 39
16 39
15 39
14 39
14 40
13 40
13 39
13 40
14 40
14 39
13 39
14 39
15 39
14 39
14 38
14 39
14 40
14 41
13 41
13 40
13 39
13 40
13 41
13 40
13 39
13 38
14 38
14 37
14 36
13 36
12 36
11 36
12 36
12 35
12 34
12 35
11 35
12 35
12 34
12 33
11 33
10 33
9 33
8 33
9 33
8 33
8 34
8 35
9 35
9 36
10 36
10 37
11 37
12 37
12 38
11 38
11 39
12 39
13 39
13 40
12 40
12 41
12 40
12 41
13 41
13 40
13 41
14 41
14 42
13 42
12 42
12 43
12 42
12 41
12 40
13 40
12 40
12 39
11 39
11 38
11 39
10 39
10 40
10 41
10 40
11 40
11 41
11 42
11 41
11 42
11 43
11 42
12 42
12 43
11 43
12 43
13 43
13 44
13 43
13 42
13 43
14 43
13 43
14 43
14 44
15 44
15 45
16 45
16 44
16 45
17 45
17 44
16 44
15 44
15 43
14 43
14 42
15 42
15 41
14 41
14 42
14 41
14 42
13 42
13 43
12 43
12 42
11 42
11 41
12 41
12 42
12 43
12 42
13 42
13 41
14 41
14 40
14 41
15 41
15 40
15 39
16 39
17 39
18 39
18 38
18 37
17 37
17 38
17 37
17 38
17 39
17 38
17 37
18 37
17 37
18 37
17 37
18 37
19 37
18 37
18 36
17 36
17 37
17 36
18 36
18 37
18 38
17 38
16 38
15 38
15 39
15 38
16 38
15 38
15 37
14 37
14 36
14 35
14 36
14 37
14 38
14 39
13 39
13 40
13 41
14 41
14 40
13 40
14 40
13 40
14 40
15 40
14 40
15 40
16 40
15 40
16 40
15 40
15 39
14 39
14 38
14 39
13 39
13 38
13 39
13 38
13 39
12 39
12 38
12 39
12 40
13 40
14 40
14 41
14 42
14 41
14 42
13 42
14 42
14 43
14 44
14 43
13 43
14 43
14 42
14 41
14 40
14 39
13 39
13 40
12 40
12 41
11 41
10 41
9 41
9 42
8 42
8 41
8 42
7 42
7 43
7 42
7 43
8 43
8 42
8 41
9 41
9 42
9 43
9 42
10 42
10 43
9 43
9 44
9 45
9 46
9 47
9 48
9 47
9 48
8 48
8 47
7 47
7 48
8 48
7 48
6 48
5 48
4 48
3 48
3 49
2 49
3 49
3 50
3 49
4 49
3 49
4 49
5 49
4 49
4 48
5 48
6 48
6 49
7 49
7 48
8 48
8 49
7 49
7 48
7 47
6 47
6 48
6 49
6 48
6 47
6 48
6 49
6 48
6 47
6 46
7 46
7 47
6 47
6 46
7 46
7 47
8 47
9 47
8 47
8 48
9 48
10 48
9 48
9 47
9 46
10 46
10 47
11 47
11 46
11 47
11 46
11 45
11 46
10 46
10 45
11 45
11 46
11 45
12 45
11 45
11 46
11 45
11 46
10 46
11 46
12 46
11 46
11 47
12 47
12 46
12 47
11 47
11 48
10 48
10 49
10 48
10 49
9 49
9 50
9 49
8 49
8 48
9 48
10 48
10 47
9 47
10 47
10 46
10 47
9 47
10 47
9 47
9 46
8 46
8 47
9 47
9 46
9 47
10 47
10 46
9 46
9 45
9 44
9 45
9 44
9 43
9 42
9 41
9 42
9 41
9 40
9 41
10 41
9 41
8 41
8 40
7 40
6 40
5 40
5 41
4 41
5 41
6 41
6 42
6 43
7 43
7 42
6 42
6 41
6 40
5 40
5 39
5 38
4 38
4 39
4 40
5 40
6 40
6 41
5 41
6 41
6 42
5 42
6 42
7 42
6 42
7 42
7 43
6 43
7 43
7 42
7 41
7 40
6 40
7 40
7 39
7 40
8 40
9 40
9 39
9 40
9 39
9 38
8 38
8 39
7 39
7 38
8 38
7 38
7 37
6 37
5 37
5 38
5 39
6 39
5 39
5 40
5 41
4 41
4 40
3 40
4 40
5 40
6 40
6 39
7 39
6 39
6 38
6 39
7 39
6 39
6 40
5 40
5 41
4 41
4 42
4 41
5 41
5 40
5 41
5 42
5 43
5 44
4 44
5 44
5 45
6 45
7 45
8 45
8 46
8 47
8 46
9 46
10 46
10 47
9 47
9 46
10 46
10 47
