0 0
1 0
1 1
0 1
0 2
0 3
0 4
0 5
1 5
1 6
1 5
1 6
2 6
2 7
2 6
2 7
2 6
3 6
3 5
2 5
3 5
3 4
2 4
3 4
4 4
4 3
5 3
5 4
5 3
5 2
5 3
5 4
6 4
6 5
7 5
8 5
8 6
8 7
7 7
6 7
5 7
6 7
6 8
5 8
5 7
6 7
6 6
5 6
6 6
6 7
7 7
6 7
7 7
7 6
7 5
6 5
6 4
6 3
6 4
5 4
6 4
6 5
6 6
7 6
6 6
7 6
7 7
7 6
6 6
7 6
6 6
7 6
6 6
5 6
5 7
6 7
6 8
6 7
6 8
6 7
5 7
6 7
6 6
5 6
6 6
6 5
6 6
6 7
6 8
7 8
6 8
6 9
7 9
7 10
7 11
6 11
6 12
6 13
6 14
6 15
6 14
5 14
4 14
3 14
4 14
5 14
6 14
7 14
7 15
7 16
7 15
7 16
8 16
8 17
8 16
8 17
8 16
8 17
8 16
7 16
6 16
7 16
6 16
6 17
6 18
7 18
8 18
9 18
8 18
7 18
8 18
9 18
9 17
10 17
11 17
12 17
11 17
10 17
11 17
11 18
10 18
11 18
10 18
10 17
10 18
10 19
10 20
10 21
9 21
9 22
9 21
10 21
9 21
9 22
8 22
7 22
7 23
7 24
6 24
7 24
7 23
8 23
8 22
8 21
7 21
7 20
7 21
7 22
7 23
8 23
8 24
9 24
10 24
10 25
10 26
10 25
11 25
10 25
10 24
10 23
10 24
10 23
11 23
11 24
11 23
11 22
10 22
11 22
12 22
12 21
12 20
12 21
12 20
11 20
11 21
12 21
12 20
13 20
13 21
14 21
15 21
15 20
15 19
15 18
15 17
14 17
14 16
13 16
12 16
13 16
14 16
15 16
16 16
16 15
15 15
15 16
15 17
16 17
16 16
16 15
16 14
17 14
16 14
16 13
16 14
17 14
17 15
17 16
17 15
18 15
18 16
17 16
17 15
16 15
17 15
17 14
16 14
16 15
16 16
16 17
17 17
18 17
18 16
18 15
18 14
18 15
19 15
19 14
19 15
19 14
19 15
20 15
21 15
21 16
21 17
20 17
20 16
20 15
19 15
19 14
19 15
19 16
18 16
17 16
16 16
16 15
17 15
17 14
17 13
17 14
16 14
15 14
15 15
15 14
16 14
15 14
14 14
14 15
13 15
14 15
14 16
14 17
15 17
15 18
14 18
15 18
15 17
15 18
15 17
16 17
17 17
17 16
17 17
18 17
18 16
17 16
17 17
17 18
18 18
19 18
20 18
21 18
21 19
20 19
21 19
20 19
21 19
21 20
20 20
20 19
21 19
20 19
20 18
19 18
20 18
19 18
19 19
19 20
20 20
19 20
18 20
19 20
18 20
17 20
17 21
16 21
16 22
15 22
14 22
14 21
14 22
13 22
14 22
15 22
15 21
14 21
14 22
15 22
16 22
15 22
14 22
13 22
13 21
12 21
12 22
11 22
10 22
10 21
10 22
9 22
8 22
8 23
8 22
9 22
10 22
10 23
10 22
10 21
10 22
11 22
10 22
11 22
11 23
12 23
11 23
10 23
9 23
9 22
10 22
10 21
10 22
10 23
10 24
9 24
9 25
8 25
8 26
7 26
8 26
9 26
9 25
10 25
10 26
10 27
9 27
8 27
8 26
9 26
9 27
8 27
8 28
7 28
6 28
6 29
5 29
5 30
5 29
5 30
4 30
4 29
4 28
4 27
3 27
3 26
2 26
2 25
3 25
3 26
3 25
4 25
5 25
6 25
6 24
5 24
5 23
5 22
4 22
4 23
3 23
4 23
4 24
3 24
3 23
3 24
2 24
1 24
1 23
1 24
1 23
0 23
0 22
0 23
1 23
0 23
1 23
2 23
1 23
1 22
0 22
0 21
0 22
1 22
1 23
1 22
1 23
2 23
2 24
3 24
3 25
2 25
2 24
1 24
0 24
0 25
0 24
0 25
0 26
1 26
1 25
0 25
0 24
1 24
1 23
1 22
1 21
1 22
1 23
2 23
2 24
2 25
2 24
1 24
1 25
1 24
0 24
0 25
0 24
1 24
0 24
0 23
0 22
1 22
1 23
1 24
2 24
2 25
2 26
1 26
1 25
0 25
0 26
1 26
1 25
1 26
1 25
0 25
1 25
0 25
0 24
1 24
0 24
1 24
0 24
0 25
0 26
1 26
0 26
0 27
1 27
0 27
1 27
2 27
2 26
1 26
2 26
2 27
1 27
1 26
1 25
2 25
1 25
1 26
2 26
2 25
2 24
2 25
1 25
1 26
1 25
1 24
0 24
0 23
0 24
1 24
2 24
2 23
1 23
1 22
0 22
1 22
2 22
2 23
1 23
2 23
1 23
1 22
2 22
2 21
1 21
1 22
1 21
1 22
1 23
2 23
1 23
0 23
0 24
0 25
1 25
0 25
1 25
2 25
2 26
1 26
2 26
2 27
2 26
3 26
4 26
5 26
5 27
5 28
6 28
5 28
5 27
6 27
6 28
7 28
7 29
6 29
7 29
7 28
6 28
5 28
4 28
5 28
5 27
5 26
6 26
5 26
4 26
3 26
3 27
4 27
3 27
3 26
3 25
4 25
5 25
4 25
4 26
4 25
5 25
5 24
4 24
4 25
4 26
3 26
4 26
4 25
3 25
2 25
1 25
0 25
1 25
2 25
2 24
1 24
1 23
2 23
1 23
1 24
0 24
0 23
0 22
1 22
1 23
2 23
3 23
3 24
3 23
3 24
3 25
2 25
2 26
1 26
0 26
0 27
1 27
1 26
2 26
3 26
4 26
5 26
4 26
4 27
4 28
3 28
3 29
3 28
3 29
2 29
1 29
1 30
0 30
1 30
1 31
1 30
1 29
1 28
2 28
2 29
2 28
1 28
1 29
2 29
1 29
1 30
1 31
1 32
2 32
2 33
3 33
3 34
3 33
3 34
3 33
2 33
2 34
1 34
2 34
3 34
4 34
5 34
6 34
6 35
6 36
6 37
6 36
6 35
5 35
5 36
4 36
5 36
4 36
3 36
4 36
4 35
4 36
4 37
4 38
4 39
4 40
4 41
4 42
4 41
4 42
4 41
5 41
5 40
6 40
6 39
5 39
4 39
4 38
5 38
5 37
4 37
3 37
3 36
3 37
3 36
4 36
5 36
5 35
5 34
5 35
5 34
5 33
5 32
6 32
6 31
5 31
4 31
4 30
3 30
4 30
4 29
4 28
5 28
4 28
4 29
4 30
4 29
5 29
6 29
6 28
7 28
7 29
6 29
7 29
6 29
6 30
6 29
7 29
7 30
6 30
7 30
7 29
7 30
6 30
5 30
6 30
6 31
6 32
5 32
4 32
5 32
5 33
6 33
6 32
6 33
6 34
7 34
6 34
7 34
7 35
8 35
8 36
9 36
10 36
10 35
10 34
10 35
10 36
9 36
8 36
9 36
9 37
10 37
11 37
10 37
9 37
9 38
9 37
9 36
9 35
9 36
9 37
10 37
9 37
9 38
10 38
9 38
8 38
8 37
9 37
9 38
9 37
10 37
11 37
11 36
11 37
12 37
13 37
13 36
13 35
13 36
12 36
12 35
12 34
12 33
12 32
12 31
13 31
13 32
13 31
13 32
12 32
12 31
11 31
11 32
11 31
11 30
11 31
10 31
10 32
9 32
10 32
10 33
9 33
8 33
8 32
7 32
7 31
7 30
6 30
6 29
7 29
7 30
6 30
7 30
8 30
7 30
7 31
6 31
6 30
6 31
6 30
6 29
5 29
5 30
5 31
4 31
4 30
5 30
5 31
5 30
6 30
6 31
6 32
6 33
5 33
6 33
7 33
7 32
6 32
5 32
5 31
5 32
6 32
5 32
5 31
5 32
5 33
5 32
4 32
3 32
2 32
2 33
1 33
1 34
0 34
1 34
1 33
2 33
3 33
2 33
3 33
4 33
3 33
3 32
3 31
3 30
3 29
4 29
3 29
3 30
3 29
3 28
2 28
2 27
2 28
2 29
2 28
3 28
2 28
3 28
3 27
3 26
2 26
1 26
1 25
0 25
0 26
1 26
1 25
1 26
1 25
1 24
2 24
2 23
2 22
1 22
2 22
3 22
3 21
2 21
1 21
0 21
1 21
0 21
1 21
1 20
1 21
1 22
1 21
0 21
1 21
0 21
0 20
0 19
1 19
0 19
1 19
0 19
1 19
0 19
0 20
1 20
1 21
2 21
3 21
3 22
3 21
4 21
3 21
3 22
4 22
3 22
3 21
2 21
1 21
2 21
1 21
1 20
0 20
1 20
2 20
2 19
3 19
3 18
2 18
3 18
3 19
2 19
3 19
4 19
5 19
4 19
3 19
2 19
1 19
1 18
1 17
2 17
1 17
1 18
1 19
1 20
