0 0
0 1
0 2
1 2
2 2
3 2
2 2
2 3
2 2
2 1
2 2
2 3
2 2
1 2
1 3
1 4
1 5
1 6
1 7
1 6
1 7
1 6
1 5
1 6
1 7
0 7
1 7
0 7
0 6
0 5
0 6
0 7
1 7
1 8
0 8
0 7
0 8
1 8
1 9
0 9
1 9
1 8
1 7
0 7
0 8
0 9
0 10
0 11
0 10
0 9
1 9
2 9
2 8
2 9
3 9
4 9
4 8
4 7
5 7
5 8
5 9
5 8
6 8
5 8
5 7
4 7
5 7
6 7
5 7
5 6
6 6
6 5
7 5
7 4
7 3
8 3
8 2
8 3
7 3
8 3
7 3
6 3
6 2
6 1
6 2
6 3
5 3
5 2
4 2
3 2
3 1
4 1
3 1
4 1
4 0
4 1
5 1
4 1
4 2
5 2
4 2
3 2
4 2
4 3
4 2
5 2
5 1
5 0
5 1
4 1
4 2
4 3
3 3
2 3
1 3
1 2
0 2
0 1
0 0
1 0
1 1
0 1
1 1
1 2
2 2
2 1
2 0
2 1
2 0
3 0
2 0
2 1
2 2
3 2
2 2
3 2
3 3
2 3
3 3
3 4
4 4
3 4
2 4
2 5
1 5
1 6
2 6
1 6
0 6
0 5
1 5
1 6
0 6
1 6
2 6
2 7
2 6
1 6
0 6
0 7
1 7
0 7
1 7
2 7
3 7
4 7
3 7
4 7
3 7
2 7
2 6
1 6
2 6
1 6
2 6
1 6
1 5
1 6
0 6
0 5
0 4
1 4
1 3
1 2
1 3
1 4
1 5
0 5
0 4
1 4
1 5
2 5
2 4
3 4
3 3
3 4
3 5
4 5
4 6
4 5
5 5
5 4
5 5
5 4
5 5
5 6
5 7
4 7
4 6
5 6
5 7
5 6
4 6
3 6
4 6
4 7
5 7
5 8
4 8
3 8
2 8
2 7
2 6
2 7
1 7
1 8
1 7
2 7
2 8
2 9
3 9
3 10
3 11
3 10
4 10
4 9
3 9
2 9
2 8
3 8
3 9
3 10
4 10
4 11
3 11
2 11
2 10
1 10
1 11
2 11
2 12
2 11
1 11
1 12
0 12
1 12
0 12
0 13
0 12
1 12
2 12
3 12
3 13
3 12
3 11
4 11
4 12
4 13
4 14
5 14
5 15
6 15
7 15
7 16
7 17
7 16
8 16
8 17
8 18
9 18
9 19
9 18
10 18
9 18
9 17
10 17
9 17
10 17
10 16
9 16
10 16
10 17
9 17
10 17
11 17
11 16
11 15
10 15
9 15
9 14
10 14
10 15
11 15
11 14
12 14
13 14
14 14
15 14
15 13
15 14
14 14
15 14
14 14
14 13
14 12
15 12
16 12
15 12
16 12
16 11
16 10
15 10
15 11
15 10
15 9
16 9
16 8
16 9
17 9
17 10
17 9
16 9
15 9
15 8
15 9
15 10
14 10
13 10
13 11
14 11
14 10
13 10
13 9
13 8
13 9
14 9
14 8
14 9
14 8
14 9
13 9
13 8
13 7
13 6
14 6
14 5
14 6
14 5
14 6
15 6
15 5
14 5
14 4
13 4
14 4
14 5
13 5
14 5
14 6
14 7
14 8
15 8
14 8
13 8
12 8
12 7
12 8
12 9
11 9
11 10
12 10
12 9
13 9
12 9
11 9
11 10
11 11
12 11
12 12
13 12
13 13
14 13
14 14
14 15
14 16
13 16
13 15
12 15
13 15
14 15
15 15
15 14
16 14
16 15
15 15
15 16
15 17
16 17
16 18
17 18
17 19
17 20
16 20
15 20
15 21
15 22
14 22
14 21
14 20
14 21
14 20
14 19
14 18
13 18
13 19
13 18
13 17
12 17
12 16
11 16
11 15
12 15
13 15
12 15
12 16
11 16
11 15
11 16
10 16
10 17
10 18
10 19
9 19
10 19
10 18
11 18
12 18
12 19
12 18
11 18
12 18
12 17
11 17
10 17
9 17
8 17
8 16
8 15
9 15
8 15
7 15
7 16
7 17
7 16
6 16
5 16
5 17
6 17
6 16
7 16
7 17
6 17
7 17
7 18
7 19
6 19
5 19
5 20
6 20
7 20
8 20
8 21
8 20
9 20
8 20
8 19
8 20
7 20
8 20
8 19
8 20
7 20
7 21
7 22
7 23
7 24
6 24
7 24
8 24
7 24
7 23
6 23
7 23
8 23
8 22
9 22
9 21
10 21
10 22
11 22
11 21
11 22
12 22
11 22
11 23
11 22
10 22
10 21
10 22
11 22
11 21
10 21
10 20
10 19
10 18
10 17
10 18
9 18
8 18
8 19
9 19
10 19
11 19
11 20
11 21
10 21
10 22
11 22
12 22
13 22
14 22
14 23
13 23
14 23
13 23
14 23
14 24
14 23
13 23
14 23
15 23
15 24
14 24
14 25
14 24
14 25
14 24
13 24
13 23
14 23
14 24
14 23
14 24
13 24
14 24
15 24
15 25
15 26
15 27
16 27
16 28
16 27
16 28
17 28
17 29
17 28
18 28
17 28
18 28
18 27
17 27
18 27
18 28
17 28
17 27
18 27
18 26
19 26
20 26
20 27
19 27
19 26
20 26
20 25
20 26
20 25
20 24
19 24
20 24
19 24
20 24
20 23
20 24
20 25
20 26
20 27
20 26
20 25
20 26
21 26
20 26
20 27
20 28
19 28
19 27
18 27
19 27
19 28
19 27
19 26
19 25
19 24
20 24
20 23
20 22
20 23
19 23
19 24
19 25
19 24
20 24
20 25
21 25
21 26
21 25
20 25
20 26
21 26
21 27
20 27
20 28
19 28
18 28
18 27
18 28
17 28
17 29
17 28
17 27
16 27
17 27
16 27
16 26
17 26
16 26
15 26
15 27
16 27
16 28
17 28
16 28
17 28
18 28
18 27
19 27
18 27
17 27
18 27
18 26
18 27
18 28
17 28
17 27
18 27
19 27
19 28
18 28
17 28
16 28
16 27
15 27
16 27
16 26
17 26
16 26
16 27
16 26
16 25
15 25
16 25
16 26
17 26
17 27
17 26
17 27
16 27
16 26
17 26
17 27
17 28
17 29
17 30
16 30
16 31
15 31
16 31
15 31
16 31
16 32
16 33
17 33
18 33
18 32
18 33
18 34
17 34
18 34
17 34
16 34
16 35
16 36
16 35
15 35
15 36
15 35
14 35
13 35
13 36
13 35
12 35
12 34
13 34
12 34
11 34
10 34
11 34
11 33
11 32
11 33
12 33
12 32
12 31
13 31
13 30
14 30
15 30
15 31
15 30
16 30
16 31
16 32
15 32
16 32
16 33
15 33
14 33
13 33
14 33
14 32
14 31
15 31
15 30
15 29
14 29
15 29
16 29
16 30
15 30
16 30
15 30
15 29
14 29
13 29
13 30
12 30
11 30
10 30
9 30
9 31
9 30
9 29
9 30
9 29
9 28
9 29
9 28
9 27
9 26
10 26
10 25
9 25
9 24
10 24
11 24
10 24
11 24
12 24
13 24
13 25
12 25
12 24
11 24
10 24
9 24
8 24
8 23
8 22
8 21
8 22
8 23
8 22
9 22
9 23
9 24
9 23
9 24
9 23
9 22
9 21
9 20
9 21
8 21
9 21
10 21
9 21
9 20
9 21
9 22
8 22
9 22
10 22
11 22
11 23
11 24
12 24
12 25
12 26
13 26
13 27
14 27
14 28
15 28
14 28
14 29
14 28
15 28
16 28
17 28
18 28
18 29
17 29
18 29
18 28
17 28
18 28
17 28
17 27
17 28
17 29
17 28
18 28
19 28
19 29
19 30
19 29
19 28
19 27
19 26
19 25
19 26
18 26
18 25
17 25
17 26
17 25
16 25
16 26
17 26
17 27
16 27
17 27
17 28
17 29
18 29
17 29
17 30
17 29
17 28
18 28
18 27
19 27
18 27
18 28
17 28
17 27
17 26
16 26
16 25
15 25
15 26
16 26
16 25
16 26
15 26
14 26
15 26
16 26
17 26
18 26
18 25
17 25
17 26
18 26
18 25
18 24
17 24
17 25
16 25
16 24
16 25
15 25
16 25
16 26
16 25
17 25
18 25
19 25
19 26
18 26
18 25
18 24
18 23
17 23
17 24
18 24
19 24
19 25
19 24
18 24
18 23
18 22
19 22
18 22
18 21
19 21
18 21
18 20
17 20
18 20
18 19
18 18
17 18
16 18
15 18
14 18
15 18
15 17
14 17
13 17
12 17
13 17
12 17
11 17
11 18
10 18
11 18
12 18
11 18
11 17
11 18
11 19
10 19
10 18
10 19
11 19
11 20
11 19
10 19
10 18
11 18
12 18
12 19
11 19
11 20
11 19
12 19
12 18
12 17
13 17
12 17
11 17
12 17
13 17
12 17
13 17
12 17
11 17
11 18
10 18
10 17
