0 0
0 1
0 0
0 1
0 2
1 2
1 3
1 4
1 3
0 3
0 2
1 2
2 2
2 1
1 1
2 1
1 1
1 0
1 1
2 1
2 2
1 2
1 3
1 2
0 2
0 1
1 1
1 2
1 1
1 2
1 3
1 2
2 2
2 3
2 2
3 2
2 2
2 3
2 2
3 2
3 1
4 1
4 2
5 2
5 3
5 4
5 5
4 5
4 4
5 4
5 5
6 5
6 4
7 4
7 5
6 5
5 5
6 5
6 6
6 7
6 6
5 6
5 7
5 8
6 8
5 8
4 8
3 8
4 8
4 9
5 9
4 9
5 9
5 8
5 9
5 8
5 9
6 9
5 9
5 8
5 7
6 7
5 7
6 7
6 8
7 8
7 7
6 7
6 8
6 7
6 8
6 9
6 10
7 10
7 9
6 9
5 9
5 8
5 9
4 9
4 10
4 11
4 12
4 11
4 10
4 9
3 9
4 9
4 8
4 9
5 9
6 9
6 10
5 10
6 10
6 11
7 11
7 12
7 13
7 12
7 11
6 11
6 12
7 12
6 12
6 11
6 10
6 9
6 10
6 9
6 10
6 9
7 9
8 9
7 9
6 9
6 8
5 8
4 8
5 8
4 8
4 7
4 8
3 8
2 8
3 8
3 7
4 7
3 7
3 6
3 5
3 4
3 5
4 5
3 5
3 6
3 5
2 5
2 6
2 7
2 6
1 6
1 5
1 6
2 6
2 5
2 6
2 5
1 5
1 6
2 6
3 6
3 5
4 5
5 5
5 4
5 3
6 3
7 3
7 4
8 4
7 4
6 4
6 3
6 4
7 4
7 5
7 6
7 5
7 6
7 7
7 6
7 7
6 7
6 8
6 9
6 10
7 10
8 10
8 11
8 12
8 11
9 11
9 10
9 11
9 12
9 11
9 10
8 10
8 9
9 9
10 9
10 10
9 10
9 11
10 11
10 10
10 9
9 9
8 9
7 9
6 9
5 9
4 9
5 9
6 9
7 9
8 9
8 8
9 8
9 7
9 6
9 7
9 8
9 9
9 8
9 7
9 8
9 9
9 8
9 9
9 8
9 7
9 6
10 6
10 7
10 8
10 7
10 6
10 7
11 7
11 8
12 8
11 8
11 9
12 9
12 10
12 11
11 11
12 11
12 12
13 12
14 12
14 13
14 14
14 13
14 14
14 15
14 16
13 16
12 16
12 17
13 17
13 16
13 15
12 15
12 16
12 15
11 15
12 15
11 15
12 15
12 14
12 13
12 12
11 12
11 11
12 11
12 10
12 9
13 9
13 8
13 9
12 9
13 9
13 10
12 10
12 9
12 10
12 9
12 8
12 7
12 8
13 8
12 8
11 8
11 7
12 7
11 7
10 7
11 7
11 6
12 6
12 5
12 4
12 5
13 5
12 5
12 4
12 5
13 5
13 6
14 6
13 6
13 5
14 5
15 5
15 4
15 5
15 4
16 4
15 4
16 4
16 5
16 6
15 6
14 6
15 6
15 5
16 5
17 5
16 5
15 5
16 5
15 5
14 5
14 6
14 7
14 8
14 9
15 9
16 9
16 10
16 9
16 8
16 9
16 10
15 10
15 11
14 11
14 10
14 9
14 10
15 10
15 9
16 9
16 8
15 8
15 9
15 8
16 8
15 8
14 8
14 7
14 8
14 7
14 6
14 5
13 5
13 6
13 7
14 7
14 8
14 7
13 7
12 7
13 7
14 7
13 7
13 8
14 8
13 8
13 9
13 10
12 10
11 10
12 10
12 9
12 8
11 8
11 9
10 9
11 9
11 10
11 9
11 8
11 7
11 6
11 5
11 4
10 4
10 3
11 3
12 3
11 3
12 3
11 3
11 4
11 5
11 4
12 4
13 4
14 4
15 4
15 3
15 2
15 1
15 2
15 1
16 1
16 2
16 1
16 0
16 1
16 2
16 1
17 1
16 1
16 2
16 1
17 1
17 2
18 2
18 3
17 3
18 3
19 3
18 3
18 4
19 4
19 3
20 3
20 4
20 3
20 4
20 3
19 3
20 3
19 3
19 4
19 5
20 5
21 5
20 5
21 5
21 4
21 3
21 2
21 1
20 1
21 1
21 0
20 0
20 1
21 1
21 2
21 1
21 0
22 0
21 0
22 0
22 1
23 1
24 1
23 1
22 1
21 1
21 2
22 2
22 3
22 2
22 1
23 1
22 1
23 1
23 0
22 0
22 1
22 2
23 2
23 3
23 4
23 3
22 3
22 2
21 2
21 3
22 3
23 3
23 2
23 1
22 1
22 0
23 0
22 0
22 1
23 1
23 2
23 1
22 1
21 1
21 0
20 0
20 1
21 1
20 1
21 1
21 2
20 2
20 1
21 1
21 2
21 1
21 0
20 0
20 1
20 0
21 0
22 0
22 1
22 0
22 1
23 1
22 1
22 0
23 0
22 0
21 0
21 1
21 2
21 1
21 0
22 0
22 1
22 0
23 0
23 1
23 2
24 2
24 3
25 3
25 4
26 4
26 5
26 6
26 5
25 5
26 5
26 6
27 6
27 5
28 5
28 4
27 4
28 4
28 3
28 2
29 2
29 3
29 2
29 1
28 1
27 1
27 2
27 3
26 3
27 3
27 4
27 3
27 4
27 3
27 2
28 2
28 1
29 1
28 1
28 2
29 2
29 3
30 3
29 3
30 3
31 3
31 4
31 5
30 5
29 5
28 5
27 5
28 5
27 5
26 5
26 6
26 5
25 5
24 5
24 4
25 4
26 4
26 5
26 4
25 4
24 4
24 5
24 6
24 5
23 5
24 5
23 5
24 5
24 6
25 6
25 5
25 6
26 6
26 5
27 5
28 5
28 4
29 4
30 4
30 3
29 3
30 3
31 3
30 3
31 3
32 3
32 2
32 1
33 1
34 1
33 1
34 1
34 0
34 1
35 1
35 0
35 1
34 1
33 1
34 1
34 2
34 1
34 2
33 2
33 1
34 1
34 0
33 0
33 1
34 1
35 1
35 0
34 0
34 1
34 0
35 0
34 0
33 0
33 1
33 0
32 0
31 0
32 0
31 0
31 1
32 1
31 1
32 1
32 0
33 0
34 0
34 1
34 2
34 1
35 1
35 0
35 1
34 1
33 1
34 1
35 1
35 0
35 1
35 0
34 0
35 0
36 0
37 0
37 1
36 1
36 2
37 2
37 3
36 3
35 3
36 3
35 3
35 4
34 4
34 5
34 6
34 7
34 8
34 9
34 8
35 8
35 9
34 9
33 9
33 8
32 8
32 7
33 7
32 7
31 7
31 8
32 8
31 8
32 8
32 7
32 6
31 6
30 6
31 6
32 6
31 6
31 7
30 7
30 8
30 7
31 7
31 6
30 6
29 6
30 6
31 6
32 6
32 7
32 8
32 7
32 8
32 7
33 7
33 8
33 7
33 6
33 5
32 5
33 5
33 4
33 3
33 4
33 5
32 5
32 4
33 4
33 5
33 6
33 5
32 5
33 5
34 5
35 5
35 6
35 7
35 8
35 9
35 8
35 9
34 9
33 9
33 10
33 11
34 11
34 10
35 10
36 10
35 10
36 10
36 11
36 12
36 11
36 10
36 11
35 11
36 11
35 11
34 11
34 12
34 13
35 13
35 14
36 14
36 13
36 12
35 12
35 11
36 11
37 11
38 11
38 10
38 11
38 12
38 13
37 13
37 14
37 13
38 13
39 13
40 13
40 12
40 13
41 13
41 12
42 12
43 12
44 12
44 11
44 12
44 13
44 14
44 15
44 14
44 15
45 15
46 15
47 15
46 15
47 15
47 16
47 15
48 15
49 15
49 14
49 13
49 14
49 13
49 12
48 12
47 12
48 12
48 13
49 13
50 13
51 13
51 12
52 12
51 12
51 11
52 11
52 10
52 11
52 12
52 11
52 12
53 12
54 12
54 11
53 11
53 12
53 11
53 12
54 12
53 12
54 12
54 13
53 13
53 14
53 13
54 13
54 12
54 13
53 13
53 12
53 11
52 11
52 10
53 10
53 9
53 10
53 11
54 11
53 11
53 10
52 10
52 9
53 9
52 9
52 10
53 10
53 11
54 11
54 12
54 13
53 13
54 13
54 12
54 13
54 12
53 12
52 12
53 12
54 12
55 12
55 13
56 13
55 13
54 13
54 12
53 12
52 12
52 11
52 12
51 12
52 12
53 12
53 11
52 11
53 11
53 12
52 12
53 12
53 13
54 13
54 14
54 13
54 12
54 13
54 12
53 12
53 13
53 14
52 14
53 14
53 13
52 13
53 13
54 13
53 13
54 13
55 13
54 13
55 13
54 13
54 12
54 13
53 13
53 12
53 11
53 10
54 10
53 10
54 10
54 11
54 12
54 11
54 10
54 9
54 10
54 9
54 8
54 7
54 6
54 5
54 4
55 4
54 4
53 4
53 5
52 5
52 6
52 7
53 7
52 7
53 7
53 8
53 9
54 9
