0 0
0 1
1 1
1 0
1 1
1 0
2 0
2 1
2 0
2 1
1 1
0 1
1 1
0 1
0 0
0 1
0 0
0 1
0 2
1 2
1 1
0 1
0 0
0 1
0 2
0 3
1 3
1 2
1 1
1 0
0 0
0 1
1 1
2 1
1 1
1 0
1 1
0 1
0 0
1 0
0 0
0 1
1 1
1 0
1 1
0 1
1 1
1 0
0 0
0 1
0 2
1 2
2 2
2 3
2 4
1 4
1 5
2 5
2 6
2 5
3 5
3 4
3 5
2 5
2 6
2 7
1 7
1 6
0 6
0 7
0 8
1 8
2 8
2 7
2 8
1 8
2 8
1 8
2 8
2 9
3 9
4 9
4 10
3 10
3 11
3 12
4 12
3 12
3 13
3 12
3 13
4 13
5 13
5 12
6 12
5 12
4 12
3 12
3 13
3 14
4 14
4 13
3 13
3 14
3 13
3 14
3 13
2 13
1 13
2 13
2 12
3 12
3 13
3 12
3 11
4 11
4 10
3 10
3 11
3 10
2 10
2 9
1 9
1 10
1 11
0 11
0 10
1 10
1 9
2 9
3 9
4 9
5 9
5 10
6 10
7 10
6 10
7 10
7 9
7 8
7 9
7 8
8 8
8 9
8 8
8 9
8 10
9 10
10 10
10 9
10 10
10 9
10 10
9 10
9 11
9 10
9 9
8 9
7 9
7 8
6 8
6 7
6 6
7 6
6 6
6 7
6 8
7 8
7 7
6 7
6 6
7 6
7 7
8 7
9 7
8 7
9 7
9 8
10 8
10 9
11 9
10 9
9 9
9 8
9 9
8 9
9 9
9 8
9 7
9 8
8 8
9 8
10 8
10 7
10 8
10 7
10 6
11 6
10 6
10 7
9 7
8 7
8 8
8 9
8 8
7 8
7 7
8 7
8 6
9 6
10 6
10 7
9 7
9 8
9 9
8 9
8 10
7 10
8 10
8 11
7 11
6 11
6 10
5 10
5 9
6 9
6 8
5 8
4 8
5 8
4 8
4 7
4 6
5 6
5 7
5 6
5 5
5 6
5 5
5 4
5 5
4 5
4 4
3 4
2 4
1 4
2 4
2 3
2 2
2 3
2 2
3 2
2 2
2 3
1 3
2 3
2 2
3 2
4 2
4 1
3 1
3 0
3 1
3 2
4 2
4 3
4 2
4 1
4 0
3 0
3 1
2 1
2 2
2 3
3 3
2 3
3 3
4 3
4 4
5 4
5 5
4 5
3 5
3 4
3 3
3 2
4 2
4 1
4 0
5 0
5 1
5 2
5 3
6 3
6 2
6 1
6 0
6 1
6 0
6 1
6 0
6 1
7 1
8 1
9 1
9 0
9 1
10 1
10 0
10 1
11 1
11 2
10 2
10 3
11 3
12 3
13 3
13 2
14 2
14 3
14 4
15 4
16 4
17 4
16 4
16 3
16 4
16 3
15 3
14 3
15 3
14 3
13 3
12 3
12 4
12 5
12 4
12 5
11 5
10 5
11 5
10 5
11 5
11 4
11 5
11 4
11 3
10 3
11 3
10 3
11 3
12 3
11 3
10 3
10 4
10 5
10 4
9 4
9 5
9 4
8 4
9 4
10 4
9 4
8 4
8 3
8 2
8 1
9 1
9 0
10 0
10 1
11 1
11 0
11 1
11 0
11 1
12 1
13 1
12 1
12 0
12 1
12 2
11 2
10 2
9 2
8 2
8 1
8 2
7 2
8 2
9 2
10 2
10 1
10 0
10 1
9 1
9 0
9 1
8 1
8 2
8 3
9 3
9 2
9 1
8 1
7 1
8 1
8 0
8 1
9 1
8 1
8 2
8 3
9 3
8 3
7 3
7 2
6 2
6 1
7 1
7 0
7 1
6 1
6 0
5 0
5 1
5 2
4 2
4 3
4 2
3 2
4 2
5 2
5 3
4 3
4 2
5 2
6 2
6 3
7 3
7 2
7 3
6 3
6 4
5 4
5 5
6 5
6 6
6 5
6 4
6 3
5 3
5 4
5 5
4 5
3 5
3 6
4 6
4 5
5 5
4 5
5 5
4 5
4 4
4 3
5 3
5 2
5 3
6 3
5 3
6 3
5 3
6 3
5 3
6 3
5 3
6 3
7 3
7 2
7 3
7 4
6 4
6 5
6 6
6 5
7 5
7 6
8 6
8 5
7 5
8 5
8 4
8 5
8 4
9 4
9 3
8 3
9 3
10 3
11 3
10 3
10 4
10 5
9 5
10 5
9 5
9 4
10 4
10 5
10 6
11 6
12 6
12 5
13 5
13 4
13 5
14 5
14 6
13 6
12 6
11 6
11 7
11 8
10 8
9 8
9 9
9 10
9 11
9 10
9 11
8 11
9 11
9 10
8 10
8 11
8 10
9 10
9 11
10 11
11 11
11 12
11 11
12 11
12 10
13 10
14 10
13 10
13 9
14 9
14 8
15 8
15 7
16 7
16 6
17 6
16 6
16 7
17 7
17 8
16 8
15 8
16 8
16 9
15 9
14 9
14 10
13 10
14 10
14 11
15 11
16 11
16 12
16 11
16 12
16 11
16 12
16 11
17 11
17 12
16 12
16 11
16 10
17 10
18 10
18 9
18 8
18 7
18 8
17 8
18 8
17 8
17 7
18 7
18 8
19 8
19 7
19 8
19 7
19 8
18 8
17 8
17 7
16 7
17 7
17 8
18 8
17 8
18 8
18 9
18 8
18 9
19 9
19 8
20 8
19 8
19 7
19 6
19 5
20 5
20 6
20 5
21 5
20 5
20 4
20 5
19 5
20 5
20 4
19 4
19 5
18 5
18 6
19 6
18 6
18 5
18 4
17 4
16 4
16 3
15 3
15 2
15 1
16 1
16 2
15 2
15 3
15 4
15 3
15 2
16 2
16 1
16 0
17 0
18 0
18 1
17 1
17 2
17 1
17 0
17 1
16 1
15 1
16 1
16 2
16 3
16 4
16 3
16 2
17 2
17 3
17 4
18 4
17 4
16 4
15 4
16 4
15 4
15 5
16 5
15 5
16 5
16 6
16 7
16 8
16 9
15 9
15 10
16 10
17 10
18 10
19 10
18 10
19 10
20 10
21 10
22 10
22 11
22 12
22 11
22 12
22 11
22 10
21 10
21 11
20 11
21 11
21 10
21 11
22 11
22 12
21 12
21 13
22 13
22 14
22 13
22 14
22 15
23 15
24 15
24 16
25 16
26 16
26 17
27 17
27 16
27 15
26 15
26 14
27 14
28 14
27 14
28 14
27 14
27 15
28 15
27 15
27 14
26 14
26 13
25 13
26 13
26 14
26 13
26 12
26 13
25 13
26 13
26 14
26 13
27 13
28 13
28 12
28 13
28 14
29 14
29 15
30 15
30 14
29 14
28 14
27 14
27 13
26 13
27 13
27 12
26 12
25 12
25 11
25 12
25 13
24 13
24 14
24 13
24 12
24 13
24 14
24 13
24 14
25 14
26 14
26 13
27 13
26 13
27 13
26 13
26 14
27 14
26 14
26 15
27 15
27 16
27 17
28 17
28 16
28 15
28 14
28 13
27 13
27 14
27 15
26 15
26 16
26 15
26 14
27 14
28 14
29 14
29 13
29 14
29 13
30 13
30 14
31 14
32 14
33 14
34 14
35 14
36 14
36 13
35 13
35 12
36 12
36 11
36 12
37 12
37 13
37 12
36 12
36 11
37 11
36 11
36 10
36 9
36 8
37 8
38 8
39 8
40 8
40 9
39 9
39 10
40 10
39 10
40 10
39 10
39 11
39 12
38 12
38 11
38 10
38 11
38 10
38 9
39 9
39 8
39 7
38 7
38 8
38 9
38 10
38 11
38 10
38 11
37 11
37 12
36 12
35 12
34 12
33 12
33 11
33 10
33 11
34 11
34 10
34 11
34 12
34 13
35 13
34 13
34 14
34 13
35 13
34 13
35 13
34 13
35 13
35 14
35 15
35 14
35 15
36 15
36 16
37 16
36 16
36 15
35 15
34 15
33 15
33 14
33 13
32 13
32 14
32 13
33 13
34 13
35 13
36 13
35 13
35 14
34 14
34 15
33 15
33 14
33 15
34 15
34 14
35 14
34 14
34 15
34 16
35 16
35 17
35 18
34 18
34 17
35 17
34 17
33 17
33 16
34 16
34 15
35 15
36 15
35 15
35 14
34 14
35 14
34 14
33 14
34 14
34 15
33 15
32 15
31 15
31 16
31 15
30 15
29 15
29 14
29 15
29 16
29 17
29 16
29 17
29 18
29 19
29 20
28 20
28 21
29 21
29 22
29 23
29 22
28 22
28 23
28 22
28 21
28 20
28 19
27 19
27 18
27 17
27 18
26 18
26 17
26 16
27 16
27 15
26 15
26 16
27 16
28 16
28 15
29 15
28 15
28 16
28 17
27 17
27 18
27 19
26 19
26 18
26 17
25 17
25 18
24 18
24 19
23 19
23 20
