0 0
0 1
0 0
1 0
0 0
0 1
1 1
2 1
3 1
2 1
2 2
2 3
3 3
4 3
4 4
3 4
3 3
3 2
2 2
2 1
1 1
1 2
1 1
1 0
1 1
1 2
1 3
1 4
0 4
1 4
2 4
2 3
3 3
3 2
2 2
3 2
3 3
2 3
1 3
2 3
2 4
2 3
2 2
2 1
1 1
2 1
2 0
1 0
0 0
1 0
1 1
0 1
1 1
1 2
1 1
1 0
2 0
3 0
3 1
3 0
3 1
2 1
3 1
2 1
1 1
0 1
0 2
0 1
0 0
1 0
1 1
1 2
0 2
0 3
1 3
0 3
1 3
0 3
1 3
1 4
2 4
2 3
3 3
2 3
2 4
2 5
2 4
2 5
3 5
2 5
2 4
1 4
1 5
2 5
2 4
3 4
2 4
3 4
2 4
2 3
2 2
2 1
1 1
0 1
1 1
0 1
0 0
0 1
1 1
1 2
1 3
1 2
2 2
1 2
1 3
1 4
1 3
2 3
1 3
0 3
1 3
1 4
1 3
0 3
1 3
1 2
1 1
1 2
1 3
0 3
0 2
0 3
0 2
0 1
1 1
0 1
1 1
0 1
0 2
0 1
1 1
1 0
1 1
0 1
1 1
0 1
1 1
1 2
1 1
2 1
1 1
1 2
0 2
1 2
2 2
2 3
2 4
1 4
1 3
2 3
2 4
2 3
3 3
4 3
4 2
4 1
3 1
4 1
4 0
4 1
5 1
4 1
4 0
4 1
3 1
3 2
3 3
3 2
3 1
4 1
3 1
3 0
3 1
2 1
2 2
2 3
3 3
3 2
3 3
2 3
1 3
0 3
0 2
0 1
0 0
1 0
1 1
2 1
1 1
0 1
0 0
1 0
1 1
2 1
1 1
1 0
2 0
2 1
2 2
1 2
1 1
2 1
1 1
0 1
0 2
0 3
0 2
0 1
1 1
1 2
1 3
2 3
2 2
2 1
3 1
2 1
1 1
2 1
3 1
3 2
3 1
2 1
1 1
1 2
1 1
1 0
1 1
2 1
3 1
4 1
5 1
5 2
4 2
5 2
4 2
3 2
3 3
4 3
4 4
4 5
4 4
4 5
4 6
3 6
2 6
2 7
2 8
1 8
1 7
0 7
1 7
1 8
0 8
1 8
1 7
0 7
1 7
2 7
2 8
2 9
3 9
2 9
2 10
2 9
1 9
1 10
1 11
0 11
0 12
1 12
2 12
1 12
1 11
1 10
1 11
1 10
0 10
0 11
1 11
2 11
3 11
4 11
5 11
5 12
4 12
5 12
5 13
5 12
4 12
5 12
5 11
6 11
7 11
8 11
7 11
7 12
7 13
6 13
7 13
6 13
6 14
7 14
8 14
9 14
10 14
10 15
10 16
10 17
11 17
12 17
13 17
14 17
13 17
14 17
15 17
15 18
15 17
15 16
15 17
16 17
17 17
17 18
17 17
17 16
18 16
18 17
18 18
19 18
20 18
19 18
20 18
21 18
21 19
21 18
20 18
20 17
21 17
21 18
21 19
20 19
20 18
19 18
18 18
19 18
19 17
20 17
21 17
20 17
20 16
19 16
19 15
19 14
18 14
18 15
18 16
18 17
19 17
19 16
18 16
19 16
20 16
19 16
19 15
19 16
19 15
18 15
19 15
19 14
19 13
20 13
20 14
20 13
19 13
19 12
20 12
20 13
20 12
20 11
20 12
21 12
20 12
20 13
19 13
18 13
18 12
18 13
18 12
19 12
19 13
20 13
20 14
19 14
20 14
20 13
20 14
19 14
20 14
21 14
21 15
20 15
21 15
22 15
21 15
21 16
21 17
20 17
21 17
20 17
20 18
20 17
20 16
20 15
20 16
19 16
19 15
18 15
17 15
16 15
16 14
17 14
16 14
15 14
16 14
16 13
17 13
17 14
18 14
17 14
17 13
16 13
16 14
16 15
16 16
15 16
15 17
15 16
14 16
14 15
14 16
14 15
14 16
15 16
15 15
14 15
14 14
13 14
14 14
13 14
13 13
13 12
13 11
13 12
13 11
12 11
11 11
12 11
13 11
14 11
15 11
14 11
15 11
15 10
15 11
15 10
16 10
16 11
15 11
14 11
13 11
13 12
12 12
11 12
11 11
11 12
12 12
12 13
11 13
10 13
10 14
9 14
9 13
9 12
9 13
10 13
11 13
12 13
12 14
11 14
10 14
11 14
10 14
10 15
10 16
11 16
11 15
10 15
10 16
10 15
10 16
11 16
11 15
12 15
12 14
13 14
13 13
13 14
13 15
14 15
14 14
15 14
14 14
14 15
14 16
15 16
14 16
14 17
15 17
15 18
16 18
16 19
17 19
18 19
18 18
18 17
19 17
19 18
19 19
18 19
19 19
20 19
21 19
22 19
21 19
21 20
21 21
22 21
22 20
23 20
22 20
23 20
24 20
24 19
23 19
23 18
22 18
22 19
22 20
23 20
23 21
22 21
22 20
22 21
22 20
22 21
22 22
22 23
22 22
23 22
23 21
23 20
22 20
23 20
22 20
23 20
23 19
22 19
22 18
21 18
20 18
20 19
20 20
21 20
20 20
19 20
18 20
19 20
20 20
20 19
20 20
19 20
20 20
20 21
20 20
21 20
21 21
21 20
22 20
23 20
23 19
23 20
23 19
24 19
25 19
24 19
24 18
24 17
24 16
24 17
23 17
24 17
24 16
24 15
25 15
25 16
24 16
24 15
25 15
25 14
25 15
26 15
26 16
27 16
26 16
25 16
25 17
24 17
24 16
24 17
24 18
24 19
24 18
24 17
23 17
22 17
22 16
22 15
22 16
22 17
21 17
20 17
21 17
22 17
21 17
21 16
21 15
22 15
21 15
21 14
20 14
20 15
19 15
18 15
19 15
19 16
18 16
19 16
18 16
18 17
19 17
20 17
21 17
21 16
21 15
22 15
22 16
21 16
21 15
21 14
22 14
23 14
22 14
22 13
23 13
24 13
24 14
25 14
25 15
26 15
26 16
26 15
27 15
27 14
26 14
26 15
26 14
25 14
26 14
25 14
25 13
25 12
26 12
27 12
26 12
27 12
28 12
28 13
28 14
28 13
28 12
28 13
29 13
29 14
28 14
28 15
29 15
28 15
29 15
28 15
28 16
27 16
27 17
26 17
27 17
28 17
28 18
28 19
29 19
29 20
28 20
28 19
28 18
28 19
28 18
29 18
30 18
30 17
31 17
31 16
31 15
31 14
31 13
30 13
30 14
30 15
30 14
30 15
31 15
31 14
31 15
31 16
30 16
30 15
31 15
31 16
32 16
31 16
31 17
31 18
31 17
32 17
31 17
31 18
32 18
31 18
31 17
31 18
30 18
30 19
30 20
31 20
31 21
31 20
32 20
33 20
33 19
33 18
33 17
33 16
33 17
34 17
33 17
33 16
34 16
34 17
35 17
34 17
34 16
34 17
34 18
34 19
35 19
35 18
35 17
36 17
36 16
35 16
36 16
37 16
36 16
36 15
36 14
35 14
35 13
34 13
34 12
35 12
34 12
35 12
35 11
36 11
36 10
35 10
35 11
34 11
33 11
34 11
35 11
34 11
35 11
36 11
35 11
36 11
37 11
37 10
36 10
36 11
35 11
34 11
35 11
34 11
34 10
34 9
33 9
34 9
34 10
35 10
35 9
35 10
36 10
35 10
34 10
34 11
35 11
35 10
34 10
35 10
35 9
35 10
34 10
33 10
34 10
34 9
34 8
34 7
33 7
33 8
34 8
33 8
33 9
32 9
32 8
32 9
33 9
34 9
33 9
34 9
35 9
36 9
36 10
35 10
35 9
36 9
37 9
37 10
36 10
36 9
35 9
35 8
35 7
36 7
37 7
38 7
39 7
39 8
39 9
40 9
40 8
41 8
42 8
41 8
41 7
40 7
41 7
40 7
39 7
39 6
39 7
40 7
40 6
39 6
39 5
40 5
39 5
38 5
37 5
36 5
37 5
37 6
38 6
37 6
36 6
36 7
36 8
37 8
37 9
38 9
38 8
39 8
39 9
38 9
38 8
38 7
37 7
38 7
38 6
37 6
37 7
37 6
37 5
38 5
37 5
36 5
36 6
35 6
36 6
36 5
36 6
35 6
34 6
35 6
36 6
35 6
36 6
35 6
36 6
35 6
35 5
35 6
35 5
36 5
36 4
36 5
37 5
36 5
36 4
35 4
35 3
35 2
35 1
36 1
37 1
37 0
36 0
36 1
37 1
37 0
37 1
37 2
36 2
35 2
34 2
35 2
35 3
35 4
36 4
35 4
35 5
35 4
35 5
34 5
34 4
33 4
34 4
35 4
34 4
33 4
33 5
32 5
33 5
33 6
34 6
34 5
34 4
33 4
33 5
34 5
34 6
34 5
35 5
35 4
35 3
35 2
35 3
35 4
34 4
34 3
34 4
34 5
34 4
34 3
