0 0
1 0
2 0
3 0
2 0
3 0
2 0
2 1
2 0
1 0
1 1
1 2
2 2
3 2
2 2
2 3
2 2
3 2
2 2
3 2
4 2
4 1
5 1
5 2
4 2
3 2
3 3
2 3
1 3
1 2
1 1
1 2
2 2
2 3
3 3
2 3
1 3
1 2
1 3
2 3
2 4
1 4
2 4
2 5
2 6
2 5
3 5
2 5
2 4
2 3
2 2
2 3
1 3
0 3
0 2
0 3
1 3
1 2
1 1
2 1
2 2
3 2
3 1
2 1
3 1
2 1
2 2
3 2
3 3
3 4
4 4
4 3
4 4
3 4
3 5
3 4
3 3
3 2
4 2
5 2
5 3
5 2
5 3
5 2
5 3
5 2
4 2
4 1
4 0
5 0
5 1
6 1
6 0
7 0
7 1
7 2
6 2
5 2
4 2
4 1
4 0
4 1
3 1
3 2
3 1
4 1
3 1
3 0
4 0
5 0
4 0
5 0
4 0
3 0
4 0
4 1
5 1
5 2
5 1
4 1
3 1
3 0
3 1
2 1
2 0
1 0
0 0
1 0
1 1
2 1
1 1
1 0
0 0
1 0
1 1
1 0
1 1
0 1
0 2
1 2
1 3
2 3
1 3
1 2
1 3
0 3
0 2
1 2
1 3
1 2
2 2
3 2
3 1
4 1
5 1
4 1
4 0
4 1
4 0
4 1
4 0
4 1
3 1
2 1
2 2
2 3
3 3
4 3
4 4
4 5
5 5
5 4
5 5
6 5
7 5
7 4
6 4
6 5
5 5
5 4
5 5
4 5
5 5
4 5
5 5
6 5
7 5
7 6
7 5
6 5
7 5
7 4
6 4
6 5
6 6
6 7
6 8
5 8
4 8
5 8
6 8
5 8
4 8
4 7
4 8
3 8
3 9
2 9
3 9
3 8
2 8
2 7
1 7
2 7
1 7
0 7
0 8
1 8
1 7
1 8
0 8
1 8
0 8
1 8
1 7
1 8
0 8
1 8
1 9
1 8
1 7
2 7
1 7
0 7
1 7
1 6
1 5
1 6
2 6
1 6
0 6
1 6
2 6
3 6
2 6
3 6
3 5
4 5
3 5
3 6
2 6
1 6
1 5
1 4
0 4
1 4
0 4
0 3
0 4
1 4
2 4
2 3
1 3
1 2
1 1
1 2
2 2
3 2
2 2
1 2
2 2
3 2
2 2
2 1
2 2
3 2
3 1
3 2
2 2
1 2
1 3
2 3
1 3
2 3
2 2
3 2
3 3
3 4
2 4
1 4
1 5
2 5
1 5
0 5
1 5
1 6
0 6
0 7
0 6
1 6
2 6
2 7
3 7
3 8
3 7
2 7
2 8
2 9
3 9
3 10
4 10
5 10
6 10
7 10
6 10
6 11
6 12
6 13
7 13
8 13
8 12
9 12
9 13
8 13
8 14
8 13
9 13
9 14
9 13
8 13
7 13
8 13
9 13
9 12
8 12
9 12
9 13
9 14
10 14
11 14
11 15
10 15
11 15
11 14
12 14
13 14
13 13
12 13
12 14
12 15
13 15
13 16
13 15
14 15
14 14
15 14
14 14
15 14
14 14
14 13
14 12
15 12
14 12
14 13
15 13
15 12
16 12
15 12
15 13
16 13
17 13
18 13
17 13
17 14
17 13
17 14
16 14
17 14
16 14
16 15
17 15
17 14
16 14
16 15
15 15
15 16
14 16
13 16
13 15
13 16
14 16
14 17
14 16
13 16
13 15
12 15
12 16
12 17
12 16
12 15
12 14
13 14
12 14
12 15
13 15
12 15
13 15
14 15
14 14
14 13
14 12
14 13
13 13
13 14
14 14
14 15
14 14
14 15
15 15
15 16
15 17
15 18
15 19
14 19
15 19
16 19
16 18
15 18
14 18
15 18
14 18
13 18
13 19
12 19
12 20
12 21
12 20
12 21
12 22
13 22
14 22
14 21
13 21
13 20
14 20
13 20
14 20
13 20
14 20
14 19
15 19
16 19
15 19
16 19
15 19
15 20
16 20
15 20
15 19
14 19
13 19
14 19
15 19
15 18
14 18
14 19
13 19
13 20
14 20
14 19
14 20
15 20
16 20
16 21
17 21
17 22
17 23
17 24
18 24
18 25
19 25
19 26
20 26
20 25
21 25
22 25
22 24
22 23
23 23
23 22
23 23
23 22
22 22
21 22
22 22
22 21
22 20
21 20
20 20
21 20
20 20
20 21
21 21
21 20
20 20
19 20
19 19
19 18
19 17
19 18
18 18
17 18
17 17
17 18
16 18
16 19
17 19
16 19
17 19
16 19
17 19
16 19
16 20
17 20
17 21
18 21
18 22
18 23
18 22
18 23
18 22
18 21
18 20
17 20
17 21
16 21
17 21
18 21
17 21
18 21
18 22
17 22
18 22
18 23
19 23
19 22
19 23
19 22
18 22
17 22
16 22
16 23
16 22
16 21
16 22
16 23
15 23
15 24
15 23
15 24
15 25
16 25
15 25
16 25
17 25
16 25
16 26
16 25
15 25
16 25
16 24
15 24
15 25
15 26
14 26
14 25
15 25
14 25
13 25
14 25
14 24
14 23
14 22
14 21
14 22
14 21
14 22
14 23
14 22
14 23
14 24
14 23
14 24
14 23
13 23
13 24
12 24
12 25
11 25
12 25
12 26
12 27
11 27
11 28
11 29
12 29
11 29
11 30
11 31
12 31
11 31
11 30
11 29
11 30
11 31
11 32
12 32
12 33
12 32
12 33
12 32
12 31
12 30
13 30
13 31
13 30
14 30
15 30
15 31
15 32
14 32
15 32
15 33
15 32
16 32
15 32
16 32
15 32
14 32
14 31
14 30
14 31
14 30
13 30
12 30
12 29
11 29
10 29
9 29
9 30
8 30
7 30
8 30
9 30
9 31
8 31
7 31
7 30
8 30
7 30
7 31
6 31
6 32
5 32
5 31
4 31
5 31
5 32
5 33
4 33
3 33
4 33
4 34
5 34
6 34
7 34
8 34
7 34
8 34
9 34
9 35
9 34
9 35
8 35
8 36
9 36
8 36
8 35
7 35
6 35
5 35
5 36
5 35
6 35
6 34
5 34
5 35
5 36
6 36
7 36
7 37
8 37
7 37
6 37
6 38
6 39
6 40
7 40
7 41
7 42
7 43
8 43
8 44
9 44
10 44
9 44
9 45
10 45
9 45
10 45
9 45
9 44
9 45
9 46
9 47
10 47
10 48
9 48
10 48
11 48
11 47
11 46
11 45
11 46
10 46
11 46
12 46
13 46
13 45
14 45
13 45
13 46
14 46
15 46
14 46
13 46
12 46
13 46
12 46
13 46
12 46
11 46
11 47
10 47
11 47
11 48
11 49
12 49
13 49
13 48
14 48
13 48
14 48
13 48
14 48
14 49
13 49
12 49
12 50
13 50
14 50
13 50
12 50
11 50
12 50
11 50
12 50
11 50
10 50
10 49
10 48
11 48
10 48
11 48
10 48
10 49
9 49
10 49
9 49
9 50
8 50
7 50
7 49
8 49
8 48
8 47
8 48
7 48
7 49
7 50
7 51
7 50
7 49
6 49
6 50
6 49
6 48
5 48
4 48
4 49
5 49
4 49
4 48
4 49
4 48
4 49
4 48
5 48
5 47
6 47
7 47
8 47
8 48
8 47
7 47
7 46
6 46
7 46
8 46
8 45
8 46
8 45
8 44
9 44
8 44
7 44
7 45
7 44
7 45
6 45
6 46
5 46
6 46
6 45
6 44
5 44
4 44
3 44
3 45
2 45
2 44
3 44
3 45
3 46
2 46
3 46
4 46
4 47
5 47
6 47
7 47
7 48
8 48
9 48
9 49
10 49
11 49
11 48
10 48
10 49
11 49
10 49
10 50
9 50
10 50
10 49
9 49
8 49
8 48
7 48
7 47
7 48
6 48
5 48
6 48
5 48
4 48
4 47
4 46
3 46
3 47
3 48
2 48
3 48
4 48
4 49
5 49
6 49
7 49
6 49
6 48
5 48
5 49
6 49
7 49
6 49
6 48
6 47
6 48
7 48
7 47
7 48
8 48
7 48
8 48
9 48
9 47
9 48
8 48
8 49
9 49
9 48
9 47
10 47
11 47
11 48
11 47
10 47
10 46
9 46
9 45
9 46
9 47
9 48
9 49
10 49
10 50
10 49
10 48
9 48
9 49
10 49
10 50
10 49
11 49
11 48
12 48
13 48
14 48
13 48
12 48
12 47
11 47
11 46
11 47
12 47
13 47
12 47
12 46
11 46
10 46
9 46
9 47
9 46
9 47
9 46
8 46
7 46
8 46
9 46
9 45
9 44
9 45
8 45
9 45
10 45
10 46
10 47
9 47
8 47
8 48
8 47
8 46
8 47
9 47
9 46
9 47
9 48
8 48
8 49
7 49
8 49
8 48
7 48
6 48
6 49
7 49
6 49
6 50
5 50
