0 0
1 0
2 0
3 0
4 0
4 1
3 1
3 0
4 0
4 1
3 1
2 1
2 2
3 2
2 2
1 2
1 3
1 4
0 4
0 3
1 3
1 2
1 3
2 3
1 3
2 3
2 4
3 4
4 4
4 5
5 5
5 6
5 7
4 7
4 8
4 7
4 6
5 6
5 7
4 7
3 7
3 8
4 8
4 9
5 9
5 8
5 7
5 8
5 9
4 9
4 8
3 8
3 9
2 9
2 10
2 11
2 10
3 10
3 11
2 11
2 12
3 12
2 12
3 12
4 12
5 12
4 12
4 13
5 13
6 13
6 14
7 14
7 13
6 13
5 13
5 14
6 14
7 14
7 15
7 16
7 17
8 17
8 16
9 16
10 16
11 16
11 15
12 15
11 15
10 15
9 15
10 15
10 16
11 16
10 16
10 17
10 16
10 17
10 16
10 15
9 15
10 15
10 16
11 16
11 15
11 16
11 15
11 16
12 16
12 15
12 14
12 15
12 16
12 17
12 18
13 18
13 17
13 18
14 18
14 17
14 18
14 19
13 19
12 19
11 19
11 20
11 21
11 20
11 21
11 22
10 22
9 22
9 21
8 21
9 21
9 20
8 20
8 21
9 21
8 21
8 22
7 22
7 23
8 23
8 24
8 25
8 26
9 26
8 26
7 26
7 25
8 25
8 26
8 27
9 27
8 27
8 26
9 26
9 25
10 25
10 26
10 25
10 26
10 27
11 27
11 28
10 28
11 28
11 29
11 28
12 28
13 28
13 29
13 28
14 28
14 29
13 29
13 30
14 30
14 29
13 29
14 29
14 28
14 29
13 29
12 29
12 30
13 30
14 30
14 29
14 28
15 28
14 28
14 29
15 29
15 30
16 30
16 29
16 30
15 30
14 30
13 30
12 30
12 31
11 31
10 31
11 31
11 30
12 30
12 29
12 28
11 28
10 28
11 28
10 28
11 28
10 28
11 28
10 28
11 28
12 28
11 28
10 28
11 28
12 28
11 28
10 28
10 27
10 28
10 27
9 27
9 26
10 26
11 26
10 26
11 26
12 26
12 25
12 26
11 26
12 26
12 25
12 24
11 24
11 23
10 23
9 23
8 23
9 23
9 24
10 24
10 25
10 24
9 24
10 24
10 25
9 25
8 25
9 25
8 25
8 24
9 24
9 25
9 26
9 27
8 27
7 27
7 26
7 27
8 27
8 26
8 25
9 25
8 25
9 25
10 25
10 26
9 26
9 27
8 27
7 27
7 28
8 28
8 29
9 29
10 29
9 29
9 30
9 31
10 31
11 31
11 30
11 31
11 30
12 30
12 31
13 31
14 31
13 31
13 30
13 31
13 30
14 30
14 31
15 31
15 30
16 30
15 30
14 30
15 30
14 30
13 30
12 30
13 30
13 31
13 32
13 33
14 33
13 33
12 33
11 33
11 32
11 31
11 30
10 30
9 30
9 29
10 29
10 28
9 28
9 27
9 28
9 29
9 30
9 29
10 29
9 29
9 28
8 28
8 27
7 27
7 26
6 26
6 25
5 25
6 25
5 25
5 26
5 25
5 26
4 26
3 26
3 27
2 27
3 27
3 28
3 29
3 30
3 29
3 30
4 30
4 29
3 29
3 30
4 30
4 31
5 31
4 31
5 31
5 30
6 30
5 30
5 29
5 28
5 27
5 28
5 29
5 28
5 29
5 28
5 29
5 28
5 27
5 28
6 28
5 28
6 28
7 28
7 27
7 28
8 28
9 28
9 27
9 26
10 26
10 27
9 27
9 26
8 26
8 25
8 24
7 24
6 24
6 23
6 22
5 22
5 23
6 23
6 24
6 23
6 24
7 24
7 23
7 24
7 25
7 26
7 27
6 27
6 28
7 28
8 28
8 29
7 29
7 28
8 28
8 29
9 29
9 30
9 31
8 31
8 30
9 30
9 31
8 31
8 30
8 29
8 28
8 29
8 28
8 27
9 27
9 26
8 26
8 25
8 26
8 25
8 26
9 26
8 26
8 25
7 25
7 24
7 25
7 26
7 25
7 26
8 26
7 26
7 25
7 24
8 24
8 23
7 23
7 24
6 24
6 25
7 25
7 26
6 26
6 27
6 26
7 26
7 27
8 27
8 28
8 29
8 28
7 28
7 29
8 29
8 28
7 28
7 27
7 28
7 27
7 28
8 28
8 27
9 27
9 26
8 26
8 27
8 28
7 28
6 28
7 28
7 27
6 27
7 27
7 26
7 25
6 25
6 24
5 24
4 24
4 23
3 23
2 23
2 22
2 21
3 21
4 21
4 20
4 21
3 21
3 22
4 22
4 23
3 23
3 24
3 23
3 22
4 22
4 23
3 23
4 23
4 24
4 23
5 23
6 23
6 22
6 23
6 22
6 21
7 21
7 22
7 21
8 21
9 21
10 21
11 21
11 20
12 20
11 20
11 21
11 20
12 20
12 19
12 18
11 18
12 18
12 17
12 16
12 15
12 16
12 17
11 17
11 18
11 19
11 20
10 20
10 21
10 22
10 23
10 24
10 23
10 22
11 22
11 23
10 23
11 23
11 22
10 22
10 23
11 23
11 24
10 24
11 24
11 25
12 25
13 25
12 25
11 25
12 25
12 26
12 27
12 26
12 27
12 28
12 27
13 27
13 28
14 28
14 29
15 29
15 30
14 30
13 30
13 31
14 31
15 31
15 32
16 32
15 32
14 32
15 32
15 33
16 33
17 33
18 33
18 34
19 34
18 34
18 35
17 35
18 35
17 35
18 35
18 36
19 36
20 36
20 35
20 36
20 37
20 36
21 36
21 37
21 36
22 36
21 36
20 36
20 37
21 37
21 38
21 37
22 37
22 36
22 35
22 36
21 36
21 35
21 36
22 36
21 36
20 36
19 36
20 36
20 37
20 36
21 36
21 37
21 36
21 35
22 35
23 35
24 35
23 35
24 35
23 35
22 35
23 35
23 36
23 35
23 34
24 34
23 34
22 34
21 34
22 34
23 34
24 34
23 34
22 34
23 34
23 35
22 35
21 35
20 35
20 36
21 36
22 36
21 36
22 36
21 36
22 36
23 36
24 36
25 36
25 37
25 38
26 38
27 38
28 38
27 38
28 38
28 39
27 39
28 39
28 40
27 40
27 41
28 41
29 41
29 42
30 42
31 42
31 43
31 42
30 42
30 43
30 44
29 44
29 43
30 43
30 42
31 42
30 42
30 43
31 43
32 43
32 44
32 45
32 44
31 44
31 45
31 46
30 46
31 46
30 46
30 47
29 47
28 47
27 47
26 47
27 47
28 47
28 46
29 46
29 47
28 47
27 47
27 48
28 48
28 47
28 46
27 46
28 46
28 47
28 46
27 46
26 46
25 46
25 45
24 45
24 46
24 47
23 47
22 47
21 47
21 48
20 48
21 48
21 47
21 48
20 48
20 49
20 48
20 47
21 47
21 46
22 46
21 46
21 45
21 44
22 44
22 43
22 42
22 43
22 42
22 43
22 42
23 42
22 42
22 43
22 44
21 44
21 45
21 44
21 45
21 44
21 43
21 42
21 43
21 42
21 41
22 41
21 41
21 42
21 43
22 43
21 43
22 43
21 43
20 43
20 42
21 42
20 42
20 43
19 43
19 44
19 45
19 46
19 47
20 47
20 48
19 48
20 48
19 48
20 48
21 48
21 47
21 48
21 49
20 49
21 49
20 49
21 49
21 50
20 50
21 50
20 50
21 50
20 50
19 50
20 50
20 51
19 51
18 51
17 51
18 51
17 51
18 51
18 50
18 51
18 50
18 51
18 52
18 51
18 50
19 50
19 51
20 51
19 51
20 51
21 51
21 50
20 50
20 49
20 50
21 50
21 49
20 49
20 50
19 50
19 51
20 51
21 51
22 51
22 52
22 51
23 51
22 51
21 51
21 52
22 52
21 52
20 52
20 51
19 51
19 50
20 50
20 49
20 48
19 48
20 48
20 49
20 50
21 50
22 50
21 50
21 51
21 50
21 51
20 51
19 51
20 51
20 52
21 52
22 52
22 53
22 54
21 54
20 54
20 53
20 52
19 52
19 51
19 50
20 50
21 50
21 49
20 49
20 50
20 51
20 52
20 53
20 54
19 54
20 54
21 54
21 53
22 53
22 52
23 52
23 53
23 52
24 52
24 53
23 53
23 52
23 53
23 54
23 53
23 52
23 53
24 53
23 53
22 53
21 53
21 52
21 53
22 53
22 52
23 52
24 52
25 52
25 51
25 52
24 52
23 52
23 51
23 50
23 49
22 49
22 48
22 47
23 47
22 47
23 47
24 47
23 47
22 47
23 47
23 46
23 47
23 48
23 49
23 50
23 49
23 48
23 49
22 49
22 50
22 51
22 50
23 50
23 49
23 50
24 50
23 50
24 50
24 51
24 50
24 49
23 49
22 49
22 48
22 47
22 46
23 46
23 45
22 45
22 44
22 45
22 44
22 45
23 45
23 44
23 45
24 45
