0 0
1 0
0 0
1 0
0 0
1 0
0 0
0 1
1 1
0 1
1 1
1 0
0 0
0 1
1 1
1 0
2 0
2 1
2 2
1 2
1 3
2 3
2 4
2 5
3 5
3 4
3 5
4 5
3 5
3 6
2 6
2 5
1 5
1 4
2 4
3 4
3 5
3 6
4 6
4 7
5 7
5 6
5 7
4 7
3 7
2 7
3 7
2 7
2 6
3 6
3 7
2 7
2 8
2 7
1 7
0 7
1 7
0 7
1 7
1 8
1 7
1 8
1 7
1 6
1 5
1 4
0 4
0 5
0 4
1 4
1 5
0 5
1 5
0 5
1 5
0 5
0 6
0 7
0 8
1 8
2 8
2 7
2 8
2 7
3 7
4 7
5 7
6 7
6 8
6 9
6 10
7 10
7 9
8 9
8 10
9 10
9 9
8 9
8 8
7 8
7 9
7 8
8 8
8 9
8 8
7 8
8 8
8 9
8 8
7 8
6 8
5 8
4 8
3 8
3 9
4 9
3 9
3 8
4 8
4 7
3 7
4 7
4 8
3 8
3 9
2 9
2 10
1 10
0 10
0 9
1 9
1 10
2 10
3 10
3 9
4 9
4 8
4 9
5 9
4 9
3 9
3 8
2 8
2 9
3 9
2 9
2 8
1 8
1 9
1 10
1 11
0 11
0 10
1 10
1 9
0 9
1 9
1 10
2 10
2 9
2 10
1 10
1 9
1 8
1 7
0 7
0 8
0 9
0 8
1 8
2 8
3 8
3 9
3 8
4 8
3 8
4 8
5 8
5 9
5 8
5 7
5 6
6 6
6 5
7 5
7 6
7 7
7 6
8 6
8 5
8 4
9 4
9 3
10 3
9 3
10 3
11 3
12 3
13 3
14 3
13 3
14 3
14 4
13 4
13 3
14 3
13 3
13 4
13 3
14 3
14 2
14 3
14 2
15 2
15 3
15 4
14 4
14 5
14 4
15 4
15 3
16 3
16 4
17 4
17 5
18 5
18 4
18 5
18 4
18 5
18 6
18 5
17 5
17 4
17 3
17 2
16 2
16 3
16 2
17 2
18 2
18 3
17 3
16 3
15 3
15 4
15 3
14 3
14 4
15 4
14 4
13 4
14 4
15 4
15 5
16 5
15 5
16 5
17 5
18 5
18 4
18 3
17 3
17 2
18 2
18 1
18 0
19 0
18 0
17 0
16 0
16 1
16 0
17 0
16 0
16 1
16 2
16 1
16 0
15 0
15 1
15 2
16 2
17 2
16 2
16 3
16 2
15 2
14 2
15 2
16 2
16 1
16 0
16 1
17 1
18 1
19 1
20 1
20 2
20 3
20 4
19 4
20 4
21 4
21 3
21 2
21 3
22 3
23 3
22 3
21 3
22 3
21 3
21 2
20 2
20 1
21 1
21 0
22 0
22 1
23 1
23 2
22 2
23 2
22 2
23 2
23 3
23 4
23 3
23 2
23 3
24 3
24 2
23 2
23 3
23 4
23 3
23 4
22 4
22 3
22 4
22 3
22 4
23 4
24 4
24 3
25 3
26 3
26 4
26 5
25 5
25 4
25 3
25 4
25 3
26 3
26 4
26 5
27 5
27 6
27 7
27 8
26 8
25 8
24 8
23 8
22 8
22 9
21 9
21 10
20 10
19 10
19 11
19 10
18 10
18 11
17 11
17 12
18 12
17 12
18 12
19 12
20 12
20 13
21 13
22 13
22 14
23 14
24 14
24 13
24 12
23 12
23 13
23 12
23 13
23 12
23 11
24 11
24 10
24 9
25 9
24 9
23 9
24 9
23 9
23 8
24 8
25 8
24 8
25 8
25 9
25 8
25 9
25 8
26 8
26 7
27 7
26 7
27 7
28 7
28 6
29 6
28 6
28 7
28 8
27 8
27 7
26 7
26 6
27 6
26 6
26 5
26 4
27 4
27 5
28 5
28 6
29 6
29 7
28 7
29 7
29 6
28 6
29 6
29 5
28 5
28 6
27 6
26 6
27 6
27 7
27 8
28 8
29 8
29 7
29 6
29 7
29 6
29 7
28 7
28 6
29 6
29 7
28 7
29 7
28 7
28 6
28 5
27 5
27 6
27 5
28 5
28 4
28 5
27 5
26 5
25 5
24 5
25 5
24 5
24 6
25 6
26 6
25 6
25 5
25 4
25 5
25 6
25 7
25 8
24 8
24 7
24 6
23 6
23 5
22 5
22 4
22 3
22 2
22 1
22 2
22 1
21 1
20 1
20 2
19 2
19 3
18 3
18 4
17 4
16 4
15 4
15 3
15 4
15 3
16 3
15 3
16 3
16 4
16 3
15 3
14 3
15 3
15 4
15 5
16 5
15 5
14 5
14 6
14 7
14 6
14 5
15 5
15 6
15 7
15 8
16 8
17 8
16 8
16 9
16 10
17 10
18 10
18 11
18 10
18 9
18 8
19 8
19 7
18 7
19 7
19 6
19 5
20 5
21 5
22 5
22 4
22 5
23 5
24 5
25 5
26 5
26 6
25 6
24 6
25 6
26 6
26 5
26 4
26 3
26 2
26 1
26 2
26 3
27 3
27 4
26 4
27 4
26 4
27 4
28 4
28 3
28 2
29 2
30 2
31 2
30 2
30 3
30 2
31 2
31 3
31 2
31 3
32 3
32 4
32 5
31 5
31 4
31 3
30 3
30 4
29 4
30 4
31 4
31 5
30 5
31 5
31 6
30 6
31 6
32 6
33 6
34 6
34 7
35 7
35 6
34 6
35 6
36 6
36 7
35 7
34 7
34 8
34 7
35 7
36 7
37 7
36 7
36 6
37 6
37 5
36 5
35 5
35 4
34 4
34 3
34 2
34 3
35 3
35 2
35 3
36 3
36 2
35 2
36 2
37 2
37 1
37 0
37 1
38 1
38 0
37 0
36 0
35 0
36 0
36 1
35 1
35 2
35 3
35 4
34 4
34 5
33 5
33 4
32 4
32 5
33 5
34 5
34 6
35 6
35 5
36 5
36 4
36 5
35 5
34 5
35 5
34 5
33 5
34 5
35 5
35 4
35 3
35 4
35 5
34 5
34 6
34 7
34 8
34 9
34 10
35 10
36 10
37 10
37 9
37 10
36 10
37 10
37 9
36 9
35 9
35 10
34 10
33 10
34 10
33 10
32 10
31 10
30 10
31 10
32 10
32 9
32 10
31 10
30 10
30 9
30 10
29 10
29 9
29 10
29 9
29 8
30 8
29 8
30 8
30 7
30 8
30 9
31 9
31 8
31 9
32 9
33 9
32 9
32 8
32 7
31 7
31 6
31 5
32 5
32 6
32 7
32 8
33 8
34 8
34 9
35 9
34 9
33 9
34 9
35 9
34 9
33 9
34 9
34 8
33 8
33 7
34 7
34 6
34 5
34 6
33 6
32 6
32 5
32 4
33 4
32 4
31 4
31 3
31 4
32 4
33 4
33 5
33 4
34 4
34 3
34 4
34 3
34 2
34 3
33 3
33 4
33 3
34 3
34 4
33 4
33 5
33 6
34 6
33 6
33 5
34 5
33 5
33 4
33 3
33 4
33 3
33 2
33 3
34 3
34 4
34 3
33 3
34 3
33 3
33 4
33 5
33 4
33 3
32 3
32 2
32 1
32 0
32 1
31 1
32 1
33 1
34 1
33 1
32 1
32 2
33 2
34 2
34 3
35 3
34 3
33 3
34 3
34 4
33 4
33 5
33 6
33 7
33 8
34 8
35 8
35 9
35 10
34 10
35 10
36 10
36 9
35 9
35 10
35 11
36 11
37 11
37 12
37 11
37 10
37 11
38 11
39 11
39 10
38 10
39 10
40 10
39 10
39 9
39 10
38 10
37 10
38 10
37 10
36 10
35 10
34 10
34 11
34 10
33 10
33 9
33 8
34 8
34 7
33 7
32 7
33 7
34 7
33 7
33 6
32 6
31 6
31 7
30 7
29 7
30 7
30 6
30 7
30 8
30 9
30 8
29 8
28 8
28 7
28 8
28 9
27 9
27 10
27 11
27 10
27 11
28 11
28 12
28 11
27 11
27 12
27 11
27 12
27 11
26 11
26 10
27 10
26 10
26 9
26 8
26 7
26 8
26 9
25 9
24 9
24 10
25 10
24 10
24 11
24 10
24 11
24 10
25 10
25 11
25 12
26 12
27 12
28 12
27 12
27 13
27 14
28 14
27 14
27 15
28 15
28 16
28 15
29 15
28 15
28 14
28 13
28 12
27 12
27 11
26 11
26 10
26 9
26 8
26 7
25 7
24 7
23 7
23 6
22 6
21 6
21 5
21 6
22 6
21 6
20 6
20 7
21 7
22 7
21 7
22 7
22 6
22 5
22 6
22 5
23 5
23 4
24 4
24 3
25 3
24 3
25 3
25 4
25 3
25 2
24 2
25 2
25 3
26 3
26 4
26 3
26 4
25 4
26 4
26 5
25 5
25 4
25 3
24 3
24 2
24 3
