0 0
0 1
1 1
0 1
0 2
0 1
0 2
1 2
0 2
0 1
1 1
2 1
2 2
2 1
2 0
2 1
2 0
1 0
0 0
0 1
0 0
0 1
1 1
0 1
0 2
1 2
1 1
1 0
0 0
0 1
0 2
0 3
0 2
0 3
1 3
1 4
1 5
2 5
1 5
1 4
1 3
1 4
1 5
1 6
1 5
1 6
0 6
1 6
1 5
1 6
1 7
0 7
0 6
0 7
0 8
0 9
1 9
2 9
2 10
2 11
3 11
2 11
3 11
2 11
2 12
3 12
3 11
4 11
3 11
3 12
3 13
3 12
4 12
3 12
4 12
4 11
3 11
3 12
2 12
2 11
2 12
2 11
1 11
1 12
0 12
1 12
2 12
2 13
2 12
2 13
2 14
1 14
0 14
1 14
1 13
2 13
3 13
3 12
3 11
4 11
4 10
4 9
5 9
5 10
4 10
5 10
4 10
5 10
4 10
3 10
2 10
2 11
1 11
1 12
1 11
2 11
1 11
1 12
2 12
2 13
2 14
2 15
2 14
2 15
2 16
2 15
2 16
2 15
1 15
1 16
1 17
2 17
2 16
2 17
1 17
0 17
1 17
0 17
1 17
0 17
1 17
2 17
3 17
2 17
3 17
3 18
2 18
1 18
1 17
2 17
2 18
2 19
1 19
2 19
2 18
1 18
1 17
1 18
1 17
1 18
0 18
0 17
1 17
0 17
0 18
1 18
1 17
0 17
1 17
2 17
1 17
1 16
1 15
1 14
1 15
2 15
1 15
1 14
0 14
0 13
1 13
0 13
0 14
0 15
1 15
2 15
1 15
1 14
1 13
0 13
0 14
1 14
1 15
0 15
0 16
0 17
1 17
1 16
1 17
1 18
0 18
1 18
1 17
1 16
2 16
3 16
4 16
4 17
4 16
5 16
5 15
5 14
6 14
7 14
6 14
5 14
5 15
4 15
3 15
3 14
2 14
1 14
1 15
1 16
0 16
1 16
1 17
1 16
2 16
1 16
1 15
0 15
1 15
1 16
0 16
1 16
0 16
0 15
1 15
1 16
0 16
1 16
1 17
0 17
1 17
1 16
0 16
0 17
1 17
1 18
1 17
1 18
0 18
0 19
0 20
1 20
1 19
1 18
1 17
2 17
1 17
1 18
0 18
1 18
1 19
1 18
1 17
1 18
0 18
1 18
1 19
2 19
2 20
2 19
1 19
1 18
1 17
2 17
2 18
2 17
2 16
2 15
3 15
3 16
2 16
2 17
1 17
1 18
0 18
1 18
2 18
2 19
1 19
1 20
1 21
1 20
1 19
1 20
2 20
2 21
3 21
3 22
3 23
2 23
2 22
2 23
1 23
1 22
2 22
3 22
3 23
3 24
3 25
2 25
1 25
0 25
1 25
0 25
0 24
1 24
1 23
1 22
1 21
0 21
0 22
0 23
1 23
1 24
1 23
0 23
1 23
2 23
2 22
2 21
2 20
3 20
4 20
3 20
3 19
3 20
3 21
3 22
3 23
3 24
3 23
3 22
4 22
3 22
3 23
2 23
2 22
3 22
2 22
2 21
1 21
2 21
2 20
2 19
3 19
3 20
4 20
3 20
2 20
2 19
1 19
0 19
0 20
1 20
2 20
1 20
2 20
2 21
1 21
2 21
1 21
1 20
1 21
1 22
1 23
1 24
1 25
1 26
2 26
2 27
2 26
2 27
2 28
2 29
3 29
4 29
4 30
4 29
4 30
4 29
5 29
5 30
5 31
5 30
4 30
3 30
2 30
3 30
3 29
3 28
4 28
5 28
6 28
6 27
6 26
5 26
4 26
4 27
3 27
2 27
2 26
2 27
3 27
4 27
5 27
4 27
3 27
3 28
3 29
3 28
4 28
4 27
5 27
5 28
6 28
6 27
5 27
4 27
5 27
5 28
5 27
6 27
5 27
4 27
3 27
2 27
2 26
3 26
4 26
4 25
5 25
5 24
5 25
6 25
6 26
6 25
7 25
7 26
6 26
6 27
7 27
8 27
9 27
10 27
10 28
9 28
8 28
9 28
9 27
10 27
11 27
12 27
11 27
10 27
10 26
10 27
9 27
8 27
7 27
7 28
8 28
8 29
7 29
6 29
6 30
6 29
7 29
7 28
8 28
7 28
6 28
7 28
8 28
8 27
9 27
10 27
10 28
11 28
10 28
11 28
11 29
11 28
11 27
10 27
10 26
10 25
10 24
11 24
11 25
11 26
11 27
12 27
13 27
13 26
13 25
12 25
11 25
11 26
11 25
11 24
11 25
10 25
11 25
11 26
11 25
11 26
11 27
10 27
9 27
8 27
7 27
7 26
7 25
8 25
8 26
9 26
9 25
10 25
10 24
9 24
10 24
10 25
10 26
10 27
10 28
10 29
10 30
10 31
10 30
11 30
11 31
11 32
12 32
13 32
13 33
13 34
13 35
12 35
11 35
12 35
11 35
10 35
11 35
11 34
11 35
12 35
12 36
12 37
11 37
10 37
11 37
12 37
12 36
11 36
11 35
11 34
11 35
11 34
11 33
10 33
9 33
9 32
10 32
9 32
8 32
8 31
8 32
8 31
9 31
10 31
11 31
11 30
12 30
11 30
11 31
11 30
12 30
13 30
13 31
14 31
13 31
13 32
13 33
13 32
14 32
14 31
14 30
13 30
13 29
13 28
12 28
13 28
12 28
12 27
12 28
12 27
12 26
12 27
12 26
11 26
12 26
12 27
11 27
11 28
10 28
10 27
9 27
8 27
8 26
8 27
7 27
7 28
6 28
6 27
6 28
7 28
7 29
8 29
8 30
8 31
7 31
7 30
7 31
6 31
6 32
7 32
8 32
7 32
8 32
7 32
8 32
7 32
8 32
9 32
8 32
7 32
6 32
7 32
6 32
5 32
5 31
5 30
5 29
5 30
4 30
3 30
4 30
3 30
2 30
2 31
3 31
3 30
3 29
4 29
4 28
5 28
5 27
5 28
4 28
3 28
3 27
3 26
4 26
4 25
4 24
4 23
3 23
3 24
2 24
3 24
4 24
4 23
4 22
3 22
3 21
3 20
2 20
1 20
2 20
1 20
2 20
2 21
2 20
2 19
3 19
3 18
3 17
3 16
3 15
2 15
1 15
1 14
1 15
1 14
2 14
3 14
3 15
2 15
2 16
2 17
2 18
2 17
1 17
0 17
0 18
0 19
1 19
1 20
0 20
1 20
1 21
2 21
3 21
2 21
2 22
2 23
3 23
2 23
2 22
2 21
2 22
2 21
2 20
2 19
2 18
2 19
3 19
4 19
5 19
6 19
7 19
6 19
6 18
6 17
5 17
6 17
7 17
7 18
6 18
6 17
5 17
5 18
6 18
6 19
7 19
6 19
5 19
6 19
5 19
4 19
4 20
3 20
4 20
3 20
4 20
4 21
5 21
5 20
5 21
5 20
4 20
5 20
6 20
6 21
7 21
7 20
8 20
9 20
10 20
9 20
9 21
10 21
11 21
10 21
10 20
10 19
9 19
8 19
8 20
9 20
10 20
11 20
11 19
12 19
13 19
12 19
12 18
13 18
12 18
13 18
13 17
14 17
14 18
14 19
15 19
14 19
13 19
13 20
13 19
14 19
15 19
14 19
14 20
13 20
12 20
12 19
11 19
11 18
11 19
11 18
12 18
12 17
12 16
12 15
12 16
12 17
13 17
13 18
12 18
12 19
12 18
13 18
12 18
11 18
12 18
12 17
12 16
12 17
11 17
11 18
11 19
12 19
13 19
13 20
14 20
15 20
14 20
14 19
14 20
14 21
15 21
15 20
14 20
14 19
13 19
13 20
12 20
12 19
13 19
14 19
15 19
15 18
14 18
15 18
15 19
15 18
15 17
16 17
17 17
18 17
17 17
17 16
17 17
17 16
17 15
16 15
15 15
14 15
13 15
13 16
12 16
11 16
11 15
11 16
11 17
10 17
10 16
9 16
8 16
8 15
8 14
9 14
10 14
9 14
10 14
9 14
10 14
11 14
10 14
10 13
11 13
12 13
11 13
12 13
13 13
13 14
13 15
14 15
14 14
14 13
15 13
16 13
15 13
15 12
14 12
14 13
14 14
15 14
16 14
15 14
16 14
16 15
16 14
17 14
17 15
18 15
19 15
19 14
19 15
18 15
18 14
19 14
18 14
17 14
18 14
19 14
20 14
20 13
20 12
20 11
21 11
22 11
22 10
23 10
24 10
25 10
24 10
24 11
25 11
25 12
25 11
24 11
24 12
24 11
24 10
23 10
23 11
24 11
25 11
26 11
26 12
25 12
25 11
25 10
25 9
24 9
24 10
24 11
24 12
24 11
25 11
26 11
26 10
27 10
28 10
29 10
29 9
29 8
29 7
30 7
29 7
29 6
29 7
29 6
29 5
28 5
28 6
29 6
29 7
30 7
31 7
31 6
30 6
30 5
30 6
30 5
