0 0
1 0
0 0
1 0
2 0
2 1
1 1
1 2
0 2
0 3
1 3
2 3
2 2
2 1
2 2
2 3
2 4
2 3
3 3
3 2
4 2
3 2
3 1
3 2
3 3
3 4
3 3
4 3
3 3
4 3
3 3
4 3
4 4
4 5
3 5
4 5
5 5
5 6
4 6
3 6
3 7
2 7
2 8
2 7
2 6
2 7
1 7
1 6
1 5
0 5
0 4
0 3
0 2
1 2
2 2
1 2
0 2
0 3
1 3
1 4
1 3
1 2
1 3
2 3
1 3
2 3
2 4
3 4
2 4
2 5
2 4
2 5
1 5
1 4
0 4
0 3
0 4
1 4
1 5
0 5
0 4
0 3
0 4
1 4
1 5
1 6
2 6
2 5
3 5
3 6
3 7
3 8
3 9
4 9
3 9
3 8
3 7
2 7
3 7
3 6
3 7
3 6
3 7
3 8
3 7
2 7
2 6
3 6
3 5
2 5
2 4
3 4
4 4
4 3
4 4
4 5
4 6
4 5
4 6
3 6
3 7
2 7
1 7
2 7
3 7
4 7
5 7
5 8
6 8
6 7
6 6
6 7
6 8
6 7
7 7
6 7
5 7
6 7
5 7
4 7
4 6
4 5
3 5
2 5
2 6
3 6
3 5
4 5
3 5
2 5
3 5
3 6
3 7
3 6
4 6
4 5
3 5
2 5
3 5
3 4
3 5
3 6
4 6
5 6
5 5
6 5
6 4
7 4
7 3
6 3
6 4
7 4
8 4
8 3
8 4
8 5
8 4
8 5
8 4
8 5
8 4
8 5
9 5
10 5
10 6
10 5
10 6
11 6
11 7
10 7
10 6
11 6
12 6
12 7
12 6
12 7
13 7
13 8
12 8
12 7
11 7
10 7
11 7
12 7
13 7
13 6
12 6
13 6
13 7
13 6
14 6
13 6
12 6
12 5
12 6
11 6
11 7
11 8
11 7
11 8
11 7
11 8
12 8
13 8
14 8
13 8
12 8
12 7
13 7
13 8
13 7
13 8
13 9
12 9
13 9
14 9
14 10
14 11
14 10
14 11
14 12
15 12
16 12
17 12
17 13
17 12
17 11
18 11
19 11
19 12
20 12
20 13
21 13
20 13
20 14
21 14
21 13
21 14
21 15
20 15
21 15
21 14
21 15
21 14
20 14
20 13
21 13
20 13
21 13
20 13
20 12
21 12
21 11
22 11
22 12
21 12
21 13
21 14
21 15
20 15
20 14
19 14
20 14
20 13
20 12
20 11
20 12
19 12
20 12
20 13
19 13
20 13
20 14
20 13
20 14
20 13
20 12
20 11
21 11
20 11
19 11
19 12
19 13
19 12
18 12
17 12
17 11
18 11
17 11
17 12
17 13
16 13
17 13
17 14
18 14
19 14
20 14
20 13
20 12
20 11
20 12
20 13
21 13
20 13
20 14
20 13
20 14
21 14
22 14
22 15
21 15
22 15
21 15
22 15
22 14
22 15
22 14
21 14
21 15
21 14
21 13
21 14
21 13
20 13
20 14
19 14
19 13
20 13
20 14
20 13
19 13
19 12
18 12
19 12
20 12
21 12
21 11
21 10
21 9
20 9
20 10
21 10
21 9
20 9
20 8
20 9
20 8
20 9
20 10
20 9
21 9
21 8
21 9
21 8
21 7
21 6
22 6
21 6
21 7
20 7
20 6
19 6
18 6
18 7
19 7
19 6
19 5
19 6
18 6
17 6
17 7
18 7
18 6
17 6
16 6
17 6
17 5
17 6
16 6
15 6
14 6
13 6
13 5
12 5
12 4
12 5
13 5
14 5
15 5
15 4
14 4
14 3
15 3
15 2
16 2
15 2
15 3
15 2
15 3
15 2
15 1
16 1
16 0
16 1
16 2
15 2
15 3
15 2
16 2
17 2
17 3
17 2
17 1
17 2
18 2
18 1
19 1
19 0
19 1
19 2
20 2
20 1
19 1
19 0
19 1
19 0
19 1
20 1
19 1
18 1
18 0
17 0
17 1
17 0
17 1
17 2
17 3
18 3
18 2
19 2
19 3
20 3
19 3
20 3
20 4
20 3
19 3
19 2
19 3
19 4
18 4
17 4
18 4
18 5
19 5
18 5
18 6
19 6
19 5
19 6
20 6
20 5
21 5
21 6
22 6
22 5
22 4
22 3
22 2
22 3
22 4
22 5
22 4
23 4
23 3
23 2
24 2
24 3
23 3
24 3
24 2
24 1
23 1
23 2
23 1
23 0
22 0
21 0
21 1
20 1
19 1
19 0
19 1
18 1
19 1
20 1
19 1
19 2
19 1
18 1
17 1
17 2
17 3
17 4
18 4
19 4
19 3
18 3
17 3
18 3
18 2
17 2
17 3
17 2
17 1
17 0
17 1
16 1
16 0
15 0
14 0
15 0
15 1
15 2
16 2
16 3
15 3
15 4
15 5
16 5
17 5
18 5
19 5
20 5
19 5
20 5
19 5
19 6
20 6
19 6
18 6
18 7
18 6
18 5
17 5
18 5
19 5
20 5
20 6
19 6
19 5
19 4
19 3
19 4
19 5
19 4
19 3
19 2
18 2
19 2
19 1
20 1
20 0
20 1
20 0
20 1
19 1
19 2
19 1
20 1
20 2
19 2
18 2
19 2
19 1
19 2
19 3
18 3
19 3
19 4
19 5
19 6
20 6
19 6
18 6
19 6
19 5
19 4
19 5
20 5
20 4
20 3
21 3
20 3
21 3
21 2
21 1
21 0
22 0
23 0
22 0
21 0
20 0
20 1
21 1
21 2
20 2
19 2
19 3
18 3
19 3
20 3
19 3
18 3
18 2
17 2
18 2
19 2
20 2
20 3
19 3
18 3
18 2
18 3
17 3
18 3
17 3
17 4
17 3
17 2
17 3
16 3
16 4
16 3
16 2
17 2
18 2
18 1
18 0
17 0
16 0
15 0
16 0
17 0
17 1
17 2
17 3
17 4
17 5
16 5
16 6
15 6
14 6
14 5
13 5
13 6
12 6
11 6
11 7
11 8
11 9
11 10
11 11
11 12
12 12
13 12
13 13
12 13
12 14
13 14
12 14
11 14
11 13
11 14
11 15
11 16
11 17
11 18
10 18
11 18
11 19
10 19
10 20
10 21
11 21
11 22
10 22
11 22
12 22
13 22
13 23
14 23
14 24
14 23
15 23
14 23
14 24
15 24
14 24
15 24
14 24
14 25
14 26
14 27
14 26
14 25
14 24
15 24
15 23
14 23
13 23
14 23
15 23
15 24
15 23
15 24
15 23
16 23
15 23
16 23
17 23
18 23
18 24
19 24
20 24
19 24
19 23
18 23
18 24
18 23
18 24
17 24
17 23
17 24
17 25
17 26
17 27
17 28
18 28
19 28
20 28
19 28
19 27
20 27
20 26
20 25
19 25
19 24
19 25
18 25
17 25
17 24
17 25
16 25
17 25
17 26
17 27
18 27
18 26
18 25
17 25
17 26
18 26
18 25
18 24
18 23
19 23
18 23
18 24
18 25
17 25
17 24
17 23
17 24
16 24
15 24
15 23
14 23
15 23
15 24
15 23
14 23
14 24
13 24
13 25
12 25
12 26
12 25
12 26
12 25
13 25
13 26
12 26
11 26
11 27
12 27
13 27
12 27
11 27
11 26
10 26
9 26
9 27
9 26
9 27
9 26
8 26
9 26
9 27
8 27
8 26
7 26
7 27
7 26
7 25
8 25
8 24
9 24
8 24
8 23
8 22
9 22
9 23
10 23
10 22
9 22
10 22
10 21
9 21
9 20
9 21
8 21
9 21
9 22
9 21
9 20
8 20
7 20
7 21
7 22
8 22
7 22
8 22
8 21
9 21
10 21
9 21
9 22
9 23
10 23
9 23
10 23
10 22
9 22
9 23
9 22
10 22
9 22
9 23
8 23
7 23
6 23
6 22
5 22
4 22
4 21
4 22
4 23
4 24
4 23
3 23
4 23
4 24
5 24
4 24
4 25
3 25
2 25
2 24
3 24
4 24
5 24
4 24
5 24
6 24
5 24
6 24
7 24
7 25
8 25
7 25
7 26
7 27
7 26
6 26
6 27
5 27
5 28
4 28
3 28
2 28
2 29
2 30
2 31
2 30
3 30
2 30
3 30
2 30
2 31
3 31
4 31
3 31
4 31
3 31
2 31
2 30
2 31
2 32
1 32
0 32
0 31
1 31
0 31
0 30
0 29
1 29
1 28
0 28
1 28
1 27
1 28
2 28
2 27
1 27
1 26
2 26
1 26
1 27
0 27
1 27
1 26
2 26
2 27
3 27
4 27
4 26
4 27
4 28
3 28
3 27
3 26
2 26
1 26
1 25
0 25
1 25
2 25
1 25
0 25
0 26
0 27
0 26
0 27
0 28
1 28
0 28
1 28
1 29
2 29
1 29
1 30
2 30
2 31
2 32
2 31
2 32
2 33
2 32
3 32
