0 0
0 1
1 1
2 1
3 1
3 2
3 1
3 0
3 1
3 0
3 1
3 2
2 2
3 2
4 2
5 2
5 1
5 0
6 0
7 0
6 0
7 0
7 1
6 1
7 1
7 0
7 1
8 1
8 2
8 3
8 4
7 4
7 3
7 2
7 1
7 0
7 1
7 2
7 3
8 3
7 3
7 4
7 5
7 4
7 3
7 4
8 4
8 5
8 4
7 4
7 5
8 5
9 5
8 5
9 5
8 5
7 5
8 5
7 5
8 5
8 6
7 6
8 6
8 5
8 6
8 5
9 5
10 5
10 6
10 5
10 4
10 5
9 5
9 4
8 4
8 3
7 3
6 3
6 4
5 4
5 5
4 5
5 5
4 5
4 4
4 5
4 4
5 4
5 5
5 6
5 5
6 5
6 4
6 5
7 5
7 6
8 6
8 5
9 5
8 5
8 4
8 5
8 4
8 3
7 3
7 4
8 4
7 4
8 4
9 4
10 4
11 4
10 4
10 3
11 3
11 2
10 2
10 3
9 3
9 2
8 2
8 3
8 2
8 3
8 2
8 1
8 0
9 0
10 0
9 0
9 1
9 0
9 1
9 0
9 1
9 0
8 0
9 0
9 1
8 1
8 0
8 1
8 2
8 3
7 3
7 2
6 2
5 2
5 1
6 1
5 1
5 0
5 1
6 1
7 1
7 2
8 2
7 2
7 1
7 0
7 1
8 1
8 2
9 2
9 3
9 2
9 1
10 1
10 2
10 3
10 2
10 3
11 3
11 2
11 3
10 3
10 2
9 2
8 2
8 3
7 3
7 2
7 1
7 0
7 1
7 0
8 0
9 0
9 1
10 1
10 2
10 3
10 2
9 2
9 1
9 0
10 0
10 1
11 1
12 1
13 1
14 1
14 2
14 1
14 2
14 1
15 1
15 2
15 3
16 3
17 3
18 3
17 3
17 4
18 4
18 3
18 2
19 2
19 3
19 4
19 5
19 6
19 7
19 8
20 8
20 9
20 10
20 11
21 11
20 11
19 11
19 12
18 12
18 13
19 13
20 13
19 13
20 13
21 13
22 13
22 12
23 12
24 12
24 11
23 11
24 11
25 11
25 10
26 10
26 9
26 8
26 7
25 7
26 7
27 7
27 6
27 7
27 6
27 5
26 5
26 6
26 5
26 4
26 3
26 2
27 2
28 2
29 2
29 1
28 1
28 0
29 0
29 1
30 1
30 0
30 1
30 0
30 1
31 1
30 1
30 2
29 2
30 2
29 2
29 3
30 3
30 4
30 3
31 3
31 2
31 3
31 2
30 2
30 3
29 3
29 2
29 1
29 0
29 1
29 0
29 1
29 2
28 2
27 2
27 3
26 3
26 2
26 1
26 0
27 0
27 1
28 1
28 2
28 1
28 2
28 3
29 3
29 4
28 4
28 5
28 4
28 5
27 5
27 4
27 5
28 5
29 5
29 4
28 4
29 4
30 4
29 4
29 5
30 5
30 4
31 4
31 5
30 5
29 5
29 6
29 7
28 7
28 8
28 7
27 7
26 7
27 7
28 7
29 7
29 6
28 6
28 5
29 5
29 4
29 5
28 5
29 5
29 4
29 5
30 5
30 6
30 7
30 8
30 7
30 6
29 6
29 5
28 5
28 6
29 6
29 7
28 7
28 6
28 7
29 7
29 6
30 6
30 5
30 4
29 4
28 4
27 4
26 4
26 5
26 6
25 6
24 6
24 5
25 5
25 6
24 6
23 6
24 6
24 5
23 5
23 6
23 7
23 6
22 6
22 5
23 5
23 4
23 5
23 6
24 6
25 6
25 5
25 4
26 4
26 5
25 5
25 6
25 5
25 4
25 3
24 3
25 3
24 3
24 4
24 3
23 3
22 3
21 3
20 3
20 2
21 2
21 1
21 2
20 2
19 2
19 3
18 3
18 4
19 4
20 4
20 3
20 4
20 5
19 5
19 6
18 6
19 6
19 7
18 7
17 7
17 6
18 6
18 5
18 6
18 7
18 6
18 5
18 6
18 5
18 4
17 4
16 4
16 5
15 5
15 6
15 7
15 6
15 5
14 5
15 5
15 4
15 5
15 6
16 6
16 5
17 5
17 4
17 5
16 5
17 5
16 5
17 5
17 6
18 6
18 7
19 7
20 7
20 8
20 7
21 7
21 8
21 7
22 7
22 8
23 8
24 8
24 9
23 9
24 9
23 9
24 9
24 8
23 8
23 7
23 8
24 8
25 8
25 9
24 9
25 9
26 9
26 8
27 8
27 9
27 10
27 11
26 11
25 11
26 11
27 11
27 10
26 10
25 10
24 10
25 10
25 11
24 11
24 12
24 13
25 13
25 12
25 13
26 13
26 14
25 14
25 13
25 14
26 14
25 14
25 13
25 14
26 14
27 14
26 14
26 15
26 14
27 14
27 13
28 13
28 14
28 13
28 14
29 14
29 13
28 13
29 13
30 13
29 13
28 13
27 13
27 14
27 13
26 13
25 13
25 14
25 13
25 14
25 15
26 15
27 15
27 16
28 16
29 16
30 16
30 15
30 16
30 17
29 17
28 17
28 16
28 15
28 14
27 14
27 13
27 12
27 11
27 12
27 11
28 11
28 10
28 9
29 9
29 10
28 10
27 10
26 10
26 11
26 10
25 10
24 10
24 11
24 12
24 13
25 13
26 13
26 14
26 15
25 15
26 15
27 15
27 16
26 16
27 16
27 17
27 16
27 17
27 16
26 16
26 17
27 17
28 17
29 17
29 18
30 18
30 17
31 17
31 16
30 16
29 16
29 17
28 17
29 17
28 17
29 17
30 17
29 17
30 17
31 17
30 17
30 18
30 17
30 18
31 18
31 19
32 19
33 19
34 19
34 20
35 20
35 21
35 20
34 20
33 20
33 21
33 22
34 22
33 22
32 22
31 22
31 21
30 21
31 21
31 22
31 23
31 24
31 25
31 26
30 26
30 27
30 26
29 26
28 26
28 25
29 25
29 24
28 24
27 24
27 25
27 24
26 24
25 24
24 24
25 24
24 24
24 25
23 25
23 26
22 26
22 25
23 25
23 24
24 24
23 24
22 24
22 23
23 23
23 22
24 22
24 23
24 24
24 25
25 25
26 25
27 25
27 24
27 23
27 22
27 21
28 21
28 22
28 21
28 22
28 23
28 24
28 23
28 24
28 23
27 23
27 24
27 23
27 24
27 23
27 24
28 24
29 24
30 24
30 23
30 24
30 25
31 25
31 24
30 24
30 25
29 25
30 25
30 24
30 25
29 25
29 26
28 26
28 25
29 25
29 26
29 25
29 26
30 26
31 26
32 26
32 25
31 25
31 24
30 24
29 24
30 24
30 23
30 22
30 23
30 22
31 22
31 21
31 20
31 19
30 19
29 19
30 19
30 18
30 17
30 18
30 17
31 17
32 17
33 17
34 17
35 17
35 16
35 17
34 17
35 17
34 17
33 17
33 16
34 16
34 17
34 18
33 18
34 18
35 18
35 17
36 17
37 17
36 17
37 17
37 16
36 16
36 15
36 14
37 14
37 15
38 15
38 16
38 17
38 18
38 17
38 18
39 18
39 17
39 16
39 17
39 18
39 19
40 19
41 19
40 19
39 19
39 20
38 20
38 21
39 21
38 21
39 21
39 20
40 20
39 20
39 21
40 21
41 21
40 21
40 22
40 23
39 23
40 23
40 22
41 22
41 23
41 24
42 24
42 23
41 23
41 24
41 23
40 23
40 22
40 21
40 20
41 20
40 20
39 20
39 19
39 20
39 19
39 18
38 18
38 19
39 19
38 19
38 20
38 21
38 22
39 22
38 22
38 21
38 20
38 19
37 19
37 20
37 19
37 20
37 19
38 19
38 20
38 19
37 19
37 20
37 19
37 20
36 20
35 20
34 20
33 20
34 20
35 20
35 21
35 22
36 22
35 22
34 22
33 22
33 21
33 20
33 19
33 18
33 19
34 19
33 19
32 19
33 19
33 18
32 18
32 17
32 18
33 18
33 19
34 19
35 19
34 19
34 18
34 17
34 16
35 16
35 15
34 15
34 14
34 13
34 14
35 14
34 14
35 14
35 15
35 16
35 15
36 15
36 14
35 14
34 14
34 15
33 15
33 16
32 16
32 15
33 15
34 15
34 14
35 14
35 15
34 15
34 14
35 14
35 15
35 16
34 16
34 17
35 17
35 18
35 19
35 18
34 18
33 18
34 18
33 18
33 19
33 20
34 20
33 20
33 21
34 21
35 21
35 22
35 21
34 21
35 21
34 21
34 22
35 22
34 22
34 21
33 21
34 21
33 21
34 21
35 21
35 20
36 20
35 20
34 20
34 19
34 18
35 18
35 19
36 19
37 19
37 20
37 19
38 19
38 18
38 19
38 20
38 21
38 20
38 19
37 19
37 18
36 18
36 19
37 19
37 20
37 21
38 21
37 21
38 21
39 21
38 21
38 20
37 20
37 19
38 19
