0 0
0 1
0 0
0 1
0 0
1 0
2 0
1 0
1 1
1 0
1 1
2 1
2 0
2 1
2 0
2 1
3 1
4 1
4 2
4 1
4 2
4 3
4 4
4 3
5 3
6 3
6 4
6 5
7 5
7 4
6 4
7 4
7 5
6 5
5 5
6 5
7 5
7 6
6 6
5 6
4 6
5 6
5 7
6 7
6 6
5 6
5 7
6 7
6 6
6 7
5 7
6 7
5 7
6 7
7 7
7 8
7 7
8 7
8 6
8 5
9 5
10 5
9 5
9 4
8 4
8 5
8 4
8 3
9 3
8 3
8 4
8 5
7 5
7 6
7 7
6 7
7 7
6 7
5 7
6 7
5 7
6 7
6 6
6 5
5 5
4 5
3 5
4 5
5 5
4 5
4 6
4 5
4 4
4 3
4 4
5 4
6 4
6 5
6 6
6 5
6 4
5 4
6 4
5 4
5 5
5 6
6 6
6 5
7 5
6 5
7 5
8 5
7 5
7 6
8 6
8 5
7 5
7 4
6 4
6 5
7 5
6 5
7 5
6 5
7 5
7 6
7 7
7 6
8 6
7 6
7 5
7 4
8 4
8 3
8 2
8 1
8 0
9 0
9 1
9 2
9 1
9 0
9 1
8 1
8 0
8 1
9 1
10 1
11 1
11 0
11 1
11 2
11 3
11 4
11 5
11 6
11 7
11 6
11 5
12 5
12 6
13 6
14 6
14 7
14 8
14 7
13 7
13 8
13 9
13 10
13 11
13 10
14 10
14 11
13 11
14 11
15 11
15 10
15 9
15 10
15 11
14 11
15 11
15 12
15 13
15 14
14 14
15 14
16 14
15 14
15 15
16 15
16 16
17 16
17 15
17 14
17 15
18 15
19 15
18 15
18 14
18 13
17 13
18 13
17 13
18 13
17 13
17 12
16 12
17 12
18 12
19 12
19 13
19 14
19 15
19 14
19 13
19 14
19 13
18 13
18 12
17 12
18 12
18 11
18 12
18 13
18 14
18 15
18 16
18 17
18 16
19 16
19 15
18 15
18 16
18 17
18 18
19 18
20 18
21 18
20 18
20 17
20 18
19 18
19 19
19 20
19 19
20 19
19 19
20 19
20 20
19 20
20 20
19 20
19 21
20 21
20 22
19 22
18 22
18 21
18 22
18 23
19 23
20 23
20 22
20 21
21 21
20 21
19 21
19 20
18 20
18 21
19 21
19 22
19 23
20 23
19 23
20 23
21 23
21 24
22 24
23 24
23 25
24 25
25 25
24 25
23 25
23 24
22 24
23 24
24 24
23 24
23 25
23 24
24 24
23 24
24 24
23 24
22 24
21 24
20 24
21 24
22 24
23 24
22 24
22 23
23 23
24 23
24 22
25 22
25 21
24 21
24 20
24 19
23 19
24 19
23 19
23 18
22 18
22 19
21 19
21 20
22 20
22 21
23 21
23 20
23 21
23 22
24 22
24 21
24 20
23 20
24 20
23 20
24 20
24 19
24 20
24 21
25 21
25 22
25 23
26 23
26 24
26 23
26 22
27 22
27 23
27 24
28 24
29 24
28 24
28 25
27 25
26 25
26 26
26 27
26 28
26 29
25 29
24 29
25 29
25 30
24 30
25 30
25 31
26 31
25 31
25 30
25 29
24 29
24 28
24 27
25 27
25 26
25 25
26 25
25 25
24 25
24 26
24 25
24 26
24 27
25 27
26 27
26 26
25 26
24 26
23 26
23 25
24 25
24 24
24 25
23 25
24 25
24 26
25 26
25 25
25 26
25 25
25 24
25 25
26 25
27 25
27 24
27 25
27 26
26 26
26 25
25 25
25 24
25 25
26 25
26 26
27 26
27 25
27 24
28 24
28 25
29 25
29 24
28 24
29 24
29 25
30 25
31 25
31 24
31 25
31 26
30 26
31 26
30 26
31 26
30 26
30 25
29 25
28 25
28 26
28 27
28 28
28 27
28 28
29 28
28 28
27 28
28 28
29 28
29 27
29 28
28 28
27 28
27 27
27 28
28 28
27 28
27 29
27 30
27 31
26 31
25 31
25 30
25 29
25 28
25 29
25 28
26 28
26 29
26 30
27 30
28 30
28 31
28 32
27 32
28 32
28 31
28 30
29 30
29 29
29 28
29 29
29 30
29 29
30 29
30 28
30 29
31 29
31 30
30 30
31 30
31 29
32 29
32 28
32 27
32 28
32 29
33 29
34 29
33 29
33 28
33 29
32 29
31 29
30 29
29 29
29 30
29 29
29 30
28 30
28 31
29 31
29 30
29 29
29 28
30 28
30 29
29 29
29 28
30 28
30 27
30 26
30 25
29 25
28 25
29 25
29 24
30 24
30 23
30 22
30 23
31 23
30 23
29 23
28 23
28 24
29 24
30 24
31 24
31 25
30 25
31 25
31 26
31 25
30 25
30 26
29 26
28 26
28 27
28 26
27 26
27 27
27 28
27 29
27 28
27 27
26 27
27 27
27 28
27 27
27 26
27 27
27 28
26 28
27 28
27 29
26 29
26 30
26 31
26 32
26 31
25 31
26 31
26 32
27 32
27 31
27 32
27 33
26 33
26 34
26 35
26 34
26 35
26 34
26 35
27 35
26 35
26 34
26 35
25 35
24 35
25 35
25 36
25 37
26 37
27 37
27 38
27 37
28 37
27 37
27 38
27 37
27 38
26 38
26 37
25 37
26 37
25 37
25 36
26 36
27 36
26 36
26 37
26 36
25 36
25 37
25 38
24 38
24 39
24 38
24 39
25 39
26 39
25 39
24 39
24 38
23 38
23 37
22 37
21 37
21 38
20 38
19 38
19 39
18 39
17 39
17 40
18 40
19 40
18 40
18 41
19 41
18 41
18 42
18 43
17 43
18 43
19 43
20 43
20 44
20 43
21 43
21 42
22 42
22 41
22 40
23 40
24 40
23 40
24 40
23 40
23 39
23 38
23 37
24 37
23 37
24 37
24 36
24 37
23 37
24 37
24 36
24 37
23 37
22 37
21 37
21 38
22 38
22 39
22 40
23 40
24 40
25 40
24 40
25 40
25 39
24 39
25 39
24 39
25 39
26 39
26 40
26 39
26 40
25 40
25 41
25 42
26 42
26 41
25 41
24 41
24 40
25 40
26 40
26 41
26 40
26 41
26 40
26 39
26 38
27 38
27 37
27 36
27 37
28 37
29 37
29 36
29 35
29 34
29 33
30 33
30 32
29 32
29 33
30 33
29 33
30 33
30 32
31 32
32 32
33 32
32 32
32 33
31 33
31 32
32 32
31 32
30 32
29 32
28 32
29 32
28 32
27 32
28 32
27 32
28 32
28 33
29 33
29 34
28 34
28 35
28 36
28 37
27 37
27 38
27 39
28 39
28 38
27 38
27 39
27 38
27 37
27 38
27 39
26 39
27 39
26 39
25 39
25 40
25 41
24 41
24 40
25 40
26 40
26 39
25 39
25 40
25 39
25 38
25 37
25 36
25 35
25 36
24 36
24 35
25 35
25 34
25 33
25 34
25 33
24 33
24 34
24 33
24 32
23 32
23 33
22 33
21 33
21 32
22 32
22 33
23 33
22 33
23 33
23 32
22 32
22 31
21 31
22 31
22 30
22 31
22 30
22 29
21 29
21 28
21 29
21 28
21 27
21 26
22 26
23 26
22 26
21 26
21 25
21 24
21 23
21 22
20 22
19 22
19 23
20 23
21 23
21 22
20 22
20 21
21 21
21 22
21 21
21 22
21 21
21 22
21 21
22 21
23 21
23 22
24 22
23 22
22 22
22 23
22 24
22 23
23 23
23 24
23 23
24 23
25 23
24 23
25 23
25 22
24 22
24 23
24 24
23 24
22 24
22 25
21 25
21 24
21 25
21 26
20 26
21 26
20 26
19 26
19 25
20 25
19 25
19 24
20 24
19 24
18 24
17 24
17 25
17 26
17 27
18 27
18 26
19 26
20 26
19 26
20 26
21 26
22 26
21 26
21 27
21 28
21 27
22 27
22 26
23 26
24 26
25 26
25 25
25 26
24 26
23 26
23 25
23 24
22 24
23 24
23 25
24 25
24 24
24 23
24 24
24 23
23 23
23 24
23 23
22 23
22 24
21 24
21 25
21 26
22 26
22 25
21 25
21 26
22 26
22 27
22 26
22 25
22 24
22 25
22 24
21 24
22 24
22 23
23 23
24 23
25 23
24 23
23 23
23 24
22 24
22 23
21 23
21 24
22 24
23 24
24 24
23 24
23 25
23 26
22 26
22 27
23 27
23 26
23 25
23 26
22 26
23 26
23 27
23 26
23 25
23 26
23 27
23 26
22 26
23 26
24 26
24 25
25 25
25 26
25 27
25 26
25 25
26 25
26 24
25 24
25 23
24 23
24 24
24 25
23 25
23 26
23 27
24 27
23 27
23 28
22 28
21 28
22 28
22 29
22 30
23 30
24 30
24 29
24 30
25 30
24 30
23 30
23 29
23 28
