0 0
0 1
0 2
1 2
1 1
0 1
1 1
1 2
1 1
1 0
1 1
1 2
1 1
0 1
0 2
1 2
1 1
2 1
3 1
4 1
5 1
5 0
5 1
5 2
5 1
5 2
5 1
4 1
5 1
5 0
5 1
4 1
3 1
4 1
3 1
3 2
3 1
2 1
1 1
0 1
1 1
1 0
1 1
1 2
1 3
2 3
2 4
2 5
3 5
3 4
3 3
2 3
1 3
0 3
0 2
0 1
1 1
1 2
1 3
2 3
2 2
2 3
2 4
1 4
2 4
3 4
2 4
2 3
1 3
1 2
1 1
1 0
1 1
0 1
1 1
1 0
1 1
0 1
0 2
0 1
1 1
0 1
0 2
0 3
0 4
1 4
2 4
2 3
3 3
4 3
4 2
5 2
4 2
5 2
5 3
5 4
6 4
7 4
7 5
8 5
8 6
8 7
8 8
7 8
8 8
7 8
7 7
6 7
6 8
5 8
5 9
5 10
6 10
7 10
8 10
9 10
9 9
8 9
7 9
6 9
7 9
7 10
8 10
8 11
7 11
7 10
6 10
6 11
7 11
7 10
7 11
6 11
5 11
6 11
7 11
8 11
8 12
8 13
7 13
7 14
6 14
6 15
6 14
5 14
6 14
6 15
6 16
6 15
6 14
6 13
6 14
5 14
5 15
6 15
6 14
6 15
7 15
6 15
7 15
7 16
8 16
8 17
7 17
6 17
6 18
5 18
4 18
3 18
4 18
4 19
3 19
3 18
4 18
5 18
4 18
3 18
2 18
2 19
1 19
1 18
0 18
1 18
1 17
1 18
1 19
2 19
1 19
1 20
1 19
1 18
1 17
2 17
2 18
1 18
0 18
0 17
1 17
1 18
1 19
1 20
0 20
1 20
1 21
1 20
1 19
0 19
0 18
1 18
2 18
3 18
3 17
2 17
2 16
1 16
1 15
0 15
0 16
1 16
2 16
3 16
4 16
4 15
4 16
4 17
3 17
3 16
3 17
4 17
3 17
3 18
3 19
3 18
2 18
2 19
1 19
1 18
2 18
3 18
4 18
4 19
5 19
6 19
5 19
5 20
6 20
7 20
6 20
6 19
7 19
7 18
6 18
6 19
7 19
8 19
8 18
8 17
8 18
8 17
7 17
8 17
8 18
9 18
10 18
10 19
10 20
11 20
10 20
10 21
10 20
11 20
10 20
11 20
10 20
9 20
8 20
8 19
8 20
9 20
9 21
9 22
9 23
9 22
9 21
9 22
8 22
8 23
8 22
7 22
7 21
7 20
7 21
7 20
7 19
7 18
7 19
7 18
7 19
7 18
7 19
7 20
7 21
7 20
7 21
7 20
8 20
8 19
8 18
8 19
8 20
9 20
9 19
8 19
8 20
9 20
9 21
8 21
9 21
10 21
10 20
9 20
9 21
9 20
8 20
8 19
8 20
8 21
8 22
7 22
8 22
8 21
9 21
9 22
10 22
9 22
9 23
10 23
9 23
9 24
8 24
8 25
7 25
7 26
7 25
6 25
6 26
6 25
6 26
5 26
5 27
4 27
4 28
5 28
4 28
4 27
4 26
4 27
4 26
4 27
3 27
3 26
3 27
2 27
3 27
2 27
2 28
2 29
1 29
1 30
1 31
2 31
1 31
0 31
0 30
1 30
1 29
1 30
1 31
2 31
1 31
2 31
2 32
2 31
1 31
2 31
3 31
2 31
2 32
1 32
1 33
2 33
2 34
3 34
3 33
4 33
4 32
3 32
4 32
4 31
3 31
2 31
3 31
3 32
3 31
4 31
4 32
3 32
3 31
4 31
4 32
3 32
3 31
3 30
4 30
4 29
4 28
4 27
4 26
3 26
3 25
3 26
4 26
3 26
2 26
3 26
2 26
2 27
2 26
3 26
2 26
2 25
2 26
2 27
2 26
2 25
2 24
1 24
2 24
2 23
2 22
1 22
1 21
2 21
3 21
3 22
3 23
3 24
3 23
3 22
4 22
4 23
5 23
4 23
4 22
4 21
5 21
4 21
5 21
5 22
5 23
4 23
4 24
4 25
3 25
2 25
2 26
2 27
3 27
2 27
3 27
4 27
3 27
2 27
2 28
1 28
2 28
3 28
3 29
4 29
5 29
5 30
5 31
6 31
7 31
7 32
8 32
8 33
7 33
6 33
5 33
5 32
5 33
4 33
4 32
4 31
3 31
3 30
3 29
3 30
3 29
4 29
4 28
3 28
4 28
4 27
5 27
5 26
6 26
7 26
7 27
6 27
6 26
6 25
6 26
6 27
5 27
6 27
5 27
5 26
4 26
4 27
3 27
2 27
2 28
2 29
1 29
0 29
1 29
1 30
0 30
0 29
0 28
1 28
2 28
3 28
3 29
2 29
2 28
2 29
2 30
2 31
3 31
4 31
3 31
4 31
4 30
4 31
3 31
4 31
5 31
5 30
5 31
5 30
5 31
5 32
5 33
4 33
5 33
5 34
5 33
5 32
6 32
6 31
5 31
4 31
3 31
3 30
4 30
4 31
5 31
5 30
5 31
5 32
6 32
6 33
6 34
5 34
4 34
5 34
5 35
6 35
7 35
8 35
9 35
8 35
9 35
9 36
9 35
8 35
9 35
9 36
8 36
8 37
8 38
9 38
10 38
10 39
10 40
9 40
8 40
8 41
7 41
8 41
8 40
8 41
8 42
8 43
7 43
6 43
6 44
5 44
6 44
7 44
7 45
6 45
6 46
6 45
7 45
7 44
8 44
9 44
10 44
10 43
10 44
10 45
9 45
10 45
10 44
10 45
10 44
9 44
9 43
8 43
7 43
8 43
8 44
9 44
9 43
9 42
9 41
9 42
8 42
8 41
8 40
8 41
8 40
8 39
8 40
8 41
7 41
7 42
6 42
6 43
7 43
6 43
7 43
8 43
8 42
8 41
9 41
9 40
9 41
9 42
10 42
10 41
10 40
11 40
10 40
9 40
9 39
10 39
11 39
11 40
11 39
10 39
10 38
11 38
11 39
12 39
12 38
13 38
12 38
12 39
11 39
12 39
11 39
12 39
13 39
14 39
14 38
15 38
16 38
15 38
15 37
16 37
16 38
16 37
17 37
18 37
18 38
18 37
18 38
18 39
18 38
18 39
17 39
17 38
18 38
17 38
16 38
17 38
16 38
17 38
17 39
17 40
17 39
17 38
18 38
17 38
16 38
16 37
16 38
17 38
16 38
15 38
14 38
13 38
13 37
13 36
13 37
14 37
13 37
13 36
12 36
12 35
11 35
12 35
12 36
11 36
11 35
11 36
11 37
10 37
11 37
11 38
11 37
10 37
10 36
11 36
12 36
12 35
12 36
12 35
13 35
13 36
13 37
14 37
13 37
14 37
14 36
13 36
13 35
13 34
13 33
12 33
11 33
10 33
9 33
8 33
9 33
8 33
8 34
8 33
9 33
9 34
8 34
7 34
7 33
7 32
8 32
7 32
8 32
8 33
8 32
8 33
7 33
7 34
6 34
6 33
6 34
5 34
4 34
5 34
5 33
5 32
5 31
5 32
6 32
7 32
7 33
7 32
6 32
6 33
6 32
7 32
7 31
7 30
8 30
9 30
9 29
8 29
8 30
8 31
8 32
7 32
6 32
6 33
6 34
6 35
5 35
5 36
6 36
6 35
7 35
6 35
6 34
6 35
5 35
5 36
4 36
5 36
5 35
4 35
3 35
4 35
5 35
6 35
5 35
4 35
3 35
3 34
3 35
2 35
2 34
1 34
1 35
1 34
0 34
1 34
1 35
1 34
1 35
2 35
1 35
0 35
0 36
1 36
2 36
3 36
3 37
2 37
2 36
2 35
2 34
2 33
3 33
2 33
1 33
1 34
0 34
0 33
0 34
0 33
1 33
1 32
2 32
2 31
2 30
2 31
2 32
2 31
2 30
1 30
1 31
1 32
2 32
3 32
3 33
2 33
2 32
3 32
4 32
4 33
4 34
4 33
4 34
5 34
5 33
5 32
5 33
5 32
4 32
4 33
3 33
4 33
5 33
4 33
5 33
5 34
5 35
4 35
4 36
4 37
5 37
5 36
5 35
4 35
4 36
4 37
3 37
3 36
3 37
4 37
5 37
5 36
6 36
6 37
7 37
7 36
7 37
8 37
9 37
8 37
7 37
7 36
8 36
8 35
9 35
8 35
8 34
7 34
7 33
7 34
6 34
7 34
8 34
8 35
8 36
9 36
9 35
10 35
10 36
10 37
10 36
10 37
10 38
11 38
12 38
13 38
14 38
14 37
14 38
13 38
13 39
12 39
13 39
14 39
13 39
14 39
14 40
15 40
14 40
14 39
13 39
12 39
12 38
12 37
11 37
11 38
10 38
10 37
10 38
9 38
8 38
8 39
9 39
9 40
10 40
10 39
10 38
10 39
10 38
11 38
11 39
12 39
12 40
12 41
12 42
13 42
12 42
11 42
