0 0
0 1
1 1
2 1
2 0
2 1
2 2
3 2
4 2
5 2
5 1
5 2
5 1
5 0
6 0
5 0
6 0
7 0
8 0
7 0
7 1
6 1
6 0
6 1
7 1
7 0
8 0
7 0
8 0
9 0
9 1
9 2
9 3
8 3
9 3
9 2
9 3
10 3
10 2
9 2
9 3
10 3
11 3
12 3
11 3
11 4
11 5
12 5
13 5
13 6
13 7
14 7
13 7
13 8
13 7
13 8
13 9
13 10
13 9
13 8
12 8
12 9
13 9
13 8
13 9
12 9
12 8
13 8
12 8
12 9
12 10
11 10
10 10
10 9
10 10
10 9
11 9
10 9
11 9
10 9
11 9
11 8
11 9
11 10
12 10
11 10
10 10
9 10
9 11
8 11
9 11
10 11
10 12
9 12
10 12
9 12
9 11
9 12
9 13
9 14
9 15
10 15
10 14
11 14
11 15
11 14
11 15
11 16
12 16
12 15
11 15
11 16
12 16
12 15
13 15
14 15
14 14
15 14
14 14
15 14
14 14
13 14
14 14
14 15
15 15
16 15
16 14
16 15
16 16
17 16
17 17
18 17
18 18
19 18
18 18
18 17
18 16
19 16
19 15
19 14
20 14
21 14
22 14
21 14
21 15
21 14
21 15
21 16
22 16
22 15
23 15
23 16
23 17
23 18
22 18
22 19
22 20
23 20
23 21
22 21
21 21
22 21
23 21
23 20
23 21
22 21
21 21
21 20
22 20
21 20
21 21
22 21
21 21
22 21
23 21
24 21
24 20
25 20
24 20
24 19
24 18
25 18
26 18
26 17
27 17
26 17
26 16
26 15
27 15
27 14
27 15
27 14
27 15
27 16
27 17
28 17
27 17
28 17
27 17
28 17
28 16
27 16
27 15
27 16
28 16
28 17
28 18
29 18
29 17
28 17
28 16
29 16
29 15
28 15
27 15
26 15
26 16
26 17
27 17
27 16
27 15
26 15
27 15
28 15
27 15
27 16
26 16
25 16
26 16
27 16
28 16
27 16
26 16
25 16
25 15
25 16
25 17
24 17
23 17
22 17
22 16
22 17
22 16
22 17
22 16
23 16
24 16
23 16
23 17
22 17
23 17
24 17
24 16
23 16
22 16
21 16
22 16
21 16
22 16
23 16
24 16
25 16
26 16
26 15
27 15
27 16
28 16
28 15
27 15
27 14
27 13
27 14
26 14
26 13
26 12
27 12
26 12
27 12
28 12
27 12
26 12
25 12
25 13
25 12
25 11
25 10
26 10
27 10
27 9
26 9
25 9
26 9
27 9
27 8
26 8
27 8
26 8
25 8
25 7
24 7
23 7
23 8
22 8
21 8
20 8
21 8
21 7
21 8
21 7
22 7
23 7
23 6
22 6
21 6
20 6
21 6
21 5
22 5
22 6
22 7
21 7
21 8
21 9
22 9
22 8
22 7
22 8
22 9
21 9
21 10
21 11
21 12
22 12
21 12
21 11
22 11
22 10
22 11
21 11
21 12
22 12
21 12
22 12
21 12
22 12
22 11
21 11
21 12
22 12
21 12
22 12
22 11
22 10
23 10
23 9
22 9
22 8
21 8
21 9
21 10
20 10
21 10
21 11
20 11
20 10
20 9
20 8
21 8
22 8
21 8
22 8
23 8
23 7
22 7
23 7
23 8
22 8
21 8
21 9
22 9
22 10
22 11
22 10
21 10
22 10
22 11
22 10
21 10
21 9
22 9
21 9
21 10
22 10
22 9
22 10
21 10
21 11
20 11
20 10
20 11
21 11
22 11
22 10
21 10
21 9
22 9
22 10
22 11
21 11
20 11
19 11
18 11
18 12
19 12
19 11
18 11
18 10
18 9
18 10
18 9
19 9
20 9
20 10
19 10
18 10
19 10
19 11
20 11
19 11
19 12
20 12
20 13
19 13
19 12
19 13
19 14
19 15
19 14
19 15
19 14
20 14
19 14
18 14
19 14
19 15
19 14
19 15
18 15
18 16
17 16
16 16
15 16
16 16
17 16
17 15
17 14
17 15
17 14
17 13
17 14
17 13
18 13
18 14
18 13
18 14
18 13
17 13
17 14
18 14
17 14
17 13
17 14
16 14
16 13
17 13
16 13
16 14
15 14
16 14
15 14
15 13
14 13
14 12
15 12
15 11
14 11
14 12
14 11
15 11
15 12
14 12
13 12
12 12
13 12
13 11
12 11
13 11
12 11
13 11
13 12
13 11
14 11
14 12
14 11
15 11
14 11
14 10
13 10
13 11
12 11
12 10
12 9
12 10
12 11
13 11
14 11
15 11
16 11
15 11
15 10
15 9
15 8
14 8
15 8
15 9
16 9
16 10
16 11
16 10
16 11
16 12
16 13
17 13
17 14
17 13
18 13
17 13
16 13
15 13
16 13
16 14
16 15
15 15
16 15
15 15
14 15
13 15
12 15
12 14
13 14
13 13
13 14
14 14
13 14
13 15
14 15
13 15
14 15
15 15
14 15
14 16
14 17
13 17
13 16
13 15
14 15
13 15
14 15
15 15
15 16
15 15
14 15
13 15
13 16
14 16
14 17
14 16
15 16
15 15
14 15
14 16
15 16
15 15
16 15
17 15
17 14
16 14
16 13
16 12
16 13
16 12
16 13
16 14
17 14
17 13
17 14
17 13
17 12
17 11
16 11
16 12
16 13
15 13
15 12
14 12
13 12
14 12
14 11
13 11
13 12
12 12
12 11
12 12
12 13
12 12
12 13
11 13
11 14
11 15
11 14
11 15
11 14
11 13
11 12
11 13
12 13
12 12
13 12
12 12
12 11
12 10
11 10
10 10
10 11
10 12
9 12
8 12
8 13
8 12
8 13
8 14
9 14
9 15
8 15
7 15
8 15
8 16
8 17
7 17
8 17
7 17
6 17
6 16
6 15
7 15
8 15
8 16
9 16
10 16
11 16
11 17
10 17
10 16
11 16
11 17
12 17
12 18
12 19
12 18
12 17
13 17
12 17
12 18
13 18
13 17
13 16
12 16
12 15
11 15
10 15
9 15
9 14
8 14
7 14
6 14
5 14
4 14
3 14
3 15
3 16
3 17
4 17
3 17
3 18
4 18
4 17
5 17
4 17
3 17
4 17
4 16
4 15
4 14
3 14
4 14
3 14
2 14
2 13
1 13
1 14
0 14
1 14
1 13
0 13
0 14
0 13
0 14
1 14
1 15
1 16
1 17
1 18
1 17
1 16
0 16
1 16
1 15
1 14
0 14
0 15
1 15
1 16
0 16
1 16
1 17
1 16
1 15
1 16
2 16
1 16
1 15
1 14
1 15
0 15
1 15
0 15
0 16
1 16
1 17
1 16
1 17
1 16
2 16
2 15
2 14
3 14
2 14
1 14
2 14
2 15
2 14
1 14
0 14
0 13
1 13
0 13
0 12
1 12
0 12
0 13
1 13
1 12
1 13
2 13
2 12
2 11
1 11
2 11
3 11
3 10
3 9
4 9
5 9
4 9
5 9
6 9
7 9
8 9
8 8
8 9
8 10
9 10
9 11
9 10
8 10
8 9
8 8
7 8
7 7
6 7
6 6
6 5
7 5
7 4
7 3
7 4
7 3
7 2
7 1
8 1
8 2
8 3
8 4
8 3
9 3
10 3
10 2
10 3
11 3
11 4
11 5
10 5
11 5
11 6
11 7
12 7
11 7
11 8
12 8
13 8
13 9
13 10
14 10
14 11
14 10
14 9
13 9
12 9
13 9
12 9
12 10
11 10
11 11
11 12
11 11
12 11
13 11
14 11
14 10
13 10
14 10
15 10
16 10
16 9
17 9
16 9
17 9
17 10
17 9
17 8
17 7
17 8
17 9
17 8
16 8
17 8
17 7
17 8
17 9
17 10
17 11
16 11
16 12
17 12
16 12
16 13
15 13
14 13
14 14
14 13
13 13
14 13
14 12
15 12
14 12
15 12
14 12
14 11
14 12
15 12
16 12
16 11
15 11
14 11
14 12
14 11
15 11
15 10
15 9
15 10
16 10
17 10
17 9
16 9
17 9
17 8
18 8
17 8
17 9
16 9
16 10
16 9
15 9
15 8
14 8
15 8
16 8
17 8
16 8
17 8
17 7
17 8
17 9
17 8
16 8
16 9
16 10
16 9
16 8
17 8
17 9
17 10
16 10
15 10
15 11
15 10
15 11
15 10
14 10
15 10
15 11
16 11
15 11
16 11
16 12
16 13
16 14
15 14
14 14
13 14
13 13
12 13
11 13
12 13
12 12
12 13
13 13
13 12
13 11
14 11
14 10
14 9
13 9
13 8
12 8
11 8
11 7
11 6
11 7
12 7
11 7
10 7
11 7
11 6
10 6
10 7
11 7
11 6
11 5
12 5
12 6
11 6
11 5
12 5
11 5
10 5
9 5
8 5
8 6
7 6
8 6
8 7
7 7
7 6
6 6
5 6
5 5
5 4
6 4
6 3
