0 0
0 1
1 1
1 0
1 1
0 1
1 1
1 0
0 0
0 1
0 0
1 0
0 0
0 1
1 1
1 2
1 1
0 1
0 0
1 0
0 0
1 0
1 1
2 1
3 1
3 2
4 2
4 1
4 2
4 3
3 3
3 4
3 5
2 5
3 5
3 4
2 4
2 5
1 5
2 5
3 5
4 5
4 4
3 4
4 4
4 5
4 4
3 4
3 5
4 5
4 4
4 5
4 4
5 4
5 3
5 4
6 4
7 4
7 5
8 5
9 5
10 5
10 4
10 3
11 3
11 4
10 4
9 4
10 4
10 3
10 2
10 1
10 0
10 1
10 2
10 1
11 1
11 2
11 1
10 1
11 1
12 1
11 1
12 1
13 1
12 1
13 1
14 1
14 2
14 3
13 3
14 3
14 4
13 4
13 3
14 3
14 4
14 3
15 3
14 3
13 3
14 3
15 3
15 4
14 4
15 4
14 4
15 4
14 4
14 3
14 4
13 4
14 4
14 5
15 5
15 6
16 6
16 7
15 7
14 7
15 7
16 7
15 7
16 7
17 7
17 6
16 6
15 6
15 5
15 4
15 3
15 4
14 4
13 4
13 3
13 2
12 2
12 3
13 3
13 4
12 4
11 4
11 3
11 2
12 2
12 3
13 3
13 2
13 1
13 2
13 1
14 1
15 1
15 2
15 3
15 2
16 2
17 2
16 2
15 2
15 3
14 3
14 4
14 3
14 4
13 4
14 4
14 5
14 4
15 4
14 4
14 5
14 4
14 5
15 5
14 5
14 4
14 5
15 5
15 4
15 5
15 6
14 6
14 5
13 5
14 5
14 4
13 4
13 5
13 4
14 4
14 3
13 3
14 3
15 3
16 3
15 3
15 4
15 5
15 6
15 5
14 5
14 4
15 4
15 3
15 2
16 2
17 2
16 2
15 2
14 2
13 2
12 2
12 1
12 2
13 2
14 2
13 2
13 3
12 3
12 4
12 5
12 6
11 6
11 5
11 6
12 6
12 7
11 7
12 7
13 7
14 7
15 7
15 8
14 8
13 8
13 9
13 10
12 10
12 9
11 9
11 8
11 9
12 9
13 9
13 10
14 10
13 10
14 10
13 10
13 11
13 12
13 11
13 12
13 11
13 10
14 10
15 10
15 9
15 8
15 9
15 10
15 9
16 9
16 8
16 7
16 8
16 9
16 8
16 7
16 6
16 7
17 7
18 7
17 7
16 7
16 8
15 8
15 9
15 8
15 9
14 9
15 9
14 9
14 8
14 7
15 7
16 7
15 7
15 6
15 5
16 5
16 6
17 6
16 6
15 6
15 5
16 5
15 5
16 5
15 5
15 4
14 4
14 3
14 2
14 3
13 3
14 3
15 3
16 3
17 3
17 4
17 3
18 3
17 3
18 3
18 2
18 3
19 3
19 4
20 4
19 4
18 4
19 4
19 3
20 3
19 3
20 3
19 3
19 4
18 4
17 4
17 3
17 4
16 4
15 4
15 3
16 3
17 3
16 3
16 4
16 5
16 4
16 5
15 5
16 5
15 5
14 5
14 4
13 4
13 3
13 2
14 2
15 2
16 2
16 1
15 1
14 1
14 2
15 2
16 2
17 2
17 3
18 3
17 3
18 3
18 4
18 5
18 6
18 5
19 5
18 5
17 5
17 4
16 4
16 5
15 5
14 5
14 6
14 7
14 8
14 9
13 9
13 10
13 11
14 11
13 11
13 10
14 10
14 11
15 11
14 11
14 10
15 10
15 9
15 10
15 9
15 8
15 9
14 9
13 9
13 10
14 10
15 10
14 10
13 10
13 9
14 9
13 9
14 9
13 9
13 10
14 10
14 11
15 11
15 12
14 12
14 13
13 13
12 13
11 13
11 12
12 12
13 12
13 11
14 11
15 11
15 12
14 12
15 12
16 12
17 12
18 12
18 11
19 11
19 12
20 12
21 12
21 13
21 14
20 14
19 14
18 14
18 15
19 15
19 16
20 16
20 17
21 17
21 16
21 15
21 16
20 16
19 16
19 15
20 15
19 15
19 16
20 16
20 15
19 15
20 15
20 14
19 14
19 15
19 16
18 16
17 16
16 16
16 15
15 15
15 16
16 16
16 15
15 15
14 15
13 15
13 14
14 14
13 14
14 14
14 13
14 12
15 12
14 12
14 13
13 13
13 12
13 11
12 11
11 11
12 11
13 11
13 10
14 10
15 10
15 9
15 8
15 7
16 7
15 7
14 7
13 7
13 6
13 5
14 5
15 5
15 6
15 7
16 7
17 7
17 8
17 7
16 7
17 7
18 7
18 6
17 6
16 6
16 5
15 5
15 6
16 6
16 7
16 6
16 7
17 7
18 7
17 7
17 8
16 8
16 7
15 7
16 7
16 8
16 7
16 8
15 8
14 8
13 8
13 7
13 6
13 5
14 5
15 5
15 6
15 7
16 7
16 8
16 7
16 6
16 5
17 5
17 4
18 4
18 5
17 5
17 6
16 6
15 6
15 5
14 5
15 5
15 6
16 6
17 6
18 6
19 6
20 6
20 7
19 7
18 7
17 7
17 8
16 8
15 8
15 9
15 10
14 10
14 11
14 10
15 10
15 9
14 9
15 9
14 9
14 10
15 10
15 9
14 9
14 10
14 11
13 11
13 10
13 9
12 9
11 9
12 9
12 10
12 11
13 11
13 12
13 13
14 13
15 13
15 14
15 13
14 13
14 12
15 12
16 12
16 11
15 11
16 11
16 12
16 13
15 13
16 13
16 14
17 14
17 15
18 15
19 15
19 16
20 16
20 15
19 15
20 15
20 14
19 14
19 13
19 14
19 15
20 15
21 15
20 15
20 14
19 14
19 13
19 14
20 14
20 15
21 15
21 16
21 15
21 16
22 16
22 17
22 18
22 17
23 17
24 17
24 18
24 19
24 20
24 21
25 21
26 21
26 22
25 22
25 23
24 23
24 24
24 23
25 23
25 24
24 24
24 25
24 24
24 23
24 22
25 22
25 21
24 21
24 22
24 23
23 23
23 24
24 24
23 24
24 24
24 23
23 23
22 23
22 24
22 23
22 24
23 24
23 25
23 26
23 27
24 27
24 28
24 27
24 26
24 27
25 27
26 27
26 28
26 29
27 29
27 30
28 30
28 31
28 32
28 33
27 33
26 33
26 32
26 33
26 32
26 31
26 32
26 33
26 34
26 33
25 33
26 33
26 34
26 33
27 33
27 34
28 34
27 34
28 34
27 34
28 34
27 34
28 34
28 35
27 35
28 35
28 36
28 35
27 35
27 34
28 34
29 34
30 34
29 34
29 33
29 34
29 33
29 32
30 32
29 32
29 33
30 33
30 32
31 32
30 32
31 32
32 32
32 33
32 32
32 31
32 30
32 29
32 28
32 27
32 28
32 29
32 28
32 29
31 29
32 29
32 28
31 28
30 28
29 28
30 28
30 27
30 28
30 29
30 30
30 31
30 30
31 30
30 30
30 31
30 32
31 32
32 32
33 32
32 32
32 33
32 34
32 35
33 35
32 35
33 35
33 34
34 34
33 34
32 34
33 34
33 33
34 33
33 33
34 33
34 34
35 34
35 33
35 34
35 35
34 35
35 35
34 35
33 35
32 35
33 35
33 36
33 37
33 36
34 36
34 35
35 35
36 35
36 36
37 36
38 36
39 36
39 35
39 34
40 34
40 33
40 32
40 31
40 30
41 30
42 30
42 31
42 32
42 31
43 31
42 31
42 30
43 30
43 29
44 29
44 28
43 28
42 28
42 29
43 29
44 29
45 29
44 29
44 30
44 29
45 29
46 29
46 30
45 30
45 29
44 29
43 29
42 29
41 29
42 29
42 30
42 29
42 30
42 31
42 32
42 31
42 32
43 32
43 31
43 32
43 31
44 31
44 32
43 32
44 32
44 33
44 32
44 33
44 34
44 33
45 33
46 33
46 34
46 33
46 32
46 31
45 31
45 32
45 31
44 31
43 31
42 31
42 32
43 32
43 33
43 32
42 32
41 32
42 32
42 33
41 33
41 32
42 32
42 33
42 34
42 33
42 34
43 34
43 33
43 34
44 34
43 34
43 33
44 33
44 34
45 34
46 34
46 33
47 33
48 33
48 32
49 32
48 32
48 33
47 33
47 32
48 32
48 33
47 33
47 34
48 34
49 34
50 34
51 34
50 34
51 34
51 33
52 33
52 34
52 35
52 34
52 35
52 36
51 36
52 36
52 37
52 38
53 38
53 39
52 39
52 38
52 37
52 36
53 36
53 35
53 34
52 34
52 35
53 35
53 34
53 33
54 33
53 33
54 33
54 34
53 34
53 33
52 33
52 34
51 34
50 34
50 35
49 35
49 36
50 36
50 35
50 36
50 35
51 35
51 36
51 35
50 35
50 36
50 37
49 37
49 38
49 39
48 39
49 39
49 40
49 39
49 38
48 38
48 39
48 40
48 39
49 39
50 39
49 39
49 40
