0 0
1 0
1 1
0 1
1 1
1 0
0 0
1 0
0 0
1 0
1 1
0 1
0 2
0 1
0 0
0 1
0 0
1 0
1 1
1 2
1 3
0 3
0 2
1 2
2 2
1 2
1 3
1 4
0 4
0 3
1 3
1 4
2 4
1 4
2 4
2 3
2 4
2 5
2 4
1 4
0 4
1 4
2 4
2 3
3 3
4 3
4 2
5 2
4 2
5 2
4 2
4 3
5 3
4 3
4 2
4 1
3 1
3 2
3 3
3 2
3 1
3 2
3 3
3 2
3 1
4 1
4 2
3 2
3 1
3 0
3 1
3 2
4 2
4 1
4 2
4 1
5 1
4 1
4 0
4 1
4 0
4 1
4 0
5 0
6 0
6 1
5 1
4 1
4 2
4 3
4 2
4 3
4 4
4 5
3 5
2 5
3 5
2 5
2 6
2 5
2 4
1 4
0 4
0 3
0 2
1 2
2 2
2 3
1 3
1 4
1 5
2 5
2 6
1 6
1 5
2 5
2 4
2 3
3 3
4 3
5 3
5 4
5 3
4 3
4 4
5 4
6 4
7 4
6 4
5 4
5 5
6 5
7 5
8 5
8 6
7 6
8 6
7 6
8 6
7 6
7 5
7 4
6 4
6 5
5 5
5 4
4 4
4 5
4 4
4 5
4 4
4 3
5 3
4 3
5 3
4 3
4 4
3 4
4 4
4 5
3 5
3 4
2 4
2 3
1 3
1 4
0 4
1 4
1 3
0 3
1 3
0 3
1 3
2 3
1 3
0 3
0 2
1 2
1 3
0 3
1 3
2 3
1 3
1 4
1 5
0 5
0 6
1 6
2 6
1 6
2 6
2 7
1 7
1 8
0 8
1 8
1 9
0 9
1 9
1 10
1 9
1 8
1 9
2 9
2 8
2 7
2 8
2 9
2 8
3 8
4 8
4 9
4 10
3 10
4 10
3 10
3 9
3 10
2 10
1 10
1 9
0 9
1 9
1 10
1 11
2 11
2 10
2 11
3 11
3 10
3 9
4 9
4 8
3 8
3 7
3 8
2 8
2 7
3 7
4 7
4 8
5 8
6 8
7 8
8 8
7 8
7 7
8 7
8 6
8 5
9 5
9 4
9 3
10 3
11 3
12 3
11 3
10 3
9 3
9 2
9 3
9 4
8 4
8 5
7 5
8 5
8 4
7 4
8 4
9 4
10 4
10 5
10 4
10 3
11 3
11 4
12 4
13 4
13 5
12 5
12 4
12 5
11 5
11 6
12 6
13 6
13 5
14 5
14 6
14 7
14 8
14 9
15 9
16 9
16 8
16 9
17 9
17 8
18 8
19 8
18 8
19 8
18 8
19 8
20 8
20 9
21 9
22 9
21 9
22 9
22 8
22 7
22 8
22 7
22 8
22 7
21 7
22 7
23 7
23 8
24 8
24 7
24 8
25 8
25 7
25 8
25 7
25 6
25 7
24 7
24 8
23 8
23 9
23 10
23 11
24 11
25 11
25 12
25 13
24 13
25 13
24 13
24 12
23 12
24 12
24 11
24 12
25 12
24 12
24 13
24 14
24 15
25 15
25 14
24 14
24 15
24 14
25 14
25 13
24 13
25 13
25 12
26 12
26 11
26 10
27 10
26 10
26 9
26 10
27 10
28 10
27 10
28 10
29 10
28 10
29 10
30 10
30 9
30 8
31 8
31 7
31 6
31 5
32 5
32 4
33 4
33 3
33 2
33 1
33 0
34 0
35 0
36 0
37 0
37 1
37 0
37 1
36 1
37 1
37 0
37 1
37 2
38 2
38 1
38 0
37 0
36 0
37 0
37 1
38 1
38 2
38 1
37 1
37 0
37 1
38 1
38 0
37 0
36 0
36 1
36 2
36 1
37 1
38 1
39 1
39 2
39 1
40 1
39 1
39 0
39 1
39 0
38 0
37 0
37 1
38 1
37 1
38 1
39 1
38 1
39 1
40 1
40 2
39 2
39 1
39 0
39 1
40 1
40 2
41 2
40 2
40 3
40 2
39 2
38 2
39 2
39 3
39 4
39 5
38 5
38 6
38 5
37 5
37 4
37 5
38 5
38 6
37 6
37 5
38 5
38 4
39 4
39 5
40 5
41 5
41 4
41 3
41 2
41 1
42 1
41 1
41 2
42 2
42 3
42 4
42 3
43 3
43 4
44 4
44 5
45 5
45 6
45 5
45 6
45 5
44 5
44 6
44 7
44 6
44 5
45 5
45 4
46 4
47 4
46 4
45 4
45 5
46 5
46 6
47 6
46 6
47 6
47 7
47 8
47 7
47 6
48 6
48 7
48 8
49 8
49 7
49 8
49 7
48 7
48 6
48 5
48 6
48 5
47 5
46 5
46 6
46 5
45 5
44 5
43 5
44 5
43 5
44 5
44 4
44 3
44 4
44 3
43 3
43 2
43 3
44 3
43 3
43 4
43 3
42 3
42 4
43 4
43 3
43 4
43 3
42 3
42 2
41 2
41 3
41 2
41 3
41 4
42 4
42 3
43 3
43 4
43 5
44 5
43 5
43 6
44 6
43 6
44 6
45 6
46 6
45 6
45 5
45 6
45 5
45 6
45 5
45 4
46 4
45 4
46 4
45 4
45 3
45 4
45 5
45 4
44 4
43 4
44 4
43 4
43 5
44 5
45 5
46 5
47 5
47 4
47 3
47 2
47 3
47 2
47 1
47 0
46 0
46 1
46 2
47 2
47 1
46 1
46 0
45 0
45 1
45 0
44 0
45 0
46 0
46 1
45 1
45 0
46 0
46 1
46 2
45 2
45 1
45 2
45 3
45 2
45 1
46 1
46 2
47 2
47 3
46 3
47 3
48 3
49 3
49 2
49 3
49 2
49 3
49 4
50 4
50 3
49 3
49 2
49 3
49 4
48 4
47 4
47 5
48 5
48 6
49 6
49 7
50 7
49 7
48 7
49 7
48 7
49 7
50 7
49 7
48 7
49 7
49 8
50 8
51 8
51 7
50 7
51 7
51 6
50 6
50 7
50 6
50 5
50 6
51 6
51 5
51 6
51 7
51 6
52 6
52 7
53 7
54 7
54 6
53 6
52 6
51 6
51 5
50 5
50 6
50 7
50 8
49 8
49 7
49 8
50 8
51 8
52 8
52 9
53 9
54 9
54 8
54 9
54 10
54 11
54 12
55 12
55 13
55 14
54 14
54 15
54 16
54 17
54 18
53 18
53 17
53 16
53 17
53 16
54 16
53 16
54 16
54 17
54 18
55 18
55 17
56 17
55 17
54 17
55 17
56 17
57 17
58 17
57 17
58 17
57 17
58 17
58 18
58 17
57 17
58 17
58 16
57 16
58 16
59 16
60 16
60 17
60 16
59 16
59 15
58 15
58 14
57 14
57 15
56 15
56 16
55 16
54 16
55 16
54 16
55 16
55 17
54 17
54 16
55 16
54 16
55 16
54 16
54 17
54 18
54 19
53 19
54 19
54 18
53 18
54 18
55 18
54 18
53 18
52 18
53 18
52 18
52 19
53 19
53 20
54 20
54 21
54 22
55 22
54 22
54 21
53 21
52 21
52 22
52 23
51 23
50 23
50 22
50 21
49 21
49 22
49 23
48 23
48 22
49 22
50 22
51 22
51 23
51 22
50 22
50 21
50 22
51 22
51 23
52 23
52 22
53 22
54 22
54 23
53 23
52 23
52 22
53 22
52 22
52 21
53 21
54 21
55 21
56 21
56 22
55 22
54 22
55 22
55 21
54 21
53 21
53 20
54 20
54 19
54 20
53 20
52 20
52 21
53 21
53 20
53 21
53 20
53 21
53 20
53 19
54 19
54 18
55 18
55 19
54 19
54 20
53 20
54 20
53 20
53 19
53 18
52 18
52 17
51 17
50 17
51 17
51 18
50 18
51 18
50 18
51 18
51 17
52 17
52 16
52 15
52 16
53 16
54 16
53 16
53 17
53 16
52 16
51 16
51 17
51 16
51 15
50 15
49 15
50 15
50 14
50 13
49 13
50 13
51 13
51 12
52 12
51 12
52 12
53 12
53 11
53 10
54 10
54 11
54 12
55 12
55 13
54 13
54 12
54 13
55 13
55 12
54 12
54 13
54 12
53 12
54 12
53 12
53 13
54 13
54 12
55 12
54 12
53 12
53 13
53 14
53 13
53 12
54 12
55 12
55 11
54 11
54 12
54 11
53 11
52 11
52 10
52 9
51 9
51 8
51 9
50 9
51 9
50 9
50 8
49 8
50 8
50 9
51 9
52 9
52 10
52 11
53 11
53 12
54 12
55 12
54 12
53 12
53 11
52 11
52 10
52 9
53 9
53 10
53 9
54 9
54 8
54 9
54 8
54 9
54 8
55 8
56 8
55 8
55 9
55 10
56 10
57 10
57 9
56 9
56 8
56 9
56 10
57 10
57 11
57 10
58 10
59 10
60 10
59 10
59 9
58 9
57 9
57 10
57 11
56 11
