0 0
1 0
0 0
0 1
0 2
0 3
0 2
0 1
0 2
1 2
0 2
1 2
1 3
1 4
1 3
2 3
3 3
3 4
3 3
4 3
4 2
4 1
4 0
5 0
5 1
4 1
3 1
3 0
3 1
4 1
3 1
3 0
4 0
3 0
4 0
4 1
4 2
5 2
5 1
6 1
6 0
6 1
6 2
6 3
5 3
6 3
6 4
6 3
5 3
5 4
5 5
6 5
6 4
7 4
7 5
8 5
8 6
9 6
10 6
9 6
10 6
10 5
9 5
9 4
9 3
9 4
8 4
7 4
6 4
6 3
7 3
7 2
7 3
7 2
6 2
5 2
6 2
7 2
7 1
8 1
8 2
7 2
8 2
7 2
6 2
7 2
7 3
7 4
7 5
7 6
7 5
7 4
6 4
6 3
7 3
6 3
5 3
4 3
3 3
4 3
4 2
3 2
4 2
3 2
3 3
4 3
5 3
6 3
5 3
6 3
6 4
6 3
5 3
6 3
7 3
7 4
7 3
7 2
6 2
6 1
6 2
6 1
6 0
7 0
6 0
5 0
5 1
4 1
3 1
4 1
4 2
5 2
4 2
3 2
3 1
4 1
4 2
4 3
4 4
4 5
4 6
4 5
5 5
4 5
4 6
4 7
5 7
6 7
5 7
5 8
4 8
5 8
5 9
4 9
5 9
6 9
6 10
5 10
4 10
4 11
4 12
3 12
4 12
4 11
4 12
4 13
4 14
4 15
5 15
4 15
4 16
3 16
4 16
4 17
3 17
3 18
3 19
3 18
3 17
3 18
2 18
1 18
1 19
2 19
1 19
2 19
2 20
2 21
2 22
2 23
2 24
2 25
2 26
3 26
2 26
1 26
2 26
3 26
4 26
4 27
4 26
4 25
3 25
3 24
3 23
3 22
2 22
2 21
1 21
1 22
2 22
1 22
0 22
0 21
1 21
1 20
1 21
2 21
2 22
3 22
3 23
3 24
3 23
3 22
2 22
2 23
1 23
2 23
3 23
2 23
1 23
1 22
2 22
1 22
1 21
2 21
2 20
3 20
2 20
3 20
2 20
2 21
2 22
1 22
1 21
0 21
1 21
1 20
2 20
1 20
1 21
1 20
1 19
0 19
1 19
2 19
1 19
2 19
3 19
3 20
3 21
2 21
2 20
2 21
2 22
1 22
1 23
0 23
1 23
1 22
0 22
0 23
0 22
0 23
0 22
1 22
2 22
2 21
1 21
2 21
2 20
2 21
3 21
3 20
2 20
2 19
2 18
1 18
2 18
1 18
1 19
1 18
0 18
1 18
2 18
3 18
3 17
2 17
2 16
3 16
2 16
2 17
2 18
2 17
1 17
1 16
0 16
0 15
1 15
2 15
2 14
2 15
3 15
2 15
3 15
3 14
3 15
4 15
4 16
4 15
3 15
4 15
4 16
4 17
4 18
3 18
4 18
5 18
5 19
4 19
5 19
4 19
3 19
4 19
5 19
6 19
6 20
6 21
5 21
5 20
4 20
4 21
5 21
5 22
5 23
6 23
6 22
5 22
4 22
5 22
4 22
5 22
5 23
5 24
5 23
6 23
6 22
6 21
5 21
5 22
4 22
3 22
3 23
4 23
5 23
4 23
5 23
6 23
6 22
6 23
7 23
6 23
6 22
5 22
5 23
5 24
5 23
6 23
7 23
7 22
8 22
8 21
8 22
9 22
9 23
10 23
9 23
10 23
10 22
11 22
12 22
13 22
13 21
14 21
14 20
14 19
14 20
15 20
16 20
17 20
17 19
18 19
17 19
17 20
18 20
18 21
18 22
19 22
20 22
21 22
22 22
23 22
24 22
23 22
23 21
22 21
22 22
23 22
24 22
24 23
23 23
23 24
24 24
25 24
24 24
23 24
22 24
22 23
21 23
22 23
23 23
23 24
23 23
22 23
22 22
21 22
20 22
19 22
19 23
19 24
19 23
19 24
19 23
18 23
18 22
18 23
19 23
19 24
19 25
20 25
21 25
21 26
21 25
22 25
23 25
23 24
23 25
23 24
23 23
23 22
22 22
22 21
21 21
21 20
21 21
22 21
22 22
21 22
21 21
20 21
21 21
21 22
22 22
21 22
21 23
21 22
21 21
21 22
21 21
22 21
23 21
22 21
21 21
21 20
22 20
22 19
23 19
23 20
24 20
25 20
24 20
24 21
25 21
24 21
24 22
25 22
24 22
24 21
24 20
24 19
25 19
24 19
25 19
26 19
26 20
26 19
26 20
27 20
28 20
28 21
29 21
29 20
30 20
31 20
30 20
29 20
29 21
30 21
30 20
29 20
30 20
30 21
30 20
29 20
29 19
30 19
29 19
29 20
30 20
30 21
29 21
29 22
30 22
30 21
31 21
31 22
30 22
30 23
30 22
30 21
31 21
30 21
29 21
29 20
29 19
29 20
29 21
30 21
30 22
30 23
30 24
31 24
32 24
31 24
31 23
32 23
32 22
32 23
32 24
32 25
33 25
34 25
34 26
35 26
34 26
33 26
33 25
32 25
32 26
33 26
33 25
34 25
35 25
35 24
34 24
34 23
34 24
34 25
34 24
33 24
34 24
34 23
35 23
34 23
33 23
32 23
32 22
32 21
33 21
33 22
33 23
33 22
32 22
32 21
32 22
33 22
34 22
34 23
35 23
34 23
34 22
34 23
33 23
33 24
33 25
33 24
33 23
33 24
32 24
31 24
30 24
29 24
29 23
29 22
29 23
29 24
29 25
29 24
30 24
30 25
31 25
31 26
30 26
30 27
29 27
30 27
29 27
28 27
28 28
27 28
28 28
27 28
27 29
28 29
28 28
29 28
30 28
30 27
30 28
31 28
30 28
29 28
29 27
30 27
31 27
30 27
29 27
29 26
29 27
29 28
28 28
29 28
30 28
31 28
32 28
32 29
32 30
32 31
32 30
31 30
31 29
30 29
29 29
30 29
30 28
30 29
30 30
31 30
31 31
30 31
30 30
30 29
31 29
32 29
32 28
33 28
33 27
33 26
33 25
33 24
33 23
32 23
33 23
33 22
32 22
31 22
30 22
30 23
29 23
30 23
29 23
29 24
30 24
30 23
31 23
30 23
29 23
28 23
29 23
29 22
28 22
27 22
27 23
27 24
28 24
27 24
28 24
28 25
29 25
28 25
28 26
28 25
29 25
30 25
31 25
31 26
31 27
31 28
31 29
30 29
29 29
28 29
29 29
29 28
28 28
29 28
30 28
30 27
29 27
29 28
29 27
29 28
30 28
30 27
29 27
28 27
29 27
28 27
28 28
28 27
27 27
26 27
26 26
26 25
26 26
26 27
25 27
26 27
27 27
27 28
27 29
27 30
27 29
27 30
26 30
26 29
25 29
25 30
25 31
24 31
23 31
23 32
24 32
24 33
24 32
25 32
26 32
25 32
26 32
27 32
27 33
27 32
26 32
25 32
26 32
26 33
25 33
25 34
25 33
24 33
23 33
22 33
21 33
20 33
21 33
21 34
21 35
22 35
21 35
21 34
20 34
19 34
20 34
21 34
21 35
20 35
20 36
21 36
21 37
22 37
22 38
21 38
21 37
21 36
22 36
22 37
21 37
22 37
22 36
23 36
23 35
23 34
23 33
22 33
21 33
21 32
20 32
20 31
20 32
20 33
21 33
20 33
20 34
20 33
21 33
22 33
23 33
24 33
24 34
23 34
24 34
24 35
23 35
23 34
23 35
23 34
24 34
24 35
24 34
24 35
24 34
24 35
24 34
23 34
23 33
22 33
22 32
22 31
22 30
22 31
23 31
23 30
23 29
22 29
23 29
24 29
24 30
23 30
22 30
22 31
21 31
21 30
21 29
21 28
21 29
21 30
20 30
19 30
19 31
18 31
18 32
18 31
18 32
18 31
19 31
20 31
20 32
19 32
19 33
20 33
20 34
20 33
19 33
20 33
19 33
19 34
19 35
19 36
20 36
21 36
21 37
20 37
20 36
21 36
21 35
20 35
20 36
19 36
18 36
19 36
18 36
17 36
17 37
16 37
15 37
15 36
15 37
14 37
14 38
14 37
15 37
15 38
15 39
15 38
15 37
16 37
16 38
16 37
16 38
16 37
16 36
17 36
16 36
17 36
17 37
16 37
15 37
15 36
15 35
15 34
15 35
16 35
16 34
16 35
17 35
17 34
17 33
17 32
18 32
18 31
18 32
17 32
18 32
18 33
18 32
18 33
19 33
20 33
20 32
20 33
19 33
19 32
19 31
19 30
20 30
19 30
20 30
19 30
20 30
19 30
19 31
19 32
20 32
20 31
19 31
19 32
18 32
17 32
17 31
17 30
17 29
17 30
18 30
19 30
18 30
19 30
18 30
18 29
18 30
18 29
18 28
18 27
19 27
18 27
18 26
19 26
19 27
20 27
21 27
21 28
20 28
21 28
21 29
21 28
21 29
20 29
20 28
20 29
20 28
19 28
