0 0
1 0
1 1
0 1
1 1
1 0
0 0
1 0
1 1
2 1
2 0
1 0
2 0
2 1
3 1
3 0
2 0
2 1
2 0
1 0
0 0
0 1
1 1
0 1
0 0
1 0
1 1
1 0
1 1
0 1
0 2
1 2
1 3
0 3
0 4
1 4
0 4
1 4
0 4
1 4
1 5
0 5
1 5
1 6
1 5
1 4
1 5
0 5
1 5
0 5
0 4
1 4
1 5
2 5
2 6
3 6
3 5
3 6
3 7
2 7
1 7
0 7
1 7
2 7
2 8
2 7
1 7
2 7
2 6
2 7
2 6
1 6
1 5
1 4
1 3
0 3
0 2
1 2
1 1
1 2
1 1
1 2
1 3
2 3
1 3
1 4
2 4
2 3
2 4
3 4
4 4
3 4
4 4
4 3
4 2
4 3
5 3
5 4
5 5
5 6
4 6
5 6
5 5
5 6
5 7
5 8
5 7
5 6
6 6
6 5
7 5
8 5
9 5
9 6
8 6
8 5
9 5
8 5
9 5
9 4
9 5
8 5
9 5
9 6
8 6
8 5
9 5
9 4
10 4
11 4
11 3
11 2
11 3
11 4
10 4
9 4
9 3
9 2
10 2
9 2
10 2
10 1
9 1
8 1
8 0
9 0
8 0
8 1
9 1
8 1
8 0
9 0
9 1
8 1
8 2
7 2
8 2
7 2
8 2
8 3
8 4
9 4
9 5
10 5
9 5
9 6
10 6
11 6
11 5
11 6
11 7
10 7
10 6
11 6
10 6
9 6
10 6
10 5
10 4
10 3
10 2
10 3
10 2
10 3
9 3
9 2
9 1
10 1
9 1
10 1
11 1
11 0
11 1
11 2
12 2
13 2
12 2
12 3
12 4
12 5
11 5
11 4
10 4
10 5
10 6
10 5
11 5
11 6
12 6
12 5
11 5
11 6
11 7
10 7
10 8
10 9
11 9
11 10
11 11
11 10
11 9
12 9
13 9
13 8
13 9
13 8
12 8
13 8
13 7
13 6
13 7
14 7
15 7
15 6
15 7
14 7
14 6
15 6
15 7
15 8
14 8
14 9
14 8
14 7
15 7
15 6
14 6
15 6
14 6
15 6
15 5
15 6
15 5
16 5
17 5
18 5
19 5
19 6
18 6
18 5
18 6
18 5
19 5
19 6
19 5
19 6
19 5
20 5
19 5
19 6
20 6
21 6
21 7
21 6
21 5
22 5
23 5
24 5
25 5
25 6
25 7
25 6
26 6
27 6
26 6
27 6
26 6
25 6
25 7
24 7
24 8
24 7
24 6
25 6
25 7
24 7
25 7
25 6
25 7
25 6
24 6
25 6
25 7
25 6
25 7
26 7
27 7
28 7
28 8
29 8
30 8
31 8
30 8
29 8
28 8
27 8
27 7
27 8
27 9
26 9
26 10
25 10
24 10
23 10
24 10
24 11
23 11
24 11
25 11
26 11
26 10
27 10
27 9
26 9
27 9
27 8
28 8
28 7
28 8
29 8
30 8
30 9
30 8
30 7
30 8
29 8
28 8
28 7
28 6
28 5
28 4
28 3
27 3
28 3
27 3
27 4
28 4
28 5
27 5
27 4
26 4
26 5
26 6
27 6
28 6
29 6
29 5
29 6
29 5
29 6
29 7
30 7
29 7
29 6
29 7
28 7
28 6
29 6
29 5
30 5
30 4
31 4
31 5
30 5
31 5
31 4
31 3
30 3
30 4
31 4
32 4
31 4
31 3
30 3
30 4
30 3
29 3
30 3
30 4
30 5
30 4
31 4
32 4
32 5
32 6
31 6
32 6
32 7
32 8
32 7
32 6
32 7
32 8
31 8
31 9
31 10
30 10
31 10
30 10
29 10
30 10
29 10
28 10
28 11
28 12
28 11
28 10
28 9
28 10
28 11
27 11
26 11
26 12
26 11
26 12
26 13
27 13
26 13
27 13
28 13
28 14
29 14
30 14
30 15
30 16
30 15
31 15
31 14
31 13
31 14
32 14
33 14
33 15
33 16
32 16
33 16
33 15
33 14
34 14
34 15
33 15
34 15
34 16
34 17
34 18
34 17
35 17
35 18
35 17
35 18
36 18
37 18
37 17
37 16
36 16
35 16
34 16
34 17
34 16
34 17
34 16
34 17
35 17
36 17
35 17
35 16
34 16
34 17
33 17
32 17
32 16
33 16
33 17
33 16
34 16
35 16
35 15
34 15
34 16
34 15
34 16
33 16
33 17
34 17
34 16
34 15
33 15
33 16
32 16
32 15
32 16
32 15
32 14
32 15
32 16
32 17
32 16
33 16
33 15
34 15
35 15
36 15
36 14
35 14
36 14
37 14
37 13
36 13
37 13
37 12
37 11
38 11
38 10
39 10
39 11
39 10
39 9
38 9
37 9
37 10
37 9
38 9
37 9
38 9
38 10
38 11
38 12
39 12
39 13
38 13
37 13
38 13
39 13
38 13
39 13
39 14
39 15
39 14
40 14
40 13
40 14
40 13
41 13
42 13
42 12
41 12
42 12
42 11
41 11
40 11
39 11
38 11
38 12
38 13
38 12
38 13
38 12
38 13
38 12
39 12
39 13
38 13
37 13
37 12
37 13
36 13
37 13
36 13
36 14
36 13
36 14
36 13
35 13
36 13
35 13
34 13
33 13
33 12
33 11
33 12
32 12
32 13
32 14
31 14
32 14
31 14
30 14
31 14
31 13
30 13
31 13
31 12
31 11
30 11
30 10
29 10
28 10
29 10
29 9
30 9
29 9
29 10
28 10
27 10
26 10
25 10
24 10
25 10
25 11
24 11
25 11
25 12
26 12
25 12
25 13
24 13
24 12
24 13
24 12
24 11
24 12
23 12
23 11
23 10
24 10
24 9
25 9
24 9
24 10
25 10
25 11
25 10
24 10
24 9
24 8
23 8
24 8
23 8
23 7
22 7
21 7
21 8
21 9
20 9
20 8
20 7
20 6
20 5
21 5
20 5
19 5
18 5
17 5
16 5
16 6
17 6
17 5
18 5
18 6
18 7
18 8
19 8
20 8
20 9
20 8
19 8
18 8
19 8
18 8
18 9
19 9
20 9
20 8
19 8
19 9
19 10
19 9
19 10
19 11
19 10
20 10
20 9
21 9
21 10
21 11
21 10
22 10
21 10
20 10
21 10
21 11
21 10
21 11
20 11
19 11
18 11
18 10
19 10
18 10
18 9
19 9
19 10
20 10
21 10
20 10
20 11
21 11
22 11
22 10
22 9
21 9
21 10
21 11
20 11
19 11
18 11
19 11
18 11
18 12
19 12
19 11
19 10
19 11
18 11
17 11
16 11
16 10
16 11
16 10
16 11
17 11
17 12
16 12
16 11
15 11
16 11
17 11
18 11
19 11
20 11
20 10
20 11
20 10
21 10
22 10
21 10
22 10
22 9
21 9
20 9
19 9
19 10
19 11
19 12
20 12
21 12
20 12
21 12
22 12
22 13
21 13
21 14
21 15
22 15
22 14
22 15
23 15
23 14
23 13
23 12
24 12
24 11
23 11
23 12
24 12
24 13
25 13
26 13
26 12
25 12
25 11
25 12
25 13
25 12
24 12
23 12
23 13
22 13
22 12
22 11
22 12
22 11
21 11
20 11
20 10
20 11
20 12
19 12
18 12
18 13
18 14
19 14
19 13
20 13
20 12
21 12
21 11
22 11
21 11
22 11
21 11
21 12
22 12
22 11
22 10
21 10
21 9
21 10
21 11
21 10
22 10
22 9
23 9
24 9
24 10
24 9
24 10
24 11
24 10
23 10
24 10
24 11
25 11
25 10
26 10
25 10
25 9
24 9
23 9
23 10
23 9
22 9
21 9
20 9
19 9
18 9
18 10
18 9
19 9
19 10
19 9
18 9
19 9
20 9
21 9
22 9
23 9
22 9
22 10
22 11
22 12
22 11
23 11
23 10
23 11
23 12
24 12
24 11
23 11
24 11
24 12
24 13
25 13
25 14
26 14
26 15
27 15
28 15
29 15
28 15
28 16
29 16
30 16
30 17
30 18
30 19
30 20
29 20
29 21
29 20
28 20
27 20
26 20
26 21
25 21
24 21
25 21
26 21
25 21
26 21
26 20
26 19
27 19
27 20
26 20
27 20
27 21
26 21
26 20
26 21
25 21
25 22
25 23
24 23
24 24
24 23
24 24
24 25
23 25
23 26
24 26
25 26
25 25
25 26
25 27
24 27
24 28
24 27
24 26
25 26
26 26
26 27
27 27
27 28
27 29
26 29
26 30
26 29
26 30
26 31
25 31
25 30
25 31
25 32
26 32
26 33
25 33
25 34
25 33
26 33
26 34
26 35
26 36
27 36
27 37
28 37
27 37
27 38
27 39
27 40
26 40
26 39
27 39
26 39
25 39
26 39
27 39
27 38
27 37
27 36
27 35
27 36
28 36
28 35
27 35
28 35
29 35
29 36
30 36
29 36
