0 0
1 0
0 0
1 0
2 0
3 0
4 0
4 1
4 0
5 0
6 0
7 0
7 1
8 1
8 2
8 3
9 3
9 2
10 2
11 2
11 1
11 2
11 1
10 1
10 0
10 1
11 1
11 2
11 3
11 4
11 3
12 3
12 4
11 4
12 4
12 5
13 5
14 5
13 5
14 5
13 5
12 5
13 5
12 5
12 6
11 6
11 7
12 7
12 8
12 7
11 7
11 8
12 8
13 8
12 8
11 8
11 9
12 9
12 8
11 8
12 8
12 9
11 9
11 10
12 10
12 9
11 9
12 9
13 9
13 8
13 9
12 9
12 10
12 11
11 11
11 12
12 12
12 13
12 14
12 15
13 15
13 14
13 15
13 16
13 15
13 14
13 13
14 13
14 14
15 14
15 15
16 15
16 16
17 16
16 16
17 16
17 17
17 18
18 18
17 18
17 17
16 17
15 17
15 18
15 19
16 19
17 19
16 19
17 19
17 18
16 18
17 18
17 17
18 17
18 18
18 17
18 18
17 18
17 17
17 18
17 17
17 16
17 15
18 15
19 15
19 14
18 14
17 14
17 13
17 14
18 14
18 15
19 15
19 16
19 17
18 17
19 17
18 17
17 17
18 17
19 17
20 17
21 17
21 18
21 19
20 19
20 20
21 20
22 20
23 20
22 20
23 20
24 20
24 19
24 18
24 19
23 19
23 18
23 17
23 18
23 19
22 19
21 19
22 19
23 19
23 18
23 17
24 17
23 17
24 17
24 18
23 18
23 17
22 17
22 18
23 18
24 18
24 17
23 17
22 17
22 18
21 18
21 17
22 17
22 18
23 18
23 19
22 19
22 18
22 19
23 19
24 19
24 18
24 19
24 20
24 19
24 20
25 20
25 19
24 19
23 19
23 20
23 21
22 21
21 21
21 22
21 21
20 21
19 21
19 22
19 21
19 22
18 22
18 23
18 22
17 22
16 22
16 23
15 23
14 23
14 22
15 22
14 22
13 22
14 22
14 21
13 21
13 22
13 21
12 21
11 21
11 22
11 23
11 24
10 24
9 24
9 25
9 24
9 25
10 25
10 24
9 24
8 24
7 24
7 23
7 22
8 22
8 21
8 20
7 20
7 19
8 19
9 19
9 20
10 20
10 21
9 21
10 21
10 20
9 20
8 20
9 20
10 20
11 20
10 20
10 21
11 21
11 22
11 21
12 21
12 22
12 21
12 20
12 19
13 19
13 18
13 17
12 17
13 17
13 18
13 17
13 18
13 19
13 18
13 17
13 18
13 19
14 19
13 19
13 20
12 20
12 21
13 21
12 21
11 21
10 21
11 21
11 22
10 22
10 23
10 24
11 24
11 25
12 25
12 24
12 25
13 25
12 25
11 25
11 24
11 23
11 24
11 23
11 24
12 24
12 25
13 25
12 25
13 25
14 25
14 24
14 25
14 26
14 27
15 27
15 28
15 29
16 29
17 29
16 29
15 29
15 28
16 28
17 28
18 28
18 29
18 28
19 28
19 27
18 27
18 28
19 28
18 28
18 29
18 30
18 31
18 32
18 33
19 33
19 34
18 34
18 35
17 35
16 35
16 36
15 36
15 35
15 36
14 36
15 36
15 37
14 37
15 37
15 36
14 36
15 36
15 37
14 37
14 36
15 36
14 36
14 35
14 36
14 35
15 35
16 35
16 36
17 36
16 36
15 36
16 36
16 35
17 35
18 35
18 36
18 37
17 37
17 36
17 35
17 34
18 34
17 34
17 33
17 34
17 33
18 33
18 34
18 35
19 35
18 35
18 36
17 36
18 36
19 36
20 36
21 36
22 36
21 36
21 35
22 35
22 34
23 34
24 34
24 35
25 35
26 35
26 34
27 34
27 35
26 35
25 35
24 35
24 34
24 35
23 35
23 34
23 33
22 33
22 34
21 34
21 33
21 34
20 34
19 34
19 35
19 34
18 34
18 35
18 36
18 35
19 35
19 36
19 35
19 34
19 33
20 33
21 33
20 33
20 32
19 32
20 32
20 31
20 32
21 32
21 31
21 30
21 31
20 31
20 32
20 33
20 34
20 33
20 32
21 32
22 32
22 33
22 34
22 33
22 34
22 33
22 32
23 32
23 31
23 30
23 31
23 32
23 33
22 33
22 32
23 32
23 33
23 32
24 32
24 31
24 30
25 30
25 31
25 30
26 30
27 30
27 31
28 31
28 30
28 29
27 29
28 29
29 29
29 28
29 29
29 28
29 27
29 28
29 27
30 27
31 27
31 26
31 27
32 27
32 28
32 27
32 26
32 27
32 28
32 29
32 30
31 30
31 29
30 29
29 29
30 29
30 28
30 29
30 28
30 27
31 27
31 26
31 27
31 26
30 26
31 26
31 27
31 28
32 28
33 28
33 29
33 28
32 28
32 27
32 28
32 29
33 29
33 28
32 28
31 28
30 28
29 28
28 28
29 28
28 28
27 28
26 28
27 28
26 28
25 28
25 29
24 29
24 30
23 30
23 29
22 29
22 30
22 31
21 31
21 32
21 31
20 31
21 31
22 31
23 31
24 31
23 31
22 31
23 31
22 31
21 31
22 31
22 32
23 32
23 33
23 32
23 33
23 32
22 32
22 31
23 31
23 32
23 33
24 33
25 33
25 34
24 34
24 33
23 33
22 33
22 32
22 31
22 32
22 33
22 32
22 31
22 30
23 30
23 31
23 30
24 30
23 30
22 30
21 30
20 30
19 30
19 29
20 29
21 29
21 28
22 28
23 28
24 28
24 27
24 26
23 26
23 27
23 28
22 28
22 27
21 27
22 27
21 27
20 27
19 27
19 26
19 25
20 25
19 25
19 24
20 24
20 25
19 25
19 24
19 23
19 22
19 23
18 23
17 23
17 24
17 23
18 23
17 23
17 22
18 22
18 21
18 20
19 20
18 20
17 20
18 20
18 19
18 20
18 19
17 19
16 19
15 19
16 19
16 18
16 19
15 19
16 19
16 18
17 18
17 17
17 18
18 18
17 18
17 19
16 19
15 19
15 18
15 17
15 16
14 16
13 16
13 17
13 16
12 16
11 16
11 15
10 15
10 14
9 14
9 15
10 15
11 15
12 15
11 15
11 16
11 17
12 17
12 16
13 16
13 17
12 17
11 17
10 17
10 16
10 15
9 15
9 16
10 16
10 15
11 15
10 15
9 15
9 16
10 16
10 15
10 14
9 14
10 14
10 15
10 16
10 17
10 16
11 16
10 16
10 15
11 15
12 15
12 14
12 13
12 12
12 11
12 12
12 13
12 14
12 13
12 14
12 15
13 15
12 15
12 16
12 17
12 16
11 16
12 16
13 16
13 17
13 16
14 16
14 17
14 16
14 17
14 18
14 17
14 16
14 15
15 15
15 16
14 16
14 17
14 18
14 17
15 17
14 17
13 17
13 16
12 16
13 16
14 16
15 16
16 16
16 17
16 18
16 19
17 19
17 18
17 17
17 18
17 17
18 17
18 18
17 18
16 18
16 19
17 19
17 20
18 20
18 19
17 19
18 19
18 20
19 20
19 19
18 19
18 20
18 21
18 20
19 20
18 20
18 19
17 19
16 19
16 18
15 18
15 19
14 19
14 18
15 18
15 17
14 17
14 16
15 16
16 16
15 16
15 15
14 15
15 15
15 14
16 14
16 15
16 14
15 14
14 14
15 14
16 14
15 14
15 13
15 12
16 12
16 13
17 13
16 13
16 12
16 13
16 12
15 12
16 12
16 11
16 12
15 12
15 13
15 14
15 13
15 12
15 11
16 11
16 10
16 11
16 12
16 11
16 10
16 11
16 12
16 11
17 11
17 10
16 10
15 10
15 9
15 8
15 9
15 10
14 10
14 11
15 11
15 12
15 13
15 14
16 14
16 15
17 15
17 14
17 13
18 13
18 12
18 11
17 11
17 12
17 11
17 10
17 9
17 8
17 7
16 7
15 7
15 8
15 9
14 9
13 9
12 9
11 9
11 10
11 11
11 12
11 13
11 14
12 14
13 14
13 13
12 13
12 14
13 14
14 14
13 14
13 15
13 14
13 15
13 14
14 14
14 15
15 15
15 16
15 17
15 18
15 19
14 19
13 19
14 19
13 19
13 18
13 19
13 20
13 21
12 21
13 21
13 20
12 20
12 21
11 21
10 21
10 22
10 21
10 20
11 20
10 20
11 20
11 19
10 19
9 19
8 19
9 19
10 19
10 18
9 18
10 18
9 18
10 18
9 18
8 18
8 17
9 17
9 16
8 16
8 17
8 16
7 16
6 16
6 15
7 15
6 15
5 15
4 15
4 16
4 15
4 14
4 15
4 14
4 15
5 15
5 16
5 15
5 16
4 16
5 16
5 17
5 18
5 19
6 19
7 19
6 19
5 19
6 19
5 19
5 20
5 19
5 18
5 17
5 18
4 18
3 18
3 17
4 17
4 18
4 19
5 19
6 19
6 20
6 21
5 21
5 20
4 20
5 20
