0 0
1 0
1 1
1 0
0 0
1 0
1 1
1 2
1 1
1 2
0 2
1 2
2 2
1 2
0 2
0 3
1 3
1 2
1 3
1 4
0 4
0 3
1 3
1 2
0 2
1 2
1 1
1 2
1 1
2 1
2 2
2 3
2 2
2 1
2 0
2 1
2 2
2 1
3 1
3 2
4 2
5 2
5 1
5 2
4 2
3 2
3 1
3 0
3 1
3 0
3 1
3 0
3 1
3 0
4 0
5 0
6 0
6 1
7 1
6 1
6 2
7 2
7 3
7 4
8 4
8 5
9 5
8 5
8 4
8 5
9 5
10 5
10 4
11 4
12 4
12 5
12 4
11 4
10 4
10 3
10 4
11 4
11 5
11 6
12 6
13 6
14 6
15 6
14 6
13 6
13 5
14 5
15 5
16 5
17 5
17 6
17 7
17 8
16 8
15 8
14 8
14 7
15 7
16 7
16 8
16 7
16 6
17 6
16 6
15 6
15 5
15 6
15 5
16 5
15 5
15 6
16 6
17 6
18 6
17 6
18 6
18 5
18 4
18 3
17 3
17 4
17 5
17 4
18 4
19 4
19 5
19 6
19 7
19 6
19 5
20 5
21 5
21 6
20 6
20 7
20 6
20 5
20 6
21 6
21 7
22 7
22 6
22 7
21 7
22 7
21 7
20 7
21 7
22 7
22 6
22 5
22 6
22 7
21 7
22 7
23 7
23 6
23 5
24 5
23 5
23 6
24 6
24 7
24 8
24 9
23 9
24 9
25 9
25 8
26 8
26 9
26 10
27 10
27 11
28 11
27 11
27 12
27 13
27 14
26 14
25 14
24 14
24 13
24 12
24 13
24 12
24 11
24 10
23 10
23 9
23 8
23 9
23 10
23 11
24 11
24 10
25 10
24 10
23 10
23 11
23 12
23 11
24 11
24 10
24 9
24 10
23 10
23 9
23 10
22 10
22 11
22 12
22 13
23 13
23 14
23 13
23 14
24 14
23 14
23 15
24 15
24 14
25 14
24 14
25 14
25 15
26 15
25 15
25 16
25 17
24 17
24 18
24 19
25 19
24 19
25 19
25 18
26 18
25 18
24 18
24 19
24 18
24 17
23 17
22 17
21 17
22 17
21 17
20 17
20 16
21 16
21 17
21 18
21 19
21 20
20 20
20 21
20 22
19 22
19 21
19 20
19 19
19 20
19 19
19 20
20 20
21 20
21 21
21 22
21 21
22 21
21 21
21 22
20 22
21 22
21 23
21 24
21 25
21 24
21 23
21 22
21 21
21 22
21 23
21 24
21 25
20 25
20 26
20 27
20 26
20 27
21 27
21 26
21 25
21 24
21 25
21 24
22 24
21 24
20 24
21 24
22 24
22 23
22 24
21 24
21 23
22 23
23 23
23 24
23 23
23 24
23 23
24 23
25 23
24 23
24 24
23 24
23 23
23 22
22 22
22 23
23 23
22 23
22 22
23 22
22 22
23 22
24 22
24 23
23 23
24 23
24 22
24 23
23 23
24 23
23 23
23 24
24 24
23 24
23 23
24 23
24 24
23 24
22 24
22 25
22 26
23 26
24 26
23 26
22 26
22 25
22 24
22 25
23 25
23 24
23 23
23 24
24 24
24 23
24 22
23 22
22 22
22 23
21 23
21 22
22 22
22 21
22 20
22 21
22 22
22 23
23 23
22 23
22 24
21 24
22 24
22 23
22 24
23 24
23 23
23 22
22 22
22 21
21 21
20 21
21 21
22 21
22 20
21 20
22 20
22 21
22 20
23 20
23 21
23 22
23 23
22 23
22 22
22 21
22 20
22 21
22 22
23 22
22 22
22 23
22 22
22 21
22 22
21 22
20 22
20 23
21 23
22 23
23 23
24 23
24 24
23 24
24 24
24 23
23 23
23 22
24 22
24 21
25 21
25 20
25 19
25 18
26 18
26 19
25 19
25 18
24 18
24 17
24 16
23 16
24 16
25 16
25 17
25 16
25 17
26 17
25 17
25 16
26 16
27 16
27 15
28 15
28 14
28 15
28 14
28 15
28 14
28 13
29 13
28 13
27 13
26 13
27 13
28 13
28 14
28 15
28 16
29 16
29 17
30 17
29 17
28 17
28 16
28 17
27 17
27 16
27 17
27 18
28 18
28 17
28 16
28 15
28 16
29 16
28 16
29 16
29 15
28 15
27 15
27 16
27 15
27 16
28 16
29 16
29 15
29 16
28 16
29 16
29 17
28 17
29 17
30 17
30 16
30 15
30 16
30 15
30 16
31 16
30 16
29 16
29 15
29 16
30 16
31 16
31 17
32 17
31 17
31 16
30 16
30 15
30 16
29 16
29 17
29 16
28 16
27 16
28 16
27 16
28 16
27 16
28 16
28 15
29 15
30 15
31 15
32 15
32 14
32 15
33 15
32 15
33 15
34 15
35 15
36 15
36 16
36 15
37 15
38 15
38 14
37 14
36 14
35 14
35 15
34 15
33 15
34 15
34 14
33 14
33 15
33 16
32 16
33 16
34 16
34 17
35 17
34 17
34 16
34 17
34 18
33 18
33 17
33 18
34 18
34 19
34 20
34 19
35 19
36 19
36 18
36 19
35 19
36 19
37 19
36 19
36 20
37 20
38 20
38 19
37 19
38 19
38 20
39 20
39 19
40 19
39 19
39 20
39 21
39 20
38 20
37 20
36 20
36 21
36 22
37 22
36 22
35 22
36 22
37 22
37 23
36 23
36 22
36 23
36 22
37 22
37 23
37 22
36 22
37 22
36 22
36 21
36 22
36 23
35 23
35 24
35 25
35 24
35 23
35 22
34 22
34 23
33 23
33 24
33 25
32 25
33 25
33 26
33 25
34 25
33 25
33 26
33 25
33 24
34 24
34 23
35 23
35 22
35 21
34 21
35 21
34 21
34 22
34 21
35 21
35 22
34 22
34 23
33 23
34 23
34 22
34 21
34 22
33 22
34 22
34 23
34 22
34 21
34 20
34 19
33 19
32 19
33 19
33 18
32 18
32 17
32 16
32 17
33 17
34 17
34 18
35 18
35 17
35 16
36 16
37 16
37 17
38 17
39 17
40 17
39 17
38 17
38 16
37 16
37 15
38 15
38 16
38 17
37 17
37 16
38 16
39 16
39 15
38 15
38 14
38 15
37 15
36 15
36 14
36 15
36 16
36 17
37 17
37 18
37 17
36 17
36 16
36 17
36 18
37 18
38 18
39 18
39 17
39 18
40 18
41 18
42 18
42 19
43 19
42 19
42 18
43 18
44 18
44 17
45 17
45 18
44 18
45 18
46 18
46 19
46 18
45 18
46 18
47 18
47 17
48 17
48 18
48 19
49 19
50 19
51 19
51 20
51 19
52 19
51 19
52 19
53 19
54 19
54 18
55 18
54 18
53 18
53 17
54 17
54 16
53 16
52 16
52 17
52 18
51 18
51 19
51 20
50 20
50 19
51 19
50 19
50 20
51 20
52 20
53 20
54 20
55 20
54 20
53 20
53 19
53 20
54 20
54 21
55 21
55 22
55 23
55 22
56 22
55 22
56 22
55 22
54 22
53 22
53 23
53 24
53 23
53 24
54 24
53 24
54 24
53 24
53 23
53 24
54 24
53 24
52 24
52 25
51 25
50 25
50 26
51 26
50 26
50 25
50 26
50 25
50 26
50 25
49 25
50 25
50 26
50 25
50 26
50 27
49 27
49 26
49 25
49 24
50 24
51 24
51 23
52 23
52 24
52 23
51 23
51 22
51 21
51 20
51 21
50 21
50 22
51 22
50 22
51 22
51 23
52 23
52 22
53 22
53 23
53 24
52 24
52 25
51 25
52 25
51 25
51 26
51 25
52 25
51 25
50 25
50 24
51 24
51 25
51 26
51 27
51 28
51 27
51 28
52 28
51 28
50 28
51 28
51 29
51 30
50 30
50 31
49 31
50 31
50 32
50 31
50 30
49 30
50 30
49 30
50 30
51 30
50 30
50 29
49 29
49 28
49 29
48 29
48 30
48 29
47 29
48 29
47 29
46 29
46 28
47 28
48 28
48 29
48 28
48 27
47 27
47 28
46 28
47 28
47 29
48 29
48 28
47 28
48 28
48 29
48 30
48 29
48 28
49 28
49 27
49 26
49 27
48 27
48 26
47 26
48 26
48 25
48 24
47 24
46 24
46 23
46 22
46 21
45 21
45 20
45 21
45 20
45 21
45 22
45 23
44 23
44 22
44 21
45 21
45 22
46 22
46 21
47 21
48 21
49 21
49 20
48 20
48 21
48 22
48 21
49 21
49 22
48 22
47 22
46 22
47 22
48 22
47 22
47 23
48 23
49 23
48 23
48 24
49 24
50 24
50 25
50 24
49 24
48 24
48 23
49 23
49 24
49 25
49 26
50 26
50 25
51 25
52 25
52 24
51 24
51 23
52 23
52 24
52 23
53 23
53 22
53 23
53 24
52 24
51 24
51 25
51 24
52 24
52 23
