0 0
1 0
2 0
1 0
1 1
1 2
1 3
1 2
1 3
2 3
2 4
2 3
2 2
2 1
1 1
2 1
2 0
1 0
1 1
1 0
0 0
1 0
1 1
1 0
0 0
1 0
1 1
1 2
1 1
2 1
2 0
1 0
1 1
1 0
1 1
1 2
0 2
1 2
0 2
1 2
1 3
2 3
2 2
2 1
2 0
1 0
0 0
1 0
2 0
3 0
2 0
1 0
2 0
1 0
1 1
1 0
2 0
2 1
2 2
2 1
2 2
2 3
2 2
3 2
2 2
2 1
3 1
3 2
3 1
2 1
3 1
2 1
3 1
4 1
5 1
4 1
4 2
4 3
3 3
2 3
3 3
3 2
3 1
3 0
4 0
5 0
4 0
4 1
4 0
3 0
4 0
4 1
4 2
5 2
6 2
5 2
6 2
6 3
5 3
5 4
5 3
5 2
6 2
6 3
6 4
7 4
7 3
8 3
8 4
8 5
8 6
7 6
8 6
8 7
9 7
8 7
9 7
9 8
8 8
8 7
8 6
9 6
9 5
9 6
8 6
7 6
8 6
9 6
9 5
9 4
8 4
8 5
9 5
10 5
11 5
11 6
11 5
11 6
11 7
10 7
11 7
11 8
12 8
13 8
13 9
14 9
15 9
15 10
16 10
17 10
18 10
17 10
17 11
17 10
18 10
19 10
18 10
18 11
19 11
19 10
20 10
19 10
18 10
17 10
18 10
19 10
19 11
19 10
18 10
17 10
16 10
16 9
15 9
15 10
15 9
16 9
16 10
16 9
16 8
15 8
15 7
16 7
15 7
15 6
16 6
16 7
17 7
17 8
17 9
18 9
19 9
19 10
19 11
19 10
19 11
18 11
19 11
19 12
18 12
19 12
18 12
19 12
19 13
18 13
17 13
17 14
18 14
17 14
18 14
19 14
19 15
20 15
21 15
22 15
21 15
22 15
23 15
24 15
24 16
25 16
24 16
23 16
23 17
23 18
24 18
24 17
24 16
25 16
25 17
26 17
25 17
25 16
25 15
25 14
26 14
26 13
26 12
25 12
25 11
24 11
24 12
23 12
22 12
22 13
22 14
22 13
23 13
23 14
23 13
24 13
25 13
25 14
25 13
25 14
25 13
25 12
25 13
25 12
25 13
25 12
25 13
25 14
25 13
24 13
24 14
24 15
24 16
24 17
24 18
24 17
25 17
24 17
23 17
23 16
24 16
23 16
23 15
23 14
23 13
23 12
24 12
24 11
24 10
24 11
23 11
24 11
24 10
24 11
23 11
22 11
21 11
21 12
21 13
22 13
21 13
22 13
21 13
22 13
21 13
21 14
21 13
22 13
22 12
22 13
22 14
23 14
24 14
24 13
23 13
23 14
23 15
23 14
24 14
24 15
24 16
24 17
25 17
24 17
23 17
24 17
25 17
25 18
26 18
25 18
25 17
25 18
26 18
27 18
26 18
26 17
25 17
25 18
26 18
26 17
26 18
26 19
26 20
25 20
25 21
24 21
24 20
23 20
22 20
22 21
22 20
23 20
22 20
21 20
21 19
22 19
22 20
23 20
23 19
22 19
21 19
22 19
22 18
23 18
23 17
23 16
24 16
24 15
23 15
23 14
23 13
23 12
24 12
24 13
24 14
25 14
24 14
25 14
25 13
26 13
27 13
27 12
27 13
27 14
27 15
27 14
27 13
27 14
27 13
28 13
27 13
28 13
28 12
29 12
29 11
28 11
27 11
27 12
28 12
29 12
29 11
29 10
29 11
28 11
28 12
28 13
27 13
27 14
28 14
28 13
28 12
28 11
28 12
28 13
28 12
28 13
28 14
28 13
28 12
28 13
28 14
29 14
28 14
28 13
27 13
26 13
26 12
26 13
26 12
26 13
25 13
25 14
25 15
25 16
25 17
25 16
26 16
26 17
26 18
26 17
26 18
26 19
27 19
28 19
27 19
28 19
29 19
29 20
29 21
28 21
28 22
28 23
28 22
28 23
27 23
27 24
26 24
27 24
28 24
29 24
29 25
30 25
31 25
32 25
31 25
30 25
29 25
28 25
28 24
29 24
29 23
30 23
31 23
31 22
30 22
29 22
29 21
29 20
29 19
29 18
29 19
28 19
27 19
27 20
28 20
28 21
28 20
29 20
29 21
29 22
29 23
29 24
29 25
29 24
28 24
27 24
28 24
29 24
30 24
30 25
30 24
30 23
31 23
30 23
31 23
30 23
29 23
28 23
27 23
26 23
26 24
27 24
27 25
28 25
28 26
28 27
28 26
28 27
29 27
29 26
29 27
30 27
30 28
30 27
29 27
29 28
29 27
29 26
29 27
30 27
29 27
29 26
30 26
31 26
32 26
32 25
32 26
32 25
31 25
31 24
31 25
32 25
32 26
32 25
32 26
31 26
31 25
30 25
30 24
30 25
31 25
31 26
31 25
30 25
29 25
29 24
28 24
28 25
28 24
29 24
30 24
30 23
31 23
31 24
30 24
30 25
30 26
31 26
31 25
32 25
31 25
31 24
31 23
32 23
32 22
32 23
31 23
31 24
31 25
30 25
31 25
30 25
29 25
28 25
27 25
28 25
27 25
27 26
28 26
27 26
28 26
29 26
29 25
29 26
29 27
29 28
28 28
28 29
27 29
28 29
28 30
29 30
29 31
29 30
29 29
30 29
30 30
30 31
30 32
30 31
29 31
29 30
30 30
30 29
30 30
31 30
31 29
31 28
31 29
31 28
32 28
32 29
31 29
31 28
30 28
30 29
30 28
30 27
31 27
30 27
30 26
31 26
30 26
30 27
30 26
30 25
30 26
30 25
29 25
28 25
29 25
30 25
29 25
28 25
28 26
28 25
27 25
27 24
27 23
26 23
27 23
27 22
28 22
27 22
27 23
27 22
28 22
28 23
28 24
28 23
29 23
29 22
29 23
29 24
29 23
29 24
29 23
29 22
30 22
29 22
28 22
27 22
27 21
27 22
27 21
27 22
27 21
27 20
27 19
27 20
27 19
27 18
27 19
28 19
29 19
29 18
29 17
30 17
29 17
29 18
30 18
30 19
31 19
31 18
32 18
32 17
31 17
32 17
33 17
32 17
32 18
33 18
33 19
33 18
32 18
33 18
34 18
34 17
34 18
33 18
33 17
33 18
34 18
34 17
34 18
35 18
35 19
35 18
35 19
35 20
34 20
34 21
33 21
33 20
32 20
32 19
32 18
33 18
33 19
34 19
33 19
33 18
32 18
33 18
33 19
32 19
32 18
32 17
33 17
33 16
33 15
33 14
33 15
33 14
33 13
34 13
34 12
33 12
32 12
32 13
33 13
34 13
35 13
34 13
34 14
34 13
34 12
35 12
35 13
35 14
34 14
34 13
33 13
32 13
33 13
33 14
32 14
33 14
33 13
32 13
32 12
33 12
33 13
33 12
33 11
33 10
34 10
34 11
34 12
34 13
34 14
34 15
35 15
34 15
34 16
33 16
34 16
34 17
34 18
35 18
35 19
35 20
35 19
35 20
34 20
33 20
34 20
35 20
36 20
35 20
35 21
36 21
36 22
36 23
36 24
37 24
38 24
38 23
38 22
38 23
37 23
36 23
36 24
36 25
35 25
36 25
36 26
36 27
35 27
34 27
34 28
33 28
34 28
33 28
33 29
33 30
33 29
33 28
33 29
33 30
33 31
33 32
32 32
33 32
33 33
34 33
35 33
34 33
34 34
34 35
33 35
33 34
32 34
31 34
32 34
32 35
33 35
33 36
33 35
34 35
34 36
34 35
34 34
34 33
34 32
34 31
34 32
33 32
34 32
34 33
34 34
34 35
34 34
33 34
34 34
33 34
33 33
33 34
33 35
32 35
32 36
32 37
33 37
33 38
34 38
34 37
35 37
35 36
36 36
36 35
36 34
36 35
35 35
34 35
35 35
35 34
35 33
34 33
35 33
36 33
36 32
36 31
36 30
37 30
36 30
35 30
35 31
35 32
35 31
36 31
35 31
34 31
33 31
33 30
34 30
35 30
36 30
37 30
37 31
36 31
36 32
35 32
35 31
35 30
36 30
36 31
36 30
36 31
36 30
37 30
38 30
39 30
39 29
40 29
40 30
39 30
39 29
38 29
38 28
37 28
37 29
38 29
39 29
39 30
40 30
39 30
38 30
37 30
38 30
38 31
37 31
37 32
37 31
38 31
38 32
37 32
36 32
37 32
38 32
38 33
38 32
39 32
38 32
37 32
37 31
36 31
37 31
37 32
37 31
37 30
37 29
37 28
37 29
37 30
37 31
38 31
39 31
39 30
39 29
39 30
39 31
40 31
39 31
38 31
38 32
37 32
38 32
39 32
38 32
38 31
39 31
38 31
39 31
40 31
41 31
41 30
41 31
40 31
39 31
38 31
38 32
38 31
38 32
37 32
37 33
37 32
37 31
37 32
37 33
36 33
36 32
35 32
34 32
34 31
34 32
33 32
