0 0
1 0
2 0
2 1
2 2
1 2
1 3
2 3
3 3
3 2
2 2
3 2
3 3
3 4
4 4
4 3
3 3
3 4
3 5
3 4
4 4
5 4
6 4
5 4
5 3
5 4
4 4
4 5
4 4
5 4
5 3
6 3
7 3
8 3
9 3
10 3
9 3
9 4
10 4
10 5
10 4
9 4
9 5
9 4
9 3
8 3
8 2
7 2
7 1
8 1
8 2
9 2
8 2
8 3
9 3
9 4
9 5
9 4
10 4
10 5
10 4
10 5
10 4
9 4
10 4
10 5
11 5
11 4
11 5
10 5
11 5
12 5
12 6
11 6
12 6
12 7
11 7
10 7
11 7
11 6
11 7
11 8
11 7
11 6
11 7
10 7
11 7
11 8
11 7
12 7
12 6
11 6
11 7
11 6
12 6
12 7
12 6
13 6
13 7
13 6
13 7
13 6
13 5
13 4
12 4
12 5
11 5
12 5
12 6
12 5
12 4
11 4
12 4
12 3
11 3
11 4
11 3
11 4
10 4
10 3
10 4
11 4
11 5
10 5
9 5
8 5
8 6
9 6
8 6
7 6
7 7
6 7
5 7
5 8
6 8
7 8
7 7
7 8
8 8
9 8
8 8
8 9
8 8
8 7
8 8
8 9
9 9
8 9
7 9
8 9
9 9
9 10
9 9
8 9
8 8
7 8
7 9
8 9
9 9
9 8
9 7
9 8
9 9
10 9
10 8
10 7
11 7
11 8
11 9
12 9
12 8
12 7
13 7
12 7
13 7
14 7
14 8
14 9
14 10
13 10
13 9
13 10
14 10
15 10
15 9
15 10
15 11
15 10
15 9
14 9
14 8
13 8
12 8
12 9
11 9
11 10
10 10
10 11
9 11
9 10
9 9
10 9
10 8
11 8
11 9
11 8
12 8
11 8
11 7
11 6
12 6
12 7
12 8
13 8
14 8
14 9
15 9
15 10
14 10
15 10
14 10
14 11
13 11
14 11
13 11
13 12
13 13
14 13
13 13
14 13
13 13
14 13
14 14
13 14
12 14
12 13
12 12
12 13
12 12
12 13
13 13
13 14
12 14
11 14
11 15
11 14
12 14
12 15
13 15
13 16
12 16
12 17
13 17
13 16
14 16
14 15
13 15
13 16
12 16
11 16
10 16
11 16
12 16
12 15
13 15
12 15
12 16
13 16
13 17
12 17
12 18
11 18
12 18
12 19
13 19
13 20
13 21
13 22
13 23
12 23
12 24
13 24
13 25
14 25
14 26
14 25
15 25
14 25
15 25
15 26
14 26
14 25
15 25
14 25
14 26
15 26
16 26
16 27
16 26
16 27
16 28
16 27
15 27
16 27
15 27
14 27
15 27
14 27
13 27
12 27
11 27
10 27
11 27
10 27
10 28
11 28
11 29
11 30
11 31
11 32
12 32
13 32
13 31
13 32
13 31
13 30
14 30
13 30
13 31
13 32
14 32
15 32
15 33
14 33
14 32
14 33
15 33
15 32
14 32
13 32
12 32
12 31
13 31
13 30
13 29
13 28
12 28
13 28
13 27
13 28
14 28
14 29
13 29
13 30
12 30
11 30
12 30
13 30
12 30
12 29
12 30
13 30
14 30
14 31
14 32
13 32
13 31
13 32
14 32
15 32
15 31
15 30
16 30
16 31
16 30
16 31
15 31
15 32
16 32
16 31
17 31
17 30
17 29
17 28
17 27
18 27
18 26
18 25
18 24
19 24
19 25
18 25
18 24
19 24
19 25
20 25
20 26
21 26
21 27
20 27
19 27
19 28
19 29
18 29
19 29
18 29
18 30
18 31
18 32
18 33
19 33
20 33
21 33
22 33
22 32
21 32
21 31
20 31
19 31
19 32
18 32
19 32
19 33
19 32
18 32
19 32
19 31
20 31
19 31
19 32
20 32
20 31
20 32
20 31
20 32
20 33
19 33
19 32
20 32
20 31
20 32
21 32
21 33
22 33
23 33
23 34
22 34
22 35
22 36
22 35
21 35
22 35
23 35
24 35
23 35
23 36
23 37
22 37
22 38
21 38
21 39
20 39
20 40
20 41
21 41
20 41
21 41
21 40
21 41
21 42
20 42
21 42
20 42
21 42
21 41
22 41
22 40
22 41
23 41
23 42
23 43
23 42
23 41
22 41
21 41
21 42
22 42
21 42
20 42
19 42
20 42
21 42
20 42
19 42
20 42
20 41
21 41
22 41
23 41
23 40
24 40
23 40
23 41
23 40
23 39
23 40
22 40
21 40
21 41
20 41
19 41
19 40
19 39
18 39
17 39
17 38
17 37
16 37
16 38
15 38
16 38
17 38
18 38
17 38
17 37
16 37
17 37
16 37
16 36
15 36
14 36
14 37
13 37
14 37
14 36
14 35
13 35
13 34
13 33
14 33
15 33
16 33
16 34
16 33
17 33
16 33
17 33
18 33
19 33
20 33
19 33
20 33
20 34
20 33
19 33
19 32
19 31
19 30
19 31
19 32
19 33
18 33
19 33
19 32
19 31
19 30
18 30
19 30
20 30
20 31
20 32
20 31
21 31
20 31
21 31
21 30
21 31
21 32
22 32
22 31
21 31
21 30
21 31
20 31
20 30
21 30
22 30
22 29
22 30
22 29
23 29
24 29
24 28
25 28
24 28
24 27
24 26
23 26
23 25
23 26
24 26
24 25
24 26
25 26
25 27
26 27
26 28
26 29
26 28
26 29
25 29
24 29
24 30
23 30
23 31
24 31
24 30
25 30
25 31
24 31
24 32
25 32
26 32
26 33
26 32
27 32
28 32
27 32
27 31
27 30
27 31
27 30
27 31
27 30
26 30
26 29
26 28
26 27
26 28
26 27
26 26
26 27
26 28
26 27
26 28
26 29
26 30
26 29
27 29
27 30
27 31
27 30
27 31
27 30
27 31
28 31
28 30
28 29
27 29
28 29
29 29
30 29
31 29
30 29
29 29
29 30
30 30
31 30
31 29
31 28
30 28
29 28
30 28
30 29
30 28
29 28
29 29
30 29
30 28
31 28
31 27
31 28
31 27
30 27
30 26
31 26
32 26
31 26
32 26
32 27
33 27
32 27
32 28
31 28
32 28
33 28
32 28
32 27
32 26
31 26
31 27
31 28
31 29
30 29
30 28
31 28
32 28
32 27
32 26
33 26
33 25
34 25
35 25
34 25
34 26
34 25
35 25
35 24
36 24
36 23
37 23
37 24
36 24
36 23
36 22
36 23
37 23
37 24
38 24
37 24
38 24
38 25
37 25
36 25
37 25
36 25
37 25
38 25
37 25
38 25
39 25
40 25
40 24
40 25
39 25
38 25
38 26
38 25
39 25
39 26
39 27
39 26
40 26
39 26
39 25
39 26
39 27
38 27
38 28
38 29
39 29
39 30
39 31
40 31
41 31
40 31
40 30
41 30
42 30
42 29
42 28
42 27
41 27
41 28
42 28
42 29
42 30
41 30
40 30
41 30
41 29
41 30
42 30
42 29
42 28
43 28
42 28
41 28
41 27
41 26
42 26
43 26
44 26
45 26
44 26
43 26
44 26
44 25
45 25
46 25
45 25
44 25
44 26
44 27
43 27
43 28
43 27
42 27
43 27
42 27
43 27
44 27
44 28
44 27
43 27
43 26
42 26
41 26
41 25
42 25
43 25
43 26
43 27
44 27
44 28
44 29
44 30
44 29
44 30
45 30
44 30
44 31
44 30
43 30
42 30
42 29
42 28
41 28
41 29
41 28
42 28
41 28
41 29
40 29
40 30
40 31
40 30
41 30
40 30
40 29
40 30
40 31
40 30
39 30
38 30
38 29
38 28
37 28
38 28
38 27
37 27
37 26
36 26
36 25
36 24
36 23
36 24
36 23
35 23
35 24
35 23
35 22
35 21
35 22
35 21
35 20
36 20
35 20
35 19
34 19
34 18
34 19
35 19
35 18
34 18
33 18
32 18
32 19
33 19
34 19
35 19
35 20
34 20
33 20
33 21
32 21
31 21
30 21
29 21
29 22
29 21
30 21
29 21
29 22
29 21
28 21
28 22
29 22
29 21
28 21
28 20
28 19
28 18
28 17
28 18
27 18
27 19
27 20
28 20
28 19
27 19
27 18
28 18
29 18
29 19
28 19
29 19
28 19
29 19
29 20
30 20
29 20
29 21
29 22
29 23
30 23
29 23
29 22
28 22
28 23
27 23
26 23
26 24
26 23
25 23
25 24
25 23
24 23
25 23
26 23
27 23
26 23
26 22
27 22
27 21
27 22
27 21
28 21
29 21
29 20
28 20
28 19
27 19
28 19
29 19
29 18
28 18
28 19
29 19
29 18
29 19
29 20
28 20
27 20
27 19
26 19
26 18
27 18
27 19
28 19
28 20
29 20
28 20
29 20
30 20
30 19
30 20
31 20
32 20
32 19
31 19
31 18
31 19
31 20
30 20
31 20
30 20
30 19
29 19
29 18
