0 0
1 0
2 0
3 0
3 1
4 1
3 1
3 2
3 1
3 0
4 0
3 0
4 0
3 0
2 0
2 1
3 1
3 2
4 2
4 3
3 3
3 4
4 4
4 5
5 5
5 6
6 6
5 6
5 7
5 6
5 7
4 7
3 7
3 8
4 8
3 8
3 7
4 7
5 7
5 6
6 6
7 6
7 5
8 5
8 4
9 4
9 3
9 4
9 5
8 5
7 5
6 5
6 6
6 5
6 6
5 6
5 7
5 6
5 7
4 7
4 8
4 9
5 9
4 9
4 10
4 11
4 12
3 12
4 12
5 12
6 12
5 12
5 11
4 11
4 12
4 11
4 12
4 13
4 12
5 12
5 13
5 12
6 12
7 12
7 11
7 10
7 11
8 11
7 11
8 11
8 10
7 10
6 10
5 10
6 10
7 10
7 9
6 9
6 10
6 11
6 10
5 10
6 10
7 10
8 10
8 11
9 11
10 11
9 11
8 11
7 11
7 10
8 10
8 9
8 10
9 10
9 11
9 12
9 13
10 13
9 13
9 14
9 13
9 12
8 12
9 12
10 12
10 13
9 13
9 14
10 14
11 14
10 14
11 14
10 14
9 14
10 14
10 13
10 14
11 14
11 13
10 13
10 14
10 15
11 15
12 15
11 15
12 15
13 15
14 15
13 15
14 15
15 15
15 14
16 14
16 13
15 13
16 13
15 13
16 13
16 14
16 15
16 14
16 13
17 13
17 12
18 12
18 13
19 13
19 14
20 14
20 13
20 12
21 12
22 12
22 11
23 11
24 11
25 11
25 12
26 12
26 11
25 11
25 10
25 9
24 9
24 10
25 10
25 9
26 9
27 9
27 8
28 8
28 9
27 9
26 9
27 9
27 8
27 7
28 7
27 7
27 6
27 5
28 5
28 4
27 4
27 3
27 4
27 3
28 3
29 3
29 2
30 2
29 2
29 3
29 4
29 3
28 3
29 3
29 2
28 2
29 2
28 2
28 3
29 3
29 2
30 2
31 2
31 3
32 3
33 3
34 3
35 3
36 3
36 4
36 3
36 4
36 5
37 5
36 5
36 6
36 5
36 6
36 7
36 6
37 6
37 5
37 6
36 6
36 7
37 7
37 8
38 8
39 8
39 7
39 6
40 6
41 6
41 5
42 5
42 4
42 3
42 2
42 3
41 3
41 4
41 3
40 3
41 3
40 3
39 3
38 3
38 4
39 4
39 5
38 5
38 4
39 4
39 5
40 5
40 4
39 4
39 3
40 3
40 2
40 3
40 4
40 3
40 4
41 4
42 4
41 4
41 3
41 2
42 2
43 2
42 2
41 2
41 3
41 4
41 5
41 4
41 3
41 4
41 5
41 6
41 5
40 5
39 5
38 5
38 6
38 7
38 8
38 7
38 6
39 6
40 6
39 6
40 6
39 6
39 7
38 7
38 8
38 7
38 8
38 7
39 7
38 7
37 7
37 6
37 5
36 5
36 6
36 5
36 4
36 3
36 4
36 5
35 5
34 5
34 6
34 7
34 6
33 6
33 5
32 5
33 5
34 5
34 6
34 5
35 5
34 5
33 5
33 6
34 6
35 6
35 7
35 8
36 8
36 9
37 9
37 8
37 9
37 8
36 8
36 7
36 6
36 5
37 5
37 4
37 3
36 3
36 4
37 4
38 4
38 3
37 3
36 3
36 4
36 3
36 2
35 2
35 1
35 2
35 3
34 3
33 3
34 3
34 4
33 4
33 3
33 4
33 5
33 4
32 4
33 4
33 5
33 4
33 3
32 3
31 3
32 3
33 3
32 3
32 4
31 4
31 3
32 3
32 4
31 4
31 5
31 4
32 4
31 4
32 4
33 4
33 5
34 5
34 6
34 7
34 6
34 7
34 8
34 7
34 6
34 5
34 6
33 6
33 7
34 7
34 8
33 8
33 9
32 9
31 9
31 8
31 9
31 8
31 7
31 6
32 6
33 6
33 7
34 7
33 7
34 7
34 6
34 5
35 5
34 5
34 4
35 4
35 3
36 3
35 3
35 4
36 4
36 3
37 3
37 4
37 5
38 5
38 6
38 5
38 6
37 6
37 5
38 5
37 5
37 6
36 6
37 6
37 7
38 7
38 8
38 7
37 7
37 6
37 7
37 8
38 8
39 8
40 8
40 9
40 10
40 9
40 8
40 7
40 8
39 8
38 8
38 7
37 7
37 8
37 7
38 7
37 7
37 6
36 6
36 7
36 6
37 6
36 6
37 6
37 5
38 5
37 5
37 6
37 5
38 5
39 5
38 5
37 5
37 6
37 7
36 7
36 8
37 8
37 9
38 9
39 9
40 9
39 9
38 9
38 10
38 11
37 11
38 11
38 10
38 11
37 11
37 10
36 10
36 9
36 8
36 7
37 7
37 6
36 6
37 6
36 6
36 5
35 5
35 6
35 5
34 5
34 4
34 5
35 5
36 5
35 5
34 5
34 6
33 6
33 7
33 6
34 6
34 7
34 6
34 5
34 4
34 3
34 2
34 3
34 2
34 1
34 2
34 3
35 3
36 3
35 3
35 4
35 5
35 4
36 4
36 3
36 4
36 3
36 2
35 2
34 2
34 3
33 3
34 3
34 2
35 2
35 3
35 4
35 3
36 3
36 2
37 2
37 3
37 4
37 3
37 4
38 4
38 3
38 2
38 1
38 0
39 0
40 0
40 1
39 1
40 1
40 2
39 2
39 1
39 0
38 0
38 1
38 0
39 0
40 0
41 0
42 0
42 1
43 1
43 2
42 2
41 2
41 3
41 4
42 4
42 3
42 2
43 2
43 3
43 2
43 1
43 2
43 1
43 2
42 2
43 2
43 1
44 1
44 0
44 1
44 2
43 2
43 3
44 3
44 4
44 5
44 4
45 4
45 3
45 4
45 3
45 2
45 3
45 2
44 2
44 1
44 0
44 1
45 1
45 0
45 1
45 0
46 0
45 0
45 1
44 1
45 1
45 2
45 3
45 2
44 2
43 2
43 1
44 1
43 1
43 2
43 3
43 4
43 5
44 5
45 5
44 5
45 5
44 5
45 5
45 4
44 4
45 4
44 4
43 4
43 5
43 4
43 3
44 3
44 4
44 5
44 4
44 3
45 3
46 3
46 2
47 2
48 2
48 3
49 3
48 3
47 3
47 2
47 1
47 2
47 1
47 2
47 1
47 0
47 1
48 1
48 2
48 1
49 1
50 1
51 1
50 1
50 2
49 2
49 3
49 4
49 5
50 5
50 6
50 7
49 7
49 8
48 8
48 7
48 8
47 8
48 8
47 8
46 8
46 9
46 8
46 9
47 9
46 9
47 9
47 8
47 9
48 9
49 9
50 9
49 9
49 8
49 9
49 10
49 11
50 11
51 11
51 10
50 10
51 10
51 11
51 12
51 11
52 11
52 10
51 10
50 10
49 10
48 10
48 11
48 10
48 9
48 8
49 8
49 9
49 8
48 8
48 9
48 8
48 7
48 6
49 6
49 7
48 7
48 6
48 5
49 5
49 6
49 7
48 7
49 7
49 8
50 8
49 8
49 9
50 9
50 8
50 7
51 7
52 7
51 7
52 7
52 6
53 6
53 5
53 4
53 3
53 2
54 2
54 3
54 4
55 4
54 4
54 3
54 2
55 2
55 3
56 3
56 2
56 3
57 3
58 3
57 3
57 2
58 2
58 1
58 2
57 2
56 2
55 2
54 2
53 2
53 1
54 1
53 1
53 2
52 2
52 3
53 3
52 3
53 3
53 4
53 3
52 3
51 3
51 2
51 3
52 3
51 3
50 3
50 2
50 3
50 4
50 3
49 3
50 3
50 4
50 3
50 4
49 4
49 3
50 3
50 4
50 3
50 4
49 4
49 5
48 5
47 5
47 6
47 7
46 7
46 6
47 6
47 7
47 8
46 8
46 7
47 7
46 7
45 7
46 7
47 7
47 8
47 9
46 9
46 10
45 10
45 9
45 10
45 9
44 9
43 9
44 9
44 10
44 11
45 11
44 11
45 11
44 11
43 11
44 11
44 10
43 10
44 10
44 9
45 9
44 9
43 9
44 9
43 9
42 9
42 10
41 10
40 10
41 10
42 10
41 10
40 10
40 9
40 8
40 7
40 8
40 9
41 9
41 10
41 9
41 8
41 9
41 10
40 10
41 10
40 10
40 9
39 9
39 8
39 9
39 10
38 10
38 11
38 10
37 10
36 10
37 10
38 10
38 11
38 12
39 12
39 13
38 13
39 13
38 13
38 12
39 12
40 12
40 11
40 12
40 11
40 12
40 11
40 12
39 12
39 13
39 12
39 11
38 11
37 11
36 11
36 10
37 10
38 10
38 11
38 10
38 9
37 9
37 8
36 8
36 7
36 8
35 8
35 7
35 8
34 8
34 9
34 10
34 9
33 9
34 9
33 9
34 9
33 9
33 10
33 9
33 10
32 10
33 10
33 11
33 10
34 10
34 11
