0 0
0 1
1 1
1 2
0 2
0 3
1 3
2 3
1 3
2 3
1 3
2 3
1 3
0 3
0 2
0 1
0 2
0 3
0 4
0 5
1 5
1 6
0 6
0 7
1 7
0 7
1 7
1 8
2 8
3 8
2 8
2 7
3 7
2 7
2 6
2 5
3 5
2 5
3 5
3 6
3 7
2 7
2 8
3 8
3 9
3 8
4 8
3 8
3 7
3 6
2 6
3 6
2 6
3 6
4 6
5 6
5 7
5 6
5 7
5 6
4 6
5 6
5 5
4 5
3 5
3 6
4 6
4 5
5 5
4 5
5 5
6 5
5 5
5 6
5 7
5 6
4 6
3 6
3 7
3 8
4 8
5 8
5 7
4 7
3 7
2 7
2 6
2 5
3 5
4 5
4 6
4 5
4 6
5 6
5 7
5 6
6 6
7 6
7 5
7 6
7 5
7 6
8 6
9 6
8 6
8 7
7 7
8 7
7 7
6 7
6 6
7 6
8 6
7 6
6 6
6 7
5 7
6 7
6 6
6 5
6 6
6 7
6 8
7 8
7 7
7 8
7 9
6 9
5 9
6 9
6 8
5 8
6 8
7 8
7 9
8 9
8 8
9 8
10 8
9 8
9 7
10 7
9 7
8 7
8 8
8 9
7 9
6 9
5 9
4 9
4 10
5 10
6 10
6 9
6 8
7 8
7 9
7 8
7 7
7 6
7 7
7 8
7 7
6 7
6 6
6 5
6 6
6 5
5 5
6 5
6 4
6 5
6 4
5 4
6 4
7 4
7 5
8 5
8 6
7 6
8 6
8 7
7 7
7 8
7 9
6 9
6 10
5 10
6 10
7 10
8 10
7 10
7 11
8 11
9 11
9 12
8 12
8 11
8 10
7 10
7 11
7 12
7 13
6 13
5 13
5 14
4 14
4 13
3 13
2 13
2 14
3 14
3 15
4 15
5 15
5 14
5 13
5 14
5 13
6 13
6 14
7 14
7 13
7 14
6 14
5 14
5 15
4 15
3 15
3 14
4 14
4 15
4 16
3 16
3 15
3 16
3 15
2 15
2 14
2 15
2 14
3 14
3 13
3 14
3 13
4 13
3 13
2 13
2 12
1 12
0 12
0 13
1 13
0 13
0 14
0 15
0 16
1 16
2 16
2 15
3 15
2 15
1 15
2 15
1 15
2 15
1 15
1 16
2 16
1 16
1 15
2 15
3 15
3 16
3 15
3 16
3 15
3 16
3 15
2 15
2 16
1 16
1 17
2 17
3 17
3 18
2 18
2 19
2 20
2 19
2 20
2 19
2 18
2 17
2 18
2 17
1 17
1 16
1 17
0 17
0 18
1 18
1 19
2 19
2 20
1 20
2 20
2 19
1 19
1 20
1 21
2 21
2 22
3 22
3 21
3 20
4 20
5 20
6 20
6 19
7 19
7 18
7 17
6 17
6 16
5 16
6 16
5 16
4 16
4 15
4 14
4 13
3 13
3 12
2 12
3 12
2 12
2 13
2 12
2 13
2 12
2 11
2 12
1 12
0 12
0 13
0 14
1 14
0 14
0 13
0 14
1 14
1 13
2 13
1 13
2 13
2 12
2 11
2 12
1 12
0 12
0 13
0 12
0 11
1 11
2 11
2 12
1 12
1 13
2 13
2 14
2 13
1 13
2 13
2 14
2 15
3 15
3 16
3 15
3 16
4 16
3 16
2 16
1 16
1 17
2 17
2 16
3 16
4 16
4 17
4 16
5 16
5 17
6 17
6 16
6 17
6 16
5 16
6 16
6 17
7 17
7 18
7 17
7 18
6 18
6 19
7 19
7 20
7 21
8 21
9 21
8 21
7 21
6 21
7 21
8 21
7 21
7 22
8 22
8 21
8 22
8 23
8 22
8 23
8 22
8 23
9 23
9 24
9 25
9 24
10 24
10 25
11 25
11 26
10 26
9 26
9 25
10 25
10 26
9 26
10 26
9 26
9 25
9 26
9 27
8 27
7 27
7 26
8 26
9 26
8 26
9 26
10 26
10 27
10 26
10 27
10 28
9 28
10 28
9 28
10 28
10 29
9 29
9 30
9 29
10 29
11 29
12 29
11 29
11 30
11 31
12 31
11 31
11 30
10 30
11 30
12 30
12 29
12 28
11 28
11 27
10 27
9 27
9 26
10 26
10 27
10 26
10 25
11 25
11 26
12 26
13 26
13 27
13 26
13 25
13 24
13 25
14 25
13 25
14 25
14 26
14 25
15 25
16 25
17 25
17 26
18 26
19 26
19 25
19 26
20 26
21 26
21 27
21 28
22 28
22 29
23 29
23 30
23 29
23 28
23 29
24 29
24 28
23 28
23 29
23 30
23 31
23 30
22 30
23 30
22 30
22 29
22 28
21 28
20 28
21 28
21 27
21 26
21 27
21 28
21 29
21 30
21 31
20 31
20 30
21 30
21 29
20 29
20 30
21 30
20 30
19 30
18 30
19 30
20 30
21 30
21 29
20 29
20 28
20 29
21 29
21 30
21 31
20 31
20 32
20 33
21 33
20 33
20 32
20 33
19 33
20 33
20 34
20 35
19 35
20 35
19 35
18 35
19 35
18 35
18 36
18 35
17 35
17 34
16 34
16 33
16 32
15 32
15 31
16 31
16 30
16 29
16 28
15 28
16 28
15 28
14 28
13 28
13 29
12 29
11 29
10 29
10 28
11 28
11 27
11 28
11 29
12 29
13 29
12 29
12 30
12 29
12 30
13 30
13 29
12 29
12 30
11 30
12 30
13 30
13 29
14 29
14 28
13 28
13 29
13 28
12 28
11 28
11 29
10 29
10 28
9 28
8 28
7 28
6 28
5 28
5 27
6 27
6 26
7 26
6 26
5 26
5 27
5 26
6 26
6 25
5 25
5 24
5 25
5 24
5 25
5 26
4 26
4 25
5 25
4 25
4 24
4 25
4 26
4 27
3 27
2 27
2 28
1 28
2 28
2 27
2 28
2 29
3 29
3 30
4 30
5 30
4 30
5 30
5 29
5 28
5 29
4 29
4 30
4 29
5 29
5 30
5 29
6 29
7 29
6 29
7 29
6 29
6 30
7 30
7 29
7 28
8 28
7 28
7 27
6 27
6 26
5 26
5 27
5 28
5 29
5 28
4 28
4 27
4 26
4 25
4 24
5 24
6 24
5 24
4 24
3 24
4 24
3 24
4 24
5 24
6 24
7 24
8 24
8 23
8 22
8 21
8 20
8 21
8 22
8 21
7 21
7 20
7 21
8 21
7 21
8 21
8 22
9 22
10 22
10 21
9 21
9 22
10 22
10 21
9 21
9 20
9 19
9 20
9 21
8 21
8 22
8 23
8 22
7 22
8 22
7 22
7 23
6 23
6 22
6 23
6 22
6 21
7 21
6 21
5 21
4 21
3 21
4 21
4 20
3 20
4 20
5 20
6 20
5 20
4 20
5 20
5 21
5 20
6 20
7 20
6 20
6 19
6 20
5 20
6 20
6 21
7 21
7 22
7 23
8 23
8 24
9 24
9 23
8 23
9 23
8 23
8 22
9 22
10 22
9 22
10 22
10 23
10 22
10 21
11 21
11 20
11 21
10 21
11 21
11 20
12 20
13 20
13 19
13 20
14 20
13 20
12 20
11 20
12 20
12 21
12 22
11 22
11 21
11 20
10 20
10 21
9 21
9 22
8 22
7 22
8 22
8 21
8 22
7 22
7 21
7 20
6 20
6 21
6 22
7 22
6 22
6 23
5 23
6 23
6 24
5 24
5 25
5 26
5 25
5 24
5 23
4 23
4 24
5 24
4 24
5 24
4 24
4 23
5 23
6 23
7 23
7 22
7 21
7 20
8 20
9 20
10 20
9 20
9 21
8 21
8 22
9 22
10 22
10 23
10 24
10 25
9 25
9 24
9 23
9 24
8 24
8 23
7 23
6 23
6 22
5 22
6 22
6 21
7 21
7 22
6 22
5 22
4 22
5 22
4 22
4 21
3 21
2 21
2 20
1 20
0 20
1 20
0 20
0 21
1 21
1 22
2 22
1 22
0 22
1 22
2 22
2 23
2 24
2 25
2 26
1 26
0 26
1 26
1 27
1 28
0 28
1 28
2 28
3 28
3 27
3 28
3 27
2 27
1 27
0 27
0 28
1 28
1 29
1 28
0 28
1 28
1 29
1 30
1 29
0 29
1 29
1 30
0 30
1 30
1 31
1 30
2 30
2 31
1 31
2 31
2 30
1 30
2 30
2 29
2 30
2 29
2 28
1 28
1 29
1 28
0 28
1 28
2 28
1 28
1 29
0 29
1 29
0 29
0 30
1 30
1 31
1 32
1 33
0 33
0 32
1 32
1 33
1 32
1 33
2 33
2 32
2 31
1 31
0 31
0 32
0 33
0 32
1 32
0 32
1 32
1 33
2 33
3 33
3 34
3 35
3 34
3 33
3 34
2 34
1 34
1 35
0 35
1 35
1 34
