0 0
1 0
0 0
1 0
1 1
1 2
0 2
0 3
1 3
2 3
1 3
1 4
0 4
0 5
0 4
0 5
1 5
0 5
1 5
1 4
2 4
3 4
3 3
4 3
4 2
3 2
2 2
2 1
1 1
0 1
1 1
0 1
1 1
0 1
1 1
1 2
0 2
0 3
1 3
1 4
0 4
1 4
0 4
1 4
0 4
1 4
2 4
2 3
1 3
1 4
1 3
2 3
2 4
3 4
4 4
4 3
5 3
5 4
4 4
4 5
5 5
5 4
5 5
4 5
3 5
2 5
2 4
2 3
2 2
1 2
1 3
1 2
2 2
2 3
1 3
0 3
1 3
2 3
2 4
2 3
1 3
0 3
1 3
1 2
0 2
1 2
1 1
2 1
2 0
2 1
2 0
2 1
2 0
1 0
2 0
3 0
3 1
2 1
1 1
2 1
3 1
3 0
4 0
3 0
3 1
3 2
2 2
3 2
3 3
3 4
3 3
2 3
3 3
3 2
3 1
4 1
5 1
6 1
6 0
5 0
5 1
5 0
6 0
5 0
5 1
5 0
6 0
6 1
7 1
6 1
6 0
6 1
7 1
6 1
6 0
6 1
5 1
4 1
4 2
3 2
3 3
2 3
1 3
0 3
1 3
1 4
1 3
0 3
1 3
1 2
0 2
0 1
1 1
2 1
2 0
2 1
2 2
3 2
3 1
3 0
4 0
5 0
5 1
5 2
5 3
5 2
5 1
4 1
4 2
3 2
4 2
4 3
3 3
3 4
4 4
5 4
4 4
4 3
4 4
4 5
4 4
4 3
3 3
2 3
1 3
1 4
2 4
2 3
1 3
2 3
3 3
2 3
2 4
2 3
2 2
1 2
1 1
2 1
2 2
2 1
1 1
1 2
1 3
1 2
1 1
0 1
1 1
1 2
0 2
0 1
1 1
0 1
0 0
0 1
1 1
1 2
2 2
2 1
2 2
1 2
1 3
1 4
0 4
0 5
1 5
1 4
2 4
3 4
3 3
2 3
1 3
1 2
1 1
1 0
1 1
1 0
1 1
1 2
1 3
1 4
1 3
1 4
0 4
0 3
0 2
0 1
0 0
0 1
0 0
1 0
1 1
1 2
2 2
1 2
1 1
1 0
1 1
0 1
0 0
0 1
0 2
1 2
2 2
1 2
2 2
2 1
2 2
3 2
3 3
3 2
3 3
2 3
3 3
3 4
3 3
4 3
5 3
6 3
6 2
5 2
5 3
4 3
3 3
3 2
3 1
2 1
2 0
3 0
3 1
3 2
2 2
2 1
2 2
2 3
3 3
2 3
3 3
2 3
2 4
3 4
3 5
2 5
2 4
2 5
3 5
2 5
2 6
3 6
2 6
2 5
1 5
1 6
0 6
1 6
1 5
2 5
3 5
4 5
4 6
5 6
6 6
6 7
5 7
5 8
5 9
5 10
5 11
6 11
6 12
5 12
5 13
6 13
7 13
8 13
9 13
9 12
9 13
10 13
11 13
12 13
12 12
12 13
11 13
11 12
11 11
11 10
10 10
11 10
10 10
9 10
9 9
8 9
7 9
7 8
8 8
8 9
8 10
8 9
9 9
10 9
10 8
9 8
10 8
10 9
10 10
10 11
9 11
9 12
10 12
9 12
9 11
8 11
8 10
9 10
10 10
10 11
10 10
9 10
9 9
8 9
8 10
9 10
10 10
11 10
11 11
11 10
12 10
13 10
13 11
13 12
13 13
12 13
13 13
13 14
14 14
14 13
13 13
13 14
12 14
12 15
13 15
13 16
14 16
13 16
14 16
14 15
14 16
13 16
12 16
11 16
11 17
11 16
11 15
11 14
11 13
10 13
9 13
9 12
9 11
9 10
8 10
9 10
9 11
9 10
8 10
9 10
8 10
7 10
7 11
7 10
7 11
8 11
8 12
8 13
9 13
8 13
8 14
8 13
8 14
8 15
8 14
9 14
8 14
8 15
9 15
10 15
10 16
10 17
9 17
8 17
8 16
8 17
7 17
7 18
6 18
6 19
6 20
6 19
5 19
4 19
4 20
3 20
4 20
5 20
6 20
6 19
7 19
7 18
6 18
6 19
5 19
5 20
5 19
4 19
4 18
4 17
3 17
4 17
4 16
4 17
4 16
4 15
5 15
4 15
5 15
4 15
5 15
5 14
4 14
4 15
4 16
5 16
4 16
4 17
5 17
5 18
6 18
7 18
7 19
7 20
6 20
7 20
7 21
6 21
7 21
8 21
7 21
6 21
6 20
5 20
4 20
5 20
5 21
5 22
5 23
5 24
5 25
5 26
6 26
6 25
5 25
6 25
6 24
7 24
8 24
7 24
7 23
7 22
6 22
7 22
8 22
8 21
7 21
7 22
6 22
7 22
7 23
6 23
6 22
6 21
5 21
5 22
4 22
3 22
4 22
4 23
4 24
4 25
4 26
4 25
3 25
4 25
5 25
6 25
7 25
7 26
6 26
7 26
8 26
9 26
9 25
10 25
10 26
10 25
9 25
8 25
8 26
9 26
8 26
7 26
6 26
7 26
7 27
6 27
7 27
7 28
7 27
7 28
8 28
7 28
7 27
8 27
8 26
8 27
9 27
9 26
9 27
8 27
8 26
9 26
10 26
10 27
10 26
9 26
8 26
7 26
7 27
7 26
6 26
6 25
7 25
7 26
7 25
8 25
9 25
9 26
8 26
8 25
8 26
7 26
7 27
7 26
6 26
6 27
6 28
7 28
8 28
9 28
9 27
10 27
10 28
10 29
10 30
11 30
11 31
11 30
11 29
11 30
10 30
11 30
11 31
11 30
10 30
10 31
10 30
9 30
8 30
8 31
8 32
7 32
7 33
8 33
8 34
9 34
9 33
8 33
9 33
9 32
8 32
8 31
8 32
8 31
7 31
6 31
6 30
5 30
4 30
4 29
3 29
4 29
4 28
4 29
3 29
2 29
1 29
2 29
1 29
2 29
1 29
0 29
1 29
2 29
1 29
2 29
3 29
2 29
2 28
2 27
2 26
2 27
1 27
1 28
2 28
1 28
2 28
1 28
0 28
1 28
1 27
1 28
2 28
3 28
4 28
4 29
3 29
4 29
3 29
4 29
4 30
4 31
4 30
4 31
5 31
5 30
6 30
6 29
5 29
6 29
7 29
6 29
7 29
8 29
8 30
8 29
8 30
8 31
9 31
8 31
8 30
7 30
7 31
6 31
7 31
7 32
7 33
6 33
7 33
8 33
7 33
7 32
7 33
8 33
8 34
9 34
10 34
9 34
8 34
8 33
8 32
9 32
8 32
8 33
8 32
8 31
9 31
9 30
9 29
9 30
10 30
9 30
8 30
8 31
7 31
6 31
5 31
4 31
3 31
4 31
5 31
5 30
5 29
6 29
6 28
6 29
6 28
6 29
6 28
6 29
6 28
7 28
8 28
8 27
8 28
8 27
8 28
9 28
9 29
9 30
9 29
9 28
9 29
9 30
9 29
9 28
8 28
8 27
8 26
9 26
9 27
9 28
9 29
9 30
9 31
10 31
9 31
8 31
7 31
7 30
6 30
5 30
6 30
6 31
6 32
5 32
5 31
4 31
4 32
4 33
4 34
5 34
6 34
6 33
6 34
5 34
5 33
4 33
4 34
3 34
3 35
3 36
2 36
2 37
2 38
1 38
1 37
1 36
1 35
0 35
1 35
0 35
0 34
1 34
1 33
2 33
2 34
3 34
4 34
5 34
4 34
4 35
5 35
5 34
6 34
6 33
5 33
5 34
5 33
6 33
6 34
7 34
7 35
7 34
7 33
7 32
8 32
8 33
9 33
9 32
9 31
10 31
10 30
10 29
10 28
9 28
10 28
10 27
9 27
9 28
9 29
8 29
8 30
8 31
8 32
8 31
8 30
9 30
10 30
10 31
10 32
10 31
10 30
10 31
10 32
10 33
11 33
12 33
13 33
14 33
14 32
14 33
14 32
14 31
15 31
15 30
14 30
14 29
15 29
15 30
15 31
16 31
15 31
14 31
14 30
13 30
12 30
13 30
12 30
12 31
12 32
11 32
10 32
9 32
10 32
10 33
9 33
9 34
8 34
9 34
9 33
9 34
9 35
9 34
10 34
10 35
10 36
9 36
10 36
10 37
11 37
12 37
12 36
12 35
11 35
11 36
11 35
12 35
13 35
13 36
13 37
13 38
13 39
14 39
14 38
15 38
16 38
15 38
16 38
16 39
16 40
16 39
16 40
15 40
15 39
15 38
16 38
15 38
16 38
16 39
17 39
17 38
16 38
17 38
17 37
18 37
18 36
17 36
17 37
17 36
17 37
16 37
17 37
17 38
17 39
17 40
17 41
17 42
18 42
17 42
18 42
18 41
17 41
17 40
16 40
16 39
16 40
17 40
16 40
16 39
15 39
15 38
15 39
14 39
14 38
15 38
16 38
16 37
16 38
15 38
15 39
15 38
