0 0
1 0
1 1
1 2
2 2
3 2
2 2
1 2
0 2
0 1
0 0
1 0
2 0
1 0
1 1
1 2
1 1
1 2
0 2
0 3
1 3
1 2
0 2
0 3
0 4
0 3
1 3
2 3
2 4
2 5
1 5
1 4
2 4
2 3
2 4
1 4
0 4
1 4
0 4
1 4
1 3
1 4
1 5
2 5
1 5
0 5
0 6
1 6
2 6
2 5
1 5
1 4
0 4
1 4
0 4
1 4
2 4
2 5
1 5
1 4
1 5
1 4
1 3
1 4
1 3
1 2
2 2
2 3
2 4
2 5
1 5
1 6
1 5
2 5
1 5
1 4
1 3
2 3
2 4
2 3
3 3
3 4
3 3
4 3
5 3
5 4
5 5
5 6
4 6
4 7
4 8
4 9
3 9
4 9
5 9
4 9
4 8
3 8
2 8
3 8
3 7
4 7
4 8
3 8
4 8
4 7
3 7
4 7
4 8
4 7
4 6
4 7
4 8
4 7
3 7
3 8
2 8
1 8
1 9
1 10
1 9
2 9
2 8
3 8
3 9
4 9
5 9
5 10
5 9
5 10
4 10
5 10
4 10
4 11
4 12
4 11
4 12
4 11
3 11
2 11
3 11
3 10
3 11
2 11
2 12
1 12
2 12
3 12
3 13
3 14
3 13
4 13
4 14
5 14
6 14
6 13
6 14
6 15
6 16
5 16
6 16
5 16
4 16
4 17
5 17
5 16
4 16
5 16
6 16
7 16
8 16
8 15
8 16
8 15
8 16
7 16
7 15
6 15
6 16
7 16
7 17
6 17
7 17
7 18
7 19
6 19
5 19
5 18
5 19
4 19
3 19
2 19
1 19
0 19
1 19
1 18
0 18
0 17
0 16
1 16
1 15
0 15
0 16
1 16
2 16
2 15
3 15
2 15
1 15
1 14
1 13
0 13
1 13
2 13
2 12
2 11
2 12
3 12
2 12
2 11
3 11
2 11
2 10
1 10
1 9
1 8
0 8
1 8
1 7
1 6
1 5
1 4
2 4
2 5
3 5
4 5
5 5
5 4
4 4
3 4
4 4
5 4
4 4
4 5
4 4
5 4
6 4
5 4
6 4
7 4
6 4
5 4
4 4
3 4
3 3
3 2
2 2
1 2
1 3
2 3
1 3
1 2
1 3
1 4
2 4
3 4
4 4
5 4
4 4
3 4
2 4
1 4
2 4
1 4
0 4
0 3
1 3
1 2
0 2
0 1
0 2
0 3
0 2
0 3
1 3
0 3
1 3
2 3
2 2
1 2
2 2
2 3
1 3
1 4
1 5
2 5
2 4
3 4
3 3
3 2
3 1
4 1
4 2
4 3
4 4
4 3
4 4
4 3
4 4
4 3
4 4
3 4
4 4
4 3
4 2
3 2
3 3
3 2
3 3
3 2
3 1
3 0
3 1
3 0
2 0
1 0
1 1
2 1
3 1
3 2
4 2
3 2
3 3
4 3
3 3
4 3
5 3
6 3
7 3
7 4
8 4
8 5
8 4
9 4
9 3
9 2
8 2
8 1
8 0
9 0
8 0
8 1
9 1
9 2
10 2
11 2
10 2
11 2
12 2
12 3
12 4
12 3
11 3
10 3
9 3
9 4
10 4
11 4
12 4
12 5
12 4
12 5
13 5
13 6
13 7
14 7
13 7
13 8
12 8
13 8
14 8
13 8
13 7
14 7
14 6
14 7
14 8
13 8
13 9
12 9
11 9
11 8
12 8
12 9
12 8
13 8
14 8
14 9
14 10
13 10
13 11
14 11
15 11
16 11
16 12
16 13
17 13
16 13
15 13
16 13
16 14
16 13
17 13
18 13
18 12
19 12
19 11
20 11
20 12
19 12
20 12
20 13
20 14
19 14
20 14
21 14
21 15
21 16
20 16
20 17
20 18
21 18
21 17
21 18
21 19
20 19
21 19
20 19
20 20
20 19
20 20
20 21
19 21
20 21
20 22
19 22
19 23
19 24
18 24
19 24
19 23
19 22
19 23
20 23
20 24
20 25
19 25
20 25
21 25
21 24
21 25
20 25
20 26
19 26
18 26
19 26
19 25
19 26
19 27
20 27
20 28
21 28
20 28
19 28
19 29
19 28
19 29
18 29
19 29
19 28
19 27
19 26
18 26
17 26
17 25
17 26
18 26
18 27
18 28
18 27
17 27
17 26
17 25
18 25
19 25
19 24
19 23
19 22
18 22
17 22
17 21
18 21
18 22
18 21
19 21
19 22
18 22
18 23
18 24
18 23
19 23
19 24
20 24
20 25
20 26
20 25
20 26
21 26
20 26
19 26
18 26
17 26
18 26
19 26
19 27
20 27
19 27
19 28
19 27
19 28
18 28
17 28
17 27
18 27
18 26
18 27
17 27
16 27
17 27
17 26
18 26
17 26
17 25
17 26
16 26
15 26
16 26
16 27
15 27
15 28
15 27
14 27
14 28
14 29
15 29
14 29
13 29
13 28
13 29
14 29
13 29
13 28
13 29
13 30
12 30
12 31
12 30
12 31
11 31
12 31
11 31
10 31
9 31
8 31
9 31
9 30
8 30
8 31
8 30
8 31
9 31
9 30
10 30
10 29
11 29
11 28
11 29
11 30
10 30
9 30
9 31
9 32
10 32
10 33
10 34
9 34
9 33
8 33
8 34
7 34
7 35
7 36
7 37
8 37
8 36
7 36
7 37
6 37
6 38
6 39
7 39
6 39
6 38
6 39
6 40
6 39
5 39
4 39
3 39
4 39
3 39
2 39
2 40
2 39
2 40
3 40
4 40
3 40
2 40
3 40
3 41
3 42
4 42
5 42
5 43
6 43
6 42
6 43
5 43
5 42
5 43
4 43
3 43
3 44
3 43
3 42
2 42
2 43
3 43
2 43
1 43
2 43
2 44
2 45
2 46
3 46
3 45
2 45
1 45
1 44
1 45
1 44
1 43
1 42
1 43
1 42
1 41
2 41
2 42
3 42
3 43
4 43
4 42
4 43
3 43
3 44
4 44
4 45
5 45
6 45
6 46
5 46
4 46
3 46
2 46
2 45
2 46
2 45
2 46
2 47
1 47
0 47
0 46
1 46
2 46
1 46
1 47
2 47
1 47
2 47
3 47
2 47
3 47
3 48
4 48
5 48
4 48
5 48
6 48
5 48
5 47
4 47
5 47
6 47
6 46
7 46
7 47
8 47
8 46
7 46
7 47
6 47
6 48
5 48
5 49
5 50
6 50
6 49
7 49
7 50
7 49
7 48
7 49
8 49
8 48
8 49
8 48
8 49
8 50
9 50
10 50
10 51
10 52
10 53
11 53
11 54
11 55
11 56
11 55
11 54
12 54
11 54
11 55
11 56
12 56
11 56
11 55
10 55
9 55
10 55
10 54
10 55
10 56
11 56
11 55
11 54
11 55
11 56
10 56
10 57
10 58
9 58
9 57
8 57
9 57
9 56
10 56
11 56
11 55
11 54
12 54
13 54
14 54
14 53
15 53
15 54
15 55
15 54
14 54
15 54
16 54
16 53
16 54
16 53
15 53
15 54
14 54
15 54
14 54
13 54
14 54
13 54
14 54
14 55
15 55
15 54
16 54
16 53
16 52
16 51
17 51
17 50
18 50
18 49
19 49
19 48
19 49
19 50
19 49
19 48
19 47
19 46
20 46
19 46
19 47
20 47
20 48
20 49
19 49
18 49
18 50
18 51
18 52
17 52
16 52
17 52
18 52
19 52
18 52
18 53
18 52
18 51
17 51
16 51
15 51
15 52
15 51
16 51
16 50
15 50
14 50
13 50
13 49
13 50
13 49
14 49
13 49
14 49
14 50
13 50
14 50
13 50
12 50
12 51
11 51
10 51
10 52
10 51
11 51
10 51
11 51
11 52
12 52
12 51
13 51
12 51
11 51
11 52
11 51
10 51
10 50
11 50
11 49
11 50
10 50
10 51
10 50
10 49
9 49
9 50
10 50
10 49
10 50
11 50
11 49
11 50
12 50
13 50
14 50
13 50
13 51
12 51
13 51
13 50
12 50
12 49
12 48
11 48
12 48
12 49
13 49
12 49
13 49
13 48
14 48
15 48
15 49
16 49
17 49
16 49
15 49
14 49
15 49
16 49
16 48
16 47
16 48
17 48
16 48
16 47
17 47
16 47
16 48
17 48
17 47
18 47
17 47
16 47
15 47
14 47
13 47
12 47
12 46
12 47
12 46
12 47
12 46
12 47
12 46
12 45
11 45
10 45
9 45
8 45
7 45
7 46
7 45
8 45
9 45
9 44
8 44
9 44
10 44
10 43
10 44
9 44
8 44
8 43
7 43
8 43
9 43
9 42
9 41
8 41
8 40
8 39
7 39
8 39
9 39
10 39
9 39
9 38
9 39
8 39
8 40
8 39
8 40
8 39
7 39
7 40
6 40
6 39
5 39
6 39
6 40
7 40
7 41
7 42
7 43
7 44
