0 0
1 0
2 0
2 1
2 2
2 1
1 1
1 2
0 2
1 2
0 2
1 2
1 1
0 1
1 1
1 2
1 1
1 0
1 1
1 0
1 1
0 1
1 1
0 1
1 1
1 2
2 2
2 3
2 4
2 3
2 4
2 3
3 3
3 2
3 1
4 1
4 2
5 2
4 2
4 3
5 3
5 4
5 3
5 2
6 2
6 1
5 1
4 1
3 1
2 1
2 0
2 1
2 2
3 2
4 2
4 1
4 2
4 3
3 3
3 2
4 2
4 3
4 4
4 3
5 3
4 3
5 3
5 2
5 1
5 0
5 1
6 1
6 0
6 1
6 2
6 1
6 2
6 3
6 4
7 4
6 4
6 5
6 4
6 3
6 4
7 4
7 3
7 4
6 4
5 4
5 5
5 4
4 4
5 4
5 3
5 4
5 3
5 2
4 2
5 2
6 2
6 1
5 1
5 2
5 3
5 2
4 2
5 2
6 2
6 1
6 2
6 1
6 0
6 1
6 2
6 3
7 3
6 3
7 3
7 4
8 4
8 3
9 3
9 4
9 5
10 5
9 5
9 6
8 6
8 7
8 6
7 6
6 6
6 5
6 6
7 6
8 6
8 7
7 7
7 8
6 8
6 9
6 10
6 11
6 12
5 12
6 12
6 11
6 12
6 13
7 13
7 12
7 11
8 11
8 10
9 10
9 11
8 11
8 10
8 9
9 9
9 8
8 8
8 9
8 8
9 8
9 7
9 8
9 9
8 9
7 9
7 10
7 9
8 9
9 9
9 8
8 8
8 9
8 8
9 8
8 8
9 8
9 7
9 6
9 5
9 4
10 4
9 4
10 4
10 5
10 4
11 4
10 4
11 4
11 3
10 3
10 4
11 4
11 3
10 3
10 4
9 4
9 5
9 4
10 4
10 3
10 2
10 1
11 1
11 2
10 2
10 1
10 0
9 0
10 0
11 0
12 0
11 0
10 0
11 0
12 0
13 0
14 0
15 0
15 1
15 2
14 2
15 2
16 2
16 3
15 3
15 2
15 1
16 1
16 2
16 3
16 2
15 2
16 2
17 2
18 2
19 2
18 2
18 3
19 3
19 2
19 1
19 0
19 1
18 1
18 2
18 3
18 2
17 2
16 2
15 2
16 2
17 2
16 2
16 3
15 3
15 4
15 3
15 4
15 3
15 4
16 4
16 3
16 2
16 1
16 2
15 2
15 3
14 3
13 3
12 3
12 2
12 1
13 1
14 1
15 1
15 2
16 2
17 2
17 1
18 1
19 1
19 0
19 1
19 2
19 1
19 0
19 1
19 0
20 0
19 0
18 0
19 0
20 0
21 0
22 0
22 1
22 2
22 1
22 0
22 1
22 2
23 2
23 1
23 2
24 2
24 3
24 2
24 3
23 3
22 3
23 3
22 3
22 4
23 4
23 5
24 5
24 6
24 5
24 4
23 4
24 4
23 4
23 3
22 3
22 4
22 3
23 3
22 3
22 2
22 3
22 4
23 4
23 3
23 4
23 3
22 3
21 3
20 3
20 2
19 2
18 2
19 2
20 2
19 2
19 1
19 2
20 2
21 2
22 2
22 3
23 3
24 3
24 4
24 3
23 3
23 2
24 2
24 1
24 2
24 1
24 2
23 2
22 2
22 3
23 3
23 4
23 5
24 5
23 5
22 5
21 5
21 4
21 5
21 4
20 4
21 4
21 3
21 4
21 5
21 4
21 5
20 5
20 6
19 6
20 6
20 7
21 7
20 7
19 7
19 8
19 9
19 10
20 10
19 10
18 10
18 9
18 8
18 9
19 9
20 9
20 10
21 10
22 10
23 10
22 10
23 10
24 10
24 11
25 11
24 11
24 10
24 9
24 8
23 8
24 8
24 7
24 8
24 9
24 8
24 9
24 10
24 11
23 11
22 11
22 12
22 11
22 12
22 11
23 11
24 11
24 10
23 10
23 11
22 11
21 11
22 11
22 10
22 11
23 11
23 10
23 11
23 10
24 10
24 9
24 10
25 10
24 10
24 9
24 8
25 8
26 8
26 9
25 9
25 8
26 8
26 9
26 8
27 8
28 8
29 8
29 7
28 7
29 7
29 6
28 6
28 7
29 7
29 6
28 6
29 6
28 6
27 6
27 5
27 6
28 6
27 6
27 5
27 4
28 4
28 5
28 6
27 6
26 6
27 6
27 7
28 7
29 7
28 7
28 6
29 6
29 5
30 5
29 5
29 6
28 6
28 7
27 7
26 7
26 8
26 7
26 6
26 5
27 5
28 5
27 5
26 5
26 6
25 6
25 5
25 4
25 5
25 4
25 3
25 2
26 2
26 1
26 2
26 1
25 1
24 1
24 0
24 1
23 1
23 0
24 0
24 1
23 1
23 0
22 0
22 1
21 1
22 1
21 1
21 0
21 1
21 2
21 1
21 0
21 1
22 1
22 2
21 2
21 3
21 2
21 3
21 4
21 3
20 3
20 2
19 2
18 2
19 2
19 3
20 3
20 2
21 2
20 2
21 2
22 2
21 2
21 3
22 3
21 3
20 3
21 3
21 4
22 4
21 4
21 3
22 3
23 3
22 3
21 3
20 3
19 3
20 3
20 4
20 5
20 4
20 5
20 4
20 3
19 3
19 2
19 3
19 2
19 3
18 3
18 2
18 3
19 3
20 3
21 3
21 4
21 5
21 6
22 6
22 7
21 7
22 7
22 8
22 7
23 7
22 7
22 8
22 9
22 10
23 10
24 10
25 10
24 10
25 10
26 10
27 10
28 10
27 10
28 10
28 9
28 8
29 8
30 8
31 8
31 9
31 10
32 10
33 10
33 9
34 9
33 9
32 9
32 10
32 11
32 10
33 10
33 11
34 11
33 11
34 11
35 11
35 10
35 11
36 11
35 11
35 12
35 13
35 14
35 15
34 15
34 16
34 17
34 18
34 19
35 19
34 19
35 19
35 20
35 21
35 20
35 19
35 20
34 20
35 20
34 20
34 21
34 20
34 21
35 21
34 21
35 21
35 20
35 19
35 20
35 21
36 21
36 22
36 21
36 22
36 21
35 21
35 22
35 21
35 22
35 21
35 20
34 20
33 20
33 19
32 19
32 18
32 17
33 17
32 17
32 16
33 16
34 16
33 16
33 17
34 17
35 17
36 17
37 17
37 16
36 16
36 17
36 18
35 18
35 19
35 20
35 19
35 20
34 20
33 20
32 20
33 20
33 21
32 21
33 21
34 21
34 20
35 20
34 20
33 20
33 21
33 20
33 19
33 20
34 20
34 19
34 20
35 20
35 21
35 20
36 20
36 21
36 22
35 22
35 21
34 21
34 22
35 22
35 23
36 23
35 23
35 24
36 24
36 23
36 24
37 24
36 24
36 25
36 26
36 27
37 27
37 26
38 26
38 25
37 25
38 25
38 24
39 24
38 24
38 25
38 24
37 24
38 24
38 25
38 24
37 24
38 24
38 25
39 25
40 25
40 26
40 27
40 26
40 25
40 26
41 26
42 26
42 25
41 25
41 24
40 24
41 24
40 24
39 24
39 23
39 24
39 25
39 24
40 24
40 23
39 23
39 22
40 22
40 23
40 24
41 24
40 24
40 25
41 25
40 25
40 26
41 26
41 27
41 28
42 28
43 28
42 28
41 28
41 29
41 30
42 30
43 30
44 30
44 29
43 29
44 29
44 30
45 30
45 31
45 32
45 31
45 30
46 30
46 31
47 31
47 32
46 32
45 32
46 32
45 32
44 32
44 33
44 34
45 34
45 33
44 33
43 33
43 32
43 31
42 31
42 30
43 30
42 30
42 31
43 31
43 30
43 31
43 32
44 32
45 32
44 32
44 33
43 33
43 32
43 33
43 32
43 31
44 31
43 31
42 31
41 31
40 31
41 31
42 31
43 31
43 32
43 31
43 30
44 30
44 29
44 30
44 29
44 28
44 27
45 27
45 26
45 25
45 24
46 24
47 24
47 25
47 24
46 24
47 24
47 23
47 24
46 24
45 24
46 24
45 24
45 23
44 23
43 23
42 23
41 23
40 23
39 23
39 22
39 21
39 20
39 19
39 18
38 18
39 18
39 17
38 17
39 17
38 17
38 16
39 16
40 16
40 17
40 16
39 16
40 16
40 15
40 14
39 14
38 14
38 15
38 16
37 16
37 17
37 16
36 16
36 17
37 17
36 17
36 18
37 18
37 19
38 19
37 19
37 20
37 19
38 19
39 19
38 19
38 18
39 18
39 19
39 18
40 18
40 19
39 19
40 19
40 20
40 21
40 20
40 19
39 19
38 19
39 19
38 19
38 20
37 20
38 20
37 20
37 21
36 21
37 21
36 21
37 21
36 21
36 22
35 22
35 23
35 24
36 24
37 24
36 24
36 23
36 22
37 22
37 21
38 21
39 21
40 21
41 21
41 22
41 21
41 20
40 20
40 21
40 22
39 22
39 23
40 23
41 23
41 24
42 24
42 23
