0 0
1 0
0 0
1 0
1 1
1 2
1 3
1 4
1 3
1 4
2 4
2 5
3 5
3 6
4 6
4 7
4 6
3 6
3 5
4 5
4 6
3 6
4 6
4 5
3 5
2 5
2 6
2 7
2 8
2 9
1 9
1 10
1 11
1 12
2 12
3 12
3 13
3 14
3 15
3 16
3 17
3 18
3 19
3 20
4 20
4 21
4 22
5 22
5 23
5 22
6 22
7 22
6 22
6 21
7 21
7 22
8 22
8 21
8 22
7 22
7 23
8 23
8 22
8 23
8 24
7 24
6 24
5 24
5 25
5 26
5 25
5 26
4 26
3 26
2 26
2 27
2 26
1 26
2 26
2 27
1 27
1 26
1 27
2 27
3 27
3 26
3 25
3 26
3 25
3 24
3 25
3 26
4 26
4 27
4 26
4 27
4 28
4 29
4 28
4 29
3 29
4 29
3 29
4 29
4 30
5 30
6 30
6 29
5 29
5 28
5 27
6 27
7 27
6 27
5 27
4 27
3 27
3 26
4 26
5 26
6 26
6 25
6 26
5 26
5 27
6 27
6 26
5 26
4 26
3 26
3 27
3 28
3 27
4 27
5 27
6 27
6 28
6 29
6 28
6 29
7 29
7 30
7 29
7 28
6 28
6 29
5 29
4 29
4 28
4 29
4 28
3 28
2 28
3 28
4 28
3 28
3 27
3 28
3 27
4 27
4 28
4 27
4 28
4 27
4 28
4 29
5 29
5 30
5 31
5 30
6 30
5 30
5 31
5 30
6 30
5 30
5 31
5 32
5 33
6 33
6 32
5 32
4 32
3 32
2 32
1 32
1 33
1 32
1 31
0 31
0 32
0 31
1 31
0 31
0 32
1 32
1 33
1 34
1 33
1 32
1 33
2 33
3 33
3 32
3 33
3 32
3 31
3 30
4 30
3 30
4 30
3 30
2 30
1 30
1 31
0 31
1 31
1 32
1 31
0 31
1 31
2 31
1 31
1 32
0 32
0 31
1 31
2 31
2 32
1 32
2 32
2 31
2 32
3 32
2 32
1 32
1 31
2 31
3 31
2 31
3 31
4 31
5 31
4 31
4 30
5 30
6 30
6 31
6 30
7 30
7 31
6 31
7 31
6 31
7 31
6 31
6 32
6 31
6 32
7 32
7 33
7 34
7 33
8 33
8 32
8 31
8 32
8 31
7 31
8 31
8 32
7 32
7 31
7 30
7 31
6 31
7 31
7 30
6 30
7 30
7 31
8 31
7 31
7 32
6 32
6 31
6 32
6 31
6 32
6 33
7 33
8 33
8 34
9 34
9 35
8 35
7 35
7 36
7 37
8 37
9 37
9 36
10 36
11 36
11 35
10 35
10 34
9 34
9 33
9 34
8 34
8 33
7 33
8 33
7 33
7 34
8 34
8 35
9 35
8 35
9 35
8 35
7 35
7 36
7 35
8 35
8 36
7 36
7 35
7 34
6 34
6 35
6 36
5 36
5 37
6 37
5 37
5 38
5 37
5 38
6 38
5 38
5 37
6 37
6 36
6 35
5 35
6 35
6 36
6 37
5 37
6 37
7 37
8 37
7 37
7 36
7 35
8 35
7 35
7 34
7 35
7 36
7 37
6 37
7 37
8 37
8 36
8 35
7 35
7 34
6 34
6 35
7 35
7 34
7 33
6 33
6 32
5 32
4 32
3 32
3 33
4 33
3 33
3 34
2 34
3 34
4 34
4 33
4 34
4 35
5 35
6 35
6 34
5 34
4 34
4 35
4 34
4 33
4 32
4 33
4 32
4 33
4 34
5 34
4 34
4 33
4 32
4 31
5 31
4 31
4 30
4 29
4 28
3 28
3 27
3 28
2 28
2 27
2 28
3 28
3 29
2 29
1 29
2 29
2 28
1 28
0 28
1 28
1 27
0 27
0 28
1 28
0 28
1 28
2 28
2 27
2 28
1 28
0 28
1 28
1 27
0 27
1 27
1 26
1 27
1 26
0 26
0 25
1 25
2 25
3 25
3 24
3 25
2 25
2 26
2 25
3 25
3 26
3 27
3 28
2 28
2 27
2 26
2 25
3 25
4 25
5 25
4 25
4 26
3 26
3 27
3 28
4 28
4 29
4 30
4 29
4 30
5 30
6 30
6 29
7 29
7 30
7 29
8 29
7 29
8 29
9 29
9 28
9 27
10 27
11 27
11 26
11 27
12 27
13 27
13 28
14 28
14 29
15 29
16 29
16 28
15 28
15 27
15 28
15 27
14 27
14 26
14 25
13 25
12 25
12 26
12 25
12 26
12 27
13 27
14 27
13 27
14 27
14 28
13 28
14 28
15 28
14 28
13 28
13 29
12 29
12 28
12 29
13 29
14 29
14 30
15 30
14 30
15 30
15 31
16 31
17 31
16 31
16 32
16 31
16 30
15 30
14 30
14 31
13 31
13 30
13 29
12 29
12 28
13 28
13 27
13 28
13 29
14 29
14 30
14 29
14 30
15 30
15 31
16 31
17 31
17 30
17 29
17 28
17 29
17 28
17 29
18 29
18 28
18 29
17 29
16 29
16 30
15 30
16 30
16 29
15 29
15 28
15 29
15 28
15 29
14 29
14 28
15 28
14 28
13 28
13 29
12 29
12 28
12 29
12 30
12 29
12 30
11 30
10 30
11 30
11 31
12 31
11 31
10 31
10 32
10 33
11 33
12 33
11 33
11 32
12 32
11 32
12 32
13 32
14 32
14 31
14 30
14 29
14 28
15 28
14 28
13 28
13 29
12 29
13 29
12 29
12 30
11 30
11 31
11 30
11 29
11 30
11 29
12 29
13 29
14 29
14 28
15 28
14 28
15 28
15 29
15 30
15 31
16 31
16 30
15 30
15 31
15 32
15 31
15 32
16 32
17 32
16 32
17 32
17 31
17 30
17 29
17 28
17 29
17 30
17 31
17 32
18 32
19 32
19 33
18 33
19 33
20 33
19 33
20 33
20 34
19 34
18 34
19 34
18 34
19 34
19 35
20 35
20 34
21 34
21 35
22 35
21 35
20 35
19 35
18 35
17 35
17 36
17 37
17 38
16 38
16 37
16 36
15 36
16 36
16 37
15 37
15 36
15 37
16 37
17 37
18 37
17 37
18 37
18 36
18 35
17 35
18 35
17 35
17 36
16 36
15 36
14 36
14 35
15 35
15 36
14 36
15 36
16 36
16 35
15 35
15 34
15 35
15 36
14 36
14 37
14 36
14 37
13 37
13 38
13 37
13 36
13 35
13 34
13 33
12 33
13 33
14 33
14 34
13 34
13 33
14 33
15 33
14 33
15 33
14 33
14 32
14 33
14 34
14 35
13 35
14 35
15 35
16 35
17 35
18 35
19 35
19 34
19 33
18 33
17 33
17 34
17 35
17 34
18 34
18 33
18 34
19 34
20 34
20 35
21 35
22 35
21 35
22 35
22 36
21 36
20 36
19 36
19 37
20 37
19 37
20 37
20 38
20 37
19 37
19 38
19 37
20 37
21 37
21 38
21 39
20 39
19 39
19 38
19 39
19 40
20 40
19 40
20 40
21 40
20 40
21 40
22 40
23 40
22 40
22 39
22 40
22 41
23 41
22 41
22 40
22 39
23 39
22 39
22 40
22 41
22 40
23 40
23 41
23 40
24 40
25 40
26 40
27 40
26 40
26 39
26 38
27 38
28 38
27 38
27 37
27 38
28 38
29 38
30 38
30 39
30 38
30 39
30 38
30 39
31 39
30 39
30 40
30 41
30 42
30 43
31 43
30 43
31 43
31 42
30 42
30 43
29 43
28 43
28 42
27 42
27 41
27 42
28 42
29 42
28 42
29 42
30 42
30 41
30 40
30 39
29 39
30 39
30 38
30 37
30 38
29 38
30 38
31 38
31 39
31 38
31 39
31 40
30 40
30 41
30 42
30 41
30 40
30 39
31 39
31 38
31 37
32 37
33 37
34 37
34 38
35 38
35 37
34 37
33 37
34 37
33 37
32 37
32 36
32 37
32 36
31 36
30 36
29 36
30 36
29 36
29 35
30 35
30 36
30 37
30 36
30 37
30 38
29 38
28 38
28 37
28 38
29 38
29 39
29 40
29 39
28 39
28 38
28 37
28 36
27 36
27 35
28 35
28 36
27 36
27 35
26 35
27 35
28 35
28 34
27 34
26 34
25 34
24 34
23 34
23 35
23 34
23 35
22 35
23 35
23 34
23 33
23 34
23 33
23 32
23 31
22 31
21 31
21 32
21 33
21 32
20 32
20 31
20 30
19 30
19 29
18 29
18 30
18 31
18 30
18 31
18 32
18 31
19 31
20 31
20 30
19 30
19 31
19 30
19 29
19 28
18 28
19 28
20 28
19 28
18 28
18 29
18 30
18 29
18 30
18 29
17 29
16 29
16 28
17 28
17 29
18 29
18 28
18 29
18 30
19 30
18 30
18 31
18 32
18 31
18 32
17 32
16 32
17 32
