0 0
0 1
1 1
2 1
3 1
3 2
4 2
3 2
2 2
2 1
3 1
3 0
3 1
2 1
2 2
3 2
2 2
2 3
2 2
2 1
1 1
1 2
2 2
2 3
2 4
1 4
1 5
1 4
1 3
2 3
3 3
3 4
2 4
1 4
1 3
1 2
1 3
0 3
1 3
1 4
1 3
0 3
0 4
1 4
1 5
2 5
2 4
2 5
2 4
2 5
2 4
2 5
3 5
3 6
3 5
4 5
3 5
4 5
3 5
3 6
4 6
4 5
4 6
5 6
5 5
5 4
6 4
6 3
6 4
6 5
6 4
6 3
6 2
6 1
6 0
6 1
6 2
6 1
7 1
6 1
6 0
7 0
8 0
8 1
7 1
7 0
7 1
7 2
7 1
8 1
8 0
8 1
9 1
8 1
8 0
9 0
9 1
9 2
10 2
10 1
10 0
11 0
11 1
11 2
10 2
10 1
10 2
10 1
10 2
10 1
11 1
12 1
11 1
11 0
11 1
11 0
12 0
12 1
12 2
11 2
12 2
11 2
10 2
11 2
12 2
11 2
10 2
11 2
11 1
11 0
10 0
10 1
9 1
9 0
9 1
8 1
8 0
8 1
9 1
9 2
10 2
11 2
11 1
10 1
10 0
11 0
11 1
10 1
10 0
9 0
9 1
9 0
8 0
8 1
8 2
8 1
7 1
7 0
7 1
7 2
7 1
7 0
8 0
8 1
9 1
8 1
8 0
8 1
8 0
7 0
8 0
9 0
8 0
7 0
8 0
9 0
8 0
7 0
6 0
6 1
7 1
7 0
7 1
7 2
7 1
6 1
6 2
5 2
6 2
7 2
8 2
8 1
9 1
8 1
8 2
8 3
8 2
9 2
10 2
10 1
10 2
10 1
10 0
10 1
11 1
12 1
12 0
11 0
11 1
11 0
12 0
11 0
11 1
10 1
10 2
11 2
12 2
11 2
12 2
11 2
11 3
12 3
11 3
12 3
13 3
13 2
13 3
14 3
14 2
14 1
14 2
14 3
14 4
13 4
13 5
13 4
13 3
13 4
14 4
15 4
15 5
14 5
13 5
14 5
14 6
15 6
15 7
15 6
15 7
15 6
16 6
16 5
16 4
17 4
18 4
19 4
19 3
19 4
19 3
19 4
20 4
20 3
20 4
20 5
21 5
22 5
22 4
22 5
22 6
22 7
23 7
23 8
23 9
23 10
23 11
22 11
23 11
23 10
24 10
23 10
22 10
23 10
23 11
23 10
22 10
22 9
21 9
22 9
23 9
24 9
25 9
24 9
23 9
22 9
22 8
23 8
23 7
23 8
23 7
24 7
25 7
25 6
25 5
26 5
26 4
26 3
27 3
28 3
28 2
28 1
29 1
28 1
29 1
28 1
28 2
27 2
28 2
29 2
29 3
28 3
28 4
28 5
29 5
29 6
30 6
31 6
32 6
33 6
34 6
33 6
32 6
33 6
32 6
32 5
32 6
31 6
32 6
31 6
32 6
31 6
32 6
31 6
32 6
32 5
31 5
31 6
32 6
32 5
32 6
32 5
32 6
32 7
31 7
31 6
31 7
31 6
31 5
31 6
32 6
31 6
31 7
31 6
31 5
32 5
31 5
30 5
29 5
29 4
30 4
30 3
31 3
30 3
30 4
29 4
29 3
28 3
28 4
28 5
29 5
28 5
27 5
27 6
26 6
26 7
26 6
26 5
26 6
26 5
26 6
26 7
26 8
27 8
27 9
27 8
28 8
28 9
28 8
28 7
29 7
29 6
28 6
28 5
29 5
29 4
29 5
29 4
29 5
29 4
29 5
29 4
30 4
30 3
31 3
31 2
31 3
31 2
31 1
31 0
31 1
31 0
31 1
30 1
30 0
30 1
31 1
30 1
29 1
28 1
27 1
27 2
26 2
25 2
24 2
25 2
25 1
25 0
24 0
23 0
23 1
23 0
23 1
24 1
24 0
24 1
24 0
24 1
25 1
26 1
27 1
28 1
29 1
28 1
28 2
28 1
28 2
29 2
28 2
27 2
28 2
28 1
29 1
28 1
27 1
28 1
27 1
27 0
28 0
29 0
30 0
29 0
29 1
30 1
30 0
30 1
30 0
30 1
31 1
32 1
33 1
32 1
31 1
30 1
31 1
31 0
31 1
31 0
30 0
31 0
31 1
31 0
31 1
32 1
32 2
31 2
32 2
33 2
32 2
32 3
32 4
31 4
32 4
33 4
34 4
34 3
33 3
33 4
33 5
32 5
32 4
33 4
34 4
34 5
35 5
35 4
35 3
36 3
37 3
37 2
36 2
35 2
34 2
35 2
36 2
35 2
35 3
35 2
34 2
34 1
33 1
34 1
34 2
34 1
35 1
36 1
35 1
34 1
33 1
33 0
32 0
33 0
33 1
32 1
33 1
34 1
35 1
34 1
34 0
34 1
33 1
33 2
34 2
34 3
34 2
34 1
34 0
34 1
34 0
35 0
34 0
33 0
32 0
32 1
33 1
32 1
32 2
32 3
32 2
32 3
32 2
32 3
32 2
31 2
30 2
31 2
31 1
32 1
32 2
31 2
32 2
32 1
33 1
33 0
34 0
34 1
33 1
33 0
33 1
32 1
33 1
33 0
33 1
34 1
34 0
35 0
35 1
35 2
35 1
34 1
34 2
33 2
33 1
32 1
31 1
32 1
32 0
31 0
31 1
30 1
31 1
31 2
32 2
31 2
32 2
31 2
31 3
31 2
31 1
32 1
33 1
33 2
32 2
32 3
32 4
32 3
32 2
32 1
33 1
32 1
32 2
31 2
30 2
31 2
32 2
32 3
31 3
30 3
30 4
30 5
30 6
30 7
29 7
29 6
28 6
29 6
29 7
29 6
30 6
29 6
30 6
30 5
30 4
31 4
32 4
32 5
32 4
33 4
33 5
32 5
32 4
32 5
31 5
32 5
32 6
33 6
34 6
34 5
35 5
35 6
34 6
33 6
33 5
33 4
33 5
33 6
34 6
33 6
33 5
32 5
33 5
33 4
34 4
34 3
33 3
32 3
32 4
33 4
32 4
31 4
30 4
30 5
30 6
31 6
32 6
32 7
32 8
33 8
33 7
34 7
33 7
34 7
34 8
34 7
34 6
34 7
35 7
36 7
36 6
37 6
38 6
37 6
37 5
37 6
38 6
37 6
37 5
36 5
36 4
37 4
37 3
37 4
38 4
37 4
38 4
38 3
37 3
38 3
39 3
40 3
39 3
39 2
40 2
39 2
39 1
39 0
40 0
40 1
39 1
39 0
39 1
39 0
39 1
40 1
39 1
39 0
38 0
37 0
36 0
36 1
35 1
36 1
35 1
34 1
33 1
32 1
31 1
31 0
31 1
30 1
30 0
31 0
31 1
32 1
32 0
32 1
32 0
33 0
33 1
33 0
32 0
31 0
31 1
31 2
31 1
31 2
30 2
30 3
29 3
30 3
31 3
30 3
31 3
31 4
31 5
31 6
32 6
32 7
32 6
33 6
33 7
32 7
32 6
31 6
30 6
30 7
29 7
30 7
29 7
30 7
30 6
30 5
31 5
31 6
30 6
30 7
31 7
31 8
30 8
30 9
29 9
29 10
29 11
29 10
29 11
30 11
30 10
31 10
31 9
32 9
32 10
32 11
33 11
34 11
34 10
34 9
33 9
33 10
34 10
34 9
33 9
34 9
33 9
33 10
34 10
34 9
34 10
34 9
35 9
34 9
34 8
35 8
35 7
34 7
33 7
34 7
35 7
34 7
33 7
33 6
32 6
31 6
31 5
31 6
31 7
31 6
31 5
31 4
31 5
31 4
32 4
32 5
33 5
33 6
34 6
34 5
34 6
33 6
34 6
35 6
34 6
33 6
33 7
33 6
33 7
33 8
34 8
34 7
33 7
33 8
33 7
34 7
34 6
33 6
33 5
32 5
32 6
31 6
30 6
31 6
30 6
30 5
31 5
31 4
32 4
31 4
31 5
32 5
32 4
32 3
32 2
32 3
32 4
32 5
32 4
32 3
32 2
32 1
32 0
33 0
33 1
32 1
32 2
32 3
31 3
31 2
31 1
30 1
30 2
30 1
31 1
31 0
32 0
33 0
33 1
32 1
32 0
32 1
31 1
30 1
31 1
30 1
29 1
29 2
29 1
29 0
29 1
29 2
29 1
29 0
29 1
30 1
30 2
29 2
29 1
29 0
30 0
29 0
30 0
29 0
28 0
28 1
28 0
28 1
27 1
28 1
29 1
29 2
30 2
31 2
30 2
31 2
31 1
32 1
32 0
33 0
34 0
35 0
36 0
36 1
36 2
35 2
35 3
35 2
34 2
35 2
35 3
34 3
35 3
34 3
34 4
34 3
33 3
32 3
32 4
32 3
33 3
33 2
33 1
34 1
34 2
34 3
35 3
35 4
34 4
34 3
34 4
33 4
34 4
34 3
33 3
33 4
