0 0
0 1
0 2
0 3
0 2
0 1
0 0
0 1
0 0
1 0
1 1
0 1
0 0
0 1
0 2
1 2
2 2
1 2
2 2
1 2
2 2
2 1
2 0
2 1
3 1
4 1
3 1
4 1
4 2
3 2
3 1
4 1
3 1
3 0
4 0
5 0
5 1
4 1
5 1
6 1
6 2
5 2
6 2
5 2
5 1
5 2
5 1
6 1
6 0
5 0
4 0
4 1
4 2
4 3
3 3
4 3
3 3
3 4
3 5
3 6
2 6
1 6
1 5
1 4
1 3
1 2
0 2
0 3
1 3
0 3
0 2
1 2
2 2
3 2
3 3
2 3
3 3
2 3
2 4
1 4
0 4
0 5
0 6
0 5
1 5
2 5
1 5
1 4
0 4
0 5
0 6
1 6
1 5
0 5
0 4
1 4
0 4
1 4
1 5
1 6
1 5
0 5
1 5
1 4
1 3
1 4
0 4
1 4
2 4
3 4
4 4
3 4
2 4
3 4
3 3
4 3
4 2
4 3
5 3
6 3
5 3
5 2
5 1
6 1
5 1
5 0
5 1
6 1
6 0
6 1
6 2
6 1
5 1
4 1
4 0
3 0
4 0
4 1
4 2
5 2
5 1
5 0
6 0
6 1
6 0
6 1
6 0
7 0
7 1
7 0
7 1
8 1
7 1
8 1
7 1
7 2
7 3
7 2
7 1
7 2
7 1
8 1
7 1
7 0
7 1
6 1
7 1
7 2
7 1
6 1
5 1
6 1
5 1
5 0
6 0
7 0
6 0
7 0
6 0
6 1
5 1
6 1
6 0
6 1
7 1
8 1
8 0
7 0
6 0
6 1
6 2
7 2
7 3
7 2
7 3
6 3
7 3
7 4
7 5
7 4
6 4
5 4
5 3
5 2
5 3
5 4
4 4
5 4
6 4
7 4
6 4
6 3
7 3
6 3
7 3
6 3
6 2
5 2
5 3
5 2
5 3
6 3
6 2
5 2
5 3
5 2
5 3
5 4
5 5
4 5
3 5
3 6
3 5
3 4
2 4
3 4
3 5
3 4
2 4
2 5
2 4
3 4
3 3
3 4
3 5
3 4
4 4
4 5
5 5
5 4
4 4
3 4
2 4
2 3
2 2
1 2
1 3
1 4
1 3
1 2
2 2
2 3
2 2
1 2
0 2
0 3
1 3
1 2
1 1
1 0
1 1
1 0
1 1
1 2
1 1
0 1
1 1
1 2
1 3
1 2
2 2
2 1
2 2
3 2
3 3
3 4
4 4
4 5
3 5
2 5
3 5
3 4
2 4
2 5
2 4
3 4
2 4
3 4
3 5
3 4
3 5
2 5
1 5
1 4
2 4
3 4
3 3
4 3
4 4
4 3
4 4
4 5
3 5
3 6
2 6
2 7
3 7
3 6
4 6
4 7
4 6
3 6
2 6
3 6
3 7
3 8
3 7
2 7
1 7
0 7
0 6
1 6
1 5
1 6
1 5
1 4
1 5
2 5
2 6
1 6
0 6
1 6
1 5
2 5
3 5
2 5
2 4
3 4
3 3
2 3
3 3
4 3
3 3
3 2
2 2
3 2
3 3
3 4
4 4
3 4
3 3
2 3
3 3
4 3
4 2
3 2
3 1
3 0
3 1
2 1
2 2
3 2
4 2
3 2
3 3
3 2
3 1
3 0
4 0
3 0
3 1
3 2
3 1
2 1
1 1
2 1
2 0
2 1
1 1
2 1
2 2
2 1
3 1
3 2
2 2
1 2
2 2
2 3
2 4
3 4
3 3
3 2
2 2
1 2
1 1
1 0
2 0
3 0
3 1
3 2
2 2
2 3
3 3
4 3
4 2
4 3
5 3
6 3
7 3
6 3
7 3
7 4
8 4
8 5
9 5
9 6
9 5
9 6
10 6
10 5
10 6
9 6
9 7
8 7
9 7
9 6
9 7
10 7
9 7
10 7
9 7
9 6
9 5
10 5
10 6
10 7
10 8
11 8
11 9
11 8
10 8
10 7
9 7
10 7
9 7
9 6
9 7
9 8
9 7
10 7
10 8
10 9
10 10
9 10
9 9
9 10
10 10
11 10
11 9
10 9
10 8
9 8
9 7
9 8
8 8
8 9
8 10
9 10
9 11
9 12
9 11
10 11
11 11
11 10
11 9
10 9
9 9
9 10
9 9
9 8
8 8
9 8
8 8
9 8
8 8
8 7
8 8
7 8
8 8
7 8
7 9
6 9
7 9
8 9
7 9
7 10
8 10
9 10
10 10
11 10
10 10
10 11
10 10
11 10
11 11
11 10
12 10
12 11
12 12
11 12
11 13
10 13
10 12
11 12
11 11
12 11
13 11
12 11
11 11
11 10
12 10
12 9
12 10
12 11
13 11
14 11
14 10
13 10
13 9
13 8
13 9
13 10
14 10
13 10
14 10
13 10
14 10
14 9
15 9
16 9
17 9
18 9
18 8
18 9
18 8
17 8
16 8
16 9
16 10
16 9
15 9
16 9
17 9
17 10
17 11
18 11
19 11
19 10
19 9
20 9
19 9
18 9
19 9
19 10
19 9
20 9
19 9
19 10
19 11
18 11
17 11
16 11
15 11
16 11
15 11
15 12
16 12
15 12
15 11
14 11
15 11
15 12
15 13
15 14
14 14
14 15
15 15
15 16
15 17
14 17
15 17
16 17
16 18
17 18
18 18
19 18
19 19
19 18
19 17
18 17
18 18
17 18
18 18
19 18
19 17
20 17
20 18
20 17
19 17
18 17
18 16
18 17
18 18
18 19
18 18
19 18
20 18
20 19
20 18
20 19
20 20
20 21
19 21
20 21
20 20
20 21
20 20
19 20
18 20
18 21
18 22
19 22
18 22
18 21
18 22
19 22
19 23
19 24
19 25
19 24
19 25
20 25
20 24
21 24
20 24
20 25
21 25
21 26
20 26
20 25
20 24
19 24
18 24
17 24
18 24
19 24
19 23
19 22
18 22
17 22
17 23
17 22
18 22
18 21
18 22
18 23
19 23
20 23
21 23
21 24
21 25
21 26
22 26
22 25
22 26
22 27
21 27
21 28
21 27
21 26
22 26
23 26
23 25
23 24
23 23
23 24
23 23
24 23
23 23
22 23
22 22
21 22
20 22
19 22
18 22
19 22
20 22
19 22
19 21
19 22
20 22
21 22
21 23
21 24
20 24
21 24
21 25
21 26
21 25
22 25
22 26
22 27
22 28
21 28
22 28
22 27
22 28
22 27
23 27
23 28
23 29
22 29
21 29
20 29
20 28
21 28
21 27
21 28
20 28
20 27
20 28
21 28
21 27
21 26
21 27
22 27
21 27
21 28
22 28
22 27
21 27
22 27
21 27
22 27
23 27
22 27
22 26
22 25
22 24
22 25
23 25
23 26
23 27
22 27
22 28
22 29
22 28
22 29
23 29
23 30
23 29
24 29
24 28
25 28
25 27
24 27
24 28
23 28
23 27
23 28
23 29
24 29
24 30
23 30
24 30
23 30
23 31
23 32
22 32
22 33
22 32
23 32
23 31
22 31
23 31
23 32
23 31
24 31
23 31
22 31
22 30
21 30
22 30
22 29
22 30
23 30
24 30
25 30
25 31
24 31
23 31
23 30
24 30
24 31
25 31
26 31
26 32
27 32
27 33
27 34
26 34
25 34
25 35
26 35
26 36
27 36
28 36
28 35
28 34
28 33
29 33
29 34
30 34
30 35
29 35
30 35
29 35
30 35
29 35
29 34
29 33
29 34
29 33
30 33
30 34
31 34
31 35
31 34
31 35
31 34
32 34
32 35
33 35
33 36
32 36
32 35
31 35
31 34
30 34
31 34
31 33
32 33
33 33
34 33
34 32
34 31
34 32
34 33
35 33
35 32
35 31
34 31
35 31
35 32
35 33
35 34
36 34
37 34
36 34
36 35
36 36
36 35
37 35
37 34
38 34
39 34
39 35
38 35
37 35
37 34
37 35
37 36
36 36
36 37
37 37
37 36
37 35
37 34
36 34
36 33
35 33
35 34
34 34
33 34
33 35
33 34
33 33
33 32
34 32
34 33
33 33
34 33
34 32
34 33
35 33
36 33
36 32
36 31
35 31
34 31
34 30
35 30
36 30
35 30
34 30
34 31
34 30
34 29
34 28
34 27
33 27
32 27
32 28
31 28
31 27
32 27
33 27
34 27
35 27
35 26
36 26
35 26
34 26
35 26
35 25
35 24
35 23
36 23
36 22
37 22
36 22
36 21
35 21
35 22
36 22
36 21
36 20
35 20
35 21
34 21
33 21
33 20
32 20
32 19
31 19
31 20
30 20
30 21
30 20
30 21
29 21
29 20
29 19
29 20
29 19
28 19
28 18
27 18
27 19
27 18
28 18
27 18
26 18
26 19
25 19
24 19
25 19
26 19
26 18
26 19
25 19
25 20
25 19
25 20
25 19
24 19
24 20
24 21
24 20
24 19
