0 0
1 0
0 0
0 1
0 2
0 3
0 2
1 2
0 2
0 1
1 1
1 2
1 1
1 2
1 1
2 1
2 0
1 0
1 1
1 2
2 2
1 2
1 3
0 3
1 3
0 3
0 4
1 4
0 4
0 3
1 3
1 2
0 2
1 2
0 2
1 2
2 2
2 3
1 3
1 4
1 5
1 6
0 6
0 5
1 5
0 5
1 5
2 5
1 5
1 6
0 6
1 6
1 7
2 7
2 6
2 7
1 7
0 7
1 7
0 7
0 6
0 7
0 6
1 6
0 6
1 6
1 5
1 6
2 6
3 6
4 6
5 6
6 6
5 6
5 7
5 6
5 5
5 6
5 7
5 8
6 8
7 8
8 8
8 9
9 9
9 10
8 10
8 9
8 10
9 10
8 10
8 11
8 10
8 9
7 9
8 9
8 10
8 9
8 10
8 9
8 10
7 10
7 9
7 10
7 9
8 9
8 8
8 7
8 6
9 6
10 6
10 5
10 4
10 5
9 5
8 5
9 5
9 6
9 5
9 6
9 7
9 6
9 5
10 5
9 5
10 5
9 5
9 4
9 3
10 3
10 4
11 4
10 4
10 5
9 5
9 4
8 4
9 4
9 5
10 5
10 6
10 5
9 5
8 5
7 5
7 4
6 4
6 5
6 6
7 6
7 5
7 4
7 3
7 4
7 5
7 4
8 4
8 3
8 2
8 1
7 1
6 1
7 1
6 1
7 1
6 1
5 1
5 0
5 1
5 0
4 0
3 0
3 1
3 2
3 1
3 0
3 1
3 0
3 1
4 1
4 2
4 1
5 1
5 0
6 0
5 0
5 1
6 1
6 2
6 3
6 4
6 5
6 6
7 6
7 7
8 7
8 6
7 6
6 6
6 7
7 7
7 6
7 7
7 8
7 7
6 7
6 8
6 9
6 8
7 8
6 8
7 8
7 7
7 6
7 7
6 7
6 8
7 8
7 9
6 9
6 10
5 10
5 11
6 11
6 12
6 11
5 11
6 11
6 10
7 10
8 10
7 10
8 10
9 10
9 9
10 9
10 10
9 10
9 9
10 9
9 9
9 10
8 10
8 11
7 11
7 12
7 11
7 10
6 10
6 9
6 8
6 9
5 9
4 9
3 9
3 10
3 9
2 9
2 8
1 8
0 8
0 9
1 9
0 9
1 9
2 9
2 8
1 8
2 8
3 8
3 9
3 8
3 7
4 7
4 6
4 7
4 8
3 8
2 8
1 8
1 9
1 10
2 10
3 10
4 10
4 11
4 10
5 10
4 10
4 11
4 12
4 13
4 14
5 14
5 15
6 15
5 15
4 15
5 15
4 15
3 15
3 16
2 16
1 16
2 16
2 15
3 15
3 16
3 15
3 16
4 16
4 17
5 17
4 17
4 16
4 15
4 14
5 14
5 13
5 12
6 12
6 11
7 11
8 11
9 11
8 11
9 11
9 10
10 10
11 10
11 11
11 12
10 12
9 12
10 12
10 13
9 13
10 13
10 14
11 14
12 14
13 14
13 15
12 15
12 16
12 15
12 16
13 16
13 15
13 14
13 13
13 12
13 11
13 12
13 11
13 12
12 12
13 12
13 11
12 11
12 10
13 10
14 10
14 9
13 9
13 10
12 10
11 10
10 10
9 10
10 10
10 11
9 11
9 12
10 12
9 12
9 11
10 11
11 11
11 12
11 11
11 12
12 12
11 12
11 11
11 10
11 9
11 10
10 10
10 11
9 11
8 11
7 11
7 12
7 11
8 11
8 10
9 10
9 9
9 10
9 11
9 10
9 11
9 10
9 9
10 9
10 10
10 9
9 9
9 8
10 8
9 8
10 8
11 8
10 8
10 9
11 9
10 9
10 10
11 10
11 9
11 8
10 8
10 9
9 9
8 9
7 9
7 8
7 9
7 8
7 7
7 8
6 8
6 9
6 8
7 8
8 8
8 9
8 8
7 8
7 9
6 9
7 9
7 8
7 9
7 8
8 8
8 9
8 8
9 8
9 7
9 8
9 7
10 7
10 8
10 9
10 8
9 8
9 9
9 10
9 9
9 10
9 9
9 8
9 7
9 8
8 8
9 8
9 9
9 8
10 8
10 7
9 7
10 7
10 8
9 8
9 9
10 9
11 9
11 8
11 7
11 6
11 5
11 4
11 5
11 4
12 4
13 4
13 5
13 4
13 5
12 5
13 5
13 4
14 4
14 3
14 4
14 3
14 2
14 1
13 1
12 1
12 0
12 1
13 1
12 1
13 1
13 0
13 1
13 0
13 1
13 0
13 1
12 1
12 2
11 2
10 2
10 3
11 3
11 4
11 5
10 5
9 5
10 5
10 4
9 4
9 5
9 6
9 7
8 7
8 8
9 8
10 8
11 8
11 7
11 6
11 5
10 5
11 5
12 5
11 5
12 5
13 5
13 6
14 6
15 6
15 7
15 6
14 6
15 6
14 6
14 7
14 8
14 7
14 6
15 6
14 6
14 7
14 6
14 7
15 7
15 6
15 7
15 8
15 9
16 9
17 9
17 8
17 9
17 8
17 7
17 8
17 7
18 7
18 6
19 6
20 6
20 7
19 7
19 6
19 7
19 6
19 7
19 6
20 6
20 7
20 6
20 5
20 6
19 6
19 5
18 5
19 5
20 5
20 4
20 5
20 4
19 4
19 5
18 5
19 5
19 4
18 4
19 4
19 3
19 2
19 3
19 4
18 4
19 4
19 5
19 4
18 4
19 4
20 4
21 4
21 3
22 3
22 2
23 2
23 1
22 1
21 1
21 2
22 2
22 3
22 2
22 3
22 2
22 1
21 1
21 2
21 1
20 1
20 0
19 0
20 0
20 1
21 1
20 1
19 1
19 0
18 0
17 0
17 1
18 1
18 2
18 1
19 1
19 0
18 0
18 1
17 1
18 1
18 2
17 2
16 2
17 2
17 1
18 1
18 2
18 1
17 1
17 0
18 0
18 1
17 1
17 2
18 2
19 2
19 3
20 3
20 4
20 3
21 3
20 3
21 3
21 4
21 5
21 6
20 6
20 7
20 8
21 8
22 8
22 7
21 7
21 8
21 7
21 6
22 6
22 7
21 7
20 7
20 6
20 5
20 4
20 5
21 5
22 5
23 5
23 4
24 4
25 4
24 4
24 3
24 2
24 1
24 0
24 1
25 1
26 1
27 1
26 1
27 1
26 1
27 1
27 2
27 1
27 0
27 1
27 2
26 2
26 1
27 1
27 2
28 2
29 2
28 2
28 3
29 3
30 3
30 4
31 4
31 3
31 2
31 3
31 2
31 1
31 2
31 1
31 2
30 2
29 2
29 1
30 1
29 1
29 0
29 1
28 1
28 2
28 1
27 1
28 1
28 0
29 0
29 1
28 1
29 1
28 1
27 1
27 0
28 0
29 0
29 1
29 2
29 1
28 1
28 0
28 1
29 1
29 2
29 1
28 1
28 0
27 0
28 0
27 0
26 0
25 0
26 0
27 0
26 0
26 1
26 2
26 1
27 1
26 1
25 1
24 1
23 1
23 2
22 2
22 1
21 1
20 1
20 2
21 2
21 3
20 3
19 3
18 3
19 3
19 2
20 2
20 1
21 1
21 2
21 3
21 2
21 3
21 4
21 3
21 4
20 4
20 5
20 6
20 5
19 5
20 5
19 5
19 4
19 5
18 5
18 6
19 6
19 5
19 6
18 6
17 6
16 6
17 6
18 6
17 6
17 5
18 5
18 4
18 5
18 6
19 6
19 7
19 6
20 6
20 7
20 6
19 6
19 7
18 7
19 7
20 7
20 8
20 7
19 7
20 7
19 7
19 6
19 5
20 5
21 5
22 5
23 5
22 5
22 4
21 4
21 3
21 4
22 4
22 3
21 3
22 3
22 2
23 2
24 2
24 1
23 1
24 1
24 0
25 0
26 0
26 1
27 1
26 1
27 1
27 2
27 1
28 1
27 1
27 0
26 0
25 0
25 1
25 2
25 3
26 3
26 2
25 2
26 2
25 2
26 2
27 2
27 1
27 0
27 1
26 1
26 0
25 0
26 0
25 0
25 1
24 1
23 1
24 1
24 0
24 1
24 0
25 0
25 1
26 1
27 1
27 0
28 0
29 0
29 1
28 1
27 1
27 0
27 1
27 2
27 1
26 1
26 2
25 2
26 2
27 2
27 3
27 4
28 4
28 5
27 5
26 5
26 4
25 4
25 5
25 4
24 4
24 3
24 4
24 5
25 5
25 6
26 6
26 7
27 7
26 7
26 6
25 6
25 5
25 4
24 4
24 3
24 4
24 5
25 5
25 4
25 5
25 4
26 4
26 3
27 3
26 3
27 3
27 4
27 3
27 2
27 3
26 3
25 3
26 3
27 3
27 2
27 3
26 3
26 4
26 3
26 2
26 3
26 2
27 2
27 1
26 1
26 2
26 1
26 0
25 0
26 0
27 0
27 1
28 1
28 2
28 3
