0 0
1 0
1 1
1 0
2 0
2 1
1 1
0 1
1 1
2 1
3 1
3 2
3 3
3 4
3 5
3 6
4 6
3 6
3 5
4 5
4 6
4 7
3 7
4 7
3 7
3 8
2 8
2 9
2 10
2 11
2 10
1 10
0 10
1 10
1 11
0 11
1 11
1 10
0 10
1 10
1 9
1 10
2 10
2 9
2 8
2 9
1 9
0 9
1 9
1 8
1 9
2 9
2 8
1 8
1 9
1 8
0 8
1 8
1 9
1 8
1 9
2 9
2 10
2 9
3 9
4 9
5 9
6 9
5 9
4 9
3 9
3 10
4 10
4 11
4 10
4 9
3 9
4 9
3 9
3 8
4 8
4 9
4 10
4 11
4 12
4 11
4 12
4 13
4 12
5 12
6 12
6 11
7 11
8 11
8 12
7 12
8 12
8 11
8 12
8 11
8 12
8 13
7 13
8 13
7 13
6 13
5 13
5 14
6 14
6 15
5 15
6 15
7 15
8 15
8 14
8 15
7 15
7 14
6 14
7 14
7 13
6 13
5 13
5 14
6 14
6 13
6 14
5 14
4 14
3 14
3 13
3 14
4 14
4 15
4 14
3 14
2 14
2 15
1 15
0 15
1 15
1 16
0 16
0 17
1 17
1 18
0 18
0 19
1 19
1 20
2 20
1 20
1 21
0 21
0 22
0 23
0 22
0 21
1 21
2 21
2 22
3 22
2 22
2 23
2 22
2 23
2 22
2 23
2 24
1 24
2 24
2 23
2 22
2 23
2 24
2 25
1 25
0 25
1 25
0 25
1 25
1 26
2 26
3 26
3 27
3 28
3 29
3 30
2 30
1 30
2 30
2 29
2 30
3 30
3 31
4 31
5 31
4 31
4 32
4 31
4 32
4 31
4 30
4 31
4 30
5 30
4 30
5 30
4 30
5 30
5 29
5 28
5 27
6 27
6 26
7 26
7 27
7 28
8 28
7 28
8 28
7 28
8 28
9 28
10 28
11 28
10 28
11 28
10 28
10 29
10 30
10 31
10 30
10 31
10 32
10 31
10 32
11 32
11 33
11 34
12 34
13 34
14 34
13 34
12 34
11 34
11 35
10 35
10 34
10 35
10 36
10 37
11 37
12 37
13 37
13 38
14 38
15 38
14 38
13 38
13 39
14 39
13 39
12 39
12 38
12 39
11 39
12 39
11 39
11 40
11 41
10 41
10 42
10 41
11 41
11 40
10 40
10 39
10 40
10 39
11 39
11 40
12 40
11 40
11 41
10 41
11 41
10 41
10 40
9 40
9 39
9 38
9 39
8 39
9 39
8 39
8 38
7 38
7 37
6 37
7 37
7 38
6 38
7 38
7 39
7 40
7 39
6 39
6 38
7 38
7 39
7 40
6 40
7 40
8 40
8 41
9 41
9 40
9 41
9 42
9 41
8 41
8 42
8 43
9 43
9 44
10 44
9 44
8 44
9 44
9 45
10 45
11 45
11 44
11 45
11 44
10 44
10 45
11 45
12 45
13 45
13 46
14 46
14 47
13 47
13 46
13 47
12 47
11 47
12 47
13 47
13 46
13 45
13 46
13 45
13 44
14 44
15 44
15 43
15 42
16 42
17 42
17 43
16 43
16 42
16 43
17 43
16 43
17 43
18 43
19 43
19 44
18 44
18 45
19 45
20 45
19 45
18 45
19 45
19 44
19 45
19 44
19 43
19 44
20 44
20 45
20 44
21 44
21 45
20 45
19 45
18 45
18 46
19 46
19 47
19 48
19 49
19 48
20 48
20 47
21 47
21 46
21 45
21 44
20 44
20 43
20 42
20 43
20 42
19 42
19 43
18 43
18 42
18 43
18 44
19 44
19 45
19 44
18 44
18 45
19 45
20 45
20 44
20 45
20 44
20 45
19 45
20 45
20 46
20 47
20 46
21 46
21 45
21 44
21 43
22 43
21 43
20 43
21 43
22 43
22 42
23 42
23 41
23 42
24 42
25 42
24 42
24 43
25 43
25 44
25 45
24 45
23 45
23 44
24 44
23 44
23 43
23 44
23 43
23 42
23 43
24 43
23 43
23 42
24 42
24 43
25 43
25 44
26 44
27 44
26 44
27 44
26 44
26 45
26 46
25 46
24 46
24 45
24 44
23 44
23 43
23 42
23 41
23 40
23 41
22 41
22 42
22 41
23 41
24 41
24 40
23 40
22 40
21 40
21 39
20 39
19 39
18 39
19 39
18 39
18 40
18 41
18 42
18 43
19 43
19 42
19 41
19 40
18 40
19 40
18 40
19 40
19 39
19 40
20 40
19 40
18 40
17 40
16 40
16 41
15 41
16 41
16 42
17 42
18 42
17 42
17 41
18 41
17 41
17 42
18 42
18 41
18 42
18 41
18 40
19 40
20 40
20 41
20 40
19 40
19 39
19 38
20 38
19 38
19 39
19 40
19 41
19 42
18 42
17 42
17 43
17 44
18 44
19 44
19 43
19 42
18 42
17 42
17 41
18 41
18 40
18 41
19 41
19 42
19 43
19 42
18 42
18 43
18 42
19 42
19 41
20 41
19 41
19 40
19 41
19 40
19 39
19 38
19 39
19 38
19 39
19 38
19 37
19 38
19 39
18 39
18 38
17 38
16 38
17 38
18 38
17 38
17 39
17 40
16 40
16 39
17 39
17 40
17 41
17 40
16 40
16 39
16 38
16 37
16 38
16 39
16 38
15 38
14 38
15 38
16 38
16 39
16 38
17 38
16 38
17 38
18 38
17 38
17 37
16 37
16 36
16 35
16 36
17 36
16 36
17 36
18 36
18 35
18 34
19 34
20 34
19 34
19 33
18 33
19 33
18 33
17 33
17 34
18 34
17 34
17 33
16 33
15 33
14 33
13 33
13 32
13 33
13 34
14 34
15 34
14 34
14 33
15 33
15 34
14 34
14 33
15 33
16 33
15 33
14 33
14 32
13 32
14 32
14 33
15 33
14 33
13 33
12 33
13 33
14 33
15 33
14 33
15 33
15 32
15 31
16 31
15 31
14 31
15 31
14 31
15 31
16 31
16 30
16 31
16 32
16 33
16 34
15 34
15 35
16 35
16 34
15 34
16 34
16 33
15 33
16 33
15 33
15 34
16 34
16 33
15 33
15 34
16 34
16 33
15 33
15 32
15 31
15 32
16 32
16 31
17 31
17 30
16 30
16 29
16 30
16 29
16 28
16 29
16 28
17 28
17 27
18 27
19 27
19 26
19 27
19 28
20 28
19 28
19 29
19 30
19 31
18 31
19 31
20 31
20 32
20 33
20 32
20 31
20 30
19 30
19 31
18 31
17 31
17 30
17 29
16 29
16 28
16 29
15 29
15 30
15 29
16 29
16 30
17 30
16 30
16 29
16 28
15 28
16 28
15 28
15 29
15 30
15 31
14 31
14 32
14 31
15 31
16 31
15 31
16 31
15 31
15 30
15 31
16 31
15 31
15 32
15 31
15 30
14 30
13 30
13 29
12 29
12 28
13 28
13 29
13 30
12 30
12 29
12 30
12 29
13 29
14 29
14 28
13 28
12 28
12 29
13 29
12 29
13 29
13 30
13 31
13 30
13 31
13 30
13 31
13 30
14 30
14 29
13 29
14 29
15 29
15 28
15 27
14 27
15 27
16 27
16 28
15 28
15 29
15 30
14 30
13 30
14 30
13 30
14 30
14 29
14 30
13 30
14 30
14 31
13 31
12 31
12 30
11 30
11 31
11 30
11 29
12 29
11 29
11 28
10 28
11 28
11 29
11 28
12 28
11 28
10 28
10 27
9 27
9 26
8 26
8 25
7 25
7 26
7 27
7 26
7 25
7 26
8 26
8 27
8 26
8 25
8 24
9 24
9 23
8 23
8 24
7 24
7 25
7 24
7 23
7 22
8 22
8 21
7 21
6 21
6 22
6 23
6 24
5 24
5 25
4 25
5 25
6 25
6 26
7 26
7 25
6 25
6 24
7 24
6 24
6 25
5 25
5 24
4 24
4 25
4 24
4 23
3 23
3 22
3 23
2 23
3 23
3 24
4 24
5 24
4 24
4 25
5 25
4 25
3 25
2 25
2 26
1 26
0 26
1 26
0 26
1 26
1 27
1 26
1 27
0 27
1 27
2 27
3 27
3 28
3 29
2 29
2 30
2 29
3 29
3 28
2 28
2 27
2 28
2 29
2 30
1 30
1 29
2 29
2 28
3 28
3 27
3 26
2 26
1 26
1 27
1 26
0 26
0 25
0 24
1 24
1 23
2 23
1 23
0 23
1 23
0 23
1 23
1 24
2 24
2 23
3 23
4 23
3 23
2 23
3 23
3 22
2 22
2 21
2 20
2 21
2 22
1 22
1 23
0 23
0 22
1 22
2 22
2 21
2 22
1 22
0 22
0 23
0 24
1 24
1 23
1 22
0 22
0 23
0 22
0 21
1 21
1 22
2 22
1 22
1 23
2 23
3 23
3 24
