0 0
1 0
1 1
2 1
1 1
1 2
0 2
0 3
0 2
0 1
0 2
0 3
1 3
0 3
0 2
1 2
2 2
1 2
1 1
1 2
0 2
0 3
0 4
0 5
0 4
1 4
0 4
0 5
1 5
1 6
1 7
2 7
1 7
1 6
1 5
0 5
1 5
1 6
2 6
2 7
2 6
2 5
2 4
3 4
4 4
4 5
4 4
4 3
3 3
2 3
3 3
3 2
3 3
4 3
3 3
2 3
3 3
4 3
4 2
5 2
5 1
5 0
4 0
4 1
4 2
4 3
3 3
2 3
2 2
3 2
4 2
4 1
4 2
3 2
3 3
3 4
3 3
3 4
3 5
2 5
1 5
1 4
1 5
1 6
1 7
1 8
1 9
0 9
0 8
1 8
1 7
2 7
2 8
3 8
4 8
4 7
5 7
4 7
4 6
4 5
4 6
3 6
3 7
2 7
1 7
1 8
1 7
2 7
3 7
2 7
2 6
1 6
0 6
1 6
1 5
1 6
1 7
2 7
2 6
3 6
2 6
2 5
1 5
0 5
0 4
0 3
1 3
1 2
1 3
1 2
1 1
0 1
1 1
2 1
1 1
2 1
2 0
2 1
2 2
2 3
2 2
2 3
3 3
2 3
2 2
2 1
1 1
1 2
1 1
2 1
2 2
2 3
2 4
2 5
2 6
2 5
3 5
3 6
3 7
4 7
3 7
4 7
3 7
3 6
3 5
2 5
1 5
0 5
1 5
1 6
1 5
0 5
1 5
1 6
2 6
2 7
2 8
2 9
2 8
2 9
1 9
0 9
1 9
1 8
0 8
0 9
0 10
1 10
1 9
1 10
0 10
0 9
0 10
1 10
1 9
1 10
2 10
2 9
3 9
2 9
2 8
2 7
2 8
1 8
1 7
1 8
1 9
0 9
1 9
2 9
3 9
4 9
4 8
4 7
4 6
5 6
5 5
6 5
6 6
7 6
8 6
8 5
9 5
9 6
9 7
9 8
10 8
9 8
9 9
8 9
8 8
9 8
9 7
9 6
9 5
8 5
9 5
9 6
10 6
11 6
11 7
10 7
9 7
9 6
9 5
8 5
8 6
9 6
9 7
9 8
9 9
9 8
10 8
10 7
9 7
9 6
9 7
10 7
9 7
9 6
9 7
10 7
9 7
9 6
9 7
9 8
8 8
9 8
9 9
8 9
8 10
7 10
7 9
8 9
8 10
8 11
8 10
9 10
9 9
9 10
9 9
10 9
11 9
12 9
12 8
11 8
11 7
11 8
12 8
13 8
13 9
12 9
11 9
11 8
11 7
12 7
12 6
13 6
13 7
13 6
13 5
14 5
15 5
15 6
14 6
14 7
14 8
14 9
14 8
15 8
16 8
16 7
16 6
16 5
16 4
17 4
18 4
19 4
19 5
19 6
19 7
20 7
20 8
19 8
19 9
20 9
19 9
20 9
20 10
20 9
19 9
19 10
19 11
19 12
19 13
19 12
19 11
19 10
20 10
19 10
19 9
19 10
19 11
18 11
17 11
17 12
18 12
18 13
17 13
17 14
17 15
17 16
17 17
17 16
17 17
18 17
19 17
19 18
20 18
19 18
19 17
19 18
18 18
17 18
16 18
16 17
16 18
16 17
16 18
16 17
16 18
15 18
14 18
15 18
15 19
15 20
15 21
15 20
16 20
17 20
18 20
18 19
19 19
19 20
19 19
18 19
18 20
18 21
17 21
18 21
18 20
18 21
18 22
18 21
19 21
18 21
19 21
18 21
19 21
20 21
19 21
18 21
19 21
20 21
20 22
20 23
20 24
20 25
21 25
22 25
22 24
22 25
22 24
21 24
21 23
21 22
20 22
19 22
18 22
18 23
19 23
19 22
20 22
19 22
18 22
18 23
18 24
18 25
19 25
20 25
20 24
20 25
19 25
18 25
19 25
20 25
21 25
20 25
20 24
20 23
21 23
21 22
21 23
20 23
20 24
21 24
20 24
20 25
20 24
20 25
19 25
19 26
18 26
18 27
17 27
18 27
18 26
18 25
19 25
19 26
19 27
20 27
21 27
20 27
20 26
21 26
21 27
21 28
22 28
21 28
21 29
20 29
20 28
21 28
21 27
21 26
21 25
21 24
21 25
22 25
22 26
22 25
23 25
22 25
23 25
23 24
24 24
24 23
25 23
25 22
25 21
24 21
24 20
23 20
24 20
24 21
24 20
23 20
23 19
24 19
24 18
24 19
24 18
24 19
23 19
23 20
23 19
24 19
25 19
24 19
23 19
22 19
23 19
23 20
23 19
22 19
22 20
22 21
22 20
21 20
20 20
20 19
21 19
21 20
21 19
20 19
21 19
21 18
21 17
21 16
22 16
22 15
22 16
22 15
23 15
23 16
24 16
25 16
26 16
26 17
27 17
27 18
26 18
25 18
25 17
25 16
25 15
25 14
26 14
26 15
25 15
25 14
26 14
26 15
27 15
27 16
27 15
28 15
28 14
29 14
29 15
30 15
30 14
30 13
30 14
29 14
29 15
29 16
28 16
28 17
28 16
28 15
28 14
27 14
28 14
28 15
28 16
29 16
28 16
29 16
29 15
28 15
29 15
29 16
29 15
29 14
29 15
28 15
29 15
29 16
29 17
30 17
31 17
31 16
32 16
32 17
31 17
31 18
31 17
31 18
32 18
33 18
33 17
33 16
33 17
33 18
33 19
34 19
35 19
35 18
36 18
35 18
36 18
36 17
35 17
34 17
34 18
33 18
33 17
33 16
34 16
33 16
33 15
34 15
34 16
33 16
34 16
34 15
33 15
32 15
32 16
31 16
31 17
30 17
29 17
29 16
29 15
30 15
30 16
31 16
32 16
33 16
33 17
32 17
31 17
32 17
33 17
32 17
32 18
33 18
34 18
33 18
32 18
32 17
32 16
31 16
32 16
33 16
33 15
33 14
34 14
35 14
35 13
36 13
36 14
37 14
37 13
37 12
38 12
37 12
38 12
38 13
38 12
38 13
39 13
39 14
40 14
40 15
40 14
41 14
40 14
40 13
39 13
39 14
38 14
37 14
37 15
37 14
36 14
35 14
35 15
35 14
36 14
36 13
36 14
37 14
37 15
38 15
38 14
39 14
39 15
39 16
39 15
40 15
39 15
39 14
40 14
39 14
40 14
41 14
40 14
41 14
41 13
40 13
41 13
42 13
42 14
42 15
42 14
42 15
41 15
41 16
41 15
41 16
41 17
41 16
42 16
41 16
41 17
41 16
41 15
40 15
41 15
41 14
41 13
41 14
42 14
42 13
43 13
43 12
44 12
44 13
44 14
45 14
44 14
43 14
43 13
44 13
45 13
44 13
43 13
43 14
43 15
42 15
43 15
42 15
42 16
41 16
41 17
41 18
40 18
40 17
41 17
42 17
42 18
42 17
42 16
42 17
43 17
42 17
42 16
43 16
44 16
44 15
44 14
44 15
43 15
44 15
44 16
43 16
42 16
42 17
42 16
43 16
44 16
44 17
44 18
44 17
44 18
43 18
44 18
44 17
44 16
45 16
44 16
44 15
44 14
45 14
45 15
46 15
46 14
46 15
46 14
46 13
46 12
45 12
45 11
44 11
45 11
45 12
45 13
46 13
47 13
47 12
48 12
48 11
47 11
48 11
48 12
47 12
46 12
45 12
45 11
45 10
46 10
47 10
47 9
47 8
47 9
47 8
47 7
47 8
47 7
47 8
47 9
48 9
47 9
46 9
46 8
46 9
45 9
44 9
44 10
44 11
44 12
45 12
45 11
45 10
45 11
46 11
47 11
47 12
47 13
46 13
46 14
46 15
46 16
45 16
44 16
44 17
44 16
44 17
44 16
43 16
43 15
44 15
44 14
43 14
43 13
43 14
44 14
45 14
45 13
46 13
45 13
45 12
46 12
45 12
46 12
47 12
48 12
49 12
49 11
49 10
48 10
47 10
48 10
48 9
49 9
49 10
50 10
49 10
50 10
49 10
48 10
49 10
49 9
49 10
49 9
49 10
48 10
47 10
48 10
48 9
47 9
48 9
49 9
49 8
48 8
47 8
46 8
46 7
47 7
46 7
46 8
45 8
45 7
46 7
47 7
48 7
49 7
48 7
47 7
47 6
47 7
47 6
47 7
47 6
47 5
47 6
47 5
47 6
48 6
48 7
48 8
48 7
47 7
47 6
46 6
46 5
46 6
46 5
45 5
44 5
43 5
44 5
44 4
44 5
45 5
45 6
45 7
46 7
45 7
44 7
44 8
43 8
44 8
44 9
45 9
45 10
46 10
46 9
46 10
46 9
47 9
47 8
46 8
46 9
45 9
44 9
44 10
43 10
42 10
42 9
42 8
41 8
41 7
42 7
42 6
42 5
42 4
43 4
42 4
41 4
41 3
41 2
41 3
41 2
41 3
42 3
43 3
43 4
44 4
44 3
45 3
44 3
44 2
44 3
44 2
45 2
