0 0
0 1
0 0
1 0
1 1
0 1
1 1
0 1
1 1
1 2
0 2
0 1
1 1
0 1
1 1
2 1
1 1
2 1
2 2
1 2
2 2
2 1
3 1
3 2
2 2
1 2
2 2
2 3
1 3
2 3
2 2
1 2
1 3
0 3
1 3
2 3
3 3
3 2
4 2
5 2
6 2
7 2
8 2
9 2
8 2
9 2
9 1
10 1
9 1
9 0
8 0
9 0
8 0
8 1
7 1
8 1
8 0
9 0
9 1
9 0
8 0
9 0
9 1
8 1
9 1
9 0
9 1
10 1
10 2
10 3
10 2
11 2
11 3
10 3
9 3
8 3
7 3
8 3
8 2
7 2
8 2
8 1
8 2
9 2
10 2
10 3
9 3
10 3
9 3
8 3
9 3
9 2
9 1
8 1
9 1
9 0
9 1
9 2
9 3
9 2
10 2
9 2
10 2
10 1
11 1
11 0
12 0
12 1
12 2
13 2
13 1
13 2
13 1
13 0
13 1
12 1
13 1
14 1
14 0
14 1
14 2
15 2
14 2
14 3
13 3
14 3
15 3
16 3
16 2
15 2
16 2
15 2
16 2
16 1
15 1
14 1
14 0
15 0
15 1
15 2
15 3
16 3
15 3
15 4
14 4
15 4
14 4
14 3
14 4
15 4
14 4
15 4
15 5
15 6
14 6
15 6
15 5
16 5
16 6
17 6
16 6
17 6
17 5
17 6
16 6
17 6
17 7
17 6
16 6
16 5
15 5
16 5
15 5
15 6
14 6
14 7
14 6
15 6
15 5
16 5
16 6
15 6
16 6
17 6
16 6
16 5
16 4
16 3
17 3
16 3
16 4
17 4
17 3
18 3
19 3
18 3
18 2
18 1
18 0
18 1
19 1
19 0
19 1
20 1
20 2
21 2
22 2
22 1
22 2
22 1
22 2
21 2
21 1
21 2
22 2
21 2
20 2
20 1
19 1
20 1
20 0
21 0
21 1
21 2
21 1
21 0
21 1
20 1
20 0
19 0
18 0
17 0
17 1
17 0
17 1
17 2
17 3
17 4
17 5
18 5
19 5
19 4
19 3
19 4
19 3
19 4
19 5
19 4
18 4
18 3
18 4
19 4
18 4
19 4
19 5
18 5
18 6
19 6
19 5
20 5
21 5
22 5
23 5
24 5
23 5
24 5
23 5
24 5
24 4
23 4
23 5
23 6
23 5
23 4
22 4
22 5
21 5
20 5
20 6
19 6
20 6
21 6
22 6
22 5
23 5
24 5
25 5
25 6
26 6
25 6
24 6
23 6
24 6
23 6
23 7
23 8
22 8
22 7
22 8
22 9
21 9
21 10
21 11
22 11
23 11
22 11
22 12
22 11
22 12
22 11
22 10
23 10
23 11
22 11
22 12
22 13
22 14
22 13
23 13
23 14
23 15
23 14
22 14
21 14
22 14
22 13
23 13
22 13
21 13
22 13
21 13
22 13
22 12
22 13
21 13
22 13
21 13
20 13
19 13
19 12
19 11
19 10
20 10
21 10
21 9
22 9
22 10
23 10
23 11
23 12
23 11
23 12
23 11
23 12
23 13
23 12
22 12
23 12
24 12
25 12
26 12
25 12
25 11
25 10
26 10
26 11
25 11
25 10
25 9
25 10
26 10
27 10
26 10
26 11
27 11
27 12
26 12
26 13
26 14
25 14
26 14
25 14
25 13
25 12
26 12
25 12
26 12
25 12
26 12
26 13
25 13
26 13
26 14
25 14
25 15
24 15
24 14
24 13
25 13
25 12
25 13
25 14
25 15
26 15
25 15
25 16
24 16
23 16
22 16
23 16
23 17
24 17
24 16
25 16
24 16
24 15
24 14
24 15
23 15
23 16
24 16
25 16
25 17
24 17
23 17
23 18
22 18
23 18
22 18
23 18
22 18
22 19
22 20
23 20
24 20
25 20
24 20
24 19
24 20
25 20
26 20
25 20
24 20
25 20
25 19
26 19
25 19
25 18
26 18
26 17
25 17
24 17
24 18
25 18
25 19
25 18
26 18
25 18
24 18
23 18
24 18
25 18
26 18
25 18
25 19
24 19
23 19
23 20
23 19
23 18
22 18
22 17
21 17
21 18
20 18
20 19
21 19
20 19
20 20
20 19
20 20
20 19
20 18
21 18
22 18
21 18
21 19
21 18
21 17
22 17
23 17
23 16
22 16
22 15
22 14
22 15
22 14
21 14
21 15
22 15
23 15
23 14
24 14
23 14
23 13
24 13
25 13
25 14
24 14
24 13
25 13
24 13
24 12
24 11
24 10
24 11
23 11
23 10
23 9
23 8
23 7
23 8
23 7
22 7
21 7
21 8
20 8
20 9
19 9
19 8
20 8
21 8
22 8
22 7
22 8
22 9
21 9
22 9
22 10
22 11
23 11
24 11
23 11
23 10
22 10
22 11
22 12
21 12
21 13
22 13
22 14
22 15
21 15
20 15
20 16
20 15
20 16
19 16
18 16
18 17
17 17
16 17
17 17
16 17
17 17
16 17
15 17
16 17
16 16
16 17
16 16
15 16
15 15
14 15
15 15
16 15
17 15
17 14
16 14
15 14
16 14
15 14
15 15
16 15
16 16
16 15
17 15
16 15
17 15
16 15
15 15
16 15
15 15
14 15
14 14
15 14
15 15
14 15
13 15
13 14
13 15
13 16
13 17
12 17
12 16
12 17
12 18
12 19
12 20
11 20
12 20
12 21
11 21
12 21
12 22
12 23
12 24
13 24
14 24
15 24
15 23
16 23
16 24
15 24
15 23
15 24
16 24
17 24
17 23
16 23
16 24
16 23
16 24
16 25
16 24
17 24
17 25
16 25
15 25
14 25
15 25
15 24
15 23
15 22
16 22
16 21
16 22
16 23
16 24
16 25
16 24
16 25
15 25
16 25
15 25
14 25
14 26
14 27
13 27
14 27
15 27
16 27
16 28
16 27
17 27
17 28
16 28
17 28
17 27
18 27
19 27
19 28
19 27
18 27
18 28
18 29
18 30
18 31
17 31
16 31
15 31
15 30
14 30
15 30
14 30
14 29
14 30
13 30
13 31
14 31
13 31
14 31
15 31
16 31
17 31
18 31
17 31
17 32
17 31
17 32
17 31
18 31
19 31
19 32
20 32
21 32
21 31
20 31
20 30
20 29
20 30
21 30
21 31
22 31
22 30
22 31
21 31
21 30
20 30
19 30
20 30
20 31
20 32
20 33
20 32
19 32
19 33
18 33
18 34
18 35
18 36
18 37
18 36
17 36
16 36
16 37
15 37
15 36
14 36
14 35
15 35
16 35
17 35
18 35
18 36
19 36
19 37
19 36
18 36
17 36
17 37
16 37
16 36
17 36
17 35
17 36
16 36
16 37
15 37
15 38
14 38
14 39
15 39
15 40
14 40
13 40
12 40
12 41
13 41
13 40
13 39
14 39
14 38
14 37
14 36
15 36
14 36
15 36
14 36
14 37
15 37
16 37
15 37
15 36
15 35
14 35
13 35
13 36
12 36
13 36
14 36
13 36
13 35
12 35
12 34
11 34
10 34
9 34
9 35
8 35
8 34
8 35
7 35
7 34
8 34
8 35
8 34
9 34
10 34
10 35
10 34
9 34
8 34
7 34
7 35
7 34
6 34
7 34
8 34
8 33
8 32
7 32
6 32
6 31
6 30
6 29
7 29
6 29
7 29
7 28
6 28
6 29
6 28
7 28
7 27
7 28
6 28
5 28
5 27
6 27
5 27
5 26
6 26
7 26
6 26
5 26
6 26
6 25
6 24
6 25
6 26
6 27
6 26
6 25
6 26
6 25
6 24
5 24
6 24
6 23
6 22
5 22
5 21
6 21
6 22
7 22
7 23
7 24
6 24
6 23
5 23
4 23
4 22
4 21
3 21
4 21
3 21
3 20
3 19
3 20
3 19
2 19
3 19
4 19
4 18
3 18
3 19
3 20
3 19
4 19
4 20
5 20
5 21
6 21
6 20
5 20
5 19
5 20
4 20
5 20
5 19
5 18
5 19
4 19
3 19
3 20
4 20
4 21
5 21
5 22
5 21
4 21
4 22
5 22
5 21
4 21
4 20
3 20
3 19
3 18
3 17
4 17
5 17
6 17
6 18
6 17
6 16
6 15
7 15
7 16
8 16
7 16
7 17
8 17
8 18
7 18
8 18
7 18
7 19
8 19
8 18
7 18
8 18
8 19
8 20
9 20
8 20
9 20
9 21
9 22
10 22
9 22
10 22
11 22
11 23
11 22
11 23
10 23
11 23
11 22
11 23
11 22
11 21
11 20
12 20
11 20
12 20
11 20
11 19
12 19
12 20
12 19
13 19
14 19
14 20
14 21
14 22
13 22
13 23
13 24
14 24
13 24
14 24
13 24
14 24
14 23
15 23
15 24
15 23
15 24
15 23
15 24
15 25
14 25
14 24
15 24
15 25
15 26
15 25
15 24
