0 0
1 0
1 1
1 2
1 1
2 1
2 0
3 0
3 1
3 0
2 0
3 0
3 1
3 2
2 2
2 1
2 2
2 1
3 1
3 0
3 1
4 1
5 1
5 2
5 1
5 0
5 1
6 1
7 1
6 1
6 0
6 1
7 1
7 0
7 1
8 1
7 1
6 1
6 0
6 1
6 0
5 0
6 0
5 0
4 0
3 0
3 1
2 1
2 2
3 2
4 2
3 2
3 3
3 4
3 3
3 2
2 2
1 2
0 2
0 1
1 1
1 2
1 3
2 3
2 4
2 5
3 5
3 6
3 7
3 8
4 8
3 8
3 9
3 10
2 10
2 9
3 9
3 8
3 7
3 6
3 5
3 6
4 6
3 6
3 5
2 5
1 5
2 5
1 5
0 5
1 5
0 5
0 4
1 4
2 4
3 4
3 5
4 5
5 5
6 5
5 5
6 5
6 6
6 7
6 6
7 6
7 7
7 8
7 9
7 10
6 10
6 11
6 12
6 11
6 10
5 10
5 9
5 10
6 10
7 10
7 9
7 10
7 11
6 11
6 10
6 11
5 11
4 11
4 10
3 10
2 10
2 9
3 9
3 10
2 10
2 9
2 8
2 7
3 7
3 6
3 7
4 7
3 7
3 6
4 6
4 5
5 5
4 5
4 6
5 6
5 7
5 8
4 8
5 8
5 9
6 9
5 9
5 10
4 10
3 10
3 11
3 12
2 12
2 13
1 13
1 14
1 15
1 16
2 16
3 16
4 16
3 16
4 16
4 17
4 16
4 17
4 16
5 16
6 16
7 16
6 16
5 16
5 17
4 17
3 17
3 16
3 17
2 17
3 17
3 18
3 19
3 18
4 18
4 19
4 20
4 21
3 21
2 21
3 21
4 21
4 22
5 22
5 21
5 20
6 20
6 19
5 19
4 19
5 19
5 18
5 17
5 18
6 18
6 17
6 16
5 16
6 16
6 17
7 17
6 17
5 17
5 16
4 16
3 16
4 16
4 15
4 14
3 14
3 15
3 14
3 13
3 14
4 14
4 15
3 15
3 16
3 17
3 16
2 16
2 15
3 15
2 15
1 15
1 14
1 13
0 13
1 13
2 13
1 13
2 13
1 13
2 13
1 13
1 14
1 15
1 14
0 14
0 13
1 13
1 14
1 15
2 15
1 15
1 16
1 17
0 17
1 17
2 17
2 18
3 18
3 19
3 20
4 20
4 21
4 20
4 21
4 20
4 19
5 19
5 20
5 21
5 22
5 21
5 22
6 22
7 22
6 22
6 23
6 22
7 22
6 22
5 22
6 22
6 23
5 23
6 23
6 22
6 23
6 24
5 24
4 24
5 24
5 25
5 24
4 24
3 24
4 24
3 24
4 24
5 24
5 25
6 25
6 24
5 24
4 24
4 25
5 25
5 24
6 24
6 25
6 26
5 26
5 27
6 27
5 27
5 28
4 28
4 27
3 27
3 26
2 26
3 26
3 27
3 26
3 27
3 26
2 26
1 26
1 27
1 28
1 27
2 27
1 27
1 28
0 28
1 28
2 28
1 28
0 28
1 28
2 28
2 29
3 29
2 29
3 29
4 29
4 30
3 30
4 30
4 29
4 28
5 28
5 27
5 26
6 26
6 25
5 25
5 26
4 26
5 26
6 26
6 27
6 28
7 28
6 28
5 28
4 28
4 29
5 29
5 30
5 31
5 30
6 30
7 30
7 29
7 28
7 27
6 27
5 27
5 28
5 29
6 29
7 29
8 29
9 29
8 29
7 29
7 28
8 28
7 28
6 28
6 27
6 26
6 27
6 26
6 25
6 24
6 23
6 24
5 24
5 23
5 22
5 23
4 23
5 23
4 23
5 23
5 24
6 24
6 23
7 23
7 22
7 23
8 23
7 23
7 22
6 22
6 23
7 23
8 23
8 24
7 24
6 24
5 24
5 23
5 22
5 21
6 21
7 21
7 20
7 21
7 20
8 20
9 20
8 20
8 21
8 22
8 21
7 21
7 22
7 21
7 22
7 21
7 20
7 19
6 19
5 19
4 19
3 19
4 19
3 19
2 19
2 18
2 17
3 17
3 16
2 16
3 16
4 16
4 15
4 14
3 14
2 14
3 14
3 13
2 13
2 14
3 14
3 15
2 15
2 16
2 15
1 15
0 15
0 16
1 16
1 15
2 15
2 16
2 15
1 15
1 14
2 14
2 13
2 14
3 14
4 14
4 15
4 16
4 17
4 16
4 17
4 16
3 16
4 16
5 16
5 15
4 15
4 16
4 17
5 17
4 17
3 17
4 17
5 17
6 17
5 17
6 17
5 17
5 18
5 17
5 18
5 19
6 19
5 19
6 19
6 18
7 18
7 17
7 18
6 18
6 17
6 16
7 16
8 16
8 15
8 16
8 15
8 16
7 16
7 15
6 15
6 16
7 16
7 15
8 15
8 16
8 17
8 16
8 15
9 15
10 15
10 14
11 14
11 13
12 13
12 14
12 15
11 15
11 14
11 15
11 16
12 16
11 16
10 16
9 16
8 16
8 17
8 18
7 18
7 17
8 17
9 17
9 16
8 16
9 16
10 16
10 17
11 17
12 17
11 17
10 17
11 17
10 17
11 17
11 16
11 17
10 17
9 17
8 17
8 16
8 15
9 15
10 15
10 14
9 14
9 15
8 15
7 15
8 15
8 16
9 16
8 16
7 16
8 16
8 17
8 18
7 18
7 19
7 20
6 20
5 20
6 20
6 19
6 20
6 19
7 19
7 20
7 21
7 20
7 21
7 20
7 19
8 19
8 18
8 19
8 18
9 18
9 17
9 18
9 19
10 19
9 19
10 19
11 19
12 19
13 19
12 19
12 20
12 19
12 20
12 19
12 18
12 19
12 20
12 19
12 18
13 18
14 18
14 19
14 20
13 20
12 20
11 20
10 20
11 20
10 20
10 21
9 21
9 20
10 20
11 20
12 20
12 21
11 21
10 21
9 21
9 22
9 23
9 24
9 23
9 24
10 24
9 24
8 24
8 23
9 23
9 22
9 21
9 22
10 22
10 23
10 22
11 22
12 22
13 22
13 21
13 22
12 22
12 21
13 21
14 21
14 22
14 21
13 21
12 21
12 22
12 21
11 21
11 22
11 21
12 21
12 22
12 23
13 23
12 23
11 23
11 24
11 23
11 24
11 23
12 23
12 24
13 24
13 23
13 24
13 23
13 22
13 21
13 22
13 21
13 22
13 21
13 22
14 22
14 23
14 24
14 23
14 24
14 25
14 26
14 25
14 26
14 25
15 25
14 25
14 24
14 23
13 23
12 23
13 23
13 24
14 24
15 24
16 24
16 23
17 23
16 23
16 22
16 21
17 21
16 21
16 22
16 21
16 20
17 20
17 19
17 20
18 20
19 20
20 20
20 21
20 20
20 19
20 20
21 20
22 20
22 19
22 18
22 17
22 18
22 19
22 18
23 18
23 19
23 18
24 18
23 18
22 18
22 19
23 19
23 20
23 19
23 18
24 18
24 17
24 18
25 18
24 18
23 18
24 18
25 18
24 18
24 17
25 17
25 16
24 16
24 15
25 15
25 14
25 15
25 14
26 14
27 14
27 15
27 16
27 15
27 16
27 15
27 14
27 15
27 16
27 15
28 15
29 15
30 15
31 15
31 14
30 14
31 14
31 15
31 16
32 16
31 16
30 16
31 16
30 16
29 16
30 16
30 15
31 15
31 14
31 15
31 16
30 16
31 16
32 16
33 16
33 15
33 14
33 15
34 15
33 15
33 16
33 15
33 14
33 15
33 16
34 16
34 15
35 15
35 14
35 15
35 14
34 14
35 14
35 15
35 14
34 14
34 13
34 14
33 14
34 14
34 13
33 13
34 13
35 13
36 13
36 12
37 12
38 12
38 11
38 10
38 11
38 10
39 10
40 10
41 10
41 11
40 11
41 11
41 10
40 10
41 10
41 9
41 8
41 9
42 9
42 8
42 7
42 8
41 8
40 8
39 8
40 8
41 8
40 8
41 8
41 7
42 7
43 7
44 7
44 8
44 7
45 7
45 6
45 7
44 7
44 8
43 8
43 9
43 8
42 8
42 7
42 8
42 7
42 8
41 8
42 8
42 9
41 9
41 8
41 7
40 7
40 8
40 7
40 8
39 8
38 8
38 7
38 8
38 7
37 7
37 6
37 7
38 7
37 7
36 7
36 8
37 8
37 7
37 6
37 5
38 5
37 5
38 5
38 4
39 4
38 4
38 3
37 3
37 4
36 4
36 5
36 4
36 5
36 4
37 4
38 4
37 4
38 4
38 3
38 4
38 5
38 6
38 5
37 5
37 4
38 4
37 4
37 5
38 5
37 5
38 5
39 5
39 6
39 5
39 4
39 3
39 4
39 3
39 4
40 4
40 5
40 4
39 4
40 4
40 5
40 6
40 7
40 8
39 8
39 9
39 10
39 9
39 10
39 9
39 10
39 11
39 12
