0 0
1 0
2 0
1 0
2 0
3 0
3 1
4 1
4 0
5 0
4 0
3 0
3 1
3 0
3 1
4 1
3 1
3 0
2 0
3 0
3 1
4 1
4 2
4 3
3 3
2 3
2 2
2 3
2 2
1 2
0 2
1 2
1 1
0 1
0 0
0 1
1 1
1 0
1 1
1 2
0 2
1 2
1 3
1 4
1 3
1 2
0 2
1 2
1 3
0 3
0 2
0 1
1 1
2 1
3 1
3 0
4 0
3 0
2 0
2 1
2 0
2 1
2 2
3 2
3 3
2 3
2 2
2 1
3 1
3 0
2 0
2 1
2 0
3 0
3 1
2 1
2 0
1 0
1 1
1 0
0 0
1 0
1 1
1 0
2 0
2 1
2 2
3 2
3 3
3 4
3 5
3 4
2 4
3 4
3 5
3 4
3 3
3 4
3 5
3 4
3 5
3 6
4 6
5 6
6 6
6 5
6 4
7 4
8 4
8 3
9 3
9 4
9 3
10 3
10 2
11 2
11 3
10 3
11 3
11 4
11 3
12 3
12 2
12 1
11 1
12 1
12 0
11 0
12 0
13 0
14 0
14 1
14 2
14 3
13 3
14 3
15 3
15 2
14 2
13 2
14 2
15 2
14 2
14 1
13 1
14 1
14 2
14 3
13 3
13 2
13 3
13 4
14 4
15 4
15 3
16 3
16 2
16 1
16 0
17 0
18 0
18 1
19 1
19 2
19 3
18 3
17 3
17 2
16 2
17 2
16 2
16 3
16 4
15 4
15 5
15 6
15 5
16 5
16 4
16 5
17 5
17 4
18 4
19 4
20 4
20 3
20 2
19 2
20 2
20 1
21 1
22 1
23 1
22 1
23 1
24 1
25 1
25 0
24 0
23 0
22 0
22 1
22 2
22 1
22 0
23 0
24 0
25 0
26 0
26 1
26 0
26 1
25 1
25 0
26 0
26 1
26 0
27 0
28 0
27 0
27 1
27 2
26 2
26 3
27 3
27 2
27 1
28 1
28 0
27 0
26 0
27 0
27 1
26 1
27 1
26 1
27 1
28 1
28 0
28 1
28 2
28 1
27 1
26 1
25 1
26 1
27 1
27 2
26 2
26 1
26 0
26 1
26 0
25 0
24 0
25 0
24 0
23 0
23 1
22 1
23 1
24 1
24 0
23 0
24 0
24 1
24 2
25 2
25 1
26 1
25 1
24 1
24 2
24 1
24 2
24 1
24 0
24 1
24 0
23 0
23 1
23 0
22 0
22 1
21 1
21 2
22 2
21 2
21 3
21 2
22 2
23 2
23 1
23 0
23 1
23 2
23 1
24 1
24 2
24 1
23 1
22 1
22 2
23 2
23 3
23 4
23 5
24 5
24 6
23 6
23 5
24 5
25 5
26 5
25 5
25 4
25 3
26 3
26 4
26 5
25 5
26 5
27 5
26 5
26 6
27 6
27 7
28 7
29 7
29 6
28 6
27 6
27 5
27 6
28 6
29 6
28 6
29 6
29 7
30 7
31 7
30 7
31 7
32 7
31 7
32 7
32 6
31 6
31 5
32 5
32 4
32 3
32 4
32 5
32 6
32 7
33 7
33 6
32 6
32 7
32 6
31 6
32 6
31 6
32 6
31 6
31 5
32 5
32 4
32 5
33 5
33 4
34 4
34 5
34 6
33 6
33 7
34 7
35 7
35 8
34 8
33 8
33 7
32 7
32 6
32 5
33 5
34 5
34 6
34 5
33 5
33 4
33 3
34 3
33 3
32 3
33 3
33 4
32 4
31 4
31 5
32 5
32 6
33 6
34 6
34 5
34 4
34 3
35 3
35 4
35 5
34 5
35 5
34 5
34 6
34 7
34 8
33 8
33 9
33 10
34 10
33 10
32 10
32 9
32 8
32 9
32 10
31 10
32 10
32 9
32 8
33 8
34 8
34 7
34 6
34 7
34 8
35 8
35 9
35 10
34 10
34 11
35 11
35 12
34 12
34 11
34 10
34 11
33 11
33 10
33 11
32 11
32 12
33 12
33 11
32 11
32 12
31 12
30 12
30 11
29 11
29 12
28 12
27 12
28 12
29 12
29 13
30 13
30 14
30 13
31 13
31 14
32 14
33 14
33 15
33 14
33 13
32 13
32 12
32 11
31 11
32 11
31 11
31 10
32 10
32 11
32 12
32 13
32 12
32 13
33 13
33 12
32 12
32 13
31 13
31 14
30 14
31 14
31 15
30 15
29 15
28 15
29 15
28 15
27 15
26 15
25 15
24 15
23 15
23 16
22 16
22 17
22 18
21 18
20 18
20 19
19 19
18 19
18 18
17 18
18 18
19 18
19 19
18 19
18 18
17 18
18 18
17 18
16 18
16 19
16 20
16 21
15 21
16 21
17 21
17 22
16 22
16 21
17 21
17 22
16 22
15 22
15 23
16 23
17 23
16 23
16 22
16 23
16 22
16 21
15 21
15 22
14 22
14 21
14 20
14 19
14 18
14 19
14 18
13 18
12 18
13 18
12 18
12 17
12 18
13 18
12 18
12 19
12 20
11 20
11 19
11 18
11 17
12 17
13 17
12 17
13 17
14 17
14 16
14 15
13 15
13 16
13 17
13 16
13 17
12 17
12 18
12 19
12 20
11 20
11 21
10 21
10 20
11 20
10 20
9 20
9 19
8 19
7 19
7 18
7 19
6 19
6 18
5 18
5 19
4 19
4 18
3 18
2 18
2 17
1 17
2 17
2 16
2 15
1 15
1 14
0 14
1 14
2 14
2 13
2 12
2 13
3 13
3 14
3 15
3 14
4 14
3 14
3 13
3 12
3 13
3 14
3 15
4 15
3 15
4 15
4 16
3 16
4 16
4 15
5 15
4 15
4 16
4 15
4 16
4 17
5 17
4 17
3 17
3 16
4 16
3 16
3 17
4 17
4 18
3 18
4 18
4 19
5 19
6 19
6 20
5 20
5 21
5 22
6 22
6 21
6 20
6 21
7 21
6 21
5 21
5 20
6 20
6 21
5 21
5 20
5 19
6 19
5 19
6 19
7 19
8 19
8 18
9 18
10 18
10 17
10 18
10 17
10 18
9 18
8 18
9 18
9 17
8 17
7 17
6 17
5 17
5 18
4 18
4 19
4 20
3 20
2 20
1 20
0 20
1 20
1 21
0 21
1 21
1 22
1 23
0 23
0 24
1 24
1 23
1 22
0 22
0 23
0 24
0 23
0 24
0 25
0 24
1 24
1 25
2 25
1 25
2 25
2 26
2 25
3 25
3 24
2 24
3 24
3 23
2 23
2 24
2 23
2 22
1 22
2 22
1 22
1 21
1 22
1 23
1 22
2 22
2 23
2 24
1 24
1 25
1 24
1 25
0 25
0 24
1 24
2 24
2 23
1 23
2 23
2 24
3 24
3 23
3 24
3 23
4 23
3 23
3 22
4 22
5 22
5 23
4 23
5 23
6 23
5 23
6 23
5 23
4 23
5 23
4 23
3 23
4 23
4 22
4 21
4 22
5 22
4 22
4 23
4 22
3 22
3 21
2 21
3 21
3 20
3 19
4 19
5 19
5 20
5 19
6 19
6 18
6 17
6 18
7 18
7 17
7 18
7 19
7 20
7 19
7 20
7 21
7 22
6 22
7 22
8 22
9 22
8 22
9 22
9 23
10 23
10 24
9 24
10 24
9 24
10 24
10 23
10 24
10 25
11 25
11 24
11 25
12 25
13 25
13 24
13 25
14 25
14 26
14 27
15 27
16 27
16 26
16 27
16 26
15 26
15 25
15 26
15 25
14 25
15 25
14 25
13 25
13 24
13 25
13 26
13 27
14 27
14 28
14 29
14 28
15 28
15 29
14 29
15 29
16 29
16 30
15 30
14 30
14 31
14 30
14 31
13 31
12 31
12 32
11 32
11 33
12 33
11 33
11 34
10 34
10 35
9 35
10 35
10 36
9 36
10 36
11 36
12 36
12 35
13 35
12 35
13 35
12 35
13 35
14 35
15 35
15 34
15 33
15 34
14 34
14 33
13 33
14 33
15 33
15 32
15 33
14 33
14 32
14 31
15 31
15 30
15 31
15 30
15 29
15 30
15 29
14 29
13 29
13 28
12 28
12 29
11 29
11 28
12 28
13 28
13 29
13 30
13 29
14 29
14 30
15 30
15 31
14 31
14 30
14 31
14 30
14 29
13 29
12 29
11 29
10 29
10 28
9 28
9 29
8 29
7 29
6 29
5 29
4 29
3 29
3 30
2 30
1 30
2 30
1 30
1 31
0 31
1 31
1 30
1 31
0 31
1 31
1 32
1 31
1 30
2 30
1 30
1 29
2 29
2 30
2 29
1 29
0 29
0 28
1 28
1 29
1 28
0 28
1 28
2 28
3 28
3 29
3 28
3 29
3 30
2 30
3 30
3 29
2 29
1 29
2 29
2 28
1 28
2 28
2 27
2 28
1 28
2 28
2 29
1 29
1 30
