0 0
0 1
1 1
1 0
2 0
1 0
1 1
1 0
0 0
0 1
1 1
0 1
0 2
0 1
0 0
1 0
2 0
2 1
2 0
2 1
2 2
2 3
3 3
3 4
3 5
3 6
2 6
3 6
3 7
3 8
2 8
2 7
3 7
3 6
3 5
2 5
1 5
1 6
2 6
2 5
3 5
3 6
2 6
2 5
2 4
2 3
3 3
2 3
2 2
2 1
2 0
2 1
3 1
4 1
3 1
4 1
4 0
5 0
6 0
6 1
7 1
8 1
7 1
8 1
9 1
9 2
9 1
9 0
10 0
10 1
10 0
11 0
11 1
10 1
10 2
10 1
10 2
9 2
10 2
9 2
9 1
10 1
10 2
9 2
8 2
7 2
7 1
7 0
7 1
7 0
8 0
9 0
9 1
10 1
11 1
10 1
10 2
10 3
11 3
10 3
11 3
11 4
11 5
12 5
13 5
13 6
13 7
13 6
14 6
15 6
15 7
16 7
17 7
17 6
17 5
17 4
18 4
18 3
19 3
19 2
18 2
18 3
19 3
18 3
17 3
17 4
18 4
17 4
18 4
17 4
16 4
17 4
18 4
19 4
18 4
18 3
18 4
19 4
18 4
18 5
18 6
18 5
17 5
16 5
16 6
16 5
16 4
17 4
17 5
17 6
17 5
17 4
18 4
17 4
18 4
19 4
18 4
18 3
19 3
19 4
18 4
17 4
18 4
18 5
18 6
18 7
17 7
17 8
17 7
17 6
17 7
17 8
16 8
17 8
17 7
17 8
18 8
18 9
18 10
18 11
17 11
17 12
18 12
18 13
18 14
18 15
18 16
18 17
17 17
17 18
17 17
17 16
17 15
16 15
16 16
17 16
17 17
17 18
18 18
17 18
17 17
17 18
16 18
16 19
16 20
17 20
16 20
16 19
16 20
16 19
15 19
15 20
15 21
15 22
16 22
15 22
15 23
15 22
15 23
15 24
16 24
15 24
16 24
16 25
17 25
17 24
16 24
16 23
16 24
15 24
15 23
16 23
16 24
17 24
17 23
16 23
15 23
15 24
15 25
16 25
15 25
16 25
15 25
15 26
15 27
16 27
15 27
15 28
14 28
13 28
13 27
14 27
15 27
14 27
13 27
13 28
13 27
12 27
12 28
12 27
11 27
12 27
12 26
12 25
12 24
13 24
14 24
15 24
16 24
16 25
15 25
15 26
15 25
16 25
16 24
16 25
16 24
16 25
17 25
17 24
18 24
18 25
19 25
18 25
19 25
20 25
20 24
20 23
19 23
18 23
18 24
19 24
19 25
19 26
19 27
19 26
20 26
20 27
20 26
19 26
19 25
19 24
18 24
17 24
17 25
16 25
16 24
16 25
16 26
16 27
17 27
16 27
15 27
15 28
16 28
16 29
17 29
18 29
18 30
19 30
19 31
19 30
19 31
18 31
18 32
18 33
19 33
18 33
17 33
17 32
17 33
16 33
17 33
17 32
16 32
16 33
16 32
16 31
17 31
17 30
17 31
17 32
18 32
19 32
19 33
19 34
18 34
18 33
18 34
17 34
17 33
18 33
19 33
20 33
20 32
21 32
22 32
22 31
21 31
21 30
20 30
20 31
21 31
22 31
22 32
22 33
23 33
22 33
22 32
22 33
22 32
21 32
21 33
21 32
21 31
21 30
21 29
21 30
20 30
19 30
19 29
19 30
19 29
19 30
20 30
19 30
20 30
21 30
21 31
21 30
21 31
20 31
20 32
19 32
19 33
19 32
20 32
20 31
20 30
19 30
19 31
19 30
20 30
21 30
20 30
20 31
21 31
22 31
21 31
20 31
21 31
22 31
21 31
21 30
21 29
22 29
22 28
21 28
21 29
21 30
20 30
19 30
20 30
19 30
20 30
19 30
18 30
17 30
17 31
18 31
17 31
17 30
17 31
16 31
15 31
14 31
14 30
14 29
13 29
13 30
12 30
11 30
10 30
11 30
11 29
11 30
10 30
11 30
11 29
11 28
12 28
12 27
11 27
10 27
11 27
11 28
10 28
11 28
11 27
11 26
10 26
10 27
10 26
10 27
11 27
11 28
10 28
10 27
11 27
11 26
10 26
9 26
10 26
9 26
9 25
9 24
10 24
10 23
9 23
8 23
8 24
8 25
7 25
6 25
6 26
6 25
6 26
7 26
7 25
7 26
8 26
8 25
8 26
9 26
9 27
10 27
9 27
9 28
8 28
8 29
7 29
6 29
6 28
5 28
6 28
5 28
5 29
5 28
5 27
5 28
6 28
6 27
6 26
5 26
6 26
6 27
7 27
8 27
8 28
9 28
9 29
10 29
10 30
10 29
10 30
9 30
9 29
9 28
8 28
8 29
8 30
7 30
7 29
7 30
8 30
8 31
8 32
8 33
8 32
8 33
9 33
10 33
10 32
11 32
11 31
11 32
10 32
11 32
11 31
11 32
11 33
10 33
10 34
10 33
11 33
11 32
11 31
11 30
11 31
11 32
11 33
10 33
9 33
8 33
8 32
7 32
7 33
8 33
8 32
8 33
8 32
7 32
8 32
8 33
8 34
7 34
7 33
7 34
8 34
7 34
7 35
7 34
7 33
7 32
6 32
7 32
8 32
8 33
8 34
8 33
9 33
10 33
11 33
10 33
11 33
11 32
11 31
11 30
11 31
10 31
11 31
10 31
9 31
9 32
8 32
7 32
6 32
6 31
6 30
6 31
6 30
6 31
6 30
6 29
6 28
7 28
7 29
7 28
7 29
8 29
7 29
8 29
9 29
9 28
9 29
8 29
8 28
8 27
8 28
9 28
9 27
10 27
10 26
10 27
11 27
11 28
11 27
10 27
10 26
10 25
10 24
10 23
10 22
9 22
9 23
9 22
8 22
7 22
8 22
8 23
9 23
10 23
9 23
9 22
8 22
7 22
6 22
7 22
6 22
5 22
5 21
5 20
4 20
4 19
4 20
5 20
4 20
4 19
3 19
3 18
3 17
2 17
3 17
3 18
4 18
5 18
5 19
4 19
3 19
3 18
4 18
4 19
3 19
4 19
3 19
3 18
3 19
4 19
4 20
4 19
3 19
3 20
4 20
4 21
4 20
3 20
3 21
3 22
3 21
3 22
3 21
2 21
2 20
1 20
0 20
1 20
2 20
1 20
0 20
1 20
1 19
2 19
2 18
3 18
3 19
3 18
3 17
4 17
4 16
5 16
5 15
4 15
4 14
3 14
4 14
5 14
4 14
3 14
4 14
3 14
3 13
3 12
2 12
3 12
3 11
4 11
4 12
4 13
5 13
4 13
4 14
4 13
4 14
5 14
4 14
4 15
5 15
6 15
6 14
6 15
7 15
7 14
8 14
8 13
7 13
8 13
7 13
7 14
7 15
7 16
6 16
6 17
6 16
5 16
4 16
4 15
3 15
4 15
5 15
6 15
7 15
7 16
7 15
6 15
6 14
6 15
6 14
5 14
6 14
6 13
6 12
7 12
8 12
9 12
9 13
8 13
9 13
8 13
8 14
8 13
9 13
8 13
9 13
8 13
8 12
8 13
7 13
7 12
7 11
7 12
8 12
8 13
8 14
8 15
7 15
6 15
6 16
5 16
5 15
4 15
4 14
3 14
4 14
5 14
5 15
5 14
5 15
5 14
4 14
4 13
4 12
4 13
4 14
4 15
5 15
4 15
4 14
5 14
5 15
6 15
6 16
6 15
5 15
5 16
6 16
7 16
6 16
6 17
7 17
7 16
8 16
8 15
9 15
10 15
10 16
9 16
8 16
8 17
9 17
8 17
8 16
7 16
8 16
8 17
7 17
8 17
8 18
9 18
9 19
9 18
9 19
9 18
10 18
9 18
9 17
8 17
8 16
7 16
6 16
5 16
5 17
6 17
6 16
6 17
6 18
6 17
6 16
7 16
7 17
7 18
7 19
7 18
7 19
7 18
6 18
5 18
6 18
6 17
5 17
6 17
6 18
6 17
7 17
8 17
7 17
6 17
7 17
7 16
8 16
9 16
10 16
10 15
11 15
11 14
10 14
11 14
11 13
11 12
10 12
10 11
10 12
10 13
11 13
10 13
10 12
10 13
9 13
10 13
10 14
11 14
11 15
11 16
12 16
12 17
13 17
12 17
13 17
13 18
13 17
14 17
15 17
15 18
15 19
16 19
16 18
17 18
18 18
19 18
19 19
20 19
21 19
22 19
23 19
23 18
24 18
24 19
24 18
24 17
23 17
22 17
21 17
22 17
23 17
23 18
22 18
22 19
22 20
22 21
23 21
23 20
24 20
24 19
24 20
25 20
25 19
25 18
25 19
26 19
25 19
25 20
25 21
26 21
26 22
25 22
24 22
25 22
24 22
24 21
24 22
24 23
25 23
24 23
23 23
23 24
23 23
24 23
24 22
24 21
23 21
23 22
24 22
23 22
24 22
24 23
25 23
25 22
24 22
24 21
24 20
25 20
