0 0
0 1
1 1
1 0
1 1
1 2
1 1
2 1
2 0
1 0
0 0
0 1
0 0
0 1
0 0
0 1
1 1
1 2
2 2
1 2
0 2
0 1
1 1
0 1
1 1
1 2
1 1
2 1
2 0
3 0
2 0
3 0
2 0
3 0
4 0
3 0
2 0
1 0
1 1
1 0
0 0
0 1
1 1
0 1
0 0
1 0
2 0
3 0
3 1
2 1
3 1
3 0
2 0
2 1
1 1
0 1
1 1
0 1
0 2
1 2
2 2
2 3
1 3
0 3
1 3
2 3
3 3
2 3
1 3
0 3
1 3
2 3
3 3
4 3
4 4
4 5
5 5
4 5
4 4
4 5
4 6
4 5
4 4
5 4
5 3
6 3
6 2
6 1
7 1
7 0
6 0
7 0
7 1
6 1
7 1
8 1
8 2
8 3
9 3
10 3
9 3
9 2
9 3
8 3
8 2
8 1
7 1
7 2
7 1
7 0
7 1
7 2
8 2
9 2
9 1
9 0
10 0
9 0
9 1
9 2
10 2
9 2
9 3
9 2
8 2
8 3
7 3
6 3
7 3
6 3
6 4
5 4
5 5
6 5
5 5
5 6
5 7
4 7
4 6
5 6
6 6
6 7
6 8
5 8
5 9
6 9
7 9
7 10
6 10
6 11
6 12
6 13
6 12
6 13
5 13
6 13
6 14
5 14
6 14
6 15
7 15
7 16
7 17
7 18
7 17
8 17
8 18
9 18
8 18
8 17
8 18
8 17
8 18
8 19
8 20
9 20
9 19
9 18
9 19
9 18
10 18
10 19
10 18
10 17
9 17
10 17
11 17
12 17
12 16
11 16
10 16
10 15
10 16
10 15
10 14
10 15
10 14
10 13
10 14
10 15
10 16
9 16
9 15
8 15
9 15
10 15
10 16
10 17
10 18
9 18
9 17
9 18
8 18
9 18
9 17
9 18
9 19
9 18
9 19
9 18
9 19
9 20
9 19
9 20
8 20
7 20
7 19
7 18
6 18
6 17
7 17
7 16
7 17
7 18
7 17
7 16
7 15
6 15
7 15
7 14
7 13
7 12
7 13
8 13
7 13
7 12
8 12
9 12
9 11
9 12
9 13
9 12
9 11
8 11
8 10
9 10
8 10
8 11
7 11
7 10
8 10
9 10
8 10
8 11
8 12
8 13
7 13
8 13
9 13
9 12
9 11
9 12
8 12
7 12
8 12
8 11
7 11
6 11
6 12
6 11
6 12
7 12
8 12
9 12
8 12
8 13
8 14
9 14
9 15
9 16
8 16
8 17
8 18
8 19
9 19
9 20
8 20
8 19
8 20
8 19
9 19
9 20
8 20
8 21
7 21
6 21
5 21
5 22
5 23
6 23
5 23
4 23
4 22
4 21
5 21
5 20
5 21
5 22
6 22
7 22
8 22
8 21
9 21
8 21
8 22
9 22
8 22
8 23
9 23
8 23
9 23
8 23
9 23
9 22
9 23
10 23
10 22
11 22
11 21
11 20
10 20
10 19
10 20
9 20
9 21
8 21
7 21
8 21
8 22
7 22
8 22
8 23
8 22
9 22
10 22
9 22
9 21
9 20
10 20
10 19
10 18
10 17
9 17
10 17
10 16
9 16
10 16
11 16
11 15
11 14
10 14
11 14
12 14
13 14
13 15
13 16
13 15
12 15
12 16
11 16
12 16
12 17
13 17
13 18
14 18
15 18
14 18
13 18
12 18
12 19
11 19
11 18
12 18
12 17
11 17
12 17
12 18
13 18
12 18
13 18
12 18
12 19
11 19
11 20
11 19
11 20
11 21
11 22
11 21
11 20
12 20
12 19
12 18
11 18
11 17
12 17
13 17
13 18
13 17
14 17
13 17
12 17
12 18
12 17
12 16
12 15
13 15
13 16
13 15
12 15
13 15
14 15
13 15
14 15
13 15
14 15
13 15
14 15
14 16
14 17
14 16
13 16
14 16
15 16
15 15
16 15
17 15
17 16
17 15
16 15
16 16
17 16
18 16
17 16
17 17
17 16
17 15
16 15
15 15
15 14
15 15
15 16
15 17
15 16
15 17
15 18
15 17
15 18
15 19
14 19
15 19
15 18
15 17
15 16
15 17
15 18
15 19
14 19
13 19
13 18
13 17
14 17
13 17
13 16
13 15
13 16
14 16
14 17
14 18
13 18
13 19
13 20
13 19
13 20
14 20
13 20
14 20
15 20
16 20
15 20
16 20
16 21
17 21
16 21
17 21
18 21
17 21
17 20
17 19
16 19
16 20
16 19
16 20
16 19
17 19
16 19
16 20
15 20
15 21
15 22
15 21
14 21
15 21
14 21
14 20
14 19
14 18
15 18
15 17
14 17
15 17
14 17
15 17
15 18
15 17
14 17
14 18
15 18
14 18
14 17
14 16
15 16
14 16
14 17
14 16
15 16
16 16
15 16
15 15
15 16
15 17
15 18
14 18
14 19
14 20
14 19
13 19
13 20
14 20
15 20
16 20
16 21
15 21
14 21
14 22
14 23
14 24
15 24
16 24
16 25
16 24
16 25
16 24
16 25
16 26
16 27
17 27
17 28
17 29
16 29
16 30
16 29
17 29
18 29
19 29
19 30
19 29
20 29
20 28
21 28
20 28
20 29
19 29
20 29
21 29
22 29
22 28
22 27
22 28
22 29
22 30
23 30
23 29
23 30
23 29
24 29
24 28
24 27
24 28
24 29
24 30
24 31
23 31
22 31
21 31
21 30
22 30
21 30
21 29
20 29
19 29
19 30
19 31
20 31
20 32
20 33
19 33
19 34
18 34
19 34
18 34
19 34
18 34
18 33
17 33
17 34
17 35
18 35
19 35
19 34
18 34
19 34
19 33
18 33
18 32
19 32
19 31
20 31
19 31
19 30
19 31
19 32
19 31
20 31
20 30
21 30
20 30
19 30
20 30
20 29
20 28
19 28
20 28
19 28
18 28
19 28
19 29
18 29
17 29
17 28
17 27
16 27
17 27
17 26
18 26
18 25
17 25
17 26
17 25
16 25
15 25
14 25
14 24
14 23
15 23
15 24
16 24
16 23
17 23
17 24
18 24
17 24
16 24
16 23
15 23
15 22
15 23
15 24
14 24
14 23
13 23
13 24
13 25
12 25
12 26
11 26
11 27
10 27
10 26
11 26
12 26
11 26
11 27
11 26
11 25
10 25
10 26
11 26
11 25
12 25
12 26
11 26
11 27
10 27
10 26
10 25
10 26
9 26
9 25
9 26
8 26
8 25
8 26
8 27
7 27
8 27
7 27
7 28
7 27
6 27
6 26
6 25
7 25
7 26
7 25
6 25
7 25
6 25
6 24
6 25
6 26
6 27
6 28
6 27
6 28
7 28
7 27
7 28
7 27
7 26
6 26
7 26
7 25
7 26
7 27
8 27
8 26
8 27
8 26
9 26
9 25
9 26
9 27
9 28
9 29
9 30
9 31
10 31
11 31
10 31
10 30
10 31
11 31
11 32
10 32
11 32
10 32
10 33
9 33
8 33
8 32
7 32
8 32
9 32
10 32
10 33
11 33
11 32
11 31
10 31
9 31
8 31
8 32
7 32
6 32
7 32
8 32
7 32
7 33
6 33
7 33
8 33
7 33
6 33
5 33
5 32
4 32
5 32
5 31
5 30
5 31
5 32
6 32
6 33
5 33
4 33
4 34
5 34
4 34
5 34
5 33
6 33
7 33
8 33
8 34
7 34
6 34
6 33
5 33
4 33
4 32
4 31
4 32
4 33
5 33
6 33
6 32
6 31
5 31
5 30
5 31
5 32
5 31
5 30
6 30
5 30
5 29
5 28
6 28
5 28
5 27
4 27
4 26
4 25
5 25
5 24
4 24
4 25
4 26
4 25
4 26
4 27
3 27
4 27
4 26
4 27
4 28
4 29
5 29
5 28
5 29
6 29
7 29
6 29
6 30
7 30
7 31
8 31
9 31
9 30
10 30
11 30
12 30
12 29
12 30
12 29
12 30
11 30
11 31
11 32
11 31
11 32
11 33
12 33
12 34
12 35
12 36
12 35
11 35
11 36
11 37
11 38
11 37
12 37
11 37
10 37
9 37
9 36
10 36
11 36
11 35
11 36
11 35
10 35
10 34
9 34
9 33
9 32
9 31
8 31
7 31
7 30
6 30
5 30
5 31
5 30
6 30
7 30
7 31
6 31
6 30
7 30
6 30
6 29
7 29
7 28
7 27
7 26
7 25
8 25
7 25
6 25
6 26
7 26
7 27
8 27
9 27
9 26
10 26
10 27
11 27
11 26
11 27
11 26
10 26
9 26
10 26
9 26
9 25
9 24
8 24
7 24
6 24
7 24
7 25
6 25
6 24
7 24
6 24
6 25
5 25
4 25
4 24
3 24
2 24
2 23
2 22
1 22
2 22
2 21
3 21
3 22
3 21
3 20
2 20
2 21
2 20
2 21
3 21
3 20
