0 0
0 1
0 2
1 2
0 2
0 3
0 4
0 3
1 3
1 2
0 2
0 3
0 4
0 3
1 3
2 3
2 2
3 2
4 2
4 3
4 2
4 3
4 2
3 2
2 2
1 2
1 3
1 2
0 2
0 1
1 1
1 2
0 2
1 2
2 2
3 2
2 2
1 2
1 1
2 1
2 0
3 0
3 1
3 0
3 1
2 1
2 2
2 1
3 1
3 2
2 2
2 3
1 3
1 2
0 2
1 2
0 2
0 3
1 3
2 3
2 2
3 2
2 2
3 2
2 2
1 2
1 1
2 1
2 2
2 3
2 4
3 4
4 4
4 3
4 2
3 2
4 2
4 3
4 4
3 4
3 5
4 5
4 4
4 5
4 6
5 6
5 7
5 8
6 8
6 7
7 7
6 7
5 7
5 6
4 6
3 6
3 5
4 5
5 5
5 4
6 4
7 4
7 3
8 3
7 3
6 3
6 4
6 5
6 6
7 6
7 7
7 8
7 7
7 6
7 7
8 7
9 7
8 7
9 7
8 7
9 7
9 6
8 6
8 5
8 6
7 6
7 5
6 5
7 5
7 6
8 6
8 7
9 7
9 6
10 6
11 6
11 7
10 7
11 7
10 7
11 7
12 7
11 7
10 7
10 8
10 9
10 8
10 9
10 8
11 8
12 8
12 7
12 8
12 9
11 9
11 10
10 10
10 11
10 10
10 9
10 8
10 7
9 7
10 7
10 8
9 8
8 8
8 9
7 9
8 9
9 9
10 9
11 9
12 9
11 9
10 9
11 9
11 10
11 9
12 9
12 8
13 8
13 7
12 7
12 8
11 8
11 7
11 8
11 7
11 8
11 9
10 9
9 9
9 10
9 11
9 12
10 12
10 11
10 12
9 12
9 13
8 13
8 14
9 14
9 15
9 16
8 16
7 16
6 16
6 15
6 14
6 15
5 15
6 15
6 14
5 14
5 13
5 14
5 15
4 15
4 16
4 15
3 15
3 16
2 16
2 17
3 17
3 16
3 15
2 15
1 15
2 15
2 16
3 16
4 16
4 17
4 16
4 17
3 17
4 17
3 17
3 18
3 17
2 17
2 18
1 18
2 18
1 18
0 18
0 19
0 18
1 18
1 19
1 20
0 20
0 21
1 21
1 20
0 20
1 20
0 20
1 20
1 21
2 21
1 21
2 21
3 21
2 21
2 22
2 23
1 23
1 24
1 23
2 23
1 23
1 22
1 21
1 20
1 21
2 21
2 22
2 23
2 24
2 23
2 24
1 24
2 24
2 25
3 25
3 26
3 27
3 26
3 27
3 28
3 27
2 27
1 27
0 27
1 27
0 27
0 28
0 27
1 27
1 26
1 27
0 27
1 27
1 28
1 29
1 28
1 27
1 26
2 26
3 26
4 26
4 25
4 26
4 27
3 27
2 27
2 28
2 29
1 29
0 29
0 28
1 28
1 29
1 30
2 30
2 29
2 28
2 29
2 28
2 29
2 28
3 28
3 27
3 28
3 29
3 28
3 29
3 28
3 29
4 29
5 29
6 29
7 29
6 29
7 29
6 29
7 29
7 28
7 27
7 26
8 26
9 26
9 27
8 27
9 27
9 28
8 28
8 27
7 27
7 26
6 26
5 26
5 27
5 28
6 28
6 29
6 28
7 28
7 29
8 29
8 28
8 27
7 27
8 27
7 27
7 28
6 28
7 28
7 27
6 27
5 27
6 27
5 27
5 28
6 28
6 29
7 29
6 29
6 28
5 28
5 27
5 26
4 26
3 26
4 26
4 25
4 26
3 26
3 25
3 24
3 25
4 25
4 24
3 24
3 25
2 25
2 26
2 25
2 26
2 25
1 25
0 25
0 24
1 24
0 24
1 24
0 24
1 24
2 24
2 25
1 25
2 25
2 26
2 27
1 27
1 28
2 28
2 27
2 28
2 29
2 30
2 31
3 31
4 31
3 31
2 31
2 30
3 30
4 30
4 29
5 29
4 29
5 29
5 30
5 31
5 32
4 32
3 32
3 33
3 34
3 33
3 32
4 32
3 32
2 32
2 31
2 30
3 30
4 30
4 31
4 32
3 32
3 33
4 33
4 34
3 34
3 35
4 35
3 35
2 35
1 35
1 36
1 35
0 35
0 34
1 34
0 34
1 34
2 34
2 35
1 35
1 36
2 36
2 35
2 34
1 34
1 35
1 36
0 36
0 35
0 36
0 37
1 37
1 36
1 35
1 36
1 35
1 34
2 34
2 35
2 34
2 35
3 35
2 35
3 35
3 36
3 37
2 37
1 37
1 36
1 37
1 36
1 35
0 35
0 34
0 35
0 34
0 33
0 32
0 31
1 31
2 31
1 31
0 31
1 31
1 30
0 30
1 30
1 31
2 31
2 30
2 31
2 30
2 31
1 31
1 32
1 33
2 33
3 33
2 33
2 32
2 31
2 32
2 33
2 34
2 33
3 33
4 33
4 32
5 32
5 31
5 32
4 32
3 32
3 31
3 32
2 32
2 33
2 32
1 32
1 33
1 32
1 31
2 31
1 31
2 31
1 31
1 32
1 31
2 31
3 31
3 30
3 31
2 31
2 32
2 31
2 30
3 30
3 31
3 30
3 31
4 31
4 30
4 29
3 29
2 29
2 30
2 31
1 31
1 30
0 30
0 31
1 31
2 31
2 32
3 32
3 33
4 33
5 33
4 33
4 32
4 31
5 31
5 32
6 32
5 32
5 33
5 32
6 32
7 32
7 33
7 32
7 31
7 32
7 33
7 32
7 31
6 31
6 32
6 31
6 30
6 31
6 32
5 32
6 32
5 32
5 31
5 30
4 30
4 31
3 31
3 32
3 33
2 33
1 33
0 33
0 34
0 35
0 34
1 34
1 33
1 32
2 32
2 31
2 30
2 31
2 32
3 32
3 33
2 33
3 33
2 33
1 33
0 33
1 33
0 33
0 32
0 33
0 34
1 34
2 34
2 35
2 34
2 35
3 35
2 35
1 35
1 34
1 33
1 34
0 34
0 33
0 34
0 33
1 33
0 33
1 33
0 33
1 33
1 34
1 33
1 34
0 34
1 34
0 34
1 34
2 34
3 34
3 35
3 34
3 33
2 33
1 33
0 33
1 33
0 33
1 33
1 34
1 35
1 36
1 37
1 36
1 35
1 34
1 35
1 36
1 37
1 38
0 38
1 38
1 37
1 36
1 35
1 36
0 36
0 37
1 37
2 37
3 37
3 36
2 36
2 35
2 36
3 36
2 36
1 36
2 36
1 36
1 37
1 38
1 37
1 38
2 38
1 38
2 38
1 38
2 38
2 39
1 39
2 39
3 39
3 38
3 37
4 37
4 36
3 36
3 37
3 36
3 37
4 37
4 38
3 38
4 38
3 38
3 37
3 36
2 36
2 37
1 37
0 37
0 36
1 36
1 37
1 36
0 36
0 35
1 35
1 36
2 36
2 35
3 35
4 35
4 34
4 35
4 36
3 36
4 36
5 36
5 37
5 38
4 38
4 39
3 39
4 39
4 38
4 39
5 39
5 40
5 41
6 41
5 41
5 42
6 42
6 41
6 40
6 39
6 38
7 38
8 38
9 38
10 38
10 39
9 39
9 38
10 38
9 38
9 39
8 39
9 39
9 38
8 38
7 38
7 37
7 38
7 39
8 39
8 38
9 38
9 37
8 37
8 38
8 37
8 38
8 39
7 39
6 39
7 39
7 40
8 40
7 40
7 39
7 40
6 40
6 41
6 40
7 40
6 40
7 40
7 39
8 39
7 39
8 39
7 39
7 38
7 39
7 40
7 39
8 39
7 39
6 39
5 39
4 39
5 39
6 39
6 40
5 40
4 40
4 41
3 41
2 41
2 42
3 42
3 41
3 42
3 41
4 41
5 41
5 40
4 40
4 41
4 42
4 43
4 44
5 44
5 43
5 44
4 44
4 43
4 42
4 43
4 42
4 43
4 42
4 41
3 41
3 40
2 40
1 40
1 39
0 39
1 39
1 40
1 41
1 40
1 41
1 40
2 40
2 39
3 39
4 39
3 39
3 40
2 40
3 40
3 41
3 42
2 42
3 42
3 41
2 41
2 40
2 39
2 40
2 39
2 40
2 41
3 41
3 42
3 43
4 43
4 44
4 45
3 45
4 45
4 46
3 46
3 45
3 46
3 45
3 44
2 44
3 44
4 44
3 44
4 44
3 44
3 45
4 45
4 46
3 46
3 47
2 47
2 48
3 48
2 48
3 48
4 48
4 49
3 49
3 48
3 49
3 48
3 47
4 47
5 47
4 47
3 47
4 47
4 46
3 46
4 46
4 47
4 46
3 46
2 46
2 45
2 44
2 45
2 44
2 45
2 46
2 45
1 45
1 44
1 45
1 44
1 45
1 44
2 44
2 43
2 44
1 44
1 43
1 44
0 44
0 43
0 44
1 44
0 44
0 45
1 45
2 45
2 44
2 45
2 46
1 46
