0 0
1 0
0 0
0 1
1 1
1 0
1 1
1 2
2 2
3 2
2 2
1 2
0 2
0 1
1 1
1 2
0 2
1 2
1 3
2 3
3 3
4 3
4 4
3 4
2 4
2 3
3 3
4 3
4 4
3 4
2 4
2 5
3 5
3 4
4 4
5 4
5 3
5 2
5 3
4 3
4 4
3 4
4 4
5 4
5 3
5 4
5 3
6 3
6 4
5 4
5 5
6 5
6 6
6 7
5 7
5 6
5 7
5 8
5 9
5 10
5 9
5 8
5 9
5 10
5 9
6 9
6 8
6 7
5 7
5 6
6 6
6 5
7 5
7 4
7 3
7 4
7 3
7 4
6 4
5 4
5 5
4 5
5 5
4 5
5 5
6 5
6 6
5 6
5 7
4 7
5 7
6 7
7 7
6 7
6 6
7 6
8 6
8 7
8 6
8 7
8 8
8 7
7 7
6 7
5 7
6 7
5 7
4 7
5 7
6 7
6 6
7 6
7 5
7 4
7 5
8 5
9 5
9 4
9 5
8 5
9 5
9 6
10 6
10 5
11 5
10 5
10 6
10 5
9 5
9 4
9 5
9 6
9 7
9 8
8 8
7 8
6 8
6 7
7 7
8 7
8 6
8 5
8 4
9 4
9 3
9 4
9 5
8 5
7 5
7 4
7 3
7 4
7 3
7 2
8 2
8 3
8 4
9 4
9 3
9 4
9 3
9 2
8 2
8 3
9 3
9 4
9 5
10 5
10 4
10 5
9 5
9 6
8 6
9 6
9 5
8 5
9 5
10 5
10 4
9 4
10 4
9 4
9 3
9 4
9 5
8 5
9 5
9 6
9 7
9 6
10 6
10 5
10 4
11 4
12 4
11 4
12 4
11 4
10 4
10 3
9 3
9 4
8 4
8 5
9 5
8 5
9 5
9 6
10 6
9 6
9 7
9 6
10 6
11 6
11 7
10 7
10 8
10 9
10 8
9 8
10 8
11 8
11 7
12 7
11 7
10 7
9 7
9 8
9 9
9 10
9 9
9 10
9 9
8 9
9 9
9 8
9 7
10 7
10 8
11 8
10 8
11 8
12 8
13 8
14 8
15 8
14 8
15 8
14 8
14 9
14 8
13 8
13 9
14 9
14 8
14 9
13 9
13 8
13 7
12 7
12 6
13 6
13 7
13 6
13 7
13 6
14 6
14 5
13 5
14 5
14 4
14 5
14 4
15 4
14 4
14 5
14 6
13 6
13 7
14 7
14 8
13 8
12 8
13 8
13 9
12 9
13 9
12 9
12 8
12 7
12 8
13 8
13 9
13 10
12 10
12 9
13 9
12 9
13 9
13 10
13 9
12 9
12 10
12 11
12 10
13 10
12 10
12 11
12 12
12 13
12 12
13 12
13 13
14 13
14 14
14 15
14 16
14 15
13 15
13 14
13 15
12 15
11 15
11 16
11 17
11 18
11 17
12 17
12 18
12 19
11 19
12 19
13 19
14 19
14 18
13 18
12 18
11 18
11 19
11 20
12 20
12 21
12 20
13 20
13 19
12 19
13 19
13 18
14 18
13 18
14 18
15 18
15 19
15 20
15 21
16 21
16 20
15 20
15 19
14 19
15 19
16 19
16 18
16 17
16 16
17 16
17 17
16 17
16 16
16 15
16 14
16 15
15 15
15 16
15 15
16 15
15 15
15 16
16 16
17 16
17 17
17 18
16 18
16 17
17 17
16 17
17 17
17 18
18 18
18 19
18 20
18 19
18 20
19 20
20 20
19 20
19 19
18 19
18 18
17 18
17 17
17 18
16 18
17 18
16 18
16 17
15 17
16 17
16 18
16 19
17 19
16 19
15 19
14 19
14 18
14 17
13 17
13 18
12 18
13 18
13 19
13 20
13 19
12 19
11 19
12 19
12 20
11 20
11 19
11 20
10 20
10 21
9 21
8 21
9 21
9 22
10 22
11 22
12 22
13 22
14 22
14 23
13 23
13 22
12 22
12 23
12 24
11 24
11 23
11 22
10 22
10 23
10 24
9 24
8 24
8 23
9 23
10 23
9 23
10 23
11 23
10 23
10 24
10 25
11 25
12 25
13 25
13 24
12 24
11 24
11 25
11 24
11 25
12 25
12 24
11 24
11 25
11 26
10 26
10 25
10 26
11 26
11 27
10 27
10 26
10 27
10 26
11 26
11 25
12 25
11 25
10 25
11 25
11 26
11 27
12 27
12 26
12 25
12 24
12 25
12 24
11 24
11 25
12 25
13 25
14 25
14 26
15 26
16 26
16 25
17 25
18 25
18 26
17 26
16 26
16 27
16 28
15 28
15 27
15 28
14 28
14 29
15 29
15 30
15 31
15 32
15 31
14 31
14 30
15 30
15 29
16 29
16 28
16 27
17 27
17 26
17 25
17 26
16 26
16 25
16 26
17 26
17 25
17 24
16 24
17 24
16 24
16 23
16 24
17 24
16 24
17 24
18 24
17 24
16 24
16 23
16 24
15 24
16 24
17 24
16 24
17 24
17 25
17 26
17 27
18 27
18 26
18 25
18 24
18 25
17 25
18 25
18 26
18 27
19 27
18 27
17 27
17 28
18 28
19 28
20 28
20 29
20 28
20 27
21 27
22 27
21 27
22 27
23 27
23 28
23 27
23 26
22 26
22 27
22 26
22 25
22 26
22 27
21 27
22 27
23 27
24 27
24 28
24 29
23 29
22 29
23 29
23 28
23 29
23 30
24 30
25 30
24 30
25 30
25 29
26 29
25 29
25 30
25 29
26 29
25 29
26 29
26 28
26 29
25 29
24 29
24 30
24 29
24 28
23 28
23 29
24 29
24 28
23 28
23 29
24 29
23 29
23 28
24 28
23 28
23 27
23 26
24 26
24 27
24 28
25 28
25 27
25 28
24 28
25 28
24 28
23 28
24 28
24 29
24 28
25 28
26 28
27 28
26 28
26 27
27 27
26 27
26 26
27 26
26 26
27 26
28 26
28 25
29 25
29 26
28 26
29 26
30 26
30 25
29 25
28 25
28 26
28 27
28 28
27 28
28 28
28 27
28 28
28 27
27 27
27 28
28 28
28 27
28 28
27 28
27 27
27 28
28 28
28 29
28 30
28 31
27 31
26 31
27 31
27 30
27 29
27 28
26 28
25 28
24 28
24 29
25 29
26 29
26 28
26 29
26 30
26 29
27 29
27 28
27 29
27 28
26 28
27 28
28 28
29 28
29 27
29 28
29 27
30 27
29 27
30 27
30 26
29 26
29 27
29 28
28 28
28 29
29 29
29 30
28 30
27 30
26 30
26 29
26 28
27 28
27 29
26 29
25 29
25 28
24 28
23 28
22 28
23 28
24 28
24 29
24 30
24 31
24 30
25 30
24 30
25 30
25 29
24 29
25 29
25 28
26 28
26 29
25 29
24 29
24 30
23 30
23 31
23 30
24 30
25 30
26 30
25 30
24 30
25 30
26 30
26 31
25 31
25 32
25 31
24 31
25 31
25 32
25 33
26 33
26 32
25 32
25 33
25 32
24 32
25 32
26 32
26 31
26 32
27 32
28 32
29 32
30 32
30 31
30 30
31 30
32 30
32 31
33 31
34 31
35 31
35 32
36 32
36 31
35 31
35 30
36 30
36 31
36 32
36 33
36 32
37 32
37 33
37 34
38 34
38 35
39 35
40 35
41 35
41 36
42 36
42 37
41 37
41 36
41 37
42 37
42 38
42 39
42 38
41 38
41 37
41 36
41 35
42 35
43 35
43 34
44 34
45 34
45 33
46 33
47 33
47 32
46 32
47 32
46 32
45 32
45 31
45 32
44 32
44 31
43 31
43 32
42 32
43 32
44 32
45 32
46 32
47 32
46 32
46 31
46 30
45 30
45 29
44 29
44 28
44 29
44 30
44 31
45 31
45 30
44 30
45 30
45 29
46 29
45 29
46 29
46 30
45 30
45 29
45 28
45 29
44 29
44 28
44 27
43 27
44 27
43 27
44 27
45 27
45 26
45 25
46 25
46 26
46 25
46 24
45 24
46 24
45 24
46 24
46 23
46 22
46 21
46 20
47 20
48 20
47 20
47 19
47 18
47 17
46 17
46 16
46 17
45 17
45 18
45 17
45 18
44 18
45 18
45 17
44 17
44 18
44 19
45 19
46 19
45 19
44 19
44 20
44 21
43 21
42 21
42 20
43 20
43 19
43 20
43 19
42 19
42 18
43 18
43 17
43 18
43 19
44 19
43 19
44 19
45 19
46 19
45 19
45 18
44 18
43 18
43 19
42 19
42 20
43 20
44 20
45 20
45 21
44 21
45 21
46 21
45 21
44 21
44 22
45 22
45 21
45 22
46 22
46 21
46 22
46 21
45 21
45 20
45 19
44 19
45 19
44 19
44 20
44 19
43 19
43 20
44 20
45 20
45 21
44 21
44 20
44 19
44 20
43 20
42 20
43 20
43 19
43 20
43 21
42 21
41 21
41 20
