0 0
0 1
1 1
1 0
1 1
1 0
2 0
2 1
2 0
2 1
2 0
1 0
2 0
2 1
3 1
2 1
2 0
1 0
1 1
2 1
3 1
3 0
3 1
3 2
3 3
3 2
4 2
4 1
4 0
5 0
5 1
6 1
6 2
6 3
6 4
7 4
7 5
7 6
8 6
9 6
10 6
10 7
10 6
10 5
9 5
8 5
8 4
8 3
7 3
7 4
6 4
5 4
4 4
5 4
5 5
6 5
6 4
5 4
5 5
4 5
3 5
3 6
3 7
3 6
2 6
2 7
2 6
2 5
1 5
2 5
2 4
2 3
3 3
4 3
4 4
4 3
4 4
5 4
6 4
7 4
8 4
7 4
6 4
6 5
5 5
5 4
5 3
5 2
4 2
4 3
5 3
4 3
5 3
6 3
6 2
6 3
5 3
5 4
5 3
5 2
6 2
6 1
5 1
5 0
6 0
5 0
4 0
4 1
5 1
5 0
6 0
6 1
6 2
6 3
6 2
5 2
5 1
5 0
5 1
5 0
5 1
6 1
5 1
5 2
5 3
5 2
4 2
5 2
5 1
4 1
4 2
5 2
6 2
7 2
7 1
8 1
8 2
8 1
7 1
6 1
7 1
7 2
8 2
7 2
8 2
8 3
9 3
9 4
9 3
9 2
10 2
10 1
11 1
11 0
12 0
11 0
11 1
12 1
11 1
11 2
11 1
12 1
11 1
11 2
11 1
10 1
9 1
10 1
11 1
12 1
12 2
11 2
12 2
12 3
12 4
11 4
11 3
11 2
11 3
10 3
10 4
11 4
12 4
13 4
13 5
14 5
15 5
15 4
15 3
16 3
16 2
15 2
15 3
16 3
16 2
15 2
15 3
15 4
14 4
13 4
13 5
14 5
14 6
14 5
13 5
13 4
12 4
12 3
12 4
13 4
13 3
13 4
12 4
13 4
13 5
13 4
14 4
15 4
15 5
14 5
15 5
15 4
16 4
17 4
17 3
17 2
17 3
16 3
17 3
16 3
15 3
15 4
15 5
15 6
14 6
15 6
16 6
17 6
17 7
16 7
16 8
17 8
17 7
17 8
17 9
17 10
16 10
16 9
16 10
16 11
16 10
16 9
16 8
15 8
15 9
15 10
15 11
14 11
13 11
14 11
14 12
14 11
13 11
14 11
14 12
15 12
14 12
15 12
15 13
14 13
14 12
14 11
13 11
12 11
11 11
10 11
9 11
9 10
10 10
9 10
9 9
8 9
8 8
8 9
7 9
8 9
8 8
9 8
10 8
9 8
9 7
9 8
10 8
11 8
10 8
10 7
11 7
12 7
11 7
12 7
12 8
12 9
13 9
14 9
14 8
14 9
14 10
14 11
13 11
13 12
13 11
13 12
13 13
14 13
13 13
13 12
13 13
14 13
13 13
12 13
12 14
12 15
12 16
12 15
13 15
14 15
13 15
13 14
14 14
14 13
15 13
15 14
16 14
15 14
15 15
16 15
16 14
16 13
17 13
18 13
17 13
16 13
16 12
17 12
16 12
15 12
15 11
14 11
15 11
15 10
16 10
16 9
17 9
17 8
16 8
17 8
16 8
17 8
16 8
16 7
16 6
16 7
16 6
16 7
15 7
15 6
15 7
16 7
17 7
17 6
16 6
16 5
16 4
15 4
14 4
15 4
14 4
14 3
13 3
12 3
11 3
11 4
11 3
10 3
11 3
11 4
10 4
11 4
11 5
10 5
10 6
10 7
11 7
11 6
11 7
12 7
12 6
12 7
12 6
12 5
12 4
12 3
12 4
12 5
13 5
13 6
13 7
14 7
14 6
14 5
15 5
15 4
15 3
15 4
15 5
16 5
16 6
15 6
15 5
15 6
15 7
15 6
15 5
14 5
13 5
14 5
15 5
16 5
16 6
15 6
14 6
15 6
15 5
14 5
14 4
14 3
13 3
12 3
11 3
11 2
10 2
10 3
10 4
9 4
8 4
8 3
8 2
8 1
8 2
8 3
9 3
9 2
8 2
9 2
9 3
9 2
10 2
10 3
10 4
10 5
11 5
11 6
12 6
12 7
12 8
11 8
11 7
11 8
10 8
10 9
10 8
10 7
10 8
10 7
11 7
12 7
11 7
11 8
11 9
11 10
12 10
12 11
13 11
13 10
13 11
13 12
13 13
12 13
11 13
11 14
11 15
11 16
12 16
12 17
13 17
12 17
11 17
10 17
10 18
10 19
9 19
8 19
9 19
9 18
8 18
8 17
8 16
8 17
7 17
7 18
8 18
8 19
7 19
7 18
7 19
6 19
6 20
6 19
7 19
8 19
8 18
8 17
9 17
8 17
9 17
9 18
9 19
8 19
8 20
8 19
8 20
9 20
9 19
8 19
7 19
7 20
8 20
8 21
9 21
8 21
7 21
7 22
7 21
7 22
6 22
5 22
5 21
6 21
6 20
7 20
6 20
7 20
7 19
7 20
7 21
7 20
7 19
7 20
8 20
7 20
7 21
6 21
6 20
6 21
6 22
5 22
4 22
5 22
5 21
6 21
6 20
7 20
8 20
8 19
7 19
8 19
8 20
7 20
7 19
8 19
8 18
7 18
8 18
8 19
9 19
9 18
9 17
10 17
10 18
10 17
9 17
10 17
10 16
11 16
11 15
11 16
11 17
10 17
11 17
12 17
12 18
13 18
13 17
13 18
13 17
14 17
13 17
13 16
13 15
13 14
13 13
13 12
12 12
12 13
12 12
11 12
11 11
12 11
13 11
14 11
14 12
15 12
15 13
16 13
16 14
16 13
15 13
15 14
16 14
16 15
15 15
16 15
17 15
17 14
17 13
17 12
17 13
16 13
15 13
15 14
16 14
16 15
16 14
15 14
14 14
13 14
12 14
12 15
12 14
12 15
13 15
13 16
13 17
13 16
14 16
14 15
15 15
14 15
14 14
13 14
14 14
14 13
14 14
13 14
12 14
13 14
13 15
13 14
14 14
15 14
14 14
14 15
15 15
14 15
13 15
14 15
14 14
15 14
15 15
15 16
16 16
17 16
17 15
17 14
18 14
18 15
18 14
18 13
18 12
19 12
19 11
20 11
20 10
21 10
20 10
21 10
22 10
23 10
24 10
24 9
24 8
25 8
24 8
24 9
24 10
25 10
26 10
26 9
25 9
25 8
25 9
25 10
24 10
24 9
25 9
25 10
25 9
25 8
26 8
27 8
27 9
27 10
27 11
27 10
27 9
27 8
26 8
26 9
25 9
24 9
25 9
26 9
26 8
27 8
27 7
27 6
27 7
27 8
27 9
27 8
28 8
29 8
30 8
30 7
30 8
30 7
30 8
30 7
29 7
29 8
28 8
28 9
28 10
28 11
27 11
26 11
26 10
26 9
25 9
26 9
26 10
26 11
26 12
25 12
25 13
26 13
27 13
28 13
28 12
29 12
30 12
29 12
29 11
29 12
29 11
30 11
31 11
30 11
30 10
30 9
30 10
29 10
29 11
29 10
29 9
29 8
28 8
27 8
28 8
28 9
28 10
27 10
28 10
28 9
28 8
28 9
29 9
29 10
30 10
29 10
29 9
28 9
28 10
29 10
29 11
29 10
29 11
29 12
29 13
29 14
30 14
29 14
30 14
30 13
30 14
30 15
30 14
31 14
31 13
31 14
30 14
31 14
30 14
30 13
30 14
29 14
28 14
28 13
28 14
28 13
28 14
29 14
29 15
29 14
28 14
29 14
29 15
30 15
30 16
30 17
29 17
28 17
28 16
28 17
28 18
27 18
28 18
28 19
28 20
28 19
27 19
27 18
27 17
28 17
27 17
28 17
29 17
30 17
30 18
30 17
31 17
31 18
32 18
31 18
31 17
31 18
31 19
31 18
31 17
31 18
31 19
32 19
32 20
32 21
32 22
32 21
31 21
32 21
32 22
33 22
34 22
35 22
35 23
34 23
34 22
34 21
34 20
34 19
34 20
34 21
35 21
34 21
34 22
35 22
34 22
34 21
35 21
36 21
37 21
36 21
36 22
36 23
36 24
37 24
37 23
37 22
38 22
38 21
37 21
36 21
35 21
35 20
36 20
36 19
36 18
37 18
38 18
38 19
37 19
37 20
37 21
37 20
37 21
38 21
39 21
38 21
39 21
39 22
39 21
40 21
39 21
39 20
40 20
41 20
42 20
41 20
42 20
42 21
42 22
42 21
42 20
41 20
41 19
41 18
40 18
40 17
41 17
41 18
41 19
40 19
39 19
39 18
38 18
39 18
38 18
39 18
39 19
39 20
38 20
37 20
38 20
37 20
37 19
38 19
37 19
37 18
37 19
37 18
37 17
38 17
38 16
38 15
39 15
38 15
38 16
38 15
38 16
38 17
38 16
37 16
37 15
37 14
37 15
36 15
36 14
35 14
34 14
33 14
32 14
32 13
31 13
31 12
30 12
31 12
32 12
32 11
33 11
33 10
33 11
33 12
