0 0
1 0
0 0
1 0
2 0
2 1
1 1
2 1
1 1
0 1
0 2
0 3
1 3
0 3
1 3
1 4
1 5
2 5
3 5
2 5
2 4
2 5
3 5
4 5
4 4
3 4
4 4
5 4
5 3
5 2
5 3
5 4
4 4
3 4
3 5
2 5
2 4
1 4
1 3
0 3
0 4
0 3
1 3
2 3
2 4
2 3
1 3
1 2
2 2
2 1
3 1
3 0
3 1
4 1
3 1
3 2
3 3
3 4
2 4
3 4
3 5
3 4
2 4
2 3
3 3
3 2
2 2
3 2
4 2
5 2
6 2
6 1
6 2
6 3
7 3
8 3
8 4
8 3
9 3
8 3
7 3
8 3
9 3
10 3
11 3
11 4
11 5
10 5
9 5
10 5
9 5
9 6
9 7
10 7
11 7
11 8
11 7
11 6
11 5
10 5
10 4
10 5
10 6
10 5
10 4
9 4
8 4
7 4
7 3
7 2
6 2
6 1
5 1
5 2
4 2
4 3
4 2
5 2
5 1
5 2
4 2
4 1
4 2
4 1
4 0
4 1
3 1
3 2
3 3
3 4
2 4
1 4
1 5
1 6
1 7
0 7
0 8
0 7
0 8
1 8
1 9
1 8
1 9
1 8
2 8
1 8
2 8
2 7
2 6
2 7
2 6
1 6
1 7
1 6
2 6
2 5
2 4
2 3
1 3
0 3
1 3
0 3
0 4
0 3
0 4
1 4
1 5
2 5
1 5
1 6
2 6
1 6
1 7
1 8
0 8
1 8
1 9
2 9
1 9
0 9
1 9
2 9
1 9
1 10
0 10
0 11
1 11
2 11
2 10
3 10
4 10
5 10
6 10
7 10
7 9
8 9
7 9
8 9
9 9
10 9
10 10
10 9
10 10
9 10
9 9
10 9
10 10
10 11
11 11
11 12
11 11
12 11
12 10
12 11
13 11
13 12
13 13
14 13
14 12
14 11
14 12
15 12
15 13
15 14
16 14
15 14
15 15
15 14
15 13
15 12
14 12
14 13
14 14
13 14
12 14
12 13
13 13
13 14
14 14
13 14
14 14
14 15
14 14
13 14
13 15
13 16
14 16
14 17
14 16
14 15
14 14
13 14
13 13
13 12
13 13
13 14
13 13
13 12
12 12
13 12
12 12
13 12
12 12
12 13
12 14
12 13
12 12
11 12
12 12
11 12
12 12
11 12
12 12
11 12
11 13
11 14
12 14
11 14
11 13
12 13
13 13
13 14
13 13
13 14
13 13
12 13
12 14
12 13
13 13
14 13
14 14
15 14
15 13
15 12
16 12
17 12
18 12
18 11
18 12
19 12
19 13
18 13
18 14
18 15
17 15
17 14
17 15
18 15
18 14
17 14
17 15
16 15
16 14
16 15
16 14
17 14
16 14
17 14
17 13
18 13
19 13
19 14
19 13
19 14
18 14
17 14
18 14
18 15
18 16
18 15
19 15
20 15
20 14
21 14
22 14
23 14
24 14
24 13
24 12
24 11
24 10
24 11
24 10
23 10
24 10
24 11
23 11
22 11
21 11
22 11
21 11
22 11
22 12
23 12
23 11
22 11
22 10
22 9
22 10
23 10
23 9
22 9
22 8
21 8
20 8
20 7
21 7
21 6
21 7
21 8
22 8
22 7
22 8
22 7
22 6
22 7
21 7
20 7
19 7
18 7
18 6
18 5
19 5
18 5
17 5
18 5
18 4
18 3
17 3
17 4
16 4
15 4
15 3
15 2
16 2
17 2
17 3
17 4
16 4
16 5
16 6
16 7
17 7
16 7
17 7
17 8
18 8
19 8
18 8
17 8
17 9
16 9
16 10
16 11
17 11
16 11
15 11
16 11
17 11
17 10
18 10
18 11
19 11
18 11
17 11
16 11
15 11
15 12
14 12
15 12
15 13
15 12
14 12
15 12
15 13
15 12
15 11
15 10
15 11
15 10
15 11
16 11
17 11
17 12
16 12
16 13
16 12
16 13
15 13
14 13
13 13
14 13
14 14
15 14
15 15
15 16
14 16
14 15
13 15
14 15
14 14
14 15
15 15
15 16
15 15
15 14
15 15
16 15
17 15
17 16
17 17
17 16
16 16
16 17
15 17
15 16
16 16
17 16
17 15
17 14
16 14
16 15
17 15
17 16
16 16
16 15
17 15
17 16
17 15
17 14
17 15
17 14
17 13
16 13
16 12
17 12
17 13
18 13
19 13
20 13
20 12
20 13
19 13
18 13
17 13
17 12
18 12
18 13
18 14
18 15
17 15
17 14
18 14
17 14
17 13
17 14
18 14
17 14
17 15
17 16
18 16
17 16
18 16
17 16
16 16
16 15
16 14
16 15
16 16
15 16
16 16
16 15
17 15
17 14
17 13
17 12
17 11
17 12
16 12
16 11
17 11
17 10
17 11
17 12
17 13
17 12
18 12
19 12
18 12
18 13
19 13
20 13
20 14
21 14
22 14
22 15
21 15
21 14
21 13
21 12
22 12
22 11
21 11
20 11
21 11
21 10
20 10
20 9
20 10
21 10
22 10
23 10
24 10
25 10
25 9
25 8
25 9
26 9
26 8
26 7
26 8
25 8
25 9
26 9
27 9
28 9
27 9
28 9
29 9
29 10
28 10
27 10
27 9
28 9
29 9
29 8
29 7
29 8
29 9
29 10
29 9
30 9
31 9
30 9
31 9
32 9
33 9
32 9
33 9
32 9
32 10
32 11
32 10
32 11
32 12
33 12
34 12
33 12
33 11
34 11
33 11
32 11
32 12
32 13
32 12
32 13
33 13
33 14
33 15
34 15
34 16
33 16
33 17
33 16
34 16
34 15
33 15
32 15
31 15
31 16
31 17
30 17
29 17
28 17
28 18
28 17
28 16
28 17
28 16
27 16
27 17
26 17
25 17
25 16
25 17
25 16
26 16
26 17
26 18
26 19
26 20
25 20
26 20
26 19
27 19
26 19
26 20
27 20
27 19
26 19
26 20
27 20
28 20
27 20
28 20
29 20
28 20
28 19
28 18
28 17
27 17
26 17
26 18
26 19
26 18
27 18
26 18
26 17
26 16
26 15
26 16
25 16
24 16
24 15
24 16
24 17
25 17
25 16
24 16
24 17
23 17
24 17
24 18
24 17
23 17
24 17
25 17
26 17
27 17
27 18
27 19
27 18
27 19
26 19
26 20
26 19
26 18
26 17
26 16
25 16
25 17
25 18
25 17
25 16
26 16
25 16
26 16
26 15
27 15
26 15
25 15
25 14
24 14
24 13
24 14
25 14
24 14
24 13
24 12
25 12
26 12
27 12
27 13
26 13
26 14
25 14
25 13
25 12
24 12
25 12
25 11
25 12
24 12
24 13
24 14
24 15
24 16
24 15
25 15
26 15
26 14
26 13
26 12
27 12
28 12
28 13
28 14
28 13
28 12
28 11
29 11
29 12
28 12
27 12
27 13
28 13
28 14
28 15
29 15
29 14
28 14
28 13
28 12
28 13
29 13
28 13
29 13
29 12
30 12
29 12
28 12
27 12
28 12
27 12
27 11
28 11
28 10
27 10
27 9
28 9
28 8
29 8
29 7
30 7
29 7
29 6
29 7
28 7
28 6
27 6
28 6
28 7
28 6
29 6
29 5
28 5
28 6
27 6
27 7
26 7
27 7
28 7
29 7
30 7
31 7
31 8
32 8
32 7
32 6
32 5
31 5
30 5
30 6
31 6
32 6
32 7
32 6
33 6
33 7
33 6
32 6
32 5
32 6
32 5
31 5
32 5
33 5
32 5
31 5
30 5
30 4
29 4
30 4
30 5
31 5
31 4
32 4
31 4
30 4
30 5
30 6
31 6
30 6
30 7
29 7
29 8
29 7
30 7
29 7
30 7
31 7
31 8
31 9
31 10
32 10
33 10
33 9
33 10
34 10
35 10
36 10
35 10
34 10
34 11
33 11
32 11
31 11
31 10
32 10
31 10
32 10
31 10
30 10
31 10
31 9
30 9
30 10
29 10
30 10
31 10
31 11
31 10
30 10
30 11
30 10
30 9
30 10
29 10
30 10
30 9
29 9
29 10
28 10
28 11
28 10
27 10
27 9
28 9
29 9
29 10
29 9
29 10
28 10
29 10
30 10
30 9
30 8
30 9
31 9
31 10
31 9
32 9
31 9
32 9
32 10
31 10
31 11
30 11
31 11
30 11
31 11
32 11
32 10
33 10
32 10
33 10
33 11
33 10
32 10
32 11
33 11
33 12
34 12
35 12
35 11
36 11
36 10
35 10
35 9
34 9
34 10
33 10
32 10
32 9
33 9
34 9
34 8
34 7
33 7
33 6
32 6
31 6
30 6
30 5
29 5
28 5
28 6
28 5
28 4
27 4
27 5
27 4
27 3
26 3
26 2
25 2
25 3
25 4
26 4
26 3
27 3
28 3
28 2
28 1
28 2
27 2
28 2
28 3
28 4
27 4
