0 0
1 0
1 1
1 2
2 2
3 2
3 1
3 0
2 0
2 1
3 1
4 1
4 2
5 2
4 2
5 2
5 3
6 3
6 4
7 4
7 3
7 2
7 3
7 2
7 3
7 2
6 2
5 2
4 2
3 2
3 3
3 4
3 3
3 2
2 2
2 1
1 1
2 1
3 1
3 2
3 3
3 4
4 4
4 5
4 4
4 3
5 3
4 3
3 3
4 3
4 2
4 1
3 1
3 2
3 3
3 4
2 4
1 4
1 3
0 3
1 3
1 4
1 3
1 4
0 4
0 3
0 2
0 3
0 2
1 2
2 2
1 2
2 2
2 3
1 3
0 3
0 2
0 3
0 2
1 2
1 1
1 2
2 2
1 2
1 3
2 3
3 3
2 3
2 2
2 3
3 3
3 2
2 2
3 2
2 2
1 2
1 1
2 1
2 0
2 1
2 0
2 1
3 1
2 1
3 1
3 0
4 0
3 0
2 0
1 0
1 1
0 1
1 1
2 1
2 0
2 1
3 1
3 0
3 1
2 1
3 1
2 1
1 1
1 2
1 1
2 1
2 2
3 2
3 3
4 3
5 3
5 2
6 2
6 3
6 2
6 3
6 4
7 4
7 3
6 3
6 2
7 2
6 2
6 1
7 1
7 0
7 1
7 0
7 1
7 0
7 1
7 0
7 1
7 0
8 0
8 1
7 1
7 0
6 0
6 1
7 1
6 1
6 2
6 3
6 2
6 3
6 4
5 4
5 3
5 4
5 3
6 3
7 3
7 2
6 2
6 1
6 0
6 1
6 2
7 2
8 2
7 2
7 3
7 4
7 5
7 4
7 5
7 4
6 4
6 3
5 3
5 4
5 3
5 2
4 2
4 1
4 2
5 2
5 1
5 2
6 2
6 3
7 3
6 3
7 3
7 4
7 3
7 4
7 3
7 2
7 3
8 3
9 3
8 3
9 3
9 2
9 3
8 3
8 2
7 2
8 2
8 3
7 3
7 2
8 2
9 2
9 1
9 0
10 0
10 1
10 0
10 1
10 2
10 3
11 3
11 4
12 4
12 3
11 3
12 3
12 2
12 1
13 1
12 1
12 2
12 1
13 1
12 1
12 2
12 1
11 1
12 1
13 1
12 1
11 1
11 0
12 0
11 0
11 1
10 1
11 1
11 0
11 1
12 1
13 1
12 1
11 1
10 1
10 2
10 3
10 2
10 1
10 2
9 2
9 1
9 0
8 0
8 1
9 1
10 1
9 1
9 2
10 2
10 1
9 1
9 2
9 3
9 4
9 3
10 3
10 4
10 3
11 3
12 3
12 4
12 5
13 5
13 6
13 7
14 7
13 7
12 7
13 7
13 8
13 7
13 6
13 7
13 6
13 7
12 7
11 7
11 6
11 5
10 5
9 5
9 4
9 3
9 2
10 2
10 1
10 2
9 2
8 2
9 2
9 1
10 1
10 2
11 2
11 1
11 0
12 0
12 1
12 2
11 2
11 1
11 0
11 1
10 1
9 1
9 2
9 3
9 4
10 4
9 4
10 4
10 3
11 3
11 4
10 4
10 5
9 5
9 4
9 3
10 3
11 3
11 4
10 4
11 4
12 4
12 5
11 5
10 5
10 4
11 4
12 4
12 3
13 3
14 3
15 3
14 3
13 3
14 3
15 3
15 2
15 1
15 2
15 1
15 2
14 2
15 2
16 2
16 1
17 1
17 2
17 1
17 0
16 0
16 1
16 0
16 1
17 1
16 1
17 1
18 1
19 1
19 0
18 0
18 1
18 2
18 1
17 1
17 0
18 0
18 1
19 1
19 2
20 2
19 2
18 2
17 2
17 1
18 1
17 1
17 0
17 1
17 2
16 2
16 3
16 2
16 3
15 3
15 4
16 4
15 4
15 3
15 4
15 3
14 3
14 4
13 4
13 3
13 2
13 3
13 2
14 2
14 3
15 3
16 3
16 4
15 4
16 4
16 5
16 4
16 3
16 2
17 2
16 2
16 1
17 1
16 1
15 1
14 1
14 2
14 3
14 2
15 2
15 1
15 0
15 1
16 1
16 0
15 0
15 1
14 1
14 0
14 1
13 1
14 1
14 0
13 0
12 0
11 0
11 1
11 2
10 2
10 3
10 2
10 1
9 1
9 2
10 2
9 2
9 3
10 3
10 2
10 1
11 1
12 1
12 2
12 1
13 1
13 2
14 2
14 3
13 3
13 4
14 4
13 4
14 4
14 5
15 5
15 6
14 6
14 7
14 8
13 8
14 8
15 8
15 7
15 8
16 8
16 7
16 6
17 6
17 7
17 8
16 8
15 8
14 8
13 8
14 8
15 8
16 8
16 9
16 10
17 10
17 11
18 11
18 10
18 11
19 11
19 10
19 9
19 8
19 7
20 7
19 7
20 7
21 7
21 8
20 8
21 8
20 8
20 9
20 8
21 8
21 9
21 8
21 9
21 10
21 9
22 9
21 9
21 10
21 9
20 9
19 9
20 9
20 10
20 9
20 8
20 9
19 9
20 9
19 9
19 8
19 7
18 7
19 7
19 8
19 7
19 8
19 9
20 9
20 8
21 8
21 9
21 8
20 8
20 9
20 10
21 10
20 10
20 11
19 11
19 10
19 9
18 9
18 8
18 9
17 9
16 9
16 8
16 9
15 9
16 9
16 8
16 9
16 8
17 8
18 8
18 9
19 9
19 10
19 11
18 11
19 11
18 11
18 10
18 11
17 11
18 11
18 10
17 10
17 11
18 11
18 12
19 12
18 12
18 13
18 12
17 12
17 13
17 14
17 15
16 15
15 15
15 16
14 16
14 15
14 16
13 16
14 16
14 17
14 18
14 19
14 20
14 19
15 19
14 19
13 19
13 18
13 17
12 17
13 17
13 16
13 17
13 16
14 16
13 16
13 17
12 17
11 17
11 16
11 15
12 15
11 15
11 16
11 17
11 18
11 19
11 20
12 20
11 20
11 21
12 21
12 20
12 19
12 20
11 20
12 20
13 20
13 21
14 21
14 22
14 23
14 22
13 22
12 22
13 22
14 22
14 23
15 23
15 24
15 23
16 23
17 23
17 24
17 23
16 23
17 23
17 22
18 22
18 23
17 23
18 23
18 22
18 23
19 23
18 23
17 23
16 23
15 23
15 22
15 21
14 21
14 22
14 21
14 20
14 19
15 19
15 18
14 18
15 18
15 17
14 17
14 16
14 17
15 17
15 18
14 18
14 19
14 18
14 17
15 17
16 17
16 18
15 18
15 17
16 17
16 18
17 18
17 17
18 17
18 18
19 18
18 18
19 18
20 18
19 18
18 18
19 18
18 18
17 18
17 17
17 18
17 19
17 20
17 21
16 21
15 21
15 22
16 22
16 21
16 22
16 21
15 21
14 21
13 21
13 20
14 20
14 21
14 22
14 23
15 23
15 22
15 23
14 23
13 23
12 23
12 24
13 24
13 25
13 26
13 27
14 27
15 27
16 27
16 26
16 25
15 25
16 25
16 26
15 26
15 27
14 27
14 26
15 26
15 27
16 27
16 26
16 25
16 26
16 25
15 25
15 24
15 25
14 25
14 24
15 24
14 24
14 25
13 25
13 24
13 25
14 25
15 25
15 24
15 23
15 24
16 24
15 24
16 24
15 24
15 23
15 24
15 23
15 24
14 24
14 23
13 23
13 24
14 24
14 23
13 23
13 24
14 24
13 24
12 24
12 25
12 24
11 24
11 25
11 26
11 27
11 26
11 27
12 27
12 26
11 26
10 26
10 25
10 24
10 23
10 24
9 24
9 25
8 25
8 24
8 23
8 24
9 24
8 24
8 25
7 25
7 26
6 26
7 26
7 27
6 27
7 27
6 27
6 28
7 28
8 28
9 28
8 28
9 28
9 27
10 27
9 27
9 28
9 29
9 30
10 30
10 29
10 30
9 30
9 31
9 30
8 30
8 31
8 30
8 29
8 28
8 27
9 27
10 27
9 27
10 27
11 27
12 27
12 26
12 27
13 27
12 27
13 27
14 27
15 27
16 27
15 27
14 27
13 27
12 27
12 28
12 29
13 29
13 28
13 27
14 27
14 28
14 29
14 28
14 29
14 28
14 29
14 28
14 29
14 28
14 29
15 29
16 29
17 29
17 28
17 29
17 30
17 29
17 30
18 30
17 30
17 31
17 30
17 31
18 31
17 31
17 30
17 29
18 29
18 30
17 30
17 31
17 30
16 30
16 29
16 28
15 28
15 29
14 29
14 30
14 31
14 30
13 30
14 30
14 31
13 31
14 31
15 31
16 31
16 30
17 30
17 31
17 30
16 30
16 31
16 30
16 31
17 31
18 31
17 31
18 31
18 32
19 32
19 33
19 34
18 34
18 33
19 33
20 33
21 33
21 34
22 34
22 35
23 35
22 35
21 35
21 36
22 36
23 36
22 36
23 36
23 37
23 36
22 36
23 36
24 36
24 35
25 35
25 36
25 35
24 35
