0 0
0 1
1 1
0 1
0 0
0 1
0 2
0 3
1 3
2 3
1 3
2 3
2 2
2 1
2 2
2 1
2 2
1 2
0 2
0 3
1 3
1 2
1 3
2 3
2 4
3 4
2 4
1 4
0 4
1 4
1 5
2 5
2 4
2 5
3 5
2 5
2 6
3 6
2 6
3 6
3 5
3 4
2 4
2 3
3 3
3 4
3 3
3 4
3 3
3 2
2 2
3 2
3 3
3 2
3 1
4 1
3 1
3 2
3 1
2 1
2 0
1 0
0 0
0 1
1 1
1 0
0 0
0 1
1 1
1 2
1 1
1 2
2 2
1 2
1 1
0 1
0 0
1 0
0 0
0 1
0 2
1 2
2 2
3 2
3 1
3 2
3 1
2 1
2 0
2 1
3 1
2 1
1 1
0 1
0 2
0 1
1 1
2 1
1 1
2 1
2 0
3 0
2 0
2 1
2 0
2 1
3 1
3 0
2 0
2 1
2 2
2 3
1 3
2 3
1 3
1 4
1 5
1 4
0 4
0 3
1 3
0 3
0 4
1 4
1 5
1 6
1 7
0 7
1 7
2 7
2 8
1 8
1 7
1 6
1 7
0 7
1 7
1 6
0 6
1 6
1 7
2 7
2 8
1 8
0 8
0 9
1 9
1 8
1 9
1 10
1 9
2 9
2 10
2 11
1 11
2 11
2 12
2 13
2 12
2 13
2 14
3 14
4 14
4 15
5 15
5 16
4 16
5 16
5 17
5 18
6 18
5 18
6 18
6 17
6 18
7 18
8 18
7 18
6 18
6 17
6 16
6 15
6 16
5 16
5 17
5 18
5 19
4 19
5 19
6 19
6 20
7 20
6 20
7 20
7 21
6 21
5 21
4 21
4 22
3 22
3 23
4 23
4 24
4 23
5 23
5 22
5 21
4 21
5 21
6 21
5 21
5 22
6 22
6 21
6 20
6 21
6 20
6 19
6 20
5 20
4 20
4 21
4 20
5 20
5 19
6 19
7 19
7 18
7 17
8 17
9 17
9 16
10 16
9 16
10 16
10 17
11 17
11 16
11 17
11 16
10 16
11 16
12 16
11 16
10 16
9 16
8 16
7 16
8 16
8 15
8 16
8 15
8 14
8 15
8 14
8 13
8 14
8 13
7 13
8 13
8 12
8 11
9 11
10 11
11 11
12 11
12 12
13 12
12 12
11 12
12 12
12 11
12 10
12 11
12 12
11 12
11 13
10 13
10 14
11 14
12 14
13 14
14 14
14 15
13 15
13 16
13 17
14 17
15 17
15 16
14 16
14 15
14 14
15 14
16 14
17 14
18 14
19 14
20 14
21 14
21 13
21 12
21 13
22 13
23 13
22 13
22 12
22 11
22 12
22 13
21 13
21 14
22 14
21 14
20 14
19 14
18 14
18 13
17 13
18 13
18 12
18 11
17 11
18 11
18 10
17 10
16 10
16 11
17 11
16 11
17 11
16 11
15 11
15 12
14 12
14 13
14 14
15 14
16 14
16 15
15 15
15 16
15 15
15 16
15 15
15 14
14 14
14 15
13 15
12 15
12 16
13 16
12 16
11 16
11 15
10 15
10 16
9 16
8 16
7 16
7 15
7 14
6 14
6 15
6 16
7 16
7 17
6 17
7 17
6 17
5 17
5 16
6 16
6 17
7 17
7 16
7 15
7 14
7 13
7 12
6 12
6 11
6 10
5 10
5 11
6 11
6 10
5 10
6 10
5 10
6 10
5 10
5 9
6 9
6 10
6 11
6 12
7 12
7 11
7 12
8 12
7 12
7 13
8 13
7 13
7 14
8 14
8 15
9 15
9 14
10 14
9 14
9 13
9 12
9 13
9 12
9 13
10 13
10 14
9 14
9 15
8 15
8 16
7 16
7 17
8 17
7 17
7 16
7 17
8 17
9 17
10 17
11 17
12 17
11 17
10 17
10 16
11 16
11 15
11 14
11 13
10 13
11 13
11 14
10 14
10 15
11 15
11 14
10 14
9 14
9 13
9 12
10 12
9 12
10 12
10 13
11 13
11 14
11 15
12 15
13 15
14 15
14 16
15 16
15 15
15 16
15 15
14 15
13 15
13 14
13 15
12 15
11 15
10 15
11 15
11 16
11 17
12 17
13 17
13 18
14 18
14 19
14 20
14 19
14 20
14 19
15 19
16 19
16 20
16 21
17 21
16 21
15 21
15 22
15 23
16 23
16 24
16 25
15 25
15 26
15 27
15 28
15 27
15 28
15 27
15 26
14 26
14 25
13 25
14 25
13 25
13 24
13 25
12 25
12 26
13 26
12 26
11 26
11 27
10 27
9 27
8 27
8 28
7 28
8 28
8 27
9 27
9 28
10 28
10 29
9 29
9 30
9 31
10 31
10 30
11 30
11 31
10 31
10 30
10 31
10 30
9 30
8 30
8 31
7 31
6 31
5 31
5 32
5 33
5 32
6 32
6 33
7 33
7 34
6 34
5 34
5 35
5 36
4 36
4 35
3 35
4 35
3 35
3 34
3 35
4 35
4 34
3 34
2 34
3 34
3 35
3 34
3 35
4 35
4 36
5 36
6 36
5 36
5 37
5 38
6 38
6 39
6 40
7 40
8 40
8 41
9 41
8 41
9 41
10 41
10 40
11 40
10 40
10 41
9 41
10 41
10 42
11 42
11 41
11 40
11 41
11 40
12 40
11 40
11 39
12 39
12 40
12 39
11 39
11 40
11 39
11 38
10 38
10 39
10 40
9 40
10 40
10 39
9 39
10 39
10 40
10 41
9 41
9 42
10 42
10 43
10 44
10 43
9 43
9 42
9 43
9 44
10 44
11 44
11 43
11 44
11 45
10 45
10 46
10 47
9 47
9 46
9 45
10 45
10 46
10 47
11 47
11 48
11 49
11 50
11 51
11 52
11 53
10 53
9 53
10 53
10 54
9 54
9 55
9 56
9 57
8 57
7 57
6 57
6 58
7 58
7 59
6 59
5 59
5 58
5 59
5 60
4 60
3 60
4 60
3 60
4 60
5 60
4 60
3 60
3 61
3 60
3 61
3 60
3 61
2 61
1 61
2 61
3 61
3 62
2 62
3 62
3 63
3 64
2 64
2 65
1 65
0 65
1 65
2 65
1 65
2 65
2 64
2 63
2 62
2 63
1 63
2 63
1 63
0 63
1 63
2 63
2 64
3 64
3 65
3 64
4 64
4 63
5 63
5 64
6 64
5 64
6 64
6 63
6 62
5 62
5 61
5 60
5 59
4 59
4 58
4 57
3 57
4 57
3 57
3 56
3 55
4 55
4 56
5 56
5 55
5 54
5 53
5 52
6 52
5 52
4 52
4 53
3 53
3 54
2 54
1 54
0 54
1 54
1 55
2 55
2 56
2 55
3 55
3 54
4 54
4 55
4 54
4 55
3 55
2 55
2 56
2 55
2 56
1 56
0 56
0 55
0 54
1 54
0 54
0 55
0 54
1 54
0 54
1 54
2 54
3 54
4 54
3 54
4 54
4 55
5 55
5 56
6 56
7 56
7 55
7 56
7 55
8 55
9 55
8 55
9 55
9 56
10 56
11 56
11 57
11 58
12 58
11 58
10 58
11 58
11 57
12 57
12 56
11 56
11 57
11 58
11 59
12 59
13 59
14 59
14 58
14 57
14 58
15 58
14 58
15 58
16 58
17 58
16 58
17 58
18 58
19 58
18 58
17 58
16 58
15 58
15 59
15 58
15 57
15 58
16 58
16 59
17 59
17 60
17 61
18 61
17 61
17 60
18 60
18 61
18 62
18 63
18 62
18 63
17 63
18 63
17 63
17 64
17 65
17 64
18 64
18 63
17 63
17 62
16 62
15 62
15 63
15 64
14 64
14 65
14 64
15 64
16 64
15 64
15 65
14 65
14 66
13 66
12 66
12 65
11 65
12 65
13 65
13 66
14 66
14 65
13 65
12 65
13 65
13 66
13 67
14 67
14 66
14 65
14 66
15 66
14 66
15 66
14 66
14 67
15 67
15 68
14 68
15 68
16 68
17 68
18 68
17 68
17 69
16 69
15 69
15 68
15 69
16 69
15 69
15 68
14 68
15 68
14 68
14 67
14 66
13 66
13 67
12 67
12 66
12 65
13 65
14 65
13 65
14 65
14 66
14 67
15 67
15 68
15 69
15 70
16 70
16 71
17 71
16 71
17 71
16 71
16 70
17 70
17 71
17 72
16 72
16 73
16 72
16 71
16 70
16 71
17 71
18 71
19 71
20 71
20 72
19 72
19 73
19 74
18 74
17 74
16 74
15 74
14 74
14 75
14 76
14 75
14 74
15 74
14 74
14 75
13 75
14 75
14 74
15 74
15 75
16 75
15 75
14 75
15 75
15 76
14 76
14 75
14 74
14 73
15 73
15 74
14 74
14 73
14 72
13 72
13 71
13 72
13 73
12 73
12 72
12 71
13 71
14 71
15 71
16 71
17 71
16 71
