0 0
0 1
1 1
0 1
1 1
2 1
2 0
1 0
1 1
1 2
2 2
1 2
1 1
0 1
1 1
1 2
1 1
0 1
0 2
0 1
0 0
0 1
1 1
0 1
0 2
1 2
1 3
1 2
1 3
1 4
1 3
1 4
1 3
0 3
1 3
0 3
1 3
1 2
1 3
1 2
1 3
0 3
1 3
1 4
1 5
1 6
1 7
1 8
0 8
1 8
1 7
0 7
1 7
0 7
0 8
1 8
1 9
1 8
2 8
2 7
2 6
2 7
3 7
3 8
4 8
5 8
6 8
5 8
6 8
6 9
6 8
6 7
7 7
8 7
7 7
6 7
5 7
5 6
4 6
4 7
3 7
3 6
4 6
4 7
3 7
3 8
2 8
2 7
2 6
2 5
3 5
4 5
5 5
5 6
5 5
4 5
4 4
3 4
2 4
2 3
3 3
3 4
3 5
3 6
3 7
3 8
4 8
5 8
5 9
5 8
4 8
5 8
5 9
5 10
5 11
4 11
4 10
3 10
4 10
3 10
3 9
2 9
2 8
2 7
2 8
2 7
2 8
2 9
1 9
1 10
0 10
1 10
1 11
1 10
1 11
2 11
1 11
0 11
0 12
0 11
1 11
1 10
1 9
0 9
1 9
0 9
1 9
2 9
3 9
4 9
4 10
4 11
5 11
5 12
5 13
4 13
4 14
4 15
4 16
5 16
5 15
6 15
5 15
4 15
3 15
2 15
3 15
2 15
1 15
1 16
1 17
2 17
1 17
1 18
1 17
0 17
0 18
1 18
2 18
2 19
2 20
3 20
3 21
3 20
3 19
2 19
3 19
4 19
4 20
3 20
3 21
3 22
3 21
3 22
3 23
4 23
3 23
3 22
4 22
4 21
5 21
5 20
5 21
5 20
5 21
4 21
4 22
4 23
4 22
4 23
5 23
4 23
4 24
4 23
4 24
3 24
3 23
4 23
3 23
4 23
5 23
6 23
6 22
6 21
7 21
7 20
7 19
6 19
6 20
5 20
6 20
7 20
7 19
7 18
8 18
8 19
8 18
7 18
7 17
6 17
6 16
6 15
7 15
7 16
6 16
6 17
5 17
4 17
3 17
3 16
4 16
4 15
5 15
5 16
5 17
5 16
4 16
3 16
2 16
1 16
0 16
1 16
2 16
3 16
2 16
1 16
0 16
0 15
1 15
2 15
2 14
2 15
2 14
1 14
1 15
1 14
1 15
1 16
1 17
1 16
1 15
1 16
1 15
2 15
2 16
1 16
0 16
1 16
0 16
1 16
1 15
1 14
0 14
0 13
1 13
0 13
0 14
1 14
0 14
0 13
0 12
1 12
1 11
1 12
2 12
2 11
2 10
1 10
1 11
0 11
1 11
2 11
2 12
2 11
3 11
3 10
3 11
3 10
4 10
5 10
5 11
6 11
7 11
7 12
8 12
7 12
7 11
7 10
6 10
5 10
5 11
5 12
5 11
5 12
6 12
7 12
8 12
8 11
8 10
8 11
8 10
8 11
7 11
8 11
7 11
7 10
7 9
7 10
8 10
9 10
9 11
9 12
10 12
11 12
10 12
10 13
10 12
10 13
10 12
9 12
9 13
8 13
7 13
7 14
6 14
7 14
7 15
7 14
8 14
7 14
7 15
7 14
7 13
6 13
6 12
6 11
6 10
5 10
4 10
4 11
5 11
5 10
5 11
5 12
5 11
5 12
4 12
4 13
4 12
4 13
3 13
3 14
2 14
2 13
2 12
3 12
3 11
3 12
4 12
5 12
5 11
4 11
3 11
3 12
2 12
3 12
3 13
2 13
2 14
3 14
3 13
3 14
4 14
3 14
3 13
4 13
5 13
5 14
5 15
5 16
5 15
4 15
5 15
5 16
6 16
6 15
6 16
6 17
5 17
4 17
5 17
5 18
5 17
5 16
5 15
4 15
4 14
4 13
4 14
5 14
4 14
4 15
4 14
5 14
5 15
6 15
7 15
7 16
7 17
8 17
8 18
8 17
7 17
8 17
8 16
9 16
9 17
9 16
8 16
8 15
7 15
8 15
8 14
8 15
8 16
7 16
7 15
7 16
7 15
7 14
7 13
6 13
7 13
6 13
6 12
7 12
8 12
8 13
8 14
9 14
9 13
10 13
11 13
11 14
10 14
10 13
10 12
10 13
10 12
9 12
8 12
8 11
8 12
9 12
10 12
9 12
10 12
9 12
9 13
10 13
11 13
12 13
12 14
12 13
13 13
13 12
13 13
12 13
11 13
11 12
11 13
12 13
11 13
12 13
12 14
13 14
13 13
13 14
13 13
13 14
13 13
13 14
14 14
15 14
14 14
13 14
14 14
14 13
14 14
13 14
12 14
12 15
12 16
11 16
10 16
11 16
11 15
10 15
10 16
9 16
10 16
11 16
11 15
11 16
12 16
13 16
14 16
15 16
16 16
17 16
17 15
16 15
17 15
17 14
16 14
16 13
17 13
18 13
17 13
17 14
18 14
19 14
19 15
20 15
20 16
20 15
20 16
19 16
19 15
19 16
20 16
20 17
19 17
18 17
19 17
20 17
21 17
22 17
22 18
23 18
24 18
23 18
24 18
24 17
23 17
24 17
23 17
23 18
23 19
24 19
25 19
26 19
26 20
25 20
26 20
27 20
27 19
27 20
28 20
29 20
30 20
30 19
30 18
31 18
31 19
31 20
31 19
30 19
31 19
30 19
29 19
29 18
29 19
29 20
29 19
29 20
29 21
29 20
29 19
28 19
28 20
28 19
28 18
28 19
29 19
29 20
28 20
28 19
29 19
29 18
28 18
27 18
27 19
27 20
27 19
26 19
26 20
27 20
27 19
27 20
26 20
27 20
27 19
26 19
26 18
26 17
25 17
26 17
26 18
27 18
27 17
27 16
27 17
26 17
25 17
24 17
25 17
24 17
24 18
24 19
23 19
23 20
23 19
22 19
21 19
22 19
23 19
24 19
25 19
26 19
27 19
27 18
26 18
26 19
25 19
26 19
27 19
28 19
29 19
29 20
29 21
28 21
28 22
29 22
29 21
29 20
29 21
30 21
29 21
29 22
29 21
29 22
28 22
27 22
28 22
28 23
28 22
28 21
28 22
28 21
27 21
27 22
26 22
25 22
25 21
26 21
26 20
26 19
27 19
26 19
27 19
27 18
26 18
27 18
28 18
29 18
28 18
29 18
29 19
28 19
28 18
28 17
27 17
28 17
28 18
29 18
30 18
30 17
29 17
28 17
29 17
29 18
29 19
30 19
31 19
31 20
30 20
31 20
31 19
32 19
32 18
32 19
33 19
33 18
33 19
33 18
34 18
34 19
33 19
33 20
33 19
33 20
33 21
33 22
34 22
33 22
34 22
35 22
35 21
34 21
34 20
34 19
34 18
34 17
33 17
33 16
33 15
33 14
33 15
33 16
33 15
33 16
34 16
34 15
35 15
36 15
36 14
35 14
35 15
36 15
36 16
35 16
35 17
35 18
36 18
36 19
36 18
37 18
37 19
37 20
37 19
37 20
37 21
38 21
39 21
39 22
38 22
38 23
38 24
37 24
37 23
37 22
37 23
37 24
36 24
37 24
37 25
38 25
38 26
39 26
39 27
39 26
39 25
39 24
40 24
40 23
40 24
41 24
42 24
42 23
41 23
42 23
42 24
43 24
43 23
43 24
43 23
44 23
43 23
43 22
43 21
43 22
42 22
42 23
42 24
43 24
43 25
42 25
42 26
42 27
41 27
40 27
39 27
39 26
38 26
37 26
36 26
37 26
36 26
37 26
37 25
38 25
37 25
37 24
37 25
37 24
37 23
38 23
37 23
37 24
37 25
37 26
37 25
37 26
38 26
38 27
38 28
37 28
37 27
36 27
35 27
35 28
35 29
35 28
35 29
34 29
35 29
35 28
36 28
36 29
36 30
37 30
37 29
37 30
37 31
37 30
37 31
38 31
37 31
37 32
36 32
37 32
37 31
38 31
37 31
37 30
36 30
36 31
36 30
36 31
36 30
35 30
35 29
34 29
33 29
32 29
31 29
30 29
29 29
28 29
27 29
26 29
26 28
26 27
26 28
27 28
26 28
25 28
24 28
24 29
24 30
25 30
25 29
24 29
24 30
23 30
23 31
23 30
24 30
23 30
22 30
22 29
23 29
23 28
23 29
23 28
24 28
23 28
23 27
22 27
22 28
22 29
22 28
23 28
24 28
23 28
24 28
24 29
24 28
24 29
24 30
23 30
23 29
22 29
22 28
23 28
23 27
24 27
23 27
23 26
22 26
22 27
22 28
22 27
22 28
21 28
20 28
21 28
21 27
21 28
20 28
20 27
21 27
21 26
21 27
20 27
19 27
20 27
20 28
20 27
21 27
22 27
21 27
21 28
21 27
22 27
23 27
22 27
22 28
21 28
22 28
21 28
22 28
22 29
21 29
21 28
21 27
21 26
21 25
22 25
