0 0
1 0
1 1
0 1
1 1
2 1
3 1
3 2
3 3
3 2
3 1
2 1
3 1
3 0
3 1
4 1
4 0
5 0
4 0
3 0
3 1
4 1
4 2
4 1
3 1
2 1
1 1
0 1
0 2
0 1
0 0
1 0
2 0
2 1
2 2
2 3
3 3
2 3
1 3
0 3
1 3
0 3
1 3
1 4
1 5
1 4
1 3
2 3
2 2
3 2
2 2
3 2
4 2
4 3
4 4
3 4
4 4
4 5
5 5
5 6
5 7
5 8
5 7
5 8
5 9
4 9
3 9
3 10
3 9
3 10
2 10
2 11
3 11
2 11
3 11
2 11
2 10
2 9
2 8
2 9
3 9
2 9
2 10
1 10
2 10
3 10
3 11
3 12
4 12
4 11
3 11
3 12
2 12
3 12
3 13
3 12
3 13
3 12
3 13
3 14
4 14
4 15
5 15
6 15
5 15
6 15
7 15
7 16
7 15
7 16
7 17
7 16
7 15
7 14
6 14
6 15
5 15
5 16
5 17
6 17
6 16
6 15
7 15
7 16
8 16
9 16
10 16
10 17
10 16
10 15
10 16
10 17
11 17
10 17
10 16
10 17
10 18
10 17
11 17
12 17
12 18
12 19
12 20
11 20
11 21
11 22
11 21
10 21
10 22
11 22
10 22
9 22
9 21
10 21
9 21
9 22
9 21
8 21
7 21
8 21
9 21
9 20
10 20
10 21
10 22
11 22
12 22
11 22
10 22
11 22
10 22
10 23
9 23
10 23
11 23
11 24
11 23
10 23
10 24
9 24
8 24
8 25
8 24
7 24
7 23
8 23
7 23
6 23
7 23
6 23
5 23
5 24
6 24
6 25
5 25
4 25
5 25
5 26
4 26
4 27
5 27
5 28
5 27
6 27
5 27
4 27
4 26
5 26
6 26
6 27
5 27
5 26
6 26
5 26
6 26
7 26
7 25
8 25
8 24
8 23
9 23
9 22
10 22
10 23
10 24
10 25
11 25
11 24
12 24
11 24
11 25
10 25
10 24
11 24
12 24
13 24
12 24
12 23
12 24
11 24
10 24
11 24
12 24
12 25
12 24
11 24
11 25
10 25
10 24
10 25
11 25
12 25
12 24
12 25
12 26
12 27
12 28
11 28
12 28
13 28
13 29
13 30
13 31
12 31
12 32
13 32
12 32
12 31
12 32
12 31
12 30
12 31
13 31
13 32
13 31
14 31
15 31
15 30
14 30
13 30
13 29
13 28
13 27
14 27
14 28
15 28
15 27
15 28
14 28
13 28
12 28
12 27
12 26
11 26
12 26
12 25
13 25
12 25
12 24
11 24
11 25
10 25
9 25
9 24
10 24
10 25
11 25
12 25
11 25
10 25
9 25
9 24
10 24
10 23
9 23
9 22
9 21
10 21
10 22
9 22
10 22
10 21
10 22
9 22
8 22
7 22
6 22
7 22
7 23
6 23
6 22
6 23
6 22
5 22
6 22
7 22
6 22
6 23
7 23
6 23
6 22
5 22
6 22
5 22
4 22
4 21
4 20
5 20
5 19
4 19
3 19
3 18
3 17
4 17
4 18
5 18
5 17
5 16
5 17
4 17
4 16
3 16
2 16
1 16
2 16
3 16
4 16
5 16
5 15
4 15
3 15
3 14
3 13
2 13
2 14
2 13
3 13
4 13
5 13
4 13
4 12
4 11
4 10
4 11
5 11
5 10
6 10
6 9
6 10
7 10
7 9
6 9
6 10
6 11
6 12
7 12
8 12
9 12
8 12
7 12
6 12
6 13
6 12
6 11
6 12
5 12
6 12
6 13
6 14
7 14
7 15
7 16
7 15
7 14
6 14
6 13
5 13
4 13
4 12
4 13
5 13
5 12
6 12
6 11
6 12
6 13
6 14
7 14
7 13
7 12
6 12
6 13
5 13
4 13
5 13
5 12
5 13
5 14
5 15
5 16
4 16
3 16
3 15
2 15
2 16
1 16
2 16
2 15
3 15
3 14
3 13
3 12
3 11
3 12
2 12
2 11
3 11
4 11
5 11
6 11
5 11
4 11
3 11
3 10
3 11
2 11
2 12
1 12
0 12
0 13
0 12
0 13
1 13
1 14
0 14
0 15
0 14
1 14
0 14
0 15
0 16
0 15
1 15
2 15
1 15
1 16
1 15
2 15
2 14
2 13
3 13
2 13
2 14
2 13
2 12
3 12
3 13
2 13
2 14
2 13
1 13
2 13
2 14
1 14
0 14
1 14
1 15
2 15
3 15
4 15
5 15
5 16
5 17
5 16
6 16
7 16
6 16
7 16
6 16
6 17
5 17
5 18
5 19
6 19
6 20
6 19
7 19
7 20
6 20
6 21
6 22
6 21
6 22
5 22
5 23
5 24
5 23
4 23
4 22
3 22
3 21
2 21
2 20
3 20
2 20
1 20
2 20
2 19
1 19
1 18
2 18
1 18
1 17
1 18
2 18
1 18
0 18
1 18
0 18
0 17
0 16
0 17
1 17
1 16
1 17
2 17
3 17
4 17
5 17
5 16
5 15
5 16
5 15
5 14
5 15
5 16
6 16
7 16
7 17
6 17
7 17
7 18
6 18
7 18
6 18
5 18
5 17
5 18
5 19
6 19
5 19
6 19
6 20
6 21
5 21
5 22
6 22
6 21
6 22
7 22
8 22
7 22
7 23
8 23
7 23
8 23
7 23
7 22
6 22
6 21
6 22
7 22
7 21
6 21
6 20
6 21
6 20
7 20
6 20
5 20
5 21
4 21
4 22
3 22
2 22
2 21
2 22
2 23
2 22
3 22
4 22
5 22
5 23
6 23
5 23
5 24
4 24
4 25
5 25
6 25
5 25
6 25
6 26
5 26
6 26
7 26
7 27
7 26
7 27
7 26
8 26
9 26
9 27
9 26
9 25
8 25
9 25
9 24
10 24
9 24
9 25
9 24
10 24
10 25
9 25
9 26
9 25
8 25
8 26
9 26
10 26
10 25
11 25
10 25
11 25
11 26
10 26
10 27
11 27
10 27
11 27
10 27
9 27
10 27
10 26
10 27
11 27
11 28
12 28
11 28
11 29
10 29
10 28
10 29
10 28
10 27
9 27
9 28
8 28
8 29
8 30
8 29
8 28
8 27
8 26
8 25
8 24
8 25
8 24
8 23
9 23
10 23
11 23
10 23
9 23
10 23
11 23
11 22
11 21
11 22
12 22
11 22
12 22
13 22
13 21
13 22
12 22
12 23
13 23
13 24
14 24
15 24
15 23
15 24
16 24
16 23
16 24
16 23
16 22
17 22
18 22
18 21
19 21
19 20
19 19
18 19
19 19
19 18
20 18
21 18
22 18
21 18
21 17
22 17
22 18
22 17
22 16
21 16
21 15
20 15
19 15
19 16
19 15
18 15
19 15
19 14
20 14
20 13
19 13
19 12
20 12
20 13
21 13
20 13
21 13
21 12
21 13
22 13
23 13
22 13
23 13
24 13
24 14
25 14
24 14
25 14
25 13
26 13
27 13
26 13
27 13
28 13
27 13
27 12
28 12
27 12
26 12
26 13
27 13
26 13
26 14
25 14
26 14
25 14
24 14
24 15
24 16
24 15
24 16
24 17
23 17
23 18
22 18
22 17
23 17
23 18
24 18
25 18
25 17
25 18
24 18
24 19
25 19
25 18
25 19
26 19
27 19
26 19
26 18
26 17
25 17
25 16
25 15
25 14
25 13
25 14
24 14
24 15
24 14
23 14
23 13
24 13
24 14
25 14
25 15
25 14
25 13
26 13
27 13
26 13
26 14
26 13
26 14
27 14
28 14
28 15
28 14
28 13
29 13
29 14
29 13
29 12
29 11
30 11
30 10
31 10
31 9
32 9
32 10
31 10
32 10
32 11
31 11
30 11
29 11
29 12
28 12
29 12
29 11
29 12
28 12
27 12
27 11
28 11
28 12
29 12
29 11
29 12
29 13
29 14
29 15
29 16
30 16
30 17
29 17
28 17
28 18
28 17
28 16
28 15
28 16
28 17
27 17
28 17
28 18
27 18
27 17
28 17
28 18
28 19
28 18
28 19
28 18
29 18
29 19
29 20
29 21
29 20
28 20
27 20
27 21
27 20
27 19
27 18
27 19
27 20
27 21
28 21
29 21
29 22
28 22
29 22
29 21
30 21
30 22
30 21
31 21
31 20
32 20
32 19
33 19
33 20
33 21
33 22
34 22
33 22
33 23
34 23
34 22
33 22
32 22
33 22
32 22
32 21
32 22
31 22
31 21
32 21
33 21
33 20
33 21
33 22
33 21
34 21
34 22
33 22
32 22
32 23
32 24
32 25
32 26
33 26
33 25
33 24
34 24
35 24
36 24
36 23
36 22
36 23
36 22
36 23
36 24
36 25
36 24
36 23
37 23
37 22
37 23
38 23
39 23
39 22
38 22
37 22
37 23
36 23
36 24
35 24
35 25
35 26
