0 0
1 0
1 1
0 1
1 1
2 1
1 1
1 0
1 1
1 2
1 1
1 2
1 3
1 2
1 1
2 1
1 1
2 1
1 1
0 1
1 1
1 0
1 1
0 1
1 1
1 2
1 1
0 1
0 2
1 2
1 1
0 1
1 1
1 0
2 0
2 1
1 1
1 2
2 2
1 2
1 1
0 1
0 2
0 1
0 2
0 1
1 1
1 0
0 0
0 1
1 1
0 1
0 2
0 3
0 4
0 3
0 4
1 4
2 4
2 5
3 5
4 5
5 5
5 6
4 6
4 5
3 5
3 4
2 4
3 4
4 4
5 4
5 3
6 3
6 2
5 2
6 2
7 2
8 2
7 2
7 1
7 0
7 1
6 1
7 1
6 1
6 0
6 1
6 0
6 1
7 1
6 1
6 0
7 0
6 0
7 0
7 1
8 1
9 1
10 1
9 1
8 1
9 1
8 1
8 2
7 2
7 1
8 1
8 0
8 1
9 1
10 1
9 1
9 2
9 1
9 0
9 1
9 0
9 1
8 1
7 1
7 2
6 2
7 2
7 3
8 3
9 3
8 3
8 2
8 1
8 2
8 3
9 3
10 3
11 3
10 3
11 3
11 4
11 3
10 3
10 4
11 4
10 4
10 3
10 4
10 3
10 2
10 1
10 2
10 3
9 3
10 3
11 3
11 2
11 3
12 3
12 2
13 2
13 3
12 3
13 3
13 4
12 4
12 5
13 5
14 5
14 6
15 6
15 7
15 6
15 7
16 7
16 8
15 8
15 7
14 7
14 6
13 6
13 7
12 7
13 7
12 7
12 6
12 7
13 7
14 7
15 7
15 8
16 8
16 7
16 8
17 8
18 8
19 8
18 8
18 9
17 9
18 9
17 9
18 9
18 8
17 8
17 7
17 6
18 6
19 6
19 7
20 7
20 6
20 7
19 7
20 7
19 7
19 8
19 7
19 8
19 7
19 6
20 6
21 6
20 6
19 6
19 7
20 7
21 7
22 7
22 8
22 7
21 7
20 7
20 8
20 7
20 8
19 8
19 7
18 7
19 7
18 7
18 6
18 7
17 7
17 6
17 5
16 5
16 6
15 6
15 7
14 7
15 7
15 6
16 6
15 6
14 6
14 7
14 8
14 9
14 10
13 10
14 10
14 9
13 9
13 10
13 11
14 11
14 10
13 10
13 11
12 11
13 11
13 10
13 9
13 10
13 9
14 9
14 10
13 10
13 11
13 12
13 11
14 11
14 12
13 12
13 11
13 12
13 13
13 14
14 14
15 14
15 13
16 13
16 12
16 13
17 13
18 13
17 13
18 13
19 13
20 13
20 12
19 12
19 13
19 12
18 12
18 13
19 13
19 12
20 12
19 12
19 13
19 14
19 15
19 16
20 16
19 16
19 17
19 16
19 17
19 16
19 17
19 16
19 15
19 14
20 14
21 14
22 14
22 13
22 14
23 14
23 15
22 15
21 15
22 15
21 15
21 16
20 16
19 16
20 16
20 17
20 16
20 15
20 14
19 14
19 13
18 13
19 13
18 13
19 13
19 14
18 14
18 13
19 13
20 13
20 12
20 13
19 13
20 13
20 14
20 15
19 15
20 15
20 14
20 13
19 13
19 12
19 13
20 13
19 13
19 14
18 14
19 14
19 15
19 14
20 14
20 15
20 16
19 16
19 17
19 16
18 16
17 16
17 15
17 16
17 15
17 16
18 16
18 17
18 16
17 16
16 16
15 16
15 15
15 16
14 16
13 16
14 16
15 16
14 16
13 16
13 17
14 17
14 18
14 17
14 16
14 17
14 16
14 17
15 17
15 18
14 18
14 17
13 17
12 17
12 18
11 18
12 18
11 18
11 19
11 18
11 17
11 16
11 15
10 15
10 14
10 15
10 16
10 15
9 15
9 14
10 14
9 14
8 14
8 15
8 14
8 15
9 15
8 15
8 14
9 14
10 14
10 15
10 14
9 14
10 14
9 14
8 14
8 15
8 16
9 16
10 16
11 16
12 16
13 16
13 17
13 18
14 18
14 17
14 18
13 18
14 18
15 18
14 18
13 18
13 19
14 19
15 19
15 20
15 21
14 21
13 21
14 21
13 21
14 21
14 22
15 22
15 21
15 20
16 20
17 20
17 21
18 21
19 21
20 21
19 21
19 20
20 20
20 19
19 19
19 20
19 21
20 21
21 21
20 21
19 21
19 22
18 22
18 21
17 21
17 22
18 22
17 22
16 22
16 23
17 23
17 22
17 23
17 24
17 23
17 24
18 24
18 23
18 22
19 22
20 22
21 22
21 21
20 21
21 21
21 22
22 22
23 22
23 23
23 24
23 25
23 24
23 25
22 25
22 26
23 26
22 26
21 26
21 27
21 28
21 27
21 28
20 28
19 28
19 27
19 28
19 29
19 28
20 28
21 28
22 28
22 29
22 30
22 29
22 30
21 30
20 30
20 31
21 31
21 32
20 32
21 32
22 32
22 33
22 32
22 31
21 31
20 31
21 31
22 31
22 32
22 31
21 31
21 32
21 33
20 33
20 34
20 35
19 35
18 35
19 35
20 35
20 34
21 34
22 34
22 35
23 35
22 35
21 35
21 34
22 34
21 34
22 34
22 35
22 34
23 34
23 35
22 35
21 35
21 34
21 33
22 33
22 32
22 31
23 31
23 30
23 29
24 29
24 30
24 29
23 29
24 29
24 28
25 28
24 28
23 28
24 28
24 27
24 28
24 29
24 28
23 28
22 28
22 27
22 26
21 26
21 25
22 25
22 26
22 25
21 25
21 24
21 25
20 25
19 25
20 25
20 24
20 23
20 22
20 21
21 21
20 21
21 21
22 21
22 22
23 22
23 21
22 21
21 21
20 21
20 20
21 20
21 19
21 18
20 18
21 18
20 18
20 19
20 20
19 20
19 19
19 20
20 20
20 19
20 18
20 17
20 16
19 16
20 16
21 16
20 16
21 16
21 17
22 17
23 17
23 18
22 18
21 18
22 18
23 18
23 17
24 17
24 18
23 18
22 18
22 17
22 16
22 17
22 16
22 17
21 17
20 17
20 18
21 18
20 18
20 17
20 18
21 18
20 18
20 19
20 18
19 18
18 18
17 18
17 19
18 19
18 18
18 17
19 17
18 17
18 16
17 16
17 17
18 17
18 18
18 17
18 18
18 19
19 19
19 18
20 18
20 19
19 19
19 20
19 19
18 19
18 18
18 19
19 19
20 19
19 19
20 19
19 19
18 19
17 19
17 20
18 20
17 20
18 20
18 21
17 21
18 21
19 21
18 21
17 21
16 21
16 20
17 20
17 19
18 19
18 18
18 19
17 19
16 19
16 20
17 20
17 19
17 20
18 20
18 21
19 21
20 21
20 20
19 20
20 20
20 21
21 21
22 21
21 21
22 21
21 21
21 22
21 21
22 21
23 21
23 20
22 20
22 21
22 20
21 20
21 19
21 20
22 20
22 21
21 21
21 20
20 20
20 21
20 20
21 20
21 21
21 20
21 21
21 20
20 20
20 21
20 20
20 19
19 19
19 20
19 21
18 21
19 21
19 20
20 20
21 20
21 21
22 21
22 22
22 21
23 21
23 20
24 20
23 20
23 21
23 22
23 21
22 21
21 21
21 20
22 20
23 20
24 20
24 19
24 20
24 19
25 19
25 18
25 19
25 18
25 17
26 17
26 18
26 17
26 16
27 16
26 16
26 15
27 15
26 15
27 15
27 14
28 14
28 15
28 14
29 14
28 14
28 13
29 13
29 12
28 12
27 12
27 13
27 14
27 13
27 14
28 14
28 13
29 13
30 13
31 13
30 13
29 13
29 12
29 11
29 12
30 12
30 11
30 12
29 12
28 12
29 12
30 12
29 12
29 11
29 12
30 12
30 13
30 12
31 12
31 13
30 13
29 13
29 12
29 11
29 12
28 12
28 11
29 11
30 11
29 11
29 12
29 13
28 13
27 13
27 12
28 12
29 12
29 11
29 10
28 10
28 11
28 10
28 11
27 11
27 12
27 11
27 12
27 11
26 11
26 12
27 12
28 12
28 11
28 12
27 12
28 12
28 13
28 14
27 14
27 15
27 14
27 15
28 15
28 16
28 17
28 18
28 19
28 18
29 18
30 18
30 17
29 17
29 18
30 18
30 19
30 18
29 18
28 18
28 19
29 19
28 19
28 20
27 20
27 21
28 21
28 20
28 19
28 18
29 18
30 18
29 18
29 17
29 18
29 19
29 20
29 21
28 21
29 21
30 21
30 22
30 21
30 22
30 23
31 23
32 23
32 24
31 24
30 24
31 24
31 23
32 23
32 24
31 24
31 23
30 23
29 23
30 23
31 23
31 24
32 24
31 24
31 23
32 23
32 24
31 24
32 24
31 24
32 24
33 24
33 25
33 26
33 25
34 25
33 25
33 24
34 24
34 23
34 22
35 22
36 22
36 21
36 22
37 22
36 22
36 21
36 20
36 21
