0 0
0 1
0 2
1 2
2 2
1 2
1 1
0 1
0 0
1 0
1 1
1 0
1 1
1 2
2 2
2 1
2 2
2 1
2 2
2 3
2 4
2 5
2 4
3 4
4 4
3 4
4 4
5 4
5 3
5 2
6 2
6 1
7 1
6 1
5 1
4 1
5 1
6 1
6 2
7 2
7 3
8 3
8 4
7 4
6 4
5 4
4 4
5 4
6 4
5 4
6 4
6 5
7 5
6 5
6 4
6 3
6 2
7 2
7 3
7 2
7 3
7 2
7 3
7 2
8 2
8 3
9 3
9 4
8 4
8 3
9 3
9 2
10 2
10 1
9 1
10 1
9 1
10 1
10 2
11 2
10 2
10 1
11 1
12 1
13 1
14 1
13 1
12 1
12 0
12 1
13 1
14 1
14 2
14 1
14 2
14 3
15 3
15 2
15 3
15 4
15 5
14 5
15 5
15 6
15 5
15 6
16 6
17 6
17 5
17 6
17 7
18 7
18 6
18 5
19 5
18 5
18 4
18 3
18 2
19 2
20 2
19 2
18 2
18 3
19 3
20 3
21 3
21 4
22 4
22 3
22 4
22 3
22 2
21 2
21 3
21 4
22 4
23 4
23 5
22 5
23 5
22 5
22 6
22 5
23 5
22 5
21 5
21 6
20 6
19 6
20 6
20 7
20 8
20 9
20 10
19 10
19 11
18 11
17 11
16 11
15 11
16 11
16 10
15 10
16 10
15 10
14 10
13 10
13 9
12 9
11 9
11 10
11 9
11 8
12 8
12 9
13 9
12 9
12 8
12 9
12 10
12 9
12 10
11 10
10 10
10 9
11 9
11 10
11 9
10 9
10 8
10 9
9 9
8 9
8 8
8 7
7 7
7 8
6 8
6 7
6 8
6 7
6 8
6 7
5 7
4 7
4 8
5 8
5 9
6 9
7 9
7 8
6 8
6 7
5 7
4 7
4 6
4 7
3 7
3 8
3 9
4 9
4 10
3 10
4 10
4 9
5 9
5 8
5 7
4 7
3 7
4 7
3 7
3 8
3 9
3 10
3 9
4 9
3 9
4 9
4 10
4 11
5 11
5 10
4 10
3 10
3 9
2 9
2 10
1 10
2 10
1 10
1 9
1 8
0 8
0 9
1 9
1 8
2 8
2 9
3 9
3 10
3 11
2 11
1 11
1 10
1 9
0 9
1 9
0 9
0 10
0 9
0 8
1 8
1 9
2 9
2 8
2 7
1 7
1 8
1 9
1 10
1 11
1 12
2 12
2 11
2 12
3 12
3 13
3 14
2 14
2 15
3 15
3 16
3 15
3 16
2 16
2 15
2 16
2 15
2 16
1 16
2 16
2 17
2 16
2 15
1 15
1 16
1 17
2 17
3 17
4 17
5 17
5 18
4 18
5 18
5 19
6 19
5 19
5 18
6 18
6 17
5 17
5 16
4 16
4 15
4 16
3 16
2 16
3 16
4 16
5 16
6 16
7 16
8 16
7 16
7 17
7 16
7 17
6 17
5 17
6 17
6 16
6 17
6 18
6 19
6 20
5 20
6 20
5 20
6 20
6 19
6 20
6 21
5 21
5 22
6 22
6 21
7 21
7 20
7 19
7 20
7 19
7 20
7 21
7 22
7 21
7 22
6 22
6 21
5 21
4 21
4 22
4 21
3 21
2 21
2 22
2 23
1 23
1 24
1 25
2 25
3 25
2 25
3 25
2 25
1 25
1 24
1 25
0 25
0 26
0 27
0 28
0 27
0 28
0 29
0 30
0 29
0 28
0 29
0 30
1 30
1 29
2 29
1 29
0 29
1 29
2 29
3 29
4 29
4 28
4 29
4 28
4 27
3 27
4 27
3 27
4 27
4 28
4 29
4 28
5 28
5 29
5 30
4 30
3 30
4 30
4 31
3 31
3 32
3 31
2 31
1 31
1 30
0 30
1 30
2 30
3 30
2 30
3 30
2 30
1 30
1 29
0 29
0 28
0 29
1 29
0 29
1 29
0 29
0 28
0 27
0 26
0 27
1 27
1 26
1 27
1 28
0 28
0 29
0 28
0 29
0 30
1 30
0 30
1 30
2 30
2 31
1 31
0 31
1 31
1 32
2 32
2 31
3 31
2 31
2 30
2 31
1 31
1 30
0 30
0 29
0 30
1 30
1 29
1 28
1 27
2 27
2 28
2 29
1 29
0 29
0 28
1 28
1 27
2 27
1 27
1 28
0 28
0 29
1 29
1 28
1 29
0 29
0 30
0 29
1 29
0 29
0 28
1 28
1 27
2 27
3 27
3 26
3 27
3 28
2 28
3 28
3 27
3 28
3 27
4 27
4 28
3 28
3 29
2 29
3 29
4 29
4 30
5 30
4 30
4 31
5 31
5 32
5 31
5 30
6 30
5 30
6 30
6 31
5 31
4 31
4 30
5 30
5 29
6 29
6 30
5 30
4 30
4 29
4 30
5 30
4 30
4 31
5 31
6 31
7 31
7 32
6 32
6 33
6 32
6 31
6 32
6 33
5 33
5 32
6 32
7 32
7 31
7 30
8 30
8 31
8 32
8 31
8 32
8 31
8 32
8 33
9 33
8 33
8 32
7 32
8 32
7 32
6 32
5 32
5 31
5 32
4 32
3 32
4 32
5 32
6 32
6 31
7 31
7 30
7 29
6 29
5 29
5 28
5 27
5 28
5 29
6 29
6 28
7 28
6 28
5 28
6 28
6 27
7 27
7 28
8 28
8 27
8 28
8 29
8 28
7 28
7 27
6 27
5 27
5 26
6 26
7 26
8 26
7 26
6 26
5 26
6 26
5 26
6 26
6 27
5 27
6 27
6 26
6 27
6 28
5 28
5 29
5 30
6 30
5 30
5 31
6 31
6 30
7 30
7 31
6 31
5 31
6 31
5 31
6 31
6 32
6 31
6 32
6 31
6 32
7 32
7 33
6 33
5 33
6 33
7 33
8 33
8 32
8 33
8 34
9 34
10 34
10 33
11 33
10 33
10 34
11 34
11 35
12 35
12 34
12 33
12 32
13 32
13 33
12 33
13 33
13 34
13 33
14 33
15 33
15 32
14 32
14 31
13 31
14 31
13 31
12 31
12 32
12 33
11 33
10 33
11 33
12 33
12 32
13 32
13 31
13 32
14 32
14 31
14 30
14 31
14 30
14 31
14 30
14 29
14 28
13 28
14 28
13 28
12 28
12 27
12 28
11 28
11 29
10 29
11 29
11 28
11 29
11 30
11 29
11 28
10 28
9 28
9 27
8 27
8 28
9 28
9 27
8 27
7 27
7 28
6 28
7 28
8 28
8 27
9 27
9 28
10 28
10 29
10 30
10 31
11 31
10 31
10 30
10 29
10 30
10 31
10 32
9 32
9 33
9 32
8 32
8 33
9 33
9 34
8 34
9 34
8 34
8 35
8 36
7 36
6 36
6 35
7 35
6 35
6 36
6 35
7 35
6 35
7 35
7 36
7 37
6 37
7 37
6 37
6 36
6 37
7 37
8 37
9 37
10 37
11 37
11 36
11 37
10 37
11 37
11 36
12 36
12 35
12 36
12 35
13 35
12 35
13 35
13 36
13 37
13 38
13 39
14 39
15 39
15 40
16 40
15 40
16 40
16 39
16 38
16 37
16 36
15 36
15 37
14 37
14 38
14 39
14 40
14 39
15 39
16 39
16 38
16 39
17 39
16 39
15 39
14 39
14 40
13 40
12 40
12 39
12 38
13 38
14 38
15 38
15 39
14 39
14 38
14 37
15 37
15 38
15 37
14 37
14 36
13 36
14 36
15 36
15 35
16 35
16 36
17 36
18 36
17 36
17 37
17 36
17 37
16 37
15 37
16 37
17 37
17 36
18 36
18 35
19 35
20 35
19 35
18 35
18 34
18 33
17 33
17 34
17 35
17 34
18 34
18 33
18 32
18 33
19 33
19 34
19 35
20 35
19 35
20 35
20 34
21 34
21 35
21 36
22 36
22 35
21 35
21 36
21 37
21 36
21 37
21 38
21 39
21 38
21 39
20 39
19 39
19 38
20 38
19 38
20 38
21 38
22 38
22 37
21 37
21 38
22 38
23 38
23 37
23 36
23 35
23 34
24 34
24 35
24 34
23 34
23 35
22 35
21 35
21 34
22 34
23 34
22 34
21 34
20 34
20 35
20 34
20 35
20 36
21 36
21 37
22 37
23 37
23 36
24 36
23 36
24 36
24 37
24 36
25 36
25 37
25 38
24 38
24 39
24 40
24 41
24 42
23 42
23 41
23 40
24 40
24 41
24 42
25 42
26 42
26 43
27 43
27 44
28 44
28 43
28 44
27 44
28 44
28 45
29 45
30 45
30 44
30 43
30 44
30 43
31 43
31 44
31 43
31 42
31 43
31 44
32 44
32 43
31 43
32 43
32 44
32 43
33 43
32 43
32 42
32 41
33 41
34 41
34 42
34 43
35 43
36 43
36 42
35 42
