0 0
1 0
0 0
1 0
0 0
1 0
1 1
1 0
2 0
2 1
1 1
1 0
0 0
0 1
0 2
0 1
0 2
1 2
2 2
2 1
2 2
2 3
1 3
2 3
2 2
1 2
2 2
2 3
3 3
4 3
5 3
4 3
5 3
4 3
4 2
3 2
3 3
4 3
5 3
6 3
7 3
7 2
8 2
9 2
9 1
9 2
9 1
9 2
9 1
10 1
9 1
8 1
9 1
9 2
8 2
7 2
7 3
8 3
8 4
8 3
8 4
8 5
8 4
8 5
9 5
9 4
9 3
10 3
11 3
10 3
11 3
11 4
10 4
9 4
8 4
8 3
7 3
7 4
8 4
9 4
8 4
8 5
8 4
9 4
10 4
9 4
9 3
9 2
8 2
8 3
9 3
9 2
9 1
9 2
9 3
8 3
8 2
8 3
8 2
8 3
8 4
7 4
7 5
6 5
6 4
6 5
7 5
7 4
8 4
8 5
7 5
7 6
8 6
8 7
9 7
8 7
9 7
10 7
11 7
12 7
13 7
12 7
11 7
12 7
13 7
13 6
13 7
12 7
13 7
13 8
14 8
15 8
15 7
16 7
17 7
17 6
17 7
17 6
17 5
16 5
16 6
15 6
15 5
15 6
15 5
15 6
15 7
16 7
17 7
16 7
16 6
16 5
16 4
15 4
15 3
14 3
14 2
14 1
15 1
16 1
16 2
15 2
14 2
15 2
14 2
14 3
14 2
14 3
15 3
15 2
14 2
15 2
15 1
15 2
16 2
15 2
15 3
14 3
14 4
13 4
14 4
15 4
16 4
15 4
15 3
15 4
15 3
15 4
15 3
16 3
15 3
16 3
17 3
17 4
16 4
16 3
16 4
15 4
15 5
16 5
17 5
16 5
17 5
18 5
18 4
18 3
17 3
17 2
18 2
19 2
18 2
19 2
19 1
20 1
20 2
19 2
19 1
20 1
19 1
19 2
20 2
19 2
20 2
21 2
21 3
21 4
21 5
21 6
21 5
21 4
21 3
20 3
21 3
20 3
19 3
19 2
20 2
19 2
19 1
20 1
21 1
21 0
20 0
21 0
22 0
22 1
22 0
22 1
21 1
20 1
20 2
21 2
21 1
21 0
22 0
21 0
22 0
21 0
21 1
22 1
22 2
22 1
22 0
21 0
21 1
20 1
19 1
19 2
18 2
18 1
18 2
19 2
18 2
19 2
19 1
19 0
19 1
19 2
18 2
17 2
17 3
17 4
16 4
16 5
17 5
17 6
16 6
15 6
16 6
16 7
16 8
15 8
15 7
14 7
13 7
13 6
12 6
11 6
11 7
12 7
13 7
12 7
12 8
13 8
13 7
12 7
12 8
12 9
13 9
14 9
14 8
14 7
13 7
12 7
12 6
12 5
12 4
12 5
11 5
10 5
9 5
9 4
9 3
10 3
9 3
9 4
9 3
10 3
10 2
11 2
11 1
11 0
12 0
11 0
11 1
12 1
13 1
13 2
14 2
15 2
15 1
15 2
16 2
16 1
16 0
16 1
16 0
16 1
17 1
16 1
15 1
16 1
15 1
14 1
14 0
15 0
15 1
15 2
15 1
14 1
14 2
15 2
15 1
15 2
15 1
15 2
15 1
14 1
14 0
13 0
13 1
13 0
13 1
14 1
14 0
15 0
14 0
13 0
13 1
12 1
12 2
11 2
11 1
12 1
12 2
13 2
14 2
13 2
14 2
14 3
14 4
14 3
15 3
15 4
15 3
15 4
16 4
16 5
16 4
17 4
16 4
16 5
16 6
16 5
17 5
17 4
17 5
17 6
17 5
18 5
17 5
17 4
17 3
17 4
17 3
16 3
17 3
17 4
17 5
17 6
18 6
18 7
17 7
16 7
16 8
15 8
15 9
16 9
16 8
16 7
16 8
16 7
15 7
16 7
17 7
16 7
16 8
16 7
17 7
18 7
18 6
18 5
18 4
17 4
17 3
16 3
16 4
16 3
16 2
15 2
14 2
13 2
13 3
14 3
14 4
15 4
15 3
15 4
16 4
16 3
16 4
17 4
18 4
19 4
19 3
19 4
20 4
20 3
20 4
19 4
18 4
18 5
19 5
19 6
19 7
18 7
17 7
16 7
16 8
15 8
14 8
14 7
14 6
14 7
14 6
14 7
14 6
13 6
14 6
13 6
13 5
13 4
13 3
13 4
14 4
13 4
14 4
13 4
14 4
14 5
14 4
15 4
15 3
15 2
15 1
15 2
16 2
16 1
17 1
17 2
16 2
15 2
16 2
16 3
16 4
17 4
17 5
17 4
16 4
15 4
14 4
14 5
13 5
13 6
13 7
14 7
14 6
13 6
13 5
12 5
11 5
11 4
11 3
11 2
12 2
12 3
12 2
12 3
13 3
13 4
12 4
12 5
12 4
12 5
11 5
11 6
11 5
11 4
11 5
10 5
11 5
12 5
11 5
11 4
11 5
11 4
10 4
10 3
10 4
9 4
8 4
7 4
7 5
8 5
9 5
10 5
10 6
10 5
10 4
9 4
9 5
10 5
11 5
11 4
11 5
11 4
10 4
9 4
9 3
9 4
10 4
9 4
9 5
10 5
9 5
9 4
9 3
9 2
9 3
8 3
9 3
8 3
8 2
8 3
8 4
9 4
10 4
9 4
10 4
9 4
10 4
10 5
9 5
10 5
10 6
10 5
11 5
11 6
12 6
13 6
12 6
12 7
12 8
12 9
11 9
12 9
12 8
13 8
14 8
14 9
14 10
14 11
15 11
15 10
14 10
15 10
15 11
15 10
16 10
16 11
16 10
17 10
16 10
17 10
17 9
17 10
17 11
17 12
17 11
16 11
16 10
17 10
17 9
18 9
18 10
18 9
17 9
16 9
17 9
16 9
16 10
17 10
16 10
16 9
17 9
17 8
18 8
19 8
19 9
19 10
20 10
20 11
21 11
22 11
22 10
22 11
22 12
22 13
23 13
23 12
24 12
23 12
23 13
24 13
24 14
23 14
24 14
25 14
26 14
27 14
27 15
27 14
27 13
27 12
27 11
27 10
27 9
26 9
25 9
25 8
26 8
27 8
27 9
26 9
26 10
25 10
25 9
25 10
25 11
25 10
24 10
24 11
24 12
24 11
25 11
25 12
26 12
26 13
26 12
27 12
26 12
27 12
27 13
27 14
26 14
27 14
28 14
28 13
29 13
29 12
30 12
30 11
30 12
29 12
29 13
28 13
29 13
29 12
30 12
29 12
29 13
29 12
28 12
28 13
28 12
29 12
28 12
28 13
27 13
28 13
29 13
29 14
28 14
29 14
28 14
27 14
27 15
27 16
28 16
28 17
28 16
28 15
28 16
28 17
27 17
26 17
25 17
26 17
26 18
25 18
25 17
25 18
24 18
24 19
23 19
24 19
24 20
24 19
23 19
22 19
22 20
23 20
24 20
24 19
23 19
23 18
23 19
24 19
24 20
23 20
23 19
24 19
25 19
25 20
26 20
26 19
26 18
26 17
25 17
26 17
27 17
28 17
29 17
28 17
28 18
28 19
28 18
29 18
29 17
30 17
30 16
29 16
29 17
29 16
29 15
28 15
28 16
28 15
29 15
29 14
30 14
30 13
31 13
30 13
30 14
29 14
28 14
27 14
26 14
26 13
26 14
25 14
25 15
26 15
26 16
26 17
26 16
25 16
26 16
27 16
26 16
25 16
26 16
25 16
24 16
24 15
24 14
25 14
25 15
25 16
24 16
24 17
24 16
23 16
23 17
23 18
23 17
24 17
24 16
24 17
25 17
24 17
24 18
24 19
25 19
24 19
23 19
22 19
21 19
20 19
20 20
20 19
20 18
20 19
21 19
21 20
20 20
19 20
20 20
19 20
19 19
20 19
21 19
21 20
21 21
22 21
22 20
22 19
21 19
22 19
22 18
22 19
21 19
22 19
22 20
21 20
20 20
19 20
19 21
19 22
20 22
20 21
21 21
20 21
20 22
20 21
21 21
21 20
22 20
22 21
22 20
21 20
21 19
21 20
21 21
20 21
21 21
22 21
22 22
23 22
23 21
24 21
25 21
25 20
24 20
24 21
23 21
22 21
22 20
23 20
23 19
22 19
22 18
22 17
22 18
22 19
22 20
22 21
23 21
23 22
23 21
23 22
24 22
23 22
23 23
24 23
25 23
25 24
26 24
25 24
25 25
26 25
26 24
26 25
26 26
26 27
26 26
25 26
25 25
25 24
25 23
25 22
26 22
26 21
27 21
27 22
27 23
28 23
28 22
29 22
30 22
29 22
30 22
30 21
30 22
29 22
29 21
29 20
28 20
28 21
29 21
30 21
31 21
31 20
31 19
31 20
32 20
33 20
32 20
32 21
32 22
32 21
32 22
32 21
32 20
33 20
34 20
34 19
35 19
35 20
34 20
34 19
33 19
33 18
33 17
33 18
33 19
33 18
33 17
34 17
