0 0
0 1
1 1
2 1
3 1
2 1
2 0
1 0
2 0
2 1
3 1
3 0
3 1
4 1
3 1
3 0
4 0
4 1
4 0
4 1
5 1
5 2
5 1
5 0
4 0
4 1
5 1
6 1
7 1
7 2
7 3
7 2
6 2
6 1
6 2
5 2
5 3
5 2
6 2
6 3
7 3
7 4
8 4
7 4
7 3
8 3
8 4
7 4
7 5
7 4
7 3
7 4
8 4
9 4
10 4
10 5
11 5
12 5
12 6
13 6
14 6
13 6
13 7
13 8
13 7
12 7
12 6
13 6
12 6
13 6
14 6
14 7
14 8
14 9
15 9
14 9
14 10
14 11
13 11
13 12
14 12
15 12
16 12
15 12
15 13
14 13
13 13
13 12
14 12
14 11
14 12
14 11
15 11
14 11
15 11
15 12
15 13
15 14
16 14
15 14
16 14
16 13
16 12
17 12
18 12
18 13
19 13
19 14
19 13
19 14
18 14
19 14
19 13
20 13
20 14
21 14
21 15
21 14
21 15
20 15
19 15
19 16
19 15
20 15
20 14
19 14
19 13
19 14
20 14
20 15
19 15
18 15
17 15
17 14
18 14
19 14
19 13
18 13
17 13
18 13
17 13
17 12
18 12
19 12
20 12
21 12
20 12
21 12
20 12
21 12
21 11
21 10
21 9
20 9
19 9
20 9
20 8
20 9
20 10
19 10
18 10
18 9
17 9
17 8
17 9
17 8
16 8
16 9
17 9
16 9
16 10
16 11
16 12
16 11
16 10
16 9
15 9
15 8
15 9
15 8
15 9
15 10
14 10
14 9
14 10
14 11
15 11
15 10
15 11
15 12
14 12
14 11
15 11
15 10
16 10
17 10
16 10
15 10
16 10
16 9
16 8
17 8
18 8
18 7
17 7
16 7
17 7
18 7
19 7
20 7
21 7
22 7
22 6
22 5
22 4
21 4
21 5
21 6
22 6
21 6
20 6
21 6
21 5
20 5
19 5
19 4
20 4
19 4
20 4
19 4
20 4
20 3
19 3
19 2
19 1
19 0
18 0
18 1
18 2
18 3
18 4
18 3
19 3
19 2
18 2
18 3
18 4
17 4
18 4
17 4
18 4
19 4
19 5
19 6
18 6
19 6
19 7
20 7
20 6
21 6
22 6
21 6
22 6
21 6
21 7
21 8
21 7
21 8
21 9
21 8
21 9
22 9
23 9
23 8
22 8
21 8
21 7
21 8
22 8
22 9
23 9
23 8
22 8
21 8
21 7
21 8
21 9
21 8
22 8
22 9
23 9
22 9
22 10
23 10
23 9
24 9
24 10
23 10
23 11
23 10
24 10
23 10
23 9
23 10
23 9
23 10
24 10
24 9
25 9
24 9
25 9
24 9
23 9
23 10
24 10
25 10
24 10
25 10
26 10
27 10
27 11
27 10
27 9
26 9
26 10
27 10
28 10
27 10
27 11
28 11
28 12
28 11
29 11
30 11
31 11
31 10
31 9
31 10
31 9
31 8
31 7
31 8
30 8
30 9
30 10
31 10
31 11
31 12
31 11
31 12
31 11
31 12
30 12
30 11
30 12
30 11
30 12
29 12
28 12
28 13
28 14
29 14
29 15
29 14
30 14
31 14
30 14
30 15
31 15
30 15
31 15
30 15
31 15
31 16
31 17
32 17
32 18
31 18
32 18
32 19
32 18
33 18
32 18
33 18
34 18
33 18
34 18
33 18
32 18
32 19
31 19
31 18
30 18
30 17
30 16
30 15
31 15
31 16
32 16
31 16
31 17
31 16
31 17
31 18
32 18
32 17
32 16
32 17
33 17
33 18
33 17
32 17
32 16
31 16
30 16
30 15
29 15
28 15
28 16
29 16
30 16
29 16
28 16
29 16
28 16
28 17
28 18
28 19
27 19
26 19
26 18
25 18
24 18
23 18
22 18
22 17
22 16
22 15
21 15
21 14
21 15
21 14
21 13
21 12
21 11
21 12
20 12
19 12
19 13
18 13
18 14
18 15
18 14
18 15
17 15
16 15
16 14
17 14
18 14
18 15
17 15
16 15
17 15
18 15
17 15
17 14
16 14
16 15
17 15
16 15
16 14
16 15
16 14
16 15
16 14
16 15
15 15
16 15
15 15
14 15
14 14
14 15
14 14
14 15
14 16
15 16
15 15
14 15
14 14
15 14
15 15
15 16
14 16
13 16
13 17
13 16
14 16
14 15
14 14
15 14
14 14
14 15
15 15
16 15
17 15
18 15
17 15
18 15
18 16
19 16
19 15
19 16
19 15
18 15
18 14
18 13
19 13
19 14
18 14
17 14
17 13
17 12
18 12
18 11
17 11
17 12
17 11
17 12
18 12
18 13
18 14
18 13
19 13
20 13
19 13
19 14
18 14
17 14
16 14
16 13
17 13
18 13
18 14
19 14
19 13
18 13
17 13
17 14
17 13
17 12
18 12
18 11
19 11
18 11
19 11
19 12
18 12
18 13
18 12
18 13
18 14
19 14
20 14
21 14
20 14
19 14
20 14
20 15
21 15
22 15
23 15
24 15
23 15
24 15
25 15
26 15
26 14
26 13
26 12
26 11
26 12
25 12
24 12
25 12
25 13
25 14
24 14
24 15
25 15
25 16
24 16
23 16
22 16
22 15
21 15
21 14
21 13
20 13
20 12
19 12
19 11
19 12
20 12
20 11
21 11
21 10
21 9
22 9
23 9
23 10
23 9
22 9
23 9
23 10
22 10
22 11
22 12
22 11
22 12
21 12
20 12
21 12
21 11
21 10
21 9
20 9
19 9
19 8
19 9
18 9
19 9
20 9
20 10
20 9
20 8
19 8
18 8
18 9
19 9
19 10
19 11
19 10
20 10
19 10
19 9
19 8
19 9
18 9
18 8
17 8
17 9
17 10
17 11
16 11
16 12
17 12
18 12
18 11
18 12
18 11
18 12
17 12
17 13
17 14
16 14
17 14
17 15
17 14
16 14
15 14
15 15
16 15
16 16
17 16
17 17
17 18
17 19
18 19
19 19
18 19
18 18
18 19
18 20
17 20
17 19
17 18
18 18
18 19
18 20
18 19
18 18
19 18
18 18
17 18
16 18
15 18
16 18
16 17
16 18
16 19
15 19
15 18
14 18
14 17
14 18
14 17
14 18
14 19
14 20
14 19
15 19
15 20
15 19
14 19
14 18
14 17
14 16
14 17
15 17
16 17
16 18
17 18
17 17
18 17
18 18
19 18
19 19
19 18
19 19
20 19
19 19
20 19
20 18
21 18
22 18
23 18
24 18
25 18
25 17
25 18
26 18
26 19
25 19
25 20
24 20
23 20
24 20
23 20
23 19
24 19
24 18
24 17
23 17
22 17
22 16
23 16
23 15
23 16
22 16
21 16
21 15
22 15
22 16
22 15
22 16
23 16
22 16
21 16
22 16
21 16
21 15
20 15
19 15
18 15
18 16
18 15
17 15
17 14
18 14
18 13
19 13
20 13
21 13
20 13
21 13
21 14
21 15
20 15
20 16
20 17
20 16
20 17
20 16
20 17
20 16
21 16
21 15
22 15
23 15
23 14
23 15
23 14
23 15
23 16
22 16
23 16
22 16
22 15
22 14
22 13
22 14
23 14
24 14
24 15
25 15
26 15
26 14
27 14
27 13
27 14
28 14
27 14
27 13
27 12
27 11
27 10
26 10
27 10
27 11
27 10
26 10
26 11
26 12
26 13
27 13
26 13
26 14
25 14
24 14
24 15
25 15
25 14
26 14
27 14
28 14
29 14
29 15
28 15
28 16
29 16
29 15
28 15
29 15
28 15
28 14
28 13
28 14
29 14
29 15
28 15
28 16
28 15
29 15
28 15
29 15
29 16
30 16
31 16
32 16
32 15
31 15
31 16
31 17
30 17
29 17
29 16
30 16
29 16
30 16
31 16
30 16
29 16
29 17
29 18
28 18
28 19
27 19
27 20
27 21
27 22
27 21
26 21
26 22
26 21
26 22
26 21
26 20
27 20
28 20
27 20
27 19
26 19
25 19
26 19
27 19
27 18
27 17
27 18
26 18
26 17
25 17
24 17
24 16
24 17
24 16
23 16
24 16
24 15
25 15
26 15
26 16
27 16
26 16
26 15
25 15
25 14
25 15
26 15
26 16
25 16
26 16
25 16
26 16
26 17
27 17
27 16
27 17
27 16
27 17
27 18
26 18
26 19
26 18
26 17
26 16
26 17
26 18
25 18
25 19
24 19
24 18
24 17
24 16
24 17
23 17
24 17
25 17
26 17
26 18
25 18
25 19
25 20
24 20
24 21
23 21
23 20
23 21
24 21
23 21
23 22
23 21
24 21
24 20
24 21
25 21
25 20
26 20
26 21
27 21
28 21
27 21
26 21
26 20
27 20
28 20
29 20
30 20
30 21
30 20
30 21
29 21
29 22
28 22
27 22
27 23
27 22
27 23
27 24
27 23
27 22
