0 0
0 1
0 2
1 2
0 2
1 2
2 2
2 3
3 3
2 3
3 3
2 3
2 4
2 5
1 5
0 5
1 5
1 6
1 5
1 4
0 4
1 4
1 5
1 4
2 4
2 5
2 4
2 5
3 5
4 5
5 5
5 4
4 4
4 5
4 6
4 7
5 7
5 8
6 8
5 8
5 7
5 6
5 7
4 7
4 8
4 9
4 10
4 11
5 11
4 11
4 12
4 11
4 10
4 9
4 10
4 11
5 11
6 11
6 12
5 12
4 12
4 11
3 11
4 11
3 11
4 11
3 11
4 11
4 10
5 10
4 10
4 9
4 8
4 7
4 6
5 6
5 5
5 4
4 4
3 4
3 3
3 4
2 4
2 3
2 4
1 4
1 5
1 4
1 5
1 4
0 4
0 3
1 3
0 3
0 4
1 4
2 4
2 3
2 2
2 3
1 3
1 2
1 3
2 3
3 3
3 4
3 5
3 4
4 4
4 5
3 5
2 5
2 4
2 5
2 4
2 5
1 5
0 5
1 5
2 5
1 5
0 5
1 5
1 6
1 5
0 5
0 6
0 5
0 6
1 6
1 5
1 4
1 3
1 4
1 5
1 6
2 6
2 5
1 5
0 5
1 5
0 5
1 5
1 6
2 6
1 6
1 7
1 8
1 9
0 9
0 10
0 9
1 9
0 9
0 10
0 9
0 10
1 10
1 11
0 11
0 10
0 9
0 10
0 9
0 10
0 9
1 9
0 9
0 10
0 9
0 10
1 10
1 11
1 10
0 10
0 11
1 11
2 11
2 10
2 9
2 8
3 8
4 8
5 8
5 9
5 10
6 10
6 9
7 9
7 8
8 8
8 9
8 8
7 8
6 8
7 8
8 8
8 9
7 9
6 9
6 10
6 9
5 9
5 10
6 10
6 9
7 9
8 9
8 8
8 9
7 9
7 8
7 7
7 6
6 6
6 5
5 5
6 5
6 6
7 6
7 7
6 7
6 8
6 7
5 7
4 7
4 6
4 5
4 4
3 4
4 4
4 5
3 5
3 6
2 6
2 7
2 8
1 8
1 9
2 9
1 9
0 9
1 9
2 9
2 8
2 9
3 9
4 9
3 9
3 10
3 9
2 9
2 10
2 9
2 10
2 9
3 9
2 9
3 9
2 9
1 9
2 9
1 9
2 9
2 10
3 10
3 11
2 11
3 11
3 10
3 9
3 8
3 9
4 9
4 8
5 8
6 8
7 8
7 9
8 9
7 9
8 9
8 8
7 8
7 9
7 8
8 8
8 7
9 7
9 6
8 6
7 6
7 7
8 7
8 8
7 8
6 8
7 8
7 7
6 7
6 6
6 7
6 8
6 7
7 7
6 7
6 6
5 6
5 5
6 5
5 5
6 5
5 5
5 6
5 7
5 6
4 6
4 7
4 8
4 7
5 7
4 7
3 7
4 7
4 6
5 6
6 6
7 6
7 5
8 5
8 6
9 6
8 6
8 5
8 6
8 7
9 7
9 8
8 8
7 8
7 9
8 9
7 9
7 10
7 11
7 12
7 11
8 11
7 11
7 12
7 13
6 13
7 13
7 12
7 13
7 14
7 15
7 14
8 14
7 14
6 14
6 15
6 14
5 14
5 15
5 16
4 16
4 15
3 15
3 16
4 16
5 16
5 15
5 14
4 14
4 15
4 14
4 13
4 14
5 14
6 14
6 15
7 15
7 16
6 16
7 16
8 16
7 16
7 17
7 18
7 19
6 19
6 20
7 20
7 21
7 22
7 23
8 23
9 23
9 24
9 23
9 24
10 24
10 25
10 26
11 26
11 27
11 26
11 27
11 28
12 28
13 28
14 28
15 28
14 28
15 28
15 27
14 27
15 27
16 27
17 27
17 28
18 28
19 28
19 27
20 27
19 27
19 26
18 26
19 26
19 27
19 28
19 27
18 27
18 26
18 27
18 28
19 28
19 27
19 26
19 25
19 24
18 24
18 23
18 22
18 23
18 22
18 21
19 21
19 20
19 21
20 21
19 21
20 21
20 22
20 23
20 24
19 24
20 24
20 25
20 24
19 24
18 24
19 24
19 23
19 24
20 24
20 23
19 23
19 22
20 22
20 21
21 21
22 21
21 21
21 22
21 21
21 22
22 22
23 22
24 22
23 22
23 23
23 24
23 25
24 25
25 25
24 25
24 24
23 24
22 24
21 24
22 24
22 23
21 23
20 23
20 22
20 23
20 22
21 22
21 21
22 21
23 21
24 21
25 21
25 20
24 20
25 20
24 20
24 21
24 20
25 20
24 20
23 20
23 21
24 21
23 21
23 20
23 19
22 19
22 18
22 19
22 20
22 19
23 19
23 20
23 21
24 21
25 21
24 21
23 21
23 22
22 22
22 21
22 22
22 21
23 21
23 22
23 23
23 24
24 24
25 24
25 25
25 24
25 23
26 23
27 23
27 24
27 25
27 26
27 25
28 25
29 25
28 25
28 24
28 25
28 26
28 27
27 27
27 28
26 28
25 28
26 28
27 28
28 28
27 28
28 28
27 28
28 28
28 27
28 26
27 26
27 25
27 26
28 26
28 27
28 28
27 28
28 28
27 28
28 28
29 28
30 28
30 29
31 29
31 30
32 30
32 29
32 30
33 30
33 29
33 28
34 28
35 28
36 28
35 28
36 28
37 28
38 28
38 29
39 29
38 29
37 29
38 29
38 30
38 31
39 31
39 30
40 30
39 30
39 29
39 28
40 28
40 27
39 27
39 28
39 27
38 27
38 28
38 29
39 29
39 30
39 31
40 31
41 31
40 31
41 31
41 30
40 30
41 30
41 31
41 32
40 32
41 32
41 33
40 33
40 32
40 31
40 30
40 31
40 30
41 30
42 30
41 30
41 31
40 31
40 32
39 32
39 31
39 32
40 32
40 31
40 30
39 30
40 30
41 30
42 30
41 30
40 30
40 31
39 31
40 31
39 31
39 30
38 30
39 30
38 30
37 30
38 30
37 30
37 29
36 29
35 29
36 29
36 30
36 29
37 29
38 29
39 29
39 28
40 28
40 27
41 27
42 27
43 27
43 26
43 25
43 26
42 26
41 26
41 25
41 24
42 24
42 25
43 25
43 24
43 23
43 22
43 23
44 23
44 24
45 24
45 23
46 23
46 24
46 25
46 26
45 26
44 26
44 27
44 28
44 27
45 27
45 26
45 27
45 26
45 25
44 25
44 26
44 25
43 25
42 25
42 24
42 25
42 24
42 23
43 23
43 22
43 21
43 22
43 23
43 22
42 22
43 22
44 22
43 22
43 23
43 22
43 23
42 23
42 24
42 25
42 24
42 25
42 26
42 27
41 27
40 27
40 26
41 26
41 25
41 24
40 24
40 23
41 23
40 23
41 23
40 23
41 23
41 24
42 24
42 23
42 24
42 25
42 24
43 24
44 24
44 23
44 24
43 24
44 24
44 25
44 24
43 24
43 25
43 24
43 23
42 23
43 23
43 24
43 25
43 24
42 24
42 25
41 25
42 25
42 26
42 27
43 27
43 26
42 26
42 27
41 27
40 27
41 27
40 27
39 27
39 26
39 27
40 27
39 27
39 26
38 26
39 26
40 26
41 26
41 27
41 26
41 27
41 28
40 28
40 29
39 29
39 30
39 29
39 28
40 28
41 28
42 28
41 28
41 29
41 28
41 27
40 27
41 27
41 26
41 25
41 24
40 24
40 23
41 23
42 23
42 24
42 23
42 24
42 25
43 25
42 25
42 24
42 25
42 24
42 23
41 23
40 23
41 23
41 22
40 22
40 21
41 21
41 20
41 19
41 18
42 18
42 19
43 19
42 19
43 19
43 18
43 17
44 17
43 17
42 17
43 17
43 16
43 15
43 16
43 17
42 17
42 16
42 15
43 15
43 14
42 14
41 14
42 14
41 14
41 15
42 15
43 15
44 15
44 16
44 15
44 16
43 16
43 15
43 16
42 16
42 15
43 15
44 15
43 15
44 15
43 15
42 15
43 15
42 15
42 14
42 15
42 14
41 14
41 13
41 14
42 14
42 15
41 15
42 15
43 15
42 15
42 16
42 17
41 17
41 18
41 17
41 16
40 16
39 16
38 16
38 17
39 17
39 16
39 15
39 14
39 13
40 13
40 14
41 14
42 14
43 14
44 14
44 13
43 13
44 13
45 13
45 14
45 13
45 14
46 14
46 15
46 16
46 17
46 18
47 18
47 19
47 18
47 19
46 19
46 20
45 20
45 21
45 22
45 21
46 21
47 21
46 21
46 20
46 19
47 19
47 20
47 19
47 18
47 17
47 16
46 16
46 17
46 16
45 16
45 15
45 16
45 17
45 16
46 16
46 17
46 16
46 17
47 17
47 18
46 18
46 17
47 17
47 18
47 17
47 18
48 18
48 19
49 19
50 19
51 19
50 19
50 18
51 18
51 19
51 20
51 19
50 19
51 19
51 18
51 19
52 19
52 20
51 20
