0 0
1 0
0 0
1 0
2 0
2 1
2 2
3 2
4 2
4 1
4 0
3 0
4 0
4 1
3 1
4 1
4 0
4 1
4 0
4 1
3 1
3 2
2 2
2 3
3 3
3 4
4 4
3 4
3 3
3 4
3 3
3 4
3 5
2 5
2 6
3 6
2 6
2 5
2 6
2 7
3 7
3 8
4 8
4 7
4 6
4 7
4 8
4 9
5 9
5 8
4 8
4 9
3 9
4 9
4 8
4 7
4 6
4 7
3 7
4 7
3 7
4 7
3 7
4 7
3 7
3 8
3 7
2 7
1 7
0 7
1 7
1 8
1 9
1 8
0 8
1 8
1 9
0 9
1 9
2 9
1 9
1 8
1 7
0 7
1 7
1 6
1 7
2 7
3 7
3 8
2 8
3 8
3 9
3 8
2 8
2 9
2 10
1 10
2 10
2 9
2 10
3 10
4 10
3 10
4 10
4 9
4 8
4 9
3 9
4 9
4 8
4 9
4 10
4 9
4 10
4 11
4 10
4 11
3 11
4 11
5 11
5 10
4 10
4 9
4 10
4 9
5 9
5 8
6 8
6 9
6 10
5 10
4 10
3 10
3 11
3 10
3 9
4 9
4 10
3 10
2 10
2 11
2 12
3 12
4 12
4 11
3 11
2 11
1 11
2 11
3 11
3 10
2 10
2 9
2 8
2 9
3 9
2 9
1 9
1 8
2 8
2 9
2 8
1 8
2 8
2 9
2 10
2 11
3 11
4 11
3 11
3 12
4 12
4 11
3 11
2 11
3 11
3 12
3 11
3 10
3 9
4 9
3 9
2 9
1 9
0 9
1 9
0 9
1 9
0 9
1 9
1 8
1 9
0 9
1 9
1 8
1 9
1 10
2 10
2 11
2 12
2 13
2 12
2 11
2 10
1 10
0 10
1 10
0 10
0 11
0 12
0 13
0 14
0 15
0 14
1 14
1 15
0 15
0 14
1 14
1 15
1 16
1 15
1 16
1 17
1 18
1 17
0 17
1 17
2 17
2 18
2 19
3 19
2 19
1 19
2 19
1 19
1 18
2 18
2 17
2 18
3 18
3 17
3 16
3 15
4 15
4 14
4 15
4 14
5 14
6 14
6 15
6 14
5 14
4 14
3 14
3 15
3 16
2 16
2 15
3 15
4 15
5 15
5 16
4 16
4 17
3 17
3 16
3 17
2 17
1 17
1 18
2 18
2 17
1 17
0 17
0 16
0 15
1 15
1 14
0 14
0 15
1 15
0 15
1 15
2 15
3 15
4 15
5 15
5 14
6 14
6 13
6 12
6 13
6 12
6 13
5 13
5 12
5 13
5 14
6 14
6 13
7 13
7 14
8 14
8 15
9 15
10 15
10 16
10 15
10 16
10 17
11 17
11 18
11 19
10 19
11 19
10 19
10 18
10 19
9 19
9 18
8 18
8 17
8 16
9 16
10 16
9 16
8 16
8 15
9 15
10 15
9 15
10 15
10 14
10 13
9 13
10 13
10 14
10 15
10 16
11 16
10 16
9 16
8 16
7 16
8 16
9 16
8 16
8 15
9 15
9 16
8 16
7 16
8 16
8 17
8 16
9 16
9 15
9 14
10 14
9 14
9 13
8 13
9 13
9 14
9 13
9 12
9 13
9 14
9 15
10 15
11 15
11 14
11 13
10 13
10 12
11 12
12 12
11 12
11 13
11 14
10 14
10 13
10 14
11 14
10 14
10 15
10 16
10 17
10 18
11 18
10 18
9 18
10 18
9 18
9 17
8 17
8 18
9 18
10 18
9 18
9 19
9 20
10 20
11 20
11 21
11 22
12 22
11 22
10 22
11 22
10 22
10 21
10 22
9 22
9 23
8 23
9 23
10 23
11 23
12 23
13 23
13 24
13 23
13 24
13 25
14 25
15 25
16 25
17 25
17 24
16 24
16 23
15 23
15 24
16 24
16 25
15 25
15 26
15 27
14 27
15 27
14 27
14 26
15 26
14 26
14 25
14 24
14 25
14 24
15 24
15 23
16 23
15 23
15 22
15 23
15 24
14 24
14 25
14 26
14 25
15 25
15 24
15 25
14 25
13 25
12 25
13 25
13 24
14 24
15 24
16 24
15 24
16 24
17 24
17 23
17 22
17 21
18 21
17 21
16 21
17 21
17 22
17 21
16 21
16 22
15 22
14 22
13 22
13 23
13 24
13 25
13 26
14 26
13 26
13 27
13 28
14 28
13 28
13 27
12 27
12 28
12 29
11 29
12 29
11 29
10 29
9 29
10 29
10 30
10 29
9 29
10 29
10 28
10 29
11 29
11 30
11 29
10 29
10 30
10 29
9 29
8 29
9 29
10 29
9 29
9 28
8 28
8 27
9 27
9 26
9 27
9 26
8 26
8 27
8 28
8 27
7 27
7 28
8 28
8 27
7 27
8 27
9 27
10 27
11 27
11 26
11 27
12 27
12 26
12 25
12 26
13 26
13 27
13 26
13 25
13 24
14 24
14 25
15 25
16 25
16 24
15 24
14 24
13 24
14 24
15 24
15 25
16 25
17 25
16 25
16 24
16 25
16 24
16 25
16 26
16 25
16 24
16 25
16 24
16 23
16 24
17 24
17 25
16 25
17 25
18 25
19 25
19 24
19 25
19 24
19 25
18 25
18 26
18 25
18 26
18 27
18 26
18 27
18 26
18 25
18 26
19 26
19 25
18 25
17 25
17 26
16 26
17 26
17 27
17 28
17 29
17 30
16 30
15 30
15 29
16 29
15 29
14 29
14 30
15 30
15 29
14 29
15 29
15 30
15 29
14 29
14 28
14 29
14 30
15 30
15 31
15 32
15 31
16 31
15 31
16 31
17 31
18 31
17 31
18 31
19 31
18 31
18 32
18 33
17 33
18 33
18 32
18 33
17 33
16 33
17 33
18 33
18 34
17 34
17 33
16 33
17 33
17 34
18 34
18 33
17 33
16 33
16 32
16 33
16 34
17 34
16 34
16 33
16 32
17 32
17 33
17 32
16 32
17 32
17 31
18 31
17 31
16 31
16 30
17 30
16 30
16 29
17 29
18 29
19 29
19 30
20 30
21 30
21 31
21 32
20 32
21 32
22 32
22 31
22 30
23 30
22 30
22 31
23 31
23 32
23 33
22 33
21 33
20 33
21 33
21 32
21 33
21 34
22 34
22 35
22 36
22 35
21 35
20 35
20 34
20 35
21 35
20 35
19 35
19 34
19 35
19 36
18 36
17 36
18 36
19 36
18 36
17 36
16 36
16 37
17 37
16 37
16 36
15 36
15 35
15 36
15 35
15 36
15 35
15 34
15 35
14 35
14 34
14 35
15 35
15 34
15 33
14 33
14 34
15 34
15 33
15 32
16 32
17 32
17 33
17 34
17 33
17 32
17 33
16 33
15 33
15 34
16 34
17 34
17 35
18 35
18 36
18 37
18 38
18 37
18 36
17 36
18 36
17 36
18 36
18 35
18 34
18 33
19 33
20 33
21 33
21 34
20 34
19 34
20 34
19 34
18 34
18 33
19 33
19 34
19 33
19 34
18 34
19 34
18 34
18 33
18 32
19 32
19 31
19 30
18 30
18 29
18 30
17 30
16 30
16 31
16 32
16 31
15 31
16 31
16 30
17 30
16 30
15 30
15 29
16 29
16 28
16 29
16 30
17 30
17 29
17 30
17 29
17 28
17 27
18 27
18 28
18 29
18 30
18 31
18 30
19 30
18 30
18 31
18 32
18 33
19 33
19 32
19 31
19 32
19 33
19 34
20 34
19 34
20 34
21 34
21 35
21 34
21 35
20 35
20 36
20 35
21 35
22 35
22 34
22 33
22 32
23 32
22 32
22 33
22 32
21 32
21 31
21 32
21 31
22 31
23 31
23 30
24 30
25 30
25 29
25 30
24 30
24 29
23 29
24 29
25 29
25 28
24 28
25 28
24 28
23 28
22 28
23 28
23 27
23 26
23 27
22 27
21 27
21 28
20 28
19 28
19 29
18 29
18 30
18 29
18 30
18 29
18 30
17 30
17 29
17 28
18 28
18 29
19 29
19 28
19 29
19 30
19 31
20 31
20 30
20 31
20 30
20 29
19 29
20 29
20 28
21 28
21 29
21 28
21 29
22 29
22 30
21 30
20 30
21 30
22 30
22 29
22 30
22 31
22 30
21 30
21 31
20 31
21 31
22 31
22 32
22 33
22 34
22 33
22 34
22 35
22 36
21 36
21 35
22 35
21 35
20 35
21 35
20 35
19 35
18 35
18 34
19 34
19 33
18 33
19 33
19 34
19 35
18 35
19 35
18 35
18 36
19 36
19 37
19 36
19 35
18 35
18 36
19 36
19 37
18 37
19 37
18 37
19 37
19 36
20 36
20 37
20 38
21 38
21 39
20 39
20 38
20 39
21 39
21 38
22 38
22 37
23 37
22 37
21 37
21 38
20 38
20 39
20 38
20 39
20 40
19 40
