0 0
1 0
2 0
3 0
4 0
3 0
3 1
3 2
2 2
2 3
2 4
2 5
2 6
1 6
1 5
1 4
1 3
2 3
2 4
1 4
1 3
2 3
2 2
1 2
1 3
2 3
2 2
1 2
2 2
3 2
4 2
4 3
5 3
6 3
7 3
6 3
7 3
7 2
7 1
7 0
7 1
8 1
8 2
9 2
8 2
8 1
8 0
9 0
9 1
8 1
8 2
7 2
6 2
5 2
5 1
5 0
6 0
6 1
6 0
5 0
5 1
5 2
5 1
6 1
5 1
5 2
4 2
4 3
4 2
4 1
4 2
4 1
4 2
4 3
4 4
3 4
3 3
3 4
3 3
2 3
1 3
1 4
0 4
0 5
1 5
2 5
3 5
3 4
4 4
4 3
4 4
5 4
6 4
7 4
7 3
6 3
5 3
5 4
4 4
5 4
4 4
3 4
2 4
2 5
3 5
2 5
1 5
1 4
2 4
2 3
2 4
1 4
1 3
1 4
1 3
1 2
2 2
2 1
3 1
3 0
3 1
2 1
2 2
2 3
2 2
2 1
2 2
1 2
0 2
0 1
1 1
2 1
1 1
0 1
1 1
1 0
1 1
2 1
1 1
1 0
1 1
1 2
1 1
1 2
1 1
1 0
0 0
1 0
0 0
1 0
1 1
0 1
1 1
0 1
1 1
1 2
2 2
2 3
2 2
2 1
2 0
2 1
2 2
3 2
3 3
3 2
4 2
4 3
3 3
3 2
4 2
4 3
3 3
4 3
5 3
5 2
5 1
4 1
3 1
3 0
3 1
3 0
4 0
4 1
3 1
3 2
3 1
4 1
3 1
4 1
3 1
2 1
2 2
2 3
2 4
2 3
1 3
0 3
0 4
1 4
0 4
0 3
1 3
1 4
1 3
2 3
2 2
2 3
2 4
2 5
2 6
1 6
2 6
3 6
3 5
3 6
3 7
3 6
3 5
2 5
3 5
3 6
3 5
2 5
2 4
2 5
2 6
1 6
1 5
1 4
1 5
1 6
0 6
0 5
1 5
1 4
1 3
2 3
1 3
0 3
0 2
1 2
1 1
1 2
2 2
2 3
2 4
2 5
1 5
1 6
1 5
1 6
0 6
1 6
0 6
1 6
1 7
0 7
1 7
2 7
2 8
2 7
2 8
2 9
1 9
2 9
3 9
3 8
4 8
4 9
4 8
3 8
3 9
2 9
2 8
1 8
1 7
2 7
1 7
1 6
0 6
1 6
1 7
1 8
1 9
0 9
0 8
1 8
1 9
1 8
0 8
1 8
1 7
0 7
0 6
1 6
2 6
1 6
1 5
2 5
3 5
3 6
4 6
3 6
2 6
3 6
2 6
3 6
3 7
4 7
5 7
5 6
5 7
4 7
5 7
5 6
4 6
3 6
4 6
4 5
5 5
5 4
4 4
5 4
6 4
6 5
7 5
8 5
9 5
9 4
9 3
10 3
10 2
10 3
11 3
12 3
11 3
11 2
11 3
11 4
11 3
11 4
12 4
12 5
11 5
11 6
10 6
10 7
10 8
10 9
10 10
9 10
10 10
10 9
10 8
9 8
10 8
9 8
10 8
10 7
11 7
11 8
12 8
12 7
12 8
11 8
10 8
10 7
9 7
9 8
9 7
9 8
9 9
10 9
11 9
11 8
11 7
11 8
11 9
11 10
11 11
11 10
11 11
12 11
12 10
12 9
12 10
12 9
11 9
11 8
12 8
13 8
12 8
12 9
13 9
12 9
12 8
12 9
13 9
13 8
12 8
12 7
12 6
13 6
12 6
13 6
13 7
12 7
12 8
11 8
11 7
12 7
12 6
13 6
13 5
13 6
12 6
13 6
14 6
13 6
12 6
12 7
12 6
13 6
13 5
13 6
14 6
15 6
16 6
17 6
17 5
18 5
18 4
18 5
19 5
19 6
19 5
19 6
19 7
20 7
19 7
20 7
20 6
20 7
20 8
21 8
21 9
21 8
21 7
22 7
23 7
23 8
24 8
25 8
25 7
26 7
25 7
25 6
25 7
25 6
26 6
26 5
26 4
27 4
28 4
29 4
29 5
28 5
29 5
30 5
30 4
29 4
29 5
28 5
29 5
29 4
29 3
28 3
27 3
27 2
28 2
28 3
28 4
28 5
29 5
30 5
30 4
30 5
30 6
31 6
31 7
32 7
33 7
34 7
34 6
34 7
35 7
35 8
35 7
35 6
34 6
35 6
36 6
36 7
36 6
35 6
36 6
35 6
36 6
36 7
37 7
37 8
36 8
36 7
36 8
36 9
35 9
36 9
36 8
37 8
38 8
39 8
39 9
39 8
38 8
37 8
37 9
38 9
38 8
38 7
39 7
39 6
40 6
40 5
40 4
40 5
41 5
41 4
42 4
43 4
42 4
41 4
41 5
42 5
42 4
42 3
42 2
42 3
42 2
43 2
43 3
42 3
43 3
44 3
44 2
43 2
43 1
44 1
44 0
43 0
42 0
42 1
42 0
41 0
40 0
39 0
38 0
38 1
37 1
37 0
36 0
37 0
38 0
39 0
39 1
39 0
40 0
40 1
40 0
41 0
42 0
41 0
41 1
42 1
42 0
41 0
40 0
40 1
39 1
39 2
39 3
38 3
37 3
37 4
37 5
37 6
37 5
36 5
36 4
36 3
35 3
34 3
34 4
35 4
36 4
36 3
37 3
37 4
38 4
37 4
37 5
38 5
38 6
38 7
39 7
39 6
38 6
38 7
39 7
39 8
39 9
39 8
39 7
39 6
40 6
40 5
40 6
40 7
41 7
41 8
41 7
41 8
41 7
41 8
41 7
41 8
41 9
42 9
41 9
40 9
40 8
39 8
40 8
40 7
41 7
42 7
41 7
40 7
40 8
40 7
40 6
41 6
42 6
43 6
43 7
43 8
42 8
41 8
41 7
42 7
42 6
41 6
41 7
42 7
43 7
43 6
43 7
42 7
42 6
42 5
43 5
43 4
44 4
45 4
46 4
47 4
47 3
48 3
48 4
47 4
47 5
47 6
47 7
47 8
47 7
48 7
48 8
48 9
49 9
50 9
50 10
49 10
49 9
50 9
50 10
50 9
49 9
50 9
50 8
50 7
50 6
50 5
51 5
51 6
51 5
51 4
50 4
50 3
50 4
51 4
51 3
50 3
49 3
49 4
49 3
49 4
48 4
49 4
48 4
48 3
48 4
47 4
48 4
48 5
48 4
49 4
49 3
49 2
50 2
49 2
49 3
50 3
50 4
50 5
49 5
48 5
47 5
46 5
45 5
46 5
45 5
45 6
46 6
45 6
45 7
44 7
43 7
44 7
44 6
45 6
45 5
44 5
45 5
46 5
46 6
46 5
47 5
47 6
47 5
47 4
47 3
48 3
49 3
49 2
48 2
48 3
49 3
49 4
50 4
50 5
50 6
50 5
50 6
50 5
50 4
50 3
50 4
49 4
49 3
48 3
47 3
47 4
47 5
47 6
48 6
47 6
48 6
48 7
47 7
47 6
47 7
47 8
48 8
49 8
48 8
48 7
48 6
48 7
47 7
46 7
46 8
45 8
45 9
45 10
45 9
46 9
46 10
46 11
45 11
44 11
43 11
43 12
43 13
43 12
43 13
43 12
43 11
44 11
44 10
43 10
44 10
45 10
46 10
47 10
48 10
47 10
46 10
46 11
45 11
45 10
45 9
45 8
44 8
44 9
43 9
44 9
45 9
44 9
45 9
45 8
44 8
45 8
46 8
47 8
47 7
48 7
47 7
46 7
47 7
48 7
48 6
48 7
48 8
48 7
49 7
48 7
49 7
49 6
49 5
50 5
50 6
49 6
50 6
50 5
49 5
50 5
49 5
49 6
48 6
48 7
49 7
48 7
48 8
47 8
47 9
48 9
48 8
47 8
47 7
47 8
47 9
47 8
46 8
46 9
46 10
45 10
46 10
45 10
45 11
45 10
44 10
43 10
43 9
43 10
43 9
43 8
44 8
45 8
45 9
46 9
45 9
46 9
46 10
47 10
47 9
48 9
48 8
48 9
47 9
48 9
48 8
48 7
49 7
48 7
49 7
48 7
48 6
47 6
47 7
48 7
49 7
49 8
48 8
48 7
48 8
47 8
46 8
46 7
46 6
46 7
46 8
46 7
46 6
47 6
46 6
47 6
46 6
46 5
46 6
46 5
46 4
45 4
45 5
44 5
44 4
45 4
46 4
46 5
45 5
46 5
46 6
45 6
44 6
44 5
44 6
44 5
45 5
46 5
46 4
45 4
44 4
45 4
44 4
44 5
44 6
43 6
44 6
45 6
45 5
46 5
47 5
48 5
49 5
48 5
48 4
49 4
48 4
49 4
49 3
50 3
50 2
50 3
50 2
50 1
49 1
49 2
49 3
49 2
49 1
49 2
50 2
50 1
50 0
50 1
50 0
49 0
49 1
49 2
50 2
50 1
