0 0
1 0
2 0
1 0
2 0
2 1
2 2
2 3
2 2
1 2
2 2
2 1
2 0
1 0
1 1
1 0
1 1
0 1
1 1
2 1
3 1
2 1
1 1
0 1
0 2
1 2
0 2
0 3
1 3
1 2
2 2
2 3
1 3
1 4
1 3
0 3
1 3
2 3
2 2
3 2
2 2
3 2
3 3
2 3
2 2
2 3
1 3
1 2
0 2
0 1
0 2
0 1
1 1
1 0
2 0
3 0
2 0
3 0
3 1
3 0
3 1
2 1
2 2
2 1
1 1
1 0
2 0
1 0
2 0
3 0
3 1
3 0
4 0
4 1
3 1
3 2
4 2
3 2
4 2
5 2
4 2
3 2
3 3
4 3
5 3
5 2
5 3
5 4
6 4
7 4
7 5
6 5
6 4
5 4
5 5
4 5
5 5
6 5
5 5
4 5
3 5
3 6
2 6
1 6
2 6
2 5
3 5
4 5
5 5
5 6
4 6
4 7
4 8
5 8
5 9
5 10
6 10
6 11
5 11
5 10
5 9
4 9
4 8
4 7
5 7
5 6
5 7
5 8
4 8
4 9
4 10
4 11
3 11
4 11
4 10
3 10
3 9
2 9
2 8
1 8
1 9
1 8
1 9
1 8
2 8
2 9
2 10
2 9
1 9
1 8
1 7
1 8
1 7
1 6
1 7
1 6
0 6
0 5
1 5
1 4
2 4
1 4
0 4
1 4
1 3
1 2
0 2
1 2
2 2
2 3
2 2
2 1
1 1
2 1
2 2
2 1
2 2
2 1
1 1
1 0
2 0
3 0
3 1
4 1
4 2
4 1
4 0
4 1
3 1
4 1
3 1
2 1
2 0
2 1
1 1
0 1
0 2
0 1
0 0
0 1
0 0
1 0
0 0
1 0
1 1
0 1
1 1
1 0
1 1
0 1
0 2
0 3
1 3
0 3
0 4
0 3
0 2
1 2
1 3
2 3
2 2
2 1
2 0
3 0
2 0
1 0
1 1
1 2
1 1
0 1
0 2
0 1
1 1
0 1
1 1
2 1
2 2
3 2
2 2
2 1
3 1
3 0
3 1
4 1
4 0
4 1
4 0
3 0
3 1
3 0
4 0
4 1
3 1
4 1
4 2
3 2
2 2
1 2
0 2
1 2
2 2
2 1
2 2
1 2
1 1
1 0
2 0
1 0
1 1
0 1
0 0
0 1
0 0
1 0
1 1
1 0
2 0
2 1
2 2
2 3
1 3
0 3
1 3
1 2
1 1
1 0
1 1
0 1
0 2
0 3
0 4
0 3
1 3
1 2
1 3
1 2
1 3
2 3
2 2
3 2
4 2
5 2
6 2
6 3
5 3
4 3
5 3
6 3
6 4
5 4
6 4
7 4
8 4
9 4
9 3
9 4
9 3
10 3
10 4
11 4
11 3
11 4
10 4
10 5
11 5
11 4
11 3
11 4
10 4
10 5
10 4
10 5
10 6
9 6
8 6
7 6
7 5
8 5
7 5
7 4
7 5
7 6
8 6
9 6
10 6
9 6
9 5
10 5
11 5
12 5
13 5
13 6
14 6
14 5
15 5
14 5
14 6
15 6
16 6
16 7
17 7
16 7
17 7
17 6
16 6
16 7
15 7
15 6
15 5
14 5
15 5
15 6
14 6
15 6
15 7
14 7
15 7
16 7
16 6
17 6
17 5
17 4
16 4
16 3
16 2
16 1
16 2
17 2
17 1
17 0
17 1
17 2
18 2
19 2
19 3
20 3
19 3
19 2
19 3
18 3
18 4
18 5
18 4
18 5
18 6
19 6
18 6
18 7
19 7
18 7
19 7
19 6
19 7
18 7
19 7
18 7
19 7
20 7
21 7
20 7
21 7
20 7
21 7
21 6
21 5
21 6
21 5
21 4
21 3
22 3
22 4
23 4
22 4
22 5
22 6
23 6
23 7
24 7
23 7
24 7
24 6
25 6
24 6
25 6
25 5
26 5
25 5
24 5
23 5
24 5
24 4
23 4
24 4
23 4
22 4
23 4
23 3
24 3
25 3
25 4
25 3
24 3
25 3
25 2
26 2
25 2
26 2
27 2
27 1
26 1
26 2
27 2
27 1
27 2
27 1
27 0
28 0
27 0
27 1
28 1
28 0
29 0
29 1
28 1
27 1
27 2
28 2
29 2
29 1
28 1
28 0
27 0
27 1
26 1
26 2
25 2
25 1
24 1
23 1
22 1
22 0
22 1
21 1
22 1
22 2
22 1
22 2
21 2
22 2
22 1
22 2
22 3
23 3
23 2
24 2
23 2
23 1
24 1
24 0
24 1
23 1
22 1
23 1
23 2
23 3
23 2
24 2
25 2
25 1
25 2
25 1
25 0
25 1
25 0
25 1
25 0
25 1
25 2
25 1
24 1
23 1
24 1
25 1
25 2
25 3
26 3
27 3
27 2
28 2
27 2
26 2
26 3
27 3
26 3
26 4
26 5
26 4
25 4
25 5
25 6
25 7
24 7
25 7
26 7
27 7
26 7
25 7
24 7
25 7
26 7
26 6
27 6
27 7
26 7
26 8
27 8
26 8
26 7
26 8
25 8
25 9
25 10
24 10
25 10
25 11
25 12
24 12
23 12
23 11
23 10
23 11
23 10
23 11
23 12
24 12
24 13
24 12
24 11
24 12
25 12
24 12
23 12
23 13
23 12
22 12
23 12
23 13
22 13
21 13
20 13
21 13
21 14
21 13
22 13
22 14
21 14
20 14
20 13
21 13
20 13
20 12
19 12
19 11
18 11
18 12
18 11
19 11
19 12
19 13
19 12
19 11
19 12
18 12
19 12
20 12
20 11
19 11
20 11
19 11
19 12
18 12
17 12
17 11
17 10
16 10
17 10
17 11
16 11
16 12
15 12
15 11
14 11
15 11
15 10
14 10
13 10
12 10
13 10
12 10
13 10
13 11
13 12
13 13
14 13
13 13
13 14
14 14
14 13
13 13
14 13
13 13
12 13
12 12
11 12
10 12
10 11
10 12
11 12
11 11
10 11
10 12
10 11
9 11
9 12
9 11
9 12
10 12
10 11
9 11
9 10
8 10
8 9
8 10
8 11
8 12
8 13
7 13
8 13
9 13
8 13
8 14
8 13
8 12
9 12
9 13
10 13
10 12
11 12
10 12
11 12
11 13
10 13
11 13
11 14
10 14
9 14
8 14
9 14
10 14
10 13
10 14
10 15
10 16
9 16
9 15
9 16
9 15
8 15
8 16
8 17
8 16
8 15
8 14
8 15
8 14
9 14
9 13
8 13
8 14
8 13
8 14
8 15
7 15
8 15
9 15
8 15
8 14
7 14
8 14
7 14
8 14
9 14
9 15
9 14
8 14
8 15
8 14
7 14
8 14
8 15
7 15
8 15
8 14
8 13
9 13
10 13
10 14
10 13
10 12
10 11
10 12
11 12
10 12
10 13
10 12
11 12
11 11
11 12
11 13
11 14
11 13
12 13
13 13
13 14
12 14
11 14
11 15
11 14
11 15
11 16
12 16
12 17
12 16
11 16
12 16
13 16
12 16
12 15
11 15
11 14
12 14
11 14
10 14
10 15
10 14
9 14
8 14
8 15
8 14
9 14
8 14
8 15
9 15
10 15
11 15
11 16
10 16
10 15
11 15
12 15
12 14
13 14
13 15
13 14
12 14
12 15
11 15
11 16
11 15
11 14
11 13
11 12
12 12
12 11
12 12
13 12
12 12
13 12
14 12
13 12
13 11
14 11
14 12
14 13
14 14
14 13
13 13
14 13
14 12
13 12
12 12
12 13
11 13
11 12
11 13
10 13
10 12
10 11
10 10
11 10
12 10
12 11
12 12
11 12
10 12
10 11
11 11
10 11
11 11
11 12
11 13
11 12
12 12
11 12
11 11
11 10
11 11
11 12
11 13
12 13
13 13
13 12
14 12
14 11
14 10
14 9
13 9
14 9
15 9
15 8
14 8
14 7
14 8
14 9
15 9
15 10
15 11
15 10
14 10
14 11
14 12
14 13
13 13
13 12
14 12
13 12
13 13
13 14
13 13
13 12
13 11
13 12
13 11
13 10
13 9
14 9
13 9
13 10
14 10
14 9
13 9
13 10
14 10
15 10
15 11
14 11
14 10
14 9
15 9
15 8
14 8
15 8
16 8
16 9
16 10
16 11
17 11
18 11
19 11
20 11
20 10
20 11
19 11
20 11
20 12
21 12
21 11
22 11
22 12
23 12
23 11
23 12
23 11
24 11
23 11
23 12
23 13
23 14
23 15
23 14
23 13
24 13
23 13
23 12
24 12
24 11
24 10
25 10
26 10
26 11
27 11
28 11
27 11
27 10
27 11
27 12
28 12
28 11
28 12
29 12
30 12
31 12
31 11
31 10
30 10
31 10
32 10
33 10
32 10
31 10
31 11
30 11
29 11
29 12
29 13
30 13
31 13
31 12
30 12
30 11
