0 0
0 1
1 1
0 1
0 0
1 0
0 0
1 0
1 1
1 0
1 1
0 1
0 2
1 2
2 2
2 1
2 2
3 2
4 2
3 2
3 3
3 2
3 3
4 3
4 2
5 2
4 2
4 3
5 3
4 3
4 4
4 5
4 4
4 5
4 4
5 4
4 4
5 4
5 5
5 6
4 6
3 6
3 7
3 8
3 7
2 7
2 6
3 6
3 5
3 4
3 3
4 3
5 3
6 3
6 2
6 1
6 2
7 2
7 1
6 1
7 1
7 0
7 1
6 1
6 0
6 1
6 0
7 0
6 0
6 1
5 1
6 1
6 2
6 1
7 1
8 1
9 1
10 1
9 1
9 0
9 1
9 2
10 2
11 2
12 2
12 3
11 3
11 4
10 4
10 3
11 3
11 4
10 4
11 4
11 3
11 4
11 5
11 4
11 5
10 5
10 4
10 3
10 4
11 4
12 4
12 5
12 4
12 3
13 3
14 3
14 4
14 5
15 5
16 5
17 5
17 6
17 5
16 5
15 5
15 4
15 3
16 3
16 4
16 5
16 6
15 6
14 6
14 7
14 6
14 7
14 8
15 8
15 9
15 8
15 9
15 10
15 11
14 11
14 10
14 11
13 11
13 12
12 12
12 13
11 13
12 13
12 14
13 14
13 15
13 16
14 16
14 17
14 18
13 18
13 19
14 19
14 18
15 18
14 18
14 17
13 17
13 18
13 17
12 17
12 16
11 16
11 17
11 18
12 18
11 18
12 18
12 17
12 18
12 17
13 17
13 16
14 16
14 15
13 15
14 15
13 15
14 15
14 16
14 17
13 17
12 17
13 17
14 17
14 18
15 18
16 18
15 18
15 19
16 19
16 18
16 17
16 18
16 19
17 19
18 19
18 20
18 21
18 20
18 19
19 19
19 20
18 20
18 19
17 19
17 20
17 19
17 20
16 20
17 20
17 21
17 22
17 23
16 23
16 22
16 23
16 22
17 22
17 21
17 20
16 20
15 20
15 21
16 21
16 22
15 22
14 22
15 22
14 22
15 22
14 22
14 23
14 22
13 22
14 22
13 22
13 23
12 23
12 22
12 23
13 23
14 23
13 23
14 23
14 24
15 24
15 25
16 25
15 25
15 24
16 24
17 24
17 23
17 24
18 24
18 25
19 25
19 24
19 25
18 25
19 25
19 26
18 26
17 26
17 27
16 27
16 26
16 25
16 26
16 27
16 26
15 26
16 26
16 27
16 26
17 26
17 25
18 25
18 24
18 25
17 25
16 25
16 26
16 27
16 28
16 27
16 28
16 29
17 29
18 29
19 29
19 30
18 30
18 29
18 30
17 30
17 31
18 31
17 31
17 30
17 31
17 32
16 32
17 32
16 32
16 31
16 30
17 30
18 30
18 31
17 31
16 31
16 30
16 31
15 31
16 31
15 31
15 32
15 31
14 31
13 31
13 30
12 30
13 30
13 29
13 30
13 29
14 29
14 30
14 29
15 29
14 29
14 30
14 29
13 29
14 29
14 28
14 29
15 29
16 29
17 29
17 30
17 31
16 31
17 31
17 32
17 31
17 32
17 33
17 34
17 33
16 33
15 33
16 33
17 33
16 33
16 32
17 32
18 32
18 33
17 33
16 33
16 34
15 34
14 34
13 34
13 33
13 32
14 32
14 33
13 33
14 33
13 33
13 34
14 34
15 34
14 34
13 34
13 35
14 35
13 35
12 35
12 34
12 35
11 35
10 35
10 34
10 33
10 32
10 31
10 32
10 31
9 31
9 32
8 32
7 32
7 33
7 32
8 32
9 32
9 33
10 33
10 34
9 34
10 34
10 33
9 33
10 33
11 33
11 34
11 33
11 32
11 31
11 32
10 32
10 31
11 31
11 30
10 30
9 30
10 30
11 30
10 30
9 30
9 31
9 32
9 31
9 30
8 30
8 31
7 31
7 32
7 33
8 33
8 32
9 32
10 32
10 31
10 30
9 30
9 29
10 29
9 29
8 29
7 29
7 28
7 27
7 28
7 27
6 27
5 27
5 26
5 25
5 24
5 23
6 23
5 23
5 22
5 23
4 23
5 23
6 23
7 23
7 22
7 21
7 22
7 21
6 21
6 22
6 23
5 23
5 24
5 23
5 24
4 24
4 25
4 24
3 24
3 23
4 23
4 22
4 23
4 24
4 23
4 22
4 21
5 21
5 22
5 23
5 24
4 24
3 24
2 24
3 24
2 24
2 23
1 23
1 22
1 23
0 23
0 22
0 23
1 23
0 23
0 24
0 25
1 25
0 25
1 25
1 26
1 25
2 25
3 25
2 25
1 25
0 25
1 25
1 24
1 23
1 24
2 24
2 25
2 24
1 24
1 23
0 23
0 24
0 23
0 22
1 22
0 22
1 22
2 22
2 23
2 24
2 25
3 25
3 24
2 24
3 24
2 24
2 23
2 22
3 22
2 22
2 23
1 23
2 23
2 24
1 24
2 24
2 25
3 25
3 24
3 23
4 23
3 23
3 22
4 22
4 23
3 23
3 24
3 25
3 26
4 26
4 25
4 26
3 26
3 25
3 24
2 24
2 23
2 24
1 24
1 25
0 25
0 24
0 25
1 25
1 26
1 25
2 25
2 24
2 25
2 24
2 25
2 26
1 26
0 26
0 27
1 27
2 27
2 28
2 27
2 28
2 29
2 30
2 31
2 30
1 30
1 31
1 30
1 29
2 29
2 28
1 28
2 28
3 28
4 28
4 27
4 28
4 29
3 29
3 28
3 29
4 29
3 29
4 29
5 29
5 30
5 29
6 29
5 29
5 28
4 28
5 28
4 28
5 28
4 28
3 28
2 28
2 29
2 30
1 30
1 31
1 30
0 30
0 29
0 28
0 27
1 27
1 28
2 28
3 28
2 28
3 28
3 29
3 30
2 30
3 30
3 29
4 29
3 29
2 29
1 29
0 29
1 29
0 29
1 29
1 30
1 31
2 31
2 32
1 32
2 32
2 33
3 33
2 33
1 33
1 34
1 33
2 33
3 33
4 33
5 33
5 32
5 33
4 33
5 33
6 33
6 34
6 35
6 34
6 33
6 34
6 33
6 32
6 31
6 30
6 29
5 29
4 29
5 29
4 29
5 29
4 29
4 30
4 29
4 30
5 30
5 31
6 31
5 31
5 32
4 32
3 32
3 33
3 34
3 33
4 33
4 32
3 32
3 33
3 34
4 34
4 35
5 35
4 35
5 35
6 35
6 34
6 35
6 34
7 34
6 34
7 34
7 33
8 33
9 33
9 34
9 33
9 32
9 31
9 30
9 29
9 28
9 27
8 27
7 27
8 27
9 27
8 27
7 27
7 28
6 28
6 27
7 27
6 27
7 27
7 28
7 29
6 29
6 30
5 30
5 31
4 31
4 30
5 30
5 31
5 30
6 30
6 29
6 28
5 28
5 29
5 30
4 30
5 30
5 29
5 30
5 31
4 31
4 30
3 30
3 31
4 31
4 32
3 32
2 32
2 33
3 33
3 32
3 31
4 31
3 31
2 31
2 32
2 31
3 31
3 32
3 31
4 31
5 31
5 32
5 33
6 33
7 33
8 33
9 33
8 33
8 34
9 34
10 34
11 34
11 33
11 32
11 33
10 33
10 34
10 33
11 33
12 33
12 34
12 33
11 33
12 33
13 33
12 33
12 34
12 35
12 36
12 35
12 34
12 33
11 33
10 33
9 33
9 32
8 32
8 31
7 31
6 31
6 30
6 29
7 29
6 29
6 30
5 30
6 30
6 29
6 30
6 31
5 31
6 31
7 31
7 30
8 30
9 30
9 31
9 30
10 30
11 30
11 29
11 28
11 29
12 29
12 30
12 31
12 32
13 32
14 32
14 31
14 30
15 30
15 31
15 32
15 31
16 31
17 31
17 30
17 31
17 30
17 31
18 31
18 30
19 30
19 29
19 30
18 30
18 31
19 31
20 31
19 31
19 30
19 29
18 29
18 30
18 29
19 29
19 30
19 31
19 32
20 32
19 32
18 32
18 31
18 30
17 30
17 31
18 31
18 32
18 33
18 32
17 32
17 33
17 34
18 34
17 34
17 33
17 32
17 31
17 32
16 32
17 32
17 33
16 33
16 34
15 34
14 34
14 35
14 34
14 33
14 32
14 33
14 32
14 33
14 34
14 35
15 35
14 35
14 34
14 33
14 34
13 34
14 34
15 34
14 34
14 33
15 33
15 32
14 32
14 31
14 32
15 32
16 32
15 32
15 31
15 30
16 30
16 29
16 30
16 29
16 28
15 28
15 29
15 28
16 28
16 27
15 27
16 27
15 27
15 26
15 25
15 26
16 26
15 26
16 26
15 26
14 26
14 25
15 25
14 25
14 24
13 24
14 24
13 24
12 24
11 24
11 25
11 24
10 24
9 24
10 24
10 25
9 25
9 24
10 24
10 23
11 23
12 23
11 23
12 23
11 23
10 23
9 23
8 23
