0 0
1 0
1 1
1 2
1 3
2 3
1 3
1 4
1 3
1 4
2 4
1 4
2 4
3 4
2 4
3 4
3 3
3 2
3 1
3 2
3 1
3 0
3 1
4 1
5 1
4 1
3 1
4 1
4 0
5 0
6 0
5 0
4 0
4 1
5 1
5 2
5 3
5 2
6 2
6 1
7 1
8 1
8 2
8 3
8 2
7 2
8 2
8 1
8 0
7 0
8 0
8 1
8 0
8 1
8 2
8 1
7 1
6 1
6 2
7 2
8 2
7 2
6 2
6 3
5 3
4 3
4 4
4 3
4 2
4 1
4 0
4 1
5 1
5 0
5 1
5 0
4 0
4 1
5 1
5 2
5 1
5 0
4 0
5 0
5 1
6 1
6 2
5 2
6 2
7 2
6 2
7 2
7 3
7 2
6 2
6 1
6 2
6 1
6 2
6 1
6 0
6 1
6 2
7 2
6 2
5 2
5 1
6 1
5 1
4 1
5 1
5 2
5 3
5 4
6 4
5 4
6 4
5 4
5 5
4 5
4 4
3 4
3 5
2 5
3 5
3 6
3 5
3 4
3 5
3 4
3 3
4 3
4 4
3 4
4 4
4 5
3 5
3 6
3 5
4 5
4 4
4 5
3 5
2 5
2 4
1 4
1 3
0 3
1 3
2 3
1 3
2 3
3 3
2 3
3 3
4 3
4 2
4 1
4 2
5 2
5 3
6 3
7 3
8 3
9 3
10 3
10 2
9 2
9 3
9 4
8 4
8 3
8 4
7 4
8 4
7 4
7 5
7 6
8 6
8 5
7 5
8 5
7 5
6 5
7 5
8 5
8 6
7 6
8 6
8 5
9 5
9 4
9 3
10 3
9 3
10 3
11 3
11 4
10 4
9 4
8 4
8 3
8 2
9 2
9 1
8 1
8 0
8 1
9 1
9 0
10 0
11 0
11 1
10 1
10 0
10 1
10 2
10 3
10 4
9 4
10 4
11 4
11 5
12 5
11 5
11 4
12 4
12 3
11 3
10 3
10 4
11 4
12 4
11 4
11 3
11 2
11 3
11 4
11 5
10 5
9 5
9 6
8 6
9 6
10 6
11 6
11 5
11 6
11 5
11 4
11 3
12 3
13 3
13 2
14 2
13 2
14 2
14 1
15 1
16 1
16 2
17 2
18 2
18 3
18 2
19 2
19 3
19 2
18 2
18 1
18 0
17 0
17 1
18 1
18 2
18 1
19 1
20 1
21 1
22 1
22 2
22 1
23 1
22 1
23 1
22 1
22 2
23 2
23 1
24 1
24 2
24 1
25 1
25 2
25 3
25 2
26 2
27 2
26 2
25 2
25 1
26 1
26 2
26 3
25 3
25 4
25 3
25 4
25 3
25 2
24 2
25 2
25 3
24 3
24 2
25 2
25 1
26 1
26 2
26 3
25 3
25 2
26 2
27 2
26 2
26 1
25 1
26 1
26 0
26 1
25 1
25 0
26 0
26 1
25 1
24 1
23 1
23 2
24 2
23 2
23 3
24 3
25 3
25 4
25 3
24 3
23 3
22 3
22 4
22 3
22 4
23 4
23 5
23 6
22 6
21 6
20 6
20 7
20 6
19 6
20 6
20 7
19 7
19 8
20 8
20 9
20 8
20 9
21 9
21 8
20 8
21 8
21 7
21 8
20 8
20 9
20 10
20 11
19 11
18 11
19 11
18 11
17 11
16 11
16 10
16 11
16 12
15 12
15 13
15 12
16 12
15 12
14 12
14 11
13 11
13 12
13 11
13 10
14 10
14 11
14 12
13 12
14 12
15 12
14 12
14 13
14 14
14 15
15 15
14 15
13 15
13 14
12 14
11 14
12 14
13 14
13 13
14 13
14 14
14 13
13 13
14 13
14 14
15 14
14 14
14 15
13 15
13 14
14 14
13 14
12 14
12 15
13 15
12 15
12 16
11 16
11 17
12 17
11 17
10 17
10 18
10 17
9 17
9 18
10 18
9 18
10 18
10 19
10 18
10 17
10 18
11 18
12 18
11 18
10 18
11 18
12 18
11 18
10 18
10 17
11 17
11 18
11 17
11 16
12 16
12 15
11 15
12 15
12 16
12 17
11 17
11 18
12 18
12 17
12 16
11 16
11 15
11 14
11 15
11 14
11 15
11 14
11 13
11 14
11 15
12 15
11 15
10 15
10 14
10 15
10 14
10 15
9 15
10 15
9 15
10 15
10 16
10 17
10 16
10 15
10 16
9 16
9 15
8 15
7 15
7 14
7 15
6 15
7 15
6 15
6 14
5 14
4 14
5 14
6 14
7 14
7 15
7 16
7 15
6 15
7 15
6 15
6 16
6 17
6 16
6 17
5 17
4 17
5 17
5 18
4 18
4 17
4 18
4 19
4 18
5 18
5 17
6 17
7 17
8 17
9 17
9 18
8 18
9 18
10 18
11 18
10 18
10 19
9 19
10 19
11 19
11 20
11 19
11 20
10 20
11 20
11 21
11 20
12 20
13 20
13 19
14 19
14 18
15 18
15 17
15 18
15 17
14 17
15 17
15 16
15 15
15 16
15 17
15 16
15 15
14 15
14 16
15 16
16 16
16 15
15 15
16 15
16 16
15 16
15 17
15 18
14 18
14 17
13 17
13 18
13 19
14 19
15 19
16 19
15 19
14 19
15 19
15 18
14 18
14 17
14 18
14 17
13 17
13 16
13 17
13 16
12 16
12 15
12 16
12 17
12 16
12 15
11 15
11 16
12 16
12 17
12 16
12 17
13 17
14 17
14 18
14 17
15 17
14 17
14 16
14 17
14 16
13 16
13 17
12 17
13 17
13 16
14 16
13 16
14 16
13 16
13 17
13 18
14 18
14 17
14 16
14 15
15 15
14 15
13 15
14 15
14 14
15 14
16 14
16 13
17 13
17 14
16 14
17 14
16 14
16 13
16 14
16 15
16 16
17 16
17 15
18 15
18 14
18 15
17 15
18 15
18 16
18 15
19 15
20 15
21 15
20 15
20 16
20 15
20 16
21 16
22 16
22 15
22 14
22 15
21 15
21 14
20 14
21 14
21 13
22 13
21 13
21 12
21 13
21 12
21 13
20 13
21 13
20 13
19 13
19 14
19 15
19 16
19 15
19 16
20 16
20 17
19 17
20 17
21 17
21 16
21 17
22 17
22 16
21 16
22 16
21 16
21 17
21 16
20 16
20 17
20 18
19 18
19 19
19 20
20 20
21 20
21 19
22 19
23 19
23 18
23 19
22 19
21 19
21 18
21 19
21 18
21 17
21 18
20 18
20 17
21 17
21 18
21 17
21 16
20 16
20 17
20 18
19 18
19 17
19 16
19 17
19 18
19 17
18 17
17 17
18 17
18 16
17 16
17 17
17 16
17 17
17 16
17 17
17 18
17 17
18 17
17 17
18 17
18 18
18 17
19 17
20 17
20 18
20 19
20 20
20 21
20 20
20 19
20 20
20 19
20 18
21 18
21 19
20 19
20 18
19 18
19 17
19 16
18 16
19 16
20 16
20 15
20 16
20 17
20 16
20 17
19 17
18 17
18 18
18 19
18 20
18 19
18 20
18 21
18 22
18 23
18 24
18 25
18 24
18 25
19 25
20 25
19 25
20 25
19 25
19 26
19 27
18 27
18 28
17 28
17 29
16 29
16 28
15 28
16 28
16 29
17 29
17 30
18 30
18 31
17 31
17 30
17 29
16 29
15 29
16 29
16 30
15 30
15 31
14 31
14 32
14 33
14 32
15 32
15 31
16 31
15 31
15 30
14 30
13 30
13 29
12 29
12 28
12 29
12 28
11 28
10 28
10 29
10 30
11 30
11 31
12 31
11 31
11 32
12 32
12 31
12 32
12 31
12 32
12 33
12 32
11 32
10 32
11 32
12 32
11 32
11 31
11 32
10 32
11 32
10 32
10 31
11 31
11 32
10 32
9 32
9 31
9 32
9 31
10 31
11 31
10 31
10 32
11 32
11 33
11 34
11 35
11 34
11 35
10 35
11 35
11 34
10 34
10 35
9 35
10 35
10 36
10 37
10 38
10 37
11 37
12 37
12 38
12 37
11 37
11 38
12 38
13 38
13 37
13 36
13 37
13 38
13 37
12 37
12 36
12 37
12 38
12 39
11 39
11 38
12 38
12 37
11 37
11 36
11 37
11 36
12 36
11 36
10 36
10 37
9 37
8 37
7 37
8 37
7 37
8 37
8 36
8 37
8 38
8 37
8 38
8 39
8 40
9 40
8 40
8 39
8 40
7 40
6 40
6 39
5 39
5 40
5 39
5 40
6 40
5 40
6 40
7 40
7 41
7 42
7 43
7 42
7 43
6 43
6 42
7 42
6 42
5 42
5 41
5 42
5 43
4 43
5 43
6 43
5 43
5 42
4 42
3 42
4 42
5 42
5 41
6 41
6 40
7 40
8 40
7 40
7 39
7 38
8 38
8 37
7 37
6 37
6 38
5 38
