0 0
0 1
0 0
1 0
0 0
1 0
2 0
1 0
2 0
3 0
4 0
5 0
6 0
6 1
6 2
7 2
8 2
8 3
8 2
9 2
9 1
8 1
8 0
7 0
7 1
7 2
8 2
8 3
7 3
7 4
6 4
5 4
6 4
5 4
5 5
5 4
5 5
5 4
6 4
5 4
6 4
7 4
6 4
5 4
5 3
5 4
4 4
4 3
4 2
3 2
4 2
5 2
5 3
5 4
6 4
6 3
5 3
6 3
6 2
7 2
6 2
5 2
4 2
3 2
3 3
2 3
1 3
2 3
3 3
4 3
4 2
3 2
2 2
2 3
3 3
2 3
2 4
3 4
2 4
3 4
3 3
4 3
4 4
4 5
3 5
4 5
4 4
4 5
4 6
4 5
4 4
3 4
3 3
3 2
3 3
4 3
3 3
3 2
4 2
3 2
2 2
2 1
1 1
1 2
0 2
1 2
2 2
3 2
2 2
2 3
2 2
2 3
2 2
1 2
0 2
0 1
0 2
1 2
0 2
1 2
1 1
2 1
3 1
4 1
3 1
2 1
2 0
2 1
2 2
2 3
1 3
2 3
2 2
1 2
0 2
1 2
0 2
1 2
1 1
1 0
1 1
1 2
1 1
1 0
2 0
2 1
1 1
0 1
0 0
1 0
0 0
0 1
0 0
0 1
1 1
0 1
1 1
2 1
3 1
3 2
3 1
2 1
1 1
1 0
1 1
1 2
1 3
1 2
0 2
0 3
0 2
0 3
1 3
1 2
1 3
2 3
2 2
1 2
1 1
1 0
1 1
1 2
2 2
2 1
1 1
1 0
1 1
1 2
1 3
1 4
0 4
1 4
1 3
0 3
0 4
1 4
1 3
0 3
1 3
2 3
2 4
3 4
2 4
1 4
1 5
2 5
2 4
2 3
2 4
2 5
1 5
0 5
0 4
1 4
0 4
1 4
1 5
0 5
1 5
0 5
1 5
0 5
1 5
1 6
1 5
0 5
1 5
0 5
1 5
1 6
2 6
2 7
2 8
1 8
1 7
0 7
1 7
2 7
3 7
4 7
5 7
5 6
5 5
4 5
3 5
4 5
3 5
3 6
3 5
3 4
2 4
1 4
0 4
1 4
2 4
1 4
1 5
0 5
0 6
0 7
1 7
1 8
2 8
3 8
3 7
2 7
2 6
3 6
3 5
4 5
3 5
4 5
3 5
4 5
3 5
3 6
4 6
5 6
5 5
5 4
5 5
4 5
5 5
6 5
7 5
7 4
6 4
5 4
5 5
5 4
5 5
5 6
4 6
4 5
5 5
5 4
5 3
6 3
5 3
5 4
6 4
5 4
6 4
6 3
6 2
6 1
6 0
6 1
7 1
7 0
8 0
7 0
7 1
7 0
8 0
8 1
8 2
8 3
8 4
9 4
9 3
9 4
9 5
9 4
10 4
9 4
9 3
9 2
8 2
9 2
8 2
9 2
8 2
7 2
6 2
5 2
4 2
4 1
4 2
4 3
4 2
5 2
6 2
7 2
7 3
6 3
5 3
5 4
5 3
4 3
3 3
2 3
1 3
2 3
2 2
3 2
2 2
3 2
3 3
4 3
3 3
4 3
4 2
5 2
6 2
5 2
5 3
5 2
6 2
6 1
5 1
5 2
4 2
3 2
2 2
3 2
3 3
4 3
5 3
5 2
4 2
5 2
4 2
3 2
2 2
2 1
1 1
0 1
0 0
0 1
0 2
0 1
1 1
2 1
1 1
2 1
1 1
1 0
0 0
1 0
2 0
1 0
1 1
1 2
1 3
0 3
0 4
0 5
0 4
1 4
1 3
0 3
0 2
1 2
1 3
1 4
1 3
0 3
1 3
2 3
2 2
2 3
2 4
2 3
2 4
3 4
4 4
4 5
3 5
4 5
5 5
4 5
4 6
4 5
3 5
4 5
4 6
4 5
5 5
5 4
4 4
4 5
4 4
3 4
3 5
3 6
2 6
3 6
4 6
3 6
2 6
3 6
3 7
3 8
3 9
3 10
3 9
3 8
2 8
3 8
3 7
3 8
2 8
3 8
4 8
4 9
5 9
5 8
6 8
6 7
5 7
4 7
4 6
4 5
4 4
4 3
4 4
3 4
2 4
2 5
3 5
4 5
4 6
5 6
5 7
5 6
6 6
6 5
6 6
6 7
6 8
5 8
4 8
3 8
4 8
4 7
4 8
4 7
4 6
3 6
3 5
2 5
3 5
4 5
3 5
4 5
4 6
4 5
5 5
6 5
6 4
6 5
6 6
6 7
7 7
7 6
7 5
8 5
8 6
8 7
8 8
8 9
7 9
8 9
9 9
8 9
7 9
7 10
7 11
7 12
8 12
8 11
8 10
7 10
8 10
8 11
7 11
6 11
7 11
6 11
7 11
7 10
8 10
9 10
8 10
9 10
9 11
9 12
8 12
8 11
9 11
9 12
8 12
8 13
7 13
6 13
5 13
6 13
6 14
5 14
4 14
4 15
5 15
6 15
5 15
6 15
6 16
5 16
5 17
4 17
5 17
6 17
6 18
5 18
6 18
6 19
6 20
7 20
7 21
8 21
8 20
9 20
10 20
11 20
11 21
10 21
11 21
12 21
11 21
10 21
10 20
11 20
12 20
12 21
12 22
13 22
13 21
13 20
13 19
14 19
14 18
13 18
13 19
13 20
12 20
13 20
13 21
14 21
14 20
14 21
13 21
12 21
13 21
13 20
13 21
13 20
13 19
13 18
12 18
13 18
13 19
12 19
12 18
12 17
12 18
11 18
11 19
10 19
10 20
10 19
11 19
12 19
12 18
13 18
13 19
13 20
13 21
13 22
13 21
13 22
12 22
11 22
12 22
12 21
13 21
13 22
13 21
13 22
14 22
14 23
13 23
14 23
15 23
15 24
15 23
15 22
15 21
16 21
17 21
17 20
17 19
17 20
17 19
18 19
19 19
18 19
17 19
16 19
16 18
16 19
17 19
18 19
19 19
18 19
18 20
17 20
17 21
18 21
18 20
18 19
18 18
18 19
17 19
16 19
15 19
14 19
13 19
13 20
14 20
14 21
14 22
14 23
15 23
16 23
16 22
16 21
15 21
15 22
14 22
14 23
14 22
15 22
15 21
14 21
14 22
14 23
14 24
15 24
15 25
15 24
15 25
14 25
15 25
14 25
13 25
13 24
14 24
15 24
14 24
14 23
15 23
15 24
15 23
14 23
14 24
14 23
15 23
15 22
15 23
14 23
15 23
15 22
15 23
15 22
14 22
14 23
15 23
15 24
15 25
14 25
15 25
16 25
16 26
16 25
15 25
14 25
14 24
14 23
14 24
15 24
15 25
16 25
16 24
16 25
16 26
15 26
15 25
16 25
16 26
15 26
16 26
16 25
17 25
17 24
17 25
16 25
15 25
15 26
15 25
16 25
16 26
16 27
16 28
15 28
16 28
16 27
17 27
17 26
17 27
17 28
17 29
16 29
16 28
16 29
16 30
16 31
17 31
17 30
17 31
17 32
18 32
18 31
18 32
18 33
19 33
19 34
18 34
18 35
17 35
18 35
18 34
18 33
19 33
19 34
18 34
17 34
17 33
18 33
19 33
20 33
21 33
20 33
20 32
19 32
20 32
19 32
18 32
19 32
19 31
18 31
17 31
17 32
17 31
18 31
18 30
18 29
19 29
19 28
19 29
18 29
17 29
18 29
18 30
18 29
17 29
16 29
16 30
16 29
16 30
16 31
15 31
14 31
14 30
14 31
14 32
14 31
15 31
14 31
14 32
15 32
15 33
14 33
13 33
13 34
13 33
12 33
12 32
12 31
12 30
11 30
10 30
9 30
10 30
10 29
10 28
10 27
10 28
9 28
9 27
8 27
8 26
9 26
9 27
10 27
10 26
10 27
11 27
10 27
9 27
10 27
11 27
12 27
11 27
11 28
11 27
11 28
10 28
9 28
9 29
9 30
10 30
10 31
10 32
11 32
12 32
12 31
11 31
10 31
10 32
11 32
10 32
11 32
12 32
13 32
14 32
13 32
13 31
13 30
12 30
11 30
11 31
11 30
11 29
11 28
12 28
11 28
12 28
13 28
12 28
12 29
12 28
11 28
12 28
12 27
11 27
11 28
11 29
11 30
11 29
11 28
10 28
10 29
10 30
11 30
10 30
9 30
8 30
9 30
10 30
11 30
10 30
10 29
9 29
9 30
9 29
8 29
8 28
8 29
7 29
8 29
8 28
8 29
9 29
10 29
10 28
10 27
11 27
12 27
11 27
10 27
10 28
10 27
10 28
10 27
10 26
10 27
9 27
9 28
9 27
8 27
7 27
7 26
6 26
7 26
6 26
7 26
6 26
5 26
4 26
3 26
3 27
3 26
4 26
4 25
5 25
4 25
4 26
4 27
4 26
4 27
4 28
3 28
3 29
3 30
4 30
4 31
3 31
3 30
3 31
4 31
