0 0
0 1
1 1
1 0
0 0
0 1
1 1
1 0
1 1
2 1
1 1
2 1
1 1
1 2
1 1
1 2
1 1
2 1
3 1
3 2
3 3
3 2
4 2
4 1
4 0
4 1
5 1
4 1
4 2
3 2
3 1
3 0
3 1
2 1
2 2
2 3
1 3
0 3
1 3
0 3
0 2
1 2
0 2
0 3
1 3
1 2
1 3
0 3
0 2
0 1
1 1
1 0
1 1
2 1
2 2
2 3
3 3
2 3
2 2
2 1
3 1
3 2
2 2
2 3
2 2
2 1
2 0
1 0
0 0
0 1
1 1
2 1
3 1
3 0
4 0
4 1
5 1
6 1
6 2
7 2
8 2
9 2
10 2
9 2
9 1
10 1
10 0
11 0
12 0
11 0
11 1
12 1
12 2
13 2
13 3
14 3
14 4
14 5
14 4
15 4
15 5
14 5
14 4
14 3
15 3
15 2
15 1
15 0
14 0
14 1
15 1
16 1
16 2
16 1
15 1
14 1
14 2
14 3
14 4
13 4
12 4
12 5
13 5
13 6
13 7
12 7
13 7
12 7
13 7
13 6
14 6
13 6
14 6
14 7
14 6
13 6
14 6
15 6
15 7
15 6
14 6
14 7
14 6
14 5
14 6
14 5
15 5
15 6
14 6
13 6
13 5
13 4
13 3
12 3
12 4
11 4
10 4
10 5
11 5
11 4
12 4
12 3
12 4
11 4
11 5
10 5
10 4
10 5
9 5
9 4
10 4
9 4
10 4
9 4
9 5
10 5
11 5
12 5
13 5
13 4
14 4
13 4
13 5
14 5
13 5
14 5
14 6
15 6
16 6
17 6
17 5
16 5
16 4
15 4
15 3
15 4
16 4
16 3
16 4
17 4
16 4
16 5
17 5
18 5
18 4
17 4
17 5
16 5
17 5
16 5
15 5
14 5
15 5
14 5
14 6
15 6
15 7
14 7
15 7
15 8
16 8
17 8
18 8
18 7
17 7
18 7
18 8
19 8
19 7
19 8
19 9
19 8
18 8
17 8
18 8
18 7
18 8
19 8
19 7
20 7
19 7
19 6
20 6
21 6
20 6
21 6
22 6
23 6
23 7
22 7
23 7
22 7
22 6
21 6
20 6
20 5
21 5
22 5
22 6
21 6
21 7
22 7
23 7
24 7
24 8
24 9
25 9
25 8
24 8
24 9
23 9
24 9
24 10
23 10
24 10
23 10
24 10
23 10
23 9
24 9
24 8
24 9
25 9
25 8
24 8
24 7
23 7
24 7
25 7
25 6
25 5
25 4
25 3
25 2
25 3
25 2
24 2
24 1
25 1
26 1
25 1
25 2
25 1
26 1
26 2
26 1
26 0
26 1
26 2
26 3
26 4
27 4
27 5
27 4
28 4
27 4
27 3
28 3
28 4
29 4
28 4
28 3
27 3
26 3
27 3
27 2
27 3
26 3
27 3
28 3
29 3
29 4
29 5
28 5
28 6
29 6
30 6
30 5
30 6
29 6
29 5
29 4
29 3
30 3
31 3
32 3
32 4
31 4
31 5
32 5
33 5
33 6
32 6
31 6
31 5
31 4
31 3
30 3
31 3
31 4
31 5
31 4
31 3
31 2
31 1
31 2
30 2
31 2
32 2
31 2
30 2
29 2
29 3
29 4
29 3
30 3
31 3
32 3
31 3
32 3
32 2
31 2
32 2
32 1
33 1
34 1
34 2
33 2
33 1
32 1
32 2
33 2
32 2
32 3
33 3
32 3
32 4
32 3
31 3
32 3
32 2
32 1
32 0
32 1
32 2
32 1
31 1
32 1
32 0
33 0
33 1
33 0
34 0
35 0
35 1
35 0
35 1
34 1
33 1
34 1
33 1
33 2
34 2
35 2
35 3
35 4
35 5
35 6
34 6
33 6
33 5
34 5
35 5
36 5
36 4
36 5
37 5
37 6
37 7
37 8
37 9
38 9
38 10
39 10
38 10
37 10
36 10
36 11
35 11
36 11
35 11
35 12
34 12
33 12
34 12
35 12
36 12
35 12
34 12
35 12
34 12
33 12
34 12
35 12
36 12
35 12
35 13
36 13
36 14
36 15
36 16
37 16
37 15
38 15
38 14
37 14
37 15
37 16
38 16
38 15
38 16
39 16
39 15
38 15
38 14
38 15
38 14
38 13
39 13
40 13
41 13
41 14
42 14
41 14
40 14
40 13
40 12
39 12
38 12
38 13
37 13
37 12
37 11
37 12
38 12
38 11
39 11
39 12
39 13
39 12
39 13
39 14
39 15
39 16
40 16
41 16
41 15
42 15
41 15
42 15
43 15
43 14
42 14
42 15
41 15
41 14
40 14
40 15
40 14
40 13
39 13
39 12
39 13
40 13
41 13
42 13
42 12
41 12
42 12
41 12
40 12
39 12
40 12
40 11
39 11
38 11
37 11
36 11
36 10
37 10
37 9
38 9
37 9
37 10
36 10
36 9
37 9
37 10
37 9
37 8
38 8
37 8
37 9
36 9
37 9
37 8
37 7
37 6
38 6
38 7
38 8
38 7
38 8
38 9
37 9
37 10
37 11
37 12
37 11
38 11
38 10
39 10
38 10
37 10
38 10
38 11
39 11
38 11
39 11
39 10
39 9
40 9
41 9
42 9
41 9
40 9
40 8
40 9
40 10
40 11
39 11
39 12
39 13
39 12
39 13
39 12
38 12
39 12
38 12
39 12
39 11
40 11
40 10
39 10
39 11
39 10
39 9
40 9
40 8
39 8
39 7
39 6
38 6
38 7
39 7
39 8
38 8
38 9
37 9
37 8
37 7
38 7
37 7
36 7
35 7
35 8
35 9
36 9
37 9
37 8
37 7
37 8
37 9
37 10
37 9
36 9
36 10
36 11
36 10
37 10
38 10
37 10
36 10
35 10
36 10
36 11
35 11
34 11
33 11
33 12
32 12
32 11
33 11
33 12
32 12
32 11
33 11
34 11
35 11
35 10
34 10
33 10
34 10
34 9
34 8
34 9
33 9
33 8
33 9
34 9
33 9
33 8
34 8
34 9
35 9
36 9
35 9
35 10
35 11
35 12
35 13
36 13
35 13
36 13
35 13
35 12
36 12
36 11
36 12
36 13
35 13
36 13
35 13
35 12
35 11
35 10
36 10
35 10
35 9
35 10
35 9
36 9
36 8
36 9
36 10
36 9
35 9
35 8
34 8
34 9
34 8
34 9
34 10
34 9
34 10
35 10
36 10
37 10
38 10
39 10
39 9
40 9
39 9
39 10
39 9
39 10
38 10
37 10
36 10
37 10
37 11
37 12
38 12
38 13
39 13
38 13
38 14
37 14
38 14
37 14
37 13
37 14
37 15
36 15
36 16
36 15
36 14
35 14
34 14
33 14
33 13
34 13
34 14
34 15
33 15
34 15
34 16
35 16
36 16
37 16
37 17
38 17
37 17
38 17
38 16
38 15
38 16
37 16
37 17
38 17
37 17
37 18
37 19
37 18
37 17
38 17
39 17
39 18
39 17
38 17
39 17
38 17
38 18
38 19
38 20
38 19
39 19
38 19
38 18
37 18
37 17
37 16
36 16
36 15
36 16
35 16
35 15
35 16
35 17
35 16
36 16
35 16
35 17
36 17
35 17
34 17
34 18
35 18
34 18
34 19
33 19
34 19
33 19
34 19
33 19
33 18
34 18
34 17
34 18
34 17
34 18
34 19
34 20
34 21
33 21
34 21
34 20
33 20
33 21
34 21
34 20
35 20
35 21
35 20
35 21
34 21
34 22
34 23
34 22
33 22
32 22
33 22
32 22
33 22
34 22
34 21
35 21
35 22
36 22
36 23
35 23
34 23
35 23
36 23
36 24
37 24
36 24
36 23
36 22
36 23
36 24
35 24
36 24
37 24
37 23
36 23
36 24
37 24
36 24
36 25
35 25
35 24
36 24
36 25
36 26
35 26
35 25
36 25
36 24
35 24
34 24
34 25
34 26
33 26
32 26
31 26
31 27
32 27
33 27
34 27
35 27
36 27
35 27
35 26
35 27
34 27
34 28
34 27
33 27
34 27
34 26
35 26
35 27
35 26
36 26
35 26
36 26
37 26
38 26
39 26
40 26
39 26
38 26
38 27
39 27
40 27
40 28
41 28
41 27
40 27
40 28
41 28
41 27
41 28
41 29
40 29
41 29
41 30
42 30
41 30
42 30
42 29
43 29
44 29
44 30
45 30
45 29
46 29
47 29
46 29
46 30
46 29
46 28
46 27
47 27
47 28
46 28
45 28
45 29
46 29
45 29
46 29
47 29
46 29
46 30
47 30
47 31
47 32
47 33
47 34
46 34
46 35
46 36
46 37
46 36
45 36
45 35
45 34
46 34
47 34
48 34
49 34
49 35
49 34
49 33
49 32
49 31
50 31
50 30
50 29
51 29
52 29
51 29
51 28
51 29
50 29
50 30
51 30
52 30
51 30
