0 0
1 0
2 0
3 0
3 1
3 2
3 1
3 2
2 2
2 1
2 2
2 3
2 4
2 5
1 5
2 5
3 5
4 5
4 4
4 5
3 5
3 4
3 3
3 4
4 4
4 5
5 5
4 5
4 4
3 4
2 4
2 5
1 5
2 5
3 5
3 4
3 3
2 3
3 3
2 3
3 3
3 2
3 3
3 4
3 5
3 4
4 4
3 4
3 3
3 4
4 4
3 4
2 4
1 4
1 3
1 4
1 3
1 4
1 3
0 3
0 4
1 4
1 5
1 4
1 5
2 5
3 5
3 6
3 7
3 8
3 9
3 8
4 8
5 8
5 9
4 9
4 10
5 10
5 11
6 11
5 11
6 11
6 10
7 10
7 11
7 10
7 9
7 8
8 8
9 8
8 8
9 8
9 9
9 10
9 11
9 10
10 10
9 10
8 10
8 11
9 11
10 11
10 10
11 10
11 11
11 12
12 12
12 13
12 14
13 14
14 14
15 14
14 14
14 13
14 14
15 14
15 13
15 14
15 15
14 15
14 16
13 16
12 16
12 15
11 15
11 16
11 17
11 18
11 19
11 20
12 20
13 20
12 20
13 20
14 20
14 21
14 20
13 20
13 19
12 19
11 19
10 19
10 18
11 18
11 19
10 19
11 19
11 18
12 18
12 17
12 16
11 16
11 17
11 16
11 15
11 16
12 16
13 16
14 16
14 15
13 15
14 15
14 14
14 15
14 14
13 14
13 13
14 13
14 12
13 12
12 12
12 13
12 14
12 15
13 15
13 16
14 16
14 15
14 14
14 13
15 13
15 12
14 12
13 12
13 11
13 12
13 13
14 13
14 14
15 14
14 14
14 13
14 12
15 12
15 11
15 10
15 9
14 9
14 10
14 11
14 12
15 12
15 13
15 14
15 13
16 13
16 12
16 11
16 10
16 11
16 12
16 11
16 12
17 12
18 12
19 12
19 13
20 13
20 14
20 15
21 15
21 14
21 15
20 15
19 15
20 15
20 16
21 16
22 16
22 15
23 15
23 14
23 13
23 14
24 14
23 14
23 13
22 13
21 13
22 13
22 14
22 13
22 14
21 14
20 14
20 13
20 12
20 13
21 13
22 13
22 14
23 14
23 15
23 16
23 17
23 18
24 18
25 18
25 17
25 18
25 17
24 17
23 17
23 18
23 17
22 17
22 16
23 16
24 16
25 16
25 17
24 17
25 17
25 16
25 15
26 15
27 15
27 16
26 16
25 16
25 15
24 15
25 15
26 15
26 16
26 15
25 15
24 15
24 14
25 14
26 14
25 14
25 13
25 12
26 12
26 13
25 13
24 13
24 12
24 13
25 13
24 13
24 14
23 14
23 13
23 14
24 14
25 14
24 14
23 14
23 13
22 13
21 13
20 13
20 14
20 13
20 14
21 14
21 13
21 14
21 15
20 15
19 15
20 15
21 15
21 14
21 13
21 12
22 12
22 11
21 11
21 12
21 11
22 11
21 11
21 10
21 9
20 9
19 9
18 9
18 10
18 11
18 10
18 9
19 9
19 10
20 10
21 10
22 10
21 10
22 10
22 11
22 12
22 13
22 12
22 13
22 12
22 11
22 12
23 12
23 11
23 10
23 11
23 10
23 9
24 9
23 9
22 9
23 9
23 10
22 10
22 9
22 10
23 10
23 9
23 10
23 11
22 11
23 11
23 10
23 11
24 11
25 11
24 11
24 10
24 9
23 9
23 8
22 8
23 8
24 8
25 8
26 8
26 7
26 6
27 6
27 5
27 6
28 6
27 6
28 6
28 5
27 5
27 4
26 4
26 5
25 5
24 5
24 6
25 6
26 6
26 7
26 6
26 7
26 6
27 6
28 6
28 5
28 6
28 5
29 5
29 4
29 3
29 4
29 5
28 5
28 6
28 7
28 6
27 6
26 6
27 6
28 6
29 6
30 6
30 5
29 5
29 4
29 5
28 5
29 5
29 6
29 7
29 8
28 8
28 9
28 10
27 10
28 10
29 10
30 10
31 10
31 11
31 10
31 11
31 12
31 11
32 11
32 12
33 12
33 11
33 10
32 10
32 9
31 9
30 9
31 9
32 9
32 8
31 8
30 8
29 8
29 9
29 8
30 8
29 8
29 7
29 8
30 8
30 9
30 8
30 7
30 6
29 6
30 6
30 7
29 7
28 7
29 7
28 7
28 8
29 8
30 8
29 8
29 7
29 6
30 6
30 5
30 6
31 6
31 7
32 7
33 7
34 7
35 7
35 6
35 5
36 5
36 4
36 5
36 4
36 3
36 4
36 3
36 4
36 5
35 5
36 5
35 5
34 5
34 4
33 4
34 4
34 5
34 6
33 6
33 7
33 6
33 7
34 7
35 7
36 7
37 7
38 7
37 7
36 7
37 7
38 7
38 8
38 9
38 10
38 9
38 10
37 10
38 10
37 10
38 10
38 11
39 11
38 11
39 11
39 12
38 12
39 12
40 12
39 12
39 11
39 12
39 11
40 11
40 12
40 11
39 11
40 11
40 10
39 10
39 9
39 10
40 10
40 11
39 11
39 12
38 12
37 12
36 12
37 12
38 12
38 13
38 14
39 14
39 15
40 15
40 16
39 16
38 16
37 16
36 16
37 16
37 17
38 17
38 18
38 17
37 17
37 16
38 16
38 17
38 16
37 16
36 16
35 16
36 16
36 17
36 16
35 16
36 16
35 16
36 16
37 16
37 17
36 17
36 18
35 18
34 18
35 18
35 17
35 16
36 16
37 16
37 17
37 16
36 16
36 15
36 16
36 17
36 16
35 16
34 16
34 17
33 17
33 16
32 16
32 17
31 17
30 17
31 17
31 18
31 17
30 17
30 16
31 16
31 17
31 18
32 18
31 18
32 18
32 19
31 19
31 18
32 18
32 17
32 18
32 19
32 20
31 20
31 21
31 20
30 20
29 20
28 20
27 20
27 19
28 19
27 19
27 18
28 18
28 17
28 16
27 16
28 16
29 16
29 15
29 16
29 15
28 15
29 15
29 16
28 16
27 16
26 16
27 16
27 15
28 15
28 16
28 15
27 15
27 14
26 14
26 13
25 13
24 13
23 13
24 13
23 13
22 13
23 13
24 13
24 12
23 12
24 12
23 12
22 12
22 13
21 13
21 14
20 14
21 14
20 14
21 14
20 14
21 14
20 14
20 15
21 15
21 16
22 16
21 16
20 16
19 16
19 15
19 14
20 14
20 15
20 16
19 16
18 16
19 16
18 16
18 15
17 15
17 14
16 14
17 14
18 14
18 15
19 15
19 16
18 16
17 16
17 17
18 17
18 18
17 18
16 18
16 19
15 19
15 18
15 19
15 18
15 19
15 18
14 18
14 17
13 17
13 16
12 16
12 15
13 15
14 15
13 15
12 15
11 15
11 14
12 14
12 15
13 15
12 15
12 16
11 16
11 15
11 14
11 15
11 14
12 14
11 14
12 14
12 15
12 16
12 17
12 18
12 17
13 17
13 18
12 18
11 18
11 19
11 20
12 20
11 20
11 21
11 22
12 22
12 21
12 20
11 20
10 20
10 21
10 22
9 22
10 22
10 21
9 21
8 21
8 22
8 23
8 22
8 23
8 22
8 21
8 22
8 23
9 23
9 22
9 21
9 20
9 21
9 20
8 20
8 19
9 19
8 19
8 18
8 19
8 18
8 19
9 19
9 20
9 19
8 19
8 20
8 21
9 21
8 21
7 21
6 21
5 21
5 22
6 22
5 22
5 21
6 21
7 21
7 20
7 21
7 22
7 21
7 20
8 20
8 21
7 21
6 21
7 21
6 21
7 21
7 20
7 21
7 22
8 22
9 22
10 22
11 22
12 22
11 22
12 22
13 22
13 23
13 24
13 23
14 23
13 23
14 23
14 24
15 24
15 25
15 24
15 25
16 25
16 26
16 25
17 25
16 25
16 24
15 24
16 24
17 24
16 24
17 24
16 24
16 25
16 26
17 26
16 26
16 27
16 28
17 28
17 27
18 27
19 27
18 27
18 26
17 26
17 27
17 28
16 28
16 29
16 30
16 31
16 32
16 31
16 30
16 29
16 28
15 28
15 29
16 29
17 29
17 30
17 31
17 30
17 29
17 28
18 28
18 29
19 29
18 29
18 28
19 28
19 29
19 30
20 30
20 31
20 32
21 32
21 33
22 33
23 33
24 33
24 34
24 33
24 32
25 32
26 32
26 31
27 31
26 31
27 31
27 32
27 31
26 31
27 31
27 32
27 33
26 33
26 34
25 34
25 33
25 34
24 34
25 34
25 33
26 33
25 33
24 33
24 32
23 32
22 32
21 32
21 31
21 30
21 31
20 31
20 32
20 33
20 34
20 35
19 35
19 34
19 35
20 35
19 35
18 35
19 35
19 34
18 34
18 33
18 34
17 34
18 34
19 34
19 33
19 34
20 34
20 33
19 33
19 34
19 33
19 34
20 34
19 34
18 34
17 34
