0 0
1 0
1 1
1 2
1 1
1 0
0 0
0 1
1 1
1 2
1 3
0 3
1 3
1 2
0 2
1 2
1 1
1 0
2 0
1 0
2 0
2 1
2 0
2 1
3 1
3 0
3 1
3 2
4 2
4 1
5 1
6 1
7 1
7 0
7 1
7 0
8 0
9 0
9 1
9 2
8 2
8 3
8 4
7 4
7 5
6 5
7 5
7 4
6 4
6 5
6 4
5 4
6 4
6 5
7 5
8 5
7 5
8 5
7 5
7 6
6 6
7 6
6 6
6 7
7 7
7 8
7 7
6 7
5 7
6 7
7 7
7 6
7 5
7 4
8 4
9 4
9 5
8 5
8 6
9 6
10 6
9 6
8 6
8 7
8 6
8 5
7 5
8 5
9 5
9 4
9 3
9 4
10 4
9 4
10 4
9 4
9 5
8 5
8 6
8 7
8 8
8 9
8 10
8 11
8 10
9 10
9 9
8 9
8 8
8 9
9 9
9 8
9 9
9 8
9 7
9 6
9 7
8 7
8 6
8 7
9 7
10 7
11 7
10 7
10 6
10 7
10 6
10 5
10 4
10 5
11 5
10 5
9 5
10 5
9 5
10 5
10 6
10 5
11 5
11 6
10 6
11 6
10 6
10 5
10 4
11 4
11 3
11 4
10 4
11 4
11 5
11 6
12 6
12 7
12 8
12 7
12 6
12 5
12 4
13 4
13 5
13 4
13 5
13 6
14 6
13 6
13 5
14 5
13 5
13 6
13 5
12 5
11 5
12 5
12 6
12 5
13 5
13 6
13 7
14 7
14 6
13 6
14 6
14 5
15 5
15 4
15 3
15 2
16 2
16 3
16 2
16 3
15 3
15 2
16 2
16 3
16 4
15 4
15 5
16 5
16 6
15 6
15 5
14 5
13 5
13 6
14 6
13 6
13 7
12 7
12 8
11 8
11 9
12 9
11 9
12 9
12 8
13 8
12 8
11 8
11 9
11 8
12 8
13 8
13 7
12 7
13 7
14 7
13 7
12 7
13 7
13 6
14 6
13 6
14 6
14 7
14 8
14 9
15 9
15 10
15 9
15 8
14 8
14 9
15 9
15 8
14 8
13 8
14 8
14 7
13 7
12 7
12 6
13 6
12 6
11 6
11 7
12 7
12 6
12 7
12 6
12 7
12 6
12 7
11 7
11 8
12 8
12 7
12 6
12 7
11 7
11 8
10 8
10 7
10 6
10 7
10 6
10 5
10 6
9 6
9 7
9 6
10 6
11 6
10 6
9 6
10 6
11 6
12 6
11 6
12 6
13 6
13 5
14 5
13 5
14 5
15 5
15 4
16 4
17 4
16 4
16 5
16 6
17 6
18 6
17 6
16 6
15 6
15 7
16 7
15 7
16 7
16 6
17 6
16 6
15 6
15 5
14 5
14 6
13 6
12 6
12 7
11 7
11 6
10 6
10 7
9 7
9 8
10 8
9 8
9 9
9 8
10 8
10 7
11 7
11 6
12 6
11 6
10 6
10 5
9 5
8 5
8 4
8 5
7 5
6 5
6 6
6 7
7 7
7 6
6 6
6 5
6 4
6 3
6 2
6 3
6 2
7 2
8 2
8 1
9 1
10 1
11 1
11 2
11 1
10 1
9 1
9 2
9 1
8 1
7 1
8 1
8 0
8 1
7 1
7 2
7 1
7 0
7 1
7 2
7 1
8 1
8 0
8 1
7 1
7 2
7 1
6 1
5 1
5 0
5 1
6 1
5 1
6 1
7 1
7 2
8 2
7 2
6 2
7 2
7 1
6 1
6 0
6 1
6 0
6 1
7 1
7 2
6 2
6 1
5 1
5 2
5 3
5 2
5 3
5 2
4 2
3 2
2 2
2 3
2 4
2 5
1 5
2 5
2 4
2 5
3 5
2 5
2 4
1 4
1 3
2 3
3 3
4 3
3 3
3 4
3 3
4 3
4 4
4 5
5 5
6 5
7 5
7 6
7 7
8 7
8 8
7 8
7 7
7 6
7 7
6 7
5 7
5 8
4 8
5 8
6 8
6 7
7 7
8 7
8 8
7 8
7 7
7 8
7 7
8 7
7 7
7 6
7 5
8 5
8 6
9 6
9 7
9 6
8 6
7 6
7 7
8 7
7 7
7 6
7 7
7 8
7 9
8 9
7 9
7 10
7 9
7 10
8 10
8 11
8 12
7 12
6 12
7 12
7 11
7 12
6 12
6 11
6 12
6 13
5 13
6 13
6 14
6 13
6 14
6 15
5 15
4 15
4 14
5 14
4 14
5 14
5 13
5 14
6 14
6 13
5 13
5 14
5 15
4 15
5 15
6 15
6 16
5 16
6 16
7 16
6 16
7 16
7 17
8 17
9 17
10 17
11 17
12 17
13 17
12 17
13 17
13 18
13 19
14 19
13 19
13 18
13 17
14 17
14 16
15 16
14 16
14 17
13 17
13 16
13 15
13 16
14 16
14 15
14 14
13 14
12 14
12 13
11 13
11 14
12 14
12 15
11 15
11 14
10 14
9 14
9 15
8 15
9 15
10 15
9 15
8 15
8 16
8 17
7 17
7 18
7 17
7 16
6 16
6 15
6 16
7 16
7 17
7 16
7 17
6 17
5 17
6 17
6 16
7 16
7 15
7 14
8 14
8 15
8 14
7 14
8 14
8 13
8 14
8 15
8 16
7 16
7 17
8 17
8 18
8 17
8 18
9 18
10 18
10 17
9 17
9 18
10 18
10 19
10 18
11 18
11 19
11 18
10 18
11 18
11 17
10 17
10 18
10 19
9 19
9 20
9 21
9 22
8 22
8 23
8 22
8 23
8 24
7 24
7 23
7 22
8 22
8 21
9 21
9 22
8 22
8 23
8 24
8 23
8 24
7 24
7 23
7 24
7 25
7 24
6 24
7 24
8 24
7 24
7 23
7 24
7 23
7 24
7 25
6 25
7 25
6 25
6 26
6 25
7 25
8 25
8 26
8 25
9 25
9 26
10 26
9 26
8 26
8 27
9 27
9 28
9 29
10 29
9 29
10 29
9 29
9 28
9 29
8 29
8 30
7 30
6 30
7 30
6 30
6 31
6 30
7 30
8 30
8 29
8 28
8 27
9 27
9 26
9 25
9 26
8 26
8 25
8 24
9 24
8 24
8 23
9 23
9 22
10 22
9 22
8 22
7 22
8 22
8 23
8 22
7 22
8 22
7 22
8 22
7 22
7 23
8 23
8 24
8 23
9 23
9 24
9 25
10 25
10 26
9 26
8 26
7 26
7 27
8 27
8 28
7 28
8 28
7 28
7 29
8 29
8 28
9 28
9 27
9 26
8 26
8 27
8 26
9 26
9 27
8 27
9 27
9 28
9 29
10 29
10 28
11 28
10 28
9 28
8 28
8 27
7 27
7 26
8 26
9 26
9 25
8 25
7 25
6 25
7 25
6 25
6 26
5 26
5 27
6 27
6 26
5 26
6 26
7 26
7 27
7 26
7 27
7 26
7 25
7 26
7 27
7 26
6 26
5 26
4 26
4 27
5 27
5 26
6 26
7 26
7 25
8 25
8 26
9 26
9 25
10 25
11 25
12 25
13 25
13 24
13 25
12 25
11 25
11 26
11 27
11 28
11 27
11 26
10 26
10 25
9 25
10 25
11 25
11 26
10 26
9 26
10 26
11 26
12 26
12 27
11 27
11 28
11 27
12 27
12 28
12 27
13 27
13 26
12 26
12 25
13 25
13 24
12 24
11 24
11 23
10 23
9 23
8 23
8 22
8 23
9 23
8 23
9 23
10 23
10 22
11 22
10 22
10 23
10 24
10 25
10 26
11 26
10 26
10 27
9 27
9 28
10 28
11 28
11 29
12 29
12 28
12 27
13 27
12 27
12 26
12 27
11 27
12 27
12 26
13 26
14 26
15 26
15 25
14 25
13 25
12 25
13 25
13 24
13 23
13 24
13 25
13 26
14 26
15 26
15 25
14 25
14 26
13 26
13 27
12 27
13 27
13 28
14 28
13 28
12 28
11 28
11 29
11 28
10 28
10 27
10 26
10 27
11 27
10 27
10 28
10 29
10 28
9 28
9 27
9 28
9 29
9 28
9 29
10 29
10 28
11 28
12 28
11 28
12 28
12 27
11 27
12 27
12 26
13 26
12 26
12 27
12 28
12 29
12 30
12 29
12 28
11 28
11 27
12 27
11 27
11 26
11 27
11 28
12 28
13 28
14 28
14 29
14 28
13 28
12 28
12 27
11 27
11 26
10 26
10 25
10 24
11 24
10 24
10 25
11 25
12 25
11 25
11 26
10 26
9 26
9 27
8 27
8 26
8 27
8 28
9 28
9 29
9 30
9 31
9 30
9 31
9 30
10 30
10 31
10 32
10 33
10 32
9 32
9 31
9 30
10 30
11 30
10 30
9 30
10 30
10 31
10 30
10 31
9 31
10 31
10 30
9 30
9 31
9 30
9 31
9 30
