0 0
1 0
1 1
0 1
0 0
0 1
0 2
0 1
0 0
0 1
1 1
1 2
1 3
0 3
1 3
1 4
0 4
0 5
0 4
0 5
1 5
1 6
1 5
1 4
0 4
1 4
1 5
0 5
1 5
2 5
3 5
3 4
2 4
2 3
2 4
3 4
3 5
4 5
5 5
5 6
5 7
5 6
5 7
5 6
5 7
6 7
5 7
6 7
6 8
6 9
5 9
6 9
6 8
7 8
7 7
7 8
6 8
5 8
4 8
5 8
4 8
3 8
4 8
5 8
5 7
5 8
5 7
6 7
7 7
6 7
6 6
5 6
5 7
6 7
5 7
5 8
6 8
6 9
6 8
6 9
6 10
6 11
5 11
5 12
5 11
4 11
4 12
4 13
5 13
6 13
5 13
4 13
5 13
4 13
4 12
3 12
3 13
4 13
5 13
4 13
4 14
4 13
3 13
3 14
3 13
2 13
1 13
0 13
0 14
0 15
0 16
0 17
0 18
0 19
1 19
1 20
1 19
1 20
0 20
0 19
0 18
1 18
2 18
2 17
2 16
2 15
2 16
3 16
3 15
2 15
1 15
0 15
1 15
1 14
0 14
1 14
1 15
1 16
1 15
1 16
1 17
1 18
2 18
1 18
1 17
0 17
0 16
1 16
1 17
1 16
0 16
0 15
0 16
0 17
1 17
2 17
3 17
4 17
5 17
6 17
5 17
5 16
6 16
7 16
7 17
7 18
6 18
5 18
4 18
5 18
5 19
6 19
6 18
6 19
6 20
5 20
4 20
4 19
5 19
5 20
5 19
6 19
5 19
4 19
5 19
5 18
5 17
5 16
5 17
6 17
6 18
7 18
7 17
7 18
7 19
7 20
8 20
8 21
8 20
8 21
7 21
7 20
6 20
5 20
6 20
6 21
6 22
7 22
7 21
6 21
7 21
8 21
7 21
7 22
8 22
8 23
7 23
7 24
7 23
7 22
6 22
5 22
4 22
4 23
4 24
3 24
3 25
3 26
3 25
3 26
3 25
3 26
2 26
1 26
2 26
1 26
1 27
1 28
0 28
0 29
0 30
0 29
0 28
0 29
0 28
1 28
2 28
1 28
0 28
1 28
2 28
3 28
3 29
4 29
5 29
5 28
5 27
6 27
6 28
7 28
7 29
6 29
6 30
7 30
8 30
7 30
8 30
7 30
7 29
8 29
7 29
7 30
6 30
6 31
6 30
5 30
5 31
5 32
4 32
4 31
4 32
3 32
2 32
3 32
4 32
4 33
4 34
3 34
4 34
4 35
4 36
4 37
4 36
3 36
4 36
4 35
4 34
4 35
4 36
5 36
5 35
5 34
6 34
6 35
6 36
6 37
6 38
7 38
8 38
9 38
8 38
7 38
6 38
6 39
5 39
6 39
7 39
7 40
7 41
6 41
5 41
5 42
5 41
6 41
6 40
5 40
4 40
3 40
4 40
3 40
2 40
3 40
3 39
2 39
3 39
2 39
3 39
3 40
3 41
4 41
3 41
2 41
1 41
1 42
0 42
1 42
1 43
1 42
1 41
1 42
0 42
0 43
0 42
1 42
2 42
3 42
4 42
4 41
3 41
2 41
1 41
0 41
1 41
1 40
1 39
1 38
1 37
2 37
2 36
2 37
3 37
4 37
4 38
3 38
4 38
4 39
4 38
5 38
5 37
5 36
4 36
5 36
6 36
6 37
6 38
6 37
5 37
5 36
5 37
5 38
6 38
6 37
7 37
8 37
7 37
7 36
7 35
7 34
8 34
9 34
9 35
8 35
8 36
7 36
8 36
8 37
8 36
8 37
7 37
7 36
6 36
6 37
5 37
5 36
5 35
6 35
6 36
7 36
7 37
7 36
7 37
8 37
8 36
8 35
8 36
9 36
9 35
10 35
11 35
11 36
11 37
12 37
12 36
11 36
11 37
11 38
11 39
10 39
11 39
12 39
12 38
11 38
12 38
12 39
12 40
12 41
12 40
11 40
11 39
10 39
10 40
11 40
10 40
9 40
9 39
9 38
9 37
10 37
10 38
9 38
8 38
8 39
8 40
8 39
7 39
7 38
8 38
9 38
9 39
9 38
9 39
9 40
8 40
8 41
8 40
8 39
7 39
6 39
7 39
7 38
7 39
8 39
8 40
8 41
9 41
9 42
9 41
9 42
9 41
10 41
10 42
11 42
11 43
11 42
11 41
10 41
11 41
12 41
13 41
12 41
11 41
11 40
10 40
10 39
11 39
11 38
12 38
12 39
11 39
11 38
11 39
11 38
11 39
11 38
11 39
11 40
10 40
11 40
10 40
9 40
10 40
10 39
11 39
11 38
11 37
12 37
11 37
11 36
10 36
9 36
9 37
9 38
8 38
8 37
9 37
10 37
11 37
11 36
11 37
11 38
10 38
11 38
10 38
9 38
8 38
8 37
7 37
6 37
5 37
5 38
6 38
5 38
6 38
5 38
5 39
4 39
5 39
4 39
3 39
3 40
3 39
3 40
4 40
5 40
5 41
5 42
4 42
4 41
4 40
5 40
5 41
5 42
6 42
6 41
6 42
7 42
7 41
6 41
5 41
5 42
6 42
7 42
6 42
6 41
7 41
7 42
7 43
7 42
7 41
7 40
7 41
7 42
8 42
8 41
7 41
7 40
6 40
6 39
7 39
7 40
7 39
6 39
6 38
7 38
6 38
7 38
8 38
8 39
9 39
9 38
9 39
9 38
10 38
11 38
11 37
10 37
10 38
9 38
8 38
8 39
8 40
8 41
8 42
8 41
8 42
8 43
7 43
8 43
8 42
9 42
8 42
9 42
10 42
11 42
12 42
12 43
13 43
12 43
12 42
12 43
12 42
12 43
13 43
12 43
13 43
12 43
13 43
14 43
14 44
13 44
14 44
15 44
15 43
15 42
16 42
17 42
18 42
18 41
19 41
18 41
18 40
19 40
19 41
19 40
19 39
18 39
19 39
19 40
20 40
20 39
20 40
21 40
20 40
20 39
20 38
21 38
21 37
21 38
21 39
21 40
22 40
22 39
21 39
22 39
21 39
22 39
23 39
23 38
23 39
22 39
22 40
22 39
22 38
22 37
22 38
21 38
20 38
21 38
21 39
20 39
19 39
20 39
19 39
18 39
18 40
18 39
17 39
17 38
18 38
17 38
17 39
16 39
17 39
16 39
15 39
14 39
14 38
13 38
13 37
13 36
13 37
13 38
13 37
12 37
11 37
11 36
10 36
9 36
8 36
9 36
10 36
10 35
10 34
11 34
10 34
9 34
10 34
11 34
11 35
11 36
11 37
12 37
11 37
11 36
10 36
11 36
11 37
11 38
11 39
10 39
10 38
11 38
11 37
12 37
12 38
12 39
12 40
12 41
12 40
13 40
14 40
14 39
15 39
15 38
15 39
14 39
14 40
13 40
13 41
13 42
12 42
13 42
12 42
13 42
13 43
13 44
12 44
13 44
12 44
13 44
13 45
12 45
12 46
12 45
11 45
11 44
11 45
12 45
12 44
13 44
14 44
15 44
16 44
15 44
15 45
15 44
14 44
15 44
15 45
14 45
14 44
15 44
14 44
14 45
14 46
15 46
15 47
16 47
17 47
16 47
17 47
17 46
18 46
19 46
18 46
17 46
18 46
19 46
19 45
18 45
17 45
17 46
17 45
18 45
18 46
18 47
18 46
18 47
19 47
19 48
18 48
18 49
19 49
19 48
19 49
19 48
18 48
17 48
16 48
17 48
17 47
16 47
15 47
14 47
15 47
14 47
13 47
14 47
15 47
15 48
15 47
16 47
17 47
17 48
16 48
15 48
16 48
15 48
15 49
16 49
16 50
16 49
17 49
16 49
15 49
14 49
14 48
14 47
14 48
14 47
14 48
15 48
15 49
15 48
16 48
15 48
15 49
15 48
15 47
15 46
14 46
14 47
15 47
15 46
15 45
15 44
16 44
15 44
15 45
15 44
14 44
15 44
15 45
14 45
13 45
12 45
12 46
13 46
12 46
12 47
11 47
11 46
12 46
12 47
12 48
12 49
11 49
12 49
12 48
12 47
12 46
12 45
12 44
12 43
12 42
11 42
10 42
9 42
8 42
8 41
8 42
8 41
8 40
9 40
8 40
8 41
7 41
8 41
9 41
9 42
9 43
9 44
8 44
8 45
8 46
7 46
6 46
5 46
6 46
6 47
7 47
7 46
7 45
7 44
6 44
5 44
5 45
6 45
6 44
6 43
7 43
8 43
8 42
8 43
9 43
9 44
8 44
7 44
7 45
6 45
6 44
6 45
6 46
7 46
8 46
8 47
8 48
8 47
8 46
7 46
7 45
7 44
6 44
6 43
6 42
7 42
7 41
6 41
5 41
5 42
5 41
5 42
5 43
4 43
3 43
4 43
5 43
6 43
5 43
4 43
5 43
5 42
4 42
4 41
4 42
4 41
5 41
4 41
4 40
5 40
