0 0
1 0
2 0
1 0
1 1
0 1
1 1
2 1
3 1
3 2
3 1
2 1
2 2
3 2
4 2
4 1
3 1
4 1
3 1
4 1
5 1
4 1
4 0
3 0
4 0
3 0
4 0
4 1
5 1
6 1
6 0
6 1
6 2
6 1
6 2
6 3
5 3
6 3
6 4
5 4
5 3
6 3
6 4
6 5
6 4
7 4
6 4
6 5
5 5
5 6
4 6
4 7
4 6
5 6
6 6
7 6
7 7
8 7
9 7
8 7
8 8
9 8
9 7
9 8
9 9
8 9
7 9
6 9
7 9
6 9
6 10
5 10
5 9
6 9
7 9
7 10
7 9
8 9
8 8
7 8
6 8
7 8
7 9
8 9
9 9
9 10
9 9
10 9
9 9
10 9
9 9
8 9
7 9
7 8
6 8
5 8
6 8
6 9
6 8
6 9
6 10
6 9
7 9
7 10
6 10
5 10
5 9
5 10
6 10
5 10
5 9
4 9
3 9
4 9
4 8
4 9
4 10
4 11
5 11
5 10
5 11
4 11
5 11
5 10
5 11
5 10
5 11
6 11
6 12
6 11
6 12
7 12
7 13
8 13
8 12
9 12
8 12
9 12
8 12
9 12
9 11
10 11
10 12
11 12
10 12
9 12
9 13
9 12
9 11
9 10
9 9
9 10
8 10
9 10
8 10
8 9
9 9
10 9
10 10
11 10
11 11
11 12
11 13
11 12
10 12
10 11
9 11
9 10
9 11
9 10
8 10
7 10
7 11
6 11
5 11
5 10
5 9
6 9
7 9
7 10
7 11
6 11
6 12
5 12
4 12
4 13
4 12
5 12
5 13
6 13
6 12
6 13
5 13
6 13
7 13
6 13
6 14
6 15
7 15
7 16
7 17
7 18
6 18
6 17
6 16
5 16
5 15
6 15
5 15
5 16
6 16
6 17
5 17
4 17
4 16
4 15
5 15
6 15
6 14
6 15
6 16
6 17
5 17
4 17
4 16
4 15
5 15
5 14
5 15
4 15
5 15
5 14
5 15
6 15
5 15
5 14
5 15
4 15
3 15
2 15
3 15
2 15
3 15
4 15
5 15
5 16
5 17
5 18
5 19
5 20
6 20
6 21
7 21
7 20
6 20
7 20
8 20
8 19
8 20
8 21
9 21
9 20
8 20
8 19
7 19
8 19
7 19
7 18
7 17
7 18
8 18
8 17
8 16
9 16
9 15
10 15
11 15
11 16
11 17
11 16
11 15
12 15
13 15
13 14
12 14
13 14
13 15
13 14
13 13
12 13
12 12
12 11
11 11
10 11
10 10
10 9
11 9
11 8
12 8
12 7
13 7
13 6
13 5
12 5
12 6
13 6
14 6
14 5
13 5
12 5
11 5
10 5
10 6
11 6
11 7
11 6
11 7
11 8
10 8
10 7
10 6
10 7
10 6
11 6
11 7
12 7
11 7
10 7
9 7
9 6
9 7
10 7
10 8
10 7
10 6
9 6
8 6
7 6
7 5
7 6
8 6
8 5
8 6
8 7
8 6
9 6
10 6
11 6
11 5
12 5
12 6
12 7
11 7
10 7
10 6
10 7
11 7
11 8
11 9
12 9
12 8
12 9
11 9
10 9
11 9
12 9
13 9
13 8
13 7
13 6
13 5
12 5
12 6
12 7
13 7
14 7
15 7
15 6
14 6
14 7
13 7
13 8
14 8
14 7
15 7
14 7
14 6
14 5
15 5
15 6
16 6
15 6
15 5
15 4
16 4
17 4
17 5
18 5
18 6
18 5
19 5
18 5
18 4
17 4
18 4
17 4
16 4
17 4
17 5
16 5
16 4
15 4
14 4
14 5
14 6
14 5
14 4
13 4
14 4
13 4
12 4
13 4
14 4
14 3
13 3
14 3
14 2
14 3
14 4
15 4
15 3
15 4
15 3
14 3
13 3
12 3
13 3
13 2
13 1
12 1
13 1
13 0
14 0
13 0
13 1
12 1
11 1
11 0
11 1
10 1
10 0
10 1
11 1
12 1
11 1
11 2
11 1
11 0
11 1
10 1
10 0
10 1
11 1
12 1
11 1
11 2
11 3
11 2
10 2
11 2
12 2
13 2
13 1
13 0
13 1
14 1
14 2
14 3
14 4
14 5
13 5
12 5
12 6
11 6
11 5
12 5
11 5
11 4
10 4
11 4
10 4
10 3
9 3
10 3
10 4
10 3
10 2
9 2
8 2
8 1
8 0
9 0
9 1
10 1
10 0
9 0
9 1
10 1
9 1
10 1
10 2
10 3
11 3
10 3
9 3
9 4
8 4
9 4
9 3
8 3
8 2
9 2
9 3
9 4
8 4
9 4
8 4
7 4
6 4
6 5
6 4
7 4
7 5
6 5
6 6
6 5
7 5
7 4
8 4
9 4
8 4
9 4
9 5
10 5
10 4
9 4
9 5
10 5
9 5
9 6
10 6
9 6
9 5
10 5
10 6
11 6
11 5
11 4
10 4
10 5
11 5
11 4
11 3
10 3
10 2
11 2
10 2
10 1
10 0
11 0
11 1
11 0
12 0
11 0
10 0
10 1
11 1
12 1
11 1
11 2
12 2
13 2
14 2
15 2
15 1
15 0
16 0
16 1
17 1
16 1
17 1
16 1
17 1
18 1
18 2
18 3
18 4
17 4
18 4
18 5
19 5
18 5
18 4
18 5
18 6
18 5
18 4
19 4
20 4
20 3
20 2
21 2
21 3
21 2
21 3
22 3
22 4
22 5
23 5
24 5
25 5
25 6
26 6
26 7
26 6
26 5
26 6
26 7
26 6
26 5
27 5
27 6
28 6
27 6
27 5
27 6
27 5
26 5
26 4
27 4
27 5
27 6
28 6
28 5
29 5
29 4
29 5
30 5
31 5
31 6
31 7
32 7
32 8
32 7
32 6
31 6
32 6
33 6
34 6
34 5
35 5
36 5
36 4
36 3
35 3
34 3
35 3
35 4
36 4
35 4
35 3
35 4
36 4
36 5
35 5
35 6
36 6
36 7
35 7
34 7
34 6
35 6
35 5
35 6
34 6
35 6
34 6
33 6
34 6
33 6
32 6
32 5
31 5
31 4
31 5
31 6
32 6
32 7
31 7
30 7
29 7
29 6
30 6
30 7
31 7
32 7
32 8
33 8
32 8
32 9
33 9
34 9
34 8
35 8
34 8
33 8
34 8
35 8
35 7
36 7
37 7
37 8
37 9
37 10
37 9
37 10
37 11
37 12
37 11
37 10
38 10
38 9
38 8
37 8
37 9
38 9
38 8
39 8
40 8
40 7
41 7
40 7
40 8
41 8
40 8
40 7
41 7
41 6
41 7
40 7
41 7
42 7
43 7
43 6
42 6
43 6
43 7
42 7
41 7
40 7
40 8
40 7
40 6
39 6
39 7
39 6
39 7
40 7
41 7
41 6
42 6
42 7
43 7
43 6
43 5
44 5
45 5
45 4
46 4
46 5
47 5
48 5
47 5
47 6
48 6
49 6
49 5
48 5
47 5
47 6
47 7
47 6
47 7
46 7
46 6
47 6
46 6
46 5
46 4
46 5
47 5
48 5
47 5
46 5
46 6
46 5
45 5
44 5
44 4
44 3
43 3
44 3
44 4
44 5
43 5
43 4
42 4
43 4
43 5
44 5
44 4
44 5
44 4
44 3
44 4
44 5
43 5
42 5
42 4
42 3
42 2
41 2
41 3
41 4
41 5
40 5
40 4
39 4
40 4
39 4
40 4
40 3
40 2
41 2
40 2
40 3
40 2
41 2
41 1
40 1
40 0
41 0
42 0
42 1
42 2
41 2
41 1
40 1
41 1
42 1
43 1
44 1
45 1
45 2
45 1
45 2
45 1
46 1
45 1
44 1
45 1
44 1
43 1
42 1
43 1
43 0
43 1
43 2
43 1
44 1
44 2
44 1
44 2
43 2
42 2
43 2
42 2
42 3
43 3
43 2
43 3
43 2
42 2
42 1
41 1
41 2
40 2
41 2
42 2
42 3
42 4
42 3
42 4
42 3
42 2
41 2
42 2
43 2
42 2
42 1
41 1
41 2
40 2
39 2
39 1
40 1
39 1
38 1
37 1
38 1
38 2
38 3
37 3
38 3
37 3
37 2
37 1
37 2
36 2
37 2
38 2
38 1
38 2
37 2
37 1
36 1
37 1
37 2
36 2
36 1
36 0
36 1
35 1
36 1
37 1
38 1
38 2
38 3
38 2
38 1
38 2
38 1
37 1
37 2
36 2
36 1
36 2
36 3
36 4
36 3
36 4
36 3
36 4
35 4
35 5
34 5
34 6
33 6
32 6
32 5
32 4
32 3
32 4
32 5
31 5
31 6
31 7
31 8
30 8
30 7
29 7
30 7
30 8
29 8
28 8
28 7
28 8
28 9
28 8
29 8
29 9
29 8
29 9
29 8
30 8
29 8
29 9
29 8
29 7
29 6
