0 0
1 0
1 1
0 1
1 1
2 1
2 2
1 2
1 1
0 1
0 0
0 1
1 1
0 1
0 0
1 0
2 0
2 1
2 2
1 2
2 2
2 3
2 4
2 5
3 5
4 5
3 5
4 5
4 6
3 6
3 5
4 5
4 6
4 5
5 5
4 5
3 5
2 5
2 6
1 6
1 5
0 5
1 5
1 4
0 4
1 4
1 3
0 3
1 3
2 3
1 3
1 4
0 4
0 3
0 4
0 5
0 6
0 7
0 6
0 7
0 8
1 8
0 8
1 8
2 8
3 8
3 9
3 10
3 11
4 11
5 11
5 12
5 11
5 10
6 10
6 11
5 11
4 11
5 11
5 12
5 13
4 13
4 12
5 12
6 12
7 12
8 12
8 13
8 12
7 12
8 12
8 11
8 10
8 9
9 9
9 10
9 9
9 10
9 9
9 10
9 9
10 9
9 9
9 8
8 8
8 9
8 10
8 9
7 9
6 9
6 10
7 10
7 9
7 10
6 10
5 10
6 10
6 11
7 11
8 11
7 11
6 11
6 12
6 13
5 13
5 12
4 12
4 11
5 11
4 11
5 11
4 11
3 11
3 12
4 12
3 12
3 13
4 13
4 14
4 15
5 15
4 15
5 15
4 15
3 15
3 14
4 14
3 14
4 14
3 14
2 14
2 15
3 15
4 15
4 14
5 14
6 14
6 13
6 14
6 13
6 12
6 13
5 13
5 12
6 12
6 13
7 13
8 13
7 13
7 12
6 12
7 12
7 13
6 13
6 12
5 12
5 13
4 13
4 14
5 14
6 14
6 13
6 12
5 12
5 11
6 11
6 10
6 9
5 9
5 10
5 9
4 9
5 9
5 10
5 9
5 8
5 7
4 7
4 8
4 9
4 10
4 9
4 8
5 8
4 8
4 7
4 8
4 9
3 9
2 9
3 9
3 10
3 11
2 11
1 11
1 10
0 10
0 11
0 12
0 13
0 12
1 12
2 12
1 12
2 12
2 13
2 14
1 14
2 14
1 14
2 14
1 14
0 14
0 15
1 15
1 14
1 13
0 13
0 12
0 11
1 11
1 12
2 12
1 12
1 13
0 13
0 14
1 14
1 13
1 14
0 14
1 14
1 15
0 15
0 14
0 13
1 13
0 13
1 13
1 14
1 13
1 14
0 14
0 13
0 12
0 13
0 12
0 13
1 13
0 13
0 14
1 14
0 14
0 13
0 14
0 13
0 14
0 13
1 13
1 12
2 12
2 13
2 14
1 14
0 14
1 14
1 13
0 13
0 14
1 14
1 15
1 16
0 16
0 15
0 14
1 14
1 15
1 14
2 14
2 13
2 12
3 12
4 12
3 12
2 12
2 11
2 10
2 11
1 11
0 11
0 12
1 12
1 13
0 13
0 14
1 14
2 14
2 15
2 16
3 16
3 17
2 17
2 18
3 18
4 18
3 18
2 18
3 18
3 19
3 20
3 21
4 21
3 21
2 21
3 21
4 21
4 22
5 22
5 23
4 23
3 23
3 22
4 22
4 23
4 22
5 22
6 22
6 23
7 23
6 23
5 23
5 24
6 24
6 23
7 23
7 24
6 24
6 23
7 23
7 22
8 22
9 22
10 22
11 22
11 21
11 22
10 22
10 21
9 21
9 22
8 22
9 22
9 21
10 21
11 21
11 22
12 22
12 21
12 20
12 19
12 18
12 17
12 18
12 19
12 20
12 21
12 22
11 22
10 22
11 22
11 21
12 21
12 20
11 20
10 20
11 20
12 20
12 19
12 20
12 19
12 18
13 18
13 19
14 19
14 20
15 20
15 19
16 19
16 18
15 18
15 17
14 17
15 17
14 17
14 18
14 17
13 17
13 18
14 18
15 18
16 18
16 19
16 18
16 19
17 19
18 19
18 18
17 18
16 18
16 17
16 16
16 15
16 16
16 17
17 17
18 17
19 17
20 17
21 17
22 17
21 17
22 17
21 17
21 16
22 16
23 16
22 16
23 16
23 15
24 15
24 14
25 14
25 15
25 14
26 14
26 15
26 14
26 15
27 15
26 15
27 15
28 15
29 15
28 15
29 15
30 15
30 16
30 17
30 18
31 18
30 18
31 18
31 19
32 19
32 20
31 20
30 20
30 21
30 20
31 20
31 21
31 20
31 19
32 19
32 20
33 20
34 20
34 19
34 20
34 21
34 22
34 23
34 24
34 25
33 25
32 25
31 25
30 25
30 26
30 27
30 28
31 28
30 28
30 27
31 27
32 27
31 27
31 26
31 27
30 27
31 27
31 28
32 28
33 28
32 28
32 27
31 27
31 26
32 26
32 25
32 24
32 25
32 24
32 25
32 24
33 24
32 24
32 23
33 23
33 24
33 25
34 25
34 24
34 23
34 24
34 23
35 23
35 24
36 24
36 25
37 25
37 26
36 26
35 26
35 25
35 24
35 23
35 24
35 25
34 25
35 25
36 25
36 26
35 26
35 27
35 26
35 25
35 26
36 26
37 26
37 27
38 27
37 27
36 27
35 27
34 27
33 27
32 27
31 27
30 27
31 27
31 28
31 29
32 29
32 28
31 28
32 28
31 28
32 28
31 28
32 28
31 28
31 29
31 30
31 29
31 28
32 28
32 27
33 27
32 27
32 28
33 28
33 29
34 29
34 28
34 29
34 28
35 28
35 27
35 28
35 27
36 27
37 27
38 27
37 27
37 26
38 26
37 26
36 26
36 25
37 25
37 24
37 23
38 23
38 22
38 21
38 20
39 20
39 19
40 19
40 20
40 21
39 21
38 21
38 20
38 19
38 18
39 18
39 17
38 17
38 18
39 18
38 18
39 18
39 17
39 16
39 17
38 17
39 17
38 17
38 18
38 19
38 20
38 21
38 22
39 22
39 23
38 23
38 22
38 21
38 20
38 21
39 21
39 20
38 20
38 19
39 19
39 20
39 21
39 22
38 22
39 22
39 23
39 24
39 25
40 25
39 25
38 25
37 25
36 25
35 25
36 25
35 25
36 25
36 24
37 24
38 24
37 24
36 24
37 24
38 24
37 24
36 24
37 24
37 23
38 23
38 22
38 21
38 22
39 22
39 21
38 21
37 21
37 20
37 19
36 19
36 18
35 18
35 19
35 18
35 17
36 17
37 17
38 17
38 16
37 16
36 16
36 17
36 18
36 19
36 18
36 19
36 18
36 19
36 18
35 18
34 18
35 18
36 18
36 17
37 17
38 17
38 18
39 18
39 19
40 19
40 18
40 17
39 17
40 17
39 17
40 17
40 16
39 16
39 15
39 14
40 14
41 14
41 13
40 13
41 13
41 14
41 15
41 16
41 17
41 16
41 17
41 18
41 19
41 20
42 20
42 21
42 22
42 21
41 21
41 22
41 21
41 20
41 21
41 22
42 22
42 23
42 22
43 22
43 23
43 22
43 23
43 24
44 24
45 24
46 24
45 24
46 24
46 25
46 24
47 24
47 23
47 24
47 25
48 25
47 25
47 26
47 27
48 27
47 27
48 27
48 26
48 25
47 25
46 25
46 24
45 24
46 24
47 24
46 24
47 24
46 24
46 25
46 24
47 24
46 24
46 23
47 23
47 24
48 24
48 25
48 26
49 26
49 25
49 26
50 26
49 26
50 26
50 25
50 26
50 25
50 24
50 25
49 25
48 25
48 26
48 25
49 25
49 26
49 27
49 28
50 28
51 28
52 28
52 27
52 28
52 29
52 30
52 29
52 30
52 31
52 32
52 31
52 30
51 30
51 29
51 28
52 28
51 28
50 28
50 29
49 29
49 28
49 27
49 28
49 29
49 28
50 28
51 28
51 27
51 28
51 27
51 28
51 29
51 30
51 31
51 32
51 33
51 32
50 32
50 31
51 31
52 31
51 31
50 31
50 32
50 31
50 32
50 33
49 33
48 33
47 33
47 32
47 31
47 32
47 31
47 32
48 32
47 32
47 31
47 32
47 33
48 33
48 34
49 34
49 33
49 32
49 33
48 33
48 32
48 31
47 31
47 32
47 31
47 30
47 29
48 29
49 29
50 29
50 30
50 29
49 29
50 29
50 30
50 31
51 31
50 31
50 30
50 29
50 28
50 29
50 30
50 31
49 31
49 30
49 29
48 29
48 28
48 27
49 27
49 26
49 25
50 25
51 25
52 25
52 24
52 23
52 22
51 22
51 23
52 23
52 22
53 22
53 21
52 21
52 20
52 19
53 19
53 18
53 17
53 18
53 17
53 18
53 17
53 18
54 18
54 17
54 16
55 16
55 15
54 15
53 15
52 15
52 14
52 15
51 15
50 15
50 14
49 14
49 15
49 16
49 15
50 15
50 14
50 13
50 12
50 13
49 13
49 14
49 15
49 14
49 13
48 13
47 13
48 13
48 12
48 13
48 12
48 13
49 13
49 12
48 12
47 12
46 12
46 13
45 13
45 14
44 14
44 15
45 15
45 16
46 16
46 17
45 17
44 17
