0 0
0 1
1 1
0 1
1 1
1 0
2 0
1 0
1 1
2 1
2 0
2 1
1 1
1 0
1 1
0 1
1 1
2 1
1 1
2 1
3 1
2 1
1 1
1 2
2 2
1 2
1 3
1 4
0 4
0 3
0 2
1 2
2 2
2 1
2 2
1 2
1 1
0 1
0 2
1 2
1 3
2 3
2 2
3 2
4 2
4 1
4 2
5 2
6 2
7 2
6 2
5 2
5 3
5 2
5 1
6 1
6 0
6 1
7 1
7 2
8 2
9 2
10 2
10 3
10 4
9 4
9 3
9 4
10 4
9 4
10 4
9 4
8 4
8 3
8 4
7 4
6 4
5 4
5 5
6 5
7 5
7 4
7 5
8 5
8 6
8 7
7 7
7 8
6 8
5 8
5 7
4 7
3 7
3 6
2 6
1 6
1 5
1 6
1 5
1 6
0 6
0 7
0 8
0 9
0 10
1 10
1 11
1 12
0 12
0 11
0 12
0 11
1 11
1 12
1 13
2 13
2 12
3 12
4 12
4 13
4 12
4 13
5 13
4 13
4 12
5 12
4 12
4 13
4 12
4 11
4 10
4 11
3 11
2 11
2 10
2 9
1 9
2 9
1 9
1 10
1 11
2 11
2 10
2 9
2 8
2 7
2 8
2 9
2 10
3 10
3 11
4 11
4 10
5 10
4 10
4 11
3 11
3 10
2 10
1 10
2 10
2 9
2 8
2 9
2 10
2 9
3 9
3 10
4 10
3 10
3 11
3 10
3 9
4 9
4 10
4 9
4 8
4 9
5 9
6 9
6 10
6 11
5 11
5 12
5 13
4 13
5 13
5 12
4 12
4 11
3 11
2 11
1 11
1 10
2 10
2 11
2 12
1 12
1 11
1 12
2 12
3 12
4 12
4 13
5 13
6 13
5 13
4 13
3 13
3 14
3 13
4 13
5 13
6 13
6 12
6 11
6 10
6 11
6 12
7 12
6 12
6 11
5 11
5 10
5 9
4 9
4 10
4 11
5 11
4 11
5 11
5 10
5 11
6 11
5 11
5 10
4 10
3 10
3 11
3 12
3 13
4 13
3 13
2 13
2 14
1 14
1 13
0 13
1 13
1 14
1 15
0 15
0 14
0 15
1 15
1 16
1 15
1 16
2 16
2 17
2 18
2 17
2 16
2 15
2 14
3 14
2 14
2 15
1 15
0 15
0 14
0 15
1 15
2 15
1 15
1 16
2 16
2 17
1 17
0 17
1 17
1 18
1 17
2 17
2 18
2 17
1 17
0 17
1 17
2 17
2 16
3 16
3 15
3 16
2 16
3 16
3 15
2 15
2 14
3 14
4 14
5 14
5 15
6 15
6 16
6 17
7 17
7 16
7 15
6 15
6 16
7 16
6 16
5 16
6 16
7 16
6 16
7 16
7 17
7 16
7 17
8 17
8 16
8 15
8 16
8 17
8 16
7 16
6 16
6 17
7 17
7 18
7 17
7 16
7 15
7 16
8 16
9 16
10 16
10 17
11 17
11 18
12 18
11 18
10 18
9 18
10 18
9 18
9 17
9 16
9 15
9 14
9 15
8 15
8 16
8 15
8 14
8 13
9 13
8 13
9 13
9 14
9 13
9 12
9 13
9 14
9 15
9 16
10 16
9 16
9 17
8 17
8 18
8 19
7 19
7 20
8 20
9 20
8 20
8 21
8 22
8 23
9 23
9 24
10 24
10 25
9 25
10 25
10 26
11 26
11 27
11 26
11 27
10 27
10 28
11 28
12 28
11 28
11 27
10 27
10 28
10 29
10 28
10 29
10 28
10 27
10 28
11 28
11 27
11 28
11 27
10 27
9 27
9 26
9 25
10 25
10 26
9 26
9 27
9 28
9 29
8 29
8 30
8 31
8 32
7 32
8 32
8 31
7 31
7 32
8 32
8 33
9 33
9 32
8 32
7 32
7 33
7 34
8 34
7 34
8 34
8 33
7 33
7 32
7 31
7 30
7 31
7 32
7 31
7 30
7 31
6 31
7 31
7 30
7 29
6 29
5 29
4 29
5 29
5 30
4 30
3 30
3 29
3 28
2 28
2 27
1 27
1 26
2 26
3 26
4 26
4 27
4 26
4 27
3 27
2 27
2 28
3 28
2 28
2 27
2 28
3 28
2 28
1 28
2 28
2 27
2 28
2 29
2 30
1 30
0 30
0 31
1 31
1 30
1 31
2 31
1 31
1 32
1 33
0 33
0 34
0 35
0 36
0 37
1 37
1 38
1 37
2 37
2 36
3 36
3 35
2 35
1 35
0 35
0 34
0 35
0 34
0 33
1 33
0 33
0 34
0 35
0 34
0 35
0 34
0 35
1 35
2 35
1 35
1 36
1 35
0 35
1 35
0 35
1 35
1 34
1 33
2 33
2 34
3 34
3 33
4 33
4 34
4 33
4 34
4 35
4 36
3 36
2 36
2 35
1 35
1 34
1 35
0 35
1 35
0 35
1 35
1 36
2 36
2 37
2 36
2 37
3 37
3 38
3 39
3 40
2 40
2 41
3 41
2 41
2 42
2 41
1 41
1 42
1 43
1 44
1 45
0 45
1 45
1 44
0 44
0 43
0 42
1 42
1 41
1 40
2 40
3 40
3 39
2 39
2 40
2 41
2 40
2 39
2 40
2 41
2 40
3 40
3 41
2 41
2 40
3 40
3 41
3 42
4 42
4 43
5 43
6 43
6 42
5 42
4 42
4 41
4 40
5 40
5 41
5 42
4 42
3 42
3 43
3 44
4 44
4 45
4 46
3 46
3 45
2 45
2 44
3 44
3 43
2 43
1 43
2 43
1 43
1 44
1 43
2 43
2 44
2 43
2 42
2 41
3 41
4 41
4 42
4 41
5 41
5 40
5 41
4 41
5 41
6 41
7 41
8 41
8 42
7 42
7 41
8 41
9 41
9 42
10 42
10 43
9 43
9 42
8 42
9 42
10 42
10 43
10 42
10 43
9 43
8 43
7 43
6 43
6 42
6 41
5 41
5 42
5 43
4 43
4 42
4 43
5 43
5 44
6 44
7 44
6 44
6 43
6 44
6 45
6 46
6 45
5 45
5 46
4 46
4 45
5 45
6 45
7 45
8 45
8 44
8 45
7 45
8 45
7 45
7 46
8 46
8 45
8 46
9 46
10 46
10 47
11 47
12 47
11 47
10 47
10 48
10 49
10 50
10 51
9 51
9 50
10 50
11 50
10 50
9 50
9 49
8 49
8 48
7 48
7 49
7 48
8 48
9 48
9 47
9 46
9 45
9 44
10 44
11 44
11 43
12 43
11 43
11 42
10 42
11 42
12 42
11 42
12 42
12 43
12 44
11 44
12 44
12 43
11 43
11 42
11 41
12 41
11 41
11 42
11 43
12 43
11 43
11 42
11 41
10 41
10 40
11 40
12 40
11 40
12 40
12 39
12 38
12 37
12 36
12 37
12 36
11 36
10 36
9 36
8 36
7 36
7 35
6 35
6 36
6 37
6 38
7 38
7 39
6 39
7 39
7 38
6 38
7 38
7 39
6 39
7 39
7 38
7 39
8 39
7 39
6 39
5 39
5 40
5 39
5 40
4 40
3 40
3 41
3 40
3 39
3 38
3 37
4 37
4 36
3 36
3 35
4 35
4 34
4 33
4 32
4 31
3 31
3 32
3 31
4 31
4 30
4 31
5 31
6 31
6 32
6 31
6 32
7 32
7 33
7 32
7 33
8 33
9 33
8 33
7 33
7 34
7 35
7 36
7 35
6 35
6 34
5 34
5 35
6 35
6 34
5 34
5 33
5 32
4 32
3 32
3 33
3 32
2 32
1 32
0 32
1 32
1 31
1 32
2 32
3 32
3 33
3 34
2 34
2 35
1 35
0 35
0 36
1 36
2 36
2 35
1 35
1 36
1 37
0 37
1 37
2 37
1 37
1 36
1 37
1 38
1 39
0 39
1 39
2 39
2 40
2 39
2 38
2 37
3 37
3 38
3 39
2 39
2 40
1 40
1 41
2 41
1 41
1 40
2 40
2 41
2 42
1 42
0 42
1 42
1 43
1 42
2 42
3 42
3 43
2 43
2 42
2 43
3 43
4 43
4 42
5 42
5 43
5 42
5 43
5 42
5 41
4 41
4 42
3 42
2 42
2 43
3 43
4 43
3 43
3 42
3 43
2 43
2 42
2 43
2 44
3 44
3 45
3 46
3 45
3 44
4 44
3 44
3 45
2 45
3 45
3 46
2 46
2 45
2 44
2 45
2 44
1 44
2 44
2 43
2 42
2 43
1 43
1 42
2 42
2 43
3 43
4 43
4 42
5 42
5 41
4 41
3 41
2 41
2 40
1 40
1 39
1 38
1 39
1 40
1 39
0 39
1 39
0 39
0 38
1 38
2 38
2 39
2 40
1 40
1 41
2 41
2 40
2 41
2 40
1 40
0 40
1 40
1 39
1 40
1 39
2 39
