0 0
0 1
1 1
0 1
0 2
0 1
1 1
1 0
1 1
1 0
0 0
1 0
2 0
3 0
3 1
3 0
3 1
3 0
2 0
2 1
2 0
3 0
3 1
2 1
2 2
1 2
1 1
0 1
1 1
1 2
1 3
2 3
2 4
2 3
3 3
3 2
2 2
2 1
1 1
1 0
1 1
1 0
1 1
0 1
1 1
0 1
0 0
0 1
1 1
1 0
1 1
1 0
1 1
1 2
1 1
1 0
2 0
1 0
1 1
1 0
0 0
1 0
1 1
0 1
0 2
0 1
1 1
0 1
1 1
1 0
1 1
1 0
1 1
1 0
1 1
0 1
0 0
1 0
1 1
0 1
0 2
1 2
1 1
1 0
1 1
2 1
2 2
1 2
0 2
1 2
2 2
1 2
1 1
0 1
1 1
1 2
1 3
2 3
3 3
4 3
3 3
3 2
3 3
3 2
4 2
3 2
3 3
2 3
2 4
2 3
2 2
2 1
2 0
2 1
2 0
3 0
4 0
4 1
4 0
4 1
4 0
4 1
5 1
4 1
3 1
2 1
2 2
1 2
1 3
2 3
3 3
4 3
4 2
5 2
4 2
3 2
3 3
3 4
2 4
2 5
2 6
2 7
1 7
1 6
2 6
1 6
1 5
0 5
0 6
1 6
1 7
1 8
1 9
1 10
0 10
0 11
1 11
1 12
1 13
2 13
2 14
3 14
3 15
2 15
3 15
4 15
4 16
4 17
3 17
4 17
3 17
3 16
2 16
1 16
2 16
2 15
2 14
1 14
0 14
0 13
0 12
0 11
0 12
1 12
2 12
2 13
2 14
3 14
3 13
3 12
2 12
1 12
1 13
1 12
2 12
1 12
2 12
1 12
1 13
0 13
1 13
0 13
0 12
0 13
1 13
1 14
1 15
2 15
3 15
4 15
4 14
3 14
2 14
2 13
2 14
2 15
1 15
0 15
0 14
0 15
0 14
0 15
1 15
1 16
0 16
0 15
1 15
1 16
2 16
1 16
2 16
2 15
3 15
2 15
2 16
2 17
1 17
0 17
1 17
1 18
1 17
2 17
3 17
4 17
4 18
4 17
3 17
2 17
1 17
2 17
2 16
2 15
3 15
2 15
2 16
2 17
2 16
2 17
2 18
3 18
3 19
4 19
5 19
5 18
5 19
5 18
5 19
6 19
6 18
6 17
5 17
6 17
5 17
4 17
5 17
5 16
5 15
5 14
5 13
4 13
4 12
4 11
5 11
5 10
6 10
7 10
7 11
7 12
7 13
7 14
6 14
7 14
8 14
7 14
7 15
7 16
8 16
7 16
8 16
8 15
9 15
9 16
8 16
8 15
8 14
7 14
7 13
6 13
5 13
5 12
5 13
5 14
5 13
5 14
5 15
4 15
4 14
5 14
4 14
4 13
4 12
4 11
3 11
3 10
3 11
3 12
4 12
3 12
4 12
3 12
3 13
3 12
3 11
3 12
2 12
3 12
4 12
5 12
5 11
5 12
4 12
5 12
5 13
4 13
4 12
5 12
6 12
6 11
6 10
7 10
7 9
8 9
8 10
9 10
10 10
10 9
10 10
10 11
10 10
10 11
9 11
8 11
8 10
8 9
8 10
9 10
10 10
9 10
8 10
8 11
8 10
7 10
7 9
7 10
8 10
7 10
7 9
6 9
7 9
8 9
8 10
7 10
7 11
7 10
8 10
7 10
7 9
7 8
6 8
6 7
7 7
8 7
9 7
9 6
9 7
8 7
9 7
9 8
8 8
8 9
8 8
9 8
8 8
9 8
9 9
8 9
8 8
9 8
9 9
9 8
9 7
9 6
8 6
8 5
8 6
9 6
8 6
8 7
7 7
8 7
8 8
8 9
7 9
7 10
7 9
8 9
7 9
7 8
7 9
7 10
8 10
8 11
8 12
7 12
6 12
5 12
6 12
5 12
5 11
5 10
5 9
4 9
4 10
5 10
6 10
6 9
7 9
7 8
6 8
7 8
8 8
8 7
7 7
7 6
7 5
7 6
8 6
8 7
8 8
8 7
8 8
8 9
9 9
8 9
8 8
7 8
6 8
6 7
5 7
5 6
5 7
5 6
5 5
5 6
5 5
5 4
4 4
4 3
4 4
3 4
2 4
2 5
1 5
0 5
0 4
0 3
1 3
0 3
1 3
0 3
1 3
0 3
1 3
1 2
1 3
2 3
2 2
1 2
0 2
1 2
2 2
1 2
0 2
0 3
1 3
0 3
0 4
0 5
1 5
0 5
1 5
1 6
0 6
0 5
1 5
1 6
1 5
1 6
2 6
2 5
2 4
2 3
2 4
3 4
2 4
3 4
3 5
4 5
4 6
3 6
2 6
2 7
2 8
3 8
3 9
2 9
2 10
2 11
3 11
3 12
3 13
2 13
2 14
2 15
2 16
1 16
2 16
2 17
1 17
1 18
1 17
2 17
2 16
1 16
2 16
2 17
2 16
2 15
2 14
2 15
3 15
3 14
4 14
4 15
4 14
3 14
2 14
3 14
3 13
3 14
3 13
4 13
5 13
5 14
6 14
6 13
6 14
6 15
7 15
6 15
7 15
6 15
7 15
7 16
7 17
6 17
7 17
8 17
7 17
7 16
6 16
6 17
6 18
6 17
7 17
6 17
6 18
6 17
6 16
6 15
7 15
7 14
7 13
7 12
6 12
6 13
6 14
5 14
5 13
5 14
5 13
6 13
5 13
4 13
4 14
5 14
5 15
5 16
5 17
5 18
5 17
5 16
4 16
5 16
5 15
4 15
3 15
4 15
4 14
5 14
6 14
6 15
6 14
6 13
6 12
6 13
7 13
7 12
7 13
7 14
7 13
6 13
6 14
5 14
5 15
5 16
5 15
6 15
7 15
7 14
6 14
7 14
8 14
8 15
9 15
10 15
9 15
9 14
9 13
10 13
10 12
11 12
12 12
12 13
13 13
13 14
13 13
14 13
13 13
13 14
13 15
13 16
13 17
12 17
12 18
12 17
12 16
13 16
13 15
14 15
14 14
14 13
14 14
13 14
12 14
13 14
14 14
15 14
14 14
14 15
15 15
16 15
16 16
17 16
17 17
18 17
18 16
17 16
17 17
18 17
19 17
19 16
18 16
18 17
17 17
16 17
15 17
16 17
16 18
15 18
15 19
15 18
14 18
14 19
14 20
15 20
15 19
16 19
16 18
15 18
14 18
15 18
15 17
16 17
15 17
15 16
15 17
16 17
16 18
16 19
15 19
16 19
16 18
16 17
16 18
16 17
15 17
16 17
16 18
16 19
16 20
17 20
17 21
18 21
18 22
17 22
17 21
17 20
16 20
17 20
18 20
18 21
19 21
20 21
20 20
20 21
20 20
21 20
22 20
23 20
22 20
23 20
23 19
23 18
22 18
21 18
22 18
22 19
23 19
23 20
23 21
24 21
23 21
23 20
23 21
22 21
22 22
21 22
20 22
21 22
21 21
20 21
20 20
21 20
22 20
22 21
21 21
22 21
22 20
22 21
22 20
23 20
24 20
24 21
23 21
23 20
22 20
23 20
22 20
21 20
20 20
20 21
21 21
20 21
21 21
20 21
20 22
20 23
20 22
19 22
19 23
20 23
20 22
19 22
19 23
18 23
19 23
19 24
19 25
19 26
18 26
18 25
18 24
18 23
18 24
18 25
19 25
19 24
19 25
19 24
19 25
20 25
20 26
19 26
19 25
19 26
19 27
18 27
18 26
18 27
18 28
18 29
17 29
17 30
17 29
17 30
16 30
15 30
16 30
16 29
16 28
17 28
17 27
18 27
18 26
18 25
18 26
19 26
18 26
18 25
17 25
17 26
18 26
19 26
20 26
21 26
22 26
23 26
23 27
22 27
23 27
23 28
23 29
22 29
22 30
22 31
22 32
21 32
21 33
22 33
23 33
22 33
22 34
21 34
20 34
20 35
21 35
21 36
21 37
21 38
21 37
21 36
21 37
21 36
22 36
23 36
23 35
23 36
24 36
24 37
24 38
24 39
23 39
23 38
22 38
22 37
22 36
22 35
23 35
23 34
23 35
22 35
23 35
24 35
24 36
24 37
24 38
24 39
23 39
24 39
24 40
23 40
24 40
24 39
24 38
23 38
24 38
25 38
24 38
25 38
24 38
24 37
23 37
24 37
23 37
22 37
23 37
24 37
24 36
23 36
22 36
21 36
21 37
20 37
20 36
19 36
18 36
18 37
19 37
19 38
19 39
19 38
18 38
19 38
19 37
19 38
18 38
18 39
18 40
17 40
17 39
16 39
15 39
15 38
15 37
14 37
14 36
15 36
15 35
16 35
16 34
17 34
18 34
17 34
17 33
16 33
15 33
15 32
14 32
14 31
15 31
16 31
16 32
17 32
17 31
16 31
15 31
16 31
15 31
14 31
15 31
15 30
16 30
16 29
16 30
17 30
18 30
18 29
18 28
19 28
