0 0
0 1
1 1
2 1
2 0
1 0
2 0
3 0
3 1
4 1
5 1
5 2
5 1
5 2
6 2
6 3
5 3
6 3
5 3
5 4
5 5
4 5
5 5
5 6
5 7
5 8
5 7
5 6
4 6
5 6
5 7
4 7
4 6
3 6
3 7
3 8
2 8
2 9
2 10
3 10
3 9
3 8
2 8
1 8
2 8
2 7
1 7
1 6
2 6
2 5
1 5
1 4
2 4
2 5
1 5
1 6
1 7
0 7
0 6
1 6
2 6
2 5
1 5
1 4
2 4
3 4
3 5
4 5
5 5
6 5
5 5
5 4
5 3
5 2
5 1
5 0
5 1
5 0
5 1
5 0
5 1
5 2
5 3
5 4
5 3
5 2
6 2
6 3
5 3
6 3
6 2
5 2
5 1
4 1
4 2
4 3
5 3
4 3
5 3
4 3
3 3
3 2
3 3
3 2
4 2
4 3
5 3
5 4
4 4
4 3
4 4
5 4
5 3
6 3
5 3
5 2
6 2
5 2
4 2
5 2
5 3
5 2
5 3
5 2
5 3
6 3
6 2
6 3
6 2
6 1
6 0
6 1
6 2
7 2
7 1
7 0
8 0
8 1
9 1
8 1
8 0
7 0
7 1
7 0
6 0
6 1
6 0
6 1
7 1
8 1
8 2
8 1
7 1
8 1
7 1
6 1
5 1
5 2
5 3
4 3
5 3
4 3
5 3
5 2
5 1
6 1
7 1
6 1
6 0
5 0
4 0
4 1
5 1
5 2
6 2
6 3
6 2
6 3
7 3
6 3
7 3
6 3
6 2
7 2
8 2
8 1
8 0
9 0
9 1
9 0
8 0
8 1
7 1
6 1
5 1
5 0
6 0
5 0
5 1
5 2
5 1
5 2
5 3
5 4
6 4
6 5
6 4
7 4
8 4
7 4
6 4
5 4
5 5
5 4
6 4
7 4
8 4
8 5
9 5
8 5
8 6
7 6
7 7
8 7
9 7
8 7
9 7
9 8
9 9
8 9
8 8
8 9
7 9
7 10
6 10
7 10
7 9
7 10
7 9
6 9
7 9
8 9
8 8
8 9
8 10
8 11
8 10
8 9
9 9
9 8
8 8
9 8
9 7
9 8
10 8
11 8
11 7
10 7
11 7
10 7
10 6
9 6
9 5
8 5
8 4
8 5
8 6
8 7
9 7
10 7
11 7
12 7
12 6
12 5
12 6
12 5
13 5
14 5
13 5
12 5
12 6
13 6
14 6
14 5
15 5
15 4
14 4
15 4
15 3
15 4
15 3
15 4
15 5
15 6
16 6
17 6
16 6
15 6
14 6
13 6
12 6
13 6
13 5
12 5
12 4
12 3
11 3
12 3
11 3
10 3
11 3
12 3
12 4
12 3
12 2
11 2
10 2
10 3
11 3
10 3
10 2
10 3
10 2
10 3
11 3
10 3
10 4
10 5
10 4
9 4
8 4
9 4
9 3
8 3
7 3
7 4
8 4
8 3
7 3
7 4
8 4
8 5
8 6
8 5
8 4
8 3
8 2
7 2
7 1
8 1
7 1
7 2
7 1
7 0
7 1
7 0
7 1
7 2
6 2
5 2
5 3
5 2
5 1
5 2
6 2
7 2
7 3
7 4
6 4
7 4
7 5
7 4
7 5
8 5
7 5
8 5
9 5
9 4
10 4
10 5
9 5
9 6
9 7
8 7
7 7
6 7
5 7
4 7
4 8
4 9
3 9
2 9
3 9
4 9
3 9
3 10
4 10
5 10
6 10
5 10
5 9
5 10
6 10
7 10
7 9
7 8
8 8
7 8
8 8
8 7
9 7
10 7
10 6
9 6
9 5
9 6
9 7
8 7
8 6
8 5
9 5
10 5
11 5
11 4
12 4
13 4
14 4
14 3
15 3
15 4
15 5
15 6
15 7
15 6
15 5
15 6
15 7
16 7
16 6
16 5
15 5
16 5
17 5
17 4
17 3
17 2
16 2
16 1
16 0
16 1
15 1
16 1
15 1
15 2
15 3
16 3
15 3
15 2
16 2
17 2
17 1
18 1
17 1
16 1
17 1
17 0
16 0
17 0
16 0
15 0
16 0
16 1
17 1
17 0
16 0
17 0
17 1
17 0
17 1
18 1
19 1
20 1
19 1
19 0
20 0
20 1
21 1
21 2
21 1
20 1
19 1
19 0
20 0
21 0
22 0
22 1
23 1
23 0
24 0
24 1
25 1
25 0
24 0
25 0
26 0
25 0
26 0
27 0
27 1
26 1
26 0
27 0
27 1
27 0
26 0
26 1
26 0
26 1
26 2
25 2
25 1
24 1
24 2
23 2
24 2
24 1
24 2
24 3
24 2
23 2
24 2
24 1
23 1
22 1
22 2
22 1
22 0
22 1
22 0
23 0
23 1
22 1
23 1
23 0
24 0
23 0
23 1
22 1
23 1
23 2
24 2
23 2
23 3
22 3
22 4
23 4
24 4
25 4
25 3
24 3
25 3
24 3
23 3
23 2
23 1
23 2
23 1
24 1
25 1
25 0
24 0
24 1
24 0
23 0
23 1
22 1
23 1
23 2
22 2
22 3
22 4
23 4
24 4
24 3
23 3
23 2
24 2
24 1
25 1
26 1
26 2
27 2
27 3
28 3
27 3
28 3
28 2
28 1
29 1
29 0
28 0
28 1
29 1
29 0
29 1
30 1
30 2
29 2
29 1
29 2
29 3
29 2
29 1
29 0
28 0
28 1
27 1
26 1
27 1
27 2
27 1
27 2
27 3
26 3
26 4
26 3
26 4
27 4
27 5
26 5
27 5
27 6
26 6
25 6
24 6
23 6
22 6
23 6
22 6
21 6
20 6
19 6
19 5
18 5
18 6
17 6
16 6
17 6
17 5
17 6
18 6
18 5
18 4
18 5
17 5
17 6
17 7
17 6
16 6
16 5
17 5
17 4
18 4
17 4
17 3
18 3
18 4
17 4
18 4
17 4
16 4
17 4
18 4
18 3
19 3
20 3
20 2
20 3
19 3
18 3
19 3
20 3
21 3
21 4
21 5
21 6
20 6
21 6
21 5
21 6
22 6
22 5
22 6
22 5
21 5
21 4
21 3
21 2
21 3
21 4
20 4
20 3
21 3
21 4
22 4
22 3
21 3
22 3
23 3
23 4
23 3
22 3
22 2
23 2
23 1
23 2
24 2
25 2
24 2
24 1
24 2
24 3
24 4
25 4
24 4
25 4
26 4
25 4
25 5
25 4
25 5
25 4
25 5
25 4
25 3
24 3
23 3
24 3
24 2
23 2
22 2
22 3
21 3
20 3
20 2
21 2
20 2
20 3
20 2
20 3
20 4
20 3
20 2
19 2
19 1
19 0
20 0
21 0
20 0
20 1
20 2
19 2
20 2
19 2
19 1
19 0
18 0
18 1
19 1
19 0
19 1
18 1
17 1
17 2
16 2
17 2
18 2
18 1
18 2
19 2
19 3
19 4
19 3
19 4
20 4
20 3
21 3
21 2
21 1
21 0
20 0
20 1
20 0
20 1
20 0
21 0
21 1
21 2
21 3
21 2
22 2
22 1
22 0
22 1
22 2
23 2
23 1
24 1
25 1
25 2
25 1
26 1
26 2
25 2
25 3
25 2
24 2
25 2
26 2
25 2
25 1
24 1
24 2
24 3
24 2
25 2
24 2
25 2
25 3
25 2
25 1
24 1
24 2
25 2
26 2
25 2
24 2
23 2
24 2
25 2
24 2
25 2
26 2
26 3
26 4
27 4
27 5
28 5
28 4
28 3
27 3
27 2
28 2
29 2
30 2
30 3
30 2
29 2
29 3
29 2
29 3
28 3
29 3
29 2
29 1
29 2
29 3
29 2
30 2
31 2
30 2
31 2
30 2
31 2
30 2
29 2
29 3
29 4
29 5
30 5
30 6
30 5
29 5
29 4
28 4
27 4
28 4
28 5
27 5
28 5
28 6
27 6
27 5
27 4
27 3
28 3
27 3
26 3
26 4
26 5
26 4
26 5
26 6
26 5
27 5
27 6
27 7
26 7
26 6
26 7
25 7
24 7
24 6
25 6
25 5
26 5
26 6
26 5
26 4
26 3
26 2
26 1
27 1
28 1
28 0
28 1
28 2
28 3
28 4
28 5
28 6
29 6
29 7
30 7
30 8
31 8
31 9
32 9
32 10
33 10
32 10
31 10
32 10
32 9
32 10
33 10
32 10
32 11
32 12
33 12
32 12
32 11
33 11
32 11
33 11
33 12
34 12
35 12
34 12
34 11
34 12
34 13
34 14
34 13
34 12
33 12
33 13
33 14
32 14
31 14
31 13
30 13
29 13
30 13
29 13
28 13
28 12
28 13
29 13
29 12
28 12
28 11
27 11
26 11
27 11
27 10
26 10
25 10
25 9
26 9
26 8
26 7
26 6
27 6
26 6
25 6
24 6
24 5
25 5
24 5
