0 0
1 0
0 0
1 0
1 1
1 2
1 3
0 3
0 4
1 4
1 3
0 3
0 2
1 2
1 1
1 2
1 3
1 2
2 2
3 2
2 2
1 2
0 2
0 3
1 3
1 2
1 1
1 0
0 0
0 1
1 1
1 0
1 1
2 1
1 1
1 0
1 1
0 1
0 0
1 0
2 0
1 0
1 1
2 1
3 1
2 1
2 0
3 0
3 1
3 2
3 3
3 4
2 4
3 4
3 3
3 4
4 4
3 4
2 4
2 3
3 3
3 4
3 5
3 6
3 7
2 7
2 8
1 8
2 8
2 9
2 8
2 7
2 6
3 6
3 7
3 8
4 8
4 7
4 8
4 7
5 7
4 7
3 7
3 6
3 5
3 6
3 5
4 5
5 5
5 6
5 5
4 5
3 5
3 4
3 3
2 3
1 3
2 3
1 3
2 3
1 3
2 3
1 3
1 2
2 2
2 1
2 2
2 1
1 1
0 1
0 2
0 1
0 0
1 0
2 0
3 0
3 1
3 0
2 0
1 0
1 1
2 1
1 1
0 1
0 2
1 2
2 2
2 3
1 3
2 3
1 3
2 3
1 3
1 2
1 1
1 0
2 0
3 0
3 1
3 2
2 2
2 3
1 3
0 3
1 3
1 2
1 1
1 2
1 3
1 2
1 1
0 1
1 1
1 2
0 2
0 1
1 1
0 1
0 0
1 0
1 1
1 0
2 0
2 1
2 0
2 1
2 0
2 1
2 2
2 3
2 4
3 4
3 3
3 2
3 3
2 3
1 3
0 3
1 3
1 2
2 2
2 1
2 2
3 2
3 1
3 0
4 0
5 0
4 0
3 0
3 1
3 2
4 2
4 1
5 1
6 1
5 1
4 1
5 1
6 1
6 0
7 0
7 1
7 0
6 0
7 0
7 1
8 1
8 2
7 2
6 2
6 3
7 3
7 4
7 3
8 3
9 3
9 2
10 2
10 1
9 1
8 1
9 1
8 1
9 1
9 2
9 3
9 2
10 2
9 2
8 2
8 1
8 2
8 3
7 3
7 2
7 1
8 1
7 1
7 2
7 3
7 2
8 2
7 2
6 2
7 2
7 3
8 3
7 3
6 3
7 3
8 3
7 3
7 4
7 3
7 4
8 4
8 5
8 4
7 4
6 4
5 4
4 4
5 4
5 3
6 3
6 4
6 5
6 6
5 6
4 6
5 6
4 6
4 7
3 7
4 7
3 7
3 6
3 7
2 7
2 6
1 6
0 6
0 5
0 6
0 7
0 6
1 6
2 6
3 6
3 7
3 8
4 8
4 9
3 9
3 8
3 9
2 9
3 9
3 8
3 7
3 6
2 6
2 7
2 8
2 7
2 8
3 8
4 8
3 8
3 9
4 9
4 10
3 10
3 9
4 9
4 10
3 10
2 10
2 9
2 10
1 10
2 10
1 10
1 11
0 11
1 11
0 11
0 10
1 10
1 11
1 10
1 9
2 9
2 8
2 9
2 8
2 9
1 9
1 10
2 10
3 10
4 10
3 10
2 10
2 11
3 11
3 10
3 9
3 10
4 10
5 10
6 10
7 10
7 11
8 11
8 10
8 11
7 11
7 10
8 10
7 10
6 10
5 10
5 11
5 10
4 10
5 10
4 10
5 10
5 9
6 9
6 8
6 7
6 6
6 5
5 5
5 6
5 7
5 8
5 9
6 9
6 10
6 11
5 11
6 11
6 12
6 11
7 11
6 11
7 11
8 11
7 11
7 12
7 13
6 13
5 13
6 13
5 13
4 13
4 14
3 14
3 13
3 14
3 13
4 13
3 13
2 13
2 14
1 14
2 14
2 15
2 16
2 17
2 18
2 17
1 17
1 18
0 18
0 17
0 18
1 18
0 18
0 19
1 19
2 19
2 20
3 20
2 20
2 21
3 21
4 21
3 21
3 22
3 21
4 21
5 21
5 22
6 22
7 22
7 23
8 23
7 23
7 24
7 23
6 23
7 23
7 22
8 22
8 23
8 24
8 23
9 23
10 23
9 23
9 22
9 23
8 23
8 24
8 23
9 23
9 22
10 22
11 22
12 22
12 23
12 24
12 25
12 26
12 27
12 28
12 29
13 29
13 28
13 29
14 29
14 30
13 30
13 29
13 30
14 30
14 31
15 31
15 30
15 29
15 30
14 30
14 31
15 31
14 31
13 31
14 31
14 32
13 32
12 32
12 33
12 34
11 34
12 34
11 34
12 34
12 35
12 36
12 35
11 35
10 35
11 35
11 36
11 37
11 36
11 35
10 35
11 35
11 36
11 37
11 38
10 38
10 37
11 37
11 38
11 39
12 39
13 39
12 39
12 38
12 37
12 36
11 36
10 36
11 36
12 36
11 36
11 37
11 38
10 38
10 39
10 40
11 40
10 40
10 39
11 39
11 40
11 41
11 42
11 41
10 41
11 41
10 41
9 41
9 42
9 43
8 43
9 43
8 43
8 42
8 41
8 40
8 39
7 39
7 38
6 38
6 39
6 38
5 38
6 38
5 38
4 38
3 38
3 39
4 39
4 38
4 39
3 39
4 39
4 38
3 38
3 37
3 36
3 35
3 36
2 36
2 35
2 34
1 34
1 35
2 35
2 36
2 35
3 35
3 34
3 35
3 34
3 33
3 34
2 34
1 34
1 35
0 35
0 34
0 35
0 36
1 36
2 36
1 36
0 36
1 36
1 37
2 37
1 37
2 37
1 37
2 37
2 38
1 38
1 39
1 38
1 39
1 38
1 37
1 38
0 38
0 39
0 38
0 39
0 40
0 39
1 39
0 39
0 38
0 37
1 37
2 37
2 38
2 39
2 38
2 39
2 38
1 38
1 39
1 38
1 37
0 37
1 37
1 38
1 39
1 38
1 39
1 40
2 40
2 39
3 39
3 38
4 38
4 37
4 38
4 39
3 39
4 39
4 40
4 41
4 40
5 40
5 39
5 40
5 39
6 39
6 40
6 39
7 39
7 40
7 39
6 39
6 38
6 37
6 36
6 37
7 37
7 36
7 37
8 37
8 38
9 38
9 37
9 36
9 37
8 37
9 37
10 37
10 36
11 36
12 36
13 36
12 36
12 37
11 37
11 38
11 39
10 39
11 39
11 38
11 37
11 36
11 37
12 37
11 37
12 37
13 37
14 37
13 37
14 37
14 38
13 38
13 37
12 37
13 37
12 37
13 37
13 38
14 38
13 38
13 37
12 37
12 38
11 38
10 38
10 39
10 40
10 39
11 39
11 38
12 38
11 38
10 38
11 38
11 37
11 38
12 38
13 38
13 39
14 39
13 39
13 40
14 40
15 40
15 41
16 41
17 41
16 41
15 41
14 41
15 41
14 41
14 40
14 41
13 41
13 40
14 40
14 41
14 40
14 41
13 41
13 40
13 39
14 39
14 40
15 40
14 40
13 40
13 39
12 39
13 39
13 38
13 37
13 36
12 36
12 37
12 38
12 39
12 38
12 39
13 39
13 38
14 38
15 38
16 38
16 37
16 36
17 36
18 36
18 35
17 35
17 36
17 37
18 37
18 38
17 38
17 37
17 36
17 37
17 38
16 38
16 39
17 39
18 39
19 39
20 39
19 39
20 39
21 39
22 39
22 40
22 41
22 40
23 40
23 39
23 40
22 40
22 39
21 39
21 38
21 37
20 37
19 37
19 36
19 35
19 36
20 36
21 36
20 36
20 37
20 38
21 38
20 38
21 38
20 38
20 37
20 36
20 35
20 36
20 37
19 37
20 37
19 37
20 37
20 38
20 39
19 39
18 39
17 39
18 39
18 40
17 40
17 39
18 39
18 38
18 39
19 39
19 40
19 39
18 39
19 39
19 38
19 39
20 39
19 39
18 39
19 39
20 39
21 39
21 40
22 40
21 40
21 39
22 39
21 39
22 39
23 39
24 39
24 38
24 37
24 36
24 35
23 35
24 35
24 34
24 35
25 35
26 35
26 36
26 37
27 37
26 37
26 36
25 36
26 36
26 37
26 38
26 39
26 38
27 38
27 39
27 38
26 38
27 38
28 38
28 37
28 38
27 38
26 38
27 38
26 38
26 39
25 39
26 39
25 39
25 40
25 41
25 40
25 39
25 40
26 40
25 40
25 41
24 41
25 41
25 40
24 40
24 39
25 39
25 40
26 40
27 40
27 39
26 39
25 39
26 39
26 38
25 38
25 37
25 38
25 37
24 37
24 38
25 38
25 37
25 38
24 38
25 38
26 38
26 39
26 38
27 38
26 38
25 38
26 38
26 37
26 36
25 36
24 36
23 36
23 37
24 37
24 36
24 35
24 34
25 34
25 35
25 34
24 34
25 34
25 33
26 33
27 33
27 34
27 33
28 33
29 33
29 32
28 32
28 33
28 32
28 33
28 32
27 32
27 33
26 33
26 32
26 31
26 30
26 29
25 29
26 29
25 29
24 29
25 29
25 30
24 30
24 31
24 30
23 30
