0 0
1 0
1 1
2 1
1 1
0 1
1 1
1 2
1 3
2 3
1 3
1 4
1 3
2 3
2 2
2 3
1 3
0 3
1 3
0 3
0 2
1 2
1 1
2 1
1 1
1 0
0 0
1 0
0 0
1 0
1 1
1 0
1 1
0 1
1 1
0 1
0 2
1 2
0 2
1 2
2 2
2 1
3 1
4 1
3 1
3 0
3 1
4 1
4 2
4 1
4 0
5 0
5 1
5 0
5 1
5 2
5 3
5 2
4 2
4 1
3 1
3 2
3 3
2 3
3 3
3 4
3 3
3 2
2 2
2 1
3 1
3 2
4 2
5 2
6 2
7 2
7 1
7 2
6 2
7 2
6 2
5 2
5 1
5 0
6 0
5 0
4 0
4 1
4 2
4 1
5 1
6 1
7 1
8 1
9 1
10 1
9 1
9 0
9 1
10 1
10 2
9 2
10 2
11 2
12 2
11 2
11 3
12 3
11 3
12 3
13 3
12 3
12 2
12 1
13 1
13 0
13 1
14 1
15 1
15 0
14 0
14 1
13 1
13 0
13 1
12 1
11 1
12 1
13 1
13 0
13 1
13 2
14 2
14 1
14 2
14 3
14 2
13 2
14 2
14 1
14 0
14 1
15 1
16 1
17 1
16 1
16 0
15 0
14 0
14 1
14 2
15 2
14 2
13 2
13 3
13 4
13 5
13 4
12 4
13 4
12 4
12 5
13 5
14 5
14 4
14 3
14 2
15 2
15 1
15 0
16 0
17 0
17 1
16 1
16 2
16 3
15 3
16 3
15 3
16 3
15 3
16 3
15 3
15 4
15 5
14 5
15 5
16 5
17 5
17 4
16 4
16 3
16 4
17 4
16 4
16 3
16 2
15 2
16 2
16 1
16 0
16 1
17 1
17 0
17 1
16 1
17 1
17 0
17 1
17 2
16 2
16 1
15 1
15 2
14 2
14 3
14 2
15 2
15 1
16 1
15 1
15 2
14 2
13 2
13 1
14 1
13 1
12 1
11 1
11 2
10 2
10 3
10 4
9 4
9 3
10 3
10 2
11 2
10 2
9 2
8 2
8 3
8 4
7 4
7 3
7 4
6 4
7 4
6 4
7 4
6 4
6 3
6 2
6 1
7 1
7 0
6 0
7 0
8 0
8 1
9 1
10 1
10 2
11 2
10 2
9 2
9 3
8 3
7 3
6 3
5 3
5 4
5 3
4 3
4 2
4 3
4 4
4 3
4 4
4 3
3 3
4 3
4 2
3 2
3 3
3 4
4 4
3 4
3 5
2 5
3 5
2 5
2 6
1 6
1 7
1 8
0 8
1 8
1 7
1 6
2 6
2 7
3 7
2 7
1 7
1 6
2 6
2 7
2 8
1 8
1 9
2 9
2 10
2 9
3 9
3 10
3 9
3 8
3 9
4 9
3 9
3 8
2 8
3 8
3 9
2 9
3 9
3 10
4 10
4 9
4 10
3 10
3 11
4 11
3 11
3 10
3 9
4 9
5 9
5 10
4 10
4 11
4 10
4 11
4 10
3 10
4 10
5 10
4 10
4 11
4 10
4 11
4 12
4 13
5 13
4 13
3 13
3 12
3 13
4 13
4 12
4 13
4 14
5 14
5 15
6 15
6 16
6 15
5 15
5 16
5 15
5 14
4 14
4 13
3 13
4 13
4 14
5 14
5 15
5 16
6 16
7 16
6 16
7 16
7 15
7 14
7 15
6 15
6 16
6 17
6 16
7 16
7 15
7 14
8 14
7 14
8 14
8 15
8 16
8 15
9 15
9 14
10 14
9 14
9 15
9 16
10 16
9 16
9 15
8 15
8 14
8 13
9 13
10 13
11 13
11 14
11 15
11 14
11 15
11 14
11 15
12 15
11 15
11 16
10 16
10 15
11 15
11 14
10 14
10 15
11 15
11 14
10 14
10 13
10 12
10 13
10 14
10 13
9 13
9 14
8 14
8 13
9 13
9 14
9 15
9 16
10 16
11 16
11 17
12 17
12 18
11 18
12 18
12 17
12 16
13 16
14 16
13 16
12 16
13 16
13 17
14 17
13 17
13 16
12 16
12 17
12 18
13 18
13 17
13 16
14 16
13 16
13 17
13 18
13 19
14 19
14 20
14 19
15 19
15 18
15 19
16 19
16 18
16 19
16 20
17 20
17 21
17 22
18 22
18 23
17 23
17 22
16 22
15 22
16 22
16 21
15 21
15 20
16 20
16 19
16 20
15 20
14 20
14 19
13 19
13 18
14 18
14 17
15 17
15 18
16 18
16 17
16 18
16 17
16 18
17 18
17 19
17 20
17 21
17 20
17 19
16 19
16 20
16 19
16 20
15 20
15 19
15 18
15 19
16 19
15 19
14 19
15 19
15 18
16 18
16 19
16 20
16 21
17 21
17 20
18 20
17 20
16 20
16 19
15 19
15 20
15 21
16 21
16 22
17 22
16 22
15 22
14 22
15 22
15 23
14 23
14 22
14 23
13 23
12 23
12 24
11 24
11 25
11 24
10 24
10 23
9 23
8 23
8 24
7 24
8 24
8 23
9 23
8 23
7 23
7 22
7 21
8 21
9 21
8 21
9 21
9 20
8 20
7 20
7 19
8 19
8 18
9 18
10 18
9 18
10 18
11 18
11 19
11 20
11 21
12 21
12 20
12 19
13 19
14 19
13 19
14 19
15 19
15 20
14 20
14 19
13 19
12 19
11 19
11 18
12 18
12 17
13 17
13 16
13 15
14 15
14 16
14 17
13 17
12 17
12 16
12 15
13 15
12 15
12 14
13 14
12 14
13 14
14 14
14 15
14 16
13 16
14 16
13 16
14 16
14 15
14 16
14 17
15 17
15 16
15 17
16 17
15 17
14 17
13 17
13 16
14 16
15 16
15 15
15 16
15 15
15 16
14 16
15 16
15 17
15 16
15 17
15 18
15 17
16 17
17 17
18 17
18 18
19 18
20 18
19 18
19 19
18 19
19 19
18 19
18 20
18 19
17 19
17 18
17 19
17 20
16 20
17 20
17 21
17 20
18 20
19 20
18 20
18 19
18 20
17 20
17 19
17 18
16 18
15 18
15 19
15 20
14 20
14 19
15 19
15 20
14 20
15 20
16 20
15 20
16 20
16 19
17 19
16 19
17 19
17 18
16 18
15 18
15 17
15 16
16 16
16 17
15 17
16 17
16 18
17 18
17 17
17 18
16 18
15 18
15 19
15 20
15 21
16 21
16 20
16 21
16 22
16 21
16 22
16 21
16 22
16 23
17 23
17 24
18 24
19 24
19 25
19 24
19 25
18 25
17 25
17 24
18 24
19 24
19 23
19 24
18 24
18 25
18 24
18 25
18 26
18 27
18 28
18 27
18 28
18 27
18 28
18 29
18 30
18 31
17 31
17 30
18 30
18 31
18 30
19 30
20 30
21 30
20 30
20 29
21 29
22 29
21 29
21 30
21 31
21 30
21 31
21 32
21 33
21 34
21 35
21 34
20 34
20 33
20 32
19 32
19 33
19 32
20 32
21 32
21 33
20 33
20 34
20 35
19 35
20 35
21 35
22 35
22 36
22 37
23 37
24 37
25 37
25 38
25 37
25 36
26 36
27 36
27 37
28 37
28 36
29 36
30 36
30 35
31 35
30 35
30 36
31 36
31 35
31 36
31 35
31 34
31 35
30 35
29 35
30 35
29 35
29 36
28 36
28 35
28 34
29 34
28 34
27 34
27 35
27 36
26 36
25 36
26 36
27 36
26 36
26 35
26 36
26 37
27 37
26 37
27 37
27 38
27 39
28 39
28 38
28 37
28 38
28 37
28 36
27 36
26 36
26 37
25 37
25 38
24 38
25 38
24 38
25 38
24 38
24 37
25 37
24 37
24 36
24 37
25 37
24 37
23 37
23 38
24 38
25 38
25 37
25 36
24 36
25 36
25 37
25 38
25 37
24 37
24 36
24 37
23 37
23 36
23 37
24 37
24 38
24 39
23 39
23 38
23 39
24 39
25 39
25 40
25 39
26 39
25 39
25 40
24 40
24 41
25 41
25 42
26 42
26 43
27 43
26 43
26 44
26 43
26 44
26 45
26 46
26 45
25 45
24 45
24 44
25 44
26 44
27 44
27 45
27 44
27 43
27 42
27 41
26 41
26 40
27 40
26 40
26 41
25 41
25 40
24 40
25 40
25 41
24 41
24 40
23 40
23 39
23 40
23 41
23 42
24 42
23 42
22 42
21 42
22 42
21 42
21 41
21 42
21 41
21 40
22 40
23 40
23 41
22 41
22 40
22 39
22 40
22 39
22 40
21 40
20 40
20 41
19 41
19 42
19 41
18 41
18 40
18 41
19 41
18 41
17 41
17 40
17 41
18 41
19 41
19 42
20 42
19 42
18 42
17 42
18 42
17 42
17 41
18 41
18 40
17 40
16 40
17 40
17 41
17 42
17 43
17 44
16 44
16 43
16 44
16 43
