0 0
0 1
0 2
0 1
0 0
0 1
0 2
1 2
1 3
0 3
0 2
1 2
1 3
1 2
2 2
1 2
1 3
2 3
3 3
3 2
3 1
4 1
4 0
5 0
4 0
3 0
3 1
3 2
3 1
2 1
1 1
0 1
1 1
1 0
2 0
2 1
2 0
3 0
3 1
3 0
2 0
2 1
2 0
3 0
2 0
2 1
3 1
3 2
3 1
2 1
2 2
3 2
2 2
1 2
1 1
2 1
1 1
1 0
2 0
2 1
1 1
2 1
2 0
1 0
2 0
2 1
2 0
3 0
4 0
3 0
4 0
3 0
4 0
3 0
3 1
3 2
4 2
4 1
4 2
3 2
2 2
2 3
3 3
3 4
4 4
5 4
5 5
5 6
4 6
5 6
5 7
5 6
5 5
4 5
4 6
4 5
4 4
4 3
3 3
2 3
1 3
1 4
2 4
3 4
3 5
3 4
3 5
3 6
4 6
4 7
5 7
6 7
6 8
5 8
5 9
5 8
5 9
6 9
7 9
7 8
8 8
8 9
8 8
8 7
8 8
8 7
8 6
9 6
8 6
7 6
8 6
8 5
9 5
9 6
10 6
9 6
9 7
10 7
10 8
11 8
11 9
11 10
10 10
10 11
10 12
10 13
9 13
9 12
9 13
10 13
11 13
11 14
10 14
9 14
10 14
10 15
11 15
11 16
10 16
9 16
9 15
9 14
9 13
9 14
10 14
11 14
11 15
11 16
10 16
11 16
11 17
11 16
11 15
11 16
11 17
11 18
11 17
11 18
12 18
12 17
12 16
12 17
11 17
11 16
11 17
12 17
12 18
12 17
11 17
12 17
12 16
11 16
11 17
11 18
11 17
11 16
11 15
10 15
10 16
10 17
9 17
9 16
8 16
7 16
8 16
8 15
8 16
9 16
9 17
8 17
7 17
7 18
8 18
8 19
8 18
8 17
9 17
8 17
9 17
8 17
8 18
7 18
7 19
6 19
6 20
6 19
6 20
6 19
6 20
6 19
6 18
5 18
5 19
4 19
4 20
4 21
4 22
5 22
5 23
4 23
4 24
3 24
4 24
4 25
4 24
4 23
3 23
3 22
4 22
4 23
5 23
5 24
6 24
5 24
6 24
7 24
8 24
8 25
8 26
8 25
8 24
9 24
9 25
9 26
9 27
10 27
9 27
10 27
11 27
10 27
10 26
9 26
9 25
10 25
11 25
10 25
10 24
10 23
9 23
8 23
9 23
9 24
10 24
9 24
9 25
10 25
10 26
9 26
10 26
10 25
11 25
10 25
10 26
9 26
10 26
9 26
8 26
9 26
9 27
9 26
9 27
9 26
10 26
10 27
11 27
11 26
10 26
10 25
10 26
9 26
10 26
10 25
11 25
11 24
11 25
11 26
11 25
10 25
9 25
9 24
8 24
7 24
7 23
6 23
6 22
5 22
4 22
5 22
5 21
6 21
6 20
6 21
7 21
6 21
5 21
5 22
4 22
3 22
4 22
4 21
4 20
3 20
4 20
5 20
5 21
4 21
4 22
4 23
3 23
2 23
3 23
3 24
4 24
5 24
5 25
6 25
7 25
7 24
6 24
6 25
5 25
4 25
4 26
4 27
4 28
3 28
3 29
3 30
3 31
3 30
3 31
3 32
3 33
3 34
3 35
3 34
2 34
2 33
2 34
3 34
3 35
2 35
3 35
3 36
3 35
3 36
3 35
4 35
5 35
5 36
5 37
5 38
5 37
6 37
5 37
4 37
4 36
5 36
5 35
6 35
5 35
5 34
4 34
4 33
4 32
4 33
4 34
5 34
6 34
7 34
6 34
6 35
6 36
5 36
5 35
5 34
5 35
5 36
5 35
5 34
6 34
6 33
6 34
5 34
4 34
5 34
4 34
4 33
3 33
3 34
3 33
2 33
1 33
1 34
0 34
0 35
1 35
1 36
0 36
0 37
0 38
0 37
1 37
0 37
1 37
0 37
1 37
2 37
2 38
1 38
1 39
0 39
0 40
0 39
1 39
1 40
1 39
1 38
0 38
1 38
2 38
3 38
3 39
3 40
2 40
3 40
3 41
2 41
2 42
2 41
2 40
2 39
1 39
1 40
1 41
1 42
0 42
0 41
1 41
1 42
0 42
1 42
1 43
2 43
1 43
0 43
1 43
2 43
3 43
3 44
2 44
2 43
1 43
1 42
2 42
3 42
4 42
4 43
4 42
4 41
4 40
5 40
5 39
5 38
4 38
5 38
5 37
4 37
3 37
2 37
3 37
3 38
2 38
2 39
2 40
3 40
3 39
3 38
3 37
2 37
2 36
3 36
2 36
2 37
2 38
3 38
4 38
5 38
5 39
5 38
5 37
5 36
4 36
3 36
3 35
3 36
3 37
3 38
3 37
2 37
2 36
2 35
2 34
2 35
2 36
3 36
2 36
2 37
2 36
3 36
4 36
4 37
5 37
5 38
4 38
4 39
4 38
4 39
3 39
2 39
1 39
2 39
2 40
1 40
1 41
2 41
2 40
2 41
2 42
2 43
2 44
1 44
1 45
1 44
1 43
1 42
2 42
2 41
2 40
2 41
2 42
3 42
3 43
2 43
2 42
3 42
4 42
5 42
5 43
4 43
5 43
4 43
3 43
3 42
4 42
4 43
3 43
3 44
3 45
3 44
2 44
3 44
4 44
4 43
5 43
4 43
4 42
4 43
3 43
3 44
3 43
3 44
4 44
3 44
3 45
3 44
4 44
5 44
6 44
7 44
8 44
8 45
8 46
7 46
7 45
6 45
6 46
6 45
5 45
5 44
5 45
5 44
6 44
5 44
4 44
4 45
3 45
2 45
2 44
2 43
2 44
1 44
1 43
1 44
1 43
1 42
1 41
1 40
2 40
1 40
1 39
1 40
1 41
1 40
1 39
1 38
1 39
1 40
1 41
1 40
1 39
1 38
2 38
1 38
0 38
0 39
1 39
0 39
0 38
1 38
0 38
0 39
1 39
1 40
1 39
2 39
3 39
3 40
3 39
3 38
2 38
2 39
2 38
2 37
1 37
1 36
0 36
1 36
0 36
1 36
0 36
0 35
0 34
0 35
1 35
0 35
0 34
0 35
0 34
0 33
1 33
2 33
2 34
2 33
1 33
1 32
0 32
0 31
0 32
1 32
2 32
1 32
2 32
1 32
2 32
1 32
0 32
1 32
1 33
1 32
0 32
1 32
1 33
1 34
1 35
0 35
0 34
1 34
1 33
1 32
0 32
0 31
1 31
2 31
2 32
3 32
3 33
3 32
4 32
4 31
4 30
5 30
4 30
4 31
3 31
2 31
1 31
1 32
1 33
0 33
1 33
0 33
0 34
1 34
2 34
2 33
2 34
1 34
1 33
0 33
0 32
1 32
2 32
3 32
4 32
5 32
4 32
3 32
4 32
4 33
5 33
6 33
6 32
6 31
7 31
6 31
5 31
5 32
4 32
4 33
3 33
3 34
3 33
3 32
2 32
1 32
1 31
1 30
1 31
1 32
2 32
1 32
0 32
0 33
0 34
1 34
1 33
0 33
0 34
1 34
1 33
2 33
2 34
3 34
4 34
5 34
5 35
5 34
5 33
4 33
4 34
4 35
4 34
5 34
5 35
6 35
6 34
6 35
6 36
6 37
7 37
7 38
8 38
7 38
7 37
6 37
5 37
5 36
4 36
3 36
3 35
3 36
3 35
4 35
4 36
5 36
4 36
3 36
3 35
3 34
4 34
4 33
3 33
2 33
2 32
2 31
3 31
3 32
3 31
3 30
3 31
3 30
4 30
4 31
4 32
4 31
3 31
4 31
3 31
3 32
3 33
3 32
3 31
3 30
3 31
3 32
2 32
2 33
2 32
2 31
2 32
2 33
2 34
2 33
2 34
2 33
2 32
2 31
2 32
3 32
3 31
3 30
3 29
2 29
3 29
2 29
1 29
2 29
1 29
2 29
2 28
3 28
3 27
4 27
4 26
4 25
5 25
5 24
5 25
5 26
5 25
5 26
4 26
4 25
5 25
5 26
5 27
6 27
6 28
6 29
7 29
7 30
7 29
7 30
7 29
7 30
7 29
7 30
6 30
6 29
6 28
6 29
6 28
7 28
8 28
8 29
8 28
8 29
8 30
8 29
9 29
9 28
9 29
9 28
9 27
9 28
9 29
8 29
7 29
7 30
7 29
7 30
8 30
7 30
7 29
8 29
8 28
7 28
7 29
7 30
8 30
7 30
7 29
7 30
7 31
7 32
7 31
8 31
8 30
9 30
8 30
7 30
6 30
5 30
5 31
5 32
5 31
4 31
4 32
5 32
5 31
5 32
5 33
5 32
5 31
6 31
5 31
4 31
3 31
3 32
3 33
4 33
5 33
5 32
5 31
4 31
3 31
3 30
3 31
3 30
3 31
4 31
5 31
5 32
5 31
5 32
5 33
4 33
5 33
5 32
