0 0
1 0
2 0
1 0
0 0
0 1
1 1
1 2
1 1
1 0
1 1
2 1
1 1
0 1
0 2
0 1
1 1
2 1
2 0
3 0
3 1
3 2
4 2
4 1
4 0
3 0
4 0
4 1
3 1
2 1
3 1
3 2
3 3
4 3
4 2
3 2
3 1
2 1
2 2
2 3
1 3
2 3
1 3
1 2
1 3
2 3
2 2
2 3
3 3
2 3
2 4
1 4
1 5
2 5
1 5
1 6
1 5
1 4
1 5
2 5
2 6
2 5
3 5
4 5
3 5
3 6
2 6
3 6
2 6
2 7
1 7
1 6
1 7
1 8
2 8
3 8
4 8
3 8
2 8
2 9
3 9
4 9
3 9
3 10
4 10
5 10
6 10
6 11
7 11
7 12
7 13
6 13
5 13
4 13
3 13
4 13
4 14
4 15
3 15
2 15
2 16
3 16
3 17
4 17
5 17
5 16
5 17
6 17
7 17
7 16
8 16
8 15
7 15
7 14
8 14
8 13
8 14
9 14
9 15
9 16
8 16
8 15
7 15
7 16
7 17
6 17
6 16
5 16
5 15
6 15
6 14
6 15
5 15
5 14
6 14
6 13
7 13
7 12
8 12
7 12
7 13
7 14
7 13
6 13
6 12
7 12
7 11
8 11
7 11
6 11
6 10
7 10
7 11
7 10
7 11
7 10
8 10
9 10
9 11
9 12
9 11
8 11
7 11
8 11
8 10
8 9
8 10
8 9
7 9
7 10
7 9
6 9
5 9
6 9
5 9
5 10
5 9
6 9
7 9
8 9
7 9
8 9
7 9
7 10
7 11
8 11
8 10
8 11
9 11
9 12
8 12
8 13
8 14
7 14
7 13
8 13
8 14
7 14
8 14
7 14
8 14
7 14
7 13
7 12
7 11
7 10
8 10
8 9
7 9
7 10
7 11
7 12
7 13
6 13
5 13
6 13
6 12
6 13
6 14
5 14
6 14
5 14
5 15
4 15
5 15
5 14
6 14
6 13
7 13
7 12
8 12
7 12
7 11
7 10
7 11
7 12
6 12
7 12
7 11
7 12
7 13
7 14
7 13
8 13
9 13
10 13
9 13
10 13
10 14
10 13
10 14
10 13
10 12
10 13
10 12
11 12
12 12
13 12
12 12
13 12
12 12
13 12
13 13
12 13
12 14
12 15
12 14
12 13
12 14
11 14
11 15
11 16
10 16
11 16
12 16
11 16
11 17
12 17
11 17
11 16
12 16
12 17
12 18
12 19
13 19
13 20
13 19
13 18
13 19
13 18
14 18
15 18
15 19
15 18
15 19
16 19
16 20
16 21
15 21
16 21
15 21
15 22
15 21
15 20
16 20
17 20
18 20
17 20
17 21
16 21
16 22
17 22
17 23
18 23
18 24
18 25
19 25
19 26
18 26
18 25
18 26
18 25
17 25
16 25
16 26
17 26
17 25
16 25
16 26
15 26
15 27
15 26
15 25
15 26
15 25
14 25
15 25
15 26
14 26
13 26
13 25
14 25
14 26
13 26
13 27
14 27
13 27
14 27
14 26
13 26
13 27
12 27
12 26
12 27
13 27
14 27
13 27
13 26
13 27
13 28
13 27
13 28
13 29
14 29
14 30
13 30
13 29
12 29
11 29
12 29
12 30
13 30
14 30
13 30
14 30
13 30
12 30
11 30
11 29
11 30
12 30
11 30
12 30
11 30
10 30
10 29
10 30
9 30
10 30
10 31
11 31
10 31
10 32
10 33
10 32
11 32
10 32
10 31
9 31
9 30
9 31
10 31
10 32
11 32
10 32
10 31
9 31
10 31
10 32
10 33
10 34
10 33
10 32
9 32
8 32
7 32
8 32
9 32
10 32
10 33
9 33
8 33
8 34
8 33
8 32
8 33
8 34
7 34
7 35
7 36
7 35
7 34
8 34
8 35
7 35
6 35
6 34
7 34
6 34
6 35
7 35
6 35
7 35
8 35
8 34
8 35
8 36
8 37
7 37
6 37
6 38
7 38
7 37
7 38
8 38
8 37
8 36
9 36
10 36
10 35
10 34
9 34
9 35
8 35
8 34
8 35
8 34
7 34
7 33
7 34
7 35
7 36
6 36
5 36
4 36
3 36
3 37
4 37
5 37
5 38
5 39
5 38
5 39
6 39
6 38
6 37
5 37
5 38
4 38
4 37
4 38
5 38
5 39
5 40
5 39
4 39
5 39
6 39
5 39
6 39
6 40
5 40
6 40
5 40
6 40
6 41
6 42
5 42
4 42
4 43
4 44
3 44
2 44
3 44
3 45
3 44
2 44
2 45
1 45
1 46
1 47
0 47
1 47
0 47
1 47
0 47
1 47
1 48
0 48
1 48
1 49
2 49
3 49
4 49
4 50
4 51
5 51
4 51
3 51
3 50
3 51
3 50
4 50
4 51
3 51
3 50
4 50
3 50
4 50
3 50
4 50
3 50
4 50
3 50
2 50
2 49
2 48
1 48
0 48
0 49
0 50
1 50
0 50
0 49
1 49
2 49
3 49
4 49
5 49
4 49
5 49
4 49
3 49
4 49
4 48
3 48
4 48
3 48
3 49
3 48
4 48
5 48
5 49
5 48
4 48
3 48
2 48
2 47
3 47
4 47
4 48
3 48
3 49
2 49
2 48
2 47
2 48
3 48
4 48
5 48
5 49
5 50
4 50
5 50
5 49
6 49
7 49
8 49
7 49
7 50
6 50
5 50
6 50
6 49
6 50
5 50
4 50
4 49
4 48
3 48
2 48
3 48
3 47
2 47
2 46
1 46
0 46
0 45
0 44
0 43
0 44
1 44
1 45
1 46
0 46
0 47
0 46
0 47
0 48
0 49
1 49
2 49
1 49
0 49
1 49
2 49
2 50
2 49
3 49
3 50
4 50
3 50
3 51
2 51
2 50
2 51
3 51
3 50
3 51
4 51
4 50
4 51
3 51
4 51
3 51
2 51
2 50
3 50
4 50
4 51
3 51
3 52
3 53
3 52
2 52
2 53
2 52
2 53
2 54
1 54
1 53
0 53
0 54
0 53
1 53
0 53
1 53
1 54
1 53
1 54
0 54
1 54
0 54
0 55
1 55
1 54
1 53
1 54
1 53
1 52
1 53
1 54
2 54
1 54
1 53
2 53
1 53
0 53
1 53
2 53
3 53
4 53
5 53
5 52
5 53
5 52
4 52
5 52
6 52
6 51
5 51
5 52
5 53
4 53
5 53
4 53
4 52
4 51
4 52
5 52
6 52
5 52
5 53
5 54
6 54
5 54
4 54
5 54
4 54
5 54
4 54
3 54
2 54
2 53
1 53
2 53
3 53
3 54
4 54
4 55
5 55
5 54
6 54
6 53
6 52
6 51
6 50
5 50
5 49
4 49
4 50
4 51
3 51
3 50
4 50
4 49
4 50
5 50
5 51
5 52
6 52
7 52
8 52
9 52
10 52
10 51
10 50
11 50
11 49
11 48
12 48
13 48
13 49
12 49
12 48
12 49
13 49
13 50
13 49
14 49
13 49
12 49
12 50
12 51
13 51
13 50
12 50
13 50
12 50
12 49
12 48
12 49
13 49
13 48
14 48
14 49
14 48
14 49
13 49
12 49
12 48
11 48
11 47
10 47
10 46
9 46
10 46
9 46
10 46
10 47
10 46
11 46
12 46
11 46
12 46
12 45
12 46
12 45
13 45
13 46
12 46
12 47
12 46
11 46
12 46
13 46
13 45
13 44
14 44
14 43
14 42
14 41
13 41
14 41
15 41
16 41
17 41
18 41
18 42
18 43
18 42
19 42
20 42
19 42
19 41
18 41
19 41
19 40
20 40
19 40
19 39
19 40
19 39
19 38
19 39
19 38
19 37
19 38
19 37
19 38
20 38
21 38
21 37
21 38
21 37
21 36
21 37
22 37
22 38
23 38
22 38
22 39
22 40
22 41
21 41
22 41
22 40
21 40
22 40
21 40
22 40
22 41
22 42
22 41
23 41
24 41
24 40
25 40
25 39
26 39
25 39
25 40
25 39
25 38
26 38
27 38
27 39
27 38
27 37
26 37
27 37
27 38
27 39
27 40
27 39
27 38
27 39
27 40
27 39
26 39
26 40
26 41
27 41
28 41
29 41
28 41
28 42
27 42
27 43
27 44
26 44
26 43
27 43
27 44
27 45
26 45
26 44
26 43
26 44
26 45
26 44
25 44
25 45
26 45
26 44
26 45
27 45
27 44
27 45
27 46
27 47
27 46
28 46
28 47
27 47
27 46
26 46
25 46
26 46
26 45
25 45
26 45
27 45
26 45
25 45
26 45
25 45
26 45
26 44
27 44
27 43
27 42
27 43
27 42
26 42
26 41
26 42
26 41
27 41
28 41
28 42
28 41
28 42
29 42
29 43
29 44
29 45
30 45
30 46
29 46
29 45
28 45
28 46
29 46
29 45
29 44
29 43
28 43
28 44
28 45
