0 0
0 1
1 1
0 1
1 1
2 1
1 1
0 1
0 0
0 1
0 2
1 2
2 2
2 3
1 3
1 4
0 4
1 4
0 4
1 4
1 3
0 3
0 2
1 2
1 3
2 3
3 3
2 3
1 3
2 3
1 3
2 3
1 3
1 4
1 3
2 3
3 3
2 3
2 4
2 5
2 4
3 4
3 5
4 5
3 5
3 6
2 6
1 6
0 6
1 6
0 6
1 6
1 5
0 5
0 4
1 4
0 4
1 4
2 4
2 5
2 6
2 7
3 7
2 7
3 7
3 8
3 7
4 7
4 8
4 9
5 9
4 9
4 8
3 8
4 8
4 7
3 7
3 8
4 8
4 9
4 10
4 9
4 10
5 10
5 11
5 10
6 10
6 11
5 11
4 11
3 11
3 10
3 11
3 12
3 11
3 10
2 10
2 9
1 9
1 8
2 8
2 9
1 9
1 8
2 8
2 7
2 8
2 9
2 8
2 7
2 6
2 7
3 7
3 6
3 7
3 8
3 7
3 6
2 6
3 6
2 6
1 6
1 7
1 6
0 6
1 6
1 7
1 6
0 6
1 6
0 6
0 5
0 6
1 6
0 6
0 5
0 6
0 7
0 6
0 7
0 6
1 6
1 7
2 7
2 8
1 8
1 9
1 10
1 11
1 12
1 13
0 13
0 14
1 14
1 13
0 13
1 13
1 14
2 14
3 14
3 15
4 15
4 14
5 14
5 13
4 13
4 14
4 13
4 14
3 14
2 14
2 13
2 12
3 12
3 13
4 13
4 14
5 14
5 13
5 12
5 11
5 10
5 9
4 9
4 10
4 11
4 10
4 11
5 11
6 11
7 11
8 11
7 11
7 10
7 11
6 11
5 11
5 10
6 10
6 9
6 8
6 7
5 7
5 8
5 9
5 8
5 9
6 9
7 9
6 9
6 10
5 10
5 9
4 9
4 8
4 7
3 7
3 6
2 6
3 6
3 7
2 7
1 7
0 7
0 8
0 7
0 8
1 8
1 7
1 8
0 8
0 7
0 6
0 7
0 8
1 8
1 9
2 9
2 8
2 9
3 9
2 9
3 9
2 9
2 8
3 8
2 8
2 9
1 9
1 10
0 10
1 10
1 9
1 8
0 8
1 8
0 8
0 7
0 6
1 6
1 5
0 5
0 4
1 4
1 5
1 6
1 7
0 7
1 7
1 8
1 9
2 9
1 9
0 9
0 10
1 10
0 10
0 9
0 10
0 9
0 8
1 8
1 9
0 9
1 9
2 9
3 9
3 8
2 8
2 7
1 7
0 7
0 8
1 8
1 9
1 8
0 8
1 8
1 7
1 8
2 8
2 9
2 8
2 9
2 8
3 8
3 9
3 10
3 11
3 12
3 13
2 13
2 14
2 15
2 14
2 15
2 14
1 14
0 14
1 14
2 14
1 14
2 14
3 14
2 14
2 13
2 12
2 13
2 12
3 12
4 12
4 13
4 12
4 13
3 13
4 13
3 13
3 12
4 12
5 12
4 12
4 11
3 11
2 11
2 10
2 11
1 11
1 12
0 12
1 12
0 12
0 13
1 13
2 13
2 14
2 15
3 15
4 15
4 14
4 13
4 12
4 11
3 11
2 11
1 11
0 11
1 11
1 12
0 12
1 12
2 12
3 12
4 12
5 12
4 12
4 13
3 13
4 13
4 12
4 11
4 10
5 10
5 11
4 11
4 10
3 10
2 10
1 10
1 11
1 12
1 13
0 13
1 13
0 13
1 13
1 12
1 13
0 13
1 13
1 14
1 15
1 16
1 15
1 16
2 16
3 16
4 16
4 15
5 15
4 15
4 14
4 15
4 14
3 14
3 13
3 14
3 13
2 13
1 13
2 13
1 13
1 14
1 13
0 13
0 12
1 12
1 13
2 13
1 13
1 12
0 12
0 11
0 12
1 12
0 12
0 11
1 11
2 11
2 10
3 10
4 10
5 10
4 10
5 10
5 9
6 9
6 8
6 7
6 6
6 7
6 6
6 7
6 6
7 6
6 6
5 6
4 6
4 7
3 7
3 6
3 7
4 7
3 7
3 8
3 9
3 8
3 7
3 8
3 7
3 6
3 5
3 6
4 6
5 6
4 6
3 6
3 5
2 5
1 5
0 5
0 4
1 4
0 4
0 5
1 5
1 4
0 4
1 4
1 3
1 2
2 2
2 1
1 1
2 1
1 1
2 1
3 1
2 1
2 0
2 1
2 2
3 2
3 3
3 2
3 1
4 1
4 0
5 0
4 0
3 0
4 0
3 0
3 1
4 1
4 2
4 3
3 3
3 4
4 4
4 5
4 4
4 3
3 3
3 2
3 3
4 3
3 3
3 4
2 4
2 5
3 5
3 6
2 6
2 7
3 7
4 7
4 6
4 5
5 5
6 5
6 4
7 4
6 4
7 4
6 4
6 3
7 3
6 3
6 2
7 2
8 2
9 2
9 1
8 1
8 2
9 2
10 2
11 2
12 2
13 2
13 1
14 1
14 2
13 2
13 3
13 2
12 2
12 1
13 1
14 1
14 0
14 1
14 0
13 0
13 1
13 0
14 0
14 1
15 1
15 2
15 3
16 3
17 3
16 3
16 4
15 4
14 4
14 5
14 6
14 7
15 7
14 7
13 7
14 7
13 7
12 7
13 7
13 8
14 8
14 7
14 8
14 9
14 8
13 8
13 7
13 6
13 7
12 7
12 8
11 8
12 8
12 7
12 8
11 8
10 8
9 8
9 9
9 8
9 7
10 7
10 8
11 8
10 8
9 8
9 9
10 9
10 10
11 10
10 10
11 10
11 11
11 10
12 10
13 10
13 11
14 11
14 10
14 11
15 11
15 10
14 10
15 10
15 11
14 11
14 10
13 10
12 10
12 11
12 10
11 10
10 10
11 10
10 10
11 10
11 11
11 10
11 11
11 10
11 11
11 12
10 12
10 13
9 13
9 12
9 11
9 12
10 12
9 12
10 12
9 12
10 12
10 11
9 11
10 11
10 12
9 12
9 13
10 13
10 12
11 12
11 13
10 13
10 14
10 13
10 14
10 15
11 15
10 15
10 14
10 15
10 14
9 14
9 13
9 12
8 12
8 13
8 14
9 14
9 15
10 15
11 15
11 16
11 15
11 16
12 16
11 16
12 16
13 16
13 17
13 18
13 17
14 17
13 17
14 17
15 17
15 18
16 18
17 18
16 18
16 17
17 17
18 17
18 18
18 19
18 18
18 19
18 20
17 20
18 20
18 21
18 20
18 21
17 21
17 22
18 22
18 21
17 21
17 20
16 20
17 20
17 19
16 19
15 19
16 19
17 19
17 18
17 17
17 18
17 17
18 17
18 18
19 18
19 17
20 17
21 17
21 16
20 16
19 16
18 16
17 16
18 16
19 16
20 16
21 16
20 16
20 17
20 18
21 18
22 18
22 17
22 18
22 19
22 20
22 19
22 18
22 17
23 17
23 18
23 19
23 20
23 21
23 20
23 19
24 19
24 18
24 19
24 18
24 17
24 18
25 18
25 19
26 19
26 20
26 19
26 20
25 20
26 20
26 19
26 20
27 20
27 19
28 19
28 18
28 17
27 17
27 18
28 18
28 19
27 19
27 18
28 18
27 18
28 18
28 19
28 18
28 17
28 18
27 18
26 18
26 17
25 17
25 16
26 16
27 16
28 16
28 17
28 16
28 15
28 14
28 13
28 14
29 14
30 14
31 14
32 14
32 13
31 13
32 13
32 12
32 11
32 12
31 12
31 13
31 12
31 11
31 12
32 12
32 13
33 13
32 13
32 14
32 15
32 14
31 14
31 13
32 13
32 12
33 12
32 12
33 12
34 12
34 11
35 11
34 11
34 12
34 11
34 12
34 11
34 10
35 10
35 11
34 11
33 11
33 12
33 13
34 13
34 12
35 12
36 12
35 12
35 11
34 11
34 12
35 12
34 12
33 12
34 12
33 12
32 12
32 13
32 14
32 13
31 13
30 13
30 12
31 12
30 12
30 11
29 11
29 10
29 11
29 10
30 10
30 11
31 11
30 11
31 11
31 12
30 12
30 11
30 10
30 9
30 8
30 7
31 7
32 7
31 7
32 7
32 6
33 6
33 5
32 5
31 5
32 5
31 5
31 6
31 5
30 5
30 6
30 5
30 4
30 3
30 4
31 4
31 5
31 4
31 3
30 3
30 2
29 2
29 1
29 0
30 0
30 1
30 2
29 2
29 1
28 1
28 2
28 1
28 0
28 1
29 1
29 2
28 2
29 2
29 3
30 3
30 4
31 4
31 5
31 6
31 7
31 6
31 5
31 4
31 3
32 3
31 3
31 2
32 2
32 3
32 2
32 1
31 1
31 2
31 3
31 2
31 3
30 3
31 3
31 4
30 4
29 4
28 4
28 5
28 6
29 6
29 7
28 7
27 7
27 6
27 7
27 8
28 8
28 9
27 9
27 8
28 8
29 8
