0 0
1 0
1 1
1 2
0 2
0 3
1 3
0 3
1 3
1 4
2 4
2 3
1 3
1 2
0 2
1 2
0 2
0 3
0 2
1 2
1 3
1 2
2 2
3 2
4 2
5 2
5 3
5 4
4 4
4 3
3 3
3 4
3 5
3 4
3 3
2 3
2 2
3 2
4 2
3 2
4 2
4 1
4 2
4 3
5 3
5 2
5 1
5 0
5 1
4 1
3 1
2 1
1 1
0 1
0 2
0 1
1 1
2 1
2 2
1 2
2 2
2 1
2 2
1 2
1 3
2 3
2 4
1 4
1 5
1 6
0 6
0 7
1 7
1 8
1 7
2 7
2 6
2 5
2 4
2 3
2 4
1 4
1 5
2 5
2 4
2 3
3 3
3 2
3 3
2 3
1 3
0 3
1 3
1 4
1 5
1 4
0 4
1 4
2 4
2 5
2 4
1 4
2 4
3 4
3 3
2 3
1 3
2 3
1 3
1 4
1 5
1 4
0 4
0 3
1 3
2 3
3 3
3 2
3 3
4 3
4 2
4 1
4 2
5 2
6 2
6 3
7 3
6 3
6 2
6 1
7 1
6 1
6 2
7 2
8 2
7 2
7 1
6 1
5 1
5 0
6 0
6 1
6 0
7 0
8 0
7 0
8 0
7 0
8 0
9 0
9 1
9 0
9 1
10 1
10 2
10 1
11 1
11 0
12 0
11 0
12 0
11 0
10 0
10 1
11 1
11 2
12 2
13 2
14 2
13 2
13 1
12 1
12 2
13 2
13 3
13 2
12 2
11 2
12 2
13 2
12 2
11 2
11 3
11 2
12 2
11 2
11 3
10 3
11 3
11 4
10 4
11 4
11 5
10 5
9 5
9 6
8 6
8 7
8 6
9 6
10 6
10 5
10 4
10 3
10 2
9 2
9 1
9 0
9 1
9 0
9 1
9 2
9 3
10 3
10 2
10 3
9 3
9 2
9 3
9 4
8 4
8 3
9 3
10 3
11 3
11 2
11 3
12 3
11 3
10 3
10 4
10 5
10 6
10 5
10 4
9 4
9 3
9 2
8 2
8 1
7 1
7 2
6 2
6 3
5 3
6 3
7 3
6 3
6 4
7 4
7 5
7 4
7 3
7 4
7 3
8 3
9 3
10 3
10 4
9 4
9 3
9 2
10 2
11 2
11 3
11 2
12 2
12 3
11 3
11 2
11 3
10 3
9 3
10 3
10 2
9 2
9 3
8 3
9 3
10 3
9 3
9 2
10 2
9 2
10 2
11 2
10 2
10 3
10 4
10 3
10 4
10 3
10 4
10 3
9 3
9 4
9 5
9 6
9 5
10 5
11 5
12 5
13 5
13 4
13 3
14 3
13 3
13 4
12 4
12 3
12 4
11 4
10 4
10 3
10 2
9 2
9 1
9 0
9 1
9 2
9 1
8 1
8 2
8 1
9 1
10 1
10 2
10 3
9 3
8 3
7 3
7 4
7 3
8 3
8 2
9 2
9 1
8 1
9 1
8 1
7 1
7 0
7 1
8 1
8 2
9 2
9 3
9 2
9 3
9 2
9 3
9 2
9 3
9 4
8 4
7 4
8 4
7 4
8 4
9 4
9 3
10 3
9 3
9 4
9 5
9 4
9 5
10 5
9 5
10 5
9 5
9 6
8 6
9 6
9 7
9 8
9 7
9 6
9 5
8 5
8 4
7 4
7 3
7 2
7 1
7 0
6 0
7 0
8 0
7 0
7 1
7 2
8 2
9 2
8 2
7 2
8 2
9 2
10 2
10 3
10 4
9 4
9 5
8 5
7 5
8 5
9 5
8 5
8 6
7 6
7 5
7 4
6 4
6 5
7 5
6 5
5 5
5 4
5 5
5 6
6 6
7 6
8 6
9 6
8 6
7 6
8 6
7 6
7 5
7 6
6 6
6 5
6 6
5 6
6 6
6 7
6 6
6 7
7 7
7 8
8 8
8 7
9 7
9 6
10 6
10 5
10 6
10 7
9 7
9 6
10 6
11 6
11 5
11 6
11 5
11 4
11 3
11 2
12 2
11 2
11 3
10 3
10 4
10 3
9 3
10 3
10 2
9 2
10 2
9 2
8 2
8 1
7 1
7 2
7 1
7 0
7 1
7 0
7 1
7 2
7 3
7 2
8 2
8 1
8 0
9 0
10 0
10 1
11 1
12 1
11 1
11 2
11 1
12 1
11 1
11 0
11 1
10 1
10 2
11 2
11 3
10 3
11 3
10 3
10 4
11 4
12 4
12 5
13 5
14 5
13 5
13 6
13 5
12 5
12 4
12 5
13 5
14 5
14 6
13 6
13 5
13 6
12 6
13 6
13 5
13 4
13 3
14 3
13 3
13 4
12 4
12 5
13 5
12 5
11 5
11 6
11 5
10 5
10 4
10 3
9 3
9 4
10 4
9 4
9 5
9 4
8 4
9 4
8 4
9 4
10 4
10 5
11 5
12 5
12 6
12 7
11 7
12 7
12 8
12 9
12 8
11 8
12 8
12 7
12 6
12 5
11 5
11 4
11 5
11 6
12 6
12 7
12 8
13 8
12 8
13 8
12 8
12 9
12 8
12 7
11 7
11 6
12 6
12 7
13 7
14 7
14 8
15 8
14 8
14 9
14 10
14 11
15 11
15 10
16 10
16 11
16 12
16 11
16 10
16 11
15 11
15 10
14 10
14 9
14 10
14 11
14 12
13 12
12 12
12 11
11 11
11 12
12 12
13 12
14 12
14 11
13 11
14 11
15 11
15 12
16 12
17 12
18 12
17 12
17 11
17 12
17 11
18 11
17 11
16 11
16 12
15 12
16 12
16 11
17 11
17 12
17 11
16 11
16 12
17 12
18 12
18 13
18 14
18 13
17 13
17 12
17 13
17 12
18 12
18 11
19 11
20 11
20 10
20 11
20 12
20 11
19 11
19 12
18 12
19 12
18 12
18 13
18 12
19 12
18 12
17 12
17 13
16 13
15 13
15 14
15 15
15 16
15 17
14 17
14 18
14 19
14 18
13 18
12 18
13 18
14 18
14 19
13 19
13 18
13 19
14 19
15 19
15 20
14 20
14 21
14 20
13 20
14 20
14 21
14 22
14 21
15 21
14 21
14 22
14 21
13 21
13 22
14 22
14 23
14 24
14 25
15 25
14 25
15 25
15 26
15 25
14 25
14 24
15 24
14 24
14 25
14 26
13 26
14 26
13 26
12 26
13 26
14 26
15 26
14 26
14 25
14 26
13 26
14 26
14 25
15 25
15 24
14 24
13 24
12 24
13 24
12 24
12 25
12 26
11 26
12 26
11 26
12 26
12 27
13 27
14 27
14 28
14 29
14 28
13 28
14 28
14 29
14 30
15 30
14 30
14 29
14 30
13 30
14 30
14 31
15 31
15 32
16 32
16 33
16 34
16 35
16 34
16 35
16 34
16 33
15 33
15 34
16 34
15 34
15 35
14 35
15 35
15 36
14 36
13 36
12 36
12 37
12 36
12 35
12 36
12 37
13 37
13 36
13 35
13 34
13 35
12 35
13 35
13 34
14 34
15 34
14 34
13 34
14 34
14 33
15 33
15 32
15 31
14 31
14 32
13 32
13 33
12 33
13 33
14 33
15 33
15 34
16 34
16 33
16 32
15 32
14 32
14 33
15 33
15 34
15 35
14 35
14 34
15 34
15 33
15 34
14 34
13 34
13 33
12 33
13 33
13 34
12 34
12 35
11 35
10 35
11 35
10 35
9 35
10 35
10 34
9 34
10 34
11 34
11 35
11 34
11 35
10 35
10 36
10 37
10 36
10 35
11 35
11 36
11 37
11 38
11 39
11 38
10 38
10 37
9 37
9 36
9 37
9 36
10 36
9 36
8 36
8 35
8 34
8 35
7 35
7 34
6 34
7 34
7 33
8 33
8 34
8 35
9 35
9 34
9 35
9 36
9 35
10 35
11 35
11 36
12 36
11 36
11 37
10 37
11 37
10 37
10 36
9 36
9 35
8 35
7 35
7 34
7 35
7 34
8 34
8 33
8 34
7 34
6 34
5 34
4 34
3 34
2 34
3 34
4 34
4 35
4 36
3 36
3 35
3 36
3 37
2 37
3 37
4 37
3 37
3 36
4 36
4 35
3 35
3 36
2 36
2 37
1 37
1 38
1 39
1 40
2 40
2 39
1 39
0 39
1 39
2 39
3 39
3 38
3 37
2 37
1 37
2 37
3 37
2 37
1 37
1 38
2 38
2 39
3 39
4 39
3 39
3 40
4 40
3 40
4 40
4 41
3 41
4 41
4 40
5 40
5 39
6 39
6 38
5 38
4 38
3 38
3 39
2 39
2 40
2 41
1 41
1 42
1 43
1 44
2 44
2 43
2 44
1 44
1 45
2 45
3 45
2 45
3 45
2 45
3 45
3 44
3 45
3 44
2 44
2 43
1 43
1 42
1 43
1 44
0 44
0 45
0 44
1 44
