0 0
1 0
1 1
1 0
1 1
1 0
1 1
2 1
2 2
1 2
2 2
2 1
3 1
2 1
2 0
1 0
2 0
2 1
1 1
1 0
1 1
2 1
2 2
3 2
4 2
4 1
4 2
4 1
3 1
3 2
3 3
3 2
2 2
2 1
1 1
1 0
0 0
0 1
1 1
2 1
3 1
3 0
2 0
2 1
3 1
3 0
3 1
4 1
5 1
5 0
5 1
4 1
5 1
6 1
6 2
5 2
5 1
5 2
6 2
6 1
6 0
6 1
6 0
6 1
5 1
5 0
4 0
4 1
4 0
4 1
4 0
4 1
4 2
4 3
5 3
4 3
4 2
4 1
3 1
4 1
4 0
3 0
2 0
2 1
1 1
1 2
1 3
1 2
1 1
1 0
1 1
0 1
0 2
1 2
0 2
0 1
0 0
1 0
1 1
0 1
0 0
1 0
1 1
0 1
1 1
1 0
1 1
0 1
1 1
1 2
2 2
2 1
2 2
1 2
1 3
0 3
0 2
0 3
1 3
1 2
1 3
1 2
0 2
1 2
1 3
0 3
1 3
2 3
3 3
2 3
2 2
3 2
3 3
3 2
3 1
3 2
2 2
2 1
2 0
2 1
1 1
2 1
2 0
1 0
1 1
1 0
1 1
1 0
1 1
1 2
1 1
2 1
2 2
2 1
2 2
2 3
3 3
3 4
4 4
3 4
3 5
3 4
3 5
2 5
2 6
2 5
1 5
2 5
2 6
3 6
3 5
2 5
2 4
2 3
2 2
2 3
2 4
2 3
1 3
0 3
1 3
1 4
0 4
0 5
1 5
1 4
2 4
2 3
1 3
1 2
0 2
0 3
0 2
1 2
1 3
1 2
1 1
2 1
3 1
3 2
3 3
3 2
3 3
3 4
2 4
2 5
2 6
2 5
1 5
0 5
1 5
1 6
0 6
1 6
0 6
0 7
0 6
0 5
0 6
1 6
1 7
1 6
1 5
1 4
1 3
1 4
2 4
2 3
2 4
1 4
0 4
1 4
2 4
2 5
1 5
0 5
0 4
1 4
1 5
0 5
1 5
1 4
2 4
2 3
2 4
2 3
3 3
3 2
3 3
4 3
5 3
5 2
6 2
6 1
6 0
6 1
5 1
5 2
5 1
5 2
6 2
6 1
6 2
6 3
5 3
6 3
7 3
8 3
8 2
8 3
8 2
7 2
7 1
8 1
7 1
8 1
8 0
9 0
9 1
9 0
8 0
7 0
7 1
8 1
9 1
9 2
10 2
10 1
10 2
9 2
8 2
8 1
8 0
7 0
6 0
5 0
5 1
4 1
4 0
5 0
4 0
3 0
4 0
4 1
4 2
5 2
5 3
6 3
5 3
4 3
4 2
5 2
4 2
3 2
4 2
4 3
4 2
5 2
5 3
5 4
5 3
4 3
5 3
5 4
6 4
6 5
6 6
5 6
6 6
5 6
5 5
5 6
5 5
5 6
5 7
5 8
4 8
4 9
3 9
3 10
3 9
2 9
1 9
0 9
1 9
1 10
0 10
0 11
0 12
1 12
2 12
3 12
4 12
4 11
5 11
5 10
5 11
4 11
4 12
5 12
5 11
5 10
5 9
6 9
5 9
5 10
5 11
5 10
6 10
6 9
7 9
7 8
7 7
8 7
9 7
9 6
9 5
8 5
9 5
9 4
8 4
9 4
9 3
9 2
8 2
7 2
6 2
7 2
7 3
6 3
7 3
7 4
6 4
7 4
6 4
6 3
5 3
5 4
5 3
4 3
5 3
6 3
5 3
5 2
4 2
3 2
3 1
3 2
3 3
4 3
4 2
5 2
6 2
5 2
4 2
4 1
4 0
3 0
3 1
2 1
1 1
1 0
2 0
2 1
3 1
3 2
3 1
2 1
3 1
4 1
4 2
3 2
3 3
3 2
2 2
2 1
1 1
1 0
0 0
0 1
0 2
1 2
1 1
1 2
0 2
1 2
1 3
1 2
0 2
0 3
0 4
0 3
0 2
0 3
1 3
2 3
2 4
2 3
1 3
1 4
2 4
2 5
2 6
3 6
3 5
4 5
3 5
3 4
3 5
3 4
3 5
3 6
4 6
4 5
4 4
5 4
5 5
5 6
5 5
5 4
5 5
5 4
4 4
4 5
3 5
3 4
2 4
3 4
3 5
2 5
2 6
3 6
3 7
3 8
3 9
2 9
3 9
2 9
3 9
4 9
4 10
5 10
6 10
7 10
7 11
7 10
8 10
8 11
8 10
7 10
7 11
7 10
7 9
7 10
8 10
7 10
7 9
7 8
6 8
7 8
6 8
6 9
6 8
6 9
5 9
5 8
4 8
4 7
4 6
4 5
3 5
4 5
5 5
5 6
5 5
5 4
4 4
5 4
5 3
6 3
6 4
6 5
6 4
5 4
5 5
5 4
5 5
5 6
5 5
5 6
4 6
5 6
4 6
5 6
4 6
4 7
5 7
5 6
6 6
6 5
6 6
6 5
5 5
6 5
7 5
8 5
8 4
9 4
9 3
8 3
9 3
9 2
9 3
9 4
9 5
9 4
10 4
10 3
11 3
11 2
10 2
10 1
11 1
11 2
10 2
10 1
10 2
9 2
10 2
11 2
12 2
12 1
13 1
13 0
13 1
12 1
12 0
12 1
12 2
12 3
12 2
12 1
12 0
13 0
12 0
12 1
12 2
12 3
13 3
12 3
12 4
11 4
12 4
11 4
11 3
11 4
12 4
11 4
11 3
10 3
10 2
11 2
12 2
13 2
13 3
14 3
15 3
14 3
14 2
15 2
16 2
16 3
17 3
17 2
17 1
17 2
18 2
18 1
18 0
18 1
19 1
19 0
20 0
20 1
20 0
20 1
20 2
20 1
21 1
20 1
21 1
20 1
20 0
20 1
19 1
19 2
19 3
19 4
19 3
20 3
21 3
21 4
20 4
19 4
19 5
19 4
20 4
19 4
19 5
19 6
20 6
19 6
19 5
20 5
21 5
21 4
20 4
20 3
20 4
20 5
19 5
19 4
18 4
19 4
19 5
19 4
20 4
21 4
21 5
21 6
22 6
22 7
23 7
24 7
25 7
25 8
25 9
26 9
26 10
26 9
26 10
25 10
26 10
25 10
24 10
25 10
25 11
24 11
24 12
25 12
24 12
23 12
23 13
23 14
22 14
23 14
23 15
22 15
21 15
20 15
20 14
20 15
21 15
21 14
21 13
21 12
20 12
19 12
20 12
21 12
20 12
19 12
19 13
19 12
20 12
20 11
20 10
21 10
21 11
22 11
22 12
22 11
21 11
21 10
21 11
20 11
21 11
21 10
22 10
23 10
24 10
23 10
23 11
22 11
23 11
22 11
23 11
23 12
23 11
23 12
24 12
23 12
24 12
24 13
24 12
24 13
25 13
24 13
24 12
24 11
25 11
25 12
25 13
26 13
26 14
26 13
26 14
26 15
25 15
24 15
24 16
25 16
25 15
24 15
24 14
24 15
23 15
23 16
23 17
24 17
24 16
23 16
23 15
24 15
24 16
23 16
22 16
22 17
21 17
22 17
21 17
22 17
21 17
21 16
21 15
22 15
22 14
23 14
24 14
23 14
23 15
22 15
23 15
24 15
24 16
23 16
23 15
23 14
24 14
23 14
24 14
24 15
24 16
25 16
24 16
24 15
25 15
25 16
26 16
25 16
25 17
26 17
26 16
26 17
26 18
26 19
27 19
27 18
28 18
28 19
29 19
30 19
30 18
29 18
30 18
30 17
31 17
30 17
31 17
32 17
33 17
33 16
32 16
32 15
33 15
33 14
32 14
32 13
32 14
32 15
31 15
30 15
30 16
30 15
30 16
30 17
29 17
29 18
30 18
31 18
32 18
32 17
33 17
32 17
33 17
33 18
33 17
33 18
33 19
33 18
34 18
34 19
33 19
32 19
31 19
32 19
32 20
32 21
32 22
31 22
32 22
32 21
32 22
32 21
31 21
31 20
32 20
33 20
34 20
35 20
35 21
35 20
34 20
35 20
34 20
33 20
33 19
32 19
32 18
32 17
32 16
33 16
33 17
32 17
32 18
33 18
32 18
32 19
31 19
31 18
31 19
31 18
31 19
31 20
31 21
31 20
31 19
31 18
32 18
32 17
33 17
33 16
33 15
32 15
32 16
32 15
31 15
31 16
32 16
32 17
32 16
31 16
31 15
31 16
30 16
29 16
29 15
30 15
30 14
30 15
31 15
31 14
30 14
31 14
31 13
31 12
31 13
31 12
30 12
30 11
30 10
31 10
31 9
31 10
31 9
30 9
30 8
30 7
30 8
29 8
29 7
28 7
28 6
28 5
29 5
29 6
29 7
30 7
29 7
29 6
30 6
30 5
29 5
29 6
28 6
27 6
28 6
28 7
28 6
28 7
28 6
29 6
29 7
28 7
28 8
28 7
27 7
27 8
27 9
27 8
