0 0
1 0
0 0
1 0
2 0
2 1
2 2
2 3
2 4
1 4
0 4
1 4
1 5
1 6
1 5
0 5
0 6
1 6
1 7
2 7
2 6
2 7
1 7
1 8
1 7
2 7
1 7
2 7
3 7
3 6
4 6
4 5
4 4
5 4
6 4
6 5
7 5
8 5
9 5
9 4
9 5
9 4
10 4
9 4
8 4
7 4
7 5
7 6
6 6
6 7
5 7
4 7
4 6
4 5
3 5
3 4
4 4
5 4
5 3
6 3
6 4
6 3
7 3
8 3
8 2
8 1
8 2
9 2
9 3
9 2
9 1
8 1
8 0
9 0
10 0
10 1
9 1
8 1
9 1
8 1
7 1
6 1
5 1
4 1
5 1
6 1
6 2
6 1
7 1
7 0
7 1
8 1
9 1
10 1
10 2
10 3
10 2
9 2
8 2
8 1
8 0
7 0
6 0
5 0
5 1
4 1
4 0
3 0
3 1
2 1
1 1
1 2
2 2
3 2
4 2
5 2
4 2
3 2
3 1
4 1
4 2
3 2
3 1
3 2
2 2
3 2
4 2
4 1
4 2
4 1
4 0
3 0
4 0
4 1
4 0
5 0
6 0
6 1
7 1
7 0
7 1
8 1
8 0
8 1
7 1
7 0
7 1
6 1
6 0
6 1
6 2
6 3
7 3
8 3
8 2
9 2
8 2
7 2
8 2
8 1
7 1
8 1
8 0
8 1
7 1
6 1
5 1
5 2
5 1
4 1
4 0
4 1
3 1
3 2
4 2
5 2
6 2
5 2
4 2
4 1
4 2
4 3
5 3
4 3
4 4
3 4
3 5
2 5
2 6
2 7
2 6
2 7
2 8
2 9
2 10
3 10
3 11
4 11
5 11
5 12
5 13
6 13
5 13
5 14
5 15
6 15
5 15
4 15
4 16
4 15
4 16
3 16
3 15
3 14
2 14
3 14
3 13
2 13
2 12
1 12
1 11
2 11
2 10
2 9
1 9
0 9
1 9
1 10
0 10
1 10
1 11
0 11
0 10
1 10
1 11
1 10
0 10
0 11
0 10
0 9
0 10
1 10
2 10
2 9
1 9
1 8
0 8
1 8
1 9
2 9
2 8
2 7
1 7
2 7
3 7
3 6
4 6
5 6
4 6
4 5
5 5
5 6
5 7
4 7
4 6
4 7
5 7
5 6
5 7
5 8
6 8
5 8
4 8
5 8
6 8
7 8
8 8
9 8
9 9
9 10
9 11
9 12
9 13
9 12
9 13
9 14
9 13
10 13
10 12
11 12
11 11
10 11
10 10
10 11
11 11
10 11
10 12
11 12
11 11
12 11
13 11
12 11
11 11
12 11
11 11
12 11
12 10
12 9
12 8
11 8
10 8
11 8
12 8
11 8
12 8
12 9
12 8
12 9
11 9
12 9
12 10
12 11
13 11
13 10
14 10
14 11
14 10
14 11
13 11
14 11
14 10
14 11
15 11
14 11
14 12
13 12
13 13
13 14
13 15
12 15
11 15
11 16
11 15
12 15
11 15
11 14
11 15
11 16
10 16
11 16
12 16
12 17
13 17
13 18
14 18
13 18
14 18
14 17
15 17
16 17
17 17
18 17
18 16
19 16
19 15
20 15
19 15
20 15
21 15
21 14
21 15
22 15
22 14
22 15
21 15
21 16
21 17
22 17
23 17
24 17
25 17
24 17
23 17
23 18
23 17
24 17
25 17
24 17
24 18
25 18
24 18
25 18
25 19
24 19
25 19
26 19
26 20
26 21
27 21
28 21
28 22
29 22
30 22
31 22
32 22
32 21
31 21
30 21
30 20
29 20
30 20
30 21
31 21
32 21
31 21
32 21
33 21
33 20
34 20
34 21
33 21
33 22
33 23
33 22
33 21
33 20
32 20
31 20
30 20
29 20
29 21
30 21
29 21
28 21
28 22
27 22
27 21
27 20
27 19
27 20
27 19
27 20
26 20
26 19
25 19
26 19
26 20
26 21
25 21
25 22
24 22
24 21
23 21
23 22
23 21
23 22
24 22
24 23
23 23
24 23
23 23
23 24
24 24
24 23
24 22
24 23
23 23
23 22
23 23
23 24
24 24
25 24
26 24
26 25
26 26
27 26
26 26
26 25
26 24
26 25
25 25
24 25
25 25
24 25
24 26
23 26
22 26
21 26
20 26
20 25
20 24
20 25
19 25
20 25
20 26
20 27
20 26
20 27
20 28
20 27
19 27
19 26
19 25
19 24
18 24
19 24
18 24
18 23
19 23
18 23
18 24
19 24
19 25
19 26
19 27
19 28
19 27
19 26
18 26
17 26
17 25
17 26
16 26
16 25
16 26
15 26
16 26
16 27
16 26
17 26
16 26
17 26
17 25
16 25
15 25
15 26
14 26
14 27
14 28
14 29
15 29
16 29
17 29
17 28
16 28
15 28
16 28
17 28
17 29
18 29
19 29
19 30
20 30
20 31
20 32
20 31
21 31
22 31
21 31
22 31
23 31
22 31
21 31
21 32
22 32
21 32
21 33
21 32
20 32
21 32
21 33
22 33
22 32
22 31
22 32
21 32
22 32
22 31
23 31
23 32
23 33
24 33
23 33
22 33
22 32
22 31
21 31
21 32
21 33
22 33
21 33
21 34
21 33
21 34
22 34
21 34
20 34
21 34
21 35
21 34
22 34
23 34
23 35
23 34
22 34
22 35
23 35
24 35
24 36
24 35
23 35
23 36
23 35
23 36
24 36
23 36
23 35
23 36
24 36
23 36
23 35
23 34
24 34
25 34
24 34
24 35
24 34
23 34
24 34
25 34
25 33
26 33
26 32
27 32
26 32
25 32
25 33
25 34
25 33
26 33
26 34
26 33
25 33
25 32
25 33
25 34
25 33
26 33
26 34
26 35
27 35
28 35
29 35
29 36
29 35
29 36
28 36
28 37
29 37
28 37
28 36
27 36
27 37
28 37
28 36
28 37
27 37
27 38
27 39
28 39
27 39
28 39
29 39
29 40
29 41
29 42
28 42
27 42
28 42
29 42
28 42
27 42
28 42
28 41
28 42
28 43
28 44
27 44
27 45
28 45
28 44
27 44
27 43
26 43
27 43
27 42
27 43
26 43
26 44
27 44
26 44
27 44
28 44
28 45
28 44
29 44
29 45
29 46
28 46
29 46
28 46
28 45
28 46
28 47
28 48
28 47
28 46
27 46
28 46
28 45
28 46
27 46
28 46
27 46
28 46
29 46
29 45
30 45
30 46
31 46
31 47
32 47
32 46
32 47
32 46
32 45
32 44
33 44
32 44
32 45
32 46
32 45
31 45
31 46
32 46
33 46
34 46
33 46
32 46
31 46
30 46
30 47
29 47
28 47
28 46
27 46
27 45
26 45
25 45
25 46
24 46
25 46
24 46
25 46
25 47
24 47
24 48
24 49
24 48
24 47
23 47
23 46
24 46
24 45
23 45
23 46
23 47
24 47
24 48
23 48
22 48
21 48
21 47
20 47
19 47
18 47
18 48
18 47
17 47
17 46
17 45
18 45
19 45
19 44
19 43
20 43
19 43
20 43
20 42
19 42
18 42
18 41
17 41
16 41
17 41
16 41
16 42
15 42
15 41
15 40
16 40
16 39
15 39
14 39
14 38
14 39
14 40
13 40
13 41
14 41
14 42
14 41
13 41
12 41
11 41
10 41
11 41
11 42
12 42
11 42
11 43
11 42
10 42
10 41
10 42
9 42
9 43
10 43
10 42
10 41
10 42
10 41
10 42
10 43
10 42
9 42
8 42
7 42
8 42
9 42
8 42
7 42
7 43
8 43
9 43
9 42
9 41
10 41
9 41
9 40
9 39
10 39
10 40
11 40
11 39
11 38
11 39
12 39
12 40
11 40
12 40
13 40
13 41
13 42
13 43
14 43
14 42
14 43
14 42
14 41
14 42
14 41
13 41
13 42
14 42
15 42
16 42
15 42
15 43
15 42
16 42
16 41
16 40
16 41
17 41
17 42
17 41
18 41
18 40
18 39
19 39
19 40
20 40
19 40
20 40
20 39
20 38
19 38
19 39
20 39
19 39
19 38
18 38
19 38
18 38
17 38
17 37
17 38
17 37
18 37
17 37
17 38
18 38
19 38
19 37
19 38
19 37
20 37
21 37
20 37
20 38
20 37
20 38
20 39
19 39
19 40
20 40
20 41
21 41
21 42
22 42
22 43
22 44
21 44
21 45
22 45
22 46
22 45
23 45
23 46
23 45
24 45
23 45
23 44
23 43
24 43
25 43
26 43
26 44
26 45
27 45
26 45
26 46
26 45
27 45
27 46
27 47
27 46
27 45
27 46
28 46
29 46
29 45
28 45
27 45
28 45
28 46
29 46
29 47
29 48
28 48
27 48
27 49
27 48
27 49
26 49
26 48
26 47
25 47
25 48
25 47
25 48
26 48
26 47
26 48
27 48
28 48
29 48
30 48
30 49
