0 0
0 1
1 1
1 2
0 2
0 1
1 1
1 2
0 2
1 2
1 3
0 3
0 4
0 3
1 3
1 4
1 5
1 4
1 3
1 2
0 2
0 1
1 1
2 1
2 2
2 1
3 1
3 2
4 2
3 2
4 2
4 3
5 3
5 2
4 2
5 2
5 1
6 1
6 2
5 2
5 3
6 3
5 3
5 4
5 5
5 4
6 4
6 5
7 5
8 5
9 5
9 4
9 3
10 3
11 3
11 2
12 2
12 1
11 1
11 0
12 0
12 1
13 1
13 0
13 1
12 1
11 1
11 0
11 1
11 0
11 1
12 1
13 1
14 1
14 0
14 1
14 2
13 2
13 3
12 3
12 4
12 5
13 5
13 4
13 5
13 6
13 7
12 7
13 7
12 7
11 7
11 8
10 8
10 7
10 6
11 6
10 6
11 6
11 5
11 6
11 5
12 5
13 5
14 5
14 6
15 6
14 6
14 7
14 6
14 7
14 6
13 6
13 7
13 8
13 7
12 7
12 8
11 8
12 8
13 8
14 8
14 9
13 9
12 9
11 9
10 9
10 10
9 10
8 10
9 10
8 10
7 10
7 9
7 8
6 8
7 8
7 9
7 10
8 10
7 10
8 10
8 9
7 9
7 8
7 9
8 9
9 9
9 8
9 7
8 7
7 7
8 7
7 7
7 6
8 6
7 6
7 5
7 4
6 4
7 4
6 4
6 3
6 4
6 5
6 6
7 6
7 5
7 4
7 3
7 2
6 2
6 3
6 4
6 3
5 3
4 3
4 2
3 2
3 1
4 1
4 2
4 1
5 1
5 2
6 2
5 2
4 2
3 2
2 2
3 2
3 1
3 2
3 3
3 2
3 1
3 2
3 1
3 0
3 1
4 1
4 0
5 0
4 0
3 0
2 0
1 0
1 1
1 2
2 2
1 2
1 3
0 3
1 3
2 3
2 4
2 5
2 4
2 3
1 3
0 3
1 3
2 3
2 4
1 4
1 3
1 4
2 4
1 4
1 5
0 5
0 6
1 6
1 7
0 7
1 7
0 7
1 7
1 6
0 6
1 6
1 5
2 5
2 4
3 4
3 3
4 3
4 4
3 4
4 4
4 3
3 3
2 3
2 2
3 2
3 1
3 2
4 2
4 3
4 2
4 1
3 1
3 2
2 2
3 2
3 3
4 3
4 4
3 4
4 4
5 4
6 4
6 3
6 4
6 5
5 5
5 6
5 5
5 4
4 4
4 3
5 3
5 4
6 4
6 3
6 4
6 3
6 2
6 3
6 2
6 3
6 2
6 3
6 2
6 3
7 3
7 4
7 3
7 4
8 4
9 4
10 4
10 5
9 5
10 5
10 6
9 6
8 6
8 5
8 4
8 5
8 6
7 6
7 7
7 8
8 8
7 8
7 7
8 7
8 6
9 6
9 5
9 6
10 6
11 6
11 7
12 7
11 7
12 7
11 7
10 7
9 7
8 7
9 7
8 7
9 7
10 7
10 8
11 8
11 7
12 7
13 7
13 6
13 5
13 6
13 7
14 7
14 8
14 9
13 9
13 10
13 11
13 12
12 12
12 13
12 14
12 15
12 14
12 15
12 16
13 16
13 15
13 14
13 15
13 16
12 16
13 16
12 16
13 16
13 15
13 14
14 14
14 13
14 14
14 15
14 16
13 16
13 15
13 14
12 14
12 15
11 15
12 15
12 16
11 16
11 17
11 18
12 18
12 17
12 18
12 17
13 17
13 16
14 16
14 15
14 14
14 13
13 13
14 13
13 13
14 13
13 13
13 14
14 14
15 14
15 13
14 13
14 14
14 13
13 13
13 14
13 13
14 13
15 13
14 13
14 14
13 14
14 14
15 14
14 14
14 15
14 14
14 15
15 15
14 15
14 14
15 14
15 13
16 13
17 13
18 13
19 13
19 14
20 14
20 13
20 12
20 11
21 11
21 10
21 11
21 12
21 13
22 13
23 13
24 13
23 13
23 14
24 14
25 14
24 14
25 14
25 13
24 13
23 13
23 12
23 11
24 11
24 12
25 12
25 11
25 12
24 12
24 13
24 14
25 14
25 13
24 13
25 13
25 12
25 13
25 12
25 11
24 11
23 11
24 11
25 11
24 11
24 12
24 13
24 14
24 15
23 15
23 16
23 15
23 14
24 14
23 14
24 14
24 15
24 16
25 16
25 15
24 15
24 14
23 14
23 15
23 16
22 16
23 16
24 16
24 15
24 14
24 13
24 12
23 12
22 12
21 12
21 13
22 13
23 13
23 14
23 13
22 13
22 14
22 13
21 13
21 12
21 11
22 11
22 12
22 11
21 11
21 10
21 9
22 9
21 9
21 8
22 8
22 9
21 9
22 9
22 8
22 9
22 8
21 8
22 8
22 7
22 6
22 5
23 5
23 4
23 3
24 3
24 2
24 3
25 3
26 3
27 3
27 4
28 4
28 3
28 4
28 5
27 5
28 5
29 5
30 5
30 4
30 3
31 3
31 4
32 4
32 3
33 3
33 4
33 5
33 4
33 5
33 4
34 4
35 4
34 4
35 4
34 4
34 5
35 5
35 4
36 4
35 4
35 3
35 4
36 4
36 5
36 4
37 4
36 4
36 3
36 2
36 3
37 3
37 2
37 3
38 3
38 2
38 1
38 0
38 1
37 1
37 2
38 2
38 3
39 3
39 2
38 2
38 1
38 0
37 0
37 1
37 0
36 0
36 1
37 1
37 0
37 1
37 0
37 1
37 2
36 2
37 2
37 3
37 4
36 4
35 4
36 4
36 3
37 3
38 3
39 3
39 2
39 3
39 4
39 5
39 4
38 4
38 5
39 5
38 5
38 4
38 3
38 2
39 2
39 3
38 3
37 3
37 4
37 5
37 4
36 4
36 5
35 5
35 4
35 5
36 5
36 6
37 6
37 7
36 7
36 6
35 6
36 6
36 5
36 6
37 6
36 6
36 5
35 5
35 6
36 6
36 7
36 8
36 7
37 7
38 7
39 7
39 8
39 9
40 9
40 8
40 9
40 8
39 8
38 8
38 7
37 7
36 7
37 7
37 6
36 6
35 6
35 5
36 5
37 5
36 5
35 5
34 5
35 5
35 4
36 4
36 3
36 2
37 2
37 1
36 1
35 1
36 1
36 2
36 3
36 4
35 4
36 4
36 3
35 3
35 4
35 3
34 3
34 2
35 2
36 2
37 2
36 2
36 1
37 1
37 0
38 0
38 1
37 1
37 2
37 3
38 3
38 2
38 1
37 1
36 1
36 2
37 2
36 2
36 3
36 2
36 1
37 1
36 1
36 0
36 1
35 1
34 1
35 1
35 0
35 1
34 1
33 1
33 2
32 2
31 2
31 3
32 3
31 3
32 3
31 3
30 3
31 3
32 3
31 3
30 3
31 3
31 2
30 2
30 1
30 2
31 2
32 2
32 3
33 3
34 3
33 3
33 2
34 2
34 1
34 2
34 1
34 2
33 2
33 3
33 2
33 1
32 1
32 2
32 3
31 3
31 2
32 2
32 1
31 1
32 1
32 2
31 2
31 1
30 1
30 2
31 2
30 2
29 2
28 2
28 3
29 3
29 2
28 2
27 2
27 1
26 1
26 2
26 1
25 1
24 1
25 1
26 1
27 1
28 1
27 1
27 2
27 3
26 3
26 2
26 3
26 4
26 3
27 3
27 2
28 2
27 2
26 2
26 3
25 3
24 3
24 2
25 2
25 1
25 2
24 2
25 2
25 1
25 0
24 0
23 0
22 0
23 0
22 0
22 1
21 1
22 1
22 0
22 1
21 1
20 1
20 2
20 1
20 2
20 1
21 1
21 0
22 0
21 0
22 0
23 0
23 1
24 1
24 2
24 1
23 1
22 1
22 0
23 0
23 1
24 1
23 1
22 1
21 1
22 1
21 1
21 2
21 1
21 2
20 2
20 1
21 1
21 2
20 2
20 1
21 1
20 1
20 0
19 0
18 0
17 0
18 0
18 1
17 1
16 1
17 1
16 1
16 2
16 1
15 1
16 1
15 1
15 0
14 0
13 0
13 1
12 1
13 1
12 1
11 1
11 2
11 3
11 2
11 3
11 2
12 2
11 2
11 1
11 0
11 1
11 2
11 3
10 3
9 3
8 3
8 4
7 4
7 5
7 4
6 4
7 4
7 5
7 6
7 7
6 7
7 7
8 7
9 7
8 7
8 6
7 6
6 6
5 6
5 7
4 7
3 7
3 6
4 6
3 6
4 6
5 6
4 6
4 7
3 7
2 7
2 8
2 7
1 7
1 8
2 8
1 8
1 9
0 9
0 10
1 10
1 11
1 12
0 12
0 11
1 11
2 11
3 11
4 11
4 10
4 9
4 10
4 11
4 10
4 9
4 10
5 10
4 10
5 10
6 10
6 9
6 10
6 11
6 12
5 12
5 13
5 14
5 15
5 16
6 16
6 15
6 14
6 13
6 14
6 15
