0 0
1 0
1 1
1 2
0 2
0 1
0 2
0 1
0 0
1 0
1 1
1 2
1 1
0 1
0 2
0 1
0 2
0 3
0 4
0 3
0 2
0 1
0 0
0 1
1 1
0 1
0 2
0 3
0 4
1 4
2 4
2 5
3 5
3 4
3 5
3 4
2 4
2 3
3 3
4 3
3 3
2 3
2 4
1 4
1 3
0 3
1 3
1 2
2 2
3 2
4 2
3 2
3 1
2 1
1 1
1 0
0 0
1 0
0 0
0 1
1 1
1 0
1 1
2 1
1 1
2 1
1 1
1 0
0 0
1 0
1 1
0 1
1 1
0 1
1 1
1 2
1 3
1 2
2 2
3 2
3 1
3 2
3 1
3 2
2 2
1 2
0 2
0 1
0 0
0 1
0 0
1 0
1 1
0 1
1 1
2 1
3 1
3 0
3 1
2 1
1 1
0 1
0 2
1 2
0 2
0 1
0 0
0 1
1 1
1 2
0 2
1 2
1 1
1 2
1 1
0 1
0 0
0 1
1 1
1 0
2 0
2 1
1 1
1 0
0 0
0 1
1 1
2 1
1 1
1 0
0 0
0 1
1 1
2 1
2 0
2 1
3 1
3 0
3 1
4 1
4 0
3 0
3 1
4 1
3 1
3 0
4 0
5 0
6 0
7 0
8 0
8 1
9 1
9 2
9 3
9 2
8 2
9 2
10 2
10 3
10 2
11 2
11 1
10 1
11 1
12 1
12 2
13 2
14 2
14 3
15 3
14 3
14 4
14 5
14 6
13 6
14 6
14 7
14 8
14 7
14 6
14 7
14 6
13 6
13 7
12 7
12 8
11 8
11 9
10 9
10 10
10 11
10 12
10 11
9 11
8 11
7 11
7 10
8 10
8 11
8 12
9 12
10 12
10 13
9 13
9 14
8 14
8 15
8 14
9 14
9 13
8 13
8 12
9 12
8 12
8 11
8 10
7 10
7 11
7 10
7 9
6 9
6 8
5 8
5 7
5 6
5 7
6 7
7 7
7 6
7 5
8 5
8 6
7 6
7 7
7 8
6 8
7 8
7 7
8 7
7 7
8 7
9 7
9 6
8 6
9 6
8 6
8 5
9 5
9 6
9 5
10 5
10 4
10 3
9 3
9 4
9 3
10 3
10 4
10 5
10 4
10 3
9 3
9 4
9 5
9 6
10 6
9 6
9 7
9 6
9 7
8 7
8 6
8 7
7 7
6 7
7 7
7 8
6 8
6 7
6 8
6 7
5 7
5 8
5 9
4 9
4 8
4 7
5 7
5 6
6 6
6 7
6 8
5 8
5 9
5 8
6 8
6 9
6 10
6 9
6 10
5 10
4 10
4 9
4 8
3 8
3 7
2 7
2 6
2 7
3 7
4 7
4 6
5 6
5 5
5 4
6 4
6 3
5 3
5 2
6 2
6 3
5 3
4 3
4 4
5 4
5 3
5 2
5 1
4 1
3 1
3 0
4 0
4 1
4 2
4 1
4 2
4 3
4 4
4 5
5 5
6 5
6 4
7 4
6 4
5 4
5 3
4 3
5 3
5 2
5 3
5 2
4 2
5 2
6 2
5 2
5 3
5 2
4 2
4 1
4 0
5 0
5 1
4 1
5 1
5 2
5 1
5 0
5 1
6 1
7 1
7 2
6 2
6 3
7 3
6 3
6 4
6 5
5 5
4 5
4 6
4 7
4 6
3 6
2 6
2 7
2 6
3 6
2 6
2 5
1 5
0 5
0 4
0 3
1 3
0 3
1 3
2 3
2 4
1 4
1 5
0 5
1 5
1 6
0 6
1 6
0 6
1 6
1 7
0 7
0 8
1 8
2 8
2 7
3 7
3 6
3 5
3 6
3 7
3 6
4 6
5 6
5 7
5 8
4 8
5 8
5 7
5 8
6 8
5 8
5 7
4 7
3 7
3 8
4 8
5 8
4 8
4 7
5 7
5 8
4 8
4 7
5 7
5 8
5 7
5 8
5 9
4 9
5 9
6 9
5 9
4 9
4 8
4 7
5 7
6 7
5 7
4 7
5 7
5 8
6 8
5 8
5 9
4 9
3 9
3 10
2 10
1 10
0 10
1 10
1 9
2 9
2 8
2 9
3 9
3 8
3 7
3 8
4 8
4 9
4 8
3 8
3 9
3 8
4 8
5 8
5 9
5 10
4 10
3 10
3 11
3 10
3 11
3 10
3 11
3 10
3 9
3 10
2 10
2 9
2 10
3 10
3 11
3 12
4 12
5 12
4 12
3 12
2 12
1 12
2 12
3 12
2 12
2 11
2 10
2 9
2 10
1 10
2 10
3 10
3 9
2 9
2 10
3 10
3 11
3 12
2 12
2 11
3 11
3 10
3 11
3 12
3 11
3 10
4 10
5 10
6 10
5 10
4 10
4 9
4 8
4 9
5 9
5 8
6 8
5 8
4 8
5 8
6 8
6 7
5 7
6 7
7 7
8 7
9 7
10 7
11 7
10 7
10 8
9 8
9 7
9 6
10 6
10 5
10 4
10 3
10 4
11 4
12 4
11 4
11 5
11 6
10 6
9 6
9 5
9 6
9 5
9 6
9 7
10 7
10 8
10 7
9 7
8 7
8 8
9 8
9 9
10 9
10 10
10 9
11 9
11 8
11 9
12 9
12 10
12 11
13 11
13 12
13 13
13 12
13 13
12 13
12 14
13 14
13 13
13 14
14 14
14 15
14 14
13 14
12 14
11 14
11 15
11 14
11 13
10 13
10 12
9 12
9 13
9 12
8 12
7 12
6 12
5 12
6 12
7 12
7 11
7 12
7 11
6 11
6 10
7 10
6 10
7 10
6 10
5 10
5 11
6 11
5 11
4 11
4 10
5 10
6 10
5 10
6 10
6 11
5 11
5 10
6 10
6 9
6 10
5 10
5 9
5 8
5 9
6 9
7 9
7 8
8 8
7 8
6 8
5 8
6 8
6 9
6 8
6 7
6 6
6 7
5 7
5 6
6 6
5 6
5 5
4 5
4 6
4 5
4 6
5 6
5 5
4 5
4 6
3 6
3 7
3 6
3 5
4 5
3 5
3 4
3 5
2 5
3 5
4 5
5 5
6 5
6 6
5 6
4 6
4 7
4 8
5 8
6 8
5 8
4 8
5 8
5 9
5 10
6 10
6 11
7 11
7 12
8 12
7 12
8 12
7 12
8 12
8 11
7 11
6 11
7 11
7 12
8 12
7 12
8 12
8 13
9 13
10 13
11 13
11 14
11 13
11 14
11 15
10 15
10 16
10 15
10 14
10 13
9 13
9 14
8 14
8 15
9 15
9 16
8 16
9 16
10 16
10 15
10 16
10 15
9 15
9 14
10 14
10 15
10 14
10 15
10 16
10 15
10 14
10 15
9 15
9 14
9 13
9 14
9 15
9 14
9 15
9 14
9 15
8 15
7 15
7 14
7 13
8 13
9 13
10 13
10 12
11 12
10 12
10 13
10 12
11 12
11 13
12 13
11 13
12 13
12 12
12 11
12 12
13 12
12 12
13 12
14 12
13 12
14 12
15 12
14 12
15 12
15 13
15 12
14 12
14 13
13 13
13 12
13 13
13 14
14 14
14 13
14 14
15 14
16 14
17 14
18 14
18 15
19 15
18 15
19 15
20 15
20 16
21 16
20 16
19 16
19 15
19 16
20 16
21 16
20 16
20 15
20 16
20 15
20 14
21 14
22 14
22 15
22 14
22 15
23 15
24 15
25 15
26 15
25 15
25 14
25 13
25 12
26 12
27 12
26 12
25 12
26 12
26 11
26 12
27 12
27 13
26 13
26 12
26 11
27 11
27 10
26 10
26 9
27 9
28 9
28 10
29 10
29 9
29 10
29 11
28 11
28 12
28 13
28 12
27 12
27 13
26 13
25 13
25 14
25 15
25 16
25 17
24 17
24 18
25 18
25 17
26 17
25 17
25 16
25 17
25 16
25 15
26 15
25 15
24 15
23 15
22 15
23 15
24 15
24 16
23 16
24 16
24 15
25 15
25 16
24 16
23 16
24 16
23 16
22 16
22 15
23 15
23 16
22 16
23 16
23 15
24 15
25 15
26 15
26 14
27 14
27 15
27 14
27 15
26 15
26 14
27 14
27 15
27 14
26 14
27 14
27 13
28 13
28 14
27 14
28 14
29 14
29 13
29 14
28 14
27 14
27 13
28 13
29 13
28 13
28 12
27 12
26 12
27 12
26 12
27 12
27 13
28 13
29 13
29 14
29 15
29 14
28 14
28 15
28 14
27 14
28 14
28 15
28 14
27 14
28 14
28 15
27 15
27 14
28 14
28 13
28 12
28 11
27 11
27 10
28 10
29 10
30 10
31 10
31 11
31 10
31 11
31 12
30 12
30 13
30 14
29 14
30 14
30 15
30 14
31 14
31 13
31 12
32 12
32 11
33 11
33 12
33 13
34 13
33 13
34 13
34 14
34 15
34 14
34 15
