0 0
0 1
0 2
0 1
0 2
1 2
0 2
1 2
2 2
2 3
3 3
3 4
3 3
3 2
3 3
4 3
4 2
5 2
5 1
4 1
4 0
4 1
4 0
3 0
3 1
3 0
3 1
3 0
3 1
2 1
2 2
1 2
1 1
1 0
1 1
1 0
0 0
0 1
1 1
1 0
2 0
2 1
2 2
2 1
3 1
3 2
3 3
3 2
3 3
3 4
4 4
4 5
5 5
5 4
6 4
6 5
6 4
5 4
4 4
4 5
5 5
4 5
4 6
4 5
4 4
3 4
3 5
3 4
4 4
4 5
4 4
3 4
2 4
2 3
1 3
1 4
1 5
0 5
1 5
0 5
1 5
1 6
0 6
0 7
0 8
0 7
0 8
1 8
1 7
2 7
2 6
3 6
4 6
5 6
6 6
5 6
6 6
7 6
6 6
6 7
6 8
6 9
5 9
5 8
4 8
5 8
5 7
5 6
5 7
5 8
5 7
6 7
6 8
6 9
7 9
8 9
9 9
9 8
9 9
9 8
9 9
9 8
10 8
11 8
11 7
12 7
12 6
13 6
14 6
14 7
13 7
14 7
15 7
15 6
15 5
14 5
14 4
13 4
14 4
15 4
15 3
14 3
14 4
15 4
15 5
15 6
16 6
17 6
17 5
16 5
17 5
17 6
16 6
16 7
15 7
15 6
15 5
15 4
15 5
14 5
15 5
15 4
14 4
15 4
16 4
16 5
16 6
17 6
16 6
17 6
16 6
16 5
15 5
15 6
14 6
14 7
14 8
15 8
14 8
14 9
14 8
14 7
14 6
13 6
13 5
14 5
14 6
14 7
14 6
15 6
15 7
15 8
15 9
15 10
15 9
14 9
15 9
16 9
16 10
17 10
16 10
16 11
17 11
17 10
17 9
18 9
19 9
18 9
19 9
18 9
19 9
19 10
20 10
19 10
18 10
18 9
17 9
16 9
17 9
18 9
17 9
16 9
16 10
17 10
17 11
17 12
17 11
16 11
16 10
16 11
15 11
15 10
16 10
17 10
18 10
18 11
18 10
18 9
19 9
19 10
19 11
19 12
18 12
19 12
18 12
17 12
17 13
17 12
16 12
15 12
15 13
16 13
16 14
15 14
15 15
16 15
16 14
15 14
15 15
14 15
13 15
14 15
13 15
13 14
13 15
14 15
13 15
13 14
14 14
15 14
14 14
14 15
14 14
14 13
13 13
12 13
12 14
13 14
13 15
12 15
12 14
13 14
14 14
13 14
12 14
13 14
14 14
14 15
14 16
14 17
14 18
13 18
13 17
12 17
11 17
10 17
9 17
9 16
9 15
8 15
9 15
9 14
10 14
10 13
10 12
10 11
10 12
11 12
11 11
11 10
12 10
12 9
12 8
12 7
12 6
13 6
13 7
12 7
12 6
11 6
12 6
11 6
11 5
11 4
10 4
10 3
11 3
11 4
11 3
12 3
12 4
12 5
11 5
11 6
10 6
10 5
10 4
9 4
9 3
10 3
11 3
11 2
11 1
10 1
10 2
10 1
10 0
10 1
9 1
10 1
10 2
11 2
12 2
13 2
13 3
12 3
12 4
11 4
12 4
12 3
13 3
13 2
14 2
14 3
15 3
14 3
14 2
14 1
13 1
13 2
13 3
12 3
12 4
11 4
11 5
11 6
11 5
10 5
11 5
11 4
12 4
12 5
13 5
13 6
13 5
13 4
13 3
12 3
11 3
10 3
10 2
10 1
11 1
11 0
11 1
12 1
11 1
11 2
11 3
12 3
11 3
12 3
12 4
12 3
11 3
11 4
11 3
10 3
10 2
11 2
10 2
11 2
11 1
10 1
10 2
10 3
10 2
10 1
9 1
8 1
8 0
8 1
8 2
7 2
7 1
8 1
8 2
8 1
7 1
7 0
7 1
6 1
5 1
4 1
4 2
4 3
4 2
4 1
4 2
5 2
6 2
6 1
6 0
7 0
6 0
5 0
4 0
5 0
4 0
4 1
3 1
3 2
2 2
2 3
2 4
3 4
3 3
4 3
3 3
4 3
5 3
5 2
5 1
5 2
4 2
4 1
5 1
6 1
6 0
5 0
6 0
5 0
4 0
4 1
3 1
2 1
2 2
2 1
2 2
2 1
3 1
4 1
5 1
5 2
5 1
6 1
6 2
6 3
7 3
7 4
7 3
8 3
8 2
7 2
6 2
6 1
5 1
4 1
4 0
3 0
4 0
4 1
5 1
5 2
5 1
5 2
5 3
6 3
5 3
6 3
7 3
7 4
6 4
6 5
7 5
6 5
5 5
4 5
3 5
2 5
1 5
2 5
2 6
1 6
0 6
1 6
1 5
1 6
0 6
1 6
1 7
0 7
0 6
1 6
1 7
1 6
2 6
2 5
2 4
3 4
4 4
4 3
3 3
3 2
3 1
3 2
4 2
3 2
3 1
3 2
3 3
3 4
3 3
3 2
3 3
3 4
4 4
4 3
4 4
3 4
3 3
3 2
4 2
4 1
3 1
3 0
2 0
3 0
4 0
5 0
6 0
5 0
6 0
6 1
7 1
7 0
8 0
8 1
7 1
6 1
7 1
6 1
6 0
6 1
5 1
4 1
4 2
3 2
4 2
4 3
4 2
4 3
4 2
5 2
5 1
5 2
4 2
5 2
5 3
5 4
5 5
5 4
5 5
5 4
6 4
7 4
8 4
8 3
9 3
9 4
9 5
9 6
10 6
9 6
9 5
8 5
7 5
7 6
7 7
7 8
8 8
9 8
10 8
9 8
9 9
10 9
10 8
11 8
11 9
11 8
11 9
10 9
9 9
9 8
9 9
10 9
10 10
10 9
10 8
9 8
8 8
8 9
8 8
8 7
9 7
9 8
9 9
9 10
10 10
9 10
9 11
10 11
11 11
12 11
11 11
12 11
11 11
10 11
9 11
8 11
9 11
9 12
10 12
9 12
10 12
10 11
10 12
10 13
10 12
10 13
11 13
11 14
11 15
11 16
11 17
11 16
11 17
11 16
10 16
11 16
11 15
10 15
10 14
9 14
9 15
10 15
11 15
10 15
10 14
9 14
9 13
10 13
10 14
10 15
11 15
11 16
11 17
11 18
11 19
11 18
10 18
11 18
11 19
11 20
11 19
11 20
11 21
12 21
11 21
12 21
12 20
12 19
12 18
13 18
12 18
12 19
13 19
14 19
14 20
13 20
14 20
14 19
13 19
13 18
13 19
13 20
12 20
13 20
14 20
14 21
13 21
12 21
11 21
10 21
11 21
11 22
11 23
11 22
12 22
11 22
11 23
11 24
11 25
10 25
10 26
10 27
11 27
11 28
10 28
10 29
10 28
9 28
9 27
9 26
9 27
8 27
8 28
8 29
8 28
8 29
8 30
7 30
6 30
6 31
6 32
6 33
6 32
6 31
7 31
6 31
6 30
6 31
6 32
7 32
8 32
8 33
9 33
8 33
8 34
8 33
8 34
9 34
9 33
9 34
8 34
8 35
8 36
9 36
9 35
9 36
9 35
9 36
9 37
8 37
8 36
8 35
8 34
8 35
8 34
8 35
8 34
8 33
7 33
7 34
8 34
7 34
7 33
6 33
6 34
5 34
6 34
6 33
6 34
5 34
5 33
5 34
5 35
5 34
5 35
4 35
4 34
5 34
5 35
6 35
7 35
8 35
9 35
9 36
8 36
8 35
9 35
9 34
9 33
10 33
10 34
11 34
12 34
12 33
12 34
12 35
13 35
13 36
13 37
13 38
14 38
14 39
14 40
13 40
13 41
13 40
13 41
14 41
14 42
14 41
14 40
13 40
13 39
13 38
13 39
14 39
14 40
14 41
15 41
16 41
17 41
17 42
16 42
16 43
16 44
16 45
15 45
15 46
15 47
16 47
16 48
15 48
15 49
14 49
14 50
13 50
13 49
13 50
14 50
13 50
12 50
12 49
13 49
14 49
14 50
13 50
13 51
13 52
13 51
12 51
12 52
12 53
12 52
13 52
13 53
13 54
13 55
13 56
14 56
15 56
16 56
16 57
17 57
18 57
18 56
18 55
19 55
19 56
18 56
18 55
18 56
17 56
18 56
19 56
19 55
19 54
20 54
19 54
19 53
19 54
19 53
19 52
19 53
19 54
20 54
20 55
20 54
20 53
19 53
18 53
18 54
19 54
19 53
19 54
18 54
18 55
18 54
17 54
18 54
19 54
19 53
18 53
18 54
19 54
20 54
21 54
20 54
19 54
18 54
19 54
19 55
20 55
21 55
20 55
21 55
21 54
22 54
22 53
23 53
22 53
21 53
21 54
21 55
21 56
21 55
22 55
23 55
23 54
22 54
21 54
20 54
20 53
20 54
20 55
19 55
18 55
18 54
18 55
17 55
18 55
18 54
19 54
19 53
20 53
19 53
19 54
19 55
19 56
19 57
19 56
19 55
20 55
21 55
20 55
20 56
19 56
