0 0
1 0
1 1
1 0
0 0
1 0
1 1
1 2
1 1
1 2
1 1
0 1
1 1
1 0
1 1
1 0
1 1
1 2
1 1
1 0
2 0
3 0
2 0
2 1
2 0
3 0
3 1
4 1
5 1
5 0
5 1
4 1
3 1
4 1
4 2
4 1
3 1
3 0
4 0
5 0
5 1
5 2
5 1
6 1
6 0
5 0
4 0
3 0
3 1
3 0
3 1
2 1
2 0
2 1
3 1
2 1
3 1
4 1
4 0
5 0
5 1
6 1
5 1
6 1
5 1
5 0
6 0
7 0
8 0
7 0
7 1
7 0
7 1
6 1
5 1
5 2
6 2
6 3
5 3
4 3
4 2
4 3
3 3
3 2
2 2
2 3
1 3
0 3
1 3
1 4
2 4
1 4
0 4
1 4
1 5
0 5
1 5
1 6
0 6
0 7
0 8
1 8
2 8
3 8
3 7
3 6
4 6
4 7
5 7
4 7
3 7
3 8
3 7
3 8
2 8
2 9
3 9
2 9
2 10
2 9
3 9
2 9
3 9
3 8
3 7
3 8
3 7
2 7
2 6
3 6
4 6
5 6
4 6
3 6
3 5
4 5
5 5
5 4
6 4
6 5
5 5
5 6
4 6
3 6
3 5
3 4
4 4
3 4
3 3
2 3
1 3
0 3
1 3
0 3
0 2
0 1
0 2
0 1
1 1
0 1
0 0
1 0
1 1
1 0
1 1
1 0
0 0
1 0
0 0
1 0
1 1
1 0
2 0
2 1
1 1
1 2
0 2
1 2
1 1
1 2
1 3
2 3
3 3
3 2
3 1
3 2
2 2
1 2
2 2
2 1
2 2
3 2
3 3
3 2
3 1
4 1
4 2
3 2
2 2
3 2
4 2
4 3
4 2
3 2
4 2
3 2
3 3
4 3
4 4
5 4
4 4
3 4
2 4
3 4
3 3
2 3
2 2
2 1
2 2
3 2
3 1
3 2
2 2
3 2
3 1
3 2
3 1
3 2
3 1
4 1
4 0
5 0
4 0
5 0
5 1
5 0
6 0
7 0
7 1
6 1
6 0
6 1
6 0
6 1
6 2
6 1
6 2
6 1
6 0
5 0
4 0
4 1
4 2
3 2
2 2
2 3
1 3
2 3
3 3
3 2
3 3
2 3
3 3
4 3
4 4
3 4
3 5
4 5
4 4
5 4
6 4
7 4
8 4
8 5
8 4
8 5
9 5
9 4
8 4
9 4
9 3
8 3
8 4
9 4
8 4
9 4
9 3
10 3
10 2
9 2
9 1
10 1
10 0
10 1
9 1
8 1
9 1
9 0
9 1
9 0
9 1
10 1
10 2
10 3
10 2
10 3
10 4
10 3
11 3
11 4
11 5
11 6
10 6
9 6
9 5
8 5
7 5
7 6
8 6
8 7
7 7
7 6
6 6
6 5
7 5
8 5
8 6
9 6
9 7
8 7
9 7
10 7
10 8
11 8
11 9
10 9
10 10
10 9
11 9
11 8
11 9
11 8
11 9
11 8
11 7
12 7
11 7
10 7
10 6
10 7
10 8
10 7
10 6
10 7
10 8
10 9
10 10
11 10
10 10
11 10
11 9
10 9
11 9
12 9
12 10
12 11
12 12
12 13
12 14
12 13
11 13
12 13
11 13
11 12
11 11
10 11
11 11
12 11
11 11
12 11
12 10
12 9
12 10
11 10
11 11
10 11
10 12
10 13
9 13
10 13
10 14
10 13
11 13
12 13
11 13
11 14
11 15
10 15
9 15
8 15
8 16
7 16
7 17
6 17
7 17
7 18
7 19
8 19
8 20
8 21
9 21
9 22
10 22
11 22
12 22
12 21
13 21
13 20
12 20
11 20
11 21
12 21
12 20
12 21
13 21
13 22
13 21
13 20
13 19
14 19
14 18
14 17
14 18
14 19
14 18
15 18
15 19
14 19
14 20
13 20
14 20
15 20
16 20
17 20
17 19
16 19
17 19
16 19
16 18
16 19
16 18
15 18
14 18
15 18
15 19
15 20
16 20
15 20
15 21
15 20
16 20
15 20
15 21
15 22
15 21
15 20
15 21
15 22
16 22
16 21
16 20
16 19
17 19
18 19
19 19
19 20
18 20
18 19
18 20
18 19
19 19
19 20
20 20
21 20
21 19
22 19
21 19
21 20
22 20
23 20
23 19
24 19
25 19
25 20
25 21
24 21
24 22
24 23
24 22
24 21
24 20
24 21
24 20
25 20
24 20
25 20
26 20
27 20
27 19
26 19
25 19
24 19
24 18
24 17
24 16
25 16
25 17
25 18
26 18
25 18
25 19
24 19
25 19
24 19
25 19
26 19
26 20
25 20
24 20
24 21
25 21
25 20
24 20
25 20
25 21
25 20
24 20
23 20
22 20
23 20
24 20
25 20
26 20
27 20
28 20
28 19
28 20
29 20
28 20
28 21
29 21
28 21
27 21
26 21
26 22
26 21
27 21
27 20
28 20
27 20
28 20
28 19
29 19
28 19
28 20
29 20
29 19
29 18
29 19
30 19
31 19
32 19
31 19
31 18
31 17
30 17
30 16
30 15
30 14
30 15
29 15
30 15
30 14
29 14
30 14
31 14
31 13
32 13
31 13
31 14
31 13
30 13
29 13
29 12
29 11
29 10
28 10
27 10
27 9
26 9
25 9
25 8
24 8
23 8
24 8
25 8
24 8
23 8
24 8
23 8
23 7
23 8
22 8
22 7
22 6
23 6
22 6
23 6
23 7
24 7
25 7
26 7
26 8
26 9
26 10
27 10
28 10
28 11
29 11
28 11
27 11
26 11
26 10
25 10
25 11
26 11
26 12
27 12
28 12
29 12
29 11
29 12
29 13
30 13
30 12
30 13
29 13
29 14
30 14
29 14
30 14
30 13
29 13
29 14
30 14
30 15
30 14
30 15
30 16
30 15
30 16
30 15
30 14
29 14
29 15
29 16
30 16
29 16
29 17
30 17
30 18
30 17
29 17
29 18
29 19
29 18
30 18
29 18
28 18
28 19
28 18
28 19
29 19
29 20
28 20
27 20
27 21
27 20
27 21
26 21
25 21
25 22
24 22
25 22
25 21
26 21
25 21
25 20
26 20
26 21
27 21
27 20
26 20
26 21
26 20
25 20
26 20
25 20
25 21
25 20
25 19
24 19
23 19
24 19
25 19
25 18
25 17
25 16
25 15
25 14
26 14
27 14
28 14
28 15
29 15
30 15
31 15
31 16
31 17
32 17
33 17
32 17
31 17
31 16
30 16
31 16
30 16
30 15
30 14
31 14
31 13
32 13
32 14
33 14
33 13
32 13
33 13
32 13
31 13
30 13
29 13
29 12
28 12
28 13
27 13
26 13
25 13
25 12
25 11
25 12
26 12
27 12
27 11
27 10
27 9
28 9
28 10
28 9
29 9
29 8
29 7
28 7
29 7
29 6
29 7
30 7
31 7
32 7
33 7
33 6
34 6
33 6
34 6
35 6
35 5
36 5
36 6
36 5
36 4
37 4
37 3
37 4
36 4
36 5
36 4
36 3
35 3
36 3
35 3
35 2
35 1
36 1
37 1
38 1
39 1
39 0
40 0
40 1
39 1
39 0
39 1
39 2
39 1
39 0
39 1
39 0
40 0
39 0
40 0
40 1
40 0
40 1
40 0
40 1
41 1
40 1
40 2
41 2
40 2
40 1
39 1
40 1
39 1
39 0
39 1
39 2
39 1
39 0
39 1
39 2
38 2
38 1
38 2
38 1
38 0
37 0
36 0
36 1
36 2
36 1
35 1
34 1
34 2
34 1
33 1
33 0
33 1
33 2
34 2
34 1
34 2
34 1
34 2
33 2
34 2
35 2
35 1
34 1
34 2
35 2
36 2
37 2
37 1
36 1
36 0
37 0
37 1
38 1
38 2
37 2
37 1
36 1
36 2
36 1
37 1
36 1
37 1
36 1
36 0
37 0
37 1
37 0
36 0
37 0
37 1
37 0
38 0
39 0
39 1
39 0
38 0
39 0
39 1
40 1
40 2
40 1
41 1
41 0
42 0
43 0
43 1
43 2
43 3
44 3
45 3
45 2
44 2
43 2
43 3
43 4
42 4
42 3
42 2
41 2
41 3
41 4
41 5
41 4
41 5
40 5
40 4
40 5
39 5
38 5
38 4
37 4
37 3
37 2
37 1
37 0
37 1
38 1
39 1
40 1
40 2
41 2
42 2
42 1
43 1
42 1
41 1
41 2
40 2
40 1
39 1
39 2
40 2
40 1
41 1
42 1
42 2
42 3
43 3
44 3
43 3
44 3
45 3
44 3
45 3
45 4
45 3
44 3
44 4
44 3
45 3
44 3
44 2
45 2
45 1
45 2
45 3
45 4
46 4
47 4
47 5
47 4
47 5
47 4
48 4
47 4
48 4
48 3
48 4
48 5
48 6
47 6
47 7
46 7
46 8
45 8
