0 0
1 0
0 0
1 0
0 0
1 0
2 0
3 0
3 1
2 1
2 2
3 2
3 1
3 0
4 0
4 1
4 0
5 0
6 0
6 1
6 2
6 1
5 1
6 1
6 0
6 1
6 2
5 2
5 1
5 0
4 0
4 1
4 0
3 0
3 1
2 1
2 2
2 1
1 1
1 0
2 0
1 0
1 1
2 1
1 1
0 1
1 1
0 1
1 1
1 2
2 2
2 3
2 2
2 1
2 2
2 3
3 3
4 3
4 4
3 4
4 4
4 5
3 5
4 5
4 4
4 5
3 5
4 5
4 6
4 5
4 6
5 6
6 6
7 6
6 6
5 6
4 6
3 6
3 5
2 5
1 5
0 5
1 5
0 5
0 6
0 5
0 6
0 7
1 7
1 8
1 7
2 7
3 7
4 7
3 7
3 8
4 8
4 9
4 8
4 9
3 9
3 8
3 7
3 8
2 8
2 9
2 10
1 10
1 11
1 10
0 10
0 11
1 11
0 11
1 11
1 10
2 10
3 10
3 9
4 9
4 10
3 10
2 10
2 11
3 11
4 11
3 11
2 11
2 10
3 10
3 11
3 10
3 11
2 11
3 11
2 11
3 11
3 12
3 11
3 12
4 12
5 12
4 12
4 13
4 14
5 14
4 14
3 14
2 14
3 14
3 13
3 14
2 14
2 13
1 13
2 13
2 12
2 13
2 12
3 12
2 12
3 12
3 13
3 12
4 12
3 12
3 13
4 13
4 14
5 14
5 13
5 12
6 12
6 13
5 13
5 14
4 14
4 13
4 14
4 15
4 14
4 15
4 16
3 16
2 16
1 16
1 15
2 15
2 14
2 13
3 13
3 12
3 13
4 13
4 14
4 15
4 14
3 14
2 14
2 13
1 13
1 14
0 14
1 14
0 14
0 15
1 15
1 14
1 15
1 16
0 16
1 16
0 16
0 15
1 15
0 15
0 14
1 14
1 13
1 14
0 14
1 14
1 15
1 16
1 15
0 15
1 15
1 16
1 17
2 17
1 17
1 18
1 19
0 19
0 20
1 20
0 20
1 20
1 21
1 20
1 21
1 22
2 22
1 22
1 23
1 22
2 22
1 22
2 22
1 22
1 23
0 23
0 24
1 24
1 25
1 24
1 23
1 24
2 24
1 24
2 24
1 24
2 24
3 24
2 24
1 24
2 24
1 24
1 23
1 24
1 23
2 23
3 23
2 23
2 22
3 22
2 22
2 23
1 23
2 23
2 22
3 22
2 22
2 23
2 24
2 23
1 23
1 22
1 23
0 23
1 23
1 24
1 25
1 24
1 25
2 25
1 25
0 25
0 26
1 26
1 27
1 26
1 25
0 25
1 25
1 24
1 23
1 24
2 24
1 24
2 24
3 24
4 24
5 24
5 25
5 24
6 24
5 24
5 25
5 24
4 24
4 25
4 24
3 24
3 23
2 23
3 23
2 23
1 23
1 24
2 24
3 24
2 24
2 25
2 26
3 26
3 27
3 28
3 29
3 30
2 30
1 30
1 29
1 28
0 28
0 29
1 29
1 30
1 31
2 31
2 30
3 30
4 30
4 31
4 32
3 32
2 32
1 32
1 33
2 33
1 33
0 33
1 33
0 33
1 33
0 33
0 32
0 33
0 32
1 32
0 32
0 33
0 34
1 34
0 34
0 35
0 36
0 37
0 38
1 38
2 38
2 39
1 39
2 39
1 39
1 40
1 41
1 42
1 41
0 41
0 42
1 42
1 41
1 40
0 40
1 40
1 41
1 40
2 40
1 40
2 40
2 41
2 40
2 39
3 39
3 38
3 39
3 40
2 40
1 40
0 40
1 40
1 39
1 40
1 41
1 42
1 41
2 41
2 40
2 39
1 39
1 38
1 39
1 40
2 40
3 40
3 41
3 40
3 41
3 40
4 40
4 39
4 38
5 38
5 37
5 38
6 38
6 37
7 37
6 37
6 36
6 37
7 37
7 38
8 38
8 39
7 39
7 40
7 39
7 38
6 38
7 38
6 38
6 37
5 37
4 37
5 37
6 37
7 37
6 37
6 36
7 36
6 36
5 36
5 37
4 37
4 36
4 35
4 34
4 33
4 32
5 32
4 32
4 33
3 33
3 32
2 32
2 33
2 32
3 32
3 33
3 34
3 33
3 32
2 32
1 32
1 31
0 31
0 30
1 30
2 30
1 30
1 29
1 30
0 30
0 29
0 30
1 30
1 29
0 29
0 30
1 30
1 29
1 30
1 31
1 30
0 30
1 30
2 30
2 31
3 31
3 32
4 32
3 32
4 32
4 33
5 33
4 33
4 32
3 32
3 31
3 30
4 30
4 31
5 31
5 32
4 32
3 32
4 32
4 31
5 31
5 32
4 32
4 31
3 31
4 31
3 31
3 32
3 31
3 32
4 32
3 32
3 33
4 33
3 33
2 33
3 33
4 33
3 33
3 32
3 31
3 32
3 33
4 33
5 33
6 33
6 34
6 35
5 35
4 35
3 35
3 34
4 34
5 34
5 33
5 34
4 34
4 33
4 32
3 32
3 33
4 33
5 33
5 34
6 34
6 33
6 34
7 34
7 35
7 34
8 34
8 35
9 35
9 34
9 35
9 36
10 36
9 36
9 35
8 35
8 36
8 35
8 34
8 35
8 34
8 35
7 35
6 35
6 34
7 34
7 33
6 33
7 33
8 33
9 33
9 32
10 32
10 31
9 31
8 31
7 31
8 31
8 30
8 29
7 29
7 28
7 29
7 28
6 28
5 28
5 29
6 29
6 28
7 28
7 29
7 28
7 29
7 30
7 31
7 32
8 32
9 32
10 32
11 32
10 32
9 32
9 31
9 32
8 32
9 32
8 32
9 32
9 31
8 31
8 30
8 29
9 29
8 29
7 29
6 29
6 28
6 29
6 30
6 31
7 31
8 31
7 31
8 31
9 31
8 31
9 31
9 30
9 31
9 30
9 29
9 28
10 28
9 28
9 27
10 27
10 28
9 28
10 28
11 28
11 29
12 29
12 28
13 28
14 28
13 28
12 28
11 28
11 27
12 27
13 27
14 27
15 27
15 26
15 27
14 27
13 27
14 27
15 27
15 28
14 28
14 27
14 26
13 26
13 25
13 26
13 27
12 27
12 26
12 27
12 26
11 26
10 26
11 26
10 26
10 27
10 28
10 29
9 29
9 30
9 29
9 28
10 28
9 28
9 27
9 28
8 28
8 27
8 28
8 27
8 28
7 28
8 28
9 28
10 28
9 28
8 28
8 27
8 28
9 28
9 27
10 27
11 27
10 27
10 26
10 27
10 26
9 26
9 27
8 27
7 27
7 26
7 25
7 26
8 26
8 27
8 28
8 29
8 28
7 28
7 29
6 29
6 28
6 29
5 29
5 30
5 31
4 31
4 30
3 30
4 30
4 31
5 31
4 31
3 31
4 31
4 32
3 32
4 32
4 33
4 32
5 32
6 32
7 32
7 31
7 30
6 30
7 30
6 30
6 29
6 30
7 30
8 30
8 29
8 28
9 28
8 28
8 27
8 26
7 26
7 25
6 25
6 24
5 24
4 24
4 25
4 24
3 24
2 24
1 24
1 23
0 23
1 23
0 23
1 23
2 23
2 22
3 22
4 22
3 22
3 21
3 20
4 20
5 20
5 21
4 21
4 20
4 21
4 22
4 21
5 21
5 20
4 20
5 20
5 21
4 21
5 21
6 21
6 22
5 22
4 22
4 21
4 22
4 23
4 22
3 22
2 22
1 22
2 22
3 22
4 22
4 21
4 20
3 20
2 20
2 21
2 20
1 20
1 19
0 19
0 20
1 20
1 21
1 22
0 22
1 22
1 23
2 23
1 23
1 22
2 22
3 22
2 22
2 21
2 20
2 21
3 21
3 22
2 22
2 21
2 20
1 20
2 20
2 19
2 18
2 17
1 17
0 17
1 17
1 18
0 18
1 18
1 19
1 20
1 19
1 20
1 19
0 19
0 18
0 17
1 17
2 17
2 18
3 18
4 18
3 18
4 18
5 18
5 17
6 17
6 18
5 18
4 18
4 19
3 19
4 19
3 19
2 19
1 19
2 19
2 20
2 19
2 20
2 19
2 18
1 18
1 17
1 18
2 18
2 17
1 17
1 18
1 19
1 18
2 18
2 17
2 18
1 18
1 17
1 18
1 19
0 19
1 19
0 19
1 19
1 20
1 21
1 20
1 21
1 22
2 22
1 22
1 21
0 21
1 21
2 21
1 21
1 22
2 22
2 21
2 22
1 22
1 23
1 24
2 24
3 24
2 24
3 24
4 24
5 24
5 23
5 24
6 24
7 24
6 24
6 23
5 23
5 22
4 22
3 22
4 22
4 23
3 23
3 24
3 23
4 23
4 24
4 23
3 23
3 22
3 23
3 22
2 22
3 22
3 21
3 22
4 22
3 22
4 22
4 23
4 22
4 21
4 22
4 21
5 21
5 20
