0 0
0 1
0 2
1 2
0 2
1 2
1 1
1 2
0 2
0 3
1 3
1 4
2 4
1 4
0 4
0 5
1 5
1 4
0 4
0 5
0 4
0 5
0 4
0 5
1 5
1 6
2 6
2 7
1 7
2 7
2 8
3 8
2 8
3 8
4 8
4 9
4 8
5 8
4 8
3 8
3 9
4 9
4 8
4 7
5 7
4 7
4 6
4 7
4 8
4 9
4 10
4 9
5 9
4 9
3 9
4 9
4 8
5 8
5 9
4 9
3 9
2 9
2 8
1 8
1 9
1 10
1 11
1 10
1 9
0 9
1 9
2 9
2 10
2 11
2 12
3 12
3 13
4 13
4 14
5 14
5 15
6 15
6 14
5 14
4 14
5 14
4 14
3 14
4 14
4 13
5 13
5 12
5 11
5 10
5 11
6 11
5 11
5 10
6 10
7 10
6 10
5 10
5 9
5 8
5 9
5 8
5 7
5 8
5 9
4 9
3 9
4 9
4 8
5 8
5 9
5 10
5 11
5 12
4 12
3 12
2 12
3 12
3 11
4 11
4 10
3 10
3 11
3 12
4 12
4 13
5 13
5 14
6 14
7 14
6 14
6 13
7 13
6 13
5 13
5 12
4 12
4 13
5 13
4 13
3 13
2 13
2 12
1 12
1 13
0 13
0 12
0 11
1 11
2 11
2 12
2 11
1 11
1 10
1 11
2 11
3 11
3 10
3 9
3 8
3 9
3 8
4 8
4 7
4 6
3 6
2 6
3 6
2 6
3 6
3 5
3 6
3 5
2 5
3 5
3 6
3 7
3 8
4 8
4 7
4 6
5 6
5 7
4 7
3 7
4 7
4 6
5 6
6 6
7 6
6 6
7 6
8 6
8 5
8 4
8 3
8 4
7 4
7 5
7 6
8 6
8 5
8 4
8 3
8 4
9 4
9 5
9 6
9 5
8 5
9 5
9 4
9 3
9 2
9 3
8 3
7 3
7 4
7 3
6 3
7 3
7 4
6 4
6 5
7 5
7 4
7 3
7 2
6 2
6 3
5 3
4 3
4 2
4 3
4 2
5 2
4 2
3 2
4 2
5 2
6 2
6 3
6 2
6 1
7 1
7 0
7 1
7 0
7 1
8 1
9 1
9 2
8 2
8 1
8 2
7 2
7 3
6 3
7 3
7 2
7 3
6 3
6 2
5 2
5 1
5 0
5 1
4 1
5 1
4 1
5 1
5 0
6 0
6 1
6 0
6 1
6 0
6 1
5 1
6 1
6 2
6 3
5 3
4 3
4 4
3 4
3 3
3 2
3 1
4 1
5 1
5 2
5 3
4 3
4 4
5 4
6 4
6 3
7 3
7 2
7 3
7 4
6 4
6 5
6 4
7 4
8 4
8 5
8 4
8 5
9 5
9 4
9 5
9 4
9 3
8 3
9 3
9 2
9 1
8 1
8 0
8 1
8 2
7 2
7 1
8 1
8 2
9 2
9 3
10 3
10 4
10 3
9 3
10 3
10 4
11 4
10 4
10 3
10 4
9 4
8 4
8 3
9 3
9 2
10 2
10 1
10 0
10 1
10 0
9 0
8 0
8 1
8 2
9 2
9 3
9 4
8 4
8 3
8 2
8 3
7 3
7 2
7 1
7 2
7 3
6 3
7 3
8 3
8 4
8 5
7 5
7 4
7 5
8 5
8 6
8 7
7 7
6 7
7 7
7 6
8 6
8 5
8 4
7 4
6 4
6 5
7 5
7 4
6 4
6 3
6 2
6 1
5 1
6 1
6 2
5 2
4 2
4 1
5 1
5 2
5 1
4 1
4 0
3 0
3 1
3 0
2 0
2 1
1 1
0 1
0 2
0 3
0 2
0 3
0 2
0 3
0 2
1 2
0 2
0 3
0 2
0 3
1 3
1 4
0 4
1 4
1 3
1 2
0 2
1 2
0 2
1 2
1 1
1 2
2 2
2 3
2 4
1 4
1 3
2 3
1 3
0 3
0 4
0 5
0 6
1 6
1 5
1 4
1 5
0 5
0 6
1 6
1 7
0 7
1 7
0 7
0 6
1 6
2 6
3 6
3 5
3 6
3 7
4 7
4 8
4 7
4 6
5 6
6 6
7 6
7 7
6 7
7 7
6 7
7 7
7 6
7 5
8 5
9 5
10 5
10 4
11 4
10 4
10 3
10 4
11 4
10 4
10 5
10 4
10 5
10 4
10 3
9 3
9 4
9 3
8 3
8 4
9 4
10 4
11 4
12 4
11 4
12 4
12 3
11 3
11 2
10 2
10 1
10 2
10 1
10 0
10 1
9 1
9 2
9 3
10 3
11 3
11 2
11 1
12 1
13 1
13 0
12 0
11 0
11 1
10 1
10 0
11 0
11 1
12 1
13 1
13 0
14 0
14 1
13 1
14 1
14 0
13 0
14 0
14 1
13 1
14 1
14 2
13 2
13 1
13 0
13 1
14 1
15 1
14 1
13 1
12 1
12 2
12 1
12 2
11 2
11 1
12 1
11 1
11 0
11 1
11 2
11 3
11 2
12 2
12 3
12 4
12 5
13 5
14 5
14 6
14 5
14 6
15 6
14 6
14 5
14 6
13 6
12 6
12 5
13 5
13 6
14 6
15 6
16 6
15 6
15 5
14 5
13 5
13 6
14 6
13 6
13 7
12 7
13 7
12 7
12 6
13 6
13 5
14 5
13 5
13 6
12 6
12 5
11 5
11 6
12 6
11 6
12 6
12 7
11 7
11 8
11 7
12 7
12 8
12 7
13 7
13 8
12 8
12 9
13 9
14 9
15 9
15 10
15 11
14 11
15 11
15 12
14 12
14 13
15 13
16 13
15 13
16 13
15 13
15 14
14 14
14 13
15 13
16 13
16 12
17 12
17 11
17 12
17 11
16 11
17 11
18 11
18 10
18 11
18 12
17 12
17 13
18 13
19 13
18 13
18 14
19 14
20 14
20 15
20 16
21 16
22 16
23 16
24 16
24 15
23 15
24 15
23 15
23 14
23 13
22 13
21 13
20 13
20 14
21 14
22 14
23 14
23 13
24 13
25 13
24 13
24 14
24 15
24 16
24 17
24 18
25 18
25 17
24 17
24 18
24 19
25 19
25 18
26 18
25 18
25 17
24 17
24 18
24 17
24 16
23 16
23 15
23 14
24 14
23 14
23 15
24 15
24 14
24 15
25 15
24 15
25 15
25 16
26 16
27 16
27 17
26 17
25 17
24 17
23 17
24 17
23 17
23 18
23 17
23 18
23 17
23 18
23 17
23 16
23 15
23 14
23 15
23 16
24 16
24 17
23 17
24 17
25 17
25 18
24 18
24 17
23 17
22 17
22 18
23 18
24 18
23 18
24 18
23 18
23 19
24 19
25 19
26 19
26 18
26 17
26 18
25 18
26 18
26 17
27 17
28 17
28 18
29 18
28 18
28 19
28 18
29 18
30 18
30 17
31 17
32 17
32 18
31 18
30 18
31 18
32 18
32 17
33 17
34 17
34 18
34 17
34 16
35 16
35 15
35 14
34 14
33 14
34 14
34 15
34 14
33 14
32 14
32 13
32 12
31 12
32 12
32 13
33 13
32 13
33 13
32 13
31 13
31 14
30 14
29 14
29 15
29 14
29 15
28 15
28 14
27 14
27 15
28 15
28 14
28 13
29 13
29 12
30 12
31 12
32 12
33 12
34 12
35 12
35 13
35 14
35 13
36 13
36 14
37 14
36 14
37 14
38 14
37 14
37 13
38 13
38 12
38 11
39 11
39 10
39 9
38 9
38 10
38 9
37 9
38 9
38 10
38 11
38 10
39 10
39 9
40 9
40 10
39 10
39 11
39 12
40 12
40 13
40 14
40 13
41 13
41 12
41 13
41 14
41 15
40 15
41 15
41 14
41 13
41 14
42 14
42 13
42 12
42 11
43 11
44 11
43 11
43 12
43 13
44 13
45 13
45 12
45 11
44 11
45 11
46 11
46 10
46 11
47 11
47 12
47 13
46 13
47 13
47 12
46 12
45 12
45 11
45 12
45 11
46 11
45 11
46 11
45 11
46 11
45 11
44 11
45 11
44 11
43 11
44 11
44 10
45 10
45 9
46 9
46 8
45 8
44 8
44 7
44 8
45 8
44 8
44 9
43 9
43 8
42 8
43 8
43 7
43 8
44 8
44 7
45 7
44 7
45 7
44 7
43 7
43 6
44 6
44 7
45 7
46 7
45 7
45 8
45 9
44 9
44 10
44 11
44 10
44 11
44 12
44 11
44 12
45 12
45 13
45 14
45 13
46 13
46 14
46 15
45 15
45 16
44 16
43 16
44 16
43 16
43 15
43 16
43 17
43 18
43 17
43 16
43 15
44 15
45 15
45 14
45 15
45 16
44 16
44 17
44 18
43 18
43 17
43 18
44 18
44 19
44 20
43 20
43 19
43 18
43 17
43 16
43 15
43 16
44 16
45 16
45 15
45 16
