0 0
1 0
0 0
0 1
1 1
1 2
1 1
2 1
2 2
2 1
3 1
2 1
3 1
2 1
1 1
1 2
2 2
1 2
1 3
1 2
2 2
3 2
3 1
3 0
3 1
3 0
4 0
3 0
3 1
4 1
5 1
4 1
4 0
4 1
5 1
5 2
5 3
5 2
4 2
4 1
5 1
5 2
6 2
6 3
7 3
6 3
6 4
7 4
7 5
7 6
7 5
8 5
8 4
7 4
6 4
6 3
7 3
7 4
7 5
7 6
8 6
8 7
8 8
9 8
9 7
9 8
8 8
8 9
9 9
9 10
9 11
9 12
9 11
9 12
9 13
10 13
11 13
11 14
11 13
11 12
10 12
10 13
10 12
9 12
10 12
10 11
11 11
10 11
11 11
11 12
12 12
12 13
12 14
13 14
13 13
13 14
14 14
15 14
16 14
16 13
15 13
16 13
15 13
14 13
15 13
15 14
14 14
14 15
14 14
14 13
14 14
14 15
14 14
14 13
15 13
16 13
16 12
16 11
16 12
16 11
15 11
15 10
14 10
15 10
15 9
15 10
15 11
15 12
15 11
14 11
14 10
13 10
14 10
14 11
13 11
13 10
13 11
13 10
13 9
14 9
14 8
15 8
15 7
14 7
14 8
15 8
14 8
15 8
15 9
14 9
15 9
15 10
15 11
15 10
15 11
15 12
14 12
13 12
12 12
13 12
13 11
14 11
14 10
15 10
15 9
15 8
15 9
14 9
14 10
15 10
16 10
17 10
16 10
16 9
16 10
16 9
15 9
15 8
16 8
17 8
17 9
18 9
18 8
18 7
18 8
17 8
16 8
17 8
17 7
17 6
17 7
17 8
17 9
18 9
17 9
16 9
17 9
17 10
18 10
18 9
18 10
17 10
17 11
18 11
18 10
19 10
18 10
19 10
19 11
20 11
20 12
21 12
21 11
21 12
21 13
20 13
20 12
20 13
20 14
20 13
19 13
20 13
21 13
21 14
22 14
21 14
20 14
20 13
20 14
20 13
20 12
20 11
21 11
21 10
22 10
22 11
23 11
22 11
22 12
23 12
24 12
24 13
24 14
23 14
24 14
25 14
24 14
25 14
24 14
24 15
23 15
22 15
22 16
22 15
21 15
20 15
19 15
19 14
19 13
20 13
20 12
21 12
22 12
21 12
20 12
19 12
19 13
18 13
19 13
19 14
19 15
18 15
18 14
19 14
19 15
18 15
18 16
18 17
18 18
18 17
18 18
18 19
17 19
17 18
17 19
16 19
17 19
17 20
17 21
16 21
17 21
16 21
16 22
15 22
15 21
15 20
15 19
14 19
14 18
13 18
12 18
12 19
12 20
13 20
13 19
14 19
13 19
13 18
12 18
12 17
12 18
11 18
12 18
13 18
14 18
14 19
14 20
14 21
15 21
14 21
14 20
13 20
14 20
13 20
13 21
13 20
13 21
13 22
14 22
15 22
14 22
15 22
15 23
15 24
15 25
15 26
14 26
15 26
14 26
14 25
15 25
15 26
16 26
17 26
17 25
18 25
18 26
17 26
17 25
17 24
17 23
18 23
19 23
20 23
19 23
19 24
18 24
18 25
17 25
17 24
16 24
17 24
16 24
16 25
16 24
17 24
17 23
18 23
18 24
17 24
16 24
16 23
16 22
16 23
16 22
16 23
15 23
15 22
15 23
14 23
13 23
14 23
15 23
16 23
16 24
17 24
16 24
16 23
17 23
17 22
18 22
18 21
18 20
17 20
17 19
17 20
16 20
15 20
16 20
15 20
16 20
15 20
15 19
15 20
15 19
15 20
15 21
15 20
15 19
15 18
16 18
16 19
17 19
18 19
17 19
17 20
18 20
18 19
18 18
18 19
17 19
17 18
18 18
19 18
20 18
21 18
22 18
22 17
22 18
23 18
23 19
24 19
24 18
23 18
23 17
23 18
23 19
23 20
24 20
25 20
25 21
24 21
24 22
25 22
24 22
24 23
25 23
24 23
24 24
24 23
23 23
23 24
24 24
24 25
25 25
25 24
24 24
23 24
23 25
22 25
22 26
23 26
24 26
23 26
23 25
22 25
22 24
23 24
23 23
24 23
23 23
23 24
23 25
22 25
21 25
21 26
20 26
21 26
20 26
21 26
22 26
23 26
23 27
23 26
22 26
23 26
23 25
23 24
23 23
23 22
23 21
24 21
23 21
23 20
23 21
24 21
24 22
24 23
24 22
25 22
24 22
23 22
24 22
24 23
25 23
26 23
26 24
26 25
26 24
25 24
26 24
26 25
26 26
26 27
26 26
26 25
27 25
27 24
28 24
27 24
27 25
26 25
27 25
26 25
26 26
27 26
27 27
28 27
28 28
28 29
27 29
28 29
28 28
27 28
27 27
27 28
26 28
25 28
25 27
25 26
25 27
25 26
24 26
23 26
24 26
23 26
23 25
24 25
24 24
24 23
25 23
26 23
26 22
25 22
25 23
25 24
26 24
25 24
25 23
26 23
26 24
27 24
27 25
26 25
25 25
24 25
24 26
24 25
23 25
23 24
23 25
24 25
24 26
23 26
23 27
23 26
22 26
22 25
21 25
20 25
20 26
20 27
19 27
18 27
18 28
18 29
18 30
19 30
18 30
18 29
18 30
19 30
18 30
18 31
17 31
18 31
18 30
18 29
18 28
19 28
19 29
20 29
20 30
21 30
20 30
20 31
19 31
19 32
18 32
18 31
19 31
18 31
17 31
17 30
18 30
18 29
17 29
18 29
17 29
16 29
16 30
17 30
17 29
18 29
18 28
17 28
17 27
18 27
17 27
18 27
19 27
19 28
19 27
18 27
19 27
19 28
19 29
18 29
18 30
18 29
17 29
17 30
18 30
18 29
18 30
18 31
19 31
19 32
19 31
18 31
17 31
17 30
18 30
19 30
19 29
19 28
19 29
19 30
18 30
17 30
18 30
19 30
18 30
17 30
17 29
18 29
18 30
18 31
18 32
18 31
19 31
19 32
19 33
18 33
18 32
19 32
19 31
20 31
21 31
22 31
21 31
20 31
19 31
20 31
21 31
21 30
21 31
21 32
20 32
20 31
20 30
20 29
20 30
20 31
19 31
19 32
19 33
19 34
19 35
18 35
17 35
18 35
17 35
18 35
19 35
18 35
17 35
16 35
15 35
14 35
14 34
14 35
14 36
14 35
15 35
15 36
14 36
14 37
15 37
15 38
14 38
14 39
15 39
16 39
16 40
16 39
15 39
15 40
14 40
14 39
15 39
15 38
15 39
16 39
17 39
17 38
17 37
17 36
17 35
16 35
17 35
16 35
16 34
15 34
15 33
15 34
14 34
14 35
13 35
13 34
13 33
13 32
13 33
13 34
13 35
14 35
14 36
13 36
13 37
13 36
14 36
13 36
14 36
14 35
14 36
14 37
14 38
13 38
13 37
13 38
13 37
13 38
13 39
13 40
12 40
12 39
12 40
12 39
13 39
14 39
14 40
13 40
14 40
15 40
15 39
15 40
15 41
16 41
16 40
15 40
14 40
13 40
14 40
14 39
14 38
14 37
13 37
13 36
13 35
13 36
13 37
13 38
13 39
14 39
13 39
12 39
12 40
12 41
12 40
13 40
13 41
13 40
13 39
12 39
12 38
11 38
11 37
11 38
11 37
12 37
13 37
12 37
11 37
12 37
11 37
12 37
13 37
13 36
14 36
14 37
14 38
14 39
14 40
15 40
15 39
16 39
16 38
16 37
16 36
15 36
16 36
17 36
17 37
17 36
17 35
17 34
17 35
18 35
18 36
19 36
19 37
19 38
18 38
18 37
18 36
17 36
18 36
18 35
18 36
18 37
18 38
18 37
19 37
20 37
21 37
20 37
20 36
20 37
19 37
18 37
19 37
20 37
20 36
20 37
19 37
18 37
19 37
19 38
19 37
20 37
21 37
20 37
20 38
19 38
18 38
17 38
16 38
16 39
16 38
17 38
17 37
16 37
17 37
17 38
17 39
17 40
17 39
17 38
17 37
16 37
16 38
16 39
15 39
15 40
14 40
14 41
13 41
12 41
12 42
11 42
11 41
11 42
11 41
11 42
11 41
10 41
10 42
9 42
10 42
11 42
11 43
10 43
10 42
10 43
10 44
10 43
9 43
10 43
9 43
8 43
7 43
7 42
8 42
8 43
8 44
7 44
8 44
7 44
7 43
8 43
7 43
8 43
8 42
9 42
8 42
8 43
8 42
7 42
7 41
6 41
7 41
7 40
7 41
8 41
9 41
9 40
8 40
8 41
8 42
8 43
8 44
7 44
6 44
6 43
5 43
5 44
5 43
5 44
6 44
6 43
6 44
6 43
7 43
8 43
8 42
8 41
8 40
8 39
8 38
7 38
7 37
6 37
5 37
5 38
4 38
4 39
3 39
2 39
2 38
3 38
2 38
2 39
1 39
1 40
0 40
0 39
1 39
0 39
0 40
1 40
