0 0
0 1
1 1
1 2
1 3
0 3
1 3
2 3
2 2
2 3
1 3
2 3
2 2
2 1
1 1
1 0
2 0
2 1
1 1
2 1
3 1
2 1
3 1
2 1
1 1
2 1
2 2
2 1
3 1
3 2
2 2
2 1
2 0
2 1
3 1
2 1
2 0
3 0
3 1
2 1
3 1
4 1
5 1
6 1
7 1
8 1
8 2
7 2
6 2
5 2
5 1
4 1
5 1
4 1
4 0
4 1
4 2
5 2
5 3
5 4
5 5
6 5
6 4
6 5
5 5
5 4
6 4
5 4
5 5
6 5
6 6
5 6
5 5
4 5
4 6
3 6
3 7
4 7
5 7
6 7
7 7
8 7
9 7
10 7
9 7
9 8
8 8
7 8
7 7
7 6
7 5
6 5
7 5
6 5
6 6
6 7
6 6
6 5
5 5
5 6
5 5
5 6
5 5
4 5
5 5
4 5
4 6
3 6
3 5
2 5
2 6
3 6
2 6
2 5
1 5
2 5
3 5
2 5
2 4
2 5
2 4
1 4
0 4
1 4
0 4
0 5
1 5
0 5
0 6
1 6
0 6
0 5
1 5
2 5
2 4
2 5
2 6
2 5
1 5
1 4
0 4
0 3
0 2
0 1
0 2
1 2
1 1
1 0
0 0
1 0
2 0
2 1
3 1
3 0
3 1
2 1
1 1
1 0
1 1
0 1
1 1
2 1
2 0
1 0
1 1
1 2
2 2
2 1
2 2
3 2
3 1
4 1
5 1
6 1
6 0
6 1
6 0
5 0
5 1
5 2
5 3
6 3
5 3
4 3
4 2
3 2
4 2
4 3
4 4
5 4
4 4
4 5
5 5
5 6
6 6
7 6
7 5
6 5
6 4
7 4
7 3
8 3
8 4
7 4
7 5
7 6
7 5
7 4
7 5
8 5
7 5
7 6
6 6
6 5
6 6
6 7
5 7
5 6
5 5
5 4
5 5
5 6
5 5
5 4
4 4
4 3
4 4
5 4
4 4
4 5
5 5
5 4
5 5
4 5
4 4
4 5
4 6
3 6
4 6
4 7
5 7
6 7
5 7
5 8
5 9
6 9
6 10
5 10
6 10
6 11
6 12
6 11
6 12
6 11
6 10
6 11
6 10
6 11
5 11
4 11
4 10
4 9
3 9
4 9
3 9
3 10
2 10
2 9
3 9
3 10
3 9
2 9
2 8
2 9
2 8
1 8
1 7
1 8
0 8
1 8
1 9
0 9
1 9
1 8
0 8
1 8
1 9
1 8
0 8
0 7
0 6
1 6
1 5
0 5
1 5
0 5
1 5
2 5
2 6
1 6
2 6
2 5
2 4
2 5
2 4
2 5
2 4
1 4
2 4
1 4
2 4
2 3
3 3
3 4
3 3
3 2
3 1
3 0
3 1
2 1
3 1
4 1
3 1
3 2
3 1
4 1
4 0
5 0
5 1
5 0
4 0
4 1
4 2
5 2
5 1
6 1
6 2
7 2
7 1
6 1
6 2
6 3
6 2
6 1
7 1
7 0
7 1
7 2
6 2
5 2
5 3
6 3
5 3
4 3
5 3
4 3
4 2
5 2
5 1
6 1
6 2
6 3
6 4
5 4
6 4
5 4
4 4
4 3
5 3
6 3
7 3
7 2
6 2
6 3
5 3
4 3
5 3
5 2
5 1
4 1
3 1
2 1
1 1
0 1
1 1
1 0
1 1
1 0
1 1
1 2
2 2
2 1
1 1
1 0
1 1
2 1
2 2
2 3
1 3
1 4
1 5
1 4
2 4
1 4
2 4
3 4
2 4
1 4
2 4
1 4
1 3
1 4
1 3
1 2
0 2
1 2
0 2
0 1
0 0
1 0
1 1
1 2
1 1
0 1
0 0
1 0
1 1
1 2
1 1
1 0
0 0
1 0
1 1
1 0
1 1
0 1
1 1
1 0
0 0
1 0
2 0
2 1
1 1
1 2
1 1
2 1
3 1
2 1
3 1
2 1
2 0
2 1
1 1
1 0
0 0
0 1
1 1
0 1
1 1
0 1
0 0
0 1
0 2
0 1
0 0
1 0
1 1
0 1
0 2
0 3
1 3
0 3
1 3
2 3
3 3
3 4
2 4
1 4
1 3
1 2
2 2
3 2
4 2
3 2
2 2
3 2
2 2
1 2
1 3
2 3
2 2
2 3
2 2
1 2
2 2
3 2
3 3
3 2
4 2
5 2
4 2
5 2
4 2
3 2
4 2
5 2
5 3
5 4
4 4
3 4
4 4
3 4
2 4
2 5
3 5
4 5
5 5
5 4
6 4
5 4
4 4
3 4
3 3
4 3
5 3
5 4
5 3
5 4
5 5
5 4
5 5
5 6
6 6
6 5
6 6
7 6
7 7
7 6
8 6
9 6
8 6
8 5
8 6
8 7
7 7
8 7
8 6
7 6
7 7
8 7
8 6
9 6
9 7
10 7
11 7
10 7
10 6
10 7
10 6
9 6
9 5
8 5
9 5
9 6
10 6
10 5
10 4
9 4
9 5
9 4
9 3
9 4
8 4
9 4
8 4
8 5
8 4
8 3
8 4
9 4
9 3
9 4
9 3
9 2
8 2
8 3
8 4
9 4
9 5
9 4
9 3
8 3
7 3
7 2
7 3
7 2
6 2
7 2
7 1
8 1
9 1
9 2
10 2
10 1
9 1
10 1
10 2
10 3
10 2
9 2
9 3
9 2
8 2
8 3
7 3
7 2
8 2
9 2
9 1
9 2
10 2
11 2
12 2
12 3
12 2
13 2
14 2
14 3
15 3
16 3
16 4
16 5
15 5
16 5
15 5
15 6
15 7
14 7
13 7
14 7
14 8
15 8
15 7
15 8
14 8
14 7
14 8
14 9
13 9
13 10
12 10
11 10
11 11
10 11
10 12
10 13
10 14
10 15
11 15
11 14
11 15
11 14
11 13
10 13
11 13
11 14
12 14
11 14
10 14
10 13
11 13
12 13
13 13
13 14
13 13
14 13
14 12
15 12
15 11
14 11
15 11
16 11
16 12
16 13
17 13
17 14
17 15
16 15
17 15
17 16
16 16
17 16
17 17
17 18
16 18
16 19
17 19
17 20
16 20
16 21
16 20
16 21
16 22
16 23
17 23
18 23
19 23
19 22
18 22
19 22
18 22
17 22
16 22
17 22
18 22
18 21
18 20
19 20
19 19
20 19
20 18
20 19
21 19
20 19
20 20
20 19
19 19
19 18
19 19
18 19
17 19
17 18
17 17
17 16
17 17
17 16
18 16
19 16
19 15
18 15
18 16
18 17
17 17
18 17
18 18
17 18
18 18
18 17
18 18
18 19
18 18
19 18
18 18
19 18
19 19
19 20
19 19
19 20
19 19
20 19
21 19
21 18
21 19
21 18
21 17
21 18
22 18
21 18
20 18
20 17
20 16
19 16
19 15
18 15
17 15
17 14
18 14
18 15
18 16
17 16
17 15
17 16
17 17
17 18
17 19
16 19
16 18
17 18
17 19
17 20
17 19
17 20
17 19
17 18
17 19
16 19
17 19
18 19
18 18
19 18
19 19
18 19
18 20
18 19
17 19
18 19
18 20
18 19
19 19
18 19
18 20
18 19
18 18
19 18
19 17
18 17
19 17
19 16
19 15
20 15
19 15
18 15
18 16
19 16
20 16
19 16
18 16
19 16
18 16
17 16
18 16
19 16
19 15
20 15
19 15
20 15
19 15
19 14
18 14
18 15
18 16
19 16
18 16
17 16
16 16
16 17
15 17
14 17
13 17
12 17
12 16
12 17
12 16
12 17
11 17
12 17
11 17
10 17
11 17
12 17
12 18
13 18
13 19
14 19
15 19
16 19
16 20
15 20
15 21
16 21
17 21
18 21
19 21
20 21
20 22
20 23
20 22
20 21
21 21
21 20
20 20
20 21
19 21
19 20
19 19
20 19
20 18
20 17
21 17
22 17
21 17
20 17
19 17
19 18
20 18
21 18
20 18
21 18
20 18
19 18
18 18
17 18
18 18
18 17
18 16
17 16
17 17
17 16
18 16
18 17
19 17
20 17
21 17
22 17
21 17
20 17
20 16
19 16
19 15
19 16
19 17
18 17
18 16
18 15
19 15
20 15
21 15
20 15
19 15
18 15
17 15
18 15
17 15
17 16
17 17
17 18
17 19
17 20
18 20
19 20
19 21
18 21
17 21
16 21
16 22
16 23
17 23
16 23
16 24
15 24
16 24
16 25
15 25
15 26
16 26
15 26
15 25
15 26
15 25
15 26
14 26
14 27
14 28
13 28
12 28
12 27
12 26
11 26
10 26
10 27
11 27
11 28
12 28
11 28
11 27
10 27
9 27
8 27
7 27
7 28
7 29
7 28
6 28
6 27
7 27
7 28
6 28
7 28
8 28
8 29
7 29
6 29
6 30
7 30
7 29
7 30
7 31
8 31
7 31
7 32
