0 0
0 1
1 1
1 2
1 1
1 2
2 2
1 2
1 1
2 1
2 0
2 1
1 1
1 0
1 1
0 1
1 1
1 2
0 2
0 1
1 1
1 2
2 2
1 2
1 1
2 1
3 1
3 0
3 1
3 2
4 2
4 3
5 3
4 3
4 2
4 1
4 0
4 1
4 2
3 2
3 1
3 2
2 2
1 2
1 1
0 1
0 0
0 1
1 1
1 0
0 0
1 0
1 1
1 2
0 2
0 1
1 1
1 2
0 2
0 3
0 2
0 1
0 2
1 2
2 2
3 2
2 2
2 3
2 4
1 4
1 5
1 6
1 7
1 8
1 9
2 9
1 9
0 9
0 10
1 10
2 10
1 10
2 10
2 9
1 9
0 9
0 8
0 9
1 9
2 9
1 9
1 8
1 7
1 8
2 8
2 9
2 8
1 8
1 9
1 8
1 9
2 9
2 10
1 10
1 9
0 9
0 10
1 10
0 10
0 9
0 10
0 9
0 10
0 9
0 10
1 10
2 10
2 9
1 9
1 8
1 7
0 7
1 7
0 7
1 7
2 7
3 7
3 6
3 7
3 8
4 8
4 7
5 7
4 7
4 8
3 8
3 7
2 7
1 7
1 8
0 8
0 9
1 9
1 10
2 10
2 9
2 8
3 8
4 8
5 8
5 9
6 9
6 10
7 10
8 10
7 10
6 10
5 10
6 10
7 10
7 9
7 8
7 7
8 7
8 8
8 7
8 6
7 6
7 5
6 5
5 5
5 6
5 7
4 7
4 8
5 8
4 8
3 8
2 8
2 7
2 8
2 7
2 8
2 7
1 7
0 7
0 8
0 9
1 9
1 8
0 8
0 9
0 10
0 9
1 9
1 8
1 7
2 7
3 7
3 8
4 8
5 8
5 7
4 7
4 6
4 7
4 8
4 9
3 9
4 9
4 10
5 10
5 9
5 8
6 8
5 8
4 8
3 8
3 9
4 9
4 10
4 11
4 12
5 12
5 11
5 10
5 11
5 10
5 9
5 10
4 10
4 9
5 9
4 9
5 9
4 9
5 9
4 9
5 9
5 8
4 8
5 8
5 9
5 8
6 8
5 8
5 7
5 6
4 6
5 6
5 5
5 6
6 6
6 5
7 5
6 5
6 6
5 6
5 7
5 8
5 9
5 10
5 9
5 10
5 9
5 10
4 10
4 9
4 8
4 7
4 8
4 9
4 8
4 7
4 6
4 7
5 7
5 8
5 9
6 9
6 8
7 8
7 9
7 8
6 8
7 8
8 8
8 9
7 9
6 9
5 9
5 10
6 10
6 11
5 11
4 11
5 11
5 12
6 12
6 13
6 14
6 13
6 12
6 11
7 11
6 11
6 12
6 11
6 12
6 13
6 12
5 12
6 12
5 12
5 11
4 11
4 12
5 12
5 11
4 11
5 11
5 10
5 9
5 8
6 8
6 9
6 10
6 9
6 10
6 9
6 10
7 10
7 9
6 9
5 9
5 10
6 10
6 11
7 11
6 11
7 11
6 11
6 10
6 9
5 9
5 10
4 10
4 11
5 11
4 11
3 11
3 10
2 10
2 9
2 10
3 10
2 10
2 9
3 9
2 9
3 9
3 10
3 11
4 11
3 11
2 11
1 11
0 11
1 11
1 12
0 12
1 12
1 11
2 11
3 11
3 12
2 12
2 11
2 12
2 13
1 13
1 12
2 12
2 13
2 12
1 12
1 13
1 12
1 11
0 11
1 11
0 11
0 10
0 11
1 11
1 12
2 12
2 13
3 13
3 14
3 15
2 15
3 15
3 16
3 17
4 17
4 18
4 19
3 19
3 18
3 17
3 18
4 18
4 19
4 20
4 21
4 22
4 21
4 20
4 19
3 19
3 20
3 19
4 19
5 19
5 18
5 17
5 16
5 15
5 16
6 16
5 16
5 17
5 18
6 18
6 19
7 19
7 18
7 19
7 18
6 18
7 18
6 18
7 18
7 19
6 19
6 20
7 20
8 20
8 21
9 21
9 20
8 20
9 20
9 21
10 21
10 22
9 22
9 23
8 23
9 23
9 24
9 25
8 25
9 25
9 24
9 25
9 26
10 26
9 26
9 27
9 26
8 26
8 27
8 28
7 28
7 27
7 28
8 28
9 28
9 27
8 27
8 26
8 27
8 26
9 26
9 25
9 24
9 23
10 23
11 23
11 24
12 24
12 23
13 23
13 22
13 23
13 24
12 24
11 24
10 24
10 25
10 26
10 27
11 27
12 27
12 28
12 29
12 28
12 27
11 27
12 27
12 26
13 26
14 26
14 27
14 26
13 26
14 26
14 27
14 26
13 26
14 26
13 26
14 26
14 27
14 28
15 28
14 28
14 29
14 28
15 28
15 29
14 29
14 28
15 28
14 28
15 28
15 29
15 28
16 28
15 28
16 28
16 29
15 29
15 28
16 28
16 27
15 27
15 28
16 28
16 27
16 28
16 29
16 30
16 31
17 31
17 32
17 31
18 31
18 30
18 29
17 29
18 29
19 29
18 29
18 30
19 30
19 29
19 28
19 29
18 29
19 29
20 29
21 29
22 29
21 29
21 30
22 30
23 30
24 30
24 29
23 29
24 29
23 29
23 28
22 28
22 29
22 28
22 27
22 26
22 27
22 28
22 27
23 27
23 28
23 27
22 27
21 27
22 27
22 26
21 26
22 26
23 26
24 26
25 26
26 26
26 27
27 27
28 27
29 27
29 28
29 27
30 27
31 27
32 27
33 27
32 27
32 28
33 28
33 27
32 27
32 26
32 27
32 26
32 27
32 28
33 28
32 28
33 28
33 27
33 26
34 26
35 26
35 27
36 27
37 27
36 27
37 27
36 27
36 28
36 27
36 26
35 26
35 27
36 27
37 27
36 27
37 27
36 27
37 27
36 27
36 26
37 26
37 27
38 27
37 27
37 26
37 27
36 27
35 27
35 28
34 28
33 28
33 29
34 29
34 28
35 28
35 27
36 27
36 28
37 28
38 28
37 28
37 29
36 29
37 29
37 28
37 27
36 27
36 26
36 25
36 26
35 26
35 27
36 27
36 28
37 28
37 29
36 29
35 29
35 30
34 30
35 30
35 29
35 30
34 30
34 29
34 30
35 30
35 29
34 29
33 29
32 29
32 28
32 29
33 29
33 30
33 29
33 30
34 30
34 31
35 31
36 31
36 30
36 29
37 29
37 28
37 27
37 28
37 27
36 27
35 27
35 28
35 27
34 27
35 27
35 28
34 28
34 27
33 27
34 27
34 26
33 26
33 27
33 26
33 25
34 25
34 26
34 27
34 26
34 25
34 26
33 26
33 25
33 26
33 27
33 26
33 27
34 27
34 28
34 29
34 28
33 28
32 28
33 28
34 28
34 29
33 29
32 29
32 30
33 30
33 31
33 30
34 30
34 31
35 31
35 32
35 33
35 34
36 34
35 34
36 34
37 34
38 34
38 35
39 35
38 35
39 35
39 36
39 37
39 36
38 36
37 36
37 37
36 37
36 38
37 38
37 37
38 37
37 37
37 36
38 36
38 35
39 35
40 35
39 35
39 34
39 35
40 35
40 34
40 33
39 33
38 33
39 33
40 33
40 34
40 35
39 35
39 36
38 36
37 36
37 37
36 37
35 37
35 36
36 36
36 37
37 37
37 36
38 36
38 37
37 37
37 36
36 36
36 35
35 35
36 35
36 34
37 34
38 34
39 34
39 35
39 36
39 37
39 36
40 36
40 35
40 34
41 34
42 34
42 35
42 36
43 36
42 36
42 35
43 35
43 36
43 35
43 34
42 34
42 35
42 36
41 36
41 35
42 35
41 35
42 35
43 35
42 35
42 36
42 37
42 38
42 37
42 36
42 35
41 35
42 35
42 36
42 37
41 37
42 37
43 37
43 38
42 38
42 39
43 39
43 38
43 39
43 38
44 38
44 39
44 40
45 40
46 40
46 39
46 40
45 40
44 40
44 41
43 41
44 41
45 41
46 41
46 42
47 42
47 43
46 43
46 44
47 44
48 44
48 43
48 44
49 44
49 43
48 43
47 43
47 44
46 44
47 44
46 44
46 45
46 44
47 44
46 44
46 43
47 43
47 42
48 42
49 42
48 42
48 41
48 42
48 41
48 40
47 40
47 41
47 40
48 40
47 40
47 39
46 39
46 38
46 37
45 37
45 36
46 36
45 36
44 36
44 35
43 35
44 35
43 35
43 34
43 35
44 35
43 35
42 35
41 35
42 35
42 36
43 36
43 35
43 36
44 36
45 36
44 36
44 35
44 34
45 34
45 35
45 34
45 33
46 33
46 34
47 34
46 34
46 35
46 36
47 36
47 35
47 36
47 35
46 35
45 35
44 35
43 35
43 36
44 36
43 36
42 36
42 37
42 36
41 36
40 36
41 36
40 36
40 37
39 37
38 37
39 37
39 38
38 38
38 39
38 38
37 38
37 39
36 39
36 40
35 40
