0 0
0 1
1 1
1 0
2 0
2 1
1 1
2 1
2 0
2 1
2 2
2 3
1 3
2 3
3 3
3 2
3 3
4 3
4 4
3 4
3 5
2 5
2 6
1 6
2 6
3 6
4 6
5 6
6 6
6 5
7 5
7 4
7 3
7 4
8 4
8 3
7 3
7 2
6 2
6 3
6 4
6 5
5 5
6 5
7 5
6 5
5 5
4 5
3 5
2 5
2 6
2 7
3 7
4 7
3 7
3 8
4 8
5 8
6 8
6 7
7 7
8 7
9 7
9 6
8 6
9 6
8 6
9 6
10 6
10 5
11 5
11 4
11 3
11 4
10 4
11 4
10 4
11 4
10 4
11 4
10 4
10 5
10 6
11 6
11 7
11 6
11 7
12 7
12 8
13 8
13 7
12 7
13 7
14 7
15 7
15 6
16 6
16 5
17 5
17 6
16 6
17 6
18 6
18 7
19 7
20 7
20 8
21 8
21 7
21 8
22 8
22 9
23 9
23 10
22 10
22 11
22 12
21 12
21 13
21 12
22 12
22 13
22 14
21 14
22 14
22 15
22 14
21 14
20 14
20 15
19 15
18 15
19 15
18 15
17 15
17 14
18 14
17 14
17 13
17 12
17 13
16 13
16 12
16 13
16 14
15 14
14 14
14 15
15 15
16 15
16 14
16 15
16 16
15 16
14 16
14 17
14 18
14 19
15 19
14 19
14 18
14 19
14 18
15 18
16 18
17 18
17 17
18 17
17 17
17 16
16 16
16 15
16 14
16 13
16 14
16 15
17 15
16 15
16 16
16 15
16 14
15 14
15 15
14 15
13 15
13 16
13 15
13 14
14 14
13 14
14 14
14 15
15 15
16 15
15 15
15 16
16 16
15 16
16 16
15 16
14 16
14 15
14 16
13 16
13 17
13 16
12 16
12 17
12 16
11 16
12 16
12 17
12 16
12 15
13 15
12 15
12 16
12 15
13 15
14 15
14 14
14 15
13 15
14 15
14 16
13 16
13 15
13 16
13 15
13 14
13 13
13 12
13 11
13 10
13 11
13 12
13 11
12 11
12 12
12 13
12 14
12 15
12 16
12 17
12 18
12 19
13 19
12 19
12 18
12 19
11 19
12 19
12 20
13 20
13 21
13 20
13 19
13 20
12 20
11 20
10 20
9 20
10 20
10 19
10 18
10 17
10 18
10 19
10 20
9 20
10 20
9 20
9 21
9 20
10 20
10 19
10 20
10 19
11 19
12 19
11 19
10 19
9 19
9 20
9 19
8 19
9 19
10 19
10 18
9 18
9 17
9 16
8 16
8 17
9 17
8 17
8 18
9 18
10 18
9 18
10 18
11 18
10 18
9 18
9 19
9 20
8 20
7 20
7 19
6 19
6 20
6 19
6 20
6 19
6 18
6 17
5 17
6 17
5 17
5 18
5 19
5 20
6 20
6 21
5 21
4 21
4 22
5 22
5 23
4 23
5 23
5 24
5 23
4 23
4 24
4 25
4 26
4 25
3 25
3 26
2 26
2 25
2 24
2 25
2 24
2 25
2 26
2 25
2 26
3 26
4 26
5 26
4 26
5 26
4 26
3 26
3 27
2 27
2 26
1 26
1 25
0 25
0 24
1 24
0 24
1 24
0 24
0 23
1 23
0 23
0 24
1 24
1 25
2 25
1 25
2 25
1 25
2 25
1 25
1 24
2 24
2 23
3 23
3 24
4 24
5 24
5 25
5 26
5 27
5 26
5 27
6 27
5 27
4 27
4 28
3 28
3 27
4 27
4 26
5 26
5 25
5 24
5 23
4 23
4 22
3 22
3 23
3 24
4 24
4 23
4 24
3 24
3 25
4 25
3 25
3 24
4 24
4 25
5 25
5 26
5 27
6 27
6 26
5 26
5 25
6 25
6 26
5 26
5 27
5 28
4 28
4 29
4 28
5 28
5 27
6 27
6 28
6 29
6 30
5 30
6 30
5 30
6 30
6 29
7 29
8 29
8 30
7 30
6 30
6 29
6 28
7 28
7 27
7 28
7 29
6 29
5 29
5 28
5 27
4 27
4 26
4 27
3 27
4 27
4 28
3 28
2 28
3 28
3 27
4 27
4 28
5 28
4 28
5 28
4 28
4 27
4 26
4 27
4 28
3 28
4 28
4 27
4 26
4 27
3 27
2 27
3 27
2 27
2 26
3 26
4 26
3 26
3 27
4 27
4 26
5 26
5 27
4 27
5 27
5 26
5 27
5 26
5 25
5 24
5 25
5 24
5 25
5 26
5 25
5 24
5 23
5 24
5 25
4 25
4 26
5 26
5 27
5 28
5 27
5 26
6 26
5 26
4 26
3 26
2 26
1 26
1 27
1 28
1 29
2 29
2 28
1 28
2 28
3 28
3 29
4 29
4 30
3 30
3 29
3 28
4 28
5 28
5 27
6 27
7 27
7 26
7 27
6 27
6 28
6 29
5 29
5 30
5 31
5 32
5 33
6 33
5 33
5 32
4 32
4 31
4 30
3 30
3 31
3 32
2 32
2 31
1 31
0 31
0 32
0 31
1 31
1 30
0 30
0 31
0 30
0 29
0 30
0 31
0 30
0 31
0 30
1 30
1 29
1 28
1 29
2 29
1 29
2 29
2 30
2 31
3 31
3 30
4 30
4 31
3 31
3 32
2 32
2 33
1 33
1 34
1 35
0 35
0 34
1 34
1 33
1 32
1 33
0 33
1 33
2 33
2 32
1 32
1 33
2 33
2 34
2 35
2 36
2 35
1 35
1 36
0 36
0 35
0 34
0 35
1 35
0 35
1 35
1 34
1 33
2 33
1 33
1 32
1 33
1 34
1 35
0 35
1 35
0 35
1 35
2 35
1 35
2 35
2 36
3 36
3 35
2 35
3 35
3 36
4 36
3 36
2 36
2 37
2 38
1 38
0 38
0 39
0 40
0 39
1 39
0 39
1 39
0 39
1 39
2 39
2 38
2 37
2 36
2 37
2 38
2 39
1 39
2 39
3 39
3 40
2 40
1 40
1 41
1 42
2 42
2 41
2 40
2 39
3 39
4 39
5 39
4 39
4 38
4 39
5 39
5 38
4 38
5 38
6 38
5 38
5 37
6 37
7 37
6 37
7 37
6 37
6 38
7 38
6 38
5 38
4 38
4 39
5 39
6 39
5 39
4 39
5 39
5 38
5 39
4 39
4 40
5 40
4 40
5 40
6 40
6 41
6 42
6 41
5 41
6 41
6 42
5 42
5 43
6 43
7 43
7 42
7 41
6 41
6 40
5 40
4 40
4 39
4 38
4 39
5 39
5 40
5 41
6 41
5 41
5 40
6 40
5 40
5 41
5 40
5 39
6 39
6 38
6 37
6 38
5 38
5 39
5 38
4 38
5 38
6 38
6 39
5 39
4 39
5 39
5 40
4 40
5 40
5 41
6 41
5 41
4 41
5 41
5 42
5 41
5 40
5 39
6 39
6 40
6 39
7 39
8 39
8 38
8 37
7 37
6 37
6 36
5 36
4 36
5 36
4 36
5 36
5 37
4 37
4 38
4 37
3 37
3 36
2 36
3 36
3 37
4 37
4 38
5 38
5 37
5 36
5 37
6 37
6 36
6 37
7 37
8 37
8 38
8 39
8 38
7 38
8 38
9 38
8 38
8 39
8 38
8 37
8 38
9 38
8 38
8 37
8 38
8 39
8 38
8 39
7 39
7 38
7 37
6 37
5 37
6 37
6 36
5 36
5 37
5 36
6 36
7 36
7 37
7 36
7 37
6 37
6 38
6 39
6 38
5 38
4 38
4 39
5 39
5 38
5 37
5 36
5 35
5 34
5 35
4 35
3 35
4 35
3 35
4 35
3 35
4 35
4 34
5 34
6 34
6 33
6 32
6 31
6 30
6 31
6 32
5 32
4 32
4 31
4 32
5 32
4 32
4 33
4 34
4 35
3 35
3 36
3 37
4 37
5 37
5 38
5 39
4 39
4 40
5 40
4 40
4 39
3 39
3 38
3 39
3 40
3 39
2 39
1 39
1 38
1 37
1 36
0 36
0 37
0 38
0 37
0 38
0 39
0 38
1 38
2 38
3 38
4 38
4 39
4 38
3 38
2 38
2 37
2 36
2 37
3 37
3 36
4 36
4 35
3 35
3 36
4 36
3 36
2 36
2 37
2 38
2 39
2 38
2 39
3 39
3 38
3 39
2 39
3 39
3 38
3 37
3 36
2 36
2 35
2 34
2 35
2 36
2 35
3 35
3 34
3 33
3 34
3 35
3 36
2 36
2 37
2 36
2 35
1 35
0 35
1 35
1 36
1 35
1 36
2 36
3 36
3 35
3 36
3 35
3 36
3 35
2 35
1 35
1 34
0 34
1 34
0 34
0 33
1 33
2 33
1 33
2 33
2 32
2 33
2 34
2 35
2 34
2 33
2 32
2 33
3 33
4 33
3 33
3 34
3 35
3 34
4 34
4 33
