0 0
1 0
0 0
0 1
1 1
2 1
3 1
3 0
2 0
2 1
2 2
2 3
2 4
2 3
2 2
2 1
3 1
3 0
2 0
2 1
2 2
2 3
2 2
2 1
3 1
3 0
2 0
3 0
2 0
2 1
2 0
1 0
1 1
0 1
1 1
1 0
1 1
1 0
1 1
1 2
1 1
1 0
2 0
3 0
3 1
4 1
3 1
4 1
4 2
4 3
4 4
4 3
5 3
5 4
5 5
5 6
5 7
4 7
4 6
3 6
4 6
4 7
4 6
3 6
4 6
4 5
3 5
3 4
3 3
3 2
4 2
3 2
3 1
4 1
3 1
3 2
3 3
3 4
2 4
2 5
2 6
1 6
1 7
1 8
1 7
1 8
0 8
1 8
0 8
1 8
1 7
1 8
1 7
1 8
0 8
1 8
1 9
0 9
0 10
0 9
0 10
0 9
0 10
0 9
0 10
0 11
1 11
1 10
1 11
1 10
2 10
2 11
2 12
2 13
3 13
2 13
2 14
2 13
1 13
1 14
2 14
2 15
3 15
2 15
2 14
2 15
2 16
3 16
3 17
2 17
2 16
2 15
2 14
3 14
3 13
3 14
3 15
4 15
4 14
3 14
3 15
2 15
1 15
1 14
2 14
3 14
4 14
3 14
2 14
2 13
1 13
0 13
1 13
1 12
1 13
0 13
0 12
0 11
0 12
1 12
1 13
1 12
0 12
1 12
1 13
1 14
0 14
1 14
1 15
0 15
1 15
1 14
0 14
1 14
1 15
1 16
1 17
1 18
2 18
2 19
2 20
3 20
3 19
4 19
3 19
3 18
3 19
4 19
4 20
5 20
5 21
5 22
4 22
4 21
3 21
3 22
4 22
4 21
4 20
4 21
3 21
2 21
2 20
2 21
1 21
2 21
2 22
2 21
2 22
3 22
2 22
1 22
2 22
2 23
2 22
3 22
3 21
4 21
4 20
4 21
5 21
5 20
4 20
4 21
4 22
4 21
5 21
6 21
6 20
6 19
6 20
6 19
7 19
8 19
9 19
9 18
9 17
9 18
8 18
8 19
7 19
6 19
6 18
5 18
6 18
6 17
6 18
5 18
5 17
5 18
5 19
4 19
4 20
4 21
4 22
5 22
4 22
4 23
3 23
4 23
4 24
3 24
2 24
1 24
1 23
0 23
1 23
1 24
0 24
0 25
0 24
1 24
1 25
2 25
2 26
1 26
1 27
1 26
0 26
0 27
0 26
0 27
1 27
0 27
1 27
0 27
1 27
0 27
0 28
0 27
1 27
0 27
0 28
1 28
1 27
1 28
1 29
2 29
3 29
3 28
3 29
4 29
4 28
3 28
2 28
1 28
1 29
1 28
1 27
1 26
1 27
1 28
0 28
0 27
1 27
2 27
2 26
2 27
2 26
2 25
3 25
4 25
3 25
2 25
2 26
3 26
3 25
3 24
3 25
3 24
4 24
5 24
4 24
5 24
5 23
6 23
7 23
8 23
9 23
9 22
10 22
10 23
11 23
11 24
10 24
10 23
10 22
10 23
11 23
11 22
11 21
12 21
12 22
12 23
12 22
13 22
12 22
12 23
11 23
11 22
12 22
11 22
11 23
11 24
10 24
10 23
10 24
10 23
10 24
10 25
9 25
10 25
10 26
10 25
10 24
9 24
10 24
10 23
9 23
8 23
9 23
8 23
9 23
9 24
9 23
10 23
11 23
11 22
10 22
9 22
9 23
8 23
7 23
8 23
9 23
9 22
10 22
11 22
11 21
12 21
13 21
12 21
13 21
13 22
13 21
13 22
12 22
12 21
11 21
12 21
13 21
12 21
12 22
13 22
13 21
13 22
13 23
14 23
13 23
13 22
13 21
13 22
14 22
14 21
13 21
13 22
13 21
12 21
12 20
12 19
11 19
11 20
12 20
12 21
13 21
13 20
13 21
13 22
14 22
13 22
14 22
14 23
13 23
13 24
14 24
13 24
12 24
11 24
10 24
9 24
8 24
8 23
7 23
6 23
6 24
7 24
7 25
7 24
6 24
5 24
5 25
5 24
6 24
7 24
8 24
8 23
8 22
9 22
9 23
10 23
10 22
10 23
11 23
10 23
10 22
9 22
8 22
9 22
9 23
9 24
8 24
9 24
8 24
7 24
7 25
7 26
6 26
5 26
6 26
6 25
7 25
6 25
6 26
6 27
5 27
5 28
5 29
6 29
7 29
8 29
9 29
9 28
10 28
10 27
9 27
9 28
10 28
11 28
11 29
11 30
12 30
11 30
12 30
11 30
11 29
11 30
11 31
11 32
12 32
12 31
12 30
12 29
11 29
11 28
10 28
10 27
10 28
11 28
11 29
10 29
11 29
11 30
11 31
12 31
13 31
13 32
14 32
14 33
15 33
15 34
16 34
17 34
17 35
18 35
18 36
18 35
19 35
20 35
19 35
20 35
19 35
18 35
18 36
19 36
20 36
20 35
20 36
20 37
20 38
20 39
21 39
20 39
21 39
22 39
23 39
24 39
24 40
24 39
24 38
24 39
25 39
26 39
25 39
26 39
25 39
24 39
24 40
25 40
26 40
27 40
26 40
26 39
26 40
26 41
26 42
25 42
25 41
25 40
25 39
25 38
25 39
24 39
25 39
24 39
25 39
25 38
24 38
25 38
26 38
26 39
26 38
27 38
27 39
28 39
28 40
28 41
28 42
28 41
29 41
30 41
29 41
29 40
30 40
29 40
30 40
30 41
29 41
29 42
29 43
29 44
30 44
31 44
32 44
32 45
32 46
32 45
31 45
30 45
30 44
30 43
31 43
31 44
31 45
30 45
30 46
31 46
32 46
33 46
32 46
32 45
32 46
32 47
32 48
32 49
31 49
32 49
32 48
31 48
31 49
31 48
32 48
32 47
31 47
31 46
31 47
30 47
31 47
30 47
30 46
30 47
30 48
31 48
31 47
32 47
32 46
33 46
32 46
33 46
33 47
34 47
34 48
34 47
34 46
35 46
36 46
36 45
37 45
38 45
38 46
37 46
37 45
38 45
39 45
38 45
39 45
39 46
39 47
38 47
38 46
38 45
39 45
40 45
40 44
40 45
41 45
40 45
41 45
41 46
40 46
39 46
40 46
40 47
41 47
41 46
41 47
41 48
40 48
40 47
39 47
39 46
39 45
40 45
40 44
39 44
39 43
39 44
38 44
38 45
37 45
38 45
37 45
36 45
35 45
35 46
35 47
34 47
34 46
34 45
33 45
32 45
32 44
31 44
31 43
31 42
31 41
32 41
32 42
31 42
31 41
31 42
31 43
31 44
31 43
31 44
32 44
31 44
31 45
31 44
31 43
30 43
30 42
30 43
31 43
31 42
31 41
31 42
31 41
31 42
32 42
32 43
31 43
31 42
32 42
32 43
32 42
32 41
31 41
32 41
32 42
32 41
32 40
32 39
33 39
32 39
32 40
32 41
31 41
31 42
32 42
33 42
34 42
33 42
34 42
34 41
33 41
34 41
34 42
34 43
34 42
34 43
35 43
35 42
34 42
34 43
34 44
34 43
35 43
34 43
34 44
34 45
34 44
34 45
34 44
34 45
33 45
32 45
31 45
32 45
32 46
31 46
31 45
32 45
31 45
31 44
32 44
32 43
32 44
32 45
33 45
32 45
32 44
32 43
33 43
34 43
34 42
34 41
34 40
33 40
33 41
33 40
34 40
34 39
34 40
34 39
34 38
33 38
32 38
32 37
31 37
31 36
32 36
32 37
31 37
30 37
30 36
30 35
31 35
30 35
30 34
30 35
30 34
30 35
30 34
30 33
30 34
29 34
30 34
31 34
31 33
32 33
33 33
33 32
32 32
31 32
30 32
30 31
30 30
31 30
32 30
33 30
33 31
33 32
33 31
32 31
32 32
33 32
33 33
33 34
33 33
34 33
34 32
34 33
34 34
35 34
34 34
35 34
34 34
34 33
34 34
33 34
32 34
32 35
32 36
32 35
32 36
33 36
33 37
33 38
33 39
32 39
32 38
31 38
30 38
30 37
30 36
30 35
30 36
30 37
29 37
29 36
28 36
29 36
29 35
30 35
30 34
30 35
29 35
29 34
28 34
28 33
28 32
28 31
28 32
28 31
29 31
29 32
29 31
28 31
29 31
29 32
29 33
29 32
30 32
30 33
31 33
30 33
31 33
32 33
32 34
31 34
32 34
31 34
31 33
31 32
30 32
31 32
30 32
30 31
29 31
28 31
28 32
28 33
28 32
29 32
28 32
29 32
29 33
29 32
29 31
28 31
27 31
27 32
26 32
26 33
26 32
26 31
27 31
26 31
25 31
24 31
24 32
24 31
23 31
23 32
23 31
22 31
21 31
21 32
21 33
20 33
21 33
21 34
20 34
19 34
19 33
20 33
21 33
22 33
23 33
22 33
23 33
24 33
24 34
24 33
25 33
25 34
25 33
24 33
25 33
24 33
