0 0
0 1
1 1
2 1
2 2
2 3
3 3
4 3
4 2
3 2
4 2
5 2
5 1
5 2
4 2
4 3
4 4
4 3
4 4
5 4
4 4
3 4
3 5
2 5
2 6
2 5
2 4
2 3
2 2
3 2
2 2
2 3
2 2
3 2
3 3
2 3
1 3
2 3
3 3
3 4
4 4
5 4
5 3
6 3
6 4
5 4
5 3
5 4
5 5
5 6
4 6
4 7
3 7
3 6
2 6
2 5
2 4
2 5
2 6
1 6
2 6
1 6
1 7
1 8
2 8
1 8
0 8
0 7
0 8
0 9
1 9
1 10
2 10
3 10
4 10
5 10
5 11
6 11
5 11
5 10
4 10
4 11
5 11
5 12
6 12
6 11
7 11
8 11
8 12
8 11
8 10
7 10
6 10
6 9
7 9
8 9
8 8
8 7
8 8
8 9
8 8
8 7
8 6
8 5
8 6
8 5
8 4
9 4
9 5
8 5
7 5
6 5
7 5
7 4
6 4
7 4
7 3
8 3
9 3
9 4
8 4
8 3
9 3
9 4
9 3
9 4
9 3
9 4
8 4
9 4
9 5
9 6
9 5
9 6
9 5
8 5
8 4
9 4
9 5
9 6
10 6
11 6
10 6
11 6
10 6
10 7
10 8
10 7
10 6
9 6
8 6
7 6
6 6
6 5
6 6
7 6
7 5
8 5
8 6
8 7
8 6
8 5
8 4
9 4
9 3
10 3
10 4
11 4
10 4
9 4
9 5
9 6
10 6
10 7
11 7
10 7
9 7
8 7
8 6
9 6
9 5
9 4
10 4
10 3
10 2
10 3
10 2
9 2
9 3
9 4
10 4
11 4
12 4
12 3
13 3
14 3
14 4
14 3
14 4
13 4
12 4
13 4
12 4
12 5
12 6
12 5
12 6
13 6
13 7
12 7
12 6
12 5
12 6
12 7
11 7
11 6
11 7
11 8
10 8
10 9
10 8
9 8
9 7
8 7
8 8
7 8
6 8
7 8
7 7
7 6
7 5
7 4
7 3
6 3
6 4
7 4
6 4
6 5
6 6
6 7
6 6
6 5
7 5
7 4
7 3
7 4
6 4
7 4
7 5
7 4
8 4
8 3
8 4
7 4
6 4
6 3
6 4
5 4
5 3
5 4
5 3
4 3
4 4
3 4
2 4
3 4
3 3
3 2
3 3
3 2
3 1
2 1
2 2
1 2
1 1
1 2
1 1
0 1
1 1
2 1
2 2
3 2
4 2
5 2
4 2
4 3
4 2
5 2
4 2
3 2
3 1
3 0
4 0
3 0
2 0
3 0
3 1
4 1
4 2
4 1
5 1
5 2
5 1
6 1
6 2
5 2
5 3
6 3
6 2
7 2
7 1
7 2
6 2
5 2
5 3
5 2
5 1
4 1
3 1
3 0
2 0
3 0
4 0
4 1
4 0
5 0
5 1
6 1
7 1
6 1
6 0
6 1
5 1
4 1
3 1
2 1
1 1
1 0
0 0
1 0
2 0
3 0
2 0
1 0
0 0
0 1
1 1
1 2
2 2
2 1
3 1
4 1
5 1
5 0
5 1
4 1
4 0
4 1
4 2
4 1
4 2
5 2
6 2
6 3
6 4
6 5
7 5
7 4
7 3
7 4
7 3
6 3
7 3
6 3
6 4
6 5
6 6
7 6
6 6
7 6
7 5
6 5
6 4
6 5
6 6
5 6
6 6
5 6
4 6
4 7
3 7
2 7
2 6
3 6
2 6
3 6
2 6
1 6
1 5
1 4
1 5
1 4
2 4
1 4
0 4
1 4
0 4
1 4
1 5
2 5
2 6
1 6
0 6
0 7
0 6
1 6
1 5
0 5
1 5
2 5
3 5
3 4
4 4
4 3
5 3
6 3
7 3
8 3
7 3
6 3
7 3
6 3
6 4
7 4
6 4
6 5
6 6
5 6
5 5
4 5
3 5
4 5
4 6
4 5
4 4
4 5
4 4
3 4
2 4
2 5
2 6
3 6
4 6
4 5
3 5
4 5
5 5
5 6
4 6
4 7
3 7
3 6
3 7
2 7
1 7
1 8
1 7
2 7
3 7
2 7
2 6
3 6
3 5
3 6
2 6
3 6
3 5
4 5
3 5
3 6
2 6
2 7
1 7
1 6
0 6
1 6
0 6
0 7
1 7
2 7
1 7
1 8
0 8
0 7
0 8
0 7
1 7
1 6
1 5
0 5
0 6
1 6
0 6
0 7
0 8
0 7
0 8
0 7
1 7
2 7
2 8
2 7
3 7
3 6
3 5
3 6
3 7
4 7
3 7
3 6
3 5
4 5
5 5
5 6
6 6
6 5
7 5
7 4
7 5
8 5
8 6
8 7
8 8
9 8
9 7
8 7
7 7
7 8
6 8
7 8
6 8
7 8
7 7
8 7
7 7
8 7
8 8
8 7
7 7
8 7
7 7
7 6
7 5
6 5
5 5
5 4
5 5
5 4
4 4
5 4
5 3
5 4
4 4
4 5
4 6
3 6
3 7
4 7
4 6
4 5
4 6
4 5
3 5
3 6
2 6
2 7
2 6
3 6
4 6
5 6
4 6
4 7
3 7
4 7
3 7
2 7
3 7
4 7
4 6
4 7
4 6
4 7
3 7
3 6
4 6
4 7
4 6
4 7
4 8
4 9
4 10
5 10
5 9
4 9
4 10
4 9
5 9
5 10
6 10
6 9
7 9
8 9
8 8
8 9
9 9
8 9
9 9
9 8
9 7
9 6
9 5
10 5
11 5
11 4
11 5
11 4
11 5
11 6
11 5
12 5
13 5
14 5
13 5
12 5
12 6
13 6
14 6
13 6
14 6
13 6
13 7
12 7
13 7
13 6
12 6
11 6
12 6
13 6
14 6
14 7
14 8
15 8
14 8
14 9
14 10
15 10
15 11
14 11
14 10
15 10
16 10
16 9
16 10
16 9
15 9
16 9
16 8
16 9
17 9
17 8
18 8
18 7
18 8
18 9
17 9
17 10
17 9
18 9
18 10
18 9
19 9
19 10
20 10
20 9
20 8
20 9
20 10
21 10
20 10
21 10
20 10
20 11
20 12
20 11
20 10
19 10
18 10
17 10
17 9
16 9
16 8
16 7
16 8
16 9
16 8
16 9
16 10
17 10
17 11
17 12
16 12
16 11
16 12
16 11
16 12
17 12
17 11
16 11
15 11
15 10
15 11
14 11
13 11
13 12
14 12
14 13
13 13
13 12
13 13
14 13
14 12
14 13
13 13
13 12
13 13
13 14
12 14
13 14
13 15
13 16
14 16
13 16
14 16
13 16
12 16
13 16
12 16
11 16
11 17
10 17
10 18
11 18
12 18
12 17
12 16
12 17
12 16
12 15
11 15
12 15
11 15
11 16
12 16
11 16
12 16
12 15
13 15
12 15
12 14
11 14
12 14
12 15
12 16
12 17
12 18
13 18
14 18
14 17
15 17
15 16
16 16
16 17
16 16
15 16
16 16
16 15
16 14
17 14
18 14
18 15
18 14
19 14
18 14
19 14
19 13
20 13
21 13
20 13
19 13
18 13
19 13
19 12
19 11
18 11
19 11
19 12
18 12
18 13
17 13
17 14
18 14
19 14
19 15
18 15
18 16
17 16
16 16
15 16
15 17
14 17
15 17
14 17
15 17
15 16
15 15
14 15
13 15
13 14
14 14
14 13
14 14
15 14
15 13
15 12
14 12
14 13
14 12
15 12
16 12
17 12
17 13
17 12
17 11
18 11
18 10
18 11
17 11
18 11
18 12
18 13
17 13
16 13
16 14
15 14
15 13
14 13
14 14
14 15
15 15
14 15
14 14
14 15
14 16
15 16
16 16
17 16
18 16
19 16
20 16
19 16
19 17
20 17
20 16
20 15
20 16
20 15
19 15
20 15
20 14
20 13
21 13
22 13
22 12
22 11
22 10
22 9
21 9
21 10
22 10
22 9
23 9
23 10
23 9
22 9
23 9
24 9
24 8
25 8
25 9
25 10
25 9
26 9
27 9
27 8
28 8
28 9
29 9
29 8
28 8
28 9
28 10
28 11
29 11
29 10
28 10
28 9
29 9
30 9
30 10
30 9
31 9
32 9
32 8
33 8
33 7
34 7
33 7
34 7
33 7
32 7
33 7
33 8
33 9
32 9
32 8
32 9
33 9
33 8
33 9
32 9
33 9
33 10
33 11
33 12
33 11
34 11
34 10
34 9
34 10
34 11
33 11
33 12
33 13
32 13
31 13
30 13
30 14
30 15
31 15
31 14
31 13
31 12
30 12
30 13
29 13
28 13
28 12
29 12
29 11
30 11
30 12
31 12
31 11
32 11
31 11
32 11
33 11
34 11
35 11
35 10
36 10
36 9
36 8
35 8
35 9
34 9
34 8
34 9
35 9
34 9
34 10
34 11
35 11
34 11
34 10
34 9
34 10
34 11
34 12
34 13
