0 0
0 1
1 1
0 1
1 1
2 1
2 2
2 3
2 4
2 3
2 4
2 5
2 6
3 6
3 7
3 6
3 7
4 7
4 8
3 8
4 8
4 7
3 7
3 8
3 7
3 6
3 7
4 7
4 8
4 9
4 8
3 8
4 8
4 7
5 7
5 8
5 9
6 9
7 9
7 8
7 7
8 7
7 7
7 8
8 8
8 7
8 6
7 6
6 6
6 5
7 5
6 5
6 6
6 5
7 5
8 5
9 5
9 6
8 6
8 7
8 6
9 6
8 6
9 6
9 5
9 6
9 5
9 6
9 5
9 6
10 6
11 6
11 7
11 6
11 5
11 4
12 4
11 4
11 5
10 5
11 5
11 6
11 7
12 7
13 7
13 8
13 9
13 10
13 9
13 10
13 11
14 11
14 12
15 12
15 11
16 11
15 11
15 10
15 11
15 12
16 12
17 12
18 12
18 13
18 14
18 15
18 16
19 16
19 17
18 17
18 16
19 16
20 16
21 16
22 16
23 16
22 16
21 16
21 15
22 15
22 16
21 16
21 15
21 14
21 13
22 13
23 13
23 12
23 13
23 12
22 12
22 11
23 11
22 11
22 10
21 10
20 10
19 10
19 9
18 9
17 9
17 8
16 8
17 8
17 7
16 7
15 7
16 7
16 6
15 6
14 6
15 6
14 6
15 6
15 7
15 6
14 6
14 7
15 7
16 7
16 8
16 9
16 8
17 8
16 8
15 8
15 9
15 8
14 8
13 8
12 8
12 7
12 8
11 8
11 7
10 7
9 7
9 8
10 8
11 8
10 8
11 8
11 9
12 9
11 9
11 10
12 10
11 10
10 10
10 9
10 10
11 10
11 9
12 9
12 10
11 10
11 9
10 9
10 10
9 10
9 9
9 8
9 7
9 6
8 6
8 7
9 7
10 7
11 7
12 7
12 8
12 9
12 8
12 7
13 7
12 7
13 7
13 6
12 6
11 6
11 7
12 7
13 7
12 7
12 6
12 5
11 5
12 5
11 5
11 6
11 5
10 5
10 4
10 5
10 4
10 5
10 6
9 6
10 6
10 5
10 6
9 6
8 6
7 6
7 7
8 7
8 6
9 6
8 6
9 6
9 7
10 7
11 7
12 7
11 7
11 8
11 7
12 7
12 8
12 9
13 9
12 9
13 9
12 9
12 10
13 10
13 9
13 8
14 8
15 8
14 8
15 8
15 7
14 7
15 7
15 8
15 7
15 6
16 6
15 6
15 5
14 5
13 5
12 5
12 4
13 4
14 4
13 4
13 5
12 5
12 4
12 3
12 2
13 2
13 1
14 1
14 0
13 0
13 1
14 1
14 2
14 3
15 3
15 2
15 1
15 0
15 1
15 2
15 3
15 4
15 3
14 3
15 3
15 2
15 1
16 1
17 1
18 1
19 1
19 2
20 2
20 1
20 2
19 2
19 3
19 2
18 2
18 3
18 4
18 3
17 3
18 3
17 3
18 3
19 3
20 3
20 2
21 2
21 1
20 1
20 0
20 1
19 1
19 2
20 2
19 2
19 1
19 0
20 0
19 0
19 1
18 1
19 1
19 2
19 3
19 4
18 4
17 4
17 3
18 3
17 3
16 3
17 3
17 2
17 1
18 1
18 2
17 2
18 2
19 2
18 2
18 1
17 1
18 1
17 1
18 1
17 1
17 0
17 1
17 0
17 1
18 1
18 2
18 3
17 3
17 4
18 4
18 3
18 4
19 4
20 4
21 4
21 3
21 4
21 3
22 3
23 3
23 2
23 1
23 0
24 0
25 0
26 0
27 0
26 0
26 1
26 2
27 2
27 1
27 0
27 1
27 2
27 3
27 4
26 4
25 4
25 3
26 3
27 3
28 3
28 4
28 3
27 3
26 3
26 2
26 3
26 4
25 4
25 5
24 5
25 5
24 5
24 6
24 7
25 7
26 7
26 6
25 6
25 7
25 6
25 7
25 6
25 5
26 5
25 5
25 4
26 4
26 3
27 3
27 4
26 4
26 5
26 4
26 5
25 5
24 5
24 4
25 4
25 5
25 4
24 4
24 5
24 6
24 7
25 7
25 8
24 8
25 8
25 7
26 7
27 7
27 6
27 5
27 4
26 4
26 5
26 4
26 3
26 2
27 2
28 2
28 3
28 2
28 3
29 3
28 3
28 4
27 4
27 3
27 2
28 2
28 1
29 1
29 0
29 1
30 1
30 2
31 2
32 2
32 1
32 0
33 0
33 1
34 1
35 1
35 0
34 0
35 0
35 1
35 2
34 2
33 2
33 1
33 0
32 0
32 1
32 0
32 1
32 2
33 2
33 3
32 3
31 3
31 4
32 4
32 3
32 2
32 1
31 1
32 1
33 1
33 0
33 1
32 1
31 1
31 2
30 2
29 2
28 2
29 2
30 2
31 2
31 1
32 1
33 1
34 1
34 2
33 2
33 1
32 1
32 2
32 1
32 0
32 1
31 1
30 1
31 1
31 2
31 1
30 1
30 2
29 2
28 2
28 3
27 3
27 4
26 4
25 4
25 3
25 4
25 5
26 5
26 6
26 5
26 4
25 4
26 4
27 4
27 3
27 2
27 1
27 2
28 2
28 3
27 3
28 3
27 3
28 3
28 2
29 2
29 3
28 3
27 3
28 3
27 3
27 4
27 5
27 6
28 6
29 6
28 6
27 6
28 6
27 6
28 6
28 7
28 6
28 5
28 6
28 7
28 6
28 5
29 5
29 6
29 7
28 7
29 7
28 7
27 7
27 8
28 8
27 8
27 9
26 9
26 8
27 8
27 9
28 9
27 9
26 9
25 9
24 9
25 9
25 8
25 7
26 7
27 7
27 6
27 5
27 6
26 6
26 7
27 7
27 6
26 6
26 5
26 4
25 4
26 4
27 4
26 4
26 5
26 4
26 5
25 5
25 6
26 6
27 6
27 7
28 7
28 8
28 7
28 6
29 6
29 7
29 6
29 5
28 5
27 5
28 5
29 5
28 5
27 5
27 4
27 5
27 4
27 5
28 5
29 5
29 4
28 4
27 4
26 4
26 5
27 5
27 4
27 3
26 3
25 3
25 2
25 1
25 2
24 2
24 1
23 1
23 0
23 1
22 1
22 2
22 3
22 2
22 1
23 1
23 0
22 0
22 1
23 1
23 2
23 1
23 0
22 0
23 0
23 1
23 0
23 1
23 0
22 0
21 0
21 1
21 2
21 1
20 1
19 1
19 0
19 1
19 0
19 1
20 1
21 1
20 1
21 1
21 0
21 1
20 1
21 1
20 1
20 2
20 3
19 3
20 3
20 2
20 3
20 4
20 3
21 3
20 3
20 2
20 1
20 0
20 1
19 1
19 2
19 1
20 1
20 2
19 2
19 1
18 1
18 2
18 3
18 2
17 2
17 3
18 3
18 4
18 3
18 2
19 2
18 2
17 2
16 2
16 3
16 4
17 4
17 3
18 3
18 2
18 3
19 3
20 3
19 3
19 2
19 3
19 4
19 3
19 2
19 1
20 1
20 0
20 1
20 0
20 1
19 1
19 2
19 3
19 4
19 5
20 5
20 4
20 5
20 6
19 6
18 6
19 6
20 6
20 7
20 6
20 7
21 7
22 7
21 7
21 6
20 6
19 6
18 6
18 5
18 4
18 3
17 3
16 3
16 2
15 2
14 2
14 1
15 1
14 1
14 0
15 0
15 1
16 1
15 1
15 0
16 0
15 0
16 0
15 0
16 0
16 1
17 1
17 2
18 2
18 3
17 3
16 3
15 3
16 3
15 3
16 3
17 3
17 2
18 2
17 2
16 2
17 2
18 2
17 2
18 2
17 2
16 2
16 3
16 4
16 5
16 6
17 6
17 7
17 6
18 6
17 6
16 6
16 7
17 7
17 6
17 7
16 7
15 7
15 8
15 7
14 7
14 8
13 8
14 8
14 9
14 10
14 11
14 10
13 10
13 11
14 11
15 11
15 10
15 11
15 10
15 9
16 9
15 9
15 10
14 10
14 9
13 9
12 9
11 9
11 8
11 7
12 7
11 7
11 6
10 6
11 6
10 6
10 7
11 7
11 6
11 5
11 6
12 6
13 6
14 6
13 6
12 6
13 6
13 7
12 7
11 7
10 7
10 8
10 7
10 8
9 8
8 8
9 8
9 7
8 7
8 8
8 9
8 10
8 11
8 10
9 10
10 10
11 10
11 9
11 10
11 11
12 11
12 10
12 9
12 10
12 11
11 11
11 12
11 11
10 11
10 12
11 12
10 12
10 11
10 12
9 12
9 11
9 12
8 12
8 11
8 10
7 10
8 10
7 10
7 11
6 11
6 12
6 13
6 14
5 14
4 14
5 14
5 15
6 15
6 14
6 15
6 16
6 17
6 18
7 18
6 18
6 17
6 18
7 18
7 17
7 16
8 16
9 16
9 15
10 15
11 15
11 14
11 15
12 15
11 15
12 15
12 16
12 17
