0 0
1 0
1 1
1 2
0 2
1 2
2 2
2 3
1 3
1 2
1 3
1 2
0 2
1 2
0 2
1 2
0 2
1 2
1 3
0 3
1 3
1 2
1 3
0 3
0 2
0 1
1 1
1 2
2 2
1 2
0 2
0 3
1 3
1 4
0 4
1 4
2 4
2 5
2 6
2 7
2 8
1 8
0 8
0 7
1 7
0 7
0 6
0 7
0 6
1 6
1 5
1 6
2 6
2 5
3 5
4 5
4 6
4 7
4 6
4 5
3 5
3 4
2 4
2 3
1 3
2 3
2 2
2 3
1 3
2 3
3 3
3 4
3 5
2 5
3 5
3 6
4 6
4 5
4 4
3 4
3 3
2 3
2 4
3 4
2 4
3 4
4 4
4 3
3 3
4 3
4 2
3 2
4 2
4 1
3 1
4 1
4 2
4 1
4 0
4 1
3 1
2 1
2 2
2 3
2 4
2 3
3 3
3 2
4 2
4 1
4 2
4 3
3 3
2 3
3 3
4 3
4 4
4 5
5 5
6 5
5 5
6 5
6 4
7 4
7 5
8 5
7 5
7 4
7 3
8 3
8 4
9 4
10 4
9 4
9 3
10 3
11 3
10 3
10 2
10 1
9 1
8 1
8 0
9 0
9 1
9 2
9 3
9 4
10 4
10 5
10 6
10 5
9 5
9 6
10 6
9 6
10 6
9 6
9 5
8 5
7 5
6 5
6 6
7 6
8 6
7 6
7 7
7 8
7 9
7 10
6 10
6 9
6 10
5 10
4 10
3 10
3 11
3 12
3 13
3 14
3 15
4 15
4 16
4 17
3 17
3 18
4 18
5 18
5 17
4 17
3 17
2 17
3 17
4 17
5 17
5 18
5 19
6 19
6 20
7 20
6 20
5 20
6 20
7 20
7 21
7 20
8 20
7 20
7 19
6 19
7 19
6 19
6 20
6 19
7 19
7 18
6 18
6 19
6 18
7 18
6 18
6 19
6 20
6 19
7 19
7 20
6 20
5 20
6 20
6 19
5 19
6 19
7 19
6 19
7 19
7 20
7 21
8 21
7 21
6 21
7 21
8 21
8 20
8 19
8 18
9 18
8 18
9 18
8 18
9 18
9 19
9 18
10 18
10 19
10 18
11 18
10 18
10 19
10 20
10 19
10 18
10 19
10 18
11 18
11 19
10 19
11 19
10 19
10 20
10 21
11 21
11 22
12 22
13 22
13 21
13 20
12 20
12 19
13 19
13 20
14 20
13 20
12 20
12 21
12 20
12 21
11 21
10 21
10 22
10 21
10 22
10 23
10 24
10 23
9 23
9 24
9 25
8 25
9 25
8 25
9 25
9 26
10 26
9 26
10 26
11 26
10 26
10 25
9 25
9 24
9 23
8 23
7 23
8 23
9 23
9 24
9 23
10 23
11 23
11 24
10 24
11 24
10 24
10 23
9 23
9 22
9 23
9 22
10 22
10 23
10 24
10 23
9 23
8 23
9 23
9 24
10 24
11 24
11 25
11 26
10 26
10 27
9 27
10 27
11 27
12 27
12 26
12 27
12 26
13 26
13 27
14 27
15 27
15 26
15 25
14 25
15 25
14 25
14 24
15 24
16 24
16 25
16 26
17 26
18 26
17 26
17 27
16 27
15 27
14 27
13 27
14 27
15 27
15 28
14 28
14 29
14 30
14 29
14 28
14 29
14 30
13 30
12 30
11 30
11 31
11 32
10 32
10 33
11 33
10 33
11 33
11 34
11 35
11 36
11 35
12 35
11 35
12 35
12 36
12 35
11 35
11 36
11 35
11 34
11 35
12 35
12 36
11 36
11 37
10 37
10 36
11 36
11 35
11 34
11 33
12 33
13 33
12 33
12 32
13 32
12 32
13 32
12 32
12 33
13 33
12 33
11 33
11 34
12 34
13 34
14 34
13 34
12 34
12 35
13 35
12 35
12 36
11 36
10 36
10 37
10 36
10 35
10 34
9 34
9 35
9 34
8 34
9 34
9 35
10 35
9 35
10 35
11 35
11 34
11 35
11 34
10 34
10 33
9 33
9 34
10 34
11 34
11 35
10 35
9 35
9 36
10 36
10 37
9 37
10 37
10 36
9 36
8 36
8 35
8 34
8 33
8 32
7 32
8 32
9 32
9 33
10 33
10 34
11 34
12 34
12 33
13 33
12 33
12 34
13 34
13 35
12 35
12 34
12 33
11 33
12 33
13 33
13 32
13 33
12 33
13 33
13 34
12 34
12 33
13 33
12 33
13 33
14 33
14 32
14 33
14 34
14 33
14 32
14 31
14 30
14 31
13 31
13 32
12 32
12 33
12 32
13 32
13 33
12 33
11 33
12 33
13 33
13 34
13 33
13 34
13 35
12 35
12 36
13 36
14 36
15 36
15 37
16 37
16 38
16 37
15 37
15 38
15 39
15 40
15 39
15 40
16 40
17 40
17 39
18 39
17 39
18 39
17 39
16 39
16 40
15 40
16 40
15 40
15 41
14 41
14 40
13 40
13 39
14 39
13 39
13 40
13 41
13 40
13 39
14 39
15 39
16 39
17 39
16 39
17 39
18 39
18 40
19 40
19 39
19 38
20 38
19 38
20 38
19 38
19 37
19 36
18 36
17 36
18 36
19 36
18 36
18 35
17 35
17 36
16 36
17 36
17 35
17 34
17 33
17 32
17 33
17 34
17 33
17 34
17 33
16 33
16 34
16 35
15 35
14 35
15 35
15 34
15 35
15 36
15 35
15 36
15 35
15 34
14 34
14 33
14 34
14 33
13 33
13 34
14 34
15 34
15 35
15 36
14 36
13 36
12 36
11 36
10 36
9 36
8 36
8 37
8 38
8 37
8 36
8 37
9 37
10 37
10 36
9 36
8 36
9 36
9 35
9 34
9 33
9 32
9 31
9 30
10 30
10 31
10 30
11 30
12 30
12 29
12 28
12 29
12 28
13 28
13 29
14 29
15 29
16 29
16 28
15 28
14 28
13 28
13 29
13 30
13 31
13 32
12 32
11 32
11 31
10 31
10 32
11 32
11 33
12 33
12 34
12 35
12 34
11 34
11 35
11 36
11 35
10 35
10 36
10 37
9 37
8 37
8 38
9 38
8 38
7 38
6 38
7 38
6 38
6 37
7 37
6 37
6 36
6 37
5 37
6 37
5 37
4 37
3 37
3 36
4 36
4 35
5 35
6 35
6 36
5 36
4 36
4 35
4 36
4 35
5 35
6 35
5 35
4 35
5 35
6 35
7 35
8 35
9 35
8 35
8 36
8 35
9 35
9 36
9 35
9 36
8 36
9 36
9 35
8 35
7 35
7 34
8 34
8 33
9 33
10 33
9 33
9 34
9 33
8 33
7 33
8 33
9 33
10 33
9 33
10 33
11 33
10 33
11 33
10 33
10 34
9 34
8 34
8 35
9 35
8 35
8 36
9 36
8 36
7 36
7 37
7 36
7 37
8 37
8 38
9 38
9 37
9 36
8 36
8 37
9 37
8 37
7 37
7 38
7 37
8 37
9 37
10 37
10 36
9 36
8 36
8 37
9 37
9 38
9 37
9 38
10 38
11 38
10 38
9 38
10 38
9 38
9 37
10 37
10 36
10 37
10 36
9 36
9 37
9 36
9 37
8 37
9 37
9 36
10 36
11 36
11 37
12 37
12 36
13 36
13 37
13 38
13 39
14 39
14 40
14 41
14 42
14 41
14 40
13 40
14 40
14 39
13 39
13 40
14 40
15 40
15 39
15 40
16 40
16 41
17 41
17 42
17 43
18 43
17 43
17 42
17 43
17 44
17 45
16 45
15 45
15 46
16 46
17 46
18 46
17 46
18 46
19 46
19 47
19 46
18 46
18 45
18 46
18 47
17 47
17 46
17 45
18 45
18 46
19 46
19 45
19 44
19 43
19 42
20 42
19 42
20 42
19 42
19 41
18 41
18 40
17 40
17 41
17 42
17 41
17 42
17 43
17 42
18 42
19 42
19 43
19 44
19 45
20 45
20 44
20 45
21 45
21 44
21 43
21 44
21 45
21 46
20 46
19 46
18 46
18 47
19 47
19 46
19 45
18 45
17 45
17 46
17 47
17 46
17 47
17 48
17 49
18 49
17 49
18 49
18 48
19 48
20 48
20 47
20 48
20 47
20 48
20 49
20 48
20 49
21 49
20 49
19 49
18 49
18 48
19 48
18 48
18 47
18 46
18 47
19 47
19 46
19 47
20 47
19 47
18 47
19 47
18 47
19 47
19 48
19 47
20 47
19 47
19 46
20 46
20 45
20 46
20 45
21 45
22 45
21 45
21 44
21 45
21 46
20 46
20 47
21 47
21 48
22 48
22 49
23 49
23 48
23 47
23 46
23 45
24 45
23 45
23 44
23 43
22 43
22 44
23 44
22 44
23 44
24 44
23 44
24 44
24 45
23 45
23 44
23 43
22 43
21 43
21 44
20 44
20 43
20 42
20 43
