0 0
0 1
1 1
1 2
2 2
3 2
3 3
2 3
3 3
3 2
4 2
3 2
3 3
4 3
4 4
5 4
5 5
5 6
6 6
6 5
6 4
5 4
5 5
5 6
5 7
6 7
5 7
6 7
5 7
5 6
5 5
5 4
6 4
6 3
7 3
7 2
6 2
5 2
5 1
5 0
5 1
5 2
5 1
5 2
5 1
5 2
5 3
6 3
7 3
7 2
7 3
8 3
7 3
6 3
6 4
6 5
6 6
7 6
7 7
8 7
8 6
8 7
8 8
8 9
7 9
7 10
8 10
8 9
7 9
7 10
7 9
8 9
8 10
9 10
9 11
10 11
10 10
11 10
11 11
10 11
10 12
10 13
9 13
8 13
8 12
7 12
7 11
8 11
8 12
9 12
9 11
9 12
8 12
9 12
9 13
8 13
8 12
8 11
8 10
9 10
9 9
8 9
8 10
8 9
7 9
6 9
6 8
6 9
6 10
6 11
5 11
5 10
4 10
3 10
2 10
1 10
2 10
2 9
2 8
2 9
2 8
2 7
3 7
4 7
3 7
3 8
3 7
2 7
2 6
2 7
1 7
1 6
1 5
1 4
1 3
1 4
2 4
3 4
4 4
4 5
3 5
3 6
3 5
4 5
3 5
4 5
3 5
2 5
2 6
1 6
1 7
0 7
1 7
0 7
1 7
0 7
1 7
2 7
2 6
2 7
2 6
2 7
2 6
2 5
1 5
0 5
1 5
1 6
2 6
3 6
3 7
2 7
2 6
2 5
2 6
1 6
2 6
2 5
3 5
3 4
3 5
3 4
4 4
4 3
4 2
3 2
4 2
4 3
5 3
5 4
5 3
6 3
6 4
5 4
4 4
3 4
3 3
2 3
2 4
3 4
3 5
4 5
3 5
4 5
4 4
3 4
3 5
3 4
3 3
3 4
4 4
4 3
4 4
4 3
4 2
3 2
4 2
4 3
4 4
5 4
4 4
4 3
5 3
5 2
4 2
3 2
4 2
4 3
4 4
4 3
4 2
5 2
4 2
4 1
4 0
4 1
5 1
4 1
3 1
3 2
3 1
3 2
3 1
3 2
4 2
3 2
2 2
2 1
2 0
3 0
2 0
1 0
1 1
1 0
1 1
2 1
2 0
1 0
2 0
3 0
2 0
3 0
4 0
4 1
3 1
3 2
3 3
3 4
3 5
3 6
3 7
2 7
2 6
1 6
1 7
1 8
1 9
1 10
1 9
2 9
2 8
1 8
1 7
1 8
2 8
3 8
3 9
4 9
5 9
6 9
7 9
6 9
7 9
8 9
9 9
9 10
9 11
8 11
9 11
9 12
10 12
10 11
10 12
11 12
11 11
11 10
10 10
10 9
10 10
11 10
11 9
11 10
12 10
12 11
11 11
11 12
12 12
11 12
10 12
9 12
9 13
9 14
9 13
9 12
9 11
9 10
10 10
9 10
8 10
9 10
9 9
8 9
8 10
9 10
9 11
10 11
9 11
10 11
10 12
10 11
10 12
10 11
10 12
10 13
9 13
8 13
8 12
8 11
8 12
9 12
10 12
10 13
9 13
9 12
10 12
10 13
10 14
9 14
9 13
9 14
10 14
10 15
10 14
10 13
11 13
10 13
11 13
11 14
11 15
11 14
11 13
11 12
12 12
12 11
12 10
12 9
12 8
12 9
11 9
12 9
12 8
11 8
11 9
11 10
12 10
12 11
12 12
11 12
11 13
12 13
12 14
12 13
13 13
13 14
14 14
15 14
15 13
15 12
16 12
16 11
16 12
16 11
15 11
14 11
14 10
14 9
15 9
15 10
15 9
16 9
16 10
16 9
15 9
14 9
13 9
14 9
14 10
15 10
16 10
16 11
15 11
15 12
14 12
13 12
12 12
11 12
10 12
10 11
11 11
11 12
12 12
12 13
12 14
12 15
11 15
11 14
11 15
11 14
11 13
11 12
11 13
11 14
11 13
11 12
12 12
12 13
13 13
13 14
13 13
12 13
12 14
13 14
14 14
13 14
14 14
14 15
14 16
14 17
14 16
14 17
14 16
14 17
15 17
15 18
14 18
13 18
13 19
14 19
14 18
15 18
14 18
14 19
14 18
13 18
12 18
12 19
11 19
10 19
10 20
11 20
11 19
10 19
10 20
11 20
11 21
10 21
11 21
10 21
10 20
11 20
10 20
11 20
10 20
10 21
10 20
11 20
11 21
12 21
11 21
10 21
10 22
10 23
11 23
12 23
12 22
11 22
10 22
10 21
11 21
11 22
11 21
11 20
11 21
10 21
10 20
10 21
10 22
10 21
10 20
11 20
12 20
11 20
10 20
10 21
10 20
11 20
11 19
12 19
11 19
11 20
11 21
11 22
12 22
12 21
12 20
12 19
12 20
12 21
12 22
11 22
10 22
11 22
12 22
12 21
12 22
11 22
10 22
9 22
8 22
8 23
9 23
8 23
9 23
9 22
8 22
8 21
8 20
9 20
10 20
9 20
9 19
8 19
8 20
9 20
9 21
9 20
9 19
10 19
10 18
11 18
12 18
11 18
11 19
12 19
12 18
12 17
11 17
10 17
9 17
9 16
8 16
8 15
7 15
7 14
6 14
6 13
5 13
5 12
4 12
4 13
5 13
4 13
3 13
4 13
5 13
5 14
5 15
5 16
4 16
4 15
4 16
5 16
5 17
6 17
6 18
7 18
8 18
8 19
7 19
7 20
6 20
7 20
6 20
7 20
7 21
7 20
7 19
7 20
8 20
8 21
8 22
9 22
8 22
9 22
9 23
8 23
9 23
9 24
8 24
8 25
9 25
10 25
10 24
10 23
10 24
10 23
9 23
10 23
10 22
9 22
9 21
9 20
10 20
10 21
9 21
10 21
11 21
11 20
12 20
11 20
11 19
11 18
11 17
11 16
12 16
13 16
14 16
14 17
15 17
16 17
17 17
17 18
18 18
18 17
19 17
19 18
18 18
18 17
18 16
18 17
19 17
18 17
19 17
20 17
20 18
21 18
20 18
20 17
19 17
20 17
19 17
18 17
17 17
17 18
16 18
15 18
15 19
15 20
16 20
16 19
15 19
16 19
16 18
17 18
16 18
16 19
15 19
15 20
16 20
15 20
15 21
15 20
15 21
16 21
17 21
16 21
17 21
17 20
16 20
16 21
16 22
16 21
16 22
15 22
15 23
15 24
14 24
14 23
14 22
13 22
12 22
13 22
14 22
13 22
13 23
13 24
13 25
13 24
12 24
12 23
13 23
12 23
13 23
12 23
11 23
11 22
11 23
11 22
12 22
12 21
13 21
13 22
13 21
13 20
12 20
12 19
13 19
14 19
14 20
13 20
12 20
12 21
13 21
14 21
13 21
12 21
11 21
12 21
13 21
13 22
13 21
14 21
15 21
15 22
16 22
17 22
17 23
16 23
16 24
15 24
14 24
14 25
13 25
12 25
12 24
11 24
11 25
12 25
12 26
12 25
11 25
12 25
13 25
12 25
12 26
11 26
10 26
11 26
10 26
10 25
9 25
10 25
10 26
11 26
11 25
11 26
10 26
9 26
9 25
9 26
9 25
10 25
10 26
9 26
10 26
11 26
11 25
10 25
9 25
9 24
8 24
7 24
7 25
7 26
7 25
7 26
6 26
6 25
6 26
6 27
6 26
6 27
7 27
8 27
8 26
8 27
8 26
8 25
8 24
8 23
8 24
9 24
10 24
10 25
9 25
10 25
10 24
11 24
12 24
12 23
13 23
14 23
15 23
15 24
16 24
16 23
17 23
17 22
16 22
17 22
16 22
15 22
16 22
16 23
16 22
16 23
15 23
14 23
13 23
14 23
15 23
15 22
16 22
15 22
15 23
15 24
15 23
15 24
15 23
15 24
15 25
15 26
16 26
16 27
16 26
16 27
16 28
16 29
17 29
16 29
16 28
16 29
15 29
15 28
15 27
14 27
14 28
15 28
15 29
16 29
15 29
15 28
15 27
15 28
15 27
14 27
15 27
16 27
16 28
17 28
16 28
16 29
16 30
16 31
15 31
15 32
15 33
16 33
17 33
16 33
17 33
17 34
17 35
18 35
18 34
17 34
18 34
18 35
17 35
18 35
17 35
16 35
16 34
15 34
14 34
13 34
12 34
12 35
12 36
12 35
11 35
12 35
11 35
11 36
11 35
11 36
10 36
9 36
10 36
11 36
12 36
12 37
11 37
10 37
11 37
10 37
10 38
10 37
10 36
10 35
10 36
9 36
8 36
8 37
8 38
9 38
8 38
9 38
9 39
10 39
11 39
12 39
13 39
12 39
12 40
12 41
12 40
12 39
13 39
13 38
13 39
14 39
15 39
15 40
15 41
15 40
15 39
15 38
15 37
15 38
16 38
15 38
14 38
13 38
13 39
14 39
14 38
14 39
14 40
13 40
12 40
12 41
13 41
14 41
13 41
13 40
13 41
13 42
12 42
12 41
