0 0
0 1
0 2
1 2
1 3
1 4
1 5
0 5
1 5
1 4
0 4
0 3
1 3
1 4
1 3
1 4
1 3
1 4
2 4
1 4
1 3
2 3
1 3
2 3
2 4
1 4
0 4
1 4
1 5
1 4
1 5
1 4
1 3
1 2
1 3
1 2
1 1
0 1
0 2
1 2
1 3
2 3
1 3
1 2
1 3
1 4
1 3
1 4
1 5
1 4
2 4
3 4
4 4
4 5
4 6
5 6
5 5
4 5
5 5
4 5
3 5
2 5
2 4
2 3
2 4
1 4
1 5
1 4
1 5
2 5
2 6
2 7
1 7
1 6
0 6
1 6
1 5
2 5
1 5
1 4
1 3
0 3
0 2
0 3
0 4
1 4
2 4
2 3
2 2
2 1
2 2
2 3
1 3
1 2
2 2
3 2
2 2
2 1
3 1
4 1
5 1
4 1
4 0
3 0
3 1
3 0
3 1
4 1
4 2
3 2
3 1
2 1
3 1
2 1
2 0
2 1
3 1
4 1
4 0
3 0
3 1
3 2
2 2
1 2
2 2
2 3
1 3
0 3
0 2
0 1
0 0
0 1
1 1
1 2
1 3
1 2
1 3
0 3
1 3
1 2
1 3
2 3
2 4
1 4
1 3
2 3
2 2
1 2
0 2
1 2
0 2
1 2
2 2
1 2
1 3
0 3
1 3
1 2
0 2
0 1
0 0
1 0
0 0
1 0
0 0
0 1
1 1
1 0
1 1
1 0
2 0
3 0
3 1
3 0
3 1
2 1
2 0
2 1
2 2
1 2
2 2
1 2
2 2
1 2
0 2
1 2
1 3
2 3
1 3
1 4
1 3
0 3
0 4
0 5
1 5
2 5
3 5
2 5
3 5
2 5
2 6
3 6
3 7
4 7
4 8
5 8
5 7
5 8
6 8
6 9
6 10
6 9
6 8
6 7
6 8
6 7
5 7
4 7
4 8
4 9
4 10
4 9
5 9
5 8
4 8
5 8
5 7
5 8
4 8
5 8
5 9
5 8
4 8
3 8
4 8
3 8
3 9
3 10
3 9
4 9
4 10
4 9
5 9
5 8
5 9
5 10
5 11
5 10
6 10
6 11
6 12
5 12
6 12
6 13
5 13
5 14
5 13
5 14
4 14
4 15
3 15
2 15
3 15
3 14
4 14
5 14
6 14
7 14
6 14
6 15
6 16
5 16
6 16
6 17
6 16
6 15
7 15
6 15
7 15
7 16
8 16
8 15
9 15
9 16
9 17
8 17
9 17
9 16
9 17
8 17
9 17
9 16
10 16
9 16
9 15
9 14
8 14
9 14
10 14
9 14
8 14
8 15
7 15
7 16
8 16
9 16
9 15
8 15
8 14
9 14
10 14
10 13
10 12
10 13
11 13
11 14
11 15
10 15
9 15
9 16
9 17
8 17
9 17
9 18
9 19
9 18
10 18
11 18
11 17
10 17
10 16
9 16
10 16
10 17
9 17
8 17
8 18
8 19
8 20
7 20
8 20
8 21
7 21
8 21
8 22
7 22
6 22
6 21
6 22
7 22
8 22
8 21
9 21
9 20
10 20
10 19
10 20
11 20
11 19
10 19
11 19
10 19
10 20
11 20
11 21
12 21
11 21
11 22
12 22
12 23
12 24
12 23
12 24
12 23
12 24
12 23
12 22
11 22
12 22
12 21
11 21
11 22
10 22
10 21
9 21
9 20
10 20
10 21
10 22
11 22
12 22
12 21
11 21
12 21
13 21
13 22
13 23
13 22
13 21
13 20
13 19
13 18
13 19
13 20
14 20
14 19
14 20
14 21
14 22
15 22
15 23
14 23
15 23
15 22
14 22
14 23
14 24
13 24
13 23
14 23
15 23
14 23
14 24
14 23
14 22
14 23
15 23
15 24
15 25
14 25
15 25
14 25
15 25
16 25
17 25
17 26
17 25
17 24
18 24
19 24
19 25
20 25
20 24
20 25
20 24
21 24
21 23
22 23
21 23
21 22
21 21
21 20
21 19
21 20
21 21
21 20
20 20
20 19
20 18
20 19
21 19
20 19
20 18
21 18
21 17
20 17
19 17
19 16
20 16
21 16
20 16
20 17
19 17
19 18
20 18
20 19
19 19
18 19
18 18
18 17
19 17
19 16
20 16
21 16
21 17
21 16
22 16
22 15
21 15
21 14
22 14
22 15
22 16
22 15
23 15
23 16
22 16
22 15
21 15
21 16
22 16
23 16
23 17
23 16
23 17
23 18
22 18
23 18
23 19
23 20
23 21
23 20
23 21
22 21
21 21
20 21
21 21
22 21
21 21
20 21
21 21
20 21
20 22
20 23
19 23
19 22
18 22
18 23
19 23
20 23
20 22
19 22
19 23
18 23
19 23
18 23
18 22
18 23
18 22
19 22
19 21
19 22
20 22
19 22
19 23
18 23
19 23
19 22
19 21
19 22
19 21
18 21
19 21
19 20
19 19
18 19
19 19
19 18
20 18
19 18
20 18
19 18
19 19
19 20
19 19
20 19
21 19
20 19
20 20
19 20
18 20
19 20
20 20
20 21
20 22
20 21
20 22
20 21
20 20
20 21
21 21
21 20
22 20
22 21
21 21
22 21
21 21
20 21
20 22
20 23
19 23
20 23
20 24
19 24
18 24
18 25
18 26
17 26
17 25
17 26
17 27
18 27
17 27
17 28
17 29
17 30
16 30
16 31
17 31
17 30
16 30
15 30
16 30
17 30
17 29
17 30
16 30
15 30
15 29
15 28
15 29
15 28
14 28
14 29
15 29
14 29
14 30
13 30
14 30
13 30
13 29
13 28
13 29
13 30
13 29
13 30
13 29
13 28
12 28
13 28
12 28
12 29
13 29
14 29
13 29
13 30
13 31
12 31
12 32
13 32
13 31
13 30
14 30
14 31
13 31
14 31
14 32
14 33
13 33
13 32
13 31
13 30
12 30
12 29
12 30
12 31
13 31
13 30
14 30
13 30
13 29
14 29
14 28
13 28
13 29
13 30
14 30
14 31
14 32
14 31
15 31
15 32
16 32
16 31
16 32
16 31
17 31
17 30
16 30
16 31
16 32
15 32
14 32
14 33
15 33
16 33
16 34
16 33
16 34
15 34
14 34
13 34
14 34
15 34
16 34
16 35
15 35
14 35
15 35
16 35
16 34
15 34
14 34
14 33
14 34
14 35
14 36
14 37
13 37
13 36
13 35
13 36
12 36
13 36
14 36
13 36
13 37
13 36
13 35
13 34
13 35
13 34
13 33
14 33
15 33
16 33
15 33
15 32
14 32
13 32
13 33
13 34
12 34
13 34
13 35
13 34
12 34
11 34
10 34
10 35
11 35
11 36
11 35
10 35
11 35
10 35
10 36
10 35
9 35
10 35
11 35
11 34
10 34
11 34
11 35
12 35
13 35
13 34
13 33
12 33
12 34
13 34
12 34
11 34
11 35
11 34
11 35
10 35
10 36
11 36
11 37
11 36
10 36
10 37
11 37
11 36
11 37
11 38
12 38
11 38
11 37
12 37
13 37
12 37
13 37
12 37
12 38
11 38
10 38
10 39
9 39
9 40
8 40
8 41
8 40
9 40
9 41
9 42
9 41
9 40
9 39
10 39
10 38
10 37
10 36
9 36
10 36
10 37
10 38
10 37
11 37
12 37
12 36
11 36
12 36
12 37
12 36
11 36
11 37
11 36
12 36
11 36
10 36
10 37
9 37
8 37
7 37
7 36
8 36
7 36
7 35
6 35
5 35
5 34
6 34
6 33
7 33
6 33
6 34
7 34
7 35
7 36
6 36
7 36
8 36
8 35
7 35
8 35
9 35
10 35
11 35
11 36
10 36
10 35
10 34
10 35
11 35
10 35
9 35
9 36
10 36
11 36
11 37
11 36
10 36
11 36
11 35
10 35
11 35
12 35
11 35
11 34
10 34
9 34
9 33
9 32
8 32
9 32
9 33
9 34
8 34
7 34
7 33
7 34
7 33
6 33
5 33
4 33
3 33
2 33
1 33
2 33
2 32
1 32
1 33
0 33
0 34
0 35
1 35
1 34
2 34
3 34
3 33
2 33
2 32
3 32
3 33
2 33
2 32
2 33
3 33
4 33
3 33
3 32
4 32
4 31
3 31
4 31
5 31
5 30
5 31
4 31
5 31
4 31
3 31
4 31
5 31
5 32
5 33
5 32
6 32
6 31
7 31
7 32
6 32
5 32
6 32
5 32
4 32
3 32
2 32
1 32
2 32
1 32
2 32
1 32
0 32
0 33
1 33
1 34
0 34
0 35
1 35
0 35
1 35
2 35
1 35
1 34
1 35
0 35
0 34
1 34
1 35
1 36
1 37
0 37
0 36
0 37
0 38
1 38
2 38
2 39
3 39
4 39
5 39
4 39
4 38
4 39
4 40
4 39
3 39
3 40
3 41
2 41
1 41
1 42
1 43
0 43
1 43
0 43
