0 0
0 1
1 1
0 1
0 0
1 0
0 0
0 1
1 1
0 1
1 1
2 1
2 2
2 3
1 3
2 3
1 3
1 4
1 3
1 2
2 2
2 3
1 3
1 4
1 5
1 4
1 5
1 6
2 6
3 6
3 5
3 4
3 3
3 2
3 1
2 1
1 1
2 1
1 1
0 1
1 1
1 2
1 3
1 4
1 3
1 2
0 2
1 2
1 1
0 1
0 0
0 1
1 1
1 0
2 0
2 1
2 2
3 2
3 1
3 0
3 1
3 0
2 0
2 1
2 2
2 1
3 1
4 1
4 0
5 0
5 1
5 0
4 0
5 0
5 1
5 2
5 3
5 2
5 3
6 3
6 4
5 4
5 5
6 5
5 5
5 4
5 3
5 4
5 5
4 5
5 5
5 4
4 4
4 3
3 3
3 2
4 2
4 3
4 4
4 5
4 4
4 5
5 5
4 5
3 5
3 4
3 5
3 6
2 6
1 6
2 6
2 7
2 6
3 6
4 6
4 5
5 5
5 6
6 6
7 6
7 7
7 8
7 9
8 9
8 8
9 8
8 8
9 8
10 8
10 7
10 8
10 7
10 6
11 6
10 6
9 6
9 7
9 8
9 9
9 10
9 9
9 10
9 11
9 12
10 12
9 12
8 12
8 11
8 10
9 10
8 10
7 10
6 10
6 9
7 9
7 10
6 10
6 11
7 11
7 10
7 9
7 8
7 9
6 9
6 8
5 8
6 8
7 8
7 9
6 9
6 10
6 9
7 9
6 9
7 9
7 10
7 11
7 10
7 9
6 9
6 10
6 11
6 10
6 9
6 8
6 9
7 9
8 9
7 9
7 10
6 10
6 9
5 9
6 9
5 9
5 8
6 8
6 9
5 9
5 10
5 9
5 10
4 10
4 9
4 8
5 8
4 8
4 7
5 7
5 6
5 5
5 4
6 4
6 5
7 5
7 4
7 3
8 3
8 2
8 3
7 3
7 2
8 2
8 1
8 0
7 0
8 0
9 0
10 0
10 1
10 0
9 0
10 0
11 0
12 0
12 1
13 1
13 0
13 1
13 0
12 0
12 1
12 0
12 1
11 1
10 1
10 0
10 1
9 1
10 1
10 0
10 1
10 2
10 1
11 1
12 1
12 0
12 1
13 1
12 1
12 2
11 2
12 2
11 2
11 1
12 1
13 1
13 0
14 0
14 1
13 1
13 0
13 1
13 0
13 1
13 0
13 1
12 1
13 1
12 1
12 0
12 1
11 1
10 1
11 1
11 2
12 2
11 2
12 2
12 3
12 2
12 1
11 1
10 1
10 2
9 2
8 2
7 2
7 1
7 2
7 1
8 1
8 0
9 0
9 1
9 0
9 1
10 1
10 0
11 0
11 1
11 2
10 2
10 3
10 2
11 2
10 2
10 1
11 1
10 1
11 1
11 2
11 3
11 4
11 3
12 3
12 4
12 3
12 4
12 5
11 5
11 6
10 6
10 7
9 7
9 6
8 6
8 5
7 5
7 4
7 3
8 3
7 3
7 2
7 3
8 3
7 3
6 3
6 2
6 3
7 3
8 3
9 3
10 3
10 4
9 4
9 3
10 3
10 4
10 3
9 3
8 3
8 4
9 4
9 3
9 2
9 1
9 2
9 3
9 2
9 3
8 3
9 3
8 3
9 3
9 2
9 1
9 0
8 0
8 1
8 2
8 1
9 1
10 1
10 2
9 2
8 2
7 2
7 3
7 4
7 3
8 3
8 2
8 3
7 3
7 4
7 3
6 3
6 4
7 4
7 5
6 5
6 6
7 6
8 6
8 7
8 6
9 6
10 6
9 6
8 6
8 7
8 8
8 9
9 9
9 10
10 10
9 10
9 11
8 11
7 11
8 11
7 11
7 10
7 9
7 10
6 10
6 11
5 11
5 10
4 10
4 11
5 11
6 11
5 11
6 11
7 11
7 10
7 11
7 10
6 10
5 10
5 9
5 10
5 9
6 9
7 9
7 8
7 7
7 8
7 7
8 7
9 7
9 8
9 9
10 9
10 8
10 9
10 10
11 10
10 10
10 11
9 11
9 10
9 9
10 9
10 8
10 7
9 7
9 6
10 6
10 5
9 5
10 5
10 4
10 5
9 5
9 6
9 7
10 7
9 7
10 7
11 7
11 6
11 7
11 8
12 8
13 8
13 9
14 9
14 10
13 10
12 10
13 10
14 10
13 10
13 11
12 11
12 10
13 10
12 10
12 9
12 10
13 10
13 11
14 11
14 12
14 13
14 14
14 15
14 14
14 13
15 13
14 13
13 13
13 14
13 13
13 12
13 13
13 12
13 11
13 12
14 12
15 12
14 12
13 12
13 13
12 13
12 14
12 13
13 13
12 13
12 14
13 14
14 14
15 14
15 15
16 15
17 15
16 15
16 16
16 15
16 16
16 15
16 14
17 14
18 14
18 15
18 16
18 17
19 17
19 16
19 17
20 17
20 18
20 17
20 18
21 18
20 18
20 17
19 17
18 17
17 17
18 17
18 18
19 18
19 17
20 17
19 17
19 16
20 16
19 16
19 17
19 16
19 17
19 16
19 15
20 15
19 15
19 16
20 16
20 15
21 15
22 15
23 15
22 15
23 15
22 15
23 15
23 14
23 13
23 12
24 12
24 11
25 11
25 10
25 11
24 11
24 12
25 12
25 11
25 10
25 9
25 8
25 9
25 8
25 7
25 8
25 9
25 8
25 9
26 9
25 9
25 8
25 7
25 6
26 6
26 7
26 6
26 7
25 7
25 8
26 8
27 8
26 8
26 9
26 8
27 8
27 7
26 7
26 8
26 9
25 9
25 10
26 10
26 11
26 12
26 13
25 13
25 14
24 14
24 13
24 12
23 12
24 12
25 12
24 12
24 11
25 11
25 10
26 10
25 10
25 9
24 9
24 10
25 10
24 10
24 9
23 9
23 10
23 11
23 10
23 11
23 10
23 11
23 12
24 12
24 13
24 12
24 11
25 11
24 11
24 12
23 12
23 11
23 10
23 9
23 10
24 10
24 11
24 10
24 9
25 9
24 9
24 10
24 11
24 10
23 10
23 11
24 11
25 11
26 11
26 12
25 12
25 13
26 13
26 12
27 12
27 13
27 14
26 14
27 14
27 15
28 15
28 16
27 16
27 17
27 16
27 15
27 16
27 17
27 16
27 15
27 14
26 14
26 13
25 13
26 13
26 12
25 12
25 13
26 13
25 13
26 13
27 13
26 13
25 13
25 12
26 12
27 12
27 13
27 12
27 13
27 12
26 12
26 11
27 11
26 11
26 12
26 13
26 14
27 14
26 14
26 15
26 16
26 15
26 14
26 15
26 14
25 14
25 13
25 12
24 12
23 12
24 12
24 11
24 10
25 10
25 9
24 9
25 9
24 9
25 9
26 9
27 9
28 9
29 9
30 9
29 9
29 8
29 7
29 8
29 7
29 8
28 8
29 8
28 8
28 9
27 9
26 9
27 9
26 9
26 8
26 7
25 7
26 7
25 7
26 7
27 7
26 7
26 6
26 5
25 5
25 6
25 5
26 5
26 6
27 6
27 7
27 8
27 7
28 7
28 8
29 8
28 8
28 7
28 8
28 9
28 10
27 10
27 9
28 9
29 9
28 9
28 10
27 10
27 11
27 12
28 12
27 12
27 11
27 10
27 9
28 9
28 10
28 9
28 8
29 8
29 9
28 9
28 8
29 8
29 7
29 8
29 7
30 7
29 7
28 7
27 7
28 7
29 7
30 7
30 8
30 9
30 8
31 8
31 7
32 7
33 7
33 6
33 5
33 6
34 6
33 6
33 7
33 8
33 7
34 7
34 6
35 6
34 6
33 6
32 6
31 6
32 6
32 7
32 8
33 8
34 8
35 8
35 7
35 6
34 6
34 5
34 6
33 6
33 5
34 5
34 6
33 6
33 7
32 7
32 6
32 7
33 7
32 7
32 6
33 6
34 6
34 7
34 6
33 6
34 6
33 6
33 7
32 7
31 7
31 8
32 8
32 9
32 10
32 9
32 8
32 7
32 6
32 5
32 6
31 6
31 5
32 5
32 6
31 6
31 7
31 6
30 6
30 5
30 4
30 3
29 3
29 2
28 2
27 2
27 1
27 0
28 0
28 1
28 2
27 2
27 3
26 3
25 3
26 3
26 4
26 3
27 3
28 3
28 2
29 2
29 1
30 1
29 1
28 1
27 1
28 1
28 0
27 0
27 1
28 1
29 1
28 1
27 1
27 0
28 0
28 1
28 0
27 0
27 1
27 0
26 0
26 1
27 1
27 2
26 2
26 3
27 3
28 3
28 2
28 1
28 2
28 1
28 0
27 0
27 1
28 1
29 1
29 0
30 0
29 0
30 0
31 0
31 1
30 1
30 0
30 1
31 1
32 1
32 2
31 2
30 2
30 1
31 1
31 2
31 1
32 1
32 2
32 1
31 1
30 1
31 1
31 2
