0 0
1 0
1 1
1 2
1 1
0 1
0 0
1 0
0 0
1 0
2 0
2 1
1 1
0 1
1 1
0 1
0 2
0 1
0 0
0 1
1 1
1 0
2 0
2 1
3 1
2 1
2 2
1 2
2 2
2 1
2 0
3 0
2 0
3 0
2 0
2 1
2 2
1 2
2 2
1 2
2 2
2 3
3 3
3 4
3 3
2 3
2 4
2 5
1 5
1 4
0 4
1 4
1 3
2 3
2 2
2 1
1 1
0 1
1 1
2 1
2 0
1 0
2 0
1 0
1 1
2 1
2 0
2 1
3 1
3 0
2 0
3 0
2 0
2 1
2 0
3 0
2 0
2 1
2 0
1 0
2 0
2 1
2 0
2 1
2 2
3 2
3 1
2 1
2 0
1 0
2 0
3 0
3 1
2 1
2 2
3 2
4 2
5 2
6 2
5 2
5 1
5 0
5 1
4 1
4 0
5 0
5 1
5 2
5 3
5 4
5 5
4 5
5 5
6 5
6 4
5 4
4 4
3 4
3 3
4 3
5 3
4 3
4 2
5 2
4 2
5 2
6 2
7 2
7 1
6 1
5 1
5 0
5 1
5 0
5 1
5 0
5 1
5 0
6 0
6 1
7 1
7 2
7 1
6 1
5 1
4 1
4 0
5 0
5 1
4 1
5 1
4 1
5 1
5 2
5 3
5 4
5 3
4 3
5 3
4 3
3 3
2 3
2 2
2 1
2 2
1 2
1 3
1 2
2 2
1 2
2 2
3 2
3 1
3 2
2 2
2 3
2 2
2 1
1 1
2 1
1 1
1 2
1 1
1 2
0 2
0 3
0 4
0 5
1 5
1 4
2 4
2 5
2 6
2 5
1 5
0 5
1 5
1 6
1 7
0 7
1 7
2 7
2 8
2 7
2 6
2 7
2 6
3 6
3 7
3 8
4 8
4 7
5 7
4 7
4 6
4 7
4 6
5 6
5 5
5 4
6 4
6 3
6 4
7 4
6 4
7 4
8 4
8 5
8 6
8 5
9 5
10 5
11 5
10 5
11 5
11 4
12 4
12 5
11 5
10 5
9 5
9 6
9 5
9 6
9 5
10 5
10 4
10 5
10 4
10 5
10 6
10 5
11 5
11 4
12 4
11 4
10 4
10 3
11 3
11 2
12 2
11 2
12 2
11 2
11 3
11 4
12 4
12 5
12 6
12 5
12 4
12 5
13 5
14 5
15 5
15 4
16 4
17 4
17 3
17 4
17 5
16 5
16 6
15 6
15 7
15 8
16 8
17 8
17 7
17 6
18 6
17 6
16 6
17 6
17 7
17 6
17 5
16 5
16 6
15 6
15 5
15 4
15 3
15 2
15 3
15 4
14 4
13 4
14 4
14 5
14 4
13 4
14 4
14 5
15 5
15 6
15 7
15 8
14 8
14 7
14 6
14 5
13 5
14 5
13 5
13 6
12 6
11 6
10 6
11 6
11 7
11 8
11 9
11 10
10 10
11 10
12 10
13 10
14 10
15 10
15 9
14 9
14 10
14 9
14 8
14 7
15 7
14 7
13 7
14 7
14 6
15 6
14 6
14 7
15 7
15 8
15 7
15 8
14 8
15 8
15 7
15 8
16 8
15 8
14 8
14 9
13 9
14 9
14 10
14 11
14 12
14 11
13 11
13 12
14 12
15 12
15 13
16 13
15 13
15 12
16 12
15 12
16 12
15 12
15 11
14 11
15 11
15 10
14 10
14 11
15 11
15 12
15 11
15 12
16 12
17 12
16 12
15 12
14 12
13 12
14 12
13 12
13 11
14 11
14 12
14 11
14 12
14 11
14 12
14 13
15 13
16 13
17 13
16 13
15 13
14 13
15 13
16 13
16 12
16 13
17 13
17 14
18 14
19 14
20 14
20 15
20 14
20 13
20 12
21 12
21 11
20 11
20 12
20 13
20 14
20 15
19 15
18 15
17 15
18 15
19 15
18 15
18 14
17 14
18 14
17 14
18 14
19 14
20 14
20 13
20 12
20 13
21 13
21 14
21 15
20 15
20 16
20 17
21 17
21 16
21 15
22 15
22 16
21 16
21 15
20 15
21 15
21 14
21 13
20 13
20 14
20 13
20 14
20 15
20 16
20 15
19 15
19 16
19 15
19 16
20 16
19 16
19 17
19 16
19 15
18 15
18 16
17 16
17 15
18 15
18 16
17 16
16 16
15 16
16 16
17 16
17 15
16 15
16 16
16 17
16 16
17 16
17 17
16 17
16 18
16 19
16 20
16 19
17 19
17 18
17 17
17 16
16 16
16 15
17 15
17 14
17 15
18 15
18 14
19 14
19 13
19 12
19 13
19 14
20 14
20 13
20 12
20 11
19 11
20 11
20 12
20 13
19 13
20 13
21 13
21 14
21 13
21 12
21 13
21 12
22 12
22 13
22 14
21 14
22 14
23 14
22 14
22 13
23 13
23 14
23 15
23 16
23 17
22 17
23 17
23 16
24 16
24 17
25 17
25 16
24 16
25 16
25 17
25 18
25 19
25 18
25 19
25 18
26 18
25 18
25 19
26 19
25 19
25 20
25 19
25 20
26 20
26 21
26 22
26 21
26 20
26 19
26 18
26 17
25 17
24 17
24 16
24 15
23 15
23 16
23 15
24 15
24 16
24 15
23 15
23 14
23 15
22 15
23 15
22 15
21 15
21 14
21 15
22 15
21 15
22 15
22 14
22 13
23 13
24 13
24 12
25 12
25 11
25 12
26 12
26 11
27 11
28 11
28 12
29 12
30 12
30 11
31 11
30 11
30 12
30 11
29 11
29 10
30 10
30 9
31 9
32 9
31 9
31 10
31 11
32 11
32 12
32 13
32 14
33 14
34 14
34 13
34 12
33 12
33 13
32 13
32 12
32 11
32 12
32 11
32 10
33 10
33 11
34 11
34 12
35 12
35 11
34 11
34 10
34 11
35 11
36 11
36 10
35 10
36 10
36 9
37 9
37 8
36 8
37 8
38 8
37 8
37 7
37 8
37 7
37 6
37 5
37 6
38 6
37 6
37 7
38 7
39 7
40 7
39 7
39 8
39 7
39 6
38 6
38 5
39 5
40 5
41 5
40 5
41 5
40 5
40 4
39 4
39 5
39 6
39 5
40 5
40 6
40 7
41 7
41 8
41 7
41 6
41 7
41 8
41 9
41 10
41 9
42 9
42 10
42 9
42 8
42 7
43 7
43 8
44 8
44 7
44 6
44 5
44 4
44 5
44 4
44 3
43 3
43 2
43 1
43 0
43 1
44 1
44 2
44 1
45 1
44 1
45 1
45 0
45 1
45 0
46 0
46 1
47 1
46 1
46 2
45 2
46 2
46 1
45 1
45 2
45 3
44 3
43 3
43 4
44 4
45 4
45 3
45 2
46 2
47 2
47 3
48 3
48 4
48 3
49 3
49 2
49 1
49 0
49 1
50 1
49 1
48 1
47 1
47 0
47 1
47 2
46 2
45 2
45 1
45 2
44 2
43 2
42 2
42 1
41 1
40 1
41 1
40 1
40 0
39 0
40 0
41 0
40 0
40 1
40 2
40 1
40 0
40 1
40 2
40 3
41 3
40 3
39 3
40 3
40 2
40 1
41 1
42 1
42 2
42 1
41 1
41 0
41 1
41 2
41 1
41 2
41 1
42 1
42 2
41 2
41 1
41 2
41 1
41 2
40 2
40 3
40 4
40 3
40 4
39 4
38 4
38 5
38 4
38 3
38 4
38 5
39 5
39 6
38 6
37 6
36 6
36 7
37 7
37 6
37 5
37 4
38 4
37 4
36 4
35 4
35 3
34 3
34 4
34 3
35 3
35 2
35 1
35 2
34 2
33 2
33 1
34 1
34 2
34 3
34 4
35 4
35 5
34 5
34 4
33 4
33 5
32 5
33 5
32 5
32 6
33 6
32 6
31 6
31 7
31 8
30 8
30 9
30 10
30 11
29 11
29 12
30 12
31 12
31 11
32 11
31 11
32 11
32 12
32 11
31 11
30 11
29 11
29 12
29 11
30 11
30 12
31 12
32 12
32 13
33 13
33 14
34 14
34 15
34 14
33 14
34 14
35 14
34 14
35 14
36 14
36 15
37 15
38 15
38 14
38 15
37 15
36 15
35 15
35 16
36 16
36 15
37 15
38 15
39 15
40 15
40 14
39 14
38 14
39 14
39 15
38 15
38 14
38 15
37 15
38 15
39 15
40 15
39 15
39 14
38 14
37 14
38 14
39 14
39 15
38 15
37 15
38 15
39 15
38 15
39 15
38 15
39 15
39 16
39 15
39 14
40 14
40 15
41 15
41 16
40 16
39 16
38 16
38 17
39 17
39 18
39 17
40 17
39 17
38 17
38 18
38 19
39 19
40 19
40 20
40 21
39 21
39 20
39 21
39 20
39 19
39 18
38 18
37 18
36 18
36 19
37 19
37 18
38 18
38 17
39 17
39 16
40 16
40 17
