0 0
1 0
2 0
1 0
0 0
1 0
0 0
0 1
0 0
0 1
0 0
0 1
0 2
0 3
0 4
1 4
2 4
3 4
4 4
3 4
3 5
3 6
2 6
2 7
2 8
2 7
2 6
2 5
1 5
0 5
0 6
0 5
1 5
1 6
2 6
2 5
2 4
1 4
0 4
1 4
1 3
1 4
2 4
2 3
2 4
2 5
3 5
4 5
5 5
5 4
5 3
5 4
4 4
5 4
6 4
6 5
6 4
6 3
5 3
5 4
4 4
4 3
3 3
3 2
2 2
3 2
3 3
3 4
4 4
4 3
4 2
3 2
2 2
2 3
2 2
2 1
3 1
3 2
3 1
4 1
3 1
4 1
4 2
4 3
4 2
5 2
5 1
5 2
5 3
6 3
7 3
7 2
8 2
8 1
8 0
8 1
9 1
10 1
10 2
11 2
12 2
13 2
14 2
15 2
15 1
15 0
15 1
16 1
16 2
17 2
16 2
15 2
15 3
15 2
15 1
15 2
14 2
14 1
14 2
13 2
12 2
13 2
13 3
13 2
12 2
12 3
11 3
10 3
10 4
11 4
12 4
13 4
12 4
12 3
12 2
11 2
11 3
12 3
13 3
14 3
15 3
15 2
15 1
16 1
17 1
17 2
18 2
17 2
17 3
16 3
16 4
15 4
15 5
16 5
16 4
16 5
16 4
16 5
15 5
16 5
16 4
15 4
15 3
16 3
15 3
15 4
15 3
14 3
14 4
13 4
14 4
14 3
15 3
16 3
16 4
17 4
18 4
17 4
16 4
15 4
14 4
15 4
15 3
15 2
14 2
14 1
14 0
14 1
14 2
15 2
16 2
16 1
17 1
18 1
18 0
19 0
19 1
20 1
20 2
20 3
19 3
19 2
18 2
18 1
18 0
18 1
17 1
17 0
18 0
18 1
18 0
17 0
18 0
19 0
20 0
20 1
21 1
21 2
21 3
21 4
21 3
21 2
21 1
21 2
22 2
23 2
23 3
23 4
23 3
23 2
23 3
22 3
21 3
22 3
21 3
22 3
21 3
20 3
20 4
19 4
18 4
18 5
18 6
18 5
18 4
18 3
18 4
19 4
20 4
20 5
21 5
21 6
21 7
20 7
20 8
21 8
22 8
23 8
24 8
24 7
24 6
25 6
26 6
27 6
27 7
26 7
26 6
26 5
27 5
26 5
26 4
25 4
24 4
24 5
25 5
25 4
25 3
25 2
25 3
25 4
25 3
26 3
26 2
25 2
24 2
23 2
22 2
22 3
23 3
22 3
22 2
21 2
22 2
22 3
22 2
23 2
22 2
22 1
23 1
22 1
22 0
21 0
21 1
21 0
21 1
20 1
20 2
20 3
21 3
21 4
22 4
22 5
21 5
20 5
20 4
21 4
21 5
21 6
22 6
23 6
24 6
24 7
24 6
24 7
25 7
24 7
23 7
23 8
23 9
22 9
22 8
22 7
22 6
22 7
23 7
24 7
23 7
23 8
23 9
24 9
24 8
23 8
24 8
24 9
24 8
24 7
24 6
24 7
24 6
24 5
24 6
25 6
25 7
25 8
24 8
24 9
24 8
25 8
25 9
25 8
24 8
24 7
25 7
25 8
26 8
27 8
26 8
26 9
25 9
25 8
24 8
23 8
22 8
23 8
24 8
24 7
24 8
24 7
25 7
25 8
25 9
25 10
25 11
25 12
26 12
26 11
25 11
25 12
25 11
25 12
24 12
25 12
26 12
26 11
27 11
27 12
27 11
28 11
27 11
27 12
27 11
27 10
27 11
27 12
28 12
29 12
30 12
30 11
29 11
29 12
29 11
29 10
29 9
29 10
30 10
29 10
30 10
31 10
31 9
30 9
31 9
31 8
30 8
30 9
29 9
28 9
29 9
29 10
29 11
29 10
30 10
30 11
31 11
31 12
32 12
32 13
32 14
31 14
30 14
29 14
29 13
30 13
30 14
30 15
30 14
30 13
31 13
31 12
32 12
33 12
33 11
34 11
34 12
35 12
34 12
35 12
34 12
33 12
33 13
33 14
34 14
34 13
33 13
33 14
33 13
33 12
34 12
33 12
33 11
33 10
33 11
33 12
33 13
34 13
34 14
34 15
33 15
34 15
34 14
35 14
34 14
34 15
33 15
33 16
34 16
35 16
35 15
35 16
35 15
36 15
36 16
37 16
37 17
37 18
37 19
38 19
37 19
37 20
36 20
35 20
34 20
34 21
35 21
34 21
34 20
33 20
32 20
32 19
32 18
32 17
33 17
33 16
32 16
32 15
32 14
33 14
32 14
31 14
32 14
32 15
31 15
30 15
30 16
30 17
29 17
30 17
30 18
29 18
30 18
31 18
31 17
31 18
31 19
31 20
32 20
32 21
32 20
33 20
32 20
31 20
32 20
32 21
32 20
33 20
34 20
33 20
33 21
34 21
35 21
35 20
35 21
36 21
36 22
35 22
35 23
35 24
35 25
36 25
36 26
36 27
36 26
37 26
37 25
37 24
38 24
38 25
39 25
39 24
38 24
39 24
39 25
39 24
39 25
40 25
40 24
40 25
40 24
40 25
40 26
39 26
39 25
39 24
39 23
40 23
40 22
40 23
41 23
41 22
41 23
42 23
41 23
42 23
42 24
41 24
42 24
41 24
41 25
41 24
42 24
41 24
40 24
40 25
40 24
41 24
41 23
41 24
41 23
41 22
41 23
42 23
43 23
43 24
42 24
41 24
40 24
39 24
39 25
40 25
40 24
40 25
40 26
40 27
40 26
40 25
40 24
41 24
42 24
41 24
40 24
40 25
41 25
40 25
39 25
39 26
39 25
38 25
38 24
37 24
38 24
38 25
39 25
39 26
40 26
39 26
40 26
39 26
40 26
40 25
40 24
40 23
41 23
42 23
41 23
40 23
40 24
40 25
40 26
41 26
41 27
41 28
41 29
41 28
41 29
42 29
42 30
42 29
42 28
41 28
42 28
41 28
41 29
42 29
41 29
41 28
41 27
42 27
41 27
41 26
40 26
40 27
39 27
39 28
38 28
39 28
38 28
38 29
39 29
39 30
40 30
40 31
40 32
41 32
41 33
40 33
39 33
40 33
40 34
40 33
39 33
39 32
39 31
38 31
39 31
39 30
39 29
39 30
39 29
38 29
37 29
36 29
35 29
35 30
36 30
36 29
36 30
37 30
36 30
37 30
37 31
37 32
36 32
35 32
36 32
35 32
35 33
35 32
34 32
35 32
36 32
36 31
36 32
36 31
36 32
37 32
36 32
37 32
37 33
36 33
36 32
35 32
35 31
36 31
37 31
37 30
37 31
38 31
37 31
36 31
36 32
37 32
38 32
38 31
39 31
39 30
40 30
40 31
41 31
41 30
41 31
40 31
40 32
40 31
40 32
40 31
40 30
39 30
38 30
38 31
39 31
38 31
38 30
38 29
38 28
38 27
39 27
39 26
39 25
39 26
40 26
40 27
41 27
40 27
39 27
39 26
39 25
38 25
37 25
38 25
39 25
38 25
37 25
36 25
37 25
38 25
39 25
39 24
39 23
39 24
38 24
38 25
37 25
37 26
38 26
38 25
37 25
37 26
37 25
37 26
36 26
35 26
34 26
33 26
33 25
32 25
33 25
33 26
34 26
35 26
35 25
35 24
35 23
35 24
35 25
36 25
36 26
35 26
35 27
36 27
37 27
37 28
36 28
35 28
34 28
34 29
35 29
34 29
33 29
34 29
33 29
32 29
32 30
32 31
32 32
33 32
32 32
31 32
30 32
30 33
30 32
29 32
30 32
31 32
30 32
29 32
30 32
29 32
28 32
28 31
27 31
27 32
27 33
28 33
28 32
28 31
28 30
29 30
29 29
30 29
31 29
30 29
30 30
31 30
30 30
29 30
28 30
28 29
27 29
27 30
26 30
26 31
26 30
27 30
26 30
26 31
25 31
26 31
25 31
26 31
25 31
24 31
25 31
25 30
25 31
26 31
26 30
26 29
27 29
26 29
26 28
25 28
24 28
24 29
24 28
24 29
23 29
24 29
25 29
26 29
27 29
26 29
26 30
26 31
25 31
25 32
26 32
26 33
27 33
28 33
29 33
29 34
29 33
29 34
29 33
29 34
29 35
30 35
30 34
31 34
32 34
31 34
31 35
31 36
30 36
30 35
29 35
30 35
31 35
31 36
31 35
31 34
31 35
31 34
30 34
29 34
29 35
29 36
30 36
30 37
29 37
30 37
29 37
30 37
30 38
30 39
31 39
30 39
30 40
30 41
30 40
30 39
29 39
29 40
29 39
29 38
30 38
31 38
32 38
31 38
31 39
31 38
30 38
30 39
30 38
30 37
30 38
31 38
31 37
31 38
31 39
30 39
31 39
31 40
31 41
31 40
31 41
31 40
32 40
32 39
32 40
32 39
31 39
31 38
32 38
32 39
32 40
32 39
32 40
32 39
32 40
32 41
