0 0
1 0
2 0
1 0
1 1
1 2
1 3
1 4
0 4
1 4
0 4
1 4
1 5
1 4
2 4
3 4
3 5
3 6
2 6
2 7
2 8
2 9
1 9
0 9
1 9
0 9
1 9
0 9
1 9
1 10
2 10
1 10
1 11
2 11
3 11
3 12
2 12
2 13
3 13
3 12
4 12
4 13
4 14
4 15
4 14
3 14
2 14
2 15
2 16
3 16
4 16
5 16
5 17
6 17
7 17
7 18
7 19
8 19
8 18
7 18
7 19
6 19
6 20
6 21
7 21
7 20
8 20
7 20
7 19
8 19
9 19
10 19
11 19
11 18
10 18
11 18
12 18
12 19
12 20
12 21
13 21
12 21
12 22
12 21
11 21
11 20
10 20
10 19
10 18
10 19
10 18
11 18
11 17
10 17
10 18
10 17
11 17
12 17
11 17
10 17
10 18
10 19
11 19
12 19
13 19
14 19
14 18
14 19
14 20
13 20
13 19
12 19
12 20
12 19
12 20
11 20
10 20
11 20
12 20
13 20
12 20
12 19
11 19
12 19
13 19
12 19
11 19
11 20
11 21
11 22
11 21
12 21
11 21
10 21
10 20
10 21
10 22
9 22
9 21
8 21
9 21
8 21
7 21
6 21
7 21
7 20
7 21
8 21
8 22
8 21
8 20
7 20
6 20
5 20
6 20
5 20
6 20
5 20
5 19
5 20
4 20
3 20
3 21
4 21
5 21
4 21
4 22
5 22
6 22
6 23
7 23
7 24
7 25
7 26
7 25
8 25
8 24
7 24
8 24
9 24
8 24
8 23
8 22
9 22
9 21
8 21
9 21
10 21
10 22
11 22
11 21
11 20
10 20
9 20
9 19
9 18
9 17
10 17
9 17
10 17
10 18
10 19
11 19
12 19
12 18
12 19
12 20
12 21
12 22
12 21
12 20
12 19
12 18
12 19
11 19
12 19
13 19
13 18
12 18
13 18
12 18
11 18
11 19
11 20
11 19
12 19
12 20
12 21
12 20
12 21
12 22
12 23
11 23
10 23
10 22
9 22
8 22
8 23
7 23
7 22
7 21
6 21
6 22
6 21
6 22
6 21
5 21
4 21
3 21
3 22
3 23
3 22
3 23
3 24
4 24
4 23
4 22
5 22
5 23
5 22
5 21
5 22
4 22
4 21
5 21
5 20
5 21
5 22
5 21
6 21
5 21
6 21
6 22
6 23
5 23
6 23
5 23
5 24
4 24
4 25
4 24
4 25
4 26
5 26
5 25
4 25
3 25
4 25
4 24
5 24
4 24
3 24
3 23
2 23
3 23
4 23
4 22
4 21
4 22
5 22
6 22
7 22
7 23
7 24
7 23
6 23
5 23
6 23
7 23
7 24
7 23
7 24
8 24
9 24
8 24
8 23
7 23
8 23
9 23
8 23
7 23
7 22
8 22
9 22
9 21
10 21
11 21
11 20
12 20
12 21
12 22
11 22
12 22
13 22
13 21
12 21
12 22
11 22
10 22
11 22
10 22
11 22
11 23
11 24
10 24
10 25
11 25
11 24
12 24
12 25
13 25
13 26
13 25
13 26
12 26
12 27
12 28
13 28
13 27
14 27
15 27
16 27
17 27
16 27
16 26
17 26
16 26
17 26
17 27
18 27
19 27
19 26
19 25
19 26
20 26
19 26
19 25
19 26
20 26
21 26
21 25
22 25
22 24
22 23
21 23
21 24
22 24
22 23
22 24
22 23
22 24
21 24
21 25
20 25
19 25
19 26
19 27
18 27
19 27
19 26
20 26
20 27
20 28
21 28
21 29
21 28
21 29
21 30
21 29
22 29
22 30
22 31
21 31
21 30
22 30
21 30
21 31
21 32
22 32
22 31
23 31
23 30
23 31
23 30
23 29
24 29
23 29
24 29
23 29
23 30
22 30
22 31
22 32
23 32
24 32
25 32
26 32
26 31
26 32
26 31
26 30
25 30
24 30
24 29
24 30
24 31
23 31
24 31
24 32
24 33
24 34
25 34
24 34
24 35
25 35
26 35
26 34
26 35
27 35
27 34
26 34
26 35
25 35
25 34
24 34
24 35
23 35
22 35
22 34
22 35
21 35
21 34
22 34
22 35
22 34
23 34
23 35
23 34
22 34
23 34
23 35
23 34
23 35
24 35
23 35
24 35
25 35
24 35
23 35
23 34
22 34
21 34
22 34
22 33
22 32
22 31
22 30
21 30
22 30
23 30
23 31
23 30
24 30
24 29
25 29
25 30
26 30
26 31
26 32
27 32
28 32
28 31
28 30
27 30
28 30
27 30
27 31
27 32
28 32
28 33
29 33
30 33
29 33
29 32
30 32
31 32
31 31
31 32
31 33
31 32
31 33
31 34
31 33
31 32
32 32
33 32
32 32
33 32
34 32
33 32
32 32
32 33
31 33
32 33
31 33
32 33
32 32
32 33
33 33
33 34
33 33
33 34
32 34
32 33
31 33
30 33
30 32
31 32
32 32
31 32
32 32
33 32
33 31
34 31
34 30
35 30
35 29
36 29
36 30
36 31
37 31
37 32
37 33
36 33
36 34
36 35
36 34
37 34
36 34
36 33
37 33
36 33
36 34
35 34
35 35
36 35
35 35
36 35
36 36
36 35
36 36
37 36
37 37
36 37
36 38
36 39
35 39
36 39
36 38
36 39
37 39
37 38
37 39
38 39
38 40
39 40
38 40
39 40
39 39
38 39
37 39
38 39
37 39
38 39
37 39
38 39
39 39
40 39
40 38
40 39
39 39
40 39
40 38
41 38
42 38
42 37
42 36
42 35
41 35
41 34
40 34
40 33
39 33
38 33
38 34
39 34
39 33
38 33
38 32
38 31
38 32
38 33
39 33
40 33
40 32
40 31
40 32
40 31
41 31
41 32
42 32
41 32
42 32
41 32
42 32
41 32
42 32
43 32
43 31
43 30
43 31
43 32
43 33
43 32
42 32
43 32
43 33
44 33
45 33
45 32
45 33
45 34
45 35
46 35
46 34
47 34
48 34
47 34
47 35
48 35
49 35
48 35
49 35
49 34
49 33
49 32
50 32
50 33
50 34
51 34
51 33
52 33
51 33
51 32
50 32
50 33
49 33
49 34
50 34
51 34
52 34
52 35
53 35
54 35
53 35
53 34
53 33
52 33
51 33
51 32
51 31
50 31
49 31
49 32
49 31
49 30
49 29
48 29
48 30
48 31
47 31
47 32
47 33
46 33
45 33
45 34
45 35
46 35
47 35
47 34
46 34
46 35
45 35
45 36
46 36
46 37
45 37
44 37
44 38
43 38
42 38
43 38
44 38
44 39
45 39
44 39
45 39
45 40
46 40
45 40
45 41
44 41
43 41
43 40
43 41
43 40
44 40
43 40
42 40
41 40
41 41
42 41
41 41
41 42
41 43
41 42
41 41
40 41
39 41
39 40
39 39
38 39
39 39
39 38
40 38
39 38
38 38
38 39
38 38
38 37
39 37
39 36
40 36
41 36
41 37
40 37
41 37
41 38
40 38
40 37
39 37
38 37
38 38
38 39
37 39
38 39
37 39
37 40
37 41
37 40
37 39
37 40
37 41
37 40
36 40
36 39
35 39
34 39
34 40
33 40
33 39
33 38
33 37
33 36
34 36
34 35
34 34
34 33
34 34
34 33
34 32
34 33
34 34
33 34
33 33
32 33
31 33
31 34
32 34
32 35
31 35
31 34
30 34
31 34
31 33
30 33
30 34
30 35
29 35
28 35
27 35
26 35
25 35
26 35
25 35
25 34
25 35
24 35
23 35
23 34
24 34
24 33
25 33
24 33
25 33
25 34
26 34
27 34
26 34
26 33
25 33
25 34
25 35
25 34
26 34
26 35
26 34
26 33
27 33
26 33
27 33
27 32
26 32
26 31
25 31
24 31
25 31
26 31
26 32
26 33
26 34
26 35
26 36
26 37
25 37
24 37
24 38
25 38
26 38
26 39
25 39
24 39
24 40
24 39
23 39
23 40
22 40
21 40
21 39
22 39
22 40
22 41
21 41
21 40
21 39
21 40
21 39
21 40
22 40
22 41
21 41
22 41
22 42
23 42
23 43
24 43
23 43
23 42
22 42
21 42
22 42
22 41
22 42
21 42
22 42
23 42
22 42
22 41
21 41
21 42
21 41
20 41
19 41
20 41
20 40
21 40
22 40
23 40
23 39
23 40
24 40
25 40
26 40
27 40
27 41
26 41
27 41
27 42
27 43
28 43
29 43
28 43
28 44
28 45
27 45
26 45
26 46
27 46
26 46
26 47
26 46
25 46
25 47
25 48
24 48
24 49
25 49
24 49
24 48
24 49
24 48
25 48
25 47
24 47
23 47
22 47
23 47
24 47
25 47
24 47
24 46
23 46
22 46
22 45
22 44
22 45
22 46
22 45
22 44
22 45
23 45
23 44
23 45
23 44
23 43
22 43
23 43
23 42
23 43
23 42
