0 0
0 1
0 0
1 0
0 0
1 0
0 0
0 1
0 2
1 2
1 3
1 4
1 3
1 4
2 4
1 4
1 3
0 3
1 3
1 2
2 2
2 3
2 4
2 3
1 3
1 2
1 1
1 2
2 2
3 2
2 2
3 2
4 2
4 1
3 1
2 1
1 1
1 0
1 1
1 2
1 1
2 1
2 2
2 3
3 3
3 4
3 5
4 5
5 5
6 5
6 6
6 7
6 6
6 5
6 6
6 7
7 7
7 6
6 6
5 6
4 6
3 6
3 7
4 7
3 7
2 7
2 6
3 6
3 7
3 8
4 8
5 8
5 9
5 10
4 10
5 10
5 11
6 11
6 10
6 9
6 10
5 10
5 9
5 8
5 7
4 7
5 7
5 6
6 6
5 6
5 7
5 6
4 6
3 6
3 7
4 7
4 6
4 7
3 7
2 7
2 6
2 5
3 5
2 5
1 5
1 4
1 3
0 3
0 2
0 3
1 3
0 3
0 4
0 3
1 3
1 4
2 4
2 3
2 2
2 3
1 3
0 3
0 2
0 3
1 3
0 3
0 4
0 3
0 2
0 1
1 1
0 1
1 1
1 0
1 1
1 2
1 3
1 4
2 4
2 3
2 4
3 4
4 4
4 3
3 3
4 3
4 2
4 1
4 0
5 0
4 0
4 1
4 0
4 1
5 1
5 2
5 3
4 3
4 4
4 5
4 4
5 4
4 4
3 4
2 4
2 5
2 4
1 4
1 5
1 6
1 5
0 5
1 5
1 6
1 7
0 7
1 7
1 8
2 8
2 7
2 8
1 8
1 9
1 8
0 8
1 8
1 7
0 7
0 6
0 5
1 5
1 4
0 4
0 3
0 4
1 4
0 4
1 4
1 3
1 2
0 2
0 1
1 1
2 1
1 1
2 1
3 1
3 2
4 2
3 2
3 1
3 2
3 3
2 3
3 3
3 4
2 4
1 4
1 5
1 6
2 6
2 5
1 5
1 6
0 6
0 7
1 7
2 7
2 6
2 5
2 6
2 7
2 6
2 7
2 6
2 5
2 6
2 5
2 6
2 5
2 6
3 6
2 6
1 6
2 6
1 6
2 6
1 6
1 7
1 8
1 9
1 8
0 8
0 7
1 7
0 7
1 7
0 7
0 8
1 8
2 8
1 8
0 8
0 7
1 7
1 8
2 8
2 9
1 9
0 9
0 8
1 8
2 8
2 9
2 10
1 10
2 10
2 11
1 11
1 12
2 12
2 13
2 14
1 14
0 14
0 15
0 14
0 13
0 14
1 14
1 15
1 16
2 16
1 16
0 16
0 15
0 14
1 14
2 14
3 14
2 14
2 13
2 14
3 14
2 14
3 14
3 15
3 16
4 16
4 15
3 15
4 15
4 16
5 16
6 16
5 16
5 17
5 18
5 19
5 18
5 17
5 16
5 17
6 17
6 16
7 16
8 16
9 16
10 16
11 16
11 15
10 15
10 16
11 16
12 16
12 17
13 17
12 17
13 17
14 17
15 17
15 16
16 16
16 17
16 18
15 18
15 17
15 16
16 16
16 15
17 15
17 14
16 14
16 15
16 16
15 16
15 17
14 17
14 18
13 18
12 18
11 18
10 18
9 18
9 19
10 19
10 18
11 18
10 18
10 17
9 17
9 18
8 18
8 17
9 17
8 17
7 17
7 16
6 16
5 16
4 16
3 16
4 16
3 16
4 16
4 15
4 14
5 14
5 15
5 14
6 14
6 13
6 12
5 12
5 11
6 11
6 12
5 12
4 12
4 13
4 14
4 13
5 13
6 13
6 14
7 14
7 15
7 16
8 16
7 16
7 17
7 16
6 16
7 16
7 15
7 16
6 16
7 16
7 17
7 18
7 19
7 20
6 20
6 21
6 22
6 23
7 23
7 22
8 22
9 22
9 23
8 23
7 23
7 22
7 23
7 24
7 25
6 25
7 25
7 24
7 23
8 23
7 23
7 24
8 24
8 25
8 26
9 26
9 25
10 25
9 25
8 25
8 24
7 24
7 23
8 23
7 23
8 23
8 22
7 22
6 22
5 22
5 21
5 20
6 20
5 20
6 20
6 21
6 22
6 21
5 21
5 20
5 19
6 19
6 20
5 20
5 19
4 19
3 19
4 19
4 18
5 18
6 18
6 17
7 17
7 18
6 18
6 19
5 19
6 19
7 19
7 20
6 20
7 20
6 20
6 19
6 18
5 18
6 18
6 19
7 19
8 19
9 19
10 19
10 18
9 18
9 19
9 20
9 19
10 19
11 19
11 20
10 20
10 21
10 22
9 22
9 21
10 21
10 20
10 21
11 21
10 21
10 22
10 21
9 21
9 20
8 20
8 19
9 19
9 18
9 17
10 17
11 17
11 16
11 15
11 14
10 14
9 14
8 14
9 14
9 15
10 15
10 14
9 14
9 13
9 12
9 11
8 11
8 12
8 13
8 14
7 14
7 15
7 14
6 14
6 15
5 15
5 14
5 13
6 13
6 12
7 12
8 12
8 13
9 13
10 13
10 12
10 13
11 13
10 13
11 13
10 13
10 12
10 13
11 13
12 13
13 13
13 14
13 15
13 16
14 16
14 17
14 16
15 16
16 16
16 17
15 17
16 17
16 18
15 18
16 18
16 19
15 19
14 19
13 19
14 19
14 18
14 17
14 16
14 15
14 16
15 16
15 17
16 17
16 18
17 18
18 18
18 17
18 16
18 17
19 17
19 16
19 17
20 17
19 17
19 16
19 15
19 14
19 13
19 14
19 15
18 15
18 16
17 16
18 16
17 16
18 16
19 16
19 17
19 18
18 18
18 19
18 20
18 19
17 19
18 19
18 20
18 21
19 21
18 21
18 22
17 22
17 23
17 24
18 24
19 24
20 24
20 23
20 22
20 23
20 24
20 25
20 26
20 27
19 27
19 28
19 27
19 28
19 27
19 26
20 26
21 26
22 26
23 26
24 26
25 26
25 27
24 27
25 27
26 27
27 27
27 26
26 26
25 26
26 26
27 26
27 25
27 24
28 24
28 25
27 25
28 25
28 24
27 24
27 25
26 25
26 26
25 26
25 25
24 25
24 24
24 23
24 22
25 22
24 22
25 22
25 23
26 23
25 23
25 24
25 23
26 23
27 23
27 24
27 25
27 26
28 26
29 26
28 26
28 27
28 28
27 28
26 28
26 27
25 27
25 26
26 26
25 26
25 25
26 25
25 25
26 25
26 26
27 26
26 26
26 25
26 24
26 25
26 24
27 24
26 24
26 25
27 25
26 25
27 25
28 25
28 26
28 25
27 25
27 26
26 26
26 27
26 28
26 27
27 27
27 28
28 28
29 28
30 28
30 27
29 27
29 26
29 25
28 25
28 24
29 24
30 24
29 24
29 25
29 26
29 27
28 27
27 27
27 28
26 28
25 28
26 28
26 27
27 27
27 28
27 29
27 30
26 30
25 30
24 30
24 31
24 30
25 30
24 30
24 29
25 29
26 29
26 30
26 29
27 29
28 29
28 30
27 30
27 29
26 29
26 28
26 29
26 28
26 29
26 30
26 29
25 29
25 30
26 30
26 31
26 32
25 32
26 32
27 32
26 32
25 32
26 32
26 33
26 32
26 31
26 30
25 30
25 31
24 31
25 31
26 31
27 31
26 31
26 32
26 31
26 32
25 32
25 31
24 31
25 31
25 30
26 30
26 29
27 29
28 29
28 30
28 31
28 30
28 31
29 31
28 31
27 31
26 31
25 31
25 32
25 33
24 33
25 33
26 33
25 33
25 32
24 32
24 33
23 33
24 33
23 33
22 33
22 32
21 32
22 32
22 31
21 31
20 31
21 31
20 31
20 30
20 29
21 29
22 29
21 29
22 29
22 28
22 27
21 27
22 27
21 27
20 27
19 27
20 27
19 27
19 26
20 26
21 26
22 26
23 26
22 26
22 27
23 27
23 28
23 29
24 29
24 28
24 27
24 28
24 29
24 30
24 31
23 31
23 32
23 31
22 31
21 31
21 30
21 31
21 32
21 33
20 33
21 33
21 34
21 35
20 35
20 34
19 34
19 33
18 33
18 32
18 31
17 31
16 31
17 31
17 32
16 32
15 32
15 33
16 33
16 32
16 31
16 32
15 32
16 32
16 33
17 33
17 34
17 35
17 36
17 37
16 37
16 36
16 35
15 35
16 35
15 35
16 35
17 35
16 35
16 34
16 35
16 36
16 37
16 36
16 35
17 35
18 35
18 36
18 35
18 34
18 33
18 34
19 34
19 35
18 35
18 34
17 34
17 35
17 36
17 37
17 36
18 36
19 36
19 35
18 35
17 35
18 35
18 34
18 35
19 35
20 35
20 34
21 34
21 33
22 33
21 33
20 33
21 33
20 33
20 32
20 31
20 30
20 31
19 31
19 30
18 30
18 29
18 28
18 29
18 30
18 29
17 29
17 30
17 29
17 30
16 30
17 30
18 30
17 30
