0 0
1 0
1 1
1 2
1 1
1 2
0 2
1 2
1 1
1 2
2 2
2 1
2 0
2 1
2 2
2 1
2 0
1 0
1 1
1 0
1 1
1 2
1 1
2 1
2 2
3 2
3 3
3 4
4 4
4 3
4 4
4 3
3 3
3 4
4 4
4 3
3 3
3 2
3 3
4 3
4 2
5 2
5 1
5 0
5 1
4 1
3 1
2 1
2 2
3 2
2 2
2 3
3 3
3 4
3 3
2 3
1 3
1 2
2 2
3 2
3 1
3 2
3 3
3 2
2 2
1 2
2 2
3 2
2 2
1 2
1 3
0 3
0 4
1 4
0 4
0 5
0 4
1 4
1 5
1 6
0 6
1 6
0 6
1 6
1 5
1 4
1 5
0 5
1 5
2 5
2 6
2 7
2 6
2 5
1 5
1 4
0 4
1 4
1 3
1 2
2 2
2 1
1 1
1 2
2 2
2 3
1 3
0 3
0 2
0 3
1 3
0 3
0 4
0 3
0 4
0 3
0 2
0 1
0 2
0 3
0 4
0 5
0 4
1 4
1 3
0 3
0 4
1 4
0 4
0 5
0 4
0 3
1 3
1 4
2 4
3 4
3 3
2 3
2 4
3 4
3 3
2 3
1 3
0 3
1 3
1 4
1 3
2 3
2 2
2 1
1 1
1 0
1 1
1 0
1 1
1 0
1 1
1 2
1 3
0 3
0 4
0 3
1 3
2 3
2 2
2 3
3 3
3 2
4 2
4 3
5 3
6 3
7 3
8 3
7 3
6 3
6 4
6 5
7 5
7 6
8 6
7 6
7 5
7 6
7 5
6 5
6 4
7 4
8 4
8 3
9 3
10 3
10 2
11 2
12 2
12 1
13 1
14 1
15 1
14 1
14 2
14 3
14 2
13 2
12 2
13 2
12 2
12 1
12 2
13 2
12 2
12 1
12 2
12 3
12 2
11 2
11 3
10 3
11 3
11 2
10 2
10 1
9 1
9 0
9 1
10 1
11 1
11 2
11 3
10 3
10 2
10 3
10 2
10 1
9 1
9 2
10 2
11 2
12 2
12 1
11 1
11 0
12 0
11 0
11 1
12 1
13 1
14 1
14 0
15 0
16 0
16 1
17 1
17 0
17 1
18 1
18 2
18 3
17 3
16 3
16 2
16 1
16 0
16 1
17 1
17 2
16 2
16 3
17 3
18 3
18 2
18 3
18 4
19 4
19 3
20 3
20 2
20 3
20 2
20 3
20 2
20 1
19 1
18 1
18 0
18 1
18 0
19 0
18 0
18 1
18 0
18 1
17 1
17 0
18 0
19 0
18 0
19 0
18 0
18 1
19 1
19 2
19 1
19 2
19 1
19 0
18 0
18 1
18 0
19 0
20 0
19 0
20 0
20 1
19 1
18 1
19 1
19 0
20 0
21 0
22 0
21 0
21 1
22 1
23 1
23 0
23 1
24 1
23 1
24 1
24 0
25 0
25 1
25 0
25 1
25 0
25 1
26 1
26 2
26 1
25 1
25 2
26 2
26 3
25 3
25 2
26 2
26 1
27 1
26 1
26 0
26 1
26 2
26 1
26 0
26 1
26 0
27 0
26 0
26 1
25 1
24 1
24 0
24 1
23 1
23 0
24 0
24 1
23 1
24 1
23 1
24 1
25 1
26 1
25 1
24 1
23 1
22 1
21 1
20 1
20 2
19 2
19 3
19 2
19 3
19 4
20 4
20 5
21 5
21 6
20 6
20 7
20 6
21 6
21 7
21 8
20 8
20 7
20 6
19 6
18 6
19 6
19 7
19 8
19 7
18 7
18 6
19 6
18 6
18 5
18 6
18 5
18 4
18 5
19 5
18 5
18 6
18 7
17 7
16 7
17 7
17 6
18 6
18 5
18 4
18 5
18 4
18 5
18 6
18 5
17 5
18 5
18 4
18 3
19 3
19 2
19 3
19 2
19 3
20 3
21 3
20 3
20 2
19 2
19 1
19 2
19 3
20 3
21 3
22 3
22 4
21 4
21 3
20 3
20 2
19 2
19 1
20 1
20 2
21 2
20 2
20 1
20 0
20 1
21 1
22 1
23 1
24 1
23 1
23 0
24 0
24 1
23 1
22 1
22 0
23 0
24 0
25 0
25 1
24 1
24 0
24 1
25 1
26 1
26 2
26 3
26 2
25 2
26 2
26 1
26 0
25 0
24 0
25 0
26 0
26 1
26 2
26 3
27 3
26 3
26 2
26 3
26 4
25 4
25 5
26 5
26 6
25 6
26 6
25 6
25 7
26 7
27 7
28 7
28 6
29 6
29 7
28 7
28 8
28 9
28 8
27 8
26 8
27 8
27 9
27 8
26 8
26 7
27 7
27 6
27 5
28 5
27 5
27 6
27 7
27 8
28 8
27 8
26 8
26 7
25 7
25 6
24 6
25 6
26 6
27 6
28 6
27 6
27 7
26 7
26 8
26 7
27 7
26 7
26 6
26 5
26 4
26 3
27 3
27 2
28 2
28 1
29 1
28 1
28 2
29 2
30 2
29 2
29 1
29 0
30 0
31 0
30 0
30 1
31 1
32 1
33 1
32 1
32 2
31 2
32 2
31 2
30 2
29 2
30 2
30 3
30 2
30 1
29 1
29 2
30 2
31 2
31 3
30 3
30 4
31 4
30 4
31 4
31 5
30 5
30 6
29 6
29 7
30 7
31 7
31 8
31 9
30 9
30 10
29 10
30 10
31 10
30 10
31 10
30 10
31 10
32 10
32 11
32 10
31 10
31 11
31 12
32 12
32 13
32 12
32 13
33 13
33 12
33 11
33 10
32 10
33 10
32 10
32 11
32 12
31 12
32 12
32 13
32 12
32 13
33 13
32 13
31 13
32 13
32 14
33 14
32 14
33 14
33 13
33 12
33 11
33 10
34 10
35 10
36 10
35 10
36 10
36 11
35 11
36 11
36 10
35 10
36 10
36 11
36 12
37 12
38 12
38 11
37 11
38 11
37 11
37 10
37 11
38 11
38 10
38 9
39 9
38 9
39 9
38 9
39 9
40 9
40 8
40 7
41 7
41 8
40 8
41 8
40 8
41 8
42 8
43 8
42 8
43 8
43 9
43 8
44 8
43 8
43 7
44 7
44 8
45 8
45 9
45 10
45 9
46 9
46 10
46 9
46 8
45 8
46 8
47 8
47 7
46 7
47 7
47 6
46 6
46 7
45 7
44 7
45 7
45 8
46 8
46 9
46 10
46 9
46 8
45 8
46 8
46 7
45 7
46 7
47 7
47 8
46 8
47 8
47 9
46 9
47 9
47 10
46 10
47 10
48 10
48 11
49 11
48 11
48 12
48 13
49 13
50 13
50 12
50 11
49 11
49 10
48 10
48 9
48 8
48 9
48 10
48 11
49 11
49 10
49 11
48 11
47 11
46 11
47 11
47 10
48 10
48 9
49 9
48 9
48 10
49 10
49 11
50 11
51 11
51 12
51 11
51 12
52 12
52 13
53 13
53 14
53 15
52 15
52 14
52 15
52 16
51 16
52 16
53 16
52 16
52 17
51 17
50 17
51 17
51 18
51 19
50 19
50 20
50 21
51 21
52 21
52 22
51 22
50 22
49 22
49 21
49 22
49 21
48 21
48 20
48 21
49 21
48 21
49 21
48 21
48 22
48 23
49 23
48 23
49 23
49 24
49 25
49 26
49 27
49 28
49 27
50 27
49 27
50 27
51 27
52 27
53 27
53 26
53 25
52 25
52 26
51 26
52 26
52 25
51 25
52 25
52 24
53 24
53 23
53 24
53 25
52 25
51 25
51 26
50 26
49 26
50 26
50 27
51 27
51 28
51 27
50 27
50 26
50 25
50 24
49 24
49 23
48 23
48 24
49 24
49 25
48 25
47 25
46 25
46 26
46 25
47 25
47 26
48 26
48 27
48 26
48 25
49 25
48 25
48 24
48 25
48 24
49 24
49 23
50 23
50 24
51 24
51 23
50 23
51 23
51 22
52 22
52 21
52 22
53 22
52 22
52 21
51 21
51 20
51 21
51 20
52 20
52 21
51 21
51 20
51 21
52 21
51 21
50 21
50 22
50 21
51 21
51 20
52 20
51 20
50 20
50 19
50 20
51 20
50 20
50 21
50 22
50 23
50 24
49 24
50 24
49 24
50 24
50 23
49 23
49 22
49 21
48 21
49 21
49 22
49 21
49 20
49 19
48 19
48 20
48 21
49 21
50 21
50 22
50 23
49 23
48 23
48 22
48 21
49 21
48 21
48 20
49 20
48 20
48 19
48 20
47 20
46 20
47 20
47 21
47 22
47 23
47 24
46 24
46 23
46 22
46 21
45 21
44 21
45 21
45 20
45 19
45 20
46 20
46 21
46 20
47 20
47 21
46 21
46 22
45 22
45 21
45 20
46 20
47 20
47 19
48 19
49 19
48 19
47 19
46 19
46 20
46 21
47 21
47 20
47 21
47 22
