0 0
0 1
1 1
1 0
2 0
1 0
0 0
0 1
0 0
1 0
0 0
1 0
0 0
0 1
0 0
0 1
1 1
2 1
2 0
2 1
2 0
1 0
1 1
1 0
0 0
0 1
1 1
2 1
1 1
0 1
1 1
1 0
2 0
1 0
1 1
0 1
1 1
2 1
3 1
3 2
3 3
3 4
2 4
3 4
3 5
3 6
4 6
4 7
4 6
4 7
3 7
3 6
2 6
3 6
3 5
3 6
3 5
3 4
3 5
4 5
4 6
4 5
5 5
5 6
6 6
6 7
5 7
5 6
4 6
4 7
5 7
6 7
6 8
7 8
7 7
8 7
9 7
9 6
9 5
8 5
9 5
9 6
9 7
9 8
10 8
9 8
9 7
10 7
9 7
8 7
8 6
9 6
9 7
9 8
9 7
10 7
10 8
9 8
9 7
9 6
9 7
10 7
10 8
10 9
9 9
8 9
7 9
8 9
8 8
8 9
7 9
7 8
7 9
7 10
6 10
6 9
5 9
6 9
6 8
6 7
6 6
5 6
5 7
5 6
6 6
6 7
6 6
7 6
7 7
7 6
7 7
7 8
8 8
8 9
8 10
8 9
9 9
10 9
11 9
12 9
12 10
11 10
11 9
12 9
11 9
10 9
11 9
11 10
11 9
11 10
10 10
10 11
11 11
10 11
10 12
9 12
9 13
10 13
11 13
10 13
10 14
9 14
9 13
9 12
8 12
9 12
8 12
7 12
6 12
6 13
7 13
7 12
6 12
6 11
6 10
7 10
8 10
7 10
8 10
8 9
8 10
8 11
8 10
7 10
8 10
9 10
10 10
9 10
10 10
11 10
12 10
11 10
11 9
11 8
11 9
10 9
9 9
8 9
8 10
7 10
7 9
7 8
7 7
6 7
5 7
4 7
3 7
4 7
3 7
4 7
4 6
4 5
5 5
6 5
6 4
7 4
6 4
5 4
5 5
4 5
5 5
4 5
4 6
5 6
6 6
5 6
5 7
5 6
5 5
6 5
6 6
5 6
5 7
6 7
6 8
6 9
6 8
6 7
5 7
6 7
7 7
8 7
8 6
8 5
8 6
8 7
7 7
8 7
9 7
10 7
9 7
8 7
8 8
8 7
7 7
8 7
8 8
8 7
8 6
9 6
10 6
9 6
9 7
9 8
9 7
8 7
8 6
8 5
7 5
6 5
6 4
6 5
6 4
6 5
7 5
8 5
8 4
9 4
9 5
8 5
9 5
9 4
9 3
10 3
11 3
10 3
9 3
9 4
9 5
8 5
7 5
6 5
5 5
5 4
5 5
4 5
4 4
3 4
4 4
3 4
4 4
5 4
5 5
5 6
5 7
5 8
6 8
6 7
6 6
7 6
7 5
7 4
7 5
8 5
7 5
6 5
6 4
6 5
7 5
7 6
6 6
6 5
6 4
7 4
8 4
9 4
9 3
9 2
8 2
9 2
9 1
9 2
8 2
8 3
8 4
8 5
8 6
7 6
7 7
6 7
7 7
7 6
7 5
8 5
8 4
9 4
9 3
9 4
8 4
9 4
9 3
9 4
9 5
9 6
9 7
10 7
9 7
8 7
7 7
8 7
9 7
10 7
10 8
10 9
10 8
11 8
10 8
11 8
10 8
10 9
11 9
12 9
12 8
11 8
10 8
10 9
11 9
12 9
11 9
11 10
11 9
12 9
13 9
14 9
13 9
13 10
14 10
14 9
15 9
15 10
15 9
14 9
14 8
13 8
12 8
11 8
12 8
12 9
12 8
13 8
13 9
14 9
14 8
14 7
15 7
16 7
15 7
15 6
15 5
15 4
16 4
15 4
14 4
15 4
14 4
15 4
16 4
16 5
16 4
17 4
18 4
19 4
18 4
18 5
18 6
19 6
19 5
19 6
19 7
20 7
20 8
19 8
19 7
19 8
19 9
19 8
20 8
20 9
21 9
21 10
22 10
22 9
22 10
21 10
20 10
20 11
20 10
20 11
20 12
19 12
20 12
20 13
20 14
20 13
20 12
20 13
20 14
19 14
18 14
18 15
18 16
19 16
20 16
20 15
20 16
20 17
21 17
20 17
19 17
18 17
18 18
19 18
20 18
21 18
22 18
22 17
23 17
24 17
24 18
23 18
23 17
24 17
24 16
23 16
23 15
22 15
21 15
21 16
21 15
22 15
22 16
21 16
20 16
21 16
22 16
21 16
20 16
20 15
19 15
19 16
18 16
19 16
20 16
20 17
20 18
20 17
21 17
21 16
22 16
22 15
22 14
21 14
22 14
23 14
23 13
22 13
22 12
23 12
22 12
22 11
23 11
24 11
25 11
25 12
25 13
24 13
24 14
24 15
24 16
24 15
24 16
24 15
24 16
23 16
22 16
21 16
22 16
22 17
22 18
21 18
21 17
21 16
22 16
22 17
22 16
23 16
23 17
22 17
23 17
24 17
24 18
25 18
25 19
25 20
24 20
23 20
24 20
24 21
23 21
23 20
22 20
22 21
22 20
21 20
21 19
20 19
19 19
19 18
19 17
18 17
18 16
19 16
19 15
18 15
19 15
18 15
18 14
19 14
19 13
18 13
19 13
18 13
17 13
17 14
17 13
17 12
18 12
19 12
19 11
18 11
17 11
18 11
18 10
18 9
18 10
19 10
20 10
19 10
19 9
18 9
19 9
19 8
19 9
18 9
18 8
18 7
19 7
19 6
20 6
19 6
18 6
18 7
18 8
18 7
18 8
18 9
18 10
17 10
17 11
18 11
18 10
19 10
18 10
18 11
19 11
19 10
20 10
19 10
18 10
18 9
18 8
17 8
18 8
18 9
18 10
18 9
18 8
18 7
17 7
16 7
15 7
16 7
17 7
17 6
17 7
18 7
19 7
18 7
19 7
18 7
17 7
17 8
18 8
19 8
19 9
19 10
19 9
20 9
19 9
19 8
18 8
18 7
18 8
17 8
17 9
16 9
15 9
14 9
15 9
16 9
15 9
16 9
17 9
18 9
18 8
19 8
19 9
19 8
19 7
18 7
18 6
18 7
18 6
18 7
18 6
18 7
19 7
20 7
20 6
20 7
20 6
19 6
20 6
20 5
20 6
19 6
18 6
17 6
17 7
17 8
16 8
15 8
14 8
15 8
16 8
17 8
18 8
19 8
20 8
21 8
21 7
21 6
22 6
22 7
21 7
20 7
19 7
19 8
20 8
19 8
19 7
19 8
18 8
18 9
18 8
18 7
19 7
20 7
21 7
21 8
20 8
20 7
20 6
21 6
21 5
22 5
23 5
24 5
24 6
24 7
24 6
24 5
24 4
23 4
23 3
24 3
23 3
23 4
23 5
24 5
24 4
23 4
22 4
21 4
22 4
23 4
23 5
23 6
23 5
23 4
23 3
23 4
23 5
24 5
23 5
23 4
22 4
22 3
23 3
22 3
23 3
24 3
25 3
25 4
25 3
25 4
25 3
26 3
26 2
25 2
25 3
24 3
24 4
25 4
25 5
25 4
26 4
26 3
27 3
28 3
28 4
29 4
29 3
29 2
29 3
28 3
27 3
28 3
28 2
28 3
28 4
28 5
28 4
28 5
28 4
27 4
27 3
27 4
27 5
27 4
27 3
28 3
29 3
29 2
29 3
30 3
30 4
30 3
29 3
28 3
29 3
29 4
29 5
29 4
29 5
30 5
30 4
29 4
30 4
31 4
32 4
33 4
32 4
31 4
31 5
31 6
32 6
31 6
31 7
30 7
30 8
30 7
30 6
29 6
28 6
28 7
28 8
28 7
29 7
30 7
31 7
31 8
31 9
32 9
33 9
34 9
34 8
35 8
35 9
34 9
34 8
35 8
34 8
34 9
34 10
35 10
35 9
35 8
35 9
36 9
37 9
36 9
35 9
34 9
35 9
35 10
35 9
35 8
36 8
36 9
37 9
37 8
37 7
38 7
38 8
37 8
37 9
37 10
37 9
36 9
36 10
36 9
37 9
38 9
38 10
38 11
38 12
39 12
40 12
41 12
41 11
40 11
40 10
39 10
38 10
38 11
38 10
38 11
38 10
38 11
38 10
38 11
39 11
39 12
39 11
38 11
38 12
37 12
36 12
36 13
36 12
36 13
36 14
37 14
38 14
39 14
39 15
40 15
40 14
41 14
40 14
39 14
38 14
37 14
38 14
37 14
37 13
37 12
38 12
39 12
38 12
39 12
40 12
41 12
42 12
42 11
41 11
42 11
42 12
43 12
43 11
42 11
43 11
43 10
44 10
44 9
43 9
44 9
45 9
44 9
44 10
44 11
44 12
43 12
43 11
43 12
43 11
43 12
42 12
43 12
44 12
44 13
44 14
43 14
43 15
43 14
44 14
45 14
45 13
45 14
46 14
46 15
46 14
47 14
46 14
46 15
45 15
45 16
46 16
45 16
44 16
44 15
44 16
43 16
43 15
43 14
43 15
43 16
44 16
44 17
