0 0
0 1
1 1
0 1
1 1
1 0
1 1
2 1
2 0
3 0
4 0
4 1
4 2
3 2
3 1
3 0
4 0
4 1
5 1
5 2
6 2
6 3
7 3
8 3
8 2
8 3
8 2
8 1
9 1
8 1
8 2
7 2
6 2
6 1
6 2
6 1
7 1
8 1
7 1
7 2
6 2
5 2
6 2
7 2
7 3
7 2
6 2
5 2
4 2
3 2
3 1
4 1
5 1
6 1
7 1
8 1
9 1
8 1
7 1
7 0
7 1
7 2
8 2
9 2
9 3
10 3
10 2
10 1
10 2
9 2
8 2
9 2
8 2
7 2
8 2
9 2
9 3
10 3
10 2
10 1
11 1
11 0
10 0
9 0
8 0
7 0
7 1
6 1
5 1
6 1
5 1
5 2
5 3
5 2
5 3
6 3
6 2
7 2
7 3
7 2
8 2
8 3
8 4
7 4
8 4
8 3
9 3
8 3
8 2
8 3
8 2
9 2
9 1
9 0
9 1
8 1
7 1
7 0
8 0
7 0
7 1
8 1
8 0
8 1
8 2
8 1
7 1
7 2
7 3
7 2
6 2
7 2
6 2
7 2
7 3
7 2
8 2
9 2
9 1
8 1
8 2
9 2
9 3
10 3
10 4
10 3
11 3
10 3
10 2
10 1
10 2
10 3
10 4
10 3
9 3
9 4
10 4
9 4
9 5
10 5
10 4
10 3
10 2
11 2
12 2
12 1
11 1
12 1
13 1
14 1
14 2
13 2
12 2
12 1
12 2
12 3
12 4
12 3
13 3
13 2
13 3
12 3
11 3
12 3
11 3
11 4
12 4
11 4
10 4
10 5
10 4
10 3
9 3
9 4
9 3
9 2
8 2
8 1
9 1
8 1
7 1
7 0
7 1
8 1
8 0
7 0
8 0
9 0
9 1
9 2
9 1
10 1
10 0
11 0
11 1
11 0
12 0
13 0
14 0
14 1
14 2
13 2
13 3
13 2
13 1
14 1
14 0
14 1
15 1
15 2
14 2
14 1
15 1
15 0
15 1
16 1
17 1
16 1
16 2
15 2
14 2
13 2
13 1
13 2
13 3
13 2
12 2
11 2
10 2
10 1
11 1
10 1
10 0
10 1
10 2
9 2
8 2
9 2
9 1
9 2
9 1
9 2
8 2
9 2
9 1
10 1
11 1
11 2
11 3
11 4
11 5
10 5
9 5
8 5
8 4
7 4
6 4
5 4
5 5
4 5
3 5
3 4
4 4
5 4
6 4
5 4
4 4
5 4
5 5
5 6
4 6
5 6
6 6
6 5
5 5
6 5
6 6
5 6
5 5
5 4
6 4
5 4
5 5
5 4
4 4
4 5
5 5
4 5
4 6
4 5
3 5
2 5
2 6
2 7
2 6
3 6
2 6
1 6
0 6
1 6
1 7
2 7
2 6
1 6
1 5
1 4
1 5
2 5
2 4
2 3
2 4
1 4
0 4
1 4
1 3
2 3
3 3
3 4
3 3
3 4
3 3
3 4
2 4
3 4
3 5
4 5
3 5
2 5
2 6
2 5
3 5
3 4
2 4
2 3
2 2
1 2
1 3
0 3
0 2
1 2
1 1
1 2
0 2
1 2
1 1
1 0
1 1
2 1
2 0
2 1
2 2
3 2
4 2
3 2
3 3
3 4
3 3
2 3
1 3
0 3
1 3
1 4
1 3
1 4
1 5
1 6
1 7
2 7
3 7
2 7
1 7
1 8
1 9
1 8
2 8
1 8
2 8
2 7
2 6
2 7
2 6
2 5
1 5
1 6
1 5
1 4
0 4
1 4
2 4
2 5
3 5
3 6
2 6
1 6
2 6
3 6
2 6
3 6
3 5
3 6
4 6
5 6
5 7
6 7
5 7
5 8
4 8
5 8
6 8
7 8
8 8
9 8
8 8
7 8
6 8
6 9
7 9
7 8
7 7
6 7
5 7
5 6
6 6
6 7
6 6
7 6
7 5
6 5
7 5
6 5
6 6
6 7
6 6
6 7
5 7
6 7
5 7
4 7
5 7
5 6
5 7
5 6
5 5
5 6
5 5
4 5
4 4
4 5
3 5
3 4
2 4
2 5
2 4
2 5
2 4
2 3
1 3
0 3
1 3
0 3
1 3
0 3
1 3
2 3
1 3
2 3
3 3
3 2
4 2
4 1
3 1
2 1
2 0
3 0
3 1
4 1
4 0
3 0
2 0
2 1
2 2
1 2
0 2
0 3
1 3
1 2
0 2
0 1
0 0
1 0
1 1
0 1
1 1
1 2
1 1
1 2
1 1
0 1
0 2
1 2
0 2
0 1
0 0
1 0
2 0
3 0
3 1
4 1
4 0
3 0
3 1
3 0
4 0
4 1
3 1
3 2
2 2
1 2
1 1
1 2
1 3
1 2
2 2
2 1
2 2
2 3
2 4
2 5
1 5
1 6
1 7
0 7
1 7
1 8
1 9
0 9
1 9
2 9
1 9
0 9
0 8
1 8
1 9
1 10
1 11
1 12
1 13
1 12
1 11
2 11
3 11
3 12
3 13
3 14
4 14
4 13
4 14
3 14
2 14
2 13
1 13
2 13
2 12
2 11
1 11
1 10
1 11
1 12
1 13
0 13
1 13
1 12
0 12
0 13
1 13
2 13
2 12
2 13
3 13
4 13
3 13
4 13
5 13
4 13
4 14
3 14
2 14
1 14
2 14
1 14
2 14
3 14
2 14
2 15
2 16
3 16
3 17
3 18
2 18
3 18
2 18
2 17
3 17
4 17
4 18
3 18
3 19
4 19
4 20
4 19
5 19
6 19
7 19
7 18
8 18
8 19
9 19
10 19
9 19
10 19
10 18
10 19
10 20
10 19
10 20
10 21
9 21
9 20
9 19
9 20
9 21
9 20
8 20
7 20
6 20
6 21
6 20
5 20
5 21
6 21
6 20
5 20
6 20
6 21
6 20
5 20
5 19
4 19
4 20
5 20
6 20
6 19
5 19
6 19
7 19
8 19
7 19
7 20
6 20
5 20
5 19
6 19
6 20
6 19
6 18
7 18
8 18
7 18
7 17
7 16
8 16
9 16
9 15
9 16
10 16
11 16
11 15
12 15
12 16
11 16
11 17
11 18
11 19
11 18
12 18
12 19
12 18
13 18
14 18
13 18
13 19
12 19
12 18
12 17
13 17
13 18
14 18
14 19
15 19
15 18
15 17
15 16
15 17
15 18
15 17
15 18
15 19
14 19
14 20
15 20
14 20
14 21
14 22
13 22
14 22
14 21
13 21
13 22
12 22
13 22
12 22
13 22
13 23
13 24
12 24
12 25
13 25
12 25
11 25
11 26
10 26
11 26
11 27
11 28
10 28
10 29
10 30
10 29
10 30
10 29
10 30
11 30
11 29
11 28
12 28
12 27
11 27
11 28
11 29
12 29
12 28
12 29
13 29
13 30
12 30
12 29
12 28
11 28
11 27
11 26
11 25
10 25
10 26
9 26
8 26
9 26
9 27
9 26
10 26
10 25
9 25
9 26
10 26
11 26
12 26
13 26
14 26
14 27
15 27
15 28
16 28
17 28
18 28
18 29
17 29
17 28
16 28
17 28
16 28
16 29
17 29
16 29
15 29
16 29
16 28
17 28
17 27
16 27
17 27
18 27
18 26
17 26
17 25
17 24
16 24
17 24
16 24
17 24
18 24
18 23
19 23
19 22
19 21
20 21
20 22
21 22
21 21
21 20
21 21
21 20
21 21
22 21
23 21
22 21
22 22
21 22
21 23
21 22
22 22
21 22
22 22
22 23
22 22
22 23
21 23
20 23
20 22
21 22
22 22
21 22
20 22
21 22
22 22
22 23
22 24
22 25
21 25
22 25
22 24
23 24
23 23
23 24
23 25
23 26
23 25
22 25
22 24
22 23
22 22
23 22
23 23
23 24
22 24
21 24
21 23
21 22
20 22
21 22
21 23
20 23
21 23
21 22
21 21
21 22
22 22
22 21
21 21
21 20
21 19
21 18
20 18
19 18
19 17
19 18
18 18
18 17
17 17
18 17
17 17
18 17
19 17
20 17
20 18
20 19
20 20
19 20
18 20
18 21
17 21
18 21
19 21
19 22
20 22
20 23
20 24
20 25
21 25
21 24
20 24
20 25
19 25
19 26
19 27
18 27
17 27
16 27
17 27
17 26
17 27
17 28
16 28
16 27
16 28
16 27
15 27
15 26
16 26
16 25
17 25
16 25
16 26
17 26
16 26
16 25
16 24
17 24
17 25
17 24
16 24
15 24
15 23
16 23
16 22
16 21
16 20
16 21
16 20
16 21
15 21
15 20
16 20
15 20
15 21
16 21
16 20
16 21
15 21
14 21
14 22
14 21
14 20
13 20
13 19
13 18
13 17
13 18
12 18
12 17
13 17
13 18
14 18
13 18
13 19
13 20
13 19
12 19
12 18
12 19
13 19
13 20
