0 0
0 1
1 1
2 1
2 0
2 1
2 2
1 2
1 3
1 2
0 2
1 2
0 2
0 3
1 3
1 2
1 3
2 3
3 3
3 4
4 4
5 4
6 4
6 3
6 4
7 4
8 4
8 5
9 5
9 6
9 7
9 8
9 7
9 8
9 7
9 8
9 7
10 7
9 7
9 6
10 6
9 6
9 7
10 7
10 6
11 6
10 6
11 6
12 6
11 6
11 5
11 4
11 5
10 5
10 6
10 7
9 7
9 6
8 6
9 6
10 6
10 5
10 6
9 6
9 7
10 7
9 7
9 6
9 5
9 4
9 3
8 3
7 3
7 4
7 5
7 4
8 4
8 3
8 2
9 2
9 1
9 2
9 1
10 1
11 1
12 1
11 1
10 1
11 1
12 1
13 1
12 1
12 0
12 1
12 2
12 3
12 2
11 2
11 1
12 1
13 1
12 1
12 2
13 2
13 3
14 3
13 3
14 3
15 3
14 3
15 3
14 3
14 4
14 3
14 2
14 1
14 0
14 1
14 2
13 2
14 2
14 3
14 2
13 2
14 2
15 2
15 3
16 3
15 3
15 2
15 1
15 0
14 0
15 0
15 1
15 0
15 1
15 2
15 1
14 1
14 0
15 0
16 0
17 0
17 1
16 1
16 2
16 1
17 1
16 1
16 0
15 0
15 1
16 1
17 1
17 0
17 1
17 2
16 2
16 3
16 4
16 3
16 4
16 5
16 4
15 4
15 5
16 5
16 6
15 6
16 6
16 7
16 6
16 5
17 5
17 4
18 4
19 4
19 5
20 5
19 5
19 6
19 7
18 7
19 7
19 8
20 8
21 8
21 7
21 8
22 8
22 7
21 7
21 6
21 5
21 6
22 6
21 6
20 6
21 6
22 6
22 7
21 7
21 6
20 6
21 6
21 7
21 6
21 5
21 4
21 3
20 3
20 4
19 4
20 4
20 5
20 6
21 6
21 5
20 5
19 5
19 4
20 4
20 5
21 5
21 6
22 6
22 5
22 6
23 6
23 5
22 5
22 4
22 5
21 5
21 4
21 3
21 2
22 2
22 1
23 1
22 1
22 0
22 1
23 1
22 1
22 2
22 3
23 3
23 2
22 2
23 2
23 1
23 2
23 3
23 4
23 5
23 4
23 3
22 3
22 2
22 3
23 3
22 3
21 3
22 3
22 4
21 4
21 3
20 3
19 3
19 4
18 4
18 5
17 5
18 5
19 5
20 5
20 6
21 6
21 7
21 8
21 7
20 7
20 8
20 9
19 9
19 10
18 10
19 10
19 9
20 9
20 8
20 9
19 9
20 9
20 10
19 10
19 11
19 10
19 11
19 12
19 11
19 10
19 9
20 9
20 10
20 9
21 9
21 10
21 11
21 10
21 9
22 9
22 10
21 10
21 9
21 10
21 11
21 12
20 12
21 12
22 12
21 12
21 11
20 11
20 12
21 12
20 12
20 13
19 13
19 14
20 14
20 15
19 15
18 15
18 14
18 15
18 14
18 15
17 15
16 15
16 16
16 17
17 17
17 16
16 16
16 15
17 15
17 16
16 16
16 17
15 17
14 17
14 18
14 17
13 17
12 17
13 17
12 17
13 17
14 17
14 18
14 17
14 18
14 19
15 19
15 18
15 17
15 16
14 16
15 16
15 17
16 17
15 17
14 17
14 18
14 17
15 17
14 17
13 17
12 17
13 17
12 17
12 18
13 18
12 18
12 17
12 16
12 17
12 18
12 17
12 16
12 17
11 17
11 18
11 19
10 19
10 18
10 17
10 16
9 16
9 17
8 17
9 17
9 18
9 17
10 17
11 17
11 16
12 16
11 16
11 17
10 17
10 16
9 16
8 16
8 17
7 17
8 17
8 18
7 18
7 19
8 19
7 19
6 19
6 20
7 20
8 20
9 20
9 19
10 19
9 19
8 19
8 18
9 18
9 19
10 19
9 19
9 20
9 21
9 22
9 21
8 21
8 20
8 19
8 20
8 21
8 22
7 22
6 22
6 23
5 23
4 23
3 23
3 22
3 23
4 23
4 22
5 22
5 21
5 20
6 20
7 20
7 19
8 19
8 18
9 18
10 18
10 17
10 18
11 18
11 19
11 20
11 19
12 19
11 19
11 20
12 20
12 21
13 21
12 21
12 20
12 19
12 18
13 18
13 17
14 17
14 18
15 18
15 17
16 17
17 17
17 18
17 17
18 17
18 16
19 16
20 16
20 17
21 17
21 16
21 15
21 14
22 14
23 14
23 15
24 15
23 15
23 16
22 16
23 16
24 16
25 16
26 16
27 16
26 16
25 16
26 16
27 16
26 16
26 17
27 17
27 16
26 16
26 17
25 17
25 16
24 16
24 15
24 14
23 14
24 14
25 14
25 15
26 15
25 15
25 16
24 16
24 17
24 18
24 17
24 16
23 16
24 16
24 17
23 17
24 17
23 17
23 18
23 19
22 19
22 18
23 18
24 18
25 18
26 18
26 17
25 17
25 18
26 18
26 19
25 19
25 18
26 18
26 19
26 20
26 21
27 21
27 22
26 22
26 21
26 20
26 21
27 21
28 21
27 21
28 21
28 22
28 23
28 24
28 23
28 22
29 22
28 22
28 21
27 21
27 20
28 20
27 20
27 21
26 21
26 22
25 22
26 22
25 22
24 22
24 23
23 23
24 23
23 23
23 24
24 24
24 23
24 22
25 22
24 22
24 21
23 21
23 20
22 20
22 19
23 19
23 20
24 20
24 21
24 20
25 20
24 20
24 21
25 21
26 21
26 20
26 21
25 21
26 21
27 21
27 22
26 22
26 23
26 24
26 23
27 23
26 23
27 23
27 22
27 23
28 23
28 22
29 22
29 23
30 23
29 23
30 23
29 23
29 24
29 25
29 24
29 25
29 24
30 24
31 24
31 25
31 24
31 23
31 22
32 22
33 22
33 21
34 21
35 21
34 21
34 22
33 22
32 22
33 22
33 23
33 24
34 24
34 23
34 24
33 24
33 23
32 23
32 24
32 25
32 24
32 25
31 25
31 24
30 24
29 24
29 25
29 24
29 23
29 22
28 22
28 23
28 22
28 23
28 22
28 21
28 20
28 19
28 18
29 18
28 18
27 18
27 19
27 20
28 20
27 20
28 20
29 20
29 21
29 22
29 21
30 21
30 20
30 19
30 18
30 19
29 19
28 19
27 19
27 18
27 19
27 20
27 19
27 20
27 21
27 22
27 21
26 21
26 20
25 20
26 20
26 21
27 21
26 21
26 22
26 23
26 24
27 24
28 24
28 25
27 25
27 26
27 27
26 27
26 26
25 26
26 26
26 27
27 27
28 27
29 27
28 27
28 28
28 29
29 29
30 29
30 30
29 30
30 30
30 29
31 29
32 29
32 30
32 29
31 29
31 28
32 28
32 29
31 29
32 29
31 29
30 29
29 29
29 28
30 28
29 28
29 29
29 28
28 28
28 27
29 27
29 26
29 27
28 27
28 26
28 27
29 27
28 27
29 27
30 27
29 27
28 27
29 27
28 27
29 27
28 27
28 26
27 26
27 25
27 26
27 27
26 27
26 28
27 28
28 28
28 27
28 26
27 26
28 26
29 26
29 27
29 28
30 28
29 28
29 29
30 29
29 29
29 30
28 30
29 30
28 30
28 31
29 31
30 31
30 32
30 33
29 33
30 33
30 32
30 33
29 33
29 32
29 31
29 32
30 32
29 32
30 32
29 32
29 31
29 30
30 30
29 30
29 31
28 31
29 31
29 32
29 31
30 31
29 31
29 30
29 31
28 31
28 30
28 29
28 28
28 29
28 30
29 30
29 29
29 30
29 31
30 31
30 32
29 32
30 32
31 32
32 32
32 33
32 34
32 35
32 36
33 36
33 37
33 36
32 36
32 35
33 35
33 34
33 33
33 34
34 34
35 34
35 35
34 35
35 35
35 36
34 36
34 35
35 35
34 35
34 34
34 33
34 34
34 35
34 36
34 35
33 35
33 34
33 33
33 34
34 34
34 35
35 35
35 36
34 36
33 36
34 36
34 35
34 36
35 36
35 37
36 37
36 36
36 35
36 34
37 34
36 34
35 34
35 33
36 33
35 33
35 32
35 33
36 33
37 33
36 33
36 34
36 33
37 33
36 33
35 33
36 33
36 32
37 32
37 31
37 32
36 32
35 32
35 31
36 31
36 32
35 32
36 32
37 32
37 33
37 32
37 31
37 30
36 30
35 30
36 30
37 30
37 29
38 29
38 28
38 27
38 26
38 25
39 25
39 24
38 24
38 23
38 22
38 23
38 24
38 25
38 26
39 26
40 26
39 26
40 26
39 26
39 25
38 25
38 26
38 25
38 26
37 26
37 27
38 27
39 27
38 27
37 27
37 26
37 25
37 26
38 26
39 26
39 27
39 26
39 25
40 25
39 25
40 25
40 26
41 26
40 26
40 27
40 26
40 25
40 24
40 23
39 23
40 23
