0 0
1 0
1 1
2 1
2 0
2 1
1 1
0 1
0 2
0 3
1 3
1 2
1 1
1 0
2 0
2 1
1 1
1 2
2 2
3 2
3 3
3 4
3 5
4 5
5 5
5 6
5 5
5 6
6 6
6 7
7 7
8 7
8 8
8 9
8 10
8 9
8 10
8 11
8 10
9 10
9 9
10 9
11 9
12 9
12 10
12 11
13 11
13 10
12 10
12 11
12 10
12 11
12 12
12 13
12 14
13 14
13 13
13 14
13 15
12 15
13 15
14 15
14 14
14 15
15 15
14 15
14 16
15 16
15 15
15 16
15 15
15 16
14 16
14 15
14 14
13 14
13 13
13 12
13 11
13 10
12 10
13 10
13 11
14 11
13 11
12 11
11 11
11 12
11 13
11 12
10 12
11 12
11 11
11 10
10 10
10 9
10 10
10 9
9 9
9 8
9 7
10 7
9 7
9 8
8 8
8 7
8 6
9 6
9 7
10 7
9 7
9 6
8 6
8 5
8 4
9 4
9 3
9 4
9 3
8 3
7 3
6 3
6 4
5 4
5 5
6 5
6 4
5 4
6 4
7 4
8 4
8 5
8 4
8 3
8 4
8 5
8 6
7 6
6 6
6 5
6 6
6 7
6 8
7 8
7 7
6 7
5 7
4 7
4 6
4 5
3 5
3 4
2 4
2 3
2 2
1 2
0 2
1 2
0 2
0 1
1 1
0 1
1 1
1 2
1 3
1 2
1 1
1 0
1 1
2 1
1 1
0 1
0 0
1 0
1 1
2 1
2 2
2 1
3 1
3 0
2 0
1 0
1 1
2 1
2 0
1 0
0 0
1 0
1 1
1 2
2 2
1 2
2 2
3 2
3 3
3 2
4 2
5 2
5 3
6 3
6 4
7 4
6 4
6 3
7 3
6 3
7 3
7 2
8 2
8 3
8 4
7 4
8 4
9 4
8 4
8 5
8 6
7 6
7 5
7 4
7 5
7 4
7 3
6 3
7 3
7 4
8 4
7 4
7 5
7 4
7 3
7 2
8 2
8 3
7 3
8 3
9 3
9 2
9 3
9 2
9 1
9 0
10 0
10 1
9 1
8 1
9 1
9 0
9 1
9 0
10 0
10 1
11 1
11 0
10 0
11 0
12 0
13 0
13 1
13 2
13 3
14 3
14 2
14 3
14 4
15 4
15 3
15 2
15 1
15 0
16 0
17 0
17 1
18 1
19 1
20 1
19 1
18 1
18 0
17 0
17 1
18 1
17 1
17 0
18 0
18 1
19 1
20 1
20 2
20 3
20 2
21 2
21 1
20 1
20 2
20 3
19 3
19 2
19 3
19 4
18 4
17 4
17 3
18 3
18 4
18 5
18 4
18 5
18 4
17 4
17 3
18 3
19 3
19 4
19 3
19 4
19 5
18 5
17 5
18 5
18 4
17 4
17 5
17 6
17 7
18 7
18 6
17 6
16 6
15 6
15 7
16 7
16 6
16 7
16 6
17 6
17 7
18 7
19 7
19 6
18 6
18 7
18 6
18 5
18 6
19 6
20 6
19 6
18 6
17 6
16 6
16 5
17 5
17 4
18 4
17 4
18 4
18 5
18 4
18 5
17 5
17 6
17 5
16 5
16 6
16 7
15 7
14 7
14 6
14 5
14 6
13 6
13 7
12 7
11 7
12 7
12 8
13 8
13 7
14 7
14 6
14 5
15 5
14 5
13 5
12 5
12 6
13 6
13 5
13 4
13 5
14 5
13 5
13 6
12 6
12 5
13 5
13 4
13 5
13 4
14 4
14 3
14 4
14 5
14 6
14 5
15 5
16 5
16 4
16 3
16 2
15 2
16 2
16 1
17 1
17 0
17 1
17 2
17 1
18 1
17 1
16 1
16 2
17 2
17 3
16 3
17 3
16 3
15 3
15 2
15 3
15 4
16 4
17 4
18 4
19 4
18 4
17 4
18 4
18 5
18 6
18 5
17 5
17 6
18 6
18 5
18 6
17 6
17 7
17 8
17 7
17 8
16 8
17 8
17 7
16 7
16 8
16 7
16 6
16 5
15 5
14 5
14 6
14 7
15 7
14 7
13 7
13 8
14 8
14 9
15 9
15 10
16 10
17 10
17 9
16 9
16 8
15 8
16 8
17 8
17 7
16 7
15 7
15 6
14 6
14 7
15 7
16 7
16 8
16 9
15 9
15 10
15 11
15 10
15 9
16 9
16 8
16 7
16 8
16 9
16 10
15 10
15 11
16 11
16 12
15 12
15 13
14 13
14 12
14 13
15 13
16 13
15 13
15 12
14 12
15 12
15 11
16 11
16 10
16 11
17 11
18 11
19 11
20 11
20 10
19 10
19 9
19 8
18 8
19 8
20 8
19 8
20 8
19 8
20 8
20 9
20 10
20 9
20 8
21 8
22 8
21 8
21 7
21 8
22 8
23 8
23 7
23 6
22 6
22 7
22 6
23 6
23 5
23 4
23 3
22 3
21 3
20 3
19 3
19 2
18 2
17 2
17 3
17 2
18 2
18 1
18 2
18 1
17 1
18 1
18 2
19 2
18 2
18 1
19 1
18 1
19 1
19 2
18 2
19 2
18 2
19 2
19 1
19 2
20 2
20 1
19 1
19 2
19 1
19 2
19 3
20 3
20 4
20 5
19 5
19 6
18 6
18 5
18 6
17 6
17 5
16 5
17 5
17 6
18 6
17 6
18 6
18 5
18 4
17 4
17 5
18 5
18 6
18 7
17 7
18 7
18 6
19 6
19 7
18 7
19 7
19 6
20 6
20 5
20 4
21 4
21 3
20 3
19 3
18 3
18 2
18 1
18 0
17 0
17 1
17 2
18 2
18 3
19 3
19 2
19 3
19 4
18 4
17 4
16 4
15 4
15 3
15 2
15 3
15 2
16 2
17 2
17 3
16 3
16 2
16 1
17 1
18 1
17 1
18 1
18 2
18 1
18 0
18 1
18 2
18 1
17 1
17 0
17 1
17 2
16 2
17 2
18 2
19 2
20 2
20 3
20 2
20 1
20 2
19 2
20 2
20 1
20 0
20 1
20 2
21 2
21 1
21 0
21 1
22 1
23 1
23 2
22 2
23 2
22 2
21 2
22 2
22 1
23 1
24 1
24 0
23 0
23 1
24 1
23 1
23 0
24 0
25 0
25 1
26 1
27 1
26 1
26 2
27 2
27 3
28 3
28 4
29 4
29 5
30 5
29 5
29 4
28 4
27 4
27 3
28 3
28 2
28 3
28 4
27 4
28 4
29 4
29 5
29 6
30 6
31 6
31 5
32 5
32 4
32 3
33 3
34 3
34 4
35 4
36 4
37 4
37 3
37 2
38 2
39 2
40 2
39 2
38 2
38 3
37 3
36 3
36 4
36 5
36 6
36 5
36 4
36 5
36 6
36 5
36 6
37 6
36 6
36 5
35 5
36 5
36 4
37 4
37 5
38 5
38 4
37 4
36 4
36 5
36 4
36 5
35 5
35 6
34 6
34 5
35 5
35 6
35 5
36 5
36 6
37 6
37 5
37 6
37 5
37 6
37 7
38 7
37 7
37 6
38 6
38 5
38 6
37 6
36 6
35 6
35 7
35 8
35 7
34 7
34 8
33 8
32 8
33 8
32 8
31 8
32 8
32 9
31 9
32 9
31 9
31 10
32 10
33 10
32 10
33 10
34 10
33 10
32 10
33 10
33 11
33 10
34 10
34 9
35 9
34 9
33 9
34 9
34 10
33 10
34 10
35 10
35 9
36 9
37 9
37 10
36 10
35 10
35 11
36 11
35 11
34 11
34 12
34 13
34 14
35 14
35 13
35 14
35 13
34 13
35 13
35 14
36 14
36 13
37 13
36 13
37 13
36 13
36 14
37 14
36 14
36 15
36 14
36 15
36 16
36 17
37 17
38 17
38 16
38 15
37 15
37 16
36 16
37 16
36 16
36 15
35 15
35 16
34 16
34 15
35 15
35 16
35 15
35 14
34 14
34 15
35 15
35 16
34 16
34 17
34 16
34 15
33 15
32 15
32 14
31 14
31 15
30 15
29 15
29 14
30 14
31 14
31 13
32 13
32 14
33 14
34 14
34 15
35 15
35 14
34 14
35 14
35 13
34 13
33 13
33 14
33 15
33 16
32 16
32 17
31 17
32 17
31 17
31 16
30 16
31 16
30 16
30 15
31 15
32 15
32 14
33 14
34 14
34 15
35 15
35 14
35 13
35 12
36 12
35 12
34 12
33 12
33 13
34 13
33 13
32 13
32 14
32 15
33 15
32 15
31 15
31 14
32 14
33 14
33 13
32 13
33 13
32 13
32 12
32 13
31 13
32 13
32 14
32 13
33 13
33 12
34 12
33 12
32 12
31 12
31 11
31 12
31 11
32 11
33 11
32 11
32 10
32 11
32 10
32 11
33 11
33 10
34 10
35 10
36 10
36 9
36 10
35 10
36 10
36 11
37 11
37 10
